0.023961,0.128716,0.047066,0.026749,0.044557,0.056568,0.033826,0.030534,0.566679,0.041342
0.018055,0.013499,0.020141,0.019503,0.021753,0.024258,0.017221,0.547985,0.307391,0.010193
0.012183,0.106090,0.317584,0.009218,0.032938,0.054093,0.267279,0.008135,0.020672,0.171809
0.031822,0.569831,0.194863,0.027059,0.026356,0.008921,0.017535,0.011572,0.011849,0.100194
0.007345,0.449602,0.045619,0.008526,0.265240,0.010878,0.007353,0.009044,0.112724,0.083669
0.238323,0.036890,0.363040,0.007233,0.042370,0.056656,0.137877,0.028326,0.036950,0.052336
0.045220,0.084622,0.018299,0.010410,0.021596,0.015073,0.028502,0.741423,0.023968,0.010887
0.009277,0.525640,0.015282,0.015746,0.010348,0.012458,0.018669,0.008920,0.299508,0.084152
0.012102,0.016958,0.128400,0.066184,0.685153,0.012301,0.010923,0.013267,0.040442,0.014271
0.006454,0.063336,0.212099,0.034737,0.020821,0.020145,0.059456,0.478746,0.010558,0.093648
0.026097,0.025366,0.365128,0.028875,0.054992,0.025544,0.205672,0.209873,0.035506,0.022947
0.047874,0.039302,0.083349,0.046693,0.079060,0.082096,0.265947,0.225234,0.058705,0.071739
0.115092,0.004155,0.022068,0.005147,0.254932,0.012191,0.086589,0.301937,0.171277,0.026611
0.038706,0.010401,0.021989,0.010565,0.478092,0.013556,0.033734,0.010879,0.305002,0.077077
0.044050,0.011492,0.137300,0.349438,0.020904,0.011275,0.050380,0.339977,0.022416,0.012767
0.006786,0.508220,0.055322,0.007671,0.321115,0.014094,0.030039,0.015027,0.010595,0.031132
0.005124,0.340182,0.255035,0.004558,0.020097,0.027374,0.004448,0.197008,0.140951,0.005223
0.058348,0.040610,0.153491,0.007287,0.060416,0.049748,0.006319,0.111580,0.340766,0.171434
0.155773,0.325495,0.077398,0.008424,0.014905,0.027646,0.011664,0.008240,0.272195,0.098261
0.006430,0.006152,0.137655,0.007285,0.386523,0.016148,0.059472,0.015600,0.257586,0.107149
0.005151,0.005087,0.221212,0.035711,0.027004,0.030608,0.057541,0.368186,0.232288,0.017211
0.093976,0.064208,0.057762,0.058361,0.046880,0.068798,0.091827,0.149972,0.039052,0.329165
0.013760,0.089440,0.150942,0.045349,0.036527,0.030509,0.019480,0.097908,0.477378,0.038707
0.030881,0.015871,0.114779,0.012608,0.034867,0.012698,0.027581,0.249096,0.449319,0.052299
0.020311,0.368522,0.011296,0.006215,0.329222,0.012858,0.011315,0.117861,0.108159,0.014242
0.026489,0.533264,0.045658,0.247263,0.016750,0.009395,0.013400,0.008102,0.080923,0.018756
0.018299,0.005610,0.117735,0.008830,0.299904,0.019417,0.188525,0.076168,0.259982,0.005530
0.169542,0.067832,0.021908,0.020349,0.342367,0.033749,0.088513,0.156579,0.008554,0.090606
0.061204,0.014542,0.074099,0.016397,0.036955,0.024412,0.033627,0.254369,0.471109,0.013285
0.014656,0.035007,0.042951,0.032309,0.028605,0.013200,0.034442,0.219236,0.419172,0.160420
0.008385,0.010677,0.251108,0.276649,0.016785,0.018146,0.033540,0.014654,0.297018,0.073039
0.021519,0.008573,0.272282,0.041954,0.037622,0.013261,0.108227,0.025198,0.328672,0.142691
0.084770,0.027735,0.054356,0.020174,0.040922,0.055538,0.038292,0.379283,0.228982,0.069948
0.012281,0.010510,0.038370,0.014363,0.521820,0.031308,0.034063,0.102313,0.222869,0.012104
0.058368,0.235582,0.022376,0.005243,0.228654,0.007317,0.018424,0.237373,0.152554,0.034109
0.006177,0.378878,0.008153,0.174593,0.007512,0.011549,0.014646,0.383558,0.008515,0.006420
0.011674,0.717426,0.032407,0.017904,0.037896,0.061706,0.067887,0.022732,0.018188,0.012180
0.042376,0.147394,0.067109,0.047906,0.043451,0.022780,0.145835,0.030652,0.388821,0.063676
0.035297,0.004594,0.219609,0.006384,0.262895,0.033427,0.015292,0.182294,0.222683,0.017526
0.138905,0.008588,0.026011,0.227629,0.017065,0.014792,0.020699,0.509344,0.011336,0.025631
0.016056,0.015291,0.042638,0.016840,0.634099,0.028150,0.028551,0.033370,0.168712,0.016293
0.013479,0.441277,0.044726,0.276544,0.030897,0.034972,0.022221,0.012991,0.114505,0.008389
0.043484,0.008820,0.271359,0.042671,0.031577,0.018629,0.095690,0.172561,0.274898,0.040309
0.012897,0.490315,0.157161,0.009630,0.023078,0.008840,0.015925,0.007474,0.261983,0.012696
0.017937,0.008449,0.031691,0.030854,0.016062,0.011928,0.018475,0.496852,0.261386,0.106366
0.005866,0.383010,0.037372,0.007727,0.022469,0.033501,0.063621,0.431098,0.009196,0.006140
0.041643,0.010657,0.256916,0.040731,0.023491,0.024634,0.072959,0.180418,0.311763,0.036789
0.022931,0.053534,0.062608,0.048644,0.056956,0.027570,0.142554,0.032703,0.372430,0.180069
0.012795,0.083707,0.019153,0.014207,0.022154,0.028958,0.026967,0.760123,0.017308,0.014629
0.147482,0.439064,0.040786,0.224390,0.022131,0.008124,0.028187,0.059705,0.010005,0.020125
0.018134,0.134553,0.081876,0.021406,0.060193,0.029369,0.134296,0.329993,0.022815,0.167366
0.007187,0.006851,0.149054,0.009908,0.392991,0.019784,0.150715,0.159151,0.098157,0.006203
0.012182,0.012660,0.037075,0.012736,0.023976,0.024793,0.064501,0.752517,0.017168,0.042393
0.010232,0.610134,0.073779,0.010574,0.013929,0.011938,0.061912,0.012317,0.178988,0.016199
0.003765,0.268400,0.086559,0.136941,0.192039,0.006421,0.009054,0.286730,0.005540,0.004550
0.009185,0.302334,0.026622,0.003990,0.271267,0.024822,0.003825,0.336506,0.016677,0.004771
0.128525,0.379348,0.116434,0.005380,0.324937,0.006033,0.010403,0.009032,0.013525,0.006383
0.020574,0.007564,0.187590,0.031839,0.038286,0.045741,0.114622,0.208198,0.336564,0.009021
0.006307,0.420284,0.034713,0.006240,0.306460,0.005801,0.006882,0.007532,0.195477,0.010302
0.005339,0.402392,0.038909,0.005593,0.264271,0.012156,0.008084,0.133175,0.124470,0.005611
0.048567,0.011284,0.031901,0.013957,0.618130,0.029159,0.084842,0.026138,0.015152,0.120870
0.013523,0.014200,0.044380,0.015129,0.039813,0.024397,0.100629,0.237998,0.493735,0.016197
0.007682,0.440459,0.009080,0.198860,0.008689,0.011496,0.007445,0.009381,0.268341,0.038566
0.016381,0.042136,0.172460,0.055128,0.025888,0.022885,0.013045,0.229351,0.409359,0.013367
0.008964,0.019702,0.016889,0.009406,0.010230,0.011500,0.048633,0.502885,0.281956,0.089837
0.034323,0.007531,0.115048,0.210263,0.261335,0.020452,0.137485,0.159747,0.021700,0.032117
0.018759,0.019493,0.360915,0.020631,0.055372,0.103098,0.046056,0.068992,0.293726,0.012958
0.007662,0.411187,0.031245,0.009795,0.010116,0.008652,0.014257,0.451302,0.009957,0.045827
0.006008,0.279189,0.014562,0.005427,0.227628,0.022663,0.046684,0.368410,0.012451,0.016979
0.014102,0.021139,0.081672,0.021587,0.069360,0.093184,0.179735,0.378737,0.056759,0.083725
0.018798,0.082244,0.130432,0.008622,0.350799,0.048092,0.082173,0.097344,0.137057,0.044439
0.008145,0.012465,0.428825,0.010418,0.057455,0.027879,0.029359,0.031522,0.383601,0.010330
0.018707,0.803216,0.018259,0.016253,0.016384,0.015242,0.027754,0.055265,0.014519,0.014400
0.025245,0.023545,0.264231,0.028232,0.042010,0.060734,0.039102,0.448583,0.044209,0.024110
0.012515,0.014819,0.028831,0.041457,0.511425,0.030150,0.086555,0.215638,0.021964,0.036647
0.009259,0.068221,0.128117,0.012264,0.509772,0.009487,0.072397,0.015274,0.166611,0.008598
0.011384,0.012555,0.253309,0.013823,0.045959,0.012387,0.021631,0.409599,0.034016,0.185337
0.030083,0.361925,0.026334,0.007061,0.204274,0.013637,0.037017,0.210175,0.102177,0.007317
0.156833,0.004939,0.050152,0.021490,0.304302,0.031455,0.061624,0.015327,0.243610,0.110267
0.008934,0.007836,0.034251,0.009545,0.014123,0.013088,0.037542,0.516244,0.282948,0.075490
0.021461,0.036598,0.070602,0.014912,0.430428,0.054283,0.021012,0.007580,0.336058,0.007067
0.243128,0.011936,0.061438,0.007281,0.048705,0.056191,0.095751,0.023446,0.400960,0.051162
0.005101,0.046882,0.185665,0.005856,0.227582,0.026580,0.051859,0.334872,0.016134,0.099470
0.014666,0.293441,0.010352,0.010895,0.184777,0.009925,0.010406,0.284175,0.175889,0.005473
0.013961,0.013258,0.039539,0.029020,0.022034,0.016196,0.019562,0.363867,0.446182,0.036383
0.006266,0.006345,0.038658,0.009486,0.304477,0.035860,0.049920,0.163627,0.249482,0.135878
0.004594,0.026641,0.244953,0.006344,0.263550,0.032781,0.015013,0.144006,0.226549,0.035569
0.218349,0.007732,0.346393,0.009547,0.044603,0.023275,0.120576,0.007374,0.214954,0.007196
0.047580,0.038553,0.096004,0.045812,0.070031,0.068332,0.096981,0.061241,0.069042,0.406423
0.061890,0.012771,0.089592,0.010501,0.066869,0.062158,0.006985,0.117159,0.381433,0.190641
0.011027,0.014854,0.035893,0.012855,0.599593,0.030494,0.213634,0.012017,0.026803,0.042830
0.007272,0.010076,0.010088,0.200741,0.019040,0.014604,0.016930,0.451842,0.249894,0.019515
0.008363,0.009505,0.088849,0.010409,0.414552,0.011532,0.099039,0.150326,0.096643,0.110782
0.029719,0.035356,0.242643,0.029745,0.058616,0.035610,0.054255,0.028658,0.406522,0.078875
0.008870,0.548909,0.012247,0.011704,0.011723,0.018274,0.019030,0.009932,0.344688,0.014624
0.038506,0.013254,0.088256,0.010987,0.386465,0.011874,0.017837,0.015759,0.337328,0.079734
0.006388,0.005679,0.133270,0.005524,0.310507,0.020821,0.015840,0.150910,0.251869,0.099193
0.006349,0.432908,0.073174,0.006669,0.281870,0.011065,0.044922,0.006854,0.121409,0.014780
0.020954,0.015126,0.295918,0.014091,0.053803,0.108691,0.052998,0.015727,0.066340,0.356351
0.007620,0.007577,0.021960,0.008894,0.431456,0.019633,0.112298,0.013142,0.273076,0.104343
0.017187,0.016665,0.037438,0.047225,0.025134,0.038186,0.029850,0.248752,0.524270,0.015292
0.024113,0.017445,0.078885,0.036442,0.114266,0.059441,0.531176,0.078087,0.042751,0.017392
0.040600,0.008381,0.127057,0.267613,0.473397,0.013368,0.016170,0.008583,0.012314,0.032516
0.004911,0.028552,0.152986,0.009794,0.310137,0.040608,0.016003,0.154926,0.243487,0.038596
0.009048,0.011844,0.025006,0.009348,0.470834,0.023301,0.145157,0.166570,0.019979,0.118914
0.007196,0.051529,0.024490,0.008219,0.321698,0.010542,0.050582,0.452482,0.009677,0.063585
0.011011,0.008710,0.090248,0.034414,0.431755,0.026324,0.188787,0.032361,0.011701,0.164690
0.075190,0.015749,0.070757,0.017238,0.028875,0.015973,0.071326,0.036039,0.514501,0.154351
0.005575,0.379731,0.135655,0.015223,0.260654,0.005739,0.009972,0.154876,0.008540,0.024034
0.056187,0.076806,0.122222,0.012427,0.374246,0.045597,0.005221,0.006407,0.258151,0.042737
0.029053,0.025774,0.331149,0.028888,0.063422,0.069857,0.122933,0.027512,0.277891,0.023521
0.008910,0.009199,0.135703,0.008139,0.417512,0.021975,0.071044,0.173778,0.019947,0.133793
0.013840,0.015689,0.033651,0.031041,0.020107,0.031713,0.089004,0.737781,0.015012,0.012162
0.074918,0.308196,0.006240,0.005359,0.006296,0.009749,0.006599,0.323565,0.203017,0.056059
0.039064,0.030033,0.286075,0.033900,0.206809,0.194766,0.024351,0.101141,0.047542,0.036319
0.037648,0.067921,0.110548,0.033330,0.021115,0.024276,0.035729,0.177703,0.370294,0.121436
0.007959,0.096677,0.194459,0.012403,0.027453,0.047672,0.092245,0.290863,0.222516,0.007753
0.014307,0.018232,0.021626,0.018471,0.591909,0.021160,0.025345,0.027862,0.231456,0.029631
0.004925,0.305986,0.019608,0.005924,0.266672,0.024350,0.011598,0.339703,0.015163,0.006070
0.032986,0.009722,0.018772,0.019214,0.408548,0.007698,0.077719,0.139398,0.262283,0.023660
0.007698,0.007753,0.248993,0.018760,0.047581,0.027403,0.244983,0.294359,0.045368,0.057101
0.021506,0.016831,0.107900,0.033256,0.103255,0.127185,0.467746,0.073894,0.026741,0.021685
0.020435,0.029112,0.051881,0.023967,0.047429,0.059931,0.158863,0.162067,0.380163,0.066154
0.009461,0.007814,0.245786,0.014000,0.451257,0.030294,0.023160,0.086038,0.123084,0.009106
0.020120,0.025724,0.043964,0.021902,0.028908,0.032425,0.037061,0.292476,0.461056,0.036365
0.027865,0.018122,0.029950,0.170027,0.176794,0.028103,0.013489,0.353797,0.117128,0.064726
0.118315,0.006752,0.102836,0.191053,0.305369,0.014429,0.015380,0.010833,0.210504,0.024528
0.022319,0.026446,0.055269,0.044069,0.027477,0.020645,0.037031,0.108094,0.639860,0.018791
0.027038,0.015332,0.038969,0.039204,0.072509,0.034360,0.082601,0.030158,0.448818,0.211011
0.056044,0.035075,0.125148,0.013368,0.038306,0.033599,0.035183,0.390423,0.231129,0.041724
0.009134,0.479478,0.038749,0.011029,0.011403,0.008597,0.010321,0.114097,0.306257,0.010934
0.008180,0.425090,0.043173,0.007806,0.010669,0.007868,0.016131,0.126569,0.279604,0.074910
0.018389,0.021308,0.089267,0.025306,0.083889,0.047735,0.011864,0.392851,0.291719,0.017673
0.004436,0.006989,0.242469,0.006530,0.261517,0.031269,0.038726,0.178024,0.126492,0.103547
0.012992,0.027000,0.030441,0.013177,0.017128,0.012225,0.072026,0.675767,0.110416,0.028828
0.050921,0.025874,0.189217,0.027763,0.053205,0.067218,0.049947,0.290995,0.030045,0.214815
0.011620,0.134383,0.391874,0.046986,0.058118,0.023528,0.124251,0.145054,0.023679,0.040506
0.536239,0.031417,0.067386,0.040405,0.084948,0.036769,0.070710,0.045458,0.051882,0.034788
0.011302,0.679936,0.017878,0.011553,0.019646,0.014707,0.023132,0.011841,0.187889,0.022118
0.009629,0.013104,0.025488,0.009177,0.485956,0.014378,0.026430,0.059362,0.325801,0.030675
0.177210,0.545629,0.137132,0.009992,0.019138,0.015353,0.065133,0.010937,0.011377,0.008099
0.009610,0.539631,0.053571,0.009116,0.016908,0.010452,0.008919,0.009341,0.333798,0.008654
0.042204,0.487760,0.041363,0.020195,0.033852,0.019172,0.081663,0.226254,0.011473,0.036064
0.021521,0.501096,0.040230,0.006684,0.018792,0.016161,0.016599,0.042132,0.258949,0.077838
0.017933,0.014896,0.037479,0.014935,0.028656,0.027475,0.113256,0.114588,0.586335,0.044447
0.175338,0.381113,0.021733,0.007075,0.023665,0.030903,0.088346,0.012866,0.246221,0.012739
0.023732,0.008764,0.200432,0.033980,0.546831,0.015558,0.100808,0.029679,0.031500,0.008715
0.004336,0.252772,0.066317,0.004475,0.213838,0.004242,0.003264,0.259493,0.142885,0.048377
0.275297,0.013569,0.082400,0.016587,0.482535,0.028289,0.022801,0.028017,0.041542,0.008963
0.060921,0.008502,0.047581,0.012508,0.063661,0.056320,0.007385,0.246779,0.367466,0.128877
0.157031,0.005750,0.189446,0.005549,0.366221,0.020239,0.016833,0.219821,0.013125,0.005986
0.005992,0.010034,0.028541,0.007599,0.384525,0.040858,0.100143,0.091278,0.182212,0.148818
0.006265,0.307583,0.024343,0.201300,0.248670,0.012040,0.007246,0.061727,0.007234,0.123592
0.003384,0.016561,0.080074,0.134993,0.222026,0.006276,0.106026,0.260219,0.158766,0.011676
0.022239,0.025577,0.031988,0.025677,0.043036,0.028242,0.196391,0.393041,0.041599,0.192210
0.022447,0.081311,0.083834,0.009405,0.363566,0.013215,0.020743,0.088139,0.173852,0.143488
0.041985,0.747823,0.065108,0.015198,0.026946,0.012088,0.042070,0.014803,0.015018,0.018960
0.022317,0.404185,0.127787,0.005134,0.021189,0.007370,0.013087,0.149968,0.242979,0.005984
0.008489,0.567352,0.044627,0.013498,0.030117,0.048191,0.018025,0.012779,0.239241,0.017683
0.006260,0.376629,0.008948,0.006624,0.007273,0.007481,0.012372,0.391071,0.177131,0.006210
0.018360,0.166574,0.124414,0.021688,0.075700,0.092658,0.220236,0.179841,0.056257,0.044271
0.004613,0.307563,0.101242,0.005230,0.259125,0.005171,0.005893,0.039631,0.219891,0.051640
0.018572,0.421107,0.008945,0.009144,0.008242,0.012542,0.037824,0.196517,0.276356,0.010751
0.007285,0.007535,0.012941,0.239609,0.367985,0.010280,0.061793,0.007638,0.278076,0.006857
0.011345,0.013094,0.164601,0.016264,0.064533,0.061558,0.188483,0.240666,0.019537,0.219920
0.012251,0.012458,0.526953,0.088032,0.068580,0.037005,0.142260,0.043343,0.057072,0.012045
0.007409,0.500197,0.011374,0.008094,0.411916,0.007726,0.020417,0.009516,0.010459,0.012892
0.005654,0.005894,0.133987,0.040548,0.311020,0.005901,0.174637,0.071720,0.244954,0.005686
0.022195,0.565373,0.010495,0.010881,0.011291,0.011224,0.016668,0.021903,0.317955,0.012016
0.341794,0.029618,0.029238,0.025303,0.033013,0.022758,0.134412,0.126665,0.216061,0.041138
0.007358,0.008314,0.193139,0.007852,0.025466,0.021462,0.155840,0.430108,0.144593,0.005867
0.191900,0.048977,0.142069,0.112568,0.084389,0.060416,0.175193,0.081306,0.058522,0.044660
0.007685,0.008053,0.184098,0.009538,0.490598,0.028038,0.006956,0.092997,0.016417,0.155620
0.013638,0.011374,0.032666,0.355606,0.021516,0.019134,0.081404,0.015443,0.434787,0.014432
0.010130,0.703993,0.071496,0.012275,0.050040,0.061849,0.008975,0.020741,0.034979,0.025523
0.006880,0.011477,0.146671,0.057889,0.058515,0.024229,0.201627,0.285934,0.035643,0.171135
0.054408,0.035330,0.323078,0.010286,0.028126,0.010277,0.143520,0.087117,0.201381,0.106477
0.032608,0.008414,0.084012,0.005632,0.310278,0.010533,0.036426,0.421503,0.084523,0.006072
0.005859,0.005966,0.075225,0.006531,0.269763,0.011176,0.042243,0.367009,0.210466,0.005762
0.035086,0.016237,0.380631,0.014277,0.041386,0.020896,0.275867,0.044429,0.023235,0.147957
0.004324,0.007131,0.026878,0.005929,0.205628,0.029401,0.040259,0.359524,0.215562,0.105363
0.005021,0.360977,0.109282,0.005587,0.235131,0.009105,0.021217,0.037172,0.201612,0.014896
0.016888,0.132667,0.288947,0.012776,0.052208,0.047065,0.011076,0.140242,0.286598,0.011533
0.009711,0.009027,0.034163,0.008971,0.490765,0.026942,0.020242,0.073125,0.318871,0.008183
0.022455,0.026871,0.023303,0.022822,0.022263,0.026057,0.107335,0.099249,0.501790,0.147857
0.044279,0.078738,0.018163,0.009475,0.022698,0.031120,0.136813,0.633580,0.013986,0.011149
0.108712,0.385078,0.061681,0.006741,0.362561,0.012688,0.010951,0.037020,0.008164,0.006403
0.059439,0.018010,0.042297,0.012440,0.552027,0.013593,0.036286,0.082681,0.139769,0.043458
0.020437,0.030031,0.079496,0.040061,0.471835,0.027540,0.103755,0.018601,0.107498,0.100745
0.073670,0.099967,0.127257,0.044178,0.082040,0.089580,0.095380,0.269007,0.046318,0.072603
0.033707,0.474272,0.205278,0.014632,0.023776,0.017894,0.117485,0.079891,0.022262,0.010803
0.056571,0.013960,0.081654,0.047894,0.024356,0.028582,0.222216,0.318611,0.194122,0.012034
0.021063,0.104862,0.043590,0.054800,0.030058,0.051936,0.066148,0.234441,0.384957,0.008145
0.007965,0.289151,0.093688,0.017220,0.240117,0.004927,0.019415,0.307927,0.005500,0.014090
0.006418,0.446688,0.088378,0.008612,0.367900,0.014171,0.005749,0.042925,0.011644,0.007515
0.181432,0.070726,0.024199,0.010450,0.022914,0.013766,0.026052,0.311358,0.327758,0.011345
0.035832,0.443869,0.025065,0.010803,0.018392,0.035428,0.015131,0.251539,0.010845,0.153096
0.008051,0.007201,0.009433,0.214279,0.381651,0.009807,0.013089,0.037996,0.253774,0.064719
0.193333,0.006791,0.046619,0.008203,0.282274,0.046176,0.016681,0.082503,0.181895,0.135524
0.073643,0.264207,0.023770,0.003485,0.222701,0.009800,0.003453,0.261409,0.133023,0.004510
0.020276,0.080732,0.165301,0.010017,0.479327,0.021892,0.017589,0.083543,0.026246,0.095077
0.009641,0.137465,0.116166,0.081858,0.055739,0.067863,0.039960,0.010400,0.212071,0.268835
0.005590,0.006232,0.272195,0.005471,0.032428,0.044060,0.021285,0.455457,0.028599,0.128682
0.006822,0.440587,0.010468,0.214119,0.011609,0.013965,0.043328,0.129329,0.122954,0.006819
0.014838,0.014827,0.073197,0.016338,0.030648,0.040686,0.074501,0.252889,0.448294,0.033781
0.011607,0.011236,0.064363,0.013870,0.614008,0.028423,0.085553,0.029375,0.130600,0.010964
0.023697,0.486510,0.145080,0.007350,0.012656,0.008014,0.015227,0.008813,0.233932,0.058720
0.007214,0.379435,0.010455,0.181323,0.007253,0.006672,0.006058,0.170082,0.225083,0.006426
0.005878,0.005872,0.015498,0.183910,0.275668,0.008652,0.025338,0.396563,0.013882,0.068738
0.007627,0.010552,0.094498,0.008615,0.419853,0.020159,0.069283,0.011839,0.259024,0.098549
0.008508,0.009650,0.245871,0.016114,0.035572,0.059848,0.243092,0.128028,0.187584,0.065732
0.017055,0.008674,0.038986,0.272166,0.355017,0.038630,0.053325,0.024318,0.167707,0.024121
0.021149,0.656642,0.014447,0.013187,0.012156,0.018118,0.020485,0.167116,0.014405,0.062296
0.010697,0.699987,0.068628,0.010197,0.047438,0.026894,0.042535,0.026013,0.016919,0.050691
0.020583,0.061743,0.091981,0.023258,0.051060,0.033782,0.143716,0.153640,0.217296,0.202940
0.047495,0.010512,0.169969,0.029132,0.036478,0.025230,0.225379,0.089483,0.323138,0.043184
0.020086,0.019149,0.315086,0.028110,0.048415,0.039150,0.082112,0.034228,0.394020,0.019644
0.010592,0.013165,0.022888,0.011307,0.012156,0.013106,0.033179,0.592840,0.271847,0.018921
0.009229,0.055054,0.082734,0.027522,0.361753,0.014374,0.055115,0.228897,0.083697,0.081626
0.008036,0.011106,0.178806,0.011130,0.470203,0.025805,0.019780,0.255244,0.010511,0.009380
0.195862,0.009305,0.331265,0.025663,0.033661,0.046280,0.005408,0.020842,0.308473,0.023242
0.011074,0.034268,0.057351,0.033799,0.595264,0.011202,0.048062,0.012050,0.184392,0.012538
0.041830,0.519257,0.028954,0.009360,0.029023,0.041431,0.010521,0.296241,0.012868,0.010515
0.017215,0.020598,0.057108,0.014307,0.044545,0.023371,0.027636,0.099605,0.504084,0.191531
0.077269,0.015237,0.250382,0.079310,0.056786,0.075124,0.034772,0.135250,0.052530,0.223340
0.124526,0.058115,0.118950,0.006899,0.275981,0.017690,0.019258,0.146526,0.225572,0.006481
0.004803,0.319687,0.057918,0.006756,0.278169,0.008641,0.030529,0.093349,0.195156,0.004993
0.032409,0.058819,0.027104,0.242725,0.015711,0.015059,0.062340,0.525755,0.010287,0.009792
0.004802,0.307369,0.007924,0.161144,0.205355,0.009741,0.014394,0.094659,0.185619,0.008993
0.051789,0.011087,0.041138,0.009000,0.039130,0.054184,0.018237,0.296839,0.364372,0.114224
0.019674,0.011343,0.014988,0.009763,0.455096,0.012536,0.019562,0.142053,0.295208,0.019777
0.012381,0.011088,0.031274,0.012199,0.652599,0.032413,0.020481,0.085429,0.128793,0.013344
0.012078,0.012682,0.080347,0.032735,0.017716,0.029588,0.011321,0.300606,0.372200,0.130727
0.014591,0.019573,0.155537,0.451539,0.020970,0.036297,0.038255,0.221159,0.024889,0.017190
0.019175,0.418306,0.056775,0.006900,0.261415,0.009971,0.035462,0.120078,0.059503,0.012414
0.006033,0.405920,0.125882,0.006137,0.263627,0.011973,0.027500,0.005865,0.127108,0.019956
0.016110,0.036177,0.098832,0.018271,0.022955,0.017056,0.022462,0.244555,0.407148,0.116434
0.007306,0.007020,0.073210,0.008837,0.416014,0.019390,0.048218,0.133560,0.272006,0.014440
0.030334,0.021204,0.019458,0.018474,0.017863,0.022652,0.012987,0.540170,0.308053,0.008806
0.013043,0.760510,0.015747,0.016846,0.015584,0.015509,0.012380,0.039222,0.016394,0.094766
0.005660,0.005169,0.097220,0.223101,0.025830,0.034533,0.034654,0.470356,0.019621,0.083856
0.004510,0.297543,0.025212,0.005472,0.242664,0.009611,0.031905,0.149896,0.194300,0.038889
0.007371,0.468462,0.044905,0.007042,0.397961,0.017260,0.022895,0.016017,0.010953,0.007134
0.257715,0.015538,0.234125,0.058337,0.036572,0.016534,0.184258,0.029491,0.035492,0.131937
0.009299,0.027567,0.205360,0.010264,0.016750,0.022370,0.020047,0.259117,0.308994,0.120232
0.017669,0.364634,0.009474,0.006035,0.250875,0.005609,0.033395,0.109355,0.190968,0.011986
0.010071,0.050731,0.011228,0.010225,0.014594,0.021060,0.015077,0.522943,0.324249,0.019821
0.012424,0.008994,0.097079,0.010996,0.063936,0.059068,0.024525,0.122111,0.447764,0.153102
0.025359,0.302534,0.031045,0.025895,0.175299,0.011270,0.006509,0.168710,0.233377,0.020002
0.011889,0.009420,0.080244,0.013319,0.065219,0.058093,0.241546,0.257869,0.251179,0.011222
0.004811,0.005508,0.247209,0.038174,0.031701,0.033354,0.112154,0.154242,0.255237,0.117609
0.010207,0.015003,0.264774,0.018656,0.065240,0.068891,0.031680,0.049960,0.462519,0.013071
0.008562,0.008951,0.203443,0.011416,0.019501,0.015190,0.021136,0.586975,0.102481,0.022346
0.008031,0.516063,0.009762,0.010874,0.011162,0.014809,0.039883,0.008986,0.300788,0.079642
0.008786,0.623355,0.183728,0.012888,0.016681,0.018171,0.028723,0.012369,0.016765,0.078534
0.030289,0.037104,0.083541,0.026815,0.036798,0.074555,0.196833,0.167537,0.290889,0.055639
0.006989,0.422575,0.121628,0.010560,0.024854,0.036520,0.014504,0.010722,0.179775,0.171874
0.064701,0.243301,0.006691,0.115342,0.158312,0.003791,0.010699,0.241361,0.152168,0.003634
0.053360,0.047105,0.174362,0.041562,0.101101,0.139730,0.130421,0.083107,0.058638,0.170615
0.022996,0.010656,0.085982,0.009816,0.401518,0.007963,0.030198,0.086808,0.300532,0.043530
0.006679,0.454153,0.011070,0.008681,0.008212,0.011252,0.036113,0.203513,0.249945,0.010382
0.008539,0.505523,0.032968,0.235969,0.010594,0.008868,0.019762,0.025482,0.066757,0.085538
0.098790,0.005661,0.018941,0.005587,0.265034,0.010363,0.014554,0.356239,0.206432,0.018399
0.010468,0.012976,0.026235,0.011597,0.512466,0.014516,0.046542,0.019352,0.334506,0.011342
0.156326,0.010730,0.023805,0.032916,0.368456,0.020329,0.063974,0.163201,0.152586,0.007676
0.010543,0.439742,0.010396,0.007750,0.280667,0.007806,0.009439,0.008688,0.214724,0.010244
0.106305,0.430336,0.011347,0.200017,0.012997,0.012286,0.014994,0.193548,0.009754,0.008416
0.005970,0.397458,0.007667,0.006805,0.261060,0.012587,0.036195,0.008104,0.257607,0.006547
0.054237,0.012936,0.031530,0.014470,0.555893,0.017206,0.037414,0.082391,0.023582,0.170339
0.036125,0.063855,0.022071,0.011837,0.015804,0.014202,0.019519,0.600750,0.100215,0.115621
0.196035,0.010124,0.055407,0.011858,0.043743,0.021299,0.005630,0.577861,0.031644,0.046399
0.021044,0.011284,0.183341,0.011520,0.022091,0.022700,0.146497,0.191725,0.296725,0.093072
0.010164,0.026409,0.030657,0.011265,0.414806,0.017248,0.026911,0.068013,0.275707,0.118822
0.179104,0.357474,0.014888,0.010213,0.022487,0.031557,0.061812,0.011337,0.178203,0.132926
0.010059,0.011439,0.070921,0.027693,0.011505,0.009310,0.017329,0.530913,0.293854,0.016977
0.007651,0.006330,0.196819,0.007974,0.323091,0.024330,0.018709,0.156586,0.252774,0.005735
0.007239,0.065245,0.072718,0.006742,0.353495,0.016802,0.040678,0.159085,0.244163,0.033833
0.040631,0.010379,0.155501,0.010418,0.337684,0.022997,0.040223,0.066569,0.306902,0.008696
0.004830,0.338794,0.231255,0.005004,0.021120,0.027422,0.007504,0.005168,0.261011,0.097892
0.006626,0.466923,0.012476,0.009889,0.436790,0.014359,0.016103,0.009063,0.011531,0.016240
0.027916,0.107851,0.282403,0.040523,0.091105,0.029250,0.160169,0.088960,0.037546,0.134277
0.322819,0.126755,0.027762,0.060985,0.037271,0.041542,0.122626,0.024116,0.035526,0.200598
0.006350,0.005739,0.187843,0.006853,0.314233,0.005737,0.015499,0.387902,0.007408,0.062435
0.037856,0.010489,0.012942,0.008773,0.423743,0.008018,0.118783,0.060596,0.243034,0.075766
0.004780,0.335551,0.029816,0.008926,0.276445,0.004846,0.035125,0.038523,0.206224,0.059765
0.006596,0.468381,0.032833,0.007830,0.419125,0.008776,0.026761,0.012520,0.010427,0.006750
0.009475,0.008763,0.073305,0.263173,0.347576,0.019275,0.030805,0.148005,0.089214,0.010409
0.011394,0.451994,0.010177,0.009285,0.010315,0.008614,0.015604,0.411019,0.063104,0.008494
0.011872,0.645587,0.015800,0.013617,0.016410,0.013123,0.045216,0.027806,0.150188,0.060382
0.005945,0.020821,0.012009,0.028282,0.354113,0.017902,0.046940,0.409480,0.009149,0.095360
0.015638,0.360749,0.093205,0.006876,0.008718,0.006674,0.039535,0.175787,0.234691,0.058129
0.009904,0.011917,0.014442,0.267673,0.018516,0.022432,0.038022,0.575763,0.012164,0.029167
0.019522,0.015375,0.091763,0.017314,0.079080,0.048040,0.239368,0.452923,0.022602,0.014012
0.011988,0.039451,0.240424,0.376766,0.033533,0.010962,0.009548,0.104128,0.030564,0.142635
0.009993,0.556706,0.010568,0.011784,0.012009,0.009627,0.019805,0.011276,0.349547,0.008686
0.005365,0.006309,0.103154,0.032964,0.250604,0.027051,0.110424,0.354662,0.021210,0.088257
0.004791,0.025771,0.133959,0.008334,0.025313,0.037370,0.084755,0.448335,0.098805,0.132567
0.113595,0.009561,0.021982,0.007886,0.302807,0.015907,0.014074,0.422168,0.071546,0.020474
0.008936,0.007576,0.012686,0.249793,0.434165,0.011785,0.016729,0.230294,0.011396,0.016643
0.349887,0.050567,0.062459,0.015927,0.042974,0.024525,0.098733,0.031280,0.040120,0.283529
0.004670,0.066411,0.131843,0.037475,0.023977,0.031820,0.083972,0.382152,0.218873,0.018808
0.011192,0.482529,0.139549,0.037613,0.024071,0.042495,0.109093,0.012636,0.022351,0.118470
0.063555,0.008788,0.169929,0.007699,0.048750,0.054918,0.235920,0.039186,0.178918,0.192337
0.059062,0.007581,0.162233,0.012477,0.359280,0.007475,0.244947,0.100143,0.037594,0.009207
0.125914,0.402025,0.016588,0.008115,0.278889,0.006475,0.012590,0.135748,0.008000,0.005656
0.027478,0.022829,0.500726,0.029503,0.084825,0.056019,0.083744,0.082652,0.090248,0.021976
0.003660,0.241406,0.015702,0.003217,0.179131,0.021183,0.040023,0.303853,0.187918,0.003907
0.006769,0.398200,0.121903,0.006974,0.013722,0.008637,0.023243,0.136613,0.278327,0.005612
0.011836,0.646469,0.159862,0.012444,0.018648,0.016741,0.022936,0.072090,0.016152,0.022822
0.041520,0.011659,0.243195,0.099612,0.066194,0.041130,0.042407,0.012074,0.249167,0.193043
0.021085,0.075715,0.307954,0.020171,0.098975,0.113995,0.246147,0.061091,0.035075,0.019793
0.095025,0.029874,0.067296,0.025314,0.055132,0.023345,0.157740,0.416331,0.048498,0.081446
0.012242,0.723449,0.021148,0.010911,0.017327,0.010744,0.023874,0.013807,0.015764,0.150734
0.017057,0.009550,0.022767,0.017945,0.017639,0.011676,0.016609,0.541228,0.246590,0.098941
0.010670,0.009718,0.029650,0.012690,0.403695,0.025957,0.008627,0.163350,0.324678,0.010967
0.016750,0.019745,0.179005,0.451788,0.025806,0.036264,0.072928,0.030320,0.018153,0.149242
0.030048,0.028422,0.152581,0.033822,0.034966,0.053534,0.063162,0.125986,0.254112,0.223367
0.019939,0.026005,0.051230,0.022731,0.726891,0.048728,0.036666,0.021473,0.024514,0.021823
0.013209,0.114235,0.124168,0.016084,0.036589,0.020563,0.012309,0.014689,0.511173,0.136980
0.021762,0.008792,0.199651,0.349506,0.040217,0.030307,0.115268,0.097597,0.027693,0.109207
0.016237,0.015059,0.046574,0.015067,0.027479,0.026346,0.096741,0.250432,0.491543,0.014520
0.010569,0.580518,0.183487,0.008446,0.028134,0.017501,0.023403,0.088567,0.025415,0.033961
0.010971,0.717292,0.012779,0.011757,0.012575,0.011093,0.023694,0.173573,0.013732,0.012534
0.015438,0.013703,0.429746,0.021531,0.044364,0.042268,0.038614,0.328974,0.049373,0.015989
0.030499,0.020433,0.451461,0.019551,0.087929,0.072650,0.079789,0.021715,0.054994,0.160980
0.006178,0.010071,0.188365,0.006301,0.345193,0.024302,0.032521,0.192568,0.187723,0.006776
0.119451,0.004418,0.199907,0.005093,0.022684,0.028888,0.033603,0.360167,0.198597,0.027193
0.016267,0.027767,0.109727,0.005161,0.285115,0.041319,0.070140,0.161206,0.259963,0.023335
0.020947,0.026583,0.129027,0.045148,0.040547,0.021721,0.019766,0.470222,0.188802,0.037236
0.031306,0.021656,0.133994,0.009413,0.413103,0.009790,0.012621,0.154199,0.144003,0.069913
0.019029,0.584922,0.010831,0.013754,0.011064,0.011469,0.013932,0.012209,0.254107,0.068684
0.016226,0.067809,0.095877,0.016907,0.058261,0.057659,0.044599,0.061586,0.273780,0.307295
0.009091,0.009551,0.048771,0.010976,0.047382,0.062759,0.029688,0.684206,0.039534,0.058041
0.029669,0.053119,0.161231,0.005933,0.255008,0.015413,0.051807,0.184665,0.215635,0.027519
0.008548,0.013688,0.135213,0.008414,0.048040,0.065434,0.080681,0.357857,0.040654,0.241471
0.013637,0.043341,0.113528,0.010090,0.051950,0.018324,0.176759,0.011798,0.386426,0.174146
0.128255,0.009569,0.020568,0.007258,0.383427,0.007272,0.055501,0.126946,0.254637,0.006566
0.011538,0.641019,0.017684,0.015391,0.020451,0.011851,0.019181,0.226732,0.015264,0.020889
0.038249,0.008272,0.266234,0.039593,0.028192,0.038790,0.087923,0.165516,0.237509,0.089722
0.007022,0.009698,0.041828,0.236214,0.382236,0.018406,0.061107,0.017710,0.128590,0.097189
0.009687,0.008005,0.184625,0.007998,0.418358,0.021513,0.006915,0.008507,0.327158,0.007234
0.003650,0.239888,0.071698,0.147735,0.011916,0.018675,0.008369,0.303557,0.190453,0.004059
0.006693,0.005951,0.298831,0.007272,0.268317,0.039258,0.098133,0.237085,0.014151,0.024311
0.011748,0.540766,0.040709,0.008806,0.012552,0.009469,0.013625,0.249243,0.010308,0.102773
0.006004,0.411380,0.053921,0.009753,0.340371,0.036138,0.043025,0.082213,0.011005,0.006190
0.007591,0.009695,0.027377,0.008454,0.378353,0.019689,0.014143,0.448224,0.010045,0.076429
0.015918,0.404503,0.008645,0.008625,0.010153,0.007297,0.016224,0.434188,0.009163,0.085284
0.006423,0.006806,0.206117,0.007585,0.320297,0.026074,0.225716,0.165963,0.027072,0.007947
0.011410,0.015079,0.122740,0.013308,0.602785,0.025902,0.044971,0.021463,0.119731,0.022611
0.008560,0.009133,0.087603,0.008580,0.059857,0.059560,0.007446,0.338197,0.412678,0.008387
0.008238,0.436837,0.027703,0.008606,0.009661,0.012537,0.016031,0.120718,0.282387,0.077284
0.005185,0.332674,0.086132,0.012666,0.008239,0.010856,0.009189,0.344397,0.180720,0.009942
0.011473,0.494019,0.068721,0.009391,0.369727,0.007251,0.013072,0.008785,0.009308,0.008253
0.007279,0.009515,0.214526,0.008899,0.020815,0.007136,0.073806,0.520115,0.022653,0.115257
0.058117,0.022972,0.131175,0.035739,0.020472,0.018245,0.023856,0.469584,0.023451,0.196390
0.010378,0.538033,0.019325,0.012275,0.012524,0.018789,0.009088,0.184157,0.178081,0.017351
0.012475,0.015428,0.031706,0.013852,0.018307,0.016043,0.069943,0.696567,0.016479,0.109199
0.050576,0.010032,0.299904,0.046267,0.030251,0.015641,0.093902,0.087403,0.354564,0.011461
0.029540,0.007779,0.081611,0.009334,0.016350,0.011157,0.052948,0.485757,0.282194,0.023332
0.008206,0.572369,0.018506,0.007339,0.013981,0.010048,0.018039,0.010563,0.320348,0.020600
0.014593,0.010494,0.516200,0.075909,0.036484,0.074674,0.125887,0.033798,0.044806,0.067153
0.011950,0.012880,0.087019,0.018907,0.062772,0.085153,0.183985,0.468260,0.053895,0.015179
0.116437,0.238366,0.106453,0.164093,0.011308,0.021535,0.039907,0.049268,0.239295,0.013338
0.022757,0.024098,0.037103,0.021604,0.040199,0.036302,0.172797,0.374073,0.249202,0.021864
0.188527,0.006967,0.241288,0.053944,0.366531,0.015780,0.006464,0.092964,0.017636,0.009898
0.043553,0.005710,0.045390,0.008857,0.022201,0.038831,0.020504,0.519650,0.289209,0.006093
0.013997,0.012971,0.019033,0.014103,0.667443,0.018243,0.083928,0.024804,0.132773,0.012703
0.025934,0.045390,0.051469,0.005157,0.240709,0.011950,0.068198,0.341922,0.195123,0.014148
0.004917,0.005123,0.145510,0.228024,0.021131,0.017814,0.146058,0.203731,0.221034,0.006657
0.016509,0.305826,0.104324,0.004803,0.010690,0.009203,0.010482,0.335385,0.189424,0.013354
0.336480,0.024105,0.113371,0.018635,0.039186,0.018117,0.341743,0.046588,0.041200,0.020576
0.006121,0.006696,0.333929,0.011877,0.288413,0.049305,0.199384,0.085582,0.010582,0.008111
0.004568,0.306751,0.022244,0.004588,0.263315,0.027353,0.012669,0.133230,0.220389,0.004894
0.007337,0.068630,0.245252,0.037026,0.022201,0.007999,0.023262,0.545744,0.009845,0.032702
0.032123,0.021692,0.018971,0.256541,0.023987,0.023215,0.012436,0.584873,0.017089,0.009074
0.036963,0.060884,0.043292,0.008861,0.017620,0.015997,0.058759,0.506345,0.243545,0.007734
0.061775,0.016510,0.110737,0.013635,0.029075,0.039409,0.037520,0.110229,0.403795,0.177315
0.032252,0.012345,0.092933,0.018635,0.084679,0.038552,0.040960,0.354226,0.061198,0.264221
0.037929,0.082371,0.087731,0.075442,0.068743,0.086835,0.110147,0.050262,0.337315,0.063226
0.018687,0.009155,0.163551,0.012467,0.032091,0.046281,0.150452,0.179237,0.284925,0.103153
0.016611,0.007757,0.096933,0.263017,0.366050,0.010532,0.032678,0.053834,0.144697,0.007891
0.057828,0.023109,0.047246,0.016073,0.041112,0.028124,0.026481,0.093888,0.513853,0.152286
0.008215,0.415246,0.053859,0.008681,0.008660,0.008410,0.045578,0.434480,0.009390,0.007484
0.089297,0.288321,0.012261,0.004866,0.265321,0.010807,0.010028,0.304882,0.008921,0.005297
0.039742,0.024971,0.067613,0.009470,0.446939,0.019864,0.007016,0.019307,0.278570,0.086507
0.009656,0.009412,0.194630,0.011537,0.050177,0.062082,0.086263,0.287598,0.278737,0.009906
0.052006,0.177413,0.082340,0.087786,0.056918,0.072025,0.176836,0.037642,0.036890,0.220145
0.006204,0.361083,0.011935,0.007281,0.007742,0.007447,0.013322,0.350948,0.224098,0.009939
0.008601,0.006123,0.123954,0.275997,0.371935,0.040556,0.021293,0.006427,0.138750,0.006364
0.031631,0.092940,0.093365,0.034920,0.076793,0.073777,0.261976,0.260245,0.044101,0.030253
0.008495,0.301677,0.029187,0.004071,0.221434,0.026151,0.010387,0.374233,0.014237,0.010129
0.005113,0.364197,0.036260,0.004903,0.280652,0.032154,0.013150,0.012482,0.103737,0.147351
0.156909,0.066327,0.016167,0.009711,0.449213,0.023465,0.007146,0.250515,0.012647,0.007901
0.040355,0.502000,0.028262,0.012275,0.021001,0.043843,0.018025,0.008173,0.317742,0.008323
0.034791,0.707955,0.100937,0.011200,0.020863,0.012901,0.073425,0.011462,0.015270,0.011197
0.231919,0.007929,0.052320,0.007050,0.403242,0.050539,0.027347,0.026808,0.019659,0.173188
0.033818,0.008035,0.162764,0.262618,0.020260,0.011594,0.061939,0.014389,0.314280,0.110303
0.023114,0.010883,0.027207,0.014474,0.034036,0.020441,0.079604,0.734841,0.020000,0.035398
0.007669,0.008496,0.310217,0.023709,0.460007,0.057104,0.038391,0.008574,0.023814,0.062019
0.025228,0.022266,0.072097,0.028675,0.043451,0.058396,0.156581,0.148921,0.398305,0.046081
0.019794,0.016494,0.046464,0.021070,0.032479,0.044811,0.149337,0.028098,0.605160,0.036295
0.010406,0.608902,0.012239,0.012683,0.014851,0.013148,0.052406,0.178553,0.012611,0.084201
0.011690,0.019651,0.317989,0.014837,0.075127,0.091326,0.032199,0.365169,0.059670,0.012342
0.120501,0.372793,0.130538,0.006282,0.264057,0.008323,0.009995,0.008384,0.068579,0.010548
0.008016,0.513879,0.043470,0.042641,0.030365,0.018787,0.018669,0.086811,0.228853,0.008509
0.008116,0.098454,0.047393,0.032546,0.410831,0.024572,0.019167,0.116728,0.036556,0.205636
0.019060,0.018644,0.026353,0.019922,0.040045,0.045740,0.069208,0.130362,0.609626,0.021041
0.050925,0.013600,0.063088,0.011897,0.026270,0.010337,0.172746,0.189057,0.361774,0.100306
0.004281,0.302892,0.072221,0.004404,0.249473,0.004322,0.030671,0.143166,0.181385,0.007185
0.009483,0.127041,0.317767,0.008935,0.065741,0.033381,0.326923,0.049125,0.049405,0.012200
0.009369,0.597994,0.018615,0.010109,0.012581,0.009552,0.020908,0.152366,0.155607,0.012899
0.098358,0.319789,0.103533,0.170220,0.009456,0.009814,0.008748,0.006412,0.197098,0.076573
0.005982,0.357041,0.036331,0.006315,0.287389,0.006367,0.005434,0.094373,0.193342,0.007427
0.007791,0.376866,0.016889,0.005293,0.018432,0.032122,0.012521,0.419143,0.088158,0.022785
0.008975,0.010443,0.181988,0.008456,0.394332,0.052978,0.112262,0.091594,0.017453,0.121519
0.005003,0.062242,0.050078,0.004330,0.021177,0.030292,0.078746,0.415356,0.234074,0.098702
0.025424,0.621696,0.011709,0.010419,0.016880,0.017188,0.008988,0.265252,0.011169,0.011276
0.035322,0.013358,0.028741,0.010987,0.496704,0.016769,0.019320,0.010888,0.256835,0.111074
0.006262,0.449136,0.032552,0.006042,0.323870,0.036829,0.025691,0.087973,0.024360,0.007284
0.038223,0.048129,0.101377,0.041756,0.055796,0.086107,0.234035,0.053166,0.045641,0.295770
0.010901,0.015366,0.121044,0.011263,0.056400,0.034059,0.107568,0.125592,0.459422,0.058385
0.005722,0.032951,0.037502,0.006983,0.260969,0.020266,0.069528,0.168242,0.269173,0.128663
0.006311,0.008702,0.211026,0.006638,0.373704,0.020067,0.014877,0.006946,0.248455,0.103275
0.006096,0.356730,0.034717,0.007142,0.306772,0.005163,0.004482,0.045717,0.222810,0.010372
0.013989,0.104508,0.078945,0.015446,0.027721,0.022024,0.062906,0.250933,0.407852,0.015676
0.006877,0.020008,0.019049,0.007050,0.421781,0.010020,0.019318,0.455676,0.015498,0.024723
0.007255,0.009445,0.247189,0.006657,0.032694,0.016872,0.089255,0.480857,0.090291,0.019485
0.009117,0.008652,0.017206,0.023861,0.337338,0.009397,0.019965,0.228533,0.278687,0.067244
0.011334,0.008210,0.152336,0.013393,0.408669,0.056604,0.095381,0.026929,0.033700,0.193444
0.006675,0.405549,0.190278,0.005647,0.015506,0.034307,0.013149,0.226608,0.010219,0.092061
0.006034,0.339715,0.006081,0.005789,0.268531,0.009113,0.005341,0.150654,0.154859,0.053885
0.020801,0.017422,0.042302,0.020753,0.038044,0.030544,0.081326,0.106246,0.623692,0.018869
0.039010,0.121740,0.049664,0.020825,0.029380,0.019256,0.062137,0.020016,0.620688,0.017283
0.007159,0.005986,0.015435,0.007088,0.324013,0.017935,0.005890,0.395890,0.214591,0.006013
0.039271,0.005780,0.130207,0.007332,0.277864,0.010083,0.158951,0.143068,0.136508,0.090936
0.089256,0.056197,0.215908,0.031840,0.046161,0.024039,0.054742,0.157629,0.042955,0.281274
0.005015,0.004124,0.091524,0.028117,0.269879,0.007646,0.099947,0.295739,0.171578,0.026431
0.006743,0.454266,0.069497,0.007095,0.263806,0.008508,0.015144,0.007170,0.114404,0.053367
0.023443,0.516329,0.014283,0.010207,0.009924,0.009289,0.019249,0.010597,0.302387,0.084292
0.049334,0.007454,0.326571,0.011280,0.299164,0.043006,0.016534,0.208840,0.030884,0.006934
0.114701,0.015994,0.299772,0.110520,0.091124,0.109851,0.049447,0.044710,0.066778,0.097103
0.011978,0.011623,0.369265,0.014069,0.026964,0.029362,0.026069,0.088745,0.411349,0.010576
0.019489,0.460696,0.009168,0.215723,0.009229,0.013596,0.040109,0.108247,0.059310,0.064434
0.035860,0.016882,0.046565,0.514910,0.039586,0.023297,0.164347,0.122471,0.020722,0.015360
