0.002127,0.003776,0.487557,0.007600,0.401705,0.021192,0.028037,0.005778,0.037090,0.005139
0.006234,0.000787,0.450896,0.020609,0.384486,0.023607,0.049024,0.025351,0.032979,0.006025
0.043625,0.021620,0.527107,0.032355,0.181114,0.033323,0.011587,0.056190,0.008288,0.084790
0.019269,0.288732,0.004824,0.070494,0.329337,0.038919,0.041275,0.123766,0.006539,0.076846
0.002626,0.123523,0.782130,0.000979,0.048984,0.004764,0.011588,0.000461,0.005878,0.019068
0.026695,0.007505,0.665667,0.010620,0.071040,0.001168,0.000879,0.002409,0.201241,0.012775
0.009414,0.003187,0.281250,0.013091,0.132228,0.005134,0.010457,0.007906,0.533410,0.003923
0.154598,0.106990,0.068474,0.064710,0.047366,0.108363,0.168043,0.122264,0.079993,0.079199
0.007852,0.001822,0.014649,0.097689,0.235130,0.036442,0.005356,0.035301,0.542216,0.023543
0.010484,0.013166,0.006401,0.130261,0.600584,0.042499,0.030004,0.070183,0.007870,0.088548
0.004727,0.000658,0.710168,0.004411,0.240752,0.004784,0.023722,0.007998,0.001043,0.001737
0.000901,0.001199,0.375758,0.027365,0.311085,0.008073,0.023140,0.041841,0.208075,0.002562
0.045821,0.003336,0.747984,0.008873,0.119263,0.002296,0.001899,0.029408,0.018233,0.022888
0.028217,0.002899,0.662611,0.019159,0.122279,0.016350,0.067035,0.011634,0.031623,0.038193
0.022799,0.003421,0.538002,0.035321,0.179506,0.025731,0.003543,0.029084,0.138330,0.024263
0.023312,0.182098,0.071885,0.028197,0.273159,0.154265,0.040304,0.144075,0.055890,0.026815
0.000855,0.046448,0.859213,0.002157,0.069722,0.000611,0.000772,0.012623,0.006805,0.000794
0.033252,0.021975,0.006710,0.048806,0.518721,0.004057,0.015148,0.152614,0.035761,0.162955
0.077899,0.107644,0.118358,0.076799,0.040341,0.091491,0.178405,0.166309,0.076829,0.065925
0.007878,0.007104,0.011948,0.145858,0.425646,0.099949,0.076783,0.014183,0.104375,0.106276
0.003889,0.000371,0.837064,0.027080,0.100309,0.000454,0.005217,0.006139,0.016911,0.002565
0.006825,0.002960,0.438092,0.014848,0.374085,0.018915,0.043681,0.070399,0.002340,0.027855
0.001867,0.000886,0.839672,0.016443,0.118739,0.002691,0.009480,0.004752,0.004071,0.001400
0.032284,0.002787,0.011625,0.044535,0.686872,0.057062,0.061570,0.051588,0.036503,0.015175
0.021236,0.356559,0.045466,0.007311,0.337278,0.059665,0.027353,0.083378,0.046075,0.015679
0.012379,0.147487,0.002038,0.047007,0.611998,0.021676,0.046214,0.009871,0.093741,0.007589
0.072937,0.013991,0.016592,0.093759,0.498252,0.005525,0.006091,0.083569,0.179379,0.029905
0.036332,0.003894,0.758740,0.018937,0.107623,0.001396,0.027127,0.014671,0.004459,0.026820
0.017303,0.004120,0.107454,0.040571,0.679255,0.023445,0.048218,0.033863,0.035649,0.010123
0.005718,0.007449,0.098502,0.028611,0.666219,0.023332,0.046134,0.036774,0.037142,0.050118
0.032396,0.008204,0.011795,0.090452,0.471874,0.095909,0.120576,0.028932,0.046204,0.093659
0.051509,0.013626,0.007971,0.092975,0.647145,0.035764,0.004488,0.025710,0.047247,0.073564
0.010927,0.000662,0.498906,0.034265,0.318259,0.013768,0.033302,0.021811,0.060585,0.007515
0.004873,0.000845,0.717514,0.019982,0.152105,0.012495,0.030057,0.027345,0.020400,0.014383
0.017803,0.061543,0.790146,0.001028,0.070774,0.010275,0.008668,0.004128,0.011718,0.023917
0.011656,0.210320,0.418610,0.045419,0.235229,0.010753,0.046637,0.011191,0.004630,0.005555
0.107022,0.154344,0.190866,0.051274,0.111381,0.052344,0.087791,0.117349,0.077162,0.050468
0.005593,0.002380,0.548967,0.012219,0.329530,0.009842,0.006808,0.071021,0.009896,0.003744
0.017714,0.001812,0.852642,0.004799,0.046657,0.000456,0.010617,0.025788,0.035238,0.004277
0.020410,0.004223,0.570616,0.030865,0.315559,0.014214,0.017691,0.015713,0.002702,0.008007
0.002361,0.002592,0.671760,0.016745,0.161257,0.023809,0.039338,0.005684,0.074069,0.002385
0.141641,0.107101,0.106613,0.067897,0.091382,0.062251,0.081578,0.110911,0.137747,0.092878
0.015706,0.000569,0.792314,0.031950,0.082203,0.000420,0.021218,0.014356,0.032124,0.009140
0.107319,0.115185,0.161032,0.056665,0.042092,0.095831,0.153258,0.120412,0.076306,0.071899
0.007874,0.007915,0.077891,0.147245,0.538597,0.016108,0.071763,0.034511,0.041257,0.056838
0.094401,0.175781,0.031541,0.033167,0.383791,0.019594,0.082887,0.097974,0.036312,0.044554
0.037502,0.006050,0.009927,0.091219,0.613557,0.074915,0.028042,0.060760,0.037781,0.040248
0.001757,0.003434,0.591160,0.016609,0.331801,0.008166,0.008735,0.004959,0.012621,0.020758
0.003615,0.005948,0.510721,0.050630,0.335904,0.013139,0.045101,0.018760,0.004068,0.012114
0.054910,0.169989,0.002907,0.058241,0.519794,0.031061,0.128130,0.022497,0.003568,0.008902
0.003744,0.007872,0.142620,0.052253,0.644280,0.030522,0.021003,0.039033,0.010327,0.048346
0.059346,0.012561,0.016918,0.020550,0.401417,0.127488,0.008421,0.093773,0.231699,0.027828
0.005197,0.007206,0.514391,0.026814,0.372541,0.021195,0.001755,0.023341,0.005820,0.021740
0.001719,0.149613,0.717692,0.004285,0.068184,0.002214,0.020373,0.029411,0.003318,0.003192
0.036866,0.185753,0.008693,0.083521,0.495524,0.064548,0.044190,0.050837,0.012517,0.017552
0.030117,0.049273,0.160192,0.024045,0.301060,0.060059,0.017969,0.062224,0.272161,0.022900
0.065145,0.096283,0.004057,0.022080,0.213078,0.019668,0.034064,0.116416,0.421098,0.008113
0.063081,0.006491,0.010121,0.056426,0.597044,0.007369,0.058314,0.038484,0.123336,0.039334
0.037226,0.236563,0.015729,0.014427,0.370226,0.057888,0.078442,0.011072,0.157489,0.020938
0.005767,0.184482,0.010891,0.036966,0.503132,0.068917,0.060380,0.072392,0.051181,0.005892
0.013949,0.002893,0.720478,0.026231,0.123921,0.025246,0.017343,0.007363,0.005922,0.056654
0.000771,0.000310,0.626820,0.004538,0.300083,0.019410,0.017808,0.006732,0.011526,0.012001
0.004509,0.137106,0.478237,0.028237,0.282617,0.012705,0.018879,0.000929,0.017607,0.019174
0.001216,0.001183,0.791390,0.024487,0.151058,0.003948,0.001253,0.006901,0.016700,0.001864
0.010499,0.003278,0.553592,0.010521,0.302369,0.010054,0.012941,0.018167,0.013114,0.065466
0.034735,0.002481,0.006828,0.056010,0.173403,0.098895,0.002271,0.027014,0.572233,0.026130
0.024566,0.016525,0.021219,0.068471,0.540491,0.011903,0.049112,0.031396,0.204128,0.032190
0.004964,0.045227,0.354328,0.001538,0.117587,0.006123,0.011845,0.002958,0.440454,0.014975
0.003701,0.028044,0.417868,0.018822,0.140498,0.003006,0.016187,0.014775,0.340739,0.016360
0.051290,0.009333,0.625220,0.019654,0.122764,0.005448,0.004843,0.023858,0.127188,0.010403
0.050633,0.012494,0.010421,0.010908,0.439649,0.004677,0.030005,0.202148,0.204850,0.034215
0.003921,0.001180,0.661602,0.005767,0.251114,0.001121,0.027932,0.005136,0.031010,0.011217
0.122696,0.107788,0.051455,0.067260,0.029072,0.101855,0.265458,0.076765,0.053686,0.123966
0.000325,0.000756,0.700435,0.008231,0.107232,0.002440,0.013003,0.007198,0.159748,0.000631
0.001350,0.000188,0.438005,0.038509,0.139994,0.018631,0.025730,0.015970,0.311706,0.009917
0.000950,0.001679,0.890604,0.004225,0.032698,0.003152,0.016780,0.042444,0.006222,0.001246
0.003921,0.001295,0.003036,0.050407,0.345070,0.025530,0.034909,0.039087,0.408054,0.088692
0.009312,0.105851,0.671154,0.002882,0.052852,0.001079,0.045413,0.031243,0.077558,0.002655
0.118487,0.008307,0.013703,0.059490,0.318216,0.006456,0.033376,0.226602,0.092591,0.122773
0.025003,0.011335,0.089339,0.026740,0.672416,0.021288,0.002684,0.036157,0.050271,0.064768
0.012553,0.007754,0.825164,0.009560,0.072974,0.000862,0.021179,0.018827,0.023843,0.007284
0.018336,0.000877,0.771756,0.016957,0.121133,0.000640,0.006466,0.045502,0.015297,0.003037
0.005378,0.007776,0.596161,0.010754,0.082381,0.003468,0.002487,0.021524,0.239657,0.030414
0.067004,0.114817,0.112799,0.110363,0.202569,0.108061,0.086592,0.044191,0.067963,0.085641
0.007509,0.002055,0.717250,0.016722,0.160273,0.007678,0.027688,0.024351,0.023757,0.012719
0.015770,0.001061,0.735146,0.004446,0.109611,0.001218,0.044684,0.012560,0.009834,0.065668
0.001664,0.003129,0.894080,0.000834,0.054362,0.000476,0.011484,0.010884,0.020844,0.002244
0.013174,0.000265,0.825161,0.001558,0.131529,0.000184,0.014395,0.005243,0.006317,0.002175
0.003486,0.003025,0.428799,0.007804,0.275575,0.020485,0.000360,0.050969,0.180902,0.028595
0.049789,0.010470,0.017986,0.028970,0.411450,0.006837,0.016560,0.172167,0.093903,0.191867
0.003339,0.001063,0.528772,0.009998,0.102714,0.019752,0.002581,0.015977,0.296476,0.019329
0.003621,0.000612,0.535949,0.040121,0.319139,0.016340,0.025086,0.021794,0.027306,0.010034
0.013224,0.001289,0.245850,0.020352,0.271665,0.027638,0.005143,0.059211,0.151741,0.203887
0.005012,0.000195,0.693024,0.005204,0.241514,0.006105,0.022012,0.005960,0.010619,0.010355
0.062657,0.129437,0.137319,0.106801,0.056272,0.124116,0.113217,0.119821,0.074625,0.075734
0.011146,0.000123,0.875129,0.002520,0.069967,0.004231,0.015349,0.001921,0.006879,0.012734
0.032152,0.005880,0.008758,0.028248,0.486731,0.094762,0.054676,0.042995,0.074079,0.171718
0.000428,0.051240,0.852563,0.004477,0.058979,0.003737,0.020801,0.001438,0.004779,0.001556
0.008149,0.007668,0.006414,0.032926,0.567622,0.004016,0.042101,0.021354,0.201632,0.108118
0.013678,0.000923,0.637831,0.025695,0.103926,0.017042,0.000950,0.108437,0.016605,0.074913
0.011170,0.002610,0.514696,0.046307,0.341097,0.013607,0.028294,0.020362,0.016577,0.005281
0.008175,0.006873,0.576055,0.018256,0.364377,0.001258,0.002050,0.006756,0.003610,0.012588
0.009100,0.000174,0.917836,0.016210,0.029711,0.003877,0.013465,0.003143,0.000692,0.005791
0.016153,0.044419,0.300793,0.006831,0.423765,0.013560,0.034965,0.087397,0.040381,0.031735
0.005939,0.000925,0.425994,0.016699,0.115657,0.018050,0.001500,0.031556,0.344164,0.039516
0.013504,0.006295,0.761921,0.006587,0.118829,0.012125,0.017159,0.025294,0.003812,0.034476
0.070181,0.003763,0.021792,0.089043,0.522239,0.124361,0.006029,0.031886,0.024284,0.106422
0.072596,0.006769,0.118325,0.163417,0.452009,0.035594,0.003842,0.019801,0.038771,0.088876
0.023029,0.387684,0.009572,0.031574,0.343165,0.067899,0.058153,0.050728,0.011027,0.017169
0.132654,0.022641,0.018967,0.047596,0.539866,0.009148,0.035105,0.108570,0.060700,0.024753
0.002303,0.000892,0.691970,0.005146,0.254111,0.004299,0.000294,0.004161,0.034597,0.002227
0.000740,0.000105,0.765679,0.004641,0.029221,0.004301,0.003324,0.005481,0.176049,0.010458
0.008041,0.000698,0.481891,0.022000,0.367770,0.011728,0.064591,0.024187,0.012400,0.006695
0.025847,0.132209,0.475911,0.007708,0.249479,0.007626,0.040848,0.006349,0.018246,0.035775
0.003365,0.001321,0.710224,0.027015,0.196059,0.000325,0.005564,0.043845,0.003717,0.008565
0.004703,0.001013,0.765652,0.016276,0.175984,0.003058,0.000068,0.004618,0.007713,0.020915
0.051760,0.010873,0.012369,0.018015,0.726152,0.008865,0.024347,0.089376,0.044266,0.013977
0.009488,0.001275,0.690526,0.032764,0.131554,0.024950,0.049468,0.014304,0.032080,0.013591
0.059817,0.052531,0.282459,0.042678,0.212655,0.077786,0.045933,0.055298,0.127119,0.043723
0.035903,0.001459,0.663287,0.031163,0.144224,0.030114,0.002071,0.036283,0.031327,0.024169
0.012652,0.008249,0.318719,0.008440,0.045388,0.016232,0.005748,0.118502,0.451081,0.014989
0.045215,0.009953,0.456923,0.022960,0.383488,0.003880,0.003935,0.012157,0.014145,0.047345
0.002834,0.000463,0.462633,0.053244,0.383865,0.026543,0.029842,0.012311,0.014721,0.013544
0.013753,0.004141,0.015222,0.020411,0.407669,0.149916,0.061866,0.078282,0.196278,0.052464
0.006440,0.000708,0.524679,0.011411,0.346070,0.029719,0.001353,0.024544,0.046497,0.008580
0.008908,0.006602,0.822733,0.027327,0.063217,0.001249,0.014756,0.015854,0.014057,0.025296
0.098897,0.003046,0.011340,0.100015,0.291254,0.057745,0.071232,0.266315,0.082842,0.017313
0.010783,0.000559,0.647738,0.024472,0.177153,0.016787,0.031756,0.066348,0.017480,0.006923
0.009466,0.000733,0.667596,0.017416,0.177253,0.000514,0.036672,0.059489,0.008101,0.022759
0.008548,0.001212,0.789804,0.011916,0.153401,0.003633,0.010422,0.012869,0.005910,0.002286
0.001672,0.069620,0.688497,0.003138,0.203370,0.003045,0.013741,0.006830,0.005598,0.004489
0.152128,0.108586,0.089886,0.079539,0.058099,0.092097,0.173648,0.096116,0.073709,0.076191
0.026439,0.001998,0.498318,0.017289,0.306893,0.001348,0.011399,0.024610,0.087630,0.024076
0.004604,0.000969,0.785278,0.015307,0.063162,0.001780,0.031126,0.029575,0.013445,0.054753
0.006290,0.003557,0.507984,0.047183,0.259342,0.009377,0.085493,0.016842,0.044438,0.019495
0.002043,0.000804,0.727919,0.020756,0.190612,0.007976,0.018395,0.009918,0.001434,0.020143
0.012952,0.010135,0.008603,0.055402,0.731776,0.079031,0.023745,0.040260,0.008741,0.029356
0.019355,0.000419,0.435707,0.018800,0.279548,0.006283,0.023083,0.002670,0.204674,0.009461
0.099482,0.144493,0.154758,0.078307,0.089959,0.112609,0.084454,0.102891,0.079494,0.053552
0.004123,0.000583,0.696970,0.027612,0.095071,0.018076,0.037141,0.094841,0.018464,0.007120
0.067675,0.202674,0.004597,0.010917,0.505703,0.051022,0.023505,0.121713,0.005721,0.006472
0.001931,0.101744,0.692293,0.007584,0.154427,0.006235,0.018544,0.002038,0.014388,0.000815
0.085857,0.139847,0.284112,0.058343,0.082652,0.044457,0.061359,0.145614,0.059151,0.038606
0.074182,0.120388,0.194128,0.054378,0.055079,0.117533,0.133395,0.085618,0.084980,0.080319
0.006349,0.002505,0.522405,0.031602,0.353509,0.019738,0.030696,0.010955,0.011280,0.010961
0.140705,0.112405,0.174402,0.068771,0.114388,0.046312,0.072151,0.178781,0.051020,0.041065
0.027179,0.004602,0.009189,0.033050,0.257708,0.038513,0.051416,0.009525,0.558030,0.010787
0.010794,0.245272,0.013345,0.011498,0.365021,0.042283,0.009787,0.039325,0.132105,0.130570
0.036040,0.001491,0.657245,0.007667,0.069767,0.001168,0.022918,0.069073,0.131027,0.003604
0.021243,0.003134,0.684367,0.027688,0.216458,0.000864,0.005397,0.013750,0.008548,0.018550
0.133545,0.009534,0.014191,0.033363,0.448432,0.122268,0.072586,0.145004,0.009256,0.011821
0.006218,0.003061,0.583448,0.048735,0.123588,0.002982,0.031119,0.086170,0.023459,0.091221
0.019208,0.055943,0.192646,0.052285,0.417511,0.026339,0.021083,0.118202,0.022175,0.074608
0.024111,0.034373,0.017561,0.153648,0.441706,0.050955,0.011770,0.107279,0.121088,0.037511
0.007256,0.002708,0.455340,0.028464,0.268543,0.031118,0.002417,0.015090,0.158512,0.030551
0.050998,0.015687,0.023650,0.080365,0.440143,0.039613,0.083810,0.075324,0.073390,0.117020
0.019702,0.204788,0.005348,0.017424,0.600622,0.025866,0.101258,0.007003,0.006686,0.011304
0.076636,0.151637,0.131934,0.062693,0.080702,0.121211,0.118073,0.073520,0.097945,0.085649
0.006572,0.030449,0.733936,0.004146,0.176885,0.001498,0.025571,0.003246,0.012386,0.005314
0.091887,0.140102,0.177967,0.100333,0.127448,0.076551,0.054407,0.043026,0.078662,0.109617
0.010819,0.009075,0.007160,0.017830,0.487733,0.004170,0.056937,0.033768,0.352540,0.019969
0.024413,0.275453,0.007049,0.061260,0.356534,0.029483,0.040371,0.038340,0.080523,0.086573
0.004184,0.142546,0.560935,0.001976,0.197251,0.016488,0.035266,0.018425,0.020059,0.002871
0.004127,0.000667,0.700543,0.040155,0.171767,0.009781,0.041247,0.010296,0.015311,0.006106
0.052198,0.051382,0.045538,0.038369,0.450230,0.026341,0.030796,0.121758,0.045494,0.137895
0.005006,0.000229,0.699688,0.024089,0.111809,0.000184,0.005172,0.000683,0.152165,0.000974
0.002044,0.153940,0.624830,0.031858,0.101283,0.011043,0.055256,0.001873,0.002457,0.015416
0.010031,0.012012,0.013178,0.135891,0.541318,0.101192,0.005239,0.067205,0.102439,0.011495
0.003949,0.158790,0.338296,0.009661,0.376917,0.007514,0.029475,0.058280,0.014993,0.002125
0.029569,0.000511,0.612311,0.011930,0.175339,0.015186,0.012047,0.070644,0.065438,0.007025
0.054095,0.006260,0.012066,0.084363,0.635254,0.060295,0.008980,0.065827,0.055097,0.017762
0.015957,0.001472,0.507417,0.018171,0.390241,0.007932,0.049024,0.003585,0.003057,0.003146
0.018569,0.015216,0.019919,0.031894,0.544500,0.102810,0.014388,0.098993,0.011422,0.142290
0.003556,0.001516,0.543054,0.020551,0.323361,0.011857,0.023298,0.053882,0.012693,0.006231
0.025511,0.094244,0.010874,0.069269,0.452970,0.006082,0.015709,0.012786,0.291248,0.021307
0.019029,0.012986,0.013949,0.102812,0.285588,0.007419,0.007100,0.095539,0.277571,0.178007
0.050337,0.021524,0.009080,0.042468,0.535284,0.072625,0.006941,0.141985,0.046704,0.073053
0.027679,0.001749,0.158177,0.028278,0.406777,0.032831,0.131929,0.050872,0.149122,0.012585
0.001524,0.000547,0.859509,0.021084,0.079929,0.008069,0.008987,0.009950,0.008409,0.001992
0.149727,0.020437,0.028963,0.115113,0.278051,0.087548,0.032232,0.087008,0.035380,0.165540
0.010407,0.004086,0.621437,0.007351,0.111154,0.004796,0.068443,0.034433,0.027027,0.110865
0.022130,0.135423,0.005302,0.061156,0.398702,0.047822,0.078241,0.146015,0.093223,0.011986
0.041534,0.008426,0.006896,0.039313,0.717128,0.090184,0.009266,0.031996,0.034013,0.021245
0.010899,0.000770,0.755719,0.018279,0.100005,0.031452,0.034453,0.023475,0.018533,0.006415
0.007851,0.000461,0.525702,0.009442,0.306935,0.013127,0.011251,0.062577,0.038363,0.024290
0.007455,0.005100,0.680353,0.024655,0.225373,0.019475,0.001189,0.016142,0.005186,0.015073
0.015297,0.128928,0.785527,0.008100,0.042891,0.006845,0.005066,0.006629,0.000262,0.000454
0.021650,0.000378,0.688042,0.020280,0.077219,0.011693,0.026966,0.081890,0.065955,0.005928
0.023058,0.016555,0.010896,0.128016,0.242197,0.083987,0.003315,0.242245,0.158368,0.091363
0.006554,0.004030,0.533395,0.036726,0.342912,0.010295,0.032688,0.021851,0.004071,0.007478
0.010066,0.036391,0.664336,0.004728,0.123859,0.000611,0.044500,0.016342,0.097856,0.001312
0.070560,0.001482,0.213772,0.128682,0.330413,0.062018,0.009961,0.083197,0.046201,0.053715
0.009272,0.002351,0.500701,0.026014,0.382347,0.000662,0.035779,0.012074,0.028580,0.002219
0.023616,0.184689,0.009043,0.163182,0.378236,0.038116,0.107826,0.058548,0.012746,0.023998
0.002196,0.040529,0.790794,0.000657,0.035819,0.006930,0.000500,0.006587,0.115050,0.000938
0.018208,0.002377,0.494430,0.021183,0.387242,0.005716,0.018612,0.018875,0.031627,0.001730
0.006772,0.087351,0.480414,0.002634,0.330548,0.001168,0.016963,0.018527,0.002098,0.053527
0.008756,0.002263,0.644815,0.043151,0.100256,0.011728,0.032389,0.098907,0.014688,0.043046
0.033992,0.003504,0.800158,0.003607,0.067366,0.001002,0.019358,0.017940,0.015477,0.037596
0.103711,0.255341,0.018171,0.018239,0.349494,0.072346,0.007676,0.047112,0.114186,0.013723
0.016846,0.006614,0.005349,0.028413,0.198760,0.042730,0.032537,0.030135,0.594022,0.044595
0.010962,0.007744,0.004892,0.077486,0.587443,0.003050,0.060806,0.027324,0.168231,0.052061
0.001228,0.000369,0.764001,0.003395,0.046968,0.000304,0.018687,0.006030,0.141946,0.017072
0.003278,0.220863,0.012494,0.059911,0.520002,0.042832,0.070568,0.040285,0.025657,0.004111
0.009349,0.006230,0.127991,0.116866,0.582160,0.023277,0.008794,0.051498,0.056613,0.017222
0.033787,0.007697,0.259463,0.020463,0.349213,0.050599,0.056550,0.021194,0.192682,0.008354
0.067686,0.096796,0.150659,0.039517,0.031574,0.087228,0.175119,0.188964,0.064202,0.098254
0.000970,0.238969,0.514781,0.027298,0.176336,0.009213,0.001850,0.018142,0.010665,0.001777
0.011672,0.001937,0.349120,0.026782,0.067951,0.010603,0.000937,0.015023,0.484419,0.031557
0.001163,0.000254,0.849592,0.002931,0.051155,0.015227,0.000298,0.046605,0.015512,0.017264
0.020684,0.024656,0.021800,0.030039,0.586205,0.015352,0.013960,0.050126,0.199310,0.037869
0.022097,0.002184,0.671026,0.050690,0.138996,0.002995,0.066220,0.007600,0.025847,0.012345
0.004392,0.274033,0.488432,0.003089,0.151244,0.014157,0.026733,0.016972,0.000649,0.020299
0.104838,0.142693,0.302340,0.047333,0.047240,0.040563,0.067241,0.128578,0.070167,0.049006
0.006082,0.007068,0.088468,0.016243,0.625863,0.019676,0.024710,0.042182,0.104358,0.065352
0.038993,0.003476,0.006241,0.050298,0.753205,0.075537,0.005067,0.025978,0.031512,0.009692
0.002179,0.002617,0.659231,0.016063,0.237050,0.013095,0.000264,0.055584,0.010663,0.003253
0.006482,0.000838,0.456660,0.084755,0.326385,0.015588,0.048216,0.022773,0.030624,0.007680
0.000357,0.000817,0.917009,0.014804,0.026602,0.004398,0.002409,0.008101,0.014563,0.010940
0.026661,0.003612,0.018355,0.040826,0.464139,0.150358,0.077778,0.145899,0.019136,0.053236
0.020959,0.000466,0.792254,0.013214,0.147676,0.000455,0.002335,0.001914,0.016121,0.004606
0.010464,0.021147,0.252740,0.048865,0.334946,0.034661,0.159696,0.043877,0.064904,0.028700
0.008959,0.112045,0.544160,0.023567,0.261951,0.001482,0.020072,0.021985,0.002708,0.003071
0.015220,0.000694,0.077301,0.046041,0.572056,0.022995,0.052972,0.125005,0.038065,0.049651
0.030515,0.009887,0.231352,0.087357,0.078933,0.014856,0.029698,0.060881,0.378963,0.077556
0.088829,0.011463,0.010189,0.071335,0.565002,0.058390,0.061511,0.043976,0.050608,0.038697
0.001073,0.113226,0.813794,0.000555,0.046452,0.005685,0.004873,0.008044,0.005702,0.000594
0.005874,0.003666,0.647719,0.027776,0.219270,0.015661,0.048052,0.015233,0.006571,0.010177
0.004582,0.337940,0.017949,0.060796,0.386551,0.020478,0.069694,0.054129,0.024413,0.023468
0.024207,0.001254,0.687947,0.040739,0.124448,0.000954,0.022588,0.026826,0.046732,0.024305
0.010813,0.000775,0.652486,0.074665,0.123302,0.015589,0.041527,0.028711,0.041413,0.010720
0.011563,0.002911,0.649732,0.019671,0.124233,0.028494,0.042327,0.029669,0.077697,0.013704
0.000554,0.000201,0.786408,0.018340,0.150657,0.010989,0.001101,0.010466,0.008996,0.012287
0.001702,0.000207,0.596610,0.022045,0.158168,0.005306,0.014558,0.010258,0.184477,0.006669
0.001988,0.044376,0.877971,0.007620,0.030868,0.003886,0.004108,0.008612,0.019077,0.001495
0.033175,0.162024,0.008020,0.080494,0.447157,0.065788,0.103966,0.034153,0.049085,0.016137
0.001189,0.001282,0.770839,0.016376,0.149739,0.003525,0.014423,0.010600,0.020862,0.011165
0.001161,0.001022,0.919984,0.002234,0.042514,0.009856,0.005049,0.010104,0.006157,0.001918
0.007587,0.003969,0.445898,0.015629,0.430985,0.021505,0.034006,0.019005,0.015395,0.006020
0.000985,0.279961,0.287978,0.006567,0.320818,0.006950,0.001448,0.059071,0.000575,0.035647
0.072332,0.027236,0.025659,0.075820,0.263659,0.019089,0.016578,0.069837,0.351302,0.078487
0.004379,0.307278,0.008367,0.005195,0.304990,0.086391,0.050810,0.078526,0.076679,0.077385
0.110193,0.122161,0.175000,0.043766,0.208280,0.037549,0.080903,0.085532,0.081255,0.055361
0.067627,0.005129,0.008102,0.062368,0.474900,0.029299,0.003426,0.013273,0.277626,0.058249
0.013885,0.013645,0.006781,0.119242,0.560137,0.056737,0.044393,0.067125,0.058971,0.059085
0.005270,0.100301,0.648971,0.024119,0.146645,0.007877,0.009389,0.014355,0.038899,0.004174
0.006402,0.004734,0.508884,0.048753,0.327081,0.017859,0.042053,0.015133,0.012845,0.016255
0.013883,0.012017,0.010759,0.153342,0.522592,0.005616,0.063381,0.052584,0.087284,0.078542
0.039893,0.188202,0.013657,0.153306,0.251140,0.005531,0.060984,0.133290,0.111985,0.042012
0.006507,0.002962,0.738392,0.028555,0.155319,0.003064,0.003155,0.021811,0.018581,0.021654
0.003234,0.002431,0.737263,0.030846,0.138627,0.001048,0.000591,0.015863,0.018645,0.051453
0.021166,0.009329,0.482288,0.010493,0.193888,0.044152,0.056609,0.020166,0.148356,0.013552
0.017825,0.019876,0.011866,0.041010,0.493525,0.042168,0.108214,0.076460,0.163848,0.025209
0.001795,0.171596,0.334127,0.002138,0.349343,0.006755,0.046683,0.003317,0.023212,0.061034
0.011614,0.207226,0.009393,0.033194,0.266707,0.052264,0.088782,0.014353,0.235335,0.081132
0.013274,0.000926,0.491958,0.031863,0.297609,0.025033,0.001597,0.067411,0.062257,0.008071
0.131267,0.092786,0.130577,0.069708,0.037758,0.076662,0.159980,0.138426,0.083421,0.079416
0.097674,0.234805,0.032820,0.086188,0.313797,0.034475,0.103331,0.030986,0.057441,0.008484
0.002856,0.000469,0.551603,0.037021,0.307793,0.014685,0.025032,0.052559,0.003451,0.004531
0.041032,0.002791,0.019975,0.104286,0.531428,0.071284,0.082455,0.075839,0.049498,0.021413
0.005830,0.315800,0.027313,0.011795,0.441100,0.045526,0.030020,0.074056,0.037125,0.011437
0.093936,0.104565,0.060967,0.061926,0.036992,0.111761,0.289788,0.068052,0.090787,0.081226
0.030819,0.000941,0.723686,0.021155,0.107139,0.020361,0.021935,0.024136,0.031142,0.018687
0.023137,0.001952,0.694974,0.036646,0.125409,0.029848,0.003568,0.015182,0.037469,0.031816
0.051570,0.001051,0.604621,0.074054,0.143962,0.032137,0.017945,0.038359,0.028130,0.008170
0.002138,0.199636,0.528356,0.002497,0.116515,0.006219,0.025922,0.087080,0.029834,0.001804
0.024508,0.146928,0.506890,0.029692,0.226701,0.006284,0.034724,0.020410,0.001169,0.002693
0.002333,0.244393,0.528618,0.027403,0.145003,0.009710,0.011938,0.001338,0.027810,0.001453
0.019678,0.000623,0.551857,0.007141,0.061451,0.014264,0.000516,0.067692,0.249972,0.026806
0.006993,0.005464,0.604499,0.009916,0.235901,0.010018,0.000460,0.013671,0.044550,0.068529
0.023143,0.000963,0.582255,0.015421,0.130729,0.000982,0.008693,0.019318,0.211319,0.007178
0.065868,0.009779,0.020466,0.077603,0.292124,0.139488,0.012914,0.095288,0.161605,0.124865
0.002794,0.003908,0.668616,0.006779,0.175400,0.018018,0.021178,0.027236,0.042543,0.033529
0.028580,0.048136,0.501633,0.008167,0.259930,0.001097,0.010356,0.062707,0.011336,0.068058
0.003078,0.000320,0.688542,0.048208,0.197876,0.007944,0.027013,0.012812,0.010502,0.003705
0.042443,0.011389,0.010922,0.067388,0.531014,0.118054,0.055820,0.052153,0.087739,0.023078
0.006518,0.014813,0.223175,0.034130,0.307169,0.056884,0.155420,0.059579,0.122651,0.019661
0.058577,0.004874,0.015593,0.026093,0.301470,0.120451,0.134214,0.201865,0.102051,0.034812
0.001392,0.013573,0.886758,0.005811,0.048209,0.000395,0.011569,0.002378,0.011299,0.018615
0.059810,0.129498,0.058922,0.075946,0.144170,0.124454,0.206308,0.077871,0.059543,0.063479
0.007570,0.010862,0.004470,0.053849,0.742472,0.036728,0.106999,0.013732,0.012705,0.010613
0.011940,0.001439,0.298368,0.023892,0.248996,0.005021,0.003906,0.051673,0.332479,0.022286
0.050089,0.019183,0.014358,0.095300,0.413248,0.069955,0.090325,0.108715,0.024901,0.113927
0.033808,0.001535,0.584677,0.080938,0.130115,0.025456,0.001954,0.028714,0.066204,0.046599
0.032847,0.226438,0.011927,0.030853,0.390448,0.054837,0.031171,0.043170,0.048630,0.129680
0.025997,0.058270,0.340062,0.041002,0.156582,0.050609,0.100094,0.095708,0.081561,0.050115
0.001468,0.001045,0.843672,0.023756,0.048803,0.006831,0.025354,0.014833,0.029921,0.004317
0.080969,0.118536,0.132133,0.157475,0.091135,0.083171,0.088692,0.046943,0.096731,0.104215
0.001535,0.162307,0.464324,0.003096,0.223117,0.009083,0.044480,0.064307,0.008281,0.019471
0.006141,0.006891,0.665293,0.107088,0.120116,0.013239,0.000646,0.030724,0.004501,0.045360
0.020606,0.444392,0.004209,0.009652,0.247644,0.040283,0.054138,0.051481,0.028151,0.099444
0.006493,0.000725,0.619332,0.034687,0.236685,0.009901,0.049246,0.018217,0.005083,0.019630
0.003771,0.002590,0.555093,0.042738,0.355360,0.000498,0.019625,0.009171,0.004319,0.006834
0.015875,0.006820,0.002554,0.040126,0.378432,0.021528,0.005175,0.021192,0.463605,0.044693
0.127168,0.071904,0.036022,0.093733,0.032351,0.063850,0.264515,0.158358,0.046387,0.105714
0.020238,0.005554,0.152505,0.084462,0.210422,0.021732,0.003984,0.044582,0.397569,0.058954
0.028336,0.066898,0.244874,0.016293,0.130197,0.036353,0.127825,0.085761,0.120950,0.142514
0.036831,0.000586,0.655223,0.010468,0.116921,0.017546,0.048875,0.028901,0.061964,0.022685
0.010426,0.002974,0.728151,0.049648,0.104899,0.015283,0.037008,0.042010,0.002360,0.007242
0.014375,0.001937,0.538585,0.021424,0.120313,0.005015,0.000241,0.055108,0.228308,0.014694
0.022314,0.013469,0.007964,0.128708,0.615102,0.006729,0.083227,0.068535,0.029807,0.024145
0.062862,0.089145,0.018136,0.100161,0.272934,0.011340,0.067453,0.020872,0.264628,0.092469
0.047924,0.021075,0.018002,0.048271,0.475187,0.013166,0.011805,0.026689,0.184615,0.153266
0.045360,0.003632,0.011194,0.018198,0.220020,0.070317,0.003976,0.043787,0.550208,0.033307
0.116528,0.169039,0.050002,0.006942,0.479546,0.031692,0.029994,0.101183,0.007635,0.007439
0.010502,0.003079,0.005471,0.073790,0.254084,0.117492,0.079790,0.013092,0.434840,0.007861
0.027908,0.071419,0.161345,0.027852,0.470350,0.035329,0.036357,0.059382,0.082635,0.027423
0.011518,0.186687,0.009164,0.017716,0.445417,0.085746,0.106498,0.040552,0.082759,0.013943
0.114714,0.096194,0.052515,0.092068,0.037413,0.094661,0.350446,0.056299,0.049422,0.056269
0.072962,0.012492,0.007480,0.121134,0.330444,0.002802,0.067616,0.060655,0.253928,0.070487
0.019074,0.032536,0.012846,0.030000,0.737673,0.007410,0.060055,0.020481,0.013750,0.066175
0.010094,0.000709,0.404485,0.051717,0.287152,0.014518,0.001899,0.012702,0.211032,0.005691
0.122377,0.078585,0.142014,0.039903,0.022777,0.087173,0.249664,0.166413,0.032591,0.058504
0.003019,0.005275,0.446094,0.011705,0.361828,0.009346,0.047091,0.013530,0.029628,0.072485
0.009856,0.003063,0.707205,0.028042,0.159038,0.011922,0.003668,0.026114,0.033763,0.017329
0.003053,0.000333,0.770270,0.028766,0.143831,0.013917,0.000951,0.004961,0.004138,0.029781
0.000656,0.001115,0.687777,0.002735,0.203285,0.004847,0.010972,0.041673,0.026162,0.020778
0.006882,0.000795,0.647992,0.015736,0.198794,0.017604,0.054058,0.020083,0.013854,0.024203
0.007010,0.006282,0.005304,0.029888,0.835060,0.018751,0.008245,0.026821,0.022347,0.040293
0.021767,0.005738,0.003832,0.047239,0.387184,0.065660,0.001649,0.023652,0.403709,0.039569
0.006853,0.001692,0.555437,0.012204,0.366717,0.020396,0.006886,0.012557,0.015636,0.001622
0.123262,0.126244,0.139045,0.056764,0.078795,0.142323,0.120971,0.061998,0.084167,0.066431
0.007073,0.172890,0.494600,0.003693,0.240127,0.008494,0.045032,0.021944,0.001084,0.005064
0.039082,0.009774,0.007546,0.014949,0.146209,0.084031,0.039803,0.032172,0.578470,0.047964
0.011375,0.014121,0.006905,0.067428,0.784585,0.003855,0.039078,0.040204,0.006822,0.025628
0.051875,0.010294,0.023598,0.038759,0.586546,0.009694,0.101322,0.074489,0.079801,0.023623
0.015516,0.002502,0.834044,0.006849,0.076809,0.000406,0.030321,0.008177,0.020328,0.005047
0.068426,0.038137,0.016205,0.031474,0.554518,0.006811,0.042710,0.100041,0.110149,0.031529
0.002681,0.000366,0.706151,0.013838,0.201510,0.007809,0.002318,0.021669,0.038949,0.004710
0.002803,0.001440,0.922548,0.003781,0.035278,0.002783,0.009996,0.006665,0.005288,0.009418
0.005965,0.154567,0.500866,0.049814,0.195321,0.009605,0.013877,0.001059,0.034470,0.034456
0.002787,0.002897,0.600098,0.010020,0.280021,0.000190,0.017331,0.002841,0.045038,0.038777
0.007243,0.002636,0.427306,0.030040,0.134881,0.001932,0.021786,0.022327,0.328646,0.023203
0.045522,0.012931,0.010370,0.178768,0.400194,0.125658,0.032550,0.117910,0.058836,0.017262
0.015858,0.018882,0.298239,0.022405,0.066821,0.025200,0.058419,0.133114,0.275350,0.085711
0.025980,0.010110,0.005887,0.065094,0.640075,0.020031,0.010039,0.027867,0.076180,0.118737
0.041914,0.000561,0.698285,0.020881,0.121487,0.020499,0.040336,0.021318,0.027803,0.006915
0.003239,0.103228,0.532237,0.008057,0.320551,0.005116,0.014480,0.009277,0.000953,0.002862
0.005987,0.000501,0.845373,0.025295,0.074335,0.000429,0.016708,0.011472,0.005901,0.014000
0.008168,0.001858,0.229983,0.108191,0.306437,0.056402,0.005140,0.018604,0.057480,0.207737
0.014078,0.003089,0.013939,0.063737,0.599028,0.134141,0.011853,0.065106,0.066065,0.028964
0.111641,0.105569,0.121390,0.069924,0.118210,0.108532,0.108482,0.067285,0.072899,0.116067
0.006817,0.001511,0.899354,0.011696,0.037779,0.000622,0.018071,0.019767,0.000586,0.003798
0.010971,0.149513,0.003538,0.006010,0.306139,0.021774,0.030985,0.042759,0.377169,0.051142
0.035482,0.056948,0.379349,0.024417,0.295197,0.050605,0.034309,0.068473,0.033177,0.022043
0.015840,0.000803,0.701212,0.012962,0.118605,0.013127,0.047035,0.031854,0.006097,0.052465
0.084672,0.110841,0.070315,0.108486,0.059468,0.131676,0.176446,0.065046,0.094851,0.098199
0.008373,0.009107,0.009738,0.091328,0.233973,0.111133,0.005544,0.057318,0.443894,0.029593
0.002958,0.000664,0.818908,0.021432,0.072061,0.016158,0.000977,0.005963,0.054210,0.006668
0.001727,0.002081,0.713262,0.011123,0.229772,0.000712,0.003739,0.017638,0.015821,0.004126
0.111444,0.094266,0.090176,0.099075,0.059789,0.104718,0.151319,0.097588,0.102192,0.089434
0.009756,0.158451,0.007144,0.131918,0.468986,0.051198,0.029728,0.028872,0.078408,0.035539
0.001707,0.066208,0.830961,0.002997,0.034380,0.003702,0.008594,0.048969,0.000698,0.001785
0.021470,0.002364,0.005338,0.029980,0.128101,0.030862,0.045172,0.040941,0.605295,0.090476
0.004410,0.000251,0.659201,0.007741,0.117818,0.005070,0.015321,0.015532,0.157985,0.016672
0.000891,0.116713,0.638194,0.006289,0.179077,0.015303,0.021653,0.009983,0.008698,0.003198
0.007382,0.000525,0.286100,0.005052,0.144662,0.006468,0.013053,0.009853,0.503590,0.023316
0.035458,0.002597,0.004430,0.072476,0.564020,0.040769,0.044755,0.116957,0.084853,0.033685
0.003217,0.000561,0.771689,0.007980,0.181610,0.004496,0.006620,0.007715,0.011784,0.004327
0.099597,0.115655,0.179691,0.044925,0.064491,0.101041,0.111826,0.164763,0.068111,0.049900
0.003700,0.004146,0.679963,0.035945,0.147686,0.002573,0.001940,0.003524,0.105634,0.014890
0.010498,0.008841,0.460804,0.015140,0.232993,0.007910,0.007753,0.054556,0.179370,0.022135
0.012059,0.008239,0.850967,0.010748,0.071726,0.000342,0.004379,0.031902,0.008229,0.001411
0.001900,0.001493,0.529751,0.036346,0.331630,0.011713,0.025900,0.009401,0.047926,0.003940
0.137063,0.011160,0.014734,0.161945,0.420249,0.079183,0.012372,0.084037,0.010046,0.069211
0.006962,0.004008,0.569103,0.018062,0.351432,0.000968,0.021747,0.012806,0.011017,0.003895
0.011106,0.002836,0.758704,0.009728,0.093794,0.016017,0.016687,0.007580,0.080461,0.003086
0.032870,0.021585,0.289794,0.075439,0.316887,0.068236,0.010309,0.073100,0.087225,0.024555
0.037212,0.011918,0.009635,0.076482,0.695009,0.004789,0.006846,0.075848,0.030460,0.051800
0.079287,0.150891,0.117410,0.104761,0.117680,0.139511,0.083961,0.063332,0.073274,0.069894
0.069007,0.002437,0.092776,0.035662,0.324332,0.034365,0.006032,0.018592,0.381325,0.035472
0.005073,0.002630,0.903516,0.003498,0.056662,0.001012,0.000967,0.017999,0.003634,0.005009
0.030352,0.057494,0.406908,0.027030,0.246326,0.041806,0.057377,0.064290,0.037711,0.030706
0.014741,0.014734,0.007004,0.138899,0.582022,0.047883,0.053504,0.072331,0.023484,0.045397
0.002632,0.001435,0.154129,0.014948,0.109641,0.007547,0.014982,0.006517,0.685484,0.002687
0.049651,0.012101,0.077779,0.100076,0.613569,0.035882,0.001270,0.032035,0.066330,0.011307
0.056880,0.001416,0.007413,0.140818,0.333278,0.077865,0.077503,0.042907,0.109758,0.152162
0.008489,0.000495,0.616034,0.008681,0.160241,0.000280,0.018110,0.007184,0.160380,0.020107
0.002709,0.003632,0.510161,0.019204,0.331331,0.019008,0.048196,0.005842,0.054607,0.005311
0.201432,0.033056,0.038522,0.039654,0.273216,0.020700,0.023680,0.123202,0.080724,0.165814
0.002309,0.000974,0.846715,0.019982,0.047510,0.004490,0.023608,0.044866,0.008051,0.001494
0.007028,0.000354,0.490886,0.021779,0.319377,0.017399,0.027243,0.062054,0.021722,0.032157
0.000952,0.049396,0.448808,0.003780,0.058629,0.005445,0.055470,0.004493,0.370990,0.002037
0.071323,0.085894,0.198567,0.069973,0.169964,0.088380,0.060802,0.036123,0.159807,0.059167
0.113598,0.029325,0.019970,0.030066,0.433465,0.111277,0.012757,0.034076,0.057809,0.157659
0.015090,0.018676,0.015965,0.210739,0.364303,0.011296,0.215717,0.054027,0.072986,0.021203
0.004917,0.002013,0.534926,0.028094,0.339968,0.017370,0.005732,0.051517,0.001095,0.014368
0.098868,0.144076,0.183248,0.097746,0.102007,0.099582,0.065323,0.043800,0.064016,0.101334
0.014801,0.012721,0.012994,0.135517,0.362743,0.007409,0.074299,0.066610,0.297779,0.015127
0.008973,0.002777,0.474208,0.047268,0.409519,0.014130,0.028973,0.010716,0.001637,0.001798
0.067022,0.083574,0.126758,0.053331,0.265524,0.062594,0.064522,0.054237,0.175310,0.047129
0.036330,0.108443,0.122939,0.052196,0.278925,0.058862,0.096833,0.069374,0.097437,0.078660
0.037829,0.005253,0.743584,0.034324,0.110844,0.017594,0.003763,0.041418,0.002475,0.002915
0.066396,0.170318,0.182320,0.041769,0.225057,0.045052,0.067795,0.090211,0.063500,0.047582
0.002871,0.084428,0.663355,0.007113,0.205284,0.004204,0.029279,0.001935,0.000792,0.000739
0.040318,0.003130,0.572459,0.011637,0.153741,0.001511,0.025832,0.097927,0.001740,0.091706
0.024375,0.001820,0.003024,0.042521,0.760785,0.037764,0.012912,0.006155,0.024483,0.086163
0.002534,0.003785,0.246948,0.010605,0.163836,0.009225,0.009990,0.010442,0.536439,0.006195
0.009070,0.002842,0.476637,0.005198,0.404511,0.028900,0.009200,0.044718,0.004691,0.014233
0.008574,0.002440,0.533223,0.010311,0.356524,0.009286,0.008468,0.055017,0.011858,0.004299
0.007666,0.003014,0.539721,0.025037,0.302878,0.010542,0.001883,0.081862,0.021691,0.005706
0.001210,0.104464,0.319547,0.004721,0.277763,0.006093,0.038275,0.010970,0.205298,0.031660
0.019341,0.020346,0.019865,0.097671,0.372394,0.012022,0.046229,0.067169,0.319860,0.025104
0.065471,0.220888,0.003938,0.047447,0.335495,0.042949,0.037475,0.139531,0.097670,0.009136
0.001143,0.078763,0.699269,0.022000,0.166785,0.000466,0.014315,0.007786,0.007924,0.001547
0.009706,0.003009,0.533813,0.011882,0.093546,0.000402,0.019510,0.063204,0.243852,0.021074
0.007693,0.001850,0.501566,0.048297,0.349007,0.009212,0.041156,0.011367,0.017684,0.012169
0.043498,0.001496,0.125198,0.052781,0.624804,0.039113,0.004368,0.028239,0.028644,0.051858
0.033101,0.213558,0.008637,0.044852,0.447593,0.061884,0.030284,0.099192,0.044684,0.016214
0.011658,0.020848,0.530958,0.009402,0.061470,0.027990,0.006111,0.011219,0.309951,0.010392
0.114332,0.115884,0.072936,0.070795,0.049442,0.133782,0.177451,0.075663,0.103423,0.086293
0.068958,0.312406,0.004487,0.055301,0.158118,0.035381,0.036300,0.173358,0.087347,0.068342
0.000613,0.059861,0.851539,0.001760,0.047284,0.007297,0.012872,0.011344,0.006051,0.001379
0.007909,0.152230,0.417533,0.013610,0.268879,0.003884,0.024672,0.011174,0.079563,0.020547
0.069637,0.012781,0.022746,0.133611,0.444890,0.010321,0.076669,0.082517,0.017074,0.129752
0.044651,0.013207,0.010391,0.040359,0.597926,0.004891,0.079705,0.070007,0.044335,0.094528
0.003867,0.108637,0.429165,0.002676,0.208020,0.011921,0.001257,0.015655,0.215732,0.003071
0.011006,0.000492,0.646962,0.060161,0.109953,0.024086,0.040584,0.012629,0.051557,0.042570
0.019436,0.045803,0.336170,0.033178,0.287348,0.060818,0.056600,0.054214,0.080397,0.026034
0.005121,0.000713,0.478895,0.008704,0.369542,0.014258,0.033808,0.058177,0.005459,0.025324
0.005396,0.002057,0.007407,0.043968,0.750513,0.086285,0.020496,0.031611,0.041292,0.010974
0.003143,0.008078,0.739114,0.043082,0.071894,0.000769,0.011355,0.025253,0.054380,0.042931
0.015191,0.004721,0.014696,0.056106,0.409114,0.075958,0.075971,0.065073,0.069282,0.213887
0.009349,0.326563,0.014557,0.018355,0.416358,0.069012,0.008111,0.056496,0.058771,0.022428
0.028561,0.011882,0.130279,0.021569,0.468259,0.029421,0.132108,0.046033,0.094802,0.037086
0.001648,0.002260,0.294146,0.010677,0.048087,0.005056,0.009110,0.010740,0.612774,0.005502
0.027578,0.004573,0.012870,0.058967,0.549538,0.084713,0.013160,0.074114,0.145060,0.029426
0.001355,0.001753,0.626181,0.054101,0.203935,0.010852,0.024766,0.030883,0.020135,0.026038
0.020729,0.010890,0.027906,0.017217,0.459108,0.015377,0.012625,0.025120,0.244475,0.166552
0.004642,0.077889,0.564494,0.002630,0.299619,0.000807,0.008391,0.019792,0.001231,0.020504
0.001090,0.172277,0.504643,0.003026,0.128323,0.024066,0.028617,0.037867,0.055571,0.044520
0.007747,0.002504,0.520787,0.006963,0.373876,0.023093,0.001040,0.049914,0.011750,0.002328
0.009927,0.004165,0.709158,0.011782,0.200058,0.020662,0.004878,0.013023,0.015166,0.011180
0.010446,0.005684,0.718799,0.066981,0.105340,0.027873,0.004860,0.029063,0.021392,0.009562
0.080826,0.015324,0.016254,0.104701,0.404836,0.048973,0.004965,0.096032,0.075199,0.152890
0.003680,0.000593,0.679951,0.002752,0.128679,0.001354,0.004866,0.005019,0.148616,0.024491
0.026728,0.006927,0.018063,0.213236,0.452318,0.053579,0.004927,0.096753,0.057600,0.069870
0.086817,0.087026,0.049144,0.055701,0.096064,0.084204,0.267642,0.098919,0.078261,0.096223
0.079541,0.089667,0.059457,0.101367,0.038142,0.091056,0.202780,0.196984,0.069279,0.071728
0.004633,0.000312,0.777463,0.000895,0.032074,0.000602,0.011782,0.011557,0.159460,0.001222
0.054502,0.011278,0.006865,0.088468,0.324793,0.004392,0.059681,0.141120,0.279728,0.029171
0.042160,0.012283,0.007820,0.017312,0.591468,0.087185,0.047130,0.133279,0.036426,0.024937
0.002885,0.131775,0.447765,0.023167,0.267857,0.012224,0.039367,0.011207,0.032495,0.031258
0.006800,0.000619,0.515427,0.028536,0.379067,0.007811,0.000850,0.051676,0.004116,0.005099
