0.124455,0.118294,0.055116,0.088094,0.065864,0.136062,0.080225,0.086511,0.104110,0.141268
0.164984,0.099716,0.047029,0.075603,0.050016,0.114397,0.061185,0.210149,0.098619,0.078301
0.044729,0.059079,0.427793,0.034194,0.036239,0.184029,0.076746,0.044657,0.031284,0.061250
0.108005,0.055183,0.420283,0.047575,0.046577,0.071594,0.065654,0.039458,0.066856,0.078815
0.087348,0.059259,0.076133,0.074833,0.177896,0.133947,0.068337,0.103562,0.128649,0.090035
0.080375,0.187988,0.091475,0.032918,0.032769,0.228282,0.179706,0.049855,0.050875,0.065756
0.097060,0.119045,0.045523,0.080068,0.058144,0.087393,0.100733,0.302043,0.045144,0.064847
0.021735,0.021866,0.015045,0.016912,0.016763,0.035186,0.767607,0.037358,0.043806,0.023721
0.057054,0.119768,0.322372,0.047616,0.186700,0.059144,0.052884,0.067898,0.050811,0.035753
0.067520,0.085793,0.286254,0.048380,0.041773,0.104543,0.064500,0.171497,0.041843,0.087896
0.103835,0.160460,0.065643,0.077859,0.050926,0.130478,0.065022,0.123656,0.093597,0.128524
0.101830,0.163367,0.055501,0.098063,0.066081,0.154098,0.060216,0.076766,0.073717,0.150359
0.092459,0.043981,0.028578,0.042794,0.159823,0.163686,0.103993,0.198462,0.101159,0.065065
0.073176,0.099610,0.044892,0.102473,0.186426,0.124984,0.072736,0.108331,0.094592,0.092780
0.056989,0.074201,0.046620,0.066160,0.038781,0.069285,0.488567,0.065752,0.039932,0.053714
0.026444,0.024411,0.147153,0.015160,0.059411,0.024914,0.649372,0.013701,0.017226,0.022207
0.085420,0.061309,0.082356,0.049764,0.044894,0.311741,0.070302,0.108437,0.113235,0.072542
0.077944,0.158174,0.208246,0.054742,0.043523,0.245661,0.043219,0.047584,0.068593,0.052314
0.035298,0.031425,0.100076,0.027566,0.020212,0.081904,0.607064,0.028547,0.036095,0.031813
0.076395,0.067416,0.285325,0.049217,0.166676,0.088550,0.048047,0.055233,0.089197,0.073943
0.068576,0.052830,0.068771,0.045851,0.046848,0.256136,0.062383,0.230311,0.092828,0.075467
0.136713,0.215674,0.054556,0.084624,0.058077,0.133324,0.081541,0.069099,0.082897,0.083496
0.129172,0.114993,0.083983,0.067839,0.065590,0.163373,0.074179,0.104502,0.108384,0.087985
0.142712,0.121513,0.249858,0.078797,0.049749,0.077324,0.052872,0.082305,0.078818,0.066054
0.093069,0.041564,0.366708,0.043223,0.125165,0.074700,0.048263,0.075715,0.078364,0.053231
0.113528,0.066031,0.284832,0.089306,0.043726,0.105254,0.056508,0.092504,0.081817,0.066494
0.109402,0.042434,0.221019,0.028162,0.154499,0.163817,0.095086,0.076117,0.070201,0.039263
0.087638,0.087332,0.031534,0.040677,0.178471,0.315555,0.054442,0.082221,0.048648,0.073481
0.123190,0.107204,0.164133,0.065960,0.062605,0.129953,0.070510,0.097264,0.093491,0.085690
0.058081,0.190134,0.187346,0.069110,0.057970,0.097656,0.076587,0.092402,0.088249,0.082464
0.081221,0.127594,0.313982,0.075594,0.046382,0.086147,0.057268,0.055279,0.083408,0.073124
0.141606,0.080135,0.333711,0.053163,0.049636,0.069961,0.049526,0.059761,0.084959,0.077542
0.127626,0.176822,0.047523,0.091612,0.062068,0.147926,0.072562,0.094628,0.089189,0.090043
0.055495,0.098283,0.042194,0.051184,0.220197,0.146140,0.073708,0.122917,0.126347,0.063535
0.094966,0.057185,0.062560,0.075162,0.137678,0.094209,0.067126,0.225855,0.097002,0.088256
0.072359,0.075912,0.047280,0.115903,0.054531,0.134675,0.076876,0.281387,0.061870,0.079208
0.041016,0.030473,0.634746,0.042486,0.023786,0.111563,0.023107,0.019847,0.033078,0.039898
0.194704,0.113571,0.063767,0.087644,0.061239,0.129871,0.083982,0.063870,0.106833,0.094519
0.041475,0.052441,0.111414,0.029366,0.233656,0.251890,0.042370,0.090899,0.081800,0.064688
0.117415,0.080944,0.056963,0.110222,0.052280,0.115790,0.092996,0.242448,0.056435,0.074507
0.114182,0.105957,0.043216,0.113987,0.166767,0.109206,0.070573,0.076714,0.091203,0.108194
0.076994,0.032494,0.118516,0.034074,0.023837,0.081663,0.544670,0.029207,0.028325,0.030219
0.051658,0.178920,0.093081,0.049958,0.034832,0.283018,0.052557,0.100105,0.084120,0.071750
0.053581,0.020507,0.123897,0.015193,0.013619,0.029651,0.664002,0.027174,0.026453,0.025923
0.156735,0.077042,0.137978,0.053424,0.046760,0.077304,0.062736,0.203301,0.098956,0.085765
0.039866,0.089381,0.258326,0.050396,0.040747,0.166560,0.061028,0.202319,0.044867,0.046510
0.089134,0.106209,0.316832,0.049806,0.047301,0.095607,0.060704,0.085932,0.080766,0.067709
0.132546,0.218143,0.059284,0.080100,0.061753,0.095690,0.078127,0.081827,0.101346,0.091184
0.114917,0.117366,0.043549,0.061802,0.053514,0.133163,0.070681,0.268115,0.056673,0.080220
0.093425,0.069600,0.332011,0.090597,0.050709,0.104566,0.057294,0.079887,0.058922,0.062989
0.118069,0.105854,0.180594,0.069559,0.058585,0.131920,0.079330,0.098046,0.067142,0.090900
0.048422,0.069736,0.281775,0.038771,0.196316,0.079417,0.076083,0.092143,0.064723,0.052616
0.092789,0.080201,0.053391,0.099993,0.055043,0.124228,0.092800,0.249337,0.058680,0.093539
0.112050,0.069654,0.080811,0.140232,0.053933,0.174847,0.060614,0.059227,0.133201,0.115432
0.040826,0.061075,0.311389,0.079141,0.142658,0.063355,0.051688,0.171915,0.034774,0.043178
0.083599,0.041254,0.481565,0.018933,0.103373,0.106313,0.021151,0.097089,0.024971,0.021751
0.081927,0.064773,0.405036,0.059762,0.164250,0.054887,0.045404,0.035108,0.042030,0.046824
0.111361,0.054092,0.290075,0.035204,0.039545,0.242927,0.047181,0.068250,0.071610,0.039755
0.066870,0.055843,0.346029,0.044892,0.168902,0.055700,0.040643,0.062130,0.079584,0.079407
0.062643,0.053949,0.350138,0.055796,0.146633,0.071460,0.035462,0.083760,0.083479,0.056680
0.131185,0.098293,0.043444,0.059154,0.225951,0.122088,0.082887,0.075941,0.059194,0.101863
0.145409,0.132932,0.064536,0.090106,0.066185,0.136978,0.067261,0.084621,0.112459,0.099513
0.100560,0.080191,0.059798,0.121905,0.061982,0.128675,0.082651,0.127264,0.124250,0.112723
0.067044,0.212376,0.072620,0.062429,0.050223,0.144198,0.118271,0.074366,0.101725,0.096748
0.070090,0.173257,0.042930,0.064042,0.048401,0.122856,0.074953,0.220388,0.098756,0.084327
0.052903,0.087210,0.242186,0.074279,0.145864,0.083402,0.128983,0.070216,0.047938,0.067018
0.039172,0.086011,0.327998,0.037691,0.049113,0.223972,0.052012,0.059627,0.065462,0.058942
0.093511,0.083912,0.076734,0.089012,0.055786,0.082184,0.085129,0.282733,0.041242,0.109756
0.035925,0.083448,0.028990,0.046249,0.228563,0.214343,0.061305,0.196901,0.043823,0.060452
0.060903,0.223983,0.029874,0.046217,0.036285,0.188671,0.223201,0.072332,0.061665,0.056869
0.111816,0.064915,0.234617,0.031468,0.155475,0.203998,0.046574,0.045587,0.051026,0.054524
0.078472,0.213190,0.097253,0.039234,0.045772,0.278090,0.050725,0.056388,0.098215,0.042660
0.050959,0.017885,0.009335,0.020305,0.010109,0.023993,0.816988,0.014313,0.010268,0.025844
0.140410,0.122238,0.076093,0.079849,0.057739,0.156336,0.073090,0.109506,0.068747,0.115993
0.061142,0.151627,0.044679,0.067927,0.193117,0.127655,0.063464,0.121771,0.069778,0.098838
0.126338,0.115504,0.082212,0.049434,0.204632,0.098243,0.062347,0.057807,0.118555,0.084927
0.088550,0.095939,0.310819,0.067114,0.052955,0.088046,0.054386,0.096617,0.070115,0.075459
0.113618,0.063772,0.028566,0.051131,0.214732,0.234984,0.050448,0.099933,0.069105,0.073712
0.066980,0.044791,0.257521,0.029426,0.146683,0.236651,0.046586,0.033500,0.073518,0.064344
0.065481,0.074243,0.160519,0.057963,0.045108,0.119438,0.094562,0.198208,0.098848,0.085630
0.131974,0.191151,0.026546,0.030304,0.166900,0.230738,0.036825,0.056089,0.083509,0.045965
0.103340,0.126419,0.048311,0.052975,0.066255,0.297608,0.073355,0.051422,0.108503,0.071812
0.020389,0.062293,0.081841,0.030467,0.170461,0.154341,0.249274,0.138878,0.033718,0.058338
0.049358,0.024208,0.015354,0.017094,0.053613,0.035853,0.658335,0.075758,0.047162,0.023264
0.137008,0.138973,0.064750,0.088131,0.052324,0.107161,0.080932,0.107314,0.116236,0.107170
0.069065,0.065232,0.030272,0.049312,0.191801,0.302879,0.049273,0.079611,0.099977,0.062578
0.064819,0.181059,0.063827,0.029222,0.153779,0.275546,0.031400,0.082699,0.067773,0.049876
0.098502,0.078417,0.076886,0.049713,0.051019,0.327114,0.059587,0.081212,0.112433,0.065117
0.077831,0.134089,0.048246,0.085051,0.060734,0.118702,0.273165,0.059011,0.057630,0.085540
0.079670,0.165397,0.237408,0.032408,0.044237,0.218413,0.046799,0.048319,0.075247,0.052101
0.089615,0.165553,0.039036,0.046931,0.207666,0.124818,0.088200,0.093753,0.059418,0.085010
0.085850,0.103264,0.040143,0.102641,0.055310,0.116086,0.085266,0.237480,0.103631,0.070329
0.044716,0.101929,0.291119,0.050769,0.151808,0.073559,0.059158,0.074642,0.078656,0.073644
0.133698,0.148712,0.065539,0.083332,0.061449,0.096553,0.073705,0.140990,0.100373,0.095649
0.034940,0.020136,0.016267,0.028457,0.013990,0.037846,0.743382,0.041360,0.034849,0.028774
0.081356,0.139072,0.082663,0.073411,0.168146,0.092092,0.072831,0.079846,0.109062,0.101520
0.054513,0.065768,0.289695,0.046354,0.171840,0.092743,0.052685,0.070324,0.089493,0.066586
0.110262,0.070795,0.078095,0.096201,0.158396,0.108043,0.052402,0.128325,0.115687,0.081793
0.041847,0.072736,0.273442,0.043222,0.044613,0.261226,0.049151,0.083484,0.071381,0.058897
0.075305,0.087956,0.042457,0.062647,0.184357,0.144917,0.152709,0.051816,0.110525,0.087311
0.097798,0.127697,0.061352,0.071319,0.070581,0.163335,0.081877,0.109214,0.108581,0.108246
0.061483,0.087435,0.049974,0.060780,0.069933,0.211526,0.216427,0.083164,0.076796,0.082482
0.078691,0.094379,0.071697,0.104075,0.187497,0.128283,0.065252,0.108021,0.064919,0.097186
0.037075,0.106342,0.413850,0.020347,0.133094,0.130743,0.021442,0.055480,0.045362,0.036265
0.102622,0.156044,0.035937,0.085818,0.196061,0.116496,0.071309,0.098547,0.057291,0.079875
0.070672,0.110345,0.051361,0.058880,0.150721,0.123494,0.077571,0.211350,0.053182,0.092423
0.079647,0.067286,0.295105,0.048398,0.160256,0.091574,0.079309,0.056928,0.044146,0.077351
0.086173,0.114121,0.181433,0.077902,0.048570,0.111477,0.091568,0.083235,0.102637,0.102884
0.077498,0.050111,0.404906,0.044932,0.155372,0.059265,0.040001,0.066338,0.044119,0.057458
0.043272,0.072112,0.246226,0.030582,0.173505,0.202847,0.039560,0.053816,0.085399,0.052680
0.070100,0.124588,0.069080,0.073320,0.060206,0.160404,0.115415,0.132531,0.089031,0.105324
0.133792,0.108439,0.070383,0.071338,0.166131,0.122960,0.084484,0.084938,0.063134,0.094401
0.056223,0.153293,0.051695,0.084936,0.052814,0.160554,0.060248,0.241090,0.053992,0.085154
0.104889,0.066939,0.038692,0.088451,0.054147,0.139611,0.060029,0.253756,0.109665,0.083821
0.065121,0.142844,0.042504,0.070317,0.052877,0.326931,0.090534,0.065672,0.074918,0.068282
0.082496,0.105293,0.068281,0.057603,0.055068,0.144717,0.250778,0.065653,0.091973,0.078139
0.038014,0.069857,0.297371,0.040858,0.041324,0.242291,0.052210,0.080221,0.086061,0.051791
0.119741,0.164483,0.038309,0.043125,0.168351,0.120521,0.064558,0.073340,0.104922,0.102649
0.021308,0.031424,0.323093,0.014385,0.081384,0.073483,0.353264,0.066644,0.018206,0.016809
0.069721,0.151872,0.038693,0.062560,0.170065,0.086082,0.146488,0.098864,0.092982,0.082674
0.054440,0.040632,0.418468,0.026366,0.031930,0.174752,0.074839,0.075997,0.052256,0.050319
0.091149,0.078469,0.043394,0.055563,0.064096,0.194800,0.270529,0.076920,0.063070,0.062009
0.128035,0.167474,0.050176,0.085648,0.063810,0.131798,0.059211,0.111081,0.105370,0.097398
0.033571,0.054387,0.358547,0.037287,0.197003,0.081979,0.048835,0.088788,0.064749,0.034854
0.130890,0.127949,0.050276,0.076121,0.059904,0.112994,0.131775,0.093058,0.098320,0.118713
0.078948,0.181036,0.032770,0.066753,0.136295,0.166669,0.044307,0.156389,0.079875,0.056957
0.082297,0.116193,0.242436,0.075450,0.147547,0.096978,0.051769,0.038637,0.087735,0.060956
0.136752,0.151394,0.067525,0.092430,0.051715,0.122331,0.081161,0.079392,0.107266,0.110034
0.171945,0.120685,0.038432,0.060909,0.064969,0.226105,0.064203,0.047862,0.109847,0.095042
0.080664,0.204283,0.064721,0.086008,0.055979,0.145364,0.080851,0.088922,0.103986,0.089221
0.127006,0.085062,0.082922,0.105027,0.062498,0.109952,0.081785,0.074378,0.169423,0.101948
0.023901,0.023716,0.024416,0.026752,0.016469,0.026024,0.764199,0.034424,0.034520,0.025580
0.090052,0.230898,0.031574,0.051406,0.050128,0.254259,0.069785,0.097892,0.073392,0.050613
0.064256,0.143983,0.066974,0.024692,0.185618,0.269541,0.040322,0.073110,0.082308,0.049195
0.107227,0.193224,0.051592,0.057143,0.054438,0.088573,0.049864,0.217829,0.100409,0.079700
0.180179,0.141835,0.071484,0.080086,0.064055,0.133747,0.075796,0.073030,0.082745,0.097043
0.074845,0.088939,0.329239,0.056245,0.050691,0.094325,0.070350,0.101116,0.054974,0.079276
0.118465,0.155355,0.060988,0.082115,0.072507,0.115053,0.112041,0.100744,0.068573,0.114160
0.024931,0.017454,0.013749,0.031108,0.015320,0.032380,0.769726,0.038585,0.031395,0.025353
0.094013,0.121617,0.047538,0.074392,0.196879,0.125920,0.075214,0.074223,0.103888,0.086315
0.098922,0.085610,0.305873,0.064552,0.053508,0.110234,0.072801,0.043691,0.085497,0.079312
0.120941,0.079133,0.073357,0.110465,0.060974,0.117300,0.073137,0.144400,0.115804,0.104488
0.032447,0.045864,0.600428,0.025800,0.024441,0.113384,0.033902,0.059958,0.031658,0.032118
0.025631,0.020442,0.107513,0.023835,0.015245,0.030174,0.704131,0.016617,0.029395,0.027019
0.135767,0.117000,0.062618,0.100191,0.071080,0.131737,0.065433,0.106142,0.109944,0.100088
0.049023,0.043964,0.573519,0.027895,0.030172,0.119053,0.027442,0.020582,0.066039,0.042310
0.135108,0.057354,0.290037,0.038993,0.197469,0.076234,0.046423,0.051521,0.053642,0.053219
0.032177,0.063408,0.233719,0.039321,0.180500,0.050640,0.056143,0.182793,0.087205,0.074094
0.082019,0.179809,0.038095,0.031542,0.210273,0.248573,0.038073,0.046275,0.066864,0.058478
0.063706,0.078378,0.036462,0.056305,0.068523,0.314291,0.070301,0.111459,0.115028,0.085546
0.079175,0.050777,0.350580,0.035945,0.189858,0.073500,0.042276,0.083749,0.040764,0.053376
0.051924,0.180503,0.025554,0.043815,0.160933,0.294981,0.046975,0.050543,0.090831,0.053940
0.017901,0.039417,0.574957,0.039883,0.120697,0.101517,0.016735,0.026305,0.024575,0.038013
0.044815,0.138735,0.180064,0.070543,0.141644,0.050229,0.072128,0.162375,0.078938,0.060530
0.058265,0.210776,0.038211,0.050841,0.045927,0.109508,0.296399,0.063828,0.053046,0.073200
0.125406,0.074810,0.296840,0.039451,0.136170,0.058427,0.042405,0.080260,0.082237,0.063993
0.102289,0.068950,0.342678,0.063731,0.042018,0.061531,0.055258,0.094358,0.076653,0.092532
0.026239,0.025283,0.147343,0.020852,0.017518,0.035551,0.641804,0.025654,0.033517,0.026240
0.109812,0.091959,0.047188,0.083318,0.058206,0.245830,0.056742,0.092311,0.115427,0.099207
0.036627,0.026729,0.018652,0.036360,0.020712,0.052596,0.615374,0.114544,0.048258,0.030148
0.041978,0.074221,0.272465,0.049374,0.046587,0.236129,0.049240,0.097878,0.068320,0.063807
0.040134,0.044930,0.383324,0.040016,0.198346,0.047638,0.033136,0.072550,0.080705,0.059222
0.162328,0.083314,0.047984,0.123541,0.064445,0.128227,0.058312,0.109988,0.122556,0.099304
0.120633,0.092890,0.044078,0.106528,0.180097,0.090446,0.063502,0.106855,0.116090,0.078882
0.029216,0.155984,0.189990,0.028664,0.044138,0.161118,0.215254,0.078250,0.037576,0.059811
0.050055,0.087891,0.101490,0.057590,0.046142,0.376101,0.069026,0.064882,0.065809,0.081013
0.119406,0.087678,0.042724,0.073528,0.200258,0.097716,0.082819,0.110423,0.082551,0.102897
0.068755,0.070654,0.259528,0.051657,0.164459,0.064066,0.080625,0.089959,0.091626,0.058672
0.155465,0.072378,0.054696,0.097613,0.055565,0.147546,0.087808,0.063834,0.119202,0.145893
0.108796,0.158998,0.053088,0.087646,0.050747,0.129007,0.088600,0.077101,0.101913,0.144103
0.051405,0.074661,0.291870,0.043399,0.042801,0.101434,0.065418,0.183278,0.092709,0.053024
0.087962,0.165739,0.061371,0.090982,0.061473,0.103700,0.085485,0.097122,0.097445,0.148721
0.063357,0.073690,0.285613,0.037077,0.169614,0.098417,0.057804,0.093470,0.045058,0.075900
0.145749,0.121234,0.066335,0.116147,0.063553,0.141401,0.064967,0.057672,0.117781,0.105162
0.081901,0.076964,0.302341,0.049550,0.047487,0.189076,0.056782,0.074830,0.047353,0.073716
0.045755,0.172864,0.198138,0.043254,0.043092,0.175864,0.140882,0.074591,0.055907,0.049653
0.053082,0.163910,0.328997,0.071914,0.048064,0.069910,0.053203,0.056480,0.084624,0.069815
0.096918,0.072257,0.217409,0.046796,0.137908,0.060098,0.055784,0.184007,0.074469,0.054353
0.098162,0.069965,0.074076,0.054559,0.154764,0.097689,0.074378,0.199928,0.102636,0.073844
0.149848,0.092996,0.336833,0.046061,0.040381,0.067748,0.064860,0.070912,0.053186,0.077175
0.043909,0.133951,0.023676,0.036425,0.153583,0.224341,0.047346,0.190815,0.085815,0.060139
0.046521,0.058327,0.394824,0.043364,0.152745,0.077988,0.046756,0.044676,0.080043,0.054757
0.086102,0.087256,0.256836,0.085237,0.045607,0.100777,0.074367,0.097363,0.095143,0.071311
0.097454,0.085036,0.052968,0.093128,0.205682,0.116235,0.067782,0.103910,0.104393,0.073412
0.139948,0.149316,0.049459,0.083089,0.059426,0.155275,0.083704,0.073419,0.105870,0.100494
0.134479,0.110233,0.038258,0.084948,0.038812,0.121592,0.124202,0.231636,0.050232,0.065608
0.112620,0.063766,0.080321,0.067875,0.176379,0.119568,0.082942,0.103355,0.087563,0.105610
0.082488,0.145220,0.057907,0.089181,0.157303,0.111579,0.080577,0.080316,0.096617,0.098812
0.129385,0.156215,0.244134,0.043442,0.126494,0.085256,0.042943,0.039083,0.062864,0.070185
0.160733,0.176965,0.053322,0.056002,0.060158,0.143352,0.077726,0.085704,0.073059,0.112980
0.070476,0.083026,0.133437,0.054763,0.043338,0.266645,0.055582,0.111353,0.070718,0.110663
0.073188,0.128279,0.223358,0.062956,0.043860,0.116268,0.085338,0.092074,0.104666,0.070012
0.144376,0.092186,0.030039,0.051564,0.048878,0.320915,0.052421,0.098337,0.087359,0.073925
0.130453,0.054406,0.301341,0.035404,0.160970,0.044878,0.041495,0.152848,0.034645,0.043559
0.080081,0.080652,0.072854,0.096906,0.186891,0.119667,0.112540,0.108528,0.059760,0.082121
0.117828,0.124573,0.052289,0.095631,0.068121,0.102025,0.096908,0.100986,0.117596,0.124043
0.124324,0.070033,0.034951,0.098854,0.048019,0.312193,0.069836,0.108324,0.067114,0.066351
0.082200,0.098575,0.044662,0.100894,0.183302,0.133010,0.072334,0.073412,0.106981,0.104630
0.083472,0.080920,0.030251,0.040419,0.179161,0.268123,0.040558,0.095308,0.100156,0.081632
0.078142,0.054728,0.254334,0.051187,0.126201,0.077055,0.062956,0.170779,0.082167,0.042450
0.138174,0.076184,0.272934,0.037347,0.159826,0.076342,0.041106,0.086289,0.047124,0.064675
0.058920,0.078460,0.252527,0.047626,0.044207,0.267748,0.052689,0.068541,0.062292,0.066988
0.083117,0.056022,0.077257,0.037283,0.036476,0.248121,0.054448,0.251853,0.054753,0.100668
0.086207,0.059865,0.356175,0.078567,0.042320,0.087227,0.041533,0.086050,0.088607,0.073450
0.119822,0.103169,0.169693,0.066081,0.055607,0.132316,0.071437,0.090994,0.090611,0.100269
0.063016,0.085711,0.261273,0.051145,0.158022,0.100673,0.067392,0.058342,0.075512,0.078917
0.034355,0.019691,0.128085,0.017351,0.013805,0.032286,0.678809,0.024724,0.027450,0.023443
0.085777,0.072164,0.058096,0.116016,0.062674,0.104850,0.133348,0.103153,0.159306,0.104617
0.060205,0.065421,0.034345,0.093911,0.135661,0.109016,0.165170,0.199987,0.041710,0.094573
0.085041,0.103039,0.057124,0.052891,0.149794,0.100579,0.247326,0.043424,0.087385,0.073396
0.049232,0.067263,0.275502,0.041032,0.042714,0.219783,0.103958,0.082828,0.057686,0.060002
0.145120,0.079805,0.024537,0.068388,0.165513,0.265113,0.046661,0.045927,0.091790,0.067146
0.117063,0.066760,0.056066,0.101288,0.063557,0.128957,0.091544,0.115605,0.149156,0.110004
0.025314,0.032891,0.404225,0.024156,0.017173,0.070245,0.362667,0.016512,0.020092,0.026726
0.127618,0.166825,0.150893,0.061133,0.057701,0.121961,0.069151,0.084763,0.076925,0.083028
0.066083,0.101443,0.220672,0.059909,0.052969,0.114899,0.137387,0.087383,0.088827,0.070427
0.115727,0.114015,0.071877,0.057719,0.056911,0.116049,0.204688,0.055657,0.105072,0.102285
0.105638,0.138679,0.047849,0.056225,0.048096,0.076956,0.075816,0.234997,0.105291,0.110454
0.065912,0.119480,0.079698,0.066690,0.161550,0.112563,0.086574,0.101466,0.098706,0.107360
0.086811,0.091899,0.291773,0.034884,0.173720,0.092525,0.053812,0.087223,0.042733,0.044621
0.095962,0.111451,0.086256,0.044449,0.045246,0.306048,0.059160,0.058941,0.106323,0.086162
0.071614,0.179153,0.244580,0.045592,0.140711,0.067444,0.051320,0.074982,0.079370,0.045234
0.125444,0.073343,0.037235,0.064402,0.054677,0.302446,0.044434,0.115703,0.069815,0.112500
0.116977,0.128885,0.170999,0.084968,0.053813,0.132990,0.068809,0.067332,0.090507,0.084720
0.052623,0.100304,0.458087,0.031662,0.025803,0.156305,0.030230,0.060108,0.038616,0.046262
0.085294,0.086614,0.259787,0.045168,0.165314,0.103165,0.054911,0.071012,0.082918,0.045817
0.092510,0.059837,0.081224,0.087514,0.208350,0.106130,0.075661,0.073912,0.132682,0.082181
0.135592,0.111991,0.056519,0.108690,0.041706,0.114770,0.056503,0.245086,0.054444,0.074699
0.071755,0.045732,0.315643,0.070283,0.111534,0.103383,0.049012,0.078015,0.095344,0.059298
0.062276,0.130880,0.033095,0.064294,0.048545,0.318598,0.048391,0.106482,0.102189,0.085249
0.164770,0.149956,0.035050,0.057882,0.188996,0.076375,0.061659,0.074729,0.097439,0.093145
0.080869,0.102276,0.044379,0.110078,0.190518,0.130429,0.070146,0.107713,0.093961,0.069630
0.126856,0.118809,0.073664,0.065225,0.063138,0.133658,0.125025,0.095295,0.103187,0.095143
0.110109,0.222948,0.065690,0.093405,0.050823,0.154266,0.085626,0.076515,0.055192,0.085426
0.138256,0.069899,0.077908,0.067675,0.164938,0.109051,0.080707,0.116616,0.092558,0.082394
0.057724,0.055899,0.362947,0.039855,0.151601,0.073531,0.043195,0.078355,0.085749,0.051145
0.111623,0.219409,0.070423,0.074086,0.051987,0.109557,0.071852,0.096917,0.100267,0.093879
0.093712,0.087832,0.078509,0.060521,0.168530,0.117308,0.077907,0.104320,0.102445,0.108914
0.117049,0.168335,0.045543,0.069025,0.052920,0.106767,0.059264,0.215426,0.095045,0.070627
0.134376,0.064538,0.052705,0.091218,0.053234,0.155105,0.153741,0.068726,0.120761,0.105598
0.044735,0.034095,0.143225,0.063377,0.036352,0.121012,0.335310,0.136523,0.034519,0.050854
0.068885,0.042224,0.366468,0.039484,0.166088,0.072670,0.034759,0.070341,0.077620,0.061460
0.032397,0.043417,0.020987,0.029835,0.108491,0.099436,0.590528,0.020777,0.025393,0.028739
0.072200,0.091766,0.202750,0.045953,0.045681,0.059993,0.312039,0.052626,0.052162,0.064830
0.099226,0.174048,0.235708,0.057247,0.041727,0.095098,0.057186,0.080179,0.085046,0.074534
0.154639,0.078710,0.041319,0.073280,0.175034,0.098549,0.088712,0.083884,0.118479,0.087393
0.109750,0.109907,0.044358,0.063519,0.052964,0.123831,0.068494,0.232491,0.111964,0.082722
0.033781,0.057315,0.282589,0.048226,0.048393,0.267321,0.037045,0.083811,0.078181,0.063338
0.072023,0.057953,0.303514,0.035726,0.158412,0.152998,0.025306,0.072054,0.074316,0.047698
0.039352,0.065303,0.043508,0.044289,0.056702,0.253239,0.252903,0.098914,0.098070,0.047720
0.049830,0.069302,0.089745,0.045070,0.041788,0.264233,0.210411,0.091297,0.082930,0.055394
0.048105,0.057064,0.493476,0.027930,0.032925,0.189305,0.030357,0.035073,0.057958,0.027805
0.072494,0.069834,0.192480,0.056426,0.037074,0.114351,0.061865,0.200406,0.095290,0.099780
0.122523,0.075050,0.054107,0.126833,0.056091,0.162061,0.054235,0.146724,0.114535,0.087842
0.064714,0.064341,0.403701,0.049442,0.040816,0.120443,0.049329,0.093564,0.044606,0.069044
0.083878,0.196513,0.050427,0.098553,0.050092,0.111814,0.160797,0.059480,0.074505,0.113941
0.027890,0.024583,0.152588,0.026386,0.016330,0.085153,0.559535,0.032625,0.043454,0.031456
0.079507,0.052805,0.254967,0.076934,0.106812,0.057068,0.050047,0.189795,0.081964,0.050102
0.090514,0.165326,0.057743,0.125778,0.066532,0.137660,0.097189,0.066428,0.092057,0.100773
0.137143,0.079856,0.273110,0.037219,0.144761,0.063488,0.049483,0.078978,0.076109,0.059853
0.083391,0.067157,0.274138,0.074545,0.045118,0.096820,0.065918,0.081380,0.114763,0.096770
0.030141,0.019809,0.018095,0.028018,0.012642,0.025995,0.800125,0.015901,0.025852,0.023422
0.103243,0.070645,0.048717,0.082197,0.138145,0.097083,0.073451,0.211942,0.096201,0.078376
0.069864,0.172153,0.041345,0.055831,0.207421,0.117052,0.109200,0.068989,0.095724,0.062421
0.095933,0.159455,0.038996,0.058929,0.170290,0.109941,0.074727,0.104374,0.107469,0.079887
0.240757,0.059544,0.037073,0.081334,0.143891,0.084127,0.064619,0.045739,0.107354,0.135563
0.121507,0.082123,0.057361,0.119071,0.064475,0.157313,0.086919,0.108130,0.090907,0.112195
0.106790,0.064737,0.039024,0.068164,0.170913,0.160470,0.080661,0.085746,0.118769,0.104726
0.079198,0.113531,0.046396,0.062872,0.192790,0.137754,0.118086,0.079285,0.070658,0.099430
0.128234,0.103449,0.038694,0.062152,0.035947,0.123698,0.124891,0.206556,0.095622,0.080758
0.111164,0.146368,0.045821,0.038319,0.060233,0.196733,0.052406,0.232656,0.052347,0.063954
0.152726,0.134439,0.228676,0.040100,0.033361,0.087215,0.092579,0.082285,0.078672,0.069948
0.114839,0.210950,0.046770,0.058611,0.142340,0.095298,0.067472,0.090635,0.092568,0.080517
0.110217,0.099269,0.040678,0.068606,0.064557,0.296598,0.070964,0.050645,0.127345,0.071119
0.054253,0.141295,0.076392,0.055992,0.050329,0.091084,0.066075,0.241794,0.108949,0.113838
0.048132,0.066567,0.351879,0.034279,0.164003,0.084109,0.048828,0.067225,0.085329,0.049651
0.093527,0.098055,0.211126,0.057665,0.144410,0.091944,0.063639,0.072191,0.092534,0.074909
0.048400,0.158731,0.277373,0.034161,0.166405,0.086038,0.050534,0.053485,0.082978,0.041896
0.089589,0.082601,0.079084,0.071177,0.036320,0.302734,0.038008,0.097714,0.113560,0.089214
0.025757,0.022176,0.010100,0.020617,0.054990,0.042525,0.775346,0.012633,0.014492,0.021363
0.098245,0.171857,0.254663,0.049170,0.049061,0.101483,0.064959,0.069503,0.061403,0.079655
0.120503,0.128292,0.060761,0.073734,0.067581,0.195186,0.094376,0.067186,0.072020,0.120361
0.047875,0.054464,0.302288,0.033311,0.176174,0.058133,0.048731,0.175024,0.031977,0.072022
0.062228,0.171441,0.033303,0.055476,0.193366,0.079305,0.138685,0.090022,0.093408,0.082765
0.046442,0.055107,0.351622,0.045592,0.170111,0.056501,0.055015,0.071221,0.078654,0.069736
0.022374,0.018399,0.204945,0.015801,0.051573,0.020205,0.612104,0.019378,0.015563,0.019658
0.128002,0.105149,0.068681,0.091784,0.139941,0.120882,0.075363,0.103015,0.091075,0.076107
0.074588,0.025291,0.013270,0.030605,0.016433,0.043655,0.650208,0.085324,0.034096,0.026530
0.158714,0.081259,0.063317,0.109993,0.069313,0.135044,0.060656,0.074831,0.131044,0.115831
0.067031,0.193714,0.032540,0.050310,0.164264,0.115521,0.066485,0.184379,0.044815,0.080940
0.083497,0.059960,0.301812,0.067468,0.037913,0.115621,0.048351,0.094750,0.100800,0.089828
0.052490,0.111959,0.042230,0.117027,0.042861,0.155585,0.081940,0.252042,0.056294,0.087571
0.053246,0.125847,0.034391,0.070586,0.049878,0.349162,0.066470,0.096564,0.069457,0.084398
0.089549,0.172333,0.222057,0.080632,0.047053,0.082822,0.076043,0.090930,0.053804,0.084777
0.019634,0.017878,0.010784,0.030664,0.015120,0.021572,0.803102,0.026115,0.030442,0.024689
0.021152,0.065886,0.408016,0.025464,0.107929,0.129255,0.076180,0.093729,0.025946,0.046443
0.040103,0.113029,0.463004,0.024921,0.025247,0.113416,0.028887,0.106987,0.041650,0.042758
0.103819,0.102604,0.049709,0.061082,0.138235,0.111276,0.061991,0.196467,0.093840,0.080979
0.105027,0.092401,0.040833,0.100360,0.193484,0.123503,0.070324,0.102864,0.064636,0.106568
0.111970,0.237156,0.060140,0.093718,0.051199,0.102584,0.121701,0.061440,0.063704,0.096388
0.041386,0.072444,0.235046,0.044423,0.041746,0.189879,0.047154,0.178549,0.091024,0.058348
0.188764,0.063836,0.285351,0.039118,0.040266,0.167925,0.041147,0.070717,0.045577,0.057298
0.074678,0.063246,0.198748,0.037691,0.040243,0.206746,0.224498,0.048078,0.054610,0.051462
0.052651,0.057378,0.270649,0.041477,0.182835,0.061891,0.135277,0.098957,0.057790,0.041096
0.060378,0.048955,0.505116,0.035426,0.116413,0.043022,0.039705,0.069196,0.037925,0.043864
0.061667,0.107474,0.291838,0.062634,0.047542,0.095467,0.066764,0.079906,0.078855,0.107854
0.027571,0.041707,0.509570,0.020219,0.111263,0.092361,0.027790,0.090690,0.055234,0.023594
0.049104,0.069508,0.413485,0.053286,0.044735,0.076431,0.055259,0.071282,0.100609,0.066300
0.022338,0.022812,0.023853,0.023606,0.015009,0.030720,0.795177,0.028888,0.013844,0.023753
0.113675,0.086079,0.225274,0.050715,0.039317,0.230566,0.052020,0.069169,0.064256,0.068929
0.042412,0.181302,0.240520,0.041595,0.048346,0.229880,0.053173,0.059303,0.054280,0.049190
0.124208,0.221811,0.049372,0.081649,0.061125,0.119970,0.110088,0.075131,0.064406,0.092239
0.013022,0.016106,0.087863,0.018287,0.010896,0.016623,0.789276,0.021447,0.009475,0.017005
0.174036,0.083696,0.052072,0.077969,0.055182,0.078885,0.063127,0.218458,0.110950,0.085625
0.114659,0.110601,0.045763,0.047127,0.165824,0.146259,0.104884,0.084420,0.108979,0.071484
0.074838,0.148906,0.076849,0.103908,0.046388,0.144023,0.128726,0.090638,0.075255,0.110469
0.138098,0.145822,0.067176,0.089479,0.056673,0.143578,0.095245,0.072342,0.092265,0.099321
0.127023,0.179266,0.040919,0.063162,0.153396,0.137916,0.066154,0.110411,0.055346,0.066408
0.086496,0.096390,0.257976,0.061653,0.052665,0.080113,0.091182,0.097222,0.091466,0.084838
0.138122,0.072705,0.215766,0.078002,0.051525,0.095823,0.140121,0.084121,0.051127,0.072689
0.124617,0.119321,0.060697,0.117511,0.056427,0.119547,0.085028,0.102999,0.099888,0.113966
0.019332,0.032180,0.163452,0.028221,0.019019,0.035990,0.614174,0.037815,0.020530,0.029288
0.097060,0.085381,0.045928,0.104310,0.062658,0.103948,0.088906,0.122458,0.148822,0.140529
0.065285,0.093264,0.376209,0.053209,0.039683,0.098043,0.064183,0.085274,0.071830,0.053020
0.045251,0.069106,0.250655,0.044067,0.052371,0.258113,0.060604,0.084736,0.058183,0.076914
0.055882,0.088898,0.277036,0.026623,0.160069,0.169611,0.034239,0.062565,0.084874,0.040203
0.101192,0.062812,0.104450,0.035255,0.050140,0.218044,0.051351,0.220970,0.099391,0.056395
0.098799,0.141997,0.205917,0.025148,0.146046,0.167137,0.039061,0.070389,0.062108,0.043398
0.107059,0.192587,0.067801,0.072616,0.058362,0.103926,0.116880,0.081453,0.084165,0.115151
0.108965,0.229785,0.070510,0.041969,0.175621,0.074450,0.051979,0.069481,0.100015,0.077226
0.121773,0.083377,0.048690,0.066275,0.065671,0.130513,0.113686,0.130806,0.125952,0.113258
0.129242,0.187246,0.033507,0.102109,0.051801,0.240074,0.058756,0.060682,0.072060,0.064524
0.072650,0.058334,0.042170,0.055425,0.049512,0.209086,0.079240,0.289337,0.061149,0.083096
0.082003,0.074789,0.328138,0.044718,0.137173,0.073839,0.055447,0.075261,0.072458,0.056175
0.033327,0.057127,0.561297,0.022324,0.025245,0.143242,0.026382,0.050375,0.039380,0.041302
0.097257,0.170404,0.232103,0.064762,0.049881,0.074765,0.060461,0.091759,0.087570,0.071037
0.106113,0.132134,0.045641,0.102760,0.190402,0.096395,0.061255,0.081309,0.101388,0.082602
0.138121,0.099026,0.053280,0.107537,0.066617,0.111219,0.119041,0.091951,0.108680,0.104527
0.097435,0.107781,0.109104,0.051624,0.037053,0.261779,0.053940,0.105367,0.103321,0.072597
0.077240,0.092674,0.231504,0.075497,0.159153,0.091109,0.062691,0.055007,0.088826,0.066300
0.037221,0.061220,0.291482,0.068254,0.189368,0.077892,0.058125,0.074787,0.088491,0.053160
0.018091,0.031273,0.139780,0.045914,0.021275,0.086269,0.493600,0.090396,0.050083,0.023319
0.057068,0.052420,0.099676,0.044979,0.177206,0.317146,0.052078,0.091941,0.044338,0.063147
0.169189,0.057989,0.350218,0.056524,0.040144,0.091932,0.058109,0.073554,0.038750,0.063591
0.026658,0.020470,0.389118,0.017530,0.088465,0.091499,0.313185,0.018830,0.015631,0.018614
0.066004,0.097124,0.049780,0.056948,0.185052,0.129492,0.060641,0.206250,0.049361,0.099348
0.034467,0.028720,0.013857,0.026743,0.018667,0.027664,0.710087,0.093521,0.014749,0.031526
0.053874,0.063677,0.330721,0.045304,0.166718,0.078818,0.078667,0.091999,0.053647,0.036575
0.093551,0.177967,0.061940,0.053510,0.154655,0.107962,0.104425,0.065266,0.079656,0.101068
0.085843,0.091154,0.042101,0.076537,0.050675,0.333803,0.060319,0.094862,0.099666,0.065039
0.037279,0.018535,0.022788,0.026923,0.016364,0.037160,0.746245,0.033143,0.034109,0.027455
0.070838,0.065250,0.217630,0.046884,0.045936,0.091884,0.072700,0.217416,0.103791,0.067670
0.235148,0.077395,0.064394,0.060679,0.210094,0.080996,0.071496,0.046925,0.075406,0.077466
0.054835,0.121823,0.317419,0.046456,0.032395,0.068251,0.051290,0.187540,0.044565,0.075427
0.133231,0.237787,0.073902,0.074968,0.051955,0.110893,0.072093,0.091988,0.063499,0.089684
0.099665,0.095428,0.062360,0.110592,0.071190,0.140370,0.080001,0.094980,0.141452,0.103962
0.074386,0.140299,0.054620,0.068878,0.058082,0.135977,0.079435,0.243506,0.039035,0.105782
0.066039,0.081005,0.371680,0.057113,0.047649,0.104619,0.056200,0.064755,0.093889,0.057052
0.135314,0.076506,0.067569,0.065091,0.048610,0.131337,0.077680,0.219788,0.105291,0.072813
0.020515,0.022582,0.086294,0.023168,0.015174,0.034848,0.720654,0.022592,0.031801,0.022372
0.032879,0.054639,0.058414,0.043085,0.030412,0.233585,0.379224,0.049209,0.056933,0.061621
0.070862,0.065630,0.029104,0.034416,0.042332,0.201019,0.369035,0.083915,0.056826,0.046861
0.104845,0.089218,0.074623,0.099225,0.047947,0.265817,0.067038,0.059165,0.128845,0.063277
0.129469,0.149416,0.049992,0.100208,0.056852,0.153736,0.063529,0.079956,0.096423,0.120419
0.081062,0.054196,0.349338,0.052213,0.157731,0.079177,0.052085,0.091590,0.043992,0.038616
0.115502,0.054813,0.046940,0.052721,0.050802,0.228806,0.057247,0.233315,0.106990,0.052864
0.115668,0.106979,0.040869,0.067952,0.180045,0.134497,0.082563,0.075614,0.093755,0.102059
0.100835,0.086661,0.155482,0.068278,0.125521,0.080897,0.052900,0.159743,0.086866,0.082816
0.064881,0.047340,0.286072,0.074163,0.043805,0.170124,0.098702,0.086293,0.090894,0.037724
0.029779,0.025395,0.145241,0.025899,0.019639,0.037923,0.556863,0.083838,0.051958,0.023465
0.079517,0.179903,0.208038,0.096277,0.055294,0.091764,0.106292,0.064058,0.051552,0.067305
0.068784,0.066401,0.076504,0.034017,0.174582,0.237649,0.174156,0.096064,0.040084,0.031758
0.020503,0.026761,0.351400,0.017879,0.071844,0.067787,0.357460,0.037112,0.031360,0.017893
0.063670,0.091720,0.303608,0.052134,0.044512,0.071383,0.067427,0.190662,0.041431,0.073452
0.127144,0.188478,0.044211,0.099723,0.051160,0.110528,0.057592,0.215621,0.035785,0.069759
0.075285,0.100305,0.142764,0.053169,0.053849,0.101546,0.072421,0.223918,0.108257,0.068484
0.070687,0.119199,0.263973,0.064122,0.038292,0.113354,0.071961,0.090979,0.092327,0.075106
0.145626,0.094547,0.034627,0.046017,0.056375,0.313606,0.065459,0.088017,0.063080,0.092646
0.121148,0.189849,0.055712,0.079940,0.062430,0.122284,0.077277,0.081346,0.080516,0.129500
0.116237,0.063970,0.253789,0.028012,0.031645,0.162757,0.141087,0.079260,0.065869,0.057373
0.177660,0.095948,0.066893,0.090413,0.149589,0.085586,0.071721,0.068124,0.108574,0.085492
0.141741,0.150318,0.060984,0.105244,0.059839,0.126869,0.079360,0.073363,0.099707,0.102575
0.076994,0.082729,0.081317,0.096650,0.061025,0.119861,0.054472,0.295240,0.041941,0.089771
0.034651,0.020665,0.140215,0.016302,0.056140,0.033472,0.584589,0.080576,0.014082,0.019308
0.051707,0.166489,0.254990,0.043094,0.139041,0.084845,0.064408,0.050190,0.074362,0.070876
0.071917,0.057133,0.255749,0.049632,0.034234,0.269966,0.043586,0.069588,0.087429,0.060767
0.198350,0.116887,0.064874,0.066905,0.071115,0.141738,0.084147,0.066821,0.090326,0.098836
0.035325,0.028519,0.018767,0.027060,0.015011,0.037107,0.666042,0.091975,0.054352,0.025842
0.028794,0.048295,0.243840,0.068307,0.157322,0.252349,0.043874,0.051496,0.059512,0.046211
0.094156,0.202319,0.047867,0.083580,0.052243,0.128779,0.057429,0.107529,0.086940,0.139157
0.095075,0.026766,0.129430,0.018664,0.093169,0.074871,0.433317,0.075889,0.019556,0.033262
0.020470,0.030713,0.154934,0.016755,0.108796,0.081901,0.516298,0.015748,0.024545,0.029842
0.109300,0.114002,0.040709,0.057974,0.199386,0.132315,0.087483,0.104601,0.063075,0.091155
0.057641,0.047841,0.554497,0.036199,0.025448,0.101333,0.032762,0.046604,0.065909,0.031766
0.149075,0.079309,0.064828,0.113099,0.053955,0.140025,0.057102,0.138147,0.086317,0.118145
0.088667,0.087422,0.029590,0.040573,0.181744,0.353371,0.054384,0.048219,0.050246,0.065785
0.077300,0.088512,0.242888,0.095108,0.052152,0.120546,0.075951,0.067909,0.098446,0.081188
0.177335,0.079585,0.050619,0.063445,0.059506,0.115224,0.083023,0.254966,0.041434,0.074863
0.030546,0.031942,0.420344,0.019263,0.174320,0.198743,0.024853,0.035763,0.025596,0.038630
0.100159,0.132851,0.060989,0.089607,0.058094,0.163946,0.082773,0.073901,0.104077,0.133603
0.108943,0.097995,0.043785,0.067211,0.054207,0.133263,0.257902,0.047597,0.082821,0.106274
0.141409,0.092501,0.056607,0.105955,0.067239,0.151223,0.062948,0.134944,0.066813,0.120360
0.048524,0.173868,0.267918,0.043601,0.040297,0.193033,0.034322,0.089833,0.057658,0.050945
0.075469,0.048399,0.403014,0.044448,0.141806,0.066803,0.044077,0.033940,0.063926,0.078118
0.102195,0.067888,0.046202,0.055808,0.057296,0.282361,0.074289,0.104903,0.115017,0.094041
0.073401,0.093657,0.031014,0.041096,0.203882,0.302910,0.042306,0.063527,0.066888,0.081319
0.098266,0.129242,0.051450,0.083116,0.069626,0.173016,0.088338,0.104301,0.105202,0.097443
0.075249,0.120627,0.204256,0.066113,0.058997,0.095757,0.127434,0.072183,0.092696,0.086688
0.050822,0.062661,0.286993,0.064303,0.158515,0.060412,0.058971,0.086600,0.088308,0.082417
0.054409,0.067835,0.425788,0.031175,0.041974,0.151815,0.092821,0.044838,0.056483,0.032862
0.022232,0.019070,0.013358,0.024246,0.014850,0.024654,0.796612,0.019831,0.029907,0.035239
0.082502,0.050815,0.394775,0.078575,0.033026,0.110459,0.065447,0.033383,0.084463,0.066555
0.065680,0.072671,0.072025,0.068661,0.174976,0.099385,0.062230,0.115540,0.146974,0.121857
0.044291,0.082003,0.040680,0.065452,0.056059,0.200617,0.082669,0.268131,0.100333,0.059764
0.031842,0.062772,0.278341,0.035503,0.193903,0.184369,0.041997,0.082526,0.034464,0.054283
0.039600,0.078325,0.210014,0.037238,0.039759,0.202861,0.046402,0.179729,0.083901,0.082170
0.157839,0.083946,0.046721,0.101695,0.062017,0.125467,0.138089,0.110424,0.056861,0.116940
0.129943,0.117875,0.053452,0.063140,0.158837,0.106701,0.067279,0.111802,0.102990,0.087981
0.018493,0.025998,0.389482,0.013594,0.074829,0.085489,0.333518,0.018577,0.019158,0.020864
0.151477,0.231113,0.053792,0.083632,0.051460,0.146678,0.053223,0.062742,0.081219,0.084663
0.091708,0.110234,0.255466,0.087053,0.049602,0.099974,0.067283,0.087397,0.080814,0.070471
0.067929,0.175231,0.026685,0.045793,0.153600,0.231082,0.055881,0.089563,0.077772,0.076464
0.051714,0.093090,0.322146,0.055588,0.164579,0.082633,0.040717,0.060101,0.071192,0.058238
0.036895,0.062954,0.354327,0.043791,0.148438,0.057003,0.062571,0.073542,0.082909,0.077571
0.087718,0.114407,0.199441,0.070592,0.043052,0.142441,0.079312,0.078050,0.104425,0.080562
0.090618,0.198584,0.034080,0.075323,0.163163,0.069999,0.069394,0.195328,0.038956,0.064555
0.075056,0.097629,0.275023,0.049569,0.044471,0.078222,0.060946,0.163653,0.077797,0.077635
0.118088,0.107475,0.048083,0.064845,0.169326,0.106146,0.079759,0.100818,0.104685,0.100775
0.022508,0.038343,0.186667,0.026946,0.150937,0.146262,0.303068,0.040350,0.046475,0.038445
0.083338,0.066843,0.159505,0.058076,0.043699,0.266742,0.062480,0.115253,0.063552,0.080514
0.073199,0.074013,0.043375,0.082921,0.235306,0.116587,0.064731,0.104310,0.113219,0.092339
0.112878,0.098918,0.051264,0.071918,0.059943,0.109347,0.240212,0.064830,0.091117,0.099573
0.190427,0.108459,0.057147,0.077814,0.048604,0.110143,0.100312,0.115796,0.100173,0.091125
0.091397,0.072393,0.038311,0.053099,0.175989,0.109812,0.080699,0.218142,0.100581,0.059576
0.054551,0.074967,0.261499,0.041584,0.156702,0.064012,0.075920,0.093835,0.095958,0.080973
0.090587,0.246862,0.060064,0.065577,0.060852,0.129944,0.092316,0.110452,0.062672,0.080675
0.030950,0.047563,0.206778,0.049287,0.151590,0.060266,0.096828,0.192094,0.096748,0.067896
0.018744,0.017906,0.016436,0.015641,0.040424,0.024079,0.780629,0.033882,0.029204,0.023055
0.045914,0.019325,0.015774,0.026007,0.017789,0.024032,0.748405,0.032042,0.046002,0.024711
0.083000,0.056853,0.101452,0.037385,0.188184,0.299657,0.031474,0.096466,0.054622,0.050909
0.052432,0.078330,0.245346,0.057562,0.053401,0.246271,0.052432,0.060799,0.080922,0.072505
0.064603,0.082911,0.359360,0.054556,0.048521,0.099308,0.062061,0.067770,0.095116,0.065794
0.174241,0.081346,0.053435,0.124106,0.068473,0.135771,0.058597,0.072176,0.112702,0.119153
0.191183,0.120147,0.050519,0.102483,0.068205,0.099786,0.115875,0.073819,0.075330,0.102652
