0.113569,0.145019,0.051534,0.069867,0.069757,0.128195,0.090985,0.067425,0.123097,0.140552
0.148414,0.112539,0.046953,0.075100,0.055554,0.119755,0.064759,0.206311,0.090302,0.080312
0.042461,0.063680,0.456666,0.021562,0.029260,0.214523,0.057743,0.044797,0.019016,0.050293
0.103238,0.052893,0.447246,0.053987,0.048389,0.069741,0.048828,0.041575,0.053065,0.081036
0.105553,0.062800,0.091077,0.056919,0.179679,0.106407,0.084314,0.074436,0.134794,0.104022
0.077194,0.142876,0.080887,0.022531,0.022410,0.262674,0.246469,0.035701,0.051216,0.058043
0.077680,0.158894,0.042954,0.063336,0.053157,0.112696,0.078891,0.277644,0.063217,0.071530
0.025563,0.021959,0.017595,0.022388,0.022329,0.034454,0.750989,0.038219,0.039076,0.027430
0.067878,0.088314,0.340904,0.054334,0.171688,0.057713,0.050833,0.075163,0.063766,0.029408
0.062985,0.105812,0.310632,0.053892,0.035822,0.086971,0.061928,0.160299,0.036070,0.085588
0.124659,0.152293,0.076378,0.065112,0.048083,0.130090,0.088149,0.113911,0.088308,0.113018
0.090193,0.146932,0.055375,0.085591,0.073096,0.139362,0.087928,0.090685,0.078895,0.151941
0.094020,0.048186,0.026543,0.031828,0.152290,0.203574,0.076227,0.208147,0.091602,0.067582
0.065416,0.106908,0.045292,0.090945,0.193815,0.101934,0.082801,0.119574,0.089877,0.103436
0.078955,0.133185,0.080815,0.109359,0.068749,0.115274,0.136871,0.120885,0.080460,0.075447
0.048919,0.040285,0.243074,0.020417,0.102655,0.042301,0.401240,0.028423,0.026278,0.046408
0.074828,0.050478,0.089939,0.038696,0.046878,0.368921,0.057985,0.105037,0.102440,0.064799
0.073075,0.122498,0.220566,0.048481,0.036353,0.287722,0.045746,0.052523,0.059266,0.053770
0.033524,0.024831,0.099980,0.019104,0.023195,0.083697,0.627986,0.020434,0.037437,0.029813
0.071873,0.061479,0.323925,0.041295,0.152107,0.071999,0.063411,0.036403,0.098640,0.078869
0.069430,0.048747,0.073931,0.049071,0.042457,0.291311,0.054322,0.204443,0.091080,0.075206
0.138449,0.199005,0.052593,0.079950,0.059036,0.125474,0.091989,0.078961,0.076162,0.098380
0.126243,0.143678,0.074310,0.070286,0.063001,0.137921,0.084767,0.094530,0.107179,0.098085
0.104097,0.109421,0.250713,0.075110,0.057163,0.081599,0.069540,0.085877,0.085769,0.080710
0.095878,0.045570,0.351914,0.036224,0.125414,0.073556,0.038789,0.078223,0.089118,0.065315
0.120275,0.066812,0.260559,0.092889,0.047173,0.093011,0.061525,0.101166,0.075129,0.081462
0.070497,0.047270,0.263364,0.020626,0.148744,0.199011,0.075156,0.063570,0.076618,0.035144
0.081213,0.102292,0.024934,0.030922,0.149284,0.368167,0.059415,0.075633,0.034523,0.073617
0.126787,0.115728,0.172907,0.047686,0.068374,0.108556,0.074705,0.109942,0.093386,0.081929
0.053487,0.181670,0.172822,0.069704,0.065941,0.100929,0.062821,0.104754,0.088718,0.099154
0.079614,0.098478,0.348376,0.077350,0.052162,0.076228,0.064298,0.042137,0.083531,0.077826
0.095930,0.085864,0.370540,0.065670,0.055611,0.081693,0.031249,0.047378,0.078626,0.087439
0.130444,0.153401,0.050468,0.075201,0.074086,0.134120,0.088859,0.102962,0.084935,0.105526
0.051552,0.105610,0.048824,0.047844,0.213394,0.141390,0.067494,0.119302,0.140490,0.064101
0.102028,0.054410,0.074563,0.061676,0.138001,0.092624,0.067524,0.237307,0.081100,0.090767
0.094873,0.066721,0.046065,0.106097,0.049489,0.123922,0.095188,0.263152,0.064980,0.089512
0.047579,0.028775,0.614877,0.032406,0.023472,0.130186,0.030481,0.021911,0.028197,0.042114
0.148702,0.147623,0.062712,0.080317,0.060039,0.121928,0.087979,0.064624,0.119017,0.107059
0.034892,0.050000,0.109623,0.020290,0.227110,0.281284,0.030870,0.092874,0.084054,0.069004
0.130229,0.090977,0.055975,0.113565,0.051778,0.111033,0.072769,0.226399,0.058696,0.088579
0.114959,0.099060,0.046393,0.099636,0.193323,0.108687,0.090849,0.060421,0.088064,0.098609
0.045729,0.033383,0.123814,0.037883,0.024953,0.125985,0.531318,0.024509,0.028273,0.024155
0.042710,0.137934,0.090529,0.055765,0.029411,0.326141,0.062191,0.092700,0.091524,0.071095
0.051174,0.029049,0.205632,0.019517,0.025025,0.036627,0.499104,0.039934,0.047201,0.046737
0.126540,0.078636,0.143922,0.061391,0.044155,0.089536,0.061217,0.184824,0.114577,0.095203
0.054378,0.075101,0.218525,0.041802,0.035215,0.186123,0.058713,0.242482,0.041071,0.046589
0.086076,0.089995,0.341535,0.056672,0.050403,0.078586,0.061412,0.085485,0.079972,0.069865
0.124244,0.190379,0.062495,0.077833,0.067488,0.108078,0.084157,0.069861,0.113807,0.101658
0.124522,0.148423,0.042666,0.061428,0.051885,0.126453,0.072408,0.233232,0.060353,0.078630
0.103117,0.067282,0.297178,0.092290,0.058237,0.091138,0.069827,0.081177,0.060068,0.079686
0.116056,0.145017,0.181447,0.045166,0.064455,0.101197,0.083495,0.108337,0.054274,0.100557
0.059484,0.078140,0.317829,0.031986,0.192514,0.069529,0.050649,0.094405,0.057856,0.047608
0.095300,0.086842,0.053419,0.092994,0.051003,0.124800,0.069450,0.254111,0.061993,0.110089
0.131762,0.072053,0.086453,0.110902,0.051149,0.139746,0.082990,0.060444,0.146783,0.117718
0.054455,0.050388,0.369561,0.072680,0.120808,0.059183,0.038995,0.165394,0.032100,0.036436
0.041579,0.032956,0.516958,0.017100,0.087563,0.126539,0.019240,0.104705,0.032374,0.020985
0.081380,0.052425,0.452194,0.051278,0.136254,0.060609,0.044181,0.037038,0.049645,0.034995
0.070817,0.047910,0.307172,0.032235,0.033784,0.279465,0.054535,0.067972,0.075411,0.030699
0.077917,0.056399,0.326381,0.034437,0.166751,0.060124,0.057686,0.039811,0.092029,0.088465
0.069673,0.052996,0.336047,0.054994,0.130653,0.067308,0.054724,0.083574,0.088231,0.061800
0.132079,0.099817,0.046208,0.042905,0.242643,0.114132,0.091161,0.059016,0.053395,0.118645
0.140119,0.135064,0.063107,0.075769,0.071201,0.123523,0.091542,0.111937,0.102572,0.085165
0.119014,0.071075,0.059582,0.112667,0.068752,0.124739,0.095743,0.093039,0.141807,0.113582
0.057280,0.206161,0.080686,0.072978,0.048307,0.118035,0.105081,0.101117,0.123922,0.086433
0.092441,0.174828,0.043689,0.052725,0.045758,0.109663,0.077236,0.206657,0.111439,0.085565
0.043269,0.084163,0.293211,0.071944,0.150027,0.074912,0.075190,0.079247,0.060686,0.067351
0.033182,0.094337,0.336230,0.031081,0.054459,0.237412,0.056601,0.044781,0.060147,0.051769
0.085406,0.069293,0.082287,0.067662,0.047825,0.092668,0.099860,0.301137,0.049886,0.103976
0.031631,0.064043,0.022267,0.038559,0.177160,0.272185,0.055980,0.225429,0.052450,0.060296
0.071431,0.200172,0.025897,0.036199,0.031374,0.223756,0.207666,0.068479,0.069418,0.065608
0.061543,0.084482,0.267152,0.021971,0.143827,0.231361,0.045248,0.048361,0.042143,0.053913
0.083633,0.144058,0.095478,0.031046,0.045419,0.357662,0.043898,0.045453,0.114363,0.038991
0.041669,0.019755,0.013252,0.021066,0.014495,0.030921,0.795092,0.021963,0.016253,0.025533
0.142841,0.113511,0.076385,0.071929,0.062347,0.144772,0.086551,0.117730,0.077586,0.106348
0.048772,0.143660,0.041551,0.076934,0.187451,0.118658,0.086155,0.119718,0.075861,0.101242
0.111520,0.151126,0.085229,0.039832,0.196524,0.092270,0.080958,0.056793,0.115723,0.070025
0.096815,0.086649,0.316667,0.054422,0.052394,0.077575,0.063352,0.097204,0.080820,0.074102
0.113970,0.059037,0.026704,0.041964,0.201750,0.270316,0.062845,0.109244,0.061049,0.053122
0.062734,0.044233,0.265726,0.022448,0.123206,0.275896,0.041065,0.032169,0.075188,0.057335
0.085959,0.071680,0.168692,0.045155,0.043433,0.103905,0.054355,0.204438,0.124018,0.098365
0.084536,0.151816,0.027789,0.025867,0.154737,0.282653,0.058202,0.073285,0.100182,0.040932
0.101916,0.117598,0.043290,0.051505,0.054000,0.312107,0.071122,0.051981,0.114456,0.082025
0.015309,0.068769,0.071250,0.016629,0.157187,0.156101,0.294702,0.130918,0.036200,0.052935
0.057866,0.026112,0.018398,0.024376,0.063960,0.040543,0.599595,0.096564,0.048023,0.024564
0.131432,0.130482,0.062209,0.076997,0.052412,0.112501,0.091692,0.109799,0.124900,0.107575
0.077847,0.059064,0.025640,0.034304,0.162399,0.369437,0.052479,0.076481,0.081809,0.060539
0.057249,0.130647,0.070458,0.020028,0.137221,0.339345,0.044730,0.072508,0.072428,0.055387
0.098358,0.070393,0.082076,0.033520,0.046905,0.355384,0.067961,0.092696,0.102206,0.050502
0.079705,0.138977,0.053513,0.087187,0.076712,0.125352,0.187649,0.071180,0.071926,0.107800
0.076583,0.134636,0.250338,0.025916,0.039159,0.235945,0.049839,0.052747,0.081098,0.053738
0.100155,0.131197,0.040053,0.038337,0.219742,0.106044,0.077901,0.110047,0.082444,0.094080
0.085358,0.114749,0.038507,0.104992,0.058954,0.108798,0.066308,0.212993,0.126288,0.083054
0.031709,0.088882,0.338210,0.035853,0.155232,0.078426,0.040108,0.089610,0.066431,0.075540
0.131111,0.146974,0.070409,0.068548,0.063835,0.106590,0.069958,0.130007,0.112218,0.100352
0.043996,0.025231,0.018405,0.030483,0.017200,0.044125,0.700990,0.046782,0.035527,0.037261
0.066555,0.140339,0.092723,0.059065,0.177712,0.105967,0.072097,0.060475,0.114067,0.111001
0.061847,0.059084,0.315759,0.034034,0.155664,0.081771,0.049987,0.079116,0.096427,0.066311
0.108689,0.065349,0.082063,0.084871,0.143976,0.103101,0.074543,0.119099,0.121697,0.096613
0.036007,0.068617,0.274248,0.034225,0.045515,0.261035,0.038054,0.093500,0.086317,0.062484
0.101545,0.100709,0.047150,0.044326,0.192558,0.128669,0.101844,0.060819,0.124162,0.098218
0.115268,0.127210,0.056645,0.079590,0.075857,0.140220,0.080903,0.112035,0.113212,0.099060
0.067201,0.101381,0.046573,0.060491,0.065712,0.240526,0.157585,0.080644,0.081633,0.098254
0.060770,0.096274,0.079654,0.104000,0.198287,0.100728,0.081671,0.121263,0.057411,0.099942
0.029579,0.076262,0.469249,0.013611,0.135311,0.132700,0.026978,0.049027,0.034521,0.032761
0.101964,0.127061,0.038020,0.079778,0.207273,0.101999,0.066548,0.105351,0.077054,0.094952
0.082786,0.138277,0.047900,0.043961,0.166485,0.096618,0.075539,0.202457,0.046740,0.099238
0.089447,0.065902,0.350785,0.045586,0.157391,0.080947,0.048602,0.040101,0.035444,0.085795
0.077327,0.122301,0.198144,0.074739,0.053758,0.117776,0.046507,0.069811,0.119002,0.120635
0.066555,0.045343,0.440099,0.038295,0.140547,0.053408,0.050329,0.070071,0.034272,0.061081
0.034807,0.089771,0.255297,0.021838,0.144813,0.222151,0.040092,0.062391,0.071632,0.057207
0.069651,0.140770,0.083881,0.065490,0.067536,0.163203,0.060026,0.149563,0.094025,0.105854
0.117849,0.104410,0.077349,0.048665,0.180790,0.104904,0.084019,0.105557,0.072051,0.104406
0.053265,0.148427,0.051722,0.084855,0.048859,0.151161,0.083535,0.241834,0.050534,0.085808
0.114739,0.068870,0.040741,0.073982,0.062956,0.119836,0.063234,0.266362,0.093642,0.095638
0.058731,0.141329,0.043820,0.062415,0.054785,0.358992,0.080186,0.069371,0.068591,0.061780
0.075794,0.158432,0.082677,0.075375,0.066229,0.143371,0.074754,0.103513,0.126873,0.092982
0.041840,0.083107,0.298642,0.028447,0.039203,0.266480,0.047968,0.078879,0.073026,0.042408
0.116616,0.133876,0.041814,0.042402,0.184110,0.101506,0.085041,0.057039,0.119627,0.117968
0.025373,0.026467,0.370271,0.011467,0.070618,0.094792,0.281092,0.080652,0.024937,0.014331
0.067594,0.146570,0.044061,0.067984,0.179513,0.096998,0.087617,0.115236,0.095007,0.099419
0.039328,0.030959,0.535555,0.013809,0.021553,0.154474,0.044805,0.067254,0.050629,0.041634
0.108288,0.092459,0.045104,0.053800,0.064778,0.234964,0.197647,0.072502,0.067682,0.062776
0.129977,0.162468,0.049528,0.072635,0.068425,0.122906,0.079062,0.099764,0.112766,0.102470
0.026775,0.051826,0.402761,0.029471,0.196678,0.076182,0.051301,0.077614,0.056983,0.030409
0.131545,0.142169,0.052358,0.068786,0.072913,0.111497,0.059503,0.107476,0.121823,0.131930
0.083511,0.136930,0.029069,0.066037,0.140828,0.193842,0.034544,0.164816,0.083992,0.066430
0.085083,0.093055,0.284121,0.074943,0.140165,0.078420,0.039153,0.041001,0.094553,0.069507
0.137232,0.158840,0.065504,0.086285,0.052805,0.119548,0.079959,0.086708,0.113155,0.099964
0.128542,0.125056,0.034026,0.058753,0.054927,0.270936,0.075154,0.049583,0.104763,0.098260
0.071901,0.195425,0.073122,0.066950,0.063299,0.135301,0.066822,0.103833,0.118356,0.104992
0.138118,0.074420,0.087696,0.078920,0.069294,0.119831,0.082636,0.102418,0.134428,0.112238
0.023117,0.021389,0.026709,0.020949,0.015639,0.030527,0.773960,0.032942,0.029172,0.025596
0.101677,0.179245,0.034870,0.047215,0.047672,0.299403,0.076310,0.097305,0.066885,0.049420
0.056345,0.108149,0.073590,0.016774,0.176653,0.325158,0.042511,0.074468,0.076690,0.049661
0.109939,0.180456,0.049759,0.052664,0.056597,0.093139,0.066936,0.212630,0.088924,0.088956
0.158099,0.136522,0.078492,0.070495,0.068086,0.132138,0.075767,0.100076,0.072330,0.107996
0.082671,0.113328,0.346503,0.051892,0.045120,0.075294,0.070376,0.087544,0.045473,0.081799
0.128479,0.162925,0.060887,0.073140,0.078114,0.130746,0.086722,0.094593,0.078786,0.105607
0.044644,0.026932,0.019379,0.038144,0.025436,0.043956,0.660452,0.050141,0.049153,0.041762
0.108068,0.127511,0.045414,0.056467,0.206266,0.102149,0.059306,0.085076,0.109704,0.100039
0.109380,0.074654,0.317928,0.057636,0.067958,0.091122,0.078973,0.051304,0.066766,0.084280
0.127840,0.069342,0.078722,0.096155,0.066559,0.111165,0.091256,0.125169,0.128443,0.105349
0.025839,0.037375,0.623654,0.021014,0.022367,0.121463,0.033382,0.052468,0.025040,0.037396
0.022104,0.021015,0.099706,0.020721,0.018461,0.031509,0.698496,0.021719,0.035815,0.030453
0.138898,0.113229,0.056650,0.079586,0.076564,0.121623,0.084923,0.102129,0.116919,0.109479
0.048808,0.036187,0.558105,0.025353,0.026607,0.152138,0.032346,0.022723,0.051742,0.045991
0.076822,0.057400,0.341756,0.037037,0.209204,0.059449,0.063779,0.035174,0.073760,0.045616
0.027497,0.054195,0.243275,0.030590,0.164477,0.058026,0.050143,0.204302,0.092737,0.074759
0.083516,0.132916,0.033229,0.024386,0.217087,0.274443,0.053600,0.047186,0.082385,0.051251
0.052845,0.079263,0.033711,0.035704,0.056454,0.377820,0.069333,0.103773,0.100347,0.090750
0.077678,0.050273,0.385130,0.028723,0.184992,0.059542,0.051454,0.083975,0.031334,0.046899
0.061338,0.128965,0.022272,0.034522,0.142346,0.356555,0.056454,0.055288,0.086223,0.056036
0.014118,0.029780,0.600761,0.034085,0.111778,0.104728,0.023008,0.026502,0.018959,0.036282
0.052425,0.117504,0.205561,0.067033,0.144167,0.056503,0.059851,0.147090,0.083733,0.066134
0.066580,0.217497,0.051712,0.064228,0.063219,0.115831,0.121556,0.109611,0.080860,0.108907
0.079932,0.101923,0.313686,0.024032,0.133535,0.064841,0.055033,0.072379,0.083025,0.071614
0.125311,0.070939,0.271918,0.058091,0.052380,0.086324,0.080923,0.064882,0.064049,0.125182
0.025964,0.027161,0.197488,0.020954,0.023585,0.033305,0.560843,0.035833,0.043923,0.030945
0.100584,0.080347,0.045314,0.064938,0.070462,0.276367,0.059030,0.071706,0.116641,0.114611
0.042372,0.033460,0.021018,0.036831,0.021802,0.052981,0.562465,0.127457,0.063774,0.037838
0.034934,0.093010,0.280255,0.037356,0.035799,0.248572,0.055519,0.074071,0.074930,0.065555
0.049264,0.040240,0.416334,0.031896,0.164670,0.051368,0.044684,0.056260,0.082463,0.062821
0.156897,0.077023,0.047968,0.085640,0.061184,0.121513,0.084081,0.117591,0.138568,0.109536
0.114256,0.092314,0.039105,0.103308,0.169559,0.100888,0.081823,0.117674,0.110919,0.070154
0.026135,0.144556,0.215544,0.025249,0.040331,0.195325,0.169259,0.081997,0.033917,0.067688
0.060172,0.075130,0.090063,0.061151,0.039377,0.435162,0.065239,0.047276,0.063431,0.062999
0.124853,0.081521,0.049080,0.073137,0.188927,0.109137,0.106474,0.077634,0.074408,0.114829
0.072684,0.076684,0.296690,0.059250,0.150307,0.062752,0.049799,0.079145,0.096811,0.055878
0.162553,0.067464,0.053368,0.088289,0.058437,0.124182,0.103117,0.078996,0.100234,0.163361
0.118473,0.172993,0.051568,0.067799,0.054314,0.122393,0.091921,0.087354,0.090654,0.142531
0.065260,0.075486,0.324806,0.027588,0.039608,0.089220,0.048916,0.178018,0.098248,0.052849
0.084850,0.157253,0.067014,0.093215,0.066574,0.118212,0.094219,0.093795,0.089754,0.135113
0.075280,0.077204,0.329834,0.028223,0.151609,0.079239,0.057672,0.080971,0.038120,0.081849
0.148724,0.118601,0.064645,0.118811,0.061962,0.129341,0.091709,0.066225,0.107773,0.092208
0.079104,0.066442,0.272660,0.049709,0.049895,0.229945,0.056723,0.053819,0.058293,0.083410
0.056571,0.146508,0.209499,0.046942,0.033347,0.198832,0.122427,0.072223,0.065309,0.048341
0.047602,0.136469,0.360514,0.065588,0.053356,0.067442,0.036762,0.064820,0.088504,0.078943
0.102328,0.076151,0.197302,0.038463,0.150209,0.073257,0.065900,0.176334,0.065938,0.054117
0.101874,0.075696,0.076819,0.049893,0.153292,0.093562,0.074114,0.197077,0.105912,0.071762
0.097380,0.097642,0.382355,0.041349,0.048491,0.084908,0.052436,0.050319,0.050848,0.094272
0.051464,0.116468,0.022645,0.025463,0.144471,0.273308,0.052135,0.189092,0.067163,0.057791
0.056649,0.047864,0.434590,0.036205,0.119007,0.061030,0.052505,0.050862,0.081863,0.059425
0.093050,0.116041,0.266924,0.073605,0.042252,0.094720,0.070877,0.086794,0.094885,0.060851
0.110697,0.088996,0.054516,0.086100,0.202337,0.112839,0.070140,0.098876,0.105471,0.070027
0.137549,0.159465,0.048297,0.063549,0.057087,0.121165,0.089427,0.086118,0.127055,0.110289
0.146551,0.141722,0.038553,0.081351,0.040988,0.127436,0.075732,0.226865,0.053593,0.067209
0.126347,0.066754,0.091231,0.063936,0.171684,0.120153,0.065932,0.100794,0.082059,0.111109
0.072120,0.149435,0.059948,0.060402,0.191770,0.107618,0.062825,0.094841,0.089034,0.112007
0.088684,0.140531,0.292117,0.054359,0.126964,0.083303,0.032598,0.043825,0.058287,0.079332
0.140315,0.170616,0.059351,0.059415,0.069668,0.136308,0.070363,0.087478,0.078967,0.127520
0.059357,0.071823,0.121087,0.049282,0.036437,0.335481,0.069544,0.094034,0.084617,0.078336
0.066288,0.134781,0.195201,0.076945,0.048122,0.108435,0.086294,0.107367,0.114976,0.061591
0.093522,0.110357,0.027000,0.056275,0.047866,0.368780,0.056215,0.089023,0.090557,0.060406
0.077961,0.046863,0.355492,0.041669,0.146172,0.053848,0.049556,0.148110,0.029331,0.050998
0.107197,0.072251,0.084343,0.072405,0.179342,0.119098,0.107328,0.106003,0.080193,0.071840
0.124437,0.159033,0.049588,0.068658,0.070121,0.110977,0.070325,0.110577,0.128964,0.107320
0.120130,0.061174,0.029762,0.061896,0.051965,0.386820,0.051620,0.110079,0.057037,0.069518
0.097634,0.093732,0.040111,0.101478,0.196558,0.102405,0.069308,0.080870,0.109307,0.108597
0.085976,0.078694,0.027047,0.028828,0.173274,0.299915,0.056237,0.075903,0.095668,0.078457
0.086215,0.053198,0.244317,0.040118,0.126519,0.075627,0.059322,0.178663,0.096365,0.039654
0.080521,0.105284,0.317364,0.022762,0.145855,0.066787,0.054353,0.073526,0.058575,0.074972
0.064128,0.088264,0.246274,0.049206,0.034543,0.301362,0.036033,0.069260,0.047095,0.063836
0.079679,0.056970,0.083389,0.032205,0.029229,0.274487,0.045496,0.242943,0.065322,0.090279
0.097877,0.063350,0.235658,0.091180,0.055168,0.097516,0.067461,0.095426,0.108191,0.088172
0.116365,0.107818,0.170953,0.062211,0.067155,0.118929,0.031671,0.101395,0.111117,0.112387
0.073808,0.085631,0.298416,0.040046,0.166260,0.088837,0.070502,0.041000,0.068005,0.067496
0.035214,0.019963,0.151904,0.014219,0.017998,0.024891,0.659211,0.016416,0.033019,0.027163
0.086861,0.074775,0.059341,0.115250,0.058694,0.112508,0.124271,0.115536,0.135795,0.116967
0.077868,0.070461,0.034138,0.097841,0.161555,0.090883,0.102366,0.206057,0.057360,0.101471
0.097812,0.123213,0.082494,0.048876,0.171246,0.110099,0.091234,0.053030,0.121418,0.100579
0.062853,0.072967,0.281519,0.033999,0.046199,0.256085,0.064224,0.069694,0.050778,0.061682
0.087440,0.077141,0.024589,0.069874,0.145782,0.339037,0.053458,0.033419,0.092348,0.076912
0.100228,0.073446,0.062324,0.085060,0.065365,0.134378,0.112935,0.119351,0.125569,0.121343
0.037366,0.034557,0.494597,0.028133,0.021320,0.095570,0.209697,0.022937,0.020052,0.035771
0.122104,0.168576,0.155084,0.049554,0.065754,0.102141,0.076738,0.089021,0.075427,0.095602
0.059353,0.109068,0.260787,0.058311,0.048427,0.096663,0.109067,0.089854,0.082162,0.086309
0.139338,0.114304,0.080791,0.056378,0.065561,0.123182,0.127674,0.061559,0.130759,0.100453
0.107960,0.124409,0.045847,0.052628,0.043919,0.091500,0.090132,0.200696,0.121089,0.121821
0.049199,0.153506,0.081259,0.072745,0.170838,0.094404,0.082505,0.110111,0.080110,0.105324
0.081335,0.088386,0.330902,0.031913,0.157438,0.086660,0.056299,0.095033,0.034877,0.037156
0.097205,0.100411,0.094861,0.038157,0.035319,0.336164,0.055444,0.041810,0.109701,0.090929
0.077878,0.160068,0.204359,0.049157,0.146597,0.073056,0.063979,0.089472,0.093340,0.042093
0.120996,0.063033,0.031570,0.058113,0.047579,0.376534,0.066222,0.110589,0.057142,0.068222
0.120129,0.140078,0.161498,0.062441,0.060357,0.106429,0.083063,0.078676,0.088649,0.098682
0.045918,0.068399,0.525040,0.032531,0.019401,0.154673,0.026254,0.043675,0.040708,0.043398
0.090993,0.114567,0.297318,0.026364,0.151714,0.083468,0.043155,0.083324,0.072130,0.036968
0.103637,0.061700,0.090200,0.066864,0.198461,0.097885,0.079731,0.096969,0.114826,0.089726
0.140887,0.140944,0.053580,0.108332,0.041143,0.106686,0.075604,0.214029,0.049571,0.069225
0.077481,0.049882,0.278972,0.077236,0.116464,0.089967,0.065239,0.082717,0.091089,0.070951
0.051078,0.117055,0.031061,0.051864,0.043133,0.338516,0.067476,0.105310,0.104525,0.089982
0.116541,0.120876,0.037732,0.054649,0.198029,0.091163,0.066858,0.096138,0.113354,0.104660
0.101495,0.098052,0.047039,0.096220,0.188736,0.124516,0.088963,0.104738,0.086755,0.063486
0.125246,0.124761,0.074483,0.074668,0.066076,0.121878,0.108841,0.108089,0.092442,0.103517
0.125729,0.183351,0.076545,0.100538,0.049250,0.145767,0.070028,0.101883,0.065058,0.081849
0.136055,0.063787,0.087465,0.063365,0.172895,0.100017,0.082926,0.114576,0.082725,0.096187
0.065712,0.048372,0.407559,0.035315,0.122551,0.059451,0.050366,0.070604,0.081238,0.058832
0.116164,0.188895,0.076670,0.064290,0.049711,0.105368,0.083165,0.101008,0.114034,0.100695
0.103138,0.086874,0.084226,0.046919,0.162157,0.109749,0.077780,0.105240,0.103950,0.119967
0.125599,0.160859,0.042744,0.065745,0.055164,0.106694,0.075615,0.194011,0.102941,0.070628
0.139750,0.070564,0.055069,0.075668,0.061344,0.137567,0.143782,0.082002,0.118218,0.116036
0.047735,0.032022,0.151156,0.055110,0.032261,0.129155,0.312025,0.145141,0.041223,0.054172
0.063817,0.042557,0.346571,0.029429,0.167467,0.065921,0.050330,0.078955,0.088071,0.066882
0.046079,0.041320,0.022609,0.032328,0.099180,0.126394,0.550092,0.025722,0.024924,0.031352
0.089162,0.110565,0.289445,0.063469,0.056611,0.076753,0.105656,0.047713,0.078789,0.081837
0.090640,0.146366,0.264573,0.050688,0.041271,0.084162,0.058412,0.086787,0.094550,0.082552
0.147915,0.069997,0.041422,0.065508,0.158693,0.097813,0.086602,0.103370,0.130527,0.098153
0.110728,0.133874,0.038604,0.056088,0.047132,0.118839,0.064180,0.225421,0.114278,0.090856
0.027133,0.057028,0.265609,0.038707,0.040019,0.306496,0.051032,0.065298,0.081857,0.066821
0.070101,0.047968,0.286104,0.041606,0.142192,0.166973,0.038833,0.075417,0.081625,0.049180
0.034752,0.067193,0.043439,0.032748,0.050551,0.329197,0.200038,0.100699,0.098743,0.042641
0.058423,0.069229,0.088668,0.050771,0.039867,0.327038,0.142809,0.081161,0.086161,0.055874
0.039420,0.042143,0.502570,0.017408,0.032775,0.228144,0.037875,0.020419,0.060896,0.018348
0.079335,0.072450,0.219862,0.040282,0.037959,0.099117,0.062479,0.195427,0.083834,0.109255
0.132645,0.070363,0.054745,0.089827,0.060238,0.143000,0.082490,0.136994,0.136261,0.093437
0.073576,0.055672,0.434504,0.047862,0.053542,0.078742,0.063385,0.060069,0.057973,0.074674
0.113591,0.185035,0.058963,0.085410,0.056208,0.118763,0.094296,0.075148,0.080065,0.132520
0.031069,0.020943,0.166799,0.019026,0.014566,0.090881,0.562720,0.021889,0.040529,0.031577
0.087102,0.050504,0.209286,0.077191,0.124015,0.062921,0.062070,0.199105,0.070236,0.057571
0.092142,0.173763,0.061153,0.097847,0.076263,0.132333,0.084291,0.070043,0.095757,0.116406
0.092691,0.081764,0.305413,0.025874,0.145458,0.068196,0.043914,0.077389,0.084068,0.075233
0.096128,0.067477,0.223319,0.061383,0.050947,0.093152,0.076219,0.097230,0.109554,0.124592
0.028671,0.016520,0.019397,0.024324,0.011736,0.025320,0.812514,0.017205,0.021043,0.023271
0.115512,0.079654,0.048929,0.075048,0.155411,0.092647,0.058384,0.198199,0.087907,0.088311
0.102975,0.159539,0.049980,0.046743,0.234004,0.111257,0.064926,0.063894,0.102496,0.064186
0.109753,0.130683,0.040984,0.071939,0.174733,0.099332,0.079331,0.107442,0.112076,0.073728
0.160930,0.068012,0.041441,0.067624,0.152110,0.103208,0.068987,0.051212,0.132391,0.154084
0.128496,0.072524,0.060479,0.114941,0.073248,0.142279,0.103973,0.117458,0.090969,0.095633
0.119735,0.070751,0.039880,0.064561,0.163862,0.131892,0.087669,0.069843,0.142486,0.109320
0.067474,0.113195,0.044900,0.049638,0.220466,0.106095,0.100416,0.094315,0.086845,0.116657
0.145263,0.138957,0.041958,0.053598,0.038746,0.114947,0.060150,0.225758,0.092062,0.088560
0.113306,0.126073,0.040117,0.026577,0.045036,0.245857,0.049730,0.216837,0.063710,0.072757
0.105147,0.118269,0.280979,0.041699,0.040425,0.085841,0.051294,0.092887,0.098564,0.084894
0.109593,0.183274,0.050334,0.049748,0.163689,0.092848,0.054231,0.088166,0.112143,0.095972
0.112697,0.083460,0.036236,0.057820,0.065729,0.318274,0.072667,0.053594,0.124324,0.075200
0.051270,0.132130,0.082157,0.065552,0.045041,0.097476,0.065387,0.214126,0.115689,0.131171
0.055101,0.063887,0.385355,0.021795,0.147748,0.075010,0.047738,0.073655,0.089996,0.039714
0.080806,0.121755,0.213198,0.038821,0.148542,0.075303,0.062197,0.083820,0.097406,0.078152
0.043437,0.107899,0.324039,0.030873,0.161816,0.080660,0.057359,0.062690,0.095358,0.035869
0.081183,0.066863,0.083463,0.054522,0.030511,0.355348,0.052072,0.088160,0.106023,0.081854
0.032245,0.021793,0.011463,0.017280,0.055355,0.033921,0.762523,0.016597,0.020840,0.027983
0.113838,0.161776,0.231936,0.051387,0.049362,0.104124,0.073085,0.061586,0.056584,0.096323
0.127383,0.164555,0.051785,0.080553,0.058847,0.152012,0.093897,0.069659,0.086202,0.115107
0.055554,0.057171,0.330981,0.021205,0.172606,0.057434,0.047965,0.154858,0.026661,0.075564
0.060834,0.140905,0.037681,0.055981,0.217488,0.089364,0.081838,0.097325,0.117183,0.101401
0.063183,0.053374,0.340776,0.043215,0.162417,0.060440,0.058924,0.071117,0.069867,0.076687
0.033086,0.023148,0.168461,0.018504,0.060871,0.030494,0.605349,0.017845,0.017640,0.024602
0.120254,0.098509,0.078558,0.096434,0.162045,0.107909,0.083381,0.108534,0.081548,0.062828
0.070019,0.033294,0.019020,0.028259,0.022395,0.051044,0.581408,0.119725,0.041969,0.032868
0.148537,0.074586,0.064908,0.087180,0.077149,0.123935,0.084769,0.084672,0.138329,0.115934
0.080898,0.176468,0.032261,0.061926,0.182902,0.106035,0.030687,0.188275,0.043933,0.096615
0.067921,0.059698,0.338942,0.054060,0.037219,0.088698,0.068428,0.105935,0.086616,0.092483
0.047285,0.121104,0.038778,0.116424,0.040714,0.140667,0.096870,0.244272,0.055674,0.098213
0.047247,0.127596,0.035639,0.061812,0.044690,0.371160,0.078446,0.099124,0.059600,0.074686
0.093431,0.151490,0.253967,0.080424,0.042368,0.079102,0.069739,0.082639,0.060909,0.085932
0.020821,0.019569,0.011412,0.023882,0.014926,0.028214,0.801680,0.022592,0.027710,0.029193
0.024905,0.051934,0.438717,0.027167,0.094300,0.158535,0.041049,0.090476,0.030341,0.042576
0.035698,0.087305,0.502416,0.017257,0.019787,0.123813,0.033089,0.102972,0.033210,0.044453
0.114830,0.103219,0.049453,0.045676,0.157246,0.101163,0.062086,0.196207,0.081653,0.088467
0.110536,0.089787,0.038455,0.101909,0.212849,0.094915,0.069962,0.112898,0.055976,0.112714
0.123472,0.213873,0.059308,0.073293,0.052494,0.116334,0.109931,0.066612,0.075242,0.109442
0.044092,0.080676,0.243484,0.044342,0.031035,0.213881,0.048689,0.163740,0.071397,0.058664
0.085529,0.056385,0.333609,0.047726,0.049406,0.197033,0.050617,0.054084,0.058121,0.067490
0.075075,0.069949,0.221330,0.035915,0.038301,0.262249,0.150026,0.037044,0.052005,0.058108
0.047722,0.063009,0.343910,0.032879,0.180626,0.062905,0.073585,0.088318,0.072887,0.034157
0.085093,0.053330,0.410243,0.036546,0.124914,0.067144,0.041094,0.082330,0.041971,0.057336
0.054708,0.107117,0.324107,0.046704,0.048690,0.094625,0.060180,0.068126,0.090651,0.105092
0.024138,0.031293,0.534849,0.018025,0.090173,0.096967,0.024727,0.100176,0.058232,0.021419
0.040705,0.056865,0.439021,0.041814,0.050442,0.068457,0.062062,0.077391,0.101233,0.062009
0.017074,0.014192,0.017131,0.015392,0.012691,0.021901,0.850517,0.019641,0.011582,0.019877
0.078096,0.089756,0.234535,0.057171,0.037985,0.249009,0.050306,0.076786,0.054164,0.072194
0.037469,0.143401,0.261050,0.033893,0.052008,0.264653,0.068518,0.049362,0.048872,0.040772
0.131360,0.180569,0.052153,0.076510,0.071760,0.124212,0.074005,0.102275,0.073711,0.113444
0.017184,0.019811,0.067050,0.023686,0.015437,0.025307,0.770433,0.018602,0.015929,0.026560
0.149687,0.076119,0.052024,0.071936,0.057743,0.095441,0.061832,0.219039,0.130211,0.085967
0.120250,0.104467,0.045064,0.041734,0.182686,0.125099,0.094053,0.103210,0.124277,0.059158
0.070058,0.181686,0.086075,0.113451,0.049745,0.136178,0.088451,0.079548,0.072009,0.122800
0.142060,0.138972,0.077948,0.075306,0.058899,0.136446,0.078727,0.086460,0.093700,0.111483
0.126770,0.144686,0.047072,0.056830,0.172121,0.129732,0.087054,0.121515,0.048129,0.066090
0.092076,0.119754,0.247447,0.044781,0.047229,0.087990,0.081212,0.100401,0.091721,0.087391
0.100654,0.078826,0.274695,0.082773,0.054364,0.093835,0.079579,0.085087,0.065199,0.084988
0.129912,0.127270,0.060841,0.102045,0.056484,0.112078,0.090900,0.112485,0.094493,0.113493
0.018052,0.027322,0.182943,0.026654,0.018174,0.031817,0.604045,0.034573,0.025210,0.031211
0.127698,0.076858,0.054089,0.095094,0.080073,0.120545,0.110134,0.123328,0.115524,0.096657
0.072260,0.090277,0.390593,0.041132,0.039471,0.083191,0.063469,0.094912,0.082855,0.041839
0.038149,0.067779,0.258610,0.037342,0.052440,0.264675,0.058787,0.094984,0.049600,0.077634
0.052894,0.071066,0.314280,0.026850,0.142577,0.184682,0.028792,0.065616,0.076697,0.036546
0.099336,0.061682,0.098956,0.022343,0.036684,0.249662,0.058395,0.204884,0.105746,0.062313
0.058078,0.113293,0.235030,0.025130,0.138130,0.197121,0.039767,0.067566,0.073582,0.052304
0.117841,0.158019,0.075084,0.072003,0.063563,0.105706,0.110589,0.096181,0.079640,0.121374
0.105683,0.177397,0.076682,0.035356,0.175257,0.084432,0.067902,0.087562,0.101641,0.088089
0.104834,0.083820,0.055347,0.080163,0.070106,0.131892,0.094999,0.098636,0.152896,0.127307
0.115909,0.157629,0.034685,0.082816,0.055286,0.307404,0.058380,0.052167,0.065293,0.070431
0.064816,0.059496,0.034421,0.049203,0.039481,0.235318,0.057318,0.307202,0.072233,0.080512
0.072866,0.094265,0.346449,0.037206,0.132526,0.061051,0.053659,0.078841,0.060836,0.062301
0.034901,0.049019,0.578190,0.017487,0.018895,0.141188,0.025885,0.050762,0.043866,0.039808
0.102456,0.156325,0.225796,0.053903,0.054807,0.085747,0.047673,0.098642,0.100466,0.074184
0.113964,0.127601,0.043431,0.085645,0.192467,0.092173,0.082014,0.100376,0.089792,0.072537
0.142714,0.088008,0.055405,0.096656,0.071088,0.126747,0.096339,0.112099,0.092823,0.118121
0.091442,0.103076,0.105087,0.056088,0.030096,0.295563,0.061055,0.093529,0.085037,0.079027
0.081947,0.094882,0.230099,0.082530,0.175724,0.082376,0.040814,0.040916,0.097721,0.072989
0.030830,0.061717,0.323008,0.064981,0.165417,0.074118,0.061515,0.091788,0.077993,0.048632
0.024215,0.025130,0.157206,0.037753,0.016551,0.105018,0.476711,0.098549,0.035935,0.022931
0.063262,0.046120,0.093503,0.031560,0.161571,0.368122,0.055631,0.087264,0.031476,0.061490
0.109880,0.062579,0.345110,0.052329,0.058229,0.082299,0.054050,0.095645,0.056060,0.083821
0.025025,0.018464,0.427253,0.010295,0.097468,0.127690,0.240697,0.021959,0.013303,0.017848
0.082400,0.097034,0.049266,0.042733,0.187519,0.112446,0.077194,0.198507,0.046482,0.106418
0.023330,0.022945,0.012515,0.019683,0.017659,0.026719,0.733750,0.095660,0.017373,0.030367
0.062132,0.064416,0.363070,0.037185,0.151852,0.068000,0.074347,0.086409,0.064196,0.028393
0.105860,0.154716,0.086495,0.038937,0.180116,0.111076,0.059706,0.056399,0.082582,0.124113
0.078112,0.086753,0.038832,0.060977,0.054180,0.379299,0.057611,0.092184,0.100441,0.051611
0.038777,0.019548,0.026195,0.023227,0.015844,0.035975,0.735862,0.033111,0.040672,0.030788
0.067850,0.057723,0.234018,0.051646,0.047889,0.085230,0.053744,0.221670,0.111374,0.068857
0.162468,0.080736,0.093961,0.055276,0.217695,0.107101,0.070220,0.061809,0.077440,0.073294
0.066817,0.094667,0.349095,0.027599,0.031150,0.067766,0.065368,0.169595,0.054603,0.073342
0.135719,0.176629,0.084462,0.073517,0.048684,0.111531,0.086997,0.107705,0.070768,0.103987
0.091843,0.085031,0.065489,0.083094,0.070499,0.131875,0.102222,0.112627,0.141331,0.115987
0.097353,0.130410,0.052659,0.054030,0.061248,0.116724,0.079008,0.243728,0.048978,0.115863
0.053223,0.074048,0.401451,0.063737,0.041938,0.079562,0.071320,0.070704,0.098908,0.045107
0.145429,0.085614,0.074263,0.046405,0.046428,0.114361,0.081426,0.226374,0.094609,0.085093
0.031747,0.025002,0.085136,0.023294,0.017637,0.034566,0.695971,0.022292,0.032638,0.031716
0.025491,0.046534,0.065202,0.047691,0.028301,0.251117,0.378878,0.037343,0.063175,0.056268
0.078887,0.068248,0.030122,0.031540,0.039239,0.246232,0.294380,0.097891,0.072521,0.040939
0.100119,0.068896,0.096911,0.084211,0.037779,0.299032,0.060208,0.059772,0.126955,0.066117
0.143083,0.153082,0.050374,0.074040,0.056685,0.123344,0.088089,0.108433,0.091996,0.110875
0.083724,0.054858,0.395469,0.057294,0.152782,0.061157,0.051274,0.077060,0.035514,0.030868
0.120650,0.052622,0.041574,0.030105,0.049320,0.293552,0.054592,0.220435,0.085929,0.051220
0.129421,0.116407,0.043277,0.057107,0.202513,0.112126,0.093931,0.058556,0.091382,0.095279
0.097562,0.109212,0.153963,0.059579,0.131333,0.073252,0.038688,0.151696,0.097513,0.087200
0.064319,0.052932,0.309052,0.070373,0.045433,0.188984,0.071478,0.086249,0.078642,0.032537
0.026117,0.027791,0.191266,0.026657,0.023091,0.036548,0.494394,0.095444,0.048125,0.030567
0.105050,0.151044,0.199159,0.096027,0.069157,0.102984,0.079375,0.060782,0.070154,0.066266
0.068091,0.071901,0.085990,0.026218,0.169387,0.291885,0.146367,0.079437,0.032507,0.028217
0.020678,0.022198,0.380885,0.016361,0.061153,0.080225,0.341754,0.033525,0.025215,0.018007
0.068995,0.112517,0.321479,0.057745,0.038196,0.069908,0.051276,0.171478,0.033398,0.075007
0.132401,0.172555,0.040639,0.096650,0.051907,0.109429,0.074302,0.208939,0.044743,0.068436
0.058445,0.132745,0.156488,0.052089,0.059146,0.096050,0.044545,0.205429,0.125314,0.069748
0.061340,0.122324,0.264882,0.059660,0.042541,0.109994,0.059349,0.090091,0.108285,0.081535
0.112865,0.095903,0.033227,0.039628,0.047443,0.361414,0.053044,0.094608,0.070119,0.091748
0.117619,0.175836,0.059801,0.080442,0.070063,0.118316,0.087896,0.073427,0.080112,0.136488
0.070844,0.070492,0.294173,0.025591,0.033249,0.198740,0.091184,0.082515,0.062702,0.070510
0.129068,0.092313,0.074608,0.094793,0.161782,0.096172,0.081052,0.077424,0.113933,0.078855
0.137874,0.150897,0.060131,0.076876,0.064313,0.113127,0.089936,0.079907,0.119524,0.107415
0.072975,0.072462,0.087814,0.080872,0.051244,0.110887,0.070604,0.304025,0.055707,0.093410
0.040915,0.023519,0.133974,0.017516,0.061332,0.035895,0.545747,0.099297,0.021833,0.019971
0.043537,0.146671,0.294131,0.036225,0.137289,0.077362,0.062721,0.037082,0.082996,0.081985
0.066670,0.056163,0.249713,0.040415,0.031466,0.306881,0.046522,0.069384,0.080182,0.052605
0.148322,0.153556,0.062790,0.078096,0.074100,0.130737,0.090246,0.071613,0.082152,0.108387
0.052285,0.035529,0.025051,0.030251,0.019890,0.049007,0.560091,0.125848,0.061686,0.040362
0.021804,0.048031,0.254071,0.061118,0.130426,0.299145,0.039399,0.060543,0.044776,0.040687
0.115766,0.182036,0.051066,0.076308,0.054133,0.122563,0.080607,0.102744,0.085430,0.129346
0.052836,0.023244,0.130728,0.016883,0.083138,0.088413,0.443403,0.095044,0.025056,0.041255
0.025272,0.026207,0.151993,0.017383,0.105989,0.099026,0.503915,0.017776,0.020521,0.031918
0.117011,0.151688,0.038680,0.036424,0.216674,0.108537,0.080582,0.113126,0.053606,0.083672
0.059708,0.041015,0.556563,0.029367,0.029636,0.118352,0.027161,0.046057,0.057799,0.034344
0.156666,0.074506,0.074081,0.099152,0.058315,0.122510,0.080678,0.131392,0.080878,0.121822
0.085392,0.079889,0.025791,0.033992,0.163789,0.418398,0.048031,0.045503,0.036312,0.062902
0.065189,0.091797,0.292822,0.096863,0.048196,0.095045,0.080073,0.057393,0.088853,0.083768
0.163198,0.080385,0.050577,0.049207,0.065185,0.117248,0.088607,0.239463,0.054604,0.091525
0.029102,0.020726,0.458883,0.010781,0.170313,0.209577,0.015100,0.036363,0.014656,0.034499
0.118944,0.123476,0.061837,0.064995,0.059593,0.143044,0.086910,0.081615,0.118260,0.141326
0.137276,0.118841,0.053774,0.056424,0.079503,0.143167,0.087892,0.061430,0.121903,0.139790
0.144860,0.083366,0.058308,0.096402,0.070114,0.130081,0.088892,0.128376,0.076370,0.123231
0.057211,0.139431,0.289776,0.035028,0.042525,0.202639,0.045748,0.082804,0.063568,0.041269
0.077919,0.045174,0.449944,0.036796,0.120944,0.058433,0.042934,0.034589,0.051896,0.081371
0.096763,0.063415,0.043561,0.066042,0.069257,0.297695,0.061128,0.088708,0.116097,0.097335
0.078602,0.112453,0.024657,0.032284,0.174126,0.313263,0.053810,0.061641,0.069666,0.079498
0.122120,0.132220,0.051052,0.077618,0.073980,0.151230,0.099242,0.105186,0.098130,0.089222
0.067845,0.132000,0.185431,0.046979,0.069704,0.100922,0.089806,0.099376,0.106790,0.101147
0.063282,0.055561,0.310417,0.056436,0.140497,0.059894,0.059546,0.093685,0.072936,0.087745
0.041789,0.069532,0.545550,0.017774,0.031132,0.154523,0.041561,0.021156,0.058606,0.018378
0.029955,0.019620,0.015350,0.020797,0.019711,0.028751,0.761995,0.027716,0.034751,0.041355
0.082176,0.048021,0.446306,0.072633,0.029965,0.081600,0.044606,0.035240,0.088777,0.070675
0.064225,0.067560,0.082288,0.057962,0.168512,0.097374,0.083008,0.114186,0.123796,0.141089
0.045374,0.071015,0.034160,0.061542,0.047861,0.220949,0.060866,0.317340,0.078236,0.062658
0.036165,0.052028,0.298365,0.026776,0.197931,0.194106,0.047373,0.059081,0.025814,0.062360
0.049089,0.091319,0.204203,0.031859,0.031239,0.243762,0.051623,0.159629,0.064149,0.073128
0.165174,0.076491,0.051330,0.086804,0.074532,0.128256,0.130722,0.123911,0.070229,0.092550
0.122962,0.115783,0.052619,0.054660,0.165320,0.095202,0.066432,0.112130,0.116366,0.098525
0.019349,0.019282,0.417753,0.011188,0.060552,0.099082,0.315914,0.017684,0.021769,0.017427
0.148228,0.179457,0.062025,0.081367,0.057211,0.139821,0.082436,0.071512,0.074827,0.103114
0.094653,0.112936,0.249018,0.077264,0.053897,0.091651,0.072317,0.085407,0.076855,0.086000
0.066940,0.146076,0.025572,0.039723,0.155678,0.261436,0.056601,0.085626,0.085544,0.076804
0.063252,0.075797,0.337673,0.052670,0.157957,0.067456,0.052364,0.070546,0.061677,0.060607
0.035962,0.060049,0.346277,0.038226,0.141115,0.064323,0.066532,0.075289,0.077294,0.094934
0.099034,0.145504,0.184533,0.050641,0.044698,0.108871,0.085032,0.098326,0.119739,0.063622
0.095139,0.174879,0.035897,0.070044,0.161532,0.086923,0.054279,0.193057,0.052011,0.076238
0.077815,0.086841,0.304173,0.040413,0.048958,0.075976,0.041963,0.163818,0.070413,0.089631
0.114812,0.101174,0.045324,0.077177,0.178155,0.102724,0.060736,0.114284,0.095832,0.109781
0.017971,0.038202,0.220093,0.020900,0.154188,0.167259,0.255577,0.025082,0.058793,0.041935
0.090755,0.054435,0.144318,0.044636,0.040501,0.317221,0.042710,0.119015,0.054975,0.091434
0.062325,0.068315,0.042805,0.064881,0.220491,0.110107,0.082799,0.114751,0.128441,0.105085
0.138407,0.117738,0.056422,0.076072,0.075674,0.120777,0.097775,0.086991,0.115363,0.114782
0.152460,0.145911,0.056377,0.071023,0.053798,0.117022,0.070320,0.129379,0.114200,0.089510
0.102569,0.070422,0.039437,0.050546,0.182966,0.109273,0.076682,0.203066,0.106432,0.058607
0.044906,0.078195,0.308031,0.026424,0.156723,0.068989,0.050721,0.093573,0.092479,0.079958
0.084948,0.227519,0.070010,0.060072,0.066650,0.136734,0.074698,0.110479,0.075354,0.093535
0.025877,0.049359,0.246668,0.056221,0.147493,0.067099,0.066660,0.181122,0.089708,0.069792
0.023501,0.015822,0.018587,0.013879,0.034509,0.022566,0.790207,0.027852,0.029090,0.023986
0.052002,0.022031,0.017684,0.022784,0.022668,0.032115,0.735778,0.026240,0.041268,0.027429
0.073388,0.051996,0.095130,0.026724,0.172683,0.357050,0.041350,0.083502,0.058498,0.039679
0.047688,0.072192,0.254938,0.063081,0.041756,0.260076,0.039225,0.060708,0.090891,0.069447
0.074722,0.083249,0.377690,0.044615,0.045049,0.085853,0.063238,0.073898,0.092760,0.058926
0.167720,0.072201,0.051728,0.112785,0.075298,0.126007,0.080483,0.101892,0.098603,0.113284
0.160098,0.132184,0.052853,0.107525,0.075233,0.117379,0.091582,0.088431,0.071393,0.103321
