0.014206,0.128805,0.036377,0.013816,0.029197,0.042761,0.053104,0.016640,0.632364,0.032729
0.018927,0.008643,0.015052,0.016159,0.019893,0.019014,0.016411,0.587110,0.292062,0.006727
0.007795,0.109184,0.403562,0.007849,0.029666,0.058944,0.155024,0.007356,0.012068,0.208551
0.041669,0.539796,0.208582,0.037528,0.021480,0.006728,0.015664,0.008071,0.008058,0.112424
0.005585,0.404331,0.058320,0.006056,0.290171,0.006787,0.011705,0.005949,0.113769,0.097326
0.277834,0.042825,0.460617,0.009281,0.041880,0.055484,0.017292,0.011880,0.040121,0.042786
0.027854,0.098825,0.017135,0.010321,0.020320,0.014908,0.026829,0.743452,0.031415,0.008941
0.007272,0.473078,0.013050,0.030513,0.009049,0.009409,0.014090,0.007320,0.347681,0.088538
0.009514,0.011974,0.087877,0.088741,0.705928,0.009739,0.008967,0.010931,0.054918,0.011412
0.004529,0.058851,0.203442,0.038740,0.016161,0.011068,0.054853,0.510617,0.005951,0.095788
0.021361,0.019218,0.452285,0.022752,0.040512,0.019836,0.273486,0.108569,0.024227,0.017754
0.029115,0.027651,0.058445,0.029469,0.049204,0.048031,0.339736,0.308264,0.053926,0.056158
0.120473,0.003510,0.018210,0.004357,0.264921,0.009220,0.032962,0.331452,0.193953,0.020941
0.022842,0.007288,0.018043,0.007267,0.454168,0.015266,0.070091,0.008066,0.306411,0.090558
0.025424,0.009849,0.193172,0.334705,0.017772,0.009773,0.015143,0.356517,0.026828,0.010817
0.005862,0.497935,0.041229,0.005651,0.392191,0.009304,0.016160,0.011219,0.008118,0.012330
0.003838,0.318710,0.294302,0.004495,0.011840,0.024257,0.003366,0.188628,0.146748,0.003815
0.084391,0.043818,0.130216,0.005664,0.060510,0.050490,0.005507,0.135318,0.336491,0.147595
0.147713,0.293654,0.057598,0.005246,0.009034,0.022539,0.007969,0.005167,0.337557,0.113523
0.004929,0.005188,0.112937,0.005390,0.379632,0.012652,0.097374,0.008322,0.236505,0.137072
0.003580,0.003540,0.246026,0.037661,0.017630,0.026137,0.052393,0.326563,0.269300,0.017169
0.100469,0.052955,0.036993,0.039429,0.035677,0.047966,0.160414,0.185743,0.022126,0.318228
0.010889,0.095598,0.170913,0.062724,0.036023,0.019456,0.038326,0.055778,0.495813,0.014478
0.038315,0.011341,0.074716,0.009526,0.028450,0.009998,0.052805,0.282308,0.469691,0.022848
0.030109,0.349200,0.013604,0.003974,0.312676,0.011579,0.011183,0.138535,0.123754,0.005385
0.047765,0.516701,0.035778,0.255579,0.019889,0.011853,0.017882,0.006918,0.079293,0.008340
0.027119,0.005748,0.112757,0.007292,0.338378,0.015700,0.039676,0.056692,0.391528,0.005110
0.167719,0.066835,0.021772,0.021025,0.333703,0.034749,0.112956,0.126541,0.006154,0.108546
0.076166,0.009230,0.100182,0.009715,0.025726,0.023938,0.032495,0.266667,0.447356,0.008526
0.009439,0.033207,0.045789,0.026676,0.019293,0.009036,0.027586,0.237669,0.411261,0.180044
0.006313,0.007261,0.268564,0.233853,0.013694,0.012412,0.071821,0.007321,0.293472,0.085289
0.028206,0.006850,0.316032,0.058081,0.039779,0.014296,0.013201,0.011886,0.342954,0.168715
0.114847,0.019532,0.043772,0.017552,0.035151,0.033802,0.067768,0.447526,0.192837,0.027212
0.009613,0.008912,0.029642,0.011975,0.561396,0.020103,0.032587,0.061930,0.253791,0.010050
0.065684,0.200260,0.035171,0.003571,0.232629,0.006737,0.025350,0.220341,0.167733,0.042525
0.006084,0.363401,0.007223,0.170822,0.006798,0.007879,0.039546,0.385923,0.006748,0.005577
0.008582,0.671532,0.023549,0.011236,0.027796,0.048324,0.175528,0.013176,0.011853,0.008424
0.050495,0.163349,0.056159,0.045734,0.040902,0.016768,0.159965,0.021233,0.420047,0.025349
0.020285,0.003880,0.217958,0.003682,0.236486,0.026560,0.014172,0.174243,0.284116,0.018617
0.153479,0.007358,0.021597,0.228165,0.016680,0.009909,0.019896,0.524608,0.008814,0.009493
0.012201,0.012478,0.034717,0.012089,0.686286,0.017990,0.050544,0.014857,0.147059,0.011780
0.019140,0.455000,0.035633,0.296235,0.025234,0.038381,0.013522,0.007717,0.102640,0.006497
0.022007,0.005317,0.282666,0.044494,0.024309,0.011624,0.100156,0.164782,0.320138,0.024507
0.014552,0.436078,0.171773,0.006370,0.019580,0.009514,0.010998,0.005534,0.314385,0.011218
0.021808,0.006787,0.035339,0.044056,0.016220,0.012034,0.020260,0.501947,0.210567,0.130983
0.005074,0.354010,0.027000,0.006263,0.019294,0.030593,0.073695,0.472170,0.006829,0.005072
0.053091,0.007178,0.275538,0.049356,0.017310,0.014589,0.069688,0.184402,0.301341,0.027507
0.016480,0.054710,0.049593,0.043278,0.055895,0.025941,0.151986,0.019347,0.371088,0.211681
0.011104,0.097685,0.018120,0.011883,0.023511,0.021738,0.031639,0.758360,0.013318,0.012642
0.159595,0.429996,0.030018,0.225787,0.021310,0.009871,0.074727,0.034052,0.007432,0.007214
0.011156,0.125369,0.116269,0.012294,0.054035,0.026816,0.127642,0.337544,0.013553,0.175322
0.006765,0.005264,0.125589,0.005352,0.386115,0.015995,0.162939,0.188006,0.099105,0.004872
0.009041,0.009175,0.026244,0.009068,0.016972,0.014867,0.016273,0.855571,0.011327,0.031461
0.008358,0.578601,0.081961,0.007523,0.010978,0.011484,0.094737,0.009010,0.182840,0.014506
0.003149,0.235158,0.094887,0.122200,0.183705,0.003470,0.008077,0.342156,0.003817,0.003382
0.011107,0.279144,0.021331,0.004550,0.269915,0.024763,0.003333,0.363396,0.018735,0.003726
0.128980,0.365146,0.137354,0.004118,0.322169,0.006067,0.011638,0.006089,0.013572,0.004867
0.024775,0.005425,0.192048,0.026606,0.030847,0.041936,0.129684,0.148637,0.394070,0.005971
0.004687,0.367236,0.026149,0.003982,0.289705,0.004265,0.018194,0.005195,0.269198,0.011389
0.004179,0.366357,0.028233,0.004013,0.265548,0.008440,0.019834,0.154720,0.144585,0.004091
0.065920,0.009092,0.027931,0.009244,0.606142,0.019981,0.093645,0.011174,0.010649,0.146221
0.009939,0.010346,0.036181,0.009612,0.040226,0.016016,0.158701,0.193283,0.513923,0.011774
0.007181,0.438640,0.009244,0.208294,0.007669,0.012471,0.011315,0.007708,0.225488,0.071990
0.009979,0.037288,0.202127,0.064367,0.019822,0.021258,0.008615,0.171723,0.456126,0.008695
0.007263,0.021444,0.014705,0.006321,0.009964,0.013230,0.057723,0.473014,0.306743,0.089592
0.029682,0.006669,0.116928,0.241692,0.346016,0.022354,0.023510,0.147849,0.034377,0.030922
0.015348,0.016091,0.436942,0.015811,0.048491,0.098913,0.054872,0.028208,0.273609,0.011717
0.005228,0.309408,0.031482,0.006628,0.008147,0.006092,0.032367,0.532038,0.007853,0.060757
0.004327,0.232781,0.010052,0.003866,0.219967,0.021625,0.050439,0.433608,0.011676,0.011660
0.016766,0.021238,0.091615,0.024601,0.093065,0.121469,0.040316,0.451182,0.099259,0.040489
0.024460,0.083608,0.111381,0.007226,0.356604,0.044186,0.089609,0.128750,0.119342,0.034836
0.006864,0.008760,0.480773,0.008656,0.051036,0.020237,0.030830,0.012137,0.372867,0.007839
0.023319,0.747322,0.016099,0.013161,0.015682,0.012252,0.023503,0.119710,0.016244,0.012708
0.015466,0.015661,0.307341,0.017027,0.031984,0.028867,0.056633,0.464657,0.047537,0.014826
0.008508,0.009943,0.022860,0.056567,0.471730,0.024791,0.121678,0.231838,0.023419,0.028665
0.006249,0.067771,0.164980,0.008099,0.459099,0.006401,0.101075,0.009012,0.171567,0.005747
0.009148,0.009918,0.210297,0.010545,0.049901,0.009808,0.050308,0.416209,0.045845,0.188020
0.038388,0.347686,0.014699,0.005026,0.228257,0.009169,0.082373,0.202418,0.067317,0.004668
0.156935,0.004519,0.036584,0.022139,0.298439,0.032802,0.065680,0.010541,0.243524,0.128837
0.006498,0.005877,0.041219,0.005643,0.014026,0.013694,0.023609,0.585945,0.215675,0.087813
0.030401,0.041205,0.050273,0.006313,0.424014,0.049097,0.048747,0.006387,0.337845,0.005718
0.260317,0.009362,0.048589,0.008694,0.046280,0.053392,0.109713,0.016348,0.428921,0.018383
0.003743,0.044128,0.187856,0.003919,0.217604,0.021766,0.010400,0.389222,0.014445,0.106918
0.017639,0.241999,0.006942,0.015771,0.199989,0.007997,0.006982,0.326686,0.172150,0.003844
0.013026,0.011724,0.037729,0.032803,0.024627,0.019393,0.044807,0.396113,0.381836,0.037944
0.005000,0.004919,0.027911,0.007267,0.298935,0.036253,0.107531,0.131473,0.266237,0.114472
0.003269,0.024376,0.266645,0.004645,0.227059,0.028676,0.028807,0.138893,0.266255,0.011375
0.188894,0.005473,0.395138,0.006932,0.038372,0.014988,0.131583,0.005461,0.208102,0.005057
0.033992,0.031724,0.082404,0.030016,0.066382,0.043619,0.051118,0.040914,0.083359,0.536471
0.090691,0.008718,0.064439,0.008830,0.077271,0.056521,0.006136,0.149065,0.373340,0.164989
0.010659,0.012894,0.035407,0.012625,0.747291,0.022807,0.062288,0.011807,0.041341,0.042883
0.006446,0.008332,0.010025,0.210960,0.021156,0.011467,0.017395,0.488463,0.217319,0.008437
0.006126,0.006667,0.194827,0.005263,0.404200,0.012178,0.049059,0.123181,0.091379,0.107120
0.020106,0.021911,0.339825,0.017133,0.040572,0.032493,0.053826,0.019594,0.391964,0.062575
0.006813,0.543579,0.011175,0.010714,0.010245,0.016797,0.012917,0.007669,0.365558,0.014533
0.023193,0.008749,0.136758,0.006797,0.370596,0.011441,0.019166,0.008248,0.320162,0.094890
0.005796,0.005199,0.118429,0.005769,0.335081,0.021069,0.020925,0.131085,0.250341,0.106305
0.004816,0.393648,0.101717,0.004685,0.273109,0.007435,0.070387,0.005174,0.133012,0.006016
0.018282,0.015996,0.276579,0.018381,0.046511,0.107443,0.055316,0.014884,0.085888,0.360721
0.007004,0.006522,0.020811,0.006777,0.476091,0.013974,0.027958,0.009593,0.319917,0.111353
0.013142,0.011780,0.029490,0.068361,0.020191,0.022721,0.030964,0.280327,0.512054,0.010970
0.047167,0.041004,0.181647,0.039082,0.234475,0.108752,0.173698,0.078950,0.058442,0.036784
0.022933,0.006513,0.176222,0.241168,0.469191,0.014468,0.029341,0.006804,0.008180,0.025181
0.003916,0.029038,0.158704,0.007755,0.296540,0.034933,0.034606,0.166636,0.239409,0.028463
0.007936,0.009376,0.023278,0.007792,0.523067,0.015453,0.022650,0.204928,0.025589,0.159930
0.005042,0.049546,0.016864,0.005551,0.307678,0.009931,0.047838,0.482596,0.005794,0.069161
0.010007,0.007805,0.078153,0.044418,0.489165,0.023521,0.098355,0.019448,0.010084,0.219043
0.050016,0.011782,0.118752,0.012870,0.032459,0.012184,0.015663,0.017425,0.534375,0.194472
0.004501,0.381115,0.155832,0.013102,0.297718,0.004588,0.021283,0.108490,0.005879,0.007492
0.037549,0.080883,0.110104,0.005755,0.392248,0.044106,0.004969,0.005711,0.301562,0.017114
0.021831,0.020148,0.513797,0.024139,0.050146,0.044962,0.028035,0.022290,0.256087,0.018565
0.006476,0.006584,0.172644,0.006968,0.424589,0.013860,0.069403,0.129607,0.020896,0.148973
0.009390,0.010469,0.023590,0.025991,0.013982,0.017900,0.109752,0.770271,0.010054,0.008600
0.084280,0.285410,0.005330,0.004825,0.005438,0.006406,0.007798,0.291939,0.234104,0.074471
0.034585,0.028734,0.247943,0.032077,0.233367,0.242852,0.025683,0.081022,0.039785,0.033952
0.026684,0.086781,0.173559,0.056804,0.018630,0.017362,0.011804,0.161290,0.311359,0.135727
0.006335,0.088921,0.207685,0.009452,0.021582,0.046212,0.092762,0.287685,0.233661,0.005705
0.010804,0.012426,0.020265,0.013886,0.583613,0.024771,0.046559,0.012799,0.244972,0.029905
0.003860,0.300344,0.018781,0.004610,0.258278,0.023944,0.007622,0.360908,0.017447,0.004206
0.022480,0.007410,0.017970,0.019998,0.429396,0.006404,0.015963,0.169552,0.288269,0.022558
0.008542,0.009372,0.340815,0.009104,0.057382,0.024969,0.054147,0.411222,0.057593,0.026856
0.034527,0.033972,0.184990,0.032449,0.188304,0.252947,0.129547,0.063963,0.043500,0.035801
0.016405,0.021611,0.042973,0.018532,0.036783,0.053510,0.244763,0.090543,0.417680,0.057200
0.007385,0.006470,0.282637,0.006373,0.468331,0.027250,0.026824,0.056198,0.110810,0.007721
0.012858,0.015586,0.035077,0.012197,0.024056,0.019597,0.015104,0.311944,0.522489,0.031093
0.037747,0.016999,0.019041,0.148602,0.180880,0.022048,0.011576,0.373380,0.118481,0.071245
0.128123,0.005128,0.094200,0.196435,0.319412,0.010265,0.018358,0.008407,0.208129,0.011543
0.016126,0.017738,0.046101,0.040058,0.026584,0.014719,0.038816,0.163400,0.623283,0.013174
0.033123,0.010127,0.030868,0.035035,0.053587,0.021975,0.159638,0.016976,0.430720,0.207951
0.032404,0.036717,0.181229,0.012206,0.037988,0.020840,0.031726,0.373364,0.257447,0.016079
0.007676,0.422479,0.063501,0.008192,0.008903,0.007217,0.013005,0.103740,0.352788,0.012499
0.005699,0.366867,0.079648,0.004866,0.010614,0.006061,0.010239,0.159798,0.281318,0.074889
0.013971,0.016281,0.070928,0.022743,0.080350,0.038286,0.011542,0.476845,0.254522,0.014532
0.003271,0.004375,0.269816,0.004239,0.237158,0.028459,0.078122,0.163317,0.128534,0.082709
0.008675,0.023960,0.020760,0.008452,0.012326,0.008117,0.096772,0.722612,0.076791,0.021536
0.055630,0.018299,0.241116,0.019821,0.037093,0.054464,0.050013,0.258339,0.020491,0.244734
0.009497,0.136746,0.441954,0.047586,0.052903,0.027023,0.133747,0.090236,0.014015,0.046293
0.565743,0.027857,0.057488,0.033371,0.087597,0.039627,0.071004,0.031177,0.055706,0.030430
0.009720,0.698127,0.016162,0.008676,0.014485,0.010098,0.015904,0.009634,0.206477,0.010718
0.006730,0.008766,0.020152,0.007457,0.485414,0.015305,0.022568,0.090870,0.330265,0.012473
0.198068,0.544129,0.116382,0.007887,0.018056,0.010998,0.080871,0.008968,0.008319,0.006323
0.008659,0.566155,0.083351,0.007571,0.018467,0.008691,0.018471,0.008308,0.272791,0.007537
0.028072,0.479815,0.044947,0.020449,0.030458,0.014963,0.095327,0.265938,0.008713,0.011317
0.012679,0.412546,0.026097,0.005690,0.017879,0.014008,0.010794,0.074059,0.331966,0.094282
0.014148,0.012410,0.031788,0.013319,0.024103,0.018256,0.174659,0.061814,0.610539,0.038964
0.171100,0.344712,0.025256,0.004970,0.017368,0.030250,0.113758,0.008497,0.268859,0.015230
0.032255,0.007499,0.161318,0.035246,0.524909,0.018944,0.156136,0.012783,0.044225,0.006685
0.003120,0.237104,0.051108,0.003331,0.194224,0.004037,0.002453,0.251435,0.193194,0.059995
0.275973,0.009525,0.058108,0.007644,0.499409,0.020492,0.055063,0.018296,0.048450,0.007040
0.038836,0.007216,0.038562,0.008268,0.056876,0.053811,0.006014,0.262768,0.374594,0.153056
0.150554,0.005106,0.206801,0.005646,0.358773,0.013687,0.033751,0.213939,0.007160,0.004584
0.004794,0.006527,0.024578,0.005464,0.368004,0.040087,0.124596,0.111296,0.192629,0.122024
0.004676,0.284956,0.022579,0.198410,0.241213,0.008724,0.019016,0.083201,0.005182,0.132043
0.002906,0.018501,0.069702,0.140607,0.230607,0.006361,0.064999,0.293601,0.157681,0.015036
0.021502,0.024039,0.037542,0.025257,0.050705,0.042838,0.038989,0.388659,0.060276,0.310192
0.026581,0.079647,0.055963,0.006502,0.385087,0.013206,0.039662,0.053140,0.185150,0.155063
0.059811,0.701581,0.044626,0.010256,0.025450,0.011434,0.108392,0.010042,0.010279,0.018128
0.014090,0.362782,0.147068,0.005045,0.019106,0.008540,0.009691,0.110116,0.319144,0.004418
0.007182,0.543139,0.033052,0.009907,0.022094,0.045214,0.023725,0.009711,0.285176,0.020801
0.004844,0.371625,0.007302,0.004765,0.006022,0.007591,0.008789,0.349792,0.234519,0.004750
0.014738,0.174147,0.090601,0.017833,0.064881,0.087690,0.301760,0.118194,0.071452,0.058704
0.004057,0.322416,0.120091,0.003994,0.252935,0.005192,0.014155,0.020792,0.191413,0.064955
0.029044,0.427117,0.008721,0.006422,0.007550,0.012594,0.067275,0.219160,0.215312,0.006806
0.005699,0.005826,0.011972,0.217282,0.356287,0.010461,0.092560,0.006141,0.288503,0.005268
0.009929,0.010302,0.156123,0.008192,0.069265,0.061800,0.099047,0.305938,0.012042,0.267362
0.009522,0.009515,0.577775,0.102855,0.057651,0.024249,0.140791,0.015825,0.053082,0.008734
0.005787,0.469833,0.010601,0.006097,0.415243,0.006048,0.059116,0.006861,0.007266,0.013148
0.005323,0.005379,0.131539,0.061402,0.360517,0.005417,0.087636,0.058092,0.279668,0.005029
0.029590,0.463403,0.008538,0.008489,0.010565,0.010000,0.045817,0.057201,0.356449,0.009948
0.335929,0.019664,0.025114,0.018293,0.031711,0.016008,0.147077,0.193772,0.175707,0.036724
0.005961,0.006428,0.228331,0.005615,0.022243,0.013886,0.107543,0.444237,0.161047,0.004708
0.115332,0.036975,0.118496,0.100953,0.080063,0.059477,0.368763,0.042867,0.042673,0.034402
0.006420,0.006671,0.162402,0.009050,0.521715,0.019329,0.006066,0.063584,0.010598,0.194164
0.010464,0.009256,0.025528,0.304531,0.020124,0.012131,0.128686,0.011146,0.467293,0.010841
0.008882,0.717906,0.057750,0.010072,0.048570,0.061268,0.008263,0.012514,0.040520,0.034255
0.007406,0.010094,0.156028,0.090131,0.065058,0.021748,0.036575,0.373158,0.051401,0.188402
0.032970,0.035535,0.349565,0.007592,0.021038,0.007898,0.097547,0.118114,0.209075,0.120667
0.043392,0.005929,0.077594,0.005173,0.295277,0.009618,0.070306,0.417253,0.071038,0.004420
0.004086,0.004096,0.083471,0.004375,0.247616,0.006468,0.039986,0.404543,0.201583,0.003777
0.043036,0.012162,0.423197,0.012024,0.042287,0.020873,0.237178,0.019004,0.013551,0.176688
0.003364,0.004625,0.018526,0.004442,0.221935,0.027748,0.078584,0.352914,0.201941,0.085922
0.003896,0.303333,0.114973,0.003828,0.209794,0.005758,0.050395,0.057268,0.245957,0.004798
0.013200,0.150296,0.262133,0.010255,0.056780,0.045460,0.009548,0.097299,0.345387,0.009641
0.007980,0.007288,0.029378,0.006963,0.507051,0.023888,0.022820,0.043474,0.344585,0.006572
0.013040,0.014661,0.017096,0.013531,0.017651,0.023054,0.104611,0.131659,0.515346,0.149351
0.057877,0.080783,0.014793,0.007277,0.020582,0.025605,0.016148,0.758833,0.009404,0.008699
0.113311,0.393500,0.072269,0.005231,0.365607,0.011345,0.010469,0.017326,0.006036,0.004906
0.035507,0.013201,0.035992,0.011046,0.596627,0.010522,0.031612,0.126787,0.121025,0.017681
0.028082,0.036047,0.058899,0.059181,0.487990,0.025703,0.042624,0.013413,0.106841,0.141219
0.112244,0.130341,0.122001,0.046964,0.078184,0.072042,0.109851,0.192151,0.045822,0.090401
0.019797,0.446316,0.252584,0.013239,0.019452,0.013652,0.155766,0.046841,0.025011,0.007341
0.043287,0.012195,0.112224,0.077292,0.029579,0.024091,0.082991,0.356300,0.250814,0.011227
0.022714,0.080104,0.027045,0.059569,0.018183,0.041150,0.118409,0.216405,0.411352,0.005070
0.008907,0.250851,0.099221,0.022065,0.213962,0.004400,0.042426,0.350255,0.003804,0.004109
0.005780,0.412460,0.126538,0.006094,0.390322,0.013002,0.004872,0.021533,0.013295,0.006102
0.169901,0.072667,0.017802,0.008478,0.015411,0.012226,0.021704,0.282653,0.391578,0.007582
0.054419,0.452621,0.018098,0.007071,0.013005,0.034093,0.014824,0.268003,0.007606,0.130261
0.005962,0.005512,0.007998,0.188261,0.370902,0.010413,0.013363,0.060954,0.256861,0.079774
0.181693,0.005094,0.032774,0.006325,0.305987,0.039556,0.037257,0.051392,0.193056,0.146865
0.070867,0.229204,0.015222,0.002926,0.207257,0.008207,0.002452,0.297488,0.163229,0.003148
0.027152,0.088781,0.135384,0.007042,0.467834,0.015889,0.042150,0.055788,0.036417,0.123563
0.008625,0.138503,0.081400,0.105378,0.053256,0.072145,0.040404,0.009041,0.181042,0.310207
0.004176,0.004631,0.317979,0.005484,0.023920,0.033089,0.019547,0.431461,0.027620,0.132092
0.005134,0.397105,0.009114,0.189037,0.008114,0.012601,0.073106,0.160762,0.139988,0.005038
0.011999,0.011697,0.138087,0.012937,0.032468,0.028193,0.016762,0.316210,0.392159,0.039487
0.009098,0.008061,0.134035,0.008050,0.586764,0.020539,0.094185,0.014570,0.116999,0.007699
0.034181,0.396535,0.150862,0.004474,0.011205,0.008527,0.010109,0.005777,0.299576,0.078754
0.005401,0.379799,0.008510,0.158309,0.005976,0.005292,0.004723,0.179182,0.247854,0.004954
0.004411,0.004210,0.010420,0.150097,0.276745,0.008260,0.006836,0.448388,0.014628,0.076005
0.005566,0.007165,0.183838,0.005473,0.408101,0.018205,0.019609,0.007943,0.216987,0.127113
0.009385,0.010116,0.357028,0.016519,0.037550,0.078937,0.118266,0.106536,0.202259,0.063404
0.023325,0.006151,0.028715,0.250946,0.336027,0.037189,0.106407,0.010196,0.174625,0.026419
0.009689,0.600729,0.010763,0.009348,0.009351,0.014846,0.051456,0.199726,0.009510,0.084581
0.009012,0.732831,0.085159,0.008002,0.043701,0.020858,0.026177,0.018555,0.012378,0.043327
0.016411,0.063367,0.109736,0.019397,0.038086,0.037161,0.163640,0.093244,0.195494,0.263463
0.039689,0.009476,0.177844,0.037364,0.042651,0.020341,0.183077,0.069204,0.398522,0.021833
0.014389,0.015098,0.398923,0.019300,0.034221,0.023185,0.024310,0.020649,0.435801,0.014124
0.009616,0.010730,0.020770,0.009818,0.011546,0.014656,0.072421,0.604980,0.226412,0.019052
0.005858,0.055162,0.115579,0.036146,0.359308,0.007847,0.055114,0.206343,0.064890,0.093754
0.006552,0.008358,0.156640,0.010651,0.495570,0.024880,0.024490,0.257173,0.008127,0.007559
0.180331,0.006503,0.391446,0.026495,0.030914,0.039150,0.004406,0.009564,0.283628,0.027564
0.007541,0.033992,0.088981,0.029196,0.532576,0.007696,0.096071,0.008423,0.186804,0.008720
0.061842,0.506223,0.020006,0.006523,0.023156,0.038976,0.027375,0.300412,0.008448,0.007038
0.010884,0.012035,0.059568,0.010234,0.040175,0.021982,0.042958,0.133577,0.464181,0.204408
0.112286,0.010966,0.230731,0.097566,0.051834,0.066718,0.037482,0.084960,0.050768,0.256690
0.132487,0.066960,0.103540,0.005185,0.295579,0.012377,0.021023,0.121138,0.236327,0.005385
0.003717,0.313890,0.079934,0.004481,0.265921,0.005693,0.037481,0.074246,0.210832,0.003807
0.046281,0.065677,0.022009,0.222299,0.015196,0.010050,0.100343,0.502640,0.007702,0.007803
0.003627,0.296718,0.006901,0.139622,0.195348,0.005622,0.038299,0.112574,0.193146,0.008142
0.031141,0.007217,0.028345,0.005889,0.031269,0.041033,0.036933,0.266050,0.422659,0.129463
0.026931,0.008953,0.015465,0.008188,0.503775,0.013906,0.023707,0.125628,0.250989,0.022458
0.011236,0.010324,0.026520,0.010061,0.694418,0.030579,0.039280,0.051041,0.115009,0.011533
0.007842,0.008203,0.113749,0.043073,0.013480,0.022076,0.007350,0.265150,0.372084,0.146993
0.012378,0.015317,0.231942,0.424875,0.020100,0.023285,0.035457,0.195120,0.026861,0.014666
0.027325,0.342927,0.076491,0.005078,0.298128,0.006475,0.043312,0.146948,0.047565,0.005751
0.004640,0.365569,0.142783,0.004472,0.257099,0.008213,0.066078,0.004518,0.139449,0.007180
0.009409,0.028571,0.114408,0.010536,0.019043,0.010107,0.029798,0.238581,0.424148,0.115398
0.004900,0.005162,0.112756,0.006088,0.384506,0.015342,0.051302,0.149296,0.257824,0.012826
0.042743,0.022836,0.016757,0.017345,0.013702,0.020446,0.024459,0.504669,0.330165,0.006878
0.009856,0.725388,0.012516,0.011691,0.015743,0.014049,0.009293,0.079580,0.011607,0.110277
0.004255,0.004506,0.073346,0.206490,0.021083,0.028452,0.010941,0.528263,0.022054,0.100612
0.003459,0.294126,0.018330,0.004160,0.227913,0.009013,0.054922,0.160551,0.170828,0.056700
0.006081,0.492242,0.033606,0.005347,0.408827,0.013499,0.015248,0.011392,0.007985,0.005772
0.310552,0.012854,0.218278,0.096746,0.046676,0.019562,0.024739,0.015163,0.056249,0.199181
0.007732,0.033170,0.180356,0.008361,0.022111,0.017650,0.024817,0.265168,0.273859,0.166777
0.027523,0.314002,0.008426,0.004467,0.249756,0.004333,0.041954,0.084407,0.259974,0.005159
0.006623,0.051080,0.008832,0.006482,0.012176,0.016524,0.015294,0.575497,0.291007,0.016484
0.009467,0.008220,0.071330,0.008472,0.064021,0.062189,0.061083,0.082206,0.449628,0.183384
0.038885,0.284095,0.021777,0.034116,0.193539,0.007969,0.018343,0.166138,0.219076,0.016063
0.010092,0.008539,0.062330,0.010416,0.062804,0.066654,0.121580,0.330573,0.317570,0.009441
0.004108,0.004443,0.289437,0.049685,0.029558,0.034029,0.048335,0.173812,0.261287,0.105305
0.007256,0.009634,0.255585,0.012333,0.044593,0.059206,0.057516,0.015789,0.529746,0.008342
0.005762,0.006033,0.146399,0.005822,0.024337,0.015567,0.023105,0.661988,0.088234,0.022752
0.007200,0.513665,0.010539,0.008341,0.013203,0.010846,0.083131,0.008061,0.253389,0.091626
0.006493,0.551649,0.196581,0.010997,0.012647,0.010204,0.080101,0.008236,0.018158,0.104934
0.030272,0.032023,0.086866,0.028662,0.043823,0.079933,0.036295,0.303664,0.293592,0.064870
0.005325,0.418473,0.129405,0.006965,0.019194,0.031162,0.010422,0.006838,0.189782,0.182435
0.069222,0.211896,0.005345,0.104424,0.185144,0.003045,0.029206,0.228301,0.160555,0.002862
0.052416,0.049675,0.185702,0.052651,0.125813,0.161754,0.158931,0.069989,0.057764,0.085306
0.032024,0.008231,0.065469,0.007440,0.427275,0.006675,0.033533,0.060409,0.337858,0.021086
0.005181,0.427487,0.010801,0.005746,0.008478,0.007919,0.047877,0.211305,0.265625,0.009581
0.006754,0.459023,0.052496,0.214826,0.009122,0.007057,0.013053,0.062001,0.054722,0.120946
0.097144,0.004490,0.014912,0.004271,0.286778,0.006708,0.013277,0.334456,0.223098,0.014865
0.008876,0.009505,0.022704,0.008155,0.522864,0.017984,0.037394,0.009463,0.353901,0.009155
0.146038,0.007366,0.018842,0.045085,0.366696,0.013945,0.064965,0.175001,0.156337,0.005726
0.012032,0.415564,0.008774,0.004956,0.258177,0.006186,0.010142,0.006150,0.269334,0.008684
0.117585,0.394568,0.009026,0.187878,0.011533,0.008292,0.041638,0.215011,0.007398,0.007071
0.004947,0.420617,0.007449,0.005413,0.273643,0.008170,0.048972,0.006128,0.219582,0.005079
0.028972,0.009069,0.023625,0.010435,0.552190,0.018122,0.014573,0.120634,0.024819,0.197561
0.044654,0.064484,0.015864,0.007799,0.014457,0.013459,0.010575,0.654389,0.073757,0.100563
0.187044,0.006818,0.037793,0.005285,0.035663,0.014553,0.004717,0.656429,0.035797,0.015902
0.025250,0.007532,0.141961,0.008716,0.023317,0.015441,0.106772,0.202334,0.360600,0.108078
0.006995,0.024770,0.023339,0.006778,0.407537,0.009708,0.020793,0.035877,0.326098,0.138105
0.180961,0.362641,0.014034,0.010876,0.019792,0.028457,0.070722,0.007785,0.190272,0.114461
0.007421,0.008344,0.088418,0.040317,0.009641,0.007462,0.018458,0.495855,0.308787,0.015298
0.006814,0.005134,0.232703,0.006026,0.335197,0.023028,0.022652,0.125624,0.238078,0.004746
0.004756,0.063002,0.094863,0.005412,0.334462,0.009782,0.074780,0.115405,0.285475,0.012064
0.025226,0.007155,0.131262,0.008086,0.371070,0.020138,0.085856,0.094069,0.250457,0.006679
0.003597,0.293697,0.287927,0.003457,0.017138,0.025718,0.019044,0.003836,0.240453,0.105133
0.005866,0.443642,0.011514,0.007740,0.479522,0.009343,0.013234,0.007798,0.013682,0.007661
0.023286,0.123862,0.199606,0.036986,0.101320,0.024599,0.358996,0.040918,0.029600,0.060828
0.299217,0.130590,0.022685,0.082310,0.033477,0.023091,0.127887,0.016085,0.039953,0.224705
0.005000,0.004305,0.199562,0.004664,0.309453,0.004344,0.016218,0.380189,0.005326,0.070939
0.025857,0.008414,0.012784,0.007443,0.462915,0.007062,0.018688,0.037219,0.320862,0.098758
0.004187,0.323902,0.022889,0.009380,0.273323,0.003961,0.044717,0.023131,0.214541,0.079968
0.005447,0.488646,0.034343,0.006044,0.424508,0.008801,0.012048,0.007154,0.007544,0.005463
0.006918,0.006820,0.106925,0.218000,0.350216,0.012100,0.061557,0.161663,0.068086,0.007714
0.012186,0.376918,0.008070,0.006095,0.009023,0.008486,0.010724,0.515681,0.046520,0.006297
0.008450,0.552689,0.012684,0.009540,0.015341,0.009000,0.079802,0.066322,0.160792,0.085379
0.004250,0.019279,0.009659,0.033849,0.331499,0.009759,0.006766,0.473094,0.005718,0.106127
0.009086,0.341645,0.069042,0.005010,0.008640,0.006565,0.067009,0.185203,0.231984,0.075816
0.006637,0.008055,0.010710,0.215075,0.014123,0.012477,0.068533,0.636206,0.007771,0.020413
0.016093,0.013627,0.076630,0.015137,0.077253,0.038205,0.330042,0.402206,0.018167,0.012639
0.010240,0.045007,0.209778,0.381510,0.036500,0.009346,0.008368,0.067523,0.039399,0.192329
0.007538,0.560881,0.009286,0.007885,0.009358,0.009015,0.015160,0.008161,0.365967,0.006749
0.003795,0.004390,0.105591,0.039359,0.247819,0.026832,0.042257,0.409590,0.020439,0.099926
0.003689,0.024215,0.106516,0.006040,0.021071,0.030201,0.098554,0.499410,0.075016,0.135288
0.105680,0.006269,0.017166,0.004781,0.293676,0.010388,0.014618,0.474371,0.056388,0.016664
0.007003,0.006470,0.011970,0.236611,0.453162,0.013392,0.018579,0.226980,0.008120,0.017715
0.367055,0.056178,0.052113,0.015889,0.041566,0.023848,0.024128,0.020070,0.045850,0.353304
0.003626,0.058311,0.134362,0.043218,0.020397,0.029673,0.095372,0.372623,0.220707,0.021709
0.013855,0.421301,0.147219,0.050083,0.015324,0.035934,0.142373,0.008212,0.020625,0.145074
0.116360,0.008957,0.182828,0.010754,0.054973,0.070420,0.134082,0.018899,0.189313,0.213414
0.049486,0.008200,0.184638,0.013921,0.537085,0.008008,0.047468,0.084963,0.056700,0.009530
0.130535,0.393134,0.017901,0.005850,0.264973,0.006272,0.012459,0.158639,0.005817,0.004421
0.024219,0.021259,0.478974,0.025149,0.116295,0.045034,0.096397,0.037164,0.136086,0.019422
0.002843,0.224878,0.012542,0.003384,0.163515,0.017660,0.042344,0.343300,0.186709,0.002824
0.005397,0.379414,0.149107,0.005753,0.012106,0.005753,0.068634,0.113616,0.255610,0.004611
0.011101,0.659105,0.195909,0.011910,0.015791,0.012965,0.021180,0.041924,0.018320,0.011795
0.053743,0.009664,0.212336,0.118575,0.072614,0.030334,0.048747,0.010453,0.213540,0.229993
0.016935,0.086427,0.272324,0.017141,0.097628,0.107457,0.338885,0.027293,0.020604,0.015306
0.173060,0.028661,0.073562,0.025733,0.055937,0.024646,0.079444,0.426736,0.068933,0.043287
0.009166,0.700999,0.021981,0.008091,0.016125,0.008617,0.018113,0.010017,0.018253,0.188638
0.016612,0.006518,0.015484,0.013159,0.010820,0.009345,0.014598,0.575045,0.260103,0.078317
0.009721,0.008435,0.029654,0.012147,0.473129,0.019299,0.007871,0.145911,0.283955,0.009879
0.012042,0.014103,0.273522,0.402617,0.025245,0.024659,0.045644,0.013281,0.013030,0.175856
0.019010,0.019231,0.237915,0.022355,0.034463,0.029201,0.044290,0.180157,0.179799,0.233580
0.015913,0.018541,0.046288,0.015594,0.752803,0.032540,0.064855,0.017481,0.018177,0.017808
0.009822,0.124191,0.084929,0.012651,0.041030,0.021673,0.009327,0.011304,0.516289,0.168784
0.032877,0.009232,0.193500,0.389322,0.048993,0.031733,0.018218,0.068641,0.041034,0.166450
0.011850,0.010563,0.035158,0.010328,0.024586,0.015999,0.099360,0.282312,0.499872,0.009973
0.008587,0.591435,0.231326,0.006979,0.026693,0.013209,0.015655,0.053788,0.025512,0.026815
0.009487,0.627978,0.012449,0.008265,0.010905,0.009080,0.068547,0.233074,0.010285,0.009930
0.012900,0.011156,0.498416,0.010960,0.049790,0.030708,0.044877,0.261024,0.066938,0.013231
0.026175,0.022562,0.466300,0.026517,0.087478,0.062525,0.104675,0.022100,0.035515,0.146153
0.005043,0.006964,0.216793,0.007110,0.350707,0.017886,0.033989,0.151905,0.204468,0.005135
0.101879,0.003011,0.190547,0.002825,0.014491,0.021193,0.062050,0.365912,0.231259,0.006834
0.021679,0.029700,0.090652,0.005756,0.274817,0.036554,0.072253,0.175557,0.264118,0.028914
0.016443,0.019630,0.179265,0.040649,0.030262,0.017320,0.015774,0.485177,0.161226,0.034253
0.043295,0.022261,0.155158,0.007070,0.393567,0.009522,0.024284,0.107619,0.153950,0.083274
0.009530,0.506809,0.008289,0.024979,0.008587,0.008022,0.012857,0.008337,0.331664,0.080926
0.015932,0.087258,0.083034,0.015989,0.054896,0.046609,0.061268,0.028865,0.280677,0.325472
0.007632,0.008021,0.033702,0.008482,0.038521,0.054738,0.027332,0.734443,0.045350,0.041778
0.042152,0.054065,0.173127,0.004413,0.267570,0.010841,0.053018,0.171934,0.211622,0.011256
0.006798,0.009597,0.085813,0.008783,0.036202,0.051217,0.164764,0.350042,0.040061,0.246723
0.010108,0.045834,0.073443,0.009552,0.050659,0.018600,0.145240,0.009534,0.475073,0.161958
0.128992,0.006900,0.018596,0.005416,0.382624,0.005671,0.083510,0.100906,0.262330,0.005054
0.010701,0.699423,0.017124,0.015752,0.022322,0.011790,0.021258,0.177853,0.012126,0.011650
0.050144,0.005383,0.261870,0.044290,0.022415,0.029872,0.100060,0.162059,0.228016,0.095891
0.005112,0.006540,0.070412,0.213174,0.367203,0.012905,0.080092,0.008014,0.143615,0.092932
0.007627,0.006523,0.161016,0.006227,0.434624,0.017810,0.005816,0.009145,0.345344,0.005869
0.002914,0.232376,0.074419,0.135091,0.009239,0.017220,0.005957,0.347006,0.172885,0.002894
0.004774,0.004883,0.301950,0.005004,0.280414,0.035776,0.113654,0.219711,0.006859,0.026975
0.014442,0.489780,0.028821,0.005802,0.012131,0.009586,0.013818,0.267023,0.013583,0.145013
0.004880,0.433463,0.046382,0.006494,0.334870,0.035267,0.015760,0.110545,0.007300,0.005038
0.005494,0.006246,0.019666,0.004766,0.349798,0.010824,0.022614,0.489745,0.006252,0.084593
0.008768,0.396626,0.007714,0.007268,0.007258,0.006291,0.012074,0.428982,0.010360,0.114659
0.005329,0.005569,0.237794,0.006090,0.366197,0.022790,0.126692,0.189645,0.033452,0.006442
0.008168,0.009819,0.220026,0.008467,0.561491,0.017190,0.043818,0.009853,0.098816,0.022352
0.007346,0.007536,0.064409,0.006930,0.050609,0.061609,0.006730,0.359328,0.428414,0.007089
0.006406,0.433706,0.047684,0.006872,0.010044,0.011400,0.010748,0.157866,0.212095,0.103179
0.003543,0.240799,0.059720,0.020158,0.006399,0.008951,0.007941,0.403769,0.240277,0.008442
0.013422,0.472019,0.104029,0.006844,0.365535,0.005808,0.012398,0.006731,0.006815,0.006400
0.005500,0.006092,0.214527,0.005459,0.016811,0.005133,0.089589,0.540808,0.023133,0.092947
0.071287,0.014969,0.159023,0.027960,0.016916,0.013084,0.039026,0.409917,0.022481,0.225337
0.008391,0.539370,0.017324,0.009275,0.010976,0.019348,0.021121,0.149311,0.215763,0.009121
0.008465,0.009213,0.020171,0.009082,0.012619,0.014616,0.066291,0.735449,0.014550,0.109544
0.024698,0.006715,0.280080,0.051757,0.023155,0.015128,0.113824,0.104713,0.372410,0.007520
0.035150,0.005118,0.100393,0.005485,0.012464,0.010206,0.049252,0.514103,0.260725,0.007105
0.007164,0.546018,0.025815,0.007125,0.015774,0.012706,0.013689,0.008010,0.354897,0.008802
0.010620,0.009310,0.656419,0.092817,0.026298,0.062155,0.036138,0.012288,0.048368,0.045587
0.012202,0.012870,0.065503,0.012347,0.063974,0.089767,0.069492,0.597688,0.062387,0.013770
0.117935,0.193222,0.163259,0.152380,0.009104,0.017465,0.044067,0.069135,0.229258,0.004175
0.016315,0.017143,0.033647,0.018366,0.039315,0.038926,0.273469,0.332315,0.214735,0.015768
0.173657,0.006200,0.271899,0.058562,0.395562,0.017532,0.005447,0.054238,0.009247,0.007656
0.057261,0.004713,0.029311,0.005648,0.015304,0.035586,0.020328,0.561065,0.266517,0.004267
0.010543,0.009367,0.020427,0.009200,0.678751,0.022324,0.102521,0.012804,0.125126,0.008937
0.034348,0.046209,0.057961,0.003722,0.246369,0.007984,0.048597,0.390598,0.150028,0.014183
0.004231,0.004846,0.172667,0.231914,0.018512,0.013370,0.078628,0.219057,0.251530,0.005245
0.008463,0.284843,0.111455,0.003307,0.007426,0.005591,0.007172,0.378954,0.188507,0.004283
0.496132,0.025892,0.176709,0.021316,0.047631,0.021816,0.097383,0.026719,0.061834,0.024568
0.005148,0.005539,0.427189,0.009790,0.336364,0.044985,0.099263,0.057794,0.007661,0.006267
0.003912,0.295496,0.020669,0.003569,0.261965,0.025108,0.007938,0.156568,0.220876,0.003900
0.005041,0.064992,0.234209,0.042723,0.017743,0.005492,0.019164,0.581274,0.006299,0.023062
0.038094,0.019334,0.013117,0.201748,0.018958,0.017452,0.019988,0.648369,0.016688,0.006252
0.021975,0.067902,0.044007,0.006716,0.016157,0.010589,0.017456,0.486325,0.323115,0.005757
0.040544,0.012377,0.072586,0.010608,0.032005,0.035073,0.036504,0.067307,0.519837,0.173160
0.048682,0.011113,0.067983,0.010886,0.077389,0.029980,0.048447,0.313592,0.068565,0.323362
0.028316,0.085689,0.073564,0.064908,0.050084,0.076048,0.250978,0.032517,0.280659,0.057237
0.025488,0.007101,0.188245,0.005551,0.033820,0.042529,0.065067,0.208562,0.295757,0.127880
0.017472,0.005918,0.118613,0.209965,0.352482,0.009303,0.063629,0.074577,0.142530,0.005512
0.080555,0.016286,0.039282,0.013613,0.043398,0.018185,0.046759,0.153779,0.400649,0.187494
0.005942,0.302546,0.052827,0.006593,0.006432,0.005970,0.072054,0.533484,0.008855,0.005296
0.092903,0.293820,0.008699,0.003771,0.272254,0.009452,0.007730,0.297196,0.010047,0.004127
0.029457,0.030169,0.049178,0.005924,0.444000,0.015457,0.005473,0.010807,0.291510,0.118024
0.007691,0.008241,0.158826,0.008500,0.046108,0.060806,0.174958,0.222579,0.304924,0.007366
0.055801,0.181466,0.059682,0.118859,0.039095,0.057137,0.182229,0.023665,0.023512,0.258554
0.004567,0.299150,0.008637,0.005262,0.006321,0.004966,0.008584,0.430939,0.226411,0.005164
0.006836,0.005908,0.109880,0.288616,0.391359,0.043061,0.025045,0.005664,0.118426,0.005205
0.032352,0.105676,0.078502,0.032066,0.073034,0.059492,0.398120,0.155783,0.036853,0.028123
0.008885,0.289415,0.018238,0.004172,0.202224,0.021189,0.007277,0.424555,0.014691,0.009354
0.004521,0.378874,0.026602,0.005749,0.282232,0.029682,0.009615,0.008742,0.087538,0.166445
0.161122,0.072427,0.015398,0.006905,0.468475,0.014622,0.005802,0.240918,0.008324,0.006008
0.062221,0.477568,0.026783,0.008162,0.014948,0.037314,0.017168,0.006212,0.343654,0.005970
0.046840,0.641919,0.135319,0.008175,0.018158,0.013802,0.108204,0.009009,0.010343,0.008232
0.241291,0.006739,0.041160,0.008208,0.426961,0.054115,0.031545,0.018049,0.010841,0.161093
0.024176,0.006336,0.137671,0.252901,0.023141,0.014167,0.074836,0.007734,0.339331,0.119707
0.028736,0.010170,0.023622,0.011009,0.034134,0.013760,0.093372,0.748853,0.022687,0.013658
0.006814,0.007479,0.343553,0.007688,0.489980,0.059551,0.038389,0.007537,0.013422,0.025587
0.018426,0.016630,0.053426,0.017646,0.039427,0.032785,0.158108,0.214028,0.409966,0.039559
0.022600,0.020185,0.056692,0.020848,0.042501,0.040602,0.029991,0.026264,0.687706,0.052611
0.007535,0.519465,0.009634,0.009118,0.013955,0.009326,0.090946,0.227678,0.010513,0.101831
0.009319,0.012804,0.325422,0.010570,0.052856,0.074549,0.067757,0.383713,0.053468,0.009542
0.123536,0.375151,0.145267,0.004709,0.259862,0.005144,0.011641,0.005874,0.058219,0.010597
0.006592,0.533504,0.027742,0.057968,0.019580,0.014342,0.017712,0.052321,0.263703,0.006535
0.006280,0.090974,0.033954,0.027934,0.393578,0.016611,0.044690,0.138884,0.036066,0.211029
0.016113,0.014461,0.022733,0.015455,0.029256,0.028341,0.143056,0.067453,0.646299,0.016833
0.037843,0.011138,0.096471,0.009262,0.024072,0.009146,0.069152,0.173543,0.430019,0.139354
0.003604,0.282675,0.061010,0.003191,0.252667,0.003400,0.040024,0.158589,0.186470,0.008370
0.011443,0.177877,0.505105,0.014244,0.073531,0.033170,0.065654,0.025335,0.080453,0.013189
0.008505,0.562588,0.018232,0.007313,0.012495,0.008156,0.016789,0.147415,0.205293,0.013215
0.093266,0.301373,0.108871,0.142346,0.006923,0.005430,0.007738,0.004544,0.244495,0.085014
0.004226,0.291866,0.076572,0.004620,0.279273,0.004305,0.010016,0.118072,0.204546,0.006504
0.006110,0.396538,0.012604,0.006040,0.014833,0.028087,0.012064,0.448773,0.068363,0.006587
0.006868,0.007728,0.200506,0.006346,0.380469,0.046743,0.142518,0.056674,0.009630,0.142519
0.003835,0.056311,0.030323,0.004378,0.017500,0.028163,0.088694,0.453782,0.216058,0.100956
0.039054,0.575171,0.011745,0.007885,0.017571,0.017443,0.007707,0.302553,0.011379,0.009493
0.045345,0.008487,0.024824,0.007241,0.449914,0.010359,0.019575,0.007544,0.295753,0.130957
0.005620,0.426715,0.025835,0.007143,0.327554,0.037319,0.012067,0.128253,0.023602,0.005892
0.027701,0.031996,0.084236,0.026593,0.056959,0.050941,0.318994,0.033570,0.031085,0.337926
0.010115,0.013017,0.092573,0.010018,0.063757,0.028243,0.129038,0.087761,0.537555,0.027923
0.004107,0.028927,0.025135,0.004646,0.259925,0.012086,0.063267,0.162823,0.313192,0.125893
0.004873,0.006012,0.231133,0.004953,0.364256,0.012568,0.029278,0.005599,0.248452,0.092875
0.004698,0.364627,0.027219,0.005313,0.319884,0.004217,0.003675,0.028961,0.229321,0.012086
0.009458,0.097856,0.084109,0.010322,0.026540,0.020717,0.113569,0.175116,0.452381,0.009931
0.005056,0.017993,0.012846,0.004911,0.392596,0.008314,0.014916,0.518620,0.016706,0.008042
0.005520,0.006433,0.258882,0.005824,0.028610,0.010974,0.055213,0.536844,0.073134,0.018566
0.006236,0.006389,0.013930,0.036503,0.341630,0.006392,0.017080,0.205952,0.284960,0.080929
0.010196,0.008824,0.145533,0.011980,0.469819,0.058187,0.042276,0.012094,0.045288,0.195803
0.005094,0.394568,0.190923,0.005888,0.010112,0.027805,0.011581,0.231311,0.007030,0.115687
0.004163,0.297291,0.005412,0.003667,0.242632,0.008222,0.008567,0.151846,0.204172,0.074028
0.016033,0.014255,0.036272,0.013696,0.028987,0.020228,0.018631,0.175656,0.662621,0.013622
0.046583,0.135213,0.044358,0.012724,0.033581,0.013794,0.062093,0.014632,0.624932,0.012089
0.005501,0.004922,0.013071,0.005308,0.340820,0.015431,0.004505,0.378820,0.227085,0.004538
0.029806,0.004789,0.116431,0.005676,0.320976,0.011372,0.056785,0.170868,0.166775,0.116522
0.053056,0.060951,0.329776,0.025997,0.034569,0.021475,0.050530,0.086614,0.051029,0.286003
0.004091,0.003557,0.083128,0.039472,0.285919,0.008325,0.025645,0.330565,0.196524,0.022775
0.005234,0.402358,0.121022,0.005039,0.252665,0.005398,0.010364,0.005229,0.123418,0.069273
0.031243,0.508694,0.011327,0.007716,0.008037,0.007409,0.014109,0.007565,0.324056,0.079844
0.063922,0.005307,0.311464,0.007481,0.304543,0.036953,0.032723,0.206768,0.025897,0.004943
0.078016,0.017159,0.282508,0.167941,0.079659,0.111400,0.055306,0.034770,0.089841,0.083400
0.009124,0.008073,0.375067,0.007960,0.026959,0.020277,0.028103,0.124676,0.392296,0.007465
0.029588,0.410831,0.008286,0.208766,0.008389,0.013380,0.080929,0.101174,0.052765,0.085892
0.049979,0.016052,0.042078,0.562944,0.034486,0.026632,0.022312,0.212709,0.018283,0.014526
