0.121042,0.119015,0.057213,0.097867,0.069943,0.122281,0.086079,0.084153,0.096038,0.146368
0.142429,0.100642,0.049817,0.078911,0.055383,0.106897,0.063849,0.221987,0.102597,0.077489
0.048332,0.065316,0.402350,0.038189,0.042778,0.172315,0.084474,0.046131,0.034387,0.065728
0.106882,0.060362,0.392367,0.052896,0.056232,0.070518,0.067523,0.041323,0.068427,0.083469
0.095849,0.066251,0.087009,0.073241,0.143520,0.124735,0.085715,0.103989,0.124093,0.095599
0.073895,0.171251,0.084149,0.036447,0.035600,0.186576,0.256387,0.049275,0.046438,0.059981
0.102160,0.125808,0.044694,0.087469,0.056172,0.086004,0.098628,0.291406,0.045331,0.062330
0.022996,0.024136,0.017643,0.019517,0.021323,0.034862,0.750330,0.037930,0.044674,0.026587
0.078727,0.117307,0.261976,0.059144,0.153059,0.070925,0.074402,0.080045,0.060914,0.043501
0.069294,0.093918,0.252221,0.052535,0.046859,0.102806,0.064856,0.180951,0.045132,0.091427
0.105131,0.165218,0.067280,0.072159,0.055653,0.123254,0.072102,0.121663,0.095196,0.122343
0.102493,0.163944,0.055446,0.093689,0.069703,0.145522,0.064815,0.077096,0.068074,0.159220
0.086113,0.044554,0.029133,0.039082,0.139349,0.171036,0.151384,0.186048,0.093118,0.060183
0.084898,0.112968,0.051082,0.109579,0.141741,0.125977,0.075425,0.108916,0.097408,0.092005
0.060949,0.074018,0.046904,0.066043,0.043501,0.066357,0.492431,0.061138,0.040487,0.048173
0.023915,0.022011,0.087577,0.016849,0.043518,0.023054,0.730524,0.012607,0.017412,0.022533
0.085220,0.063526,0.085408,0.065380,0.055117,0.285164,0.084436,0.097972,0.105832,0.071946
0.079805,0.160261,0.187661,0.061708,0.049461,0.230198,0.052616,0.050950,0.071464,0.055876
0.033544,0.029146,0.083546,0.026092,0.024857,0.074675,0.634884,0.028067,0.033294,0.031896
0.083631,0.080402,0.253520,0.059953,0.144323,0.091709,0.055464,0.060478,0.092633,0.077886
0.071334,0.054914,0.069015,0.048728,0.053447,0.235753,0.060754,0.224936,0.089862,0.091256
0.134679,0.205670,0.057082,0.087124,0.064324,0.126274,0.083458,0.072437,0.082842,0.086109
0.120925,0.122141,0.085404,0.071002,0.068774,0.148698,0.081439,0.103920,0.103520,0.094177
0.125115,0.121588,0.195172,0.094502,0.062240,0.087704,0.067606,0.084740,0.083171,0.078163
0.089969,0.045993,0.368619,0.053155,0.109214,0.071262,0.051069,0.072217,0.077213,0.061289
0.117448,0.072742,0.221835,0.098991,0.051998,0.110470,0.063938,0.095363,0.087588,0.079626
0.092198,0.050031,0.187325,0.031241,0.145353,0.159169,0.143093,0.080127,0.071782,0.039682
0.088055,0.097125,0.034762,0.046821,0.163477,0.295152,0.060340,0.086860,0.052881,0.074525
0.118829,0.113965,0.151964,0.074521,0.067945,0.128336,0.074769,0.091689,0.092773,0.085209
0.065685,0.178980,0.164443,0.076004,0.066844,0.099497,0.081584,0.089989,0.091955,0.085018
0.082368,0.103744,0.296785,0.083349,0.058345,0.090574,0.062131,0.060631,0.085558,0.076515
0.113921,0.084558,0.289593,0.057888,0.059265,0.071227,0.097423,0.061212,0.086822,0.078091
0.125868,0.146944,0.051464,0.109460,0.070704,0.139473,0.082702,0.088507,0.090473,0.094406
0.066055,0.105496,0.047988,0.058547,0.187086,0.140800,0.082120,0.125633,0.123590,0.062685
0.093860,0.060204,0.069969,0.079855,0.124216,0.085801,0.065967,0.226917,0.102536,0.090676
0.075058,0.080798,0.048365,0.120998,0.054290,0.124321,0.077869,0.281953,0.060472,0.075877
0.043410,0.034424,0.604612,0.043337,0.030208,0.113333,0.026162,0.022112,0.039030,0.043372
0.171812,0.121393,0.068507,0.091202,0.067716,0.125931,0.084016,0.065312,0.104481,0.099629
0.053489,0.067503,0.109257,0.040082,0.180057,0.248134,0.048003,0.088551,0.084373,0.080550
0.113092,0.080519,0.057241,0.109490,0.053214,0.112234,0.090949,0.245430,0.057772,0.080060
0.113278,0.115897,0.047161,0.115247,0.147496,0.108558,0.077743,0.075854,0.091369,0.107397
0.062278,0.035544,0.099582,0.038027,0.028667,0.083856,0.560425,0.031936,0.031194,0.028490
0.063156,0.136658,0.092113,0.055226,0.041222,0.297562,0.058391,0.097446,0.085463,0.072764
0.042552,0.020607,0.112129,0.015730,0.016581,0.029866,0.680203,0.027357,0.026361,0.028613
0.137855,0.079320,0.133183,0.058436,0.050359,0.078530,0.065904,0.209123,0.100087,0.087204
0.048166,0.096407,0.215653,0.050822,0.051102,0.166152,0.063637,0.211198,0.047754,0.049110
0.093106,0.098992,0.295643,0.057442,0.056954,0.094142,0.064066,0.085688,0.082623,0.071344
0.132372,0.200416,0.064864,0.084481,0.068771,0.097627,0.078681,0.082023,0.099152,0.091614
0.107307,0.124701,0.045211,0.061272,0.055522,0.130192,0.072323,0.267741,0.059908,0.075822
0.099115,0.077201,0.265531,0.099020,0.062186,0.109195,0.062262,0.085334,0.064070,0.076086
0.118233,0.111683,0.167624,0.076918,0.064404,0.131446,0.078365,0.092529,0.068874,0.089924
0.055366,0.084095,0.249590,0.049748,0.158672,0.084822,0.098603,0.088749,0.070626,0.059730
0.092279,0.082185,0.054168,0.103616,0.054462,0.121140,0.101488,0.241934,0.060237,0.088493
0.111298,0.073916,0.087289,0.139783,0.058315,0.162375,0.068032,0.057322,0.131122,0.110548
0.046038,0.067593,0.287249,0.088020,0.129146,0.068056,0.056147,0.179230,0.037921,0.040601
0.074692,0.047485,0.453318,0.025947,0.099626,0.108995,0.028727,0.106239,0.029252,0.025720
0.086722,0.071235,0.384688,0.067791,0.148928,0.059221,0.052038,0.038295,0.045305,0.045775
0.100752,0.060707,0.275414,0.040732,0.047697,0.233430,0.053520,0.074166,0.074984,0.038598
0.077693,0.065192,0.265767,0.065278,0.136152,0.064192,0.058509,0.075830,0.088695,0.102694
0.076134,0.064527,0.270047,0.072835,0.133785,0.084243,0.052485,0.087748,0.089448,0.068748
0.131491,0.117054,0.049299,0.074734,0.167176,0.122983,0.084890,0.079578,0.066515,0.106279
0.141453,0.130622,0.067391,0.101461,0.070328,0.133421,0.071968,0.083230,0.110113,0.090012
0.101003,0.082588,0.062592,0.123381,0.067830,0.115289,0.094014,0.112624,0.128056,0.112621
0.072736,0.200099,0.074499,0.067747,0.053057,0.139916,0.124051,0.075702,0.097549,0.094645
0.072598,0.161367,0.044959,0.072513,0.049568,0.119125,0.073791,0.223585,0.096276,0.086218
0.053183,0.076787,0.186911,0.069330,0.117583,0.072160,0.257807,0.063768,0.044029,0.058440
0.045201,0.089115,0.295306,0.044628,0.059783,0.205991,0.059983,0.067847,0.069197,0.062947
0.099544,0.079560,0.081774,0.080066,0.058810,0.081730,0.086007,0.283056,0.041204,0.108249
0.038679,0.089596,0.030891,0.049086,0.211085,0.207522,0.062554,0.204884,0.045354,0.060350
0.061398,0.145990,0.032568,0.044166,0.042581,0.158572,0.317840,0.072736,0.062616,0.061533
0.101059,0.076148,0.221666,0.033109,0.150195,0.200768,0.050233,0.051197,0.057151,0.058476
0.086490,0.150962,0.100736,0.040363,0.052191,0.299166,0.057689,0.065227,0.104385,0.042791
0.044805,0.020038,0.011176,0.021258,0.012878,0.025687,0.813507,0.016454,0.010868,0.023331
0.138354,0.134585,0.074043,0.080004,0.062425,0.145576,0.083370,0.099458,0.066446,0.115738
0.070573,0.159016,0.049475,0.074043,0.171529,0.122566,0.071189,0.114344,0.068857,0.098409
0.125339,0.128614,0.088162,0.054311,0.158784,0.102352,0.071786,0.062796,0.115997,0.091860
0.103566,0.099853,0.262455,0.073350,0.060282,0.088922,0.066336,0.091339,0.074778,0.079119
0.113639,0.069008,0.032145,0.048272,0.193702,0.248275,0.052175,0.095513,0.071247,0.076025
0.072150,0.060767,0.209050,0.036230,0.139897,0.238499,0.050362,0.039397,0.080358,0.073289
0.067322,0.080698,0.136792,0.066082,0.046915,0.117063,0.098472,0.204243,0.097705,0.084709
0.109676,0.198804,0.031577,0.039662,0.151070,0.224416,0.046420,0.059793,0.087508,0.051075
0.098651,0.128595,0.051070,0.062370,0.067978,0.274657,0.072567,0.054729,0.107727,0.081657
0.025308,0.070767,0.082676,0.035350,0.125570,0.147277,0.270958,0.146007,0.034652,0.061436
0.045314,0.025298,0.017613,0.019346,0.045795,0.033119,0.665068,0.081668,0.046088,0.020691
0.128705,0.141467,0.068006,0.090477,0.058587,0.106132,0.089719,0.100394,0.113069,0.103445
0.074138,0.069957,0.034980,0.053411,0.179244,0.283533,0.052107,0.085176,0.099914,0.067541
0.066798,0.187317,0.066812,0.029454,0.139327,0.262969,0.039387,0.079431,0.069844,0.058661
0.092804,0.082360,0.075434,0.046725,0.054440,0.328225,0.062699,0.082160,0.109636,0.065517
0.070551,0.120772,0.044536,0.083431,0.059050,0.103160,0.341244,0.051357,0.048817,0.077081
0.089134,0.131612,0.201259,0.037537,0.054161,0.223589,0.062270,0.056046,0.083745,0.060646
0.091869,0.125118,0.042061,0.047316,0.155599,0.108473,0.196582,0.091273,0.062053,0.079656
0.085774,0.101120,0.040420,0.102247,0.058084,0.111735,0.084227,0.238126,0.102264,0.076003
0.048658,0.102736,0.255376,0.057010,0.132394,0.072894,0.108318,0.072043,0.077455,0.073116
0.125536,0.148170,0.067459,0.093438,0.067550,0.096819,0.076922,0.132562,0.097253,0.094291
0.034515,0.020109,0.015854,0.026281,0.014735,0.032286,0.759565,0.036251,0.034051,0.026354
0.091209,0.143261,0.084070,0.084491,0.149379,0.092355,0.077040,0.078790,0.102071,0.097333
0.059561,0.080179,0.253575,0.061076,0.150479,0.093388,0.061124,0.075059,0.093996,0.071564
0.108013,0.069592,0.083978,0.102412,0.145718,0.106734,0.059839,0.119723,0.112054,0.091936
0.047760,0.085857,0.245282,0.053455,0.053463,0.236139,0.053019,0.081827,0.078847,0.064352
0.071691,0.084976,0.042042,0.067235,0.144352,0.120558,0.238676,0.049916,0.098776,0.081779
0.099917,0.134094,0.064788,0.075506,0.078594,0.150398,0.085182,0.102290,0.103318,0.105914
0.056850,0.086317,0.053820,0.064252,0.089147,0.181198,0.258253,0.075324,0.067310,0.067528
0.089523,0.099343,0.073240,0.104564,0.155467,0.128667,0.075987,0.108330,0.069457,0.095422
0.040889,0.116010,0.404368,0.023657,0.112155,0.130446,0.028230,0.054805,0.050113,0.039328
0.102897,0.134511,0.041047,0.095941,0.151901,0.112234,0.121301,0.094549,0.063761,0.081856
0.072165,0.117069,0.055228,0.057940,0.134019,0.122304,0.075973,0.219037,0.054861,0.091404
0.078490,0.066271,0.213920,0.053693,0.145364,0.090959,0.172475,0.057329,0.044372,0.077127
0.090765,0.115105,0.154994,0.080149,0.054747,0.104687,0.126966,0.078540,0.093951,0.100096
0.076249,0.055588,0.380863,0.050517,0.136571,0.060960,0.050394,0.071477,0.048700,0.068681
0.053582,0.081537,0.222435,0.038668,0.155813,0.194495,0.050099,0.056715,0.084844,0.061810
0.072196,0.121139,0.067699,0.068232,0.062554,0.140279,0.164118,0.120811,0.086363,0.096608
0.127310,0.111602,0.072678,0.090238,0.148120,0.121837,0.084379,0.086120,0.062274,0.095443
0.061521,0.130301,0.054510,0.089981,0.053960,0.152692,0.064030,0.253168,0.055659,0.084179
0.102745,0.066311,0.040212,0.095934,0.060833,0.118518,0.061817,0.253234,0.115280,0.085115
0.073710,0.145010,0.045510,0.069360,0.055826,0.303833,0.097527,0.067993,0.079840,0.061391
0.087922,0.111767,0.071726,0.061561,0.059192,0.132464,0.234702,0.067443,0.092606,0.080616
0.042817,0.079102,0.278697,0.044306,0.050037,0.228666,0.053809,0.079048,0.085375,0.058142
0.117807,0.146942,0.045706,0.050570,0.136741,0.125412,0.076829,0.077683,0.102447,0.119861
0.022971,0.031222,0.279253,0.014029,0.069595,0.068947,0.412334,0.066119,0.019422,0.016110
0.075451,0.122356,0.040034,0.064556,0.132867,0.080751,0.231367,0.087443,0.089205,0.075969
0.052794,0.047217,0.379506,0.031972,0.039314,0.162003,0.104073,0.074604,0.053036,0.055481
0.091607,0.080372,0.049143,0.059668,0.083912,0.163872,0.285820,0.078943,0.054608,0.052053
0.135918,0.163243,0.051961,0.087942,0.069057,0.121294,0.065865,0.108141,0.101289,0.095290
0.040799,0.062151,0.346343,0.045375,0.163138,0.082390,0.057554,0.097795,0.068193,0.036262
0.111122,0.119795,0.049829,0.080025,0.061921,0.102993,0.190470,0.080367,0.085229,0.118248
0.080365,0.176694,0.036683,0.071828,0.121631,0.160814,0.049557,0.164537,0.078992,0.058900
0.086180,0.104920,0.226294,0.082620,0.135291,0.097333,0.058945,0.043447,0.093416,0.071553
0.128908,0.153709,0.071023,0.095186,0.058547,0.117555,0.084227,0.080511,0.102428,0.107906
0.138406,0.121374,0.039638,0.064278,0.069373,0.250867,0.064527,0.050675,0.105127,0.095735
0.086654,0.194379,0.065270,0.098015,0.061320,0.134170,0.081498,0.084837,0.100379,0.093479
0.119785,0.087152,0.089843,0.102094,0.069220,0.101674,0.084765,0.079125,0.165976,0.100367
0.021523,0.020264,0.023089,0.027809,0.016759,0.024167,0.781668,0.028181,0.032289,0.024249
0.098364,0.162578,0.036349,0.055427,0.057956,0.275126,0.087980,0.097066,0.078549,0.050605
0.071883,0.113654,0.074310,0.037904,0.153430,0.282089,0.045469,0.077018,0.087387,0.056857
0.103806,0.175560,0.054082,0.056496,0.060399,0.086687,0.054269,0.230318,0.101304,0.077080
0.163230,0.147440,0.074043,0.082219,0.068266,0.127296,0.078534,0.074858,0.084811,0.099303
0.080293,0.094860,0.297426,0.059002,0.057038,0.094391,0.069905,0.103134,0.057791,0.086160
0.117543,0.157678,0.062987,0.081426,0.075717,0.117610,0.113190,0.103933,0.065493,0.104424
0.023292,0.017394,0.013388,0.029003,0.016026,0.029077,0.786071,0.032416,0.028399,0.024932
0.107277,0.131372,0.052469,0.089827,0.147656,0.125335,0.080081,0.075536,0.098562,0.091885
0.103403,0.085405,0.275245,0.062263,0.069210,0.107587,0.075923,0.046414,0.093644,0.080907
0.114787,0.074706,0.080190,0.113674,0.068262,0.114283,0.084893,0.132940,0.116948,0.099315
0.039591,0.049212,0.561532,0.030884,0.031890,0.120908,0.035380,0.057454,0.033261,0.039888
0.024704,0.019162,0.069551,0.025748,0.016106,0.025135,0.752695,0.016010,0.025725,0.025162
0.124994,0.122850,0.063320,0.110192,0.077452,0.126725,0.070268,0.102928,0.104928,0.096344
0.052883,0.048091,0.535951,0.030953,0.037022,0.120437,0.031278,0.022817,0.067556,0.053011
0.116343,0.075538,0.268174,0.047225,0.165329,0.085073,0.055359,0.060653,0.064394,0.061912
0.038880,0.066801,0.216521,0.041556,0.140763,0.056457,0.069992,0.196167,0.090015,0.082850
0.083881,0.144661,0.044032,0.042231,0.176225,0.265776,0.047871,0.051928,0.074963,0.068433
0.072082,0.091905,0.039121,0.062699,0.073385,0.287791,0.080808,0.101936,0.107207,0.083064
0.081518,0.066084,0.331809,0.048682,0.150670,0.078175,0.051902,0.083053,0.046470,0.061637
0.067903,0.137864,0.030124,0.053074,0.153582,0.291192,0.054974,0.056570,0.093393,0.061324
0.021123,0.043974,0.548662,0.045736,0.104008,0.113915,0.022476,0.029326,0.027507,0.043273
0.054697,0.139911,0.160802,0.075350,0.114376,0.053986,0.076146,0.170567,0.081870,0.072295
0.065530,0.140383,0.041136,0.052124,0.051557,0.111648,0.344197,0.065684,0.053448,0.074292
0.111519,0.092304,0.235709,0.050928,0.128462,0.069635,0.056845,0.092175,0.088172,0.074251
0.108895,0.073711,0.265514,0.069362,0.054546,0.070088,0.063567,0.095797,0.086438,0.112083
0.024718,0.023214,0.116033,0.022303,0.018238,0.031938,0.687663,0.023934,0.028982,0.022977
0.098175,0.091860,0.052334,0.081589,0.073661,0.226081,0.060879,0.093688,0.108641,0.113093
0.034496,0.028097,0.018703,0.036010,0.019965,0.047537,0.631188,0.111212,0.045040,0.027752
0.048561,0.082136,0.229585,0.049698,0.052319,0.223629,0.055832,0.105191,0.075883,0.077165
0.047204,0.051988,0.371711,0.047417,0.154200,0.053353,0.043720,0.081744,0.086185,0.062479
0.152904,0.080935,0.050546,0.128566,0.067873,0.117585,0.066839,0.103133,0.125177,0.106441
0.115542,0.097474,0.046917,0.109105,0.167168,0.093358,0.069878,0.108678,0.111542,0.080338
0.035644,0.119709,0.183531,0.037247,0.055564,0.160136,0.217712,0.079094,0.044279,0.067085
0.053327,0.088311,0.097439,0.059957,0.047636,0.369046,0.067863,0.071538,0.061161,0.083722
0.122210,0.085693,0.049127,0.079692,0.174257,0.096849,0.088134,0.111148,0.089561,0.103328
0.070537,0.075388,0.217319,0.056166,0.149404,0.065998,0.122951,0.089776,0.091609,0.060852
0.144016,0.075577,0.056348,0.095772,0.060706,0.136328,0.089575,0.066815,0.127540,0.147322
0.104692,0.154940,0.054729,0.083065,0.056137,0.122017,0.086830,0.078793,0.102892,0.155905
0.053722,0.075712,0.258409,0.045594,0.048806,0.096618,0.088980,0.187028,0.090100,0.055031
0.091866,0.164001,0.065917,0.094216,0.066485,0.103643,0.089279,0.093505,0.094577,0.136511
0.074848,0.086354,0.256775,0.040947,0.148318,0.094065,0.067971,0.100949,0.049989,0.079784
0.137157,0.127891,0.069224,0.116822,0.068024,0.139151,0.070909,0.058224,0.119309,0.093290
0.080047,0.080565,0.252064,0.052631,0.058938,0.184419,0.072459,0.080631,0.048402,0.089845
0.052949,0.110354,0.179873,0.050127,0.053788,0.171495,0.182123,0.078096,0.063313,0.057881
0.060928,0.158986,0.295131,0.075429,0.056411,0.070550,0.070887,0.059792,0.082363,0.069523
0.096115,0.075810,0.195327,0.057074,0.130427,0.062693,0.057214,0.191471,0.076527,0.057341
0.094309,0.074021,0.076525,0.057832,0.141384,0.100057,0.074043,0.205660,0.098924,0.077245
0.125364,0.098813,0.308109,0.048580,0.053283,0.071930,0.085215,0.074140,0.056507,0.078056
0.057291,0.105609,0.027487,0.037860,0.143366,0.218845,0.051405,0.199439,0.092210,0.066489
0.052488,0.063341,0.374034,0.048653,0.133475,0.081277,0.050323,0.049576,0.081910,0.064924
0.083859,0.094346,0.229756,0.088723,0.053904,0.097980,0.082069,0.103079,0.092765,0.073519
0.100300,0.093721,0.060867,0.103373,0.161416,0.113129,0.076131,0.107810,0.103589,0.079664
0.132920,0.155053,0.053599,0.081274,0.065296,0.151045,0.083150,0.076122,0.101870,0.099672
0.125034,0.112989,0.038662,0.088192,0.042252,0.110843,0.136083,0.233319,0.051216,0.061411
0.110722,0.069452,0.092597,0.071402,0.162144,0.111677,0.084196,0.103794,0.087780,0.106235
0.089505,0.144176,0.062180,0.102338,0.135884,0.106073,0.082079,0.080417,0.095517,0.101830
0.109388,0.159952,0.191272,0.051229,0.118413,0.087167,0.092393,0.042991,0.069461,0.077733
0.146963,0.174093,0.057769,0.056941,0.066339,0.132802,0.078802,0.088730,0.073395,0.124165
0.075213,0.081215,0.143087,0.056088,0.047661,0.267202,0.058817,0.111815,0.072530,0.086373
0.083704,0.132640,0.194880,0.069009,0.053457,0.114833,0.094173,0.088782,0.102292,0.066229
0.127087,0.101185,0.033500,0.057676,0.056537,0.304396,0.055863,0.094230,0.086890,0.082636
0.113908,0.062701,0.291703,0.042033,0.127670,0.050553,0.047168,0.170243,0.038481,0.055539
0.084199,0.083190,0.078933,0.112975,0.167106,0.110027,0.120379,0.105265,0.065682,0.072244
0.111267,0.131263,0.053983,0.106836,0.072327,0.101295,0.095288,0.095000,0.110741,0.121998
0.119513,0.072816,0.037213,0.112900,0.055467,0.286916,0.070632,0.100880,0.074190,0.069474
0.086875,0.110286,0.048770,0.104558,0.152073,0.132471,0.077573,0.076603,0.104304,0.106487
0.084525,0.091745,0.034741,0.040977,0.161029,0.252346,0.049992,0.099759,0.098603,0.086283
0.085376,0.061157,0.191177,0.067987,0.115734,0.078767,0.075754,0.192926,0.087569,0.043553
0.116646,0.089583,0.248785,0.046686,0.144353,0.082652,0.052615,0.097293,0.052368,0.069020
0.072515,0.089875,0.196426,0.054951,0.052585,0.259643,0.058895,0.073772,0.068144,0.073195
0.080726,0.059115,0.077074,0.044922,0.041305,0.230695,0.057456,0.249810,0.055771,0.103125
0.091311,0.063851,0.305506,0.089492,0.052076,0.088265,0.051244,0.087150,0.094497,0.076608
0.110171,0.106931,0.148339,0.070730,0.062159,0.121428,0.103495,0.083275,0.086118,0.107353
0.067041,0.096691,0.237561,0.061723,0.139243,0.101789,0.069683,0.061689,0.079887,0.084692
0.033601,0.021869,0.120763,0.022285,0.017853,0.032983,0.672838,0.025596,0.028177,0.024035
0.084856,0.076598,0.062544,0.118690,0.065683,0.100855,0.138339,0.098303,0.152007,0.102124
0.051561,0.054980,0.030119,0.079219,0.101889,0.089577,0.308226,0.169942,0.035466,0.079022
0.077124,0.097161,0.051670,0.054901,0.110779,0.082511,0.345738,0.039637,0.075843,0.064636
0.055157,0.071650,0.250653,0.041856,0.050500,0.203688,0.116412,0.089923,0.060038,0.060123
0.116973,0.090229,0.029081,0.075748,0.152069,0.259778,0.050046,0.053031,0.091023,0.082022
0.120941,0.071847,0.061395,0.092506,0.068056,0.119203,0.096006,0.109667,0.148192,0.112187
0.028065,0.034311,0.362138,0.027480,0.023160,0.076045,0.378485,0.018437,0.023813,0.028067
0.118051,0.162984,0.151072,0.059031,0.064116,0.121444,0.070183,0.087009,0.079775,0.086336
0.072423,0.103033,0.202257,0.062626,0.059030,0.105459,0.137037,0.090266,0.091088,0.076780
0.106436,0.102931,0.061864,0.048696,0.052874,0.097398,0.315634,0.046967,0.084834,0.082368
0.100934,0.122576,0.051666,0.058746,0.050318,0.078862,0.077896,0.235001,0.101876,0.122125
0.071961,0.127987,0.082531,0.071852,0.144315,0.112969,0.085116,0.096190,0.099050,0.108028
0.089057,0.107153,0.266374,0.042618,0.150848,0.093817,0.063955,0.089451,0.049923,0.046803
0.092474,0.113871,0.084158,0.050006,0.048278,0.275861,0.068525,0.063209,0.104628,0.098990
0.078231,0.176711,0.241887,0.051716,0.123358,0.070528,0.054331,0.076690,0.080029,0.046518
0.123347,0.077125,0.039945,0.067163,0.064276,0.287546,0.055322,0.108143,0.079947,0.097187
0.110626,0.130651,0.153706,0.097316,0.059997,0.129693,0.075937,0.068470,0.090170,0.083435
0.058062,0.070535,0.455444,0.036841,0.030633,0.149740,0.035060,0.070150,0.042201,0.051334
0.089541,0.098126,0.232969,0.055372,0.147005,0.102097,0.062585,0.076147,0.088943,0.047216
0.105933,0.065564,0.088629,0.103975,0.154934,0.107159,0.078376,0.079808,0.129646,0.085976
0.129438,0.118150,0.057361,0.108918,0.044162,0.112038,0.060211,0.249900,0.052893,0.066930
0.073471,0.050739,0.309995,0.076460,0.108365,0.096013,0.052360,0.075560,0.096090,0.060946
0.072566,0.132967,0.035971,0.068442,0.057067,0.292781,0.058616,0.099132,0.098711,0.083748
0.138486,0.142941,0.043443,0.072254,0.148161,0.086654,0.073527,0.079530,0.101323,0.113680
0.083250,0.114284,0.048897,0.113876,0.166204,0.122656,0.079451,0.109941,0.096530,0.064911
0.124275,0.118154,0.075343,0.070341,0.070467,0.123537,0.131012,0.090224,0.102773,0.093874
0.130291,0.171746,0.072172,0.100564,0.057557,0.151922,0.092264,0.082132,0.056911,0.084442
0.137497,0.072453,0.085371,0.071284,0.140817,0.109309,0.083440,0.108928,0.096083,0.094816
0.061594,0.061335,0.344386,0.045711,0.132408,0.078700,0.047139,0.084143,0.083418,0.061164
0.124624,0.197304,0.074330,0.076938,0.056290,0.107136,0.081769,0.092167,0.095941,0.093501
0.106213,0.099891,0.082561,0.060208,0.145660,0.110252,0.077451,0.097506,0.098606,0.121652
0.113238,0.157789,0.047263,0.071518,0.056516,0.100088,0.066310,0.222872,0.093623,0.070783
0.130362,0.070269,0.055977,0.086515,0.059670,0.146832,0.153738,0.071590,0.115186,0.109862
0.047834,0.039512,0.124739,0.065767,0.041578,0.112536,0.345332,0.136769,0.035094,0.050839
0.083347,0.053485,0.301114,0.046267,0.143918,0.081491,0.046732,0.077795,0.092964,0.072887
0.034166,0.042921,0.024842,0.032634,0.097822,0.103730,0.584869,0.022072,0.026947,0.029996
0.065519,0.078117,0.155468,0.044961,0.050640,0.054565,0.391408,0.050612,0.049757,0.058953
0.097841,0.170449,0.206135,0.066805,0.050061,0.097314,0.064839,0.081093,0.088120,0.077344
0.147853,0.080528,0.045526,0.076743,0.162365,0.095056,0.089101,0.088423,0.115592,0.098813
0.104733,0.116876,0.045099,0.062786,0.055729,0.112941,0.069244,0.245918,0.107611,0.079063
0.041394,0.073404,0.221607,0.056490,0.057163,0.261915,0.047183,0.091558,0.082805,0.066481
0.078552,0.061933,0.250887,0.042271,0.151923,0.175091,0.033924,0.073752,0.080646,0.051022
0.045587,0.069321,0.050870,0.051144,0.065818,0.238012,0.243350,0.094513,0.097449,0.043938
0.059088,0.075754,0.087231,0.049217,0.047884,0.246421,0.203277,0.086460,0.085616,0.059051
0.053640,0.063811,0.457048,0.031164,0.041906,0.185360,0.037990,0.039795,0.061277,0.028009
0.080636,0.072999,0.159863,0.065056,0.042383,0.112650,0.064634,0.200142,0.093699,0.107938
0.124189,0.076634,0.055371,0.141399,0.061309,0.139855,0.061759,0.132561,0.116038,0.090885
0.071782,0.065384,0.381589,0.053042,0.054063,0.110172,0.053806,0.091237,0.050153,0.068772
0.085860,0.137120,0.054243,0.109338,0.055832,0.103478,0.196758,0.060238,0.075076,0.122058
0.027915,0.025589,0.133546,0.026125,0.020745,0.077298,0.585613,0.033089,0.038999,0.031081
0.081446,0.057080,0.238641,0.083178,0.098330,0.056388,0.052289,0.194797,0.087851,0.049999
0.093875,0.156398,0.060847,0.136255,0.071144,0.128868,0.093018,0.066111,0.090938,0.102546
0.118666,0.098285,0.219856,0.051359,0.135537,0.072358,0.060961,0.088353,0.082430,0.072195
0.088447,0.068033,0.235668,0.084390,0.051214,0.095459,0.069559,0.080955,0.113803,0.112471
0.031680,0.020297,0.021028,0.031049,0.015162,0.026386,0.781368,0.018787,0.028041,0.026202
0.099856,0.070905,0.051572,0.086618,0.126779,0.095955,0.074926,0.219628,0.097840,0.075921
0.076313,0.139959,0.049181,0.072471,0.154151,0.120596,0.151651,0.073640,0.098226,0.063811
0.100679,0.143959,0.046032,0.069253,0.144163,0.116530,0.079758,0.102830,0.108738,0.088059
0.187071,0.066181,0.042184,0.098039,0.141772,0.088296,0.072375,0.049391,0.107052,0.147640
0.121637,0.086242,0.061298,0.124237,0.073791,0.143191,0.090514,0.102314,0.097765,0.099012
0.117851,0.069867,0.042557,0.073452,0.154055,0.142927,0.082076,0.089564,0.121884,0.105766
0.072337,0.092959,0.041218,0.050077,0.125719,0.111007,0.305755,0.065761,0.055921,0.079245
0.121682,0.108530,0.041120,0.060177,0.039835,0.120867,0.113619,0.215503,0.096234,0.082432
0.103471,0.113293,0.046186,0.048896,0.057245,0.216637,0.057726,0.235440,0.051337,0.069771
0.126037,0.109727,0.210477,0.048135,0.045638,0.093131,0.124605,0.083866,0.083693,0.074690
0.108922,0.198504,0.052855,0.067925,0.135299,0.098149,0.071674,0.092752,0.091675,0.082246
0.110610,0.096770,0.044701,0.073889,0.076728,0.276863,0.070316,0.051917,0.121992,0.076215
0.059439,0.123049,0.079451,0.060415,0.051519,0.090191,0.068437,0.239826,0.104054,0.123620
0.051629,0.077281,0.326989,0.043659,0.146949,0.084046,0.056478,0.070954,0.088211,0.053804
0.095932,0.103527,0.201821,0.070705,0.127679,0.091756,0.064529,0.073828,0.089238,0.080985
0.065489,0.125466,0.262474,0.043477,0.153187,0.091550,0.057480,0.062565,0.092308,0.046004
0.082863,0.083429,0.082735,0.079161,0.043847,0.276277,0.046755,0.097887,0.114699,0.092347
0.023618,0.018997,0.009246,0.017459,0.038639,0.031911,0.817328,0.010657,0.012012,0.020135
0.111470,0.166159,0.207071,0.055559,0.060662,0.103374,0.069366,0.073243,0.066912,0.086184
0.118094,0.138086,0.059784,0.076989,0.070561,0.180588,0.093542,0.066027,0.072255,0.124074
0.052458,0.063132,0.283942,0.042585,0.140280,0.063096,0.056330,0.186500,0.037077,0.074599
0.070970,0.126068,0.037036,0.062792,0.141282,0.078474,0.227059,0.089251,0.088141,0.078927
0.059280,0.066530,0.281215,0.057867,0.144538,0.065250,0.064495,0.081701,0.094828,0.084296
0.023339,0.017444,0.151845,0.015571,0.039285,0.018765,0.680498,0.020011,0.014887,0.018354
0.121404,0.116365,0.071195,0.095961,0.129301,0.121241,0.077748,0.099022,0.094359,0.073404
0.065905,0.029557,0.017327,0.037322,0.021306,0.047580,0.608986,0.104460,0.041096,0.026462
0.135301,0.079141,0.068957,0.102340,0.080250,0.132101,0.072052,0.081024,0.130775,0.118058
0.074264,0.169080,0.033976,0.052597,0.126125,0.107604,0.130310,0.182184,0.045986,0.077875
0.090615,0.064795,0.269654,0.064220,0.047051,0.115967,0.055655,0.090647,0.106832,0.094564
0.057854,0.109160,0.042325,0.116919,0.045185,0.146106,0.081348,0.259817,0.057632,0.083654
0.060175,0.131878,0.036446,0.070643,0.052418,0.329015,0.069938,0.096175,0.071880,0.081431
0.087341,0.171573,0.204413,0.083350,0.051399,0.081620,0.082943,0.094871,0.055425,0.087065
0.020919,0.020351,0.012676,0.038211,0.017345,0.023925,0.779934,0.026455,0.034107,0.026076
0.024842,0.054457,0.378015,0.029838,0.102188,0.129353,0.097047,0.102510,0.029065,0.052684
0.040889,0.117859,0.427874,0.026475,0.029746,0.112180,0.033622,0.116377,0.046785,0.048192
0.099764,0.102124,0.053270,0.070360,0.123312,0.109616,0.064779,0.204235,0.094194,0.078345
0.104694,0.105540,0.044378,0.102643,0.157634,0.123518,0.075498,0.097099,0.068286,0.120709
0.097050,0.196993,0.057938,0.094706,0.050869,0.090838,0.214854,0.054770,0.055040,0.086942
0.048777,0.079407,0.211968,0.047251,0.046612,0.178666,0.050883,0.177081,0.088396,0.070960
0.150686,0.068885,0.281303,0.044698,0.056113,0.165891,0.047355,0.076479,0.048144,0.060445
0.077525,0.070118,0.185112,0.047849,0.050270,0.196828,0.201813,0.054843,0.059072,0.056570
0.057222,0.054883,0.224395,0.041758,0.157954,0.060155,0.211865,0.098741,0.056134,0.036893
0.066469,0.052448,0.477766,0.040314,0.107010,0.049225,0.046631,0.069719,0.041928,0.048489
0.068038,0.109172,0.256421,0.069772,0.057107,0.097236,0.070788,0.082312,0.077920,0.111235
0.031189,0.045188,0.475176,0.027220,0.105914,0.096355,0.030532,0.102076,0.059435,0.026915
0.051847,0.074280,0.378749,0.051992,0.057178,0.078837,0.057967,0.077407,0.104637,0.067105
0.022383,0.023285,0.026095,0.021449,0.018336,0.030116,0.790578,0.027423,0.013444,0.026891
0.103251,0.094478,0.200041,0.056207,0.047006,0.234414,0.057498,0.070971,0.066399,0.069735
0.048344,0.189307,0.220278,0.041838,0.057918,0.212614,0.059594,0.064420,0.059388,0.046299
0.128494,0.170655,0.054697,0.088066,0.069380,0.119160,0.125827,0.078884,0.064885,0.099952
0.015389,0.018176,0.080339,0.022695,0.013772,0.018758,0.776455,0.022929,0.011185,0.020300
0.149790,0.088821,0.054958,0.081032,0.058829,0.079082,0.065251,0.228499,0.105616,0.088120
0.110212,0.121105,0.050033,0.052848,0.153571,0.137154,0.113305,0.085056,0.109017,0.067699
0.078755,0.145044,0.075208,0.102819,0.052305,0.136706,0.135468,0.087764,0.076115,0.109817
0.133372,0.149680,0.070291,0.084067,0.060735,0.137930,0.094366,0.074788,0.094499,0.100271
0.123438,0.158434,0.048670,0.077257,0.137021,0.133318,0.077920,0.111943,0.063027,0.068971
0.101076,0.106349,0.195929,0.066017,0.061739,0.085490,0.104488,0.100120,0.091356,0.087437
0.093251,0.064082,0.155016,0.065899,0.049027,0.073277,0.328518,0.068712,0.042683,0.059535
0.118352,0.124602,0.064428,0.121103,0.062027,0.118257,0.082611,0.096066,0.099290,0.113263
0.017583,0.029347,0.131636,0.026730,0.019878,0.031647,0.666229,0.032824,0.018544,0.025582
0.101407,0.084606,0.051088,0.129294,0.075202,0.097102,0.094865,0.110985,0.148508,0.106944
0.067719,0.101742,0.337076,0.061622,0.048853,0.097053,0.069815,0.086722,0.077987,0.051410
0.050713,0.080609,0.226181,0.052857,0.059507,0.244874,0.064616,0.082575,0.062270,0.075797
0.059045,0.084211,0.259673,0.035674,0.146220,0.180795,0.040132,0.066773,0.081125,0.046353
0.097313,0.066694,0.099122,0.046415,0.047947,0.208900,0.052562,0.219223,0.095582,0.066242
0.085648,0.151764,0.191415,0.034343,0.135890,0.167926,0.042492,0.067849,0.067253,0.055421
0.118660,0.148559,0.070988,0.078948,0.064903,0.102437,0.125294,0.077087,0.086084,0.127039
0.113704,0.221455,0.077301,0.047133,0.136690,0.081411,0.064840,0.075463,0.100393,0.081609
0.127262,0.079483,0.053848,0.072156,0.070695,0.127227,0.112249,0.115886,0.122403,0.118791
0.112551,0.174970,0.034309,0.100641,0.055117,0.266081,0.059490,0.061467,0.070339,0.065035
0.074998,0.060814,0.042633,0.054771,0.054049,0.207094,0.081573,0.281762,0.061923,0.080381
0.084672,0.084288,0.303764,0.052525,0.121200,0.078345,0.057730,0.075616,0.077233,0.064627
0.041421,0.061023,0.520507,0.029068,0.031399,0.140066,0.030233,0.052807,0.046402,0.047074
0.097014,0.167404,0.181379,0.078944,0.058800,0.078726,0.082923,0.092896,0.086985,0.074930
0.104794,0.142620,0.050577,0.111025,0.152348,0.097390,0.068033,0.082873,0.104133,0.086207
0.129822,0.093453,0.055556,0.106162,0.072848,0.109934,0.114282,0.096768,0.107578,0.113596
0.101494,0.112171,0.105705,0.056467,0.043657,0.246656,0.058870,0.099797,0.101215,0.073968
0.085330,0.104314,0.205577,0.081518,0.125914,0.094136,0.083594,0.059232,0.088995,0.071389
0.045404,0.069024,0.255318,0.077857,0.167359,0.083732,0.071152,0.077899,0.092728,0.059527
0.019487,0.031837,0.119553,0.044665,0.023519,0.079303,0.525818,0.085673,0.047611,0.022534
0.061537,0.064509,0.096996,0.048685,0.158711,0.298382,0.056722,0.088167,0.049811,0.076480
0.151730,0.064740,0.276768,0.078027,0.056611,0.104416,0.069544,0.078702,0.044188,0.075273
0.029118,0.024564,0.357673,0.022519,0.075132,0.093074,0.334077,0.021593,0.020640,0.021610
0.069966,0.101179,0.054526,0.067845,0.142434,0.124929,0.070066,0.215120,0.052863,0.101073
0.038754,0.030206,0.016030,0.025621,0.021941,0.028049,0.687799,0.100285,0.016363,0.034952
0.063915,0.072658,0.308641,0.053946,0.145306,0.077600,0.095322,0.085167,0.060709,0.036738
0.096885,0.136380,0.064538,0.066335,0.136400,0.108138,0.127489,0.067671,0.083814,0.112350
0.088224,0.098714,0.046100,0.083920,0.059204,0.299258,0.070453,0.089459,0.098673,0.065994
0.032587,0.018532,0.023206,0.025306,0.017053,0.031774,0.762856,0.029288,0.033103,0.026295
0.070902,0.071620,0.196532,0.050916,0.056180,0.086755,0.074735,0.222648,0.102523,0.067188
0.201739,0.083113,0.077821,0.070704,0.167453,0.090023,0.085119,0.054186,0.095371,0.074470
0.060422,0.100265,0.285550,0.053301,0.039892,0.072196,0.058412,0.201389,0.048258,0.080315
0.139679,0.173505,0.082262,0.085919,0.061326,0.115583,0.088782,0.092086,0.065313,0.095545
0.095497,0.090479,0.067129,0.104298,0.076221,0.127417,0.093053,0.098533,0.134690,0.112684
0.079041,0.118106,0.057860,0.068679,0.065762,0.133292,0.077555,0.253659,0.038487,0.107559
0.074157,0.084435,0.340187,0.062726,0.055332,0.104910,0.063062,0.068711,0.092600,0.053881
0.127959,0.076117,0.067360,0.068170,0.051150,0.127393,0.075420,0.222815,0.105193,0.078423
0.019585,0.021054,0.070387,0.024905,0.014651,0.031111,0.745063,0.020858,0.029849,0.022539
0.036953,0.062098,0.057809,0.045383,0.032653,0.210678,0.386287,0.050758,0.057866,0.059515
0.070714,0.066677,0.030766,0.041773,0.046764,0.182252,0.386367,0.077794,0.056175,0.040718
0.103529,0.087880,0.076989,0.101397,0.053029,0.246181,0.064760,0.060210,0.129209,0.076816
0.133656,0.149040,0.050055,0.110903,0.059311,0.144925,0.067425,0.078078,0.093419,0.113189
0.082783,0.066096,0.325775,0.058232,0.141529,0.082676,0.059638,0.096818,0.048001,0.038453
0.109947,0.062347,0.049039,0.055083,0.053522,0.219648,0.059690,0.230082,0.105532,0.055110
0.110167,0.116286,0.045472,0.078275,0.159730,0.131910,0.081979,0.076052,0.096094,0.104035
0.094845,0.089704,0.145453,0.071146,0.109062,0.080027,0.073757,0.161449,0.085227,0.089330
0.063504,0.057592,0.255579,0.076245,0.050462,0.172044,0.122811,0.081407,0.086212,0.034144
0.030157,0.025804,0.120429,0.025732,0.022069,0.033947,0.593618,0.078289,0.045084,0.024870
0.080330,0.130393,0.183845,0.103801,0.063749,0.092427,0.161757,0.066419,0.052314,0.064966
0.069960,0.075379,0.078644,0.037212,0.155201,0.224511,0.184110,0.100478,0.043665,0.030840
0.020615,0.026266,0.301796,0.019441,0.059781,0.062158,0.429330,0.031320,0.030899,0.018395
0.072962,0.099801,0.264835,0.055759,0.049388,0.072900,0.071153,0.197433,0.042731,0.073038
0.122539,0.175421,0.044345,0.100401,0.054071,0.102960,0.064022,0.231032,0.036081,0.069127
0.080372,0.103778,0.134398,0.053074,0.058878,0.098282,0.085696,0.217216,0.100030,0.068276
0.082135,0.130098,0.207504,0.072770,0.048270,0.111819,0.077101,0.096144,0.093723,0.080436
0.131734,0.096089,0.035495,0.057643,0.057772,0.309214,0.065323,0.090553,0.062575,0.093602
0.118233,0.176044,0.060316,0.082865,0.069113,0.114165,0.078980,0.079025,0.082835,0.138425
0.100325,0.070629,0.240375,0.035633,0.041830,0.159210,0.145025,0.076068,0.071164,0.059741
0.148302,0.110102,0.070825,0.096749,0.137908,0.090202,0.075977,0.073333,0.107829,0.088774
0.133429,0.147014,0.062874,0.114096,0.063605,0.122298,0.085029,0.073796,0.096569,0.101289
0.072892,0.085981,0.086323,0.095206,0.060435,0.115274,0.058801,0.297737,0.042176,0.085175
0.032078,0.020967,0.130000,0.015848,0.045658,0.028922,0.621571,0.074439,0.014281,0.016235
0.065915,0.172472,0.201688,0.054597,0.123349,0.090892,0.077075,0.055828,0.078965,0.079218
0.076658,0.070088,0.225958,0.056736,0.043942,0.251165,0.046885,0.074855,0.086119,0.067594
0.177525,0.125499,0.069101,0.072501,0.077560,0.134453,0.084796,0.067835,0.090456,0.100274
0.032096,0.028369,0.020223,0.025876,0.017145,0.037331,0.662379,0.096046,0.051614,0.028921
0.034650,0.061204,0.223589,0.072863,0.144806,0.242207,0.050691,0.054659,0.062709,0.052621
0.094427,0.195738,0.049077,0.084225,0.056226,0.124469,0.064240,0.109001,0.086738,0.135859
0.067272,0.028621,0.095867,0.022861,0.081264,0.070745,0.499044,0.076059,0.020229,0.038039
0.024446,0.029679,0.117012,0.021065,0.079837,0.076827,0.579428,0.016325,0.025253,0.030128
0.108263,0.124142,0.045189,0.067811,0.159219,0.127812,0.100827,0.100317,0.068196,0.098224
0.059152,0.049136,0.527418,0.038771,0.032127,0.103920,0.036489,0.051619,0.066147,0.035221
0.144104,0.077498,0.070432,0.117948,0.060884,0.136811,0.065628,0.128248,0.083910,0.114537
0.088129,0.097376,0.033557,0.050931,0.165029,0.326344,0.061208,0.052208,0.055569,0.069649
0.085761,0.090581,0.215199,0.097562,0.059041,0.119955,0.076261,0.070959,0.100598,0.084084
0.156705,0.085001,0.051149,0.067300,0.062287,0.115277,0.081242,0.257755,0.041218,0.082065
0.038383,0.037429,0.408443,0.025545,0.147674,0.194147,0.030706,0.040105,0.030894,0.046676
0.099569,0.137694,0.063898,0.095826,0.062879,0.146284,0.079893,0.074098,0.098071,0.141787
0.095859,0.097342,0.043437,0.070727,0.057009,0.114205,0.293620,0.044794,0.075385,0.107622
0.147609,0.087382,0.059442,0.108900,0.075417,0.137688,0.071827,0.122794,0.063638,0.125304
0.060722,0.138902,0.258397,0.051227,0.051984,0.189191,0.044439,0.086262,0.061984,0.056893
0.077854,0.053827,0.377875,0.049342,0.127358,0.070533,0.049814,0.036745,0.067026,0.089627
0.098615,0.069166,0.049927,0.058030,0.069964,0.279145,0.073608,0.101123,0.108314,0.092108
0.075604,0.100076,0.033206,0.045516,0.183789,0.297801,0.050037,0.064375,0.065981,0.083613
0.100676,0.137927,0.054850,0.087734,0.075849,0.158150,0.088899,0.102694,0.105414,0.087807
0.082605,0.124878,0.175948,0.075115,0.064878,0.093492,0.136842,0.072499,0.088842,0.084901
0.058399,0.067445,0.259483,0.074230,0.138913,0.062783,0.062179,0.083596,0.095108,0.097863
0.051004,0.072218,0.382278,0.037681,0.052420,0.139386,0.131133,0.045907,0.058710,0.029263
0.024282,0.020746,0.015438,0.032655,0.018651,0.024288,0.772833,0.021807,0.030644,0.038656
0.084018,0.056711,0.375043,0.084054,0.041159,0.100460,0.066781,0.035446,0.085307,0.071021
0.067881,0.075738,0.078326,0.067215,0.149023,0.099412,0.076280,0.106542,0.143808,0.135774
0.044484,0.084794,0.040952,0.073352,0.061189,0.193594,0.080753,0.252220,0.098239,0.070425
0.036320,0.070473,0.267439,0.043863,0.162669,0.178875,0.048531,0.095072,0.040491,0.056267
0.044892,0.088424,0.150491,0.048010,0.046289,0.200605,0.051624,0.191627,0.088898,0.089141
0.154061,0.085768,0.050478,0.118616,0.072020,0.115398,0.145248,0.102463,0.054624,0.101324
0.125251,0.126334,0.057032,0.069766,0.147783,0.105856,0.072457,0.107629,0.099771,0.088121
0.022319,0.026721,0.338893,0.017801,0.067082,0.079416,0.387856,0.019065,0.019307,0.021540
0.147227,0.172454,0.062923,0.101488,0.061769,0.143997,0.063272,0.067898,0.088096,0.090877
0.098796,0.119159,0.196791,0.096435,0.059003,0.103307,0.070293,0.091549,0.085051,0.079617
0.071994,0.176707,0.029594,0.050570,0.136427,0.238746,0.055684,0.084538,0.077275,0.078464
0.064828,0.088595,0.308291,0.065643,0.135235,0.082408,0.050256,0.065266,0.076417,0.063062
0.045967,0.069506,0.271337,0.052158,0.139336,0.063888,0.081562,0.084274,0.095088,0.096885
0.091161,0.121396,0.183566,0.071052,0.050878,0.143043,0.080941,0.079797,0.101687,0.076478
0.086797,0.185634,0.036528,0.082006,0.146116,0.072300,0.073846,0.202345,0.041410,0.073017
0.071643,0.086096,0.240573,0.058786,0.050961,0.079515,0.077022,0.170559,0.079048,0.085796
0.118184,0.118256,0.053047,0.070709,0.152483,0.104071,0.083813,0.095057,0.105164,0.099216
0.024791,0.046592,0.165125,0.028973,0.134701,0.133755,0.330112,0.044838,0.050030,0.041082
0.082838,0.069158,0.159959,0.071041,0.047271,0.250609,0.062942,0.108274,0.067920,0.079988
0.079953,0.075548,0.050876,0.103848,0.174070,0.114077,0.084998,0.102653,0.115685,0.098292
0.102536,0.102252,0.051781,0.077871,0.062773,0.102987,0.257940,0.063758,0.083525,0.094577
0.154880,0.114733,0.061659,0.087730,0.056986,0.109284,0.111579,0.114004,0.096270,0.092876
0.092377,0.082973,0.041815,0.058149,0.142667,0.104343,0.090458,0.225857,0.098640,0.062720
0.063889,0.080204,0.216536,0.048857,0.133961,0.066601,0.127925,0.087342,0.090466,0.084219
0.096389,0.236380,0.062404,0.062053,0.065572,0.122363,0.091350,0.112812,0.064904,0.085773
0.035477,0.047999,0.174910,0.051351,0.130560,0.059530,0.157802,0.187920,0.090003,0.064447
0.019731,0.017602,0.017992,0.016503,0.034854,0.024016,0.787418,0.031434,0.027689,0.022762
0.045306,0.022406,0.018815,0.025982,0.022987,0.026808,0.729711,0.032582,0.047214,0.028188
0.090153,0.063074,0.102293,0.039602,0.170356,0.291710,0.039640,0.093236,0.055597,0.054339
0.059294,0.088302,0.226853,0.062127,0.059726,0.226903,0.054477,0.063311,0.085756,0.073251
0.067106,0.091666,0.323022,0.063215,0.056385,0.098357,0.068605,0.070415,0.092202,0.069028
0.162948,0.083885,0.054109,0.125587,0.076200,0.122213,0.065060,0.077684,0.111003,0.121311
0.170437,0.121286,0.052398,0.103797,0.073578,0.101046,0.123529,0.077285,0.076915,0.099728
