0.017598,0.135666,0.041905,0.016609,0.025547,0.037872,0.064091,0.022255,0.591488,0.046970
0.018398,0.009869,0.013892,0.012658,0.018011,0.013532,0.016826,0.595898,0.294278,0.006637
0.008375,0.106923,0.388322,0.010497,0.024394,0.062756,0.184403,0.007512,0.009643,0.197176
0.053724,0.502605,0.244387,0.050704,0.019502,0.007522,0.016462,0.008145,0.008693,0.088257
0.006071,0.383746,0.076376,0.007437,0.314387,0.006488,0.013766,0.007111,0.099610,0.085008
0.201042,0.029204,0.561149,0.010324,0.031617,0.054350,0.022074,0.009574,0.059772,0.020894
0.023280,0.085718,0.012581,0.011259,0.016972,0.015117,0.026179,0.759925,0.039832,0.009137
0.008102,0.560661,0.013874,0.046921,0.008575,0.008297,0.014071,0.007333,0.280168,0.051998
0.009792,0.015041,0.043016,0.112686,0.695239,0.011037,0.009541,0.010846,0.079920,0.012882
0.004838,0.049867,0.214878,0.045236,0.011524,0.008489,0.044395,0.535439,0.005647,0.079685
0.023030,0.022922,0.448713,0.027986,0.036488,0.022703,0.260637,0.113744,0.024053,0.019725
0.032955,0.029667,0.062068,0.035605,0.039142,0.036247,0.315875,0.292038,0.085620,0.070783
0.105130,0.003627,0.015850,0.005280,0.263361,0.009962,0.053160,0.359306,0.172171,0.012153
0.015205,0.008480,0.017432,0.007509,0.427728,0.013306,0.079342,0.008031,0.344567,0.078401
0.021770,0.010238,0.212329,0.356898,0.014418,0.010558,0.017775,0.305390,0.038601,0.012022
0.005601,0.512865,0.020009,0.005356,0.390161,0.007873,0.036195,0.008422,0.006772,0.006745
0.004005,0.298006,0.350209,0.005301,0.007761,0.024499,0.003478,0.167426,0.135322,0.003992
0.117714,0.035976,0.136345,0.006160,0.061918,0.054883,0.006030,0.133157,0.346107,0.101710
0.129411,0.364041,0.062500,0.007372,0.007681,0.028245,0.008655,0.006052,0.284919,0.101125
0.006169,0.006366,0.127704,0.007766,0.422247,0.008706,0.099439,0.008372,0.183114,0.130116
0.003603,0.003559,0.281791,0.044547,0.013248,0.025472,0.040104,0.351194,0.218391,0.018090
0.138709,0.046016,0.039514,0.035636,0.031810,0.038940,0.181092,0.176667,0.023038,0.288579
0.013128,0.094843,0.195279,0.084993,0.036236,0.017368,0.042688,0.056964,0.445452,0.013049
0.046008,0.017904,0.038595,0.012579,0.024010,0.013902,0.060924,0.278908,0.491763,0.015406
0.043813,0.358159,0.013886,0.004521,0.319280,0.009370,0.013050,0.116046,0.116482,0.005393
0.062943,0.561534,0.016371,0.253696,0.014196,0.010739,0.020002,0.006676,0.046369,0.007473
0.030511,0.005976,0.111790,0.008468,0.366018,0.017147,0.058420,0.063568,0.332913,0.005190
0.150641,0.068531,0.014098,0.020966,0.369727,0.038699,0.105126,0.133112,0.006661,0.092440
0.100900,0.011280,0.076913,0.011763,0.018686,0.021596,0.036345,0.229247,0.483621,0.009648
0.010765,0.029178,0.048635,0.023996,0.015861,0.010624,0.032091,0.207395,0.453006,0.168448
0.006884,0.009555,0.304261,0.240845,0.009981,0.008490,0.076231,0.008777,0.260294,0.074682
0.027623,0.007888,0.336894,0.069321,0.035408,0.014477,0.014945,0.009564,0.343595,0.140285
0.170985,0.029177,0.046581,0.024079,0.030143,0.033603,0.079464,0.422444,0.139438,0.024086
0.010119,0.009194,0.026554,0.016296,0.572459,0.016515,0.035146,0.063483,0.239159,0.011075
0.058750,0.220126,0.042708,0.004080,0.208994,0.005028,0.020933,0.242676,0.161415,0.035290
0.005790,0.379848,0.007211,0.163816,0.006614,0.006864,0.040632,0.377952,0.006034,0.005241
0.009076,0.636651,0.037156,0.014978,0.026082,0.057111,0.187816,0.012070,0.010599,0.008460
0.057726,0.164382,0.059286,0.041217,0.036476,0.020603,0.152235,0.022572,0.423951,0.021550
0.019177,0.003786,0.303962,0.003581,0.231484,0.029393,0.017638,0.146012,0.223934,0.021032
0.134717,0.008100,0.019634,0.237294,0.012713,0.008892,0.019527,0.542805,0.008223,0.008094
0.013720,0.013886,0.034560,0.013470,0.730353,0.017219,0.053540,0.017533,0.092685,0.013033
0.022793,0.484784,0.021593,0.291584,0.032261,0.039931,0.029394,0.008320,0.062139,0.007202
0.021689,0.007147,0.355721,0.058790,0.019368,0.013864,0.091146,0.139174,0.278946,0.014154
0.015297,0.488693,0.196920,0.008302,0.017942,0.008693,0.012324,0.005635,0.232905,0.013289
0.022243,0.007911,0.028727,0.055733,0.014261,0.012603,0.021935,0.566244,0.150497,0.119846
0.004669,0.365416,0.016064,0.006588,0.016954,0.034380,0.057677,0.487247,0.006373,0.004631
0.067414,0.009800,0.329530,0.061725,0.012246,0.012282,0.060034,0.155695,0.274441,0.016832
0.019518,0.049955,0.054180,0.040329,0.060156,0.032298,0.144574,0.024770,0.375609,0.198610
0.010436,0.086933,0.014146,0.012906,0.019538,0.013291,0.031820,0.786127,0.011871,0.012931
0.132548,0.474726,0.014176,0.227434,0.020625,0.008992,0.076821,0.031279,0.006889,0.006510
0.014065,0.136991,0.110421,0.016377,0.061645,0.029226,0.126438,0.316838,0.017001,0.170997
0.007314,0.007347,0.147766,0.006331,0.448286,0.011267,0.124930,0.175889,0.064689,0.006182
0.009439,0.010407,0.024402,0.009374,0.014140,0.012374,0.017974,0.870971,0.010819,0.020100
0.010278,0.606126,0.088449,0.009038,0.011078,0.012569,0.081232,0.010611,0.158826,0.011794
0.003082,0.252978,0.104395,0.115489,0.179920,0.003415,0.008347,0.325444,0.003364,0.003566
0.011611,0.267513,0.022289,0.005258,0.257675,0.023224,0.003238,0.383329,0.022282,0.003581
0.103049,0.392880,0.150879,0.004086,0.301302,0.006592,0.012550,0.005344,0.017993,0.005325
0.029423,0.006055,0.225322,0.025529,0.028086,0.047269,0.123371,0.156508,0.351002,0.007435
0.005009,0.424719,0.014318,0.004180,0.288338,0.004677,0.022329,0.006020,0.214562,0.015847
0.004498,0.415401,0.013500,0.004224,0.287133,0.005568,0.020787,0.117972,0.126615,0.004302
0.092543,0.009904,0.024722,0.011274,0.594182,0.013398,0.083359,0.012857,0.011823,0.145937
0.011222,0.011605,0.036873,0.010572,0.041136,0.014652,0.143845,0.184041,0.532070,0.013984
0.007753,0.528398,0.010421,0.225537,0.007956,0.010602,0.014735,0.009070,0.124480,0.061049
0.012182,0.031331,0.225503,0.087324,0.018595,0.021013,0.010160,0.174256,0.409087,0.010550
0.008369,0.018250,0.014885,0.007190,0.010627,0.012919,0.053901,0.544506,0.267993,0.061361
0.025359,0.007923,0.117940,0.237652,0.371613,0.016178,0.035683,0.127805,0.042370,0.017479
0.015733,0.018849,0.509429,0.019204,0.041447,0.121070,0.072065,0.023263,0.167189,0.011749
0.005024,0.321977,0.039163,0.007264,0.007264,0.006090,0.034587,0.524218,0.008698,0.045715
0.004374,0.238019,0.009013,0.004201,0.225073,0.021242,0.040381,0.430344,0.020442,0.006911
0.015986,0.022766,0.087352,0.034739,0.079403,0.128828,0.081428,0.399377,0.128510,0.021611
0.028702,0.084233,0.116735,0.009217,0.409662,0.052842,0.080534,0.121571,0.075103,0.021400
0.007328,0.010883,0.565169,0.010859,0.053928,0.022222,0.037301,0.010695,0.272638,0.008977
0.023234,0.773475,0.014753,0.014400,0.012647,0.011445,0.020559,0.094034,0.023120,0.012332
0.018906,0.018927,0.336052,0.022791,0.025365,0.026848,0.063933,0.403141,0.065493,0.018546
0.009506,0.012365,0.023329,0.072623,0.505254,0.019578,0.113415,0.190256,0.034779,0.018894
0.006823,0.065347,0.193863,0.011440,0.436214,0.007417,0.096078,0.008391,0.167895,0.006531
0.011147,0.012467,0.241508,0.015039,0.051484,0.012835,0.056700,0.405031,0.065778,0.128012
0.053352,0.342476,0.012025,0.006035,0.268542,0.010058,0.085641,0.179463,0.036929,0.005479
0.152093,0.005247,0.022827,0.021032,0.345419,0.037015,0.063562,0.010027,0.212871,0.129907
0.007358,0.006651,0.038990,0.006231,0.012794,0.013393,0.023280,0.659401,0.153175,0.078728
0.034984,0.035679,0.045032,0.006503,0.475185,0.060192,0.058676,0.006543,0.271161,0.006045
0.264294,0.012917,0.058704,0.013791,0.060294,0.073029,0.112754,0.016843,0.375384,0.011991
0.003551,0.039175,0.253082,0.004019,0.196273,0.023029,0.013942,0.362849,0.024824,0.079255
0.022967,0.259796,0.006080,0.021807,0.202446,0.005529,0.006976,0.334417,0.135820,0.004163
0.017888,0.017328,0.046497,0.034261,0.023390,0.026792,0.059199,0.423360,0.319752,0.031533
0.005543,0.005334,0.027995,0.011086,0.330654,0.038272,0.121527,0.134608,0.250077,0.074904
0.003317,0.018588,0.303998,0.005680,0.248451,0.029031,0.030702,0.116902,0.237899,0.005433
0.161477,0.005759,0.451464,0.008408,0.040270,0.016673,0.112567,0.005410,0.192744,0.005227
0.036904,0.033185,0.089830,0.031050,0.055079,0.042789,0.059741,0.039789,0.132528,0.479106
0.140730,0.012535,0.042180,0.012906,0.085447,0.076155,0.007463,0.160949,0.337751,0.123884
0.012051,0.017094,0.035560,0.016402,0.750498,0.020193,0.044233,0.012487,0.063022,0.028459
0.007018,0.010199,0.008996,0.233283,0.021041,0.008500,0.018648,0.542498,0.141941,0.007876
0.006978,0.008766,0.194888,0.005792,0.418851,0.013985,0.081710,0.129859,0.061607,0.077564
0.021784,0.026967,0.357058,0.017741,0.030993,0.035108,0.060278,0.019973,0.387447,0.042650
0.007704,0.534880,0.012439,0.011099,0.009664,0.013716,0.014707,0.008467,0.376186,0.011138
0.017641,0.010332,0.166970,0.006752,0.398483,0.012546,0.021882,0.009254,0.275718,0.080421
0.006797,0.006387,0.134163,0.008075,0.411451,0.016775,0.025013,0.131709,0.186146,0.073484
0.005125,0.423792,0.098468,0.004812,0.281939,0.005902,0.058353,0.005165,0.110806,0.005637
0.020867,0.017957,0.300535,0.025173,0.039066,0.134938,0.074498,0.015903,0.125786,0.245278
0.008960,0.008422,0.020275,0.009428,0.505323,0.013685,0.017303,0.009904,0.327147,0.079551
0.016192,0.016065,0.030964,0.097474,0.018535,0.021653,0.037085,0.263238,0.484766,0.014028
0.037406,0.032373,0.101234,0.030136,0.171761,0.097184,0.406967,0.055948,0.038904,0.028086
0.020169,0.007399,0.178536,0.264479,0.451858,0.013776,0.031752,0.007357,0.008359,0.016315
0.004180,0.023608,0.151466,0.011873,0.316839,0.041507,0.040402,0.147940,0.244946,0.017239
0.008850,0.012484,0.019918,0.008618,0.533109,0.013808,0.015978,0.191295,0.038627,0.157314
0.005439,0.043905,0.015916,0.006761,0.306057,0.009161,0.040304,0.510148,0.005708,0.056600
0.009591,0.008376,0.038650,0.034427,0.553947,0.015018,0.123026,0.012499,0.010510,0.193956
0.042259,0.014919,0.108338,0.017319,0.027514,0.014695,0.022482,0.017746,0.527012,0.207716
0.004708,0.361490,0.176642,0.009900,0.318984,0.005100,0.020068,0.092097,0.005564,0.005447
0.036628,0.079167,0.113021,0.005707,0.417774,0.051524,0.005152,0.005633,0.275819,0.009575
0.025093,0.025050,0.585825,0.030998,0.039835,0.040399,0.036266,0.024099,0.170947,0.021488
0.007030,0.007372,0.171230,0.008460,0.458442,0.008801,0.058653,0.124662,0.027027,0.128322
0.009490,0.012017,0.021211,0.019000,0.012527,0.013855,0.095408,0.798097,0.010142,0.008254
0.075415,0.299809,0.005047,0.004996,0.005183,0.005606,0.008061,0.314118,0.218327,0.063439
0.033862,0.031270,0.243689,0.039354,0.244114,0.244079,0.025623,0.064371,0.037021,0.036617
0.025595,0.093706,0.223853,0.086135,0.016044,0.017228,0.017446,0.176592,0.241939,0.101462
0.006619,0.089231,0.236217,0.015514,0.018145,0.050482,0.085129,0.264719,0.227826,0.006117
0.010153,0.014226,0.014522,0.016977,0.601646,0.020073,0.044711,0.013199,0.231257,0.033236
0.003649,0.302914,0.018459,0.004933,0.239569,0.021930,0.007132,0.376791,0.020202,0.004421
0.018502,0.009839,0.017037,0.017238,0.421150,0.007611,0.013460,0.152043,0.327486,0.015634
0.008976,0.009768,0.337086,0.009285,0.055749,0.027319,0.087900,0.355500,0.093751,0.014666
0.030281,0.028061,0.138950,0.026072,0.139161,0.243701,0.279484,0.045398,0.035569,0.033323
0.019947,0.030347,0.045237,0.025575,0.030560,0.045459,0.240221,0.099280,0.421340,0.042033
0.008041,0.007133,0.319575,0.006679,0.469245,0.021014,0.031413,0.059400,0.068776,0.008724
0.015041,0.021194,0.038353,0.013910,0.022007,0.019276,0.020440,0.294224,0.512790,0.042764
0.049238,0.013103,0.018284,0.143183,0.203399,0.024867,0.012931,0.374247,0.108229,0.052517
0.122848,0.007321,0.105677,0.217503,0.348855,0.009293,0.021548,0.007181,0.153346,0.006427
0.019743,0.024434,0.049022,0.036733,0.024347,0.018770,0.048314,0.171273,0.591015,0.016349
0.039114,0.013215,0.019329,0.031124,0.055059,0.025660,0.181553,0.014731,0.423776,0.196438
0.027085,0.031727,0.199239,0.015212,0.039332,0.019072,0.034818,0.351660,0.267222,0.014634
0.007921,0.493399,0.079682,0.010004,0.007994,0.007607,0.014435,0.093313,0.276586,0.009060
0.006190,0.416036,0.112618,0.005023,0.008596,0.007196,0.011289,0.122794,0.266003,0.044255
0.018222,0.024308,0.076125,0.045031,0.084114,0.051653,0.014860,0.476266,0.189093,0.020328
0.003357,0.005563,0.308712,0.004975,0.236435,0.029068,0.086657,0.146350,0.126123,0.052760
0.009341,0.018477,0.019493,0.009982,0.010566,0.009008,0.083758,0.776969,0.048311,0.014097
0.055690,0.021547,0.276201,0.023621,0.027278,0.040866,0.052310,0.254999,0.022660,0.224827
0.010203,0.120218,0.513783,0.035998,0.040521,0.024730,0.108456,0.085940,0.012923,0.047228
0.515504,0.027731,0.059662,0.041171,0.084329,0.042824,0.074406,0.034292,0.087561,0.032519
0.011902,0.705658,0.017826,0.010508,0.012721,0.012659,0.018779,0.011381,0.186445,0.012121
0.007859,0.011988,0.021497,0.009806,0.487307,0.015419,0.026239,0.092824,0.317441,0.009620
0.159061,0.610339,0.116851,0.009177,0.011931,0.007931,0.061412,0.008087,0.008620,0.006590
0.009955,0.662629,0.093315,0.008422,0.017944,0.010146,0.020994,0.009017,0.158787,0.008790
0.032271,0.513626,0.087124,0.021322,0.028536,0.016315,0.079820,0.204505,0.008605,0.007874
0.012326,0.498344,0.014006,0.006924,0.019375,0.011361,0.013156,0.071919,0.266630,0.085957
0.018410,0.016023,0.035692,0.018367,0.021758,0.019689,0.179086,0.070755,0.590353,0.029866
0.149478,0.379176,0.035611,0.006008,0.021737,0.031901,0.102826,0.007585,0.244278,0.021400
0.033463,0.008201,0.167887,0.026720,0.530388,0.017536,0.139572,0.010920,0.057901,0.007411
0.003425,0.267538,0.050430,0.003979,0.187613,0.004541,0.002595,0.280999,0.148834,0.050046
0.240755,0.011730,0.060376,0.007848,0.501718,0.022696,0.064459,0.016523,0.066577,0.007317
0.040176,0.008681,0.033975,0.010833,0.061117,0.066143,0.007338,0.241066,0.394220,0.136451
0.134801,0.005679,0.241140,0.007319,0.365157,0.008843,0.034171,0.191096,0.006652,0.005142
0.005118,0.008564,0.016338,0.007577,0.409912,0.044849,0.119486,0.110038,0.195697,0.082420
0.004767,0.305226,0.037210,0.197205,0.237390,0.009487,0.025069,0.071801,0.005223,0.106623
0.003302,0.013414,0.073455,0.153080,0.241563,0.006882,0.033345,0.349709,0.109837,0.015413
0.022233,0.028241,0.029691,0.034221,0.051564,0.040217,0.073244,0.370348,0.094524,0.255717
0.028448,0.077139,0.026801,0.007789,0.423034,0.014285,0.042774,0.057218,0.183485,0.139026
0.075032,0.713229,0.020222,0.012116,0.017390,0.012256,0.108321,0.010286,0.009795,0.021354
0.012438,0.428178,0.183015,0.005924,0.018849,0.008363,0.011260,0.097671,0.229526,0.004776
0.006669,0.566239,0.033183,0.012805,0.016495,0.050990,0.026285,0.010048,0.249377,0.027910
0.005513,0.361802,0.007891,0.005267,0.006858,0.007609,0.010094,0.404933,0.184516,0.005517
0.015080,0.167100,0.051015,0.025249,0.072472,0.100428,0.262604,0.137668,0.097630,0.070754
0.004804,0.341358,0.151775,0.005272,0.273346,0.006405,0.015778,0.020361,0.125812,0.055088
0.043669,0.511310,0.009103,0.007961,0.008595,0.010580,0.064982,0.200642,0.136044,0.007113
0.006315,0.006548,0.008940,0.233816,0.379574,0.011408,0.084794,0.006571,0.256000,0.006034
0.009780,0.012107,0.161080,0.007826,0.076883,0.072289,0.190309,0.243749,0.010104,0.215872
0.007701,0.007984,0.629486,0.100790,0.051039,0.022031,0.091606,0.010873,0.071252,0.007238
0.006001,0.520115,0.009959,0.006995,0.363252,0.006475,0.063622,0.007745,0.006889,0.008946
0.006096,0.006744,0.135424,0.075013,0.410683,0.006407,0.088684,0.057681,0.207598,0.005669
0.039316,0.499550,0.008651,0.008578,0.009343,0.009137,0.050321,0.047077,0.316815,0.011210
0.349934,0.026887,0.024962,0.024962,0.028065,0.020437,0.144433,0.200857,0.126031,0.053431
0.006040,0.007853,0.257605,0.006428,0.015884,0.011030,0.064507,0.481467,0.144154,0.005032
0.083867,0.041657,0.114700,0.083673,0.071086,0.065485,0.410608,0.048271,0.044601,0.036052
0.007170,0.008442,0.171856,0.011582,0.532447,0.016190,0.006947,0.065241,0.009330,0.170794
0.010953,0.009596,0.026037,0.329335,0.016806,0.011721,0.114615,0.011260,0.457742,0.011935
0.007910,0.704333,0.031523,0.011148,0.050540,0.065801,0.007774,0.012631,0.066139,0.042199
0.007563,0.012750,0.159558,0.121385,0.075053,0.024790,0.064482,0.336373,0.073500,0.124546
0.026296,0.029127,0.438117,0.009055,0.016138,0.010012,0.041951,0.112406,0.208790,0.108108
0.052766,0.007172,0.044484,0.006144,0.309325,0.009592,0.070778,0.454801,0.040300,0.004637
0.004378,0.004512,0.087536,0.005289,0.246806,0.005438,0.033605,0.440230,0.168067,0.004138
0.047742,0.016375,0.531860,0.016481,0.032813,0.024372,0.145057,0.015475,0.013589,0.156236
0.003276,0.005478,0.014760,0.005235,0.240438,0.028136,0.081811,0.380361,0.189677,0.050827
0.004175,0.349468,0.136110,0.004579,0.225219,0.004552,0.049838,0.046316,0.175307,0.004436
0.014427,0.142644,0.285665,0.011959,0.050178,0.036137,0.011092,0.102357,0.334206,0.011336
0.009845,0.008849,0.029411,0.008405,0.509617,0.019930,0.027442,0.047120,0.331232,0.008150
0.015451,0.019427,0.017681,0.017977,0.021202,0.024581,0.104405,0.146204,0.486721,0.146353
0.071641,0.069642,0.011113,0.007569,0.013700,0.018539,0.014141,0.775073,0.008948,0.009635
0.106721,0.396157,0.085901,0.006652,0.353570,0.009328,0.011457,0.017430,0.007188,0.005596
0.027675,0.015981,0.036141,0.013107,0.643183,0.011990,0.035441,0.125606,0.078069,0.012806
0.032514,0.031143,0.030450,0.081328,0.530031,0.021937,0.044004,0.011895,0.071574,0.145123
0.119323,0.106233,0.117657,0.063449,0.059259,0.062743,0.116620,0.198049,0.046209,0.110457
0.014239,0.391708,0.375265,0.008877,0.013342,0.011208,0.109232,0.043724,0.025854,0.006551
0.037467,0.015239,0.114370,0.102171,0.025132,0.016547,0.078213,0.331960,0.265822,0.013078
0.025384,0.084814,0.022924,0.079239,0.015285,0.050983,0.134519,0.192669,0.388028,0.006155
0.008998,0.268676,0.109878,0.026642,0.195589,0.004861,0.040683,0.337448,0.003799,0.003426
0.005785,0.446767,0.122436,0.006827,0.359037,0.009471,0.004953,0.021152,0.016887,0.006684
0.184254,0.077812,0.019402,0.011527,0.013513,0.016019,0.026197,0.280190,0.361468,0.009618
0.079158,0.480350,0.016076,0.008644,0.010921,0.039998,0.019187,0.260567,0.007538,0.077560
0.007047,0.006464,0.007898,0.215666,0.360923,0.010563,0.016386,0.061722,0.235242,0.078089
0.155870,0.005779,0.030962,0.007751,0.343388,0.045079,0.042591,0.056448,0.181429,0.130702
0.064695,0.256131,0.007278,0.003388,0.200810,0.005938,0.002587,0.322899,0.132665,0.003608
0.028055,0.080918,0.143464,0.008366,0.483568,0.010597,0.042603,0.055748,0.046182,0.100498
0.009689,0.151758,0.052723,0.157239,0.051944,0.084745,0.056876,0.010208,0.129857,0.294960
0.003837,0.004509,0.338498,0.006173,0.018348,0.033584,0.019368,0.435284,0.032065,0.108335
0.005595,0.451361,0.009316,0.200941,0.006560,0.009544,0.064359,0.125151,0.121575,0.005598
0.015115,0.016664,0.116094,0.019218,0.030231,0.027103,0.025767,0.335454,0.359769,0.054584
0.010760,0.010860,0.116245,0.009393,0.638469,0.015038,0.093876,0.013120,0.083004,0.009235
0.046479,0.455311,0.183527,0.004624,0.007966,0.008417,0.011414,0.006528,0.212733,0.063000
0.006660,0.387098,0.010323,0.188829,0.007205,0.006391,0.005448,0.164481,0.217699,0.005867
0.004647,0.004480,0.008819,0.152074,0.277397,0.007246,0.008445,0.459515,0.017527,0.059851
0.006820,0.009966,0.201395,0.006459,0.432913,0.015625,0.016680,0.008355,0.173389,0.128397
0.009160,0.011338,0.374441,0.025733,0.029512,0.080156,0.187775,0.116893,0.127702,0.037291
0.024432,0.007068,0.023540,0.243778,0.348180,0.038527,0.113441,0.007248,0.165061,0.028725
0.012403,0.604947,0.013596,0.012215,0.011014,0.013892,0.068108,0.171886,0.011402,0.080539
0.008272,0.731428,0.107446,0.006989,0.034973,0.020216,0.042993,0.014490,0.009954,0.023240
0.020799,0.059525,0.091597,0.028317,0.033196,0.039088,0.171671,0.112803,0.147639,0.295364
0.037776,0.012327,0.194737,0.031466,0.041552,0.018370,0.153678,0.074648,0.423514,0.011932
0.016054,0.017119,0.424634,0.027341,0.026143,0.021953,0.031812,0.020462,0.398067,0.016416
0.009611,0.012854,0.018643,0.011203,0.012000,0.014396,0.083174,0.657076,0.159637,0.021407
0.007111,0.054194,0.129611,0.049523,0.387058,0.008063,0.050185,0.184887,0.043386,0.085981
0.007070,0.010512,0.158842,0.014805,0.493779,0.020149,0.030035,0.246854,0.008998,0.008955
0.160366,0.008102,0.472054,0.021451,0.027222,0.049544,0.004940,0.007838,0.218007,0.030477
0.008409,0.027925,0.065441,0.023487,0.531827,0.009047,0.112272,0.008774,0.202481,0.010338
0.086386,0.501084,0.018529,0.007843,0.020732,0.042570,0.032725,0.273932,0.007883,0.008316
0.011891,0.014926,0.058546,0.012321,0.041111,0.020609,0.045617,0.125916,0.485635,0.183429
0.136149,0.012125,0.221606,0.113582,0.037651,0.068709,0.040829,0.086320,0.075859,0.207171
0.118357,0.059941,0.105118,0.005842,0.322136,0.010231,0.022612,0.111740,0.238148,0.005876
0.004304,0.325328,0.084779,0.005715,0.276584,0.005367,0.032711,0.069668,0.190937,0.004608
0.057457,0.056128,0.019688,0.228384,0.010555,0.008587,0.081319,0.521167,0.008196,0.008520
0.004133,0.295287,0.006925,0.152956,0.220297,0.005306,0.042787,0.092125,0.174670,0.005513
0.032046,0.009836,0.027279,0.008852,0.031222,0.060112,0.050007,0.267301,0.401146,0.112199
0.029398,0.012325,0.012599,0.010970,0.521485,0.016150,0.028581,0.141780,0.198088,0.028625
0.013905,0.012744,0.029386,0.012408,0.705688,0.026480,0.045601,0.057117,0.081142,0.015528
0.008523,0.008894,0.126464,0.060138,0.011098,0.016951,0.007885,0.235698,0.393000,0.131348
0.011824,0.017529,0.226591,0.429178,0.019405,0.018892,0.035067,0.185556,0.040532,0.015426
0.036028,0.381663,0.080946,0.005855,0.315376,0.005763,0.034322,0.106856,0.027746,0.005445
0.004689,0.385516,0.151936,0.004971,0.260942,0.005099,0.063767,0.004244,0.114001,0.004834
0.011660,0.026496,0.145172,0.014851,0.019014,0.013493,0.036998,0.222620,0.397916,0.111779
0.006055,0.006455,0.130253,0.008661,0.385627,0.013203,0.049073,0.134778,0.249061,0.016834
0.056134,0.018108,0.015880,0.014233,0.010523,0.015755,0.025027,0.561571,0.274817,0.007951
0.011294,0.722419,0.014583,0.015742,0.015619,0.014954,0.010504,0.077057,0.013926,0.103902
0.004448,0.004488,0.073112,0.202256,0.023979,0.032743,0.015724,0.535508,0.029883,0.077860
0.004254,0.322454,0.010564,0.005730,0.256938,0.007852,0.057701,0.155868,0.125302,0.053337
0.005829,0.511585,0.031598,0.004852,0.386541,0.013542,0.023985,0.009229,0.007492,0.005346
0.277605,0.016262,0.233586,0.121710,0.033049,0.022385,0.038201,0.015225,0.078380,0.163598
0.009529,0.030174,0.201467,0.011941,0.022068,0.013070,0.031682,0.281389,0.225179,0.173501
0.037865,0.368368,0.008199,0.005343,0.267649,0.004842,0.034945,0.076856,0.190933,0.005000
0.007251,0.048607,0.008081,0.007786,0.010564,0.012678,0.017161,0.638332,0.238390,0.011149
0.011557,0.010017,0.047169,0.012741,0.082956,0.074765,0.081525,0.107334,0.396722,0.175214
0.055208,0.315895,0.012213,0.047825,0.215816,0.008469,0.021916,0.148468,0.165363,0.008828
0.010471,0.008831,0.067998,0.012144,0.073005,0.069326,0.184004,0.265911,0.297485,0.010825
0.004391,0.005448,0.402110,0.062091,0.032259,0.037951,0.045795,0.147155,0.196442,0.066356
0.008074,0.011905,0.284366,0.023097,0.041490,0.065349,0.070748,0.013782,0.471084,0.010106
0.006297,0.007340,0.149202,0.006270,0.015594,0.014346,0.024746,0.697618,0.053356,0.025230
0.008157,0.641220,0.012516,0.010357,0.012413,0.011197,0.079167,0.008871,0.158472,0.057631
0.006265,0.577292,0.210310,0.009228,0.008570,0.008672,0.075403,0.008789,0.019984,0.075487
0.036955,0.046416,0.089211,0.037804,0.047726,0.068282,0.047699,0.330690,0.209657,0.085560
0.005903,0.419372,0.155920,0.009946,0.017229,0.038565,0.011153,0.007890,0.182024,0.151996
0.058126,0.226037,0.005269,0.103652,0.187645,0.003086,0.030878,0.237920,0.144507,0.002880
0.062650,0.057679,0.197345,0.067334,0.097728,0.133155,0.183719,0.068192,0.067813,0.064384
0.033253,0.010373,0.031506,0.008759,0.480949,0.007654,0.036167,0.063666,0.317083,0.010589
0.005585,0.487043,0.011645,0.006802,0.008586,0.006529,0.042385,0.184394,0.234505,0.012527
0.007016,0.497325,0.065606,0.220969,0.008319,0.007529,0.013432,0.050881,0.031788,0.097133
0.087785,0.004854,0.012927,0.004537,0.280307,0.005763,0.012879,0.360469,0.221557,0.008922
0.008976,0.011504,0.023620,0.009370,0.493400,0.016086,0.032090,0.010686,0.384186,0.010082
0.138324,0.009704,0.016607,0.057295,0.405072,0.009309,0.056551,0.148821,0.151745,0.006571
0.014633,0.417220,0.009077,0.005709,0.295421,0.007925,0.012841,0.006907,0.218456,0.011811
0.103480,0.435707,0.009405,0.193845,0.011580,0.007801,0.047877,0.175701,0.006963,0.007640
0.005758,0.442191,0.007292,0.007132,0.326043,0.008153,0.045046,0.007948,0.144470,0.005965
0.024126,0.009679,0.024043,0.012608,0.572702,0.016920,0.018905,0.112350,0.036967,0.171700
0.059217,0.058528,0.015066,0.009659,0.010777,0.012541,0.010980,0.712198,0.047379,0.063654
0.158378,0.008128,0.037225,0.005366,0.038477,0.016039,0.004827,0.673198,0.050780,0.007582
0.030908,0.011857,0.177615,0.014847,0.018784,0.011970,0.070240,0.198658,0.357217,0.107905
0.007603,0.020808,0.023185,0.007241,0.439860,0.009472,0.022885,0.038809,0.298337,0.131800
0.154010,0.453861,0.012205,0.009145,0.022954,0.036164,0.056595,0.006937,0.182416,0.065711
0.007853,0.009932,0.106088,0.050723,0.009816,0.007917,0.019395,0.522876,0.247044,0.018354
0.006431,0.006421,0.265998,0.007011,0.380451,0.016619,0.024560,0.118583,0.168505,0.005421
0.005909,0.062863,0.059643,0.007462,0.385113,0.009004,0.085065,0.117004,0.260737,0.007199
0.021078,0.009509,0.133072,0.011731,0.424774,0.015539,0.097673,0.091729,0.186855,0.008040
0.004032,0.347518,0.312936,0.003869,0.011054,0.028405,0.019466,0.004129,0.174914,0.093678
0.005685,0.478827,0.010412,0.009430,0.439781,0.007976,0.013699,0.007371,0.020067,0.006751
0.027612,0.111772,0.106544,0.058476,0.109871,0.031438,0.440825,0.039400,0.036003,0.038058
0.296557,0.128912,0.019489,0.113455,0.026714,0.021179,0.116164,0.017594,0.055341,0.204595
0.004896,0.004910,0.206914,0.005218,0.282432,0.004770,0.017227,0.410920,0.005444,0.057270
0.021565,0.010886,0.011076,0.009528,0.471057,0.008310,0.018574,0.043842,0.313299,0.091862
0.004352,0.369141,0.011405,0.008451,0.265406,0.004327,0.037378,0.024409,0.206422,0.068709
0.005910,0.485827,0.029698,0.007531,0.424288,0.010513,0.014068,0.008547,0.007510,0.006106
0.007129,0.007024,0.106005,0.231762,0.383537,0.008486,0.069063,0.136233,0.042128,0.008632
0.011737,0.395735,0.007292,0.006422,0.007597,0.007269,0.010278,0.519973,0.027153,0.006544
0.008529,0.606682,0.012663,0.011120,0.015096,0.009578,0.069801,0.058064,0.137148,0.071321
0.004548,0.015042,0.007189,0.042222,0.309126,0.008229,0.008659,0.509345,0.005634,0.090007
0.008358,0.352452,0.077071,0.006497,0.006808,0.006995,0.062056,0.172793,0.241279,0.065692
0.007138,0.009316,0.008575,0.221994,0.010012,0.010206,0.071418,0.640883,0.007339,0.013118
0.017746,0.016358,0.076584,0.020772,0.076144,0.046543,0.311174,0.401589,0.019481,0.013608
0.011274,0.034015,0.207956,0.401361,0.032214,0.010707,0.009097,0.068353,0.052533,0.172489
0.008619,0.553902,0.009006,0.009221,0.011006,0.011251,0.016985,0.009814,0.362801,0.007394
0.003460,0.005104,0.097433,0.047845,0.242041,0.026064,0.060820,0.398526,0.031906,0.086801
0.003874,0.019796,0.109785,0.009098,0.018021,0.036489,0.092451,0.546840,0.045786,0.117859
0.098888,0.007669,0.016192,0.005018,0.296495,0.006986,0.015765,0.506447,0.035537,0.011002
0.007912,0.007121,0.010168,0.261908,0.435915,0.013400,0.023041,0.209193,0.008200,0.023143
0.371023,0.047221,0.052262,0.021481,0.029911,0.028868,0.035965,0.021338,0.065925,0.326006
0.003484,0.054521,0.138989,0.055703,0.016760,0.029742,0.082946,0.398170,0.195079,0.024607
0.018151,0.434097,0.158976,0.074171,0.011921,0.039434,0.119070,0.008213,0.034328,0.101639
0.167567,0.011112,0.198229,0.016384,0.048869,0.079272,0.189337,0.015842,0.124130,0.149257
0.041228,0.008053,0.168289,0.018328,0.535762,0.008200,0.065596,0.076646,0.068074,0.009825
0.111495,0.435016,0.016044,0.007576,0.279497,0.006969,0.013256,0.119553,0.006013,0.004581
0.025043,0.022180,0.490711,0.026878,0.078468,0.038621,0.106447,0.030734,0.160729,0.020188
0.002972,0.246670,0.013276,0.004016,0.180465,0.019676,0.034787,0.356507,0.138741,0.002892
0.005953,0.463036,0.188540,0.007035,0.008522,0.006245,0.070876,0.099088,0.145694,0.005010
0.010276,0.648136,0.217636,0.011737,0.011382,0.009904,0.018930,0.036589,0.025972,0.009438
0.065768,0.012040,0.232269,0.159790,0.072629,0.036285,0.063554,0.011335,0.143028,0.203303
0.017320,0.075164,0.283780,0.022118,0.115783,0.128280,0.297970,0.023904,0.017934,0.017747
0.218267,0.034599,0.068530,0.030455,0.039843,0.027043,0.062678,0.392939,0.096981,0.028664
0.009270,0.732589,0.021791,0.007634,0.014001,0.008636,0.018362,0.010597,0.027295,0.149824
0.017781,0.007279,0.015091,0.011481,0.008760,0.010391,0.016080,0.643585,0.220097,0.049455
0.010163,0.009804,0.027601,0.015722,0.533070,0.015587,0.008130,0.152565,0.216409,0.010948
0.013691,0.017924,0.266028,0.431594,0.020196,0.017049,0.031705,0.016024,0.014722,0.171068
0.021484,0.021524,0.266156,0.028736,0.033744,0.025578,0.049830,0.191645,0.121722,0.239579
0.013912,0.019321,0.040588,0.013153,0.779297,0.023892,0.061598,0.014593,0.016452,0.017194
0.012265,0.135412,0.045650,0.018427,0.042628,0.026903,0.011853,0.013688,0.526705,0.166468
0.034587,0.010217,0.200958,0.407455,0.046156,0.024049,0.022168,0.068028,0.052916,0.133466
0.013617,0.013062,0.036761,0.011625,0.022803,0.015281,0.091941,0.240852,0.542860,0.011197
0.008337,0.605082,0.244975,0.006511,0.017350,0.008397,0.015354,0.044984,0.035109,0.013900
0.009176,0.689705,0.012652,0.007896,0.009983,0.009134,0.075217,0.165686,0.010206,0.010346
0.012837,0.012744,0.543922,0.010920,0.031413,0.019054,0.047088,0.228907,0.078692,0.014423
0.028360,0.024660,0.483411,0.040699,0.072627,0.072089,0.133194,0.023037,0.029536,0.092387
0.004995,0.008550,0.219640,0.011154,0.363634,0.018036,0.036862,0.142767,0.189197,0.005165
0.082652,0.003278,0.258325,0.002809,0.014752,0.024363,0.063544,0.364182,0.182557,0.003537
0.024431,0.024300,0.094971,0.008606,0.326623,0.043380,0.066479,0.159402,0.220013,0.031796
0.018594,0.026512,0.230647,0.036325,0.025629,0.021327,0.018155,0.464967,0.112082,0.045761
0.058016,0.018177,0.167775,0.010052,0.384305,0.010834,0.026186,0.105532,0.146314,0.072809
0.010455,0.570492,0.008356,0.043605,0.009274,0.008471,0.014161,0.009355,0.251393,0.074436
0.023274,0.092688,0.097904,0.023375,0.055914,0.067880,0.096827,0.033148,0.224081,0.284910
0.007281,0.007671,0.031121,0.009694,0.032937,0.058180,0.030484,0.744951,0.056384,0.021295
0.052102,0.048951,0.196357,0.005584,0.279602,0.007184,0.043891,0.149026,0.211655,0.005647
0.006908,0.011536,0.104284,0.011474,0.030606,0.060705,0.182207,0.323376,0.055118,0.213787
0.014035,0.045470,0.042358,0.015597,0.062737,0.025076,0.110278,0.012756,0.533258,0.138434
0.122952,0.008951,0.017786,0.006104,0.363442,0.006780,0.079184,0.100716,0.288204,0.005881
0.010518,0.736029,0.015591,0.013200,0.015918,0.012917,0.021221,0.153481,0.010824,0.010302
0.061927,0.005891,0.358935,0.051628,0.018218,0.034151,0.081374,0.121915,0.197742,0.068219
0.005790,0.008429,0.072426,0.234887,0.376159,0.008930,0.064458,0.007832,0.154815,0.066275
0.007714,0.006823,0.157701,0.006538,0.452577,0.012677,0.006087,0.007155,0.336534,0.006195
0.002992,0.222149,0.084925,0.140461,0.008473,0.018414,0.006147,0.362169,0.151341,0.002929
0.004599,0.004614,0.366703,0.005833,0.282306,0.033252,0.092280,0.176961,0.005423,0.028028
0.016040,0.546333,0.014689,0.006099,0.009420,0.009174,0.015616,0.234940,0.022758,0.124931
0.005000,0.425735,0.051103,0.007752,0.335558,0.036988,0.023013,0.102601,0.006895,0.005355
0.005999,0.007807,0.019038,0.005081,0.317764,0.009273,0.023226,0.529402,0.006253,0.076157
0.008458,0.407991,0.007309,0.007711,0.006391,0.006122,0.011887,0.442626,0.012459,0.089048
0.005778,0.006862,0.271085,0.008015,0.401854,0.017077,0.078565,0.159674,0.043463,0.007627
0.009423,0.013280,0.235151,0.010849,0.576492,0.012397,0.031983,0.012338,0.068291,0.029796
0.009710,0.010848,0.068617,0.008971,0.044070,0.079546,0.008809,0.380020,0.380323,0.009085
0.008181,0.481716,0.077140,0.008861,0.010130,0.010780,0.013993,0.144647,0.139531,0.105021
0.003846,0.281352,0.060406,0.028115,0.005015,0.006578,0.008412,0.428401,0.172496,0.005380
0.014197,0.489501,0.118976,0.008276,0.330207,0.005890,0.012935,0.006472,0.006862,0.006684
0.005940,0.007632,0.251701,0.006236,0.010734,0.005850,0.075824,0.552074,0.028605,0.055404
0.095504,0.017863,0.204132,0.024050,0.017564,0.014049,0.041953,0.352199,0.036611,0.196076
0.008938,0.599122,0.016938,0.011210,0.010868,0.013711,0.023517,0.129828,0.177511,0.008356
0.008704,0.011072,0.018912,0.010589,0.009981,0.012789,0.055035,0.758977,0.021624,0.092317
0.022790,0.007708,0.338802,0.068228,0.017875,0.015008,0.107160,0.098441,0.314745,0.009242
0.043930,0.005233,0.102163,0.006016,0.009279,0.008535,0.039937,0.532453,0.246830,0.005624
0.006868,0.582832,0.028607,0.007625,0.014360,0.011169,0.014166,0.008533,0.318501,0.007337
0.009397,0.008079,0.657221,0.106442,0.018026,0.061787,0.046943,0.010979,0.058118,0.023009
0.012510,0.013085,0.063198,0.012472,0.053877,0.102815,0.098297,0.516873,0.111213,0.015659
0.101378,0.213501,0.232803,0.158820,0.008399,0.020811,0.036848,0.060679,0.163084,0.003676
0.020519,0.024090,0.030602,0.025845,0.039839,0.041699,0.281152,0.359075,0.156448,0.020731
0.150486,0.006472,0.290096,0.067952,0.397789,0.014921,0.005724,0.051108,0.007624,0.007829
0.071351,0.004764,0.028673,0.006102,0.011638,0.036431,0.021242,0.565816,0.249693,0.004290
0.012642,0.012199,0.018230,0.010489,0.705295,0.023518,0.102265,0.014675,0.090297,0.010389
0.044757,0.043320,0.037822,0.004325,0.267222,0.006697,0.026659,0.445572,0.107359,0.016267
0.004332,0.005119,0.183482,0.239355,0.014240,0.014523,0.104361,0.194761,0.233747,0.006079
0.006717,0.276659,0.133771,0.003611,0.005018,0.004519,0.007972,0.397765,0.159701,0.004267
0.490864,0.032768,0.147276,0.022504,0.044549,0.024922,0.075617,0.030578,0.102548,0.028374
0.004667,0.005745,0.433635,0.013081,0.335455,0.045554,0.092513,0.055953,0.006932,0.006464
0.004002,0.320881,0.033849,0.003482,0.275531,0.029205,0.008133,0.126684,0.194385,0.003847
0.005114,0.053960,0.250914,0.048931,0.012546,0.005907,0.018825,0.584033,0.006635,0.013136
0.045954,0.013766,0.011789,0.203689,0.016132,0.012091,0.019295,0.652670,0.018144,0.006469
0.019269,0.063388,0.039230,0.008554,0.012358,0.009422,0.023186,0.548184,0.270046,0.006363
0.044313,0.018228,0.042908,0.016369,0.030555,0.034251,0.051632,0.089640,0.532784,0.139320
0.050226,0.011874,0.062452,0.011322,0.081532,0.034103,0.055585,0.296366,0.113242,0.283298
0.034779,0.078839,0.081423,0.061443,0.044412,0.066211,0.312688,0.043397,0.198289,0.078521
0.029482,0.007872,0.210056,0.005206,0.029461,0.049193,0.135805,0.163311,0.271062,0.098553
0.018558,0.006399,0.115554,0.218467,0.364379,0.010290,0.067235,0.066047,0.126895,0.006176
0.123164,0.024289,0.043410,0.018769,0.047477,0.020566,0.056129,0.158718,0.313005,0.194473
0.005938,0.329557,0.060433,0.006205,0.006400,0.005766,0.051902,0.517809,0.011016,0.004974
0.082718,0.276029,0.007512,0.004420,0.261082,0.006624,0.008462,0.335939,0.012490,0.004723
0.026869,0.026926,0.025997,0.006703,0.465773,0.011271,0.006413,0.009434,0.295915,0.124699
0.008140,0.008567,0.159521,0.010926,0.042905,0.063689,0.192826,0.218855,0.286941,0.007629
0.064244,0.178052,0.062391,0.164877,0.031711,0.047366,0.167412,0.026106,0.025330,0.232511
0.004532,0.331159,0.007978,0.006035,0.005538,0.005171,0.008624,0.448949,0.177128,0.004886
0.007160,0.006208,0.112914,0.293358,0.417277,0.046008,0.031335,0.005720,0.074591,0.005430
0.038012,0.092325,0.085560,0.042450,0.065623,0.044789,0.391443,0.167803,0.039379,0.032615
0.010093,0.262391,0.009875,0.004732,0.222010,0.023217,0.007299,0.429880,0.018240,0.012264
0.004478,0.436069,0.015845,0.007053,0.293220,0.034523,0.010052,0.007609,0.049661,0.141490
0.162686,0.075960,0.012528,0.008748,0.472105,0.013993,0.006834,0.231264,0.008865,0.007018
0.082706,0.504493,0.032670,0.010322,0.010664,0.039990,0.020391,0.005460,0.287676,0.005629
0.059166,0.678970,0.112738,0.008284,0.013118,0.012380,0.088094,0.008897,0.009881,0.008472
0.225073,0.008228,0.036595,0.012834,0.484057,0.058029,0.039295,0.016011,0.009366,0.110512
0.024338,0.007154,0.147895,0.279344,0.018602,0.014383,0.067393,0.009347,0.352334,0.079211
0.028047,0.010391,0.022360,0.012017,0.030451,0.012694,0.075818,0.765009,0.031559,0.011655
0.006944,0.007988,0.333560,0.007899,0.499450,0.062819,0.049193,0.007674,0.010013,0.014461
0.021880,0.019817,0.055318,0.022678,0.035117,0.030403,0.149007,0.210058,0.404001,0.051722
0.031344,0.027337,0.071210,0.030895,0.042559,0.044229,0.043171,0.032461,0.596084,0.080711
0.008106,0.598206,0.009807,0.010465,0.012210,0.009865,0.078695,0.174541,0.013724,0.084381
0.008805,0.014846,0.351366,0.012931,0.042652,0.084089,0.079383,0.305023,0.091744,0.009160
0.105365,0.365892,0.173562,0.005775,0.280460,0.005707,0.012817,0.005849,0.032485,0.012088
0.007073,0.522676,0.027951,0.083193,0.014752,0.015895,0.021735,0.056526,0.243302,0.006896
0.006670,0.087007,0.028498,0.024286,0.423686,0.017846,0.051335,0.125220,0.059902,0.175550
0.015881,0.015902,0.018060,0.017168,0.020072,0.022114,0.152205,0.063637,0.657138,0.017822
0.035282,0.015747,0.091412,0.012579,0.020562,0.011869,0.046700,0.196435,0.433470,0.135943
0.003835,0.326070,0.064435,0.003365,0.243617,0.003810,0.032030,0.132678,0.179930,0.010230
0.012600,0.173893,0.448762,0.022000,0.060464,0.037249,0.094967,0.020262,0.113979,0.015825
0.008345,0.634873,0.017633,0.007266,0.009729,0.008328,0.015835,0.119266,0.162270,0.016456
0.088410,0.319605,0.143061,0.162691,0.005817,0.005803,0.009107,0.005237,0.184945,0.075324
0.004851,0.354249,0.080062,0.005719,0.260631,0.004905,0.012495,0.092998,0.175149,0.008943
0.006472,0.371195,0.012417,0.006922,0.013585,0.033041,0.014806,0.497277,0.038592,0.005695
0.006328,0.008869,0.223149,0.008139,0.387521,0.054239,0.127977,0.064333,0.007762,0.111683
0.004002,0.055136,0.016685,0.005505,0.014500,0.029775,0.080861,0.484933,0.214062,0.094542
0.054388,0.619925,0.011571,0.007627,0.018059,0.013272,0.007351,0.240347,0.017614,0.009845
0.065291,0.011326,0.023971,0.009601,0.441503,0.010072,0.023300,0.008310,0.278820,0.127807
0.005164,0.420442,0.031008,0.008203,0.339029,0.035822,0.013242,0.105702,0.035708,0.005679
0.029576,0.040354,0.088416,0.027459,0.055635,0.046862,0.334340,0.034433,0.034170,0.308755
0.012112,0.017505,0.045888,0.011854,0.067911,0.020715,0.120484,0.096547,0.590849,0.016135
0.004870,0.021449,0.019763,0.006540,0.323572,0.014315,0.057383,0.142803,0.291941,0.117364
0.005251,0.007917,0.258749,0.005427,0.351394,0.010166,0.029191,0.005821,0.265685,0.060399
0.004939,0.402991,0.013444,0.007271,0.302006,0.004434,0.003720,0.030670,0.215476,0.015051
0.011745,0.101063,0.075965,0.014558,0.020943,0.022063,0.135873,0.186389,0.418159,0.013243
0.005356,0.013475,0.010931,0.005198,0.346239,0.008686,0.014693,0.567899,0.021460,0.006064
0.005871,0.008157,0.282791,0.006972,0.024344,0.008310,0.024215,0.575944,0.043672,0.019723
0.006423,0.006502,0.014866,0.049148,0.348506,0.006948,0.018482,0.182631,0.296972,0.069521
0.010121,0.008748,0.143486,0.017171,0.511314,0.065201,0.055068,0.011868,0.059655,0.117369
0.004679,0.322532,0.357371,0.005907,0.006860,0.028072,0.012322,0.183847,0.005368,0.073042
0.004844,0.353394,0.006578,0.004021,0.248373,0.007113,0.011239,0.132929,0.163315,0.068193
0.020280,0.017522,0.043307,0.016542,0.025995,0.022316,0.024538,0.184516,0.628313,0.016671
0.055617,0.142804,0.047749,0.015856,0.028038,0.018446,0.048236,0.017854,0.609458,0.015942
0.006043,0.005324,0.012229,0.006535,0.313867,0.011944,0.004863,0.432627,0.201520,0.005047
0.025394,0.005947,0.121399,0.006709,0.359074,0.011936,0.053114,0.145577,0.162353,0.108499
0.045373,0.053942,0.365448,0.036314,0.030703,0.026054,0.058380,0.100628,0.080378,0.202781
0.004347,0.003823,0.083120,0.045186,0.277649,0.008297,0.031119,0.359599,0.174399,0.012462
0.005376,0.441358,0.102340,0.005810,0.265317,0.005737,0.010691,0.005152,0.103704,0.054515
0.050347,0.533152,0.013644,0.010343,0.009021,0.009819,0.015411,0.009911,0.296707,0.051645
0.073198,0.004665,0.381286,0.008885,0.285185,0.031356,0.031641,0.143128,0.036395,0.004262
0.074595,0.015878,0.256730,0.207878,0.083664,0.117114,0.064749,0.027005,0.108748,0.043639
0.009984,0.009972,0.431531,0.008521,0.020136,0.013094,0.031249,0.113049,0.353931,0.008533
0.041420,0.464881,0.007801,0.214791,0.008044,0.010377,0.064351,0.088673,0.031724,0.067939
0.054135,0.017554,0.039529,0.580670,0.026320,0.030347,0.025690,0.189384,0.020125,0.016247
