0.003247,0.004903,0.487901,0.022075,0.346432,0.014264,0.040695,0.007885,0.055661,0.016936
0.005712,0.002301,0.435406,0.025454,0.295451,0.019456,0.072867,0.027988,0.107768,0.007598
0.036507,0.020076,0.594160,0.029546,0.045105,0.079950,0.021743,0.051181,0.020268,0.101465
0.044037,0.368692,0.010006,0.045426,0.191921,0.048148,0.057003,0.105582,0.011640,0.117545
0.002541,0.164264,0.669754,0.001858,0.088294,0.002977,0.018397,0.000624,0.010909,0.040380
0.036904,0.017279,0.414327,0.015686,0.062118,0.003666,0.003901,0.008368,0.404484,0.033268
0.004780,0.006719,0.148425,0.007689,0.050175,0.009080,0.008268,0.006333,0.755500,0.003032
0.155008,0.109502,0.044469,0.052184,0.023093,0.102191,0.277247,0.093950,0.094136,0.048220
0.009982,0.002668,0.010522,0.063208,0.261804,0.033919,0.002877,0.042780,0.558487,0.013754
0.019128,0.017971,0.009106,0.100726,0.515761,0.056316,0.040177,0.067875,0.012629,0.160310
0.005501,0.001300,0.773413,0.007919,0.124851,0.005089,0.041300,0.036236,0.001983,0.002408
0.001349,0.001694,0.279538,0.023820,0.195600,0.004902,0.023768,0.041038,0.419305,0.008985
0.066202,0.006606,0.537468,0.015894,0.244750,0.004200,0.004094,0.035482,0.036735,0.048571
0.007629,0.002890,0.520042,0.026841,0.151329,0.012899,0.152950,0.019541,0.058438,0.047440
0.012081,0.005690,0.415583,0.042610,0.134001,0.026288,0.006234,0.052315,0.289367,0.015831
0.018528,0.215795,0.099071,0.025483,0.288939,0.099074,0.062617,0.089209,0.075102,0.026181
0.002152,0.108833,0.787147,0.003161,0.052533,0.001366,0.001230,0.028573,0.013729,0.001276
0.074787,0.036653,0.007173,0.086979,0.370325,0.007353,0.012153,0.179397,0.059248,0.165933
0.079925,0.125503,0.127111,0.057070,0.022209,0.074840,0.206682,0.174721,0.067662,0.064278
0.009250,0.007749,0.006772,0.121865,0.492241,0.051834,0.065065,0.021341,0.106734,0.117149
0.002496,0.000825,0.807444,0.032381,0.081074,0.001928,0.011202,0.007947,0.039168,0.015536
0.022737,0.007172,0.345321,0.019942,0.296542,0.016524,0.121405,0.101177,0.004585,0.064595
0.000980,0.001913,0.830708,0.016533,0.091940,0.003694,0.019395,0.022574,0.010092,0.002171
0.032699,0.005388,0.011315,0.077240,0.522259,0.060095,0.094343,0.099409,0.072024,0.025228
0.042578,0.307456,0.027055,0.014542,0.357707,0.033231,0.023319,0.115631,0.060302,0.018179
0.042804,0.294737,0.003491,0.054116,0.419861,0.019341,0.043866,0.019365,0.089732,0.012687
0.054355,0.015581,0.012540,0.044588,0.571642,0.005902,0.007171,0.114162,0.144822,0.029237
0.042927,0.003953,0.631444,0.019567,0.200704,0.002348,0.027432,0.031890,0.004262,0.035472
0.058547,0.006774,0.048397,0.023559,0.578671,0.030517,0.055216,0.090057,0.094618,0.013644
0.010479,0.013688,0.032542,0.042639,0.511194,0.023185,0.067587,0.083848,0.099918,0.114920
0.046323,0.010425,0.014131,0.077350,0.340147,0.066937,0.231117,0.038966,0.068425,0.106178
0.060093,0.019183,0.013074,0.082404,0.453990,0.080735,0.007404,0.066705,0.084597,0.131815
0.027181,0.001202,0.463527,0.048329,0.261550,0.016238,0.057129,0.046429,0.065459,0.012956
0.006829,0.000795,0.547415,0.022754,0.257514,0.014527,0.034023,0.074085,0.034690,0.007369
0.026828,0.062592,0.654282,0.001189,0.140363,0.009028,0.013298,0.004878,0.035303,0.052241
0.014077,0.270923,0.317751,0.062202,0.136849,0.016079,0.148351,0.019146,0.007712,0.006911
0.072059,0.217407,0.156825,0.032046,0.118971,0.038326,0.134420,0.107930,0.083307,0.038709
0.006296,0.003918,0.513972,0.022158,0.324537,0.013427,0.010724,0.078827,0.019983,0.006158
0.007377,0.002378,0.811920,0.010271,0.066313,0.000508,0.012796,0.031770,0.042458,0.014209
0.055520,0.011111,0.494772,0.055845,0.284053,0.015042,0.030058,0.026752,0.005705,0.021141
0.005062,0.004676,0.533797,0.032542,0.254697,0.013852,0.068403,0.009316,0.075141,0.002515
0.127004,0.164175,0.134449,0.050600,0.028947,0.061914,0.113402,0.127917,0.107458,0.084132
0.006323,0.000661,0.815436,0.021416,0.058714,0.000359,0.023909,0.018439,0.038480,0.016263
0.101491,0.104573,0.183246,0.033047,0.021076,0.080290,0.240258,0.074343,0.069154,0.092522
0.009616,0.017069,0.039533,0.137741,0.401154,0.039540,0.091818,0.042849,0.071794,0.148887
0.123024,0.302775,0.047269,0.041197,0.198516,0.024529,0.101527,0.072121,0.044813,0.044229
0.072723,0.010574,0.012294,0.073849,0.463136,0.095090,0.033506,0.100694,0.063878,0.074256
0.005402,0.008862,0.541936,0.031749,0.287898,0.023384,0.017521,0.012206,0.033510,0.037532
0.011204,0.019444,0.521383,0.058184,0.265516,0.014959,0.064934,0.028153,0.006377,0.009846
0.068879,0.292123,0.004761,0.053037,0.225245,0.022031,0.255003,0.061518,0.005969,0.011434
0.009843,0.016071,0.075315,0.032043,0.581187,0.045723,0.040083,0.094864,0.017060,0.087811
0.068383,0.011240,0.013460,0.032404,0.447584,0.083029,0.011349,0.113467,0.188073,0.031012
0.013823,0.016194,0.544532,0.058892,0.255857,0.018194,0.001446,0.031665,0.009083,0.050314
0.001823,0.205277,0.679523,0.007876,0.038215,0.001943,0.022479,0.028476,0.007421,0.006967
0.030932,0.203624,0.010196,0.062162,0.549782,0.038775,0.043320,0.032276,0.015237,0.013696
0.031592,0.065324,0.146788,0.024609,0.368355,0.074178,0.015223,0.058891,0.188143,0.026896
0.053390,0.104351,0.004574,0.022515,0.219838,0.025114,0.018228,0.068836,0.478369,0.004786
0.056536,0.009444,0.014501,0.073104,0.547713,0.011379,0.052963,0.069589,0.130350,0.034421
0.014318,0.282600,0.010660,0.023914,0.337044,0.038556,0.071959,0.012514,0.154568,0.053866
0.005528,0.243442,0.006611,0.033101,0.481146,0.024812,0.059023,0.087003,0.055904,0.003429
0.041662,0.004850,0.568348,0.011003,0.191936,0.019167,0.027123,0.011178,0.006279,0.118453
0.001620,0.000457,0.617786,0.016659,0.255490,0.012359,0.030239,0.026726,0.030240,0.008425
0.007023,0.254667,0.330237,0.039499,0.237448,0.012613,0.048209,0.003301,0.027155,0.039849
0.002517,0.002660,0.788675,0.026755,0.104618,0.004267,0.001324,0.027358,0.039637,0.002188
0.015237,0.010344,0.464543,0.053450,0.219659,0.012229,0.029656,0.027626,0.040702,0.126555
0.020387,0.005602,0.007294,0.042330,0.213905,0.069691,0.006628,0.049936,0.545869,0.038358
0.049278,0.030273,0.037497,0.048593,0.408773,0.018604,0.041566,0.066198,0.235950,0.063268
0.009473,0.020623,0.219021,0.002727,0.061321,0.008260,0.022597,0.002064,0.638638,0.015275
0.005222,0.040835,0.135498,0.020652,0.178881,0.004167,0.013826,0.008098,0.570297,0.022524
0.044134,0.019454,0.590491,0.023392,0.060487,0.009195,0.012986,0.044642,0.180384,0.014835
0.033408,0.009592,0.007517,0.015645,0.566405,0.004749,0.022869,0.148981,0.145384,0.045450
0.004226,0.001141,0.715573,0.007373,0.196142,0.000826,0.029768,0.006454,0.032909,0.005588
0.126125,0.094624,0.029804,0.032601,0.011167,0.090977,0.384604,0.075233,0.036032,0.118833
0.000648,0.001330,0.573524,0.008316,0.070897,0.002706,0.024797,0.015658,0.301571,0.000554
0.001293,0.000219,0.228743,0.022858,0.156919,0.007664,0.027210,0.024741,0.516132,0.014221
0.002273,0.003003,0.846880,0.006479,0.049440,0.003651,0.025577,0.048845,0.012591,0.001262
0.005921,0.001947,0.002158,0.056047,0.212075,0.027257,0.037355,0.037594,0.551901,0.067745
0.020778,0.148510,0.534072,0.004936,0.102505,0.001168,0.078071,0.039927,0.066691,0.003343
0.107072,0.006752,0.010806,0.050902,0.411857,0.008614,0.026985,0.122425,0.108482,0.146106
0.034743,0.033803,0.069035,0.113702,0.443432,0.027243,0.004244,0.054884,0.092084,0.126830
0.009286,0.012132,0.736107,0.017373,0.127895,0.001129,0.026421,0.028701,0.033109,0.007847
0.026073,0.001889,0.779826,0.020876,0.078976,0.001143,0.009105,0.049085,0.028141,0.004887
0.008807,0.008596,0.354821,0.007720,0.095016,0.003945,0.004655,0.015607,0.458750,0.042083
0.061082,0.115245,0.101660,0.076176,0.262948,0.093929,0.093922,0.040428,0.070953,0.083656
0.005694,0.004126,0.633033,0.029426,0.119696,0.021042,0.056791,0.050034,0.043871,0.036286
0.007208,0.001024,0.650438,0.003317,0.176757,0.001865,0.069430,0.024729,0.015351,0.049880
0.002670,0.004745,0.818899,0.001066,0.101969,0.000740,0.017957,0.017335,0.031618,0.003000
0.022020,0.000424,0.804423,0.002941,0.114641,0.000364,0.025402,0.013002,0.014280,0.002504
0.011618,0.007685,0.348773,0.028900,0.181628,0.019923,0.001888,0.060864,0.286634,0.052086
0.090426,0.015168,0.016124,0.061935,0.281995,0.007379,0.011131,0.194543,0.137941,0.183356
0.004397,0.001075,0.313159,0.008595,0.126598,0.015677,0.001098,0.020363,0.478631,0.030407
0.010829,0.002106,0.529364,0.063261,0.227945,0.017063,0.033826,0.032094,0.059119,0.024394
0.015507,0.002066,0.114035,0.019209,0.378373,0.040392,0.001562,0.130727,0.112434,0.185696
0.001917,0.000240,0.712706,0.012675,0.196527,0.009303,0.021413,0.009540,0.016483,0.019196
0.060181,0.140247,0.122331,0.117718,0.033361,0.115788,0.147012,0.102523,0.084176,0.076662
0.004598,0.000226,0.788332,0.008541,0.131749,0.008949,0.019086,0.002952,0.015322,0.020245
0.030980,0.006430,0.005219,0.023150,0.569488,0.058509,0.032071,0.073865,0.080014,0.120273
0.001127,0.068121,0.735015,0.009335,0.128393,0.002774,0.035329,0.003327,0.013678,0.002900
0.016308,0.012463,0.008666,0.040332,0.387724,0.006689,0.071036,0.036752,0.336796,0.083235
0.017734,0.001853,0.498634,0.013385,0.190145,0.023016,0.001946,0.120242,0.039914,0.093131
0.012739,0.004052,0.548177,0.043209,0.265057,0.016947,0.028623,0.044046,0.030445,0.006705
0.024358,0.015987,0.529944,0.045102,0.297425,0.003985,0.005046,0.025157,0.017162,0.035833
0.003926,0.000273,0.867377,0.020486,0.053138,0.004218,0.026091,0.007874,0.001147,0.015470
0.017627,0.040610,0.272540,0.007912,0.490561,0.016391,0.021470,0.069284,0.035843,0.027762
0.009277,0.001550,0.248738,0.022335,0.133354,0.017557,0.001588,0.054690,0.444251,0.066659
0.014067,0.011772,0.577158,0.012456,0.259027,0.011845,0.026843,0.029085,0.004722,0.053025
0.028282,0.003870,0.018818,0.074994,0.636555,0.052104,0.003710,0.028667,0.016988,0.136011
0.044872,0.013620,0.078328,0.209572,0.268377,0.046147,0.003243,0.050150,0.091554,0.194137
0.024181,0.321398,0.011019,0.032157,0.407099,0.046166,0.047082,0.082869,0.012586,0.015444
0.062981,0.016168,0.012463,0.068812,0.629369,0.008107,0.015435,0.097485,0.068962,0.020217
0.009061,0.003096,0.598750,0.014390,0.290052,0.010284,0.000416,0.018349,0.049811,0.005790
0.001131,0.000125,0.525169,0.003181,0.047772,0.001902,0.004720,0.016536,0.378347,0.021117
0.019486,0.002030,0.517581,0.030636,0.246361,0.016718,0.110677,0.031114,0.016491,0.008906
0.045914,0.101091,0.447659,0.010373,0.163804,0.014123,0.049003,0.009396,0.061888,0.096749
0.007237,0.001805,0.756002,0.032278,0.136515,0.000916,0.004072,0.051165,0.004500,0.005511
0.006077,0.004643,0.636445,0.027618,0.212022,0.010097,0.000868,0.030499,0.023387,0.048343
0.102785,0.012948,0.019414,0.027174,0.623094,0.014676,0.027475,0.093082,0.060247,0.019105
0.011528,0.001295,0.586811,0.030212,0.210791,0.015758,0.060205,0.009649,0.042370,0.031380
0.059397,0.059541,0.262006,0.048630,0.241978,0.084755,0.050494,0.050808,0.093150,0.049241
0.015373,0.001968,0.551748,0.040825,0.199959,0.022689,0.002238,0.063934,0.059774,0.041492
0.014448,0.008236,0.444018,0.013064,0.018937,0.022417,0.012205,0.099887,0.351302,0.015485
0.061510,0.017724,0.488049,0.047032,0.253360,0.009454,0.009652,0.038592,0.026049,0.048577
0.005328,0.000734,0.438654,0.056842,0.352651,0.020443,0.037869,0.036890,0.023655,0.026933
0.019176,0.004918,0.016943,0.032102,0.432492,0.103737,0.042509,0.138045,0.173052,0.037025
0.017355,0.002822,0.509347,0.038123,0.248042,0.025963,0.002497,0.052961,0.071416,0.031475
0.024648,0.013469,0.666817,0.032130,0.151706,0.002244,0.023981,0.018405,0.027111,0.039488
0.098355,0.004169,0.006385,0.071404,0.400744,0.060325,0.073505,0.176948,0.092497,0.015667
0.008030,0.001383,0.615977,0.040563,0.127842,0.018952,0.036617,0.102505,0.037443,0.010688
0.009091,0.001777,0.620409,0.025095,0.119717,0.000875,0.082997,0.075747,0.017656,0.046637
0.002996,0.002934,0.793277,0.016531,0.111812,0.005487,0.014691,0.029863,0.018406,0.004003
0.000853,0.094379,0.658867,0.003885,0.156670,0.003572,0.018623,0.034064,0.015836,0.013251
0.162467,0.113651,0.066450,0.069980,0.058680,0.103869,0.164878,0.108962,0.087378,0.063684
0.016503,0.002892,0.545625,0.017445,0.273161,0.001383,0.007011,0.035817,0.084804,0.015359
0.005212,0.000672,0.763237,0.004381,0.074860,0.001677,0.053652,0.029706,0.014559,0.052044
0.005007,0.009152,0.414396,0.069267,0.234346,0.013152,0.126384,0.022056,0.059967,0.046273
0.001845,0.001554,0.665139,0.025195,0.195141,0.006520,0.024324,0.034064,0.001574,0.044644
0.025452,0.014098,0.015938,0.110250,0.464206,0.111613,0.033935,0.107813,0.020903,0.095792
0.025685,0.000638,0.329461,0.019107,0.143338,0.013198,0.025100,0.004347,0.433915,0.005210
0.099020,0.143253,0.146903,0.069555,0.056276,0.112550,0.118302,0.105641,0.082924,0.065576
0.008161,0.001128,0.563714,0.028448,0.166201,0.015596,0.041459,0.126252,0.038449,0.010592
0.114334,0.284714,0.008918,0.034445,0.273134,0.053718,0.043151,0.161074,0.013697,0.012816
0.001566,0.115007,0.672689,0.018842,0.111975,0.004683,0.046751,0.006346,0.020572,0.001569
0.069551,0.235262,0.229163,0.081257,0.032768,0.026190,0.068908,0.143409,0.080400,0.033092
0.072793,0.119950,0.235417,0.035000,0.034214,0.110074,0.137562,0.090847,0.083206,0.080937
0.003936,0.004276,0.548317,0.041288,0.261302,0.012460,0.040806,0.039448,0.022577,0.025591
0.140065,0.199190,0.164576,0.075888,0.041672,0.053341,0.055102,0.125030,0.070597,0.074540
0.020146,0.005373,0.006264,0.035741,0.265575,0.030883,0.043998,0.011594,0.570507,0.009919
0.017347,0.155036,0.010199,0.014597,0.403212,0.059441,0.009717,0.030891,0.137136,0.162423
0.035970,0.001640,0.536605,0.011210,0.098238,0.000947,0.023884,0.058008,0.231606,0.001892
0.011235,0.004089,0.798758,0.014554,0.114348,0.001155,0.002791,0.019446,0.013404,0.020220
0.139943,0.010719,0.016004,0.042402,0.484823,0.071955,0.078402,0.134756,0.012925,0.008071
0.005534,0.002602,0.542927,0.050750,0.184385,0.002912,0.028729,0.084592,0.024012,0.073555
0.027583,0.080205,0.195100,0.039919,0.433692,0.015877,0.016343,0.092165,0.027330,0.071787
0.032531,0.045285,0.012465,0.106727,0.450215,0.071312,0.006240,0.071212,0.120823,0.083189
0.022054,0.007578,0.387533,0.044955,0.111874,0.037078,0.008618,0.048788,0.280668,0.050856
0.031089,0.012530,0.013497,0.016362,0.496726,0.049760,0.067348,0.111444,0.071164,0.130081
0.044788,0.202981,0.007560,0.017060,0.429395,0.043094,0.198266,0.010802,0.008029,0.038024
0.063992,0.130880,0.194378,0.029276,0.028103,0.094563,0.213015,0.089687,0.081187,0.074919
0.012092,0.102796,0.699618,0.004685,0.099218,0.002025,0.024174,0.006327,0.024837,0.024227
0.086055,0.183395,0.185120,0.104087,0.097356,0.064006,0.052608,0.045213,0.098062,0.084098
0.014139,0.008107,0.007311,0.015275,0.265570,0.004330,0.039653,0.052112,0.548603,0.044901
0.022541,0.252811,0.008385,0.050727,0.367177,0.039881,0.037887,0.066431,0.071243,0.082916
0.022873,0.219177,0.430817,0.001729,0.141746,0.017230,0.063104,0.059169,0.036436,0.007718
0.006798,0.000709,0.575608,0.035298,0.263614,0.016681,0.052139,0.017197,0.027524,0.004432
0.086891,0.074638,0.046480,0.072839,0.234951,0.027281,0.058422,0.145697,0.081728,0.171072
0.005745,0.000385,0.550180,0.020035,0.078339,0.000369,0.007105,0.001429,0.335649,0.000763
0.004277,0.190295,0.400060,0.038009,0.155439,0.010513,0.157838,0.003758,0.003798,0.036014
0.010968,0.009720,0.008229,0.076618,0.591122,0.082568,0.003511,0.104954,0.105906,0.006404
0.012169,0.194250,0.283378,0.009400,0.277115,0.005559,0.082439,0.086234,0.041695,0.007760
0.043428,0.001140,0.604882,0.020136,0.101502,0.016025,0.018644,0.095151,0.070313,0.028778
0.079455,0.014397,0.024719,0.048042,0.510421,0.093671,0.013296,0.087257,0.104482,0.024260
0.006711,0.003040,0.440338,0.028408,0.349582,0.020546,0.133104,0.007901,0.004396,0.005973
0.017992,0.009409,0.009030,0.025116,0.565085,0.091086,0.005438,0.133568,0.010404,0.132872
0.002497,0.002710,0.518797,0.022319,0.316770,0.008779,0.032648,0.057249,0.032893,0.005338
0.021751,0.169066,0.008646,0.052325,0.168091,0.004531,0.006924,0.012484,0.497190,0.058992
0.028631,0.038041,0.023196,0.076089,0.174050,0.012862,0.019325,0.097243,0.389685,0.140878
0.028065,0.036908,0.015683,0.071459,0.396261,0.087654,0.012548,0.169980,0.075428,0.106015
0.047324,0.002996,0.040716,0.021883,0.500216,0.039925,0.198295,0.037460,0.103915,0.007271
0.003636,0.000746,0.733194,0.029141,0.175497,0.005904,0.017908,0.011324,0.020519,0.002132
0.128873,0.027566,0.042339,0.138727,0.098007,0.143089,0.045056,0.128454,0.055255,0.192633
0.013389,0.004541,0.490496,0.008500,0.182945,0.007047,0.113923,0.030481,0.037581,0.111097
0.018811,0.166822,0.006591,0.047032,0.403367,0.023875,0.118921,0.116959,0.084179,0.013445
0.042404,0.011761,0.005932,0.083432,0.538001,0.118025,0.009092,0.088855,0.058883,0.043616
0.007594,0.001250,0.589848,0.035346,0.166867,0.026913,0.035869,0.087142,0.041782,0.007389
0.005047,0.001007,0.580555,0.018323,0.189841,0.012196,0.016673,0.079644,0.063538,0.033177
0.023923,0.011522,0.678004,0.058179,0.165465,0.018644,0.001234,0.020644,0.008331,0.014055
0.022536,0.173833,0.673175,0.010671,0.078156,0.005676,0.007348,0.027574,0.000465,0.000566
0.009265,0.000804,0.520062,0.022625,0.197246,0.011592,0.032335,0.122901,0.074118,0.009052
0.019089,0.026259,0.011928,0.080675,0.390355,0.053514,0.002399,0.156046,0.124001,0.135734
0.007415,0.009692,0.441348,0.045865,0.338569,0.017205,0.040624,0.061296,0.006714,0.031273
0.003620,0.036227,0.524482,0.004726,0.091613,0.001195,0.050082,0.042256,0.243722,0.002077
0.046475,0.006137,0.136235,0.151485,0.218461,0.075290,0.008836,0.174750,0.122117,0.060214
0.008676,0.002535,0.551693,0.018972,0.278716,0.001255,0.076728,0.020074,0.039499,0.001851
0.015757,0.196199,0.012723,0.079487,0.396220,0.054388,0.159858,0.035442,0.015300,0.034625
0.002559,0.059345,0.569897,0.000440,0.068490,0.005797,0.000724,0.033175,0.258909,0.000665
0.025762,0.003928,0.431202,0.030486,0.368694,0.012731,0.029522,0.034191,0.061766,0.001719
0.014595,0.135590,0.574511,0.002318,0.178785,0.001448,0.027779,0.021441,0.002980,0.040554
0.009691,0.003556,0.543350,0.037604,0.145894,0.009837,0.027737,0.109875,0.028731,0.083724
0.035720,0.002857,0.715770,0.005245,0.113163,0.001081,0.020073,0.033868,0.018657,0.053565
0.106990,0.174575,0.015579,0.016805,0.449142,0.047477,0.008237,0.036773,0.133961,0.010460
0.010870,0.004476,0.002606,0.006825,0.223388,0.019874,0.023967,0.042100,0.628751,0.037143
0.009864,0.006266,0.005654,0.047051,0.567977,0.004488,0.101830,0.036170,0.152714,0.067984
0.002659,0.000729,0.483192,0.002525,0.032092,0.000861,0.024328,0.004835,0.407888,0.040891
0.007266,0.274846,0.012732,0.063932,0.359591,0.032863,0.089946,0.097808,0.055357,0.005660
0.029505,0.015449,0.071952,0.145715,0.370238,0.042473,0.003262,0.132817,0.106449,0.082140
0.031192,0.008275,0.134415,0.030336,0.505222,0.029923,0.073417,0.020741,0.160656,0.005822
0.059137,0.097607,0.172643,0.025624,0.015780,0.074101,0.245662,0.152487,0.061102,0.095856
0.002123,0.393825,0.390337,0.028350,0.110404,0.009817,0.002061,0.036215,0.024519,0.002348
0.013440,0.004493,0.184712,0.028515,0.119987,0.011383,0.003248,0.015159,0.567347,0.051716
0.003288,0.000657,0.740765,0.011383,0.092469,0.012737,0.000642,0.066135,0.027673,0.044249
0.027227,0.032606,0.040244,0.034963,0.395358,0.029342,0.024986,0.100458,0.247256,0.067561
0.013829,0.002324,0.562540,0.037798,0.209171,0.004098,0.102851,0.008783,0.029514,0.029091
0.002671,0.403351,0.322827,0.009486,0.079330,0.013707,0.079318,0.054471,0.001529,0.033311
0.095960,0.154678,0.284524,0.037813,0.019492,0.026383,0.112269,0.086177,0.129434,0.053271
0.013442,0.013776,0.026341,0.022908,0.529769,0.019132,0.033037,0.113121,0.098001,0.130473
0.038428,0.013781,0.014057,0.149358,0.404170,0.181949,0.015043,0.087679,0.074182,0.021353
0.007625,0.007599,0.558056,0.032358,0.259334,0.012516,0.000833,0.089288,0.025518,0.006873
0.013957,0.002110,0.413241,0.088592,0.199506,0.032081,0.140823,0.029255,0.048277,0.032158
0.000667,0.001823,0.842604,0.014756,0.067254,0.002792,0.004484,0.018566,0.017484,0.029569
0.044569,0.005393,0.010501,0.032683,0.572189,0.111901,0.045964,0.127011,0.015318,0.034471
0.030558,0.000695,0.745377,0.013632,0.161343,0.000684,0.001982,0.003485,0.025157,0.017086
0.011689,0.027204,0.080908,0.034945,0.416584,0.023550,0.249913,0.057745,0.086633,0.010831
0.014902,0.134499,0.540027,0.029048,0.236198,0.001511,0.016690,0.021503,0.003145,0.002476
0.009982,0.001771,0.029596,0.065001,0.385134,0.025959,0.092954,0.175307,0.099693,0.114602
0.047736,0.015315,0.171493,0.054687,0.074683,0.014331,0.026223,0.090423,0.409413,0.095695
0.074372,0.008300,0.004544,0.019007,0.632158,0.063200,0.063909,0.065875,0.051019,0.017617
0.002023,0.165944,0.708994,0.000588,0.067725,0.003952,0.008293,0.028546,0.013249,0.000684
0.029000,0.010995,0.605821,0.043056,0.170415,0.014950,0.083099,0.025132,0.008044,0.009489
0.006544,0.303354,0.011769,0.040756,0.363321,0.016110,0.110607,0.080082,0.037422,0.030037
0.010708,0.001709,0.735852,0.059345,0.063079,0.001019,0.023503,0.028019,0.051075,0.025692
0.007950,0.001331,0.513924,0.060992,0.185573,0.027533,0.036609,0.076427,0.057463,0.032198
0.011013,0.004247,0.501663,0.032132,0.196601,0.018501,0.064907,0.088243,0.075105,0.007588
0.001006,0.000268,0.796996,0.017220,0.108299,0.008189,0.001007,0.018520,0.022658,0.025838
0.003024,0.000296,0.461199,0.018416,0.067609,0.004920,0.012353,0.028901,0.400785,0.002495
0.009236,0.082028,0.750463,0.009904,0.080821,0.002756,0.008851,0.030453,0.022675,0.002814
0.014386,0.192203,0.008785,0.060121,0.439131,0.030526,0.151011,0.036254,0.050662,0.016920
0.002565,0.002561,0.722187,0.018708,0.136944,0.003641,0.028046,0.024365,0.044426,0.016556
0.002550,0.001727,0.837469,0.003813,0.088821,0.006913,0.008917,0.025528,0.014855,0.009407
0.026310,0.009905,0.380283,0.020338,0.408288,0.018080,0.065257,0.025076,0.039199,0.007266
0.002434,0.348817,0.245817,0.010525,0.243545,0.006101,0.001772,0.076310,0.001048,0.063630
0.042493,0.033093,0.021765,0.060342,0.192436,0.017067,0.023880,0.049980,0.485628,0.073315
0.006149,0.324725,0.007604,0.009201,0.331351,0.050058,0.041526,0.074120,0.075506,0.079760
0.086550,0.149745,0.153839,0.039027,0.247696,0.021929,0.091467,0.070963,0.083623,0.055162
0.098658,0.021491,0.022191,0.058701,0.208464,0.080200,0.028821,0.057263,0.330019,0.094191
0.039403,0.027595,0.005583,0.163134,0.349153,0.057608,0.040589,0.094966,0.107894,0.114076
0.017335,0.158338,0.378261,0.026081,0.264439,0.007635,0.016229,0.055786,0.069789,0.006107
0.003962,0.008933,0.542907,0.059036,0.247561,0.013264,0.050427,0.015266,0.025165,0.033480
0.026016,0.015597,0.012031,0.234280,0.281833,0.009025,0.073318,0.112894,0.134725,0.100279
0.060528,0.191978,0.015854,0.075501,0.315701,0.004387,0.050764,0.108864,0.118429,0.057994
0.019691,0.007777,0.733602,0.026257,0.088095,0.007583,0.010432,0.040621,0.032514,0.033429
0.006799,0.004377,0.668315,0.034494,0.143280,0.002800,0.001781,0.032852,0.034421,0.070881
0.023762,0.018620,0.544481,0.014735,0.060473,0.080865,0.050076,0.034332,0.148043,0.024613
0.038774,0.032065,0.009879,0.132390,0.294223,0.047539,0.103102,0.076757,0.182737,0.082534
0.003947,0.250235,0.278653,0.001223,0.247506,0.009825,0.077719,0.008355,0.034951,0.087586
0.015682,0.177388,0.015536,0.040452,0.098079,0.051755,0.157032,0.016983,0.336555,0.090538
0.029618,0.004178,0.417588,0.066273,0.182486,0.036437,0.004490,0.118396,0.091074,0.049459
0.127815,0.096039,0.138596,0.054501,0.017041,0.062756,0.176596,0.179887,0.070499,0.076270
0.089543,0.165156,0.021501,0.058458,0.371686,0.026781,0.159889,0.020869,0.080120,0.005997
0.009353,0.001867,0.482262,0.067242,0.273455,0.026099,0.044076,0.074422,0.005569,0.015654
0.025333,0.003227,0.013391,0.021578,0.632910,0.045837,0.063488,0.115407,0.060483,0.018345
0.009974,0.392979,0.020856,0.007925,0.217391,0.031414,0.051122,0.134723,0.084872,0.048743
0.074917,0.121767,0.085297,0.068340,0.028604,0.136609,0.144211,0.112453,0.096045,0.131756
0.050112,0.001207,0.485839,0.034830,0.246792,0.012838,0.025091,0.024903,0.079147,0.039241
0.021520,0.002155,0.659451,0.015860,0.165219,0.023284,0.003711,0.017642,0.072205,0.018952
0.062665,0.001285,0.490786,0.054631,0.240786,0.017221,0.021113,0.065833,0.039729,0.005949
0.002136,0.282758,0.280240,0.010786,0.215148,0.015151,0.028653,0.097812,0.057042,0.010274
0.044785,0.232754,0.319811,0.038865,0.139679,0.010168,0.146767,0.061627,0.002849,0.002695
0.004121,0.300390,0.400485,0.027842,0.205806,0.009750,0.019534,0.002160,0.028403,0.001509
0.013089,0.002341,0.342296,0.018261,0.122382,0.017970,0.002888,0.076157,0.348377,0.056238
0.026508,0.013730,0.515483,0.026726,0.189915,0.014154,0.002282,0.020831,0.067524,0.122846
0.024737,0.001664,0.416206,0.032538,0.085367,0.001260,0.005618,0.015484,0.407100,0.010025
0.070905,0.018051,0.018398,0.103220,0.131582,0.124250,0.020373,0.148258,0.211487,0.153477
0.004165,0.005685,0.425755,0.015699,0.301882,0.007682,0.018414,0.078584,0.076440,0.065693
0.032217,0.074192,0.596401,0.014766,0.133094,0.001358,0.012285,0.061606,0.017236,0.056846
0.005561,0.000781,0.716639,0.052996,0.116376,0.008580,0.037915,0.016445,0.027488,0.017222
0.038871,0.009344,0.011258,0.022753,0.613215,0.067062,0.038312,0.087650,0.093085,0.018450
0.006543,0.015874,0.050920,0.018726,0.373569,0.024123,0.234432,0.113987,0.142763,0.019063
0.024220,0.005580,0.008941,0.018023,0.368357,0.081349,0.192961,0.171189,0.109126,0.020256
0.002769,0.041271,0.774588,0.014666,0.050607,0.000980,0.032347,0.005462,0.019665,0.057645
0.040637,0.121155,0.039653,0.047184,0.141018,0.112223,0.364297,0.048221,0.039140,0.046470
0.021129,0.025191,0.005168,0.095183,0.455341,0.049894,0.271289,0.035995,0.018247,0.022564
0.011589,0.001515,0.246727,0.011713,0.143762,0.005494,0.003985,0.035993,0.506636,0.032586
0.053047,0.020358,0.017926,0.038961,0.460833,0.069753,0.078261,0.102522,0.021475,0.136863
0.015067,0.002061,0.505366,0.073518,0.167091,0.021594,0.002300,0.068518,0.086213,0.058271
0.024968,0.251734,0.009093,0.031218,0.351138,0.035614,0.026867,0.072953,0.057671,0.138744
0.031136,0.139727,0.190753,0.055070,0.235640,0.079430,0.076651,0.075466,0.073721,0.042405
0.002655,0.001709,0.730189,0.023731,0.097505,0.004180,0.072905,0.033464,0.031382,0.002280
0.068832,0.127144,0.137397,0.142405,0.105556,0.074102,0.092963,0.042644,0.107420,0.101537
0.004298,0.193076,0.361692,0.009033,0.167729,0.007546,0.069551,0.120587,0.029238,0.037248
0.016722,0.015023,0.513773,0.089465,0.200159,0.020281,0.002072,0.034369,0.007323,0.100812
0.010296,0.533429,0.004872,0.024353,0.100583,0.043462,0.041861,0.055873,0.040296,0.144975
0.011513,0.002155,0.602181,0.037612,0.160282,0.012541,0.112500,0.017006,0.006063,0.038147
0.006470,0.003239,0.553576,0.058111,0.320085,0.000751,0.021379,0.020186,0.005047,0.011155
0.007869,0.009139,0.001472,0.027680,0.166788,0.019896,0.002932,0.039532,0.669574,0.055118
0.110484,0.061938,0.018648,0.098805,0.013349,0.057231,0.408304,0.124260,0.034332,0.072650
0.022250,0.009432,0.144280,0.046962,0.279427,0.036130,0.007998,0.031297,0.357932,0.064290
0.048290,0.070713,0.117833,0.026584,0.199269,0.030914,0.112091,0.067865,0.140314,0.186128
0.053274,0.001270,0.477012,0.029804,0.235973,0.012304,0.054772,0.028540,0.065856,0.041196
0.006237,0.004671,0.607255,0.052147,0.171495,0.015624,0.033814,0.074426,0.003503,0.030828
0.034215,0.010257,0.315509,0.039417,0.063688,0.024889,0.004125,0.077635,0.382883,0.047382
0.027501,0.015212,0.012352,0.087741,0.575545,0.012452,0.079548,0.064973,0.049912,0.074763
0.039840,0.171200,0.017167,0.049908,0.084231,0.008848,0.043595,0.027262,0.476656,0.081294
0.072047,0.023253,0.022939,0.048059,0.446772,0.021046,0.027489,0.056806,0.180217,0.101372
0.026834,0.005375,0.009311,0.012974,0.254479,0.072956,0.005745,0.070549,0.522139,0.019638
0.129087,0.133319,0.038795,0.007873,0.456666,0.047292,0.032613,0.137783,0.009614,0.006958
0.018526,0.005992,0.006478,0.028372,0.097172,0.086746,0.116500,0.030654,0.601823,0.007737
0.031304,0.077811,0.136362,0.024783,0.485725,0.031874,0.039771,0.040747,0.101514,0.030111
0.020442,0.284712,0.014837,0.032098,0.168949,0.060369,0.197494,0.100319,0.105634,0.015146
0.133757,0.111589,0.061637,0.105403,0.040518,0.112369,0.172009,0.083475,0.082651,0.096592
0.093943,0.019887,0.009733,0.104128,0.184329,0.005415,0.066865,0.103085,0.313216,0.099398
0.036234,0.051383,0.015249,0.073835,0.605526,0.010723,0.068059,0.044452,0.026984,0.067556
0.021726,0.001906,0.352042,0.060179,0.178267,0.016997,0.001975,0.031842,0.325612,0.009454
0.111395,0.069446,0.172154,0.022012,0.008333,0.076497,0.322239,0.128937,0.024321,0.064666
0.002925,0.015133,0.341502,0.013131,0.362234,0.018090,0.065325,0.013647,0.057039,0.110973
0.005086,0.003817,0.594419,0.037917,0.224552,0.014101,0.002597,0.064976,0.042794,0.009743
0.007648,0.000990,0.751005,0.036051,0.101917,0.013992,0.001065,0.010299,0.005644,0.071388
0.001779,0.002594,0.653496,0.005072,0.177021,0.003877,0.014134,0.064869,0.027855,0.049303
0.009882,0.000949,0.578210,0.025970,0.239922,0.015672,0.077318,0.030866,0.009017,0.012193
0.018849,0.012018,0.006349,0.067865,0.617328,0.056282,0.009530,0.076092,0.058488,0.077199
0.024921,0.009605,0.005577,0.041778,0.189742,0.059938,0.006342,0.051888,0.559872,0.050337
0.004105,0.002153,0.529599,0.020231,0.355172,0.013534,0.010910,0.027421,0.035223,0.001652
0.134172,0.122455,0.204497,0.039647,0.042227,0.106301,0.159076,0.060284,0.064087,0.067255
0.008180,0.255287,0.361230,0.012024,0.120372,0.008818,0.149101,0.079126,0.001901,0.003961
0.041720,0.009284,0.007979,0.030374,0.062881,0.051888,0.025813,0.056468,0.682683,0.030910
0.027241,0.026036,0.011541,0.105716,0.637548,0.007820,0.039109,0.075796,0.018057,0.051137
0.054198,0.011019,0.016814,0.030632,0.629558,0.005248,0.092821,0.084906,0.064108,0.010696
0.026591,0.004543,0.713797,0.029891,0.079457,0.000869,0.083791,0.010700,0.039369,0.010992
0.035214,0.035477,0.009822,0.018650,0.610617,0.005988,0.029977,0.086634,0.106695,0.060926
0.006067,0.000526,0.662197,0.016312,0.201561,0.007125,0.002786,0.042475,0.041978,0.018973
0.010753,0.003387,0.826328,0.005467,0.067413,0.006974,0.021047,0.026679,0.013986,0.017965
0.003400,0.157978,0.488333,0.044404,0.104109,0.008101,0.022149,0.002641,0.081798,0.087086
0.010726,0.008055,0.546437,0.026403,0.268164,0.000464,0.019068,0.008019,0.057242,0.055423
0.010090,0.003530,0.211156,0.024484,0.055379,0.003435,0.016050,0.015819,0.618153,0.041905
0.071789,0.010969,0.009087,0.157746,0.471926,0.067322,0.027499,0.095329,0.070518,0.017815
0.021796,0.034803,0.225987,0.034696,0.102954,0.028155,0.102670,0.108107,0.227967,0.112865
0.018553,0.022686,0.006523,0.099070,0.425737,0.047685,0.004988,0.063125,0.149952,0.161680
0.049411,0.000733,0.613036,0.027156,0.144153,0.015083,0.045658,0.051348,0.048230,0.005193
0.002920,0.178807,0.377160,0.015834,0.282783,0.019393,0.027786,0.083274,0.003724,0.008318
0.014134,0.000651,0.829512,0.020682,0.059966,0.000538,0.022471,0.020246,0.011830,0.019969
0.013008,0.003045,0.120463,0.104394,0.401910,0.034129,0.006579,0.019854,0.090961,0.205656
0.017857,0.003135,0.006909,0.065678,0.654341,0.075729,0.005051,0.077981,0.068719,0.024599
0.112628,0.113342,0.114689,0.062728,0.146457,0.103486,0.105460,0.054375,0.068523,0.118311
0.002963,0.002255,0.837050,0.018771,0.069823,0.001146,0.023559,0.029088,0.000917,0.014429
0.007854,0.128105,0.005041,0.015970,0.094483,0.016044,0.033647,0.054512,0.565756,0.078589
0.029588,0.049576,0.343672,0.029708,0.317012,0.052613,0.048077,0.055539,0.046558,0.027658
0.014328,0.001818,0.521777,0.037392,0.192250,0.016253,0.073367,0.032026,0.006505,0.104284
0.073712,0.105386,0.064268,0.088855,0.054561,0.135399,0.120026,0.054067,0.145560,0.158165
0.012500,0.008350,0.012971,0.074345,0.290429,0.071894,0.006858,0.069638,0.433840,0.019174
0.004833,0.000757,0.780715,0.008417,0.110417,0.009836,0.000893,0.006909,0.055931,0.021293
0.002432,0.002248,0.755500,0.018740,0.166532,0.001057,0.002507,0.021634,0.022772,0.006577
0.110855,0.104475,0.068962,0.101023,0.068716,0.103976,0.138203,0.100801,0.106633,0.096354
0.027029,0.223890,0.009914,0.095221,0.311185,0.052472,0.049689,0.028112,0.125131,0.077357
0.002016,0.077053,0.747438,0.004976,0.066253,0.005870,0.014468,0.078686,0.001363,0.001876
0.016488,0.002861,0.004602,0.009627,0.058956,0.021999,0.037745,0.025674,0.756428,0.065620
0.008889,0.000244,0.480695,0.006394,0.055247,0.003215,0.021651,0.021507,0.375400,0.026759
0.002798,0.157436,0.556295,0.009419,0.126565,0.014781,0.046681,0.053066,0.026680,0.006278
0.004385,0.000755,0.138232,0.005765,0.074255,0.003403,0.012691,0.005554,0.728368,0.026592
0.020306,0.005345,0.007619,0.057099,0.516404,0.051122,0.053504,0.129368,0.125874,0.033359
0.012591,0.001058,0.721449,0.004748,0.178611,0.005365,0.014825,0.009517,0.041673,0.010164
0.108556,0.129190,0.197174,0.027325,0.026345,0.090791,0.136091,0.151373,0.082177,0.050979
0.011067,0.013044,0.439069,0.047608,0.159113,0.007277,0.007182,0.009883,0.256480,0.049277
0.012352,0.013691,0.411175,0.027067,0.188790,0.010312,0.017530,0.048019,0.245128,0.025936
0.024521,0.034498,0.718418,0.018119,0.111604,0.000714,0.009764,0.061597,0.016355,0.004410
0.004588,0.002261,0.593653,0.045718,0.219342,0.011648,0.035976,0.030895,0.051099,0.004819
0.126467,0.010861,0.013200,0.094924,0.497636,0.060032,0.006212,0.141572,0.011095,0.038003
0.018727,0.008438,0.545445,0.010775,0.347397,0.002162,0.023651,0.016001,0.024019,0.003385
0.006727,0.003967,0.635976,0.023438,0.179312,0.016043,0.027839,0.012783,0.091040,0.002876
0.064680,0.028161,0.075892,0.092409,0.481873,0.034282,0.003195,0.056924,0.094738,0.067847
0.092097,0.021764,0.017545,0.079305,0.563448,0.006446,0.011886,0.091798,0.057706,0.058004
0.102575,0.185783,0.108187,0.101676,0.099306,0.117403,0.077299,0.054773,0.073181,0.079816
0.074956,0.002740,0.044421,0.047060,0.153043,0.025422,0.003741,0.019248,0.610767,0.018602
0.014407,0.004783,0.786229,0.006071,0.115124,0.002404,0.002167,0.057999,0.005887,0.004930
0.021908,0.083375,0.366098,0.020577,0.272986,0.039770,0.063948,0.060914,0.037799,0.032625
0.030788,0.020508,0.010295,0.108387,0.501442,0.060499,0.082524,0.070023,0.027981,0.087553
0.005917,0.002314,0.093970,0.012723,0.057132,0.004242,0.017545,0.004862,0.799280,0.002016
0.039841,0.029537,0.050733,0.122598,0.489777,0.034132,0.002686,0.050735,0.168244,0.011716
0.024631,0.003260,0.006498,0.150534,0.171519,0.073979,0.112349,0.112493,0.180316,0.164421
0.007065,0.000798,0.516065,0.016126,0.087447,0.000464,0.025501,0.016463,0.297296,0.032773
0.008672,0.009284,0.386463,0.024972,0.323604,0.018451,0.131285,0.009899,0.061435,0.025934
0.202709,0.049378,0.052707,0.098344,0.117354,0.024067,0.039003,0.144946,0.095866,0.175627
0.001753,0.001616,0.738107,0.019185,0.090284,0.008497,0.065223,0.058901,0.015154,0.001280
0.020711,0.000871,0.449517,0.031376,0.240364,0.011490,0.050548,0.094068,0.031667,0.069387
0.002348,0.042946,0.284594,0.003596,0.029735,0.003971,0.040304,0.003433,0.586769,0.002303
0.081325,0.093719,0.188943,0.052546,0.229616,0.076424,0.068392,0.038496,0.112645,0.057894
0.031325,0.037033,0.014029,0.035611,0.537386,0.050793,0.005697,0.031620,0.072455,0.184050
0.017046,0.019597,0.014173,0.282693,0.148974,0.014101,0.313050,0.092495,0.079355,0.018514
0.006521,0.004277,0.492524,0.028767,0.341167,0.019268,0.010802,0.069082,0.002786,0.024806
0.086956,0.149533,0.164643,0.105551,0.072488,0.095025,0.081112,0.044713,0.085469,0.114509
0.019986,0.012526,0.008786,0.100700,0.470788,0.009965,0.051228,0.065214,0.251406,0.009402
0.014528,0.008074,0.428826,0.065889,0.372215,0.014968,0.044423,0.042990,0.004479,0.003608
0.061674,0.089843,0.150100,0.047608,0.265368,0.057145,0.065879,0.039750,0.163739,0.058893
0.030038,0.121884,0.181631,0.035715,0.257093,0.055276,0.113952,0.046831,0.079475,0.078104
0.057830,0.008667,0.633688,0.012629,0.181693,0.025093,0.003087,0.070679,0.003943,0.002692
0.094290,0.214309,0.198750,0.038423,0.084845,0.047739,0.093911,0.082609,0.095846,0.049277
0.014171,0.109986,0.619909,0.015393,0.173897,0.004431,0.053784,0.005481,0.001844,0.001106
0.048153,0.002885,0.463985,0.009962,0.286818,0.002846,0.022637,0.076462,0.002827,0.083424
0.016009,0.003502,0.003504,0.042529,0.723262,0.050617,0.016167,0.021248,0.039887,0.083274
0.002238,0.006240,0.125896,0.003666,0.067838,0.005161,0.013580,0.009174,0.757136,0.009070
0.007173,0.003872,0.442150,0.004258,0.451220,0.046791,0.007591,0.021835,0.006436,0.008673
0.010952,0.004599,0.499100,0.005085,0.344601,0.014060,0.012731,0.067385,0.022862,0.018625
0.011107,0.010040,0.496166,0.022773,0.229813,0.024788,0.003113,0.120242,0.046266,0.035692
0.001839,0.069776,0.216733,0.004362,0.125181,0.003049,0.029764,0.029063,0.471744,0.048489
0.017181,0.020959,0.018075,0.119397,0.201996,0.009474,0.037189,0.060461,0.488104,0.027162
0.067797,0.224750,0.006139,0.042522,0.424710,0.027991,0.021964,0.087566,0.072160,0.024400
0.002648,0.147193,0.655534,0.018965,0.109976,0.000842,0.029968,0.018615,0.014017,0.002244
0.003544,0.002933,0.251755,0.008044,0.164685,0.000497,0.019397,0.056066,0.464149,0.028931
0.006606,0.001629,0.509964,0.039534,0.268624,0.009502,0.099918,0.028720,0.030055,0.005449
0.037565,0.005589,0.092698,0.038434,0.431247,0.057309,0.008133,0.124425,0.085385,0.119214
0.029431,0.249793,0.005633,0.044840,0.431086,0.045768,0.024905,0.078531,0.048801,0.041211
0.017409,0.023802,0.580792,0.014794,0.024605,0.035861,0.017907,0.024083,0.238681,0.022067
0.092172,0.096068,0.033593,0.033134,0.014302,0.105850,0.362345,0.079134,0.088411,0.094991
0.079060,0.369206,0.008847,0.046305,0.059278,0.046729,0.047329,0.131441,0.105178,0.106627
0.001096,0.088660,0.738156,0.003156,0.082059,0.004174,0.025327,0.035002,0.015723,0.006647
0.019193,0.209636,0.350814,0.015342,0.220656,0.009719,0.031071,0.015360,0.080968,0.047239
0.066583,0.011006,0.017165,0.153063,0.451638,0.007478,0.055307,0.111643,0.018643,0.107474
0.051644,0.012922,0.009365,0.047015,0.534718,0.007572,0.072038,0.060076,0.067263,0.137387
0.015740,0.127147,0.187959,0.008028,0.085004,0.007496,0.001122,0.035253,0.530645,0.001606
0.025765,0.000676,0.512852,0.050614,0.187626,0.012904,0.035147,0.019638,0.080314,0.074464
0.015755,0.070586,0.386301,0.024627,0.223370,0.068270,0.078442,0.048296,0.050189,0.034165
0.011265,0.001113,0.430550,0.024580,0.349361,0.018589,0.049652,0.072637,0.005964,0.036287
0.008306,0.003786,0.005361,0.073939,0.619140,0.067018,0.029452,0.093912,0.082204,0.016882
0.004132,0.013454,0.559692,0.053611,0.154303,0.000971,0.014173,0.040168,0.077995,0.081501
0.021101,0.005580,0.013850,0.067268,0.412106,0.078192,0.078553,0.079375,0.085069,0.158904
0.011378,0.232854,0.010322,0.012524,0.464139,0.048814,0.004515,0.091296,0.068265,0.055893
0.029319,0.018936,0.045303,0.030366,0.222011,0.027298,0.318008,0.125860,0.162604,0.020297
0.002174,0.003153,0.100151,0.014025,0.080243,0.006606,0.006552,0.007289,0.773466,0.006341
0.048774,0.009930,0.020703,0.073298,0.434885,0.070170,0.008809,0.079060,0.173588,0.080783
0.001924,0.002264,0.505179,0.040647,0.294231,0.007723,0.027964,0.045374,0.043861,0.030832
0.029282,0.011785,0.023795,0.016804,0.477431,0.014887,0.023195,0.035334,0.263270,0.104217
0.002395,0.129416,0.547860,0.003892,0.231390,0.001264,0.012789,0.037574,0.001928,0.031490
0.002112,0.161722,0.388651,0.010897,0.141372,0.015380,0.044690,0.065299,0.083321,0.086557
0.006876,0.005485,0.542248,0.026540,0.298788,0.019289,0.001384,0.069031,0.026622,0.003737
0.009201,0.006243,0.736465,0.037357,0.115094,0.020091,0.003776,0.029602,0.027412,0.014760
0.008573,0.013028,0.536825,0.085797,0.209616,0.026789,0.005815,0.044599,0.056390,0.012568
0.039609,0.014940,0.013168,0.035057,0.448850,0.080005,0.007217,0.111381,0.076633,0.173139
0.000961,0.001625,0.522851,0.002267,0.098330,0.001452,0.004822,0.023678,0.307457,0.036557
0.042328,0.012004,0.014852,0.110015,0.502282,0.080252,0.008850,0.066536,0.070315,0.092566
0.085536,0.110485,0.071147,0.061733,0.143038,0.094552,0.144952,0.090987,0.085802,0.111768
0.067878,0.089485,0.051527,0.103096,0.025610,0.097416,0.258462,0.187182,0.071809,0.047536
0.009664,0.000359,0.553323,0.000851,0.050555,0.000975,0.014835,0.016811,0.351751,0.000875
0.027636,0.013738,0.008578,0.052015,0.186033,0.006606,0.093947,0.107441,0.455220,0.048786
0.074505,0.019199,0.014344,0.058794,0.386546,0.092625,0.048037,0.184806,0.076985,0.044159
0.010754,0.167746,0.467199,0.022824,0.134851,0.008802,0.042195,0.047557,0.034870,0.063202
0.013103,0.002793,0.500409,0.039436,0.297973,0.029505,0.002611,0.088053,0.011350,0.014767
