0.002222,0.002659,0.497364,0.006109,0.378562,0.023048,0.028271,0.011126,0.046649,0.003990
0.005212,0.001403,0.411845,0.028050,0.429095,0.025141,0.038762,0.020347,0.034192,0.005955
0.050713,0.013690,0.432739,0.046792,0.274053,0.019318,0.013968,0.054795,0.007957,0.085976
0.016601,0.221804,0.004108,0.063808,0.435233,0.046915,0.039923,0.104446,0.005502,0.061658
0.002559,0.137254,0.766940,0.001084,0.047253,0.005994,0.010404,0.001042,0.006180,0.021290
0.018851,0.004367,0.658748,0.003215,0.106813,0.000752,0.000505,0.002760,0.196454,0.007535
0.005918,0.002638,0.319228,0.004170,0.165400,0.004674,0.010033,0.004714,0.479635,0.003590
0.141863,0.098367,0.059941,0.049989,0.041080,0.107035,0.231254,0.127398,0.072599,0.070475
0.006782,0.002802,0.019094,0.100223,0.256184,0.060348,0.006294,0.032928,0.484805,0.030540
0.009970,0.008836,0.006281,0.132791,0.643171,0.029234,0.025407,0.059299,0.008305,0.076707
0.004233,0.000556,0.729497,0.003090,0.233493,0.006732,0.015349,0.005397,0.001072,0.000581
0.001328,0.000871,0.435427,0.025140,0.337299,0.012262,0.017836,0.025674,0.141669,0.002493
0.032889,0.002863,0.826211,0.007466,0.074541,0.002660,0.002818,0.022797,0.011137,0.016618
0.016806,0.003415,0.681043,0.008108,0.123392,0.016958,0.067634,0.010014,0.032802,0.039828
0.014349,0.003196,0.543072,0.037229,0.199566,0.031760,0.003538,0.032083,0.108190,0.027016
0.039228,0.110164,0.151948,0.044484,0.216391,0.124567,0.096234,0.081589,0.103436,0.031958
0.000759,0.035816,0.844332,0.000762,0.099340,0.000533,0.000948,0.011344,0.005573,0.000593
0.018854,0.011646,0.004061,0.014127,0.664752,0.001951,0.010249,0.066971,0.021335,0.186055
0.063611,0.118014,0.124921,0.098445,0.046796,0.102450,0.154986,0.152771,0.076899,0.061108
0.008620,0.006269,0.013896,0.150609,0.367466,0.137821,0.080964,0.028367,0.097203,0.108785
0.004904,0.000399,0.833356,0.033327,0.100557,0.000488,0.005143,0.003674,0.016543,0.001610
0.006250,0.002294,0.438681,0.019549,0.393480,0.020544,0.043711,0.044957,0.002306,0.028230
0.004474,0.001067,0.725146,0.029694,0.207620,0.003199,0.014854,0.006808,0.004774,0.002365
0.027255,0.003360,0.010768,0.024220,0.703769,0.081305,0.061892,0.046463,0.026908,0.014060
0.026130,0.358783,0.046205,0.006573,0.295199,0.083578,0.034861,0.080468,0.052924,0.015279
0.009270,0.152300,0.001736,0.046315,0.648368,0.016560,0.026577,0.007441,0.085557,0.005878
0.080980,0.013586,0.021844,0.074133,0.423818,0.008301,0.010325,0.104570,0.239363,0.023080
0.017906,0.001634,0.870646,0.020235,0.043831,0.000885,0.017094,0.008324,0.002863,0.016582
0.018272,0.004561,0.121123,0.019578,0.687584,0.025741,0.039414,0.036489,0.041355,0.005884
0.005868,0.006063,0.086307,0.040438,0.652003,0.034891,0.048109,0.034172,0.037576,0.054573
0.033190,0.007193,0.010343,0.091677,0.499445,0.094493,0.111346,0.036066,0.030822,0.085426
0.029962,0.010626,0.006354,0.082572,0.721474,0.018644,0.003669,0.030898,0.037212,0.058588
0.009909,0.000702,0.511880,0.009069,0.330464,0.010574,0.032602,0.021215,0.066333,0.007253
0.005931,0.000990,0.734242,0.027251,0.121252,0.011039,0.033107,0.027282,0.021843,0.017063
0.020997,0.076008,0.742437,0.001586,0.074518,0.017580,0.011765,0.003510,0.016802,0.034797
0.013453,0.160848,0.403621,0.041566,0.296381,0.008227,0.057025,0.005703,0.007651,0.005525
0.098072,0.134854,0.161581,0.063901,0.159390,0.052951,0.093279,0.117600,0.068160,0.050212
0.004070,0.001629,0.524541,0.016890,0.360817,0.013760,0.005972,0.059201,0.009532,0.003588
0.011485,0.001768,0.845749,0.003823,0.038204,0.000831,0.013627,0.034612,0.046612,0.003287
0.019337,0.004683,0.525660,0.031678,0.362846,0.016867,0.016201,0.009159,0.003966,0.009604
0.002775,0.002297,0.685608,0.008217,0.128127,0.037892,0.034838,0.012290,0.085844,0.002113
0.118629,0.098074,0.121894,0.057468,0.102432,0.069538,0.105917,0.112282,0.114170,0.099595
0.008352,0.000516,0.761728,0.034537,0.118461,0.000453,0.020329,0.011806,0.037530,0.006288
0.105283,0.099492,0.165742,0.068367,0.036013,0.091993,0.180810,0.122144,0.064014,0.066142
0.006927,0.008824,0.096529,0.150490,0.551497,0.015026,0.047858,0.023419,0.040449,0.058980
0.060995,0.135184,0.027420,0.028711,0.538976,0.020371,0.061310,0.062556,0.034609,0.029867
0.037511,0.006576,0.010236,0.096846,0.650010,0.066046,0.024170,0.054496,0.027490,0.026619
0.001535,0.002601,0.550475,0.020882,0.372094,0.005335,0.006961,0.008275,0.011307,0.020535
0.005395,0.004939,0.534299,0.055815,0.324106,0.015094,0.030155,0.011407,0.006472,0.012318
0.040254,0.141589,0.002840,0.052166,0.602142,0.027690,0.105979,0.017608,0.003554,0.006179
0.002886,0.004145,0.115501,0.019296,0.738806,0.026270,0.014889,0.028596,0.007603,0.042009
0.049677,0.013910,0.017592,0.018987,0.331406,0.165458,0.008949,0.086283,0.295398,0.012341
0.005240,0.006527,0.495245,0.012939,0.406788,0.025159,0.002812,0.018700,0.006668,0.019921
0.001592,0.151135,0.622861,0.001495,0.162964,0.002516,0.020092,0.031083,0.003615,0.002648
0.049666,0.204139,0.011323,0.096335,0.390176,0.099555,0.057506,0.045654,0.020811,0.024834
0.027034,0.055427,0.150911,0.014483,0.238145,0.052011,0.017711,0.048895,0.376627,0.018757
0.060593,0.110553,0.006578,0.014526,0.189973,0.018481,0.032423,0.143083,0.410747,0.013043
0.038331,0.003828,0.007436,0.062539,0.681283,0.004458,0.042489,0.026224,0.100363,0.033048
0.042105,0.252859,0.015440,0.009730,0.309981,0.082365,0.070442,0.019433,0.184240,0.013405
0.007513,0.218797,0.013542,0.021476,0.425375,0.109721,0.064042,0.073451,0.059826,0.006257
0.014352,0.002134,0.715329,0.010984,0.132292,0.033632,0.015353,0.013886,0.006421,0.055616
0.000794,0.000278,0.586327,0.002983,0.339939,0.022807,0.014961,0.006502,0.012246,0.013162
0.002948,0.102712,0.489978,0.025214,0.325658,0.011978,0.011784,0.001518,0.012015,0.016194
0.002176,0.001628,0.616648,0.038593,0.290885,0.006176,0.001683,0.010665,0.030046,0.001499
0.013241,0.003235,0.468651,0.008244,0.350622,0.009896,0.013946,0.011719,0.010732,0.109716
0.022050,0.002998,0.007285,0.066349,0.157560,0.120372,0.002349,0.025702,0.576085,0.019250
0.018718,0.013791,0.019582,0.043059,0.557435,0.010850,0.043328,0.028621,0.247143,0.017474
0.004028,0.046302,0.313824,0.002026,0.189800,0.007207,0.022165,0.002611,0.392835,0.019202
0.005046,0.030994,0.445419,0.026186,0.075229,0.003654,0.016041,0.011933,0.371912,0.013587
0.047711,0.005896,0.600639,0.019893,0.185272,0.004041,0.004303,0.019728,0.103527,0.008990
0.060797,0.010766,0.014551,0.014670,0.352520,0.007026,0.032163,0.169707,0.308871,0.028927
0.002477,0.000810,0.657822,0.003816,0.271458,0.000978,0.024160,0.005951,0.023205,0.009324
0.112309,0.098595,0.045032,0.073440,0.030206,0.095369,0.320039,0.063019,0.048153,0.113838
0.000641,0.000872,0.614725,0.011079,0.177507,0.003348,0.018796,0.010843,0.161552,0.000637
0.001576,0.000319,0.510072,0.041715,0.107855,0.025911,0.024050,0.015514,0.265555,0.007433
0.001972,0.001905,0.841437,0.007454,0.048231,0.008003,0.022237,0.057943,0.009874,0.000943
0.002458,0.000891,0.002433,0.036370,0.434480,0.030534,0.033336,0.038044,0.263847,0.157608
0.008629,0.069199,0.725486,0.002653,0.036181,0.001147,0.040188,0.029311,0.084264,0.002942
0.098518,0.008876,0.013937,0.103483,0.260862,0.006947,0.032333,0.276000,0.080097,0.118949
0.028085,0.006925,0.081174,0.019046,0.705198,0.018085,0.003611,0.029462,0.045506,0.062909
0.011058,0.007817,0.856821,0.006317,0.053114,0.001315,0.021731,0.018005,0.019250,0.004571
0.011868,0.000684,0.751924,0.004597,0.177726,0.000470,0.004454,0.037406,0.008686,0.002185
0.004541,0.005560,0.627643,0.005493,0.057532,0.003783,0.002126,0.016927,0.250676,0.025718
0.086284,0.102256,0.085474,0.093734,0.177160,0.104812,0.122037,0.053309,0.069690,0.105242
0.007907,0.001584,0.633269,0.020525,0.255055,0.004463,0.022918,0.027839,0.018977,0.007463
0.017380,0.000837,0.748171,0.006326,0.056583,0.000940,0.039308,0.009182,0.005400,0.115871
0.002619,0.002866,0.913066,0.000828,0.034344,0.000508,0.011980,0.008918,0.022557,0.002314
0.011272,0.000236,0.822372,0.001321,0.141498,0.000190,0.012509,0.004105,0.005421,0.001074
0.003254,0.001961,0.448331,0.005340,0.306335,0.029503,0.000432,0.038865,0.139647,0.026333
0.029279,0.004434,0.009218,0.014432,0.587127,0.003732,0.012202,0.084036,0.044256,0.211284
0.003768,0.001521,0.569165,0.008603,0.117506,0.018184,0.002495,0.014970,0.247419,0.016367
0.003938,0.000944,0.564307,0.036415,0.314288,0.015839,0.019679,0.011677,0.023216,0.009695
0.010038,0.001588,0.206971,0.013357,0.218774,0.019041,0.003408,0.049753,0.164555,0.312515
0.006396,0.000278,0.731222,0.004072,0.216257,0.004774,0.013730,0.004651,0.010883,0.007738
0.074709,0.110523,0.143459,0.098577,0.083571,0.119327,0.112225,0.119393,0.066937,0.071278
0.008136,0.000342,0.862358,0.002962,0.076046,0.004785,0.013452,0.005818,0.007346,0.018755
0.032340,0.004961,0.009290,0.010903,0.355190,0.116428,0.046143,0.037546,0.066264,0.320933
0.000700,0.052898,0.839545,0.002462,0.059045,0.007528,0.026292,0.002054,0.007253,0.002223
0.005937,0.004973,0.005070,0.010312,0.549280,0.003127,0.044204,0.016560,0.160147,0.200390
0.011937,0.000749,0.666915,0.011528,0.074186,0.012158,0.000858,0.087609,0.010756,0.123304
0.009828,0.002688,0.524461,0.044977,0.354838,0.011643,0.018614,0.017949,0.012326,0.002674
0.005847,0.003954,0.643979,0.010807,0.318713,0.001025,0.001654,0.006713,0.003020,0.004288
0.005048,0.000167,0.927483,0.017509,0.026214,0.003852,0.012176,0.002602,0.000773,0.004176
0.028440,0.052630,0.366874,0.008450,0.330684,0.016787,0.036469,0.085357,0.044342,0.029966
0.009657,0.001611,0.455193,0.010100,0.141530,0.019046,0.001952,0.034199,0.279457,0.047255
0.014622,0.004478,0.769239,0.005356,0.117966,0.011210,0.015891,0.020476,0.004592,0.036170
0.086515,0.003672,0.019088,0.136378,0.404705,0.151761,0.005581,0.048170,0.026272,0.117857
0.033662,0.006129,0.096771,0.129489,0.552700,0.049110,0.002961,0.029102,0.026741,0.073336
0.033908,0.348536,0.011034,0.043893,0.337999,0.103898,0.055458,0.038877,0.012086,0.014311
0.099247,0.020724,0.029928,0.037921,0.517019,0.015813,0.055950,0.140931,0.052290,0.030178
0.004477,0.001668,0.582022,0.007719,0.333661,0.006326,0.000885,0.006464,0.054818,0.001959
0.001044,0.000115,0.799390,0.001379,0.028171,0.005458,0.003280,0.005396,0.144287,0.011480
0.009284,0.001113,0.466961,0.028702,0.378742,0.009633,0.060478,0.022067,0.017351,0.005669
0.021091,0.101920,0.554299,0.002297,0.229773,0.005754,0.027390,0.003555,0.018775,0.035145
0.003000,0.000972,0.714513,0.020973,0.208011,0.000215,0.004729,0.035487,0.002735,0.009365
0.003731,0.001017,0.641180,0.027204,0.248868,0.003210,0.000111,0.006938,0.010505,0.057236
0.031986,0.007151,0.011984,0.025684,0.761729,0.007606,0.020280,0.085520,0.038082,0.009979
0.009314,0.001243,0.702200,0.038012,0.131302,0.019909,0.040545,0.018697,0.029891,0.008887
0.051685,0.057216,0.304269,0.038747,0.185597,0.084551,0.042440,0.046726,0.148662,0.040106
0.020542,0.001686,0.683978,0.039683,0.129615,0.041271,0.001551,0.032316,0.031932,0.017424
0.011685,0.009411,0.217232,0.010312,0.126333,0.013544,0.007631,0.116369,0.470659,0.016823
0.038877,0.005330,0.511040,0.012688,0.369627,0.002525,0.002749,0.011302,0.008434,0.037431
0.001977,0.000574,0.455473,0.041897,0.408158,0.030483,0.024251,0.011747,0.015365,0.010076
0.012216,0.004034,0.018431,0.016224,0.373631,0.168296,0.050842,0.081689,0.226843,0.047793
0.008606,0.001199,0.504166,0.010160,0.342533,0.041445,0.001050,0.024549,0.059004,0.007288
0.008772,0.005349,0.838818,0.027662,0.051175,0.001702,0.015476,0.013130,0.012892,0.025024
0.086640,0.003269,0.011986,0.119711,0.244680,0.050463,0.090322,0.299708,0.075169,0.018052
0.013663,0.000826,0.592423,0.030355,0.261566,0.025295,0.019813,0.040102,0.013040,0.002918
0.005758,0.000644,0.679537,0.018469,0.210656,0.000423,0.026727,0.038447,0.003990,0.015349
0.005123,0.001063,0.761043,0.002910,0.188977,0.002946,0.011250,0.017629,0.006468,0.002591
0.003316,0.091674,0.571687,0.005332,0.294349,0.007004,0.010590,0.007472,0.004172,0.004404
0.139076,0.110724,0.108238,0.103903,0.071309,0.085098,0.146821,0.092650,0.066129,0.076052
0.023109,0.001076,0.493279,0.019141,0.339347,0.000864,0.007094,0.016588,0.077095,0.022406
0.005641,0.000763,0.782092,0.007222,0.041732,0.001401,0.029865,0.028449,0.011605,0.091230
0.008747,0.002926,0.513595,0.045470,0.253393,0.014763,0.080216,0.014225,0.046139,0.020527
0.003463,0.001361,0.611283,0.034107,0.270281,0.016073,0.016353,0.013647,0.002952,0.030479
0.007273,0.005864,0.007199,0.058291,0.782224,0.064980,0.017082,0.033027,0.006410,0.017651
0.019603,0.000434,0.432552,0.026151,0.319644,0.004606,0.023630,0.005630,0.156883,0.010867
0.092383,0.115962,0.145468,0.080343,0.092109,0.121148,0.102563,0.109903,0.084091,0.056031
0.003524,0.000930,0.737640,0.008001,0.098111,0.019175,0.042844,0.067400,0.015013,0.007360
0.055711,0.147546,0.005485,0.009576,0.574419,0.064481,0.019290,0.111907,0.006572,0.005014
0.003794,0.088499,0.627547,0.003667,0.225677,0.011398,0.018810,0.002307,0.017587,0.000715
0.067825,0.135060,0.224807,0.067140,0.174487,0.048827,0.057947,0.125186,0.061100,0.037621
0.076727,0.117883,0.181223,0.059068,0.070063,0.122093,0.131860,0.078157,0.085693,0.077232
0.009728,0.001843,0.517310,0.007882,0.385487,0.028182,0.023368,0.009574,0.008389,0.008237
0.087548,0.108328,0.137748,0.082101,0.221793,0.042130,0.072153,0.170904,0.043406,0.033889
0.029762,0.004703,0.012360,0.062074,0.237456,0.052566,0.057844,0.021051,0.515023,0.007162
0.015249,0.224899,0.020458,0.012683,0.334815,0.042154,0.012695,0.032261,0.161778,0.143007
0.028501,0.001538,0.733313,0.005034,0.047340,0.001358,0.023406,0.056472,0.100715,0.002323
0.009296,0.001764,0.611997,0.012084,0.332550,0.000603,0.005064,0.008418,0.004275,0.013950
0.116521,0.008822,0.017727,0.015412,0.385861,0.175587,0.085461,0.171888,0.012017,0.010704
0.003235,0.001654,0.707356,0.032591,0.057606,0.001692,0.019889,0.043091,0.014311,0.118575
0.028969,0.074033,0.196823,0.065466,0.358053,0.039169,0.023124,0.108882,0.033870,0.071611
0.024448,0.039686,0.026492,0.180488,0.411412,0.047856,0.020236,0.094461,0.121088,0.033834
0.004852,0.002073,0.458463,0.033720,0.327880,0.022934,0.001281,0.010173,0.114047,0.024578
0.046003,0.011603,0.024136,0.046911,0.462877,0.030300,0.094863,0.087942,0.075938,0.119427
0.018754,0.158545,0.005930,0.023802,0.656277,0.017887,0.093066,0.011166,0.007051,0.007522
0.072407,0.121130,0.169408,0.056793,0.061936,0.109524,0.152094,0.063914,0.084530,0.108263
0.006945,0.028349,0.726680,0.005519,0.195844,0.001402,0.019167,0.003268,0.010023,0.002803
0.072823,0.141173,0.226482,0.081851,0.179829,0.063096,0.040688,0.032258,0.073393,0.088407
0.008839,0.005895,0.006256,0.022250,0.628894,0.004315,0.044251,0.029035,0.238892,0.011373
0.025992,0.265998,0.011878,0.068658,0.316794,0.026067,0.042060,0.059037,0.078787,0.104729
0.004142,0.111399,0.501636,0.001485,0.286285,0.018586,0.032579,0.024184,0.017211,0.002491
0.005337,0.000602,0.794624,0.040712,0.100725,0.006565,0.029813,0.008786,0.010112,0.002725
0.035524,0.039495,0.037085,0.029798,0.594319,0.023625,0.028624,0.084477,0.034913,0.092141
0.004307,0.000254,0.696640,0.029746,0.121512,0.000265,0.005765,0.001336,0.139603,0.000572
0.002003,0.139119,0.631774,0.029538,0.091149,0.019305,0.068188,0.004017,0.003066,0.011842
0.009835,0.013762,0.015043,0.160865,0.457003,0.161053,0.005768,0.073040,0.095092,0.008539
0.003508,0.146635,0.328675,0.011445,0.412824,0.006203,0.033422,0.040482,0.015549,0.001257
0.023840,0.000495,0.591950,0.007960,0.250676,0.017178,0.008372,0.039154,0.056183,0.004192
0.050077,0.006943,0.012732,0.046146,0.703855,0.045554,0.013315,0.051671,0.054526,0.015180
0.010025,0.001674,0.503721,0.026235,0.391326,0.006373,0.049019,0.007084,0.003008,0.001535
0.015641,0.018778,0.025416,0.028916,0.506040,0.095998,0.019612,0.117017,0.015262,0.157320
0.004460,0.000987,0.504027,0.024394,0.358575,0.013907,0.021622,0.050715,0.013870,0.007444
0.025951,0.083238,0.008879,0.057847,0.561310,0.005558,0.015205,0.012658,0.217539,0.011816
0.009524,0.006384,0.008879,0.073484,0.420869,0.004446,0.004826,0.069418,0.168453,0.233717
0.033591,0.022626,0.010411,0.024568,0.567032,0.103544,0.006191,0.107552,0.047174,0.077311
0.030057,0.004257,0.217214,0.013107,0.314083,0.033404,0.158822,0.039206,0.177274,0.012576
0.003964,0.001148,0.800280,0.036018,0.093776,0.018938,0.014918,0.016959,0.011383,0.002616
0.115119,0.019848,0.030299,0.073631,0.408721,0.054374,0.022845,0.085901,0.031518,0.157746
0.007228,0.002421,0.642700,0.005222,0.076409,0.003713,0.058324,0.022525,0.021301,0.160157
0.024020,0.140556,0.007847,0.066220,0.304232,0.076553,0.104060,0.133941,0.130751,0.011820
0.044581,0.005200,0.006050,0.018606,0.769955,0.082427,0.008843,0.029017,0.028062,0.007257
0.015008,0.000715,0.781415,0.008137,0.097015,0.035680,0.023859,0.022056,0.013106,0.003009
0.008386,0.000524,0.549561,0.007281,0.311128,0.010359,0.008944,0.039404,0.041620,0.022794
0.006248,0.003804,0.619756,0.011724,0.310594,0.018012,0.000682,0.010942,0.005991,0.012246
0.016850,0.132672,0.777015,0.008638,0.038810,0.010221,0.006978,0.007792,0.000609,0.000414
0.013543,0.000628,0.702087,0.005363,0.088940,0.020626,0.033143,0.052231,0.077426,0.006014
0.018248,0.015794,0.012404,0.146931,0.212426,0.088825,0.004420,0.236483,0.172823,0.091646
0.006187,0.003989,0.538121,0.040154,0.338330,0.009517,0.032369,0.019845,0.004811,0.006678
0.006373,0.033751,0.621707,0.007084,0.166732,0.000932,0.045343,0.015705,0.100630,0.001743
0.035485,0.001634,0.134672,0.116426,0.470159,0.061081,0.004668,0.086262,0.042305,0.047310
0.006898,0.001389,0.550729,0.026664,0.342706,0.000530,0.031644,0.008625,0.029704,0.001113
0.025076,0.170291,0.012880,0.203672,0.313469,0.037149,0.132964,0.053991,0.024519,0.025990
0.002385,0.039891,0.829213,0.000503,0.027463,0.008545,0.000525,0.006497,0.083508,0.001469
0.018881,0.001591,0.490855,0.005536,0.388238,0.004428,0.022112,0.026927,0.040198,0.001233
0.005268,0.055743,0.470976,0.001449,0.327405,0.000862,0.016532,0.016034,0.001543,0.104189
0.007379,0.001349,0.736517,0.042530,0.082110,0.010237,0.018221,0.056774,0.009211,0.035672
0.023458,0.003741,0.838182,0.003113,0.051351,0.001031,0.020811,0.016618,0.012839,0.028856
0.101178,0.249751,0.023289,0.006519,0.311271,0.090943,0.009853,0.041537,0.142704,0.022954
0.018102,0.005800,0.007426,0.016277,0.174755,0.065539,0.037150,0.039081,0.581695,0.054175
0.005522,0.003776,0.002808,0.061346,0.679000,0.001635,0.052869,0.017885,0.137957,0.037203
0.001835,0.000378,0.741400,0.001809,0.075986,0.000396,0.012623,0.004488,0.144844,0.016242
0.003664,0.179705,0.013947,0.069095,0.543757,0.054569,0.065326,0.038433,0.028360,0.003146
0.012239,0.006364,0.131445,0.109585,0.594962,0.020161,0.007793,0.048331,0.055061,0.014059
0.036990,0.008337,0.241329,0.017067,0.320601,0.066898,0.047656,0.037202,0.217570,0.006348
0.070357,0.085156,0.167095,0.064840,0.029106,0.085927,0.203849,0.140324,0.058316,0.095028
0.000975,0.220380,0.491591,0.027700,0.218348,0.012122,0.001588,0.020820,0.005551,0.000925
0.009609,0.001127,0.373997,0.024192,0.055995,0.007334,0.000423,0.011022,0.489946,0.026355
0.001049,0.000319,0.876971,0.002221,0.040118,0.014827,0.000212,0.034800,0.012964,0.016518
0.012942,0.020682,0.014839,0.032580,0.614447,0.009329,0.011581,0.049069,0.211861,0.022672
0.016812,0.002285,0.745458,0.049244,0.084221,0.002442,0.060229,0.010084,0.021229,0.007996
0.002101,0.223395,0.501152,0.002253,0.201554,0.013000,0.029233,0.010233,0.000620,0.016460
0.096034,0.121489,0.317412,0.043618,0.056870,0.053223,0.097090,0.087825,0.086101,0.040338
0.009666,0.007795,0.118307,0.015237,0.586131,0.023197,0.022255,0.036270,0.114185,0.066956
0.018316,0.002845,0.004888,0.048360,0.827924,0.043081,0.003087,0.020674,0.024031,0.006794
0.001511,0.001771,0.584155,0.017208,0.302761,0.018545,0.000212,0.060517,0.011727,0.001593
0.009357,0.001443,0.435296,0.091773,0.333442,0.015430,0.058766,0.016601,0.030908,0.006983
0.000603,0.000786,0.873385,0.024165,0.035964,0.007962,0.003114,0.014768,0.024566,0.014688
0.032065,0.004534,0.020750,0.065222,0.421381,0.161969,0.063015,0.155269,0.019362,0.056434
0.014458,0.000439,0.752610,0.016518,0.197730,0.000392,0.002010,0.002555,0.010569,0.002718
0.009843,0.019851,0.263806,0.059757,0.310972,0.051740,0.149218,0.037406,0.071149,0.026258
0.006634,0.072609,0.528203,0.018160,0.332596,0.000987,0.017230,0.018185,0.001829,0.003567
0.016304,0.000769,0.060781,0.010635,0.686861,0.017899,0.044090,0.082172,0.032845,0.047645
0.031750,0.006787,0.183686,0.078010,0.170804,0.012757,0.025039,0.071427,0.349230,0.070510
0.092541,0.011151,0.014465,0.053728,0.493792,0.060812,0.097375,0.052214,0.064704,0.059217
0.001190,0.124748,0.793685,0.000851,0.048766,0.011023,0.005923,0.008434,0.004609,0.000771
0.005330,0.002926,0.552066,0.028242,0.319050,0.017955,0.044276,0.008463,0.011680,0.010012
0.005291,0.356618,0.023401,0.076905,0.318723,0.022304,0.101341,0.054272,0.018384,0.022761
0.010305,0.000926,0.692054,0.024659,0.167306,0.000684,0.022878,0.021721,0.041678,0.017788
0.008563,0.000979,0.714088,0.063337,0.113723,0.010767,0.025748,0.022237,0.033482,0.007077
0.013210,0.002150,0.679475,0.008365,0.103234,0.033261,0.034126,0.025606,0.085303,0.015270
0.000593,0.000193,0.759735,0.022013,0.163440,0.011217,0.001071,0.015716,0.010588,0.015434
0.001347,0.000264,0.618320,0.025195,0.180434,0.004315,0.015242,0.010180,0.137093,0.007610
0.002652,0.051549,0.844438,0.009035,0.037842,0.006651,0.005038,0.010139,0.030762,0.001894
0.048646,0.165085,0.010941,0.079101,0.361865,0.098604,0.125350,0.038334,0.056174,0.015901
0.001139,0.001527,0.655677,0.020723,0.233921,0.008198,0.016404,0.012873,0.033435,0.016103
0.001374,0.001165,0.892349,0.003119,0.053644,0.017991,0.006844,0.014398,0.006761,0.002354
0.008684,0.004402,0.461126,0.024814,0.405335,0.027539,0.035067,0.012933,0.013370,0.006732
0.000709,0.270624,0.295089,0.009424,0.350841,0.005792,0.001088,0.035030,0.000788,0.030615
0.067513,0.021447,0.023540,0.066277,0.338327,0.017554,0.017253,0.055145,0.322073,0.070871
0.004802,0.300772,0.008997,0.006933,0.265599,0.116607,0.053740,0.090227,0.067984,0.084340
0.095779,0.114355,0.196557,0.044210,0.200365,0.047538,0.091275,0.085689,0.069306,0.054925
0.051637,0.005568,0.007527,0.061588,0.575201,0.019034,0.005323,0.019033,0.198391,0.056698
0.013856,0.009955,0.006386,0.096879,0.631950,0.052772,0.028985,0.063800,0.044253,0.051164
0.005305,0.103245,0.673792,0.023099,0.104518,0.014552,0.008434,0.012094,0.051081,0.003879
0.007586,0.003077,0.525313,0.040133,0.348669,0.016399,0.025460,0.011715,0.008537,0.013110
0.007376,0.005977,0.006325,0.083125,0.718733,0.003504,0.048955,0.033663,0.043178,0.049163
0.046842,0.184013,0.018931,0.155621,0.255679,0.009618,0.062035,0.151862,0.088801,0.026599
0.003634,0.001500,0.695221,0.013617,0.242259,0.001581,0.001963,0.013029,0.011689,0.015508
0.001731,0.001768,0.705692,0.028163,0.154807,0.000641,0.000465,0.010257,0.011475,0.085000
0.016746,0.008431,0.294714,0.013687,0.365964,0.025188,0.064087,0.029280,0.164982,0.016922
0.011520,0.016149,0.011634,0.024017,0.632475,0.032103,0.068086,0.056777,0.131853,0.015385
0.001272,0.147823,0.308587,0.001611,0.364064,0.004940,0.038383,0.002873,0.020516,0.109929
0.010478,0.175490,0.014070,0.040390,0.307229,0.049877,0.098452,0.020345,0.193462,0.090208
0.013452,0.001135,0.488582,0.009471,0.340036,0.028474,0.001238,0.044355,0.066328,0.006929
0.109914,0.084563,0.151613,0.090042,0.050563,0.085712,0.141045,0.133753,0.082517,0.070278
0.081337,0.214531,0.033818,0.084646,0.314736,0.053024,0.127582,0.021402,0.060065,0.008859
0.003097,0.000417,0.577547,0.010497,0.315527,0.015884,0.025242,0.044564,0.003076,0.004149
0.041315,0.004320,0.023067,0.058323,0.476799,0.123011,0.114822,0.088368,0.044597,0.025380
0.005529,0.228958,0.020972,0.007484,0.559555,0.047293,0.022672,0.078673,0.021126,0.007738
0.098037,0.109629,0.069923,0.063752,0.042804,0.110754,0.259287,0.066377,0.097934,0.081504
0.027792,0.001278,0.734768,0.011053,0.117058,0.025577,0.021133,0.015261,0.028714,0.017366
0.021148,0.002096,0.714195,0.014945,0.125192,0.026489,0.002655,0.022436,0.039399,0.031444
0.041038,0.001053,0.642859,0.070203,0.134906,0.037152,0.014185,0.030812,0.024504,0.003287
0.002471,0.221279,0.518932,0.001808,0.093801,0.006249,0.018833,0.091312,0.043692,0.001624
0.018552,0.116167,0.502502,0.027780,0.270583,0.003610,0.035074,0.021645,0.001127,0.002960
0.001630,0.197355,0.636065,0.022997,0.099417,0.007453,0.008833,0.003064,0.022031,0.001155
0.011169,0.000500,0.623386,0.005841,0.059361,0.012676,0.000373,0.046448,0.212322,0.027924
0.005207,0.003523,0.489308,0.006361,0.349711,0.007126,0.000411,0.009425,0.036792,0.092137
0.017524,0.000591,0.586065,0.009660,0.173428,0.000823,0.007465,0.013913,0.184028,0.006504
0.042727,0.007934,0.015252,0.074977,0.410807,0.123852,0.007280,0.067963,0.148685,0.100524
0.004760,0.004031,0.668070,0.006350,0.145093,0.029308,0.024754,0.024399,0.055702,0.037534
0.014870,0.028696,0.410230,0.008532,0.343125,0.000888,0.006706,0.045817,0.007233,0.133902
0.005541,0.000797,0.547912,0.080034,0.292348,0.018510,0.027792,0.011356,0.011542,0.004166
0.046300,0.014415,0.014561,0.050013,0.483933,0.170004,0.057939,0.055464,0.093745,0.013626
0.005882,0.009219,0.248749,0.011922,0.283068,0.074328,0.156124,0.054801,0.137463,0.018444
0.037100,0.005481,0.016908,0.041447,0.318659,0.145022,0.142466,0.159105,0.093992,0.039821
0.001841,0.012670,0.874150,0.001952,0.077141,0.000379,0.009625,0.001582,0.007062,0.013599
0.068734,0.114734,0.055544,0.091883,0.135019,0.127675,0.224954,0.074172,0.051315,0.055970
0.004910,0.009287,0.004897,0.054096,0.748320,0.049779,0.088072,0.020846,0.009894,0.009899
0.010571,0.000926,0.397716,0.025759,0.294353,0.003550,0.003301,0.042340,0.203231,0.018253
0.054108,0.023665,0.020360,0.052987,0.411267,0.106688,0.078415,0.091463,0.036508,0.124539
0.016179,0.001822,0.647667,0.059699,0.113329,0.031047,0.001407,0.023176,0.066200,0.039474
0.029872,0.232262,0.012148,0.043437,0.324357,0.094171,0.028485,0.051496,0.054998,0.128773
0.035352,0.058816,0.325008,0.047919,0.156152,0.048384,0.095822,0.092072,0.083603,0.056872
0.001784,0.000658,0.846950,0.022844,0.047380,0.007678,0.024950,0.011520,0.031291,0.004946
0.091159,0.112235,0.116473,0.136742,0.094387,0.087097,0.106484,0.051478,0.096586,0.107360
0.001943,0.118394,0.478659,0.002766,0.280623,0.011198,0.037908,0.041367,0.007478,0.019662
0.004710,0.005278,0.688350,0.115861,0.103019,0.008899,0.000712,0.023512,0.005348,0.044311
0.007392,0.282377,0.003030,0.007407,0.507734,0.028448,0.038376,0.039294,0.022982,0.062959
0.006182,0.000887,0.559567,0.029223,0.322303,0.005493,0.044641,0.011547,0.005088,0.015068
0.002815,0.002400,0.557040,0.034378,0.374680,0.000459,0.015138,0.007198,0.003157,0.002734
0.018097,0.005445,0.002616,0.041183,0.452880,0.028525,0.004570,0.018207,0.390252,0.038225
0.107507,0.067723,0.042113,0.090264,0.040002,0.058263,0.309909,0.118101,0.046417,0.119701
0.020681,0.005240,0.162690,0.090013,0.169418,0.018523,0.005335,0.045278,0.422402,0.060420
0.030626,0.046867,0.177595,0.012593,0.270433,0.025245,0.130077,0.062968,0.138865,0.104732
0.037025,0.000956,0.643614,0.008905,0.137331,0.019955,0.037569,0.025703,0.066908,0.022034
0.010472,0.001569,0.777554,0.046227,0.081828,0.012148,0.021206,0.042517,0.002258,0.004221
0.010981,0.001110,0.522902,0.005217,0.219281,0.002758,0.000182,0.041879,0.181365,0.014325
0.016710,0.008520,0.007636,0.126546,0.687510,0.005681,0.067065,0.048339,0.017425,0.014567
0.049493,0.087898,0.025205,0.107355,0.291413,0.015378,0.072964,0.027484,0.227860,0.094950
0.029551,0.011816,0.008504,0.010324,0.562519,0.005044,0.006286,0.017064,0.154149,0.194742
0.029738,0.003419,0.011994,0.026433,0.199668,0.100828,0.004027,0.048625,0.539485,0.035783
0.114239,0.190383,0.059735,0.014725,0.413916,0.032154,0.046328,0.106722,0.013812,0.007986
0.008748,0.002784,0.005318,0.033495,0.379950,0.125713,0.082460,0.017997,0.339008,0.004529
0.031235,0.091439,0.180037,0.024672,0.405098,0.046817,0.042510,0.063894,0.085525,0.028773
0.011289,0.145024,0.009881,0.013788,0.522147,0.101606,0.101472,0.026547,0.058057,0.010188
0.112852,0.101826,0.064253,0.099284,0.046473,0.102710,0.264524,0.085254,0.056950,0.065873
0.051305,0.011552,0.007319,0.118397,0.388676,0.002628,0.053441,0.049329,0.251994,0.065359
0.013406,0.026699,0.011187,0.019839,0.796071,0.007075,0.046476,0.018136,0.011166,0.049946
0.008264,0.000586,0.444554,0.037779,0.301783,0.018861,0.001407,0.009443,0.173100,0.004224
0.094965,0.076678,0.136297,0.047874,0.023705,0.075890,0.349790,0.114940,0.028480,0.051382
0.002586,0.003941,0.440960,0.017636,0.334752,0.009491,0.033959,0.011071,0.035947,0.109658
0.015292,0.003904,0.697606,0.049080,0.136632,0.011660,0.003989,0.025894,0.034631,0.021311
0.001958,0.000292,0.760468,0.024974,0.171547,0.011493,0.000304,0.005384,0.002325,0.021254
0.000798,0.000785,0.689069,0.003251,0.213615,0.006751,0.013117,0.023297,0.029558,0.019758
0.010962,0.001612,0.638393,0.016366,0.195803,0.018376,0.053179,0.019831,0.017719,0.027759
0.004401,0.003532,0.004684,0.021850,0.873470,0.011697,0.007714,0.020834,0.014450,0.037368
0.014197,0.003426,0.003129,0.046504,0.465832,0.059683,0.001471,0.019372,0.351210,0.035176
0.009244,0.001835,0.529281,0.005646,0.388679,0.026092,0.006886,0.013304,0.017689,0.001344
0.110641,0.121315,0.144052,0.064460,0.086297,0.142333,0.111163,0.076390,0.087392,0.055957
0.005441,0.168515,0.437760,0.001939,0.295799,0.013273,0.050793,0.018331,0.001309,0.006840
0.032938,0.010829,0.009332,0.013775,0.257458,0.105793,0.036914,0.031190,0.444778,0.056993
0.010425,0.010804,0.008332,0.028688,0.831760,0.004773,0.036543,0.042596,0.007593,0.018486
0.088745,0.012804,0.033167,0.021320,0.508961,0.014376,0.133568,0.078689,0.088196,0.020175
0.015560,0.003492,0.739056,0.004667,0.151142,0.000695,0.043543,0.007777,0.027518,0.006549
0.083209,0.053409,0.025327,0.013685,0.518115,0.011241,0.045929,0.109927,0.109827,0.029331
0.003002,0.000799,0.577846,0.024821,0.271154,0.018168,0.003251,0.035392,0.059633,0.005933
0.004052,0.001827,0.894347,0.005206,0.046194,0.003030,0.012993,0.009675,0.008020,0.014655
0.002641,0.108177,0.547018,0.045225,0.203905,0.009583,0.012546,0.001702,0.037777,0.031427
0.003120,0.002301,0.633139,0.003972,0.233637,0.000211,0.011758,0.004985,0.043953,0.062924
0.007194,0.002381,0.394855,0.029709,0.192877,0.002041,0.019675,0.013878,0.320068,0.017321
0.047375,0.009648,0.011354,0.177835,0.356628,0.158402,0.030736,0.133133,0.058353,0.016534
0.014206,0.013674,0.193966,0.013539,0.186139,0.020895,0.075084,0.118140,0.294322,0.070036
0.024225,0.006519,0.004545,0.012726,0.687037,0.011391,0.009125,0.018482,0.068211,0.157738
0.035223,0.000667,0.739476,0.008545,0.109789,0.027612,0.032608,0.017410,0.025870,0.002801
0.004447,0.088637,0.470444,0.010969,0.395018,0.003639,0.015760,0.007752,0.001051,0.002283
0.006038,0.000644,0.788222,0.030926,0.127387,0.000553,0.017994,0.010262,0.003746,0.014228
0.006335,0.001791,0.162731,0.109368,0.256525,0.057720,0.003557,0.025016,0.052470,0.324487
0.018483,0.003898,0.017804,0.044442,0.498280,0.221887,0.018777,0.081210,0.078779,0.016442
0.098530,0.099610,0.121780,0.066292,0.156575,0.104112,0.103431,0.062372,0.067622,0.119677
0.008469,0.001130,0.904563,0.010673,0.031790,0.000649,0.018359,0.021132,0.000764,0.002471
0.009667,0.150904,0.004530,0.004253,0.360148,0.022488,0.037728,0.053728,0.299742,0.056813
0.054647,0.056657,0.392998,0.031728,0.256534,0.049016,0.041496,0.054978,0.036231,0.025717
0.018501,0.001265,0.697764,0.010902,0.126301,0.010070,0.043011,0.026929,0.007542,0.057713
0.086165,0.107920,0.068243,0.103795,0.059477,0.120793,0.156710,0.063536,0.147823,0.085537
0.006786,0.009750,0.011828,0.092769,0.244351,0.130718,0.006801,0.055744,0.407722,0.033530
0.002386,0.000744,0.856660,0.006167,0.056686,0.015269,0.000698,0.007838,0.049225,0.004328
0.001171,0.001743,0.703066,0.004523,0.257241,0.000463,0.003502,0.016304,0.010175,0.001814
0.106829,0.092953,0.136348,0.093683,0.087951,0.110417,0.115333,0.091571,0.083585,0.081331
0.010828,0.144656,0.008339,0.146489,0.478135,0.052856,0.029574,0.018218,0.079559,0.031346
0.001667,0.058416,0.834904,0.004788,0.031059,0.006561,0.010317,0.048397,0.001348,0.002543
0.020085,0.002071,0.004842,0.014738,0.216536,0.035659,0.043704,0.034890,0.489899,0.137577
0.005275,0.000347,0.563986,0.014001,0.186132,0.009530,0.017881,0.024880,0.154519,0.023451
0.000955,0.078860,0.624425,0.006031,0.241674,0.014906,0.016470,0.007153,0.007124,0.002401
0.008670,0.000523,0.291917,0.004299,0.143413,0.005633,0.012474,0.008023,0.499159,0.025887
0.021136,0.001916,0.003989,0.073605,0.620678,0.036024,0.037498,0.080887,0.089587,0.034679
0.003129,0.000672,0.729456,0.004943,0.226668,0.004364,0.006852,0.007150,0.011917,0.004850
0.092706,0.121605,0.166012,0.044035,0.098777,0.103205,0.110940,0.146350,0.065603,0.050767
0.003035,0.002755,0.708722,0.032283,0.154374,0.002197,0.001741,0.003283,0.082121,0.009488
0.004608,0.003507,0.511781,0.008472,0.281836,0.003568,0.003763,0.037372,0.128656,0.016438
0.005868,0.006888,0.858684,0.008449,0.097844,0.000299,0.002673,0.015061,0.003504,0.000731
0.001323,0.001403,0.514450,0.008313,0.388408,0.010792,0.019085,0.008575,0.045925,0.001727
0.111335,0.008952,0.017289,0.177430,0.408880,0.084856,0.015527,0.092845,0.011441,0.071446
0.006164,0.003201,0.618295,0.011380,0.320105,0.000907,0.017075,0.009924,0.010625,0.002324
0.013250,0.003237,0.760770,0.007376,0.087342,0.015513,0.014699,0.014071,0.081460,0.002282
0.032008,0.014572,0.284323,0.039449,0.361629,0.082157,0.018232,0.064854,0.084513,0.018262
0.040832,0.008048,0.008475,0.075653,0.708133,0.004170,0.007072,0.074568,0.019321,0.053728
0.078276,0.122437,0.134170,0.109599,0.116812,0.143672,0.096735,0.058552,0.068824,0.070921
0.065255,0.003047,0.076527,0.019803,0.400154,0.047768,0.003992,0.027371,0.318473,0.037610
0.005736,0.002168,0.916486,0.004089,0.044619,0.001009,0.001310,0.016182,0.003293,0.005110
0.033981,0.062926,0.403811,0.032532,0.198378,0.054649,0.069738,0.063396,0.039490,0.041099
0.010384,0.009815,0.006401,0.139819,0.604326,0.058957,0.049435,0.060811,0.026480,0.033571
0.003039,0.001367,0.175943,0.018002,0.146886,0.009716,0.015827,0.006079,0.620961,0.002179
0.031008,0.010297,0.095929,0.102080,0.596371,0.046580,0.005483,0.021953,0.081214,0.009086
0.024556,0.001222,0.005360,0.083427,0.426597,0.059287,0.057651,0.031198,0.101006,0.209696
0.006507,0.000408,0.602149,0.004865,0.220815,0.000278,0.019027,0.006010,0.122517,0.017423
0.002804,0.003329,0.501134,0.023989,0.320391,0.022669,0.049865,0.010231,0.060964,0.004624
0.141516,0.028968,0.037165,0.029708,0.414510,0.020448,0.020834,0.096408,0.068494,0.141948
0.001767,0.000607,0.873733,0.019962,0.039674,0.002964,0.023573,0.029875,0.007153,0.000692
0.006019,0.000410,0.480541,0.005354,0.369066,0.021967,0.023492,0.044382,0.019144,0.029624
0.001913,0.060673,0.319894,0.006329,0.100362,0.008274,0.076581,0.003792,0.420109,0.002072
0.053907,0.070035,0.205905,0.081662,0.146138,0.087751,0.064805,0.033728,0.193441,0.062629
0.066177,0.029675,0.024611,0.025672,0.424723,0.141396,0.014711,0.061330,0.048125,0.163580
0.010735,0.011054,0.012113,0.147601,0.562966,0.008182,0.148477,0.036076,0.050928,0.011868
0.003516,0.001263,0.562939,0.029703,0.322564,0.017178,0.004789,0.042125,0.001041,0.014882
0.134803,0.110009,0.115814,0.101931,0.089241,0.101479,0.114062,0.056190,0.073230,0.103244
0.015901,0.011197,0.014622,0.154868,0.262309,0.007434,0.069760,0.066756,0.385802,0.011352
0.008602,0.002710,0.493286,0.039242,0.404499,0.019967,0.020432,0.008267,0.001780,0.001215
0.069307,0.084158,0.118946,0.047614,0.208784,0.079600,0.068014,0.048602,0.231908,0.043068
0.043315,0.120052,0.145723,0.043025,0.218161,0.073280,0.111744,0.069316,0.105192,0.070192
0.028156,0.002936,0.810340,0.012177,0.086064,0.011435,0.003063,0.041502,0.002489,0.001838
0.073393,0.161441,0.175882,0.054091,0.224295,0.049478,0.070783,0.089890,0.055153,0.045594
0.002952,0.063950,0.679430,0.002570,0.218535,0.004322,0.024769,0.001771,0.001132,0.000569
0.027257,0.003189,0.637806,0.004648,0.077153,0.001050,0.018881,0.079891,0.001852,0.148273
0.011966,0.001056,0.002237,0.039004,0.738944,0.026101,0.009129,0.010511,0.019798,0.141255
0.002413,0.003324,0.236422,0.007534,0.182426,0.012836,0.010505,0.006719,0.529618,0.008203
0.009107,0.003482,0.534366,0.006320,0.328804,0.026083,0.014894,0.054329,0.006857,0.015758
0.008083,0.001690,0.527290,0.006465,0.387196,0.007665,0.007310,0.039084,0.011530,0.003686
0.011710,0.002296,0.548882,0.010487,0.315896,0.009691,0.000827,0.074194,0.021158,0.004860
0.000692,0.077773,0.399047,0.006374,0.315912,0.006860,0.030900,0.008334,0.125625,0.028484
0.015567,0.017293,0.020872,0.084253,0.442591,0.012440,0.047558,0.060347,0.281489,0.017590
0.058593,0.221719,0.004912,0.055662,0.244515,0.068801,0.033526,0.165401,0.139688,0.007183
0.001340,0.057805,0.687531,0.025538,0.196109,0.000670,0.015895,0.006292,0.007593,0.001227
0.015278,0.002021,0.614933,0.022670,0.053559,0.000506,0.023233,0.045432,0.202030,0.020339
0.007191,0.001787,0.555865,0.037886,0.306361,0.006619,0.041238,0.010828,0.018666,0.013559
0.028242,0.001941,0.104498,0.021740,0.677341,0.058310,0.002488,0.025628,0.022509,0.057304
0.033491,0.224384,0.011627,0.025703,0.363076,0.120763,0.031623,0.121462,0.055302,0.012570
0.011727,0.017470,0.314648,0.008026,0.227276,0.017798,0.007356,0.017770,0.365579,0.012349
0.109029,0.101496,0.060536,0.101585,0.041362,0.108618,0.231693,0.059732,0.095771,0.090178
0.043328,0.223772,0.003484,0.047264,0.340543,0.021832,0.033001,0.155950,0.080855,0.049971
0.000904,0.052811,0.872723,0.001877,0.036067,0.010356,0.010794,0.009949,0.003475,0.001045
0.010646,0.099836,0.441363,0.004249,0.325476,0.003678,0.021827,0.006259,0.070285,0.016381
0.052514,0.018760,0.035189,0.124174,0.387640,0.015835,0.085463,0.115660,0.022588,0.142178
0.032263,0.006790,0.006933,0.015841,0.732195,0.003260,0.059135,0.046068,0.033601,0.063915
0.004008,0.127928,0.371672,0.001488,0.283318,0.013416,0.001226,0.025150,0.167579,0.004215
0.011024,0.000739,0.649719,0.059413,0.100009,0.032663,0.028606,0.010072,0.063152,0.044603
0.023002,0.049838,0.390879,0.028444,0.226563,0.061249,0.071509,0.043893,0.073648,0.030977
0.006715,0.001036,0.483227,0.007834,0.380396,0.013403,0.026930,0.047063,0.005427,0.027969
0.003896,0.001927,0.005544,0.017133,0.818196,0.076059,0.014353,0.023791,0.031220,0.007882
0.002842,0.008071,0.749950,0.044887,0.062875,0.000992,0.009886,0.021073,0.061383,0.038040
0.011031,0.005016,0.015256,0.029428,0.342708,0.057120,0.070914,0.057270,0.061645,0.349611
0.012035,0.296703,0.017406,0.032189,0.364961,0.111411,0.010982,0.068503,0.068965,0.016847
0.022286,0.005852,0.093882,0.013038,0.588466,0.021692,0.104892,0.032737,0.086982,0.030173
0.003095,0.002557,0.303881,0.006332,0.049819,0.005809,0.011152,0.012491,0.597493,0.007370
0.027891,0.004593,0.011126,0.017422,0.634950,0.083070,0.013396,0.057603,0.130771,0.019179
0.001552,0.001303,0.672352,0.053467,0.134367,0.018602,0.029563,0.038559,0.022730,0.027506
0.019998,0.010047,0.030749,0.021867,0.350105,0.017359,0.019282,0.027488,0.219701,0.283404
0.007397,0.070780,0.462749,0.002148,0.391293,0.001319,0.011185,0.026879,0.001823,0.024428
0.001482,0.143992,0.533409,0.001701,0.097168,0.029028,0.023152,0.049351,0.073424,0.047293
0.012184,0.001911,0.542939,0.005960,0.355343,0.035975,0.000720,0.033738,0.009242,0.001988
0.008216,0.002586,0.637895,0.008858,0.282485,0.029199,0.003882,0.011181,0.010757,0.004941
0.017689,0.004610,0.684268,0.083845,0.118455,0.037279,0.005187,0.022504,0.018458,0.007705
0.060895,0.018523,0.018899,0.071714,0.436917,0.038293,0.006127,0.099322,0.084105,0.165207
0.002074,0.000535,0.702671,0.004811,0.135001,0.002778,0.005589,0.003941,0.099585,0.043015
0.035233,0.008818,0.024190,0.304228,0.378542,0.047640,0.007104,0.085367,0.045336,0.063540
0.080314,0.089229,0.058838,0.058608,0.095703,0.085459,0.253549,0.106080,0.075897,0.096325
0.092327,0.087654,0.068051,0.105285,0.047183,0.084442,0.212589,0.160166,0.068984,0.073320
0.005159,0.000316,0.791882,0.001324,0.029442,0.000705,0.012975,0.010501,0.146751,0.000946
0.029516,0.008126,0.006241,0.082331,0.469765,0.004273,0.062633,0.115276,0.206061,0.015779
0.029005,0.011265,0.007281,0.013524,0.696398,0.089618,0.033389,0.084676,0.024029,0.010815
0.002245,0.099462,0.498400,0.020862,0.270341,0.011482,0.033170,0.007873,0.031235,0.024931
0.005653,0.000468,0.543848,0.031960,0.370217,0.005027,0.000928,0.036436,0.003381,0.002081
