0.015010,0.151600,0.025783,0.014834,0.018697,0.035246,0.063372,0.018846,0.604064,0.052549
0.014224,0.007644,0.007666,0.008007,0.014187,0.011193,0.011156,0.702693,0.217853,0.005378
0.009607,0.124044,0.442584,0.009897,0.017558,0.067298,0.081657,0.007384,0.008533,0.231437
0.069491,0.439908,0.275519,0.061804,0.018415,0.007406,0.009621,0.006912,0.007635,0.103290
0.005747,0.313586,0.119246,0.006075,0.352960,0.005445,0.012165,0.005694,0.084894,0.094187
0.188261,0.025733,0.624328,0.007253,0.022893,0.052754,0.011518,0.005960,0.047121,0.014179
0.011343,0.089062,0.009467,0.009723,0.010777,0.010803,0.013424,0.799039,0.038797,0.007563
0.008791,0.525757,0.011168,0.069786,0.008941,0.009267,0.017864,0.008323,0.303101,0.037003
0.008618,0.012879,0.026432,0.138126,0.690876,0.010834,0.008193,0.009653,0.082846,0.011543
0.003516,0.045594,0.197834,0.044230,0.006177,0.006475,0.027886,0.589065,0.004083,0.075140
0.020556,0.017598,0.473718,0.021559,0.021134,0.019646,0.234932,0.157402,0.017936,0.015519
0.028268,0.026349,0.038083,0.029991,0.030494,0.031366,0.347989,0.305996,0.082550,0.078914
0.114676,0.003164,0.005482,0.004092,0.269034,0.011300,0.015745,0.411551,0.155097,0.009859
0.009879,0.008005,0.012764,0.007181,0.442371,0.012358,0.094533,0.007968,0.316831,0.088110
0.012943,0.009974,0.305887,0.342943,0.011455,0.010974,0.018793,0.231288,0.044030,0.011713
0.004731,0.469145,0.012676,0.004935,0.471260,0.006432,0.013599,0.006235,0.005632,0.005354
0.003046,0.249541,0.468793,0.004609,0.004574,0.022646,0.002766,0.124245,0.116523,0.003258
0.153898,0.042651,0.124504,0.005856,0.036691,0.056774,0.005723,0.153084,0.352602,0.068216
0.153859,0.319858,0.057167,0.006276,0.005286,0.034768,0.008279,0.004718,0.293669,0.116120
0.005216,0.005617,0.111648,0.006700,0.433237,0.006425,0.111141,0.006688,0.161752,0.151576
0.003174,0.002797,0.337032,0.046422,0.005359,0.020035,0.026630,0.348432,0.191225,0.018895
0.165243,0.045510,0.024039,0.025578,0.024189,0.035651,0.177345,0.177876,0.020391,0.304178
0.012650,0.096446,0.253133,0.091584,0.030238,0.015098,0.036299,0.091373,0.363010,0.010168
0.049345,0.018677,0.031088,0.013140,0.018646,0.016312,0.076001,0.250889,0.511266,0.014636
0.060064,0.347328,0.015030,0.004444,0.340511,0.010009,0.008020,0.093677,0.116078,0.004840
0.097635,0.517070,0.014794,0.277788,0.010919,0.010436,0.018859,0.007181,0.037979,0.007338
0.025358,0.004894,0.089347,0.006950,0.408404,0.019190,0.027969,0.094172,0.319478,0.004237
0.170070,0.069067,0.008160,0.011786,0.384320,0.035809,0.102742,0.123981,0.005449,0.088616
0.144680,0.010769,0.090298,0.011015,0.013563,0.018405,0.034691,0.197276,0.470047,0.009256
0.010847,0.033695,0.039277,0.016449,0.012162,0.012184,0.019353,0.180307,0.461019,0.214707
0.006777,0.008729,0.354841,0.222459,0.007767,0.007491,0.081795,0.007569,0.226431,0.076142
0.025159,0.006734,0.364062,0.084591,0.035974,0.011724,0.014201,0.007524,0.297203,0.152827
0.249410,0.031538,0.027113,0.027645,0.027687,0.036993,0.087564,0.368567,0.119283,0.024199
0.008485,0.008287,0.011173,0.012349,0.605965,0.015088,0.018599,0.106869,0.203153,0.010032
0.075392,0.151471,0.085018,0.003613,0.215080,0.004843,0.015761,0.264105,0.139170,0.045548
0.006611,0.302010,0.006165,0.161621,0.005842,0.007566,0.046576,0.452249,0.006007,0.005353
0.010070,0.613172,0.046710,0.013082,0.015967,0.073980,0.200574,0.009659,0.009069,0.007717
0.054732,0.208275,0.043957,0.029691,0.029108,0.022903,0.127593,0.021748,0.441984,0.020008
0.007144,0.002980,0.367090,0.002873,0.245688,0.031737,0.008291,0.104942,0.207551,0.021704
0.149650,0.006921,0.011381,0.207346,0.008818,0.007730,0.010227,0.584754,0.006774,0.006400
0.012253,0.012701,0.021969,0.012524,0.775968,0.016045,0.052538,0.015053,0.069049,0.011900
0.022655,0.527961,0.015101,0.294156,0.019051,0.043289,0.016461,0.006955,0.047241,0.007131
0.008202,0.005736,0.430464,0.064091,0.017360,0.014507,0.085889,0.097119,0.266166,0.010468
0.014468,0.417387,0.232876,0.007156,0.018767,0.007684,0.011963,0.005224,0.266561,0.017913
0.016839,0.006414,0.020962,0.061364,0.008894,0.008803,0.015789,0.624851,0.112955,0.123129
0.004644,0.324256,0.009899,0.005525,0.014010,0.039338,0.041041,0.551998,0.005272,0.004017
0.086233,0.008933,0.368437,0.078623,0.008287,0.012051,0.047420,0.123254,0.251737,0.015026
0.020228,0.058013,0.038630,0.031046,0.060971,0.030821,0.119376,0.025320,0.392546,0.223050
0.008983,0.086153,0.010187,0.009872,0.012497,0.009986,0.022106,0.820137,0.009283,0.010796
0.168166,0.406035,0.011819,0.225115,0.018292,0.008148,0.086848,0.063184,0.006496,0.005896
0.014637,0.176180,0.086828,0.017230,0.066214,0.026453,0.111349,0.282712,0.018045,0.200353
0.008568,0.007183,0.142301,0.006356,0.504417,0.007703,0.106142,0.154768,0.056599,0.005963
0.006681,0.007596,0.011679,0.006831,0.008779,0.008839,0.010342,0.917903,0.007676,0.013674
0.010820,0.540853,0.146866,0.008374,0.010005,0.012032,0.101333,0.009577,0.148589,0.011551
0.002995,0.191514,0.112519,0.099358,0.186955,0.003039,0.004304,0.393420,0.002739,0.003158
0.009251,0.233139,0.018056,0.004492,0.261230,0.020959,0.002657,0.425617,0.021607,0.002992
0.128618,0.337081,0.166852,0.003529,0.316415,0.005505,0.011405,0.004564,0.021158,0.004874
0.026436,0.005524,0.257668,0.015556,0.015389,0.044928,0.123802,0.150300,0.353676,0.006721
0.005235,0.380204,0.009695,0.003862,0.311584,0.004725,0.025880,0.004893,0.233857,0.020064
0.004191,0.383481,0.009740,0.004132,0.348412,0.005143,0.022881,0.094536,0.123289,0.004195
0.118316,0.009113,0.012427,0.009890,0.586391,0.010942,0.064949,0.011067,0.010640,0.166265
0.010304,0.011539,0.027779,0.010324,0.043352,0.013744,0.166847,0.206114,0.496163,0.013833
0.009978,0.484093,0.009978,0.254541,0.008677,0.013796,0.018254,0.009878,0.111807,0.078998
0.009928,0.028601,0.276695,0.092935,0.012428,0.014694,0.008412,0.162095,0.385200,0.009011
0.008442,0.018879,0.008006,0.006543,0.008543,0.010377,0.039633,0.628505,0.234203,0.036868
0.011983,0.006579,0.094376,0.223956,0.440241,0.014240,0.018006,0.129580,0.045666,0.015372
0.013365,0.016110,0.583302,0.016622,0.025231,0.142833,0.062163,0.014215,0.115909,0.010250
0.004097,0.191684,0.081737,0.005782,0.005403,0.005059,0.038135,0.612872,0.009248,0.045983
0.003477,0.182672,0.003508,0.003229,0.246783,0.018716,0.026702,0.492654,0.017328,0.004930
0.018404,0.021069,0.050731,0.028852,0.080027,0.169163,0.052210,0.418233,0.145336,0.015977
0.023938,0.085560,0.096036,0.007389,0.474572,0.060969,0.057420,0.127461,0.049323,0.017331
0.005937,0.009012,0.649374,0.008712,0.045958,0.025377,0.019308,0.007730,0.220634,0.007958
0.025498,0.707138,0.011721,0.014714,0.015504,0.013204,0.024877,0.139823,0.033660,0.013860
0.015360,0.016255,0.483688,0.018461,0.019814,0.024446,0.059413,0.280922,0.065549,0.016091
0.008829,0.011400,0.012846,0.084924,0.554048,0.017986,0.120383,0.144043,0.030247,0.015293
0.005909,0.068267,0.262541,0.008522,0.400566,0.006731,0.093749,0.006493,0.141845,0.005378
0.011685,0.013718,0.232604,0.015069,0.061634,0.014955,0.080033,0.379572,0.091969,0.098761
0.069900,0.309554,0.006970,0.005209,0.329888,0.011294,0.092671,0.144004,0.025498,0.005012
0.178098,0.004640,0.013679,0.012290,0.375288,0.036139,0.047306,0.006619,0.185702,0.140237
0.006571,0.005161,0.033460,0.004909,0.008079,0.009242,0.010137,0.742872,0.110167,0.069404
0.033525,0.039953,0.026438,0.005922,0.515915,0.073663,0.062794,0.005919,0.230657,0.005214
0.337956,0.012239,0.040097,0.013531,0.034058,0.096983,0.092043,0.012071,0.351723,0.009301
0.002458,0.033777,0.282050,0.002835,0.186546,0.021587,0.005359,0.376191,0.018525,0.070673
0.029937,0.183404,0.003852,0.026013,0.226704,0.005084,0.006328,0.400541,0.114624,0.003513
0.023856,0.020182,0.038905,0.028707,0.028924,0.027664,0.073544,0.398895,0.324928,0.034394
0.005869,0.004856,0.016446,0.009081,0.388732,0.037854,0.123598,0.132836,0.234639,0.046089
0.002637,0.016200,0.385694,0.003904,0.252677,0.022870,0.027537,0.075591,0.209782,0.003107
0.155071,0.004407,0.541175,0.005774,0.029519,0.016551,0.095658,0.004015,0.144021,0.003808
0.031866,0.029616,0.057275,0.028170,0.038414,0.038016,0.056456,0.034131,0.138225,0.547830
0.183653,0.011811,0.028822,0.011520,0.056768,0.103961,0.007297,0.190249,0.318885,0.087034
0.011301,0.016428,0.023913,0.015911,0.777160,0.021599,0.023498,0.012654,0.070539,0.026996
0.006286,0.009110,0.007648,0.215128,0.017987,0.007725,0.010344,0.615440,0.103535,0.006796
0.007389,0.009203,0.154678,0.006448,0.511038,0.013419,0.029770,0.156854,0.053176,0.058024
0.021086,0.022152,0.453455,0.015304,0.019398,0.025521,0.044570,0.017122,0.348727,0.032664
0.008047,0.536681,0.009978,0.010943,0.010046,0.015281,0.017112,0.008881,0.370693,0.012339
0.008431,0.008418,0.223938,0.005800,0.411752,0.009851,0.016966,0.007367,0.230067,0.077409
0.007093,0.005649,0.114742,0.008324,0.469718,0.016268,0.023587,0.139233,0.166637,0.048748
0.004666,0.339640,0.144535,0.004596,0.321124,0.005678,0.067933,0.005035,0.101786,0.005007
0.021497,0.019255,0.311422,0.027693,0.028975,0.193411,0.047916,0.017002,0.159811,0.173018
0.010395,0.008618,0.011147,0.008905,0.544554,0.015293,0.016199,0.009430,0.319229,0.056230
0.018875,0.016357,0.022678,0.134585,0.017924,0.024095,0.033571,0.228472,0.488788,0.014655
0.043010,0.038104,0.076315,0.037476,0.125775,0.166164,0.391580,0.046020,0.042443,0.033112
0.009567,0.007249,0.211514,0.249573,0.451888,0.011132,0.030844,0.007096,0.007471,0.013666
0.004029,0.025637,0.131347,0.008543,0.375209,0.049981,0.042698,0.114152,0.233918,0.014485
0.009109,0.011917,0.010672,0.008265,0.549904,0.014373,0.016332,0.152721,0.043373,0.183335
0.004585,0.040284,0.008367,0.004995,0.311285,0.005902,0.024439,0.549490,0.004079,0.046575
0.010479,0.007968,0.023587,0.023411,0.641647,0.009120,0.053117,0.009445,0.009272,0.211953
0.021519,0.013831,0.126745,0.015384,0.030557,0.015438,0.023239,0.015431,0.490856,0.247000
0.004344,0.312645,0.192968,0.006251,0.361174,0.004933,0.018446,0.090297,0.004610,0.004333
0.016768,0.082892,0.096357,0.005275,0.453371,0.062734,0.004581,0.004988,0.267160,0.005874
0.019164,0.019715,0.703728,0.024345,0.022768,0.032818,0.031678,0.019226,0.109410,0.017147
0.005718,0.005939,0.202560,0.006916,0.477057,0.006368,0.037386,0.109054,0.023373,0.125629
0.007037,0.009250,0.010414,0.010858,0.008032,0.010943,0.084080,0.845306,0.007695,0.006385
0.103904,0.220909,0.004502,0.004822,0.004479,0.005590,0.006971,0.369461,0.194107,0.085254
0.035852,0.034226,0.191592,0.040423,0.262952,0.278673,0.027187,0.050804,0.038634,0.039657
0.013329,0.100569,0.325899,0.098251,0.011229,0.015154,0.017805,0.174748,0.184848,0.058169
0.007492,0.100994,0.294938,0.012774,0.012551,0.052791,0.067702,0.223967,0.221048,0.005743
0.008830,0.011526,0.009999,0.012592,0.660100,0.014835,0.043637,0.009985,0.193683,0.034814
0.003602,0.248507,0.018189,0.003996,0.244776,0.020239,0.006433,0.430138,0.020391,0.003729
0.010256,0.009853,0.009458,0.013484,0.463381,0.008555,0.013366,0.132082,0.323646,0.015919
0.007894,0.008980,0.418476,0.008836,0.056510,0.035322,0.051897,0.305953,0.096600,0.009531
0.037666,0.028459,0.065760,0.027859,0.092209,0.361683,0.281105,0.034484,0.034796,0.035978
0.018076,0.026279,0.022167,0.021722,0.022185,0.040268,0.259130,0.168335,0.387846,0.033992
0.006619,0.006213,0.351406,0.005796,0.437373,0.018419,0.025961,0.092837,0.047716,0.007661
0.015778,0.019913,0.025236,0.013741,0.018083,0.018564,0.023922,0.242240,0.571637,0.050887
0.051645,0.012368,0.010114,0.114179,0.222210,0.025773,0.006289,0.423337,0.085720,0.048365
0.152316,0.006389,0.090062,0.212019,0.367018,0.009434,0.013152,0.005703,0.138911,0.004996
0.022447,0.023298,0.036650,0.028044,0.025418,0.020752,0.042038,0.204862,0.579930,0.016561
0.035609,0.011558,0.012422,0.019673,0.030446,0.031057,0.207069,0.010588,0.411550,0.230028
0.019281,0.037581,0.241909,0.017506,0.039830,0.021713,0.022860,0.299760,0.284673,0.014888
0.008525,0.387601,0.177423,0.008967,0.007235,0.007836,0.012513,0.113728,0.266760,0.009412
0.005927,0.352458,0.223805,0.005068,0.007150,0.006898,0.011855,0.100861,0.257373,0.028606
0.024996,0.027630,0.039950,0.043339,0.064022,0.084708,0.017338,0.488106,0.185208,0.024703
0.002815,0.004195,0.414251,0.003932,0.238353,0.024164,0.078505,0.104141,0.100715,0.028930
0.007798,0.015267,0.009813,0.006992,0.007242,0.007298,0.074472,0.833834,0.027472,0.009812
0.040358,0.016084,0.376175,0.016769,0.017166,0.031427,0.034056,0.231238,0.017025,0.219702
0.008787,0.123839,0.537891,0.020438,0.019714,0.017704,0.077888,0.135013,0.010370,0.048356
0.602867,0.025064,0.036851,0.033090,0.081221,0.035042,0.041615,0.028042,0.086779,0.029430
0.013761,0.703532,0.013773,0.010699,0.012224,0.013759,0.021506,0.011925,0.187159,0.011660
0.007675,0.011084,0.013234,0.010127,0.513189,0.013024,0.014925,0.107383,0.300830,0.008529
0.215337,0.573962,0.109503,0.008385,0.008923,0.007161,0.055541,0.007340,0.007777,0.006072
0.011606,0.579441,0.186468,0.008525,0.020886,0.011096,0.024482,0.009300,0.139069,0.009127
0.014679,0.579405,0.072294,0.013371,0.028428,0.022321,0.068986,0.184544,0.008791,0.007181
0.008187,0.426127,0.011789,0.007143,0.019392,0.012039,0.013089,0.087798,0.305132,0.109305
0.019379,0.014730,0.023538,0.018209,0.018182,0.018649,0.203600,0.133743,0.522189,0.027781
0.177185,0.368553,0.034180,0.005037,0.010853,0.031699,0.102404,0.005611,0.237618,0.026860
0.032714,0.007068,0.141444,0.018914,0.552179,0.014244,0.151180,0.008517,0.067341,0.006399
0.002748,0.212239,0.039368,0.003202,0.195642,0.003424,0.002083,0.320820,0.160159,0.060316
0.249854,0.009049,0.031623,0.006392,0.537912,0.024453,0.062226,0.009498,0.063195,0.005798
0.023862,0.008672,0.016710,0.011603,0.047656,0.072504,0.007361,0.217208,0.429099,0.165325
0.153796,0.005078,0.287208,0.007199,0.359241,0.005906,0.034455,0.136900,0.005634,0.004582
0.004711,0.007464,0.009769,0.006423,0.452446,0.043218,0.123247,0.120395,0.179751,0.052576
0.003936,0.286129,0.031021,0.175173,0.273508,0.010546,0.026158,0.077452,0.004289,0.111788
0.002735,0.014521,0.055918,0.140419,0.243183,0.005091,0.013541,0.411823,0.094421,0.018348
0.020559,0.026747,0.023228,0.028970,0.031672,0.033752,0.042360,0.413022,0.100777,0.278913
0.021143,0.074912,0.013859,0.005960,0.462591,0.009617,0.040024,0.084453,0.148715,0.138726
0.109184,0.652963,0.016415,0.010988,0.011947,0.011476,0.138282,0.009235,0.009265,0.030245
0.006898,0.360352,0.214727,0.005985,0.017737,0.007100,0.011040,0.107355,0.264314,0.004493
0.006805,0.552541,0.021504,0.011489,0.010101,0.066548,0.027903,0.008779,0.255615,0.038715
0.004680,0.305485,0.005687,0.004636,0.005314,0.006727,0.009750,0.463178,0.189568,0.004974
0.012061,0.165920,0.028330,0.018505,0.033491,0.112649,0.243592,0.213157,0.095673,0.076621
0.004977,0.311523,0.178065,0.004436,0.286304,0.005759,0.015648,0.038789,0.097581,0.056918
0.071122,0.499672,0.007943,0.008593,0.008218,0.013547,0.095517,0.166247,0.121533,0.007608
0.006223,0.006251,0.007058,0.218919,0.419914,0.009356,0.091610,0.006185,0.228859,0.005624
0.010421,0.012751,0.171853,0.008865,0.055392,0.108226,0.101981,0.231480,0.010153,0.288880
0.006651,0.006133,0.705136,0.098669,0.036314,0.021524,0.056241,0.006937,0.057124,0.005271
0.005849,0.478213,0.006733,0.006736,0.392749,0.007327,0.078097,0.007411,0.006756,0.010128
0.004863,0.005679,0.111013,0.089413,0.446215,0.006094,0.059103,0.096352,0.176630,0.004639
0.063656,0.418609,0.008119,0.009211,0.009058,0.009828,0.072048,0.070471,0.323248,0.015753
0.422939,0.023129,0.019516,0.022344,0.026183,0.020144,0.104873,0.215936,0.089324,0.055612
0.005942,0.006504,0.265539,0.005333,0.008772,0.009282,0.013348,0.558104,0.122867,0.004308
0.051810,0.041803,0.090365,0.065587,0.058047,0.060961,0.503763,0.046143,0.044553,0.036970
0.005916,0.006957,0.132566,0.008802,0.525119,0.014550,0.005616,0.110007,0.007154,0.183313
0.012093,0.009284,0.021215,0.339500,0.014061,0.011662,0.140801,0.010566,0.428960,0.011857
0.008112,0.692846,0.021127,0.010008,0.044371,0.083929,0.007379,0.010644,0.068021,0.053563
0.008414,0.013387,0.165762,0.177759,0.046582,0.035566,0.037432,0.331969,0.090638,0.092491
0.012452,0.031908,0.484549,0.008031,0.010866,0.010000,0.017392,0.123759,0.191495,0.109548
0.057489,0.005721,0.024529,0.005419,0.310501,0.006738,0.066024,0.494237,0.025500,0.003842
0.003483,0.003582,0.107422,0.003791,0.232593,0.004119,0.020976,0.493379,0.127523,0.003132
0.043900,0.015118,0.641079,0.015019,0.030540,0.020483,0.046603,0.013342,0.012324,0.161592
0.002706,0.004334,0.005156,0.004072,0.262070,0.024277,0.080343,0.426422,0.160986,0.029634
0.004302,0.287636,0.156856,0.003861,0.248408,0.004066,0.054605,0.051917,0.184680,0.003669
0.014451,0.162599,0.236411,0.010256,0.037263,0.033984,0.009491,0.177292,0.308489,0.009764
0.010770,0.008572,0.022795,0.007979,0.511043,0.020191,0.024625,0.086667,0.299595,0.007761
0.015800,0.016662,0.014098,0.016100,0.015854,0.019573,0.077940,0.160654,0.513986,0.149332
0.072699,0.061425,0.006707,0.005279,0.010631,0.013072,0.009949,0.807178,0.006049,0.007013
0.127835,0.338646,0.137251,0.005584,0.328875,0.009250,0.007264,0.033988,0.006283,0.005023
0.012659,0.012765,0.019940,0.011583,0.733860,0.011020,0.016592,0.121836,0.049995,0.009750
0.029203,0.034011,0.018915,0.100340,0.555345,0.020430,0.017521,0.008856,0.052763,0.162615
0.101645,0.109221,0.074515,0.052079,0.044068,0.059446,0.064401,0.334010,0.040962,0.119654
0.006536,0.265364,0.502480,0.005619,0.006685,0.010512,0.092134,0.080830,0.024524,0.005315
0.020370,0.016554,0.115092,0.154818,0.029577,0.014369,0.029664,0.307527,0.296610,0.015418
0.024299,0.093998,0.009864,0.101013,0.010296,0.048012,0.153666,0.151421,0.402153,0.005277
0.007183,0.201171,0.114973,0.030137,0.191324,0.003656,0.042718,0.403057,0.003148,0.002631
0.006095,0.348308,0.177211,0.006279,0.378233,0.009558,0.004519,0.044124,0.019195,0.006478
0.232056,0.092374,0.011004,0.011578,0.010992,0.013547,0.015734,0.210444,0.393333,0.008939
0.122578,0.495359,0.011295,0.008647,0.008255,0.045014,0.012730,0.238762,0.007188,0.050171
0.007342,0.005920,0.006866,0.207641,0.366483,0.009198,0.013861,0.073335,0.214967,0.094386
0.160539,0.004634,0.014105,0.005678,0.372984,0.047921,0.038865,0.083402,0.146199,0.125674
0.074365,0.193059,0.005084,0.003075,0.193357,0.005440,0.002056,0.381971,0.138544,0.003049
0.024447,0.086644,0.109997,0.006764,0.470861,0.006297,0.047111,0.098142,0.049921,0.099817
0.009391,0.170009,0.031474,0.198039,0.030586,0.086569,0.032148,0.009614,0.092943,0.339228
0.003134,0.003688,0.374856,0.004766,0.012527,0.033067,0.015908,0.421458,0.027267,0.103330
0.005688,0.420655,0.012544,0.214552,0.006663,0.011520,0.086369,0.106478,0.129486,0.006046
0.017431,0.017696,0.134403,0.019416,0.022254,0.031775,0.028749,0.305947,0.349399,0.072929
0.012186,0.010406,0.127119,0.009155,0.666331,0.011245,0.077305,0.011480,0.066052,0.008721
0.062493,0.384474,0.214150,0.004228,0.005704,0.007198,0.010690,0.005458,0.238318,0.067287
0.006833,0.398887,0.008345,0.206073,0.006785,0.007496,0.005747,0.134718,0.218725,0.006391
0.003974,0.003554,0.003839,0.120939,0.283509,0.004901,0.006795,0.498642,0.015267,0.058579
0.005614,0.008137,0.268330,0.005605,0.406004,0.014499,0.012702,0.006863,0.134789,0.137458
0.008951,0.011105,0.461807,0.020311,0.019826,0.082897,0.065076,0.200314,0.095478,0.034236
0.023708,0.006249,0.008490,0.230576,0.381290,0.037627,0.119996,0.005492,0.153706,0.032865
0.011613,0.598035,0.011723,0.012473,0.010045,0.016577,0.090286,0.141727,0.011750,0.095772
0.009697,0.731386,0.123508,0.006872,0.036572,0.027082,0.022552,0.011009,0.008910,0.022411
0.020803,0.061865,0.065596,0.026593,0.023760,0.031172,0.128626,0.196890,0.107863,0.336832
0.021998,0.012064,0.185484,0.024656,0.031624,0.020020,0.085095,0.154554,0.454842,0.009661
0.011519,0.012301,0.568605,0.018430,0.015499,0.015590,0.024432,0.014184,0.307655,0.011783
0.008663,0.010940,0.011216,0.009009,0.009111,0.011709,0.082280,0.719292,0.115355,0.022425
0.005651,0.054583,0.167526,0.052371,0.441208,0.006508,0.032957,0.123505,0.027421,0.088269
0.007111,0.009553,0.143618,0.013567,0.550788,0.020735,0.030104,0.207473,0.008311,0.008740
0.155673,0.005638,0.572780,0.010873,0.011202,0.046698,0.003472,0.004892,0.158867,0.029907
0.007535,0.032227,0.067132,0.016685,0.533296,0.009512,0.124872,0.008485,0.190231,0.010023
0.127572,0.493041,0.012309,0.007066,0.012791,0.045534,0.044092,0.242154,0.007180,0.008260
0.012568,0.013344,0.045525,0.012463,0.039647,0.016040,0.047697,0.144794,0.452790,0.215130
0.155597,0.010230,0.145634,0.128574,0.018481,0.079069,0.034831,0.140379,0.068623,0.218582
0.139886,0.066963,0.081694,0.005185,0.355494,0.009058,0.012943,0.110770,0.212885,0.005121
0.003796,0.281184,0.156905,0.004967,0.274598,0.004650,0.024750,0.074493,0.170522,0.004135
0.067998,0.057312,0.011626,0.196392,0.009357,0.007113,0.080037,0.556232,0.006695,0.007237
0.003914,0.282726,0.008291,0.148960,0.253458,0.005871,0.050804,0.072905,0.167011,0.006060
0.014709,0.008822,0.010666,0.007721,0.032738,0.071249,0.058535,0.227175,0.444662,0.123722
0.028429,0.011634,0.010061,0.009653,0.536146,0.013983,0.025028,0.158157,0.173309,0.033600
0.015167,0.012029,0.019783,0.011830,0.685256,0.027060,0.047706,0.101896,0.064002,0.015270
0.007981,0.009041,0.171727,0.076728,0.010040,0.017246,0.007602,0.177956,0.362212,0.159468
0.010565,0.015563,0.285561,0.391135,0.014102,0.017702,0.019248,0.192604,0.039327,0.014193
0.048644,0.284003,0.129116,0.005226,0.396297,0.005451,0.025891,0.081006,0.019597,0.004768
0.004929,0.330769,0.179112,0.004219,0.293642,0.004373,0.069135,0.003907,0.105967,0.003946
0.010423,0.026529,0.204480,0.012604,0.014764,0.013221,0.032672,0.162080,0.413618,0.109608
0.005380,0.005701,0.206656,0.007610,0.383003,0.012543,0.036887,0.101815,0.220585,0.019820
0.068679,0.017967,0.009748,0.009973,0.008353,0.014154,0.021876,0.613487,0.228744,0.007019
0.010506,0.671677,0.012504,0.014301,0.013772,0.015005,0.010062,0.102345,0.013303,0.136523
0.004203,0.003541,0.056498,0.167493,0.018507,0.034819,0.008771,0.608670,0.028534,0.068962
0.004055,0.323256,0.008860,0.005558,0.298820,0.008859,0.070624,0.119579,0.101448,0.058940
0.006309,0.481274,0.020571,0.004422,0.438278,0.016847,0.014358,0.006750,0.006432,0.004759
0.328758,0.013292,0.183781,0.149418,0.018629,0.017165,0.025725,0.011556,0.083346,0.168330
0.010207,0.038400,0.187000,0.011491,0.017822,0.011432,0.031661,0.245536,0.220583,0.225867
0.052304,0.287757,0.004729,0.004712,0.305909,0.005006,0.027524,0.086097,0.221657,0.004305
0.006187,0.048164,0.005723,0.005561,0.006880,0.009954,0.011705,0.716189,0.181388,0.008249
0.010420,0.009259,0.028821,0.011359,0.050301,0.076691,0.092157,0.178770,0.359544,0.182679
0.070520,0.279428,0.008027,0.058458,0.276309,0.009923,0.024119,0.123364,0.142454,0.007398
0.012187,0.011100,0.060204,0.014668,0.055511,0.091664,0.097747,0.277580,0.365736,0.013602
0.003678,0.004599,0.517511,0.075930,0.028034,0.033154,0.018700,0.109433,0.168580,0.040381
0.006886,0.010415,0.288538,0.016173,0.021231,0.063603,0.075481,0.009151,0.499144,0.009378
0.004480,0.005340,0.096358,0.004664,0.016904,0.008936,0.019263,0.783535,0.034422,0.026098
0.009770,0.609690,0.011988,0.011977,0.013168,0.014540,0.123479,0.010670,0.151712,0.043005
0.006095,0.484658,0.267741,0.008624,0.007565,0.009445,0.094532,0.007974,0.025929,0.087436
0.040841,0.044715,0.066391,0.038813,0.039097,0.071035,0.051719,0.376505,0.167512,0.103373
0.006193,0.380122,0.188559,0.008206,0.015741,0.046825,0.010588,0.006009,0.170998,0.166759
0.072119,0.167990,0.005894,0.096017,0.223450,0.002954,0.036481,0.266926,0.125603,0.002567
0.071413,0.071030,0.169702,0.085288,0.085463,0.158328,0.133577,0.076207,0.078217,0.070775
0.027819,0.008723,0.017680,0.007386,0.524066,0.007546,0.018638,0.101201,0.279968,0.006972
0.005903,0.485612,0.015706,0.007242,0.007654,0.007201,0.039242,0.159136,0.253135,0.019170
0.006636,0.394229,0.125663,0.222181,0.008303,0.008207,0.014506,0.067333,0.025125,0.127818
0.095787,0.004026,0.007806,0.003546,0.313046,0.004648,0.006564,0.385795,0.171924,0.006858
0.010402,0.011370,0.017197,0.008850,0.527116,0.014803,0.018342,0.009858,0.371602,0.010459
0.159535,0.008398,0.007729,0.067564,0.463123,0.007185,0.041202,0.108861,0.130618,0.005785
0.013328,0.370294,0.005773,0.005110,0.329792,0.007248,0.010330,0.005910,0.237676,0.014539
0.155221,0.377045,0.008214,0.214797,0.013250,0.009571,0.063184,0.142115,0.007717,0.008887
0.005558,0.416547,0.006609,0.006432,0.387512,0.008662,0.036639,0.007183,0.119130,0.005728
0.010480,0.007932,0.012979,0.009865,0.616907,0.012176,0.015992,0.110677,0.032696,0.170296
0.064068,0.054693,0.006382,0.007149,0.008729,0.008144,0.009732,0.781442,0.028067,0.031594
0.156556,0.005906,0.020593,0.004133,0.017133,0.015929,0.003539,0.728397,0.043397,0.004418
0.032375,0.011228,0.161366,0.013431,0.024863,0.009404,0.042748,0.170228,0.410324,0.124033
0.006897,0.019973,0.013680,0.006282,0.452534,0.008147,0.011559,0.063507,0.281565,0.135856
0.206926,0.411904,0.008962,0.008217,0.023662,0.048345,0.051094,0.006358,0.189805,0.044728
0.006166,0.008071,0.139929,0.052412,0.007003,0.007040,0.012872,0.552376,0.196807,0.017326
0.006459,0.005472,0.290827,0.005768,0.400600,0.014816,0.020725,0.115936,0.134777,0.004621
0.004595,0.064057,0.043266,0.006591,0.431828,0.006424,0.085177,0.107414,0.245442,0.005206
0.010372,0.007633,0.104992,0.009398,0.473409,0.014489,0.112118,0.101321,0.159520,0.006748
0.003093,0.261220,0.440729,0.002840,0.010257,0.023407,0.020565,0.003006,0.134323,0.100560
0.005528,0.422821,0.006792,0.008690,0.494179,0.008711,0.014112,0.006888,0.026248,0.006031
0.027467,0.133328,0.073890,0.050391,0.067488,0.034750,0.511692,0.035081,0.034076,0.031836
0.326643,0.133070,0.014305,0.126147,0.017302,0.017632,0.077458,0.013375,0.052689,0.221379
0.004594,0.003941,0.207270,0.004062,0.249675,0.004306,0.013314,0.455871,0.004246,0.052722
0.010383,0.009778,0.008437,0.008051,0.458044,0.008363,0.014173,0.076512,0.311772,0.094487
0.004609,0.315760,0.008306,0.005959,0.296186,0.004467,0.030181,0.054983,0.195432,0.084118
0.005684,0.464783,0.032619,0.006667,0.446919,0.009413,0.014113,0.007303,0.006698,0.005801
0.006610,0.006103,0.130105,0.204076,0.441757,0.007280,0.069451,0.096959,0.029824,0.007834
0.009789,0.281508,0.004788,0.005422,0.005824,0.006069,0.010140,0.652131,0.018570,0.005759
0.009418,0.525980,0.010703,0.011540,0.017217,0.010846,0.100867,0.081543,0.145580,0.086306
0.003544,0.012763,0.004626,0.041456,0.263722,0.006324,0.007044,0.572747,0.004148,0.083626
0.006539,0.346738,0.070941,0.006051,0.008148,0.006531,0.082141,0.144133,0.233250,0.095529
0.005431,0.007001,0.005811,0.174123,0.007408,0.007714,0.059716,0.718701,0.005512,0.008582
0.017063,0.016578,0.032369,0.019522,0.044715,0.063100,0.352049,0.422630,0.018474,0.013499
0.011096,0.037755,0.164522,0.369098,0.019909,0.010148,0.007606,0.125278,0.057251,0.197338
0.008328,0.556116,0.008448,0.009099,0.009036,0.010755,0.017826,0.009196,0.363657,0.007538
0.003302,0.004005,0.068125,0.051519,0.242440,0.022510,0.015205,0.479319,0.027042,0.086534
0.003374,0.019190,0.058709,0.006299,0.008749,0.039054,0.082062,0.638836,0.028877,0.114850
0.096159,0.005344,0.007998,0.003686,0.300811,0.004586,0.009553,0.544294,0.020407,0.007162
0.009127,0.007087,0.008583,0.265476,0.471968,0.011714,0.020651,0.169571,0.007755,0.028069
0.409819,0.046132,0.030891,0.019251,0.026984,0.021595,0.030467,0.017284,0.061216,0.336361
0.002853,0.051409,0.140228,0.058973,0.008456,0.025564,0.075128,0.439942,0.171818,0.025628
0.015990,0.404730,0.183372,0.087014,0.007137,0.046137,0.115724,0.006222,0.033392,0.100281
0.263864,0.013118,0.222300,0.019932,0.035873,0.100169,0.094253,0.014545,0.114293,0.121652
0.020791,0.006580,0.127691,0.013334,0.575422,0.007323,0.042493,0.127018,0.071151,0.008196
0.140408,0.386124,0.017627,0.006559,0.331789,0.006207,0.007931,0.093628,0.005439,0.004288
0.024969,0.023494,0.467691,0.027432,0.104923,0.032991,0.069282,0.027532,0.201344,0.020342
0.002300,0.194336,0.013331,0.003543,0.205002,0.022608,0.024118,0.426131,0.106220,0.002411
0.005437,0.412982,0.228209,0.006477,0.006222,0.006070,0.087029,0.114545,0.128210,0.004818
0.009071,0.492270,0.343988,0.010420,0.009192,0.009087,0.017949,0.073402,0.026638,0.007982
0.059155,0.011844,0.205103,0.206355,0.072014,0.045321,0.061662,0.010448,0.109783,0.218314
0.015412,0.085067,0.250631,0.018341,0.107946,0.160314,0.314318,0.016238,0.015008,0.016725
0.275820,0.031451,0.040498,0.025741,0.027030,0.027291,0.041190,0.412371,0.094529,0.024080
0.009000,0.677466,0.026962,0.007645,0.010765,0.009696,0.019335,0.009940,0.033063,0.196128
0.012780,0.005416,0.008173,0.007262,0.006121,0.007452,0.010464,0.718849,0.198565,0.024920
0.010385,0.008572,0.018380,0.012789,0.579184,0.015556,0.007119,0.160851,0.177168,0.009996
0.012077,0.015639,0.314575,0.396834,0.017585,0.013628,0.019102,0.013744,0.013238,0.183577
0.018427,0.019131,0.311000,0.025421,0.025571,0.022605,0.029266,0.200056,0.085632,0.262891
0.013176,0.017036,0.024580,0.011634,0.809384,0.022496,0.058636,0.013307,0.014103,0.015650
0.011844,0.162430,0.031647,0.017214,0.029604,0.023420,0.011252,0.013278,0.515074,0.184236
0.031676,0.008797,0.166300,0.377672,0.046975,0.022610,0.020295,0.130273,0.058421,0.136981
0.016588,0.013966,0.031054,0.012268,0.019736,0.016067,0.085200,0.223154,0.570090,0.011878
0.007447,0.513503,0.297650,0.006043,0.010433,0.007574,0.015451,0.093529,0.035779,0.012590
0.011370,0.665070,0.009961,0.008743,0.010338,0.011057,0.107065,0.153418,0.011152,0.011826
0.012542,0.010708,0.565290,0.009323,0.032265,0.011577,0.039846,0.225236,0.080652,0.012559
0.028085,0.025072,0.466457,0.042043,0.054053,0.100951,0.141341,0.023496,0.027414,0.091090
0.004501,0.006786,0.237453,0.008534,0.408007,0.019956,0.017556,0.131915,0.161090,0.004202
0.081603,0.002456,0.286301,0.002135,0.005763,0.023749,0.056250,0.383335,0.156131,0.002277
0.021615,0.026538,0.082854,0.007761,0.401163,0.052851,0.049877,0.124884,0.195972,0.036485
0.018205,0.025982,0.367361,0.027746,0.021806,0.022914,0.017461,0.356385,0.088487,0.053653
0.068742,0.017808,0.217627,0.007577,0.360227,0.007983,0.024572,0.102308,0.124406,0.068749
0.009281,0.474912,0.007934,0.060807,0.008007,0.008896,0.010240,0.008831,0.308081,0.103011
0.029980,0.130658,0.071959,0.028024,0.047100,0.104952,0.110063,0.035863,0.211569,0.229832
0.005592,0.006637,0.014311,0.007397,0.026390,0.063236,0.015441,0.790405,0.054051,0.016540
0.064433,0.053022,0.208213,0.004539,0.332456,0.004289,0.033205,0.109013,0.186839,0.003991
0.006923,0.011046,0.067905,0.011345,0.017090,0.077198,0.199507,0.288196,0.060706,0.260082
0.017298,0.056730,0.031454,0.017980,0.069450,0.023607,0.033674,0.013875,0.633413,0.102518
0.151220,0.007833,0.011275,0.005568,0.361034,0.006934,0.088372,0.106460,0.255850,0.005454
0.013704,0.707469,0.011720,0.013855,0.014357,0.013978,0.015878,0.186416,0.011822,0.010800
0.069250,0.004544,0.427158,0.056566,0.014779,0.035044,0.074963,0.084935,0.169250,0.063510
0.006010,0.008657,0.064633,0.250721,0.428304,0.007513,0.021724,0.007641,0.157409,0.047386
0.006591,0.006048,0.134514,0.005710,0.509528,0.010640,0.005261,0.006717,0.309664,0.005326
0.002924,0.191973,0.095845,0.121562,0.004636,0.017487,0.005554,0.426713,0.130866,0.002440
0.004270,0.003560,0.423057,0.004314,0.300354,0.028372,0.081218,0.122445,0.003875,0.028534
0.017791,0.513260,0.014008,0.006576,0.008500,0.009556,0.011361,0.206685,0.032223,0.180040
0.004598,0.380065,0.050261,0.006637,0.389415,0.035622,0.012507,0.110756,0.005521,0.004617
0.005360,0.005901,0.009848,0.004062,0.271431,0.007159,0.018237,0.601430,0.004719,0.071852
0.007304,0.304969,0.005660,0.007000,0.005724,0.006228,0.012011,0.515925,0.016161,0.119017
0.004918,0.005829,0.286996,0.006435,0.476355,0.015332,0.029935,0.121455,0.046037,0.006709
0.008474,0.012285,0.296532,0.009492,0.553465,0.010450,0.015399,0.010594,0.050709,0.032599
0.009536,0.011465,0.061236,0.009337,0.032655,0.091434,0.009152,0.358747,0.407187,0.009251
0.009321,0.452105,0.137641,0.009123,0.009002,0.012066,0.014986,0.112719,0.107750,0.135286
0.002913,0.199124,0.046309,0.035344,0.003773,0.005975,0.004858,0.507311,0.189583,0.004810
0.013045,0.399557,0.214668,0.006795,0.334919,0.005690,0.007878,0.005476,0.005897,0.006076
0.005186,0.005843,0.227856,0.004652,0.008454,0.004986,0.068311,0.621864,0.024307,0.028540
0.117287,0.015878,0.293853,0.016189,0.013529,0.013734,0.038138,0.240563,0.033996,0.216835
0.008995,0.560062,0.013110,0.011056,0.009697,0.015729,0.027713,0.156756,0.188718,0.008164
0.007137,0.008112,0.009592,0.007652,0.006790,0.008460,0.033112,0.813263,0.017370,0.088513
0.009940,0.006753,0.352951,0.079447,0.010938,0.011095,0.108878,0.103697,0.308195,0.008107
0.049990,0.004195,0.119926,0.004504,0.005616,0.005638,0.025337,0.594469,0.186421,0.003903
0.008210,0.565579,0.031734,0.008624,0.009931,0.010818,0.015477,0.008163,0.334472,0.006991
0.006232,0.005562,0.742503,0.096037,0.008302,0.056835,0.016243,0.006629,0.046999,0.014659
0.012640,0.014655,0.044355,0.013592,0.037000,0.155809,0.067739,0.497309,0.139479,0.017421
0.113379,0.182158,0.322881,0.138324,0.004693,0.023744,0.026025,0.066693,0.119312,0.002791
0.018977,0.022197,0.024389,0.025921,0.029449,0.033551,0.316126,0.390967,0.119111,0.019312
0.149156,0.004825,0.271545,0.068859,0.409011,0.009641,0.004251,0.071373,0.005341,0.005997
0.078184,0.003669,0.017834,0.004904,0.006344,0.030331,0.019123,0.632239,0.204066,0.003306
0.013809,0.011445,0.014151,0.010008,0.748919,0.020534,0.085658,0.012681,0.073217,0.009579
0.049100,0.041434,0.028262,0.003126,0.280726,0.004356,0.008012,0.492132,0.077420,0.015432
0.004655,0.005019,0.240495,0.246894,0.010459,0.019954,0.044480,0.171818,0.249996,0.006230
0.004298,0.229622,0.141815,0.002978,0.003777,0.003691,0.007274,0.469171,0.134070,0.003305
0.543407,0.026783,0.167360,0.018577,0.026928,0.023076,0.044418,0.023173,0.101903,0.024375
0.003522,0.004081,0.513448,0.007406,0.321546,0.043078,0.025129,0.072524,0.004610,0.004655
0.003337,0.322247,0.038079,0.003116,0.306637,0.036163,0.007824,0.095357,0.183834,0.003405
0.003770,0.050535,0.218493,0.049160,0.006896,0.004847,0.008615,0.643792,0.004860,0.009033
0.049521,0.011761,0.006474,0.156847,0.011810,0.009368,0.014123,0.719993,0.015052,0.005051
0.008511,0.065362,0.030382,0.006601,0.007465,0.007050,0.010278,0.602817,0.256407,0.005127
0.019620,0.016936,0.028158,0.014626,0.029770,0.031429,0.028178,0.159291,0.581432,0.090562
0.049498,0.011574,0.039050,0.010921,0.050572,0.043552,0.033983,0.307074,0.124104,0.329671
0.034758,0.091570,0.057911,0.050961,0.040928,0.071046,0.353721,0.043043,0.160244,0.095818
0.028166,0.007564,0.268658,0.005326,0.032106,0.065468,0.053448,0.141385,0.287977,0.109903
0.014912,0.005131,0.148399,0.183939,0.398172,0.007712,0.066119,0.065935,0.104645,0.005036
0.159760,0.021634,0.027259,0.018564,0.044020,0.019627,0.052848,0.175608,0.252774,0.227906
0.004890,0.204787,0.089391,0.005357,0.004820,0.005155,0.054026,0.616679,0.010619,0.004275
0.098491,0.234125,0.008087,0.003535,0.257157,0.006371,0.007604,0.366281,0.014150,0.004199
0.013725,0.032405,0.017874,0.006429,0.485674,0.007893,0.006025,0.008078,0.275539,0.146358
0.007275,0.008104,0.144746,0.009797,0.043509,0.065631,0.212349,0.226124,0.275272,0.007195
0.057714,0.207075,0.042847,0.204002,0.025009,0.045809,0.129152,0.023772,0.023178,0.241440
0.004094,0.237553,0.005209,0.005122,0.005115,0.004785,0.008701,0.571403,0.154081,0.003937
0.006379,0.005655,0.098653,0.292019,0.457141,0.045529,0.029508,0.005236,0.054955,0.004926
0.040573,0.089419,0.048259,0.037287,0.045184,0.038560,0.391385,0.243075,0.035626,0.030633
0.007841,0.210945,0.006208,0.003835,0.236530,0.024238,0.006279,0.473809,0.017096,0.013219
0.004013,0.383633,0.010757,0.006616,0.353259,0.041850,0.009595,0.005616,0.032531,0.152130
0.196869,0.084867,0.009125,0.008009,0.488565,0.013505,0.006449,0.178074,0.007923,0.006613
0.113389,0.463318,0.037935,0.009151,0.007370,0.052162,0.012041,0.005106,0.294275,0.005253
0.085682,0.589050,0.150089,0.008537,0.011700,0.012433,0.114306,0.009376,0.009995,0.008832
0.249291,0.007083,0.012739,0.011010,0.550107,0.053611,0.034120,0.009584,0.007206,0.065249
0.014642,0.007348,0.139865,0.306914,0.015003,0.013289,0.064492,0.008521,0.368249,0.061678
0.021702,0.008795,0.012696,0.009830,0.025858,0.010950,0.051332,0.821242,0.028508,0.009085
0.005579,0.006432,0.357366,0.006404,0.525984,0.054055,0.023608,0.006082,0.007086,0.007404
0.023950,0.019290,0.038528,0.021360,0.027683,0.030705,0.119067,0.247611,0.409035,0.062770
0.037805,0.028412,0.055958,0.030651,0.036546,0.051951,0.049249,0.032758,0.565120,0.111550
0.009148,0.517840,0.010473,0.012302,0.012151,0.011170,0.121045,0.157894,0.019256,0.128721
0.008199,0.013086,0.418245,0.011140,0.021204,0.103934,0.085327,0.239920,0.090633,0.008311
0.125081,0.320311,0.189357,0.004672,0.302894,0.005221,0.010174,0.004859,0.023059,0.014372
0.005902,0.482453,0.016717,0.101560,0.008927,0.017633,0.012186,0.122154,0.226279,0.006189
0.006437,0.083618,0.009120,0.012299,0.473275,0.019161,0.049419,0.124987,0.051906,0.169778
0.015845,0.013993,0.014833,0.014359,0.015000,0.021180,0.177365,0.127977,0.583208,0.016240
0.017777,0.014777,0.095340,0.011854,0.014637,0.012994,0.024851,0.224252,0.429656,0.153861
0.004130,0.303115,0.059099,0.003119,0.286032,0.003998,0.029538,0.114666,0.180331,0.015971
0.010740,0.190683,0.487353,0.019703,0.033281,0.047042,0.055450,0.014275,0.126657,0.014817
0.009784,0.573213,0.013387,0.007681,0.009409,0.009512,0.018775,0.152467,0.182009,0.023764
0.107791,0.275567,0.160896,0.147354,0.005335,0.005652,0.005757,0.004414,0.197962,0.089272
0.004651,0.291251,0.128144,0.005459,0.288719,0.005120,0.013156,0.076859,0.174958,0.011684
0.005505,0.338600,0.006884,0.006233,0.007850,0.039727,0.008438,0.555291,0.026899,0.004573
0.005877,0.006683,0.227483,0.005930,0.389938,0.056974,0.113724,0.090934,0.005446,0.097011
0.003730,0.052460,0.008500,0.004544,0.007162,0.025763,0.070962,0.553572,0.179285,0.094020
0.095408,0.585024,0.010196,0.009031,0.023219,0.017207,0.008434,0.214836,0.024684,0.011961
0.080957,0.009357,0.016284,0.007768,0.425855,0.008618,0.018357,0.007339,0.284451,0.141013
0.004365,0.383128,0.027864,0.007145,0.386983,0.032597,0.010696,0.110242,0.032260,0.004720
0.029871,0.038251,0.062615,0.026122,0.041401,0.046465,0.374912,0.031227,0.031826,0.317310
0.011231,0.016375,0.028862,0.011381,0.064341,0.014006,0.096866,0.167540,0.576581,0.012817
0.003911,0.022609,0.007172,0.005297,0.379044,0.016331,0.041371,0.106300,0.293634,0.124332
0.004874,0.007127,0.301497,0.004959,0.351485,0.010584,0.033209,0.005499,0.241145,0.039621
0.004310,0.356370,0.009418,0.006272,0.325657,0.004442,0.003275,0.067865,0.201752,0.020639
0.011532,0.109460,0.061048,0.012353,0.019946,0.016137,0.144441,0.187647,0.425749,0.011687
0.004396,0.011614,0.004958,0.003969,0.298107,0.005817,0.006869,0.642459,0.017506,0.004305
0.004806,0.006284,0.258775,0.005824,0.019514,0.005828,0.008233,0.645223,0.027329,0.018184
0.005906,0.006183,0.009826,0.062903,0.411951,0.007431,0.011025,0.137881,0.273407,0.073485
0.008516,0.007568,0.123122,0.013414,0.601977,0.077503,0.028103,0.008876,0.062849,0.068072
0.004446,0.263480,0.479789,0.004847,0.004237,0.030561,0.006489,0.132980,0.004026,0.069145
0.004650,0.310914,0.005290,0.004054,0.273601,0.008011,0.012743,0.101840,0.190747,0.088150
0.022395,0.016829,0.032679,0.015995,0.021092,0.022045,0.026874,0.226505,0.599789,0.015796
0.056502,0.179832,0.034528,0.015678,0.031941,0.020096,0.032163,0.017910,0.595664,0.015686
0.006030,0.004619,0.006166,0.005464,0.299311,0.011106,0.004192,0.487471,0.171223,0.004418
0.013303,0.005161,0.100081,0.005980,0.429660,0.009689,0.038369,0.116602,0.153976,0.127179
0.028111,0.053497,0.444323,0.028183,0.023469,0.024210,0.031975,0.179015,0.077283,0.109934
0.003483,0.003249,0.063468,0.053105,0.273888,0.006118,0.014947,0.416654,0.154385,0.010703
0.005572,0.353774,0.154398,0.005000,0.302750,0.005598,0.010353,0.004768,0.100093,0.057694
0.075396,0.528640,0.010562,0.010101,0.008332,0.010341,0.017538,0.009465,0.295206,0.034419
0.075069,0.003694,0.441336,0.006011,0.295514,0.025925,0.028693,0.090623,0.029930,0.003205
0.033392,0.015774,0.248773,0.274806,0.046467,0.155469,0.038250,0.020329,0.126558,0.040183
0.010308,0.008697,0.477725,0.007564,0.014000,0.009589,0.028121,0.126067,0.310423,0.007505
0.062987,0.375908,0.007641,0.226481,0.007580,0.011549,0.085969,0.103997,0.025345,0.092543
0.052298,0.017289,0.020992,0.580804,0.019786,0.026593,0.027567,0.220097,0.018916,0.015658
