0.018440,0.141274,0.045089,0.017331,0.029150,0.042208,0.061977,0.023604,0.581970,0.038957
0.016875,0.010183,0.015086,0.010861,0.018340,0.015062,0.016894,0.598391,0.291430,0.006879
0.007879,0.101047,0.399133,0.009987,0.024884,0.057580,0.184909,0.007456,0.009966,0.197159
0.042713,0.514476,0.222694,0.056110,0.019991,0.007463,0.013671,0.008668,0.009483,0.104732
0.005766,0.372433,0.089426,0.007192,0.293980,0.006152,0.012136,0.007137,0.100499,0.105281
0.216217,0.030301,0.531385,0.010254,0.038835,0.055917,0.034059,0.011603,0.044651,0.026778
0.028340,0.092369,0.013575,0.011679,0.018851,0.014988,0.022866,0.749926,0.037403,0.010002
0.008585,0.515621,0.014293,0.047947,0.008674,0.008585,0.015630,0.007783,0.313921,0.058961
0.010036,0.015483,0.062890,0.118225,0.676238,0.010804,0.009780,0.011168,0.072513,0.012863
0.004985,0.051495,0.197263,0.047714,0.014241,0.008534,0.047898,0.535349,0.006066,0.086453
0.025054,0.025353,0.428970,0.030481,0.042136,0.024199,0.275472,0.098633,0.027834,0.021868
0.033324,0.029928,0.063453,0.035890,0.042031,0.036655,0.308262,0.328559,0.066523,0.055373
0.106040,0.003975,0.018943,0.005232,0.270280,0.009977,0.038578,0.344395,0.188063,0.014517
0.019747,0.009072,0.018825,0.007884,0.413995,0.013645,0.075888,0.008556,0.350445,0.081942
0.026992,0.010986,0.193047,0.309137,0.016010,0.010643,0.022645,0.363352,0.034891,0.012297
0.006429,0.498686,0.030772,0.006033,0.395252,0.009076,0.026607,0.010106,0.008073,0.008966
0.004508,0.323439,0.290997,0.005549,0.009302,0.024964,0.003873,0.186327,0.146601,0.004441
0.089592,0.035066,0.138779,0.006352,0.061153,0.053435,0.006440,0.143202,0.356235,0.109747
0.133262,0.344096,0.064336,0.007395,0.008557,0.027937,0.009227,0.006842,0.283388,0.114958
0.006085,0.006136,0.122665,0.007461,0.405103,0.009257,0.093904,0.008474,0.189352,0.151563
0.003952,0.004213,0.242732,0.052303,0.015047,0.027401,0.050832,0.359644,0.227162,0.016715
0.102202,0.043689,0.039179,0.027815,0.034710,0.039655,0.160474,0.197515,0.022735,0.332025
0.012524,0.092931,0.192736,0.084383,0.034222,0.016993,0.038710,0.044776,0.469497,0.013228
0.038462,0.016489,0.055130,0.011319,0.025419,0.012282,0.055690,0.276399,0.491479,0.017330
0.033063,0.353526,0.017639,0.004662,0.322330,0.010350,0.010616,0.122912,0.119211,0.005690
0.052590,0.554017,0.025533,0.238930,0.019170,0.011312,0.021281,0.007473,0.061017,0.008677
0.026537,0.006329,0.117328,0.014530,0.358125,0.017265,0.083134,0.048952,0.322113,0.005687
0.152121,0.068300,0.014922,0.016990,0.370369,0.037210,0.107770,0.129629,0.007439,0.095251
0.079146,0.011443,0.097029,0.012422,0.021371,0.021461,0.034608,0.240181,0.472544,0.009795
0.010472,0.028180,0.058188,0.019598,0.016970,0.009823,0.025051,0.211704,0.427051,0.192964
0.007004,0.009913,0.285660,0.220949,0.011710,0.009066,0.074968,0.009377,0.292217,0.079135
0.023975,0.007799,0.301965,0.069471,0.034192,0.013031,0.044390,0.009922,0.332159,0.163097
0.132971,0.028021,0.054718,0.022297,0.033810,0.032454,0.075531,0.434547,0.160904,0.024747
0.011295,0.010530,0.034256,0.015395,0.561540,0.018108,0.031023,0.055057,0.250682,0.012114
0.058267,0.204692,0.045208,0.004378,0.215191,0.005547,0.023393,0.235096,0.169068,0.039160
0.006289,0.374423,0.007937,0.149717,0.007214,0.007325,0.039789,0.394329,0.006991,0.005987
0.009102,0.658388,0.035578,0.014433,0.027397,0.054482,0.166890,0.012560,0.011960,0.009210
0.049612,0.165605,0.061002,0.034059,0.042135,0.019761,0.158902,0.023111,0.423719,0.022094
0.023608,0.004103,0.279534,0.003901,0.241857,0.029447,0.014300,0.163990,0.222060,0.017201
0.143375,0.008974,0.022385,0.216796,0.015965,0.009619,0.017489,0.546748,0.009544,0.009105
0.014488,0.014451,0.039375,0.013736,0.695269,0.018953,0.054415,0.018942,0.116492,0.013879
0.019801,0.485443,0.030255,0.273081,0.030955,0.041589,0.020669,0.009895,0.080487,0.007825
0.026253,0.007154,0.347430,0.060727,0.026026,0.013272,0.093593,0.144863,0.263156,0.017527
0.014637,0.481172,0.194375,0.008563,0.019461,0.009161,0.012918,0.006061,0.241790,0.011863
0.019283,0.007901,0.035331,0.056315,0.016788,0.011432,0.020591,0.529850,0.161554,0.140955
0.005114,0.345182,0.021265,0.007242,0.019417,0.033757,0.066915,0.488192,0.007582,0.005333
0.054382,0.009790,0.299809,0.064521,0.014246,0.012229,0.065305,0.165509,0.293967,0.020243
0.019481,0.048217,0.054822,0.032532,0.056981,0.028261,0.150465,0.025090,0.385586,0.198566
0.011103,0.091822,0.014981,0.013638,0.023618,0.014866,0.031670,0.771220,0.013418,0.013663
0.144391,0.471759,0.021933,0.211632,0.021425,0.009541,0.077010,0.026567,0.008169,0.007573
0.013703,0.131249,0.118779,0.017007,0.055296,0.025621,0.127889,0.325453,0.017292,0.167711
0.007027,0.007120,0.139909,0.006174,0.412165,0.011487,0.158935,0.176578,0.074562,0.006044
0.009561,0.010505,0.024555,0.009173,0.014555,0.012873,0.016555,0.868356,0.011356,0.022511
0.009717,0.588600,0.101807,0.008621,0.011606,0.011575,0.081529,0.010562,0.163555,0.012428
0.003264,0.242825,0.101823,0.104658,0.175147,0.003687,0.007132,0.353808,0.003864,0.003792
0.009828,0.259080,0.027152,0.005277,0.272061,0.023757,0.003596,0.375046,0.020167,0.004037
0.107958,0.372299,0.147598,0.004313,0.321808,0.006263,0.012860,0.005901,0.015401,0.005600
0.025656,0.006759,0.223065,0.022857,0.032354,0.047435,0.129414,0.157890,0.346806,0.007764
0.005173,0.405459,0.020742,0.004566,0.297517,0.004882,0.021822,0.006779,0.219901,0.013159
0.004912,0.391741,0.020076,0.004419,0.276962,0.006185,0.020741,0.133160,0.137054,0.004750
0.073887,0.010345,0.030153,0.012346,0.579529,0.015014,0.091180,0.013804,0.012965,0.160777
0.011635,0.012221,0.037976,0.010876,0.039264,0.015559,0.141801,0.183881,0.532778,0.014010
0.008330,0.514361,0.011215,0.205267,0.008492,0.011924,0.013725,0.010229,0.149722,0.066734
0.012407,0.031961,0.238555,0.089923,0.019745,0.020389,0.010229,0.173468,0.392593,0.010730
0.008134,0.018137,0.016693,0.007194,0.010475,0.012292,0.056135,0.512271,0.291676,0.066993
0.029909,0.008282,0.118032,0.208596,0.356146,0.017489,0.072736,0.132112,0.035814,0.020885
0.017057,0.020365,0.477744,0.029323,0.042780,0.112186,0.064108,0.027542,0.196001,0.012893
0.005262,0.297845,0.044081,0.007526,0.007624,0.006089,0.030763,0.544876,0.008090,0.047843
0.004819,0.219632,0.010746,0.004601,0.219291,0.021050,0.045539,0.452867,0.013360,0.008095
0.015880,0.024116,0.087740,0.027718,0.090226,0.122867,0.109632,0.387371,0.105393,0.029057
0.023501,0.083653,0.116881,0.009006,0.386966,0.050050,0.085317,0.131419,0.088408,0.024799
0.007585,0.011226,0.551075,0.010366,0.053924,0.021787,0.030225,0.013630,0.291222,0.008960
0.021304,0.742873,0.018305,0.015127,0.015121,0.012026,0.023583,0.119181,0.019275,0.013204
0.018706,0.018394,0.344229,0.022183,0.025893,0.025586,0.057372,0.412973,0.056435,0.018228
0.010041,0.013082,0.025303,0.077090,0.473643,0.021656,0.116386,0.211012,0.029183,0.022603
0.007056,0.067736,0.197147,0.010635,0.427669,0.007517,0.095805,0.009132,0.170403,0.006901
0.010592,0.012179,0.222586,0.014106,0.047780,0.011705,0.050426,0.436961,0.055882,0.137784
0.042175,0.345985,0.014624,0.006188,0.247487,0.010038,0.083708,0.195070,0.049295,0.005430
0.148969,0.005315,0.029513,0.017237,0.338559,0.035291,0.065633,0.010163,0.213004,0.136315
0.007232,0.006618,0.043397,0.006283,0.013448,0.012714,0.027175,0.646497,0.158962,0.077675
0.031694,0.034683,0.050691,0.006890,0.471305,0.057654,0.052760,0.007019,0.280794,0.006511
0.260598,0.013536,0.056099,0.012328,0.053337,0.068520,0.117914,0.017060,0.385139,0.015467
0.003838,0.039012,0.223825,0.004721,0.197878,0.021885,0.015352,0.380013,0.016258,0.097216
0.017341,0.243227,0.006661,0.022993,0.197328,0.006206,0.007519,0.344074,0.150382,0.004269
0.015532,0.015870,0.043991,0.026166,0.027221,0.022132,0.050356,0.451331,0.314399,0.033002
0.005520,0.005742,0.029278,0.009346,0.319885,0.037985,0.109598,0.131171,0.269288,0.082187
0.003727,0.020390,0.271865,0.006065,0.256106,0.031320,0.031853,0.130612,0.239048,0.009014
0.176783,0.006599,0.397741,0.008850,0.041414,0.017467,0.126874,0.006171,0.212131,0.005971
0.037401,0.033373,0.089910,0.031617,0.057788,0.044412,0.062459,0.041048,0.100613,0.501380
0.105427,0.013087,0.055598,0.011952,0.084656,0.071575,0.007845,0.174237,0.343681,0.131942
0.011354,0.015889,0.037377,0.014903,0.656649,0.018604,0.147611,0.011626,0.054141,0.031846
0.007639,0.011054,0.009550,0.210789,0.021879,0.009244,0.016458,0.540153,0.164581,0.008654
0.006924,0.008613,0.190490,0.005669,0.396534,0.012382,0.107056,0.122385,0.069684,0.080263
0.022625,0.029264,0.320741,0.019313,0.036153,0.034550,0.059377,0.021653,0.404670,0.051654
0.007672,0.530589,0.012791,0.009612,0.010507,0.014625,0.015355,0.008429,0.377872,0.012549
0.021379,0.010540,0.187135,0.006869,0.353697,0.011320,0.020414,0.009587,0.297454,0.081605
0.006942,0.006525,0.136845,0.007822,0.380965,0.018564,0.024166,0.133727,0.201916,0.082530
0.005588,0.407739,0.121508,0.005091,0.261074,0.006207,0.060945,0.005537,0.120132,0.006179
0.022484,0.018896,0.309029,0.024253,0.043519,0.130530,0.058674,0.017068,0.105798,0.269749
0.008152,0.008042,0.022466,0.009145,0.457249,0.012416,0.071812,0.009575,0.320144,0.080999
0.015142,0.015350,0.031104,0.094506,0.018088,0.020489,0.033970,0.259650,0.498293,0.013408
0.035905,0.030248,0.091733,0.028441,0.150791,0.083932,0.453305,0.059878,0.038486,0.027281
0.025903,0.008310,0.170664,0.243615,0.466928,0.014358,0.031880,0.008038,0.009627,0.020678
0.004145,0.022742,0.182543,0.008878,0.301081,0.038713,0.035341,0.144891,0.241484,0.020183
0.008282,0.011967,0.024291,0.008101,0.479285,0.013047,0.051650,0.190585,0.035098,0.177693
0.005343,0.044857,0.016693,0.006728,0.300543,0.008754,0.042637,0.510578,0.006041,0.057826
0.009014,0.008199,0.052187,0.030004,0.473300,0.015335,0.171230,0.015566,0.010623,0.214543
0.045293,0.013632,0.113728,0.015343,0.032722,0.012883,0.039712,0.016679,0.510681,0.199326
0.004804,0.370400,0.164302,0.009244,0.310083,0.005109,0.020937,0.102989,0.006187,0.005945
0.040231,0.076725,0.110558,0.005850,0.406496,0.047358,0.005386,0.005774,0.289303,0.012321
0.024933,0.024842,0.563074,0.029991,0.042326,0.038441,0.040401,0.023812,0.190820,0.021360
0.006985,0.007611,0.157531,0.008142,0.441682,0.009698,0.063790,0.125154,0.023540,0.155867
0.009696,0.012058,0.023470,0.016787,0.013827,0.014059,0.097262,0.793623,0.010704,0.008512
0.074601,0.282860,0.005187,0.005128,0.005263,0.005677,0.008155,0.303758,0.226415,0.082955
0.038320,0.034454,0.244364,0.041336,0.221173,0.239358,0.028251,0.071020,0.043712,0.038012
0.029263,0.091310,0.219597,0.084340,0.017279,0.016496,0.018783,0.168990,0.247687,0.106255
0.006770,0.087437,0.222497,0.011907,0.019459,0.048086,0.087945,0.281177,0.228153,0.006570
0.010233,0.014569,0.016038,0.015615,0.593342,0.020407,0.045103,0.013988,0.241878,0.028828
0.003800,0.291949,0.023601,0.005281,0.255428,0.022442,0.007661,0.366649,0.018632,0.004558
0.021841,0.009320,0.019280,0.014058,0.395952,0.006911,0.057280,0.153406,0.304623,0.017329
0.008617,0.008989,0.367604,0.008600,0.056085,0.024097,0.105524,0.340631,0.061822,0.018032
0.027797,0.027071,0.145921,0.025416,0.126091,0.213197,0.316194,0.050420,0.036646,0.031247
0.020114,0.031030,0.050546,0.025637,0.033123,0.048563,0.234220,0.078968,0.429656,0.048144
0.008588,0.007746,0.314153,0.007068,0.465773,0.023327,0.030246,0.049446,0.084663,0.008990
0.015372,0.022075,0.041646,0.014521,0.024895,0.021540,0.021972,0.313268,0.488813,0.035898
0.038474,0.013251,0.018969,0.129235,0.192246,0.024514,0.011192,0.400139,0.113445,0.058536
0.125642,0.007509,0.107352,0.195483,0.351576,0.009465,0.018031,0.008313,0.167732,0.008898
0.017510,0.022809,0.048426,0.028651,0.026627,0.016693,0.042697,0.181521,0.599936,0.015129
0.033000,0.013028,0.021886,0.027642,0.057775,0.024327,0.165502,0.016031,0.432083,0.208725
0.031690,0.031532,0.173004,0.014225,0.037682,0.018640,0.028785,0.390769,0.258866,0.014808
0.007943,0.445642,0.086286,0.010097,0.008131,0.007698,0.014236,0.098659,0.311078,0.010231
0.006641,0.383869,0.109320,0.005414,0.009853,0.006687,0.012354,0.133310,0.282965,0.049586
0.016308,0.023045,0.088224,0.029418,0.089925,0.045051,0.014045,0.461204,0.214175,0.018605
0.003594,0.006145,0.266934,0.008458,0.245187,0.029748,0.082516,0.164828,0.131240,0.061349
0.008877,0.018510,0.020236,0.009835,0.010721,0.008615,0.083948,0.766436,0.056462,0.016361
0.046761,0.021055,0.290557,0.022777,0.028428,0.042052,0.048055,0.245964,0.022802,0.231551
0.010800,0.131176,0.490414,0.034968,0.050095,0.025190,0.124969,0.075746,0.014580,0.042063
0.526709,0.030252,0.066074,0.040397,0.086663,0.041486,0.064236,0.037159,0.073175,0.033849
0.011695,0.701994,0.018095,0.010402,0.013149,0.012323,0.019500,0.011403,0.189155,0.012283
0.007839,0.012076,0.022878,0.009236,0.458035,0.015083,0.021498,0.104638,0.338474,0.010242
0.167747,0.580760,0.120988,0.009793,0.014157,0.008434,0.071938,0.009022,0.009871,0.007289
0.010068,0.622665,0.109080,0.008722,0.018130,0.010238,0.019764,0.009464,0.182485,0.009384
0.035326,0.482118,0.083142,0.016808,0.031990,0.016558,0.089050,0.225265,0.010094,0.009647
0.015333,0.466766,0.019531,0.007128,0.018631,0.012635,0.013749,0.084887,0.265352,0.095988
0.017325,0.015634,0.035729,0.017234,0.021670,0.019411,0.167369,0.054604,0.617190,0.033833
0.151941,0.354039,0.039042,0.006447,0.019147,0.031653,0.104288,0.008041,0.269711,0.015691
0.030968,0.008468,0.170440,0.025842,0.529648,0.017599,0.143058,0.012632,0.053565,0.007780
0.003699,0.254468,0.052862,0.004213,0.193093,0.004301,0.002793,0.277399,0.150066,0.057106
0.245228,0.012614,0.060243,0.008336,0.510403,0.022662,0.058477,0.017326,0.056579,0.008134
0.044781,0.008313,0.039956,0.013206,0.058223,0.057227,0.007152,0.242036,0.393146,0.135959
0.135407,0.005740,0.229085,0.006969,0.355823,0.009956,0.033357,0.211126,0.007178,0.005359
0.005344,0.008927,0.017034,0.007526,0.400928,0.042291,0.115905,0.117685,0.195110,0.089251
0.005262,0.285064,0.039153,0.171970,0.246640,0.009564,0.022200,0.081855,0.005990,0.132302
0.003299,0.014140,0.072973,0.131536,0.232315,0.006472,0.083544,0.323161,0.119141,0.013419
0.019622,0.024666,0.026959,0.026123,0.050124,0.033245,0.204975,0.320459,0.067332,0.226495
0.025125,0.077271,0.038599,0.009192,0.406766,0.013079,0.040091,0.045263,0.181838,0.162776
0.062454,0.707348,0.030839,0.012690,0.023430,0.012048,0.109078,0.011934,0.011566,0.018613
0.016307,0.405964,0.173044,0.006223,0.019400,0.008480,0.011606,0.109778,0.243868,0.005329
0.007337,0.546885,0.033895,0.012639,0.018882,0.051331,0.027162,0.011708,0.268141,0.022019
0.005777,0.372021,0.008206,0.005346,0.006991,0.007392,0.010980,0.394015,0.183480,0.005793
0.017284,0.178339,0.073443,0.023323,0.071016,0.102798,0.284467,0.105561,0.086427,0.057342
0.004804,0.342350,0.141360,0.005462,0.269533,0.005809,0.014908,0.016405,0.141597,0.057773
0.032535,0.472010,0.010814,0.008374,0.008764,0.011524,0.064858,0.232871,0.150836,0.007414
0.006639,0.007209,0.010003,0.211554,0.363474,0.011267,0.088044,0.007033,0.288285,0.006492
0.010294,0.012591,0.156151,0.008103,0.069705,0.066087,0.162245,0.251676,0.010916,0.252232
0.008494,0.009220,0.606097,0.115643,0.049726,0.022376,0.111103,0.013987,0.054844,0.008509
0.006464,0.487640,0.011968,0.007408,0.392604,0.006616,0.060519,0.008468,0.007679,0.010633
0.006114,0.006641,0.132059,0.075736,0.367189,0.006068,0.139005,0.046046,0.215397,0.005747
0.030349,0.470380,0.009189,0.008464,0.010272,0.009287,0.047133,0.062478,0.342492,0.009956
0.331255,0.025847,0.023552,0.023522,0.034144,0.018588,0.145396,0.217984,0.139551,0.040162
0.006166,0.008153,0.238919,0.007234,0.020203,0.011073,0.099235,0.456244,0.147477,0.005297
0.104216,0.042333,0.120797,0.069271,0.085981,0.059472,0.383748,0.050085,0.047327,0.036769
0.007179,0.008451,0.169837,0.010785,0.521496,0.015784,0.006964,0.052306,0.009836,0.197363
0.011416,0.010391,0.027917,0.290932,0.019885,0.012597,0.117285,0.012394,0.484463,0.012720
0.009275,0.710754,0.044941,0.012755,0.047710,0.068765,0.009250,0.015319,0.048344,0.032887
0.007768,0.012971,0.155498,0.115298,0.066998,0.023197,0.080343,0.350389,0.057878,0.129661
0.031350,0.028782,0.389677,0.008750,0.017698,0.009499,0.071050,0.124492,0.209951,0.108753
0.044478,0.007490,0.073996,0.006078,0.291912,0.009432,0.070264,0.439188,0.052250,0.004914
0.004277,0.004608,0.093288,0.005234,0.227593,0.005587,0.035614,0.437643,0.181953,0.004202
0.040204,0.015746,0.454480,0.014872,0.043453,0.021210,0.224637,0.016965,0.013661,0.154772
0.003580,0.006007,0.019672,0.005385,0.229139,0.027961,0.078407,0.369629,0.200618,0.059604
0.004419,0.337382,0.133841,0.005008,0.216480,0.004829,0.049752,0.059194,0.184139,0.004957
0.014553,0.146364,0.292395,0.012285,0.051100,0.039101,0.011632,0.082287,0.338318,0.011966
0.009737,0.009412,0.031442,0.008530,0.486315,0.021935,0.026311,0.038789,0.359077,0.008454
0.015089,0.020038,0.017371,0.018090,0.021421,0.023612,0.109812,0.163452,0.463667,0.147449
0.055217,0.070159,0.011531,0.007430,0.018492,0.019856,0.032770,0.765672,0.009421,0.009453
0.103212,0.388231,0.101247,0.006652,0.354721,0.009868,0.009263,0.013571,0.007477,0.005757
0.033399,0.016014,0.036545,0.012191,0.620936,0.011290,0.027437,0.139027,0.089797,0.013363
0.026168,0.028748,0.040168,0.076317,0.475879,0.021290,0.098194,0.012108,0.079325,0.141803
0.114457,0.116454,0.137420,0.061068,0.072579,0.066796,0.105720,0.175437,0.051325,0.098745
0.019516,0.399081,0.354156,0.008753,0.015942,0.012833,0.124709,0.032681,0.024898,0.007431
0.037444,0.013320,0.110612,0.088062,0.028021,0.015237,0.150944,0.320319,0.224940,0.011102
0.022891,0.086662,0.031225,0.084142,0.017867,0.047335,0.130692,0.206175,0.366588,0.006422
0.008037,0.251169,0.104084,0.029149,0.197353,0.004523,0.038913,0.358802,0.004232,0.003738
0.006299,0.437659,0.104372,0.007741,0.387451,0.011023,0.005504,0.016883,0.015795,0.007275
0.175045,0.077180,0.022195,0.010891,0.014708,0.014495,0.021630,0.318267,0.335975,0.009615
0.060868,0.474449,0.018490,0.009572,0.012048,0.036785,0.015743,0.273408,0.008267,0.090370
0.007050,0.006623,0.007911,0.189038,0.346344,0.010324,0.015852,0.071398,0.260319,0.085141
0.161308,0.006293,0.032087,0.007823,0.332644,0.044579,0.038665,0.042548,0.190177,0.143875
0.064516,0.241912,0.010408,0.003431,0.205424,0.006681,0.002724,0.333420,0.127783,0.003701
0.025178,0.084039,0.145043,0.009914,0.494758,0.011438,0.040549,0.044877,0.038316,0.105887
0.009664,0.140436,0.064166,0.144341,0.052594,0.076050,0.040857,0.010071,0.141926,0.319895
0.004421,0.005351,0.293594,0.006727,0.022629,0.035763,0.021270,0.450804,0.030102,0.129339
0.006186,0.437040,0.010719,0.178899,0.007307,0.010972,0.067387,0.141893,0.133444,0.006153
0.013964,0.015664,0.135258,0.017803,0.031925,0.025345,0.053444,0.320987,0.343564,0.042045
0.010319,0.010539,0.137094,0.009151,0.603684,0.015499,0.095220,0.013778,0.095542,0.009173
0.037934,0.445295,0.178175,0.005141,0.009675,0.008638,0.011758,0.007456,0.226364,0.069563
0.006600,0.379308,0.009921,0.153392,0.007010,0.006084,0.005335,0.189222,0.237221,0.005906
0.004652,0.004726,0.010777,0.132369,0.277231,0.007172,0.008906,0.470247,0.016264,0.067657
0.006546,0.009515,0.173656,0.006152,0.401339,0.016070,0.060100,0.008248,0.173748,0.144627
0.010597,0.012924,0.390698,0.020904,0.034712,0.084429,0.144279,0.093607,0.160819,0.047031
0.022835,0.007905,0.029800,0.224681,0.361823,0.039139,0.107327,0.009877,0.172413,0.024200
0.012790,0.604902,0.013098,0.012272,0.011094,0.014134,0.057723,0.182345,0.012100,0.079541
0.008753,0.706703,0.126397,0.007694,0.041001,0.021037,0.032434,0.015729,0.011765,0.028488
0.018839,0.056436,0.118676,0.025644,0.035161,0.035530,0.168023,0.086195,0.162116,0.293380
0.040397,0.011611,0.178278,0.025425,0.040494,0.016478,0.227066,0.054556,0.390777,0.014920
0.016349,0.017347,0.421099,0.024961,0.028983,0.023112,0.031951,0.021355,0.397962,0.016881
0.009681,0.012965,0.020864,0.011422,0.012530,0.013905,0.080668,0.643400,0.176029,0.018535
0.006790,0.052219,0.132190,0.047769,0.360489,0.007565,0.050281,0.206234,0.047904,0.088559
0.006982,0.010618,0.157207,0.011960,0.477960,0.021059,0.027017,0.268976,0.009450,0.008771
0.176316,0.009169,0.418063,0.021744,0.031711,0.048592,0.005541,0.010502,0.250894,0.027467
0.008680,0.028555,0.083086,0.021284,0.522258,0.008891,0.103863,0.008990,0.204058,0.010335
0.065698,0.505516,0.019762,0.008298,0.022386,0.039965,0.030693,0.290567,0.008861,0.008254
0.010904,0.014464,0.066940,0.011156,0.037949,0.018826,0.040967,0.134534,0.456256,0.208006
0.107354,0.013404,0.253141,0.118253,0.044186,0.068687,0.039400,0.066382,0.056562,0.232632
0.119312,0.062718,0.109680,0.007298,0.305225,0.010430,0.018845,0.112960,0.247487,0.006045
0.004219,0.312686,0.097601,0.005823,0.261330,0.005121,0.034864,0.071443,0.202301,0.004613
0.047832,0.062044,0.022343,0.209711,0.014907,0.009546,0.087973,0.527096,0.009355,0.009193
0.004389,0.303477,0.008192,0.133481,0.200834,0.005353,0.041294,0.102015,0.194309,0.006655
0.038446,0.009944,0.033114,0.008573,0.036035,0.051311,0.043830,0.284031,0.374852,0.119864
0.027322,0.012556,0.013939,0.011151,0.502996,0.015515,0.028122,0.144079,0.219299,0.025020
0.014240,0.013307,0.030701,0.012798,0.699799,0.029096,0.042718,0.046161,0.095417,0.015764
0.008337,0.008823,0.107296,0.058318,0.011005,0.017539,0.007572,0.262629,0.367997,0.150484
0.013068,0.019228,0.228690,0.406048,0.022548,0.020874,0.032863,0.203048,0.036915,0.016718
0.027719,0.352588,0.101276,0.006144,0.307081,0.005853,0.039244,0.120250,0.034050,0.005796
0.004934,0.378845,0.153642,0.005489,0.253607,0.005842,0.062226,0.004674,0.125158,0.005583
0.011262,0.025536,0.159715,0.014285,0.020437,0.012574,0.032747,0.234062,0.378157,0.111224
0.005893,0.006271,0.136041,0.008344,0.369561,0.013802,0.050233,0.137402,0.259530,0.012923
0.044616,0.018892,0.017394,0.012214,0.011673,0.017522,0.024428,0.537296,0.307899,0.008065
0.011144,0.701623,0.013680,0.014978,0.015827,0.013522,0.010149,0.093496,0.014141,0.111439
0.004512,0.004790,0.073931,0.177197,0.020771,0.031329,0.018093,0.563080,0.024864,0.081434
0.004309,0.311480,0.014128,0.005614,0.244562,0.008323,0.055874,0.168173,0.133966,0.053572
0.006094,0.488830,0.031162,0.005277,0.412835,0.013897,0.017288,0.009820,0.008751,0.006045
0.265361,0.016018,0.218777,0.120695,0.034509,0.019393,0.083036,0.015541,0.064332,0.162338
0.008575,0.028188,0.183675,0.010861,0.023351,0.013140,0.027445,0.295733,0.221666,0.187366
0.030788,0.351085,0.010418,0.005848,0.259872,0.005106,0.041367,0.087027,0.202911,0.005578
0.006896,0.047372,0.007793,0.007680,0.011279,0.013182,0.015863,0.620601,0.256819,0.012513
0.012568,0.010559,0.062674,0.013146,0.076514,0.073615,0.072477,0.080241,0.416075,0.182131
0.041977,0.302728,0.017003,0.049131,0.208339,0.008791,0.020417,0.164271,0.176090,0.011252
0.010976,0.009356,0.064353,0.016559,0.064070,0.066007,0.189463,0.274651,0.293822,0.010742
0.004500,0.005505,0.356710,0.065681,0.029783,0.034791,0.063624,0.154138,0.209858,0.075410
0.008815,0.012823,0.308131,0.016061,0.042624,0.064648,0.063380,0.017289,0.455849,0.010381
0.006131,0.007238,0.143106,0.006172,0.022085,0.013339,0.023442,0.694789,0.063453,0.020245
0.008713,0.602452,0.013059,0.011302,0.013872,0.011440,0.081249,0.009461,0.180695,0.067757
0.006827,0.568125,0.205951,0.008678,0.009853,0.009003,0.076608,0.009962,0.020039,0.084954
0.032427,0.041685,0.088847,0.032716,0.046200,0.067312,0.051954,0.348455,0.226012,0.064394
0.005631,0.414261,0.140344,0.008968,0.019158,0.035230,0.011052,0.008274,0.181087,0.175994
0.060993,0.218187,0.006253,0.093358,0.185947,0.003245,0.030023,0.242077,0.156746,0.003171
0.063374,0.059881,0.203505,0.064143,0.106818,0.142322,0.148046,0.071361,0.071404,0.069145
0.030667,0.010936,0.047027,0.011506,0.453050,0.007676,0.030103,0.053449,0.340413,0.015172
0.005779,0.440678,0.013034,0.007181,0.008579,0.006472,0.045799,0.210458,0.252087,0.009933
0.007186,0.451761,0.085882,0.187681,0.009181,0.007295,0.015104,0.065621,0.038297,0.131991
0.089359,0.005222,0.014676,0.004678,0.282097,0.006242,0.011347,0.348778,0.226400,0.011202
0.009179,0.012022,0.024984,0.010237,0.476789,0.015990,0.045485,0.011438,0.383612,0.010265
0.136468,0.009639,0.019792,0.058705,0.387646,0.009974,0.060443,0.156413,0.154339,0.006582
0.013090,0.429839,0.011407,0.005976,0.276020,0.007493,0.013255,0.007390,0.225415,0.010115
0.105855,0.418776,0.010327,0.170070,0.011650,0.008105,0.044527,0.214726,0.007839,0.008124
0.005853,0.443381,0.007434,0.007314,0.295704,0.008037,0.050846,0.008405,0.166752,0.006274
0.028571,0.009574,0.024531,0.011993,0.538922,0.015465,0.019575,0.122804,0.029249,0.199316
0.045390,0.059570,0.017280,0.009526,0.014135,0.012018,0.012448,0.704865,0.055462,0.069306
0.159146,0.008478,0.038124,0.005554,0.036626,0.015273,0.005068,0.679619,0.041012,0.011101
0.026064,0.011271,0.164953,0.012235,0.025471,0.012265,0.114939,0.199575,0.327854,0.105374
0.007951,0.022684,0.026788,0.007748,0.411577,0.010628,0.020339,0.034045,0.295010,0.163229
0.162706,0.407737,0.013872,0.008979,0.020330,0.034078,0.069584,0.007854,0.195953,0.078906
0.007782,0.009694,0.122433,0.051524,0.009831,0.007501,0.018494,0.488662,0.269485,0.014594
0.006719,0.006733,0.256346,0.008708,0.359973,0.018752,0.024304,0.123769,0.188990,0.005708
0.005998,0.064346,0.084908,0.007095,0.373396,0.009853,0.079332,0.116578,0.249419,0.009074
0.025967,0.009616,0.133304,0.010306,0.404633,0.016930,0.090195,0.102360,0.198799,0.007891
0.004201,0.326814,0.291081,0.004026,0.016669,0.029099,0.020390,0.004356,0.193965,0.109398
0.006138,0.454481,0.013199,0.009627,0.461861,0.008265,0.014246,0.008038,0.016675,0.007471
0.026286,0.108720,0.148867,0.046304,0.120590,0.028794,0.394250,0.042321,0.036308,0.047559
0.281396,0.128372,0.019095,0.115940,0.030868,0.020390,0.120606,0.017798,0.047963,0.217573
0.005125,0.005218,0.198507,0.006081,0.286498,0.004839,0.016677,0.408534,0.006103,0.062417
0.026877,0.011221,0.011265,0.009571,0.448501,0.008102,0.061382,0.034721,0.294489,0.093871
0.004511,0.344241,0.016171,0.007130,0.267516,0.004443,0.041762,0.018982,0.219093,0.076150
0.005862,0.471623,0.038699,0.007508,0.425785,0.009422,0.018132,0.008891,0.007904,0.006175
0.007588,0.007564,0.100353,0.210994,0.384940,0.009248,0.067302,0.150273,0.052639,0.009097
0.010397,0.368720,0.008600,0.006960,0.008494,0.007147,0.011529,0.538717,0.032682,0.006754
0.009067,0.574853,0.013478,0.011783,0.014884,0.009840,0.071288,0.073449,0.146422,0.074937
0.004601,0.015286,0.007582,0.043385,0.294733,0.008179,0.009555,0.504740,0.006017,0.105923
0.010816,0.338966,0.072795,0.006304,0.007834,0.006346,0.060958,0.184124,0.239638,0.072219
0.007494,0.009860,0.008851,0.193860,0.013478,0.010275,0.066949,0.665562,0.008062,0.015610
0.018881,0.017132,0.081568,0.020547,0.076240,0.043033,0.310095,0.396482,0.021387,0.014636
0.011597,0.037066,0.220966,0.367475,0.037120,0.011088,0.009797,0.058715,0.046781,0.199395
0.008802,0.544894,0.008871,0.009778,0.010351,0.009824,0.016982,0.010192,0.372632,0.007674
0.003607,0.005375,0.104221,0.047398,0.241085,0.025308,0.045417,0.412908,0.022993,0.091689
0.003784,0.017906,0.117826,0.007247,0.018896,0.032572,0.087582,0.529106,0.053746,0.131335
0.096902,0.007774,0.016884,0.005059,0.290266,0.007362,0.015017,0.506891,0.041192,0.012654
0.007857,0.007384,0.010852,0.232911,0.430832,0.013290,0.022233,0.246389,0.009015,0.019237
0.341972,0.045519,0.053773,0.019139,0.039747,0.025144,0.034424,0.020740,0.053236,0.366304
0.003818,0.055402,0.134191,0.056176,0.018733,0.029318,0.085968,0.383224,0.214188,0.018980
0.015030,0.422577,0.159201,0.079062,0.013124,0.040451,0.123667,0.009776,0.023735,0.113378
0.128689,0.011880,0.201403,0.014718,0.054290,0.077112,0.180697,0.018768,0.148779,0.163664
0.046875,0.008375,0.168278,0.014038,0.499739,0.008004,0.129975,0.060175,0.054844,0.009697
0.117061,0.418098,0.023203,0.007630,0.268377,0.006760,0.011509,0.135505,0.006829,0.005029
0.026187,0.023273,0.478762,0.033948,0.115112,0.041287,0.084004,0.035650,0.140624,0.021153
0.003208,0.227522,0.014655,0.004036,0.172293,0.019169,0.038854,0.371641,0.145474,0.003148
0.006492,0.436061,0.180035,0.007453,0.010051,0.006693,0.068391,0.109733,0.169576,0.005517
0.011289,0.625925,0.245087,0.012717,0.012562,0.010599,0.020650,0.029334,0.021275,0.010562
0.052232,0.012398,0.225753,0.156289,0.080443,0.033698,0.057223,0.011457,0.165348,0.205159
0.018982,0.071254,0.289141,0.021212,0.102436,0.122462,0.307358,0.028725,0.020169,0.018261
0.174062,0.034252,0.075001,0.029842,0.045449,0.025822,0.101391,0.401598,0.081355,0.031227
0.009841,0.684839,0.026553,0.007865,0.014855,0.008762,0.018518,0.011561,0.022597,0.194608
0.016057,0.007438,0.016133,0.009710,0.009407,0.009806,0.016197,0.645098,0.213390,0.056762
0.010653,0.010619,0.032368,0.014694,0.499566,0.016830,0.008806,0.157487,0.237304,0.011674
0.014732,0.019385,0.255227,0.398111,0.027421,0.019549,0.040051,0.017548,0.016472,0.191504
0.021413,0.021139,0.233205,0.027927,0.036092,0.024447,0.039971,0.209917,0.138365,0.247523
0.015698,0.022179,0.047417,0.015391,0.753670,0.026310,0.063498,0.016935,0.019811,0.019089
0.011729,0.128423,0.061935,0.016845,0.043030,0.023384,0.011341,0.013121,0.529835,0.160358
0.032941,0.011241,0.218314,0.377680,0.047824,0.028099,0.030516,0.058119,0.046421,0.148844
0.012926,0.013068,0.036267,0.011286,0.025340,0.015466,0.094025,0.251254,0.528969,0.011399
0.009511,0.600445,0.248457,0.007255,0.022182,0.009551,0.016939,0.037500,0.030033,0.018127
0.009944,0.662821,0.014908,0.008884,0.010594,0.009834,0.069580,0.190308,0.011836,0.011292
0.013388,0.013376,0.522934,0.011518,0.045127,0.021484,0.045982,0.235851,0.075572,0.014767
0.029469,0.024956,0.482839,0.035390,0.076817,0.068664,0.121285,0.023852,0.031803,0.104925
0.005300,0.009130,0.223504,0.009890,0.358338,0.018659,0.030327,0.143382,0.195708,0.005763
0.087190,0.003559,0.235534,0.003074,0.014124,0.023612,0.060319,0.388085,0.179565,0.004937
0.021636,0.024348,0.098465,0.007991,0.312607,0.042584,0.071346,0.165342,0.229285,0.026397
0.015509,0.022187,0.257494,0.027381,0.024117,0.017111,0.015094,0.473856,0.114574,0.032677
0.046411,0.018985,0.178490,0.009465,0.378034,0.010447,0.025624,0.106334,0.150644,0.075566
0.012060,0.550277,0.008807,0.045474,0.009831,0.008776,0.012053,0.010349,0.257589,0.084784
0.020234,0.086290,0.101272,0.020357,0.059218,0.060934,0.082115,0.033374,0.250548,0.285659
0.008420,0.008850,0.032896,0.010551,0.036540,0.058244,0.025492,0.743068,0.049005,0.026933
0.041966,0.050294,0.182039,0.005629,0.275533,0.007726,0.048029,0.166824,0.214297,0.007661
0.007100,0.011740,0.105863,0.010456,0.032384,0.055184,0.156735,0.331202,0.043401,0.245937
0.012904,0.043546,0.059287,0.013840,0.057741,0.022085,0.166865,0.012170,0.470212,0.141349
0.124956,0.009436,0.019794,0.006283,0.351512,0.006852,0.080488,0.103389,0.291114,0.006177
0.010993,0.710318,0.019730,0.012751,0.020365,0.012611,0.018638,0.170665,0.012465,0.011463
0.049087,0.006402,0.322846,0.056086,0.021344,0.031943,0.086347,0.134606,0.215251,0.076089
0.006022,0.008712,0.080758,0.206259,0.362115,0.009683,0.091597,0.008413,0.154530,0.071912
0.008264,0.007395,0.163499,0.006727,0.430172,0.014776,0.006422,0.007994,0.348212,0.006539
0.003049,0.227290,0.077789,0.116955,0.009068,0.017365,0.006316,0.373055,0.165947,0.003165
0.004807,0.005051,0.342598,0.006263,0.278609,0.034179,0.098424,0.200786,0.006404,0.022878
0.013837,0.497903,0.020507,0.006154,0.010852,0.008787,0.012797,0.253531,0.018506,0.157126
0.005073,0.424590,0.057698,0.008390,0.329802,0.034884,0.017114,0.109464,0.007418,0.005568
0.006126,0.008140,0.020367,0.005299,0.304050,0.009363,0.022303,0.535672,0.006793,0.081888
0.009705,0.378665,0.008351,0.007962,0.006482,0.006176,0.013141,0.435617,0.011780,0.122122
0.005533,0.006571,0.236263,0.007553,0.366529,0.017572,0.153954,0.161446,0.037445,0.007133
0.009341,0.013050,0.227154,0.011185,0.554708,0.012739,0.056371,0.012449,0.079583,0.023419
0.009415,0.010275,0.072358,0.008299,0.045683,0.069054,0.008485,0.385128,0.382479,0.008824
0.007387,0.447574,0.083278,0.007782,0.010289,0.010563,0.013920,0.145220,0.146837,0.127151
0.004132,0.260674,0.062389,0.030825,0.005362,0.007454,0.007089,0.444744,0.170674,0.006657
0.013371,0.480601,0.111241,0.008679,0.346006,0.006297,0.011410,0.007267,0.007878,0.007249
0.005816,0.007731,0.220535,0.006741,0.015978,0.005605,0.078193,0.569277,0.027346,0.062778
0.066506,0.015559,0.227273,0.017845,0.016676,0.011717,0.035316,0.367462,0.026784,0.214863
0.009708,0.572511,0.018764,0.011681,0.011333,0.015923,0.022459,0.139599,0.188749,0.009273
0.008427,0.010957,0.020213,0.010410,0.010300,0.012408,0.059124,0.750459,0.017456,0.100247
0.027269,0.008199,0.312124,0.071464,0.022484,0.014393,0.108006,0.112989,0.313772,0.009301
0.034128,0.005577,0.091606,0.006561,0.011182,0.008453,0.043275,0.539988,0.253253,0.005979
0.007230,0.552906,0.033365,0.007774,0.015018,0.011353,0.014798,0.009438,0.340028,0.008090
0.011599,0.009740,0.607951,0.121113,0.022215,0.067372,0.061522,0.013862,0.054039,0.030586
0.013156,0.013719,0.061098,0.012771,0.057362,0.095353,0.112807,0.543642,0.074775,0.015316
0.110311,0.210669,0.186295,0.144924,0.009826,0.021634,0.046092,0.075830,0.189933,0.004486
0.019895,0.023548,0.030608,0.023847,0.040725,0.038587,0.272108,0.351514,0.178847,0.020321
0.154728,0.006721,0.282183,0.072257,0.403042,0.015275,0.006005,0.043362,0.008412,0.008016
0.056059,0.004908,0.028658,0.007513,0.012438,0.034443,0.021401,0.574893,0.255053,0.004634
0.012037,0.012117,0.018960,0.010444,0.685217,0.022324,0.106579,0.015167,0.106613,0.010542
0.035224,0.043954,0.051296,0.004177,0.254203,0.007447,0.045002,0.432870,0.112281,0.013546
0.004559,0.005376,0.182472,0.210912,0.016206,0.014626,0.094932,0.212561,0.252146,0.006211
0.008808,0.272553,0.120114,0.003552,0.005309,0.004428,0.008403,0.400601,0.171898,0.004334
0.382306,0.026065,0.161791,0.017439,0.038739,0.018786,0.241928,0.025019,0.066081,0.021846
0.005334,0.006603,0.393955,0.010878,0.348538,0.048425,0.124165,0.046494,0.008428,0.007180
0.004296,0.293194,0.035129,0.003609,0.278439,0.027812,0.008888,0.131444,0.212991,0.004199
0.005221,0.056698,0.227875,0.052426,0.015735,0.005833,0.015583,0.597787,0.007148,0.015693
0.037531,0.015062,0.013410,0.179164,0.017299,0.014112,0.019651,0.677899,0.019010,0.006864
0.023135,0.066900,0.048272,0.008708,0.014101,0.010271,0.023622,0.528891,0.269320,0.006779
0.051099,0.018800,0.061459,0.016219,0.040243,0.036076,0.040490,0.071325,0.512883,0.151406
0.046079,0.012491,0.071503,0.011689,0.084343,0.032960,0.046520,0.297334,0.086594,0.310488
0.034035,0.078712,0.085836,0.051351,0.047664,0.070198,0.293186,0.043244,0.232202,0.063573
0.025271,0.008676,0.203129,0.005700,0.034966,0.047449,0.101769,0.177835,0.291100,0.104104
0.017357,0.006870,0.108331,0.200070,0.369204,0.010031,0.065505,0.079715,0.136236,0.006680
0.092274,0.023676,0.044469,0.017556,0.045584,0.020179,0.051112,0.178591,0.324198,0.202361
0.006347,0.293930,0.068631,0.006180,0.006611,0.005832,0.056310,0.540623,0.010142,0.005395
0.082477,0.280652,0.008802,0.004616,0.267940,0.007453,0.008525,0.323127,0.011629,0.004780
0.030713,0.025944,0.035940,0.006594,0.444488,0.011564,0.006274,0.010227,0.300120,0.128136
0.008898,0.009064,0.163584,0.011278,0.048274,0.062412,0.174230,0.217096,0.296674,0.008491
0.054827,0.176972,0.063303,0.164347,0.033863,0.049668,0.173194,0.026275,0.026313,0.231238
0.004641,0.303878,0.008551,0.006150,0.006202,0.005140,0.009408,0.454199,0.196718,0.005113
0.007892,0.006630,0.116553,0.263259,0.429282,0.045372,0.029424,0.006149,0.089312,0.006127
0.037646,0.093769,0.089937,0.042532,0.078537,0.047743,0.393756,0.140033,0.042149,0.033897
0.008195,0.270614,0.013190,0.004754,0.206578,0.022381,0.007464,0.442270,0.015686,0.008867
0.004789,0.394830,0.020428,0.006862,0.292135,0.032878,0.010342,0.007815,0.060552,0.169368
0.158300,0.074937,0.013094,0.009441,0.447640,0.013461,0.006812,0.259798,0.009337,0.007179
0.062544,0.484742,0.040426,0.010076,0.012512,0.040379,0.016512,0.005962,0.320530,0.006318
0.048485,0.668803,0.117288,0.008894,0.016413,0.012845,0.096757,0.009677,0.011332,0.009506
0.226282,0.008686,0.042948,0.011444,0.468845,0.056919,0.036978,0.016877,0.010430,0.120593
0.028110,0.007627,0.147102,0.241637,0.023127,0.013662,0.074426,0.009949,0.365683,0.088678
0.025766,0.010978,0.024351,0.013399,0.031180,0.013229,0.084773,0.756986,0.026788,0.012550
0.006905,0.008050,0.377031,0.007705,0.468829,0.058326,0.036546,0.007648,0.010267,0.018693
0.021120,0.019480,0.055113,0.023191,0.038669,0.028984,0.150665,0.226858,0.396844,0.039075
0.027445,0.024879,0.069492,0.029377,0.043648,0.039864,0.100967,0.030594,0.573049,0.060685
0.008436,0.558957,0.010070,0.010339,0.013518,0.009982,0.082725,0.194761,0.012040,0.099173
0.009933,0.016649,0.348091,0.013861,0.044316,0.083355,0.071468,0.335321,0.066476,0.010529
0.112712,0.375825,0.159439,0.006063,0.267545,0.005744,0.013466,0.006283,0.042452,0.010471
0.007468,0.527001,0.028255,0.087317,0.016057,0.015579,0.017564,0.042068,0.251362,0.007330
0.006588,0.086977,0.033689,0.020505,0.404914,0.017629,0.045771,0.135489,0.042310,0.206130
0.016798,0.017127,0.018863,0.018360,0.023259,0.023137,0.141842,0.052132,0.669699,0.018781
0.035439,0.013491,0.091238,0.011274,0.019163,0.009648,0.146496,0.164190,0.391664,0.117399
0.003847,0.295434,0.063576,0.003397,0.251949,0.003786,0.035444,0.148163,0.186312,0.008093
0.012043,0.156529,0.480772,0.017252,0.055296,0.032828,0.122254,0.022280,0.086471,0.014275
0.008919,0.603203,0.019435,0.007998,0.010502,0.008836,0.018309,0.131218,0.177861,0.013719
0.090373,0.322877,0.131911,0.140880,0.006894,0.005654,0.007788,0.005485,0.187948,0.100190
0.005115,0.325745,0.070161,0.005911,0.273153,0.004948,0.011384,0.101694,0.194699,0.007190
0.007091,0.385494,0.012171,0.007152,0.014180,0.031270,0.011584,0.476358,0.048313,0.006388
0.006786,0.009752,0.217427,0.008503,0.398806,0.052431,0.129260,0.048816,0.008787,0.119433
0.003991,0.052915,0.021746,0.005224,0.015557,0.027904,0.079217,0.482648,0.214273,0.096525
0.041367,0.580390,0.013974,0.008210,0.017889,0.014902,0.007861,0.290919,0.014149,0.010339
0.051040,0.011597,0.025731,0.009583,0.439734,0.010702,0.022274,0.008426,0.267521,0.153394
0.005747,0.403516,0.037641,0.008316,0.335721,0.036465,0.017428,0.122559,0.026240,0.006368
0.029049,0.040201,0.092571,0.027820,0.066012,0.045162,0.319166,0.035392,0.035851,0.308775
0.012348,0.017773,0.065363,0.011662,0.063758,0.021577,0.125846,0.076610,0.584496,0.020568
0.005110,0.023270,0.026430,0.006638,0.294384,0.013962,0.062630,0.152973,0.281258,0.133346
0.005466,0.008182,0.250003,0.005539,0.346489,0.010538,0.028912,0.006077,0.269791,0.069003
0.005302,0.378966,0.019154,0.006789,0.316205,0.004572,0.003965,0.024035,0.228967,0.012046
0.011890,0.103448,0.096172,0.014474,0.028722,0.021839,0.126370,0.185879,0.398006,0.013200
0.005410,0.014301,0.013670,0.005248,0.345427,0.008412,0.012793,0.567575,0.020718,0.006446
0.005662,0.008010,0.257625,0.006546,0.025631,0.009580,0.053015,0.563955,0.052905,0.017071
0.006634,0.006604,0.015434,0.050249,0.316308,0.006811,0.014987,0.215356,0.296861,0.070756
0.011024,0.009269,0.146815,0.014890,0.492134,0.063145,0.069006,0.013465,0.050208,0.130043
0.004833,0.344372,0.312617,0.006185,0.007662,0.027653,0.010069,0.198867,0.006342,0.081400
0.005001,0.324539,0.006691,0.004174,0.242380,0.007657,0.010172,0.154740,0.158323,0.086323
0.017871,0.016054,0.041376,0.015310,0.026345,0.021296,0.028573,0.190311,0.627217,0.015648
0.046491,0.134251,0.047349,0.014916,0.033595,0.016651,0.064499,0.016767,0.610555,0.014926
0.006051,0.005530,0.014433,0.006714,0.304941,0.013130,0.005062,0.414856,0.223969,0.005315
0.028158,0.005819,0.115503,0.007829,0.332076,0.010503,0.088851,0.146341,0.155032,0.109889
0.057527,0.056804,0.348034,0.035954,0.034477,0.026302,0.050437,0.084086,0.075117,0.231263
0.004465,0.003976,0.081487,0.045765,0.275866,0.007518,0.051829,0.332859,0.181866,0.014368
0.005800,0.435977,0.101203,0.006440,0.250322,0.006118,0.012171,0.005677,0.116042,0.060247
0.036118,0.517465,0.013880,0.010091,0.008615,0.008763,0.016491,0.009964,0.321822,0.056791
0.060522,0.005512,0.368982,0.008627,0.294166,0.034280,0.031763,0.162112,0.028986,0.005051
0.084808,0.017222,0.267721,0.212689,0.075734,0.115069,0.050787,0.028844,0.094060,0.053067
0.009928,0.010056,0.395361,0.008634,0.022482,0.014080,0.028947,0.124983,0.376904,0.008624
0.032557,0.450522,0.008527,0.192238,0.008643,0.012229,0.071063,0.100883,0.041031,0.082306
0.048502,0.018719,0.046778,0.522288,0.029843,0.028402,0.045351,0.221352,0.021861,0.016905
