0.002318,0.003362,0.451011,0.005877,0.413333,0.027255,0.022336,0.010317,0.060140,0.004049
0.004862,0.001793,0.438835,0.017809,0.418332,0.028423,0.031696,0.017038,0.035710,0.005502
0.011986,0.008671,0.701097,0.032499,0.155949,0.016389,0.007726,0.015930,0.005396,0.044357
0.014992,0.178649,0.005029,0.062733,0.461764,0.058648,0.029132,0.128996,0.004682,0.055375
0.002942,0.107434,0.809727,0.001513,0.034823,0.007020,0.006572,0.001485,0.010625,0.017861
0.020072,0.001793,0.693954,0.003433,0.091861,0.000594,0.000424,0.001911,0.180293,0.005665
0.002866,0.002490,0.276566,0.003361,0.160797,0.005986,0.005000,0.003176,0.533145,0.006614
0.139717,0.098876,0.060724,0.053059,0.043541,0.111844,0.196347,0.139996,0.078916,0.076981
0.010682,0.004139,0.024758,0.091177,0.243278,0.083007,0.006882,0.020112,0.480541,0.035425
0.007845,0.009064,0.005524,0.143788,0.655696,0.027442,0.029820,0.054985,0.011071,0.054765
0.004409,0.000391,0.729559,0.003478,0.233223,0.006804,0.015546,0.004912,0.000820,0.000857
0.001112,0.001090,0.417036,0.021726,0.355991,0.012466,0.023906,0.036192,0.128416,0.002066
0.053784,0.005170,0.755711,0.009833,0.102941,0.004041,0.003592,0.031143,0.012130,0.021655
0.014984,0.004575,0.684548,0.005008,0.125290,0.011302,0.054883,0.007256,0.048418,0.043736
0.006020,0.001834,0.625395,0.016007,0.181202,0.020883,0.001104,0.020904,0.115830,0.010820
0.052898,0.093970,0.167942,0.072033,0.187108,0.088766,0.104289,0.104471,0.092697,0.035825
0.000694,0.022736,0.870848,0.000669,0.083426,0.000606,0.000825,0.011266,0.008069,0.000861
0.014561,0.005697,0.005028,0.004846,0.567021,0.001982,0.010037,0.111966,0.026793,0.252069
0.046589,0.092526,0.143243,0.094824,0.040275,0.162824,0.174485,0.130827,0.063806,0.050600
0.006290,0.005452,0.016785,0.125255,0.409993,0.101343,0.098039,0.028668,0.113297,0.094876
0.002028,0.000665,0.852385,0.036166,0.077981,0.000428,0.006129,0.003198,0.019925,0.001095
0.004715,0.001092,0.434907,0.010935,0.427765,0.021824,0.027743,0.050046,0.002021,0.018951
0.002711,0.001111,0.762711,0.020643,0.186956,0.003607,0.011205,0.005686,0.003585,0.001785
0.022799,0.004142,0.012647,0.009791,0.732005,0.084895,0.050277,0.046334,0.023993,0.013116
0.021598,0.316965,0.042652,0.006991,0.313392,0.086493,0.024400,0.089601,0.082641,0.015268
0.009133,0.154167,0.002809,0.034571,0.668826,0.009546,0.024918,0.004861,0.084874,0.006295
0.066237,0.014767,0.030583,0.017538,0.425158,0.010581,0.011177,0.114795,0.278660,0.030504
0.031091,0.001745,0.836361,0.011139,0.048695,0.001116,0.028243,0.017573,0.001633,0.022404
0.016153,0.004835,0.114310,0.010005,0.706133,0.013742,0.029432,0.038951,0.057167,0.009270
0.004816,0.003324,0.073292,0.024863,0.710136,0.037372,0.026367,0.031549,0.046683,0.041598
0.034398,0.007749,0.011021,0.081929,0.533643,0.093108,0.087762,0.036259,0.029058,0.085071
0.021829,0.009322,0.004498,0.075396,0.747953,0.014534,0.004727,0.027064,0.046050,0.048627
0.009235,0.001167,0.468453,0.006017,0.376831,0.013384,0.027688,0.024222,0.065831,0.007172
0.004580,0.001617,0.741322,0.016140,0.119866,0.013975,0.021409,0.033579,0.033923,0.013589
0.020480,0.071732,0.772958,0.000979,0.068230,0.017901,0.010961,0.002501,0.015367,0.018890
0.018166,0.134759,0.379331,0.024816,0.359445,0.008994,0.049523,0.004420,0.013390,0.007156
0.061280,0.061608,0.443964,0.059517,0.059270,0.083853,0.041607,0.083613,0.054600,0.050689
0.003158,0.002059,0.509211,0.009698,0.383457,0.014408,0.007288,0.054205,0.013289,0.003226
0.004148,0.001566,0.874296,0.001984,0.031076,0.000829,0.006511,0.030269,0.047227,0.002094
0.022989,0.004527,0.521424,0.018739,0.388987,0.011415,0.008677,0.007491,0.006448,0.009305
0.002943,0.002744,0.662771,0.004028,0.165233,0.027933,0.029854,0.016225,0.085533,0.002736
0.111815,0.087658,0.152547,0.053236,0.072529,0.091307,0.119326,0.120419,0.089030,0.102133
0.003136,0.000324,0.810039,0.025572,0.097089,0.000280,0.018205,0.007577,0.033362,0.004417
0.105202,0.092748,0.167389,0.072255,0.031329,0.098439,0.167103,0.125350,0.065584,0.074601
0.006442,0.007376,0.093887,0.112998,0.600658,0.015173,0.033027,0.024097,0.060140,0.046202
0.051459,0.130653,0.035920,0.034113,0.506407,0.029051,0.063156,0.065689,0.029526,0.054026
0.026523,0.005571,0.007725,0.078026,0.715841,0.055851,0.021993,0.046497,0.020280,0.021693
0.001397,0.001520,0.550517,0.012760,0.375069,0.005252,0.008766,0.007147,0.016850,0.020723
0.006230,0.005101,0.514492,0.064499,0.340069,0.013944,0.024118,0.009391,0.010380,0.011776
0.052524,0.134947,0.004229,0.038417,0.639271,0.015949,0.079886,0.023765,0.004760,0.006251
0.003156,0.005793,0.116459,0.009856,0.755096,0.014350,0.017872,0.030244,0.005427,0.041746
0.047772,0.012199,0.022859,0.029297,0.352538,0.130825,0.012552,0.089770,0.285629,0.016560
0.003658,0.005403,0.505223,0.004084,0.410337,0.018383,0.005496,0.019005,0.008246,0.020164
0.001684,0.097823,0.672775,0.000460,0.170510,0.001149,0.023699,0.024336,0.005462,0.002101
0.064550,0.203256,0.016781,0.084514,0.400002,0.083607,0.041267,0.052931,0.036199,0.016894
0.015174,0.028488,0.414784,0.010096,0.165566,0.070762,0.012950,0.034692,0.232471,0.015019
0.057643,0.091283,0.008013,0.007525,0.173102,0.014080,0.026883,0.149205,0.465208,0.007057
0.028640,0.004365,0.008103,0.034194,0.667948,0.005017,0.058421,0.048559,0.133494,0.011257
0.023285,0.243822,0.017035,0.011423,0.314516,0.084493,0.052210,0.018818,0.220818,0.013579
0.007549,0.210714,0.016611,0.011868,0.419819,0.098358,0.050839,0.078850,0.097539,0.007854
0.016033,0.003361,0.681474,0.007071,0.138645,0.044056,0.022186,0.021728,0.005433,0.060013
0.000618,0.000372,0.562930,0.002933,0.346214,0.013010,0.022279,0.026554,0.017697,0.007394
0.003361,0.102129,0.457269,0.014468,0.372686,0.012482,0.006665,0.001389,0.017682,0.011871
0.001132,0.000773,0.666638,0.019954,0.254725,0.002775,0.001128,0.022335,0.028872,0.001670
0.018072,0.002463,0.455145,0.007680,0.373863,0.006386,0.015847,0.011997,0.012676,0.095871
0.013773,0.003263,0.008921,0.045823,0.110637,0.112786,0.002327,0.047268,0.640082,0.015120
0.013151,0.011114,0.016750,0.014741,0.619539,0.009721,0.038485,0.027172,0.230401,0.018925
0.002504,0.037273,0.307978,0.002709,0.189270,0.009649,0.017438,0.002055,0.419227,0.011896
0.004892,0.029731,0.330786,0.026195,0.068396,0.004760,0.016346,0.014590,0.489758,0.014546
0.032782,0.012216,0.524978,0.016654,0.228543,0.008128,0.008434,0.035760,0.120427,0.012078
0.040290,0.009365,0.017880,0.014449,0.314441,0.007913,0.033657,0.251147,0.284990,0.025867
0.001615,0.000936,0.725311,0.003363,0.221498,0.000889,0.012958,0.005080,0.024347,0.004002
0.112841,0.100165,0.043089,0.085272,0.031809,0.100522,0.280062,0.057392,0.059577,0.129272
0.000683,0.001047,0.639639,0.015769,0.193037,0.005418,0.012421,0.010874,0.119840,0.001271
0.001209,0.000387,0.481479,0.035503,0.114208,0.027881,0.032126,0.016864,0.282382,0.007961
0.002075,0.001958,0.850325,0.005774,0.046431,0.008654,0.024297,0.045422,0.013680,0.001384
0.002329,0.000925,0.003185,0.030379,0.448155,0.027861,0.028984,0.041444,0.236701,0.180037
0.009975,0.059886,0.701107,0.005641,0.032538,0.002845,0.036091,0.037926,0.108834,0.005157
0.137988,0.010206,0.012195,0.049911,0.258948,0.007442,0.035902,0.275524,0.111142,0.100742
0.037393,0.007775,0.084743,0.017609,0.679752,0.011944,0.003833,0.031576,0.070208,0.055166
0.009709,0.004677,0.850665,0.005157,0.061126,0.001674,0.024692,0.007828,0.028796,0.005675
0.017724,0.000564,0.772457,0.003497,0.155071,0.000410,0.005140,0.031112,0.012019,0.002005
0.003209,0.003039,0.627898,0.002068,0.044085,0.003734,0.001523,0.014949,0.282230,0.017265
0.098885,0.095712,0.065352,0.076860,0.166477,0.106582,0.135548,0.055419,0.076961,0.122204
0.004821,0.001187,0.625284,0.009950,0.280537,0.003638,0.016607,0.024591,0.026527,0.006858
0.008721,0.001428,0.686585,0.003394,0.057126,0.001477,0.034698,0.019249,0.004880,0.182443
0.002461,0.001416,0.920948,0.000837,0.028491,0.000447,0.010760,0.007605,0.024825,0.002210
0.014309,0.000215,0.850642,0.001223,0.111376,0.000154,0.013707,0.001082,0.006114,0.001177
0.001949,0.001774,0.470376,0.004525,0.310320,0.018554,0.000392,0.033522,0.139585,0.019003
0.023361,0.005055,0.009015,0.013499,0.474510,0.004387,0.009766,0.123138,0.053672,0.283597
0.004510,0.003014,0.585240,0.014110,0.104429,0.024616,0.002654,0.010023,0.234558,0.016846
0.003491,0.001520,0.552166,0.024698,0.328630,0.016320,0.012128,0.011339,0.039911,0.009797
0.006201,0.001622,0.246860,0.014701,0.207086,0.015709,0.004059,0.094589,0.136540,0.272635
0.005388,0.000447,0.703856,0.004577,0.245217,0.004740,0.010258,0.002534,0.015010,0.007973
0.111435,0.091289,0.087101,0.096830,0.056267,0.115209,0.148832,0.151726,0.063639,0.077673
0.005839,0.000501,0.856711,0.003811,0.085315,0.004931,0.010257,0.006433,0.007568,0.018633
0.025988,0.003940,0.009693,0.006399,0.318029,0.107285,0.031371,0.082299,0.076467,0.338529
0.000803,0.040994,0.847979,0.001182,0.053419,0.007985,0.031980,0.001191,0.012240,0.002228
0.004209,0.004815,0.005229,0.007690,0.572561,0.002772,0.025939,0.006923,0.126460,0.243401
0.019191,0.002305,0.563406,0.007171,0.103506,0.019931,0.001120,0.118521,0.012305,0.152544
0.011258,0.002395,0.518545,0.033710,0.371600,0.013770,0.013952,0.019167,0.011867,0.003736
0.003188,0.004672,0.628935,0.006694,0.337693,0.001352,0.002233,0.005699,0.002786,0.006749
0.002996,0.000324,0.935243,0.012588,0.028624,0.002108,0.010774,0.001604,0.001050,0.004689
0.010651,0.017042,0.709535,0.002562,0.153711,0.013620,0.015526,0.039247,0.022214,0.015892
0.014266,0.002843,0.426448,0.006710,0.137474,0.027999,0.002792,0.038107,0.299012,0.044350
0.019939,0.004709,0.770477,0.006600,0.108644,0.006294,0.020951,0.020315,0.008083,0.033988
0.057535,0.006715,0.027506,0.083835,0.466947,0.164890,0.006191,0.063466,0.016295,0.106621
0.021860,0.006780,0.109428,0.154148,0.519829,0.063910,0.004682,0.029318,0.026341,0.063705
0.043029,0.307733,0.015049,0.027016,0.289172,0.139125,0.056374,0.092369,0.013682,0.016451
0.067690,0.021010,0.044722,0.044115,0.585751,0.023821,0.052291,0.076020,0.047586,0.036994
0.003461,0.001896,0.595800,0.010788,0.323958,0.008122,0.001528,0.003530,0.047423,0.003494
0.001075,0.000175,0.824608,0.000786,0.025182,0.005624,0.003244,0.013293,0.117469,0.008546
0.009109,0.001278,0.476697,0.019352,0.369919,0.008897,0.082602,0.017155,0.009530,0.005462
0.023339,0.081482,0.566748,0.003048,0.245662,0.006299,0.029037,0.002548,0.016968,0.024870
0.001705,0.001049,0.713241,0.019079,0.222085,0.000297,0.004467,0.030531,0.001489,0.006058
0.002188,0.001045,0.644506,0.020493,0.238917,0.003360,0.000119,0.027208,0.013761,0.048402
0.021950,0.006577,0.011949,0.012709,0.773626,0.007445,0.020097,0.085680,0.051049,0.008919
0.012611,0.002364,0.644215,0.032676,0.167127,0.014619,0.039091,0.022927,0.053663,0.010706
0.022845,0.024786,0.573605,0.022070,0.090102,0.107189,0.027181,0.019906,0.089682,0.022635
0.016696,0.003080,0.611371,0.029573,0.166578,0.058867,0.001910,0.043725,0.045529,0.022671
0.003371,0.004654,0.495334,0.003431,0.059487,0.006943,0.005658,0.065716,0.345126,0.010279
0.041831,0.010301,0.417340,0.018865,0.433850,0.008156,0.006382,0.018686,0.012375,0.032212
0.001864,0.000660,0.401631,0.032167,0.455864,0.032802,0.030762,0.013466,0.020972,0.009811
0.010501,0.004416,0.018233,0.025641,0.336687,0.181875,0.041354,0.101954,0.229451,0.049890
0.008998,0.001606,0.495408,0.009893,0.350851,0.028604,0.001662,0.027253,0.068956,0.006769
0.008080,0.004176,0.841548,0.024346,0.041101,0.002400,0.009131,0.017411,0.023250,0.028556
0.101146,0.003198,0.013731,0.090621,0.244884,0.043360,0.044809,0.341612,0.099184,0.017456
0.010705,0.001062,0.589330,0.020539,0.269870,0.029023,0.014731,0.048570,0.012244,0.003925
0.005792,0.000930,0.671006,0.014483,0.221213,0.000575,0.025404,0.041490,0.003550,0.015557
0.003039,0.000692,0.773211,0.001805,0.183067,0.004012,0.006861,0.016069,0.009000,0.002243
0.002145,0.078941,0.559503,0.002566,0.304801,0.008619,0.008689,0.029160,0.002295,0.003282
0.155005,0.111696,0.074336,0.122413,0.057714,0.076752,0.170530,0.087061,0.063225,0.081269
0.014030,0.001414,0.472020,0.011702,0.382314,0.001035,0.007244,0.016477,0.081999,0.011765
0.004493,0.000590,0.800167,0.001264,0.036217,0.001143,0.018892,0.027442,0.014131,0.095661
0.005431,0.002047,0.496925,0.050238,0.247701,0.017107,0.108810,0.011696,0.037532,0.022514
0.003393,0.001132,0.585558,0.035629,0.291755,0.019010,0.010832,0.029842,0.001515,0.021334
0.007902,0.006512,0.006141,0.038071,0.828561,0.034596,0.018884,0.037814,0.005362,0.016157
0.021139,0.000452,0.433332,0.013783,0.317922,0.003673,0.011688,0.003497,0.189069,0.005445
0.098540,0.086095,0.073573,0.125428,0.054308,0.106278,0.151285,0.137707,0.103597,0.063189
0.004444,0.001531,0.739804,0.006180,0.099824,0.012079,0.029023,0.083417,0.016035,0.007664
0.061083,0.116153,0.006919,0.014643,0.590187,0.057521,0.019844,0.120913,0.005308,0.007428
0.002740,0.065135,0.659139,0.001540,0.227564,0.007993,0.011619,0.001304,0.021540,0.001426
0.029534,0.067242,0.592360,0.031024,0.055698,0.062421,0.031426,0.074836,0.029760,0.025699
0.084937,0.103537,0.214693,0.084882,0.050505,0.111306,0.145131,0.058579,0.076946,0.069484
0.007308,0.002266,0.504186,0.004317,0.404289,0.021137,0.029572,0.010527,0.008059,0.008340
0.052160,0.063045,0.421737,0.051050,0.090815,0.076625,0.048618,0.120799,0.041387,0.033765
0.024358,0.005061,0.016960,0.040078,0.273491,0.028025,0.079156,0.030093,0.492807,0.009971
0.017355,0.183457,0.028384,0.013540,0.345404,0.045010,0.010672,0.028929,0.210674,0.116575
0.037002,0.001283,0.762501,0.003310,0.041525,0.001125,0.022942,0.047939,0.080648,0.001725
0.008620,0.003007,0.569037,0.003800,0.368683,0.000930,0.006927,0.011053,0.004425,0.023517
0.140650,0.010265,0.015772,0.017649,0.364903,0.159122,0.089572,0.181028,0.011416,0.009622
0.003466,0.001931,0.596943,0.026291,0.063273,0.001923,0.031548,0.075591,0.023061,0.175973
0.012825,0.031166,0.560464,0.027390,0.216495,0.046564,0.009669,0.052451,0.013040,0.029934
0.025369,0.022891,0.040677,0.127346,0.431457,0.049763,0.009739,0.087951,0.177516,0.027292
0.005208,0.004424,0.432725,0.031667,0.314379,0.016613,0.002768,0.022250,0.140602,0.029363
0.041308,0.013037,0.027862,0.016162,0.411794,0.029130,0.100884,0.115886,0.123951,0.119987
0.022511,0.143604,0.011680,0.018190,0.661033,0.022087,0.085387,0.015491,0.008561,0.011455
0.073855,0.104932,0.169425,0.073584,0.063099,0.114964,0.137364,0.063586,0.078263,0.120928
0.009599,0.032034,0.713387,0.004241,0.189000,0.002450,0.020859,0.004788,0.019759,0.003882
0.147151,0.070283,0.129076,0.112015,0.108239,0.070508,0.069206,0.038262,0.053832,0.201428
0.007821,0.006657,0.007851,0.013553,0.664512,0.005838,0.050025,0.032495,0.200876,0.010372
0.021541,0.218262,0.014862,0.065431,0.338283,0.020027,0.038432,0.091419,0.095781,0.095962
0.003728,0.091786,0.429744,0.000932,0.348004,0.023527,0.049539,0.026454,0.023887,0.002399
0.006091,0.000974,0.761484,0.035671,0.122465,0.007431,0.045749,0.004638,0.010764,0.004734
0.033252,0.040545,0.047458,0.043741,0.560599,0.029728,0.035580,0.089409,0.034709,0.084980
0.003796,0.000234,0.716825,0.025207,0.110782,0.000181,0.005621,0.000991,0.135894,0.000469
0.002365,0.142436,0.610877,0.030338,0.117049,0.026181,0.050432,0.005053,0.003568,0.011700
0.007509,0.011472,0.019698,0.138738,0.458075,0.158624,0.007856,0.082810,0.108374,0.006844
0.003037,0.140908,0.307055,0.007193,0.445152,0.003656,0.019486,0.055377,0.016493,0.001644
0.029472,0.000577,0.526348,0.009330,0.304265,0.016935,0.009915,0.053307,0.046647,0.003204
0.055641,0.009496,0.013074,0.019460,0.697675,0.045303,0.013981,0.049561,0.080003,0.015806
0.007710,0.001606,0.497804,0.017508,0.427524,0.005513,0.031289,0.006459,0.002021,0.002566
0.018177,0.015289,0.031625,0.029444,0.512779,0.083693,0.015585,0.136209,0.015710,0.141491
0.003116,0.001378,0.497809,0.015678,0.364740,0.009069,0.032456,0.053968,0.017036,0.004750
0.030360,0.083078,0.014090,0.053277,0.503833,0.008986,0.015144,0.015972,0.261637,0.013624
0.007690,0.004636,0.008360,0.067408,0.420406,0.003525,0.004185,0.062954,0.151522,0.269314
0.021257,0.012178,0.009790,0.011034,0.595093,0.098019,0.007652,0.119513,0.059454,0.066011
0.026151,0.005448,0.325051,0.011435,0.300244,0.033853,0.119112,0.035105,0.130594,0.013008
0.003681,0.001351,0.839578,0.031639,0.073991,0.011214,0.012664,0.014686,0.009290,0.001906
0.088899,0.015583,0.023528,0.074390,0.459250,0.041908,0.026373,0.086950,0.023050,0.160069
0.008222,0.002879,0.608116,0.006060,0.061043,0.004379,0.056012,0.023950,0.028722,0.200618
0.018759,0.124445,0.009291,0.054565,0.290214,0.066206,0.068336,0.193542,0.163374,0.011267
0.028082,0.006245,0.009214,0.007334,0.758526,0.088891,0.007537,0.038659,0.045807,0.009705
0.010682,0.001155,0.786492,0.003227,0.095330,0.043514,0.017415,0.024948,0.012506,0.004731
0.007118,0.000846,0.496801,0.009872,0.329763,0.006187,0.012303,0.057068,0.055585,0.024457
0.006366,0.003641,0.619172,0.004508,0.309196,0.022593,0.000642,0.010261,0.008909,0.014713
0.017923,0.085466,0.829754,0.006973,0.035259,0.010670,0.004236,0.009015,0.000297,0.000407
0.010397,0.000948,0.685926,0.004077,0.096514,0.025463,0.020644,0.073045,0.076212,0.006773
0.016712,0.008932,0.015425,0.115879,0.266475,0.102290,0.005282,0.236543,0.159340,0.073122
0.005791,0.002532,0.532631,0.028185,0.371979,0.011463,0.018141,0.018984,0.004613,0.005681
0.006159,0.035160,0.537795,0.006879,0.229342,0.002904,0.063591,0.020145,0.093018,0.005007
0.023070,0.002573,0.190595,0.096023,0.429844,0.063594,0.004356,0.088496,0.058090,0.043361
0.005290,0.001451,0.437374,0.030650,0.446600,0.000510,0.027597,0.008791,0.040688,0.001049
0.023434,0.177445,0.014186,0.207924,0.326044,0.037242,0.110209,0.062315,0.013340,0.027860
0.003215,0.035679,0.833608,0.000428,0.029990,0.011443,0.000606,0.010262,0.073938,0.000832
0.023895,0.001827,0.444618,0.003331,0.439359,0.003779,0.011821,0.025154,0.045529,0.000686
0.004699,0.042467,0.390834,0.002150,0.373748,0.001354,0.011431,0.017603,0.002213,0.153502
0.010980,0.002134,0.706553,0.035985,0.094462,0.006737,0.016000,0.082250,0.011450,0.033450
0.040298,0.003970,0.801576,0.004228,0.043478,0.001562,0.027215,0.021439,0.024224,0.032009
0.111015,0.182513,0.024804,0.008688,0.314738,0.111038,0.008523,0.034728,0.187612,0.016343
0.011968,0.004971,0.008995,0.003828,0.168682,0.049572,0.033060,0.048707,0.618521,0.051697
0.006262,0.004099,0.003090,0.065967,0.714373,0.001768,0.031527,0.009654,0.132844,0.030415
0.001821,0.000602,0.755618,0.002707,0.067169,0.000395,0.009527,0.004451,0.148078,0.009632
0.003768,0.141052,0.011571,0.048358,0.577889,0.048278,0.085947,0.037394,0.040590,0.005153
0.013410,0.006371,0.110802,0.129333,0.589869,0.024993,0.005305,0.043920,0.063825,0.012173
0.039572,0.007540,0.235493,0.023872,0.332442,0.061048,0.048330,0.043112,0.202244,0.006346
0.081796,0.082945,0.166525,0.092065,0.028955,0.092114,0.180767,0.121654,0.061534,0.091644
0.001175,0.161182,0.511599,0.018710,0.263131,0.014830,0.001518,0.022831,0.003191,0.001832
0.009766,0.001441,0.367461,0.013992,0.043112,0.003108,0.000219,0.009458,0.535899,0.015543
0.001961,0.001132,0.818841,0.004499,0.067463,0.024817,0.000737,0.043803,0.019493,0.017253
0.012049,0.018465,0.013613,0.017756,0.656598,0.008567,0.011917,0.050802,0.190112,0.020122
0.017782,0.003371,0.694987,0.055665,0.105192,0.003438,0.059373,0.012689,0.039303,0.008199
0.002836,0.184602,0.502558,0.004076,0.245499,0.015531,0.016235,0.011975,0.000769,0.015919
0.045764,0.059468,0.571510,0.038723,0.024842,0.067806,0.062414,0.060895,0.045440,0.023138
0.011150,0.005379,0.111292,0.020905,0.624013,0.013699,0.023289,0.040725,0.097327,0.052222
0.017273,0.004115,0.009426,0.031698,0.802600,0.045833,0.003480,0.037219,0.038547,0.009810
0.001469,0.001733,0.626386,0.013070,0.284731,0.012525,0.000285,0.044680,0.012722,0.002400
0.009786,0.001703,0.423426,0.088226,0.347141,0.015832,0.048157,0.015527,0.044283,0.005918
0.000667,0.001093,0.870646,0.019874,0.042805,0.006828,0.004257,0.018410,0.023768,0.011651
0.030149,0.004872,0.027219,0.048822,0.460259,0.160251,0.051465,0.164088,0.011015,0.041860
0.016543,0.000370,0.809325,0.007228,0.150079,0.000351,0.001531,0.001799,0.011180,0.001594
0.008729,0.013658,0.209250,0.046237,0.391159,0.069318,0.111900,0.019104,0.103350,0.027294
0.007262,0.059467,0.516727,0.020518,0.342747,0.002061,0.020461,0.023577,0.003345,0.003835
0.013423,0.001362,0.062073,0.007093,0.674305,0.011004,0.036851,0.102035,0.047607,0.044248
0.009844,0.001677,0.568801,0.038524,0.046164,0.010680,0.009247,0.053171,0.233983,0.027908
0.120525,0.011446,0.018537,0.013459,0.441939,0.059631,0.059955,0.136758,0.094462,0.043288
0.001022,0.089026,0.824198,0.000807,0.045842,0.010483,0.005443,0.018781,0.003024,0.001374
0.004734,0.003312,0.511924,0.017595,0.353019,0.011939,0.075641,0.006490,0.006027,0.009319
0.006821,0.335846,0.030167,0.068078,0.342516,0.028177,0.077986,0.070224,0.016418,0.023767
0.007825,0.001119,0.602139,0.024634,0.211439,0.000903,0.031575,0.029896,0.063732,0.026737
0.008009,0.001204,0.693432,0.065875,0.102008,0.009743,0.019352,0.050572,0.043491,0.006315
0.013863,0.002058,0.687387,0.003078,0.115894,0.034910,0.026179,0.030122,0.077038,0.009471
0.000744,0.000423,0.720517,0.019825,0.190871,0.014012,0.001128,0.020432,0.017401,0.014645
0.001090,0.000297,0.645324,0.014058,0.174994,0.004159,0.008006,0.019438,0.127733,0.004899
0.001982,0.050156,0.863957,0.007923,0.027808,0.005929,0.004540,0.009421,0.026667,0.001616
0.028881,0.158111,0.016801,0.073458,0.392815,0.097379,0.090442,0.021720,0.102384,0.018009
0.001134,0.000966,0.631884,0.022764,0.258649,0.009957,0.011551,0.011837,0.038011,0.013249
0.001447,0.001431,0.871488,0.004057,0.067571,0.019663,0.008225,0.016690,0.007095,0.002332
0.007911,0.002801,0.424493,0.014118,0.454931,0.031030,0.033683,0.012064,0.013715,0.005255
0.001223,0.209169,0.315824,0.008100,0.389106,0.003737,0.001541,0.048949,0.000679,0.021670
0.032231,0.029797,0.041722,0.051948,0.232634,0.032851,0.023702,0.047176,0.439323,0.068616
0.005438,0.263032,0.010181,0.007048,0.290972,0.099139,0.069357,0.105448,0.076036,0.073349
0.088154,0.103263,0.078637,0.076829,0.180373,0.096239,0.139936,0.082766,0.085109,0.068693
0.043897,0.003854,0.006367,0.051365,0.600630,0.011878,0.001911,0.015202,0.219218,0.045678
0.013316,0.005723,0.009830,0.105384,0.620808,0.051758,0.021983,0.068202,0.057220,0.045775
0.004336,0.107415,0.604674,0.018358,0.106076,0.017267,0.009611,0.049595,0.079299,0.003369
0.005062,0.003127,0.499257,0.040589,0.374657,0.019780,0.020468,0.010863,0.009716,0.016480
0.006049,0.006878,0.006779,0.070992,0.690289,0.004115,0.053373,0.038286,0.062474,0.060766
0.044409,0.159137,0.035838,0.140993,0.224708,0.019324,0.054766,0.175595,0.119493,0.025736
0.004164,0.002493,0.724355,0.004662,0.211185,0.002751,0.002993,0.017049,0.021087,0.009261
0.001638,0.001483,0.744258,0.024428,0.119514,0.000562,0.000437,0.008651,0.015209,0.083819
0.009920,0.006621,0.603562,0.006465,0.142274,0.032466,0.036904,0.022814,0.131983,0.006991
0.015632,0.016547,0.022358,0.026399,0.631978,0.019664,0.061091,0.060306,0.131073,0.014951
0.001490,0.134270,0.279919,0.000821,0.384580,0.006615,0.057840,0.001814,0.029130,0.103521
0.013947,0.140241,0.018103,0.027128,0.324761,0.059112,0.076995,0.025370,0.221335,0.093008
0.014833,0.001799,0.481857,0.005695,0.346606,0.031960,0.001533,0.050081,0.059731,0.005905
0.095964,0.064182,0.172157,0.086953,0.040181,0.114705,0.160880,0.117268,0.092502,0.055208
0.092612,0.222711,0.037969,0.064939,0.300528,0.068613,0.101616,0.019883,0.072090,0.019038
0.001697,0.000561,0.590770,0.004080,0.330189,0.019035,0.016010,0.032826,0.001786,0.003047
0.037397,0.005733,0.029720,0.022916,0.503440,0.147640,0.068426,0.112892,0.042881,0.028955
0.007289,0.209264,0.025345,0.005046,0.550641,0.048097,0.027081,0.099321,0.018094,0.009822
0.150554,0.105977,0.060341,0.064032,0.042234,0.107533,0.228850,0.062618,0.099201,0.078661
0.036217,0.002537,0.740850,0.003733,0.115538,0.018382,0.012665,0.013116,0.034651,0.022310
0.024383,0.002884,0.732825,0.007740,0.115522,0.015498,0.003632,0.023750,0.049064,0.024701
0.056187,0.001265,0.612167,0.064072,0.132843,0.036818,0.017586,0.035913,0.038136,0.005013
0.002928,0.197311,0.503695,0.001694,0.102443,0.006924,0.016963,0.098474,0.067756,0.001812
0.019506,0.088557,0.534273,0.014929,0.295783,0.004206,0.020781,0.019343,0.001292,0.001329
0.001695,0.178158,0.630587,0.021946,0.108360,0.010457,0.010644,0.003221,0.033474,0.001456
0.007008,0.000867,0.620924,0.007942,0.056563,0.006502,0.000433,0.057836,0.219142,0.022785
0.004730,0.003687,0.488151,0.006971,0.380411,0.003898,0.000611,0.007435,0.029893,0.074212
0.023389,0.000507,0.605152,0.004224,0.148436,0.000683,0.006308,0.013784,0.190905,0.006610
0.030741,0.006492,0.018387,0.047315,0.438797,0.103534,0.008404,0.073704,0.171678,0.100949
0.005468,0.002694,0.635286,0.007351,0.179378,0.021549,0.014318,0.030823,0.070124,0.033008
0.023378,0.020771,0.273845,0.004686,0.379081,0.001408,0.009856,0.046254,0.013382,0.227339
0.005280,0.001022,0.604261,0.056560,0.270394,0.019442,0.018691,0.010114,0.010733,0.003504
0.040187,0.011808,0.013935,0.014972,0.471037,0.180001,0.041267,0.103951,0.107967,0.014875
0.003620,0.008439,0.317239,0.008101,0.232985,0.050477,0.093281,0.124232,0.146067,0.015558
0.030235,0.008011,0.022994,0.028885,0.270843,0.169888,0.114220,0.211733,0.114325,0.028865
0.001890,0.011079,0.896252,0.000633,0.063928,0.000428,0.007646,0.000638,0.007957,0.009549
0.084130,0.102201,0.041171,0.088310,0.110129,0.109867,0.261650,0.091622,0.054696,0.056222
0.006489,0.006720,0.007888,0.051748,0.750705,0.070443,0.066526,0.023396,0.006349,0.009736
0.015180,0.001198,0.365516,0.023573,0.323472,0.003620,0.004286,0.048062,0.204539,0.010554
0.068006,0.026884,0.024187,0.029710,0.384307,0.136478,0.072793,0.105903,0.026544,0.125187
0.011734,0.002125,0.632178,0.067844,0.101734,0.037008,0.001517,0.033567,0.074235,0.038059
0.026977,0.234420,0.012780,0.021322,0.323735,0.095080,0.027837,0.080730,0.072432,0.104687
0.044539,0.051594,0.365476,0.054308,0.133302,0.040405,0.074683,0.083885,0.084433,0.067376
0.002673,0.000985,0.835359,0.019099,0.056720,0.009513,0.020943,0.014535,0.035337,0.004836
0.106573,0.100348,0.097190,0.115146,0.079160,0.104501,0.118645,0.054995,0.090393,0.133049
0.002275,0.104269,0.442461,0.003359,0.307517,0.007327,0.057377,0.050131,0.010971,0.014312
0.004846,0.003367,0.731232,0.093185,0.089230,0.009821,0.001958,0.023989,0.007375,0.034998
0.005792,0.228575,0.003696,0.008449,0.563068,0.012306,0.058147,0.046257,0.030135,0.043575
0.005148,0.001047,0.558447,0.018408,0.341298,0.005356,0.036818,0.010684,0.006484,0.016310
0.001597,0.002180,0.479996,0.029689,0.442069,0.000519,0.022278,0.016345,0.001384,0.003942
0.012165,0.003410,0.004951,0.032132,0.471862,0.034966,0.004095,0.021901,0.381853,0.032666
0.117358,0.077276,0.046410,0.103771,0.041032,0.059392,0.239992,0.121268,0.054838,0.138662
0.009581,0.002618,0.319458,0.064743,0.110372,0.019110,0.004354,0.028652,0.408673,0.032438
0.022853,0.032900,0.373518,0.005169,0.160169,0.036393,0.158564,0.048021,0.079503,0.082910
0.043925,0.001271,0.664512,0.008489,0.129050,0.018333,0.028399,0.022998,0.058255,0.024767
0.009085,0.002532,0.768004,0.038442,0.095497,0.007843,0.018583,0.051621,0.003669,0.004724
0.011839,0.000385,0.516936,0.002538,0.236154,0.002094,0.000278,0.032919,0.188896,0.007962
0.017125,0.009004,0.009353,0.146219,0.629034,0.006791,0.098154,0.056456,0.016006,0.011857
0.039537,0.083631,0.028494,0.092603,0.255272,0.018385,0.085388,0.025555,0.285003,0.086134
0.025477,0.013159,0.012570,0.009296,0.495002,0.006313,0.006893,0.018912,0.157029,0.255349
0.022510,0.004331,0.015181,0.015837,0.142211,0.121760,0.004847,0.056483,0.589479,0.027362
0.126073,0.155964,0.073596,0.010660,0.423701,0.034171,0.031883,0.117032,0.011282,0.015637
0.006137,0.002853,0.006991,0.013781,0.392324,0.100024,0.055031,0.022770,0.396115,0.003974
0.019709,0.034611,0.436538,0.015917,0.278449,0.069524,0.018771,0.045593,0.059685,0.021203
0.011361,0.141837,0.011583,0.014890,0.535358,0.077417,0.076818,0.051135,0.065743,0.013857
0.126698,0.102699,0.061907,0.099163,0.048232,0.104583,0.193307,0.121050,0.073597,0.068765
0.037353,0.009582,0.009344,0.127654,0.422613,0.002459,0.044278,0.027138,0.242937,0.076642
0.012715,0.016391,0.015253,0.025315,0.811214,0.009105,0.055122,0.019488,0.012290,0.023106
0.005797,0.000639,0.434561,0.028554,0.328674,0.018608,0.000854,0.020185,0.159021,0.003108
0.102083,0.083089,0.161384,0.091663,0.023712,0.083718,0.235362,0.118021,0.039991,0.060977
0.002314,0.003766,0.458804,0.010325,0.364346,0.010119,0.022622,0.009100,0.041771,0.076832
0.009395,0.003129,0.707293,0.025949,0.132989,0.012708,0.002755,0.050338,0.040376,0.015067
0.001751,0.000397,0.771796,0.016715,0.172738,0.011780,0.001044,0.005660,0.001561,0.016558
0.001375,0.001578,0.557885,0.007019,0.320558,0.009455,0.011666,0.035411,0.036178,0.018874
0.012680,0.002650,0.621516,0.019626,0.229494,0.023036,0.045650,0.012211,0.010440,0.022698
0.005789,0.004525,0.005801,0.027100,0.867921,0.011384,0.008102,0.011630,0.014472,0.043277
0.009799,0.004817,0.004328,0.031290,0.402673,0.055725,0.001143,0.021529,0.435289,0.033406
0.007035,0.002021,0.512901,0.002102,0.405734,0.018771,0.009311,0.015447,0.025471,0.001206
0.086931,0.096398,0.128755,0.082911,0.089476,0.110746,0.088676,0.103963,0.165530,0.046614
0.007509,0.168551,0.407114,0.002805,0.335383,0.020298,0.031527,0.021063,0.001408,0.004342
0.032237,0.009333,0.008484,0.020254,0.293625,0.109851,0.031410,0.063925,0.384076,0.046804
0.006194,0.011051,0.008011,0.020958,0.887415,0.003474,0.026293,0.017394,0.005515,0.013694
0.076960,0.012189,0.036556,0.020239,0.490379,0.015891,0.073136,0.134957,0.123503,0.016190
0.017644,0.001827,0.792013,0.001690,0.114746,0.000559,0.027633,0.007691,0.031068,0.005128
0.067757,0.032268,0.033353,0.013841,0.509629,0.014332,0.048415,0.109040,0.147084,0.024280
0.003194,0.001120,0.547784,0.018206,0.307630,0.021341,0.002842,0.036674,0.056073,0.005136
0.002452,0.000719,0.902449,0.002406,0.035832,0.002312,0.009208,0.025369,0.009100,0.010154
0.002431,0.102761,0.514682,0.035232,0.260974,0.007265,0.008573,0.002105,0.047557,0.018420
0.002558,0.001054,0.606186,0.001190,0.256891,0.000243,0.008785,0.005363,0.040115,0.077617
0.005402,0.003906,0.358542,0.032816,0.194506,0.002376,0.012548,0.013473,0.351462,0.024971
0.039693,0.010436,0.012216,0.173855,0.322557,0.143982,0.035860,0.158285,0.083154,0.019962
0.005263,0.005071,0.592958,0.004469,0.058126,0.021286,0.021586,0.074747,0.183374,0.033121
0.018901,0.004221,0.005880,0.009639,0.672493,0.011442,0.006425,0.009982,0.083733,0.177283
0.044970,0.000719,0.694004,0.002816,0.097686,0.026671,0.042704,0.050775,0.035976,0.003679
0.002999,0.064770,0.435796,0.006369,0.449926,0.003759,0.010282,0.023392,0.000934,0.001774
0.003914,0.000548,0.824409,0.024237,0.104729,0.000517,0.018092,0.008065,0.002386,0.013103
0.005532,0.002310,0.215256,0.082361,0.233520,0.054255,0.007136,0.031171,0.072876,0.295583
0.017611,0.006472,0.028541,0.020310,0.536982,0.171041,0.017582,0.046113,0.127920,0.027427
0.077437,0.072907,0.143314,0.053435,0.095039,0.171011,0.097678,0.055575,0.052904,0.180700
0.003584,0.001064,0.925104,0.009969,0.019070,0.000575,0.018198,0.019865,0.000789,0.001783
0.011102,0.129924,0.006956,0.006102,0.349867,0.014220,0.028223,0.066180,0.338036,0.049390
0.027877,0.023092,0.651454,0.016434,0.155175,0.043527,0.023711,0.030452,0.015944,0.012335
0.025173,0.001891,0.712146,0.012155,0.110924,0.010976,0.042055,0.026912,0.011524,0.046244
0.080480,0.089437,0.055661,0.086390,0.051377,0.109520,0.105009,0.049637,0.307931,0.064558
0.009274,0.011775,0.016857,0.111157,0.223109,0.157298,0.007682,0.058196,0.373561,0.031090
0.002717,0.001112,0.830201,0.002958,0.079585,0.016459,0.001532,0.011069,0.049742,0.004626
0.000942,0.001558,0.714072,0.001568,0.241414,0.000519,0.003400,0.018802,0.015149,0.002577
0.117438,0.093796,0.088057,0.104509,0.062362,0.114746,0.171349,0.092746,0.078384,0.076613
0.010064,0.150702,0.010264,0.139002,0.459563,0.055460,0.019684,0.014795,0.107220,0.033245
0.002647,0.053378,0.818884,0.003653,0.038597,0.011230,0.009706,0.058972,0.000946,0.001988
0.019606,0.001787,0.003928,0.005706,0.215741,0.033026,0.058772,0.032933,0.498826,0.129674
0.003632,0.000416,0.622485,0.007675,0.183431,0.009734,0.010791,0.021228,0.124828,0.015779
0.000862,0.056108,0.612503,0.002522,0.268212,0.016808,0.011606,0.019106,0.010396,0.001876
0.011056,0.000646,0.283193,0.004450,0.139264,0.003263,0.013175,0.006377,0.520963,0.017615
0.014174,0.002009,0.003331,0.066554,0.610294,0.016925,0.046573,0.118902,0.097220,0.024016
0.002854,0.001238,0.715343,0.002300,0.241899,0.002236,0.008845,0.006748,0.013781,0.004756
0.092797,0.089541,0.202021,0.069929,0.060529,0.105199,0.122287,0.145450,0.053979,0.058267
0.002552,0.002938,0.732765,0.028620,0.148318,0.002245,0.001917,0.003259,0.069722,0.007664
0.007233,0.005671,0.482107,0.010415,0.260734,0.006543,0.007075,0.050944,0.158059,0.011220
0.006347,0.005624,0.872326,0.005576,0.079502,0.000323,0.002430,0.023594,0.003784,0.000495
0.001514,0.001283,0.498622,0.003718,0.391140,0.005231,0.022669,0.025474,0.048020,0.002328
0.139755,0.011697,0.019603,0.171132,0.369550,0.058039,0.016032,0.116639,0.012998,0.084552
0.005522,0.004160,0.622688,0.002765,0.321396,0.000810,0.016458,0.010260,0.013019,0.002922
0.010543,0.003684,0.703968,0.010387,0.131016,0.009432,0.020892,0.016773,0.090264,0.003040
0.027325,0.014420,0.346292,0.012946,0.321718,0.058130,0.017897,0.061294,0.125493,0.014484
0.038587,0.009010,0.009722,0.066054,0.739302,0.004962,0.008008,0.083115,0.015716,0.025525
0.074304,0.085397,0.174018,0.149870,0.075916,0.118083,0.114425,0.062525,0.067895,0.077566
0.058307,0.004597,0.094847,0.009833,0.397001,0.061433,0.004080,0.028518,0.305842,0.035542
0.007919,0.002595,0.918590,0.002617,0.038878,0.001813,0.001700,0.020105,0.001908,0.003876
0.018411,0.022450,0.701944,0.020699,0.081184,0.058634,0.032949,0.027860,0.014721,0.021149
0.010611,0.010253,0.005814,0.145694,0.633899,0.060865,0.028048,0.055695,0.013044,0.036078
0.002887,0.000926,0.161168,0.011653,0.143200,0.011493,0.019135,0.005729,0.641764,0.002045
0.015553,0.010402,0.120052,0.124807,0.564195,0.033346,0.007359,0.019862,0.094361,0.010063
0.015490,0.001390,0.006380,0.074287,0.434366,0.062860,0.032094,0.037650,0.112667,0.222816
0.004338,0.000474,0.595698,0.002569,0.202282,0.000302,0.010862,0.011928,0.157466,0.014079
0.002662,0.002426,0.484591,0.018071,0.353523,0.026973,0.037846,0.010762,0.058430,0.004716
0.107992,0.027763,0.041094,0.041505,0.381310,0.023919,0.024313,0.102685,0.089071,0.160349
0.001696,0.000701,0.879729,0.013933,0.036240,0.002816,0.015935,0.037781,0.010030,0.001141
0.005507,0.000575,0.492641,0.003220,0.365414,0.016138,0.017255,0.050074,0.026909,0.022267
0.001968,0.046536,0.341595,0.003552,0.115438,0.004822,0.104875,0.002335,0.377142,0.001738
0.036501,0.050329,0.250459,0.085203,0.119501,0.071475,0.066593,0.031723,0.224377,0.063839
0.038770,0.017570,0.030902,0.035018,0.491491,0.128954,0.011988,0.062522,0.045758,0.137027
0.010912,0.011798,0.016895,0.126028,0.548219,0.009019,0.115384,0.071239,0.079450,0.011056
0.002795,0.001813,0.524335,0.026734,0.359200,0.017478,0.006483,0.045094,0.001278,0.014791
0.164398,0.102038,0.098540,0.098031,0.082014,0.098824,0.121512,0.058122,0.077140,0.099381
0.011845,0.013208,0.019420,0.142790,0.277896,0.007826,0.067472,0.035083,0.413271,0.011188
0.008520,0.001281,0.498923,0.027799,0.410532,0.019326,0.023504,0.007922,0.001384,0.000810
0.061571,0.047736,0.159994,0.042890,0.166042,0.151097,0.060549,0.033865,0.238697,0.037558
0.046659,0.089865,0.170020,0.042271,0.211403,0.107890,0.111177,0.086846,0.076066,0.057804
0.036021,0.003697,0.810981,0.006038,0.078756,0.013335,0.003274,0.042879,0.003142,0.001876
0.061826,0.085655,0.394574,0.056376,0.085270,0.077101,0.057326,0.075849,0.053689,0.052335
0.002707,0.047517,0.684400,0.001138,0.229681,0.002376,0.029301,0.001036,0.001248,0.000596
0.044468,0.002553,0.564512,0.005504,0.066946,0.000831,0.018374,0.083999,0.001967,0.210845
0.008018,0.001350,0.003310,0.031159,0.732463,0.009997,0.011866,0.010199,0.029404,0.162234
0.002091,0.003883,0.210831,0.004171,0.165896,0.008744,0.010521,0.005201,0.581436,0.007227
0.003794,0.001248,0.822022,0.003089,0.132787,0.011070,0.003977,0.009744,0.002822,0.009446
0.009168,0.001905,0.500339,0.003168,0.399728,0.008758,0.008865,0.048678,0.016204,0.003188
0.014665,0.004316,0.526797,0.008160,0.311611,0.019577,0.001524,0.077906,0.028546,0.006898
0.000717,0.065080,0.357957,0.004341,0.332397,0.006556,0.045408,0.007893,0.165602,0.014049
0.013356,0.014506,0.020780,0.078583,0.427022,0.012431,0.044217,0.054200,0.317722,0.017184
0.067824,0.185377,0.005899,0.056326,0.245053,0.047254,0.031741,0.212959,0.139965,0.007603
0.001567,0.043178,0.701637,0.025916,0.195371,0.000918,0.009822,0.007624,0.012514,0.001453
0.007215,0.002079,0.525818,0.013025,0.053474,0.000693,0.026770,0.086917,0.265459,0.018551
0.009097,0.001530,0.516963,0.031671,0.350543,0.007761,0.032500,0.013944,0.025852,0.010139
0.017227,0.002457,0.117442,0.010116,0.666499,0.062844,0.002660,0.051281,0.019061,0.050414
0.026544,0.222961,0.014823,0.012742,0.367665,0.108894,0.029506,0.136321,0.068847,0.011699
0.005428,0.008493,0.567018,0.003844,0.110452,0.015365,0.005287,0.010917,0.268100,0.005096
0.102647,0.100895,0.059761,0.114221,0.042791,0.108328,0.214311,0.048275,0.108398,0.100374
0.045359,0.157637,0.003792,0.033275,0.394249,0.023340,0.020078,0.186144,0.099371,0.036757
0.001570,0.071804,0.829944,0.002915,0.053640,0.010022,0.009807,0.015453,0.003146,0.001698
0.012274,0.084233,0.423536,0.008499,0.354178,0.005554,0.015646,0.008047,0.071472,0.016559
0.036515,0.014966,0.038958,0.118748,0.387987,0.017989,0.106116,0.125468,0.018100,0.135153
0.034336,0.006501,0.006822,0.016119,0.704990,0.003412,0.096304,0.047115,0.038929,0.045472
0.003488,0.112170,0.334697,0.001504,0.325166,0.016578,0.001303,0.027006,0.175957,0.002131
0.010304,0.001044,0.614900,0.063877,0.134267,0.023434,0.022467,0.005477,0.082414,0.041817
0.009815,0.017776,0.713945,0.010590,0.102905,0.050546,0.031767,0.015337,0.033653,0.013667
0.006390,0.001403,0.458891,0.008081,0.403394,0.014345,0.033848,0.042916,0.003367,0.027364
0.003693,0.002211,0.007458,0.006920,0.792590,0.072406,0.019484,0.033164,0.051736,0.010338
0.002505,0.005702,0.687290,0.062434,0.060258,0.001361,0.015197,0.025916,0.098615,0.040722
0.014296,0.006560,0.018501,0.015800,0.334457,0.058805,0.065398,0.031087,0.085111,0.369986
0.015246,0.215266,0.021722,0.016263,0.367151,0.133910,0.011773,0.111072,0.088920,0.018677
0.023461,0.006076,0.083218,0.013995,0.577079,0.009840,0.075212,0.086786,0.100585,0.023748
0.003517,0.001657,0.309761,0.002197,0.059591,0.006545,0.006496,0.013416,0.590227,0.006594
0.032699,0.007418,0.012169,0.018226,0.629152,0.068890,0.018942,0.063694,0.129411,0.019401
0.001991,0.002050,0.607436,0.048586,0.176037,0.022862,0.019740,0.052848,0.037739,0.030710
0.024080,0.012148,0.050800,0.024755,0.330756,0.030899,0.031670,0.036304,0.194729,0.263860
0.004147,0.052301,0.466051,0.002637,0.408255,0.002025,0.008515,0.027591,0.002607,0.025870
0.001834,0.123626,0.511469,0.001899,0.109394,0.032146,0.014999,0.062094,0.102525,0.040015
0.012387,0.003102,0.517610,0.007831,0.370847,0.031049,0.001089,0.043702,0.009749,0.002634
0.008974,0.003343,0.642019,0.009730,0.269431,0.038686,0.002971,0.006422,0.011751,0.006671
0.013774,0.005715,0.632770,0.110454,0.121369,0.051680,0.004978,0.024629,0.022077,0.012554
0.054888,0.021768,0.028231,0.025981,0.413644,0.038117,0.008073,0.110760,0.136516,0.162021
0.001634,0.000325,0.697451,0.004697,0.154448,0.003702,0.003639,0.004130,0.092401,0.037573
0.024947,0.012324,0.032441,0.313035,0.386621,0.045720,0.006252,0.080536,0.036954,0.061169
0.075167,0.082352,0.047250,0.054467,0.085604,0.079974,0.301045,0.108237,0.084328,0.081575
0.107045,0.091020,0.068961,0.100912,0.048919,0.078631,0.193649,0.150949,0.078836,0.081077
0.003638,0.000394,0.821617,0.000725,0.017616,0.000656,0.010462,0.008871,0.134596,0.001425
0.015452,0.009687,0.007644,0.078675,0.545991,0.004923,0.040163,0.105263,0.176432,0.015770
0.029943,0.011084,0.007905,0.019652,0.660581,0.094638,0.027815,0.112303,0.022421,0.013659
0.001643,0.101382,0.434630,0.012931,0.284438,0.012211,0.057798,0.048873,0.033257,0.012839
0.004976,0.000824,0.472216,0.021158,0.437720,0.004924,0.000859,0.050728,0.002442,0.004154
