0.118284,0.144725,0.050863,0.074018,0.067019,0.125205,0.091949,0.068721,0.118408,0.140807
0.137629,0.126315,0.045903,0.074670,0.054901,0.114413,0.069373,0.204151,0.102360,0.070286
0.035597,0.059014,0.510527,0.019438,0.027063,0.183020,0.062899,0.036799,0.017942,0.047700
0.102979,0.055065,0.446650,0.060859,0.045500,0.062023,0.048552,0.043605,0.052110,0.082656
0.095860,0.063793,0.082658,0.056277,0.176933,0.095960,0.082314,0.088362,0.147419,0.110426
0.080164,0.140298,0.072167,0.020835,0.022131,0.244646,0.265384,0.041433,0.054083,0.058858
0.081762,0.166993,0.042181,0.058308,0.049933,0.116883,0.080260,0.263136,0.071581,0.068964
0.021314,0.018974,0.013506,0.020579,0.016566,0.025176,0.799990,0.027932,0.032750,0.023213
0.060664,0.118926,0.362101,0.055408,0.156416,0.047826,0.043133,0.064196,0.068922,0.022408
0.061410,0.107855,0.303774,0.060296,0.033030,0.076844,0.068498,0.163623,0.036129,0.088541
0.131023,0.149490,0.072110,0.062552,0.046705,0.129509,0.085737,0.115452,0.095684,0.111738
0.097424,0.142241,0.053923,0.078303,0.070750,0.134020,0.085299,0.093252,0.084255,0.160532
0.092327,0.042941,0.024776,0.029075,0.144023,0.185983,0.146149,0.182372,0.087826,0.064528
0.067145,0.107045,0.044758,0.087541,0.189415,0.095757,0.087179,0.113729,0.104026,0.103404
0.050926,0.081513,0.049842,0.072258,0.039697,0.067378,0.449388,0.087975,0.059493,0.041531
0.040499,0.037946,0.207336,0.018438,0.091032,0.031186,0.484048,0.026344,0.023015,0.040155
0.075907,0.053513,0.093212,0.034271,0.042121,0.348130,0.055648,0.120411,0.116732,0.060056
0.072143,0.123369,0.225374,0.045379,0.036315,0.275492,0.042544,0.055856,0.066881,0.056647
0.034444,0.024687,0.094951,0.019761,0.019514,0.078491,0.633647,0.027564,0.036125,0.030817
0.074821,0.060823,0.331576,0.038956,0.147958,0.065481,0.063506,0.040955,0.091089,0.084836
0.068679,0.049548,0.075760,0.058367,0.039381,0.276144,0.064244,0.194509,0.094295,0.079073
0.137276,0.202145,0.051253,0.078845,0.053983,0.123012,0.091594,0.081709,0.078893,0.101290
0.127313,0.147198,0.065304,0.077621,0.060870,0.126559,0.087225,0.095537,0.109036,0.103336
0.092328,0.143280,0.254188,0.067905,0.051565,0.071389,0.068658,0.086404,0.083917,0.080366
0.083326,0.042313,0.417212,0.033237,0.108829,0.061809,0.034929,0.071965,0.088628,0.057752
0.122703,0.073380,0.258868,0.098408,0.045141,0.086959,0.066052,0.091464,0.075020,0.082005
0.063190,0.047026,0.263929,0.022551,0.144126,0.196686,0.091445,0.063460,0.073440,0.034148
0.086037,0.103889,0.024144,0.030716,0.146225,0.356591,0.059626,0.087133,0.033835,0.071805
0.125502,0.110606,0.173635,0.045557,0.065114,0.100786,0.080305,0.116597,0.104032,0.077864
0.053358,0.183524,0.166476,0.066830,0.061426,0.089635,0.062158,0.110832,0.099309,0.106452
0.070035,0.158094,0.324790,0.077044,0.045309,0.064804,0.062767,0.042270,0.082711,0.072178
0.083221,0.078081,0.352980,0.071022,0.051140,0.077082,0.056912,0.049261,0.087975,0.092327
0.123681,0.215651,0.047750,0.063908,0.064592,0.115384,0.085604,0.099953,0.078820,0.104659
0.054094,0.108372,0.050694,0.050513,0.207840,0.127707,0.068775,0.122459,0.152585,0.056959
0.107762,0.057030,0.066201,0.060432,0.134042,0.087842,0.075081,0.223736,0.094131,0.093743
0.095510,0.071933,0.046688,0.114535,0.048384,0.115191,0.103452,0.253646,0.070119,0.080542
0.039512,0.026245,0.666033,0.031916,0.019318,0.110417,0.028288,0.020076,0.027603,0.030593
0.137832,0.150844,0.060014,0.080022,0.055241,0.114057,0.095925,0.068961,0.124945,0.112160
0.042585,0.049161,0.099599,0.024741,0.211295,0.281061,0.032010,0.103559,0.083994,0.071997
0.141761,0.086977,0.053915,0.118987,0.048453,0.104386,0.075584,0.215254,0.062747,0.091936
0.126427,0.104046,0.044702,0.098277,0.183400,0.102494,0.093343,0.064134,0.086488,0.096689
0.042018,0.037291,0.117115,0.039958,0.024884,0.111571,0.545306,0.032260,0.027532,0.022065
0.043639,0.223358,0.077019,0.057098,0.026772,0.281087,0.055893,0.086945,0.081804,0.066385
0.032336,0.020057,0.134894,0.013517,0.015946,0.022687,0.673698,0.024014,0.031910,0.030940
0.121963,0.075993,0.135902,0.067611,0.042098,0.093808,0.064674,0.179075,0.114557,0.104320
0.054122,0.085721,0.215551,0.041751,0.035912,0.188294,0.069879,0.226520,0.040105,0.042144
0.081666,0.134711,0.316297,0.060501,0.044854,0.065224,0.065198,0.084805,0.078520,0.068224
0.127482,0.193240,0.057801,0.074281,0.063613,0.109480,0.088801,0.069483,0.118100,0.097719
0.125465,0.162245,0.043153,0.059554,0.049854,0.122225,0.078443,0.224967,0.065047,0.069048
0.109787,0.072302,0.282918,0.096704,0.055368,0.084668,0.074130,0.082047,0.062037,0.080038
0.120083,0.144278,0.189028,0.044585,0.060049,0.093538,0.089199,0.109193,0.053334,0.096712
0.057547,0.074379,0.313264,0.036836,0.183113,0.061980,0.075365,0.096396,0.056266,0.044854
0.094413,0.081076,0.052496,0.085420,0.047701,0.117241,0.084046,0.261798,0.061504,0.114305
0.126130,0.073608,0.077853,0.101464,0.054310,0.133350,0.083691,0.064836,0.160665,0.124093
0.052032,0.056337,0.356039,0.077950,0.122533,0.053641,0.040025,0.173867,0.033494,0.034081
0.037374,0.034929,0.551370,0.014685,0.085850,0.111259,0.017194,0.095414,0.034511,0.017413
0.087078,0.057081,0.434895,0.047302,0.138081,0.060350,0.047571,0.040217,0.054272,0.033154
0.066135,0.049418,0.304372,0.033133,0.032856,0.269172,0.057034,0.080801,0.076581,0.030498
0.072377,0.061998,0.332682,0.035103,0.160636,0.053785,0.059884,0.046724,0.091353,0.085458
0.068242,0.056607,0.346543,0.050252,0.127391,0.059208,0.055593,0.087118,0.098069,0.050976
0.135032,0.101877,0.048205,0.041826,0.227264,0.106882,0.100711,0.063059,0.052172,0.122972
0.141219,0.128622,0.059479,0.076837,0.068443,0.109900,0.094607,0.131338,0.116300,0.073256
0.111528,0.074347,0.055490,0.115296,0.064980,0.115376,0.095575,0.123493,0.134157,0.109758
0.060064,0.209101,0.071655,0.079705,0.045703,0.113531,0.100743,0.114785,0.120853,0.083860
0.092693,0.179300,0.044324,0.054286,0.043065,0.104506,0.086600,0.189482,0.115937,0.089807
0.047474,0.086773,0.276079,0.071673,0.141147,0.065962,0.096096,0.087419,0.061308,0.066069
0.034533,0.110722,0.317381,0.032661,0.053013,0.226015,0.061432,0.056868,0.058332,0.049042
0.077413,0.072884,0.074047,0.072499,0.046768,0.094068,0.105947,0.298865,0.052789,0.104719
0.034703,0.073376,0.023416,0.038550,0.181799,0.249904,0.065881,0.213864,0.056785,0.061721
0.066667,0.246688,0.024271,0.034574,0.030847,0.199169,0.182072,0.075465,0.072498,0.067750
0.053685,0.084906,0.270622,0.023063,0.141543,0.227614,0.051036,0.051821,0.039931,0.055779
0.072637,0.241680,0.092527,0.027117,0.039535,0.311558,0.038411,0.047296,0.098349,0.030890
0.028230,0.016349,0.009906,0.015365,0.011401,0.020425,0.850401,0.018071,0.013206,0.016646
0.151159,0.111326,0.068703,0.067984,0.058751,0.137893,0.090282,0.123635,0.085199,0.105069
0.051249,0.155475,0.039470,0.084327,0.169882,0.109927,0.083556,0.121180,0.082009,0.102924
0.110507,0.153360,0.077512,0.040801,0.191236,0.089216,0.080338,0.062344,0.125454,0.069231
0.089006,0.082989,0.324398,0.048441,0.047796,0.068113,0.064014,0.108447,0.088953,0.077844
0.111752,0.060230,0.023846,0.042844,0.205970,0.256002,0.064904,0.125251,0.057561,0.051640
0.065007,0.042909,0.281524,0.021651,0.118321,0.263765,0.046074,0.033878,0.067945,0.058926
0.087377,0.066583,0.163863,0.047887,0.041098,0.099542,0.071909,0.204464,0.119862,0.097416
0.078827,0.159693,0.026641,0.030376,0.154783,0.285598,0.062313,0.068035,0.093043,0.040690
0.104485,0.136453,0.039425,0.046047,0.052823,0.298567,0.078233,0.055194,0.104382,0.084391
0.016222,0.067301,0.062571,0.016549,0.142340,0.150225,0.322558,0.128604,0.036524,0.057107
0.048514,0.022780,0.014941,0.023947,0.054367,0.032928,0.655765,0.083842,0.042505,0.020413
0.129514,0.126361,0.058128,0.073647,0.052256,0.114387,0.093197,0.120247,0.120120,0.112142
0.074435,0.058808,0.024410,0.036420,0.158589,0.356233,0.054813,0.088709,0.082977,0.064606
0.054237,0.136231,0.071520,0.021567,0.136100,0.329474,0.047065,0.075358,0.070891,0.057559
0.105132,0.070203,0.082745,0.034526,0.045334,0.347211,0.068422,0.084481,0.112455,0.049491
0.077368,0.126757,0.050491,0.089019,0.069319,0.114175,0.225514,0.070210,0.072012,0.105135
0.070351,0.195582,0.242524,0.023783,0.036247,0.211316,0.045993,0.052295,0.069390,0.052518
0.099414,0.200157,0.036198,0.035137,0.195414,0.085194,0.072572,0.095910,0.089325,0.090679
0.087378,0.127563,0.037507,0.109019,0.056226,0.101856,0.067652,0.202585,0.125528,0.084687
0.029954,0.086182,0.349749,0.037571,0.140710,0.073606,0.054392,0.093970,0.060446,0.073419
0.130145,0.150596,0.066785,0.071766,0.061358,0.107268,0.072223,0.122135,0.114748,0.102976
0.036199,0.023887,0.016115,0.026813,0.016184,0.036923,0.734236,0.037849,0.037235,0.034559
0.065864,0.155183,0.085157,0.062765,0.163216,0.107727,0.075069,0.063521,0.114507,0.106992
0.061345,0.059394,0.325052,0.031231,0.148096,0.075798,0.053726,0.089038,0.087423,0.068897
0.111276,0.067172,0.078969,0.079816,0.140843,0.097884,0.075434,0.112568,0.137886,0.098152
0.039593,0.069489,0.273789,0.031242,0.044669,0.253902,0.037469,0.086386,0.095642,0.067819
0.100899,0.098910,0.048315,0.043361,0.185488,0.113899,0.118433,0.065702,0.122822,0.102171
0.115510,0.120991,0.056121,0.088466,0.071082,0.127485,0.087193,0.118863,0.117999,0.096291
0.066734,0.101456,0.048973,0.067800,0.068057,0.220897,0.165354,0.088240,0.085226,0.087262
0.065997,0.097825,0.077892,0.106704,0.194541,0.095050,0.083459,0.114215,0.060132,0.104184
0.024696,0.071531,0.509798,0.013430,0.119961,0.119531,0.026607,0.046958,0.036696,0.030792
0.089909,0.187013,0.036623,0.072216,0.189324,0.083537,0.059298,0.101998,0.083567,0.096514
0.080322,0.139153,0.045990,0.044210,0.167599,0.089756,0.084021,0.204016,0.047319,0.097615
0.079663,0.059809,0.361047,0.040336,0.148654,0.068424,0.076410,0.042434,0.034484,0.088739
0.077851,0.118243,0.181021,0.071155,0.056757,0.109557,0.064831,0.071803,0.123590,0.125191
0.059705,0.047127,0.436814,0.035593,0.145226,0.046749,0.050794,0.081871,0.035529,0.060591
0.041117,0.091043,0.258401,0.024903,0.138689,0.221755,0.036663,0.055390,0.072824,0.059216
0.072643,0.134276,0.072659,0.064080,0.065098,0.153471,0.095104,0.146724,0.092342,0.103604
0.109308,0.099089,0.074552,0.041930,0.181085,0.094684,0.091462,0.119608,0.077479,0.110803
0.053721,0.172773,0.050984,0.086037,0.046731,0.137952,0.085784,0.242826,0.047600,0.075593
0.123272,0.069377,0.039560,0.064627,0.056426,0.106148,0.067639,0.255782,0.110982,0.106188
0.064511,0.147209,0.043345,0.061370,0.054293,0.332057,0.086288,0.077851,0.071011,0.062067
0.075172,0.150879,0.068519,0.078613,0.060194,0.123782,0.124489,0.111908,0.114228,0.092216
0.040889,0.084995,0.288364,0.028573,0.036956,0.253714,0.055885,0.090271,0.081905,0.038448
0.102376,0.174949,0.037573,0.040108,0.185115,0.086856,0.081568,0.054302,0.125550,0.111602
0.021737,0.026272,0.392902,0.011461,0.067103,0.083163,0.283661,0.073733,0.026121,0.013846
0.063277,0.206022,0.041007,0.059543,0.158755,0.079368,0.089781,0.110200,0.098861,0.093186
0.039528,0.029719,0.530148,0.016114,0.021607,0.142312,0.049393,0.075154,0.052994,0.043030
0.104806,0.092271,0.048133,0.060425,0.064548,0.225127,0.202757,0.082083,0.064734,0.055117
0.127553,0.169307,0.050116,0.067358,0.065746,0.118424,0.077514,0.099912,0.117034,0.107036
0.027907,0.052586,0.402589,0.033844,0.193100,0.070770,0.056485,0.079321,0.056102,0.027296
0.126404,0.149000,0.050660,0.072921,0.067344,0.103146,0.068269,0.109566,0.118855,0.133835
0.081945,0.137087,0.026716,0.068430,0.140576,0.188785,0.034801,0.165248,0.092157,0.064254
0.083674,0.149258,0.269952,0.072570,0.130425,0.064919,0.036436,0.041585,0.083242,0.067940
0.134476,0.169635,0.061684,0.085094,0.053822,0.109972,0.084233,0.091381,0.116441,0.093262
0.119860,0.132365,0.033772,0.059021,0.056861,0.254506,0.079113,0.052580,0.108280,0.103642
0.071874,0.202823,0.069380,0.057678,0.060144,0.119552,0.066099,0.113983,0.128126,0.110340
0.129476,0.078940,0.078068,0.077142,0.065268,0.106576,0.087098,0.122855,0.139382,0.115197
0.022783,0.020244,0.022002,0.018533,0.013389,0.028401,0.783888,0.033258,0.032093,0.025409
0.089966,0.302857,0.030619,0.041855,0.038762,0.249056,0.062158,0.088207,0.056471,0.040048
0.048590,0.178419,0.067548,0.017028,0.156780,0.286616,0.041026,0.077531,0.077537,0.048926
0.107096,0.183176,0.048099,0.050392,0.051775,0.087921,0.068208,0.219086,0.090735,0.093511
0.153795,0.131769,0.070877,0.067140,0.066558,0.134440,0.079888,0.113385,0.069170,0.112978
0.079892,0.118885,0.337799,0.049374,0.043402,0.068356,0.080334,0.089561,0.048002,0.084396
0.137486,0.165275,0.058980,0.070813,0.074213,0.137165,0.086301,0.094414,0.087207,0.088145
0.035536,0.022868,0.016030,0.029394,0.020355,0.033915,0.723075,0.038982,0.044556,0.035289
0.105813,0.140625,0.043598,0.051640,0.196642,0.094734,0.059605,0.090664,0.111893,0.104784
0.117879,0.078013,0.317080,0.057384,0.061033,0.082420,0.089723,0.054487,0.065024,0.076957
0.131474,0.071188,0.075311,0.092544,0.066836,0.108802,0.095387,0.122682,0.129088,0.106686
0.027753,0.040176,0.636367,0.019852,0.021532,0.105141,0.036762,0.051993,0.023404,0.037020
0.021527,0.021275,0.091829,0.017536,0.016897,0.028375,0.715644,0.022652,0.034198,0.030067
0.139020,0.111711,0.056675,0.075439,0.071522,0.114549,0.087451,0.105348,0.121535,0.116750
0.048855,0.038269,0.585030,0.023477,0.024504,0.130721,0.031930,0.022797,0.050909,0.043509
0.070727,0.057451,0.351579,0.034340,0.201564,0.053685,0.063704,0.041302,0.081432,0.044214
0.030702,0.057449,0.246335,0.032392,0.159495,0.060027,0.047103,0.191189,0.094393,0.080914
0.079632,0.203185,0.028383,0.026248,0.191550,0.246961,0.052394,0.046041,0.081922,0.043685
0.061314,0.079305,0.035226,0.037691,0.056671,0.358630,0.066338,0.109008,0.104936,0.090880
0.082359,0.049562,0.377160,0.026520,0.180971,0.054443,0.055716,0.096502,0.032833,0.043934
0.053598,0.194170,0.020072,0.031222,0.132351,0.319109,0.052025,0.054637,0.087942,0.054873
0.014051,0.030407,0.628533,0.032867,0.096066,0.092647,0.023278,0.027169,0.017148,0.037834
0.049411,0.118229,0.209680,0.069953,0.140688,0.056859,0.066539,0.142051,0.079527,0.067063
0.054480,0.285354,0.041527,0.051434,0.049504,0.084459,0.175042,0.100069,0.071806,0.086325
0.069745,0.098406,0.333663,0.023204,0.128112,0.062549,0.055004,0.069425,0.086222,0.073669
0.122085,0.071558,0.269596,0.057510,0.047319,0.083460,0.081163,0.090554,0.059127,0.117628
0.024771,0.026305,0.167957,0.017060,0.020364,0.027670,0.613988,0.038538,0.039890,0.023457
0.087584,0.088957,0.041718,0.065978,0.062476,0.258029,0.063308,0.094209,0.129331,0.108410
0.037563,0.030725,0.018184,0.030119,0.018620,0.045027,0.620045,0.110203,0.056686,0.032829
0.037761,0.095600,0.276183,0.037694,0.035309,0.238256,0.055889,0.074999,0.079002,0.069308
0.048465,0.042515,0.423081,0.031225,0.158894,0.052272,0.046943,0.057360,0.078375,0.060870
0.157563,0.077110,0.047526,0.083299,0.056513,0.114516,0.086048,0.134322,0.133666,0.109438
0.112582,0.094970,0.039152,0.108868,0.160660,0.104814,0.083744,0.111087,0.114321,0.069801
0.024820,0.179963,0.201984,0.026788,0.036492,0.178098,0.171541,0.078173,0.033458,0.068682
0.061959,0.074363,0.084871,0.069382,0.037455,0.412326,0.074887,0.057969,0.070591,0.056197
0.119801,0.082727,0.047100,0.067985,0.183146,0.098174,0.107731,0.101377,0.076251,0.115708
0.071625,0.072087,0.297668,0.064601,0.145933,0.054005,0.079533,0.076348,0.088667,0.049533
0.156028,0.073586,0.052175,0.086109,0.054688,0.113273,0.105072,0.088417,0.119030,0.151622
0.120963,0.190683,0.048294,0.060557,0.052415,0.111967,0.096154,0.089448,0.086779,0.142739
0.064374,0.080229,0.316274,0.028002,0.037890,0.078027,0.074344,0.166696,0.106287,0.047876
0.081939,0.151531,0.064906,0.097696,0.062949,0.126830,0.101139,0.094975,0.085332,0.132702
0.072193,0.076141,0.339346,0.027216,0.152584,0.069880,0.054265,0.080939,0.039093,0.088344
0.143701,0.112302,0.061908,0.127546,0.057326,0.118528,0.097486,0.072761,0.126167,0.082276
0.070471,0.077792,0.262464,0.048616,0.049504,0.215228,0.052358,0.072743,0.065232,0.085593
0.048089,0.194297,0.191425,0.048724,0.030948,0.174439,0.122568,0.075111,0.066373,0.048027
0.051112,0.137709,0.348878,0.062848,0.051291,0.060862,0.045850,0.068899,0.096053,0.076497
0.094905,0.077526,0.263640,0.032656,0.137266,0.069210,0.063430,0.156105,0.059962,0.045301
0.100598,0.075850,0.072562,0.049322,0.147832,0.088982,0.084712,0.205072,0.111555,0.063515
0.088415,0.108533,0.352223,0.039545,0.050400,0.081271,0.078012,0.058227,0.052388,0.090986
0.044319,0.183239,0.021388,0.024373,0.139891,0.238429,0.050981,0.167167,0.073224,0.056989
0.055580,0.052471,0.425319,0.035711,0.115909,0.056362,0.056415,0.057947,0.082622,0.061665
0.089660,0.118448,0.273960,0.071108,0.040413,0.088884,0.068391,0.088023,0.101645,0.059467
0.110478,0.092593,0.053334,0.084409,0.193833,0.108873,0.076499,0.101792,0.108693,0.069498
0.136198,0.174706,0.046621,0.059638,0.053729,0.113725,0.095707,0.089781,0.123330,0.106564
0.148289,0.147350,0.038580,0.076199,0.043114,0.124105,0.074101,0.234251,0.054027,0.059986
0.135347,0.069817,0.087458,0.061667,0.173258,0.117543,0.067979,0.102216,0.085145,0.099572
0.072312,0.162974,0.055066,0.051355,0.198151,0.098420,0.060544,0.099085,0.085792,0.116302
0.079445,0.138064,0.294499,0.059543,0.120645,0.076987,0.048422,0.046031,0.056124,0.080241
0.135625,0.177523,0.056668,0.057838,0.068682,0.130135,0.070820,0.085715,0.083801,0.133194
0.067320,0.078339,0.112124,0.052916,0.035242,0.315649,0.070634,0.090746,0.093742,0.083286
0.068580,0.135526,0.195966,0.085097,0.049090,0.096183,0.081527,0.115979,0.121469,0.050583
0.089079,0.116207,0.028667,0.065249,0.046217,0.349938,0.061037,0.093638,0.092373,0.057595
0.073816,0.051287,0.339903,0.049016,0.144371,0.054255,0.052851,0.155063,0.028945,0.050493
0.101173,0.079116,0.084643,0.072151,0.179953,0.114562,0.099444,0.107910,0.092762,0.068286
0.131777,0.163292,0.049834,0.060610,0.066295,0.113449,0.070410,0.122638,0.127538,0.094156
0.121840,0.064569,0.028066,0.061202,0.048777,0.360438,0.051442,0.126858,0.060815,0.075993
0.096680,0.090702,0.040396,0.105021,0.183492,0.097289,0.074940,0.087051,0.111723,0.112705
0.089905,0.075444,0.025187,0.029508,0.173595,0.285777,0.060020,0.075104,0.104651,0.080809
0.091971,0.054967,0.248195,0.035182,0.127162,0.072053,0.052592,0.184341,0.095821,0.037715
0.074906,0.106045,0.325366,0.023578,0.143194,0.061828,0.057291,0.073827,0.062076,0.071889
0.062289,0.091458,0.263847,0.055332,0.032205,0.276993,0.036059,0.066049,0.045627,0.070140
0.075757,0.057085,0.084414,0.030072,0.030055,0.265005,0.049433,0.235517,0.074777,0.097885
0.090250,0.061126,0.266616,0.090636,0.048864,0.087515,0.065239,0.097287,0.115600,0.076866
0.117678,0.111303,0.157273,0.061497,0.066438,0.110677,0.043151,0.104957,0.107507,0.119519
0.071742,0.083384,0.331934,0.042767,0.151526,0.078422,0.073127,0.042135,0.062936,0.062027
0.031317,0.019652,0.129135,0.013140,0.014960,0.020669,0.696498,0.020703,0.029843,0.024084
0.092027,0.078956,0.054553,0.121044,0.054360,0.100960,0.115299,0.134272,0.141227,0.107301
0.066067,0.059768,0.030540,0.089030,0.143263,0.074616,0.202985,0.186387,0.054955,0.092389
0.099054,0.128758,0.078655,0.051960,0.160054,0.100349,0.111917,0.056241,0.108842,0.104170
0.058651,0.067433,0.264905,0.033958,0.045707,0.227482,0.117208,0.071138,0.049054,0.064464
0.082585,0.081604,0.025503,0.071342,0.141850,0.323619,0.055580,0.039298,0.100823,0.077796
0.104005,0.075261,0.057702,0.084702,0.060702,0.126654,0.118049,0.126382,0.128207,0.118337
0.028407,0.030085,0.459599,0.020918,0.017490,0.072271,0.304449,0.019284,0.017903,0.029594
0.124167,0.180579,0.139451,0.049718,0.064004,0.099963,0.081483,0.088191,0.074591,0.097853
0.063109,0.113852,0.255691,0.053799,0.045200,0.077929,0.121621,0.089351,0.092192,0.087257
0.124306,0.101980,0.069089,0.051807,0.059893,0.109230,0.204034,0.061414,0.127823,0.090423
0.103482,0.144895,0.043258,0.047983,0.040836,0.094482,0.094624,0.185166,0.118571,0.126705
0.051507,0.152769,0.071762,0.080041,0.166878,0.083931,0.089990,0.121246,0.077104,0.104772
0.072590,0.092114,0.345542,0.030509,0.152744,0.077940,0.058821,0.105660,0.033168,0.030913
0.101465,0.111481,0.092821,0.036691,0.033972,0.326353,0.052211,0.050327,0.101837,0.092842
0.080188,0.166223,0.220668,0.046555,0.136698,0.067842,0.063319,0.082460,0.100540,0.035507
0.123518,0.066200,0.030049,0.056260,0.044144,0.353636,0.069574,0.126971,0.061787,0.067860
0.112889,0.147007,0.165841,0.053137,0.057390,0.095904,0.082528,0.083710,0.097002,0.104592
0.042945,0.100347,0.527081,0.033370,0.017424,0.132834,0.026298,0.039581,0.039209,0.040911
0.093134,0.113512,0.302238,0.026662,0.144661,0.070816,0.042208,0.094413,0.079832,0.032523
0.097575,0.064703,0.081678,0.072118,0.186173,0.090687,0.089246,0.114145,0.116824,0.086851
0.147109,0.149695,0.052171,0.113919,0.043821,0.101739,0.078301,0.200263,0.049321,0.063659
0.070003,0.047397,0.346610,0.072420,0.100896,0.071251,0.060466,0.079545,0.084977,0.066434
0.057256,0.136532,0.030987,0.048995,0.040755,0.312442,0.070430,0.113649,0.101357,0.087597
0.102164,0.150490,0.035859,0.050568,0.185228,0.090708,0.068940,0.107263,0.103339,0.105441
0.106748,0.100979,0.046711,0.095970,0.183024,0.123376,0.092538,0.106656,0.086986,0.057013
0.124027,0.115395,0.071120,0.084425,0.058368,0.112669,0.096223,0.121469,0.104116,0.112188
0.114988,0.250901,0.066743,0.096828,0.043614,0.122107,0.064801,0.111162,0.066389,0.062466
0.135543,0.067724,0.079892,0.059013,0.173049,0.091709,0.093228,0.121834,0.081239,0.096768
0.062360,0.053522,0.400751,0.034853,0.122367,0.054340,0.053471,0.063170,0.094227,0.060939
0.114779,0.199300,0.068010,0.061886,0.047102,0.104331,0.085514,0.105589,0.113713,0.099776
0.100780,0.083666,0.076525,0.047704,0.157514,0.106594,0.087689,0.111784,0.105663,0.122081
0.129830,0.166689,0.043286,0.068685,0.053232,0.106152,0.079203,0.178606,0.108507,0.065810
0.138594,0.073107,0.053819,0.079425,0.057127,0.130737,0.136239,0.089343,0.119628,0.121982
0.043280,0.029130,0.146932,0.057953,0.030799,0.128309,0.325505,0.140523,0.044105,0.053464
0.063231,0.043754,0.360329,0.030104,0.159244,0.059980,0.050022,0.090408,0.080092,0.062836
0.036891,0.036968,0.017318,0.025051,0.086207,0.108461,0.618947,0.023674,0.021572,0.024911
0.082455,0.115021,0.252565,0.062988,0.046096,0.067665,0.177328,0.048393,0.075906,0.071581
0.083229,0.148343,0.277351,0.046170,0.038950,0.074656,0.061129,0.094025,0.088401,0.087745
0.141240,0.073929,0.041277,0.061529,0.152243,0.087414,0.096075,0.121820,0.127833,0.096640
0.104540,0.136556,0.037891,0.053279,0.043651,0.112925,0.068115,0.230157,0.119348,0.093539
0.029549,0.058895,0.281159,0.038573,0.040009,0.288869,0.055254,0.066454,0.075972,0.065265
0.068512,0.048436,0.286957,0.047205,0.140136,0.160150,0.041377,0.084086,0.073779,0.049362
0.035032,0.065042,0.039785,0.032873,0.048104,0.301643,0.239240,0.097744,0.102484,0.038053
0.050478,0.062383,0.074499,0.052208,0.033317,0.282673,0.238802,0.076907,0.074381,0.054351
0.037011,0.041570,0.556006,0.017279,0.028421,0.191667,0.036798,0.022072,0.052524,0.016652
0.074434,0.067035,0.223729,0.040996,0.039509,0.092740,0.066312,0.202466,0.083745,0.109034
0.127766,0.077116,0.056508,0.093151,0.059934,0.130185,0.087983,0.130474,0.136377,0.100506
0.066788,0.058092,0.422231,0.046649,0.048356,0.067191,0.066403,0.088999,0.062599,0.072692
0.106007,0.264022,0.050332,0.068702,0.048294,0.107259,0.090068,0.070078,0.070833,0.124403
0.028160,0.021774,0.161411,0.019658,0.013908,0.088415,0.557065,0.028481,0.046222,0.034906
0.087231,0.051001,0.247355,0.075669,0.120961,0.052006,0.059933,0.178446,0.077943,0.049455
0.097552,0.176539,0.058530,0.091841,0.072246,0.134188,0.083873,0.073336,0.087624,0.124271
0.083530,0.086440,0.328056,0.025355,0.138202,0.061483,0.042604,0.075876,0.082140,0.076313
0.086328,0.065900,0.265269,0.053806,0.043883,0.077061,0.081016,0.106928,0.107821,0.111986
0.025957,0.015454,0.016652,0.023654,0.010990,0.021299,0.824942,0.017634,0.019394,0.024023
0.123023,0.079294,0.046834,0.070576,0.158762,0.084498,0.059023,0.186340,0.099757,0.091893
0.090754,0.231815,0.043087,0.039929,0.207628,0.090504,0.081829,0.059631,0.106148,0.048677
0.105910,0.179018,0.038149,0.073761,0.161953,0.083527,0.080641,0.102747,0.111223,0.063070
0.155455,0.070599,0.041290,0.067328,0.147975,0.105694,0.073918,0.056590,0.131000,0.150152
0.136062,0.076447,0.056126,0.119854,0.068770,0.122830,0.106911,0.134903,0.091507,0.086590
0.115585,0.074918,0.040193,0.063867,0.166044,0.117560,0.100079,0.085168,0.137233,0.099351
0.067649,0.103504,0.040191,0.044772,0.204654,0.089158,0.150892,0.093359,0.088205,0.117616
0.134430,0.131137,0.039910,0.049675,0.037709,0.101378,0.121008,0.212348,0.086191,0.086213
0.111712,0.186892,0.035126,0.026318,0.041483,0.214538,0.040582,0.212100,0.065467,0.065782
0.088911,0.188511,0.239238,0.038061,0.037812,0.069804,0.091045,0.085608,0.086741,0.074269
0.106997,0.195474,0.047848,0.054758,0.148449,0.086643,0.055109,0.089784,0.111428,0.103510
0.117688,0.082865,0.033117,0.057161,0.060736,0.292405,0.082360,0.055473,0.138643,0.079550
0.051433,0.169818,0.073523,0.071062,0.040562,0.090516,0.067707,0.189096,0.116507,0.129775
0.053989,0.064299,0.383315,0.022555,0.146770,0.068813,0.051664,0.085101,0.084484,0.039012
0.079605,0.115440,0.251211,0.034038,0.138443,0.065628,0.059680,0.090031,0.089773,0.076151
0.043724,0.175096,0.307381,0.029344,0.149378,0.068449,0.053990,0.061438,0.081831,0.029369
0.079851,0.075490,0.089038,0.052488,0.032539,0.337558,0.057990,0.080828,0.103662,0.090556
0.028374,0.023121,0.011196,0.017362,0.053645,0.028411,0.771490,0.017372,0.021998,0.027031
0.110736,0.164430,0.238998,0.048151,0.047515,0.099295,0.073966,0.063170,0.053158,0.100580
0.131807,0.165157,0.049191,0.087584,0.052057,0.133814,0.101069,0.072402,0.091096,0.115824
0.056115,0.054473,0.343035,0.021228,0.167573,0.051852,0.050688,0.154295,0.026370,0.074371
0.058232,0.214661,0.034559,0.049850,0.190964,0.076981,0.085611,0.091188,0.107120,0.090835
0.057883,0.057584,0.335404,0.041205,0.156079,0.052330,0.066566,0.071361,0.082931,0.078656
0.018881,0.015121,0.183138,0.010872,0.038805,0.018870,0.674506,0.013776,0.011387,0.014644
0.117509,0.094806,0.075751,0.101420,0.167378,0.102274,0.087720,0.115857,0.082409,0.054875
0.054876,0.027310,0.014968,0.023558,0.016739,0.038206,0.664797,0.101426,0.032890,0.025231
0.144106,0.074212,0.060803,0.084986,0.073705,0.115038,0.085794,0.091812,0.154155,0.115388
0.074451,0.173566,0.031082,0.068422,0.176607,0.093563,0.049765,0.186665,0.043406,0.102471
0.068604,0.060587,0.327139,0.052528,0.036231,0.076138,0.067622,0.118895,0.100942,0.091314
0.048217,0.128385,0.037817,0.119874,0.041854,0.125151,0.099744,0.242895,0.055498,0.100565
0.051001,0.123892,0.036652,0.058744,0.041800,0.360830,0.079724,0.114136,0.059334,0.073889
0.091975,0.155595,0.251369,0.083474,0.040005,0.073402,0.065616,0.083379,0.065327,0.089859
0.016775,0.016556,0.008760,0.018134,0.010866,0.021836,0.837303,0.023294,0.026071,0.020404
0.021751,0.071490,0.451759,0.026747,0.084156,0.128975,0.064657,0.084028,0.027446,0.038989
0.029809,0.079360,0.552798,0.017044,0.017239,0.103676,0.029675,0.097201,0.029184,0.044015
0.120796,0.112781,0.046568,0.045658,0.157122,0.091882,0.064590,0.190660,0.080417,0.089525
0.105619,0.085150,0.037514,0.105866,0.205622,0.086669,0.074678,0.126907,0.057348,0.114626
0.120963,0.205408,0.053170,0.061465,0.049462,0.110908,0.144941,0.067268,0.076491,0.109925
0.042039,0.085913,0.241591,0.051840,0.029260,0.203235,0.051028,0.155556,0.077382,0.062156
0.077653,0.065518,0.312971,0.056977,0.044689,0.184609,0.054737,0.072918,0.062266,0.067662
0.071777,0.067084,0.205552,0.032359,0.034591,0.231066,0.209351,0.043230,0.047307,0.057684
0.052328,0.056827,0.323739,0.032214,0.175566,0.052451,0.120064,0.083316,0.074140,0.029354
0.070232,0.043685,0.533543,0.030561,0.096805,0.051821,0.031764,0.068490,0.031839,0.041261
0.057866,0.108062,0.316558,0.046593,0.051027,0.085713,0.059321,0.077832,0.098140,0.098889
0.023217,0.031884,0.562124,0.015957,0.084750,0.090153,0.027444,0.092511,0.054054,0.017907
0.043879,0.062603,0.425460,0.041992,0.047244,0.062544,0.066977,0.093648,0.098021,0.057631
0.017131,0.015926,0.015888,0.015002,0.011751,0.020642,0.850802,0.020059,0.012720,0.020078
0.073369,0.090190,0.233558,0.064451,0.038155,0.243283,0.055748,0.074357,0.053358,0.073530
0.039673,0.145603,0.254846,0.034384,0.048608,0.255739,0.069912,0.059481,0.053577,0.038176
0.120285,0.233745,0.047976,0.065820,0.065679,0.105517,0.077513,0.103483,0.071960,0.108021
0.011909,0.014384,0.067600,0.014524,0.010071,0.015229,0.815501,0.018379,0.011999,0.020402
0.144502,0.070006,0.050579,0.073289,0.054639,0.099683,0.066091,0.220623,0.131162,0.089426
0.123057,0.110844,0.044449,0.044096,0.175793,0.114950,0.091229,0.122621,0.121403,0.051557
0.068098,0.192314,0.080487,0.111804,0.049354,0.124053,0.110957,0.077626,0.062356,0.122952
0.152654,0.132585,0.071920,0.072832,0.054803,0.135985,0.079953,0.088828,0.093670,0.116770
0.122555,0.174956,0.044188,0.059979,0.175851,0.117604,0.088558,0.117986,0.045309,0.053013
0.090051,0.122586,0.257933,0.043807,0.045252,0.089136,0.078972,0.093001,0.092946,0.086316
0.089996,0.074855,0.252589,0.082542,0.050117,0.086052,0.132516,0.082983,0.066358,0.081990
0.125803,0.122525,0.058304,0.096507,0.052577,0.102637,0.104623,0.124855,0.110511,0.101659
0.017396,0.028384,0.160057,0.022616,0.015997,0.025741,0.642952,0.032602,0.024734,0.029522
0.122367,0.085587,0.056655,0.093561,0.077091,0.111327,0.118345,0.136258,0.108359,0.090450
0.069610,0.086142,0.381729,0.044400,0.040540,0.074443,0.067449,0.109634,0.089388,0.036664
0.040594,0.069887,0.256099,0.034760,0.051276,0.259313,0.063218,0.088469,0.054577,0.081807
0.046010,0.107682,0.292130,0.024024,0.137950,0.177327,0.026963,0.072008,0.082102,0.033804
0.106685,0.058863,0.089961,0.024244,0.035652,0.241849,0.062571,0.212043,0.106368,0.061764
0.051489,0.117065,0.240934,0.023038,0.134490,0.197159,0.045399,0.069337,0.067901,0.053189
0.109099,0.216950,0.065364,0.064350,0.056562,0.095253,0.096067,0.100646,0.074176,0.121533
0.104631,0.180387,0.068721,0.035853,0.163672,0.086293,0.068877,0.098954,0.107079,0.085532
0.103138,0.082138,0.052035,0.086434,0.064148,0.117990,0.092982,0.119964,0.150201,0.130971
0.113808,0.166674,0.032336,0.079302,0.053313,0.300921,0.060938,0.058501,0.061913,0.072294
0.065321,0.058502,0.032769,0.047607,0.039893,0.238727,0.056987,0.292011,0.082766,0.085416
0.070417,0.094763,0.335465,0.033716,0.132283,0.053125,0.059663,0.088303,0.069146,0.063118
0.029183,0.054658,0.615151,0.014129,0.015448,0.118227,0.023736,0.049504,0.041151,0.038813
0.100787,0.153888,0.230808,0.052510,0.054213,0.087753,0.054943,0.091309,0.097450,0.076341
0.117070,0.134985,0.041261,0.079576,0.182225,0.083063,0.081358,0.114066,0.099118,0.067278
0.133568,0.089662,0.053456,0.095434,0.064368,0.124455,0.094911,0.134469,0.094954,0.114723
0.091920,0.119367,0.091286,0.063726,0.029559,0.283244,0.061256,0.095060,0.086260,0.078321
0.076041,0.090543,0.272410,0.077377,0.154411,0.068075,0.054976,0.040404,0.096523,0.069241
0.031521,0.060406,0.343445,0.060885,0.163370,0.065913,0.057291,0.082706,0.087455,0.047007
0.022666,0.026792,0.151281,0.040363,0.015238,0.097619,0.492100,0.092468,0.042813,0.018660
0.061161,0.045963,0.086332,0.031833,0.162482,0.356999,0.056446,0.099009,0.034359,0.065416
0.100928,0.065760,0.343242,0.047700,0.051120,0.072918,0.051912,0.111874,0.060348,0.094198
0.018592,0.015410,0.435945,0.009159,0.071620,0.098632,0.306483,0.018696,0.011625,0.013838
0.083483,0.108295,0.048252,0.045522,0.178890,0.103294,0.079038,0.194820,0.047346,0.111059
0.023904,0.023861,0.012208,0.020073,0.016454,0.023902,0.735187,0.090080,0.020012,0.034319
0.056795,0.060274,0.351840,0.033266,0.157195,0.058431,0.097385,0.090132,0.070573,0.024109
0.099595,0.223221,0.077478,0.032554,0.154766,0.092518,0.079851,0.053736,0.072417,0.113866
0.082202,0.088894,0.037590,0.059282,0.051642,0.369004,0.055552,0.106054,0.097855,0.051925
0.034268,0.018135,0.021486,0.021195,0.013361,0.031088,0.763482,0.031745,0.035032,0.030207
0.065242,0.062735,0.223646,0.060185,0.043365,0.082156,0.054983,0.223135,0.112797,0.071757
0.154243,0.084103,0.093648,0.061727,0.218143,0.100908,0.072194,0.068488,0.078136,0.068412
0.062515,0.137959,0.326345,0.024994,0.030186,0.057535,0.062889,0.168583,0.056427,0.072565
0.123286,0.254637,0.069530,0.061950,0.040125,0.093158,0.078636,0.107743,0.068787,0.102147
0.092208,0.083229,0.059620,0.078359,0.063384,0.123218,0.101189,0.131485,0.155061,0.112247
0.089303,0.169690,0.048073,0.050379,0.053090,0.104791,0.083361,0.235961,0.049264,0.116088
0.058612,0.074502,0.392389,0.071875,0.039537,0.073700,0.072834,0.076424,0.098828,0.041300
0.141817,0.080576,0.072540,0.045370,0.043020,0.104998,0.090626,0.230682,0.107254,0.083117
0.026460,0.025491,0.101034,0.018199,0.015519,0.027946,0.697442,0.024052,0.035370,0.028488
0.024916,0.041591,0.059139,0.048440,0.024234,0.232753,0.412480,0.039832,0.064153,0.052461
0.069545,0.057839,0.023066,0.030935,0.029972,0.210773,0.384696,0.093067,0.067256,0.032851
0.105768,0.075680,0.096025,0.087728,0.035268,0.276261,0.071678,0.067826,0.116258,0.067507
0.143563,0.146991,0.050380,0.068118,0.054240,0.120902,0.089427,0.125206,0.092924,0.108248
0.088220,0.053978,0.390105,0.064724,0.157988,0.055503,0.048048,0.077594,0.036678,0.027162
0.119299,0.050148,0.039391,0.031508,0.045151,0.281213,0.058976,0.228639,0.100852,0.044824
0.128640,0.117454,0.042563,0.062726,0.197714,0.104072,0.103472,0.062993,0.089689,0.090677
0.096844,0.110294,0.158691,0.056233,0.132614,0.068423,0.046803,0.149494,0.093100,0.087505
0.055072,0.049669,0.291342,0.072395,0.042351,0.173168,0.110223,0.095265,0.081464,0.029050
0.025864,0.027490,0.178580,0.022298,0.019201,0.030589,0.529734,0.091558,0.047299,0.027388
0.096482,0.227790,0.201315,0.081153,0.060324,0.083150,0.077119,0.055153,0.069608,0.047905
0.057294,0.066348,0.081514,0.025657,0.164845,0.270096,0.206380,0.072750,0.030418,0.024697
0.019925,0.023770,0.417456,0.014174,0.058533,0.075210,0.312608,0.034399,0.029117,0.014808
0.063009,0.115921,0.320909,0.064848,0.035447,0.062402,0.051632,0.178605,0.031664,0.075564
0.133500,0.172041,0.040453,0.101397,0.051264,0.106142,0.075417,0.212806,0.048165,0.058815
0.063303,0.137213,0.152229,0.050021,0.054279,0.090817,0.071834,0.191736,0.126327,0.062241
0.061882,0.127439,0.272234,0.055016,0.042884,0.104760,0.059234,0.088265,0.105065,0.083222
0.105908,0.091965,0.033382,0.045769,0.049158,0.334840,0.055143,0.109025,0.076559,0.098251
0.122637,0.179313,0.056149,0.078683,0.067530,0.118694,0.087553,0.070752,0.077643,0.141046
0.060691,0.075743,0.269181,0.027696,0.031945,0.182322,0.132170,0.083266,0.070457,0.066528
0.120030,0.087930,0.072902,0.096655,0.161036,0.098168,0.082121,0.083435,0.121416,0.076307
0.138049,0.167380,0.057825,0.071773,0.061888,0.108004,0.091339,0.083220,0.112509,0.108015
0.076237,0.080120,0.081388,0.082144,0.049144,0.103850,0.073925,0.314596,0.060358,0.078238
0.036297,0.020463,0.167445,0.013651,0.052285,0.028064,0.564591,0.079774,0.020955,0.016475
0.046178,0.146545,0.303807,0.038657,0.131268,0.070121,0.057874,0.039434,0.082416,0.083699
0.067853,0.054992,0.248838,0.039300,0.031527,0.294694,0.047987,0.079011,0.087499,0.048300
0.137624,0.154491,0.059271,0.084209,0.071029,0.126493,0.096995,0.076828,0.087174,0.105885
0.040267,0.029711,0.019254,0.024410,0.016904,0.037084,0.639862,0.107646,0.053616,0.031246
0.022976,0.047231,0.260810,0.063808,0.130011,0.292925,0.043889,0.055653,0.043985,0.038712
0.121052,0.191678,0.049412,0.069766,0.049444,0.119522,0.076536,0.102105,0.094751,0.125734
0.050083,0.024659,0.133602,0.015194,0.081883,0.086145,0.449352,0.091897,0.028085,0.039101
0.022602,0.026533,0.152663,0.014715,0.097800,0.094503,0.517722,0.018636,0.019347,0.035480
0.124337,0.156453,0.037901,0.036415,0.212616,0.096448,0.074849,0.126840,0.055660,0.078482
0.057194,0.040714,0.587960,0.029804,0.025379,0.110120,0.026342,0.036898,0.057538,0.028050
0.166092,0.077342,0.072561,0.094088,0.056620,0.121804,0.084211,0.127162,0.090361,0.109759
0.089104,0.080872,0.026049,0.030395,0.163611,0.403977,0.051816,0.049742,0.038122,0.066311
0.069014,0.085080,0.290102,0.097727,0.042760,0.082789,0.087667,0.060639,0.098809,0.085414
0.160094,0.076926,0.050473,0.050426,0.064029,0.112256,0.100474,0.228647,0.060399,0.096276
0.025945,0.019110,0.507824,0.011697,0.155677,0.189007,0.013548,0.029897,0.014079,0.033217
0.117923,0.119017,0.060068,0.063798,0.055209,0.130571,0.095595,0.088180,0.125182,0.144457
0.143158,0.124156,0.054650,0.057279,0.078318,0.133099,0.081720,0.067810,0.115412,0.144398
0.132742,0.085655,0.056407,0.098045,0.064977,0.120624,0.091689,0.139979,0.079210,0.130672
0.051746,0.189009,0.265069,0.032041,0.038340,0.189533,0.048730,0.083659,0.064733,0.037140
0.082348,0.047339,0.450274,0.035511,0.118046,0.052363,0.045482,0.037844,0.050223,0.080571
0.097838,0.068097,0.040317,0.077816,0.063481,0.286006,0.061864,0.089863,0.135731,0.078988
0.074667,0.110893,0.025028,0.030365,0.169428,0.307717,0.056680,0.065360,0.074776,0.085086
0.122685,0.127160,0.052071,0.074452,0.073131,0.135997,0.106544,0.113851,0.116134,0.077974
0.069778,0.133525,0.190929,0.044132,0.065171,0.088145,0.096197,0.110244,0.105581,0.096297
0.057002,0.058527,0.303946,0.049710,0.137057,0.051298,0.066976,0.107647,0.085674,0.082162
0.039116,0.062941,0.570105,0.016261,0.028388,0.129407,0.051927,0.023678,0.061048,0.017130
0.024870,0.018943,0.013282,0.017600,0.016287,0.022945,0.787082,0.029490,0.034319,0.035182
0.086639,0.050065,0.438770,0.075007,0.030145,0.071266,0.045017,0.037407,0.088340,0.077344
0.068181,0.073119,0.079370,0.057973,0.162169,0.090157,0.085151,0.122101,0.125620,0.136160
0.052355,0.078086,0.033414,0.056439,0.045308,0.226954,0.062451,0.303084,0.078493,0.063416
0.035904,0.059903,0.291562,0.026359,0.192951,0.196588,0.049060,0.058456,0.027730,0.061487
0.048026,0.093024,0.207174,0.028676,0.029011,0.223918,0.052409,0.165580,0.075016,0.077166
0.165624,0.084941,0.052040,0.081755,0.071663,0.121942,0.115649,0.147059,0.077903,0.081425
0.124083,0.131231,0.050584,0.052637,0.157271,0.088895,0.070495,0.105913,0.114234,0.104657
0.017442,0.020839,0.448551,0.009761,0.058588,0.091586,0.296664,0.019068,0.022632,0.014869
0.137321,0.257015,0.053014,0.082602,0.048371,0.118844,0.073815,0.069170,0.066572,0.093276
0.091598,0.113767,0.268497,0.068015,0.049289,0.078973,0.077479,0.083958,0.082766,0.085658
0.066695,0.149339,0.025709,0.038450,0.154945,0.249562,0.063900,0.087967,0.083872,0.079561
0.058287,0.099675,0.338179,0.047686,0.154841,0.056081,0.053102,0.061889,0.068969,0.061291
0.036293,0.062617,0.352680,0.040014,0.139748,0.055680,0.057015,0.075833,0.090471,0.089649
0.101970,0.144319,0.179518,0.051181,0.045928,0.105191,0.087040,0.110339,0.115984,0.058530
0.088023,0.178496,0.035352,0.061894,0.158606,0.088222,0.055032,0.201897,0.058407,0.074071
0.069997,0.112379,0.299680,0.036736,0.046572,0.067342,0.053828,0.159473,0.067243,0.086750
0.119523,0.094126,0.042474,0.085797,0.164771,0.091648,0.059091,0.127289,0.109062,0.106219
0.018224,0.035479,0.211414,0.020501,0.146038,0.163301,0.274485,0.028638,0.060910,0.041010
0.087890,0.060278,0.132534,0.040986,0.038718,0.304043,0.044906,0.138468,0.060107,0.092068
0.066660,0.068910,0.040884,0.062964,0.200574,0.103547,0.083632,0.130867,0.126921,0.115041
0.139198,0.115100,0.056100,0.082588,0.073787,0.113392,0.097788,0.094286,0.121127,0.106634
0.143208,0.148954,0.055803,0.077966,0.056039,0.109289,0.082583,0.121742,0.116322,0.088093
0.103293,0.069650,0.041636,0.050092,0.181327,0.108278,0.073134,0.199067,0.115384,0.058139
0.048515,0.070901,0.293561,0.025329,0.151165,0.065471,0.076802,0.092109,0.097438,0.078708
0.078973,0.242237,0.062844,0.058643,0.063481,0.134690,0.071981,0.107829,0.084497,0.094825
0.025899,0.047422,0.241420,0.062147,0.142041,0.066204,0.088375,0.166924,0.089835,0.069733
0.019670,0.014085,0.016075,0.011747,0.029534,0.018425,0.818420,0.022767,0.028460,0.020817
0.035979,0.016259,0.011673,0.016142,0.014691,0.022817,0.807017,0.025243,0.030095,0.020084
0.076221,0.052737,0.087180,0.029459,0.170447,0.348477,0.046561,0.086772,0.063280,0.038864
0.052053,0.069777,0.246133,0.069673,0.041368,0.248580,0.037164,0.064295,0.098376,0.072582
0.073738,0.079981,0.378217,0.048351,0.042503,0.077290,0.067654,0.079493,0.097373,0.055400
0.163014,0.074002,0.049469,0.115156,0.067320,0.118079,0.082140,0.118411,0.096216,0.116193
0.150104,0.133428,0.053832,0.111345,0.072414,0.121866,0.094483,0.095068,0.067769,0.099693
