0.117411,0.127473,0.053514,0.083573,0.070027,0.133440,0.087609,0.071361,0.107994,0.147598
0.154213,0.106979,0.047303,0.077328,0.052617,0.117005,0.063051,0.207533,0.093036,0.080934
0.042741,0.057149,0.465643,0.028561,0.032568,0.189362,0.060992,0.044718,0.027269,0.050997
0.108564,0.058188,0.427430,0.050685,0.050400,0.069586,0.057860,0.041234,0.056398,0.079655
0.097526,0.065225,0.098311,0.070328,0.159407,0.115533,0.080112,0.080039,0.139856,0.093662
0.081243,0.187788,0.097005,0.034309,0.029828,0.266097,0.144011,0.044493,0.052439,0.062787
0.082265,0.129715,0.042311,0.078883,0.054538,0.097951,0.087565,0.306089,0.051755,0.068928
0.018590,0.018756,0.013400,0.015171,0.016660,0.025619,0.813955,0.026146,0.032473,0.019231
0.068564,0.126770,0.312617,0.050924,0.157486,0.059924,0.054253,0.073814,0.060925,0.034722
0.062121,0.094791,0.282674,0.050924,0.040565,0.098296,0.065766,0.176462,0.041989,0.086412
0.115606,0.155882,0.064393,0.072181,0.049505,0.128177,0.071904,0.111009,0.092308,0.139035
0.093427,0.165095,0.055531,0.093211,0.070368,0.146033,0.069185,0.077749,0.075727,0.153674
0.088654,0.044755,0.026124,0.037263,0.153370,0.187933,0.094844,0.213501,0.093306,0.060250
0.070769,0.109858,0.046511,0.099944,0.172023,0.113935,0.080304,0.118993,0.095967,0.091697
0.054607,0.087314,0.046273,0.061048,0.043342,0.072228,0.472718,0.063069,0.046048,0.053353
0.028508,0.028810,0.145384,0.015139,0.063116,0.026001,0.628889,0.017117,0.020063,0.026974
0.077420,0.059394,0.078480,0.058793,0.049929,0.321635,0.063141,0.094707,0.114291,0.082209
0.079681,0.143181,0.210287,0.052729,0.042256,0.254794,0.046282,0.050739,0.066119,0.053932
0.034137,0.029369,0.094259,0.023210,0.024281,0.080845,0.622312,0.022537,0.037933,0.031117
0.073412,0.069036,0.296780,0.047473,0.159525,0.080641,0.058230,0.043407,0.098144,0.073352
0.067492,0.052313,0.067860,0.047312,0.048817,0.243464,0.061616,0.238083,0.095046,0.077996
0.140669,0.209269,0.055250,0.082491,0.061312,0.132762,0.083891,0.069163,0.082136,0.083057
0.127972,0.127344,0.084974,0.065759,0.064554,0.157948,0.081059,0.095724,0.104102,0.090565
0.115704,0.134577,0.228947,0.078286,0.057242,0.083273,0.065266,0.080668,0.082210,0.073826
0.087352,0.043680,0.407182,0.037721,0.111868,0.068872,0.041164,0.066710,0.081478,0.053974
0.124568,0.074300,0.241635,0.091551,0.050281,0.103060,0.064638,0.093817,0.081527,0.074622
0.080663,0.051750,0.234382,0.025688,0.142760,0.210878,0.065000,0.070228,0.073173,0.045479
0.084114,0.095913,0.030729,0.037486,0.164142,0.331149,0.058405,0.081624,0.045827,0.070610
0.127014,0.114007,0.158434,0.057969,0.067422,0.117430,0.074777,0.096826,0.092387,0.093736
0.057807,0.189736,0.170351,0.072107,0.065004,0.103375,0.072288,0.093396,0.089514,0.086422
0.080603,0.152103,0.313184,0.071644,0.052723,0.078230,0.060505,0.044936,0.079744,0.066329
0.109632,0.085925,0.350110,0.060593,0.055736,0.079573,0.039992,0.052125,0.085677,0.080639
0.127350,0.176920,0.048463,0.094231,0.070362,0.141432,0.080343,0.086545,0.080935,0.093419
0.056004,0.114453,0.048208,0.054243,0.183691,0.149260,0.074486,0.116998,0.133008,0.069649
0.093773,0.057718,0.080007,0.065798,0.131062,0.088881,0.065713,0.245963,0.087305,0.083780
0.076371,0.073486,0.045323,0.102614,0.051558,0.123471,0.082490,0.305257,0.059589,0.079842
0.040307,0.029327,0.642570,0.034963,0.022871,0.112529,0.025757,0.019470,0.032288,0.039918
0.166988,0.128059,0.064864,0.084310,0.062669,0.129347,0.085622,0.064555,0.114539,0.099047
0.042337,0.055429,0.123769,0.024565,0.205023,0.272524,0.038710,0.082724,0.084994,0.069925
0.121286,0.082386,0.057255,0.105420,0.052531,0.109046,0.084451,0.248964,0.061356,0.077305
0.116528,0.114978,0.045109,0.110351,0.158278,0.105554,0.082170,0.064836,0.084830,0.117368
0.056143,0.034435,0.107512,0.034908,0.025744,0.086305,0.578676,0.024248,0.028103,0.023926
0.044855,0.209049,0.095388,0.047718,0.032180,0.290302,0.052545,0.084717,0.080812,0.062434
0.039981,0.019842,0.118070,0.013770,0.015215,0.023499,0.692300,0.022282,0.027628,0.027414
0.140045,0.074699,0.136602,0.054476,0.045903,0.084330,0.062120,0.205639,0.110306,0.085878
0.044410,0.090763,0.220622,0.050915,0.042864,0.167415,0.064821,0.225986,0.040620,0.051584
0.088049,0.124908,0.311060,0.052464,0.050683,0.085029,0.062921,0.079727,0.077337,0.067823
0.129240,0.207074,0.062767,0.078256,0.066022,0.107187,0.080512,0.071992,0.109673,0.087277
0.118288,0.126823,0.042381,0.059667,0.051759,0.126828,0.070657,0.258858,0.061293,0.083446
0.099332,0.075611,0.297686,0.089755,0.059382,0.098339,0.065131,0.082200,0.063042,0.069522
0.121777,0.125267,0.184942,0.058997,0.063583,0.113585,0.082810,0.097274,0.064225,0.087541
0.055126,0.078185,0.292934,0.036012,0.181005,0.074250,0.070651,0.089266,0.062738,0.059832
0.089655,0.079879,0.053454,0.090902,0.055835,0.121630,0.073891,0.272040,0.064987,0.097727
0.117723,0.072531,0.095820,0.117960,0.053057,0.152044,0.071826,0.058287,0.150310,0.110441
0.045942,0.060943,0.318024,0.075161,0.119856,0.059375,0.048989,0.192921,0.036100,0.042689
0.059976,0.040788,0.498189,0.023091,0.095724,0.105137,0.019699,0.106551,0.028476,0.022368
0.083724,0.064918,0.412280,0.054267,0.148090,0.060144,0.047918,0.037894,0.048990,0.041774
0.084920,0.056267,0.294600,0.037472,0.040806,0.245972,0.053210,0.071635,0.076732,0.038386
0.075603,0.064510,0.313321,0.043919,0.155688,0.060792,0.055234,0.047117,0.092224,0.091593
0.067459,0.060609,0.320758,0.058198,0.128360,0.070601,0.050640,0.083088,0.095309,0.064976
0.136170,0.109466,0.045764,0.053417,0.212146,0.118198,0.091398,0.063335,0.060023,0.110082
0.134759,0.139032,0.065086,0.085313,0.069531,0.125025,0.078531,0.102147,0.104033,0.096543
0.107804,0.082522,0.061439,0.112630,0.068074,0.126363,0.093868,0.101047,0.144546,0.101707
0.060487,0.210563,0.081186,0.062929,0.049680,0.127546,0.111246,0.089027,0.106934,0.100402
0.077398,0.175519,0.042948,0.058349,0.048586,0.115587,0.074998,0.222617,0.103999,0.079998
0.050932,0.094913,0.265791,0.071484,0.146416,0.082322,0.080971,0.080961,0.057663,0.068546
0.036943,0.089945,0.319628,0.034787,0.054534,0.235395,0.055272,0.049466,0.061124,0.062906
0.083699,0.079308,0.090159,0.081370,0.052337,0.084364,0.090723,0.302191,0.045338,0.090510
0.035309,0.083176,0.027993,0.046552,0.200636,0.211153,0.065706,0.223087,0.048490,0.057897
0.069529,0.263252,0.028207,0.042964,0.036103,0.207290,0.156360,0.068911,0.066125,0.061259
0.074570,0.075558,0.245036,0.029551,0.141299,0.235102,0.049854,0.047045,0.047269,0.054715
0.070998,0.196081,0.104299,0.033871,0.043681,0.314765,0.045631,0.045930,0.105840,0.038902
0.034826,0.015933,0.009104,0.016648,0.010471,0.019885,0.851100,0.013716,0.010115,0.018202
0.135021,0.120926,0.079690,0.073598,0.060088,0.157383,0.078055,0.101923,0.070282,0.123035
0.057710,0.159141,0.044951,0.071442,0.174897,0.126778,0.074937,0.112103,0.076419,0.101623
0.122675,0.133046,0.092782,0.046726,0.170637,0.095902,0.071942,0.057427,0.121630,0.087232
0.099575,0.099456,0.295361,0.064992,0.054972,0.084364,0.060683,0.089588,0.078386,0.072623
0.113505,0.065435,0.028748,0.051252,0.191624,0.274339,0.060062,0.093539,0.064369,0.057126
0.065512,0.049594,0.248186,0.027999,0.136383,0.247415,0.048050,0.034664,0.078946,0.063251
0.075551,0.076307,0.155748,0.053506,0.048098,0.115076,0.060075,0.212620,0.116966,0.086053
0.092932,0.176393,0.028066,0.027640,0.160127,0.257795,0.049133,0.065279,0.093971,0.048664
0.099625,0.123049,0.046669,0.060957,0.061591,0.292729,0.074544,0.051306,0.114769,0.074762
0.017714,0.063587,0.086703,0.024666,0.142824,0.151364,0.284567,0.142855,0.033586,0.052133
0.043662,0.022958,0.015171,0.017104,0.042824,0.031163,0.684370,0.082073,0.040196,0.020479
0.135778,0.135952,0.064360,0.082307,0.055184,0.113719,0.088353,0.096107,0.121536,0.106704
0.078756,0.069159,0.030426,0.046530,0.165036,0.320082,0.055598,0.081686,0.089579,0.063148
0.065957,0.160731,0.066270,0.027544,0.136589,0.302247,0.039821,0.074437,0.072270,0.054134
0.091234,0.076487,0.072713,0.042258,0.047698,0.352514,0.060805,0.083214,0.108180,0.064898
0.077821,0.147086,0.051626,0.094451,0.071733,0.120809,0.214859,0.066006,0.065060,0.090550
0.078301,0.181878,0.217259,0.030716,0.041993,0.223742,0.047437,0.048660,0.078394,0.051620
0.094920,0.191433,0.038605,0.043835,0.190520,0.107142,0.067543,0.101333,0.076723,0.087945
0.081039,0.109875,0.038349,0.096199,0.056557,0.110584,0.075841,0.240819,0.118728,0.072010
0.037952,0.098149,0.338158,0.042637,0.144267,0.078126,0.037148,0.084550,0.068590,0.070424
0.135275,0.144817,0.063567,0.082113,0.064091,0.103452,0.072082,0.133595,0.103957,0.097051
0.038260,0.023080,0.016954,0.028630,0.015564,0.040164,0.730837,0.039783,0.035520,0.031209
0.073985,0.149806,0.093736,0.072561,0.160206,0.103906,0.074660,0.067311,0.107292,0.096538
0.060381,0.067934,0.284140,0.047523,0.150712,0.091084,0.055095,0.080923,0.095139,0.067068
0.104379,0.073485,0.096363,0.087930,0.146127,0.103819,0.063887,0.111654,0.125962,0.086396
0.038199,0.076900,0.256968,0.045421,0.046239,0.268775,0.043246,0.089497,0.077264,0.057492
0.092461,0.105437,0.048489,0.057630,0.185896,0.142472,0.091987,0.061181,0.119278,0.095169
0.107125,0.126541,0.059295,0.071259,0.077335,0.153572,0.082368,0.102089,0.106874,0.113543
0.064396,0.107032,0.044790,0.062532,0.065835,0.233772,0.153321,0.078347,0.081411,0.108564
0.070944,0.107272,0.075377,0.097369,0.172733,0.113795,0.076215,0.118688,0.068319,0.099288
0.034110,0.093895,0.463707,0.018054,0.115147,0.133411,0.024292,0.045877,0.038870,0.032637
0.104927,0.184250,0.037116,0.082395,0.178389,0.106738,0.058861,0.094288,0.071680,0.081355
0.074206,0.122056,0.051126,0.055121,0.146361,0.109532,0.079550,0.219852,0.053517,0.088678
0.093134,0.080200,0.311423,0.050817,0.146913,0.090361,0.052550,0.049077,0.046087,0.079437
0.081767,0.121478,0.183454,0.080003,0.055096,0.117822,0.067840,0.073091,0.110080,0.109368
0.071140,0.051992,0.413525,0.042813,0.140967,0.055325,0.047490,0.074971,0.042251,0.059525
0.042226,0.081327,0.241705,0.025941,0.157293,0.218102,0.040167,0.059668,0.077616,0.055954
0.067489,0.130246,0.076705,0.068135,0.063277,0.168250,0.084801,0.137991,0.085988,0.117120
0.129825,0.114109,0.072379,0.067856,0.157536,0.112736,0.086410,0.100076,0.067755,0.091318
0.054394,0.156054,0.050505,0.086927,0.053042,0.156196,0.068370,0.240325,0.046671,0.087515
0.103716,0.069830,0.038108,0.092901,0.058318,0.116121,0.060795,0.280527,0.098131,0.081551
0.063045,0.149344,0.042862,0.067314,0.052837,0.316929,0.092038,0.067828,0.075985,0.071818
0.082510,0.133175,0.087022,0.065550,0.063838,0.156044,0.120306,0.092442,0.114810,0.084303
0.041166,0.077617,0.292247,0.037622,0.043026,0.246514,0.054052,0.073291,0.083056,0.051409
0.121864,0.165754,0.040631,0.045122,0.159709,0.106988,0.075300,0.059023,0.111826,0.113783
0.022524,0.031794,0.364280,0.014445,0.073640,0.075521,0.304165,0.076926,0.020929,0.015775
0.068164,0.194716,0.042194,0.066420,0.164185,0.092892,0.083826,0.101134,0.095940,0.090528
0.048057,0.041316,0.480319,0.019922,0.029834,0.175664,0.047813,0.060210,0.050984,0.045881
0.106516,0.099504,0.044871,0.059449,0.068780,0.220579,0.182460,0.076253,0.072403,0.069185
0.136514,0.163000,0.050859,0.079572,0.067953,0.128243,0.066993,0.099468,0.107904,0.099495
0.031688,0.058361,0.382705,0.033820,0.182277,0.079124,0.053203,0.083139,0.060629,0.035054
0.134314,0.137541,0.051243,0.075701,0.069135,0.107013,0.103778,0.089182,0.102640,0.129453
0.084255,0.161496,0.032640,0.064064,0.127375,0.172323,0.041793,0.172476,0.086323,0.057257
0.081856,0.130766,0.245522,0.071221,0.138855,0.088112,0.046306,0.040321,0.093086,0.063955
0.135892,0.156389,0.066895,0.089537,0.053909,0.120193,0.080268,0.076880,0.104851,0.115184
0.140712,0.126119,0.035071,0.059170,0.063385,0.260369,0.069866,0.048291,0.103234,0.093783
0.075179,0.202899,0.066088,0.086046,0.059521,0.145290,0.073566,0.083442,0.112795,0.095174
0.125359,0.083577,0.094956,0.089535,0.066411,0.109546,0.085394,0.099419,0.145185,0.100618
0.023192,0.023583,0.029084,0.025620,0.016444,0.028600,0.764670,0.031910,0.032664,0.024234
0.091052,0.239720,0.030698,0.046656,0.046007,0.281495,0.068617,0.084492,0.062511,0.048750
0.061038,0.179214,0.068959,0.020880,0.154391,0.280004,0.043023,0.065228,0.079304,0.047959
0.105866,0.188949,0.051415,0.054081,0.058953,0.090871,0.057256,0.218963,0.093871,0.079775
0.171847,0.140414,0.077965,0.074455,0.067272,0.135597,0.076810,0.087793,0.071244,0.096605
0.083085,0.100728,0.326999,0.054187,0.051989,0.082239,0.072635,0.092038,0.054325,0.081776
0.112645,0.173575,0.060822,0.078987,0.073244,0.126827,0.096435,0.092221,0.071815,0.113430
0.032042,0.022400,0.016106,0.033015,0.019856,0.035198,0.728919,0.039807,0.041676,0.030981
0.105932,0.133502,0.047809,0.076164,0.174506,0.114503,0.070451,0.077199,0.105832,0.094102
0.106345,0.087243,0.298564,0.066478,0.069075,0.089346,0.080265,0.047828,0.064930,0.089926
0.119182,0.077777,0.087354,0.097834,0.066315,0.106382,0.084235,0.117649,0.129358,0.113915
0.029909,0.043204,0.611440,0.023716,0.026022,0.117252,0.034986,0.051258,0.028998,0.033215
0.025112,0.022554,0.093414,0.028100,0.018364,0.031389,0.699644,0.019157,0.033647,0.028619
0.135628,0.117762,0.060175,0.102736,0.077558,0.122160,0.074156,0.098841,0.109260,0.101726
0.049781,0.043624,0.571550,0.028542,0.031083,0.115485,0.030873,0.021977,0.060208,0.046878
0.094984,0.065417,0.309947,0.040245,0.188827,0.067977,0.058614,0.042729,0.070782,0.060478
0.029488,0.065613,0.227009,0.038084,0.158759,0.055337,0.051209,0.204524,0.093060,0.076917
0.075059,0.203487,0.035293,0.026811,0.180793,0.264953,0.043696,0.044174,0.069827,0.055907
0.063469,0.087329,0.036908,0.047217,0.068760,0.321108,0.071606,0.106210,0.109589,0.087805
0.077641,0.056662,0.365633,0.038979,0.173436,0.066746,0.048789,0.076440,0.040733,0.054941
0.059187,0.191720,0.024385,0.039369,0.143843,0.301187,0.050159,0.050419,0.086733,0.052999
0.016910,0.036962,0.594468,0.036198,0.102689,0.108207,0.020894,0.026016,0.022964,0.034692
0.048076,0.130550,0.185617,0.066473,0.132551,0.053983,0.062477,0.171345,0.085316,0.063612
0.058438,0.261272,0.041963,0.055621,0.052357,0.101189,0.212936,0.079588,0.061827,0.074809
0.093506,0.092641,0.293248,0.032618,0.132508,0.068218,0.052704,0.078843,0.088536,0.067178
0.118203,0.075993,0.297512,0.062906,0.051829,0.076429,0.070301,0.072825,0.059254,0.114746
0.023260,0.024285,0.136544,0.022311,0.018901,0.028531,0.659497,0.028753,0.033743,0.024174
0.099997,0.091474,0.049881,0.073800,0.071996,0.242512,0.060440,0.075536,0.123660,0.110705
0.037714,0.031839,0.019684,0.034610,0.022149,0.053320,0.566472,0.140891,0.057090,0.036230
0.039189,0.081359,0.265780,0.045009,0.042793,0.250551,0.051650,0.084717,0.073020,0.065933
0.044026,0.047586,0.397028,0.038313,0.171500,0.051128,0.041570,0.063709,0.087657,0.057483
0.157705,0.085576,0.048284,0.104437,0.065427,0.121691,0.072521,0.107665,0.138876,0.097819
0.122834,0.098711,0.041716,0.097217,0.162128,0.098763,0.072101,0.112391,0.108519,0.085618
0.027049,0.190507,0.181502,0.025655,0.041741,0.173181,0.201294,0.067728,0.037255,0.054086
0.053695,0.080884,0.102651,0.056360,0.041185,0.407245,0.068996,0.054863,0.062021,0.072100
0.119096,0.092945,0.047007,0.076998,0.194949,0.101171,0.095670,0.086270,0.079890,0.106005
0.073172,0.078258,0.275387,0.056298,0.149591,0.066552,0.054719,0.085923,0.096340,0.063759
0.155126,0.075136,0.055633,0.091888,0.059643,0.131327,0.091549,0.070108,0.111040,0.158550
0.105334,0.173247,0.052148,0.080293,0.054572,0.128566,0.087516,0.076448,0.091103,0.150772
0.056576,0.076161,0.286802,0.035006,0.043513,0.094606,0.053778,0.199485,0.099604,0.054468
0.080188,0.166886,0.062923,0.087896,0.063923,0.114631,0.083763,0.090556,0.085352,0.163882
0.074611,0.078845,0.298141,0.035023,0.158170,0.089136,0.058769,0.086631,0.046180,0.074495
0.147494,0.125215,0.067095,0.108653,0.064459,0.131521,0.078137,0.062213,0.111052,0.104160
0.077636,0.081424,0.271281,0.053958,0.055439,0.203101,0.056633,0.060611,0.055193,0.084725
0.053907,0.211925,0.188916,0.042851,0.037639,0.200718,0.097429,0.062558,0.058942,0.045115
0.052422,0.154954,0.333955,0.069772,0.055159,0.070829,0.043913,0.060477,0.089212,0.069307
0.104226,0.073692,0.187044,0.050755,0.131902,0.067907,0.064360,0.193379,0.069480,0.057257
0.101867,0.074200,0.084554,0.052635,0.143034,0.091699,0.074535,0.202670,0.101433,0.073371
0.115593,0.100483,0.347086,0.046735,0.051174,0.077274,0.067809,0.057421,0.057017,0.079408
0.046713,0.159532,0.022336,0.031388,0.140115,0.217842,0.051501,0.198311,0.075287,0.056974
0.051472,0.059627,0.403204,0.043607,0.127782,0.067688,0.054259,0.049136,0.084604,0.058621
0.093484,0.100826,0.244524,0.078499,0.047188,0.100329,0.073778,0.089374,0.096655,0.075342
0.106993,0.094389,0.057151,0.089469,0.177088,0.116431,0.072081,0.101027,0.103396,0.081975
0.142380,0.163503,0.049683,0.075677,0.062575,0.137884,0.086094,0.075313,0.112157,0.094736
0.142991,0.119166,0.037922,0.076857,0.040582,0.124759,0.090198,0.239846,0.054551,0.073126
0.115139,0.067119,0.100768,0.066222,0.169575,0.118736,0.073966,0.101016,0.076649,0.110811
0.076523,0.156727,0.060116,0.086451,0.158845,0.111690,0.070686,0.083361,0.089188,0.106413
0.100694,0.158243,0.262173,0.049682,0.126459,0.088598,0.031752,0.043883,0.061519,0.076998
0.148737,0.175070,0.055215,0.058180,0.065432,0.145651,0.071414,0.079354,0.074569,0.126378
0.066999,0.081652,0.148483,0.051707,0.040710,0.300185,0.061572,0.101066,0.073783,0.073844
0.071586,0.144337,0.204712,0.069727,0.050784,0.113024,0.071838,0.091503,0.112489,0.069999
0.115448,0.104913,0.029469,0.055975,0.051967,0.323229,0.058921,0.091851,0.092893,0.075333
0.104269,0.056708,0.309451,0.039389,0.143277,0.049911,0.049338,0.170196,0.031177,0.046283
0.091591,0.080925,0.078459,0.088892,0.175772,0.118259,0.107713,0.108971,0.073243,0.076174
0.115000,0.140737,0.051780,0.095547,0.071118,0.110082,0.083614,0.092922,0.118736,0.120464
0.127097,0.071200,0.034546,0.091158,0.052152,0.320928,0.062931,0.102297,0.069722,0.067968
0.093697,0.105251,0.044554,0.097886,0.167687,0.121640,0.075274,0.075989,0.110661,0.107361
0.082413,0.080177,0.029370,0.036586,0.167470,0.290720,0.049582,0.084450,0.099829,0.079404
0.081735,0.058586,0.219934,0.057577,0.119720,0.076551,0.059841,0.193060,0.089164,0.043831
0.096172,0.091818,0.297038,0.031357,0.156447,0.072919,0.049660,0.081158,0.057149,0.066283
0.072715,0.087993,0.231457,0.050348,0.043251,0.269438,0.048137,0.075480,0.056565,0.064617
0.081189,0.056638,0.076013,0.041481,0.035120,0.248080,0.049867,0.261598,0.057996,0.092018
0.084023,0.064225,0.318257,0.078472,0.047315,0.087394,0.052579,0.083297,0.100041,0.084396
0.123945,0.109124,0.159531,0.066345,0.065606,0.129123,0.044589,0.089456,0.100955,0.111326
0.066214,0.085516,0.309969,0.045402,0.146463,0.090125,0.068015,0.044698,0.066711,0.076887
0.030174,0.019046,0.115945,0.014106,0.015766,0.023080,0.717545,0.016945,0.027000,0.020393
0.087161,0.076286,0.058973,0.109445,0.063985,0.106987,0.128691,0.101917,0.141831,0.124725
0.066999,0.070714,0.035107,0.092392,0.138991,0.101852,0.125857,0.219398,0.049847,0.098844
0.096746,0.126981,0.073101,0.056937,0.159966,0.112615,0.123577,0.051298,0.112267,0.086513
0.060498,0.071408,0.271127,0.040151,0.047270,0.225148,0.092519,0.077603,0.053970,0.060306
0.107531,0.085473,0.026097,0.069016,0.153984,0.287665,0.055758,0.040396,0.096826,0.077254
0.113925,0.075701,0.061065,0.101759,0.069689,0.135639,0.100216,0.117084,0.116986,0.107935
0.024375,0.029558,0.400968,0.019381,0.017742,0.069498,0.381129,0.015303,0.018621,0.023425
0.131616,0.172167,0.155123,0.055981,0.063135,0.109588,0.071561,0.084658,0.072441,0.083729
0.064703,0.112422,0.236613,0.059898,0.054183,0.103769,0.111398,0.091019,0.087333,0.078663
0.132707,0.117377,0.083988,0.057176,0.062252,0.116720,0.136413,0.057216,0.124023,0.112128
0.105121,0.134571,0.045065,0.052058,0.046683,0.082978,0.079964,0.222489,0.114106,0.116965
0.057933,0.139049,0.091012,0.068831,0.160732,0.100327,0.088754,0.098802,0.088313,0.106246
0.088155,0.098215,0.303634,0.036863,0.155225,0.090570,0.058271,0.082577,0.042986,0.043505
0.093724,0.109262,0.086139,0.042093,0.041354,0.320635,0.056188,0.049682,0.110655,0.090268
0.074076,0.172713,0.227935,0.047823,0.133528,0.071535,0.058110,0.082680,0.085995,0.045606
0.131028,0.075598,0.037766,0.067108,0.055497,0.315087,0.061426,0.107923,0.070721,0.077846
0.121071,0.139607,0.153932,0.085722,0.058068,0.120207,0.078161,0.069346,0.088235,0.085650
0.047990,0.109296,0.479449,0.030130,0.022883,0.155335,0.027182,0.047848,0.037896,0.041990
0.089750,0.101983,0.263805,0.036323,0.146621,0.097766,0.053250,0.083673,0.080539,0.046290
0.095813,0.063359,0.101424,0.080926,0.177516,0.096385,0.078766,0.092441,0.118858,0.094511
0.143595,0.122229,0.055559,0.101468,0.043253,0.105635,0.065510,0.238194,0.047013,0.077544
0.070239,0.049561,0.342523,0.067728,0.102928,0.089898,0.055039,0.072876,0.088874,0.060333
0.059780,0.130448,0.031499,0.060996,0.050753,0.320245,0.059114,0.098673,0.103931,0.084561
0.126918,0.151065,0.037542,0.059000,0.172972,0.087246,0.066228,0.089495,0.106642,0.102891
0.092685,0.108700,0.046238,0.104288,0.175362,0.128483,0.082237,0.105718,0.087858,0.068432
0.125595,0.132440,0.074382,0.067372,0.068544,0.129486,0.120252,0.091637,0.097261,0.093030
0.119976,0.229777,0.063867,0.082463,0.050553,0.151340,0.075203,0.086233,0.055738,0.084850
0.138338,0.070790,0.099995,0.067733,0.155539,0.101746,0.084845,0.109194,0.086091,0.085729
0.063714,0.058457,0.375036,0.042448,0.128106,0.063986,0.051893,0.069936,0.089500,0.056924
0.121475,0.206446,0.078792,0.070202,0.052160,0.109859,0.079757,0.090791,0.103136,0.087383
0.100593,0.091816,0.088944,0.055973,0.154735,0.113593,0.079563,0.097934,0.099222,0.117626
0.122355,0.161440,0.043169,0.068163,0.054073,0.105170,0.069183,0.211105,0.096358,0.068984
0.140502,0.070910,0.055664,0.084315,0.060546,0.149465,0.150232,0.074390,0.104619,0.109357
0.045471,0.035516,0.137390,0.058394,0.036132,0.120093,0.330609,0.149793,0.037150,0.049452
0.066125,0.048342,0.347849,0.039343,0.159127,0.070601,0.045243,0.071671,0.091020,0.060679
0.034801,0.041459,0.021564,0.026444,0.093455,0.110339,0.595438,0.021257,0.023445,0.031797
0.077848,0.107426,0.245410,0.053443,0.053732,0.071252,0.205690,0.049623,0.068359,0.067218
0.100798,0.161561,0.235362,0.057714,0.045679,0.092267,0.060865,0.077112,0.093029,0.075613
0.149863,0.078447,0.042301,0.071643,0.156207,0.095162,0.090486,0.103628,0.123927,0.088336
0.107460,0.116494,0.041370,0.059673,0.050732,0.122188,0.066926,0.240105,0.112802,0.082250
0.031745,0.064071,0.261978,0.047166,0.047912,0.275238,0.046674,0.075826,0.085809,0.063581
0.073630,0.057020,0.280490,0.039385,0.143637,0.174093,0.033481,0.067126,0.084747,0.046392
0.039782,0.075460,0.046214,0.041138,0.057242,0.281597,0.210469,0.095436,0.103567,0.049096
0.057011,0.067921,0.097162,0.048175,0.042034,0.286025,0.174995,0.082072,0.089609,0.054997
0.044214,0.054105,0.497190,0.025203,0.037620,0.192909,0.036256,0.027571,0.058487,0.026445
0.076539,0.069629,0.185287,0.049174,0.039509,0.108998,0.064456,0.206449,0.090459,0.109500
0.126366,0.077648,0.056382,0.108020,0.061422,0.149504,0.071756,0.127786,0.133977,0.087139
0.068323,0.064753,0.418480,0.048457,0.053525,0.099273,0.056868,0.071776,0.053620,0.064926
0.098705,0.227655,0.052561,0.105565,0.053752,0.112067,0.096080,0.059661,0.069644,0.124309
0.029471,0.024566,0.156245,0.023253,0.017624,0.087426,0.564219,0.024489,0.042912,0.029794
0.077738,0.053231,0.258154,0.069728,0.101994,0.054713,0.053378,0.203147,0.073823,0.054093
0.086038,0.184276,0.056964,0.127649,0.072041,0.135364,0.085775,0.065463,0.082812,0.103618
0.107017,0.091373,0.272677,0.034878,0.135760,0.072872,0.052749,0.080528,0.081418,0.070728
0.081272,0.070234,0.275128,0.069655,0.049754,0.084148,0.071224,0.082316,0.108815,0.107454
0.026121,0.017356,0.019514,0.022519,0.011965,0.022669,0.824277,0.014393,0.021020,0.020167
0.107855,0.076076,0.050296,0.074150,0.138035,0.090921,0.067746,0.219543,0.094494,0.080883
0.084893,0.209612,0.045757,0.054458,0.192499,0.111318,0.074949,0.062051,0.099613,0.064850
0.098069,0.174364,0.039737,0.062600,0.153881,0.101442,0.077759,0.096669,0.109059,0.086420
0.186855,0.066636,0.039835,0.080900,0.142371,0.096229,0.069273,0.048769,0.119544,0.149587
0.123360,0.082426,0.060998,0.111545,0.073689,0.150251,0.094698,0.106193,0.092785,0.104053
0.114758,0.072053,0.039288,0.068848,0.156980,0.139226,0.088499,0.073810,0.136451,0.110088
0.075982,0.128209,0.048847,0.062547,0.191037,0.123322,0.096558,0.086351,0.083433,0.103715
0.140108,0.116211,0.041059,0.061454,0.039218,0.121869,0.084434,0.221073,0.093828,0.080745
0.106027,0.167120,0.042342,0.028761,0.052089,0.207740,0.046313,0.233452,0.053350,0.062805
0.110869,0.178524,0.226849,0.042102,0.039010,0.080645,0.094233,0.078002,0.082837,0.066929
0.122260,0.196892,0.051497,0.059741,0.140640,0.094400,0.063598,0.088277,0.099742,0.082952
0.110490,0.093217,0.040383,0.062547,0.067493,0.293780,0.076026,0.051298,0.133933,0.070832
0.050667,0.138635,0.085879,0.055601,0.048494,0.090802,0.063970,0.233754,0.108104,0.124096
0.052322,0.067985,0.356416,0.028803,0.146251,0.080938,0.051430,0.075222,0.089459,0.051174
0.082467,0.106073,0.241991,0.051794,0.131990,0.078181,0.062204,0.080855,0.090618,0.073828
0.046863,0.165329,0.281570,0.035002,0.148363,0.082388,0.056004,0.055911,0.088354,0.040217
0.086810,0.079883,0.082418,0.059262,0.039231,0.303415,0.048767,0.087719,0.122612,0.089883
0.027544,0.023259,0.010762,0.018558,0.050672,0.034997,0.779729,0.014244,0.017357,0.022878
0.118552,0.170697,0.223461,0.052058,0.051258,0.107075,0.068979,0.062615,0.058191,0.087114
0.118673,0.143267,0.055821,0.074376,0.065321,0.182166,0.095119,0.070710,0.082687,0.111861
0.049310,0.054530,0.314568,0.026703,0.161455,0.057074,0.049284,0.187449,0.030820,0.068806
0.058813,0.216144,0.034678,0.056673,0.177447,0.081559,0.104543,0.091132,0.098737,0.080274
0.053758,0.061134,0.329736,0.046944,0.156174,0.058584,0.062565,0.074831,0.079681,0.076591
0.020943,0.017319,0.197238,0.013745,0.043029,0.019566,0.641581,0.013640,0.013450,0.019490
0.133703,0.113618,0.070428,0.086388,0.140344,0.117177,0.080069,0.099939,0.085179,0.073156
0.059009,0.025180,0.013627,0.024942,0.016275,0.037968,0.673653,0.093825,0.031093,0.024428
0.146947,0.083495,0.065484,0.100449,0.078606,0.123193,0.075083,0.077878,0.144706,0.104159
0.074897,0.191550,0.032454,0.053716,0.153190,0.113055,0.050172,0.198561,0.048089,0.084316
0.078474,0.065272,0.304736,0.066105,0.041821,0.099192,0.059943,0.095956,0.097532,0.090969
0.049409,0.118305,0.039577,0.107708,0.042100,0.150364,0.089261,0.259188,0.058412,0.085675
0.048997,0.123596,0.033549,0.064808,0.046782,0.363265,0.068180,0.093559,0.065943,0.091322
0.094824,0.167871,0.225218,0.075811,0.047317,0.083977,0.074606,0.087488,0.057600,0.085288
0.016586,0.016459,0.009021,0.023907,0.012774,0.020804,0.832167,0.018442,0.024739,0.025102
0.022144,0.077237,0.418222,0.025616,0.096678,0.127958,0.062907,0.098393,0.027309,0.043537
0.040028,0.103690,0.470389,0.023206,0.024326,0.112745,0.031460,0.113029,0.038687,0.042439
0.106997,0.106690,0.051995,0.056300,0.134716,0.107606,0.063806,0.200789,0.088015,0.083085
0.111776,0.101080,0.041616,0.096925,0.178750,0.110084,0.074150,0.100190,0.067655,0.117774
0.109622,0.226976,0.060354,0.097350,0.053412,0.113541,0.114896,0.063655,0.067553,0.092641
0.043913,0.076978,0.228578,0.045265,0.039217,0.182220,0.050027,0.188668,0.083292,0.061843
0.135973,0.064813,0.306060,0.044424,0.051040,0.176929,0.047393,0.061404,0.052467,0.059497
0.077997,0.073150,0.210342,0.045489,0.042546,0.234830,0.164903,0.041495,0.053805,0.055442
0.053562,0.068856,0.309067,0.040826,0.175381,0.065071,0.079984,0.097525,0.069759,0.039968
0.063534,0.048428,0.522943,0.033647,0.097387,0.048640,0.037052,0.062797,0.034930,0.050642
0.059471,0.118302,0.277355,0.057494,0.052200,0.094507,0.065486,0.073346,0.084658,0.117181
0.024508,0.039601,0.516472,0.025285,0.093594,0.090122,0.028240,0.098069,0.060997,0.023112
0.042597,0.067404,0.399096,0.050634,0.053408,0.068419,0.060659,0.081542,0.107045,0.069195
0.018390,0.019301,0.024869,0.020450,0.014784,0.025198,0.820075,0.023707,0.012847,0.020380
0.089874,0.089389,0.217574,0.052414,0.041568,0.261410,0.051210,0.073794,0.056284,0.066483
0.040346,0.162357,0.238061,0.040579,0.052175,0.251705,0.059613,0.054370,0.054962,0.045831
0.127062,0.221883,0.051899,0.080905,0.068941,0.122957,0.070479,0.088276,0.067954,0.099643
0.011114,0.014864,0.068736,0.015169,0.010940,0.015014,0.823913,0.014505,0.009617,0.016130
0.160431,0.081957,0.053579,0.077161,0.057810,0.088445,0.062998,0.218867,0.118408,0.080345
0.120437,0.110850,0.046994,0.047426,0.154722,0.138731,0.101352,0.095094,0.114241,0.070153
0.072264,0.174699,0.075110,0.095761,0.047524,0.137915,0.139293,0.078519,0.071007,0.107907
0.144829,0.157215,0.066529,0.084642,0.059298,0.142319,0.085557,0.073728,0.088782,0.097100
0.132777,0.171171,0.044008,0.064055,0.140439,0.134781,0.076321,0.116777,0.051173,0.068497
0.096003,0.110555,0.227943,0.058093,0.054170,0.089225,0.090652,0.101537,0.090718,0.081103
0.113790,0.085879,0.240503,0.076417,0.055570,0.098524,0.106352,0.087843,0.060019,0.075103
0.128455,0.125557,0.062108,0.108332,0.058181,0.112591,0.088839,0.101692,0.096366,0.117877
0.018301,0.032789,0.160735,0.025303,0.020548,0.031040,0.622829,0.036221,0.023565,0.028667
0.115047,0.090009,0.054957,0.110558,0.081217,0.113781,0.102058,0.122238,0.106997,0.103137
0.069490,0.092437,0.365849,0.047989,0.044811,0.088981,0.066783,0.093431,0.081191,0.049038
0.040839,0.075678,0.236445,0.045621,0.053109,0.271830,0.057425,0.089409,0.056094,0.073549
0.055773,0.094693,0.274273,0.032152,0.137536,0.190384,0.033369,0.063460,0.078513,0.039847
0.098153,0.058080,0.112322,0.027386,0.042841,0.218153,0.056587,0.225983,0.103653,0.056841
0.068576,0.138421,0.212224,0.031049,0.131747,0.192365,0.042962,0.063022,0.069772,0.049861
0.114525,0.205661,0.069940,0.068743,0.059289,0.101936,0.113076,0.072867,0.075040,0.118924
0.110565,0.203817,0.082343,0.040680,0.153893,0.083090,0.061656,0.083620,0.103465,0.076872
0.115824,0.089267,0.053030,0.069796,0.074142,0.126124,0.105395,0.105468,0.144198,0.116756
0.124371,0.170729,0.031474,0.086942,0.052526,0.299671,0.057052,0.052975,0.062536,0.061724
0.063946,0.057915,0.038769,0.052701,0.048334,0.213360,0.071509,0.310231,0.065279,0.077956
0.079896,0.085851,0.327689,0.043268,0.134305,0.067559,0.058885,0.072653,0.069751,0.060142
0.037592,0.055756,0.562030,0.024786,0.023622,0.147101,0.027581,0.043367,0.041043,0.037122
0.104229,0.166962,0.211049,0.071194,0.053711,0.085107,0.047764,0.098288,0.091814,0.069882
0.108319,0.134797,0.044667,0.092251,0.169077,0.095084,0.072797,0.097775,0.097908,0.087324
0.132265,0.099548,0.055252,0.100594,0.071834,0.118213,0.107151,0.114055,0.096592,0.104496
0.097717,0.108132,0.117922,0.052980,0.036250,0.274526,0.056285,0.092383,0.091050,0.072755
0.078592,0.099642,0.261654,0.073542,0.145425,0.084614,0.050294,0.045066,0.094790,0.066381
0.035480,0.066849,0.295671,0.066747,0.167342,0.076177,0.060876,0.085616,0.085427,0.059816
0.020934,0.031872,0.149092,0.041865,0.020417,0.085005,0.479678,0.100500,0.046131,0.024507
0.061203,0.053403,0.106655,0.039824,0.165023,0.331113,0.054276,0.082301,0.042013,0.064189
0.143121,0.067070,0.324613,0.059876,0.054689,0.086471,0.060845,0.082201,0.048068,0.073045
0.023636,0.019147,0.397485,0.014493,0.073660,0.092438,0.325288,0.017996,0.015616,0.020242
0.073778,0.102781,0.051346,0.051510,0.159783,0.122889,0.072137,0.211435,0.052394,0.101946
0.027102,0.027513,0.013053,0.023031,0.017967,0.025486,0.721768,0.098537,0.015875,0.029666
0.062481,0.067416,0.346444,0.043375,0.153657,0.071901,0.072679,0.083327,0.065441,0.033280
0.095170,0.217056,0.066881,0.045359,0.148668,0.103657,0.082473,0.054734,0.074601,0.111402
0.081821,0.090534,0.043428,0.067011,0.058550,0.332540,0.058574,0.091350,0.108626,0.067566
0.038574,0.020215,0.028117,0.025651,0.016898,0.037491,0.732143,0.032179,0.040462,0.028270
0.064842,0.066717,0.203604,0.048378,0.051907,0.087966,0.065900,0.237750,0.109502,0.063434
0.197371,0.084696,0.079758,0.064818,0.190148,0.095737,0.077336,0.057100,0.077707,0.075328
0.057209,0.134188,0.306347,0.036429,0.033629,0.066485,0.057475,0.188421,0.048721,0.071097
0.134152,0.246788,0.079423,0.072033,0.051169,0.108311,0.078125,0.082513,0.062315,0.085170
0.088727,0.093250,0.065137,0.093499,0.072666,0.131497,0.093348,0.113330,0.147429,0.101117
0.081220,0.148666,0.053769,0.061653,0.062571,0.125382,0.076949,0.244960,0.040982,0.103850
0.061802,0.083697,0.367527,0.061000,0.049055,0.091686,0.065859,0.067395,0.096943,0.055036
0.141982,0.081309,0.069373,0.056954,0.047865,0.121369,0.080044,0.227445,0.099463,0.074197
0.024737,0.026727,0.096970,0.028113,0.017908,0.034737,0.689069,0.021016,0.034379,0.026346
0.028323,0.053071,0.054270,0.042222,0.027073,0.239881,0.401786,0.041861,0.058056,0.053458
0.075856,0.073034,0.030176,0.033313,0.042647,0.233810,0.321177,0.081236,0.065447,0.043303
0.102327,0.083617,0.079884,0.088471,0.045366,0.268219,0.068933,0.059230,0.140000,0.063952
0.140666,0.146789,0.049349,0.096241,0.057020,0.131341,0.070966,0.092707,0.088639,0.126281
0.081079,0.059802,0.367726,0.054959,0.151892,0.068265,0.052039,0.083767,0.043920,0.036551
0.123393,0.055732,0.046013,0.040139,0.051363,0.226688,0.057782,0.245454,0.098373,0.055061
0.124959,0.114921,0.043295,0.065434,0.179603,0.120396,0.090165,0.062799,0.090071,0.108358
0.100871,0.097385,0.168112,0.060577,0.117331,0.075007,0.040625,0.158668,0.094433,0.086992
0.065251,0.053437,0.276538,0.070655,0.045993,0.196141,0.091785,0.079689,0.083286,0.037225
0.028262,0.028523,0.154557,0.024060,0.022911,0.034546,0.533433,0.098327,0.050968,0.024414
0.081436,0.213374,0.199154,0.096193,0.063201,0.096066,0.067904,0.058048,0.058991,0.065634
0.068685,0.069077,0.078380,0.031063,0.161299,0.272919,0.161781,0.085966,0.040244,0.030586
0.019652,0.025601,0.374635,0.016009,0.061973,0.072189,0.350511,0.031571,0.029105,0.018754
0.067066,0.102288,0.294452,0.054980,0.043699,0.071875,0.062702,0.193816,0.036611,0.072511
0.133401,0.178012,0.041989,0.090040,0.051403,0.110124,0.068901,0.217603,0.038127,0.070399
0.066660,0.113845,0.144302,0.053016,0.060602,0.095176,0.049845,0.229324,0.117091,0.070138
0.065951,0.129914,0.248296,0.065143,0.043607,0.115913,0.067826,0.089104,0.098890,0.075356
0.125175,0.098414,0.033702,0.042440,0.051852,0.347135,0.058974,0.089836,0.064960,0.087512
0.121600,0.184109,0.057875,0.078751,0.068500,0.122644,0.077622,0.072013,0.075665,0.141220
0.083782,0.070199,0.262501,0.026458,0.037031,0.179813,0.139976,0.074876,0.065283,0.060081
0.144119,0.102600,0.070423,0.085573,0.143514,0.095684,0.077117,0.070059,0.115409,0.095503
0.141791,0.151820,0.061257,0.103333,0.062102,0.116108,0.086086,0.071248,0.107980,0.098275
0.070498,0.078949,0.094849,0.087539,0.057063,0.105770,0.060377,0.311617,0.045728,0.087610
0.033391,0.021605,0.152197,0.015133,0.051916,0.030796,0.575140,0.085618,0.016091,0.018111
0.050136,0.165917,0.256827,0.041875,0.133857,0.083993,0.065455,0.042538,0.079905,0.079497
0.069993,0.063085,0.238486,0.048213,0.037446,0.275841,0.047794,0.070722,0.085490,0.062931
0.172634,0.133583,0.064771,0.069443,0.075529,0.140112,0.087370,0.072877,0.090219,0.093461
0.033025,0.027557,0.017957,0.023981,0.014818,0.032639,0.680031,0.099472,0.047176,0.023344
0.026855,0.053825,0.241568,0.063391,0.142869,0.265912,0.044177,0.059433,0.053261,0.048708
0.107953,0.190430,0.049117,0.080255,0.053962,0.124574,0.064528,0.098989,0.085117,0.145074
0.074778,0.028391,0.125065,0.025055,0.083219,0.080494,0.428217,0.091188,0.022173,0.041420
0.023042,0.029483,0.139124,0.021791,0.093027,0.088168,0.538986,0.016367,0.021972,0.028041
0.112786,0.136362,0.041540,0.048820,0.185467,0.124347,0.087073,0.100901,0.065520,0.097184
0.056767,0.046012,0.567778,0.032433,0.027667,0.102481,0.030881,0.041859,0.061293,0.032827
0.157422,0.082108,0.070532,0.103087,0.059297,0.129960,0.070788,0.123027,0.082587,0.121192
0.085929,0.086813,0.028376,0.047121,0.163217,0.373363,0.053359,0.048882,0.048687,0.064252
0.072558,0.096937,0.255911,0.092409,0.053572,0.107639,0.082198,0.061874,0.096312,0.080589
0.166938,0.077874,0.049627,0.056714,0.062098,0.109868,0.085328,0.267351,0.046311,0.077891
0.031753,0.027394,0.475630,0.014215,0.151266,0.187187,0.020253,0.035590,0.021497,0.035215
0.110126,0.133083,0.061758,0.076240,0.059260,0.155662,0.082287,0.072246,0.109376,0.139962
0.135454,0.122737,0.053055,0.066988,0.076478,0.153158,0.084982,0.058743,0.110123,0.138281
0.142590,0.095046,0.058124,0.100997,0.072175,0.132296,0.078531,0.128065,0.074107,0.118068
0.053547,0.189090,0.260489,0.039159,0.044070,0.191981,0.038608,0.074649,0.058470,0.049937
0.078065,0.052095,0.418462,0.043625,0.123147,0.060328,0.046109,0.035739,0.058349,0.084081
0.090278,0.066736,0.045003,0.057281,0.065939,0.301375,0.065622,0.092991,0.120683,0.094091
0.080709,0.100407,0.027632,0.037396,0.170172,0.334179,0.049115,0.059179,0.067496,0.073714
0.111393,0.131756,0.051093,0.080966,0.073293,0.163465,0.092329,0.101955,0.098924,0.094824
0.073288,0.136086,0.197096,0.061010,0.068858,0.101607,0.085382,0.090780,0.098469,0.087425
0.054998,0.066811,0.282899,0.058339,0.150087,0.059372,0.065390,0.088075,0.086297,0.087732
0.052594,0.066492,0.469247,0.030072,0.039840,0.171413,0.049245,0.033414,0.059174,0.028509
0.020975,0.017778,0.012860,0.019764,0.015974,0.021908,0.807072,0.022580,0.028713,0.032376
0.082840,0.053886,0.412030,0.073046,0.034974,0.094788,0.056861,0.034846,0.089807,0.066923
0.064702,0.075918,0.077816,0.068520,0.164866,0.094397,0.075691,0.109070,0.133911,0.135111
0.041612,0.082496,0.037655,0.079314,0.051881,0.201425,0.071421,0.289247,0.087541,0.057408
0.033961,0.061431,0.287174,0.033456,0.187039,0.193762,0.044870,0.069734,0.033705,0.054868
0.044451,0.085688,0.187147,0.043383,0.038560,0.203329,0.051880,0.188437,0.077966,0.079158
0.162639,0.085295,0.051523,0.099707,0.072724,0.125544,0.130688,0.110195,0.063341,0.098343
0.129349,0.123694,0.054777,0.060952,0.154587,0.098117,0.068735,0.113873,0.107667,0.088250
0.019265,0.023061,0.391443,0.015495,0.056788,0.082110,0.355063,0.017603,0.019683,0.019489
0.151162,0.233881,0.055297,0.084952,0.053864,0.142471,0.061939,0.065144,0.071065,0.080224
0.092576,0.117475,0.241612,0.080798,0.053609,0.097243,0.072272,0.086699,0.079821,0.077895
0.062674,0.163715,0.025143,0.042632,0.147286,0.264298,0.058538,0.080844,0.079832,0.075038
0.060057,0.094846,0.332235,0.052810,0.147069,0.072893,0.047609,0.065659,0.068436,0.058385
0.037078,0.067485,0.332907,0.044190,0.142023,0.060533,0.063410,0.076963,0.085111,0.090301
0.096156,0.128723,0.176624,0.064933,0.047141,0.125321,0.083574,0.091599,0.108791,0.077137
0.093097,0.190435,0.034630,0.067722,0.153395,0.079522,0.062665,0.205047,0.045880,0.067609
0.077481,0.100024,0.268640,0.052683,0.048627,0.074619,0.045774,0.170477,0.074474,0.087201
0.119145,0.115316,0.048666,0.070113,0.166532,0.108773,0.072967,0.098315,0.102294,0.097879
0.020427,0.042520,0.196770,0.024853,0.134836,0.166677,0.293332,0.029140,0.052907,0.038539
0.080746,0.063459,0.174882,0.068139,0.041023,0.277851,0.051620,0.102362,0.061653,0.078265
0.069227,0.079090,0.047253,0.081574,0.201788,0.113865,0.080023,0.104892,0.125616,0.096672
0.134933,0.120125,0.058289,0.082626,0.074454,0.119950,0.107151,0.076435,0.106683,0.119354
0.164230,0.126207,0.058571,0.078874,0.054899,0.116665,0.073064,0.122008,0.105174,0.100309
0.095680,0.072798,0.039183,0.052536,0.158596,0.110210,0.075864,0.229140,0.104211,0.061783
0.051945,0.081803,0.286542,0.034214,0.154614,0.071081,0.051307,0.088673,0.097842,0.081979
0.086417,0.247078,0.061959,0.063618,0.064890,0.135752,0.080861,0.107887,0.071822,0.079716
0.028108,0.048375,0.216780,0.052158,0.150023,0.064986,0.069856,0.210788,0.093164,0.065763
0.018411,0.016139,0.015993,0.013919,0.031331,0.019939,0.813022,0.024324,0.027789,0.019133
0.037982,0.017449,0.013525,0.020476,0.017175,0.022812,0.794525,0.021529,0.034579,0.019948
0.083130,0.057498,0.105876,0.033584,0.170874,0.320040,0.036921,0.083518,0.056171,0.052387
0.052456,0.082791,0.235489,0.059451,0.048883,0.257471,0.045877,0.061674,0.085950,0.069959
0.070390,0.085200,0.351425,0.051136,0.052040,0.091925,0.065956,0.069545,0.092967,0.069416
0.168358,0.081139,0.053137,0.111109,0.075981,0.128055,0.070307,0.098380,0.104518,0.109017
0.177268,0.139505,0.051397,0.095443,0.072378,0.113466,0.081437,0.077076,0.072072,0.119959
