0.001921,0.002169,0.490591,0.002839,0.401475,0.022125,0.019189,0.007070,0.049621,0.003000
0.004508,0.001597,0.468351,0.012923,0.413926,0.024168,0.024644,0.011902,0.030818,0.007163
0.011794,0.006722,0.680148,0.031793,0.188418,0.012646,0.006454,0.012555,0.004710,0.044760
0.012302,0.167563,0.004191,0.050345,0.542448,0.060083,0.021014,0.091008,0.004108,0.046938
0.002455,0.078367,0.861356,0.001393,0.026442,0.006109,0.005094,0.000840,0.006788,0.011156
0.020890,0.001371,0.704933,0.002454,0.087403,0.000605,0.000464,0.001240,0.174658,0.005981
0.001923,0.001512,0.230600,0.002046,0.136503,0.004615,0.002912,0.001887,0.610861,0.007142
0.140860,0.099267,0.065406,0.050939,0.051788,0.112758,0.179763,0.145451,0.076369,0.077400
0.007641,0.003643,0.022179,0.067889,0.224878,0.065650,0.006240,0.011970,0.558883,0.031027
0.006588,0.005866,0.004952,0.115090,0.726281,0.025388,0.020918,0.042632,0.008708,0.043578
0.004045,0.000297,0.754946,0.003408,0.217247,0.005391,0.009647,0.003736,0.000553,0.000729
0.000786,0.000958,0.456046,0.018579,0.347579,0.011976,0.015216,0.023958,0.123371,0.001530
0.050052,0.005699,0.790492,0.009424,0.079801,0.003519,0.002928,0.024287,0.009844,0.023954
0.012969,0.004108,0.741769,0.003618,0.112957,0.008238,0.039156,0.004930,0.040197,0.032057
0.005031,0.002006,0.592910,0.011448,0.209909,0.020855,0.001149,0.017663,0.127672,0.011357
0.048758,0.107112,0.148851,0.081410,0.183474,0.106711,0.090701,0.108496,0.089145,0.035343
0.000646,0.018421,0.825063,0.000583,0.136162,0.000527,0.000878,0.009930,0.006853,0.000937
0.014051,0.004793,0.005297,0.004128,0.572050,0.002184,0.011952,0.090531,0.025988,0.269026
0.051658,0.102790,0.137263,0.104582,0.054646,0.140681,0.144695,0.140133,0.067621,0.055930
0.006175,0.005296,0.018287,0.122813,0.434867,0.115414,0.072605,0.022042,0.116249,0.086252
0.001763,0.000816,0.826272,0.032775,0.112727,0.000365,0.004500,0.002708,0.017224,0.000850
0.003444,0.000692,0.444255,0.007410,0.464658,0.016400,0.018545,0.030000,0.001416,0.013179
0.002140,0.000570,0.783808,0.014195,0.178188,0.003597,0.010410,0.003874,0.002205,0.001013
0.020321,0.004588,0.013172,0.007453,0.765455,0.080453,0.041453,0.037827,0.019551,0.009727
0.020902,0.344061,0.052019,0.005474,0.302125,0.087656,0.020319,0.079264,0.074883,0.013295
0.006836,0.107242,0.002632,0.022744,0.759562,0.007225,0.014911,0.003364,0.071799,0.003684
0.064118,0.015064,0.028193,0.014490,0.463256,0.009500,0.008775,0.109627,0.252364,0.034611
0.031287,0.001210,0.869654,0.008406,0.039660,0.001029,0.017631,0.012480,0.001525,0.017117
0.013326,0.004295,0.120176,0.007153,0.734152,0.010614,0.021346,0.030656,0.049329,0.008953
0.003988,0.002315,0.078891,0.018140,0.746185,0.036333,0.017951,0.024332,0.040093,0.031773
0.025110,0.006815,0.008903,0.056059,0.661141,0.079790,0.058019,0.024970,0.020872,0.058321
0.020420,0.008929,0.004185,0.061378,0.794279,0.010660,0.002518,0.018232,0.039582,0.039816
0.006796,0.001153,0.446441,0.003497,0.427995,0.011029,0.022887,0.017796,0.057668,0.004738
0.003644,0.001562,0.756084,0.018917,0.122521,0.012138,0.014343,0.028453,0.029468,0.012870
0.015779,0.054440,0.834921,0.000785,0.048256,0.012756,0.005976,0.001976,0.011607,0.013505
0.020238,0.109765,0.414283,0.016722,0.370769,0.008114,0.037071,0.003878,0.010488,0.008673
0.075439,0.081060,0.325018,0.068197,0.116167,0.067472,0.050249,0.105727,0.058067,0.052605
0.002767,0.001263,0.495265,0.006843,0.429403,0.012964,0.004968,0.033640,0.010766,0.002122
0.003898,0.001405,0.884554,0.001042,0.032061,0.000683,0.004607,0.027923,0.042089,0.001737
0.019763,0.004910,0.508337,0.012596,0.418808,0.011270,0.005526,0.004897,0.005986,0.007906
0.002405,0.002127,0.700103,0.002572,0.152280,0.026481,0.026641,0.009245,0.075416,0.002731
0.111738,0.097026,0.135885,0.058716,0.094967,0.081674,0.099808,0.117874,0.104756,0.097557
0.002545,0.000252,0.836339,0.020210,0.092818,0.000191,0.010678,0.005689,0.027340,0.003937
0.107870,0.100823,0.153415,0.076269,0.042348,0.102612,0.141956,0.133697,0.065948,0.075063
0.005059,0.007242,0.082797,0.092410,0.677465,0.010939,0.023265,0.017103,0.050372,0.033347
0.056674,0.113308,0.038688,0.037606,0.517944,0.027646,0.051769,0.065215,0.030507,0.060643
0.021082,0.005529,0.006312,0.058267,0.774065,0.050618,0.015231,0.037205,0.015385,0.016307
0.001229,0.001094,0.553361,0.009953,0.388480,0.003916,0.006669,0.004784,0.014606,0.015907
0.005687,0.003509,0.486019,0.062544,0.381512,0.012611,0.019103,0.006852,0.010437,0.011726
0.052316,0.104830,0.003891,0.029405,0.712831,0.012605,0.058664,0.017582,0.003895,0.003981
0.002738,0.003738,0.115543,0.007281,0.788270,0.010926,0.012776,0.023171,0.004296,0.031260
0.048979,0.012430,0.021996,0.017748,0.374008,0.138068,0.008126,0.082048,0.278272,0.018325
0.003682,0.006222,0.530305,0.003277,0.393760,0.018990,0.002139,0.013486,0.007939,0.020200
0.001503,0.071025,0.753082,0.000306,0.146585,0.000808,0.009950,0.012101,0.003176,0.001464
0.062490,0.178926,0.015936,0.072633,0.453759,0.091745,0.029869,0.045547,0.029296,0.019797
0.018695,0.031666,0.323785,0.011739,0.172461,0.064238,0.015716,0.038758,0.305241,0.017702
0.066084,0.080177,0.007010,0.007337,0.166493,0.011247,0.020889,0.119931,0.513011,0.007822
0.023602,0.003742,0.006119,0.022799,0.760322,0.003958,0.034560,0.032155,0.102297,0.010447
0.025326,0.218044,0.019594,0.009601,0.329417,0.097305,0.057624,0.015356,0.214326,0.013407
0.007086,0.177366,0.016781,0.010746,0.467984,0.103806,0.051397,0.071821,0.085110,0.007904
0.014552,0.003310,0.698343,0.005411,0.140583,0.044197,0.018439,0.016021,0.004880,0.054264
0.000463,0.000332,0.589314,0.001022,0.342636,0.014429,0.012004,0.019397,0.013674,0.006729
0.003153,0.072271,0.495969,0.009584,0.377848,0.010485,0.006485,0.001006,0.015145,0.008053
0.000805,0.000483,0.671137,0.014909,0.266460,0.002021,0.001275,0.017011,0.024326,0.001572
0.020726,0.001915,0.454683,0.003546,0.402668,0.005308,0.011843,0.009193,0.010326,0.079792
0.012612,0.003189,0.009100,0.037957,0.115204,0.099822,0.001752,0.041000,0.666259,0.013104
0.013183,0.010318,0.016041,0.012116,0.647193,0.009582,0.027736,0.020914,0.223488,0.019428
0.002090,0.023978,0.351881,0.002966,0.195657,0.006922,0.010933,0.001447,0.396260,0.007867
0.004588,0.023911,0.382778,0.021514,0.078769,0.004509,0.011771,0.015560,0.442286,0.014314
0.026974,0.009324,0.596809,0.012383,0.180093,0.006293,0.006247,0.026169,0.126796,0.008913
0.041300,0.007407,0.018070,0.015412,0.365954,0.008018,0.027331,0.199117,0.290304,0.027087
0.001220,0.000733,0.685141,0.003786,0.271012,0.000602,0.008727,0.002609,0.021576,0.004594
0.119672,0.106466,0.043180,0.087034,0.030161,0.104110,0.260068,0.054354,0.059941,0.135014
0.000520,0.000819,0.622693,0.011312,0.219463,0.004645,0.010376,0.007466,0.121665,0.001040
0.000920,0.000359,0.573378,0.024492,0.113187,0.021759,0.018125,0.012482,0.229477,0.005823
0.001729,0.001296,0.874416,0.007524,0.046807,0.008810,0.014863,0.030976,0.012040,0.001539
0.002032,0.000956,0.002774,0.023822,0.442228,0.026996,0.028314,0.035499,0.265272,0.172107
0.005601,0.036979,0.809933,0.003294,0.019360,0.001447,0.019563,0.023903,0.077054,0.002865
0.162683,0.009622,0.014638,0.043542,0.247014,0.007229,0.030532,0.262958,0.120744,0.101040
0.042288,0.007994,0.089333,0.008748,0.709344,0.010376,0.002006,0.023802,0.062598,0.043512
0.007302,0.002798,0.891462,0.002378,0.042949,0.001170,0.020175,0.004310,0.022607,0.004849
0.016521,0.000494,0.802940,0.001844,0.139592,0.000352,0.003452,0.022717,0.010679,0.001408
0.001980,0.001774,0.642431,0.001429,0.038356,0.002091,0.000923,0.012720,0.285093,0.013202
0.098604,0.097464,0.076967,0.080417,0.160102,0.106743,0.123680,0.058359,0.073675,0.123990
0.003503,0.000922,0.660986,0.006642,0.261224,0.002273,0.016448,0.019488,0.023566,0.004948
0.005777,0.001109,0.755569,0.002567,0.049418,0.001060,0.021107,0.011629,0.003387,0.148377
0.001761,0.001053,0.924211,0.000772,0.031167,0.000400,0.010377,0.006697,0.021827,0.001734
0.014557,0.000219,0.843775,0.001145,0.123923,0.000130,0.008928,0.000692,0.005399,0.001231
0.001940,0.001998,0.459654,0.002686,0.342969,0.023558,0.000526,0.024894,0.125377,0.016398
0.019456,0.004728,0.008879,0.012483,0.490130,0.003732,0.009588,0.099818,0.050947,0.300239
0.003462,0.002473,0.606057,0.013749,0.082489,0.017767,0.001672,0.006235,0.253582,0.012515
0.003409,0.001316,0.568825,0.018190,0.329084,0.015956,0.008191,0.008736,0.038110,0.008183
0.006082,0.001404,0.264481,0.009484,0.204406,0.013386,0.001342,0.083694,0.143275,0.272446
0.005085,0.000493,0.705419,0.002752,0.250414,0.003966,0.008245,0.001966,0.014442,0.007218
0.106948,0.089797,0.092178,0.097278,0.056931,0.114579,0.155298,0.153680,0.061767,0.071543
0.006614,0.000592,0.851711,0.002399,0.095736,0.004520,0.008912,0.005663,0.007171,0.016682
0.026145,0.003402,0.008955,0.004099,0.380996,0.091886,0.022129,0.070321,0.072913,0.319154
0.000639,0.028526,0.884495,0.000962,0.050325,0.007936,0.016386,0.000887,0.008360,0.001486
0.004252,0.004540,0.005746,0.004911,0.568328,0.003088,0.017659,0.005790,0.145612,0.240074
0.023371,0.003680,0.580984,0.007304,0.093718,0.023106,0.001691,0.106804,0.011421,0.147922
0.009020,0.001865,0.521556,0.024026,0.400882,0.010852,0.008548,0.012562,0.007527,0.003164
0.002732,0.004408,0.557792,0.004254,0.415319,0.001214,0.001639,0.003642,0.002531,0.006470
0.002315,0.000340,0.943889,0.008840,0.027236,0.001598,0.010009,0.000967,0.000832,0.003975
0.008583,0.012849,0.703783,0.002636,0.158616,0.009999,0.019235,0.043090,0.023979,0.017230
0.009844,0.002643,0.412384,0.004724,0.120679,0.021889,0.001957,0.029625,0.362202,0.034053
0.022251,0.003213,0.796887,0.007477,0.098845,0.005148,0.015987,0.016196,0.007357,0.026637
0.046933,0.007393,0.031830,0.060134,0.543990,0.155310,0.004419,0.044308,0.015045,0.090639
0.022285,0.007494,0.133099,0.163938,0.498586,0.069712,0.002343,0.022196,0.022808,0.057537
0.035291,0.306147,0.013285,0.023016,0.297221,0.158897,0.062521,0.077403,0.012454,0.013765
0.068190,0.020555,0.048264,0.042605,0.590686,0.026209,0.054122,0.068661,0.046846,0.033861
0.003176,0.001939,0.595734,0.013049,0.324075,0.008215,0.000592,0.002421,0.047028,0.003771
0.000747,0.000162,0.846304,0.000469,0.022117,0.005117,0.002136,0.010161,0.106720,0.006068
0.009131,0.001558,0.513757,0.013464,0.372548,0.007874,0.053790,0.011987,0.008417,0.007474
0.019253,0.059450,0.561559,0.002293,0.299010,0.005320,0.020651,0.002050,0.013640,0.016774
0.001180,0.000856,0.727409,0.013794,0.221988,0.000291,0.004909,0.022913,0.001235,0.005426
0.001811,0.000648,0.659377,0.015770,0.245010,0.003583,0.000144,0.019689,0.011950,0.042019
0.019339,0.004986,0.009526,0.011047,0.816682,0.005998,0.013670,0.068478,0.042261,0.008014
0.009592,0.002232,0.672305,0.036975,0.162766,0.011088,0.035985,0.015405,0.045482,0.008169
0.029659,0.033708,0.484588,0.029546,0.102529,0.112116,0.033061,0.023327,0.121838,0.029629
0.017131,0.003862,0.635204,0.024135,0.155986,0.063466,0.002054,0.037683,0.040229,0.020250
0.003139,0.005083,0.406579,0.002824,0.077371,0.005140,0.004244,0.065915,0.419361,0.010345
0.038703,0.010757,0.324072,0.017704,0.523208,0.009021,0.006358,0.018967,0.013270,0.037940
0.001493,0.000676,0.404606,0.029934,0.479498,0.028780,0.019178,0.010732,0.017824,0.007279
0.009219,0.004643,0.016986,0.017362,0.372747,0.162677,0.034370,0.093597,0.235182,0.053216
0.007487,0.001481,0.498287,0.005391,0.375278,0.030298,0.001262,0.021010,0.054260,0.005245
0.007809,0.003284,0.862268,0.020196,0.038000,0.002148,0.005886,0.016852,0.021646,0.021910
0.114792,0.003703,0.013725,0.083454,0.266693,0.045171,0.033667,0.312367,0.110483,0.015946
0.009795,0.001160,0.627154,0.017017,0.253058,0.029720,0.011573,0.035603,0.010372,0.004548
0.005599,0.000816,0.689337,0.010849,0.224645,0.000530,0.019849,0.032549,0.002943,0.012884
0.002175,0.000454,0.790750,0.001164,0.176033,0.003674,0.004210,0.012945,0.007089,0.001507
0.001928,0.049908,0.636307,0.002775,0.279875,0.008426,0.004535,0.012933,0.001206,0.002107
0.154682,0.111985,0.073322,0.128071,0.059656,0.072394,0.175772,0.082423,0.060318,0.081378
0.009436,0.000930,0.466660,0.008487,0.419961,0.000667,0.006422,0.011243,0.066635,0.009558
0.002847,0.000491,0.817979,0.000765,0.035010,0.000861,0.014028,0.023507,0.012310,0.092203
0.004736,0.001583,0.505938,0.048990,0.296709,0.015852,0.063381,0.008554,0.032410,0.021847
0.002877,0.000935,0.595558,0.031713,0.302484,0.015596,0.007430,0.025275,0.001102,0.017032
0.006173,0.004397,0.005322,0.026306,0.870649,0.027411,0.013440,0.029739,0.004785,0.011778
0.021985,0.000454,0.440477,0.013946,0.321020,0.002620,0.007565,0.001909,0.185049,0.004977
0.090050,0.085700,0.078708,0.127554,0.059006,0.108442,0.151308,0.140456,0.098889,0.059887
0.003593,0.001329,0.793548,0.004307,0.093336,0.009508,0.019368,0.056852,0.012433,0.005726
0.049575,0.071777,0.005768,0.013269,0.716008,0.049804,0.011634,0.070754,0.004435,0.006977
0.002446,0.041267,0.693446,0.001238,0.222009,0.009234,0.010546,0.000962,0.017330,0.001523
0.036767,0.082115,0.497870,0.035716,0.100635,0.049803,0.036159,0.099603,0.031666,0.029667
0.088698,0.108241,0.200536,0.084103,0.050804,0.110317,0.159661,0.053399,0.075113,0.069128
0.005434,0.001910,0.476709,0.002498,0.459622,0.021883,0.014813,0.007058,0.004833,0.005239
0.074978,0.075141,0.300515,0.060081,0.157782,0.058221,0.051783,0.138927,0.045529,0.037041
0.019917,0.004006,0.014951,0.025303,0.263336,0.020112,0.048638,0.017570,0.577109,0.009057
0.015867,0.153720,0.028721,0.015728,0.385366,0.038042,0.015381,0.030432,0.201414,0.115331
0.030096,0.000672,0.806263,0.001438,0.028473,0.000570,0.019555,0.033441,0.077984,0.001507
0.007335,0.003070,0.583152,0.002645,0.361279,0.001054,0.007871,0.010091,0.003955,0.019549
0.139939,0.009745,0.013618,0.011088,0.396289,0.154525,0.090065,0.164549,0.009543,0.010639
0.002560,0.001346,0.678909,0.019482,0.045467,0.001256,0.018858,0.053288,0.017285,0.161550
0.014234,0.038790,0.447416,0.045554,0.273806,0.037585,0.013375,0.074493,0.013640,0.041109
0.023604,0.017176,0.039183,0.109476,0.471190,0.040068,0.007532,0.080564,0.188846,0.022361
0.003331,0.002941,0.431332,0.030705,0.354758,0.010782,0.001589,0.016218,0.128541,0.019803
0.036682,0.010065,0.031644,0.010009,0.452361,0.022082,0.099918,0.110725,0.119497,0.107017
0.016334,0.093798,0.009686,0.019674,0.765533,0.014055,0.054236,0.011506,0.006843,0.008334
0.078855,0.120817,0.143744,0.074695,0.084678,0.119897,0.126748,0.060050,0.083467,0.107049
0.006677,0.018651,0.671940,0.003716,0.265794,0.001813,0.011335,0.003750,0.013196,0.003129
0.144144,0.060860,0.126317,0.113793,0.104606,0.069201,0.067503,0.041092,0.049647,0.222838
0.006214,0.005215,0.007749,0.013001,0.671853,0.004937,0.031022,0.026605,0.224723,0.008682
0.020113,0.226676,0.011608,0.055938,0.367961,0.015390,0.042681,0.079921,0.100848,0.078866
0.003013,0.064020,0.455946,0.000991,0.385592,0.020641,0.025689,0.021442,0.021064,0.001602
0.005164,0.001091,0.779183,0.026927,0.136486,0.005654,0.028311,0.003271,0.008685,0.005228
0.026173,0.031772,0.037299,0.035056,0.653535,0.022730,0.025146,0.074340,0.027186,0.066763
0.004859,0.000227,0.717451,0.019866,0.122062,0.000131,0.003898,0.000458,0.130506,0.000541
0.002369,0.107623,0.669371,0.028736,0.103742,0.032054,0.037450,0.004157,0.003312,0.011186
0.006442,0.011242,0.017760,0.108565,0.518856,0.155806,0.003985,0.069531,0.099603,0.008209
0.002275,0.095651,0.338382,0.005225,0.503045,0.002827,0.012024,0.027522,0.011921,0.001128
0.031546,0.000602,0.526265,0.012112,0.309291,0.017299,0.008829,0.042432,0.048699,0.002925
0.053402,0.006963,0.011435,0.012783,0.747163,0.038894,0.007700,0.037951,0.065669,0.018040
0.007379,0.001300,0.489912,0.013440,0.448684,0.004262,0.026164,0.004599,0.001830,0.002430
0.015894,0.015209,0.029642,0.031078,0.524296,0.090369,0.018439,0.131501,0.012806,0.130765
0.002388,0.001180,0.491293,0.009691,0.417835,0.009601,0.016556,0.033631,0.013346,0.004479
0.027551,0.062003,0.015323,0.042877,0.558656,0.008820,0.017850,0.016382,0.236251,0.014287
0.006183,0.003697,0.006748,0.055308,0.429547,0.002772,0.002915,0.052619,0.172719,0.267492
0.019872,0.009530,0.010147,0.010003,0.642648,0.104524,0.006550,0.085900,0.056735,0.054091
0.026726,0.004283,0.303060,0.008866,0.336310,0.031451,0.107404,0.030114,0.132498,0.019289
0.003037,0.001459,0.852754,0.029046,0.072157,0.011818,0.009003,0.011177,0.007174,0.002374
0.092613,0.016274,0.025276,0.095180,0.473365,0.035394,0.024178,0.068949,0.024351,0.144420
0.007350,0.002331,0.663256,0.005255,0.049858,0.003355,0.043280,0.018156,0.024511,0.182649
0.019076,0.108639,0.008619,0.050167,0.355211,0.077962,0.056615,0.153289,0.160628,0.009792
0.024574,0.004617,0.009267,0.005851,0.779783,0.082107,0.007691,0.033671,0.042826,0.009615
0.008818,0.001185,0.808422,0.002438,0.094209,0.036595,0.012505,0.020863,0.010123,0.004842
0.006369,0.000904,0.490560,0.012637,0.361496,0.005206,0.010021,0.042216,0.050499,0.020091
0.006183,0.002667,0.623188,0.003999,0.309028,0.021162,0.000595,0.008317,0.009131,0.015731
0.014742,0.067224,0.871722,0.005269,0.024653,0.007330,0.002461,0.005972,0.000234,0.000393
0.010043,0.000910,0.711812,0.003020,0.099306,0.025024,0.014576,0.055250,0.074277,0.005781
0.017979,0.007703,0.020901,0.102929,0.308216,0.101525,0.002529,0.191764,0.172366,0.074088
0.005305,0.001825,0.538316,0.031843,0.374400,0.011642,0.013056,0.015733,0.003604,0.004277
0.004191,0.023269,0.555995,0.004527,0.262097,0.001934,0.036189,0.014925,0.092977,0.003898
0.022853,0.002426,0.182628,0.082880,0.445883,0.067741,0.003260,0.084048,0.055437,0.052842
0.005265,0.001007,0.436593,0.024926,0.468163,0.000510,0.020334,0.007419,0.034478,0.001306
0.024878,0.177270,0.013335,0.191808,0.367944,0.031420,0.093802,0.063204,0.012540,0.023799
0.002730,0.023681,0.869820,0.000383,0.022415,0.008391,0.000607,0.006832,0.064306,0.000836
0.022681,0.001163,0.437324,0.002227,0.462092,0.002778,0.007930,0.022908,0.040028,0.000870
0.003394,0.028567,0.461405,0.001595,0.351651,0.000930,0.006107,0.012741,0.001584,0.132025
0.012184,0.002145,0.738963,0.028350,0.102045,0.005767,0.012560,0.058743,0.009914,0.029329
0.034669,0.002974,0.844278,0.002829,0.033066,0.001164,0.021839,0.017082,0.018534,0.023564
0.121385,0.161797,0.029520,0.008130,0.319198,0.111661,0.011885,0.030672,0.184936,0.020816
0.011296,0.003614,0.008629,0.002683,0.169779,0.050682,0.031957,0.043391,0.637701,0.040268
0.004841,0.002628,0.003300,0.049070,0.776556,0.001623,0.018803,0.006756,0.113320,0.023102
0.001382,0.000705,0.746338,0.001662,0.059902,0.000328,0.006604,0.003671,0.170838,0.008571
0.002805,0.105650,0.013556,0.034501,0.695334,0.041192,0.047517,0.025606,0.028458,0.005383
0.009134,0.005287,0.111638,0.108284,0.653608,0.020989,0.001884,0.031332,0.049902,0.007943
0.045791,0.007882,0.242265,0.014187,0.330508,0.064317,0.042510,0.027850,0.216624,0.008066
0.085341,0.088360,0.151082,0.100336,0.038979,0.096590,0.155808,0.127906,0.061327,0.094271
0.000990,0.128394,0.536812,0.011851,0.283616,0.014773,0.001479,0.018142,0.001980,0.001962
0.011045,0.002028,0.299203,0.009701,0.038676,0.002774,0.000282,0.007092,0.616806,0.012391
0.001779,0.001030,0.851595,0.002539,0.058949,0.020652,0.000710,0.031813,0.017155,0.013777
0.009176,0.014759,0.011264,0.015023,0.703817,0.007116,0.009536,0.039757,0.172425,0.017128
0.018910,0.003275,0.709849,0.050099,0.104656,0.003539,0.050946,0.009715,0.041352,0.007658
0.002507,0.151191,0.530596,0.004344,0.270459,0.012076,0.010197,0.007769,0.000636,0.010225
0.053828,0.079142,0.492124,0.048590,0.036757,0.059460,0.065072,0.081897,0.052634,0.030494
0.008217,0.003750,0.107247,0.025667,0.653710,0.010516,0.018236,0.034178,0.094217,0.044260
0.014499,0.003837,0.008267,0.022589,0.832793,0.044169,0.003017,0.031055,0.032274,0.007500
0.001466,0.001922,0.623965,0.017441,0.291683,0.016367,0.000286,0.032189,0.011757,0.002923
0.007897,0.001741,0.458168,0.083698,0.346403,0.012290,0.036311,0.011058,0.038161,0.004273
0.000554,0.000693,0.883274,0.015601,0.040881,0.007968,0.003038,0.016130,0.022276,0.009584
0.025992,0.004741,0.027867,0.056657,0.478581,0.147600,0.041153,0.159395,0.009108,0.048907
0.017390,0.000375,0.769463,0.005139,0.191584,0.000351,0.001884,0.001019,0.011488,0.001307
0.008309,0.010947,0.222296,0.040466,0.401570,0.070582,0.097061,0.014549,0.100863,0.033358
0.004670,0.036902,0.582175,0.010946,0.327465,0.001289,0.015951,0.015661,0.002139,0.002801
0.011420,0.001233,0.062805,0.004998,0.730284,0.008899,0.033289,0.069253,0.042409,0.035409
0.009709,0.001591,0.529998,0.033929,0.065707,0.007973,0.007393,0.049961,0.264834,0.028905
0.117475,0.007838,0.016568,0.008107,0.512168,0.055167,0.039487,0.114850,0.084299,0.044041
0.000665,0.065996,0.868994,0.000650,0.037885,0.008988,0.002855,0.010917,0.001791,0.001259
0.004371,0.002111,0.531757,0.012128,0.373882,0.013017,0.043138,0.004699,0.005341,0.009555
0.005418,0.341890,0.033996,0.057246,0.380876,0.027840,0.060463,0.057038,0.012813,0.022422
0.006725,0.001165,0.653726,0.020244,0.182836,0.000885,0.030450,0.027348,0.054840,0.021782
0.006610,0.001250,0.723696,0.066560,0.094389,0.007033,0.014157,0.043292,0.038532,0.004480
0.012696,0.001706,0.729226,0.002102,0.102940,0.026098,0.023699,0.024383,0.068469,0.008681
0.000488,0.000333,0.722201,0.013191,0.214907,0.009856,0.000990,0.015223,0.013143,0.009667
0.000802,0.000260,0.654265,0.009380,0.178784,0.003553,0.004752,0.015285,0.128490,0.004429
0.001425,0.029539,0.907956,0.005676,0.019847,0.005495,0.002322,0.005650,0.021179,0.000912
0.028931,0.135230,0.015311,0.064260,0.450163,0.107587,0.074023,0.018131,0.091171,0.015195
0.000848,0.000627,0.615583,0.019714,0.295833,0.008835,0.010284,0.008451,0.030545,0.009280
0.001129,0.001238,0.894351,0.004496,0.058742,0.016004,0.005320,0.012104,0.004888,0.001729
0.006881,0.002002,0.437833,0.009799,0.454919,0.026520,0.036547,0.008583,0.010411,0.006505
0.000800,0.174182,0.334673,0.007962,0.434767,0.002555,0.001286,0.027885,0.000518,0.015371
0.025134,0.019692,0.028855,0.044446,0.248660,0.019606,0.014673,0.041615,0.504354,0.052965
0.004661,0.282928,0.009174,0.007331,0.316661,0.085213,0.051656,0.100886,0.080417,0.061073
0.079823,0.109404,0.156716,0.074986,0.177120,0.067713,0.099690,0.100907,0.070364,0.063276
0.039646,0.004133,0.006524,0.038182,0.630391,0.009069,0.002187,0.012059,0.222530,0.035279
0.010222,0.004009,0.008984,0.096314,0.662372,0.053269,0.015750,0.060280,0.052010,0.036791
0.003500,0.079796,0.662254,0.015847,0.114802,0.018724,0.006067,0.029224,0.067622,0.002163
0.004364,0.001763,0.472501,0.037487,0.424734,0.016691,0.013919,0.007892,0.006519,0.014130
0.005677,0.006292,0.008014,0.056869,0.715426,0.004093,0.051540,0.036915,0.063577,0.051598
0.043593,0.140539,0.034572,0.134236,0.221297,0.017498,0.065199,0.181510,0.132710,0.028846
0.003395,0.002175,0.742694,0.003402,0.203176,0.002337,0.002482,0.013698,0.017711,0.008929
0.001438,0.001313,0.730778,0.020297,0.134701,0.000461,0.000403,0.007273,0.014976,0.088360
0.007037,0.004666,0.556180,0.005829,0.220404,0.022989,0.038622,0.015461,0.122169,0.006644
0.015123,0.020801,0.022064,0.016883,0.648011,0.018710,0.052543,0.057222,0.135220,0.013423
0.001178,0.094861,0.311405,0.000792,0.444178,0.006283,0.029628,0.001371,0.024563,0.085740
0.011811,0.099612,0.015198,0.022936,0.470998,0.050786,0.048147,0.021274,0.191066,0.068171
0.014340,0.001841,0.484746,0.003909,0.369173,0.026172,0.001251,0.038133,0.055723,0.004712
0.104472,0.074983,0.151027,0.095043,0.050222,0.106116,0.133040,0.124268,0.100262,0.060566
0.100181,0.233598,0.045170,0.057697,0.281198,0.078342,0.089027,0.018389,0.073368,0.023030
0.001242,0.000550,0.566092,0.002477,0.377846,0.016229,0.011091,0.020684,0.001620,0.002169
0.033433,0.004825,0.031475,0.014184,0.578875,0.136003,0.047411,0.094866,0.036692,0.022237
0.005604,0.144698,0.026466,0.004675,0.660945,0.047645,0.016722,0.074383,0.011347,0.007515
0.156982,0.111566,0.066282,0.068383,0.044296,0.117362,0.185917,0.063446,0.106896,0.078871
0.033053,0.003002,0.771034,0.003086,0.101450,0.019262,0.008080,0.009515,0.031357,0.020161
0.021892,0.002645,0.782671,0.005730,0.095711,0.010955,0.002662,0.015102,0.038381,0.024251
0.054350,0.001241,0.635935,0.054082,0.135914,0.034784,0.013543,0.030987,0.034060,0.005103
0.002970,0.185762,0.552822,0.000906,0.107308,0.005437,0.012472,0.072142,0.058607,0.001573
0.018204,0.065239,0.566193,0.010079,0.304601,0.004152,0.013210,0.015836,0.000904,0.001582
0.001287,0.155585,0.672690,0.017952,0.104211,0.008881,0.006938,0.002136,0.028808,0.001512
0.006401,0.001109,0.644961,0.010111,0.054638,0.005815,0.000502,0.040647,0.216637,0.019179
0.004942,0.002704,0.479014,0.009255,0.406171,0.003675,0.000473,0.005447,0.026656,0.061664
0.020333,0.000376,0.622655,0.001773,0.127730,0.000489,0.008994,0.009779,0.203154,0.004717
0.029326,0.006498,0.017407,0.056536,0.463718,0.110740,0.006964,0.066522,0.157373,0.084915
0.004139,0.001842,0.663430,0.003430,0.185143,0.023175,0.009099,0.025357,0.058561,0.025824
0.021962,0.013645,0.351982,0.003036,0.351853,0.001133,0.005946,0.032497,0.009818,0.208130
0.005438,0.001276,0.590879,0.053153,0.294988,0.018996,0.015135,0.008166,0.009076,0.002892
0.039785,0.010780,0.011746,0.008627,0.526850,0.158509,0.032511,0.092686,0.103458,0.015050
0.003119,0.005790,0.376001,0.005550,0.224264,0.059325,0.073528,0.110228,0.130236,0.011959
0.028964,0.007615,0.024025,0.034604,0.326223,0.156688,0.095362,0.174892,0.120378,0.031250
0.001756,0.008331,0.899749,0.000719,0.061073,0.000469,0.008920,0.000722,0.008815,0.009446
0.084266,0.108746,0.045805,0.094567,0.118435,0.118506,0.204423,0.103358,0.063529,0.058365
0.005048,0.004946,0.008800,0.059311,0.777326,0.066369,0.049373,0.015691,0.005587,0.007551
0.013566,0.000679,0.333285,0.017227,0.371212,0.003330,0.002842,0.028072,0.221945,0.007843
0.077497,0.030372,0.023921,0.019757,0.415369,0.138258,0.063852,0.098307,0.023252,0.109416
0.010834,0.001951,0.669919,0.066618,0.094723,0.034105,0.001166,0.029203,0.062118,0.029363
0.026946,0.211724,0.012951,0.019793,0.357983,0.103964,0.020719,0.070698,0.072579,0.102642
0.049007,0.062705,0.280292,0.078443,0.133188,0.047152,0.074656,0.094419,0.094934,0.085205
0.002358,0.000889,0.842785,0.015120,0.060657,0.009437,0.016633,0.012641,0.034025,0.005454
0.104070,0.100521,0.100132,0.111144,0.088268,0.102670,0.111780,0.057130,0.087416,0.136869
0.002094,0.070874,0.498877,0.004280,0.333987,0.009501,0.032376,0.028225,0.008265,0.011520
0.004891,0.002649,0.751690,0.083140,0.089773,0.010148,0.000739,0.020868,0.007177,0.028925
0.006373,0.227259,0.003988,0.010561,0.586752,0.011890,0.035141,0.046542,0.030038,0.041457
0.004644,0.000902,0.567956,0.013590,0.348913,0.005367,0.028422,0.008430,0.006024,0.015752
0.000922,0.001571,0.458697,0.019167,0.493005,0.000404,0.012201,0.009738,0.000948,0.003347
0.010308,0.002674,0.004782,0.024700,0.487784,0.034730,0.004715,0.018682,0.384894,0.026730
0.128189,0.077783,0.054121,0.108555,0.049961,0.060319,0.179056,0.130770,0.053053,0.158192
0.011375,0.002327,0.283614,0.059043,0.103991,0.014258,0.003322,0.029454,0.458863,0.033754
0.018936,0.024595,0.380394,0.005361,0.224750,0.025120,0.111290,0.048310,0.084680,0.076563
0.041761,0.001058,0.687428,0.004111,0.125923,0.018294,0.023349,0.017934,0.054486,0.025656
0.008249,0.002560,0.783813,0.030002,0.099042,0.006519,0.014343,0.048326,0.003294,0.003853
0.012016,0.000319,0.543825,0.001708,0.217102,0.001642,0.000149,0.023960,0.192705,0.006572
0.013614,0.005747,0.007496,0.114240,0.729186,0.005610,0.056289,0.047095,0.012476,0.008247
0.034950,0.052220,0.019153,0.056830,0.475013,0.012250,0.044541,0.018679,0.225646,0.060719
0.020243,0.011134,0.010381,0.005483,0.562951,0.005495,0.005811,0.011560,0.135701,0.231242
0.020147,0.004645,0.015418,0.017663,0.154558,0.119984,0.003781,0.051861,0.582293,0.029649
0.154017,0.160475,0.051590,0.016615,0.427292,0.030231,0.032362,0.101159,0.009648,0.016610
0.006078,0.003818,0.008269,0.010263,0.354090,0.131029,0.043980,0.016534,0.420471,0.005467
0.021598,0.043620,0.318672,0.018249,0.355732,0.058279,0.022588,0.058526,0.077530,0.025206
0.008010,0.080417,0.008038,0.012444,0.698183,0.071192,0.039717,0.024682,0.046316,0.011000
0.131466,0.105765,0.070005,0.101766,0.057071,0.111165,0.149593,0.119291,0.080308,0.073571
0.038914,0.009612,0.009568,0.126985,0.413016,0.002620,0.038371,0.024899,0.265414,0.070601
0.011729,0.013403,0.015254,0.024568,0.834764,0.008936,0.036428,0.017346,0.011810,0.025762
0.004077,0.000581,0.470169,0.022407,0.323791,0.015966,0.000500,0.014991,0.145596,0.001922
0.109025,0.084843,0.153898,0.098805,0.025818,0.090275,0.213319,0.125650,0.041262,0.057106
0.002262,0.003936,0.475081,0.007774,0.378456,0.008931,0.018663,0.006397,0.035732,0.062768
0.006155,0.002236,0.767457,0.022189,0.114065,0.009050,0.002217,0.034322,0.029950,0.012361
0.002140,0.000509,0.777194,0.014787,0.166246,0.014715,0.000852,0.005277,0.001710,0.016571
0.001120,0.001341,0.543801,0.007718,0.355518,0.008160,0.007717,0.025638,0.033213,0.015774
0.008908,0.002484,0.677361,0.010407,0.204632,0.017681,0.041304,0.007719,0.008407,0.021096
0.004137,0.002981,0.005869,0.029177,0.889233,0.008088,0.007708,0.008119,0.011111,0.033577
0.010256,0.005150,0.004350,0.024852,0.405920,0.051282,0.001177,0.019712,0.450712,0.026590
0.005026,0.001646,0.499979,0.001406,0.435501,0.018723,0.006041,0.010563,0.019962,0.001152
0.089093,0.107779,0.121359,0.094325,0.100912,0.120119,0.092979,0.090456,0.139196,0.043781
0.008807,0.119152,0.364623,0.002329,0.434441,0.023884,0.023195,0.015468,0.001874,0.006227
0.028284,0.007685,0.006525,0.011351,0.275711,0.104898,0.022119,0.053557,0.448590,0.041280
0.005539,0.010089,0.007081,0.011419,0.914435,0.003162,0.017149,0.013951,0.004924,0.012250
0.057727,0.011231,0.031903,0.014892,0.547915,0.013704,0.054106,0.126559,0.123840,0.018122
0.017329,0.001973,0.815857,0.000675,0.105356,0.000438,0.021513,0.006705,0.026409,0.003746
0.062186,0.023826,0.030796,0.010016,0.558497,0.012074,0.038175,0.100303,0.144690,0.019437
0.002372,0.001039,0.543878,0.013843,0.328513,0.018049,0.002568,0.033668,0.052215,0.003855
0.002012,0.000454,0.916239,0.002477,0.033578,0.001489,0.009104,0.020265,0.007292,0.007089
0.002613,0.074036,0.520288,0.028165,0.298905,0.009191,0.006208,0.001625,0.042480,0.016490
0.001529,0.000655,0.652636,0.000741,0.233284,0.000205,0.005586,0.002833,0.034308,0.068222
0.004657,0.004521,0.393768,0.024842,0.163815,0.001878,0.007584,0.010201,0.360523,0.028211
0.036823,0.008001,0.011392,0.158844,0.341205,0.161526,0.029799,0.153105,0.082140,0.017165
0.005508,0.005329,0.499170,0.004488,0.095895,0.017167,0.020706,0.077539,0.238280,0.035919
0.016425,0.003186,0.007079,0.006694,0.702009,0.009266,0.003847,0.006870,0.075145,0.169480
0.039839,0.000615,0.746257,0.002080,0.088569,0.024136,0.025892,0.039378,0.029630,0.003604
0.003250,0.044224,0.401480,0.005090,0.522654,0.002633,0.007420,0.011328,0.000795,0.001126
0.003530,0.000615,0.848540,0.019465,0.096347,0.000514,0.011216,0.006946,0.002093,0.010734
0.006058,0.002370,0.224521,0.070889,0.244164,0.060385,0.004862,0.024981,0.072762,0.289008
0.012956,0.005882,0.024734,0.014238,0.593194,0.174750,0.016359,0.026262,0.107439,0.024186
0.074798,0.081922,0.123940,0.059303,0.136929,0.146500,0.100598,0.059238,0.056773,0.159999
0.003721,0.001139,0.933492,0.009388,0.018204,0.000518,0.012470,0.018816,0.000718,0.001533
0.010609,0.086622,0.007063,0.004771,0.476358,0.012251,0.019962,0.050604,0.297734,0.034025
0.029462,0.036476,0.580658,0.017468,0.200336,0.040442,0.019404,0.044279,0.017587,0.013887
0.027502,0.001424,0.732688,0.005792,0.107026,0.009706,0.043009,0.021281,0.010939,0.040633
0.078900,0.083885,0.051876,0.079853,0.054762,0.109755,0.094042,0.051106,0.336029,0.059793
0.007280,0.010338,0.013663,0.092954,0.210513,0.134306,0.005985,0.050723,0.443406,0.030832
0.002777,0.001163,0.842499,0.002632,0.073750,0.015787,0.001326,0.007936,0.048224,0.003907
0.000718,0.001215,0.672729,0.000998,0.291457,0.000416,0.003333,0.014218,0.012642,0.002272
0.117992,0.092608,0.097154,0.105113,0.069662,0.115857,0.166795,0.087489,0.074834,0.072496
0.008361,0.117969,0.009251,0.104848,0.566944,0.048980,0.014407,0.013180,0.087312,0.028748
0.002467,0.040184,0.856563,0.004784,0.036242,0.010292,0.006474,0.039819,0.000876,0.002299
0.018822,0.001752,0.003423,0.003605,0.200187,0.028938,0.034545,0.024702,0.576516,0.107510
0.002630,0.000340,0.626226,0.005184,0.198481,0.008116,0.009551,0.017685,0.119960,0.011828
0.000808,0.037774,0.646109,0.003008,0.267446,0.015387,0.011514,0.009293,0.007438,0.001223
0.010965,0.000679,0.256530,0.004619,0.144615,0.002335,0.008853,0.003767,0.554320,0.013316
0.011114,0.002003,0.003035,0.047938,0.718652,0.013231,0.027648,0.074455,0.077828,0.024095
0.002347,0.001282,0.700536,0.001551,0.266948,0.001619,0.005988,0.004839,0.011451,0.003438
0.083445,0.097484,0.196343,0.070050,0.061081,0.106898,0.135663,0.143215,0.053008,0.052812
0.001601,0.001816,0.743913,0.020139,0.154646,0.001351,0.001156,0.001882,0.067401,0.006094
0.004622,0.003867,0.534163,0.006651,0.271515,0.004120,0.004257,0.035255,0.127306,0.008243
0.006457,0.003511,0.881359,0.003979,0.084055,0.000249,0.001428,0.014976,0.003593,0.000391
0.001091,0.001137,0.480672,0.002408,0.423532,0.003848,0.015183,0.022808,0.047021,0.002302
0.144590,0.010846,0.018682,0.143977,0.416251,0.046421,0.016543,0.106245,0.010993,0.085452
0.005058,0.004320,0.632485,0.001858,0.320734,0.000723,0.011175,0.008519,0.011454,0.003674
0.009298,0.003809,0.727157,0.005691,0.123697,0.007781,0.017287,0.011347,0.090142,0.003791
0.026699,0.010218,0.379250,0.010167,0.318478,0.065628,0.008847,0.053264,0.115712,0.011737
0.023794,0.007996,0.007399,0.050547,0.794093,0.003869,0.006468,0.067112,0.012310,0.026412
0.077122,0.085864,0.155312,0.148383,0.098123,0.117937,0.112152,0.066431,0.066655,0.072021
0.052001,0.004047,0.067747,0.006872,0.501001,0.049973,0.003200,0.018670,0.261223,0.035266
0.005458,0.002243,0.929359,0.002392,0.034998,0.001425,0.001445,0.017216,0.001589,0.003874
0.020948,0.032354,0.634080,0.028185,0.107244,0.057329,0.037983,0.037804,0.020197,0.023876
0.009355,0.006726,0.005525,0.112718,0.704665,0.056693,0.019183,0.045298,0.010348,0.029488
0.002296,0.000610,0.149871,0.007121,0.119403,0.008779,0.019855,0.003733,0.686025,0.002307
0.010931,0.006346,0.107424,0.120801,0.624067,0.032339,0.001976,0.012434,0.069558,0.014125
0.016002,0.001430,0.007898,0.077741,0.432416,0.060591,0.025414,0.037575,0.110448,0.230486
0.003565,0.000418,0.656000,0.001102,0.174913,0.000238,0.006105,0.007603,0.139638,0.010418
0.002375,0.001808,0.505707,0.014229,0.355765,0.022507,0.029827,0.007747,0.056275,0.003760
0.112139,0.027217,0.040345,0.040761,0.396733,0.023961,0.023270,0.101878,0.088658,0.145038
0.001562,0.000610,0.903801,0.010098,0.037082,0.002085,0.011357,0.023391,0.008778,0.001236
0.004262,0.000497,0.514245,0.002071,0.371759,0.017383,0.015350,0.033273,0.023889,0.017271
0.001537,0.037819,0.418427,0.002764,0.111586,0.005557,0.047632,0.001827,0.370498,0.002352
0.036249,0.050727,0.199739,0.107453,0.101339,0.070179,0.059170,0.032780,0.278196,0.064168
0.037953,0.014249,0.037170,0.020711,0.520529,0.139748,0.013364,0.045647,0.041597,0.129031
0.012781,0.013946,0.020653,0.117262,0.546086,0.011146,0.100818,0.070994,0.091669,0.014644
0.002786,0.001247,0.550834,0.021087,0.362144,0.015567,0.004924,0.028819,0.001108,0.011483
0.179765,0.101321,0.099735,0.095720,0.080108,0.094979,0.115422,0.060729,0.074027,0.098193
0.012517,0.013470,0.021759,0.136086,0.283253,0.008724,0.052094,0.031284,0.426010,0.014803
0.006842,0.000724,0.486319,0.020284,0.449227,0.017054,0.012720,0.005260,0.000857,0.000713
0.059809,0.050582,0.132480,0.038000,0.180217,0.118195,0.059212,0.034846,0.291734,0.034926
0.044817,0.099845,0.153690,0.041171,0.217535,0.093364,0.102494,0.098363,0.090721,0.058000
0.035372,0.002487,0.818335,0.003696,0.080090,0.012357,0.003849,0.039158,0.002495,0.002160
0.073042,0.107410,0.282208,0.063706,0.142814,0.064952,0.066588,0.086165,0.059337,0.053778
0.002284,0.033473,0.677618,0.001014,0.265707,0.002113,0.015365,0.000839,0.000905,0.000683
0.044781,0.002281,0.591925,0.003167,0.065432,0.000698,0.012765,0.066161,0.001627,0.211163
0.006719,0.001363,0.002953,0.022062,0.782324,0.007751,0.008366,0.006476,0.024095,0.137892
0.001649,0.004145,0.194526,0.002749,0.138751,0.007995,0.007305,0.003138,0.633938,0.005806
0.004490,0.001529,0.801169,0.002868,0.152150,0.010667,0.003696,0.009207,0.003148,0.011076
0.008348,0.001650,0.487121,0.002250,0.440107,0.007430,0.006292,0.031817,0.012813,0.002173
0.011176,0.003628,0.513448,0.006118,0.366947,0.016356,0.001412,0.053445,0.022542,0.004927
0.000606,0.045063,0.341377,0.003470,0.398494,0.007713,0.022403,0.005121,0.164223,0.011529
0.009068,0.009966,0.013382,0.046268,0.564472,0.008147,0.031674,0.038573,0.266143,0.012306
0.073305,0.186675,0.005028,0.048719,0.276135,0.057612,0.025146,0.171633,0.149411,0.006336
0.000880,0.025867,0.684678,0.014907,0.255977,0.000475,0.004480,0.004495,0.007295,0.000948
0.005439,0.001280,0.577141,0.009286,0.048520,0.000489,0.025357,0.061011,0.256713,0.014764
0.008644,0.001340,0.512125,0.026179,0.378324,0.006877,0.023661,0.010881,0.022328,0.009640
0.016146,0.002303,0.117549,0.007492,0.698535,0.062954,0.002251,0.039381,0.014946,0.038443
0.028200,0.191783,0.015538,0.013707,0.375718,0.133270,0.022581,0.136960,0.070655,0.011589
0.004133,0.006310,0.481162,0.003096,0.171962,0.010712,0.003259,0.007953,0.306215,0.005196
0.100009,0.103117,0.068582,0.123813,0.055224,0.114963,0.182345,0.042419,0.111297,0.098232
0.048263,0.161349,0.003142,0.028084,0.446743,0.021954,0.014168,0.156885,0.090319,0.029093
0.001261,0.042603,0.883924,0.002826,0.039595,0.010186,0.007350,0.009197,0.001858,0.001200
0.007697,0.065347,0.478102,0.005251,0.353339,0.004143,0.009569,0.006618,0.058170,0.011764
0.042119,0.014265,0.034445,0.112119,0.427299,0.015884,0.084503,0.124298,0.017984,0.127083
0.032980,0.003881,0.007179,0.007869,0.791276,0.002939,0.049629,0.038422,0.031137,0.034688
0.003682,0.081839,0.340409,0.001145,0.357388,0.017356,0.002145,0.023192,0.169881,0.002962
0.008664,0.000914,0.651995,0.063266,0.122327,0.026318,0.017412,0.003837,0.070559,0.034709
0.012210,0.026750,0.595507,0.013262,0.164014,0.052366,0.033623,0.023466,0.062496,0.016306
0.004268,0.001282,0.456449,0.003976,0.448168,0.012136,0.022272,0.028583,0.002513,0.020353
0.003076,0.001841,0.007235,0.004945,0.819434,0.070060,0.014612,0.026999,0.044364,0.007434
0.002021,0.003743,0.743279,0.049183,0.051753,0.001139,0.011392,0.021868,0.082136,0.033485
0.012223,0.007159,0.016938,0.012960,0.354323,0.055555,0.066561,0.022189,0.081513,0.370580
0.015135,0.189498,0.023215,0.021214,0.374063,0.156239,0.013458,0.100031,0.089950,0.017196
0.024220,0.003797,0.090049,0.016858,0.614093,0.007724,0.057600,0.071892,0.089156,0.024612
0.002732,0.001140,0.269549,0.001512,0.049417,0.004653,0.003981,0.010243,0.652036,0.004738
0.029837,0.008199,0.012080,0.013118,0.661065,0.075116,0.010011,0.053898,0.121220,0.015456
0.001611,0.001638,0.674818,0.037193,0.158340,0.018837,0.012137,0.043474,0.030582,0.021370
0.019107,0.009694,0.037186,0.020009,0.322843,0.020533,0.019262,0.027506,0.225783,0.298076
0.003895,0.041181,0.455542,0.002178,0.446853,0.001542,0.005639,0.022047,0.002183,0.018939
0.001988,0.081914,0.613043,0.001502,0.098201,0.026818,0.014620,0.052661,0.079774,0.029480
0.012441,0.003568,0.530910,0.004977,0.367390,0.038066,0.001420,0.029646,0.007990,0.003591
0.009085,0.002380,0.682123,0.005612,0.236119,0.040231,0.002000,0.005198,0.009629,0.007623
0.011767,0.005411,0.656668,0.106214,0.117516,0.044048,0.006286,0.019645,0.018400,0.014046
0.051805,0.023290,0.030291,0.017990,0.445106,0.031041,0.006562,0.109180,0.135303,0.149433
0.001273,0.000250,0.693195,0.005417,0.146819,0.003344,0.002401,0.003755,0.109584,0.033962
0.024101,0.016028,0.035484,0.296434,0.398075,0.040309,0.005627,0.080998,0.037166,0.065777
0.075613,0.087710,0.052962,0.060108,0.090131,0.085972,0.254432,0.119926,0.087878,0.085269
0.107122,0.089488,0.075628,0.101976,0.059703,0.078069,0.174420,0.155149,0.075432,0.083013
0.003165,0.000401,0.822779,0.000745,0.016019,0.000566,0.010229,0.007836,0.136834,0.001428
0.014591,0.009180,0.008870,0.067378,0.543881,0.005493,0.027869,0.091298,0.214852,0.016589
0.026834,0.010149,0.006655,0.011186,0.722392,0.093545,0.019847,0.078784,0.016919,0.013689
0.001377,0.075758,0.410314,0.009056,0.399973,0.010741,0.024929,0.025802,0.031857,0.010191
0.005180,0.001031,0.459724,0.016460,0.469464,0.004028,0.000675,0.036091,0.002466,0.004883
