0.122810,0.119927,0.054727,0.092316,0.070294,0.134470,0.085093,0.077895,0.102579,0.139890
0.156291,0.106792,0.046789,0.076106,0.052012,0.115331,0.062143,0.208338,0.095243,0.080956
0.044915,0.056858,0.422361,0.031361,0.035090,0.188002,0.088411,0.047668,0.029259,0.056074
0.104116,0.055947,0.423030,0.049550,0.052743,0.073904,0.059988,0.040865,0.059933,0.079925
0.095979,0.063104,0.099908,0.070875,0.156025,0.120123,0.080727,0.086368,0.133260,0.093632
0.074494,0.161709,0.086145,0.034507,0.029387,0.235201,0.238730,0.040413,0.045954,0.053461
0.076125,0.122067,0.040706,0.082941,0.053673,0.090214,0.088206,0.327578,0.047141,0.071349
0.024606,0.020710,0.015620,0.017171,0.019448,0.031135,0.775215,0.033494,0.040101,0.022500
0.070881,0.124346,0.294317,0.052351,0.150684,0.067506,0.061406,0.079182,0.059553,0.039774
0.065879,0.089427,0.282342,0.049778,0.044006,0.099010,0.065034,0.174343,0.043622,0.086559
0.108575,0.160873,0.062357,0.069841,0.050689,0.128488,0.067023,0.109670,0.093263,0.149221
0.107661,0.167144,0.054437,0.091246,0.069545,0.145965,0.065181,0.077395,0.074280,0.147145
0.086317,0.043050,0.025735,0.035147,0.145034,0.188809,0.119736,0.208763,0.093142,0.054266
0.067812,0.116628,0.048106,0.102499,0.164061,0.117877,0.077040,0.120309,0.099548,0.086121
0.054024,0.089879,0.052520,0.069828,0.050478,0.080612,0.425621,0.068922,0.048788,0.059327
0.028930,0.026092,0.125624,0.016868,0.056393,0.026712,0.656312,0.016128,0.020400,0.026541
0.081667,0.056112,0.076167,0.060395,0.052626,0.305993,0.072301,0.094280,0.108597,0.091860
0.076232,0.143356,0.214229,0.054294,0.043116,0.247451,0.050841,0.050044,0.067466,0.052971
0.031652,0.026066,0.088170,0.023188,0.024094,0.081091,0.643358,0.021848,0.031857,0.028675
0.077605,0.072909,0.298642,0.051202,0.153602,0.084159,0.053706,0.045781,0.090874,0.071520
0.073844,0.052242,0.065636,0.046412,0.051371,0.229159,0.064130,0.250527,0.089580,0.077099
0.133607,0.203320,0.056604,0.083692,0.067280,0.134140,0.082406,0.071011,0.083514,0.084427
0.129031,0.119930,0.090576,0.065341,0.067497,0.157116,0.080394,0.093916,0.107327,0.088873
0.122644,0.133720,0.219897,0.078984,0.058671,0.086891,0.063169,0.082361,0.082415,0.071247
0.088126,0.044344,0.368300,0.047248,0.115261,0.074917,0.045823,0.073987,0.082874,0.059119
0.119572,0.070941,0.232303,0.093877,0.051406,0.107761,0.063600,0.099143,0.084253,0.077145
0.095290,0.050705,0.220413,0.023727,0.132257,0.202885,0.093285,0.066200,0.067332,0.047905
0.085563,0.091743,0.031228,0.038168,0.164943,0.327487,0.056273,0.085633,0.049156,0.069804
0.118340,0.116230,0.159244,0.056908,0.067591,0.118710,0.072890,0.097199,0.093627,0.099261
0.064279,0.181949,0.164781,0.071256,0.066380,0.105614,0.073812,0.094698,0.092211,0.085020
0.081855,0.145217,0.308512,0.073942,0.055946,0.082755,0.057918,0.047375,0.082164,0.064315
0.120087,0.086133,0.335892,0.056739,0.058464,0.073776,0.057424,0.051816,0.083415,0.076254
0.122086,0.172153,0.047401,0.098499,0.073225,0.139166,0.078680,0.091849,0.085088,0.091852
0.064859,0.111998,0.047379,0.056151,0.179214,0.145560,0.077698,0.115349,0.130264,0.071527
0.093660,0.056153,0.079273,0.062531,0.126708,0.090563,0.066359,0.250712,0.090499,0.083541
0.075936,0.070877,0.043981,0.106405,0.050355,0.123566,0.076095,0.310437,0.062641,0.079708
0.049796,0.032883,0.555546,0.041930,0.029197,0.145936,0.029630,0.023587,0.042833,0.048662
0.174758,0.121000,0.066662,0.083841,0.067122,0.131997,0.084375,0.063053,0.111199,0.095994
0.041971,0.060101,0.119457,0.029677,0.184899,0.289019,0.041341,0.084347,0.079555,0.069634
0.116494,0.079614,0.055638,0.105518,0.053120,0.107934,0.082379,0.265224,0.059729,0.074350
0.118484,0.117700,0.045022,0.109397,0.151503,0.106091,0.079103,0.067108,0.087522,0.118070
0.063561,0.032764,0.102662,0.034673,0.026327,0.085405,0.578466,0.024127,0.028711,0.023305
0.043176,0.216891,0.091943,0.046462,0.033405,0.298315,0.049817,0.087737,0.074226,0.058029
0.043677,0.018912,0.111752,0.013902,0.015698,0.024408,0.695016,0.024606,0.025896,0.026134
0.143053,0.076105,0.134569,0.052745,0.047982,0.079012,0.061189,0.218738,0.102617,0.083990
0.045050,0.084835,0.215347,0.046789,0.041953,0.181869,0.063149,0.224598,0.040774,0.055637
0.085115,0.126974,0.310941,0.051473,0.052899,0.085943,0.062035,0.082437,0.079361,0.062821
0.133636,0.201164,0.065022,0.079239,0.070605,0.101356,0.080614,0.075803,0.108145,0.084417
0.112141,0.119698,0.040172,0.056870,0.053053,0.127363,0.067778,0.284882,0.060605,0.077439
0.099807,0.073848,0.288648,0.092653,0.060238,0.103414,0.064018,0.081370,0.064523,0.071481
0.121497,0.117768,0.189474,0.055466,0.066770,0.116903,0.081389,0.100155,0.067052,0.083526
0.052687,0.081056,0.289887,0.038500,0.167132,0.076705,0.075990,0.090200,0.063882,0.063962
0.092279,0.082166,0.051833,0.092140,0.055563,0.121749,0.091519,0.259853,0.064553,0.088344
0.115910,0.069802,0.100063,0.126092,0.052339,0.159231,0.066751,0.056977,0.143149,0.109686
0.046899,0.058844,0.317107,0.076738,0.117092,0.063598,0.049510,0.189155,0.038198,0.042859
0.077983,0.043427,0.436108,0.025978,0.100846,0.116224,0.024530,0.119728,0.029205,0.025972
0.084073,0.063577,0.412307,0.058418,0.145673,0.058761,0.048003,0.037385,0.047558,0.044246
0.099897,0.055481,0.291438,0.037111,0.044051,0.239078,0.050299,0.072235,0.071098,0.039312
0.081704,0.063897,0.295268,0.054012,0.145051,0.068346,0.057303,0.052297,0.089411,0.092711
0.071913,0.060377,0.301224,0.061913,0.128563,0.075689,0.050940,0.087830,0.092713,0.068837
0.130669,0.116091,0.045602,0.054761,0.196843,0.122358,0.090135,0.068081,0.065985,0.109476
0.138144,0.131077,0.067040,0.090393,0.070945,0.128865,0.072251,0.098541,0.106984,0.095761
0.110131,0.079427,0.062122,0.117652,0.069034,0.129993,0.093666,0.104442,0.134526,0.099007
0.070112,0.198172,0.080095,0.061943,0.051252,0.129549,0.113698,0.086282,0.100368,0.108529
0.073905,0.164918,0.041507,0.062084,0.049209,0.115364,0.072271,0.239422,0.102772,0.078548
0.044232,0.083482,0.235837,0.066684,0.128522,0.075569,0.185887,0.072695,0.049683,0.057409
0.039745,0.087413,0.310846,0.032559,0.056727,0.237010,0.054507,0.050527,0.063641,0.067025
0.091080,0.076454,0.090800,0.082619,0.055523,0.081503,0.084995,0.305125,0.043694,0.088208
0.043581,0.080029,0.026518,0.047797,0.196313,0.215191,0.065388,0.225300,0.047024,0.052859
0.063794,0.233294,0.028321,0.038810,0.035415,0.184194,0.236596,0.066287,0.058160,0.055130
0.091909,0.070184,0.242590,0.027913,0.134211,0.236873,0.049821,0.046305,0.049616,0.050579
0.072667,0.205916,0.100444,0.032508,0.047498,0.312238,0.045702,0.046557,0.097305,0.039167
0.043500,0.017220,0.009690,0.017924,0.011168,0.023671,0.828326,0.015712,0.011387,0.021402
0.134739,0.122192,0.080923,0.073239,0.062488,0.148009,0.076676,0.104489,0.068611,0.128634
0.066410,0.160574,0.046273,0.070048,0.170784,0.128772,0.071601,0.116239,0.074113,0.095186
0.125243,0.127245,0.092394,0.048964,0.163318,0.101817,0.067997,0.057357,0.117331,0.098335
0.096253,0.095130,0.297517,0.066524,0.058873,0.089399,0.061878,0.088894,0.073693,0.071838
0.107477,0.062380,0.029015,0.050542,0.188004,0.277012,0.057371,0.095366,0.067259,0.065574
0.066787,0.053621,0.240953,0.028930,0.134710,0.250125,0.049569,0.035517,0.075132,0.064656
0.072445,0.080151,0.146501,0.058683,0.048414,0.115669,0.084947,0.208112,0.105328,0.079750
0.105533,0.165008,0.029005,0.029626,0.148293,0.270301,0.048118,0.065671,0.085115,0.053331
0.096304,0.120831,0.045990,0.061911,0.060244,0.312957,0.073274,0.050855,0.104158,0.073475
0.021245,0.061397,0.084125,0.022492,0.131023,0.160496,0.293103,0.139454,0.032986,0.053679
0.044548,0.023274,0.016453,0.017749,0.043513,0.033481,0.667181,0.085600,0.046049,0.022152
0.136016,0.143271,0.066745,0.083636,0.057954,0.108184,0.087907,0.098467,0.116776,0.101045
0.080424,0.067618,0.031809,0.047974,0.162418,0.313891,0.054653,0.084040,0.094621,0.062551
0.071141,0.161546,0.064847,0.027698,0.132401,0.298425,0.041312,0.079069,0.067862,0.055699
0.089060,0.073747,0.069698,0.040044,0.050240,0.354635,0.056850,0.088840,0.103377,0.073509
0.076306,0.127676,0.045016,0.084730,0.064204,0.104783,0.308251,0.054874,0.055522,0.078638
0.073311,0.190015,0.208301,0.030760,0.042493,0.235414,0.051008,0.046694,0.072731,0.049273
0.098932,0.179563,0.042426,0.047736,0.174518,0.109411,0.087520,0.104940,0.072362,0.082593
0.081583,0.103627,0.036864,0.097874,0.055618,0.111476,0.075518,0.257875,0.108665,0.070901
0.046112,0.107977,0.279806,0.050472,0.145674,0.080273,0.052314,0.088003,0.076509,0.072860
0.131471,0.149838,0.064652,0.086954,0.066136,0.098922,0.073196,0.134192,0.101640,0.092998
0.037657,0.020600,0.016084,0.027244,0.014728,0.038739,0.742550,0.039313,0.034165,0.028919
0.071587,0.153670,0.093063,0.079727,0.154640,0.099367,0.075351,0.071844,0.109616,0.091135
0.058881,0.072244,0.287869,0.052632,0.145164,0.091828,0.055486,0.080403,0.089780,0.065712
0.109322,0.069935,0.094144,0.093450,0.139436,0.109320,0.059492,0.116432,0.119806,0.088663
0.041518,0.074799,0.257919,0.047199,0.047987,0.269175,0.044290,0.088356,0.071827,0.056929
0.085212,0.097654,0.046953,0.056718,0.174143,0.135600,0.138175,0.056679,0.118501,0.090365
0.100808,0.129183,0.060254,0.069738,0.079055,0.150549,0.080777,0.103349,0.107590,0.118698
0.063220,0.095146,0.050917,0.061483,0.078435,0.207267,0.197730,0.073771,0.076123,0.095907
0.068876,0.105042,0.074940,0.102639,0.164528,0.120996,0.077701,0.121039,0.071060,0.093179
0.039319,0.102071,0.411885,0.019852,0.117150,0.150656,0.027050,0.054470,0.044165,0.033381
0.106964,0.175647,0.038257,0.085512,0.165646,0.107402,0.073317,0.097343,0.068915,0.080997
0.074579,0.117480,0.053498,0.055573,0.142286,0.116352,0.079963,0.219141,0.056200,0.084929
0.090343,0.076340,0.290185,0.050445,0.146587,0.092762,0.078400,0.049578,0.047906,0.077455
0.074993,0.121079,0.172866,0.079680,0.055316,0.117556,0.094222,0.072877,0.106903,0.104509
0.074101,0.049926,0.405964,0.043901,0.134914,0.060349,0.048364,0.075811,0.045507,0.061163
0.040346,0.074757,0.241220,0.028658,0.149851,0.226041,0.044260,0.061540,0.077983,0.055344
0.074205,0.123972,0.069960,0.064813,0.060478,0.150302,0.125457,0.130056,0.083010,0.117747
0.129891,0.110140,0.072766,0.075901,0.153047,0.116617,0.086017,0.098753,0.066138,0.090730
0.061248,0.148216,0.050044,0.086543,0.053833,0.155066,0.061744,0.244934,0.050118,0.088255
0.102284,0.066498,0.036728,0.097362,0.059185,0.115743,0.059378,0.281280,0.101427,0.080114
0.069171,0.148672,0.042895,0.064315,0.054921,0.313567,0.091220,0.068899,0.077797,0.068543
0.076992,0.124734,0.089452,0.064452,0.065493,0.151554,0.147615,0.089797,0.107511,0.082400
0.041494,0.073491,0.293957,0.039027,0.045759,0.239989,0.054273,0.073840,0.083673,0.054497
0.121803,0.164886,0.040933,0.047794,0.157533,0.110079,0.074538,0.063216,0.109869,0.109349
0.024074,0.029101,0.273161,0.014108,0.068841,0.071383,0.406967,0.077297,0.018904,0.016165
0.065511,0.178082,0.042698,0.067863,0.158403,0.097173,0.105652,0.102319,0.098772,0.083528
0.052175,0.043476,0.421945,0.023667,0.033388,0.189282,0.064459,0.067792,0.053682,0.050133
0.099490,0.086895,0.046696,0.056477,0.073446,0.198666,0.240720,0.070944,0.064216,0.062450
0.134180,0.167501,0.049958,0.082602,0.069413,0.130039,0.064198,0.100426,0.106598,0.095084
0.036120,0.060066,0.377680,0.038547,0.167859,0.081927,0.054410,0.080522,0.064754,0.038115
0.127126,0.135027,0.050006,0.078046,0.067696,0.105144,0.138079,0.087625,0.094184,0.117068
0.080714,0.158256,0.033137,0.066297,0.124036,0.189981,0.043106,0.164232,0.083800,0.056443
0.081620,0.134796,0.249041,0.073220,0.135992,0.087875,0.047694,0.039760,0.087344,0.062658
0.132383,0.152532,0.068716,0.089222,0.055818,0.123213,0.079070,0.075449,0.104257,0.119339
0.147507,0.120021,0.034451,0.055539,0.061801,0.272216,0.065654,0.047567,0.104079,0.091165
0.070438,0.196320,0.068837,0.091825,0.062692,0.141369,0.076762,0.086254,0.111477,0.094025
0.126213,0.079330,0.097467,0.087142,0.066656,0.110464,0.083353,0.097477,0.154528,0.097369
0.024537,0.020835,0.027635,0.026724,0.016221,0.025043,0.775928,0.029816,0.030834,0.022429
0.088814,0.229567,0.030517,0.045995,0.049398,0.287054,0.068349,0.088497,0.065263,0.046547
0.065375,0.192493,0.066628,0.020501,0.143779,0.276278,0.041797,0.066790,0.079081,0.047277
0.107993,0.182921,0.052286,0.053810,0.059932,0.093113,0.052135,0.224927,0.098054,0.074829
0.169694,0.143666,0.077487,0.075477,0.066811,0.133608,0.075494,0.085181,0.076826,0.095757
0.080531,0.095466,0.328166,0.054567,0.054664,0.087060,0.072507,0.091319,0.055625,0.080094
0.115999,0.168575,0.060604,0.078627,0.075683,0.119987,0.101673,0.094311,0.071795,0.112747
0.027954,0.018806,0.014278,0.030877,0.017908,0.032855,0.757595,0.036935,0.034786,0.028005
0.105632,0.136593,0.049511,0.082107,0.164553,0.116959,0.073355,0.075339,0.105219,0.090731
0.103668,0.081970,0.293734,0.063133,0.070607,0.094351,0.077809,0.045550,0.068023,0.101154
0.120432,0.073000,0.084479,0.102056,0.065158,0.109703,0.082003,0.122393,0.116979,0.123796
0.031790,0.047945,0.548257,0.025708,0.029880,0.141301,0.040096,0.062168,0.033904,0.038952
0.020241,0.019269,0.077058,0.025281,0.016232,0.028168,0.744087,0.016740,0.027828,0.025098
0.135072,0.120670,0.061054,0.106215,0.080177,0.127028,0.068449,0.096231,0.109824,0.095279
0.056393,0.047231,0.518818,0.032012,0.036009,0.132843,0.032229,0.024564,0.070348,0.049554
0.111128,0.067285,0.307684,0.040307,0.172639,0.071825,0.054492,0.043794,0.064713,0.066134
0.035974,0.063083,0.229545,0.037919,0.144944,0.053846,0.058971,0.210633,0.087750,0.077334
0.076294,0.201924,0.036043,0.029840,0.168983,0.272344,0.045280,0.044698,0.065590,0.059005
0.059857,0.090361,0.036975,0.043288,0.069592,0.315682,0.076788,0.109894,0.113026,0.084537
0.078576,0.059491,0.359154,0.043111,0.160226,0.071824,0.049572,0.076785,0.042440,0.058821
0.058483,0.201054,0.024732,0.042130,0.140786,0.295579,0.048454,0.050049,0.086405,0.052329
0.022210,0.042530,0.526334,0.043135,0.112206,0.129678,0.024946,0.029634,0.027391,0.041935
0.048520,0.126039,0.182200,0.067831,0.122263,0.051569,0.085357,0.176358,0.078981,0.060882
0.060186,0.222567,0.044734,0.056243,0.059186,0.100731,0.240811,0.080482,0.061801,0.073259
0.108699,0.089682,0.277775,0.033901,0.132169,0.067444,0.054223,0.079056,0.088762,0.068288
0.116501,0.074259,0.280738,0.067246,0.056527,0.075278,0.068479,0.080670,0.067183,0.113119
0.020728,0.022623,0.128795,0.021863,0.018526,0.028704,0.676673,0.027827,0.030283,0.023978
0.099731,0.087203,0.048429,0.072076,0.073081,0.266954,0.058997,0.074652,0.118199,0.100679
0.036491,0.028469,0.018359,0.034506,0.020641,0.051020,0.588767,0.134590,0.050329,0.036829
0.045222,0.077593,0.257211,0.045775,0.044656,0.256264,0.051120,0.085851,0.070778,0.065530
0.045378,0.046324,0.406220,0.041733,0.163134,0.050734,0.042916,0.064207,0.082479,0.056874
0.156292,0.083637,0.048438,0.104047,0.068937,0.128285,0.067663,0.106947,0.131971,0.103784
0.123991,0.096215,0.042187,0.101010,0.157070,0.094778,0.067408,0.114587,0.110069,0.092684
0.029187,0.181159,0.188449,0.027608,0.043866,0.176369,0.181300,0.076294,0.038139,0.057628
0.054421,0.078280,0.098424,0.054789,0.044371,0.407170,0.071736,0.055038,0.060194,0.075578
0.125113,0.086983,0.046087,0.078094,0.182249,0.106671,0.090666,0.089504,0.091833,0.102799
0.074506,0.082038,0.264927,0.054839,0.143778,0.072106,0.069772,0.081971,0.090581,0.065483
0.152435,0.072757,0.055142,0.092846,0.061809,0.136033,0.088038,0.070743,0.116975,0.153221
0.106943,0.168680,0.052486,0.078739,0.057313,0.131214,0.086932,0.077354,0.095740,0.144599
0.053950,0.073891,0.277544,0.035143,0.045846,0.092972,0.065710,0.205944,0.094390,0.054611
0.073717,0.169357,0.063155,0.086713,0.067135,0.106906,0.081823,0.089776,0.091224,0.170195
0.072654,0.083845,0.297831,0.036272,0.152769,0.088977,0.062308,0.084272,0.047461,0.073610
0.145349,0.127684,0.068255,0.110550,0.067976,0.134320,0.070756,0.058587,0.114646,0.101878
0.078750,0.075517,0.266492,0.051035,0.056261,0.218698,0.060560,0.060660,0.052864,0.079163
0.049364,0.194764,0.183956,0.041222,0.039228,0.187436,0.141731,0.062880,0.054316,0.045103
0.050404,0.151028,0.329469,0.070669,0.057026,0.074688,0.055116,0.059182,0.086685,0.065733
0.099925,0.076294,0.171453,0.055352,0.128339,0.065853,0.060870,0.208304,0.073679,0.059932
0.101925,0.073421,0.082832,0.054227,0.138432,0.095595,0.073942,0.201519,0.101184,0.076924
0.129331,0.098961,0.339653,0.045396,0.051111,0.072842,0.074568,0.058242,0.056169,0.073726
0.048968,0.162013,0.023057,0.031121,0.134910,0.208196,0.050566,0.205304,0.078850,0.057014
0.051777,0.059461,0.400846,0.045650,0.126749,0.073820,0.051845,0.049225,0.080088,0.060539
0.089774,0.093241,0.253817,0.078312,0.049149,0.099008,0.075493,0.087413,0.094095,0.079698
0.106343,0.092741,0.058749,0.092545,0.168754,0.117069,0.072178,0.097396,0.104391,0.089833
0.141058,0.169062,0.050164,0.077364,0.065337,0.141192,0.084209,0.074059,0.107278,0.090276
0.133184,0.111688,0.038271,0.080608,0.042850,0.122622,0.108841,0.234475,0.055743,0.071718
0.114670,0.064849,0.099654,0.067247,0.163953,0.120060,0.076977,0.098581,0.081376,0.112632
0.071906,0.157171,0.060964,0.093045,0.151100,0.114056,0.073627,0.082327,0.092548,0.103255
0.109976,0.154068,0.244171,0.049197,0.124321,0.089775,0.042109,0.043281,0.065459,0.077644
0.151787,0.170324,0.057344,0.058601,0.066570,0.141420,0.075537,0.081678,0.076565,0.120175
0.064493,0.077894,0.143805,0.055698,0.044487,0.298841,0.057843,0.097829,0.068435,0.090674
0.067945,0.141712,0.191803,0.067565,0.053906,0.115318,0.085959,0.092878,0.111514,0.071398
0.128873,0.098708,0.029690,0.055007,0.053846,0.315865,0.057668,0.094940,0.086065,0.079339
0.118120,0.054549,0.312235,0.038258,0.129859,0.049310,0.046544,0.168181,0.033616,0.049328
0.091286,0.080041,0.076916,0.080281,0.173097,0.122226,0.119468,0.107145,0.069721,0.079818
0.114593,0.133832,0.050875,0.102324,0.072759,0.104032,0.086996,0.094891,0.114198,0.125500
0.121969,0.068734,0.034587,0.083928,0.055140,0.315891,0.066227,0.104911,0.081442,0.067171
0.090553,0.108307,0.044916,0.101081,0.162073,0.124899,0.074610,0.075329,0.112068,0.106165
0.081212,0.084709,0.030663,0.035098,0.159192,0.302842,0.049673,0.080901,0.096853,0.078856
0.083109,0.057071,0.206426,0.064868,0.116065,0.079865,0.069168,0.191795,0.085334,0.046301
0.117120,0.086145,0.291886,0.029957,0.151018,0.076891,0.050155,0.078821,0.054144,0.063863
0.069785,0.084525,0.224106,0.049992,0.047876,0.267295,0.049681,0.079302,0.060449,0.066990
0.081499,0.053264,0.071635,0.043299,0.035746,0.254462,0.050138,0.264177,0.052340,0.093439
0.090806,0.064019,0.280692,0.084548,0.051003,0.094310,0.050592,0.088567,0.099442,0.096021
0.119631,0.112053,0.156101,0.068554,0.065904,0.123734,0.065947,0.090496,0.094033,0.103548
0.067577,0.095684,0.260436,0.052275,0.145820,0.097238,0.071558,0.050397,0.073872,0.085142
0.029676,0.018733,0.117388,0.016662,0.016509,0.024632,0.711026,0.019133,0.025978,0.020264
0.092626,0.070695,0.058649,0.108347,0.061328,0.106257,0.131782,0.096707,0.146944,0.126666
0.055787,0.059481,0.029027,0.079357,0.109269,0.089902,0.278972,0.177698,0.039230,0.081277
0.100195,0.129259,0.070112,0.062951,0.148816,0.110905,0.143147,0.050064,0.101348,0.083205
0.057663,0.072938,0.269561,0.040587,0.050007,0.217186,0.103273,0.075024,0.056902,0.056858
0.125195,0.089434,0.026330,0.070954,0.149749,0.277450,0.052608,0.041946,0.094195,0.072139
0.108284,0.072540,0.062401,0.099753,0.069873,0.138024,0.095688,0.121305,0.129172,0.102960
0.028098,0.029762,0.303389,0.022653,0.019276,0.075492,0.458545,0.016373,0.022518,0.023893
0.127848,0.167840,0.154644,0.056172,0.063934,0.112107,0.071778,0.084541,0.075953,0.085183
0.059646,0.104189,0.238716,0.056727,0.055295,0.100296,0.138438,0.085560,0.087769,0.073364
0.112223,0.106820,0.073392,0.050836,0.056176,0.103061,0.240642,0.049025,0.101875,0.105948
0.103186,0.128192,0.045358,0.052720,0.047274,0.078858,0.076054,0.247952,0.108216,0.112190
0.068039,0.131618,0.091197,0.067347,0.153092,0.105079,0.087666,0.098061,0.092212,0.105688
0.089430,0.101144,0.300947,0.038971,0.147641,0.090960,0.058147,0.081367,0.045800,0.045593
0.091364,0.110065,0.081776,0.041526,0.044367,0.332185,0.062046,0.050757,0.100939,0.084976
0.082449,0.171993,0.197182,0.051401,0.133204,0.078223,0.058352,0.088775,0.087792,0.050629
0.123307,0.070746,0.036824,0.065877,0.059601,0.303964,0.060124,0.108167,0.081199,0.090191
0.117535,0.139217,0.153597,0.090177,0.060300,0.121286,0.075477,0.068278,0.090329,0.083806
0.049406,0.115265,0.443148,0.031713,0.026261,0.168267,0.028765,0.051529,0.039798,0.045849
0.088970,0.095218,0.269520,0.036794,0.145880,0.096510,0.054443,0.083022,0.082219,0.047424
0.097800,0.060397,0.100938,0.074139,0.164553,0.100774,0.078453,0.092428,0.127217,0.103302
0.135903,0.114335,0.055607,0.103478,0.042184,0.107287,0.058159,0.262086,0.047734,0.073226
0.073577,0.048778,0.321588,0.071724,0.106911,0.091067,0.052812,0.077609,0.097345,0.058589
0.055781,0.130835,0.031469,0.061895,0.052510,0.336936,0.058758,0.096471,0.094606,0.080741
0.136687,0.156214,0.037981,0.064232,0.163926,0.085092,0.066776,0.088376,0.100598,0.100117
0.088903,0.113810,0.046930,0.105801,0.169865,0.128072,0.080895,0.102762,0.092233,0.070730
0.125798,0.124500,0.075305,0.066131,0.071303,0.129850,0.124615,0.090280,0.100567,0.091651
0.120782,0.207332,0.066896,0.089545,0.053609,0.150723,0.079457,0.088567,0.056974,0.086116
0.131696,0.069653,0.100213,0.067479,0.152685,0.105667,0.084364,0.112266,0.088897,0.087080
0.065112,0.056276,0.370477,0.043090,0.123358,0.069595,0.048748,0.079159,0.086426,0.057758
0.121903,0.199270,0.080765,0.072381,0.056764,0.113153,0.078622,0.094098,0.099252,0.083791
0.101086,0.096173,0.090432,0.055757,0.150847,0.115107,0.079221,0.099387,0.101207,0.110783
0.114986,0.153322,0.042798,0.067140,0.054476,0.104413,0.066129,0.231941,0.096058,0.068735
0.142776,0.065538,0.053192,0.082086,0.060600,0.149965,0.159146,0.071880,0.109032,0.105784
0.047695,0.037158,0.138059,0.058118,0.038684,0.127810,0.327882,0.141844,0.035013,0.047737
0.073480,0.048060,0.342604,0.040728,0.152584,0.076152,0.043863,0.074158,0.087350,0.061022
0.033875,0.035903,0.019950,0.026430,0.082442,0.101492,0.625560,0.019266,0.022489,0.032594
0.065590,0.087919,0.202609,0.043636,0.048447,0.056383,0.345497,0.042084,0.053491,0.054345
0.099645,0.156595,0.245846,0.060442,0.048110,0.093175,0.059487,0.076441,0.086734,0.073526
0.145184,0.077212,0.041281,0.073212,0.154714,0.101826,0.091817,0.105020,0.117511,0.092223
0.109714,0.110271,0.041080,0.060107,0.054095,0.123290,0.066900,0.245200,0.112936,0.076405
0.036498,0.068264,0.255610,0.049745,0.049512,0.275945,0.047331,0.074586,0.080642,0.061867
0.072913,0.055350,0.278669,0.038772,0.142971,0.182411,0.035313,0.069338,0.079640,0.044624
0.041547,0.067156,0.047793,0.036220,0.057803,0.267209,0.235086,0.098831,0.101198,0.047156
0.053805,0.068716,0.093286,0.045629,0.045077,0.260752,0.213868,0.083448,0.082288,0.053131
0.049108,0.059599,0.468750,0.026994,0.039674,0.202158,0.037476,0.030876,0.057321,0.028045
0.077598,0.073372,0.187423,0.054523,0.040735,0.110721,0.063583,0.199090,0.091772,0.101183
0.132619,0.074852,0.055634,0.103155,0.063478,0.152610,0.065891,0.138081,0.126430,0.087251
0.072232,0.062791,0.402768,0.051014,0.056766,0.104273,0.056014,0.078007,0.051598,0.064537
0.096214,0.196778,0.057251,0.113549,0.060025,0.117591,0.096106,0.063174,0.076450,0.122863
0.028559,0.021746,0.143556,0.022437,0.016984,0.086831,0.586648,0.025031,0.040063,0.028146
0.080104,0.053154,0.223779,0.074393,0.100868,0.059664,0.051974,0.216764,0.077775,0.061524
0.097451,0.168994,0.058837,0.127939,0.073112,0.133343,0.088121,0.065413,0.086007,0.100782
0.117587,0.094498,0.254137,0.036295,0.133612,0.077456,0.055001,0.079004,0.083291,0.069119
0.086893,0.069171,0.251623,0.065909,0.052217,0.093561,0.071632,0.082231,0.119954,0.106808
0.025325,0.015893,0.018465,0.022318,0.011084,0.021830,0.831610,0.013623,0.020635,0.019218
0.104921,0.072812,0.050756,0.075841,0.130164,0.093248,0.067978,0.234492,0.096376,0.073413
0.081253,0.190555,0.046158,0.054078,0.180321,0.112758,0.103593,0.064451,0.100546,0.066286
0.098025,0.167926,0.039268,0.061251,0.151066,0.104960,0.077082,0.099397,0.107211,0.093815
0.200301,0.063623,0.039293,0.092331,0.138286,0.092820,0.070350,0.048370,0.112302,0.142323
0.123497,0.080722,0.060408,0.115530,0.072458,0.150279,0.089272,0.105784,0.096822,0.105229
0.120266,0.068401,0.039200,0.071410,0.153564,0.139683,0.088209,0.077809,0.125657,0.115802
0.061691,0.107527,0.043284,0.052867,0.157831,0.109852,0.237270,0.073128,0.068906,0.087644
0.128150,0.107140,0.038402,0.058619,0.038385,0.120932,0.120780,0.217279,0.093273,0.077038
0.103721,0.163664,0.041857,0.034587,0.050389,0.219730,0.050988,0.221100,0.049653,0.064312
0.118751,0.162905,0.221700,0.041507,0.038675,0.078432,0.126759,0.076344,0.074117,0.060811
0.122436,0.188185,0.053422,0.065976,0.136948,0.098868,0.067744,0.087309,0.095872,0.083239
0.107669,0.087157,0.039243,0.063485,0.071360,0.313854,0.073461,0.049174,0.126549,0.068048
0.055850,0.128291,0.083768,0.053606,0.049080,0.092098,0.062779,0.251719,0.107955,0.114853
0.051980,0.073405,0.352373,0.030316,0.140783,0.082605,0.051994,0.074499,0.084441,0.057603
0.090008,0.103094,0.221004,0.059785,0.131842,0.085109,0.062903,0.082705,0.088179,0.075372
0.045157,0.169725,0.285902,0.037262,0.145672,0.082991,0.052952,0.054985,0.083078,0.042276
0.089613,0.076806,0.078571,0.065316,0.039813,0.299040,0.049467,0.100210,0.111069,0.090095
0.024653,0.019173,0.008903,0.016263,0.042465,0.030702,0.811136,0.011845,0.014433,0.020427
0.114010,0.163754,0.226683,0.053163,0.054646,0.109008,0.066827,0.064347,0.063159,0.084403
0.120019,0.137630,0.056768,0.073420,0.070281,0.184170,0.094259,0.068351,0.080520,0.114582
0.050023,0.058308,0.309206,0.028764,0.147927,0.061569,0.049793,0.195905,0.032940,0.065565
0.056956,0.199957,0.036148,0.062361,0.162251,0.086262,0.138061,0.087631,0.094304,0.076068
0.056356,0.061214,0.314594,0.049721,0.149062,0.065582,0.064992,0.075109,0.084109,0.079261
0.023081,0.017532,0.168750,0.015226,0.044182,0.020075,0.658370,0.014957,0.015066,0.022762
0.129229,0.113797,0.069380,0.090078,0.137407,0.118805,0.076273,0.102384,0.088208,0.074438
0.067392,0.026584,0.014245,0.026735,0.018871,0.042424,0.640632,0.100997,0.035043,0.027078
0.148265,0.081743,0.067703,0.101980,0.079636,0.131040,0.069799,0.078437,0.139629,0.101768
0.076557,0.179358,0.032353,0.052482,0.141849,0.112075,0.083162,0.190733,0.049716,0.081715
0.072244,0.062180,0.317995,0.063310,0.042182,0.102985,0.054990,0.094349,0.099339,0.090426
0.057653,0.116885,0.039103,0.111592,0.043050,0.150944,0.083636,0.256930,0.060148,0.080060
0.052975,0.123636,0.032876,0.063345,0.048343,0.359510,0.064556,0.093656,0.065265,0.095838
0.092545,0.160434,0.230506,0.078167,0.049004,0.086724,0.076777,0.084814,0.056167,0.084862
0.021636,0.017455,0.010146,0.024570,0.014832,0.022559,0.807587,0.021290,0.027965,0.031959
0.024049,0.084546,0.379188,0.026647,0.099432,0.135195,0.077640,0.098542,0.027939,0.046823
0.043060,0.108704,0.434521,0.024479,0.027085,0.131132,0.031222,0.112667,0.042419,0.044711
0.105529,0.108541,0.052480,0.061641,0.128481,0.110444,0.063496,0.201109,0.090782,0.077498
0.112163,0.105218,0.041855,0.100070,0.169185,0.114997,0.073463,0.098965,0.069427,0.114657
0.103473,0.203657,0.059154,0.096301,0.052834,0.098706,0.177033,0.058061,0.062709,0.088073
0.045920,0.073628,0.229661,0.044311,0.042847,0.176241,0.047650,0.191851,0.087067,0.060823
0.157070,0.061385,0.294680,0.041060,0.052939,0.182117,0.043021,0.061465,0.049608,0.056655
0.073908,0.069597,0.209538,0.045106,0.045172,0.214890,0.191825,0.040390,0.055492,0.054083
0.049085,0.060548,0.277196,0.040683,0.159608,0.065767,0.158755,0.086909,0.061825,0.039625
0.070323,0.051040,0.465755,0.037629,0.104807,0.051944,0.042997,0.072748,0.040728,0.062029
0.064622,0.109014,0.286026,0.050833,0.052990,0.097946,0.066273,0.073737,0.083552,0.115008
0.029814,0.040916,0.461528,0.028791,0.096358,0.112759,0.031726,0.109996,0.060057,0.028055
0.049950,0.065131,0.393609,0.048018,0.054337,0.072249,0.057227,0.082816,0.097795,0.078868
0.021413,0.017065,0.022774,0.017500,0.013798,0.023674,0.831851,0.021103,0.011491,0.019331
0.095341,0.088688,0.217814,0.050488,0.041765,0.260107,0.050137,0.073536,0.058366,0.063759
0.044157,0.160206,0.240009,0.037692,0.057090,0.247992,0.056914,0.054027,0.055591,0.046323
0.121364,0.203701,0.052019,0.081365,0.069203,0.123868,0.095650,0.088538,0.067784,0.096509
0.014822,0.015536,0.060426,0.018125,0.012115,0.017648,0.817284,0.016064,0.010229,0.017752
0.165424,0.086361,0.053696,0.077682,0.058122,0.083398,0.062608,0.221526,0.111588,0.079595
0.117410,0.118346,0.047603,0.050136,0.151496,0.135911,0.105710,0.094104,0.108522,0.070763
0.081485,0.165087,0.073733,0.098264,0.050664,0.137665,0.133691,0.078905,0.074184,0.106322
0.143465,0.157250,0.067257,0.080945,0.062183,0.139788,0.087739,0.073647,0.090695,0.097033
0.129667,0.171937,0.044264,0.068291,0.137220,0.129691,0.075070,0.118070,0.055801,0.069988
0.095872,0.103666,0.225836,0.060592,0.057687,0.085941,0.095814,0.104278,0.092131,0.078184
0.099767,0.070685,0.198806,0.065313,0.049761,0.081596,0.257015,0.069489,0.048224,0.059343
0.124038,0.126545,0.063126,0.108266,0.061292,0.114045,0.085174,0.101873,0.098367,0.117274
0.017580,0.027210,0.136693,0.023131,0.018266,0.029218,0.675298,0.029810,0.019598,0.023195
0.112442,0.084939,0.051125,0.119924,0.080110,0.116428,0.096256,0.125223,0.110716,0.102837
0.067713,0.095475,0.360300,0.051868,0.045899,0.093428,0.065919,0.091505,0.076225,0.051669
0.043969,0.072592,0.241200,0.046875,0.055011,0.267192,0.057283,0.089901,0.056459,0.069517
0.057354,0.099424,0.269874,0.031838,0.132073,0.193558,0.033425,0.062753,0.078160,0.041542
0.096962,0.063107,0.106719,0.034233,0.043582,0.235698,0.055030,0.210967,0.093867,0.059835
0.082886,0.131073,0.211263,0.032216,0.123385,0.198340,0.042425,0.067488,0.064127,0.046798
0.115923,0.180617,0.072018,0.071002,0.062189,0.106422,0.119144,0.075713,0.080019,0.116953
0.107629,0.204885,0.084122,0.043852,0.151522,0.081342,0.063823,0.085150,0.102990,0.074684
0.110209,0.086913,0.052132,0.068681,0.073409,0.133183,0.112498,0.107211,0.138475,0.117289
0.117665,0.164654,0.031348,0.086558,0.052464,0.315072,0.055462,0.052448,0.064683,0.059645
0.066714,0.055562,0.038389,0.050553,0.048795,0.221591,0.071514,0.315312,0.060220,0.071349
0.077940,0.080920,0.330416,0.045799,0.131236,0.072369,0.058057,0.072467,0.071707,0.059088
0.040450,0.060248,0.501313,0.028702,0.029096,0.170428,0.031397,0.050597,0.044605,0.043164
0.103843,0.161794,0.200903,0.076297,0.056983,0.080976,0.061552,0.099921,0.088217,0.069514
0.106242,0.137735,0.045918,0.094728,0.160722,0.099758,0.066300,0.093884,0.098679,0.096033
0.136638,0.093254,0.051912,0.099885,0.072570,0.111687,0.109435,0.112603,0.106176,0.105841
0.093025,0.106855,0.114254,0.050902,0.037984,0.283007,0.053413,0.095446,0.095335,0.069779
0.085602,0.106614,0.226256,0.078551,0.138865,0.091295,0.061650,0.048676,0.095349,0.067143
0.039306,0.064948,0.289070,0.067311,0.159220,0.079899,0.063845,0.085566,0.085681,0.065156
0.019300,0.026296,0.134440,0.038314,0.019906,0.075748,0.533632,0.088711,0.040897,0.022755
0.065093,0.058083,0.104772,0.042688,0.159294,0.323132,0.052874,0.083323,0.045520,0.065220
0.156843,0.064535,0.295078,0.068567,0.058037,0.091779,0.063495,0.080308,0.047310,0.074049
0.026850,0.019998,0.321652,0.013211,0.073329,0.098348,0.383741,0.019392,0.019153,0.024327
0.072895,0.105964,0.052635,0.057752,0.151745,0.122541,0.071189,0.210099,0.054430,0.100749
0.024717,0.024002,0.011743,0.021094,0.017070,0.024221,0.744492,0.091740,0.013699,0.027222
0.059756,0.069186,0.329202,0.046401,0.147096,0.073617,0.093100,0.086430,0.059765,0.035447
0.099670,0.194140,0.064440,0.045689,0.145287,0.106322,0.101440,0.057808,0.078808,0.106396
0.083853,0.095350,0.043823,0.068889,0.060133,0.321202,0.063177,0.089275,0.099832,0.074466
0.036022,0.017975,0.027327,0.023692,0.016640,0.035031,0.752086,0.030763,0.034350,0.026113
0.069476,0.064643,0.209823,0.047131,0.052554,0.089965,0.066190,0.237878,0.100871,0.061469
0.212303,0.080018,0.075709,0.065072,0.171041,0.099322,0.080668,0.054829,0.082129,0.078910
0.058458,0.131404,0.305910,0.037392,0.035713,0.072220,0.054261,0.185911,0.046960,0.071770
0.130178,0.225786,0.083943,0.074482,0.055953,0.112983,0.079382,0.085696,0.063968,0.087629
0.107543,0.087259,0.065038,0.092992,0.070875,0.133263,0.090469,0.112048,0.138473,0.102040
0.080024,0.143343,0.054881,0.061713,0.064043,0.128825,0.077041,0.247134,0.039704,0.103291
0.059768,0.082476,0.364295,0.060427,0.053713,0.097323,0.062701,0.068142,0.093498,0.057657
0.133777,0.080159,0.068389,0.056157,0.051030,0.126543,0.078077,0.228131,0.102370,0.075366
0.021369,0.021496,0.074725,0.025146,0.015254,0.031282,0.739542,0.018239,0.029575,0.023371
0.036228,0.059063,0.063202,0.047142,0.034651,0.244164,0.351380,0.045773,0.061711,0.056686
0.076333,0.069107,0.035167,0.038055,0.050261,0.236696,0.290184,0.090160,0.068891,0.045146
0.100218,0.080060,0.081497,0.089199,0.048752,0.288684,0.067520,0.057376,0.120628,0.066067
0.131154,0.148238,0.048468,0.098935,0.057968,0.133447,0.067157,0.091278,0.090917,0.132438
0.082124,0.062238,0.359489,0.054171,0.146914,0.072966,0.055508,0.081895,0.045564,0.039131
0.119440,0.061754,0.047847,0.041106,0.054844,0.217069,0.059788,0.237282,0.101543,0.059326
0.119986,0.118704,0.042814,0.070179,0.169299,0.121843,0.087751,0.065633,0.092909,0.110883
0.096252,0.091014,0.169710,0.063101,0.114721,0.077693,0.056736,0.160372,0.087841,0.082560
0.067068,0.053992,0.271898,0.069980,0.047758,0.194299,0.097657,0.077597,0.083073,0.036678
0.024125,0.024056,0.135301,0.023135,0.021405,0.033346,0.582162,0.086307,0.047323,0.022841
0.087468,0.187395,0.184207,0.096762,0.069499,0.100368,0.082271,0.062389,0.059898,0.069743
0.070949,0.070886,0.076539,0.031396,0.153166,0.263052,0.179104,0.082686,0.040784,0.031437
0.020945,0.025316,0.292623,0.017568,0.062869,0.079407,0.417286,0.034719,0.029584,0.019682
0.069250,0.096760,0.295185,0.053774,0.047115,0.076559,0.063979,0.190726,0.038833,0.067820
0.127813,0.172310,0.042193,0.094405,0.052235,0.111643,0.067592,0.221831,0.036856,0.073122
0.060987,0.103666,0.141703,0.051091,0.059695,0.095314,0.068717,0.241873,0.107458,0.069497
0.063506,0.133950,0.234483,0.067875,0.047036,0.118570,0.072011,0.090174,0.096650,0.075745
0.130833,0.089337,0.033796,0.045701,0.050551,0.348799,0.058217,0.091156,0.063015,0.088593
0.124849,0.178731,0.059379,0.079306,0.069379,0.122877,0.076331,0.075900,0.079349,0.133900
0.097801,0.068168,0.255418,0.027643,0.036611,0.182639,0.133573,0.076693,0.064352,0.057102
0.151018,0.105354,0.069958,0.089265,0.137338,0.090504,0.073595,0.070449,0.110013,0.102505
0.133400,0.155397,0.062704,0.110464,0.064289,0.118350,0.083974,0.071428,0.102370,0.097625
0.083277,0.074843,0.093197,0.086996,0.054918,0.107793,0.054609,0.310493,0.044197,0.089677
0.032909,0.020212,0.130217,0.015151,0.049088,0.031101,0.601626,0.086577,0.014890,0.018228
0.049310,0.163290,0.244837,0.046395,0.131240,0.087620,0.069404,0.045365,0.082982,0.079557
0.070652,0.062933,0.244169,0.049536,0.038179,0.268334,0.046388,0.071723,0.084550,0.063536
0.179880,0.127851,0.067600,0.069175,0.077370,0.141208,0.086440,0.069840,0.090691,0.089944
0.034376,0.027282,0.018904,0.024508,0.015135,0.035303,0.665735,0.101133,0.051760,0.025863
0.029848,0.054984,0.242052,0.065368,0.138209,0.257177,0.044166,0.061245,0.056276,0.050676
0.101976,0.189139,0.048695,0.080753,0.056770,0.125137,0.062205,0.099871,0.087072,0.148383
0.076119,0.023541,0.107100,0.022185,0.069046,0.080900,0.488658,0.080357,0.018654,0.033440
0.021895,0.025490,0.121164,0.020709,0.075046,0.085969,0.587446,0.014700,0.021376,0.026206
0.113303,0.129393,0.041789,0.048938,0.176421,0.125276,0.093335,0.101292,0.067836,0.102418
0.063677,0.050417,0.477146,0.038085,0.033996,0.129201,0.036641,0.057965,0.073434,0.039438
0.149312,0.078078,0.068629,0.107266,0.061409,0.134050,0.064372,0.128254,0.087371,0.121260
0.087592,0.093443,0.029220,0.049860,0.157175,0.363969,0.053933,0.049175,0.051906,0.063726
0.066652,0.091869,0.260022,0.093808,0.057518,0.111723,0.079255,0.062539,0.097795,0.078820
0.169382,0.077715,0.047680,0.053828,0.059495,0.109481,0.080888,0.284250,0.041814,0.075467
0.034981,0.031013,0.427532,0.017178,0.150677,0.206770,0.023629,0.041756,0.026035,0.040426
0.104856,0.137400,0.064845,0.074213,0.064688,0.154392,0.083038,0.074625,0.108607,0.133336
0.129719,0.124328,0.054692,0.067136,0.079618,0.146281,0.112176,0.055990,0.101873,0.128187
0.144382,0.090935,0.056663,0.100924,0.075280,0.137644,0.071577,0.131614,0.072134,0.118846
0.050484,0.187312,0.253293,0.040952,0.046151,0.190006,0.040030,0.081830,0.057130,0.052810
0.078040,0.050058,0.415352,0.045799,0.120666,0.065496,0.046335,0.035531,0.061800,0.080923
0.094365,0.063030,0.044684,0.055322,0.068588,0.307613,0.066915,0.089686,0.114414,0.095382
0.081737,0.095001,0.028349,0.037711,0.167627,0.339452,0.050501,0.059112,0.065378,0.075132
0.105717,0.137008,0.051566,0.083377,0.074905,0.161265,0.088264,0.099833,0.103862,0.094205
0.070052,0.135338,0.185982,0.060128,0.069943,0.104839,0.103550,0.087556,0.099661,0.082953
0.055036,0.063935,0.291809,0.062510,0.144200,0.063476,0.064582,0.084889,0.086601,0.082962
0.053200,0.066975,0.421861,0.033011,0.044713,0.174928,0.079816,0.036463,0.058953,0.030081
0.022817,0.018604,0.014070,0.024044,0.017433,0.024855,0.788991,0.024870,0.030483,0.033834
0.083691,0.052899,0.405398,0.076968,0.036166,0.096725,0.059762,0.034492,0.085802,0.068097
0.073283,0.073216,0.077724,0.064395,0.160708,0.098017,0.074360,0.111568,0.142285,0.124443
0.048234,0.075205,0.034859,0.072833,0.053860,0.213906,0.069151,0.283244,0.087950,0.060757
0.035256,0.064937,0.287089,0.037121,0.170489,0.200269,0.043820,0.069821,0.035961,0.055236
0.045824,0.082631,0.185438,0.047077,0.042596,0.200277,0.049369,0.184279,0.081306,0.081202
0.155644,0.080310,0.047714,0.111431,0.069634,0.127020,0.140604,0.106913,0.061846,0.098884
0.123325,0.131386,0.055448,0.064887,0.149125,0.101675,0.069256,0.115783,0.102336,0.086778
0.022372,0.026313,0.343062,0.017837,0.065718,0.093525,0.366336,0.019997,0.022009,0.022831
0.151578,0.213290,0.057698,0.091366,0.059334,0.143162,0.060713,0.064956,0.078948,0.078954
0.094669,0.115663,0.233316,0.083148,0.057654,0.100693,0.071346,0.085519,0.082088,0.075904
0.066397,0.158421,0.025547,0.044703,0.140334,0.273607,0.058237,0.084431,0.073274,0.075049
0.060346,0.099280,0.329137,0.055501,0.137551,0.074611,0.048217,0.067741,0.070052,0.057563
0.046119,0.065580,0.305434,0.046664,0.138854,0.067783,0.074613,0.076176,0.089359,0.089418
0.092135,0.121591,0.187030,0.066463,0.048819,0.129973,0.079713,0.091308,0.104259,0.078711
0.096274,0.185923,0.035123,0.072615,0.147100,0.078433,0.066706,0.203462,0.044414,0.069949
0.077031,0.097339,0.260296,0.055639,0.049296,0.076803,0.056734,0.169351,0.076247,0.081265
0.122172,0.118594,0.049989,0.067856,0.158986,0.112710,0.076274,0.096280,0.105387,0.091753
0.024297,0.045482,0.202664,0.027742,0.138841,0.172057,0.259477,0.034348,0.052825,0.042266
0.083887,0.060097,0.166292,0.066088,0.043021,0.284494,0.053174,0.101294,0.066274,0.075379
0.083840,0.075663,0.048137,0.094280,0.180185,0.117960,0.081810,0.101776,0.119336,0.097013
0.131168,0.119855,0.059931,0.086046,0.075609,0.123055,0.106532,0.074476,0.105394,0.117936
0.166914,0.113285,0.058571,0.080200,0.055513,0.118180,0.082040,0.119198,0.101493,0.104606
0.093945,0.074372,0.037946,0.053042,0.146819,0.107467,0.079588,0.238385,0.102031,0.066404
0.049062,0.082322,0.273568,0.033467,0.146550,0.066102,0.087163,0.089060,0.093560,0.079145
0.080020,0.240306,0.063709,0.064698,0.066849,0.138034,0.087312,0.108095,0.071529,0.079449
0.031428,0.046804,0.206346,0.049667,0.140025,0.061784,0.100387,0.209683,0.093039,0.060837
0.015644,0.013215,0.013288,0.012226,0.025800,0.018224,0.840265,0.023052,0.022686,0.015601
0.042824,0.019806,0.016647,0.024087,0.021246,0.025594,0.754081,0.026868,0.045003,0.023844
0.081985,0.057254,0.104341,0.035626,0.165452,0.309534,0.039884,0.090847,0.054713,0.060365
0.049787,0.081886,0.241488,0.058369,0.050493,0.259782,0.047375,0.061904,0.082271,0.066645
0.067961,0.087584,0.341659,0.054227,0.054437,0.095146,0.065114,0.067819,0.092699,0.073354
0.162903,0.078353,0.051346,0.115556,0.076639,0.131807,0.064584,0.100684,0.107778,0.110349
0.180966,0.127622,0.051134,0.099559,0.075055,0.104142,0.088061,0.076359,0.073332,0.123769
