0.002634,0.004676,0.428809,0.014486,0.429184,0.016929,0.037844,0.008664,0.044708,0.012068
0.007113,0.001549,0.439489,0.031132,0.343876,0.023154,0.061058,0.025852,0.058577,0.008201
0.038457,0.024490,0.543097,0.034868,0.098586,0.071122,0.015965,0.064279,0.017864,0.091272
0.026093,0.345044,0.006779,0.054458,0.241724,0.039281,0.063396,0.117978,0.009174,0.096073
0.002881,0.163816,0.685891,0.001808,0.078402,0.004225,0.018569,0.000703,0.009502,0.034202
0.048491,0.025877,0.431119,0.019250,0.066608,0.006978,0.005745,0.011324,0.351382,0.033225
0.005821,0.005150,0.209729,0.010511,0.064016,0.008065,0.012785,0.006312,0.673868,0.003742
0.174821,0.093922,0.038280,0.047039,0.017742,0.094169,0.307804,0.104322,0.073626,0.048275
0.009819,0.002684,0.012537,0.073441,0.254241,0.035276,0.003383,0.038466,0.555207,0.014946
0.018620,0.018659,0.009446,0.122926,0.535673,0.048621,0.041674,0.061234,0.014136,0.129012
0.006006,0.001201,0.803515,0.007406,0.126755,0.004938,0.027606,0.018441,0.002119,0.002013
0.001049,0.001501,0.285177,0.025864,0.295983,0.007458,0.018948,0.039043,0.318290,0.006685
0.068934,0.007048,0.619745,0.016948,0.172770,0.004262,0.003910,0.033454,0.031075,0.041855
0.009827,0.003550,0.566818,0.027232,0.152508,0.017378,0.122018,0.015604,0.040022,0.045041
0.025948,0.013358,0.412257,0.055877,0.141302,0.048342,0.014884,0.059905,0.192025,0.036103
0.026501,0.169761,0.134624,0.026523,0.228394,0.104198,0.084779,0.086638,0.110342,0.028239
0.001421,0.083091,0.836213,0.003272,0.040574,0.001090,0.000974,0.021357,0.010982,0.001026
0.049979,0.036358,0.007511,0.083915,0.374887,0.006735,0.013295,0.207002,0.047316,0.173004
0.064690,0.097014,0.114001,0.059187,0.023893,0.080997,0.280942,0.169631,0.059167,0.050477
0.008259,0.008665,0.008957,0.127335,0.421980,0.075182,0.070069,0.021571,0.128977,0.129005
0.002261,0.000674,0.857654,0.029276,0.060353,0.001247,0.008448,0.005919,0.025754,0.008414
0.011748,0.005521,0.376569,0.023622,0.332447,0.018236,0.087268,0.092164,0.003987,0.048438
0.001214,0.001726,0.820278,0.019010,0.113235,0.003471,0.017618,0.014351,0.006932,0.002165
0.033385,0.003740,0.009673,0.059179,0.622275,0.048011,0.081663,0.076311,0.047432,0.018332
0.029787,0.282066,0.043443,0.011364,0.351307,0.046770,0.029450,0.123919,0.062276,0.019618
0.022190,0.236224,0.002660,0.056540,0.489856,0.022945,0.041970,0.014773,0.102111,0.010730
0.077722,0.018925,0.016400,0.034346,0.526415,0.007643,0.006179,0.111947,0.169283,0.031140
0.048171,0.004550,0.692119,0.024287,0.140342,0.002379,0.027235,0.021571,0.005838,0.033507
0.028345,0.006056,0.059922,0.008661,0.693651,0.026863,0.049113,0.064205,0.051345,0.011839
0.007741,0.012497,0.042350,0.043596,0.599022,0.019557,0.065846,0.068494,0.053893,0.087003
0.038406,0.009093,0.012935,0.086445,0.395827,0.081043,0.181927,0.042732,0.055686,0.095907
0.068172,0.020586,0.011506,0.083821,0.524912,0.064704,0.003940,0.056141,0.057344,0.108875
0.016491,0.000914,0.475246,0.048449,0.279414,0.014796,0.050309,0.037745,0.066911,0.009727
0.005800,0.000847,0.614105,0.020391,0.211921,0.013616,0.045255,0.051440,0.029417,0.007208
0.030829,0.079359,0.661858,0.001130,0.118910,0.013345,0.016024,0.005331,0.024885,0.048329
0.014932,0.244003,0.372991,0.060706,0.162048,0.013558,0.102535,0.012591,0.008862,0.007774
0.087224,0.176367,0.185609,0.040258,0.097730,0.047302,0.105883,0.117802,0.093921,0.047904
0.006637,0.003423,0.533623,0.021809,0.313557,0.009830,0.009646,0.081529,0.014978,0.004969
0.010055,0.002760,0.808357,0.007989,0.056824,0.000669,0.017320,0.036463,0.047551,0.012012
0.035937,0.008357,0.537573,0.044773,0.290309,0.012523,0.033126,0.018473,0.004852,0.014077
0.003627,0.004049,0.553405,0.027868,0.244012,0.017006,0.057336,0.010519,0.079686,0.002492
0.109427,0.108169,0.159498,0.047946,0.025665,0.069991,0.152122,0.155246,0.079085,0.092850
0.008893,0.000734,0.797989,0.028208,0.066666,0.000448,0.022760,0.021299,0.038966,0.014036
0.096105,0.088965,0.174682,0.032892,0.017479,0.079582,0.272241,0.093569,0.064214,0.080272
0.010626,0.015784,0.042980,0.154753,0.436640,0.033229,0.084009,0.034404,0.073337,0.114237
0.112334,0.240705,0.043308,0.045452,0.264361,0.024166,0.101377,0.066220,0.052825,0.049252
0.042063,0.007266,0.010119,0.071521,0.593090,0.070283,0.029347,0.080812,0.044434,0.051065
0.002800,0.005997,0.576602,0.030609,0.297721,0.015636,0.012928,0.009807,0.020573,0.027326
0.006765,0.011161,0.532736,0.054082,0.295294,0.015013,0.050440,0.020004,0.006275,0.008229
0.069375,0.248362,0.004037,0.060851,0.315946,0.028684,0.211140,0.045354,0.005776,0.010476
0.007246,0.014476,0.091741,0.013366,0.616287,0.043630,0.037307,0.081724,0.017300,0.076923
0.064367,0.012522,0.015571,0.024299,0.428073,0.101680,0.010392,0.116092,0.198703,0.028301
0.012440,0.017126,0.532128,0.056450,0.276576,0.020422,0.001305,0.027976,0.011897,0.043679
0.002131,0.200257,0.669250,0.007670,0.052466,0.002445,0.020087,0.033585,0.006267,0.005843
0.036420,0.202810,0.009786,0.075232,0.513705,0.042490,0.056043,0.033857,0.017198,0.012459
0.031957,0.059744,0.165389,0.029122,0.310876,0.079182,0.018028,0.051541,0.224541,0.029620
0.057498,0.106671,0.003883,0.023165,0.166304,0.023451,0.022315,0.087284,0.504530,0.004898
0.065547,0.008774,0.012958,0.077045,0.548018,0.010496,0.055905,0.050590,0.137963,0.032704
0.018251,0.262777,0.012315,0.019713,0.342105,0.042549,0.086218,0.015996,0.155950,0.044126
0.005384,0.218857,0.007561,0.036427,0.474827,0.040562,0.066581,0.090572,0.055162,0.004066
0.025053,0.004595,0.624999,0.004960,0.174280,0.027860,0.024937,0.014498,0.007634,0.091184
0.001248,0.000458,0.624117,0.011229,0.286536,0.014228,0.022630,0.013821,0.017609,0.008123
0.005398,0.179192,0.384043,0.034175,0.294553,0.011525,0.032451,0.002218,0.029878,0.026568
0.002196,0.002551,0.795226,0.029903,0.117200,0.005246,0.001236,0.015264,0.028715,0.002463
0.015736,0.007827,0.525035,0.031743,0.235014,0.013303,0.024691,0.022196,0.024035,0.100421
0.020338,0.004175,0.006767,0.048255,0.187176,0.081271,0.002924,0.032903,0.584078,0.032111
0.036881,0.023241,0.029377,0.036237,0.514424,0.016111,0.042556,0.049622,0.210839,0.040711
0.007787,0.025668,0.199429,0.002581,0.077698,0.008014,0.018824,0.001896,0.643377,0.014725
0.004197,0.031143,0.185141,0.018483,0.127667,0.003669,0.014223,0.007629,0.589151,0.018698
0.048223,0.018685,0.581330,0.026480,0.079123,0.009589,0.007827,0.033042,0.180422,0.015277
0.043075,0.011190,0.008455,0.015397,0.483521,0.005233,0.027161,0.191821,0.173022,0.041125
0.004260,0.001226,0.676704,0.006700,0.219895,0.000972,0.038064,0.006534,0.039813,0.005833
0.105909,0.090116,0.029391,0.034034,0.012280,0.083396,0.431338,0.065478,0.034213,0.113846
0.000600,0.001332,0.583726,0.009272,0.089747,0.002958,0.023481,0.015203,0.273015,0.000665
0.001300,0.000212,0.283471,0.027659,0.150277,0.012072,0.023047,0.023090,0.466365,0.012506
0.001878,0.003010,0.844476,0.006513,0.048235,0.003693,0.022744,0.056171,0.011778,0.001500
0.004834,0.001659,0.002279,0.051854,0.263226,0.022814,0.042189,0.039113,0.500980,0.071052
0.013194,0.136133,0.573824,0.004542,0.087170,0.001133,0.066032,0.038246,0.076700,0.003025
0.127382,0.008233,0.012209,0.063989,0.317308,0.009076,0.032307,0.173983,0.120853,0.134660
0.039845,0.031863,0.084077,0.078380,0.458583,0.031246,0.003472,0.049181,0.103739,0.119615
0.014323,0.013525,0.748278,0.015026,0.101972,0.001376,0.030509,0.026183,0.041179,0.007628
0.026271,0.001438,0.787370,0.023209,0.063851,0.001040,0.009019,0.055840,0.027621,0.004341
0.011934,0.012035,0.378030,0.009498,0.098759,0.006595,0.006835,0.021012,0.407253,0.048048
0.064358,0.105730,0.085231,0.089733,0.215833,0.104329,0.119970,0.041560,0.076146,0.097111
0.004788,0.003017,0.681709,0.030336,0.118505,0.014992,0.045215,0.037623,0.040833,0.022981
0.008627,0.001195,0.678373,0.004523,0.151236,0.001844,0.064755,0.017551,0.013598,0.058296
0.001706,0.003945,0.870068,0.000911,0.067180,0.000620,0.014694,0.014638,0.023962,0.002275
0.020031,0.000426,0.821472,0.002424,0.115980,0.000310,0.017778,0.008314,0.010968,0.002298
0.009238,0.007241,0.366135,0.023159,0.222333,0.026299,0.001427,0.061379,0.236755,0.046035
0.066114,0.014594,0.016576,0.055004,0.263591,0.008114,0.012580,0.222380,0.145463,0.195585
0.004357,0.001551,0.380283,0.011838,0.136473,0.020925,0.001626,0.020085,0.393910,0.028953
0.006756,0.001311,0.533707,0.052843,0.255954,0.018686,0.041657,0.023519,0.049697,0.015871
0.017368,0.002360,0.169637,0.019096,0.335304,0.040799,0.002372,0.087502,0.131825,0.193737
0.002321,0.000195,0.688176,0.008885,0.239566,0.008164,0.019259,0.006849,0.012782,0.013803
0.063575,0.110796,0.080142,0.119177,0.028801,0.114177,0.214535,0.117084,0.075008,0.076705
0.005210,0.000180,0.822896,0.005837,0.107649,0.007851,0.018250,0.003764,0.010491,0.017873
0.032241,0.007108,0.006440,0.036433,0.517480,0.072675,0.041745,0.053006,0.091791,0.141079
0.000877,0.071357,0.764469,0.009227,0.105938,0.004234,0.027957,0.002586,0.010757,0.002598
0.010921,0.010179,0.007344,0.036152,0.520137,0.005347,0.064517,0.023743,0.240340,0.081321
0.022224,0.002050,0.523612,0.007399,0.161434,0.024692,0.001924,0.132641,0.030675,0.093349
0.014393,0.004006,0.516666,0.048988,0.300246,0.015970,0.030159,0.039714,0.023573,0.006285
0.018175,0.016185,0.554388,0.039817,0.297257,0.004615,0.004797,0.021927,0.013321,0.029517
0.003597,0.000191,0.901142,0.018507,0.039153,0.004030,0.018702,0.004332,0.001022,0.009323
0.017582,0.049212,0.288154,0.009014,0.437865,0.017998,0.028476,0.086405,0.034768,0.030526
0.011143,0.002311,0.299175,0.025853,0.151591,0.024850,0.002476,0.056960,0.360584,0.065057
0.015276,0.010125,0.665154,0.011337,0.185309,0.012678,0.025834,0.023647,0.005711,0.044930
0.036191,0.004638,0.019117,0.100049,0.555590,0.086882,0.004154,0.040671,0.022719,0.129989
0.045361,0.013954,0.098417,0.202522,0.302664,0.046838,0.002499,0.056182,0.068352,0.163211
0.021823,0.359602,0.009353,0.046833,0.364530,0.047547,0.061703,0.060188,0.012423,0.015998
0.086267,0.022083,0.016705,0.070663,0.558883,0.010353,0.022429,0.115531,0.072257,0.024829
0.006664,0.003250,0.559667,0.014646,0.335451,0.009713,0.000356,0.011678,0.053209,0.005367
0.000868,0.000115,0.622756,0.004123,0.036869,0.002775,0.004064,0.008777,0.304007,0.015647
0.017080,0.001663,0.518754,0.035970,0.265661,0.016296,0.084266,0.028888,0.020983,0.010438
0.038364,0.110324,0.501556,0.012023,0.177045,0.010374,0.043336,0.006595,0.031837,0.068545
0.004250,0.001581,0.728454,0.029837,0.170169,0.000554,0.003372,0.050969,0.004706,0.006109
0.008759,0.005382,0.568380,0.033851,0.267996,0.013032,0.001374,0.021296,0.031275,0.048655
0.064479,0.010219,0.013482,0.018950,0.719216,0.010468,0.023182,0.079492,0.046539,0.013972
0.009678,0.001227,0.640068,0.031100,0.162684,0.019223,0.059705,0.014072,0.038029,0.024215
0.062763,0.053449,0.284163,0.051352,0.205456,0.088918,0.051824,0.046465,0.103293,0.052318
0.018185,0.002150,0.573657,0.054708,0.185716,0.027183,0.002163,0.059501,0.040824,0.035913
0.017347,0.012308,0.314453,0.013880,0.028898,0.024608,0.009087,0.111385,0.451073,0.016962
0.054639,0.019636,0.452857,0.044656,0.294905,0.009994,0.008010,0.032089,0.026875,0.056339
0.004517,0.000571,0.404478,0.051523,0.421917,0.023316,0.030574,0.023417,0.019596,0.020092
0.016779,0.005043,0.017253,0.025127,0.427339,0.130003,0.050143,0.108975,0.185919,0.033420
0.012791,0.001640,0.507441,0.026234,0.291831,0.027295,0.001130,0.044663,0.063190,0.023785
0.013287,0.011257,0.728163,0.032328,0.119262,0.001891,0.025056,0.014561,0.021642,0.032552
0.105583,0.003525,0.008050,0.088191,0.305182,0.053882,0.095516,0.221136,0.103057,0.015877
0.008416,0.000972,0.633245,0.044614,0.129414,0.017809,0.035343,0.094092,0.026464,0.009632
0.012167,0.001356,0.672553,0.028352,0.098244,0.000814,0.059528,0.077597,0.013051,0.036338
0.003022,0.002027,0.814125,0.013477,0.115467,0.003885,0.015918,0.019255,0.010162,0.002661
0.001104,0.091324,0.599475,0.004562,0.245854,0.003520,0.015979,0.017850,0.010253,0.010078
0.144427,0.094292,0.041904,0.053362,0.037374,0.072562,0.384605,0.069880,0.052771,0.048824
0.014721,0.002113,0.523752,0.019642,0.297561,0.001179,0.006973,0.031095,0.085283,0.017681
0.004211,0.000735,0.802083,0.002577,0.058099,0.001704,0.042277,0.027612,0.013483,0.047220
0.004982,0.007469,0.469277,0.059221,0.239890,0.010926,0.097214,0.017870,0.057429,0.035721
0.002475,0.001409,0.641141,0.023109,0.245889,0.007668,0.022010,0.020232,0.001923,0.034143
0.022193,0.014063,0.013958,0.111745,0.524173,0.106853,0.034693,0.079777,0.017995,0.074550
0.024629,0.000683,0.364307,0.021133,0.199953,0.011652,0.036934,0.005091,0.330775,0.004843
0.115674,0.102919,0.079054,0.060189,0.043039,0.110955,0.206008,0.120752,0.094546,0.066864
0.006768,0.000826,0.582766,0.034111,0.136898,0.018774,0.056419,0.127838,0.026793,0.008809
0.100855,0.266508,0.006440,0.026375,0.321557,0.055129,0.038169,0.165076,0.010533,0.009360
0.001615,0.128842,0.638196,0.016220,0.141114,0.005276,0.037252,0.004083,0.026096,0.001306
0.071895,0.183414,0.265342,0.075934,0.043426,0.034802,0.063950,0.153540,0.070414,0.037283
0.059679,0.093284,0.238134,0.033465,0.025468,0.089744,0.279217,0.057615,0.064816,0.058577
0.004556,0.003932,0.532161,0.043699,0.303901,0.015084,0.033829,0.026563,0.016337,0.019939
0.143749,0.156513,0.182432,0.070063,0.047882,0.055531,0.059162,0.160310,0.061406,0.062951
0.025264,0.005533,0.007384,0.044757,0.252965,0.035171,0.045513,0.012211,0.561453,0.009748
0.017638,0.199809,0.012749,0.017484,0.351934,0.063359,0.011047,0.029032,0.141523,0.155426
0.039083,0.001697,0.596564,0.009543,0.073012,0.001024,0.025801,0.068748,0.181869,0.002659
0.014135,0.005194,0.773674,0.010264,0.130592,0.001417,0.003685,0.023931,0.013383,0.023726
0.142098,0.010631,0.015086,0.044900,0.456449,0.089035,0.082667,0.137736,0.012634,0.008764
0.005120,0.002641,0.582429,0.052597,0.129172,0.003110,0.027380,0.095597,0.024563,0.077391
0.027598,0.069602,0.204084,0.047132,0.395001,0.021926,0.020208,0.108842,0.026674,0.078933
0.027625,0.046010,0.015994,0.130782,0.415628,0.071065,0.005558,0.071246,0.143682,0.072410
0.016797,0.006492,0.423443,0.043161,0.148667,0.042367,0.006967,0.030791,0.236612,0.044705
0.045960,0.014746,0.015981,0.010500,0.456305,0.051575,0.087691,0.099130,0.079184,0.138928
0.026641,0.204803,0.005986,0.016060,0.500049,0.039134,0.158463,0.011818,0.009758,0.027289
0.069231,0.127231,0.185082,0.036473,0.030431,0.098024,0.212569,0.073607,0.084630,0.082721
0.009143,0.063023,0.778511,0.004262,0.080033,0.001897,0.024492,0.005789,0.018095,0.014756
0.119426,0.121567,0.123793,0.101351,0.078897,0.086961,0.098174,0.048766,0.083574,0.137490
0.014967,0.011118,0.009570,0.019143,0.294436,0.005921,0.047040,0.052315,0.498204,0.047287
0.025412,0.263270,0.007904,0.054112,0.332207,0.038622,0.046451,0.056527,0.094656,0.080839
0.010097,0.197145,0.501135,0.000971,0.140186,0.018817,0.043908,0.040575,0.041813,0.005353
0.005539,0.000694,0.642524,0.039096,0.220367,0.014834,0.040264,0.012760,0.018917,0.005004
0.085456,0.083293,0.058025,0.060259,0.204119,0.035396,0.054347,0.159766,0.084484,0.174855
0.006269,0.000416,0.559925,0.023579,0.090492,0.000372,0.007490,0.001390,0.309018,0.001050
0.003109,0.172118,0.514163,0.033894,0.119360,0.010043,0.113238,0.003623,0.004097,0.026355
0.011167,0.013237,0.011602,0.097193,0.544681,0.089932,0.003744,0.090933,0.127809,0.009700
0.006308,0.170143,0.316819,0.013475,0.317388,0.006922,0.059658,0.082423,0.021527,0.005338
0.040646,0.000856,0.607212,0.019265,0.116090,0.014847,0.017227,0.089961,0.074080,0.019815
0.074205,0.011212,0.019929,0.028088,0.588995,0.079616,0.013351,0.073897,0.087133,0.023573
0.006401,0.002425,0.469180,0.028582,0.376751,0.015048,0.086409,0.007168,0.004052,0.003984
0.019925,0.013153,0.013642,0.028515,0.522291,0.093656,0.007328,0.130374,0.013383,0.157732
0.002584,0.002399,0.527821,0.023687,0.322996,0.009356,0.025920,0.061473,0.018944,0.004820
0.021002,0.139749,0.009577,0.058271,0.243783,0.005166,0.007991,0.014766,0.457249,0.042446
0.025424,0.030148,0.022175,0.088286,0.186846,0.012405,0.010556,0.105334,0.365536,0.153290
0.024571,0.030143,0.012118,0.057498,0.499179,0.068741,0.008781,0.157845,0.059845,0.081279
0.034352,0.002516,0.067857,0.027226,0.471267,0.041777,0.178579,0.037528,0.129235,0.009661
0.003162,0.000958,0.761789,0.029390,0.150623,0.007187,0.017536,0.011486,0.015107,0.002761
0.151658,0.025846,0.038454,0.138224,0.122438,0.123750,0.041734,0.135861,0.054075,0.167960
0.010164,0.003630,0.563947,0.008952,0.153974,0.005705,0.095772,0.026425,0.028095,0.103335
0.022508,0.160732,0.005776,0.052289,0.380563,0.033473,0.104869,0.139026,0.087286,0.013477
0.038269,0.012236,0.007057,0.074195,0.577816,0.120361,0.009745,0.069048,0.053855,0.037418
0.007461,0.001044,0.664125,0.029190,0.142719,0.030241,0.035105,0.055128,0.028051,0.006936
0.005489,0.000711,0.590014,0.016785,0.195517,0.014170,0.015946,0.080488,0.050736,0.030144
0.013208,0.009360,0.693718,0.049273,0.176729,0.019666,0.000786,0.016143,0.009668,0.011450
0.022243,0.165960,0.706977,0.009428,0.059571,0.006883,0.009573,0.018375,0.000447,0.000543
0.009788,0.000632,0.617685,0.027236,0.117773,0.011354,0.044678,0.093398,0.070382,0.007075
0.027076,0.025759,0.011158,0.100134,0.292658,0.074336,0.001765,0.197849,0.150356,0.118908
0.007327,0.006705,0.463273,0.031988,0.373607,0.012006,0.044213,0.037544,0.005650,0.017688
0.006316,0.048764,0.503105,0.009909,0.125093,0.001326,0.055700,0.039697,0.207586,0.002504
0.048497,0.003910,0.155191,0.165000,0.225406,0.084356,0.006978,0.165967,0.100443,0.044251
0.008890,0.002451,0.466494,0.020184,0.392732,0.000967,0.055152,0.018122,0.033079,0.001930
0.020720,0.194690,0.011003,0.114798,0.367773,0.053617,0.148790,0.037828,0.017467,0.033314
0.003052,0.056337,0.669995,0.000327,0.047650,0.007245,0.000674,0.020168,0.193777,0.000776
0.022207,0.003149,0.401389,0.025515,0.438469,0.009532,0.030789,0.026200,0.041216,0.001534
0.008747,0.122329,0.450794,0.001726,0.318360,0.001360,0.030060,0.020951,0.002773,0.042900
0.010319,0.003132,0.580905,0.042550,0.128303,0.011440,0.028314,0.113489,0.019675,0.061873
0.044144,0.003948,0.693027,0.005442,0.119134,0.001285,0.027052,0.032367,0.020951,0.052650
0.116213,0.211838,0.017681,0.025205,0.379577,0.061151,0.008342,0.039374,0.129978,0.010641
0.014382,0.005353,0.003447,0.003639,0.175710,0.027842,0.030293,0.036913,0.665166,0.037254
0.009840,0.007868,0.005748,0.060669,0.534995,0.004527,0.107135,0.029568,0.169669,0.069982
0.001909,0.000624,0.636998,0.003243,0.038559,0.000600,0.019473,0.004645,0.268086,0.025862
0.005427,0.227277,0.012502,0.064336,0.459870,0.037485,0.068567,0.079248,0.040683,0.004603
0.021245,0.013206,0.081559,0.133145,0.424862,0.037796,0.001871,0.116339,0.113182,0.056796
0.032471,0.009475,0.178161,0.019706,0.469912,0.039391,0.064369,0.022563,0.157587,0.006364
0.049869,0.084193,0.163860,0.026071,0.012653,0.071692,0.265409,0.185581,0.056406,0.084267
0.001510,0.315887,0.478899,0.030017,0.115984,0.009265,0.001962,0.028013,0.016355,0.002107
0.024225,0.009037,0.219801,0.037509,0.110596,0.020096,0.005578,0.019474,0.501538,0.052147
0.002860,0.000806,0.759369,0.008419,0.076992,0.019394,0.000970,0.060271,0.033481,0.037437
0.022607,0.029915,0.033511,0.031731,0.494111,0.024655,0.023551,0.076700,0.210646,0.052574
0.020247,0.002368,0.609071,0.049626,0.158038,0.004264,0.091349,0.009229,0.030405,0.025402
0.002344,0.344600,0.430038,0.006609,0.084332,0.013515,0.054736,0.037349,0.001039,0.025439
0.099123,0.145102,0.272697,0.044862,0.025342,0.035439,0.100824,0.104295,0.119880,0.052437
0.009227,0.011610,0.032598,0.019834,0.605256,0.020530,0.030297,0.074151,0.103072,0.093425
0.038366,0.009732,0.012403,0.148325,0.488216,0.145938,0.012627,0.067327,0.057902,0.019164
0.009210,0.009678,0.485083,0.039731,0.301075,0.019953,0.001380,0.097342,0.025845,0.010704
0.011547,0.001804,0.438887,0.095222,0.223741,0.028720,0.101839,0.024496,0.051518,0.022226
0.000552,0.001561,0.866064,0.016866,0.050403,0.003411,0.004344,0.015378,0.019488,0.021932
0.036529,0.004553,0.014064,0.042022,0.498530,0.136800,0.062804,0.149729,0.020030,0.034939
0.029762,0.000632,0.783383,0.015341,0.128011,0.000668,0.001633,0.002955,0.026049,0.011567
0.010922,0.029987,0.123300,0.048348,0.401811,0.026471,0.212181,0.052006,0.084296,0.010677
0.010485,0.146277,0.524893,0.028605,0.234380,0.001491,0.024017,0.024404,0.003097,0.002351
0.010911,0.001253,0.046565,0.062351,0.434959,0.027629,0.084561,0.178532,0.061030,0.092209
0.034350,0.013833,0.198983,0.064551,0.061171,0.016528,0.026325,0.084342,0.421040,0.078878
0.091526,0.010984,0.006716,0.012044,0.604259,0.059515,0.092338,0.051139,0.049057,0.022422
0.002106,0.170373,0.713684,0.000558,0.066974,0.006687,0.008505,0.019162,0.011094,0.000856
0.012477,0.007145,0.651236,0.038853,0.179793,0.013653,0.059793,0.019086,0.009961,0.008004
0.006626,0.286259,0.017782,0.052051,0.375693,0.018538,0.094099,0.086871,0.031714,0.030368
0.014163,0.001745,0.704094,0.055546,0.079019,0.001264,0.029288,0.031981,0.055234,0.027666
0.010278,0.001082,0.572055,0.059450,0.162851,0.023842,0.038740,0.046840,0.061344,0.023519
0.014125,0.004182,0.540828,0.030459,0.182027,0.026538,0.058239,0.054208,0.081843,0.007550
0.000748,0.000266,0.803301,0.017107,0.121055,0.009837,0.000898,0.014784,0.012327,0.019677
0.002721,0.000284,0.529433,0.020967,0.080124,0.005185,0.019748,0.017174,0.321221,0.003144
0.004869,0.078655,0.759892,0.010938,0.075314,0.004315,0.008957,0.026424,0.027803,0.002835
0.017693,0.194908,0.007922,0.071260,0.419337,0.045473,0.138452,0.035957,0.052283,0.016715
0.002480,0.002678,0.705473,0.019745,0.163641,0.003817,0.027012,0.023537,0.034842,0.016776
0.002130,0.001671,0.867320,0.003666,0.068720,0.009251,0.008455,0.022300,0.010123,0.006364
0.012721,0.007324,0.373981,0.023533,0.464676,0.018843,0.050391,0.019033,0.022551,0.006946
0.001611,0.324877,0.258601,0.009303,0.273869,0.006750,0.001525,0.072154,0.000994,0.050317
0.059304,0.040342,0.030809,0.070493,0.201885,0.024388,0.029062,0.057052,0.409717,0.076947
0.005307,0.320644,0.007682,0.007872,0.297532,0.067529,0.039289,0.078457,0.099424,0.076265
0.109209,0.129351,0.124833,0.041276,0.200791,0.036044,0.126097,0.073645,0.091854,0.066901
0.105125,0.025109,0.027272,0.065196,0.249292,0.075173,0.018898,0.059147,0.285694,0.089093
0.025617,0.023888,0.006314,0.139293,0.391955,0.064341,0.047341,0.092664,0.106238,0.102349
0.009267,0.138769,0.495394,0.026996,0.215899,0.007672,0.015294,0.030547,0.054307,0.005855
0.004373,0.007576,0.546311,0.054293,0.270668,0.015329,0.043851,0.013384,0.017272,0.026942
0.020354,0.017286,0.012767,0.214353,0.279476,0.009321,0.091130,0.099287,0.153638,0.102389
0.041008,0.182101,0.015228,0.091750,0.306511,0.004809,0.059328,0.118236,0.132160,0.048870
0.018412,0.008172,0.728211,0.019163,0.091009,0.008744,0.009894,0.046333,0.035417,0.034646
0.007506,0.007112,0.633430,0.042168,0.146795,0.004591,0.002789,0.038759,0.044885,0.071965
0.029239,0.015914,0.465275,0.015732,0.099046,0.078610,0.068588,0.034499,0.170810,0.022287
0.031719,0.033207,0.012616,0.086916,0.367414,0.045508,0.112146,0.068080,0.183301,0.059092
0.003541,0.225578,0.289678,0.000783,0.287899,0.008951,0.056944,0.006232,0.043812,0.076582
0.014674,0.192832,0.011394,0.049177,0.129972,0.046475,0.128731,0.017328,0.326803,0.082612
0.031577,0.004406,0.449004,0.065204,0.176317,0.045021,0.004977,0.095964,0.090942,0.036589
0.135365,0.078425,0.130700,0.059452,0.021380,0.070677,0.206718,0.156634,0.068587,0.072061
0.094881,0.183522,0.026181,0.072877,0.356444,0.028224,0.146522,0.022084,0.062724,0.006539
0.004895,0.001002,0.526597,0.052000,0.269301,0.018378,0.046779,0.068013,0.004978,0.008057
0.038987,0.003185,0.015399,0.016620,0.582097,0.056932,0.105409,0.104565,0.056692,0.020112
0.010756,0.386369,0.028606,0.006136,0.225015,0.049430,0.053345,0.135061,0.066766,0.038517
0.080304,0.107684,0.050146,0.058837,0.026502,0.120578,0.303001,0.071865,0.088456,0.092627
0.042260,0.001113,0.611192,0.032933,0.166702,0.013964,0.033833,0.022305,0.045693,0.030004
0.028938,0.002830,0.653105,0.008517,0.169779,0.032815,0.005013,0.026178,0.051339,0.021487
0.062093,0.001259,0.527500,0.062141,0.195151,0.025921,0.021168,0.060558,0.037434,0.006775
0.002389,0.264760,0.371178,0.005701,0.167631,0.012105,0.025687,0.101551,0.043108,0.005889
0.036593,0.187515,0.427575,0.037046,0.170655,0.007580,0.086269,0.042329,0.002435,0.002003
0.003039,0.287234,0.453301,0.024487,0.165260,0.008672,0.016087,0.002103,0.038415,0.001403
0.015149,0.002916,0.401759,0.023529,0.098771,0.026900,0.002860,0.076410,0.302964,0.048742
0.014319,0.010697,0.549264,0.022838,0.207733,0.013982,0.001283,0.016118,0.063447,0.100318
0.025662,0.001288,0.491965,0.023845,0.076747,0.001119,0.005746,0.014901,0.349346,0.009382
0.077344,0.015290,0.019078,0.094105,0.162944,0.140659,0.019497,0.140713,0.190102,0.140269
0.003566,0.005660,0.548461,0.010757,0.242253,0.010293,0.027559,0.045970,0.054394,0.051087
0.035693,0.065572,0.522139,0.017699,0.184335,0.001373,0.013451,0.080772,0.015320,0.063646
0.005607,0.000654,0.699385,0.060231,0.143369,0.009220,0.036277,0.014944,0.018378,0.011934
0.043377,0.012019,0.011875,0.012402,0.584200,0.089038,0.048485,0.066503,0.110356,0.021745
0.007537,0.018286,0.089794,0.030812,0.352266,0.031301,0.222473,0.084899,0.139663,0.022969
0.027178,0.004634,0.010163,0.024512,0.322427,0.091154,0.178017,0.203136,0.119151,0.019628
0.001813,0.026815,0.837009,0.009820,0.044413,0.000681,0.022243,0.002730,0.020019,0.034457
0.043094,0.113553,0.037936,0.044895,0.127013,0.112343,0.387746,0.048005,0.038117,0.047296
0.015758,0.021216,0.004401,0.092341,0.535559,0.044104,0.212826,0.035950,0.020379,0.017467
0.012727,0.001698,0.277599,0.015777,0.181369,0.004783,0.004419,0.043605,0.429720,0.028304
0.059071,0.025267,0.019085,0.020765,0.458412,0.073414,0.085480,0.100155,0.028877,0.129472
0.018347,0.002835,0.512409,0.085091,0.165154,0.027474,0.002710,0.047831,0.081718,0.056429
0.033095,0.245996,0.009952,0.050496,0.343286,0.042544,0.031508,0.062670,0.046922,0.133531
0.026424,0.068053,0.279083,0.041936,0.184389,0.058049,0.101605,0.098442,0.091152,0.050868
0.002078,0.001442,0.795756,0.022696,0.067270,0.006034,0.047322,0.024937,0.030361,0.002106
0.088689,0.111269,0.096687,0.163453,0.071275,0.085270,0.125053,0.047854,0.098037,0.112414
0.002803,0.177956,0.430629,0.006684,0.189429,0.007062,0.047907,0.093545,0.017156,0.026829
0.012864,0.013804,0.562480,0.100452,0.171289,0.018329,0.001597,0.029471,0.009031,0.080686
0.011109,0.519398,0.004437,0.019802,0.152527,0.044840,0.041133,0.056074,0.029994,0.120687
0.009750,0.001450,0.618005,0.038564,0.180020,0.011036,0.086730,0.015706,0.007164,0.031575
0.005131,0.003812,0.535570,0.056989,0.346486,0.000792,0.020836,0.013916,0.006366,0.010102
0.008768,0.009284,0.001946,0.035784,0.188720,0.018685,0.003305,0.033617,0.647255,0.052636
0.117968,0.056690,0.018573,0.097533,0.013785,0.050083,0.407710,0.129910,0.032491,0.075256
0.021995,0.008140,0.139979,0.059454,0.220355,0.034567,0.006384,0.032195,0.420719,0.056213
0.040294,0.082162,0.192767,0.025807,0.131671,0.045306,0.110530,0.065758,0.126565,0.179140
0.047800,0.000925,0.559878,0.021947,0.172731,0.016202,0.052094,0.025697,0.067808,0.034917
0.006109,0.003905,0.650693,0.055889,0.146318,0.016807,0.034327,0.062173,0.003584,0.020195
0.034364,0.010105,0.373805,0.050084,0.080785,0.023062,0.003769,0.081138,0.301991,0.040897
0.024869,0.016686,0.011451,0.109891,0.572887,0.011314,0.081207,0.064110,0.043962,0.063624
0.048737,0.130979,0.018346,0.065428,0.088539,0.010418,0.048811,0.028825,0.477799,0.082116
0.057674,0.026148,0.024413,0.065281,0.426837,0.021179,0.022519,0.050248,0.187278,0.118422
0.027227,0.005144,0.010156,0.016432,0.232197,0.065946,0.003545,0.058413,0.558353,0.022586
0.129339,0.126366,0.049372,0.006718,0.445764,0.045776,0.037044,0.139928,0.011497,0.008194
0.013820,0.004649,0.005585,0.015852,0.133579,0.083113,0.129894,0.024303,0.581537,0.007668
0.037564,0.069526,0.187982,0.031819,0.418361,0.039499,0.038334,0.043899,0.097928,0.035089
0.017565,0.265356,0.012230,0.029934,0.237656,0.064846,0.167196,0.068408,0.121987,0.014822
0.130740,0.098336,0.040835,0.091776,0.028183,0.093156,0.352009,0.057415,0.046973,0.060577
0.100996,0.019012,0.009130,0.111354,0.216013,0.004538,0.068923,0.083029,0.298751,0.088254
0.028266,0.046431,0.015433,0.056762,0.666547,0.010179,0.061835,0.034650,0.023425,0.056472
0.011462,0.000735,0.320400,0.045410,0.272200,0.010613,0.000958,0.017777,0.314607,0.005838
0.116835,0.058122,0.136587,0.021023,0.008361,0.068876,0.381889,0.138522,0.020142,0.049642
0.003116,0.012093,0.363536,0.014270,0.402506,0.014639,0.051774,0.010395,0.037596,0.090076
0.006099,0.004526,0.611873,0.039452,0.216313,0.014305,0.002852,0.043404,0.051020,0.010155
0.005930,0.000820,0.770452,0.035528,0.098018,0.018296,0.001086,0.011629,0.006626,0.051615
0.001000,0.001538,0.690373,0.003979,0.179293,0.004521,0.017194,0.044670,0.026712,0.030722
0.009460,0.001123,0.564186,0.021813,0.259489,0.018628,0.072966,0.025587,0.013689,0.013058
0.016558,0.011639,0.006555,0.063289,0.676903,0.046276,0.009581,0.057515,0.043799,0.067884
0.040418,0.012272,0.008582,0.052419,0.233609,0.082892,0.007617,0.044591,0.463450,0.054149
0.004436,0.002312,0.544083,0.018155,0.359609,0.014975,0.010023,0.023034,0.021683,0.001691
0.150716,0.104769,0.192046,0.037950,0.032453,0.099890,0.243839,0.048799,0.036563,0.052975
0.008167,0.222209,0.435992,0.007538,0.162456,0.007905,0.095699,0.054495,0.002098,0.003440
0.039901,0.010407,0.007876,0.022117,0.079161,0.063733,0.031533,0.039499,0.676607,0.029167
0.016069,0.019239,0.008723,0.083509,0.739215,0.005229,0.033977,0.048226,0.011805,0.034008
0.050050,0.011370,0.019558,0.047072,0.574869,0.006402,0.129893,0.070739,0.073811,0.016236
0.027903,0.005451,0.752154,0.020523,0.067442,0.000906,0.069878,0.009373,0.034003,0.012368
0.047781,0.039412,0.011511,0.028675,0.540490,0.006961,0.036677,0.107329,0.127195,0.053968
0.005340,0.000675,0.611064,0.022463,0.253379,0.008670,0.002644,0.034166,0.047702,0.013898
0.005491,0.002910,0.869220,0.005032,0.053672,0.005808,0.018832,0.013917,0.010351,0.014767
0.003537,0.153824,0.540142,0.049993,0.102801,0.007639,0.027109,0.002493,0.052944,0.059520
0.006260,0.006064,0.516850,0.019290,0.326368,0.000335,0.018018,0.006463,0.054357,0.045995
0.011473,0.004047,0.261903,0.032150,0.087790,0.003160,0.025300,0.016334,0.523375,0.034469
0.053656,0.013055,0.009825,0.177081,0.421996,0.099884,0.033055,0.110977,0.061869,0.018602
0.019016,0.029810,0.306757,0.034531,0.062736,0.029055,0.076775,0.120003,0.216033,0.105283
0.018980,0.019516,0.006284,0.098875,0.502601,0.039611,0.005156,0.046380,0.116814,0.145783
0.053836,0.000726,0.628253,0.029667,0.148465,0.017837,0.043132,0.035441,0.035853,0.006789
0.002336,0.139250,0.463022,0.016123,0.298808,0.012694,0.030832,0.029092,0.002695,0.005148
0.009363,0.000680,0.826221,0.025524,0.067504,0.000611,0.020019,0.021204,0.009726,0.019149
0.010214,0.002653,0.142830,0.110839,0.384169,0.044306,0.005422,0.022899,0.080253,0.196417
0.016418,0.003409,0.009802,0.074791,0.635443,0.087848,0.006982,0.073595,0.063859,0.027854
0.114669,0.094065,0.136921,0.061731,0.087224,0.123047,0.130490,0.054082,0.065559,0.132213
0.002970,0.002259,0.852255,0.015373,0.065729,0.001058,0.021504,0.027273,0.000876,0.010705
0.010914,0.134981,0.004687,0.012768,0.108611,0.020745,0.044270,0.053311,0.537694,0.072019
0.034550,0.042931,0.384945,0.034840,0.257333,0.055278,0.056472,0.052180,0.052742,0.028729
0.016649,0.001373,0.590079,0.025344,0.168676,0.014738,0.066614,0.029223,0.008538,0.078767
0.096074,0.111417,0.061748,0.106686,0.047505,0.138463,0.185618,0.062007,0.078038,0.112444
0.011395,0.008686,0.010720,0.076278,0.242884,0.077833,0.004684,0.069530,0.479652,0.018338
0.003604,0.000831,0.805088,0.003495,0.095355,0.014122,0.000954,0.008207,0.053446,0.014898
0.002183,0.002460,0.758691,0.017163,0.163275,0.001061,0.002439,0.022172,0.025810,0.004746
0.106489,0.083255,0.040251,0.089781,0.037164,0.090104,0.311974,0.075737,0.092703,0.072541
0.022622,0.205033,0.010074,0.127403,0.317166,0.058282,0.055616,0.025697,0.108751,0.069355
0.002175,0.074640,0.784263,0.003991,0.046450,0.004428,0.017435,0.063905,0.001374,0.001339
0.018111,0.002395,0.004823,0.005650,0.072916,0.021384,0.036494,0.027481,0.741192,0.069553
0.006433,0.000280,0.504834,0.010680,0.068252,0.004017,0.022777,0.022235,0.334393,0.026099
0.001686,0.135017,0.642291,0.007887,0.115799,0.014979,0.037554,0.023413,0.016743,0.004631
0.005478,0.000619,0.172515,0.005811,0.086581,0.004188,0.013442,0.005697,0.682227,0.023442
0.020745,0.004271,0.006674,0.065982,0.522178,0.050160,0.050209,0.142644,0.109796,0.027340
0.005754,0.000872,0.781459,0.002071,0.160333,0.005091,0.010807,0.007581,0.019162,0.006871
0.095372,0.096120,0.185928,0.028810,0.022862,0.087146,0.204415,0.180415,0.056134,0.042798
0.016776,0.017669,0.477761,0.054606,0.164885,0.014181,0.013726,0.017254,0.180185,0.042955
0.020597,0.021445,0.369254,0.029179,0.189595,0.017401,0.025469,0.062235,0.225624,0.039199
0.021152,0.020490,0.773933,0.016727,0.084240,0.000575,0.007983,0.055789,0.016199,0.002912
0.003486,0.002254,0.604736,0.044683,0.229201,0.012606,0.028715,0.017047,0.052715,0.004558
0.143425,0.012682,0.014358,0.122194,0.453160,0.072086,0.008017,0.121405,0.013474,0.039199
0.010096,0.007650,0.526528,0.005053,0.397234,0.001840,0.019950,0.012317,0.015105,0.004226
0.007020,0.004006,0.689707,0.015142,0.135957,0.017776,0.023283,0.014439,0.089782,0.002887
0.044629,0.030398,0.119999,0.105618,0.426829,0.041404,0.004153,0.057768,0.114252,0.054949
0.054689,0.017060,0.013590,0.075119,0.656645,0.005617,0.009720,0.080406,0.040530,0.046624
0.102970,0.115579,0.153014,0.087487,0.070144,0.129800,0.124002,0.054676,0.080332,0.081996
0.085140,0.003310,0.060438,0.049715,0.179002,0.029776,0.004319,0.025819,0.543533,0.018947
0.010837,0.005083,0.814508,0.005527,0.105914,0.002447,0.001906,0.041980,0.006575,0.005222
0.027633,0.066345,0.443763,0.022125,0.205181,0.041997,0.066990,0.058250,0.033524,0.034192
0.024317,0.019730,0.009897,0.127788,0.516524,0.050308,0.088407,0.061905,0.031563,0.069561
0.003525,0.002147,0.105315,0.014366,0.071783,0.005145,0.017210,0.004733,0.773318,0.002457
0.041271,0.024579,0.063131,0.123445,0.536506,0.034152,0.002205,0.042871,0.118034,0.013806
0.027781,0.002332,0.006379,0.141512,0.210919,0.081937,0.134449,0.082307,0.150681,0.161703
0.010591,0.000892,0.524983,0.013683,0.083461,0.000476,0.034121,0.011413,0.290378,0.030003
0.004390,0.006357,0.421402,0.025012,0.360751,0.017908,0.084713,0.008444,0.056701,0.014321
0.226387,0.048638,0.053505,0.068600,0.136235,0.027442,0.040171,0.153320,0.079695,0.166008
0.002152,0.001347,0.798588,0.018968,0.064200,0.006680,0.043577,0.051983,0.011327,0.001179
0.011462,0.000548,0.468757,0.031230,0.265806,0.012555,0.042239,0.083085,0.033621,0.050698
0.001957,0.047175,0.274786,0.005273,0.033859,0.004443,0.038640,0.003521,0.587428,0.002918
0.074469,0.081261,0.223377,0.058610,0.195712,0.080664,0.079387,0.034636,0.108534,0.063350
0.044320,0.040122,0.015950,0.034877,0.474143,0.084477,0.007569,0.048783,0.067246,0.182513
0.016778,0.022273,0.014989,0.258714,0.219998,0.013367,0.286990,0.066033,0.081496,0.019363
0.006010,0.002986,0.484032,0.026213,0.378097,0.016740,0.008098,0.057803,0.001996,0.018025
0.107497,0.132766,0.125089,0.112494,0.062174,0.101843,0.105949,0.044442,0.080825,0.126922
0.017256,0.015472,0.010697,0.129494,0.386589,0.010612,0.059893,0.067950,0.289273,0.012764
0.013651,0.006119,0.421354,0.060669,0.422071,0.017720,0.030325,0.021510,0.003915,0.002665
0.075764,0.071301,0.215573,0.060422,0.199987,0.076717,0.087003,0.039536,0.112380,0.061317
0.035414,0.106059,0.176965,0.050724,0.225394,0.063118,0.139085,0.047344,0.078626,0.077271
0.055401,0.007543,0.682469,0.005861,0.154966,0.021442,0.002878,0.062327,0.004302,0.002811
0.067103,0.189043,0.203567,0.041599,0.133754,0.050885,0.088523,0.093519,0.077279,0.054728
0.006190,0.106202,0.637291,0.013335,0.188930,0.004722,0.037216,0.003433,0.001701,0.000980
0.051303,0.003414,0.498217,0.013936,0.219949,0.002585,0.023200,0.097382,0.002813,0.087201
0.015716,0.002929,0.003430,0.047830,0.732114,0.049630,0.016762,0.015477,0.030456,0.085656
0.002749,0.005727,0.163257,0.002388,0.103550,0.006140,0.013232,0.009142,0.686035,0.007780
0.009275,0.004505,0.414750,0.005047,0.444624,0.053055,0.010491,0.037128,0.008326,0.012800
0.010937,0.003874,0.524469,0.002439,0.335879,0.011732,0.011956,0.068140,0.018146,0.012427
0.011925,0.008868,0.492247,0.011723,0.248658,0.024723,0.002767,0.116081,0.054307,0.028701
0.001441,0.078046,0.254663,0.005896,0.161186,0.004045,0.025088,0.021761,0.411468,0.036406
0.016022,0.019467,0.017509,0.112058,0.208104,0.010066,0.046859,0.069949,0.477352,0.022615
0.071310,0.238658,0.004949,0.044834,0.373706,0.029255,0.026784,0.109123,0.081815,0.019567
0.002127,0.119658,0.714606,0.020036,0.084684,0.000798,0.030616,0.013314,0.011992,0.002170
0.004455,0.003203,0.323904,0.011907,0.116875,0.000506,0.020886,0.064996,0.426716,0.026551
0.007262,0.001891,0.493406,0.038404,0.341109,0.008429,0.066258,0.018936,0.018939,0.005367
0.031794,0.003240,0.097670,0.015885,0.591457,0.045194,0.004801,0.067948,0.054562,0.087449
0.036706,0.260783,0.006895,0.052222,0.380395,0.052617,0.031350,0.098040,0.043905,0.037086
0.017599,0.024741,0.535336,0.016453,0.035993,0.037225,0.010723,0.021061,0.281111,0.019759
0.094024,0.095383,0.035854,0.040373,0.015428,0.109047,0.371433,0.062464,0.087463,0.088530
0.078746,0.344711,0.006810,0.051510,0.086609,0.037165,0.051642,0.149679,0.096817,0.096311
0.000846,0.065128,0.809440,0.002604,0.057851,0.004666,0.020616,0.025606,0.009219,0.004024
0.016351,0.190095,0.359146,0.017338,0.232597,0.007376,0.038542,0.011247,0.085903,0.041404
0.071715,0.012892,0.021170,0.156839,0.419963,0.009921,0.061051,0.109284,0.022236,0.114929
0.053509,0.015059,0.009848,0.052873,0.554697,0.007748,0.073884,0.058020,0.053775,0.120587
0.006421,0.121379,0.257489,0.005432,0.130533,0.008586,0.001014,0.026808,0.440813,0.001525
0.016060,0.000595,0.583922,0.055278,0.148860,0.016328,0.036418,0.016409,0.064596,0.061534
0.017952,0.061413,0.423042,0.029869,0.192119,0.066190,0.082827,0.045688,0.049196,0.031704
0.008875,0.001184,0.434282,0.016513,0.380905,0.017868,0.035604,0.067006,0.006841,0.030923
0.006766,0.003165,0.005798,0.066319,0.673980,0.087941,0.027225,0.061047,0.053698,0.014061
0.003858,0.012832,0.619619,0.049304,0.130179,0.000932,0.014480,0.039124,0.068424,0.061246
0.019400,0.005206,0.014748,0.067867,0.412210,0.071593,0.089132,0.071266,0.070963,0.177615
0.012466,0.287994,0.012230,0.016250,0.403301,0.060718,0.006089,0.086368,0.061371,0.053214
0.034745,0.019712,0.074961,0.031717,0.297351,0.033307,0.258341,0.089807,0.138776,0.021283
0.001924,0.003176,0.145546,0.014797,0.060643,0.006532,0.009655,0.007091,0.744072,0.006564
0.037957,0.007226,0.017775,0.079002,0.487959,0.067121,0.008644,0.069724,0.165058,0.059534
0.001660,0.002277,0.543432,0.041792,0.269293,0.008922,0.040693,0.038022,0.024970,0.028940
0.037430,0.015816,0.036647,0.025089,0.444304,0.023459,0.031553,0.047167,0.219883,0.118651
0.002945,0.125184,0.433974,0.004265,0.347466,0.001408,0.016122,0.035933,0.002221,0.030482
0.001609,0.163324,0.430211,0.006434,0.134143,0.020436,0.043627,0.057638,0.070105,0.072474
0.006674,0.004588,0.470510,0.017845,0.390455,0.019808,0.001015,0.066844,0.018915,0.003346
0.012687,0.006275,0.730114,0.028328,0.137187,0.021285,0.003893,0.022759,0.022013,0.015459
0.008994,0.010770,0.605018,0.085562,0.166936,0.031355,0.005024,0.036424,0.036620,0.013297
0.045305,0.019457,0.015269,0.022687,0.433885,0.077491,0.004889,0.122299,0.085097,0.173620
0.001177,0.001129,0.608685,0.002315,0.132755,0.001144,0.006826,0.010953,0.208396,0.026620
0.042457,0.013408,0.019605,0.150729,0.449072,0.083916,0.006025,0.076768,0.068741,0.089279
0.086202,0.085477,0.039174,0.048218,0.089227,0.083134,0.314379,0.091508,0.073857,0.088824
0.058464,0.080270,0.041422,0.088033,0.020081,0.079618,0.335070,0.190625,0.059112,0.047306
0.005771,0.000297,0.561070,0.000842,0.046040,0.000832,0.015364,0.016221,0.352679,0.000884
0.031632,0.014600,0.009165,0.066861,0.192292,0.006682,0.106272,0.141449,0.389668,0.041379
0.063105,0.018691,0.012437,0.039470,0.435564,0.097981,0.052124,0.185133,0.058212,0.037283
0.004983,0.149228,0.496941,0.025142,0.171820,0.010481,0.034430,0.023434,0.036072,0.047470
0.018414,0.002998,0.443229,0.041923,0.354773,0.026679,0.002762,0.081619,0.013071,0.014532
