0.001884,0.002861,0.507821,0.004212,0.369759,0.019488,0.027087,0.010902,0.052022,0.003963
0.004286,0.001530,0.429414,0.021039,0.430598,0.021282,0.033755,0.020417,0.032173,0.005506
0.030358,0.010419,0.533908,0.054166,0.249768,0.014824,0.011592,0.027727,0.004582,0.062657
0.019308,0.223946,0.004247,0.052477,0.460828,0.044412,0.023412,0.108503,0.004679,0.058188
0.002470,0.136965,0.763324,0.000819,0.054299,0.005669,0.008786,0.001096,0.007675,0.018897
0.020557,0.005733,0.670425,0.003322,0.094630,0.001329,0.000781,0.004530,0.190872,0.007821
0.006729,0.002584,0.294063,0.003067,0.154718,0.004755,0.005849,0.003602,0.521623,0.003010
0.137595,0.100906,0.080055,0.055580,0.055373,0.114929,0.172568,0.132494,0.076206,0.074294
0.006416,0.002232,0.019171,0.094713,0.261567,0.048267,0.004810,0.022306,0.519072,0.021447
0.008840,0.009802,0.007428,0.134545,0.624017,0.030224,0.028622,0.070423,0.008434,0.077664
0.004269,0.000533,0.747391,0.003328,0.216012,0.006319,0.016645,0.004184,0.000896,0.000423
0.000654,0.000746,0.466582,0.030519,0.313146,0.010905,0.019448,0.019771,0.135977,0.002253
0.032802,0.003029,0.809367,0.006190,0.093229,0.003549,0.002987,0.023268,0.009615,0.015964
0.019015,0.003294,0.667676,0.006001,0.140957,0.012624,0.063016,0.007378,0.034969,0.045070
0.011402,0.001945,0.615687,0.021918,0.177171,0.024571,0.001439,0.020983,0.107154,0.017731
0.039718,0.111181,0.148248,0.045425,0.228895,0.111781,0.094418,0.094578,0.096254,0.029502
0.000580,0.032498,0.863622,0.000580,0.086555,0.000515,0.000608,0.008749,0.005787,0.000505
0.023186,0.011771,0.005089,0.009905,0.669753,0.002433,0.005607,0.054010,0.022200,0.196045
0.053047,0.097053,0.128773,0.092646,0.038837,0.114719,0.216928,0.144633,0.060118,0.053246
0.005877,0.004593,0.014152,0.165896,0.391178,0.107396,0.081286,0.029385,0.102148,0.098088
0.003432,0.000424,0.860875,0.028186,0.082941,0.000505,0.004271,0.002879,0.015075,0.001411
0.008024,0.002435,0.492196,0.015059,0.354362,0.017758,0.041786,0.037709,0.002229,0.028441
0.004299,0.001086,0.712011,0.025273,0.228966,0.003459,0.013550,0.005384,0.003706,0.002266
0.022719,0.003762,0.014814,0.018814,0.717533,0.078074,0.060478,0.045277,0.024206,0.014323
0.026399,0.365799,0.062429,0.003665,0.324114,0.062490,0.017696,0.069718,0.055574,0.012115
0.012484,0.195113,0.002801,0.039136,0.623310,0.013232,0.024521,0.006471,0.077001,0.005930
0.066677,0.011870,0.025880,0.080338,0.466813,0.010363,0.007622,0.085654,0.227554,0.017229
0.019905,0.001842,0.850691,0.013563,0.060616,0.001001,0.019346,0.010721,0.002350,0.019964
0.021581,0.004424,0.162610,0.020458,0.655654,0.019083,0.033614,0.034626,0.044065,0.003886
0.003125,0.006491,0.137680,0.029282,0.634576,0.032427,0.028311,0.034745,0.040197,0.053164
0.036408,0.007947,0.012060,0.081841,0.488941,0.096926,0.108236,0.043517,0.027930,0.096193
0.025812,0.012187,0.007691,0.078950,0.712744,0.017823,0.002250,0.039947,0.042905,0.059690
0.011705,0.000819,0.548087,0.007010,0.306152,0.010405,0.030341,0.020320,0.058501,0.006661
0.002556,0.000965,0.764002,0.024992,0.123395,0.009827,0.018172,0.020299,0.023216,0.012576
0.019819,0.099969,0.710528,0.001684,0.089166,0.014553,0.010971,0.003474,0.016517,0.033320
0.012909,0.171435,0.428083,0.027422,0.285590,0.006976,0.051133,0.005081,0.005904,0.005468
0.076438,0.162836,0.136799,0.044006,0.220709,0.037106,0.099901,0.146728,0.041761,0.033715
0.003592,0.001969,0.516378,0.013401,0.352411,0.014920,0.007189,0.073311,0.012889,0.003940
0.010293,0.001180,0.866524,0.001652,0.040201,0.000709,0.007101,0.026568,0.042856,0.002916
0.020701,0.006356,0.526713,0.027290,0.364796,0.017716,0.011341,0.008510,0.004895,0.011682
0.002196,0.001892,0.683135,0.005810,0.147196,0.032460,0.034925,0.013586,0.077012,0.001789
0.109848,0.100061,0.128087,0.056546,0.089355,0.074867,0.106887,0.125899,0.112828,0.095622
0.007642,0.000405,0.805058,0.028095,0.091307,0.000455,0.018270,0.009297,0.034763,0.004708
0.105262,0.098071,0.167051,0.064980,0.040482,0.090669,0.182106,0.123119,0.061176,0.067083
0.005756,0.009430,0.136922,0.158621,0.494157,0.016143,0.046320,0.021794,0.050601,0.060257
0.058869,0.171804,0.026393,0.024471,0.516401,0.019181,0.059617,0.068793,0.029306,0.025166
0.045243,0.006946,0.011224,0.086575,0.659049,0.063212,0.025015,0.053145,0.024031,0.025559
0.001336,0.002805,0.507987,0.015562,0.409778,0.005405,0.007982,0.009669,0.014551,0.024925
0.006155,0.005653,0.545280,0.081078,0.288765,0.014046,0.030872,0.009657,0.007264,0.011230
0.036444,0.160523,0.002868,0.038239,0.638265,0.019633,0.080887,0.014688,0.003026,0.005429
0.002101,0.004069,0.162560,0.020003,0.706352,0.017910,0.014125,0.025019,0.005012,0.042849
0.049549,0.013416,0.020210,0.012902,0.392552,0.150935,0.009309,0.083496,0.258906,0.008726
0.004177,0.006067,0.536088,0.009226,0.373296,0.023258,0.002570,0.019546,0.006287,0.019484
0.001644,0.152647,0.598054,0.001061,0.185427,0.001931,0.019973,0.033079,0.004318,0.001867
0.044242,0.244015,0.011224,0.073550,0.427936,0.082169,0.033032,0.049624,0.016493,0.017714
0.015619,0.059815,0.164988,0.006544,0.217866,0.037786,0.008586,0.036208,0.441740,0.010847
0.056414,0.126957,0.006028,0.009813,0.209100,0.015023,0.025185,0.145230,0.398909,0.007342
0.034148,0.004310,0.009276,0.050948,0.665386,0.005571,0.048787,0.035500,0.118358,0.027718
0.030176,0.292576,0.015353,0.006196,0.329653,0.062686,0.064826,0.018051,0.169434,0.011049
0.005398,0.237554,0.014673,0.013967,0.447985,0.091535,0.056525,0.062375,0.065260,0.004729
0.015596,0.001702,0.722665,0.010927,0.138127,0.027249,0.015308,0.013496,0.004353,0.050578
0.000736,0.000369,0.527786,0.002355,0.393399,0.022995,0.018467,0.008976,0.013801,0.011115
0.003042,0.134362,0.435554,0.019044,0.350844,0.010493,0.010996,0.001737,0.015511,0.018418
0.001036,0.001648,0.640208,0.033753,0.271132,0.005035,0.001311,0.012921,0.031908,0.001047
0.014508,0.003559,0.507090,0.006548,0.315104,0.008111,0.015133,0.010364,0.009255,0.110327
0.025849,0.004811,0.011555,0.055430,0.191952,0.121015,0.002785,0.032145,0.535308,0.019150
0.014146,0.012533,0.019564,0.049073,0.584819,0.010191,0.040382,0.033584,0.222176,0.013531
0.003194,0.046854,0.293565,0.001841,0.183290,0.007246,0.021136,0.002785,0.421927,0.018163
0.002330,0.034438,0.484893,0.026241,0.072566,0.003197,0.012697,0.012421,0.341934,0.009284
0.048529,0.009204,0.613409,0.024886,0.152286,0.006440,0.006043,0.022289,0.107445,0.009469
0.047674,0.011838,0.018815,0.013222,0.424197,0.007427,0.033549,0.142465,0.273734,0.027079
0.001867,0.000758,0.712331,0.002905,0.230471,0.001122,0.012912,0.006274,0.025613,0.005746
0.119402,0.103455,0.052322,0.083966,0.033989,0.100114,0.250253,0.065296,0.058976,0.132226
0.000596,0.000834,0.619478,0.017748,0.169861,0.003919,0.017272,0.009916,0.159825,0.000551
0.000697,0.000281,0.517662,0.036495,0.115221,0.020341,0.024165,0.013766,0.264880,0.006491
0.002119,0.002026,0.819482,0.008488,0.057618,0.007628,0.025545,0.064112,0.012323,0.000659
0.002280,0.000847,0.002715,0.047483,0.429329,0.026338,0.028622,0.032675,0.268505,0.161207
0.009555,0.057768,0.781263,0.002036,0.037173,0.001121,0.027757,0.022166,0.059123,0.002038
0.094189,0.006433,0.015881,0.063475,0.302575,0.007262,0.030411,0.283283,0.090360,0.106131
0.030647,0.006108,0.121480,0.013781,0.652437,0.015069,0.002685,0.032239,0.055469,0.070082
0.007669,0.007093,0.868468,0.003465,0.057367,0.001263,0.019366,0.011667,0.020882,0.002760
0.011449,0.000655,0.720543,0.002792,0.211339,0.000454,0.003955,0.036769,0.010048,0.001996
0.002465,0.004478,0.649446,0.004855,0.057919,0.003404,0.001331,0.016414,0.238888,0.020798
0.081438,0.092050,0.101515,0.094037,0.223377,0.110341,0.099368,0.044711,0.062732,0.090431
0.008712,0.001816,0.639322,0.016456,0.241500,0.004944,0.024753,0.028712,0.025449,0.008337
0.012090,0.000682,0.774020,0.004782,0.058870,0.000870,0.027716,0.009203,0.003737,0.108029
0.002129,0.002215,0.924119,0.000570,0.033827,0.000455,0.009037,0.006581,0.019308,0.001759
0.010056,0.000223,0.838714,0.001008,0.130221,0.000205,0.011140,0.002224,0.005616,0.000592
0.003246,0.003045,0.459617,0.006176,0.274794,0.037506,0.001013,0.048045,0.138932,0.027626
0.035859,0.004396,0.010851,0.011260,0.562866,0.003993,0.008435,0.071075,0.051509,0.239755
0.002899,0.001419,0.581773,0.007835,0.119058,0.016785,0.002130,0.010230,0.243593,0.014277
0.003877,0.001315,0.549517,0.028708,0.342164,0.014400,0.012243,0.009898,0.027397,0.010481
0.004155,0.001382,0.290215,0.007758,0.207457,0.014085,0.000967,0.052893,0.124086,0.297003
0.006004,0.000327,0.747171,0.002882,0.204783,0.004364,0.011667,0.003418,0.012271,0.007113
0.087268,0.096402,0.115108,0.102050,0.063563,0.116721,0.133509,0.135005,0.072115,0.078258
0.009047,0.000338,0.855765,0.002117,0.084403,0.004318,0.011266,0.006182,0.006129,0.020433
0.028807,0.003465,0.009741,0.007669,0.387415,0.090415,0.035732,0.042857,0.071906,0.321993
0.000658,0.058313,0.819267,0.001987,0.070315,0.007562,0.028509,0.001700,0.009503,0.002186
0.004431,0.004186,0.006440,0.006744,0.530625,0.003219,0.028566,0.014734,0.183358,0.217696
0.012653,0.000971,0.639783,0.013263,0.087191,0.012326,0.000725,0.099212,0.008373,0.125500
0.010760,0.002805,0.547016,0.041950,0.337984,0.012212,0.016910,0.017697,0.010605,0.002062
0.004839,0.004784,0.633871,0.007503,0.323105,0.002087,0.002472,0.011558,0.004251,0.005530
0.005607,0.000203,0.931453,0.012950,0.029603,0.002823,0.010856,0.001909,0.000726,0.003870
0.021080,0.039196,0.473482,0.005160,0.282206,0.012149,0.033557,0.069868,0.040927,0.022374
0.009107,0.001400,0.477987,0.007103,0.145732,0.016719,0.001618,0.029246,0.268406,0.042681
0.016463,0.004923,0.727441,0.005200,0.147546,0.009193,0.017959,0.023687,0.004848,0.042738
0.078716,0.004201,0.024576,0.094461,0.459327,0.140446,0.003158,0.060807,0.021273,0.113036
0.038722,0.006611,0.148210,0.164630,0.465415,0.047920,0.001346,0.033201,0.023370,0.070576
0.030487,0.349604,0.010118,0.028646,0.376611,0.090197,0.050144,0.042442,0.009614,0.012137
0.096860,0.020951,0.035707,0.023113,0.601563,0.015238,0.028643,0.103879,0.044999,0.029048
0.003077,0.002257,0.596414,0.009994,0.322993,0.007473,0.000461,0.005459,0.049943,0.001928
0.001033,0.000125,0.809962,0.000978,0.031289,0.004896,0.003091,0.006152,0.132577,0.009897
0.005228,0.001195,0.504232,0.021456,0.345785,0.008559,0.074717,0.021047,0.012896,0.004885
0.020095,0.099102,0.569656,0.002027,0.224994,0.005600,0.025314,0.003471,0.016818,0.032924
0.001435,0.001094,0.699399,0.034858,0.214063,0.000273,0.003365,0.035048,0.002222,0.008243
0.004222,0.001008,0.639753,0.022759,0.247537,0.003526,0.000111,0.008345,0.012073,0.060666
0.031210,0.007505,0.012872,0.023489,0.758155,0.008060,0.020657,0.082340,0.046474,0.009238
0.009250,0.001221,0.658898,0.035494,0.167885,0.016247,0.043936,0.019182,0.038745,0.009141
0.035316,0.041146,0.439812,0.031482,0.136665,0.096010,0.037865,0.031501,0.116576,0.033628
0.020522,0.001477,0.699796,0.025481,0.140813,0.035714,0.001292,0.028758,0.030654,0.015492
0.006159,0.006291,0.302450,0.005485,0.109615,0.010288,0.004199,0.086563,0.455734,0.013216
0.060886,0.008358,0.442582,0.012750,0.372782,0.006621,0.004858,0.022875,0.013022,0.055266
0.001875,0.000550,0.475042,0.049236,0.386516,0.025665,0.026365,0.008843,0.017000,0.008909
0.007357,0.003917,0.018163,0.012738,0.434896,0.147318,0.048390,0.074017,0.214634,0.038570
0.009187,0.001399,0.516301,0.007961,0.327767,0.040079,0.000959,0.024486,0.064126,0.007736
0.011341,0.005833,0.825806,0.023565,0.060919,0.001887,0.009399,0.016941,0.016343,0.027965
0.082658,0.003122,0.013801,0.093506,0.289545,0.043416,0.047169,0.323385,0.085824,0.017574
0.016592,0.001108,0.597168,0.027368,0.251941,0.029347,0.020861,0.039185,0.013562,0.002869
0.005174,0.000760,0.641678,0.014378,0.252794,0.000532,0.023668,0.042209,0.003492,0.015315
0.005878,0.001043,0.766138,0.002265,0.190573,0.002881,0.006376,0.015358,0.007168,0.002320
0.003260,0.107729,0.566976,0.005284,0.286962,0.007526,0.008814,0.007517,0.002580,0.003353
0.145325,0.105156,0.081827,0.116463,0.054348,0.079271,0.186116,0.090286,0.066288,0.074920
0.024186,0.001173,0.519774,0.019343,0.321567,0.001035,0.005662,0.016638,0.073421,0.017200
0.004307,0.000533,0.810266,0.006189,0.039336,0.001204,0.022572,0.021169,0.010961,0.083463
0.007782,0.002984,0.474593,0.066275,0.252874,0.014520,0.106836,0.013992,0.038997,0.021147
0.002817,0.001248,0.625424,0.042037,0.256016,0.013749,0.013463,0.015767,0.002051,0.027428
0.008502,0.006563,0.008896,0.048566,0.792289,0.059922,0.019326,0.030654,0.006896,0.018387
0.016709,0.000399,0.460236,0.024823,0.318320,0.003870,0.012977,0.005423,0.149843,0.007399
0.105082,0.091922,0.098443,0.092618,0.067031,0.107008,0.143859,0.130868,0.099149,0.064020
0.003850,0.001035,0.746060,0.007777,0.117987,0.015952,0.026683,0.058882,0.013973,0.007802
0.057086,0.155186,0.006278,0.009162,0.541223,0.069582,0.019486,0.130703,0.006424,0.004869
0.003828,0.093576,0.586638,0.003019,0.260886,0.010806,0.018288,0.001920,0.020456,0.000584
0.049183,0.162115,0.256991,0.043362,0.201141,0.042718,0.050991,0.127031,0.037836,0.028632
0.073292,0.106250,0.202456,0.060980,0.047256,0.110634,0.195586,0.063930,0.073369,0.066247
0.009560,0.001668,0.561453,0.006152,0.346209,0.027498,0.025187,0.007639,0.006802,0.007833
0.085258,0.115551,0.143660,0.081070,0.225601,0.031698,0.077077,0.188111,0.029097,0.022876
0.020474,0.003837,0.013212,0.040909,0.263818,0.035783,0.060713,0.025541,0.531166,0.004548
0.010008,0.212966,0.023318,0.010208,0.383076,0.039130,0.007798,0.029546,0.149368,0.134584
0.028558,0.001236,0.717039,0.002747,0.055321,0.001456,0.021356,0.058466,0.111981,0.001840
0.009283,0.001474,0.576682,0.014463,0.367639,0.000702,0.003247,0.007981,0.003478,0.015050
0.112480,0.007707,0.017141,0.013584,0.433553,0.156600,0.083686,0.155910,0.010461,0.008879
0.002991,0.001372,0.659751,0.047561,0.071866,0.001963,0.022169,0.038091,0.017797,0.136436
0.014731,0.091724,0.196438,0.066778,0.370966,0.030290,0.027815,0.104735,0.019461,0.077063
0.021368,0.036854,0.031078,0.128143,0.480254,0.041323,0.014714,0.084720,0.131545,0.030001
0.003648,0.003210,0.450774,0.038131,0.319205,0.022899,0.001624,0.011084,0.122191,0.027235
0.031597,0.011226,0.028833,0.040888,0.510551,0.025296,0.086699,0.069129,0.084040,0.111742
0.023545,0.169882,0.006337,0.022198,0.642826,0.018459,0.090278,0.012687,0.005765,0.008023
0.070672,0.116314,0.178181,0.052089,0.058107,0.107531,0.174944,0.064106,0.073086,0.104970
0.007584,0.035537,0.729105,0.004702,0.186503,0.001419,0.016770,0.003449,0.012001,0.002930
0.102922,0.118126,0.194275,0.096797,0.144996,0.066815,0.055160,0.035047,0.066575,0.119287
0.005660,0.005385,0.006407,0.019190,0.651497,0.004067,0.039838,0.021848,0.236172,0.009935
0.021251,0.253435,0.010549,0.078259,0.350773,0.020391,0.036142,0.044552,0.085298,0.099350
0.004665,0.108062,0.535867,0.001646,0.260905,0.014664,0.033404,0.019835,0.018802,0.002150
0.006190,0.000786,0.769195,0.035110,0.127867,0.006806,0.034982,0.007521,0.009340,0.002202
0.024607,0.028478,0.034887,0.022547,0.646731,0.021270,0.024012,0.080550,0.027066,0.089853
0.003850,0.000215,0.721669,0.024944,0.117703,0.000248,0.004716,0.001314,0.124869,0.000470
0.001566,0.134496,0.648250,0.035533,0.092476,0.016717,0.055992,0.004251,0.002222,0.008497
0.007749,0.013310,0.016465,0.145814,0.501093,0.140438,0.004112,0.058826,0.104092,0.008102
0.004454,0.172245,0.359459,0.008582,0.373440,0.005047,0.031336,0.029623,0.014399,0.001416
0.025515,0.000570,0.613379,0.009091,0.232006,0.017372,0.009673,0.034680,0.053347,0.004368
0.060062,0.009435,0.016350,0.049556,0.658440,0.047416,0.013103,0.055977,0.072970,0.016692
0.014758,0.001829,0.503343,0.022094,0.392226,0.006436,0.046350,0.008991,0.002672,0.001300
0.015374,0.017287,0.027252,0.022818,0.564588,0.082615,0.014175,0.094006,0.013290,0.148594
0.004954,0.001057,0.492546,0.021571,0.346433,0.015155,0.027642,0.069022,0.014862,0.006757
0.023954,0.089817,0.008152,0.067037,0.554037,0.005025,0.008388,0.011206,0.222271,0.010114
0.009085,0.006378,0.010447,0.063820,0.446418,0.005035,0.003771,0.061685,0.168956,0.224405
0.034781,0.023021,0.011715,0.019391,0.573909,0.097974,0.006907,0.089645,0.057818,0.084838
0.029793,0.004089,0.301948,0.010178,0.325084,0.027673,0.136875,0.030753,0.123674,0.009934
0.003998,0.001226,0.787222,0.048781,0.099198,0.016901,0.014239,0.017275,0.008972,0.002187
0.099533,0.019385,0.031585,0.068246,0.382287,0.050529,0.026721,0.113479,0.030705,0.177530
0.006263,0.002029,0.637447,0.004027,0.085649,0.004400,0.051281,0.021352,0.022778,0.164774
0.021157,0.163518,0.007162,0.079091,0.341823,0.067367,0.087207,0.097615,0.124915,0.010145
0.046835,0.006317,0.008766,0.015425,0.755044,0.088261,0.007140,0.027891,0.038475,0.005846
0.016284,0.001005,0.753364,0.006982,0.124590,0.037257,0.023837,0.020936,0.013219,0.002527
0.008318,0.000560,0.542767,0.007431,0.310918,0.008605,0.010123,0.035515,0.048623,0.027142
0.007873,0.003790,0.653717,0.008959,0.275817,0.017996,0.000726,0.012364,0.005981,0.012777
0.015835,0.132964,0.775907,0.011704,0.044308,0.008498,0.003877,0.006055,0.000452,0.000400
0.018575,0.000711,0.677077,0.005626,0.118082,0.021100,0.022306,0.051881,0.077643,0.006998
0.013106,0.014374,0.014893,0.139964,0.239006,0.073196,0.001532,0.277155,0.141999,0.084776
0.005621,0.004378,0.516580,0.047076,0.361069,0.010519,0.023692,0.019026,0.004772,0.007267
0.006815,0.033536,0.641751,0.004285,0.155744,0.000937,0.044113,0.011662,0.099646,0.001511
0.039474,0.001713,0.203171,0.110724,0.419480,0.058337,0.004931,0.080030,0.046045,0.036096
0.005116,0.001370,0.561105,0.024015,0.341975,0.000541,0.026003,0.007837,0.031011,0.001027
0.018066,0.208885,0.011663,0.167735,0.351544,0.030878,0.115533,0.057945,0.016747,0.021003
0.002259,0.043851,0.828772,0.000640,0.028238,0.006570,0.000329,0.004909,0.083485,0.000947
0.017359,0.001509,0.526240,0.004283,0.370745,0.003965,0.013078,0.022257,0.039540,0.001025
0.005497,0.048540,0.544317,0.001250,0.277154,0.000757,0.008110,0.011623,0.001173,0.101578
0.009170,0.001431,0.724588,0.037319,0.105137,0.009189,0.017675,0.049394,0.008807,0.037290
0.020765,0.002951,0.857221,0.002145,0.049797,0.000902,0.016410,0.012022,0.013393,0.024394
0.095233,0.242348,0.027294,0.005953,0.344728,0.079412,0.006470,0.042996,0.137407,0.018159
0.012614,0.005804,0.008441,0.017234,0.194919,0.056136,0.034368,0.032427,0.583016,0.055041
0.005991,0.004653,0.004669,0.065502,0.693013,0.002144,0.037335,0.015454,0.134147,0.037092
0.001828,0.000439,0.748923,0.001466,0.066233,0.000398,0.009214,0.004084,0.155264,0.012152
0.002963,0.175624,0.020139,0.051973,0.573263,0.044585,0.064577,0.032602,0.031844,0.002431
0.011369,0.005803,0.171927,0.125549,0.544490,0.018645,0.001776,0.044235,0.063194,0.013012
0.033172,0.006526,0.316798,0.011018,0.317702,0.053215,0.045510,0.034992,0.176540,0.004526
0.080495,0.083231,0.167030,0.075331,0.029992,0.083741,0.186669,0.129840,0.054068,0.109603
0.001030,0.228149,0.459627,0.023160,0.244260,0.015839,0.001635,0.020956,0.004229,0.001113
0.016883,0.003483,0.384512,0.022238,0.071645,0.010137,0.001226,0.015401,0.446442,0.028032
0.000898,0.000359,0.869011,0.001690,0.046196,0.012642,0.000248,0.038619,0.014900,0.015437
0.012330,0.020594,0.015900,0.033338,0.637684,0.009832,0.012872,0.042872,0.193905,0.020674
0.012262,0.002106,0.746235,0.041387,0.097097,0.002768,0.054179,0.011656,0.024829,0.007482
0.002466,0.232838,0.471995,0.002293,0.222579,0.013057,0.025565,0.009463,0.000636,0.019108
0.074427,0.103172,0.389028,0.039968,0.049961,0.057363,0.084527,0.094742,0.073028,0.033784
0.008767,0.007357,0.161679,0.012971,0.578838,0.016578,0.022979,0.031993,0.095933,0.062905
0.021675,0.003729,0.007820,0.038861,0.812703,0.050004,0.003689,0.022087,0.031106,0.008326
0.002996,0.002890,0.538734,0.031706,0.299997,0.026032,0.000550,0.077471,0.017017,0.002608
0.009041,0.001618,0.447944,0.110693,0.302782,0.014894,0.056951,0.014018,0.035328,0.006731
0.000323,0.000913,0.861634,0.023473,0.049004,0.008654,0.003727,0.014888,0.022243,0.015141
0.030275,0.004025,0.022003,0.056933,0.484145,0.139104,0.057259,0.151663,0.014852,0.039741
0.013386,0.000411,0.801563,0.010814,0.155387,0.000377,0.001189,0.002924,0.011505,0.002444
0.006649,0.016113,0.332510,0.040665,0.320654,0.040342,0.129095,0.022071,0.073562,0.018338
0.007614,0.065796,0.610820,0.021521,0.261677,0.001034,0.013517,0.014498,0.001647,0.001878
0.015281,0.000886,0.088147,0.008635,0.679447,0.014013,0.042772,0.068780,0.035557,0.046481
0.030838,0.003997,0.270185,0.066715,0.133087,0.010824,0.019051,0.054471,0.349769,0.061063
0.090156,0.011123,0.017025,0.042228,0.565264,0.052427,0.051302,0.061351,0.069982,0.039141
0.001179,0.126758,0.778343,0.001070,0.063874,0.010850,0.005300,0.008657,0.003256,0.000713
0.006943,0.003619,0.512745,0.024098,0.341029,0.018398,0.064077,0.007756,0.011497,0.009840
0.004509,0.350397,0.038695,0.056788,0.362229,0.019912,0.086487,0.050714,0.012981,0.017289
0.011013,0.000955,0.692959,0.038491,0.150054,0.000703,0.020407,0.020373,0.045736,0.019309
0.006899,0.000954,0.662245,0.077956,0.137051,0.010122,0.023942,0.030564,0.043181,0.007086
0.012992,0.001729,0.695956,0.005709,0.116822,0.026557,0.033517,0.022674,0.073689,0.010355
0.000619,0.000263,0.769450,0.020113,0.156280,0.010313,0.000916,0.015783,0.011336,0.014925
0.001201,0.000255,0.649871,0.018879,0.166321,0.003979,0.009210,0.009993,0.134490,0.005801
0.002992,0.059129,0.838334,0.011564,0.043732,0.005664,0.004296,0.008430,0.024308,0.001552
0.036027,0.184607,0.010485,0.092460,0.392584,0.081696,0.100784,0.025357,0.062771,0.013229
0.001164,0.001541,0.664240,0.028097,0.212935,0.007860,0.016424,0.012619,0.036836,0.018283
0.001657,0.001110,0.870770,0.003283,0.073257,0.017341,0.007908,0.015490,0.006361,0.002823
0.010237,0.004793,0.489530,0.018476,0.387730,0.024228,0.035434,0.011189,0.011429,0.006954
0.000706,0.266091,0.337996,0.010441,0.327359,0.004995,0.000927,0.023583,0.000676,0.027227
0.050600,0.016242,0.027104,0.053541,0.337086,0.017561,0.012733,0.056378,0.360162,0.068594
0.004017,0.298869,0.009797,0.005286,0.306283,0.088749,0.051744,0.076827,0.074637,0.083790
0.082581,0.109634,0.133757,0.046969,0.226761,0.061835,0.108716,0.093527,0.075125,0.061095
0.060433,0.015272,0.019633,0.061013,0.467213,0.026850,0.010721,0.046643,0.214833,0.077388
0.014347,0.010682,0.007788,0.122479,0.583107,0.052579,0.027585,0.067431,0.058229,0.055772
0.005502,0.113304,0.662804,0.025772,0.112231,0.011575,0.006756,0.012037,0.047204,0.002814
0.007195,0.003249,0.540356,0.059867,0.318587,0.014995,0.022729,0.012110,0.007197,0.013715
0.004464,0.004112,0.006717,0.109990,0.713330,0.003135,0.039865,0.024431,0.045889,0.048066
0.059056,0.181215,0.019087,0.132328,0.281386,0.009704,0.054811,0.134513,0.106636,0.021266
0.002722,0.001639,0.666488,0.014912,0.269347,0.001969,0.002237,0.013903,0.014863,0.011920
0.001441,0.001604,0.733631,0.023277,0.139319,0.000714,0.000469,0.008674,0.012165,0.078706
0.009870,0.005708,0.379184,0.009553,0.332706,0.021463,0.055817,0.025049,0.151663,0.008986
0.014558,0.018382,0.016547,0.020400,0.594974,0.031498,0.071015,0.074469,0.138940,0.019218
0.001168,0.167655,0.325153,0.001892,0.325171,0.004315,0.040989,0.001944,0.021794,0.109920
0.010309,0.176828,0.013414,0.032112,0.297876,0.045023,0.089217,0.019525,0.220437,0.095261
0.013837,0.001234,0.486727,0.008322,0.353382,0.025504,0.001316,0.039993,0.062978,0.006706
0.096298,0.067214,0.160303,0.083411,0.039718,0.096956,0.175702,0.134553,0.080122,0.065723
0.069237,0.244769,0.054286,0.058677,0.343393,0.043520,0.108941,0.017034,0.054954,0.005188
0.001780,0.000594,0.564727,0.008574,0.330151,0.016787,0.020759,0.049405,0.002880,0.004343
0.031389,0.004593,0.028512,0.055462,0.560894,0.109102,0.068150,0.076407,0.038934,0.026556
0.005200,0.233019,0.030316,0.009486,0.562523,0.043977,0.022287,0.070521,0.014808,0.007863
0.098815,0.095905,0.057545,0.054336,0.034705,0.094260,0.350204,0.055445,0.086052,0.072733
0.031581,0.002006,0.696273,0.009321,0.151442,0.026608,0.014317,0.015078,0.032413,0.020960
0.020965,0.001856,0.715131,0.015128,0.141912,0.019614,0.002603,0.021145,0.040937,0.020709
0.038162,0.000924,0.655044,0.060516,0.143855,0.031900,0.013622,0.027041,0.026872,0.002065
0.001980,0.223895,0.518656,0.001166,0.099803,0.005617,0.014112,0.091180,0.042023,0.001568
0.016509,0.128653,0.461595,0.019061,0.320076,0.003587,0.029629,0.017825,0.000907,0.002157
0.001503,0.216401,0.590414,0.029482,0.115162,0.007101,0.008660,0.003323,0.026859,0.001095
0.017298,0.001120,0.635690,0.010605,0.066424,0.015255,0.000837,0.037885,0.185804,0.029081
0.006357,0.003792,0.533049,0.006194,0.312634,0.005857,0.000422,0.009635,0.031019,0.091041
0.016258,0.000496,0.556698,0.004016,0.201343,0.000816,0.004475,0.015806,0.194565,0.005526
0.040235,0.009486,0.019989,0.069155,0.363832,0.135607,0.009627,0.071127,0.163507,0.117435
0.005434,0.004513,0.628210,0.005257,0.180396,0.029841,0.016518,0.024126,0.065329,0.040377
0.012925,0.026535,0.430444,0.003939,0.332134,0.000855,0.005636,0.042486,0.007757,0.137288
0.003755,0.001148,0.563221,0.080624,0.280848,0.018295,0.026315,0.010838,0.010312,0.004642
0.042712,0.012568,0.013421,0.039763,0.531151,0.138091,0.047248,0.064686,0.101881,0.008478
0.003493,0.007733,0.346315,0.007542,0.276133,0.055924,0.112287,0.054644,0.120845,0.015083
0.038890,0.005413,0.019280,0.034304,0.364225,0.130018,0.134189,0.137207,0.110472,0.026002
0.001660,0.013849,0.897498,0.001088,0.058929,0.000343,0.007286,0.000926,0.007323,0.011097
0.068412,0.106599,0.048062,0.083983,0.116766,0.114398,0.292195,0.070257,0.048645,0.050683
0.005668,0.010666,0.007419,0.059360,0.726702,0.051123,0.091129,0.028286,0.008457,0.011190
0.010604,0.000961,0.385369,0.023012,0.278804,0.003545,0.003552,0.051280,0.226276,0.016596
0.054552,0.023175,0.019864,0.048847,0.445414,0.088558,0.071361,0.086725,0.030219,0.131284
0.017501,0.001684,0.616082,0.072862,0.127749,0.030313,0.001219,0.020194,0.069415,0.042981
0.024996,0.268302,0.012822,0.025266,0.363291,0.070988,0.024336,0.040162,0.055531,0.114306
0.030173,0.047334,0.409993,0.043940,0.162430,0.037080,0.078893,0.074343,0.065761,0.050053
0.001756,0.000572,0.859834,0.017583,0.051949,0.006673,0.021913,0.010829,0.025649,0.003243
0.077134,0.125254,0.175509,0.099821,0.113106,0.079880,0.081467,0.042473,0.104128,0.101228
0.002173,0.123411,0.428640,0.002675,0.333682,0.010253,0.041388,0.027829,0.008784,0.021166
0.005105,0.005636,0.688562,0.104473,0.112483,0.009105,0.000470,0.026095,0.005756,0.042315
0.008599,0.304433,0.004062,0.006540,0.472327,0.024656,0.043509,0.042192,0.027979,0.065704
0.003180,0.001008,0.576476,0.022557,0.317519,0.005308,0.042506,0.012261,0.004680,0.014505
0.001469,0.002594,0.571819,0.052826,0.340386,0.000571,0.016409,0.009276,0.002688,0.001960
0.018481,0.006233,0.003636,0.035066,0.429645,0.029966,0.003476,0.016951,0.418375,0.038171
0.124487,0.078253,0.054141,0.092777,0.048328,0.067489,0.210914,0.135866,0.057200,0.130544
0.016650,0.003033,0.203490,0.076176,0.157953,0.014304,0.003861,0.044508,0.427789,0.052237
0.024093,0.039950,0.294648,0.008208,0.218433,0.020387,0.130223,0.065082,0.111704,0.087271
0.040107,0.001149,0.616289,0.007285,0.163843,0.019598,0.036082,0.028433,0.063437,0.023777
0.010878,0.001545,0.768544,0.039824,0.099105,0.010292,0.020315,0.042356,0.002436,0.004705
0.012775,0.001598,0.507594,0.005196,0.199986,0.003661,0.000246,0.053860,0.199802,0.015282
0.016690,0.010564,0.010366,0.135212,0.647176,0.008401,0.080995,0.057648,0.016831,0.016115
0.040314,0.108369,0.024537,0.096386,0.260401,0.015144,0.074099,0.026189,0.252530,0.102030
0.041459,0.014581,0.012997,0.007937,0.495949,0.007008,0.007229,0.022962,0.151906,0.237971
0.032811,0.004457,0.015784,0.029942,0.224866,0.111346,0.003618,0.041641,0.500184,0.035351
0.110635,0.188513,0.080249,0.012900,0.449735,0.027399,0.025796,0.090255,0.009320,0.005198
0.005450,0.003187,0.007291,0.047216,0.325907,0.135581,0.061914,0.028849,0.379724,0.004882
0.019955,0.085993,0.190321,0.012672,0.427780,0.035764,0.042169,0.071461,0.095659,0.018226
0.009080,0.189004,0.010736,0.012718,0.473070,0.096916,0.095493,0.030278,0.073787,0.008918
0.103304,0.082999,0.048462,0.080592,0.033641,0.083147,0.412116,0.065185,0.044624,0.045930
0.047709,0.013457,0.011007,0.132490,0.355395,0.003573,0.054626,0.045517,0.254923,0.081303
0.011404,0.030207,0.014425,0.020380,0.790272,0.008275,0.049484,0.024027,0.011774,0.039752
0.009276,0.000576,0.450832,0.043207,0.284923,0.016431,0.000911,0.011001,0.179098,0.003744
0.108955,0.082293,0.160212,0.057894,0.026411,0.086032,0.252648,0.128431,0.034118,0.063004
0.002258,0.003599,0.418377,0.014346,0.354235,0.010199,0.031298,0.011717,0.039267,0.114705
0.012610,0.003278,0.703434,0.038747,0.143586,0.010171,0.002801,0.030930,0.039966,0.014477
0.001024,0.000302,0.805986,0.019125,0.137857,0.009974,0.000395,0.005786,0.001776,0.017774
0.000821,0.000811,0.704328,0.003970,0.205783,0.006923,0.009356,0.020401,0.028436,0.019171
0.009678,0.001584,0.650449,0.011773,0.212664,0.016351,0.051150,0.013464,0.012717,0.020171
0.005533,0.004364,0.007215,0.021604,0.863808,0.012174,0.006639,0.017889,0.014439,0.046335
0.022027,0.006218,0.007569,0.044213,0.438753,0.080686,0.003851,0.023148,0.324405,0.049130
0.010771,0.002254,0.526080,0.004971,0.379509,0.029310,0.008798,0.015143,0.021692,0.001473
0.129319,0.103516,0.176920,0.068464,0.051195,0.116595,0.166817,0.079205,0.058172,0.049798
0.005433,0.180763,0.473103,0.001349,0.264018,0.012886,0.041283,0.015153,0.000983,0.005029
0.034739,0.011164,0.009929,0.010123,0.227599,0.105480,0.033856,0.039707,0.482757,0.044646
0.008379,0.009561,0.011386,0.022519,0.846547,0.005649,0.033123,0.036431,0.007737,0.018666
0.075543,0.011094,0.033192,0.018963,0.566074,0.015427,0.072304,0.092379,0.099320,0.015703
0.014130,0.002662,0.745582,0.001701,0.158691,0.000594,0.033877,0.009514,0.028061,0.005188
0.058919,0.049782,0.027930,0.009527,0.552728,0.011105,0.044335,0.099894,0.119403,0.026377
0.002812,0.000779,0.600084,0.018373,0.269720,0.015497,0.002528,0.033530,0.051321,0.005356
0.004689,0.001726,0.882409,0.005011,0.055431,0.002771,0.011724,0.011375,0.009462,0.015403
0.002983,0.110257,0.554002,0.036311,0.218176,0.008278,0.007184,0.001943,0.035314,0.025552
0.002866,0.002218,0.639040,0.002591,0.229744,0.000227,0.009933,0.005340,0.036605,0.071436
0.004677,0.002445,0.446141,0.038859,0.161074,0.001893,0.010675,0.010945,0.309226,0.014065
0.048957,0.008824,0.011250,0.210170,0.384843,0.123256,0.028881,0.110736,0.057839,0.015244
0.009240,0.007533,0.248397,0.006186,0.172847,0.014900,0.062317,0.097878,0.319324,0.061377
0.021584,0.006448,0.006184,0.009701,0.692622,0.010266,0.005121,0.013404,0.068829,0.165840
0.035759,0.000668,0.718614,0.006026,0.123578,0.024168,0.037866,0.022654,0.028854,0.001811
0.004175,0.083780,0.525932,0.007330,0.356354,0.003473,0.009403,0.006857,0.000831,0.001866
0.006833,0.000561,0.833235,0.024764,0.093052,0.000502,0.015880,0.008655,0.002783,0.013735
0.004164,0.001469,0.215713,0.080852,0.256772,0.044411,0.003484,0.024303,0.052579,0.316254
0.009727,0.004170,0.020699,0.032852,0.573781,0.188728,0.014016,0.056014,0.088827,0.011187
0.092188,0.081882,0.147960,0.056109,0.087616,0.151671,0.113932,0.059637,0.065616,0.143387
0.006003,0.000724,0.913002,0.014726,0.029724,0.000583,0.016462,0.016175,0.000579,0.002022
0.008866,0.157775,0.005196,0.003597,0.344223,0.018704,0.025016,0.050877,0.330187,0.055561
0.045656,0.056580,0.445455,0.021230,0.256244,0.044137,0.035407,0.047615,0.027873,0.019802
0.021124,0.001527,0.667754,0.008631,0.144714,0.010177,0.047510,0.030965,0.007727,0.059871
0.085607,0.106639,0.064498,0.102842,0.054214,0.113491,0.199778,0.061560,0.129256,0.082115
0.006476,0.009131,0.011106,0.117112,0.254401,0.107515,0.006146,0.050243,0.414831,0.023038
0.001674,0.000574,0.872368,0.005828,0.058047,0.011952,0.000727,0.006930,0.038274,0.003627
0.000959,0.001738,0.705666,0.003454,0.255952,0.000550,0.002470,0.015424,0.012521,0.001265
0.108125,0.087549,0.109368,0.098938,0.065168,0.111057,0.149806,0.097990,0.087028,0.084970
0.008439,0.184594,0.009027,0.128209,0.472423,0.046895,0.019385,0.022050,0.083604,0.025374
0.001451,0.058649,0.831905,0.005154,0.034755,0.006574,0.006291,0.052110,0.001081,0.002028
0.019753,0.001869,0.004909,0.014676,0.179131,0.032515,0.046939,0.038336,0.520093,0.141779
0.005965,0.000334,0.584656,0.010090,0.171900,0.008734,0.016552,0.023714,0.156562,0.021495
0.000663,0.087437,0.583736,0.006388,0.272258,0.014317,0.016404,0.007458,0.009038,0.002301
0.008890,0.000526,0.263412,0.003905,0.140962,0.004532,0.012447,0.008370,0.533364,0.023591
0.026468,0.002352,0.004999,0.073170,0.611750,0.033502,0.043569,0.070437,0.101402,0.032352
0.003499,0.000794,0.770377,0.005355,0.188669,0.003088,0.006745,0.006854,0.010445,0.004175
0.091284,0.097305,0.180309,0.049226,0.059183,0.098326,0.161576,0.151751,0.060765,0.050275
0.001498,0.001556,0.760418,0.023002,0.131872,0.001441,0.000930,0.002543,0.071353,0.005388
0.003674,0.002841,0.588292,0.004698,0.232909,0.003053,0.003327,0.030961,0.119613,0.010631
0.004925,0.008068,0.892995,0.005653,0.072377,0.000267,0.002043,0.008922,0.004209,0.000541
0.001657,0.001501,0.519993,0.006821,0.380869,0.009160,0.022855,0.011305,0.044545,0.001294
0.111037,0.008146,0.017537,0.169198,0.467091,0.070591,0.012352,0.078643,0.010337,0.055068
0.007525,0.002475,0.607857,0.011915,0.329641,0.001070,0.014691,0.011876,0.010753,0.002195
0.013426,0.003478,0.727946,0.006302,0.116365,0.013237,0.018284,0.016777,0.081920,0.002266
0.031153,0.013477,0.340684,0.022278,0.361844,0.062849,0.007643,0.058197,0.087280,0.014595
0.044578,0.007018,0.010730,0.069577,0.715638,0.005058,0.008142,0.077078,0.018177,0.044004
0.080262,0.094202,0.176139,0.110926,0.075878,0.129573,0.124801,0.064019,0.071659,0.072540
0.056667,0.002814,0.102338,0.013644,0.389430,0.043319,0.003529,0.027496,0.331432,0.029331
0.005670,0.001992,0.922225,0.003952,0.045214,0.001008,0.001577,0.012091,0.002466,0.003806
0.028666,0.048398,0.495247,0.026979,0.168681,0.057963,0.054118,0.054433,0.034196,0.031320
0.011452,0.011053,0.007796,0.143577,0.595597,0.062945,0.036325,0.072934,0.022377,0.035945
0.003374,0.001329,0.185895,0.012907,0.152307,0.007835,0.015153,0.005953,0.613287,0.001960
0.033218,0.010557,0.141506,0.141753,0.524452,0.040689,0.002994,0.018182,0.078123,0.008526
0.030029,0.001159,0.006307,0.114133,0.382175,0.052808,0.035534,0.026185,0.108146,0.243525
0.004184,0.000372,0.632105,0.001799,0.222785,0.000275,0.009605,0.006161,0.109724,0.012990
0.002694,0.003716,0.472227,0.020569,0.347773,0.021308,0.053356,0.011719,0.061380,0.005258
0.124742,0.027830,0.040602,0.027074,0.362967,0.022161,0.024888,0.112065,0.088515,0.169157
0.001499,0.000525,0.883772,0.015251,0.044579,0.002764,0.020751,0.021884,0.008463,0.000512
0.008049,0.000478,0.437600,0.004622,0.407741,0.021610,0.024597,0.039224,0.025419,0.030660
0.000877,0.072025,0.309660,0.004335,0.115586,0.007238,0.078914,0.003982,0.405617,0.001765
0.047421,0.060928,0.242728,0.076901,0.145887,0.078086,0.060875,0.029347,0.202366,0.055460
0.068295,0.026827,0.027953,0.017300,0.468885,0.120828,0.010909,0.068246,0.038841,0.151916
0.009983,0.009562,0.015806,0.221989,0.474159,0.009080,0.133207,0.048851,0.066071,0.011292
0.003029,0.001473,0.525726,0.029245,0.345342,0.016644,0.005687,0.053019,0.001139,0.018696
0.136637,0.113482,0.141757,0.090924,0.100037,0.104665,0.102645,0.051589,0.068292,0.089972
0.010153,0.009640,0.018494,0.143812,0.334163,0.009143,0.063923,0.054332,0.346103,0.010238
0.008046,0.002383,0.549101,0.043414,0.347454,0.017648,0.022821,0.006833,0.001374,0.000927
0.071756,0.061986,0.165243,0.039603,0.190731,0.119191,0.071632,0.043841,0.191411,0.044606
0.044305,0.099903,0.162472,0.034169,0.203882,0.089319,0.141986,0.066939,0.089300,0.067724
0.029106,0.003272,0.798222,0.014819,0.097006,0.011417,0.002487,0.039519,0.002427,0.001726
0.080642,0.156465,0.162708,0.036373,0.345771,0.034835,0.048168,0.063439,0.040104,0.031495
0.003588,0.064118,0.695219,0.002049,0.204137,0.003526,0.024383,0.001420,0.000951,0.000609
0.025997,0.002597,0.627705,0.003815,0.085666,0.001031,0.015560,0.080650,0.001489,0.155490
0.015515,0.001353,0.003494,0.037101,0.687170,0.022125,0.011490,0.016337,0.024945,0.180469
0.001564,0.002982,0.216439,0.007936,0.166955,0.009927,0.010312,0.004612,0.571479,0.007794
0.006420,0.002069,0.638464,0.004008,0.270359,0.017952,0.008823,0.033475,0.004170,0.014259
0.009216,0.001608,0.523527,0.008851,0.387408,0.008678,0.008508,0.033121,0.015052,0.004030
0.011491,0.002226,0.558855,0.012780,0.290371,0.010172,0.000775,0.083731,0.024793,0.004805
0.000782,0.079296,0.407314,0.004755,0.306750,0.006883,0.032578,0.006785,0.129874,0.024984
0.014089,0.014542,0.022828,0.122694,0.403831,0.012302,0.042778,0.059100,0.293148,0.014688
0.056169,0.222005,0.004937,0.066758,0.277910,0.054737,0.026262,0.170242,0.114571,0.006409
0.001264,0.060795,0.690948,0.022397,0.197512,0.000743,0.010281,0.005605,0.009230,0.001226
0.012980,0.002120,0.609738,0.014510,0.070118,0.000623,0.020192,0.036305,0.215361,0.018053
0.007955,0.001770,0.524743,0.046304,0.328800,0.006923,0.042124,0.010007,0.020717,0.010658
0.026165,0.001863,0.144950,0.022635,0.650723,0.051698,0.002116,0.027211,0.017175,0.055463
0.028235,0.249833,0.012541,0.016505,0.402732,0.093255,0.027178,0.102443,0.056310,0.010968
0.007163,0.012728,0.420382,0.005145,0.192381,0.015910,0.004155,0.016044,0.317834,0.008258
0.108092,0.100912,0.068395,0.111294,0.047926,0.113013,0.197893,0.062365,0.102960,0.087151
0.042670,0.234451,0.003855,0.037686,0.327393,0.021276,0.020332,0.182824,0.081020,0.048492
0.000615,0.060597,0.863068,0.001557,0.042505,0.009132,0.009699,0.009390,0.002327,0.001111
0.005061,0.092319,0.538614,0.003411,0.271156,0.003498,0.013456,0.006254,0.053891,0.012340
0.046229,0.014026,0.032189,0.176754,0.399473,0.013222,0.080454,0.087981,0.017245,0.132426
0.035547,0.007661,0.010083,0.010455,0.700120,0.004254,0.069392,0.060532,0.035992,0.065964
0.004580,0.130581,0.382564,0.000966,0.302685,0.011265,0.000911,0.020306,0.143198,0.002945
0.013886,0.000781,0.594505,0.075493,0.128741,0.030139,0.026791,0.007515,0.074258,0.047891
0.015635,0.041827,0.431625,0.015152,0.239081,0.052663,0.044238,0.040733,0.099687,0.019359
0.006079,0.000953,0.482119,0.005708,0.369808,0.012583,0.032932,0.053976,0.004095,0.031747
0.003176,0.001865,0.007735,0.012173,0.829197,0.068283,0.014869,0.020197,0.034171,0.008332
0.001974,0.008059,0.718305,0.070075,0.071457,0.001198,0.010101,0.019542,0.064862,0.034426
0.010360,0.004634,0.014707,0.020597,0.375230,0.046190,0.066330,0.038488,0.067013,0.356452
0.007999,0.286828,0.019803,0.029576,0.401628,0.099215,0.007052,0.057903,0.073997,0.015999
0.023723,0.006379,0.133885,0.011698,0.535326,0.017562,0.104550,0.041188,0.101339,0.024349
0.002907,0.002326,0.320139,0.004243,0.051979,0.005192,0.006002,0.012146,0.588222,0.006842
0.028072,0.005500,0.011747,0.015650,0.661258,0.075827,0.010007,0.059517,0.113581,0.018840
0.001397,0.001193,0.674308,0.048674,0.148622,0.017003,0.016546,0.037403,0.023691,0.031163
0.013155,0.007914,0.030373,0.015997,0.360266,0.014889,0.013547,0.023295,0.235737,0.284828
0.005950,0.063919,0.542383,0.001412,0.334072,0.001174,0.005950,0.021043,0.001468,0.022629
0.001038,0.138461,0.562218,0.001209,0.107198,0.022665,0.020087,0.040593,0.066546,0.039984
0.012484,0.001949,0.554783,0.004851,0.352659,0.034255,0.000868,0.028250,0.007914,0.001989
0.008032,0.003278,0.683910,0.007551,0.236520,0.031986,0.003597,0.010133,0.010775,0.004218
0.015209,0.004084,0.680819,0.104450,0.121111,0.030892,0.003923,0.018623,0.015327,0.005562
0.058721,0.019494,0.022062,0.070764,0.465095,0.031944,0.003808,0.089142,0.093785,0.145184
0.002694,0.000485,0.706972,0.005676,0.132088,0.002576,0.003264,0.003209,0.097424,0.045614
0.018557,0.010657,0.030676,0.267188,0.441736,0.044349,0.005023,0.082291,0.038278,0.061244
0.063560,0.072953,0.043178,0.043821,0.072594,0.069828,0.411216,0.088426,0.060527,0.073898
0.102265,0.091685,0.093738,0.098982,0.063038,0.085542,0.157040,0.149513,0.074609,0.083589
0.005630,0.000262,0.814359,0.001077,0.027928,0.000658,0.010368,0.008338,0.130827,0.000554
0.026415,0.006362,0.006555,0.070428,0.512545,0.004142,0.038142,0.110770,0.211973,0.012668
0.034674,0.013314,0.009006,0.012160,0.684349,0.100063,0.033721,0.079242,0.023953,0.009517
0.002905,0.128269,0.487556,0.015336,0.257776,0.010186,0.037438,0.008530,0.028081,0.023922
0.004918,0.000604,0.570890,0.024405,0.363099,0.004720,0.001345,0.025481,0.002810,0.001729
