0.002044,0.002754,0.504197,0.008266,0.381105,0.021960,0.027035,0.007999,0.040709,0.003930
0.007170,0.000946,0.463880,0.029880,0.361101,0.025494,0.043732,0.023868,0.039026,0.004903
0.040056,0.017898,0.545140,0.022863,0.195928,0.023045,0.010638,0.050643,0.007263,0.086526
0.017858,0.253361,0.004302,0.068259,0.352724,0.040797,0.045311,0.141173,0.005862,0.070353
0.002859,0.136813,0.764322,0.001219,0.047454,0.006954,0.011614,0.000680,0.006577,0.021510
0.029930,0.010488,0.626210,0.008152,0.097574,0.002291,0.002143,0.004049,0.204268,0.014896
0.006365,0.003186,0.368722,0.006237,0.143349,0.004502,0.010951,0.005936,0.445450,0.005301
0.152918,0.100025,0.058021,0.048839,0.039823,0.104480,0.231078,0.121747,0.073578,0.069491
0.007479,0.002609,0.019055,0.086981,0.266634,0.043511,0.005755,0.033016,0.511364,0.023596
0.009296,0.010210,0.005506,0.123858,0.640559,0.036858,0.026481,0.064565,0.007574,0.075093
0.005921,0.000746,0.685234,0.004174,0.271670,0.006370,0.016704,0.006483,0.001227,0.001470
0.001401,0.000995,0.436554,0.018954,0.320157,0.012535,0.014642,0.027637,0.164488,0.002636
0.029140,0.002933,0.850086,0.007213,0.059310,0.002230,0.001624,0.019851,0.010771,0.016841
0.017210,0.003107,0.698826,0.010521,0.116902,0.017361,0.058861,0.009944,0.031542,0.035726
0.009980,0.001170,0.577761,0.033810,0.199497,0.014546,0.001195,0.028914,0.121534,0.011594
0.034931,0.138985,0.121552,0.039114,0.220136,0.148920,0.074623,0.102865,0.089293,0.029580
0.000990,0.049817,0.827679,0.001139,0.090843,0.000699,0.001443,0.018729,0.007744,0.000917
0.021639,0.012550,0.003799,0.019586,0.581655,0.002244,0.014555,0.096090,0.027649,0.220234
0.066779,0.113944,0.121832,0.088906,0.043175,0.102827,0.172617,0.144102,0.080328,0.065490
0.009241,0.008153,0.013500,0.122891,0.346983,0.157459,0.086489,0.026928,0.111685,0.116671
0.006168,0.000573,0.793257,0.044875,0.117108,0.000527,0.007539,0.004897,0.022924,0.002132
0.006098,0.002313,0.447139,0.021483,0.380684,0.020033,0.041385,0.054327,0.002234,0.024304
0.004621,0.001048,0.788132,0.024349,0.150888,0.003812,0.014117,0.006773,0.004091,0.002169
0.038179,0.003762,0.011221,0.030771,0.697924,0.064824,0.062985,0.047952,0.027477,0.014905
0.026840,0.337670,0.048365,0.009291,0.286350,0.088389,0.032775,0.093114,0.060027,0.017179
0.010080,0.160662,0.001532,0.049937,0.612550,0.019962,0.036085,0.006868,0.095755,0.006569
0.102694,0.015326,0.018641,0.056099,0.398567,0.007917,0.006561,0.107973,0.252696,0.033526
0.020382,0.002023,0.855799,0.025832,0.044138,0.000992,0.018996,0.010307,0.002372,0.019159
0.017736,0.004197,0.151742,0.016103,0.660219,0.024354,0.044119,0.031991,0.040029,0.009509
0.006820,0.006175,0.107168,0.044535,0.639079,0.025203,0.050165,0.030836,0.039771,0.050249
0.029987,0.006017,0.009170,0.097482,0.501260,0.092802,0.110016,0.034045,0.032295,0.086926
0.048123,0.011912,0.006701,0.092792,0.665494,0.024295,0.004670,0.032958,0.046421,0.066634
0.009009,0.000663,0.564177,0.010424,0.290210,0.010776,0.029245,0.016609,0.062328,0.006558
0.006015,0.000949,0.759814,0.029595,0.107536,0.012031,0.027528,0.025846,0.019908,0.010777
0.018820,0.078436,0.771089,0.000949,0.055340,0.015638,0.010402,0.004386,0.017853,0.027088
0.012558,0.198576,0.406604,0.047681,0.253822,0.009140,0.053476,0.008493,0.005628,0.004024
0.095682,0.097912,0.285568,0.073403,0.068969,0.075412,0.063341,0.064229,0.106079,0.069406
0.006693,0.001863,0.505990,0.020392,0.351526,0.011675,0.006537,0.081930,0.009602,0.003793
0.016069,0.002405,0.810066,0.008321,0.045196,0.000724,0.013950,0.045607,0.054163,0.003499
0.018451,0.004448,0.512276,0.033150,0.372250,0.017026,0.017354,0.011089,0.003764,0.010193
0.002406,0.002508,0.701783,0.010835,0.123111,0.033809,0.032810,0.009265,0.081500,0.001974
0.129746,0.095110,0.127578,0.056848,0.071929,0.073049,0.121790,0.118179,0.099580,0.106191
0.008498,0.000356,0.785880,0.031770,0.102473,0.000279,0.019323,0.010028,0.034670,0.006723
0.109630,0.119578,0.156963,0.065310,0.048257,0.095196,0.134318,0.126452,0.079789,0.064507
0.009041,0.008057,0.101730,0.126333,0.574040,0.013253,0.054866,0.024660,0.035396,0.052625
0.076729,0.155382,0.028109,0.032688,0.469696,0.021309,0.077039,0.060763,0.037115,0.041172
0.036714,0.005858,0.008784,0.093071,0.645019,0.071578,0.025810,0.054021,0.027721,0.031423
0.001830,0.003381,0.572973,0.028138,0.335761,0.006772,0.008397,0.008486,0.012499,0.021765
0.004184,0.004760,0.549891,0.036181,0.330319,0.014039,0.031916,0.012602,0.005550,0.010558
0.044362,0.185224,0.002749,0.063696,0.499968,0.034998,0.137039,0.020726,0.003747,0.007492
0.003232,0.005598,0.207706,0.020062,0.625457,0.031366,0.018786,0.031517,0.009036,0.047241
0.057472,0.012957,0.015354,0.029041,0.329594,0.160963,0.010181,0.082662,0.280498,0.021278
0.004433,0.006249,0.519280,0.016715,0.378261,0.024757,0.001763,0.021451,0.006148,0.020944
0.001783,0.141665,0.667564,0.002341,0.121105,0.002807,0.018488,0.037238,0.003608,0.003402
0.052219,0.210471,0.010536,0.100195,0.390344,0.094488,0.056620,0.049167,0.018222,0.017740
0.045500,0.056383,0.187093,0.028818,0.247631,0.074948,0.031106,0.054100,0.242828,0.031593
0.060854,0.111333,0.005924,0.018552,0.158000,0.018954,0.036215,0.162797,0.418642,0.008729
0.055778,0.004371,0.007314,0.071952,0.633033,0.005014,0.049736,0.031714,0.120045,0.021043
0.042230,0.275348,0.014054,0.014249,0.315389,0.059787,0.068530,0.012487,0.184556,0.013371
0.006916,0.233082,0.012247,0.026954,0.407850,0.109424,0.062233,0.074550,0.061167,0.005578
0.014020,0.002268,0.732916,0.009023,0.128399,0.031814,0.015438,0.011346,0.005862,0.048915
0.000703,0.000296,0.631398,0.005177,0.289681,0.025708,0.015137,0.006781,0.014690,0.010429
0.003789,0.133547,0.447552,0.030582,0.322502,0.013547,0.015006,0.001134,0.014568,0.017773
0.002187,0.001468,0.714117,0.032154,0.205232,0.005650,0.002085,0.009877,0.024912,0.002317
0.011499,0.002803,0.533937,0.011835,0.298885,0.009969,0.012843,0.012505,0.009301,0.096424
0.026007,0.002880,0.006240,0.063676,0.141835,0.113338,0.002429,0.027058,0.595030,0.021507
0.021709,0.014002,0.018334,0.040416,0.542757,0.010520,0.048334,0.027125,0.252127,0.024676
0.005132,0.039569,0.323307,0.002102,0.177193,0.006302,0.017582,0.003100,0.409005,0.016707
0.005075,0.032953,0.466973,0.018956,0.082581,0.003341,0.015824,0.012498,0.347540,0.014258
0.078541,0.016749,0.518417,0.034490,0.162927,0.009475,0.011869,0.031291,0.122025,0.014218
0.080083,0.011072,0.010592,0.012891,0.295922,0.005920,0.032516,0.211142,0.309732,0.030130
0.002065,0.000694,0.704056,0.003620,0.234908,0.000712,0.022643,0.003939,0.021538,0.005824
0.103592,0.097527,0.042954,0.062001,0.027816,0.093113,0.357561,0.060318,0.043458,0.111660
0.000497,0.000949,0.651573,0.006856,0.150900,0.003693,0.017640,0.008321,0.158560,0.001012
0.001791,0.000289,0.482699,0.036046,0.106659,0.024822,0.021981,0.014437,0.302379,0.008897
0.001479,0.001886,0.849586,0.008626,0.045045,0.004654,0.018281,0.060807,0.008167,0.001468
0.003488,0.000956,0.002161,0.028993,0.369021,0.024023,0.039204,0.047702,0.310692,0.173760
0.008081,0.087072,0.677619,0.002954,0.038446,0.001132,0.049030,0.038535,0.094541,0.002588
0.099731,0.009417,0.011969,0.122172,0.224116,0.006877,0.033551,0.288089,0.084012,0.120066
0.027760,0.008432,0.099264,0.031542,0.672212,0.020214,0.002379,0.033265,0.044427,0.060506
0.016213,0.006950,0.851340,0.011551,0.047646,0.001068,0.021731,0.015839,0.020714,0.006947
0.014600,0.000855,0.728459,0.007053,0.178166,0.000601,0.005990,0.049794,0.011713,0.002769
0.005494,0.006580,0.617087,0.004784,0.061690,0.003070,0.002578,0.020299,0.248895,0.029523
0.080368,0.110104,0.095906,0.091776,0.171199,0.107089,0.111269,0.052358,0.074157,0.105773
0.009404,0.001916,0.649235,0.026360,0.217243,0.005262,0.026135,0.033797,0.020056,0.010592
0.020229,0.000972,0.706616,0.008444,0.065504,0.001107,0.045092,0.012064,0.006766,0.133207
0.002517,0.003165,0.895462,0.000967,0.039571,0.000556,0.014846,0.011331,0.028504,0.003081
0.012336,0.000244,0.821236,0.001391,0.136700,0.000186,0.015573,0.003817,0.006411,0.002106
0.009053,0.005724,0.402043,0.015978,0.273802,0.046994,0.002126,0.059101,0.150666,0.034512
0.032418,0.005400,0.008569,0.015191,0.509586,0.003751,0.013556,0.116838,0.053504,0.241186
0.002733,0.000967,0.553968,0.007162,0.113911,0.016479,0.002907,0.012111,0.273111,0.016650
0.003460,0.000705,0.616230,0.037371,0.257561,0.016404,0.021942,0.013971,0.022200,0.010156
0.011430,0.001276,0.264625,0.020133,0.204642,0.020393,0.002277,0.055869,0.145336,0.274018
0.008361,0.000258,0.663934,0.007058,0.266145,0.005712,0.019893,0.006071,0.011699,0.010869
0.077681,0.111487,0.101770,0.104609,0.057603,0.114647,0.144640,0.129725,0.081964,0.075873
0.009397,0.000276,0.859249,0.003897,0.076912,0.004974,0.015814,0.004763,0.006757,0.017960
0.037504,0.005996,0.007777,0.012679,0.325550,0.117727,0.053966,0.042720,0.068385,0.327696
0.000572,0.045222,0.857482,0.003251,0.052491,0.007137,0.022998,0.001836,0.006851,0.002158
0.006930,0.006290,0.004768,0.014202,0.543705,0.003170,0.040664,0.013048,0.154962,0.212260
0.010678,0.000608,0.688173,0.007601,0.061265,0.011100,0.001169,0.102634,0.009511,0.107262
0.011061,0.002839,0.554077,0.039379,0.325431,0.013465,0.021760,0.015894,0.011183,0.004910
0.012316,0.009223,0.596877,0.032302,0.315359,0.002435,0.002656,0.010000,0.006031,0.012802
0.007113,0.000208,0.907072,0.022245,0.032041,0.004779,0.016021,0.003183,0.000913,0.006424
0.023047,0.047010,0.322682,0.009147,0.378493,0.014724,0.036665,0.089402,0.047736,0.031095
0.006566,0.001014,0.481608,0.010590,0.124597,0.017303,0.002405,0.027239,0.290355,0.038323
0.015420,0.005416,0.759308,0.006111,0.117094,0.013037,0.017131,0.026106,0.004141,0.036235
0.087167,0.003676,0.021222,0.147372,0.406184,0.149017,0.006231,0.046104,0.025112,0.107915
0.043803,0.007656,0.177529,0.122661,0.458057,0.044567,0.004168,0.033984,0.029810,0.077764
0.031173,0.373892,0.009831,0.057986,0.314923,0.078020,0.060477,0.046212,0.011518,0.015968
0.128185,0.023438,0.024588,0.069877,0.451470,0.015049,0.071101,0.127531,0.057496,0.031265
0.004872,0.001621,0.602202,0.007163,0.316994,0.006956,0.000221,0.005784,0.050943,0.003244
0.001045,0.000128,0.717374,0.002156,0.030224,0.006216,0.003999,0.006657,0.219374,0.012827
0.009240,0.001186,0.495171,0.028504,0.362801,0.011330,0.050754,0.023007,0.013184,0.004823
0.019725,0.091671,0.565852,0.002333,0.221609,0.006152,0.030874,0.005296,0.023583,0.032906
0.004219,0.001588,0.698328,0.018946,0.208460,0.000360,0.007575,0.049437,0.003061,0.008026
0.003261,0.000978,0.690799,0.021505,0.216580,0.003249,0.000138,0.006273,0.008778,0.048438
0.039952,0.008008,0.011400,0.029220,0.732906,0.007659,0.021653,0.098606,0.039996,0.010599
0.007937,0.001092,0.736882,0.054846,0.097148,0.019177,0.035249,0.014415,0.025069,0.008185
0.050922,0.059462,0.349090,0.049628,0.161166,0.089419,0.057370,0.042292,0.089769,0.050882
0.018351,0.001137,0.730837,0.036941,0.113251,0.024892,0.001503,0.026554,0.029414,0.017121
0.011199,0.008391,0.311412,0.009982,0.057218,0.016295,0.004981,0.125635,0.437678,0.017208
0.068472,0.011826,0.497162,0.029851,0.314261,0.006512,0.006828,0.015954,0.013356,0.035778
0.002290,0.000495,0.499373,0.030435,0.382172,0.029027,0.020717,0.010462,0.013400,0.011628
0.015366,0.004067,0.016199,0.025735,0.369216,0.168257,0.055931,0.076227,0.227339,0.041665
0.008043,0.000971,0.551733,0.012110,0.308766,0.039521,0.000765,0.020640,0.050139,0.007312
0.009388,0.006046,0.813421,0.034523,0.058214,0.001532,0.016906,0.015916,0.015199,0.028855
0.081439,0.003058,0.008969,0.116480,0.203215,0.057505,0.080080,0.359208,0.073406,0.016639
0.015355,0.000729,0.614300,0.033382,0.221521,0.021092,0.024992,0.050361,0.012409,0.005859
0.007742,0.000492,0.685128,0.020714,0.189719,0.000359,0.027747,0.048549,0.004082,0.015467
0.005850,0.001255,0.773419,0.004481,0.166827,0.003986,0.013012,0.021507,0.006837,0.002825
0.003223,0.098723,0.598900,0.007485,0.256562,0.004934,0.012864,0.007659,0.004312,0.005337
0.140564,0.114656,0.086827,0.088452,0.059179,0.086977,0.173087,0.099173,0.073866,0.077218
0.019827,0.001041,0.563042,0.020097,0.293486,0.000716,0.007427,0.013309,0.070115,0.010941
0.004374,0.000624,0.774465,0.006316,0.043904,0.001132,0.031097,0.032986,0.011129,0.093974
0.009450,0.003296,0.504160,0.035012,0.270794,0.012395,0.072180,0.018758,0.051346,0.022611
0.004499,0.001363,0.654826,0.021629,0.247992,0.014780,0.017722,0.010599,0.002335,0.024255
0.009613,0.006873,0.006335,0.076205,0.751922,0.068662,0.019361,0.034428,0.006237,0.020365
0.018337,0.000549,0.453953,0.035605,0.256759,0.005312,0.025956,0.004216,0.190653,0.008660
0.104961,0.109840,0.107454,0.080047,0.072894,0.114257,0.125787,0.119942,0.099163,0.065655
0.003379,0.000696,0.730600,0.008221,0.099024,0.018768,0.038963,0.080456,0.013240,0.006652
0.058223,0.153223,0.005141,0.010827,0.523482,0.070081,0.022881,0.142869,0.006389,0.006885
0.003605,0.082503,0.681525,0.005074,0.177017,0.010528,0.019595,0.002024,0.016991,0.001139
0.068120,0.113903,0.329790,0.066715,0.079079,0.052478,0.062188,0.121362,0.068565,0.037800
0.074583,0.115719,0.188922,0.063080,0.056998,0.111831,0.133602,0.082780,0.090452,0.082033
0.010148,0.002235,0.531656,0.011232,0.365650,0.026628,0.023650,0.010347,0.007982,0.010472
0.094743,0.104322,0.245454,0.064852,0.113715,0.067486,0.059847,0.142138,0.062405,0.045039
0.040982,0.005062,0.009654,0.068563,0.226759,0.050383,0.060312,0.014265,0.512116,0.011905
0.019755,0.212176,0.016292,0.014043,0.327546,0.043160,0.017565,0.034480,0.164786,0.150196
0.029384,0.001285,0.682956,0.009033,0.053165,0.001029,0.025832,0.073635,0.121550,0.002131
0.011461,0.002056,0.683696,0.010218,0.257985,0.000636,0.006031,0.008911,0.004656,0.014351
0.117590,0.009876,0.014642,0.017058,0.375087,0.170266,0.082981,0.191016,0.010855,0.010628
0.003736,0.001594,0.710344,0.020755,0.052373,0.001392,0.020554,0.054002,0.014064,0.121184
0.033424,0.055815,0.254529,0.047666,0.366358,0.041164,0.018865,0.089534,0.035605,0.057040
0.035334,0.035371,0.018970,0.193961,0.383086,0.048847,0.031411,0.096614,0.121565,0.034841
0.004384,0.001243,0.490287,0.036400,0.280596,0.019665,0.000901,0.008897,0.136903,0.020724
0.067582,0.013711,0.022453,0.042358,0.445453,0.033148,0.096651,0.083826,0.075990,0.118829
0.019070,0.164065,0.006062,0.035999,0.631879,0.019558,0.099160,0.009341,0.006794,0.008072
0.072498,0.128356,0.141379,0.063662,0.073316,0.114987,0.127519,0.074518,0.098255,0.105510
0.007734,0.039162,0.723650,0.009112,0.170620,0.001675,0.029198,0.003684,0.012094,0.003072
0.108481,0.120790,0.144906,0.102251,0.111229,0.079641,0.070500,0.046333,0.078009,0.137860
0.011503,0.007457,0.006993,0.030526,0.586365,0.004850,0.049304,0.032037,0.258270,0.012695
0.029637,0.274424,0.009414,0.053286,0.323060,0.026762,0.043272,0.051102,0.084145,0.104898
0.003922,0.095840,0.566578,0.001071,0.233661,0.018662,0.030126,0.029786,0.017671,0.002683
0.004476,0.000602,0.790103,0.041154,0.102217,0.006667,0.031472,0.008460,0.009879,0.004970
0.041752,0.043127,0.034111,0.036858,0.560427,0.021327,0.025464,0.092882,0.036290,0.107762
0.005521,0.000238,0.691581,0.028998,0.109279,0.000210,0.005900,0.000903,0.156765,0.000604
0.001724,0.122978,0.684778,0.020658,0.075970,0.013621,0.060305,0.002811,0.002780,0.014377
0.010358,0.014695,0.014383,0.170576,0.456414,0.123680,0.007485,0.083754,0.108374,0.010281
0.002947,0.161840,0.312815,0.011731,0.404178,0.006654,0.028200,0.052303,0.018206,0.001127
0.021394,0.000466,0.636131,0.008647,0.196425,0.014498,0.008806,0.048541,0.060389,0.004704
0.056193,0.006576,0.011338,0.046578,0.690041,0.054209,0.011367,0.054797,0.053868,0.015031
0.009247,0.001892,0.484975,0.026354,0.412976,0.006639,0.046535,0.005631,0.002788,0.002962
0.020359,0.019427,0.021648,0.034279,0.462123,0.125307,0.024542,0.119048,0.014718,0.158549
0.004665,0.001165,0.491560,0.024808,0.359689,0.013809,0.020707,0.062563,0.016009,0.005026
0.028257,0.110361,0.009521,0.055323,0.500386,0.006210,0.021010,0.013830,0.241490,0.013611
0.014079,0.009261,0.009503,0.080347,0.337045,0.005497,0.005467,0.088953,0.192747,0.257103
0.037854,0.021248,0.009113,0.029266,0.565167,0.079094,0.007519,0.128863,0.046248,0.075629
0.030157,0.002845,0.224354,0.015949,0.276857,0.033718,0.170688,0.042194,0.190865,0.012374
0.002839,0.000902,0.839799,0.019864,0.081080,0.015244,0.012952,0.016026,0.009344,0.001950
0.155815,0.017920,0.026422,0.093240,0.320971,0.064888,0.028988,0.092132,0.031140,0.168486
0.007479,0.001909,0.707615,0.004279,0.057104,0.002274,0.049568,0.016373,0.019818,0.133580
0.025275,0.149142,0.006590,0.047797,0.295187,0.071552,0.097744,0.170632,0.123843,0.012237
0.055609,0.006325,0.005404,0.024334,0.720576,0.095208,0.013553,0.031079,0.030673,0.017240
0.015716,0.000807,0.747706,0.010923,0.113937,0.037113,0.030258,0.023688,0.014263,0.005590
0.008656,0.000443,0.577427,0.007028,0.277806,0.011656,0.009158,0.048621,0.038143,0.021062
0.006142,0.004026,0.680950,0.014901,0.247435,0.017297,0.001370,0.012793,0.005209,0.009878
0.017098,0.128550,0.784800,0.006350,0.035204,0.011320,0.007476,0.008348,0.000444,0.000409
0.014090,0.000578,0.691574,0.007479,0.078504,0.016204,0.035398,0.066846,0.082914,0.006414
0.027820,0.016307,0.011806,0.127041,0.193266,0.091505,0.003861,0.265288,0.176790,0.086317
0.008849,0.004224,0.514693,0.048555,0.347849,0.011473,0.032471,0.019603,0.004918,0.007364
0.009771,0.040353,0.537528,0.014192,0.214213,0.001013,0.052582,0.019038,0.109216,0.002093
0.042205,0.001409,0.206102,0.115942,0.372008,0.064453,0.011702,0.099663,0.044049,0.042467
0.008616,0.001414,0.590580,0.023753,0.305901,0.000478,0.030438,0.008100,0.029601,0.001120
0.033448,0.189776,0.010098,0.180160,0.319776,0.035592,0.130908,0.056330,0.016116,0.027795
0.002921,0.055079,0.786395,0.000396,0.030217,0.010873,0.000672,0.008562,0.103719,0.001164
0.015268,0.001737,0.536654,0.006761,0.352715,0.004006,0.018585,0.027991,0.035295,0.000987
0.005886,0.070100,0.438710,0.001719,0.318447,0.001102,0.018154,0.022437,0.002000,0.121446
0.007839,0.001486,0.706555,0.041050,0.090196,0.010975,0.022206,0.077579,0.008805,0.033308
0.025182,0.003860,0.827968,0.003102,0.053111,0.000968,0.021369,0.018059,0.013618,0.032764
0.105363,0.226800,0.021714,0.007484,0.304872,0.104159,0.011797,0.052912,0.147727,0.017171
0.024026,0.005818,0.005115,0.012927,0.130174,0.060043,0.033585,0.033340,0.647575,0.047397
0.009026,0.004659,0.003060,0.064613,0.640133,0.002128,0.052650,0.016743,0.162534,0.044455
0.001786,0.000507,0.689701,0.002589,0.082030,0.000354,0.022480,0.005237,0.174896,0.020419
0.003693,0.182181,0.012756,0.080161,0.509269,0.060960,0.069557,0.043194,0.033091,0.005138
0.011866,0.006941,0.197313,0.087223,0.547230,0.024220,0.010437,0.046395,0.052401,0.015975
0.036086,0.007211,0.327652,0.021805,0.276927,0.058502,0.046389,0.028186,0.191522,0.005721
0.071647,0.089044,0.163404,0.054954,0.031968,0.090810,0.182574,0.154781,0.065037,0.095781
0.001064,0.244308,0.473090,0.033170,0.200363,0.010135,0.001766,0.027826,0.006753,0.001524
0.011869,0.001607,0.405070,0.028706,0.060031,0.009824,0.000721,0.014681,0.438014,0.029477
0.001077,0.000259,0.841673,0.003336,0.046338,0.017035,0.000337,0.055876,0.015065,0.019004
0.017909,0.023201,0.017097,0.040823,0.585073,0.011432,0.011292,0.049971,0.215156,0.028047
0.021665,0.001924,0.774943,0.045294,0.068683,0.002093,0.052324,0.007102,0.018860,0.007112
0.002907,0.257628,0.462487,0.002963,0.193392,0.016157,0.031681,0.012476,0.000652,0.019658
0.100290,0.125676,0.317845,0.041293,0.040846,0.049122,0.100961,0.085411,0.098278,0.040279
0.008107,0.007326,0.141651,0.016069,0.579526,0.022825,0.021529,0.033980,0.112031,0.056957
0.023856,0.002317,0.003797,0.064278,0.791059,0.052362,0.004925,0.020859,0.029328,0.007218
0.003257,0.003602,0.557296,0.024928,0.286898,0.022993,0.000551,0.081756,0.014365,0.004354
0.008429,0.001559,0.464799,0.071275,0.334292,0.015046,0.051755,0.017956,0.027617,0.007271
0.000643,0.000863,0.884636,0.020338,0.031304,0.007070,0.003130,0.016040,0.022798,0.013178
0.031129,0.004404,0.019228,0.087262,0.389041,0.167262,0.067960,0.165626,0.019540,0.048547
0.017883,0.000502,0.709903,0.024957,0.223700,0.000459,0.003315,0.002395,0.013532,0.003353
0.009025,0.018878,0.343082,0.063818,0.272917,0.037448,0.132232,0.037402,0.061362,0.023834
0.007540,0.090237,0.528047,0.017184,0.304939,0.001264,0.019815,0.026000,0.002377,0.002598
0.018543,0.000605,0.087086,0.015831,0.602098,0.021435,0.049394,0.117219,0.038685,0.049105
0.032085,0.010622,0.199183,0.075438,0.131326,0.014856,0.027749,0.071524,0.359261,0.077956
0.095498,0.013349,0.011900,0.046652,0.478706,0.082038,0.093250,0.058383,0.076049,0.044175
0.001134,0.119051,0.801868,0.000648,0.046849,0.010353,0.005938,0.008366,0.004821,0.000971
0.006033,0.003485,0.578986,0.031041,0.287655,0.019775,0.043890,0.011228,0.008473,0.009433
0.004744,0.362881,0.019467,0.081536,0.309414,0.024931,0.093413,0.055917,0.020990,0.026707
0.012284,0.000787,0.755500,0.016534,0.112638,0.000597,0.020287,0.024151,0.039792,0.017430
0.010859,0.000894,0.736750,0.045816,0.109478,0.010655,0.027345,0.020671,0.030441,0.007091
0.013496,0.002297,0.692443,0.010991,0.099031,0.031683,0.031760,0.024011,0.082658,0.011629
0.000525,0.000185,0.747860,0.021970,0.169615,0.011979,0.001314,0.018682,0.012141,0.015730
0.001515,0.000243,0.581506,0.024566,0.178211,0.004930,0.015415,0.009363,0.178794,0.005459
0.002511,0.060114,0.840623,0.006192,0.036320,0.006843,0.005190,0.009671,0.030600,0.001935
0.048912,0.189220,0.009503,0.062595,0.352232,0.098596,0.127409,0.037459,0.056928,0.017148
0.001391,0.001498,0.697842,0.013722,0.212808,0.005836,0.014929,0.010468,0.028186,0.013320
0.001313,0.001082,0.915137,0.002544,0.040831,0.014617,0.005936,0.011287,0.005300,0.001953
0.008056,0.003956,0.469974,0.027459,0.400117,0.024373,0.033702,0.014270,0.012309,0.005785
0.000694,0.261854,0.282720,0.012575,0.349285,0.007020,0.001242,0.053239,0.000524,0.030848
0.073790,0.025202,0.019481,0.077396,0.323977,0.015649,0.015918,0.058136,0.318395,0.072058
0.004234,0.281630,0.008232,0.006283,0.272007,0.108179,0.051524,0.110558,0.072310,0.085042
0.110566,0.126583,0.163781,0.045459,0.185292,0.043517,0.101274,0.083012,0.083018,0.057500
0.058432,0.005866,0.008108,0.066631,0.518138,0.023654,0.006120,0.016826,0.232991,0.063234
0.014546,0.011369,0.005988,0.084569,0.614869,0.061420,0.036049,0.073057,0.046721,0.051412
0.004858,0.104795,0.697668,0.014655,0.094796,0.009527,0.009155,0.014123,0.046226,0.004197
0.007715,0.003400,0.543229,0.026624,0.336619,0.016394,0.029461,0.014113,0.008263,0.014181
0.011969,0.008521,0.007270,0.078904,0.664855,0.004475,0.055718,0.043689,0.059344,0.065254
0.044168,0.169026,0.015921,0.147628,0.245330,0.007759,0.066784,0.173595,0.097322,0.032466
0.005485,0.001987,0.705868,0.014165,0.224285,0.002029,0.002410,0.015579,0.014636,0.013557
0.002275,0.001604,0.730172,0.026991,0.128746,0.000521,0.000387,0.010161,0.011879,0.087264
0.020486,0.010877,0.491552,0.012662,0.164145,0.047093,0.052745,0.021507,0.165032,0.013902
0.014496,0.017099,0.008686,0.049232,0.567578,0.034954,0.082642,0.060658,0.147698,0.016957
0.001466,0.164061,0.293901,0.001088,0.357331,0.005954,0.039304,0.002639,0.021443,0.112813
0.010582,0.167399,0.011368,0.050568,0.288885,0.057512,0.098577,0.016680,0.208665,0.089762
0.013642,0.000788,0.488192,0.009653,0.345335,0.026102,0.001494,0.045604,0.062954,0.006235
0.110975,0.084327,0.147190,0.081339,0.047711,0.086927,0.161553,0.129600,0.081756,0.068622
0.081242,0.254263,0.021182,0.092529,0.283053,0.038357,0.121754,0.024233,0.072058,0.011330
0.003831,0.000503,0.559981,0.016269,0.314663,0.017171,0.024369,0.056412,0.002564,0.004236
0.061550,0.003918,0.024960,0.058954,0.475149,0.097696,0.112604,0.091481,0.046381,0.027307
0.004674,0.238548,0.024200,0.006218,0.514982,0.048188,0.026735,0.103561,0.025186,0.007707
0.104516,0.118770,0.077647,0.070645,0.046860,0.118213,0.201803,0.076086,0.099755,0.085704
0.027838,0.001189,0.718920,0.014983,0.108755,0.026184,0.023418,0.019356,0.038585,0.020771
0.020889,0.001784,0.736153,0.011666,0.120818,0.026640,0.002580,0.016739,0.037963,0.024768
0.036149,0.000869,0.690076,0.058066,0.115174,0.032356,0.013301,0.026560,0.021958,0.005491
0.002751,0.185463,0.559065,0.002240,0.081354,0.005166,0.021256,0.105489,0.035949,0.001267
0.022055,0.155472,0.481224,0.035618,0.226040,0.005317,0.039152,0.031545,0.001120,0.002456
0.001868,0.206832,0.629488,0.016396,0.098512,0.008998,0.010511,0.001939,0.024396,0.001059
0.013301,0.000760,0.580767,0.007629,0.061381,0.017106,0.000805,0.058530,0.230796,0.028924
0.005899,0.004400,0.567635,0.007568,0.262963,0.008996,0.000443,0.011552,0.040229,0.090316
0.017827,0.000631,0.545365,0.021754,0.156544,0.000819,0.010356,0.015488,0.223761,0.007456
0.057055,0.006880,0.014025,0.103105,0.332083,0.129820,0.008262,0.075906,0.159985,0.112881
0.004234,0.004341,0.655004,0.009414,0.151408,0.028694,0.025420,0.027870,0.055322,0.038291
0.015906,0.027235,0.449603,0.013236,0.274196,0.000884,0.007886,0.056245,0.007992,0.146819
0.005664,0.000769,0.598545,0.060111,0.266714,0.012772,0.029193,0.012192,0.010095,0.003946
0.054412,0.014638,0.013809,0.046946,0.458282,0.166824,0.063310,0.059216,0.096393,0.026172
0.005390,0.011647,0.227673,0.014421,0.270648,0.070336,0.174128,0.063219,0.142929,0.019609
0.038868,0.004464,0.013920,0.057831,0.306993,0.135510,0.133366,0.184532,0.092468,0.032048
0.002046,0.020196,0.849749,0.004086,0.076625,0.000458,0.014842,0.001928,0.010349,0.019721
0.062974,0.121742,0.060073,0.083159,0.151144,0.130935,0.216765,0.069714,0.050092,0.053403
0.006942,0.011381,0.004960,0.080641,0.707917,0.047153,0.100884,0.019179,0.010520,0.010424
0.009868,0.001089,0.387382,0.023674,0.269778,0.004627,0.003696,0.057616,0.225035,0.017236
0.063277,0.023564,0.018414,0.053567,0.402305,0.089418,0.089096,0.101014,0.035463,0.123881
0.015440,0.001060,0.698602,0.042813,0.106948,0.018603,0.001412,0.021275,0.058480,0.035366
0.031276,0.256264,0.010213,0.051744,0.330513,0.061471,0.028636,0.044694,0.057441,0.127746
0.032297,0.089291,0.280868,0.053733,0.185470,0.056443,0.073204,0.088621,0.088670,0.051403
0.002094,0.000903,0.821115,0.027513,0.051416,0.009922,0.029702,0.013252,0.039321,0.004763
0.090072,0.114848,0.113543,0.143438,0.090616,0.085805,0.103737,0.053042,0.090145,0.114753
0.002215,0.126925,0.469525,0.003647,0.244093,0.013828,0.040895,0.067959,0.009317,0.021597
0.005390,0.005145,0.708368,0.101085,0.097986,0.010151,0.000614,0.025451,0.004556,0.041253
0.010504,0.334093,0.003141,0.008013,0.401225,0.037160,0.043863,0.056636,0.029101,0.076264
0.006842,0.000648,0.621904,0.029956,0.250841,0.006778,0.048384,0.013595,0.004541,0.016511
0.003086,0.001969,0.624777,0.019398,0.323608,0.000378,0.013755,0.006749,0.002125,0.004155
0.019425,0.005690,0.002163,0.042177,0.383496,0.021380,0.006130,0.018955,0.462608,0.037976
0.108492,0.064639,0.033834,0.090916,0.032564,0.054407,0.359649,0.115270,0.043072,0.097158
0.021878,0.006234,0.181051,0.077258,0.169751,0.023345,0.004896,0.046237,0.408013,0.061337
0.030069,0.052949,0.185207,0.015928,0.217702,0.026511,0.130527,0.078822,0.140585,0.121699
0.034430,0.000717,0.640504,0.012956,0.122822,0.021160,0.043404,0.029018,0.070820,0.024171
0.010019,0.001710,0.770522,0.045329,0.080741,0.012366,0.025528,0.047414,0.002076,0.004294
0.012500,0.001823,0.474955,0.009030,0.168726,0.003976,0.000322,0.065339,0.246713,0.016617
0.024708,0.009405,0.006232,0.122751,0.679866,0.005399,0.069256,0.049313,0.018123,0.014947
0.073568,0.096682,0.021965,0.109422,0.241624,0.014117,0.078932,0.025541,0.238415,0.099734
0.030301,0.011806,0.006959,0.016066,0.546143,0.004974,0.005641,0.013513,0.162478,0.202118
0.033106,0.003350,0.010423,0.027836,0.193427,0.064905,0.003323,0.047318,0.593256,0.023056
0.118183,0.155438,0.063360,0.014634,0.437604,0.032071,0.037983,0.118200,0.012082,0.010445
0.011154,0.002881,0.004499,0.029624,0.307067,0.131788,0.078418,0.013470,0.415842,0.005255
0.033720,0.068651,0.217771,0.034706,0.375042,0.049861,0.037068,0.065729,0.082088,0.035363
0.013931,0.166191,0.009876,0.014774,0.468976,0.104154,0.107410,0.032375,0.068587,0.013726
0.121971,0.105588,0.062679,0.104686,0.046465,0.104340,0.260063,0.071890,0.057629,0.064689
0.071925,0.010712,0.005367,0.117415,0.347531,0.002192,0.062797,0.046019,0.272924,0.063117
0.019423,0.030389,0.013259,0.025408,0.764984,0.008477,0.058986,0.021405,0.014405,0.043265
0.009364,0.000704,0.445593,0.030774,0.295659,0.015577,0.000916,0.008759,0.188168,0.004486
0.110659,0.079389,0.138493,0.044038,0.023821,0.078625,0.310882,0.132187,0.029505,0.052402
0.003553,0.004426,0.422410,0.017310,0.351308,0.008071,0.039964,0.012605,0.033727,0.106626
0.014414,0.003682,0.706677,0.057676,0.130696,0.013024,0.003590,0.023201,0.030628,0.016411
0.003485,0.000375,0.728272,0.032177,0.180913,0.017107,0.000599,0.006932,0.003504,0.026636
0.000741,0.000942,0.650508,0.003080,0.243225,0.007036,0.013190,0.030811,0.031601,0.018865
0.009140,0.001417,0.669048,0.018681,0.177820,0.018932,0.048248,0.019787,0.014776,0.022150
0.006416,0.004789,0.005389,0.026927,0.843183,0.014844,0.011502,0.026710,0.016889,0.043350
0.025677,0.005290,0.003626,0.055674,0.351172,0.069645,0.002490,0.025635,0.419504,0.041287
0.009898,0.001868,0.528423,0.007604,0.386346,0.026365,0.007237,0.011979,0.019152,0.001128
0.122793,0.122255,0.164078,0.062479,0.070166,0.129722,0.130144,0.070986,0.068195,0.059184
0.005492,0.172814,0.511763,0.002463,0.231602,0.009481,0.044950,0.016190,0.000915,0.004331
0.037461,0.010712,0.008138,0.019820,0.216966,0.107579,0.040071,0.032144,0.484931,0.042178
0.011421,0.012411,0.006090,0.040345,0.827390,0.003844,0.037808,0.034688,0.006463,0.019542
0.073259,0.012457,0.027594,0.027022,0.506412,0.012412,0.135207,0.089298,0.093589,0.022749
0.013701,0.003045,0.786013,0.010501,0.106301,0.000463,0.040082,0.007529,0.026279,0.006085
0.120875,0.046391,0.020555,0.018518,0.461221,0.010403,0.052773,0.119701,0.119978,0.029586
0.002959,0.000597,0.614809,0.023274,0.253862,0.012585,0.002992,0.030071,0.053525,0.005325
0.003575,0.001650,0.902603,0.006645,0.042131,0.002707,0.011986,0.009359,0.006656,0.012689
0.003414,0.099675,0.569804,0.046316,0.188117,0.010680,0.013395,0.001379,0.037167,0.030054
0.002518,0.002056,0.618292,0.005184,0.247946,0.000184,0.014133,0.004147,0.044171,0.061368
0.009301,0.003190,0.393496,0.024246,0.180538,0.001772,0.020291,0.012952,0.331483,0.022731
0.049716,0.011607,0.009988,0.124725,0.359804,0.164943,0.034014,0.157937,0.069957,0.017309
0.022472,0.029940,0.277199,0.028737,0.101918,0.034179,0.057982,0.140106,0.233269,0.074198
0.032603,0.008664,0.005188,0.022382,0.593405,0.015033,0.015181,0.023994,0.084642,0.198907
0.032847,0.000566,0.742102,0.010829,0.117140,0.019618,0.029786,0.016300,0.026035,0.004778
0.004532,0.077807,0.525335,0.012893,0.348380,0.003421,0.015241,0.009035,0.000898,0.002458
0.006890,0.000721,0.800146,0.032834,0.106313,0.000591,0.019578,0.011502,0.004636,0.016790
0.005942,0.001501,0.230668,0.104390,0.252558,0.055595,0.004982,0.020349,0.048393,0.275620
0.022264,0.003583,0.014333,0.048333,0.471837,0.217253,0.020544,0.081696,0.086980,0.033177
0.102813,0.099784,0.127947,0.067804,0.111559,0.110469,0.112221,0.067100,0.072745,0.127560
0.009174,0.001378,0.902546,0.007718,0.031959,0.000553,0.018725,0.024551,0.000708,0.002688
0.014992,0.138964,0.004263,0.006657,0.323559,0.026562,0.038667,0.068116,0.320315,0.057906
0.041881,0.042428,0.418816,0.033221,0.252916,0.053224,0.045079,0.052072,0.037194,0.023170
0.018572,0.000910,0.684578,0.016115,0.131385,0.012055,0.043488,0.031568,0.006732,0.054597
0.086263,0.112005,0.072410,0.107580,0.064618,0.122817,0.140595,0.068647,0.133547,0.091519
0.008394,0.009813,0.010285,0.068600,0.233533,0.131840,0.008623,0.054301,0.447013,0.027598
0.002925,0.000784,0.812456,0.007485,0.073958,0.020939,0.000959,0.009023,0.065653,0.005818
0.001500,0.002150,0.692887,0.006826,0.249616,0.000604,0.005434,0.023206,0.013772,0.004005
0.106507,0.096983,0.107539,0.098271,0.069932,0.107428,0.135215,0.099519,0.096371,0.082235
0.011376,0.163643,0.007038,0.139480,0.452427,0.058071,0.029284,0.020717,0.079493,0.038472
0.002694,0.066042,0.799635,0.008575,0.040227,0.005662,0.012040,0.062031,0.001072,0.002024
0.020258,0.001864,0.003911,0.011567,0.172728,0.025986,0.041158,0.036144,0.554518,0.131866
0.004421,0.000262,0.601479,0.013332,0.156745,0.006342,0.015309,0.021575,0.162226,0.018310
0.001247,0.088179,0.622526,0.011689,0.213903,0.020180,0.020373,0.009519,0.009210,0.003174
0.007344,0.000436,0.261378,0.003977,0.132942,0.005798,0.011595,0.008310,0.546842,0.021376
0.023516,0.001949,0.003471,0.073291,0.593268,0.037018,0.039048,0.108765,0.093760,0.025916
0.003642,0.000698,0.693881,0.003833,0.252825,0.005340,0.007954,0.009162,0.017027,0.005638
0.093532,0.113792,0.179922,0.048744,0.064801,0.096362,0.125640,0.145557,0.077884,0.053765
0.004224,0.004530,0.643607,0.039750,0.185866,0.002582,0.002352,0.003740,0.098395,0.014954
0.008884,0.007006,0.475568,0.017662,0.264064,0.006660,0.007420,0.057256,0.139168,0.016311
0.009095,0.010653,0.805098,0.013444,0.116224,0.000453,0.004717,0.033347,0.005694,0.001273
0.001480,0.001398,0.575500,0.012539,0.320273,0.011589,0.017466,0.007791,0.048969,0.002995
0.116830,0.011390,0.015404,0.173249,0.406662,0.090159,0.019925,0.090861,0.011285,0.064237
0.006976,0.004147,0.566970,0.007926,0.359051,0.000955,0.023854,0.012724,0.014397,0.003000
0.012466,0.002799,0.784566,0.009144,0.074219,0.014941,0.013451,0.010395,0.076082,0.001937
0.031689,0.016947,0.332242,0.048323,0.301842,0.082377,0.015740,0.069983,0.082131,0.018726
0.038090,0.009942,0.007904,0.080107,0.708759,0.004207,0.005798,0.086769,0.021840,0.036584
0.076424,0.135539,0.125944,0.101766,0.115225,0.141674,0.092427,0.065830,0.074611,0.070560
0.057744,0.001952,0.089030,0.024101,0.362493,0.032663,0.005413,0.020568,0.378533,0.027504
0.005120,0.002264,0.911987,0.006437,0.047106,0.000793,0.000937,0.018901,0.002835,0.003621
0.033372,0.054354,0.457402,0.028469,0.153002,0.053620,0.082361,0.059548,0.037093,0.040778
0.013481,0.011452,0.005668,0.131784,0.614105,0.046748,0.051545,0.066249,0.020761,0.038208
0.002912,0.001396,0.176606,0.018805,0.119355,0.009657,0.016334,0.007127,0.645738,0.002069
0.034204,0.012983,0.090937,0.074892,0.618004,0.049514,0.001844,0.026669,0.081566,0.009387
0.030265,0.001393,0.006392,0.074054,0.376779,0.071132,0.067926,0.036776,0.110696,0.224588
0.010493,0.000449,0.588183,0.011776,0.191027,0.000295,0.019213,0.007271,0.150779,0.020515
0.002765,0.003455,0.491604,0.026828,0.332161,0.023538,0.047931,0.008141,0.058523,0.005053
0.208195,0.031781,0.037647,0.039922,0.304680,0.020678,0.020048,0.101962,0.078585,0.156501
0.002833,0.000827,0.837928,0.023148,0.044324,0.003422,0.028349,0.049369,0.008233,0.001567
0.007098,0.000402,0.507728,0.007436,0.317763,0.024382,0.026066,0.060481,0.019430,0.029215
0.001652,0.066754,0.358721,0.007176,0.080518,0.008285,0.063743,0.004794,0.406516,0.001841
0.060484,0.083123,0.194339,0.080557,0.150644,0.092838,0.070041,0.037752,0.160263,0.069959
0.078265,0.031616,0.025836,0.038458,0.403350,0.147426,0.014701,0.057228,0.048405,0.154715
0.013646,0.016056,0.013705,0.127834,0.507654,0.009821,0.183510,0.048810,0.063737,0.015226
0.005785,0.001492,0.527641,0.028842,0.335900,0.018654,0.005496,0.060399,0.001082,0.014709
0.111759,0.135285,0.151906,0.102331,0.096401,0.103705,0.082837,0.047129,0.069344,0.099304
0.018239,0.012979,0.011922,0.163304,0.230419,0.007087,0.081220,0.055886,0.406791,0.012153
0.010250,0.002854,0.503091,0.031487,0.403651,0.020631,0.017210,0.007789,0.001786,0.001252
0.079121,0.081112,0.123236,0.060978,0.222921,0.076061,0.076248,0.056619,0.179394,0.044310
0.042009,0.115380,0.139750,0.054935,0.226593,0.071371,0.112430,0.063614,0.102499,0.071419
0.027078,0.003394,0.800773,0.009822,0.091513,0.013571,0.003796,0.046260,0.002213,0.001581
0.078904,0.135311,0.246914,0.061111,0.101040,0.067162,0.080440,0.095994,0.072335,0.060790
0.003278,0.067888,0.640515,0.004188,0.246478,0.005564,0.028591,0.001850,0.001103,0.000547
0.025698,0.002812,0.645043,0.004909,0.072207,0.000987,0.019701,0.088046,0.001555,0.139042
0.014556,0.001141,0.001904,0.042916,0.717827,0.029279,0.010696,0.007230,0.024744,0.149707
0.003460,0.003886,0.257217,0.005417,0.154045,0.012611,0.010825,0.008004,0.536138,0.008399
0.009257,0.002993,0.544789,0.006625,0.340208,0.024554,0.009493,0.041283,0.005641,0.015157
0.009355,0.002187,0.522495,0.005412,0.375956,0.009300,0.007939,0.052362,0.011053,0.003942
0.011613,0.002714,0.566338,0.008540,0.282586,0.010530,0.001399,0.092351,0.018922,0.005007
0.000815,0.070532,0.400798,0.007934,0.306206,0.008085,0.029604,0.008650,0.141132,0.026244
0.019372,0.019309,0.018579,0.067716,0.417562,0.011404,0.050941,0.062570,0.310982,0.021565
0.057790,0.214604,0.004538,0.039988,0.243118,0.062341,0.038436,0.198749,0.133321,0.007115
0.001428,0.082299,0.661214,0.030868,0.185383,0.000677,0.018547,0.008755,0.009502,0.001328
0.011490,0.001743,0.649813,0.019497,0.041515,0.000335,0.019247,0.049038,0.189754,0.017568
0.007530,0.001817,0.577661,0.027127,0.300304,0.007756,0.039230,0.009316,0.018568,0.010691
0.031454,0.001448,0.154472,0.020130,0.642285,0.041866,0.006397,0.025392,0.021754,0.054801
0.038483,0.258727,0.009466,0.033566,0.307638,0.090258,0.034520,0.152699,0.061644,0.012998
0.009410,0.018587,0.578694,0.006949,0.058259,0.027331,0.005539,0.008983,0.278008,0.008239
0.111656,0.108017,0.062549,0.087018,0.043605,0.111984,0.223507,0.069341,0.097171,0.085151
0.046268,0.236511,0.003589,0.052568,0.247488,0.028565,0.033495,0.214564,0.082877,0.054074
0.001107,0.068833,0.845479,0.002007,0.039623,0.012595,0.012753,0.011891,0.004521,0.001191
0.013260,0.113854,0.425980,0.005112,0.306372,0.004370,0.024359,0.006368,0.075049,0.025277
0.067914,0.016406,0.027595,0.097447,0.408633,0.013217,0.088655,0.106530,0.021382,0.152220
0.038900,0.008597,0.006102,0.020355,0.682762,0.003751,0.064799,0.059353,0.043473,0.071907
0.003575,0.134473,0.441516,0.002048,0.200649,0.013418,0.001130,0.028822,0.171713,0.002655
0.012459,0.000714,0.639839,0.048647,0.106466,0.036393,0.036133,0.012687,0.062567,0.044094
0.023295,0.049058,0.423254,0.037919,0.197794,0.062733,0.077533,0.043232,0.049677,0.035505
0.006176,0.000870,0.460712,0.009257,0.402135,0.014694,0.023521,0.053768,0.004823,0.024043
0.004619,0.002112,0.006472,0.026727,0.754419,0.100300,0.019990,0.030396,0.044779,0.010187
0.002288,0.005458,0.808030,0.022697,0.049767,0.000650,0.008810,0.017260,0.052619,0.032423
0.012701,0.004633,0.013226,0.033558,0.359335,0.065613,0.068926,0.056600,0.067299,0.318109
0.014316,0.296979,0.017532,0.044149,0.357595,0.087788,0.012903,0.068313,0.081332,0.019094
0.026099,0.007418,0.114262,0.014523,0.527541,0.025702,0.129957,0.039113,0.091729,0.023655
0.002415,0.002409,0.337137,0.007154,0.049099,0.005021,0.010862,0.014088,0.565250,0.006564
0.027238,0.005245,0.010729,0.024282,0.582070,0.091526,0.017530,0.068759,0.150725,0.021895
0.001381,0.001430,0.665841,0.047208,0.148360,0.013223,0.029308,0.042261,0.024158,0.026831
0.023638,0.011707,0.026793,0.022767,0.324779,0.017193,0.016442,0.026597,0.218950,0.311134
0.010410,0.094197,0.349452,0.003282,0.454078,0.001648,0.017164,0.036946,0.002459,0.030364
0.001573,0.127263,0.525244,0.002671,0.102603,0.029714,0.025695,0.065260,0.071081,0.048896
0.011622,0.002025,0.550819,0.007061,0.345470,0.032490,0.000686,0.039963,0.008291,0.001573
0.011447,0.002842,0.684076,0.013110,0.230925,0.022511,0.004522,0.011183,0.010167,0.009218
0.014770,0.004640,0.730031,0.049591,0.112241,0.032372,0.005478,0.023890,0.016943,0.010042
0.076589,0.018561,0.016830,0.070470,0.409427,0.044381,0.007111,0.101104,0.085068,0.170458
0.002226,0.000685,0.636847,0.007844,0.151652,0.002432,0.006515,0.004621,0.141136,0.046041
0.050719,0.009881,0.020818,0.291232,0.336511,0.054360,0.006119,0.102437,0.052210,0.075712
0.089217,0.100124,0.076409,0.071762,0.110919,0.086484,0.157116,0.110379,0.088361,0.109228
0.080842,0.082734,0.052763,0.093781,0.035296,0.074369,0.297717,0.154082,0.064281,0.064135
0.004907,0.000362,0.783552,0.001910,0.030119,0.000649,0.014187,0.010969,0.151916,0.001428
0.040171,0.010498,0.006659,0.086519,0.412891,0.004609,0.065358,0.137049,0.215590,0.020657
0.035044,0.011448,0.007413,0.018316,0.641700,0.096409,0.039237,0.106681,0.025682,0.018070
0.002113,0.109603,0.517683,0.023531,0.236644,0.012478,0.032426,0.008899,0.034225,0.022398
0.006710,0.000432,0.575812,0.028418,0.335662,0.004781,0.000808,0.041478,0.002715,0.003183
