0.054115,0.006290,0.135686,0.006466,0.374061,0.006392,0.070921,0.234791,0.091214,0.020064
0.004682,0.357131,0.086603,0.004530,0.015321,0.005713,0.010492,0.338980,0.171032,0.005516
0.025969,0.164976,0.392458,0.031759,0.045186,0.041850,0.177149,0.036793,0.035318,0.048543
0.044355,0.009850,0.022409,0.212046,0.289628,0.014273,0.014201,0.166502,0.212803,0.013932
0.006676,0.006459,0.034439,0.058028,0.364274,0.022603,0.005477,0.080260,0.272442,0.149343
0.023627,0.008759,0.049917,0.008414,0.040850,0.055453,0.024436,0.739317,0.039250,0.009976
0.006560,0.006080,0.229737,0.005980,0.012523,0.008700,0.016054,0.413619,0.225179,0.075566
0.007017,0.405038,0.007256,0.018013,0.010969,0.007856,0.013861,0.187858,0.251814,0.090318
0.011480,0.012140,0.102382,0.078649,0.572876,0.022603,0.031019,0.012624,0.145131,0.011096
0.008119,0.008428,0.310942,0.008055,0.022955,0.014587,0.078757,0.069986,0.325001,0.153170
0.011419,0.717943,0.013546,0.012950,0.015202,0.014582,0.072534,0.014304,0.015430,0.112090
0.011341,0.712651,0.011981,0.012414,0.012298,0.012570,0.069459,0.038476,0.014836,0.103973
0.010624,0.013515,0.131538,0.010428,0.445977,0.012504,0.060280,0.012968,0.181805,0.120360
0.032944,0.033381,0.247226,0.020741,0.257097,0.085771,0.080244,0.070248,0.068439,0.103910
0.014251,0.622162,0.011612,0.238496,0.015725,0.010955,0.032054,0.029768,0.013042,0.011935
0.026319,0.103893,0.082266,0.038909,0.115268,0.161440,0.063764,0.020309,0.369039,0.018792
0.162926,0.011256,0.091964,0.011392,0.023378,0.023445,0.059611,0.321070,0.283486,0.011473
0.116549,0.109779,0.096611,0.044629,0.066014,0.085463,0.028587,0.027685,0.200050,0.224632
0.040592,0.019421,0.044753,0.020040,0.032108,0.046397,0.064858,0.021843,0.686350,0.023638
0.023003,0.126014,0.062288,0.026011,0.044645,0.029241,0.020851,0.603643,0.028579,0.035725
0.005875,0.376063,0.028600,0.026211,0.015392,0.006489,0.049223,0.400113,0.009777,0.082258
0.016347,0.239267,0.052486,0.007665,0.148755,0.008575,0.007599,0.268152,0.153322,0.097832
0.007380,0.030598,0.185463,0.013064,0.262309,0.019576,0.095517,0.205207,0.157619,0.023267
0.005604,0.030705,0.195227,0.006289,0.022313,0.039801,0.024831,0.495849,0.029948,0.149433
0.106115,0.007484,0.117485,0.005557,0.014455,0.015169,0.122695,0.417540,0.186945,0.006555
0.005318,0.325617,0.006372,0.005774,0.269099,0.005921,0.022718,0.345715,0.007365,0.006101
0.100221,0.049866,0.109207,0.435932,0.037342,0.024800,0.033182,0.025352,0.170517,0.013581
0.007725,0.009404,0.270068,0.019184,0.017403,0.011852,0.006340,0.510016,0.020378,0.127630
0.009297,0.376484,0.236065,0.005618,0.015595,0.028909,0.093362,0.213677,0.015294,0.005699
0.014859,0.465539,0.012573,0.007607,0.306156,0.007903,0.036379,0.130640,0.009566,0.008779
0.006682,0.372217,0.096931,0.006941,0.298316,0.013107,0.009975,0.123838,0.065621,0.006370
0.199980,0.502342,0.021831,0.008569,0.031505,0.018930,0.012649,0.083685,0.112916,0.007591
0.013374,0.006980,0.069634,0.007122,0.365043,0.015400,0.040488,0.206709,0.268216,0.007035
0.141264,0.064268,0.155927,0.087471,0.125854,0.103287,0.087864,0.091529,0.081776,0.060759
0.093380,0.249125,0.021576,0.003529,0.161713,0.019149,0.008804,0.272872,0.099154,0.070697
0.015871,0.021566,0.043266,0.016179,0.782070,0.021129,0.030623,0.020079,0.020308,0.028909
0.011665,0.035072,0.203216,0.010945,0.582136,0.017222,0.018498,0.081521,0.029190,0.010535
0.008334,0.050948,0.280685,0.019864,0.017394,0.007336,0.006377,0.504757,0.009359,0.094945
0.004783,0.321610,0.125227,0.006224,0.006056,0.005022,0.024478,0.318339,0.183857,0.004404
0.024346,0.011882,0.024720,0.013019,0.404518,0.027741,0.010640,0.054881,0.302845,0.125408
0.342008,0.013229,0.046912,0.019809,0.061644,0.039518,0.256107,0.122166,0.056032,0.042575
0.054728,0.572062,0.260778,0.008659,0.018141,0.010417,0.007637,0.045650,0.011965,0.009964
0.048266,0.029299,0.033385,0.631737,0.047900,0.046317,0.055666,0.031668,0.032427,0.043334
0.006363,0.419178,0.281429,0.005837,0.024063,0.016541,0.005486,0.206616,0.020450,0.014039
0.039815,0.008966,0.015908,0.008331,0.375135,0.015464,0.173825,0.009240,0.332688,0.020628
0.032368,0.044230,0.089815,0.017673,0.599829,0.023565,0.013026,0.015383,0.147564,0.016548
0.096371,0.013569,0.095459,0.124524,0.084129,0.104953,0.319097,0.127685,0.021252,0.012961
0.010089,0.316322,0.252546,0.004265,0.188728,0.011235,0.021976,0.006346,0.183497,0.004998
0.005716,0.007304,0.189893,0.181995,0.258061,0.012067,0.013139,0.009176,0.212655,0.109994
0.014239,0.114166,0.116503,0.020153,0.038946,0.039896,0.341865,0.102427,0.174705,0.037101
0.005532,0.004760,0.181378,0.005497,0.266619,0.013942,0.004070,0.330188,0.182496,0.005517
0.451713,0.017612,0.163013,0.017636,0.088581,0.056790,0.053685,0.049903,0.084639,0.016428
0.004591,0.023272,0.033049,0.004565,0.251647,0.029145,0.115342,0.347474,0.186657,0.004259
0.009812,0.071887,0.408630,0.278180,0.037364,0.053716,0.077867,0.013363,0.028178,0.021003
0.006925,0.017981,0.018088,0.191289,0.380664,0.008243,0.012784,0.009326,0.271705,0.082996
0.011491,0.716018,0.014607,0.014933,0.012896,0.017009,0.071122,0.013913,0.013756,0.114256
0.009811,0.010323,0.145123,0.007632,0.409064,0.049220,0.024052,0.007681,0.307379,0.029716
0.006943,0.525103,0.203941,0.008972,0.016849,0.009801,0.051217,0.155644,0.014296,0.007234
0.028854,0.030393,0.212153,0.042287,0.066468,0.078025,0.255581,0.219851,0.038385,0.028003
0.011316,0.010184,0.082471,0.013854,0.014472,0.012412,0.018857,0.708887,0.014057,0.113489
0.004144,0.287058,0.014220,0.160212,0.176850,0.025764,0.008861,0.102558,0.212844,0.007490
0.006550,0.470880,0.023259,0.017861,0.314879,0.038727,0.023826,0.078276,0.011155,0.014588
0.007681,0.010558,0.157173,0.008915,0.439865,0.018053,0.018168,0.014415,0.317824,0.007347
0.005179,0.051097,0.297734,0.022248,0.238965,0.016435,0.123808,0.014231,0.212915,0.017388
0.057893,0.011703,0.258055,0.015128,0.041011,0.012307,0.040071,0.022152,0.510112,0.031568
0.006622,0.006443,0.077632,0.170729,0.333978,0.007402,0.038884,0.029127,0.231059,0.098125
0.012581,0.014228,0.273271,0.087438,0.039194,0.021564,0.173532,0.122175,0.042386,0.213631
0.025513,0.398962,0.007571,0.007132,0.276808,0.005687,0.005067,0.006821,0.212896,0.053543
0.015951,0.017761,0.140406,0.020304,0.072688,0.030497,0.015018,0.381199,0.052657,0.253519
0.090084,0.011386,0.247867,0.014464,0.034471,0.018771,0.038805,0.020822,0.282294,0.241038
0.078049,0.014355,0.094127,0.008818,0.037077,0.064144,0.239366,0.025844,0.428691,0.009529
0.069370,0.012107,0.034894,0.026115,0.597591,0.016992,0.022507,0.014838,0.016573,0.189013
0.200831,0.007797,0.052084,0.007522,0.054736,0.047715,0.200138,0.072638,0.329072,0.027466
0.020609,0.013679,0.028462,0.022544,0.530325,0.013334,0.064388,0.011222,0.285123,0.010314
0.008199,0.009681,0.095153,0.089477,0.052252,0.032763,0.318357,0.031892,0.175264,0.186963
0.008677,0.543411,0.010532,0.008119,0.351645,0.008913,0.010417,0.035978,0.012533,0.009775
0.009826,0.383759,0.016375,0.006515,0.278533,0.007128,0.052016,0.025227,0.213116,0.007503
0.009210,0.620558,0.161535,0.008920,0.018613,0.009439,0.089327,0.050845,0.022242,0.009311
0.005630,0.438682,0.027305,0.006156,0.027766,0.033485,0.013135,0.160437,0.280067,0.007337
0.008113,0.503887,0.016653,0.010496,0.407864,0.011289,0.012371,0.009946,0.011570,0.007811
0.007344,0.011812,0.073440,0.007313,0.451739,0.029520,0.027547,0.203645,0.022654,0.164986
0.006708,0.427703,0.020081,0.006033,0.273486,0.016750,0.084665,0.009857,0.019952,0.134765
0.048229,0.007727,0.117659,0.197970,0.324781,0.009493,0.020629,0.044347,0.212056,0.017109
0.010058,0.641854,0.010817,0.009566,0.010903,0.011730,0.008742,0.271528,0.012801,0.012000
0.007398,0.367342,0.021652,0.011259,0.022382,0.028449,0.094939,0.144252,0.291869,0.010458
0.024518,0.325548,0.020224,0.006829,0.193663,0.012033,0.059740,0.006971,0.217847,0.132628
0.006105,0.006592,0.144162,0.023612,0.377612,0.012024,0.131182,0.006991,0.270715,0.021006
0.008215,0.008572,0.192021,0.007479,0.335308,0.039467,0.115583,0.016625,0.252492,0.024239
0.012245,0.012730,0.263588,0.401269,0.042658,0.019433,0.041565,0.012898,0.162721,0.030894
0.016831,0.020513,0.031669,0.016492,0.018747,0.021275,0.025031,0.369611,0.346096,0.133735
0.026863,0.012483,0.065202,0.008749,0.048438,0.055584,0.215255,0.021903,0.357804,0.187720
0.012748,0.017353,0.096382,0.012615,0.031933,0.021994,0.139005,0.102924,0.388867,0.176180
0.014666,0.018838,0.285530,0.015766,0.050298,0.025423,0.181195,0.326442,0.049169,0.032672
0.006253,0.052954,0.055444,0.007527,0.330257,0.011635,0.072982,0.435482,0.007869,0.019597
0.036886,0.580288,0.064925,0.009684,0.010004,0.010433,0.008097,0.125198,0.068949,0.085536
0.022429,0.056808,0.029426,0.019269,0.034153,0.031502,0.017864,0.026057,0.724967,0.037525
0.003631,0.260373,0.192881,0.004009,0.212058,0.010165,0.006873,0.005724,0.193230,0.111054
0.016808,0.363177,0.031344,0.007001,0.244949,0.012233,0.011923,0.029304,0.200763,0.082498
0.009736,0.010050,0.094524,0.008577,0.050646,0.032802,0.305276,0.255949,0.023905,0.208535
0.053508,0.063777,0.093995,0.061032,0.084370,0.091669,0.089080,0.289594,0.090667,0.082307
0.004403,0.308607,0.123426,0.005834,0.008181,0.004969,0.006858,0.300678,0.181136,0.055907
0.004904,0.354527,0.025584,0.137740,0.008183,0.004997,0.004367,0.354049,0.100676,0.004974
0.127111,0.475824,0.036542,0.007080,0.019489,0.014765,0.059820,0.009265,0.241582,0.008522
0.006571,0.452448,0.166566,0.007648,0.017169,0.017182,0.012087,0.164691,0.011113,0.144526
0.105164,0.498701,0.008775,0.010307,0.008717,0.009726,0.025272,0.220905,0.009442,0.102992
0.010581,0.068969,0.027773,0.011026,0.557256,0.015010,0.071638,0.014145,0.203125,0.020477
0.006035,0.340572,0.006484,0.006456,0.180290,0.008809,0.006715,0.362167,0.006688,0.075783
0.008768,0.008410,0.042843,0.008832,0.017318,0.014406,0.070699,0.563663,0.247846,0.017214
0.090781,0.045128,0.430980,0.013710,0.041781,0.020990,0.028429,0.257031,0.038336,0.032834
0.024560,0.031054,0.044778,0.023872,0.044940,0.034678,0.136928,0.366949,0.038093,0.254147
0.010376,0.010414,0.072272,0.010651,0.062983,0.080809,0.028123,0.390120,0.297431,0.036822
0.008347,0.010560,0.092174,0.008201,0.014032,0.010784,0.011346,0.534131,0.214774,0.095650
0.028887,0.010392,0.047352,0.012634,0.051312,0.080532,0.026412,0.274311,0.181771,0.286398
0.006499,0.433466,0.012428,0.005942,0.216444,0.007629,0.013422,0.007567,0.193824,0.102780
0.125677,0.023717,0.017840,0.009510,0.360968,0.010679,0.064237,0.143968,0.228362,0.015042
0.052994,0.009650,0.012461,0.010077,0.481947,0.021982,0.017583,0.012236,0.369427,0.011644
0.010226,0.010645,0.021068,0.010024,0.496211,0.014353,0.017921,0.055644,0.253974,0.109935
0.008437,0.086987,0.275705,0.017187,0.048475,0.056035,0.007171,0.109434,0.357988,0.032581
0.006584,0.010529,0.421662,0.009692,0.021200,0.052432,0.088719,0.192654,0.028284,0.168243
0.010924,0.014155,0.028403,0.015245,0.504138,0.016224,0.111369,0.061703,0.214340,0.023499
0.009974,0.012440,0.022181,0.292448,0.509800,0.017995,0.082322,0.013081,0.022813,0.016945
0.006554,0.008473,0.209340,0.008297,0.280894,0.017990,0.210069,0.227483,0.025009,0.005890
0.035607,0.332470,0.085933,0.010403,0.212829,0.004880,0.065142,0.031012,0.216680,0.005044
0.014420,0.011639,0.247943,0.011971,0.034737,0.020349,0.010492,0.423191,0.039336,0.185921
0.009762,0.012344,0.046852,0.009872,0.027439,0.015615,0.029816,0.610499,0.094698,0.143104
0.009663,0.014849,0.056773,0.014935,0.091347,0.071101,0.008976,0.273943,0.448418,0.009994
0.016985,0.014616,0.039421,0.020409,0.619762,0.038057,0.114038,0.085539,0.019187,0.031987
0.106336,0.442577,0.010459,0.007138,0.008841,0.008585,0.013676,0.121922,0.273377,0.007089
0.101046,0.314557,0.073895,0.150767,0.194118,0.010454,0.017112,0.127230,0.006686,0.004135
0.024934,0.013412,0.028974,0.027752,0.561268,0.028936,0.018124,0.017145,0.128290,0.151164
0.016006,0.047006,0.024171,0.198910,0.387109,0.010023,0.031823,0.010368,0.267848,0.006737
0.009844,0.550551,0.036292,0.009550,0.011548,0.009968,0.011504,0.240273,0.012062,0.108408
0.038118,0.089005,0.086719,0.155262,0.055108,0.042173,0.205224,0.209868,0.065820,0.052702
0.075825,0.010430,0.372562,0.008839,0.042720,0.057004,0.019970,0.068701,0.319193,0.024756
0.083829,0.289928,0.067316,0.005528,0.216607,0.004594,0.007281,0.089488,0.173814,0.061615
0.011472,0.014790,0.384819,0.068336,0.030584,0.017459,0.261459,0.017527,0.030016,0.163537
0.043037,0.044994,0.057167,0.042831,0.071064,0.060618,0.078201,0.055751,0.055312,0.491025
0.106111,0.042038,0.208623,0.007102,0.271939,0.014940,0.012630,0.005957,0.225067,0.105594
0.162768,0.012350,0.024542,0.011765,0.384322,0.012765,0.092885,0.009971,0.279473,0.009157
0.053100,0.592717,0.029270,0.011002,0.017393,0.009351,0.078044,0.185277,0.013222,0.010624
0.371250,0.029473,0.315115,0.022185,0.045471,0.023262,0.084679,0.032979,0.029811,0.045775
0.008332,0.009333,0.009715,0.007323,0.373800,0.007442,0.013908,0.476298,0.014103,0.079747
0.007744,0.028114,0.159451,0.009249,0.020596,0.020481,0.016918,0.272471,0.314958,0.150018
0.016639,0.739304,0.080665,0.013723,0.015381,0.019457,0.075415,0.013305,0.015280,0.010832
0.011210,0.009987,0.194137,0.011073,0.459482,0.014092,0.072458,0.010220,0.197039,0.020303
0.024648,0.010311,0.061279,0.014811,0.034378,0.023341,0.077099,0.718715,0.015586,0.019832
0.007017,0.006512,0.140980,0.006485,0.329299,0.010989,0.214781,0.006854,0.162687,0.114395
0.087027,0.082465,0.387931,0.074413,0.049732,0.052393,0.006718,0.106718,0.145110,0.007493
0.008504,0.363436,0.049249,0.005426,0.006359,0.005590,0.010061,0.338806,0.206991,0.005578
0.009821,0.025504,0.101633,0.010079,0.015372,0.018584,0.072525,0.281837,0.358431,0.106214
0.004587,0.006454,0.240903,0.188837,0.260795,0.029843,0.011997,0.055430,0.195822,0.005332
0.023351,0.008005,0.021972,0.008341,0.285196,0.010105,0.079746,0.427771,0.122989,0.012523
0.138019,0.042054,0.056933,0.047343,0.036126,0.046573,0.044849,0.036921,0.253596,0.297586
0.004656,0.366510,0.249296,0.007493,0.019446,0.013420,0.004211,0.190652,0.138480,0.005837
0.167067,0.031052,0.045195,0.006288,0.038025,0.039979,0.145184,0.235382,0.285968,0.005860
0.006858,0.006922,0.013727,0.006748,0.266188,0.007028,0.048380,0.413351,0.157006,0.073792
0.034407,0.029591,0.123839,0.010796,0.018765,0.014773,0.021555,0.713818,0.013870,0.018587
0.006911,0.050480,0.028826,0.007672,0.251781,0.038042,0.016848,0.466302,0.019902,0.113235
0.008468,0.602021,0.015741,0.009642,0.304011,0.014190,0.013381,0.009010,0.012040,0.011495
0.007705,0.006347,0.132845,0.023883,0.318463,0.010875,0.025872,0.161536,0.167131,0.145342
0.051231,0.603405,0.139569,0.012475,0.014988,0.009137,0.012189,0.011699,0.017263,0.128044
0.013294,0.017453,0.086209,0.012800,0.064508,0.095242,0.204900,0.474294,0.019124,0.012176
0.017090,0.016057,0.019248,0.019386,0.023302,0.034500,0.114684,0.019675,0.561361,0.174698
0.006936,0.020850,0.029733,0.007326,0.013694,0.009793,0.046660,0.472769,0.280086,0.112154
0.006306,0.485965,0.109499,0.007707,0.024406,0.036664,0.017378,0.009674,0.294494,0.007907
0.003776,0.266953,0.091499,0.005894,0.155432,0.023876,0.015555,0.300532,0.059647,0.076837
0.034598,0.035185,0.345661,0.038056,0.078333,0.049606,0.268880,0.041601,0.058114,0.049966
0.023652,0.424078,0.038480,0.005409,0.308330,0.005424,0.022629,0.158187,0.008482,0.005329
0.010946,0.608244,0.014754,0.011926,0.012641,0.010344,0.037422,0.028609,0.252383,0.012731
0.014206,0.020404,0.164393,0.027506,0.024161,0.015505,0.030668,0.233156,0.258031,0.211969
0.027094,0.009971,0.475066,0.010472,0.049743,0.031826,0.179933,0.134371,0.046295,0.035229
0.036509,0.008394,0.097343,0.006157,0.310587,0.014962,0.046837,0.411265,0.062020,0.005926
0.018116,0.023673,0.080581,0.038195,0.017103,0.017519,0.049052,0.271564,0.351772,0.132425
0.015466,0.007175,0.024859,0.006768,0.233267,0.032118,0.066053,0.388026,0.207935,0.018332
0.011649,0.118718,0.081280,0.108830,0.093498,0.075268,0.032628,0.439866,0.026866,0.011397
0.034028,0.385147,0.089383,0.007327,0.318520,0.012736,0.013152,0.122981,0.008689,0.008037
0.009166,0.552755,0.017650,0.011505,0.014015,0.011063,0.012649,0.010918,0.348990,0.011290
0.036777,0.479160,0.165130,0.006379,0.017136,0.043389,0.077988,0.010456,0.011030,0.152554
0.007699,0.397406,0.007151,0.008359,0.008338,0.007753,0.013542,0.411607,0.048982,0.089164
0.128536,0.310387,0.120952,0.011589,0.020632,0.012224,0.060003,0.119102,0.211798,0.004779
0.032420,0.029424,0.350764,0.027779,0.045733,0.057385,0.181137,0.188585,0.039944,0.046830
0.106968,0.013818,0.072725,0.129794,0.119133,0.111412,0.345403,0.014051,0.034928,0.051768
0.007299,0.454707,0.019874,0.006138,0.239343,0.007106,0.010282,0.007847,0.238075,0.009328
0.031912,0.460051,0.058854,0.008204,0.308237,0.008357,0.009079,0.028381,0.010351,0.076574
0.183339,0.010236,0.072047,0.007213,0.027813,0.024678,0.192660,0.180274,0.294975,0.006765
0.009147,0.011515,0.011119,0.011729,0.014211,0.019851,0.015632,0.573689,0.320074,0.013034
0.008252,0.577849,0.137200,0.042505,0.020031,0.017041,0.012953,0.043482,0.012432,0.128255
0.010271,0.511032,0.019621,0.016005,0.025423,0.039587,0.012627,0.243040,0.109656,0.012738
0.006080,0.319391,0.013052,0.004181,0.202567,0.028954,0.010121,0.397265,0.012965,0.005425
0.062246,0.010538,0.138720,0.011531,0.456939,0.016625,0.026251,0.072893,0.192367,0.011891
0.005446,0.384603,0.029691,0.008866,0.222612,0.006740,0.060423,0.188716,0.012467,0.080436
0.011652,0.792496,0.019586,0.011608,0.015095,0.012638,0.014966,0.013886,0.093607,0.014466
0.021708,0.375092,0.249131,0.007036,0.024439,0.013712,0.004496,0.054845,0.240166,0.009375
0.054027,0.005115,0.103984,0.024034,0.029722,0.017291,0.004277,0.431112,0.217120,0.113319
0.006110,0.009243,0.397107,0.006137,0.050248,0.023402,0.020265,0.179067,0.285789,0.022633
0.011027,0.030652,0.063369,0.025532,0.021950,0.020790,0.154552,0.299173,0.364016,0.008938
0.052050,0.017413,0.174772,0.018874,0.023825,0.023968,0.124533,0.349960,0.021276,0.193329
0.031548,0.042566,0.094207,0.035182,0.050731,0.043077,0.063113,0.043583,0.536956,0.059037
0.041542,0.016979,0.157607,0.014878,0.021797,0.025953,0.012222,0.204102,0.489301,0.015620
0.031207,0.261277,0.054602,0.154516,0.181463,0.023123,0.006039,0.026460,0.176828,0.084484
0.009248,0.008621,0.062209,0.009792,0.018863,0.015090,0.050090,0.565197,0.243545,0.017345
0.007860,0.444197,0.033348,0.007325,0.008021,0.011744,0.008857,0.199596,0.271338,0.007713
0.008863,0.013105,0.047358,0.008037,0.033858,0.058497,0.283419,0.113876,0.397541,0.035445
0.018822,0.020060,0.049365,0.019829,0.029416,0.036999,0.149160,0.021121,0.446841,0.208385
0.007973,0.495353,0.017937,0.009070,0.337502,0.008713,0.012261,0.008500,0.011546,0.091146
0.022459,0.011513,0.091976,0.008672,0.391737,0.015969,0.093689,0.016662,0.339019,0.008304
0.015884,0.388220,0.158772,0.007581,0.017592,0.009357,0.012930,0.158784,0.223232,0.007649
0.044130,0.463471,0.040958,0.005662,0.286214,0.012572,0.019749,0.039377,0.075956,0.011911
0.006899,0.495063,0.012302,0.009584,0.291296,0.008049,0.015651,0.141841,0.012303,0.007012
0.026219,0.025734,0.587480,0.026616,0.084101,0.027259,0.066312,0.049151,0.044081,0.063046
0.008852,0.007531,0.236892,0.015971,0.419428,0.060223,0.023665,0.185758,0.012192,0.029489
0.096382,0.022080,0.033512,0.021146,0.032307,0.024432,0.069295,0.022040,0.476394,0.202412
0.008046,0.008343,0.174161,0.051864,0.022816,0.018413,0.024325,0.219529,0.349923,0.122581
0.016493,0.018239,0.045212,0.017235,0.035361,0.023946,0.024840,0.090874,0.513137,0.214663
0.004966,0.005526,0.171520,0.011422,0.292489,0.035444,0.093834,0.016957,0.243738,0.124104
0.036294,0.013689,0.031565,0.015933,0.017886,0.028111,0.022030,0.348789,0.470515,0.015188
0.011242,0.012026,0.080812,0.008792,0.057661,0.068409,0.284206,0.107382,0.359628,0.009843
0.005050,0.391959,0.018381,0.005124,0.213481,0.006185,0.045916,0.131457,0.177292,0.005157
0.009571,0.704248,0.024282,0.010631,0.023260,0.010661,0.017577,0.011779,0.174927,0.013063
0.005490,0.375250,0.008376,0.007731,0.211802,0.008275,0.008946,0.361159,0.007612,0.005360
0.068863,0.014053,0.459305,0.039454,0.058139,0.030725,0.164552,0.088327,0.043401,0.033182
0.015967,0.572489,0.028613,0.018201,0.037762,0.022907,0.015921,0.251356,0.026807,0.009977
0.009873,0.590860,0.016883,0.258561,0.022410,0.009576,0.014598,0.051524,0.013585,0.012130
0.044575,0.007376,0.021653,0.008622,0.405143,0.007787,0.016072,0.172920,0.222916,0.092934
0.005070,0.362969,0.020696,0.005071,0.297381,0.036485,0.004712,0.167947,0.093859,0.005810
0.005501,0.005708,0.046474,0.006460,0.315105,0.013921,0.025742,0.421474,0.072994,0.086621
0.003865,0.004365,0.125488,0.178046,0.199573,0.035928,0.139788,0.130034,0.178689,0.004225
0.029110,0.417059,0.058105,0.021407,0.007676,0.011711,0.015144,0.109230,0.264691,0.065867
0.012719,0.012284,0.086228,0.346247,0.027852,0.012070,0.026854,0.018770,0.248191,0.208785
0.019200,0.018301,0.035577,0.021491,0.032596,0.021498,0.031598,0.360329,0.431160,0.028249
0.053796,0.024515,0.297654,0.004620,0.031074,0.039967,0.105283,0.197299,0.240684,0.005108
0.103807,0.519792,0.013366,0.007540,0.013666,0.009127,0.007050,0.024200,0.292548,0.008904
0.007580,0.388775,0.016339,0.013222,0.244076,0.014433,0.013178,0.178407,0.009533,0.114456
0.029838,0.035609,0.049233,0.034067,0.048976,0.037822,0.047134,0.032045,0.642816,0.042460
0.033856,0.425092,0.018244,0.005512,0.214273,0.007397,0.017932,0.007140,0.192628,0.077927
0.047965,0.133764,0.033143,0.022155,0.062171,0.035882,0.020544,0.361457,0.028500,0.254420
0.007426,0.006935,0.091466,0.006614,0.346411,0.010774,0.065175,0.119032,0.260757,0.085410
0.042512,0.641743,0.013709,0.009282,0.012182,0.009720,0.008644,0.011378,0.238835,0.011995
0.009059,0.044438,0.520346,0.014922,0.046170,0.057114,0.024341,0.023361,0.251933,0.008316
0.011016,0.333748,0.017670,0.006746,0.226106,0.028108,0.004255,0.126425,0.233233,0.012693
0.004230,0.299792,0.031207,0.034200,0.011883,0.029789,0.022067,0.353382,0.204455,0.008994
0.021191,0.007099,0.034009,0.008463,0.035770,0.055312,0.214836,0.180924,0.301186,0.141210
0.029072,0.008779,0.247901,0.006428,0.016341,0.011209,0.019568,0.453103,0.201472,0.006127
0.232178,0.015624,0.037821,0.017360,0.027404,0.020723,0.114353,0.332894,0.028734,0.172909
0.006835,0.007589,0.382116,0.007556,0.051447,0.061707,0.101734,0.007696,0.217476,0.155845
0.106103,0.009986,0.016425,0.008335,0.362238,0.007579,0.013838,0.456691,0.010253,0.008552
0.009150,0.008807,0.061704,0.009203,0.020383,0.012644,0.066005,0.665911,0.023070,0.123122
0.009574,0.034235,0.087136,0.009865,0.562040,0.016675,0.094080,0.017137,0.030141,0.139116
0.012463,0.016608,0.460230,0.082008,0.053925,0.018585,0.124248,0.022508,0.017211,0.192214
0.010357,0.774131,0.059470,0.013252,0.021805,0.022732,0.009073,0.053623,0.020586,0.014972
0.006489,0.416725,0.042410,0.008146,0.011656,0.008453,0.008649,0.402446,0.009295,0.085731
0.007919,0.552190,0.009495,0.008388,0.009768,0.010607,0.059088,0.025338,0.232363,0.084844
0.290016,0.018368,0.036731,0.020271,0.036620,0.022632,0.169944,0.089709,0.022975,0.292736
0.014100,0.071162,0.122013,0.024348,0.020810,0.015488,0.107708,0.268218,0.337712,0.018441
0.008372,0.397787,0.007237,0.017414,0.278726,0.005772,0.023900,0.163805,0.090315,0.006671
0.004524,0.007202,0.166733,0.006460,0.279749,0.018423,0.016977,0.153151,0.209339,0.137442
0.011684,0.012118,0.105756,0.011116,0.670959,0.011744,0.031150,0.112041,0.022357,0.011074
0.115745,0.009483,0.107614,0.009742,0.011668,0.011564,0.041900,0.480208,0.204946,0.007130
0.006754,0.398771,0.155664,0.007637,0.014215,0.006254,0.012059,0.156709,0.233669,0.008269
0.009423,0.009004,0.158537,0.011861,0.354072,0.008880,0.018768,0.161516,0.251972,0.015966
0.211618,0.007830,0.254089,0.017992,0.076819,0.027092,0.024143,0.026290,0.323418,0.030710
0.008600,0.580405,0.022116,0.007932,0.022236,0.009406,0.067765,0.163510,0.010996,0.107034
0.042385,0.005845,0.073736,0.169679,0.183344,0.031579,0.068552,0.123710,0.188465,0.112706
0.007552,0.072982,0.027961,0.012867,0.431990,0.056400,0.116314,0.093447,0.015877,0.164609
0.010589,0.010178,0.360652,0.301350,0.032248,0.014536,0.019640,0.014321,0.109656,0.126830
0.012878,0.005946,0.014993,0.007981,0.248704,0.013639,0.136926,0.361229,0.181412,0.016291
0.006526,0.450324,0.018027,0.008661,0.015165,0.033913,0.080828,0.201352,0.178379,0.006825
0.007030,0.365522,0.014347,0.007552,0.018336,0.027907,0.088183,0.457563,0.008011,0.005548
0.005664,0.371292,0.048301,0.006133,0.280173,0.005774,0.007663,0.006030,0.209873,0.059096
0.010197,0.011330,0.114523,0.014277,0.044294,0.076435,0.154606,0.352990,0.210232,0.011116
0.069714,0.019621,0.125345,0.017765,0.028685,0.015142,0.027505,0.071606,0.488969,0.135647
0.009144,0.006885,0.217522,0.276690,0.026432,0.023294,0.139067,0.258408,0.034806,0.007752
0.009917,0.364671,0.082695,0.006360,0.018274,0.033900,0.058724,0.168806,0.247356,0.009297
0.016686,0.476777,0.063670,0.023054,0.315662,0.049647,0.016188,0.007450,0.012652,0.018215
0.045830,0.012772,0.359532,0.011453,0.026709,0.014201,0.110168,0.079938,0.316366,0.023030
0.012695,0.009997,0.177436,0.008451,0.050687,0.060376,0.007989,0.288215,0.178042,0.206113
0.039837,0.005872,0.017287,0.007105,0.293858,0.008889,0.009344,0.416427,0.188279,0.013103
0.009773,0.012568,0.187838,0.010413,0.023160,0.023939,0.026994,0.315061,0.368699,0.021556
0.017687,0.133360,0.241827,0.020095,0.058473,0.032063,0.417681,0.033260,0.030206,0.015347
0.005629,0.404435,0.024216,0.009021,0.338576,0.039798,0.011164,0.150293,0.010379,0.006489
0.008969,0.048584,0.066406,0.008208,0.064474,0.061910,0.007730,0.342333,0.382587,0.008801
0.008080,0.008307,0.170048,0.261186,0.017870,0.011144,0.061092,0.010963,0.336783,0.114527
0.005716,0.278702,0.225275,0.005708,0.182553,0.026797,0.053400,0.004443,0.213082,0.004324
0.063318,0.024911,0.201144,0.025539,0.105451,0.038307,0.222829,0.220230,0.073489,0.024782
0.006353,0.357292,0.006576,0.006958,0.006809,0.006601,0.005359,0.367131,0.230877,0.006044
0.003599,0.005569,0.202050,0.159977,0.184466,0.025344,0.016008,0.121745,0.172727,0.108515
0.006300,0.356683,0.009052,0.005829,0.007442,0.006988,0.010916,0.367830,0.150635,0.078326
0.006104,0.322299,0.069721,0.010786,0.189497,0.011486,0.014823,0.033818,0.212808,0.128658
0.009666,0.622319,0.150923,0.008668,0.036868,0.024426,0.106483,0.013895,0.015727,0.011026
0.156668,0.024265,0.115265,0.262444,0.017767,0.011529,0.087245,0.299187,0.015314,0.010316
0.007470,0.007154,0.424137,0.033016,0.026109,0.046535,0.126452,0.021265,0.300961,0.006903
0.016932,0.094136,0.084297,0.037658,0.029387,0.024776,0.031920,0.106525,0.557003,0.017367
0.007596,0.484613,0.325878,0.006773,0.027437,0.018835,0.015763,0.082746,0.022786,0.007573
0.013491,0.397002,0.047732,0.018620,0.329372,0.033901,0.014196,0.012124,0.010552,0.123010
0.053314,0.023799,0.357442,0.024572,0.043891,0.051271,0.034674,0.122451,0.247206,0.041380
0.009629,0.558398,0.009536,0.010417,0.017779,0.011408,0.010861,0.029753,0.333716,0.008503
0.005576,0.380157,0.019624,0.008513,0.021174,0.029040,0.011670,0.213714,0.152798,0.157733
0.006413,0.445252,0.170007,0.007019,0.015732,0.007062,0.058019,0.129602,0.068663,0.092231
0.006134,0.235239,0.007750,0.104144,0.145906,0.004200,0.033347,0.252414,0.148622,0.062244
0.065757,0.009375,0.047486,0.008100,0.051332,0.030809,0.185840,0.009157,0.382969,0.209175
0.009109,0.341680,0.006189,0.005030,0.253162,0.008448,0.021717,0.156172,0.191999,0.006493
0.024946,0.035369,0.116879,0.025267,0.085811,0.156979,0.095684,0.321716,0.113493,0.023857
0.019151,0.006660,0.246536,0.006652,0.334774,0.018201,0.211732,0.053390,0.096634,0.006271
0.006748,0.033014,0.322277,0.008342,0.040935,0.053193,0.026523,0.182781,0.301580,0.024607
0.020272,0.133679,0.276254,0.020685,0.043228,0.041157,0.033886,0.109549,0.047914,0.273377
0.007835,0.012487,0.037357,0.012044,0.493051,0.030464,0.026155,0.008938,0.361601,0.010069
0.076297,0.071983,0.149781,0.079344,0.104839,0.071743,0.099889,0.089677,0.127272,0.129176
0.019871,0.020169,0.131241,0.024607,0.037722,0.028415,0.041673,0.134962,0.538056,0.023285
0.034624,0.030971,0.073770,0.131706,0.045968,0.032715,0.029310,0.040417,0.278155,0.302364
0.022921,0.009122,0.083737,0.014048,0.518950,0.009491,0.008381,0.016309,0.293380,0.023661
0.004241,0.269681,0.023494,0.171863,0.170180,0.026150,0.016364,0.029899,0.196181,0.091947
0.078094,0.007184,0.140676,0.017225,0.396859,0.025020,0.120490,0.007458,0.200278,0.006716
0.011049,0.011230,0.100254,0.014374,0.520695,0.028768,0.148803,0.110096,0.044233,0.010498
0.088470,0.013007,0.046962,0.052625,0.062763,0.097860,0.010436,0.012526,0.572372,0.042980
0.042807,0.535808,0.041133,0.036544,0.014174,0.007306,0.012396,0.151452,0.150047,0.008332
0.124983,0.006987,0.010988,0.008519,0.325431,0.009328,0.111856,0.010306,0.265446,0.126156
0.128411,0.005102,0.047457,0.178964,0.022924,0.016177,0.064849,0.383059,0.148420,0.004638
0.012219,0.421929,0.163480,0.007068,0.012632,0.011525,0.027415,0.124056,0.213960,0.005715
0.019980,0.006322,0.183654,0.255630,0.025538,0.052497,0.019060,0.017779,0.276937,0.142604
0.093795,0.019707,0.184814,0.123528,0.051025,0.019762,0.054495,0.037150,0.397258,0.018466
0.080746,0.403145,0.007231,0.150768,0.178717,0.006863,0.007125,0.006747,0.152301,0.006359
0.003826,0.311242,0.075117,0.026149,0.202001,0.010309,0.018497,0.339744,0.006368,0.006748
0.067736,0.120670,0.121564,0.485657,0.042202,0.027812,0.045883,0.027526,0.022501,0.038449
0.015290,0.606690,0.011378,0.253429,0.020685,0.010075,0.021434,0.034701,0.013859,0.012459
0.016759,0.044944,0.022111,0.017468,0.027809,0.020925,0.096506,0.016629,0.552630,0.184219
0.012918,0.017912,0.288606,0.013386,0.063667,0.013425,0.089591,0.025908,0.461855,0.012732
0.130384,0.048771,0.034274,0.004359,0.279466,0.038153,0.004071,0.123629,0.205922,0.130970
0.007385,0.450977,0.104884,0.005668,0.258567,0.006798,0.010871,0.049743,0.009223,0.095883
0.112662,0.024067,0.327484,0.023168,0.036208,0.038166,0.045893,0.333935,0.036750,0.021667
0.313075,0.054025,0.044357,0.041951,0.050575,0.047363,0.038099,0.027635,0.361918,0.021002
0.007239,0.437425,0.007686,0.020231,0.007794,0.007405,0.015471,0.155362,0.268834,0.072553
0.006586,0.008914,0.018986,0.176333,0.324931,0.015517,0.008958,0.191883,0.236226,0.011665
0.007459,0.570316,0.223666,0.007449,0.014268,0.012862,0.066230,0.009934,0.080324,0.007491
0.007511,0.006955,0.016788,0.007805,0.261103,0.007040,0.030687,0.449502,0.128854,0.083757
0.011474,0.012003,0.044580,0.011429,0.571380,0.030234,0.240932,0.019354,0.031127,0.027488
0.011860,0.058667,0.117207,0.010913,0.017349,0.018681,0.017980,0.719185,0.015310,0.012848
0.011956,0.010702,0.025604,0.054827,0.502222,0.016165,0.025406,0.014782,0.206103,0.132235
0.025276,0.008319,0.016806,0.221390,0.372098,0.009681,0.014130,0.237363,0.081127,0.013810
0.006368,0.008668,0.250220,0.006502,0.370332,0.011188,0.070607,0.053453,0.215034,0.007628
0.026520,0.011417,0.011338,0.009629,0.022632,0.012618,0.038872,0.540537,0.312283,0.014155
0.005870,0.005476,0.084620,0.005231,0.272485,0.007444,0.048382,0.357751,0.148103,0.064638
0.059992,0.010210,0.217285,0.037287,0.602050,0.016427,0.009020,0.023055,0.014677,0.009997
0.032607,0.055499,0.044863,0.011147,0.503968,0.036468,0.145947,0.103660,0.053442,0.012399
0.137249,0.526542,0.065053,0.031576,0.013168,0.015134,0.019190,0.169271,0.012676,0.010139
0.006693,0.055210,0.056713,0.217047,0.380180,0.011251,0.022679,0.012961,0.229378,0.007887
0.004506,0.327894,0.006561,0.004697,0.205098,0.004910,0.007466,0.301809,0.131526,0.005531
0.008706,0.680541,0.048982,0.024879,0.047122,0.025668,0.008124,0.116750,0.016194,0.023035
0.015986,0.007448,0.062266,0.005517,0.264752,0.010221,0.009694,0.350958,0.194736,0.078422
0.007102,0.548109,0.090267,0.010981,0.273420,0.011460,0.011048,0.029022,0.009925,0.008665
0.003729,0.263392,0.012015,0.143928,0.017690,0.010270,0.008478,0.346207,0.189565,0.004726
0.090045,0.005530,0.014482,0.155224,0.263376,0.007982,0.050609,0.129063,0.216491,0.067199
0.025689,0.004014,0.068785,0.151587,0.218978,0.028573,0.013488,0.306528,0.170308,0.012049
0.026072,0.010532,0.018248,0.016895,0.378809,0.007965,0.018186,0.499746,0.010913,0.012633
0.110965,0.005705,0.209989,0.005497,0.276749,0.014197,0.004829,0.145878,0.219702,0.006490
0.051448,0.152836,0.074016,0.032745,0.047689,0.048307,0.058689,0.032918,0.477777,0.023574
0.044323,0.373462,0.085169,0.006030,0.021566,0.013307,0.084623,0.133337,0.232019,0.006162
0.049482,0.531640,0.046000,0.016083,0.295061,0.017072,0.017752,0.009335,0.010694,0.006881
0.004621,0.005192,0.178381,0.005843,0.284691,0.007707,0.026610,0.178319,0.203191,0.105444
0.006110,0.063378,0.358219,0.005502,0.045635,0.040089,0.105640,0.191167,0.178476,0.005784
0.008508,0.008288,0.035733,0.011684,0.048250,0.054479,0.033407,0.752523,0.018257,0.028870
0.006909,0.293062,0.028320,0.004757,0.213312,0.007876,0.003973,0.269379,0.167250,0.005163
0.018946,0.011095,0.296736,0.011335,0.019425,0.021186,0.017628,0.572769,0.023171,0.007709
0.027426,0.010853,0.089632,0.010156,0.529856,0.018996,0.044724,0.021646,0.034093,0.212619
0.033117,0.023185,0.163455,0.017080,0.021594,0.025104,0.091145,0.018604,0.579772,0.026943
0.009450,0.600000,0.061753,0.010472,0.018157,0.011077,0.061755,0.204813,0.013138,0.009384
0.008579,0.007048,0.177965,0.012960,0.348894,0.012457,0.233066,0.016370,0.176237,0.006424
0.426384,0.026456,0.068795,0.025283,0.056444,0.044933,0.262129,0.027443,0.037847,0.024285
0.008388,0.007981,0.021713,0.009372,0.275588,0.018636,0.045103,0.518306,0.010426,0.084488
0.013256,0.014089,0.038470,0.018247,0.469331,0.065014,0.042928,0.302041,0.025127,0.011497
0.005179,0.005641,0.204266,0.007991,0.273326,0.008607,0.047922,0.419282,0.015835,0.011949
0.094094,0.040793,0.445301,0.015573,0.042210,0.056295,0.122179,0.117596,0.038130,0.027830
0.215469,0.015448,0.168743,0.014575,0.028199,0.021634,0.084261,0.415832,0.018597,0.017241
0.009493,0.007743,0.077907,0.008068,0.440223,0.027065,0.104767,0.099708,0.216052,0.008973
0.023784,0.010631,0.072831,0.010239,0.339648,0.025494,0.099170,0.093364,0.316450,0.008389
0.025929,0.012480,0.046823,0.320030,0.017518,0.029663,0.024124,0.075107,0.433186,0.015139
0.015531,0.014196,0.521910,0.044633,0.039177,0.040899,0.210319,0.027411,0.046675,0.039249
0.005524,0.376302,0.146742,0.025768,0.015903,0.005224,0.011687,0.184493,0.220856,0.007500
0.019542,0.016256,0.232723,0.019607,0.030325,0.017321,0.103571,0.515966,0.028263,0.016425
0.047506,0.677856,0.027182,0.009815,0.024107,0.052188,0.020571,0.107330,0.015016,0.018428
0.013728,0.014045,0.124048,0.014031,0.041740,0.036823,0.049623,0.105116,0.586946,0.013899
0.119495,0.034276,0.196791,0.030516,0.099445,0.043845,0.023226,0.044480,0.039759,0.368168
0.022213,0.036096,0.170861,0.031731,0.213538,0.022490,0.010644,0.309146,0.103053,0.080227
0.008933,0.014603,0.051601,0.008901,0.053921,0.077995,0.151824,0.010184,0.411402,0.210636
0.019946,0.057461,0.029989,0.103507,0.041880,0.026327,0.194065,0.460347,0.028587,0.037891
0.009866,0.085759,0.090132,0.012717,0.030521,0.017448,0.138901,0.363219,0.238898,0.012540
0.100901,0.068356,0.126455,0.012258,0.076403,0.109172,0.241659,0.181502,0.032394,0.050902
0.007308,0.505137,0.014984,0.006904,0.009853,0.007541,0.060894,0.165873,0.214463,0.007041
0.005748,0.408767,0.018858,0.008168,0.027551,0.016491,0.011199,0.481533,0.009049,0.012636
0.133392,0.009588,0.028257,0.007198,0.394545,0.012288,0.144863,0.242399,0.011113,0.016357
0.027189,0.022790,0.046780,0.031388,0.041758,0.024226,0.042647,0.683240,0.043839,0.036142
0.010859,0.009615,0.037957,0.012507,0.016518,0.019758,0.022807,0.660034,0.096940,0.113007
0.005510,0.380911,0.024045,0.038035,0.019113,0.013783,0.011593,0.145417,0.251031,0.110562
0.471712,0.032143,0.199396,0.036734,0.067417,0.059761,0.021175,0.048468,0.040302,0.022892
0.006271,0.068190,0.359726,0.255575,0.034670,0.041429,0.022009,0.015723,0.027324,0.169084
0.010989,0.053429,0.090488,0.010663,0.018348,0.014641,0.017698,0.676805,0.091994,0.014944
0.035782,0.005532,0.015742,0.161460,0.308034,0.009572,0.056846,0.391938,0.008291,0.006803
0.007723,0.034404,0.209951,0.033603,0.025800,0.043088,0.005554,0.196983,0.292078,0.150813
0.005873,0.364185,0.138003,0.006189,0.264899,0.011164,0.048353,0.040137,0.113011,0.008186
0.005954,0.045003,0.224978,0.005680,0.016716,0.008851,0.050616,0.425127,0.132202,0.084873
0.053291,0.072544,0.036846,0.127779,0.052707,0.039437,0.060748,0.125301,0.035941,0.395405
0.014738,0.846961,0.019749,0.013958,0.026406,0.016372,0.012646,0.017042,0.017977,0.014151
0.004648,0.362900,0.019397,0.007613,0.267214,0.032295,0.019865,0.149473,0.130771,0.005826
0.012171,0.037579,0.208789,0.010107,0.043584,0.016947,0.089451,0.067060,0.362531,0.151780
0.005083,0.007193,0.281601,0.186902,0.026715,0.015158,0.061396,0.389040,0.021243,0.005670
0.008117,0.010352,0.250474,0.288542,0.029498,0.061683,0.006248,0.007681,0.307136,0.030270
0.084439,0.017891,0.028772,0.017182,0.029888,0.020410,0.028857,0.448874,0.150241,0.173445
0.014985,0.015880,0.198321,0.097867,0.064829,0.067305,0.225325,0.026056,0.046202,0.243229
0.006470,0.007413,0.049563,0.005967,0.286540,0.008607,0.010661,0.365081,0.196532,0.063163
0.032373,0.005146,0.298689,0.007533,0.027004,0.016674,0.068800,0.193873,0.233132,0.116777
0.009711,0.009226,0.080862,0.014995,0.452103,0.015960,0.007801,0.087830,0.313037,0.008477
0.063915,0.009346,0.077501,0.011288,0.490212,0.024266,0.020864,0.009476,0.284567,0.008566
0.012900,0.411542,0.091569,0.005506,0.247226,0.007733,0.012753,0.196272,0.008510,0.005988
0.038700,0.011960,0.175486,0.023768,0.035334,0.012107,0.084520,0.303782,0.306042,0.008301
0.023378,0.371802,0.006773,0.016503,0.007102,0.006247,0.040522,0.375547,0.097897,0.054228
0.006800,0.068632,0.031820,0.012549,0.330066,0.021822,0.025743,0.017135,0.296890,0.188544
0.006716,0.487334,0.040335,0.012692,0.014087,0.015900,0.015004,0.148927,0.247800,0.011205
0.010958,0.027174,0.027319,0.013400,0.016911,0.015567,0.022481,0.672129,0.178523,0.015539
0.025217,0.016321,0.017493,0.012098,0.559966,0.018034,0.037661,0.081712,0.027559,0.203938
0.017929,0.010310,0.016503,0.010160,0.016980,0.013902,0.018823,0.575453,0.224566,0.095374
0.011767,0.037923,0.365574,0.009214,0.031185,0.024115,0.099210,0.020482,0.391260,0.009269
0.011832,0.043631,0.091314,0.012637,0.489056,0.030380,0.036734,0.261943,0.013441,0.009033
0.011170,0.011537,0.443012,0.016726,0.030714,0.018120,0.009905,0.011975,0.433560,0.013282
0.021973,0.010703,0.139844,0.006815,0.039440,0.058040,0.155219,0.226175,0.137848,0.203943
0.006521,0.007901,0.050140,0.007542,0.253501,0.016149,0.050975,0.412971,0.187280,0.007019
0.006674,0.007613,0.147075,0.305000,0.353804,0.026315,0.104313,0.021547,0.020296,0.007364
0.011576,0.017110,0.112256,0.016258,0.108697,0.039785,0.239145,0.351768,0.058114,0.045291
0.010910,0.009071,0.102025,0.019134,0.018575,0.012129,0.015557,0.617329,0.179381,0.015890
0.010110,0.025787,0.156433,0.011841,0.506311,0.011613,0.089101,0.012010,0.017813,0.158981
0.021490,0.020525,0.032741,0.029414,0.043412,0.029174,0.075799,0.695649,0.031191,0.020604
0.016776,0.023266,0.143090,0.016854,0.041139,0.040038,0.035849,0.336170,0.044459,0.302358
0.004221,0.279910,0.124595,0.020461,0.192163,0.004309,0.042369,0.148318,0.177360,0.006292
0.019196,0.008210,0.168984,0.011246,0.021520,0.012072,0.018481,0.606157,0.023146,0.110988
0.072075,0.075408,0.023779,0.358502,0.031373,0.029887,0.074964,0.056140,0.128682,0.149188
0.007148,0.007262,0.048155,0.008891,0.022526,0.007387,0.068709,0.470902,0.272625,0.086394
0.056853,0.768154,0.020690,0.014235,0.026097,0.012002,0.025512,0.042684,0.018759,0.015014
0.004682,0.007415,0.154557,0.006643,0.290320,0.035723,0.170427,0.198358,0.009218,0.122658
0.157695,0.059825,0.013419,0.011091,0.016734,0.009949,0.017790,0.686608,0.017312,0.009576
0.011896,0.029993,0.015625,0.011630,0.541086,0.013258,0.025279,0.225637,0.106962,0.018634
0.034094,0.063342,0.062086,0.011076,0.022951,0.021779,0.160886,0.592620,0.023900,0.007267
0.098978,0.316363,0.027211,0.006552,0.251003,0.006051,0.010333,0.006366,0.202993,0.074150
0.005766,0.006229,0.048613,0.007219,0.348791,0.010972,0.014674,0.450835,0.017692,0.089209
0.011119,0.011573,0.096098,0.014062,0.026023,0.031546,0.026817,0.743728,0.014630,0.024403
0.007214,0.007072,0.045639,0.007129,0.386390,0.018687,0.016221,0.480084,0.015865,0.015699
0.055266,0.454074,0.033092,0.009729,0.266548,0.016512,0.005241,0.009580,0.010660,0.139299
0.021377,0.042347,0.110151,0.006111,0.013652,0.014125,0.098979,0.406440,0.184004,0.102815
0.034205,0.014979,0.306255,0.016910,0.037580,0.032237,0.160691,0.022263,0.170364,0.204516
0.015076,0.313020,0.081409,0.004451,0.212855,0.005307,0.055095,0.105065,0.202304,0.005418
0.008563,0.481129,0.008361,0.186156,0.008521,0.008939,0.055742,0.008887,0.224626,0.009076
0.121276,0.020749,0.010552,0.203680,0.019644,0.009726,0.059748,0.137328,0.324747,0.092551
0.009944,0.281723,0.006443,0.004912,0.232616,0.005261,0.009153,0.304307,0.141210,0.004432
0.294997,0.115201,0.100931,0.017243,0.035139,0.037735,0.126257,0.024759,0.025397,0.222340
0.013589,0.406973,0.152439,0.005472,0.010461,0.006374,0.054161,0.007334,0.236562,0.106634
0.087041,0.011380,0.113294,0.010367,0.063459,0.076331,0.037337,0.305013,0.028933,0.266846
0.247125,0.016431,0.427052,0.014903,0.037271,0.017773,0.150325,0.021559,0.039867,0.027692
0.012985,0.101107,0.100864,0.345329,0.046327,0.020472,0.198518,0.093661,0.046235,0.034502
0.008959,0.007909,0.024689,0.011018,0.364279,0.012554,0.016082,0.246224,0.300348,0.007938
0.020145,0.207567,0.139801,0.021116,0.105236,0.066003,0.052099,0.268866,0.095733,0.023433
0.010623,0.009543,0.540058,0.089445,0.078333,0.076485,0.007958,0.126638,0.023540,0.037378
0.007685,0.071415,0.134169,0.009718,0.330981,0.045192,0.155835,0.090569,0.129327,0.025108
0.009811,0.675706,0.079250,0.009575,0.013367,0.015306,0.014347,0.157883,0.013470,0.011285
0.008064,0.007804,0.033787,0.292667,0.025563,0.058753,0.146563,0.202761,0.016457,0.207582
0.215893,0.018562,0.066835,0.367226,0.026273,0.018766,0.012394,0.089002,0.017715,0.167334
0.011344,0.584338,0.201032,0.018668,0.020493,0.052578,0.007167,0.063639,0.025187,0.015553
0.011651,0.014434,0.024585,0.056241,0.388692,0.014821,0.085945,0.011454,0.379728,0.012448
0.039741,0.025927,0.283380,0.007092,0.326625,0.044210,0.077394,0.152019,0.024788,0.018825
0.005928,0.006190,0.008762,0.163887,0.344755,0.007494,0.011215,0.432305,0.013672,0.005794
0.006353,0.008599,0.230160,0.005992,0.363174,0.006286,0.066803,0.168247,0.011267,0.133118
0.006048,0.006395,0.092386,0.008202,0.336046,0.009172,0.048895,0.405252,0.011283,0.076321
0.037903,0.026770,0.059090,0.023878,0.043874,0.043753,0.035991,0.025677,0.486149,0.216915
0.007001,0.361547,0.015278,0.012501,0.286267,0.027800,0.084725,0.005338,0.080757,0.118786
0.009908,0.042656,0.220382,0.016409,0.041239,0.018728,0.115953,0.304403,0.038624,0.191696
0.033943,0.036195,0.071693,0.168018,0.223812,0.007412,0.036748,0.184318,0.230801,0.007059
0.004671,0.021755,0.263706,0.179095,0.023128,0.029241,0.103412,0.147439,0.211457,0.016096
0.052007,0.036001,0.425995,0.006580,0.038953,0.057678,0.029376,0.007366,0.338817,0.007227
0.005396,0.008810,0.120296,0.014745,0.341988,0.021422,0.209490,0.006314,0.245907,0.025632
0.012886,0.012603,0.424589,0.012030,0.041721,0.018125,0.155407,0.022602,0.042347,0.257689
0.004249,0.288728,0.009958,0.004197,0.009566,0.010128,0.012978,0.364058,0.206897,0.089241
0.010843,0.015950,0.113405,0.011590,0.115604,0.039742,0.275480,0.106798,0.018862,0.291725
0.007213,0.428338,0.054094,0.007144,0.013151,0.009544,0.006575,0.455696,0.009826,0.008419
0.007718,0.610614,0.236111,0.010257,0.026781,0.014079,0.016618,0.057719,0.011644,0.008458
0.066969,0.014401,0.025911,0.057052,0.595811,0.014577,0.074850,0.011758,0.116752,0.021919
0.006888,0.539996,0.027606,0.006699,0.321527,0.013520,0.015971,0.050639,0.010327,0.006827
0.096122,0.009405,0.032066,0.037782,0.043741,0.059451,0.266947,0.247137,0.020886,0.186461
0.004452,0.352972,0.084906,0.005726,0.245843,0.007066,0.003972,0.099698,0.190142,0.005223
0.102063,0.003861,0.124315,0.007251,0.178903,0.024982,0.125734,0.324631,0.006047,0.102213
0.015191,0.006284,0.050368,0.005927,0.249590,0.011090,0.014592,0.414828,0.226339,0.005792
0.021253,0.019936,0.414662,0.018760,0.059311,0.045776,0.061545,0.034086,0.030913,0.293759
0.120180,0.010813,0.015762,0.008524,0.019296,0.019014,0.067131,0.527287,0.201970,0.010023
0.006180,0.469095,0.189581,0.006209,0.012044,0.008434,0.012843,0.030372,0.259117,0.006126
0.011030,0.616134,0.011620,0.010346,0.013058,0.011938,0.012045,0.206608,0.012206,0.095014
0.010659,0.012553,0.193979,0.010713,0.435405,0.022895,0.096616,0.180614,0.020137,0.016431
0.004695,0.025006,0.297455,0.017902,0.031236,0.035145,0.004280,0.436567,0.141762,0.005952
0.031766,0.013342,0.095821,0.009780,0.057029,0.064044,0.257340,0.243636,0.025776,0.201466
0.008503,0.022566,0.118154,0.007361,0.373675,0.012001,0.006605,0.164025,0.280071,0.007040
0.005797,0.453940,0.025165,0.006223,0.029484,0.041008,0.015850,0.243941,0.172291,0.006301
0.017822,0.009632,0.102581,0.009950,0.022261,0.011398,0.069791,0.629261,0.016736,0.110568
0.011704,0.438495,0.060437,0.007031,0.346807,0.008044,0.006493,0.007665,0.009255,0.104069
0.006553,0.009286,0.038980,0.009001,0.035489,0.046845,0.078725,0.543398,0.105582,0.126141
0.011835,0.086906,0.162146,0.007834,0.402870,0.028337,0.117523,0.110545,0.040885,0.031119
0.046468,0.063574,0.032211,0.030448,0.043173,0.034055,0.144478,0.110685,0.226975,0.267932
0.009597,0.375171,0.055671,0.007791,0.298319,0.008761,0.028940,0.103089,0.105029,0.007631
0.006964,0.007382,0.262088,0.009146,0.407214,0.010596,0.071840,0.060859,0.021032,0.142879
0.011020,0.009941,0.052147,0.013536,0.088061,0.064381,0.309232,0.030097,0.412256,0.009328
0.009613,0.527125,0.049585,0.010140,0.010020,0.009837,0.029226,0.010528,0.332759,0.011166
0.074366,0.029102,0.032568,0.028746,0.035021,0.029296,0.045586,0.033820,0.416125,0.275370
0.015943,0.382849,0.161896,0.005862,0.292681,0.007323,0.037488,0.007569,0.008172,0.080218
0.006799,0.362455,0.127460,0.005132,0.013206,0.027380,0.011396,0.197052,0.238384,0.010735
0.007849,0.008782,0.265828,0.037577,0.054303,0.028788,0.153332,0.081689,0.167710,0.194142
0.041848,0.116275,0.028305,0.510683,0.031809,0.047827,0.151222,0.021175,0.027649,0.023206
0.004355,0.229189,0.176772,0.003834,0.149740,0.008339,0.006929,0.251609,0.094422,0.074812
0.007510,0.010783,0.168521,0.022398,0.021365,0.013667,0.095720,0.177014,0.327934,0.155088
0.116874,0.014516,0.111477,0.009458,0.078802,0.038050,0.008890,0.139869,0.435653,0.046412
0.020457,0.027941,0.044411,0.543745,0.056771,0.027309,0.131641,0.098824,0.029053,0.019849
0.004744,0.005188,0.102776,0.172228,0.226498,0.007149,0.044464,0.179324,0.179216,0.078412
0.007296,0.008202,0.282526,0.010378,0.457836,0.015393,0.111619,0.064013,0.033536,0.009203
0.074340,0.340113,0.036535,0.005917,0.251831,0.005014,0.037478,0.006047,0.189850,0.052876
0.024517,0.030937,0.031421,0.025575,0.038979,0.034688,0.048415,0.501032,0.224235,0.040201
0.024490,0.035403,0.082037,0.025067,0.051932,0.052753,0.038016,0.590394,0.053190,0.046719
0.009023,0.012666,0.362297,0.008899,0.028223,0.009362,0.205350,0.061086,0.294265,0.008829
0.006880,0.523844,0.117885,0.007464,0.028336,0.040366,0.018186,0.082626,0.011567,0.162846
0.162628,0.028791,0.175249,0.005079,0.252774,0.045426,0.024155,0.171184,0.112853,0.021862
0.029531,0.040231,0.037929,0.033612,0.054501,0.055072,0.054285,0.595037,0.051742,0.048060
0.044991,0.033670,0.037985,0.010371,0.486073,0.017095,0.016268,0.325698,0.015647,0.012202
0.011160,0.014724,0.239506,0.013125,0.027878,0.018732,0.010096,0.016964,0.448994,0.198822
0.005560,0.006140,0.133651,0.005074,0.190703,0.033491,0.012973,0.335198,0.183811,0.093400
0.022813,0.006750,0.109949,0.006385,0.347585,0.006672,0.043709,0.441485,0.008397,0.006254
0.219656,0.033850,0.087191,0.048085,0.079263,0.051492,0.349704,0.038117,0.050965,0.041677
0.053801,0.015648,0.089191,0.014171,0.019141,0.013132,0.017974,0.292751,0.380298,0.103892
0.015396,0.423010,0.179023,0.007009,0.009715,0.007800,0.014384,0.008089,0.258821,0.076753
0.018401,0.009033,0.043483,0.006343,0.030036,0.048657,0.082481,0.488770,0.266779,0.006017
0.134336,0.023459,0.251286,0.019492,0.027676,0.015077,0.013349,0.175533,0.239669,0.100124
0.005683,0.008965,0.050560,0.027812,0.299598,0.041671,0.005229,0.521428,0.031789,0.007265
0.012419,0.015648,0.194928,0.030196,0.605415,0.016470,0.031607,0.065325,0.017022,0.010971
0.005216,0.406741,0.036623,0.005617,0.026126,0.037778,0.015462,0.442691,0.009592,0.014155
0.007122,0.386379,0.033215,0.006629,0.008277,0.006965,0.040022,0.405143,0.046647,0.059599
0.035736,0.340826,0.144011,0.007128,0.216639,0.005030,0.012199,0.030538,0.202871,0.005023
0.005184,0.008094,0.174022,0.005973,0.309053,0.044209,0.074460,0.217371,0.156168,0.005466
0.007920,0.090792,0.084488,0.012478,0.501168,0.058119,0.167999,0.024335,0.044233,0.008467
0.004787,0.004955,0.237147,0.007969,0.220611,0.035604,0.101889,0.122179,0.135600,0.129260
0.013293,0.826335,0.034159,0.012885,0.020763,0.013553,0.029989,0.016349,0.017375,0.015298
0.018906,0.009660,0.026508,0.044048,0.015550,0.018244,0.008393,0.597347,0.245705,0.015639
0.029561,0.013317,0.273272,0.073152,0.030347,0.027928,0.027623,0.096206,0.403667,0.024925
0.065259,0.012836,0.025126,0.014184,0.018845,0.014881,0.025550,0.782346,0.022033,0.018940
0.005481,0.373014,0.005950,0.006159,0.267287,0.006460,0.007218,0.087610,0.159209,0.081612
0.004105,0.265659,0.012825,0.003680,0.183426,0.010449,0.013458,0.314197,0.182878,0.009323
0.007642,0.487115,0.044755,0.009301,0.009962,0.010628,0.015670,0.008651,0.300061,0.106214
0.020906,0.026011,0.163777,0.084766,0.043790,0.023625,0.134629,0.020734,0.453076,0.028684
0.010544,0.010699,0.026860,0.012048,0.453165,0.014631,0.068843,0.014806,0.370132,0.018271
0.007735,0.439980,0.048662,0.006535,0.325751,0.007176,0.026589,0.024168,0.053157,0.060247
0.007918,0.583507,0.017347,0.033613,0.013308,0.009004,0.069211,0.009850,0.247174,0.009069
0.153997,0.070798,0.037714,0.030174,0.065898,0.039974,0.050231,0.162991,0.052145,0.336081
0.013421,0.013917,0.060287,0.013487,0.739675,0.021599,0.011885,0.089745,0.023233,0.012753
0.018793,0.015683,0.199471,0.074066,0.040556,0.017031,0.122321,0.020898,0.303101,0.188081
0.054549,0.011115,0.163021,0.048099,0.395027,0.021754,0.022852,0.158365,0.012446,0.112773
0.004990,0.303143,0.005281,0.006348,0.156880,0.005783,0.018312,0.316488,0.132591,0.050183
0.004101,0.294472,0.243689,0.006039,0.193084,0.011667,0.009495,0.138974,0.007005,0.091473
0.036222,0.040222,0.470484,0.037809,0.068560,0.058402,0.089455,0.048519,0.082947,0.067380
0.078857,0.017442,0.032525,0.015325,0.025804,0.017349,0.019084,0.402294,0.366164,0.025156
0.008634,0.604908,0.010300,0.008996,0.012269,0.011304,0.065896,0.011021,0.255881,0.010792
0.038412,0.013586,0.023908,0.014156,0.024384,0.018955,0.095978,0.280383,0.339483,0.150755
0.005916,0.466089,0.017595,0.009313,0.022061,0.016901,0.013838,0.006657,0.294375,0.147257
0.036950,0.006879,0.060711,0.230432,0.345058,0.010933,0.073972,0.189546,0.024876,0.020644
0.008277,0.007497,0.162364,0.032010,0.371714,0.021641,0.291706,0.068774,0.011200,0.024818
0.005595,0.005835,0.117426,0.005288,0.260846,0.013928,0.061373,0.205579,0.228228,0.095904
0.009150,0.008550,0.327190,0.010793,0.026584,0.016050,0.028600,0.217218,0.332253,0.023612
0.190368,0.007445,0.128089,0.011729,0.022134,0.052380,0.101811,0.087874,0.203536,0.194634
0.095078,0.392905,0.007846,0.006520,0.007678,0.008164,0.050097,0.416070,0.008975,0.006669
0.004951,0.321158,0.261495,0.004488,0.247253,0.026534,0.010298,0.007380,0.008283,0.108160
0.196940,0.012619,0.018118,0.014345,0.025935,0.016839,0.118879,0.224723,0.348741,0.022860
0.020724,0.022365,0.256805,0.021537,0.056495,0.051525,0.049662,0.456426,0.030454,0.034007
0.020808,0.739732,0.017553,0.014790,0.013641,0.012917,0.025911,0.012304,0.016512,0.125831
0.008580,0.013955,0.182130,0.011563,0.063501,0.031851,0.126428,0.286157,0.266526,0.009307
0.012670,0.018822,0.047629,0.052316,0.077110,0.080206,0.048588,0.031455,0.588774,0.042428
0.013377,0.531106,0.028751,0.007561,0.018352,0.047171,0.121276,0.055800,0.011737,0.164869
0.010657,0.015677,0.083261,0.015015,0.041599,0.036932,0.279733,0.275893,0.197512,0.043722
0.069602,0.053299,0.269277,0.017163,0.034969,0.028571,0.024271,0.018814,0.467181,0.016851
0.021824,0.022137,0.424882,0.026770,0.119944,0.175458,0.069545,0.058364,0.055833,0.025244
0.010862,0.069633,0.059210,0.012527,0.022621,0.017908,0.023570,0.744668,0.026190,0.012808
0.010624,0.011108,0.016075,0.014657,0.506204,0.013591,0.009389,0.253176,0.022637,0.142538
0.009645,0.043114,0.176749,0.010351,0.582746,0.018433,0.107090,0.021761,0.020371,0.009740
0.025906,0.008046,0.257812,0.008135,0.049866,0.027705,0.269951,0.198473,0.146690,0.007415
0.042183,0.008771,0.240769,0.008782,0.014119,0.009529,0.018087,0.454514,0.195736,0.007510
0.009693,0.011735,0.346724,0.024398,0.021421,0.015513,0.020542,0.176391,0.353563,0.020021
0.017679,0.056978,0.118415,0.018125,0.038842,0.027250,0.169770,0.019184,0.492273,0.041485
0.010768,0.401924,0.150742,0.004877,0.233822,0.005101,0.031293,0.143153,0.013225,0.005095
0.210221,0.010802,0.230613,0.006870,0.051868,0.050894,0.103632,0.291394,0.012686,0.031019
0.146587,0.013515,0.056297,0.013710,0.084546,0.045897,0.278574,0.037061,0.033753,0.290060
0.029100,0.633633,0.157395,0.012237,0.025557,0.011923,0.028118,0.071608,0.019414,0.011014
0.024832,0.009921,0.017888,0.016507,0.338835,0.011496,0.047612,0.514421,0.010951,0.007539
0.095647,0.048397,0.038894,0.015106,0.031193,0.025881,0.021404,0.111652,0.579331,0.032495
0.062141,0.008701,0.192648,0.006078,0.053038,0.047885,0.112742,0.496070,0.015114,0.005583
0.007477,0.009335,0.012943,0.176792,0.343113,0.007147,0.012167,0.102259,0.252940,0.075826
0.007583,0.007903,0.159245,0.046516,0.021013,0.016227,0.063615,0.282830,0.281385,0.113683
0.009595,0.023067,0.023229,0.008669,0.013327,0.009099,0.011741,0.549022,0.227357,0.124893
0.010245,0.714047,0.026437,0.045854,0.020301,0.011188,0.021762,0.010097,0.013123,0.126945
0.012362,0.011969,0.017977,0.013160,0.525140,0.015842,0.024080,0.012190,0.218954,0.148326
0.012075,0.761889,0.068722,0.011414,0.039335,0.011547,0.038002,0.012105,0.025469,0.019442
0.020862,0.110995,0.026391,0.508031,0.033946,0.036385,0.036014,0.020486,0.188056,0.018833
0.037361,0.316431,0.067490,0.010525,0.183603,0.023345,0.009313,0.032150,0.194223,0.125559
0.010509,0.423141,0.085466,0.006727,0.250396,0.005861,0.011365,0.024416,0.175498,0.006620
0.009480,0.024731,0.021170,0.010118,0.334950,0.013014,0.079581,0.257289,0.241111,0.008556
0.008312,0.039921,0.399307,0.015720,0.041493,0.052640,0.205163,0.080012,0.149499,0.007934
0.028678,0.008419,0.133560,0.006267,0.017574,0.017477,0.062034,0.452132,0.257712,0.016148
0.058823,0.007936,0.290744,0.231287,0.020533,0.044408,0.004796,0.219813,0.102786,0.018875
0.005340,0.399489,0.033095,0.006519,0.289378,0.006406,0.059204,0.005697,0.116727,0.078145
0.004386,0.295630,0.017330,0.004003,0.244443,0.026810,0.008805,0.382207,0.011696,0.004690
0.033389,0.018346,0.498077,0.020382,0.040226,0.031414,0.011963,0.089625,0.044800,0.211776
0.087180,0.008775,0.249550,0.010043,0.040089,0.051007,0.173239,0.315573,0.037199,0.027344
0.010881,0.011320,0.030794,0.015807,0.604933,0.017980,0.018868,0.262153,0.014659,0.012605
0.114531,0.425893,0.096227,0.005819,0.013508,0.006652,0.008736,0.007654,0.234189,0.086790
0.009954,0.013571,0.390030,0.031248,0.031280,0.028403,0.241315,0.018363,0.226074,0.009762
0.027702,0.033022,0.283674,0.031817,0.048692,0.031735,0.194500,0.031895,0.036437,0.280526
0.006591,0.451843,0.009617,0.008723,0.362784,0.007071,0.009786,0.123481,0.011662,0.008441
0.008646,0.008355,0.068213,0.007489,0.077528,0.055089,0.176483,0.251949,0.155141,0.191109
0.015648,0.016329,0.126651,0.015409,0.022256,0.019160,0.026695,0.018836,0.529584,0.209431
0.163217,0.008858,0.377107,0.023575,0.023736,0.021511,0.017208,0.191922,0.009296,0.163570
0.006674,0.009561,0.121435,0.010004,0.021878,0.049975,0.110345,0.202440,0.285872,0.181815
0.007404,0.008270,0.068785,0.010263,0.456391,0.020094,0.102739,0.008422,0.189920,0.127713
0.009175,0.012768,0.197755,0.009061,0.442316,0.023726,0.008380,0.068012,0.103471,0.125337
0.011840,0.060973,0.058578,0.017679,0.087033,0.100485,0.245684,0.346051,0.058645,0.013031
0.010297,0.009896,0.065486,0.009984,0.528935,0.058745,0.033361,0.022888,0.042297,0.218111
0.046602,0.250003,0.085933,0.038662,0.081994,0.052794,0.273017,0.042121,0.090106,0.038768
0.006727,0.387544,0.006864,0.006730,0.301618,0.006346,0.026434,0.190797,0.008237,0.058704
0.013987,0.018502,0.131765,0.065111,0.023633,0.032638,0.104877,0.084178,0.511055,0.014255
0.089876,0.011442,0.342635,0.055131,0.042428,0.070623,0.034102,0.325800,0.017744,0.010219
0.007194,0.498964,0.105145,0.010557,0.019951,0.043680,0.014674,0.275409,0.011988,0.012439
0.006028,0.006041,0.111747,0.005398,0.281118,0.046631,0.103837,0.154179,0.263814,0.021207
0.009359,0.630532,0.060319,0.011945,0.010728,0.010480,0.061114,0.038655,0.156084,0.010785
0.114030,0.007146,0.039034,0.038287,0.014816,0.010058,0.069436,0.480462,0.136926,0.089805
0.003514,0.003967,0.121531,0.160706,0.222514,0.026724,0.095640,0.148954,0.110850,0.105600
0.024206,0.007768,0.454318,0.007776,0.062461,0.051037,0.033957,0.020839,0.330146,0.007492
0.008573,0.367207,0.052632,0.005232,0.178714,0.007729,0.011597,0.167418,0.194146,0.006752
0.011073,0.808139,0.016519,0.014752,0.014234,0.016498,0.078357,0.012406,0.016357,0.011666
0.020188,0.722456,0.013727,0.010785,0.012604,0.012811,0.022670,0.013229,0.015284,0.156246
0.009926,0.581257,0.048874,0.008401,0.009824,0.010578,0.010758,0.243370,0.068395,0.008617
0.007284,0.011523,0.048199,0.319907,0.056688,0.049569,0.173826,0.074366,0.034608,0.224030
0.035713,0.017115,0.251359,0.020822,0.031739,0.034223,0.114281,0.022772,0.455805,0.016170
0.007634,0.006914,0.068033,0.006907,0.356033,0.022792,0.094772,0.167910,0.246044,0.022962
0.099240,0.010154,0.040969,0.371519,0.030296,0.058489,0.126583,0.009372,0.041527,0.211851
0.004915,0.374732,0.136967,0.012715,0.019614,0.029089,0.012734,0.138633,0.264920,0.005681
0.032738,0.024385,0.139828,0.009176,0.425709,0.016429,0.070342,0.252636,0.011709,0.017048
0.029244,0.024714,0.205199,0.036711,0.069397,0.072305,0.225271,0.228519,0.041049,0.067591
0.015343,0.015433,0.214072,0.018578,0.028833,0.039575,0.014649,0.347313,0.290656,0.015549
0.022729,0.320073,0.008300,0.005011,0.222662,0.005604,0.006561,0.348873,0.007149,0.053037
0.044815,0.009009,0.011094,0.201121,0.365110,0.009327,0.052950,0.162181,0.138121,0.006274
0.007005,0.462289,0.015601,0.007906,0.011392,0.008675,0.011159,0.458047,0.009332,0.008594
0.029076,0.026246,0.328568,0.024786,0.054045,0.034861,0.063267,0.132722,0.262855,0.043576
0.052668,0.033774,0.077964,0.033424,0.051895,0.032604,0.038913,0.580980,0.050867,0.046912
0.273694,0.132766,0.066147,0.056824,0.094931,0.070669,0.111007,0.048052,0.102274,0.043637
0.007287,0.430956,0.008523,0.007814,0.226332,0.007154,0.008232,0.023352,0.205201,0.075150
0.036622,0.462579,0.019998,0.006295,0.010806,0.006476,0.013081,0.426097,0.009125,0.008920
0.007399,0.494954,0.019281,0.010569,0.031604,0.038807,0.092503,0.192367,0.105184,0.007332
0.037569,0.390755,0.142787,0.007751,0.229437,0.005714,0.045855,0.031747,0.013958,0.094427
0.009434,0.011224,0.125614,0.233987,0.015469,0.020776,0.012557,0.148565,0.321117,0.101256
0.014623,0.021863,0.124975,0.177569,0.016823,0.016132,0.049122,0.441082,0.132199,0.005613
0.010200,0.651877,0.094138,0.011185,0.011933,0.012768,0.012670,0.172602,0.012480,0.010148
0.016427,0.067563,0.335918,0.111851,0.063392,0.027882,0.289752,0.016151,0.029403,0.041661
0.162006,0.369173,0.242297,0.005914,0.022958,0.034324,0.005070,0.009722,0.016885,0.131651
0.015809,0.439117,0.014665,0.006207,0.010577,0.006405,0.013553,0.410341,0.008878,0.074448
0.008052,0.516369,0.009274,0.010210,0.009868,0.008952,0.009642,0.021740,0.303913,0.101979
0.434541,0.073480,0.037937,0.030318,0.047612,0.049776,0.041404,0.180181,0.058238,0.046513
0.026433,0.056906,0.149732,0.008693,0.016571,0.009933,0.014582,0.590466,0.019975,0.106709
0.008446,0.008088,0.131384,0.008200,0.322651,0.011786,0.007592,0.186628,0.307140,0.008084
0.006562,0.018864,0.084313,0.007314,0.319311,0.010393,0.013163,0.419164,0.114630,0.006286
0.006627,0.024100,0.114333,0.005044,0.270432,0.008861,0.063821,0.196613,0.218461,0.091708
0.003753,0.257051,0.187884,0.005495,0.211414,0.019460,0.007944,0.291427,0.011574,0.003998
0.004277,0.307128,0.033523,0.013432,0.256755,0.025979,0.010774,0.036923,0.215649,0.095560
0.008566,0.544039,0.009512,0.009722,0.011511,0.008875,0.056756,0.010058,0.332770,0.008191
0.006750,0.403310,0.032960,0.007101,0.013437,0.005770,0.012558,0.426397,0.007850,0.083866
0.030191,0.011281,0.096716,0.017533,0.647469,0.019016,0.107114,0.022208,0.019855,0.028617
0.011001,0.071155,0.031839,0.010962,0.490695,0.016504,0.009984,0.317776,0.016186,0.023898
0.010189,0.432898,0.011665,0.006393,0.007299,0.007024,0.012430,0.397863,0.106173,0.008066
0.004143,0.284410,0.011107,0.003721,0.016632,0.025393,0.003450,0.352965,0.185344,0.112834
0.013258,0.503252,0.022470,0.010952,0.025838,0.018523,0.015700,0.013446,0.209703,0.166858
0.200001,0.011218,0.034363,0.013552,0.025625,0.048357,0.022595,0.601553,0.033931,0.008804
0.044603,0.126823,0.135669,0.226726,0.093632,0.059719,0.107800,0.057804,0.063025,0.084201
0.008366,0.512149,0.008864,0.007537,0.009212,0.009229,0.010909,0.125714,0.298368,0.009654
0.014405,0.091112,0.033290,0.016445,0.031014,0.014799,0.117966,0.255709,0.400314,0.024947
0.052307,0.023234,0.021913,0.020225,0.026140,0.026225,0.146959,0.022246,0.639478,0.021273
0.112710,0.006904,0.015170,0.008201,0.356589,0.012984,0.055878,0.153462,0.196460,0.081642
0.011642,0.009363,0.027266,0.011917,0.026410,0.053687,0.106914,0.692828,0.034260,0.025714
0.011205,0.037976,0.031459,0.011093,0.483198,0.018978,0.019515,0.018407,0.344105,0.024063
0.006407,0.008499,0.177013,0.028927,0.301818,0.036607,0.077116,0.051330,0.156701,0.155582
0.030877,0.084741,0.089738,0.028071,0.060661,0.058632,0.025559,0.510652,0.057269,0.053801
0.008507,0.049820,0.024820,0.007708,0.014637,0.012320,0.058117,0.517651,0.298838,0.007582
0.063428,0.008962,0.059558,0.011429,0.467795,0.064614,0.032246,0.103137,0.159683,0.029146
0.004172,0.302643,0.119360,0.004711,0.233935,0.004539,0.007692,0.308304,0.010411,0.004233
0.004290,0.298615,0.013309,0.172120,0.210928,0.022166,0.017419,0.043048,0.213618,0.004488
0.003816,0.270208,0.011908,0.003768,0.205016,0.010211,0.009202,0.297575,0.179771,0.008525
0.042334,0.020706,0.336901,0.018981,0.050706,0.015607,0.433587,0.016477,0.021004,0.043696
0.005581,0.448147,0.181842,0.013174,0.311000,0.007165,0.012534,0.006067,0.007919,0.006571
0.005156,0.330322,0.032956,0.004551,0.228674,0.013492,0.024042,0.127498,0.220447,0.012862
0.010358,0.011510,0.328659,0.058997,0.025805,0.015771,0.219300,0.009162,0.297701,0.022737
0.014659,0.016102,0.078961,0.020963,0.067793,0.036495,0.254379,0.416258,0.052859,0.041530
0.026489,0.664179,0.024497,0.012287,0.024987,0.012025,0.019010,0.011220,0.193187,0.012118
0.268313,0.015481,0.118952,0.090579,0.038199,0.022473,0.136443,0.119896,0.175422,0.014243
0.006815,0.006645,0.009102,0.032407,0.366481,0.009524,0.014615,0.457587,0.014076,0.082747
0.101676,0.042365,0.233693,0.003609,0.024375,0.012930,0.049703,0.350105,0.177775,0.003770
0.018065,0.016785,0.044163,0.020192,0.022449,0.024407,0.021318,0.096023,0.566427,0.170171
0.072173,0.074011,0.030780,0.028041,0.024335,0.016179,0.016785,0.265820,0.448578,0.023299
0.049081,0.016412,0.041385,0.068806,0.664600,0.019007,0.068264,0.016819,0.031193,0.024433
0.014319,0.350127,0.027806,0.152685,0.009799,0.005351,0.059951,0.365037,0.007832,0.007094
0.005202,0.005818,0.030730,0.007101,0.272422,0.046632,0.144809,0.221147,0.243799,0.022341
0.005228,0.335192,0.019620,0.005172,0.278328,0.027146,0.008963,0.037770,0.137879,0.144703
0.036351,0.012123,0.120860,0.011581,0.588649,0.024964,0.066532,0.012223,0.108788,0.017929
0.240397,0.009022,0.155918,0.011598,0.396427,0.064854,0.031568,0.021412,0.039464,0.029342
0.007164,0.491757,0.017128,0.009493,0.023011,0.043170,0.076331,0.007388,0.317359,0.007199
0.026162,0.044487,0.256039,0.006466,0.014892,0.006649,0.005791,0.434846,0.191882,0.012785
0.007726,0.441823,0.038645,0.007833,0.012364,0.007783,0.008705,0.198192,0.269476,0.007452
0.076315,0.351466,0.006945,0.005659,0.006523,0.006322,0.034747,0.357137,0.148918,0.005968
0.010561,0.014363,0.170350,0.014715,0.019513,0.017555,0.016502,0.192580,0.412980,0.130882
0.007813,0.008985,0.055719,0.021002,0.021418,0.010729,0.162035,0.462205,0.148724,0.101370
0.011458,0.280529,0.063286,0.134141,0.174858,0.006257,0.007375,0.087950,0.172167,0.061978
0.006152,0.033182,0.128450,0.013203,0.024510,0.022164,0.181589,0.087787,0.316354,0.186610
0.016948,0.045393,0.233005,0.014721,0.028857,0.024398,0.049802,0.015732,0.541699,0.029446
0.010640,0.011634,0.567949,0.014436,0.058895,0.074970,0.045899,0.156918,0.017534,0.041125
0.011119,0.110561,0.043149,0.015075,0.066890,0.086287,0.033334,0.422583,0.200044,0.010957
0.204700,0.078706,0.027472,0.017236,0.022050,0.020676,0.012646,0.395561,0.019435,0.201519
0.022752,0.356393,0.120292,0.008030,0.011339,0.031156,0.056185,0.158982,0.229534,0.005337
0.008749,0.372399,0.028882,0.007565,0.007848,0.010132,0.007319,0.385222,0.164163,0.007720
0.004498,0.285053,0.214243,0.005201,0.018276,0.010800,0.075977,0.034274,0.224268,0.127410
0.006509,0.006377,0.061732,0.006316,0.340231,0.021433,0.020106,0.153543,0.252945,0.130806
0.022866,0.330348,0.049142,0.004399,0.227069,0.004998,0.009652,0.150136,0.146651,0.054740
0.005477,0.005713,0.198779,0.005158,0.316373,0.016216,0.047612,0.150576,0.134891,0.119205
0.082503,0.010743,0.076077,0.007908,0.046935,0.026442,0.103837,0.292952,0.321130,0.031472
0.005007,0.006971,0.200046,0.005131,0.248953,0.009080,0.058221,0.365302,0.006830,0.094459
0.008242,0.018259,0.009396,0.198164,0.379546,0.008561,0.043525,0.042625,0.206297,0.085385
0.060507,0.009199,0.031117,0.012038,0.042113,0.055964,0.165010,0.021355,0.397608,0.205089
0.005875,0.349735,0.007912,0.005468,0.203410,0.005672,0.041430,0.101652,0.216709,0.062138
0.016675,0.245620,0.014956,0.141163,0.197885,0.018809,0.058867,0.139424,0.162284,0.004316
0.007163,0.503782,0.033718,0.009806,0.010877,0.008641,0.063558,0.231250,0.009367,0.121839
0.021157,0.820534,0.014744,0.041821,0.014998,0.018729,0.017527,0.016227,0.018718,0.015545
0.014121,0.013301,0.035216,0.012810,0.522913,0.016267,0.011893,0.016124,0.212236,0.145121
0.008237,0.008395,0.023564,0.023723,0.466746,0.013307,0.059300,0.052375,0.335968,0.008386
0.136716,0.324620,0.029150,0.189318,0.012322,0.012650,0.086852,0.190786,0.008504,0.009082
0.069052,0.034243,0.025808,0.012502,0.021613,0.024823,0.011613,0.193009,0.467803,0.139533
0.011726,0.010944,0.237217,0.010851,0.036244,0.020747,0.037727,0.243987,0.364507,0.026050
0.010283,0.010146,0.050143,0.010514,0.448749,0.021052,0.020825,0.014888,0.290950,0.122450
0.015037,0.006162,0.233861,0.038459,0.024361,0.009388,0.014231,0.417901,0.234928,0.005671
0.005668,0.394049,0.010279,0.007390,0.234757,0.006358,0.007653,0.119767,0.208493,0.005586
0.039657,0.012334,0.024476,0.011320,0.595136,0.014481,0.073183,0.071482,0.015336,0.142594
0.011010,0.015704,0.105233,0.011660,0.646457,0.031163,0.113455,0.020128,0.031635,0.013556
0.041909,0.043658,0.077491,0.050341,0.053365,0.056798,0.068838,0.205000,0.354806,0.047795
0.005879,0.007423,0.030347,0.006796,0.280362,0.008796,0.014228,0.371936,0.204461,0.069773
0.005385,0.007525,0.166355,0.021868,0.036017,0.036113,0.016013,0.474133,0.092947,0.143645
0.010719,0.027320,0.022172,0.012683,0.374420,0.023593,0.022880,0.294633,0.101231,0.110349
0.006507,0.505996,0.350667,0.017312,0.022275,0.044511,0.024647,0.010057,0.010739,0.007288
0.172690,0.009046,0.111135,0.010778,0.497932,0.021030,0.035495,0.018655,0.114958,0.008282
0.023445,0.027094,0.038420,0.023380,0.024547,0.036524,0.034876,0.025845,0.735039,0.030831
0.045996,0.011099,0.080548,0.009705,0.012913,0.012796,0.048212,0.552078,0.218123,0.008530
0.013004,0.101731,0.194169,0.013646,0.057843,0.064864,0.008276,0.096810,0.438267,0.011391
0.006876,0.468834,0.008313,0.020041,0.344843,0.006988,0.041540,0.025979,0.008345,0.068241
0.032361,0.038711,0.131744,0.029694,0.055428,0.044130,0.058385,0.188506,0.061846,0.359195
0.010873,0.011418,0.229644,0.011074,0.043246,0.018188,0.106083,0.379423,0.033329,0.156724
0.012825,0.725140,0.013972,0.013366,0.019862,0.013177,0.070019,0.012927,0.014411,0.104302
0.008833,0.032663,0.343740,0.060048,0.023667,0.013445,0.018928,0.323929,0.029777,0.144971
0.030040,0.054066,0.055125,0.209142,0.020687,0.007235,0.083949,0.235428,0.287295,0.017033
0.071523,0.027319,0.276584,0.026927,0.072259,0.027922,0.248942,0.178119,0.044719,0.025686
0.008569,0.013901,0.193781,0.012007,0.071666,0.034519,0.253274,0.010037,0.393043,0.009202
0.073514,0.007305,0.026495,0.011508,0.057000,0.056422,0.097077,0.218649,0.306470,0.145560
0.006474,0.008652,0.114644,0.007271,0.028344,0.046364,0.018304,0.529021,0.102989,0.137936
0.005934,0.433687,0.010496,0.007900,0.314720,0.008189,0.007927,0.007822,0.195338,0.007987
0.172905,0.413351,0.013234,0.009465,0.023672,0.037321,0.013697,0.158551,0.014916,0.142888
0.040636,0.009879,0.069871,0.025536,0.023394,0.016206,0.105523,0.320661,0.379221,0.009075
0.054079,0.266206,0.004774,0.004827,0.202618,0.004563,0.004982,0.264095,0.155358,0.038498
0.009508,0.036809,0.224734,0.006307,0.047208,0.046300,0.208660,0.092341,0.300317,0.027817
0.006565,0.060174,0.144073,0.010404,0.396356,0.011287,0.090031,0.013125,0.251127,0.016858
0.020460,0.017645,0.133689,0.108285,0.067147,0.029558,0.163310,0.146455,0.053296,0.260154
0.004535,0.020742,0.020536,0.004269,0.200284,0.033117,0.059611,0.367108,0.193036,0.096761
0.070437,0.015925,0.165238,0.012379,0.534171,0.018511,0.023805,0.015767,0.120911,0.022856
0.022984,0.019522,0.227979,0.015168,0.012661,0.008824,0.051152,0.411408,0.223350,0.006951
0.004451,0.004807,0.166547,0.005079,0.029129,0.016541,0.133438,0.422973,0.212280,0.004755
0.005256,0.058310,0.052547,0.007074,0.273484,0.045489,0.099833,0.074709,0.248155,0.135142
0.005593,0.363090,0.095550,0.005364,0.011159,0.011514,0.004969,0.394433,0.007561,0.100768
0.009563,0.009587,0.018148,0.201629,0.018300,0.017004,0.008737,0.520886,0.183033,0.013114
0.100781,0.292066,0.028667,0.004295,0.207008,0.008798,0.009414,0.326222,0.013390,0.009359
0.009823,0.113723,0.373706,0.009727,0.058207,0.089503,0.048861,0.010953,0.027753,0.257745
0.058719,0.118778,0.192789,0.030118,0.046098,0.047550,0.037433,0.025882,0.204770,0.237862
0.009749,0.013899,0.181612,0.010154,0.048493,0.074981,0.131139,0.091252,0.429386,0.009335
0.010240,0.010426,0.309941,0.014126,0.449147,0.079453,0.041107,0.026661,0.048662,0.010238
0.014982,0.016219,0.246560,0.019726,0.027093,0.024512,0.119110,0.485836,0.030622,0.015340
0.151765,0.013093,0.117590,0.009621,0.500450,0.011728,0.021768,0.012024,0.013644,0.148316
0.013254,0.016664,0.089145,0.015326,0.029371,0.032253,0.111754,0.298646,0.379315,0.014272
0.063388,0.009965,0.025357,0.055337,0.546644,0.016073,0.021259,0.226991,0.013415,0.021570
0.011831,0.011396,0.420013,0.013819,0.043898,0.016797,0.025579,0.011626,0.434580,0.010460
0.003793,0.282347,0.024908,0.004285,0.211189,0.005611,0.021466,0.279327,0.163260,0.003815
0.007686,0.011202,0.440056,0.009329,0.045405,0.059873,0.101812,0.074080,0.222661,0.027895
0.017728,0.009036,0.019194,0.010300,0.460090,0.013139,0.073243,0.051698,0.334760,0.010812
0.009164,0.597112,0.010455,0.012005,0.013635,0.009908,0.011532,0.027452,0.225879,0.082857
0.025047,0.022056,0.172972,0.024634,0.051756,0.036461,0.018957,0.125653,0.242952,0.279512
0.012722,0.009192,0.085125,0.008298,0.342335,0.008095,0.029539,0.207672,0.190566,0.106456
0.005605,0.048710,0.117694,0.008552,0.325087,0.009955,0.013585,0.151439,0.227515,0.091859
0.035984,0.582596,0.013453,0.008715,0.011350,0.008923,0.015367,0.031674,0.215264,0.076673
0.041170,0.010215,0.086901,0.008980,0.012674,0.011242,0.015889,0.513402,0.287761,0.011766
0.010887,0.758003,0.041763,0.010688,0.049025,0.058042,0.026998,0.015721,0.017836,0.011037
0.005237,0.382891,0.095585,0.006398,0.010855,0.009766,0.012434,0.457357,0.011327,0.008149
0.044628,0.006450,0.139057,0.004511,0.200400,0.034378,0.018044,0.365648,0.182608,0.004276
0.015130,0.007241,0.021576,0.007108,0.316035,0.017124,0.043741,0.474703,0.014995,0.082347
0.015953,0.015375,0.051458,0.025248,0.064617,0.091776,0.169389,0.488669,0.062485,0.015030
0.009496,0.076787,0.169158,0.007214,0.036511,0.022148,0.268085,0.068316,0.319336,0.022950
0.015417,0.014900,0.334477,0.015084,0.037627,0.040873,0.013934,0.023140,0.469566,0.034982
0.006513,0.437839,0.012147,0.008303,0.010691,0.012151,0.034011,0.461292,0.008792,0.008262
0.008005,0.008356,0.014118,0.034483,0.019036,0.013841,0.057633,0.533680,0.299032,0.011815
0.005945,0.310839,0.025682,0.004478,0.010305,0.028018,0.010019,0.387518,0.209185,0.008012
0.007510,0.009578,0.145483,0.009024,0.346440,0.010963,0.006033,0.192840,0.265422,0.006707
0.028882,0.041040,0.274965,0.033358,0.042969,0.056291,0.053278,0.127860,0.038368,0.302990
0.015710,0.015963,0.195591,0.015980,0.632905,0.022415,0.033276,0.016949,0.019892,0.031318
0.010656,0.014858,0.513570,0.088077,0.033934,0.075558,0.185093,0.024250,0.042714,0.011290
0.025424,0.469873,0.032937,0.008641,0.379913,0.007102,0.017493,0.039863,0.010602,0.008153
0.011621,0.012671,0.075436,0.083222,0.466724,0.030121,0.258460,0.008947,0.044662,0.008136
0.022001,0.143417,0.049574,0.023285,0.047544,0.045177,0.222845,0.031741,0.033464,0.380951
0.006142,0.418749,0.011349,0.007948,0.305795,0.010716,0.008406,0.147464,0.011489,0.071940
0.008611,0.066901,0.063567,0.009041,0.307172,0.022027,0.028485,0.198064,0.289819,0.006312
0.245491,0.094174,0.045988,0.415664,0.024689,0.021219,0.031452,0.074934,0.020857,0.025532
0.010023,0.009701,0.016000,0.025067,0.466792,0.015376,0.015230,0.311283,0.109654,0.020873
0.009161,0.008237,0.025961,0.019058,0.442729,0.008705,0.013517,0.011648,0.319969,0.141015
0.020852,0.121034,0.056339,0.020919,0.040462,0.026137,0.186294,0.457699,0.036105,0.034160
0.038238,0.108359,0.040546,0.019586,0.031731,0.024192,0.140257,0.090985,0.489769,0.016338
0.009667,0.008740,0.010781,0.016897,0.013027,0.016226,0.071108,0.539892,0.303693,0.009969
0.122725,0.076779,0.084197,0.056637,0.153371,0.140074,0.116582,0.061667,0.079942,0.108027
0.011206,0.011472,0.026288,0.012988,0.479456,0.015477,0.100700,0.315407,0.016128,0.010877
0.005262,0.344432,0.008547,0.006967,0.006264,0.009574,0.006966,0.349224,0.208060,0.054703
0.287058,0.045501,0.119631,0.051160,0.150067,0.077076,0.068263,0.047166,0.065305,0.088771
0.013361,0.013691,0.036395,0.013589,0.635366,0.013642,0.108275,0.016825,0.124416,0.024442
0.009118,0.010532,0.083315,0.010724,0.590127,0.068292,0.030950,0.101953,0.053565,0.041424
0.014276,0.557079,0.017528,0.035358,0.012325,0.016744,0.019535,0.166435,0.011921,0.148798
0.028748,0.027630,0.561898,0.025070,0.112857,0.042265,0.023139,0.057964,0.094922,0.025508
0.145563,0.486850,0.119235,0.006408,0.024107,0.007815,0.014891,0.009573,0.174054,0.011504
0.010950,0.014499,0.188818,0.013474,0.054348,0.032987,0.008271,0.025580,0.432449,0.218625
0.015015,0.021106,0.010532,0.008823,0.278865,0.014425,0.067922,0.485772,0.009317,0.088223
0.010507,0.294747,0.007310,0.005567,0.170083,0.005116,0.009291,0.310006,0.181372,0.006001
0.041889,0.009868,0.016775,0.008957,0.380834,0.014075,0.013692,0.487799,0.013367,0.012744
0.012421,0.073656,0.027401,0.012519,0.522001,0.019344,0.094332,0.078220,0.015731,0.144374
0.009273,0.105795,0.046714,0.039849,0.061630,0.081056,0.027230,0.285166,0.305915,0.037371
0.011735,0.033452,0.013138,0.148843,0.288913,0.008752,0.043081,0.378269,0.007380,0.066438
0.027339,0.024210,0.039269,0.027088,0.055673,0.040919,0.148031,0.560293,0.030767,0.046412
0.005564,0.326478,0.005878,0.004543,0.211794,0.007874,0.010515,0.325643,0.095468,0.006243
0.007658,0.031952,0.184875,0.229424,0.311667,0.020486,0.185399,0.005888,0.016104,0.006547
0.020855,0.009481,0.053740,0.009157,0.026218,0.023291,0.005674,0.563394,0.281922,0.006268
0.129532,0.007728,0.119194,0.008702,0.350591,0.010543,0.037008,0.237683,0.083026,0.015992
0.008302,0.011836,0.252054,0.037272,0.072456,0.051622,0.199689,0.100597,0.037418,0.228753
0.014874,0.011466,0.057377,0.011454,0.058358,0.038227,0.199893,0.352219,0.027390,0.228742
0.120298,0.282709,0.012930,0.169582,0.213499,0.010590,0.049634,0.004309,0.012492,0.123957
0.094397,0.014697,0.256772,0.017097,0.094030,0.043848,0.183317,0.185192,0.064072,0.046578
0.011335,0.415122,0.035591,0.005755,0.240338,0.015161,0.067795,0.061016,0.018942,0.128945
0.008084,0.316216,0.022454,0.004452,0.230494,0.009218,0.007056,0.310039,0.041507,0.050481
0.008050,0.440949,0.014908,0.009929,0.357780,0.008252,0.011483,0.008611,0.132990,0.007048
0.009595,0.009695,0.112015,0.009355,0.455699,0.022514,0.022181,0.012539,0.330999,0.015408
0.064651,0.089165,0.219269,0.008898,0.044519,0.056690,0.114949,0.024785,0.368497,0.008577
0.005329,0.006010,0.038544,0.007250,0.020425,0.046606,0.132404,0.461834,0.259617,0.021981
0.015600,0.021828,0.631913,0.102650,0.064889,0.038356,0.014264,0.017032,0.051141,0.042328
0.006607,0.505051,0.118921,0.239394,0.016826,0.012064,0.073031,0.009850,0.011109,0.007146
0.005324,0.322287,0.028754,0.004835,0.261597,0.005751,0.004358,0.168517,0.192916,0.005662
0.007007,0.079366,0.073508,0.010827,0.448724,0.026118,0.103993,0.021136,0.019052,0.210268
0.180744,0.006841,0.060648,0.031762,0.290900,0.021996,0.121210,0.017697,0.126107,0.142094
0.039755,0.542390,0.012374,0.008807,0.311178,0.009119,0.016885,0.039325,0.010120,0.010045
0.102825,0.011146,0.045564,0.011956,0.009475,0.015419,0.034651,0.485763,0.184327,0.098873
0.008120,0.011400,0.054770,0.011922,0.040063,0.053645,0.103942,0.694624,0.011913,0.009601
0.069104,0.011550,0.148011,0.011971,0.617124,0.028192,0.010710,0.076381,0.015471,0.011485
0.011395,0.653277,0.012417,0.009316,0.017766,0.010931,0.057233,0.203909,0.013930,0.009826
0.005008,0.249305,0.055508,0.138806,0.007976,0.018877,0.039966,0.285275,0.193674,0.005605
0.129339,0.004788,0.090800,0.010279,0.261220,0.015951,0.144595,0.142734,0.195808,0.004486
0.007588,0.435466,0.032162,0.006895,0.007585,0.008177,0.006465,0.185854,0.246147,0.063659
0.318301,0.016241,0.343159,0.020308,0.077493,0.015867,0.013768,0.151431,0.028564,0.014869
0.097691,0.415599,0.008077,0.006924,0.292053,0.007840,0.012446,0.007211,0.053996,0.098162
0.009848,0.011789,0.011685,0.018323,0.388353,0.009325,0.019534,0.266182,0.158670,0.106292
0.235514,0.060595,0.089426,0.047138,0.082163,0.049069,0.241852,0.051433,0.075746,0.067065
0.008193,0.012666,0.301003,0.087601,0.050202,0.031865,0.030247,0.239425,0.024291,0.214508
0.010908,0.032205,0.133597,0.011540,0.417436,0.014665,0.027020,0.014574,0.201767,0.136287
0.014214,0.052314,0.280605,0.012532,0.040111,0.037463,0.031627,0.304938,0.021922,0.204273
0.089969,0.178899,0.410553,0.038725,0.056712,0.068190,0.027478,0.039295,0.060461,0.029718
0.042246,0.572109,0.079489,0.008409,0.013405,0.010445,0.016844,0.148781,0.011288,0.096985
0.015371,0.021448,0.048170,0.178083,0.339899,0.017116,0.014808,0.116937,0.233512,0.014656
0.008238,0.048081,0.011590,0.008198,0.381388,0.012034,0.016053,0.497331,0.010312,0.006774
0.047188,0.025166,0.030395,0.024412,0.044849,0.025593,0.051170,0.131765,0.383003,0.236460
0.010782,0.803767,0.061584,0.010233,0.033132,0.014159,0.021936,0.014212,0.014776,0.015420
0.115165,0.019966,0.077291,0.010482,0.010348,0.009619,0.056966,0.513603,0.072957,0.113604
0.005621,0.349763,0.036929,0.140491,0.009972,0.006937,0.013373,0.128226,0.229864,0.078823
0.010993,0.033286,0.028941,0.011992,0.566676,0.016421,0.171410,0.016747,0.119343,0.024193
0.010055,0.010420,0.199976,0.010173,0.481759,0.027433,0.107966,0.098627,0.020728,0.032862
0.008413,0.010611,0.035956,0.011064,0.014590,0.011261,0.020068,0.543662,0.218537,0.125838
0.023003,0.068719,0.136699,0.010471,0.381348,0.016280,0.104523,0.061449,0.189885,0.007625
0.013146,0.012603,0.024414,0.014991,0.417862,0.021737,0.021297,0.333745,0.015891,0.124314
0.122038,0.004946,0.227457,0.004698,0.020116,0.034866,0.060503,0.416365,0.008924,0.100086
0.009384,0.010475,0.153481,0.055724,0.431466,0.021301,0.102403,0.073342,0.013764,0.128661
0.008869,0.008282,0.035525,0.008013,0.022042,0.012997,0.007431,0.509046,0.297818,0.089977
0.008591,0.518829,0.043967,0.009972,0.016253,0.009238,0.017470,0.053322,0.313252,0.009106
0.144244,0.523592,0.045639,0.006955,0.020535,0.009048,0.017375,0.044675,0.176625,0.011311
0.076496,0.312732,0.040810,0.006508,0.007431,0.006235,0.041063,0.335866,0.166420,0.006439
0.008630,0.010977,0.073479,0.015436,0.411450,0.017378,0.015162,0.045019,0.311197,0.091271
0.016251,0.067904,0.329838,0.019630,0.047059,0.029527,0.013027,0.370103,0.057782,0.048879
0.150309,0.052772,0.028145,0.047087,0.017020,0.040402,0.095226,0.209445,0.239671,0.119922
0.006769,0.009483,0.036506,0.008561,0.029341,0.019810,0.157751,0.557662,0.027585,0.146533
0.115345,0.046574,0.074322,0.040332,0.291417,0.014417,0.149802,0.053041,0.198325,0.016426
0.024269,0.244257,0.063770,0.004619,0.167091,0.004341,0.007889,0.283618,0.141905,0.058240
0.024209,0.025198,0.034110,0.023647,0.037543,0.057421,0.056362,0.668168,0.033799,0.039543
0.006591,0.455852,0.172007,0.203645,0.011242,0.007469,0.041049,0.029080,0.066508,0.006556
0.042668,0.256111,0.135170,0.042732,0.121973,0.106436,0.114514,0.045675,0.060010,0.074712
0.006271,0.396174,0.143504,0.009674,0.322142,0.037958,0.017012,0.043285,0.017650,0.006331
0.009393,0.009701,0.064613,0.011076,0.030731,0.024276,0.025099,0.675693,0.024121,0.125296
0.007788,0.259578,0.018525,0.153081,0.176833,0.010210,0.008356,0.099774,0.176562,0.089292
0.004948,0.005404,0.037159,0.004885,0.032711,0.017962,0.154277,0.430918,0.162765,0.148971
0.005328,0.409580,0.030981,0.007798,0.012946,0.006299,0.064560,0.128347,0.251426,0.082736
0.023694,0.022510,0.469632,0.027378,0.060087,0.038913,0.052082,0.023203,0.256801,0.025701
0.024991,0.033421,0.047467,0.100662,0.035212,0.052043,0.043353,0.029777,0.381327,0.251746
0.006698,0.443069,0.009471,0.007407,0.199916,0.007387,0.007643,0.023542,0.231762,0.063106
0.024149,0.358510,0.006425,0.006787,0.006484,0.007250,0.007339,0.357389,0.218852,0.006814
0.021683,0.007167,0.362968,0.014709,0.407966,0.046159,0.030074,0.090821,0.011390,0.007063
0.069063,0.012348,0.016006,0.335265,0.019516,0.013326,0.021009,0.016295,0.348357,0.148815
0.089897,0.357679,0.007638,0.005478,0.289804,0.006327,0.045781,0.020641,0.170258,0.006497
0.115851,0.018566,0.027995,0.024135,0.037172,0.030394,0.156205,0.020844,0.535700,0.033137
0.006607,0.007251,0.257251,0.004651,0.023853,0.039767,0.013871,0.406839,0.223670,0.016238
0.004498,0.295875,0.039135,0.017025,0.158982,0.005075,0.008378,0.295494,0.170367,0.005170
0.019487,0.026521,0.133993,0.012028,0.015379,0.014317,0.023612,0.579126,0.166944,0.008593
0.021342,0.019206,0.043382,0.019268,0.038364,0.025924,0.137518,0.437436,0.025906,0.231656
0.017167,0.014621,0.124483,0.013478,0.047354,0.023538,0.096700,0.137721,0.488061,0.036876
0.014169,0.017706,0.018682,0.013039,0.022471,0.017644,0.025616,0.830591,0.016602,0.023480
0.004831,0.006071,0.095591,0.005583,0.258136,0.008044,0.093837,0.342635,0.181125,0.004147
0.022270,0.053865,0.197386,0.023383,0.033980,0.025785,0.116030,0.311652,0.191677,0.023972
0.007569,0.433493,0.008021,0.009318,0.008366,0.008343,0.009027,0.446128,0.008610,0.061125
0.134781,0.327830,0.019700,0.006659,0.216213,0.027043,0.004215,0.038023,0.220514,0.005021
0.013839,0.013082,0.210856,0.012387,0.527861,0.018490,0.079881,0.094232,0.017053,0.012320
0.005702,0.371590,0.153741,0.007902,0.012334,0.006129,0.013102,0.407960,0.013179,0.008361
0.009292,0.009719,0.175438,0.012483,0.044015,0.071437,0.024748,0.240335,0.401780,0.010752
0.031645,0.008521,0.012728,0.010356,0.337131,0.012519,0.070831,0.262064,0.246180,0.008024
0.011705,0.008856,0.446802,0.012437,0.053908,0.030695,0.203364,0.030620,0.023703,0.177908
0.009246,0.010058,0.075991,0.036349,0.012663,0.019919,0.015559,0.574945,0.232226,0.013044
0.004613,0.306103,0.017104,0.006813,0.018343,0.011087,0.014225,0.398607,0.215262,0.007845
0.005418,0.054599,0.032479,0.200635,0.025111,0.041235,0.004521,0.481179,0.007973,0.146851
0.007679,0.008922,0.030485,0.074964,0.039621,0.053659,0.110555,0.113469,0.376361,0.184286
0.068785,0.335712,0.006300,0.124482,0.245142,0.005939,0.006183,0.015429,0.185952,0.006075
0.007202,0.006861,0.265653,0.019863,0.019720,0.012606,0.073327,0.555391,0.021484,0.017893
0.055955,0.012278,0.022733,0.047880,0.363606,0.011869,0.022120,0.046519,0.265565,0.151475
0.151380,0.013834,0.145737,0.014443,0.103715,0.095979,0.189612,0.014560,0.254071,0.016669
0.008273,0.410533,0.009064,0.007184,0.283666,0.006146,0.037654,0.127343,0.048576,0.061561
0.149340,0.009977,0.020610,0.009446,0.019018,0.013901,0.074171,0.668349,0.019629,0.015560
0.005835,0.406677,0.007180,0.005670,0.302492,0.006287,0.039319,0.131868,0.007343,0.087328
0.061367,0.006218,0.022473,0.009641,0.273904,0.037342,0.155881,0.055240,0.258156,0.119778
0.035629,0.405952,0.093526,0.005219,0.225890,0.007206,0.010065,0.144658,0.062500,0.009355
0.005405,0.387559,0.100062,0.008027,0.011565,0.007777,0.072484,0.139346,0.261728,0.006047
0.025578,0.059269,0.029929,0.589353,0.039880,0.022742,0.136918,0.023415,0.038466,0.034449
0.005854,0.007213,0.046443,0.008318,0.312796,0.010255,0.004747,0.407034,0.181810,0.015531
0.045430,0.005642,0.049132,0.007493,0.332183,0.014680,0.019836,0.425173,0.008019,0.092411
0.092677,0.398100,0.012388,0.007031,0.009545,0.011440,0.052391,0.401460,0.008221,0.006746
0.015828,0.020138,0.056593,0.014535,0.638820,0.021211,0.161165,0.015535,0.042110,0.014065
0.005760,0.006011,0.028675,0.231848,0.258415,0.018618,0.075118,0.014654,0.245020,0.115880
0.132076,0.508358,0.127873,0.007617,0.013652,0.008490,0.017375,0.165392,0.011056,0.008110
0.017206,0.049336,0.011650,0.012277,0.020390,0.013067,0.073251,0.617495,0.083724,0.101605
0.090097,0.008476,0.038743,0.007735,0.040009,0.055111,0.115179,0.233866,0.402289,0.008494
0.024589,0.031249,0.034492,0.022491,0.049454,0.036797,0.190631,0.121970,0.444270,0.044058
0.046932,0.382937,0.265689,0.005792,0.018146,0.013756,0.072577,0.062698,0.015586,0.115888
0.067181,0.016020,0.026517,0.016435,0.020867,0.015145,0.022543,0.358350,0.444593,0.012347
0.010638,0.037200,0.206143,0.009779,0.042615,0.014600,0.087092,0.344663,0.224867,0.022402
0.146242,0.055743,0.020621,0.008961,0.459154,0.011828,0.017940,0.011658,0.251103,0.016750
0.010110,0.661168,0.011522,0.012719,0.012206,0.013818,0.014025,0.168409,0.085955,0.010066
0.005740,0.374021,0.007806,0.006092,0.193880,0.007973,0.043323,0.185662,0.168618,0.006885
0.010559,0.667413,0.012160,0.012932,0.012475,0.018675,0.010215,0.227334,0.014222,0.014014
0.005433,0.035847,0.219698,0.008013,0.288653,0.022718,0.087423,0.061964,0.121590,0.148661
0.003951,0.005801,0.231629,0.004061,0.226984,0.013595,0.085546,0.339855,0.072901,0.015678
0.010124,0.023696,0.018813,0.009938,0.014287,0.021088,0.049291,0.601610,0.237519,0.013634
0.016120,0.009828,0.382954,0.265200,0.032594,0.021250,0.022964,0.080305,0.029351,0.139435
0.005845,0.394295,0.027883,0.007413,0.010477,0.005662,0.012409,0.408628,0.052824,0.074564
0.012032,0.069787,0.023729,0.009968,0.581535,0.014961,0.108641,0.014632,0.025715,0.139000
0.051915,0.049262,0.462884,0.046285,0.110900,0.076811,0.042784,0.051130,0.062993,0.045036
0.009547,0.013848,0.032566,0.012628,0.404926,0.020686,0.085874,0.181444,0.107241,0.131241
0.016659,0.048912,0.069764,0.041476,0.317209,0.018611,0.020707,0.441004,0.008505,0.017155
0.025353,0.005941,0.214320,0.005719,0.015246,0.008781,0.057618,0.422721,0.232231,0.012070
0.143209,0.007562,0.171507,0.051334,0.238256,0.019087,0.132210,0.130412,0.101552,0.004869
0.149834,0.011334,0.315923,0.253066,0.030694,0.011905,0.018461,0.048636,0.011084,0.149064
0.019003,0.160676,0.177440,0.019468,0.062848,0.036856,0.017911,0.040329,0.440986,0.024483
0.118013,0.010789,0.067974,0.010951,0.014916,0.008864,0.014310,0.530105,0.212363,0.011714
0.038946,0.037078,0.100050,0.035763,0.082647,0.059307,0.314339,0.203274,0.093740,0.034855
0.011021,0.010731,0.410982,0.010563,0.025858,0.016700,0.022432,0.337132,0.014585,0.139997
0.016841,0.012596,0.045438,0.011554,0.045604,0.101734,0.040459,0.341588,0.371649,0.012537
0.030863,0.005256,0.061635,0.006252,0.205881,0.012577,0.042798,0.367494,0.204720,0.062524
0.137785,0.611461,0.012682,0.010182,0.012822,0.017485,0.013522,0.012122,0.159949,0.011990
0.064156,0.009580,0.041644,0.012745,0.042991,0.071865,0.067125,0.020148,0.408660,0.261086
0.057147,0.007665,0.159679,0.049911,0.032707,0.034821,0.090561,0.417697,0.008435,0.141378
0.005812,0.356995,0.006623,0.005740,0.007641,0.006489,0.036281,0.351907,0.167275,0.055238
0.019487,0.006261,0.061622,0.229007,0.033895,0.040694,0.005081,0.473554,0.107309,0.023090
0.006911,0.009517,0.064527,0.007177,0.414206,0.013001,0.109849,0.186767,0.166953,0.021094
0.013952,0.012946,0.145475,0.337451,0.022036,0.030852,0.028948,0.061908,0.331516,0.014917
0.009391,0.010439,0.028053,0.045839,0.314303,0.017490,0.017667,0.538594,0.010554,0.007670
0.017208,0.784037,0.083624,0.014134,0.014365,0.013482,0.026947,0.014786,0.017264,0.014154
0.099226,0.428885,0.008734,0.008797,0.013346,0.007143,0.045931,0.112797,0.268195,0.006946
0.006630,0.009979,0.049648,0.012341,0.290632,0.041057,0.085076,0.197903,0.124463,0.182271
0.010596,0.010842,0.058790,0.082298,0.065083,0.037169,0.027040,0.023748,0.427909,0.256526
0.013088,0.021340,0.130471,0.004022,0.218075,0.026157,0.003264,0.323170,0.158770,0.101643
0.010872,0.014484,0.532076,0.010529,0.072982,0.036558,0.028336,0.097233,0.184822,0.012108
0.004518,0.004333,0.205334,0.003746,0.201959,0.013730,0.011959,0.361310,0.189047,0.004065
0.032481,0.022625,0.161906,0.075729,0.026941,0.031479,0.016157,0.355158,0.026827,0.250697
0.006195,0.407081,0.103140,0.202611,0.018729,0.006118,0.083662,0.152626,0.013430,0.006408
0.032894,0.112829,0.242173,0.038473,0.081419,0.072742,0.026795,0.262188,0.101555,0.028934
0.018418,0.022134,0.029325,0.020043,0.020206,0.019384,0.087734,0.335145,0.269827,0.177784
0.091352,0.017221,0.096757,0.014757,0.034898,0.028830,0.108611,0.264423,0.157292,0.185858
0.007496,0.008321,0.096050,0.007885,0.019358,0.009704,0.015598,0.531288,0.214648,0.089650
0.006533,0.385152,0.032128,0.007444,0.291434,0.005113,0.055574,0.193514,0.013222,0.009885
0.009741,0.534050,0.066922,0.010186,0.010037,0.009805,0.008227,0.009613,0.332521,0.008898
0.006852,0.455621,0.048263,0.022727,0.226820,0.012239,0.006200,0.100131,0.056880,0.064267
0.006335,0.424103,0.009150,0.005905,0.313604,0.007531,0.008613,0.023856,0.194896,0.006006
0.008075,0.011509,0.040867,0.010746,0.034651,0.049316,0.099629,0.705081,0.032077,0.008050
0.013374,0.014836,0.026880,0.016039,0.020184,0.025694,0.082838,0.409787,0.368013,0.022354
0.031946,0.042389,0.104764,0.038136,0.072513,0.032067,0.059118,0.033846,0.281727,0.303494
0.015455,0.019550,0.310643,0.013679,0.045564,0.026125,0.012602,0.026419,0.491284,0.038678
0.238274,0.012522,0.256409,0.079499,0.033866,0.018685,0.121559,0.012924,0.039287,0.186975
0.035223,0.004995,0.287736,0.004484,0.231912,0.031330,0.100353,0.154745,0.011283,0.137939
0.014229,0.016541,0.033222,0.015213,0.513361,0.021038,0.035503,0.073490,0.252606,0.024798
0.005056,0.361180,0.012280,0.005068,0.253781,0.006440,0.004556,0.157773,0.186927,0.006939
0.192637,0.014737,0.400047,0.012344,0.024629,0.027068,0.022817,0.259092,0.025597,0.021032
0.010316,0.011076,0.068676,0.303932,0.023290,0.018558,0.107796,0.017172,0.414978,0.024207
0.007681,0.009268,0.011268,0.008145,0.291963,0.010079,0.015213,0.497500,0.142039,0.006844
0.006962,0.430620,0.006995,0.007134,0.259186,0.006069,0.005370,0.023494,0.182608,0.071561
0.008783,0.031019,0.341666,0.013441,0.022784,0.012987,0.104765,0.014977,0.311636,0.137942
0.142350,0.011854,0.019656,0.010486,0.015459,0.018768,0.013043,0.594128,0.163427,0.010829
0.009814,0.010534,0.057328,0.009278,0.051758,0.025651,0.261432,0.230567,0.334902,0.008736
0.011455,0.684693,0.099620,0.013328,0.013017,0.013498,0.022360,0.037028,0.091528,0.013474
0.006164,0.443344,0.098569,0.006651,0.249110,0.005893,0.009912,0.042328,0.013876,0.124152
0.007223,0.392472,0.010014,0.006863,0.323330,0.006748,0.046689,0.006583,0.192016,0.008062
0.092897,0.097307,0.039302,0.016912,0.024728,0.017751,0.027513,0.018426,0.420960,0.244204
0.017150,0.077108,0.143684,0.022246,0.056162,0.102538,0.290651,0.156536,0.076439,0.057485
0.009011,0.299370,0.069251,0.164510,0.234993,0.011370,0.003484,0.105304,0.007228,0.095480
0.116400,0.035531,0.367454,0.172833,0.058110,0.053527,0.033402,0.039072,0.061849,0.061821
0.073400,0.010264,0.048486,0.009789,0.040316,0.046201,0.159776,0.090205,0.326792,0.194770
0.321772,0.016892,0.046644,0.010748,0.097933,0.077202,0.356865,0.031338,0.028858,0.011748
0.008539,0.010677,0.010882,0.010993,0.012710,0.012666,0.015363,0.530367,0.295717,0.092086
0.062474,0.102164,0.106182,0.015316,0.044715,0.023626,0.043221,0.280622,0.286237,0.035443
0.006720,0.024606,0.133964,0.009169,0.017459,0.009641,0.080418,0.450604,0.259983,0.007435
0.011886,0.056234,0.087842,0.011630,0.013101,0.010966,0.021526,0.288705,0.384873,0.113236
0.043288,0.104657,0.332168,0.048363,0.051647,0.058828,0.036404,0.223847,0.055025,0.045773
0.006451,0.488608,0.010525,0.009067,0.371559,0.008626,0.006151,0.027397,0.063311,0.008306
0.076077,0.031072,0.035107,0.004982,0.237186,0.006756,0.077705,0.302999,0.168786,0.059331
0.014384,0.020029,0.129049,0.109638,0.050820,0.043917,0.447184,0.113903,0.057259,0.013816
0.099100,0.015485,0.121713,0.017721,0.070585,0.110300,0.042442,0.135192,0.063328,0.324135
0.030594,0.047266,0.214120,0.202646,0.338232,0.010001,0.060894,0.011351,0.079210,0.005686
0.007354,0.007325,0.065912,0.238637,0.435033,0.014691,0.006704,0.190987,0.013740,0.019617
0.006089,0.390770,0.249103,0.012042,0.019575,0.014646,0.009820,0.010331,0.277433,0.010191
0.012168,0.010768,0.038492,0.010352,0.450306,0.017556,0.029089,0.081099,0.326535,0.023635
0.013032,0.132307,0.059123,0.118491,0.064989,0.082313,0.010957,0.414189,0.059591,0.045009
0.010683,0.448780,0.030415,0.007064,0.009439,0.006538,0.049555,0.156710,0.201831,0.078985
0.138553,0.030002,0.049778,0.116154,0.039756,0.030306,0.049728,0.144978,0.036103,0.364643
0.033164,0.046483,0.106963,0.013207,0.031779,0.013740,0.141700,0.081413,0.499618,0.031931
0.005960,0.414541,0.012150,0.005495,0.295242,0.010537,0.033061,0.141850,0.008706,0.072459
0.015456,0.018061,0.098320,0.015413,0.031229,0.013686,0.030817,0.079331,0.517462,0.180226
0.007168,0.010040,0.146441,0.009195,0.019674,0.010446,0.073603,0.556277,0.020609,0.146546
0.131195,0.008987,0.011624,0.011368,0.015550,0.008874,0.016584,0.552505,0.234944,0.008370
0.004481,0.288887,0.025991,0.011175,0.185299,0.028459,0.009377,0.132739,0.190727,0.122865
0.038709,0.067339,0.067522,0.019688,0.071085,0.090532,0.142163,0.035758,0.064615,0.402589
0.079011,0.010852,0.371943,0.006638,0.409319,0.048443,0.023151,0.024233,0.019188,0.007223
0.087970,0.017362,0.086968,0.464502,0.076166,0.039567,0.010039,0.115192,0.058409,0.043826
0.004209,0.301048,0.033928,0.004642,0.241655,0.013384,0.003863,0.178883,0.124989,0.093400
0.005716,0.007265,0.189075,0.006155,0.301595,0.012377,0.077542,0.191416,0.195244,0.013614
0.022996,0.020560,0.037156,0.022950,0.023926,0.023557,0.147066,0.025336,0.487261,0.189192
0.048447,0.085264,0.019465,0.016392,0.720031,0.013313,0.032346,0.013856,0.027437,0.023450
0.011706,0.013109,0.025197,0.012376,0.402141,0.019936,0.071395,0.236454,0.198048,0.009637
0.005039,0.382925,0.017658,0.004995,0.208064,0.009456,0.051765,0.102181,0.210369,0.007547
0.007662,0.007471,0.032870,0.007423,0.035960,0.023378,0.219295,0.629012,0.010909,0.026020
0.040149,0.019626,0.204860,0.177027,0.305693,0.009398,0.004843,0.045336,0.180238,0.012832
0.008518,0.485209,0.008799,0.007928,0.009088,0.012278,0.049853,0.009691,0.303860,0.104777
0.011741,0.090744,0.110466,0.012356,0.032056,0.020180,0.220799,0.022127,0.258937,0.220593
0.247240,0.009426,0.187882,0.013244,0.051019,0.032439,0.029855,0.009785,0.408164,0.010945
0.011464,0.009027,0.047935,0.018764,0.501003,0.030300,0.117318,0.008904,0.246941,0.008345
0.007047,0.035163,0.071140,0.009673,0.415190,0.023873,0.237839,0.175612,0.015848,0.008615
0.013901,0.047712,0.103588,0.013906,0.032947,0.024211,0.031980,0.022823,0.526921,0.182011
0.161271,0.402875,0.022550,0.008942,0.018682,0.031663,0.012501,0.045791,0.286467,0.009257
0.007844,0.487718,0.011556,0.010562,0.353234,0.008563,0.014535,0.008479,0.009706,0.087804
0.009291,0.011556,0.074234,0.008201,0.401737,0.015587,0.088451,0.078482,0.304256,0.008206
0.013409,0.004780,0.105772,0.004731,0.288766,0.008307,0.089731,0.386944,0.016336,0.081224
0.006411,0.007218,0.246976,0.207131,0.266830,0.017119,0.013373,0.012848,0.090902,0.131191
0.011573,0.011173,0.020376,0.048726,0.015153,0.015464,0.062381,0.680965,0.014928,0.119261
0.032280,0.040560,0.060730,0.062433,0.058123,0.037544,0.136617,0.183981,0.042113,0.345619
0.007521,0.086223,0.046396,0.042533,0.392648,0.068520,0.007125,0.109288,0.012984,0.226762
0.067440,0.070058,0.026904,0.023915,0.032140,0.015134,0.091503,0.209172,0.443818,0.019916
0.009911,0.012318,0.072852,0.009049,0.023379,0.022210,0.022007,0.625461,0.194243,0.008570
0.093668,0.014679,0.236766,0.407156,0.030438,0.030499,0.069248,0.083353,0.020693,0.013499
0.013776,0.014722,0.029960,0.031244,0.696419,0.021241,0.013115,0.019548,0.135976,0.023999
0.017998,0.018469,0.097233,0.521131,0.038349,0.028191,0.187909,0.026867,0.046613,0.017240
0.011816,0.758032,0.013795,0.040487,0.017024,0.020228,0.010586,0.014486,0.098809,0.014736
0.081486,0.007594,0.028027,0.292679,0.045583,0.048676,0.022744,0.102320,0.344229,0.026661
0.130270,0.329592,0.112159,0.004716,0.021650,0.029265,0.018443,0.142978,0.205981,0.004946
0.019152,0.009419,0.021188,0.008243,0.025130,0.023021,0.017447,0.586478,0.281926,0.007996
0.021970,0.620453,0.242378,0.008333,0.014565,0.010253,0.050128,0.010696,0.011531,0.009694
0.069761,0.008567,0.075462,0.011010,0.040524,0.014216,0.088402,0.652820,0.014491,0.024748
0.009517,0.007464,0.367833,0.011490,0.025458,0.047229,0.094229,0.095493,0.313528,0.027758
0.015181,0.014748,0.054601,0.032145,0.037267,0.015544,0.029002,0.394237,0.380040,0.027235
0.005968,0.009162,0.320954,0.006549,0.031146,0.043569,0.017933,0.543888,0.013205,0.007627
0.013763,0.012972,0.022717,0.304677,0.017781,0.025542,0.061220,0.239570,0.284772,0.016986
0.009771,0.057985,0.028190,0.020665,0.478359,0.009298,0.022041,0.210417,0.013101,0.150171
0.006212,0.356527,0.006442,0.005893,0.010274,0.007912,0.011827,0.361786,0.226334,0.006794
0.054977,0.008859,0.135273,0.006435,0.302564,0.010784,0.132430,0.237047,0.092160,0.019471
0.008159,0.532559,0.123371,0.012677,0.027478,0.020113,0.016729,0.062001,0.013939,0.182975
0.006394,0.008119,0.048521,0.006846,0.273905,0.010986,0.059725,0.448686,0.018671,0.118148
0.006636,0.007177,0.109510,0.015658,0.279075,0.007158,0.010263,0.464221,0.013535,0.086768
0.043990,0.010783,0.063944,0.027802,0.037323,0.017731,0.159962,0.062645,0.428700,0.147120
0.006038,0.330196,0.117655,0.004516,0.195550,0.024917,0.009504,0.110561,0.196375,0.004689
0.004049,0.300538,0.229036,0.004295,0.016104,0.023412,0.074755,0.035096,0.224881,0.087833
0.055973,0.484110,0.023218,0.009075,0.020110,0.042990,0.013291,0.009493,0.328767,0.012974
0.019450,0.018617,0.135538,0.018908,0.037118,0.021329,0.093309,0.023812,0.450972,0.180947
0.169889,0.013126,0.025026,0.011450,0.400725,0.013269,0.039995,0.013363,0.303467,0.009691
0.006668,0.007705,0.371104,0.030553,0.042786,0.057426,0.095468,0.007454,0.211640,0.169196
0.008997,0.007964,0.060572,0.009743,0.029683,0.018655,0.018268,0.570723,0.259214,0.016181
0.014768,0.437456,0.009790,0.005815,0.301904,0.006919,0.012515,0.197139,0.007912,0.005781
0.104761,0.021551,0.104992,0.019786,0.054233,0.025754,0.015366,0.018316,0.598461,0.036780
0.006443,0.049630,0.126447,0.008587,0.015173,0.010434,0.018353,0.432088,0.214233,0.118611
0.006266,0.441415,0.029769,0.045561,0.260249,0.039616,0.012863,0.147604,0.009505,0.007151
0.011130,0.386758,0.310003,0.007240,0.020839,0.029272,0.016806,0.059312,0.148572,0.010067
0.016548,0.022829,0.039783,0.010183,0.015413,0.010522,0.019444,0.488422,0.285970,0.090885
0.014874,0.079458,0.153410,0.344446,0.022569,0.020115,0.031247,0.293275,0.016692,0.023916
0.029330,0.012892,0.305028,0.018698,0.049204,0.031638,0.159737,0.091582,0.265022,0.036870
0.006757,0.009794,0.023519,0.009789,0.288409,0.014900,0.060839,0.486937,0.009376,0.089681
0.031589,0.025248,0.541532,0.033288,0.088765,0.047210,0.062159,0.047466,0.092293,0.030451
0.013209,0.012642,0.070744,0.100243,0.062874,0.079105,0.149929,0.023532,0.210477,0.277244
0.014197,0.016942,0.145629,0.061552,0.018867,0.024787,0.023804,0.206570,0.339127,0.148527
0.007357,0.460131,0.033189,0.167759,0.007583,0.007742,0.040233,0.008312,0.259674,0.008020
0.005550,0.005797,0.047706,0.006720,0.317918,0.009375,0.014731,0.406323,0.180574,0.005306
0.007675,0.034686,0.362085,0.007255,0.037619,0.055800,0.195025,0.090421,0.202640,0.006793
0.019073,0.091201,0.044401,0.017145,0.025481,0.018057,0.015950,0.018696,0.568270,0.181726
0.215030,0.008363,0.082182,0.008568,0.053180,0.054885,0.111536,0.083833,0.352194,0.030232
0.007277,0.009224,0.248470,0.006725,0.387376,0.017513,0.005836,0.051040,0.245650,0.020889
0.011308,0.648685,0.066997,0.013513,0.013921,0.017603,0.020163,0.011209,0.086547,0.110054
0.010416,0.009394,0.021710,0.013314,0.410701,0.012156,0.083139,0.013427,0.297512,0.128233
0.008817,0.009538,0.156662,0.010693,0.483234,0.019382,0.019150,0.163696,0.013440,0.115389
0.011332,0.011957,0.015223,0.013155,0.028932,0.013822,0.017690,0.730685,0.022003,0.135201
0.006063,0.394506,0.021751,0.005494,0.021794,0.015313,0.014121,0.233092,0.274859,0.013007
0.007579,0.440113,0.050732,0.007476,0.013319,0.008281,0.010029,0.443184,0.010145,0.009142
0.010355,0.335958,0.021849,0.006527,0.011380,0.006810,0.024857,0.332560,0.165206,0.084498
0.014300,0.015814,0.196861,0.014463,0.070835,0.082685,0.143243,0.029817,0.201396,0.230585
0.031415,0.029417,0.054424,0.031666,0.036200,0.037130,0.053238,0.031008,0.651554,0.043949
0.058198,0.029276,0.014395,0.010033,0.459032,0.014746,0.062086,0.013275,0.330706,0.008252
0.012558,0.012398,0.091205,0.013074,0.063548,0.084018,0.334649,0.012950,0.363752,0.011847
0.166132,0.022555,0.472711,0.022089,0.060001,0.040401,0.052955,0.039267,0.067262,0.056627
0.008052,0.046207,0.015411,0.009172,0.013541,0.011802,0.024253,0.531448,0.220528,0.119586
0.115754,0.112103,0.080732,0.010899,0.085031,0.036473,0.187126,0.332570,0.026879,0.012433
0.008658,0.025494,0.023250,0.010707,0.346977,0.012478,0.015458,0.518390,0.020473,0.018115
0.008350,0.013273,0.055939,0.087667,0.449174,0.035891,0.030894,0.009838,0.266859,0.042115
0.013213,0.014156,0.102127,0.013911,0.018893,0.016159,0.101427,0.264435,0.312567,0.143111
0.012664,0.014092,0.033525,0.014641,0.031588,0.059934,0.024680,0.757452,0.042305,0.009118
0.005945,0.455064,0.037312,0.009706,0.028265,0.016368,0.076213,0.204904,0.019470,0.146752
0.004216,0.041771,0.240382,0.004144,0.022379,0.031305,0.054559,0.326320,0.185920,0.089004
0.010695,0.391949,0.013399,0.025730,0.010371,0.007085,0.013912,0.417511,0.008249,0.101100
0.006230,0.058937,0.039878,0.006089,0.284273,0.045628,0.123390,0.154301,0.260000,0.021273
0.005046,0.376018,0.086576,0.004536,0.259625,0.004761,0.049060,0.005105,0.204454,0.004819
0.436373,0.024154,0.190290,0.029060,0.058225,0.056689,0.070797,0.042126,0.033373,0.058913
0.010084,0.012809,0.032864,0.023596,0.436997,0.012805,0.152174,0.013862,0.295832,0.008977
0.074630,0.016418,0.125967,0.016178,0.063499,0.028808,0.149154,0.101747,0.192171,0.231429
0.004928,0.363040,0.081612,0.004668,0.253583,0.006622,0.010501,0.004996,0.173674,0.096377
0.005281,0.005958,0.336966,0.007373,0.352528,0.019278,0.023101,0.057796,0.028053,0.163666
0.006797,0.367413,0.006493,0.005780,0.006499,0.007281,0.007243,0.359635,0.225966,0.006893
0.073505,0.321892,0.028985,0.005386,0.006883,0.008936,0.010983,0.327712,0.210337,0.005382
0.185108,0.014364,0.023837,0.012439,0.478468,0.020479,0.100519,0.013837,0.020983,0.129965
0.021755,0.061582,0.023480,0.052223,0.512950,0.024635,0.092525,0.010426,0.180859,0.019565
0.009144,0.014443,0.201452,0.022579,0.072199,0.035790,0.046773,0.391353,0.196570,0.009697
0.010169,0.011720,0.022657,0.010201,0.011122,0.011110,0.016190,0.564833,0.328650,0.013348
0.021283,0.018292,0.082072,0.008877,0.365465,0.008282,0.012376,0.149731,0.254655,0.078965
0.005332,0.005214,0.099872,0.005412,0.022932,0.039759,0.091917,0.467446,0.154743,0.107372
0.036421,0.006434,0.102909,0.008142,0.325278,0.006266,0.058869,0.144385,0.234234,0.077061
0.013461,0.405352,0.016819,0.005586,0.028821,0.034370,0.005124,0.473323,0.009927,0.007217
0.004031,0.004693,0.140445,0.041641,0.248069,0.028486,0.059413,0.386027,0.082800,0.004396
0.159447,0.383843,0.012886,0.007892,0.022372,0.034138,0.096472,0.009206,0.265532,0.008211
0.008311,0.398782,0.017030,0.013285,0.332642,0.015191,0.069298,0.010785,0.010321,0.124356
0.188657,0.008513,0.184141,0.008199,0.436051,0.016476,0.117997,0.019453,0.012254,0.008259
0.005868,0.464347,0.087503,0.007899,0.277541,0.006879,0.013960,0.120365,0.008421,0.007217
0.005855,0.315560,0.005733,0.005546,0.258985,0.007221,0.006941,0.335835,0.006646,0.051679
0.010784,0.026176,0.021755,0.249640,0.387813,0.015042,0.009884,0.012935,0.250053,0.015918
0.010988,0.059881,0.013145,0.011743,0.018361,0.017963,0.018121,0.710296,0.016073,0.123429
0.052421,0.129932,0.068456,0.051733,0.097212,0.075607,0.096281,0.276476,0.064714,0.087168
0.006045,0.426509,0.041378,0.008016,0.020751,0.015631,0.011298,0.156039,0.301566,0.012768
0.094063,0.044471,0.045514,0.018354,0.033099,0.023103,0.153206,0.294027,0.034746,0.259417
0.005432,0.006331,0.110390,0.008071,0.031260,0.044537,0.079445,0.537220,0.011812,0.165503
0.028494,0.031198,0.189369,0.034917,0.061743,0.030691,0.066543,0.032186,0.043998,0.480861
0.074853,0.011641,0.080248,0.029951,0.039294,0.017131,0.086165,0.219671,0.430341,0.010706
0.008102,0.025232,0.020963,0.006902,0.368838,0.012785,0.059220,0.471049,0.009093,0.017817
0.048705,0.417388,0.015287,0.008600,0.021845,0.030887,0.009686,0.060684,0.267423,0.119496
0.007216,0.560028,0.031278,0.058629,0.020176,0.050546,0.132136,0.008067,0.123892,0.008031
0.010616,0.027128,0.143653,0.011173,0.517612,0.012831,0.008896,0.013673,0.099591,0.154827
0.005685,0.045223,0.228559,0.007758,0.014904,0.008931,0.049956,0.426069,0.199290,0.013626
0.037026,0.099807,0.081361,0.034543,0.100316,0.053898,0.251131,0.227409,0.044494,0.070016
0.006935,0.510187,0.116158,0.008662,0.300569,0.008004,0.014206,0.009144,0.019321,0.006813
0.128810,0.009187,0.083014,0.010881,0.019695,0.019596,0.015406,0.603799,0.013189,0.096423
0.013437,0.493713,0.193395,0.008054,0.014297,0.007941,0.014050,0.233235,0.009715,0.012163
0.010164,0.012815,0.024910,0.012866,0.367959,0.023400,0.008456,0.167481,0.362895,0.009055
0.011197,0.015660,0.436154,0.011451,0.028900,0.020067,0.129656,0.284592,0.035127,0.027196
0.004851,0.378098,0.087154,0.004916,0.277532,0.006630,0.008660,0.113250,0.011388,0.107521
0.121123,0.010952,0.015377,0.008799,0.015503,0.012458,0.045535,0.538407,0.140596,0.091249
0.041875,0.075004,0.036021,0.010186,0.455581,0.020472,0.169301,0.015654,0.025026,0.150880
0.067321,0.033488,0.028856,0.011404,0.019262,0.015440,0.081603,0.192463,0.414105,0.136060
0.006441,0.440424,0.016015,0.044441,0.022285,0.032927,0.015120,0.066870,0.175586,0.179892
0.008678,0.414435,0.006694,0.007559,0.287167,0.006763,0.024820,0.021904,0.167096,0.054883
0.017741,0.017775,0.117074,0.165077,0.136696,0.113481,0.313166,0.017602,0.084426,0.016961
0.018028,0.009032,0.106189,0.241606,0.329462,0.011544,0.020770,0.011209,0.236320,0.015842
0.009440,0.010558,0.265580,0.011977,0.429933,0.013278,0.099152,0.007909,0.025482,0.126691
0.004497,0.007370,0.094324,0.009956,0.229683,0.039204,0.020547,0.401167,0.092110,0.101142
0.009149,0.519424,0.011469,0.010964,0.010938,0.010570,0.056714,0.028189,0.332431,0.010152
0.093055,0.008274,0.082835,0.027907,0.241455,0.006192,0.046288,0.412193,0.009925,0.071875
0.010732,0.015346,0.018263,0.013931,0.021333,0.014333,0.051425,0.694772,0.015681,0.144185
0.036850,0.018658,0.024354,0.019074,0.044733,0.027721,0.040183,0.080279,0.496199,0.211949
0.003738,0.274451,0.025402,0.011231,0.169261,0.010128,0.003114,0.323328,0.170598,0.008749
0.159420,0.078803,0.078465,0.013187,0.084420,0.098035,0.012356,0.040875,0.420708,0.013731
0.007679,0.011266,0.243435,0.009507,0.040060,0.052096,0.104522,0.200347,0.322039,0.009049
0.041426,0.340179,0.028962,0.004828,0.018950,0.031185,0.011504,0.378314,0.008102,0.136550
0.031658,0.117403,0.253313,0.037482,0.084931,0.032888,0.265176,0.056696,0.049817,0.070635
0.123846,0.022862,0.017466,0.008672,0.350090,0.011898,0.019142,0.039441,0.283526,0.123056
0.076385,0.272711,0.106197,0.004378,0.177648,0.007718,0.006788,0.284325,0.007172,0.056678
0.011907,0.082757,0.089419,0.011678,0.028212,0.018671,0.035162,0.225489,0.337252,0.159454
0.008815,0.010503,0.200608,0.097932,0.070667,0.035810,0.008555,0.136522,0.421201,0.009389
0.021826,0.033371,0.192849,0.008916,0.526900,0.015111,0.021025,0.015714,0.026464,0.137824
0.010106,0.007963,0.144739,0.012323,0.038608,0.024401,0.020413,0.199389,0.335243,0.206816
0.016865,0.331760,0.030768,0.163589,0.215346,0.009735,0.010979,0.005280,0.207144,0.008533
0.007414,0.010617,0.011596,0.008834,0.390826,0.012509,0.015976,0.517192,0.010018,0.015020
0.006479,0.465159,0.027986,0.006215,0.348103,0.007422,0.078489,0.036981,0.016761,0.006407
0.006825,0.006462,0.135686,0.006261,0.367553,0.011223,0.069051,0.006670,0.255906,0.134364
0.093579,0.004977,0.116347,0.138112,0.201734,0.023250,0.002979,0.304047,0.101390,0.013586
0.105074,0.044034,0.043625,0.155502,0.047827,0.039703,0.072090,0.148481,0.312430,0.031234
0.022882,0.023242,0.042826,0.025454,0.026602,0.025618,0.044107,0.028341,0.534903,0.226025
0.052509,0.006560,0.263115,0.047404,0.021892,0.012909,0.063247,0.514557,0.011277,0.006531
0.030394,0.012357,0.021578,0.009834,0.016069,0.012531,0.021587,0.615221,0.250956,0.009474
0.006955,0.346346,0.015577,0.012648,0.022922,0.028719,0.004421,0.403243,0.149230,0.009940
0.170825,0.710695,0.013872,0.010703,0.013446,0.013466,0.024463,0.013468,0.016157,0.012907
0.029519,0.009368,0.131358,0.010438,0.416094,0.019793,0.060433,0.290542,0.017008,0.015447
0.088867,0.350849,0.024738,0.144420,0.009921,0.005416,0.050935,0.132278,0.186181,0.006395
0.020409,0.067710,0.051804,0.006644,0.309317,0.022387,0.019622,0.199836,0.275893,0.026377
0.031110,0.019577,0.069799,0.405087,0.030913,0.022546,0.036255,0.325102,0.033723,0.025888
0.004706,0.004914,0.091589,0.008985,0.228429,0.030408,0.003960,0.407798,0.203020,0.016191
0.007248,0.036596,0.233195,0.010013,0.043851,0.047013,0.096184,0.188375,0.310713,0.026812
0.081463,0.087438,0.088419,0.015248,0.030119,0.019349,0.177746,0.274385,0.017698,0.208134
0.006838,0.007590,0.079414,0.014393,0.314426,0.007388,0.054178,0.213404,0.193153,0.109217
0.008565,0.462237,0.040411,0.007494,0.029815,0.042494,0.106163,0.006648,0.288560,0.007613
0.009525,0.406038,0.008291,0.006306,0.008111,0.007838,0.008732,0.378742,0.158965,0.007453
0.009080,0.009383,0.201492,0.009225,0.037961,0.013900,0.027958,0.328456,0.340050,0.022495
0.010033,0.013632,0.027657,0.048830,0.505051,0.019058,0.022624,0.217948,0.013064,0.122102
0.009238,0.010057,0.143145,0.013200,0.019193,0.024027,0.013725,0.631964,0.013873,0.121578
0.073306,0.049739,0.342721,0.037087,0.049192,0.054378,0.266282,0.045233,0.046508,0.035553
0.101974,0.321123,0.075358,0.006948,0.260668,0.009244,0.033279,0.176143,0.009100,0.006163
0.034959,0.019329,0.038617,0.022550,0.027436,0.022611,0.103456,0.019671,0.450733,0.260638
0.094917,0.012310,0.446983,0.039632,0.038693,0.022747,0.202564,0.114365,0.016438,0.011351
0.012171,0.015605,0.019463,0.013030,0.607244,0.016138,0.204021,0.086053,0.015364,0.010910
0.010252,0.664860,0.028136,0.014648,0.025666,0.054540,0.165666,0.010434,0.015594,0.010205
0.015865,0.569905,0.072205,0.008771,0.010373,0.010009,0.008176,0.198715,0.012571,0.093411
0.017651,0.047064,0.023757,0.020636,0.758823,0.016587,0.031503,0.022895,0.032537,0.028547
0.007220,0.026544,0.099922,0.004829,0.237461,0.042072,0.116518,0.204977,0.240523,0.019933
0.022148,0.674366,0.191194,0.010097,0.024921,0.024717,0.009045,0.010995,0.013889,0.018628
0.010229,0.005972,0.232117,0.006536,0.188020,0.029348,0.068145,0.351500,0.016181,0.091951
0.044577,0.004358,0.249803,0.039231,0.249931,0.027118,0.073580,0.040769,0.184023,0.086611
0.011654,0.010098,0.039788,0.063101,0.453847,0.022165,0.028538,0.330823,0.015397,0.024590
0.010309,0.011385,0.072025,0.269548,0.471297,0.012485,0.024287,0.014525,0.104250,0.009889
0.006596,0.005819,0.050912,0.042304,0.357683,0.011383,0.020237,0.469943,0.021180,0.013943
0.005952,0.385428,0.214511,0.230003,0.017790,0.014067,0.065571,0.042997,0.017131,0.006550
0.054536,0.025396,0.047372,0.022945,0.028857,0.034071,0.048224,0.022824,0.697726,0.018048
0.014306,0.577361,0.043957,0.009872,0.029860,0.044375,0.143309,0.095876,0.025383,0.015701
0.008556,0.009713,0.086879,0.087454,0.057573,0.060724,0.125750,0.259281,0.045029,0.259040
0.066282,0.008731,0.207557,0.005605,0.033099,0.020743,0.083677,0.535261,0.015320,0.023727
0.006750,0.010467,0.242987,0.036887,0.041876,0.049129,0.246773,0.007726,0.207005,0.150399
0.008305,0.009161,0.356143,0.012918,0.341458,0.049291,0.018098,0.006376,0.174128,0.024122
0.206621,0.008025,0.242915,0.007993,0.040706,0.060870,0.023829,0.073029,0.327260,0.008752
0.008056,0.034698,0.157411,0.006927,0.373152,0.012482,0.086098,0.179826,0.010579,0.130771
0.020580,0.123745,0.044360,0.538798,0.039281,0.031404,0.040309,0.101022,0.026293,0.034209
0.196233,0.488317,0.034951,0.008686,0.025722,0.019326,0.006235,0.194187,0.011333,0.015009
0.071446,0.067721,0.201105,0.248172,0.046824,0.042436,0.086786,0.017584,0.193196,0.024732
0.005237,0.005388,0.124242,0.005622,0.023011,0.015061,0.170923,0.411013,0.234195,0.005308
0.005508,0.304589,0.007584,0.005979,0.243934,0.009847,0.009701,0.318883,0.088481,0.005495
0.013822,0.011698,0.029354,0.307553,0.021674,0.016698,0.017517,0.344722,0.110553,0.126408
0.005831,0.016480,0.106118,0.005837,0.237577,0.011042,0.067845,0.351775,0.192722,0.004773
0.004736,0.270466,0.005337,0.101894,0.146090,0.004821,0.005675,0.259872,0.159617,0.041492
0.042694,0.007807,0.303485,0.004784,0.239138,0.018021,0.128109,0.016708,0.233211,0.006043
0.157953,0.007954,0.129073,0.005079,0.303636,0.045331,0.076598,0.018257,0.233982,0.022138
0.031627,0.035110,0.221817,0.031951,0.074176,0.049085,0.088932,0.028149,0.044766,0.394386
0.005862,0.026758,0.022928,0.046358,0.027474,0.017937,0.066960,0.496635,0.164823,0.124263
0.100913,0.014705,0.072425,0.045895,0.090310,0.076085,0.123711,0.024397,0.183967,0.267592
0.005231,0.404033,0.152703,0.025269,0.237282,0.006067,0.035061,0.006975,0.056880,0.070498
0.009753,0.010893,0.189324,0.009955,0.494079,0.020219,0.031515,0.072902,0.024066,0.137294
0.015754,0.015004,0.030741,0.015500,0.022884,0.020042,0.028834,0.308207,0.524714,0.018320
0.034482,0.463096,0.012761,0.008734,0.300996,0.007997,0.055840,0.031873,0.009761,0.074460
0.005171,0.402014,0.037639,0.006776,0.261122,0.015579,0.097257,0.047738,0.009928,0.116775
0.005532,0.009028,0.057324,0.244125,0.032015,0.048834,0.104191,0.235588,0.257342,0.006021
0.004026,0.004085,0.238105,0.004187,0.202749,0.013696,0.111278,0.347051,0.070918,0.003905
0.055101,0.018421,0.034817,0.022493,0.034181,0.022659,0.170319,0.585195,0.038214,0.018600
0.006067,0.358759,0.047859,0.005165,0.177255,0.005719,0.022478,0.163167,0.156558,0.056974
0.009906,0.592451,0.009873,0.010140,0.010731,0.010153,0.010914,0.026772,0.212115,0.106946
0.080738,0.634851,0.043291,0.008887,0.023678,0.061109,0.021849,0.100344,0.015008,0.010245
0.472194,0.027167,0.045921,0.024874,0.064108,0.038459,0.189112,0.042858,0.034927,0.060380
0.011945,0.051650,0.545333,0.020217,0.082127,0.069852,0.103980,0.027663,0.049813,0.037420
0.060173,0.012505,0.028115,0.013258,0.020905,0.021351,0.062561,0.332502,0.434797,0.013833
0.012562,0.715252,0.019211,0.014476,0.013197,0.015818,0.015784,0.012436,0.016184,0.165080
0.166674,0.424950,0.024712,0.006117,0.266417,0.032424,0.014702,0.047707,0.010248,0.006051
0.136321,0.302918,0.012065,0.007454,0.228275,0.028032,0.076633,0.031663,0.069365,0.107272
0.010726,0.011507,0.086932,0.078761,0.047496,0.028722,0.006943,0.699071,0.022177,0.007663
0.006032,0.401613,0.011431,0.023114,0.008957,0.007733,0.011273,0.408921,0.053302,0.067626
0.015489,0.056591,0.265975,0.012515,0.052746,0.023725,0.268395,0.026722,0.048238,0.229603
0.015760,0.070238,0.379387,0.016085,0.056809,0.028471,0.014847,0.017949,0.380190,0.020264
0.010208,0.724288,0.059175,0.010895,0.021545,0.018343,0.101072,0.014169,0.024491,0.015813
0.173690,0.011827,0.185049,0.010002,0.026669,0.024968,0.142655,0.062809,0.352107,0.010224
0.037752,0.040134,0.014904,0.008166,0.341489,0.009314,0.019278,0.412880,0.012497,0.103584
0.006257,0.042119,0.211171,0.034834,0.327424,0.014798,0.012435,0.008823,0.232804,0.109336
0.005937,0.007642,0.201076,0.016479,0.314266,0.005535,0.141943,0.005828,0.218117,0.083176
0.012749,0.009742,0.071314,0.041910,0.432065,0.031053,0.025543,0.120791,0.045102,0.209730
0.017572,0.285045,0.023584,0.006492,0.011418,0.022469,0.009304,0.330368,0.200157,0.093590
0.008231,0.032173,0.069739,0.012698,0.413809,0.012779,0.026560,0.223923,0.027029,0.173058
0.011771,0.012980,0.084965,0.009641,0.449593,0.009519,0.025382,0.333627,0.033367,0.029154
0.039562,0.011426,0.065385,0.010552,0.408186,0.012470,0.007387,0.008855,0.279540,0.156636
0.010470,0.010714,0.425957,0.030747,0.039465,0.016928,0.022463,0.018095,0.400024,0.025137
0.025889,0.022944,0.031336,0.114084,0.042321,0.034422,0.146638,0.507997,0.048171,0.026199
0.004025,0.289486,0.027495,0.004428,0.187086,0.024199,0.009273,0.172666,0.191912,0.089430
0.017904,0.017762,0.398308,0.021638,0.082025,0.033437,0.082925,0.035488,0.030575,0.279937
0.008116,0.008770,0.020455,0.008406,0.011788,0.018418,0.016835,0.524764,0.292612,0.089836
0.010107,0.010224,0.223211,0.039054,0.520846,0.020463,0.040503,0.084386,0.021059,0.030147
0.059416,0.028838,0.149647,0.011130,0.417722,0.012955,0.007951,0.278438,0.013458,0.020444
0.086210,0.011270,0.211532,0.008294,0.046509,0.027317,0.163451,0.242049,0.040676,0.162692
0.007338,0.310706,0.114173,0.020129,0.173983,0.006707,0.009150,0.149049,0.149473,0.059291
0.010206,0.711120,0.084257,0.010502,0.012685,0.012494,0.021063,0.013123,0.013225,0.111326
0.041742,0.063191,0.067151,0.008846,0.419930,0.014977,0.006457,0.056615,0.299109,0.021983
0.138769,0.012337,0.108247,0.017113,0.015179,0.011210,0.069756,0.602252,0.014005,0.011132
0.004157,0.297706,0.073650,0.150051,0.194226,0.009365,0.012050,0.005734,0.188571,0.064490
0.008837,0.372867,0.006215,0.005232,0.236610,0.005828,0.039800,0.096702,0.166661,0.061247
0.009723,0.010730,0.373397,0.014392,0.335436,0.047860,0.138477,0.023482,0.018696,0.027807
0.020841,0.008407,0.013525,0.008654,0.011237,0.011673,0.042086,0.545754,0.326430,0.011392
0.009361,0.587449,0.074014,0.009748,0.017716,0.010848,0.009084,0.029814,0.160978,0.090988
0.009741,0.053959,0.045703,0.010420,0.550786,0.081452,0.008365,0.010262,0.188205,0.041108
0.035743,0.006019,0.096690,0.005645,0.224242,0.008424,0.005216,0.390104,0.222375,0.005542
0.038685,0.094649,0.448904,0.035532,0.091765,0.082145,0.032509,0.044666,0.070465,0.060680
0.016402,0.021353,0.035037,0.020634,0.027333,0.017514,0.026653,0.422154,0.390166,0.022754
0.076474,0.013604,0.085850,0.046842,0.062877,0.031478,0.026585,0.274618,0.179525,0.202147
0.018346,0.021860,0.034233,0.022313,0.038946,0.017285,0.053136,0.347781,0.426600,0.019500
0.011405,0.096047,0.099252,0.013681,0.527087,0.018379,0.113188,0.087202,0.021446,0.012315
0.018169,0.022774,0.034249,0.442344,0.021873,0.030500,0.094239,0.070306,0.023443,0.242103
0.151408,0.010524,0.063463,0.008967,0.442240,0.014084,0.025075,0.014417,0.260848,0.008975
0.053654,0.007853,0.142115,0.012019,0.044940,0.058946,0.132276,0.018364,0.348403,0.181430
0.094718,0.130041,0.090320,0.022838,0.066951,0.101829,0.199577,0.012939,0.020173,0.260616
0.022912,0.130113,0.055103,0.022356,0.039241,0.030930,0.044136,0.024448,0.382880,0.247882
0.056620,0.016690,0.106714,0.012253,0.031516,0.033623,0.236795,0.076447,0.256908,0.172435
0.017558,0.661640,0.027216,0.011118,0.039429,0.024273,0.157805,0.013858,0.028852,0.018251
0.026906,0.227220,0.165616,0.004607,0.012966,0.008059,0.009212,0.294941,0.178688,0.071787
0.004757,0.005335,0.103489,0.051152,0.302730,0.018307,0.017070,0.161166,0.220409,0.115584
0.028586,0.372038,0.149465,0.004965,0.008388,0.005538,0.009818,0.349406,0.006750,0.065047
0.062684,0.028279,0.310966,0.027168,0.039202,0.036518,0.189426,0.026470,0.029366,0.249921
0.007674,0.007733,0.034128,0.311976,0.036800,0.057118,0.017549,0.014330,0.344536,0.168156
0.018864,0.023459,0.034855,0.024519,0.023493,0.023857,0.017220,0.357949,0.292736,0.183047
0.006218,0.023446,0.051194,0.201059,0.311170,0.011037,0.075059,0.011421,0.212177,0.097218
0.006361,0.006930,0.404637,0.012440,0.032149,0.044720,0.139945,0.006985,0.320787,0.025045
0.034524,0.515476,0.059922,0.010622,0.009453,0.009056,0.051230,0.008870,0.225033,0.075814
0.048146,0.096737,0.179193,0.022355,0.031577,0.035913,0.032694,0.509625,0.027442,0.016319
0.057469,0.037143,0.056226,0.011160,0.048979,0.062731,0.134999,0.018473,0.391905,0.180916
0.006818,0.006786,0.247373,0.033388,0.059305,0.024011,0.184369,0.211550,0.198287,0.028114
0.054699,0.007095,0.161099,0.048420,0.226260,0.017375,0.015476,0.124187,0.209066,0.136323
0.007984,0.011148,0.434572,0.013113,0.025255,0.057007,0.138671,0.288507,0.016563,0.007182
0.017157,0.008072,0.295459,0.005808,0.264180,0.044314,0.094300,0.014216,0.237199,0.019295
0.023018,0.084702,0.451293,0.021277,0.070158,0.060361,0.198307,0.041224,0.029365,0.020295
0.006967,0.009544,0.394662,0.010784,0.028681,0.049352,0.023174,0.176756,0.293688,0.006392
0.066748,0.009159,0.194911,0.259960,0.065653,0.021393,0.018321,0.076202,0.120477,0.167175
0.005217,0.381460,0.051914,0.005246,0.225767,0.014825,0.063755,0.005298,0.232826,0.013693
0.007053,0.434118,0.108343,0.008145,0.011855,0.013917,0.016447,0.008268,0.264372,0.127483
0.016320,0.123850,0.049225,0.012522,0.572251,0.097266,0.010323,0.012358,0.060682,0.045204
0.023998,0.009324,0.039957,0.334021,0.030162,0.028380,0.033455,0.248177,0.040844,0.211683
0.003888,0.024072,0.033238,0.004345,0.217256,0.014960,0.120606,0.371734,0.191810,0.018090
0.011386,0.015183,0.026736,0.026485,0.602040,0.017006,0.022715,0.240319,0.015423,0.022707
0.004990,0.391466,0.151770,0.006633,0.015129,0.006082,0.008048,0.184391,0.224251,0.007241
0.006061,0.006330,0.126990,0.006080,0.350999,0.014814,0.005294,0.163785,0.220613,0.099034
0.006586,0.006310,0.054983,0.006532,0.332511,0.006705,0.061040,0.497801,0.021234,0.006298
0.010447,0.011637,0.296892,0.013719,0.411885,0.015739,0.115654,0.085085,0.030878,0.008064
0.039051,0.008784,0.009040,0.006774,0.345886,0.009522,0.061074,0.152326,0.259516,0.108027
0.024176,0.020432,0.038778,0.024028,0.032185,0.046720,0.118008,0.121924,0.553076,0.020674
0.177682,0.034241,0.307715,0.275134,0.032271,0.024719,0.090163,0.017488,0.015271,0.025316
0.136456,0.010267,0.059193,0.011071,0.018198,0.012268,0.051576,0.532229,0.159412,0.009329
0.044615,0.086952,0.224145,0.364309,0.026114,0.014960,0.022433,0.015252,0.029024,0.172196
0.266684,0.018280,0.039279,0.023590,0.034598,0.034068,0.032976,0.079295,0.453928,0.017302
0.012724,0.012021,0.125753,0.011853,0.471503,0.022093,0.021010,0.014312,0.190624,0.118108
0.035946,0.080587,0.064502,0.146187,0.059567,0.034434,0.274939,0.191905,0.061196,0.050738
0.005672,0.441235,0.007088,0.006025,0.313055,0.007706,0.009990,0.193656,0.008641,0.006933
0.017203,0.017427,0.038739,0.018149,0.697667,0.025867,0.033187,0.100673,0.022624,0.028465
0.014316,0.018126,0.049692,0.013105,0.727030,0.019340,0.022054,0.100933,0.019958,0.015444
0.013977,0.016135,0.019973,0.013357,0.647358,0.025597,0.215511,0.018766,0.015903,0.013423
0.017707,0.005276,0.173215,0.004736,0.293865,0.018901,0.089109,0.157330,0.217287,0.022573
0.008767,0.553037,0.062340,0.010157,0.011419,0.009076,0.017055,0.009814,0.308976,0.009358
0.014659,0.102492,0.102561,0.015617,0.036421,0.031139,0.114680,0.282655,0.285435,0.014341
0.015432,0.644447,0.021408,0.041885,0.016382,0.010004,0.020635,0.041226,0.018618,0.169963
0.010425,0.015610,0.323641,0.012860,0.453259,0.083387,0.044797,0.028654,0.017361,0.010006
0.007317,0.482169,0.063137,0.009410,0.297941,0.008494,0.006642,0.008836,0.010380,0.105675
0.149529,0.005869,0.032823,0.005193,0.027580,0.044535,0.100620,0.506128,0.011444,0.116279
0.042884,0.118758,0.046476,0.094358,0.033802,0.032397,0.040149,0.027690,0.541061,0.022425
0.164963,0.010100,0.068016,0.013084,0.421487,0.012303,0.254491,0.018702,0.015065,0.021789
0.004828,0.353438,0.030728,0.036859,0.258712,0.026461,0.022991,0.051310,0.209086,0.005588
0.016797,0.013847,0.031444,0.031733,0.674435,0.014604,0.140240,0.018397,0.032458,0.026044
0.006459,0.309652,0.113924,0.006418,0.190312,0.029677,0.015232,0.185472,0.007985,0.134870
0.163803,0.031787,0.293313,0.007643,0.038977,0.040179,0.112195,0.006089,0.282128,0.023886
0.010489,0.015072,0.037803,0.012621,0.498645,0.018423,0.045957,0.011928,0.209215,0.139847
0.004286,0.300989,0.114723,0.003991,0.220933,0.004375,0.039584,0.148425,0.156217,0.006476
0.066407,0.012517,0.310084,0.058770,0.024319,0.019725,0.100453,0.239801,0.027827,0.140099
0.016693,0.015376,0.111986,0.017368,0.037454,0.015649,0.013691,0.016391,0.556465,0.198927
0.174518,0.068489,0.223249,0.028423,0.041369,0.022185,0.028007,0.089189,0.192213,0.132357
0.010792,0.712146,0.013190,0.010596,0.011945,0.011034,0.063206,0.012851,0.013755,0.140485
0.259295,0.020975,0.023340,0.036445,0.046574,0.016658,0.023483,0.081237,0.462277,0.029715
0.329781,0.020310,0.027481,0.025922,0.041825,0.026174,0.128141,0.025089,0.041382,0.333895
0.022400,0.125903,0.029694,0.536234,0.038560,0.031172,0.029656,0.142678,0.025233,0.018471
0.008641,0.011596,0.141573,0.008428,0.438920,0.059148,0.028147,0.093713,0.033908,0.175925
0.031829,0.420537,0.012877,0.006469,0.303327,0.006387,0.012599,0.007443,0.191753,0.006777
0.026874,0.019277,0.027413,0.014643,0.018650,0.016884,0.025128,0.817013,0.017704,0.016413
0.100546,0.009556,0.067878,0.010005,0.446956,0.074481,0.201703,0.009619,0.044270,0.034985
0.006510,0.392497,0.006963,0.007264,0.216592,0.006239,0.013689,0.006619,0.243001,0.100626
0.040434,0.072965,0.120164,0.014595,0.017744,0.019232,0.012074,0.357269,0.332720,0.012803
0.110703,0.009226,0.014035,0.032592,0.014534,0.010080,0.014140,0.515306,0.196864,0.082519
0.009289,0.055270,0.054504,0.021392,0.374125,0.011007,0.084528,0.191037,0.091679,0.107170
0.163786,0.006147,0.238757,0.237267,0.034281,0.021840,0.029134,0.006224,0.256868,0.005697
0.028180,0.424801,0.007896,0.007765,0.008086,0.008734,0.008650,0.434884,0.008290,0.062715
0.005840,0.005304,0.170714,0.005352,0.031415,0.034310,0.171087,0.450650,0.013138,0.112191
0.007501,0.010280,0.080880,0.023413,0.415475,0.021212,0.024526,0.157237,0.252340,0.007137
0.025092,0.057165,0.028666,0.043314,0.054913,0.022373,0.039238,0.098150,0.384465,0.246623
0.009494,0.008429,0.032525,0.051489,0.478899,0.014989,0.054022,0.009389,0.332364,0.008399
0.036957,0.011446,0.181457,0.009851,0.455564,0.013863,0.085612,0.173031,0.024223,0.007996
0.058639,0.064545,0.173206,0.263914,0.031089,0.017256,0.097423,0.068285,0.099379,0.126264
0.010441,0.012736,0.024636,0.245720,0.012394,0.010698,0.075687,0.138649,0.363394,0.105645
0.297816,0.010829,0.036953,0.017856,0.055229,0.063760,0.033502,0.407436,0.045199,0.031420
0.005832,0.069740,0.031911,0.012338,0.039871,0.022177,0.119744,0.500870,0.191275,0.006242
0.014756,0.141468,0.292753,0.014216,0.052883,0.023472,0.227441,0.128087,0.058894,0.046031
0.085642,0.008846,0.189694,0.008377,0.434171,0.016406,0.166847,0.021149,0.040094,0.028774
0.012447,0.791861,0.025560,0.017907,0.017311,0.023973,0.064986,0.015406,0.017791,0.012758
0.016303,0.020928,0.025055,0.015669,0.811698,0.016150,0.040237,0.017129,0.021228,0.015602
0.008261,0.006597,0.028367,0.006600,0.028030,0.042212,0.027055,0.559792,0.286985,0.006101
0.005800,0.413947,0.007624,0.007362,0.216231,0.006867,0.008293,0.027370,0.237467,0.069039
0.009613,0.348877,0.015287,0.012841,0.205962,0.012649,0.019610,0.147184,0.223135,0.004843
0.014681,0.014210,0.562359,0.014634,0.041379,0.042940,0.149403,0.103820,0.020104,0.036471
0.026719,0.036315,0.204127,0.162098,0.063949,0.071922,0.284859,0.045599,0.040828,0.063585
0.036590,0.395873,0.038595,0.006204,0.315632,0.016344,0.040943,0.009631,0.009575,0.130613
0.009408,0.011388,0.179048,0.010092,0.361287,0.014398,0.054553,0.009313,0.342146,0.008369
0.146979,0.025732,0.034165,0.007349,0.252741,0.041930,0.072648,0.167848,0.231915,0.018694
0.008449,0.508559,0.042570,0.037553,0.015026,0.011035,0.016656,0.008351,0.250789,0.101011
0.010093,0.008905,0.018283,0.010349,0.397811,0.013653,0.079772,0.011416,0.348081,0.101637
0.088188,0.011822,0.343294,0.015315,0.062287,0.036958,0.149172,0.030926,0.017829,0.244210
0.050956,0.005030,0.302415,0.008268,0.022159,0.031995,0.101324,0.453960,0.009852,0.014041
0.009481,0.024781,0.036143,0.221550,0.018150,0.013637,0.017353,0.565872,0.084664,0.008368
0.018393,0.059245,0.125231,0.014607,0.045589,0.023861,0.139941,0.028690,0.529821,0.014623
0.189795,0.008959,0.187896,0.014076,0.030363,0.022937,0.182238,0.323744,0.012399,0.027592
0.034122,0.030654,0.037201,0.036635,0.044227,0.030644,0.160899,0.032127,0.272427,0.321062
0.005410,0.363903,0.006262,0.005618,0.006349,0.005893,0.005255,0.336421,0.212795,0.052094
0.009930,0.577970,0.011287,0.009537,0.011708,0.009434,0.011862,0.010480,0.339231,0.008562
0.084284,0.063678,0.138242,0.017982,0.047767,0.041658,0.037190,0.019010,0.217574,0.332615
0.017166,0.014969,0.023329,0.015717,0.045487,0.016226,0.014171,0.267962,0.569916,0.015057
0.015329,0.019454,0.047884,0.016340,0.562887,0.035182,0.029529,0.076895,0.020787,0.175712
0.011106,0.620848,0.011422,0.012010,0.011508,0.012892,0.012482,0.280305,0.014256,0.013172
0.045547,0.004567,0.222372,0.003934,0.249670,0.014371,0.105139,0.055343,0.181959,0.117098
0.008848,0.282708,0.016694,0.003927,0.188959,0.023446,0.010926,0.337922,0.006541,0.120029
0.007536,0.007237,0.142767,0.007366,0.347890,0.013023,0.041472,0.141631,0.283864,0.007212
0.025018,0.296929,0.126449,0.020972,0.009072,0.005056,0.007810,0.323229,0.179471,0.005993
0.020647,0.016247,0.492734,0.146189,0.089131,0.052217,0.043407,0.042672,0.037598,0.059160
0.010454,0.009315,0.202943,0.014509,0.035483,0.027715,0.050394,0.261606,0.232251,0.155330
0.009960,0.070319,0.036319,0.010445,0.589690,0.014944,0.052279,0.078545,0.115730,0.021770
0.007162,0.010185,0.066335,0.026118,0.375010,0.022487,0.210433,0.261420,0.013803,0.007047
0.009251,0.028710,0.281461,0.009750,0.024631,0.018151,0.077235,0.165015,0.269554,0.116242
0.022857,0.024785,0.186654,0.030754,0.066972,0.024745,0.229194,0.041883,0.032698,0.339456
0.050213,0.074641,0.074336,0.007487,0.371150,0.013409,0.145957,0.219326,0.036610,0.006870
0.034497,0.014289,0.529825,0.013777,0.042013,0.021147,0.040590,0.116342,0.171416,0.016103
0.020809,0.009243,0.065655,0.054177,0.021747,0.023760,0.102444,0.665889,0.025788,0.010487
0.166766,0.013223,0.031209,0.011644,0.019256,0.020732,0.095710,0.230782,0.391548,0.019129
0.022407,0.021893,0.384450,0.029191,0.046979,0.028873,0.268562,0.126940,0.050227,0.020478
0.038095,0.501486,0.043504,0.008099,0.034608,0.018354,0.089826,0.010623,0.114230,0.141173
0.043531,0.057588,0.075064,0.050801,0.074847,0.053473,0.072518,0.054768,0.057682,0.459728
0.012888,0.010636,0.097895,0.019394,0.618767,0.018090,0.028792,0.011138,0.148188,0.034211
0.084101,0.016885,0.091262,0.011045,0.072653,0.081182,0.010389,0.368054,0.218403,0.046024
0.008056,0.008107,0.090833,0.008360,0.010746,0.010066,0.011835,0.545289,0.214703,0.092005
0.152253,0.013608,0.013037,0.045000,0.018661,0.014658,0.017919,0.693821,0.015503,0.015540
0.011559,0.012205,0.027108,0.299409,0.565058,0.017349,0.022551,0.012406,0.021064,0.011290
0.009739,0.012258,0.114190,0.010034,0.318282,0.009184,0.076086,0.011028,0.336811,0.102388
0.030281,0.010537,0.019961,0.009213,0.434686,0.012195,0.012271,0.041235,0.296453,0.133167
0.017513,0.031232,0.042904,0.009465,0.042288,0.019705,0.074609,0.503546,0.253304,0.005433
0.258722,0.009565,0.095200,0.008650,0.055663,0.064035,0.008141,0.094888,0.178876,0.226261
0.013308,0.012932,0.018624,0.340325,0.024134,0.016609,0.098477,0.068271,0.384521,0.022799
0.013584,0.116010,0.123461,0.016271,0.051853,0.027870,0.210754,0.105140,0.318649,0.016409
0.092909,0.018607,0.037098,0.019611,0.040532,0.018346,0.025644,0.100652,0.454270,0.192330
0.039181,0.068382,0.126542,0.016791,0.077269,0.045402,0.225508,0.036335,0.066894,0.297696
0.015185,0.033089,0.026519,0.017154,0.029155,0.018883,0.093590,0.271915,0.346826,0.147683
0.007426,0.252106,0.011650,0.004995,0.155760,0.022750,0.007843,0.303185,0.157623,0.076662
0.011841,0.013494,0.019674,0.010613,0.015405,0.015405,0.013997,0.657642,0.096095,0.145834
0.050215,0.048612,0.070748,0.068029,0.098554,0.063764,0.108803,0.335363,0.105913,0.050001
0.035332,0.007037,0.292826,0.008805,0.279848,0.030947,0.013151,0.011888,0.209078,0.111087
0.016875,0.378880,0.032288,0.028746,0.306802,0.007237,0.009311,0.007381,0.203481,0.009000
0.007037,0.076194,0.340338,0.007085,0.034646,0.024311,0.005971,0.193377,0.302566,0.008475
0.022886,0.022229,0.044126,0.026270,0.036072,0.027278,0.186493,0.026469,0.583420,0.024757
0.005057,0.005634,0.170293,0.006775,0.246335,0.043560,0.118562,0.167168,0.107716,0.128901
0.005523,0.006328,0.218880,0.016094,0.026943,0.031675,0.055526,0.365279,0.184673,0.089080
0.007587,0.472527,0.013957,0.008275,0.008804,0.008276,0.006862,0.456683,0.009462,0.007568
0.005273,0.005857,0.043545,0.011444,0.321109,0.036723,0.077137,0.222626,0.270713,0.005572
0.035166,0.291284,0.062827,0.004074,0.199093,0.010570,0.008359,0.119756,0.180511,0.088359
0.009490,0.519420,0.018343,0.010626,0.012155,0.012849,0.065658,0.010090,0.330714,0.010655
0.007992,0.008411,0.313595,0.008114,0.425034,0.024727,0.110483,0.062533,0.029140,0.009971
0.013829,0.055468,0.590418,0.011095,0.066786,0.035665,0.139354,0.029579,0.016688,0.041118
0.004619,0.329971,0.005641,0.015567,0.207201,0.005473,0.035878,0.148329,0.195533,0.051788
0.016144,0.016502,0.144493,0.017084,0.050383,0.032778,0.044335,0.420516,0.210450,0.047315
0.116897,0.009186,0.010622,0.007042,0.323106,0.009793,0.014695,0.127323,0.265966,0.115370
0.106842,0.019010,0.075718,0.007053,0.304576,0.010448,0.013503,0.200797,0.249945,0.012108
0.020355,0.013474,0.013424,0.011968,0.426188,0.012464,0.018848,0.011374,0.356882,0.115023
0.021155,0.028364,0.058849,0.021698,0.036120,0.027386,0.132823,0.028788,0.608255,0.036561
0.007706,0.005767,0.295366,0.028122,0.323110,0.045704,0.004872,0.005978,0.159727,0.123650
0.040816,0.462407,0.037723,0.012225,0.013132,0.007361,0.013715,0.171549,0.234683,0.006389
0.020675,0.104799,0.036122,0.020117,0.028080,0.043958,0.033393,0.024463,0.478338,0.210056
0.005926,0.359005,0.008388,0.138290,0.006752,0.006588,0.010697,0.365248,0.044068,0.055038
0.242077,0.018280,0.099375,0.082718,0.032894,0.020438,0.022284,0.022784,0.426991,0.032160
0.038381,0.036628,0.346455,0.049560,0.088462,0.070555,0.210989,0.046497,0.053121,0.059351
0.013868,0.107408,0.074913,0.014306,0.053647,0.034352,0.160957,0.028354,0.300288,0.211908
0.006589,0.423091,0.030705,0.007452,0.010902,0.006368,0.010273,0.438752,0.057743,0.008124
0.163122,0.011496,0.013940,0.021695,0.567963,0.024200,0.019911,0.061081,0.103191,0.013400
0.079723,0.038489,0.058442,0.016726,0.023182,0.013757,0.123188,0.295554,0.137338,0.213601
0.013111,0.012518,0.014649,0.051641,0.015081,0.016961,0.064824,0.776944,0.020062,0.014209
0.015652,0.021335,0.016014,0.008513,0.328141,0.017851,0.014881,0.220627,0.272350,0.084635
0.065139,0.010520,0.176631,0.011853,0.045946,0.059712,0.178348,0.379222,0.042393,0.030237
0.022091,0.357336,0.006164,0.006501,0.006221,0.006890,0.006882,0.332985,0.203458,0.051473
0.008653,0.529987,0.037796,0.033138,0.011837,0.008227,0.012637,0.046799,0.301110,0.009816
0.132821,0.567527,0.109431,0.010566,0.013309,0.009021,0.017238,0.032462,0.011106,0.096518
0.016267,0.021442,0.132833,0.017321,0.027870,0.016632,0.114700,0.080547,0.556768,0.015622
0.060353,0.008652,0.320276,0.053204,0.022224,0.012530,0.019540,0.211539,0.283527,0.008156
0.354973,0.149662,0.152115,0.023017,0.056765,0.029040,0.015526,0.132211,0.065664,0.021026
0.005462,0.007176,0.050805,0.005140,0.231285,0.017619,0.083865,0.391127,0.202909,0.004612
0.010099,0.046835,0.017158,0.015647,0.010870,0.009289,0.012970,0.558883,0.224386,0.093862
0.005766,0.062373,0.048183,0.006563,0.283640,0.049011,0.151099,0.243797,0.010053,0.139516
0.063586,0.010610,0.063543,0.072641,0.417500,0.049922,0.006423,0.096438,0.212191,0.007146
0.007379,0.465394,0.107714,0.007622,0.254739,0.008649,0.055191,0.008045,0.078393,0.006874
0.008718,0.315707,0.022708,0.178861,0.192837,0.011873,0.017962,0.174158,0.072505,0.004672
0.008066,0.544712,0.018825,0.011768,0.030952,0.048383,0.087949,0.013092,0.223913,0.012339
0.008012,0.600990,0.208608,0.008843,0.038523,0.054072,0.021928,0.015623,0.028127,0.015274
0.008248,0.063970,0.334451,0.008788,0.023019,0.023351,0.019532,0.014429,0.343532,0.160681
0.126937,0.300695,0.205108,0.005459,0.017932,0.027642,0.050241,0.007517,0.253678,0.004792
0.033166,0.439580,0.009558,0.007009,0.010241,0.008422,0.016059,0.458111,0.008889,0.008965
0.051563,0.305970,0.070769,0.064185,0.102658,0.049231,0.141612,0.061586,0.062112,0.090314
0.010217,0.609463,0.069328,0.011046,0.012141,0.016600,0.012179,0.010258,0.239175,0.009593
0.007872,0.468700,0.011459,0.008909,0.011830,0.009549,0.047184,0.150574,0.274998,0.008926
0.019371,0.021393,0.049348,0.020535,0.042687,0.051763,0.028555,0.146086,0.578157,0.042107
0.044674,0.125440,0.133759,0.051127,0.075295,0.045738,0.362143,0.048213,0.062202,0.051409
0.004643,0.017851,0.180656,0.006293,0.283494,0.011340,0.011656,0.370247,0.016165,0.097654
0.006541,0.047761,0.051103,0.007104,0.338802,0.010630,0.005253,0.435117,0.007927,0.089762
0.009899,0.624646,0.237316,0.010238,0.014844,0.011024,0.013029,0.054860,0.014563,0.009580
0.010694,0.013942,0.025174,0.023466,0.016926,0.016752,0.021160,0.682099,0.178951,0.010835
0.014712,0.076565,0.017394,0.012395,0.023715,0.029772,0.100279,0.061795,0.506649,0.156724
0.011626,0.009504,0.070410,0.011285,0.023675,0.025478,0.076772,0.328954,0.307832,0.134464
0.385950,0.015043,0.099084,0.022912,0.087064,0.111737,0.192967,0.036173,0.032577,0.016493
0.031360,0.028457,0.032277,0.030977,0.039541,0.036511,0.136742,0.139441,0.240971,0.283722
0.110252,0.482786,0.011939,0.009241,0.010392,0.008815,0.033930,0.007585,0.215071,0.109989
0.008468,0.388969,0.006911,0.005885,0.267862,0.006801,0.007493,0.020140,0.211877,0.075594
0.028682,0.015153,0.019776,0.042121,0.014751,0.015653,0.018379,0.303334,0.391802,0.150349
0.004927,0.355508,0.133251,0.005864,0.246417,0.008178,0.011022,0.173368,0.056068,0.005397
0.133536,0.049909,0.023886,0.195203,0.231376,0.016102,0.064850,0.063621,0.215857,0.005660
0.007362,0.006159,0.053741,0.196505,0.344470,0.018388,0.005363,0.208783,0.140910,0.018319
0.004241,0.004981,0.224644,0.190908,0.265091,0.035060,0.016572,0.144828,0.010155,0.103519
0.013208,0.018492,0.039348,0.166663,0.012189,0.008409,0.041035,0.424493,0.178535,0.097627
0.009541,0.586842,0.014598,0.008081,0.011392,0.011449,0.007469,0.250428,0.010844,0.089357
0.011623,0.011385,0.090155,0.345524,0.030019,0.017826,0.027078,0.073500,0.381586,0.011303
0.006912,0.536410,0.027858,0.006746,0.306726,0.012491,0.067750,0.009855,0.018028,0.007222
0.061865,0.011213,0.063957,0.006850,0.421314,0.050167,0.033678,0.007902,0.335854,0.007201
0.007484,0.009583,0.055047,0.210382,0.020148,0.012315,0.082364,0.491665,0.010748,0.100265
0.024313,0.035455,0.389093,0.015184,0.040547,0.015173,0.023127,0.017490,0.415527,0.024092
0.005279,0.005685,0.230517,0.005926,0.230425,0.024111,0.079775,0.316106,0.016571,0.085604
0.036231,0.540323,0.033264,0.009936,0.008879,0.007540,0.036267,0.035350,0.212950,0.079258
0.126520,0.023492,0.023615,0.185602,0.270059,0.030161,0.013163,0.120304,0.201734,0.005351
0.006518,0.388348,0.035620,0.007423,0.017313,0.007140,0.013605,0.378568,0.140306,0.005160
0.011800,0.012016,0.251087,0.038441,0.038815,0.018680,0.153513,0.421260,0.020290,0.034095
0.030747,0.016232,0.052371,0.037719,0.675449,0.021582,0.034568,0.079170,0.020005,0.032156
0.010637,0.660746,0.017808,0.033759,0.014491,0.010853,0.009014,0.218046,0.012913,0.011733
0.010691,0.013398,0.214235,0.011546,0.034005,0.016913,0.176839,0.095273,0.399851,0.027248
0.211627,0.011738,0.442910,0.016951,0.030942,0.017455,0.023521,0.093274,0.138082,0.013501
0.006752,0.005447,0.288395,0.201358,0.028262,0.038442,0.014701,0.066272,0.236836,0.113535
0.008551,0.007727,0.122562,0.223386,0.411991,0.009718,0.055445,0.051389,0.010457,0.098774
0.008179,0.011115,0.175041,0.273921,0.031352,0.013689,0.153958,0.295232,0.014466,0.023046
0.008183,0.287067,0.067710,0.173373,0.018114,0.010984,0.049116,0.170986,0.117553,0.096913
0.017346,0.055183,0.106160,0.010150,0.299855,0.035682,0.108513,0.135372,0.225537,0.006202
0.098813,0.005050,0.107064,0.006032,0.249938,0.012321,0.062917,0.383258,0.063017,0.011591
0.008050,0.452340,0.008848,0.007293,0.009671,0.007678,0.009272,0.479604,0.009755,0.007489
0.010800,0.743322,0.047973,0.014494,0.042872,0.068136,0.018444,0.011109,0.031442,0.011408
0.008703,0.578217,0.152065,0.011135,0.016451,0.012272,0.077679,0.043303,0.090044,0.010131
0.042509,0.074362,0.027734,0.014390,0.022047,0.016412,0.016899,0.755672,0.016471,0.013505
0.007244,0.007656,0.026092,0.282688,0.040451,0.042147,0.127120,0.274331,0.029697,0.162573
0.025263,0.033137,0.040096,0.310851,0.029075,0.016138,0.023813,0.070840,0.312112,0.138677
0.009259,0.571513,0.136423,0.011625,0.018597,0.010873,0.093380,0.011094,0.017050,0.120185
0.004004,0.286572,0.068662,0.004298,0.172491,0.005376,0.009048,0.279157,0.164479,0.005912
0.011642,0.762393,0.019287,0.014537,0.013567,0.013568,0.024766,0.012357,0.014157,0.113726
0.097655,0.016569,0.013588,0.029508,0.342893,0.008908,0.039344,0.430078,0.011107,0.010348
0.033187,0.464622,0.059407,0.008223,0.010058,0.012986,0.010579,0.125116,0.268813,0.007010
0.139723,0.007887,0.013118,0.007487,0.428864,0.020574,0.064253,0.048431,0.252557,0.017104
0.012890,0.006217,0.014951,0.006984,0.303308,0.006346,0.045671,0.381816,0.210623,0.011193
0.005187,0.053524,0.166671,0.022969,0.032342,0.041765,0.016557,0.416384,0.239685,0.004915
0.006819,0.007684,0.243953,0.072608,0.049242,0.026256,0.136381,0.076427,0.350107,0.030523
0.006051,0.441951,0.017291,0.045923,0.015136,0.040265,0.070901,0.050729,0.300550,0.011205
0.018187,0.020319,0.295114,0.026395,0.038033,0.025707,0.033969,0.473947,0.045715,0.022613
0.006083,0.381161,0.009584,0.006626,0.007694,0.007085,0.012619,0.360279,0.154889,0.053980
0.008810,0.465141,0.018823,0.008882,0.022071,0.016804,0.082309,0.179358,0.189897,0.007903
0.008606,0.009616,0.018725,0.010119,0.343172,0.011816,0.125953,0.177674,0.280154,0.014166
0.004685,0.023033,0.031577,0.005535,0.222755,0.029531,0.145520,0.391084,0.130837,0.015442
0.036693,0.048600,0.239612,0.004298,0.276174,0.030978,0.004033,0.045873,0.203228,0.110512
0.008239,0.448881,0.008539,0.017922,0.011200,0.009385,0.040210,0.199720,0.188055,0.067849
0.032151,0.009833,0.054993,0.008949,0.461558,0.080635,0.008360,0.027318,0.277498,0.038704
0.006992,0.082746,0.444620,0.013888,0.046561,0.025874,0.109972,0.222569,0.039079,0.007699
0.043404,0.346011,0.024653,0.037146,0.213813,0.012774,0.011276,0.120938,0.077900,0.112084
0.023066,0.009350,0.160329,0.015843,0.067247,0.027708,0.192861,0.270453,0.039647,0.193497
0.023746,0.022877,0.049498,0.021878,0.043050,0.028009,0.185808,0.027063,0.561382,0.036688
0.006567,0.434587,0.030914,0.008279,0.010865,0.006944,0.009012,0.159695,0.250586,0.082550
0.012082,0.737224,0.013771,0.015009,0.013597,0.014740,0.073006,0.014396,0.092121,0.014054
0.025780,0.016574,0.017146,0.013862,0.024908,0.019148,0.074751,0.778912,0.017143,0.011776
0.011574,0.788833,0.021815,0.013292,0.016889,0.013793,0.010462,0.012151,0.096722,0.014470
0.007023,0.415862,0.062343,0.021230,0.219377,0.006065,0.005407,0.187903,0.007708,0.067083
0.022004,0.020898,0.043936,0.019979,0.048052,0.025964,0.025797,0.538621,0.025993,0.228756
0.028269,0.014493,0.151842,0.355284,0.033828,0.021103,0.020588,0.018103,0.339858,0.016632
0.006669,0.007326,0.291899,0.008365,0.026731,0.037999,0.017655,0.402934,0.082521,0.117900
0.006568,0.006612,0.051641,0.006898,0.367315,0.051607,0.181958,0.197217,0.122682,0.007501
0.014182,0.013345,0.507984,0.037887,0.033419,0.035353,0.011658,0.316124,0.017520,0.012528
0.066883,0.009769,0.022056,0.252127,0.030672,0.041548,0.019275,0.521419,0.028609,0.007642
0.007702,0.008040,0.091016,0.016157,0.385985,0.011453,0.056344,0.213923,0.200435,0.008945
0.011580,0.012794,0.040901,0.035881,0.404339,0.054345,0.148880,0.222594,0.038853,0.029834
0.055062,0.026666,0.083184,0.141655,0.060132,0.034600,0.040506,0.144080,0.064505,0.349610
0.008007,0.554074,0.256108,0.010145,0.018986,0.010031,0.007571,0.009078,0.011605,0.114394
0.009991,0.012388,0.088265,0.009242,0.411812,0.015550,0.091418,0.313523,0.026201,0.021610
0.149666,0.007819,0.054271,0.005757,0.254984,0.036783,0.184183,0.052995,0.232265,0.021278
0.012673,0.017678,0.245781,0.030726,0.033238,0.012706,0.100540,0.328849,0.034493,0.183316
0.014944,0.007421,0.017000,0.015834,0.348655,0.011235,0.014016,0.441424,0.116503,0.012968
0.014886,0.017937,0.158464,0.014723,0.019699,0.015978,0.073755,0.056458,0.478825,0.149276
0.028873,0.007507,0.154513,0.007737,0.018268,0.011782,0.057925,0.264170,0.307394,0.141831
0.007962,0.007387,0.014205,0.009263,0.326403,0.011578,0.173527,0.156025,0.286720,0.006929
0.125876,0.011090,0.092952,0.009150,0.401168,0.008209,0.016843,0.235837,0.010520,0.088357
0.005970,0.007694,0.112842,0.197514,0.318129,0.012431,0.012871,0.037875,0.205738,0.088936
0.010015,0.061062,0.046748,0.009919,0.518816,0.015179,0.020246,0.063538,0.100320,0.154158
0.012837,0.011315,0.030270,0.010899,0.578985,0.018722,0.116451,0.011581,0.016531,0.192411
0.074059,0.010915,0.034914,0.010836,0.041777,0.026254,0.020766,0.299918,0.329512,0.151050
0.011013,0.353875,0.013664,0.004837,0.215617,0.012882,0.024481,0.147451,0.210542,0.005638
0.008560,0.009542,0.023705,0.213112,0.296732,0.011244,0.018369,0.038431,0.284737,0.095566
0.284114,0.047692,0.132486,0.062783,0.093862,0.058575,0.088941,0.064571,0.086675,0.080301
0.014991,0.474245,0.025409,0.010460,0.325725,0.019264,0.019157,0.082300,0.012267,0.016182
0.060380,0.009327,0.063326,0.006278,0.320884,0.011783,0.230231,0.247460,0.027464,0.022866
0.005401,0.355802,0.059089,0.152052,0.212997,0.006204,0.007334,0.019456,0.175909,0.005755
0.012005,0.728128,0.022343,0.013381,0.019710,0.013709,0.010841,0.059140,0.105404,0.015338
0.010370,0.007855,0.253717,0.074432,0.053304,0.051628,0.034797,0.007963,0.348443,0.157492
0.005456,0.410625,0.034880,0.006982,0.296514,0.006753,0.004771,0.007911,0.220756,0.005352
0.151406,0.007783,0.054922,0.006899,0.309255,0.019248,0.180102,0.015498,0.232170,0.022716
0.005593,0.359794,0.029954,0.005019,0.283371,0.014738,0.011615,0.010919,0.273426,0.005571
0.014372,0.013868,0.028707,0.028442,0.695597,0.025580,0.025026,0.015079,0.129573,0.023756
0.055727,0.049154,0.158175,0.055701,0.099073,0.077534,0.103229,0.253955,0.101254,0.046198
0.008366,0.012481,0.044459,0.008981,0.045610,0.060062,0.238274,0.023099,0.378221,0.180447
0.021213,0.030390,0.059017,0.022024,0.037309,0.027997,0.040707,0.472606,0.042788,0.245948
0.009095,0.708802,0.032983,0.010007,0.033977,0.064180,0.023023,0.080056,0.015460,0.022417
0.097442,0.234282,0.013103,0.135713,0.163374,0.018349,0.007714,0.315741,0.010368,0.003914
0.007149,0.037212,0.227254,0.014341,0.042540,0.045967,0.157868,0.176893,0.284150,0.006626
0.036246,0.027455,0.294797,0.009717,0.032437,0.011657,0.022777,0.269031,0.276112,0.019770
0.016134,0.007116,0.117657,0.007899,0.305248,0.011574,0.011632,0.497414,0.018788,0.006539
0.009765,0.078403,0.400348,0.012065,0.030725,0.025346,0.026287,0.069049,0.319758,0.028256
0.009190,0.564097,0.009057,0.009093,0.009211,0.009914,0.010193,0.009971,0.302692,0.066583
0.018208,0.022594,0.126126,0.020852,0.039618,0.026021,0.109941,0.017848,0.334617,0.284176
0.012763,0.474555,0.053509,0.007195,0.010552,0.008268,0.006748,0.212784,0.205983,0.007643
0.012529,0.815671,0.019347,0.017472,0.019692,0.016136,0.015229,0.053441,0.016399,0.014085
0.062191,0.008570,0.027444,0.007603,0.027894,0.019817,0.015787,0.537143,0.271630,0.021921
0.004408,0.309443,0.138603,0.004507,0.011403,0.005670,0.042950,0.365774,0.110068,0.007174
0.161932,0.009667,0.021865,0.010630,0.451237,0.013486,0.095085,0.049749,0.022369,0.163979
0.109294,0.260988,0.202086,0.008057,0.222514,0.024603,0.009075,0.099088,0.056718,0.007579
0.011263,0.009476,0.023806,0.022090,0.481577,0.015191,0.008959,0.062631,0.347118,0.017890
0.004992,0.019426,0.196373,0.006256,0.302017,0.007971,0.014047,0.181368,0.185669,0.081881
0.007426,0.007544,0.225974,0.308749,0.046791,0.058120,0.029223,0.007458,0.143833,0.164884
0.006141,0.356629,0.010294,0.005807,0.008187,0.005951,0.013054,0.366472,0.221468,0.005996
0.005092,0.374355,0.084533,0.006145,0.204109,0.005732,0.038167,0.005179,0.201910,0.074776
0.020382,0.049518,0.156156,0.026249,0.031347,0.020982,0.040472,0.111492,0.513304,0.030098
0.051752,0.009215,0.258712,0.252583,0.026086,0.023105,0.005576,0.067697,0.277845,0.027428
0.007940,0.374833,0.083777,0.008976,0.023579,0.029094,0.010659,0.040965,0.291653,0.128523
0.008493,0.024743,0.025507,0.011014,0.464692,0.008976,0.017140,0.190705,0.240052,0.008679
0.020269,0.020639,0.193886,0.135159,0.055012,0.060336,0.156694,0.023024,0.034464,0.300517
0.186302,0.007294,0.072565,0.010199,0.329334,0.025009,0.005921,0.068861,0.286278,0.008237
0.005653,0.313384,0.054313,0.005733,0.261735,0.006570,0.006713,0.332823,0.007071,0.006005
0.107848,0.005468,0.199705,0.017086,0.245817,0.005398,0.054851,0.037278,0.218617,0.107932
0.004507,0.274048,0.005921,0.004524,0.224297,0.005323,0.028420,0.281283,0.165978,0.005699
0.005442,0.359705,0.161086,0.005352,0.011940,0.008027,0.011928,0.418892,0.008089,0.009538
0.004920,0.394104,0.046253,0.005462,0.026622,0.014685,0.088026,0.008619,0.261105,0.150203
0.014394,0.015930,0.039570,0.097702,0.063143,0.067686,0.115918,0.283778,0.048390,0.253488
0.009918,0.568445,0.014400,0.009176,0.010522,0.009609,0.011557,0.011258,0.345406,0.009708
0.024570,0.072186,0.030623,0.014598,0.430920,0.023354,0.063041,0.011220,0.319441,0.010047
0.018846,0.054884,0.023768,0.010821,0.325671,0.013548,0.053399,0.185500,0.295805,0.017758
0.008922,0.052111,0.051687,0.018481,0.057670,0.080167,0.257265,0.031554,0.405948,0.036197
0.006008,0.063504,0.059645,0.056211,0.029816,0.020291,0.185657,0.467772,0.105492,0.005604
0.041023,0.041609,0.448244,0.045929,0.072218,0.056930,0.097615,0.043961,0.076306,0.076165
0.013925,0.054575,0.115062,0.020328,0.048993,0.025582,0.134590,0.302375,0.023365,0.261205
0.006848,0.399900,0.007601,0.180101,0.314753,0.007128,0.005830,0.007865,0.008075,0.061900
0.032185,0.006135,0.224397,0.201540,0.278578,0.017146,0.019584,0.006340,0.208311,0.005784
0.172305,0.074546,0.194261,0.008922,0.026792,0.016501,0.029491,0.081851,0.372493,0.022838
0.011132,0.540023,0.031012,0.053954,0.031530,0.048252,0.014597,0.083487,0.021230,0.164783
0.009003,0.010980,0.015207,0.010465,0.399494,0.014764,0.018745,0.170609,0.330276,0.020458
0.015585,0.005286,0.296855,0.006357,0.030777,0.033728,0.086057,0.399736,0.007948,0.117672
0.007719,0.009127,0.326937,0.011160,0.050412,0.059815,0.028993,0.329940,0.167447,0.008449
0.032400,0.471895,0.030721,0.009450,0.378454,0.017222,0.011129,0.012843,0.022534,0.013352
0.005152,0.338920,0.074526,0.005888,0.271916,0.026082,0.064605,0.051495,0.014339,0.147076
0.009383,0.010188,0.149983,0.012422,0.518269,0.023761,0.068365,0.177945,0.020074,0.009609
0.007255,0.011324,0.073018,0.319432,0.062880,0.062710,0.102254,0.021259,0.330676,0.009193
0.020812,0.053012,0.053828,0.020471,0.030425,0.021457,0.037647,0.022270,0.720042,0.020035
0.020795,0.013977,0.013181,0.012470,0.023615,0.023798,0.084371,0.678819,0.013850,0.115124
0.005572,0.377877,0.034419,0.006788,0.236926,0.006012,0.007230,0.086696,0.157473,0.081008
0.022623,0.013919,0.051688,0.010244,0.022049,0.016615,0.031303,0.685778,0.020584,0.125198
0.011256,0.069613,0.144935,0.011009,0.455329,0.016688,0.073849,0.055202,0.021568,0.140550
0.099109,0.006002,0.111204,0.007389,0.247414,0.011881,0.010049,0.416424,0.013503,0.077024
0.131969,0.024922,0.154974,0.117452,0.046602,0.029397,0.045062,0.375925,0.055485,0.018212
0.012533,0.029261,0.028914,0.013408,0.019393,0.025672,0.065184,0.771829,0.016375,0.017432
0.032802,0.016909,0.265386,0.084226,0.040231,0.035406,0.010814,0.278101,0.043019,0.193106
0.019401,0.017481,0.372001,0.020695,0.044452,0.046874,0.052187,0.145253,0.024311,0.257345
0.005960,0.423746,0.022671,0.017512,0.286961,0.035622,0.013652,0.051439,0.010990,0.131447
0.104673,0.006126,0.009399,0.005866,0.335712,0.008563,0.080366,0.426851,0.015527,0.006916
0.060365,0.037401,0.060883,0.011330,0.366728,0.026478,0.111457,0.102310,0.036352,0.186696
0.009141,0.529302,0.011943,0.009743,0.317187,0.009301,0.080671,0.009795,0.012827,0.010091
0.007857,0.449996,0.008589,0.022242,0.009532,0.009183,0.009320,0.464482,0.010159,0.008640
0.006391,0.005907,0.048127,0.018070,0.266629,0.009291,0.056088,0.430810,0.071427,0.087259
0.012862,0.015966,0.095974,0.012890,0.022582,0.023500,0.021953,0.760336,0.015850,0.018087
0.015457,0.085119,0.174904,0.013198,0.025354,0.021553,0.027076,0.243192,0.381217,0.012929
0.012852,0.420494,0.160874,0.006428,0.021360,0.034538,0.032017,0.011801,0.293153,0.006484
0.005992,0.009260,0.393715,0.006567,0.031750,0.051380,0.026666,0.173559,0.294732,0.006379
0.011497,0.458832,0.008327,0.007341,0.303179,0.008779,0.009686,0.024401,0.062170,0.105789
0.008990,0.037802,0.247884,0.263246,0.027762,0.024109,0.160855,0.204473,0.018386,0.006493
0.009265,0.391869,0.009037,0.007291,0.008180,0.008277,0.008136,0.398729,0.099665,0.059553
0.007551,0.007664,0.069401,0.009079,0.361411,0.020112,0.229502,0.058533,0.106788,0.129959
0.006576,0.384433,0.026220,0.007354,0.298308,0.009708,0.036578,0.018686,0.154638,0.057498
0.011745,0.016928,0.185770,0.014210,0.633656,0.026894,0.011121,0.067188,0.018138,0.014350
0.007333,0.007239,0.117001,0.194927,0.329208,0.009794,0.014166,0.219809,0.013025,0.087498
0.013627,0.036925,0.029869,0.029896,0.471780,0.011725,0.031071,0.209916,0.015362,0.149828
0.007113,0.006622,0.053304,0.006496,0.018924,0.010469,0.136812,0.454673,0.210071,0.095517
0.036766,0.006566,0.027910,0.053511,0.033024,0.020838,0.015623,0.502168,0.296195,0.007399
0.024662,0.009130,0.116607,0.009021,0.515238,0.009431,0.209701,0.080834,0.016420,0.008957
0.062140,0.069475,0.175055,0.008190,0.021965,0.008357,0.026807,0.591011,0.027277,0.009723
0.005262,0.419942,0.037434,0.005849,0.015832,0.015351,0.073671,0.005902,0.259371,0.161384
0.010141,0.013012,0.106795,0.011860,0.021424,0.015760,0.068340,0.599266,0.015850,0.137551
0.005508,0.015811,0.007777,0.147484,0.283112,0.007550,0.010863,0.370349,0.144753,0.006792
0.021215,0.026548,0.147078,0.018836,0.045170,0.044709,0.135155,0.152614,0.390092,0.018583
0.007977,0.009385,0.053522,0.007187,0.017005,0.011311,0.006504,0.508045,0.282465,0.096600
0.121023,0.548862,0.045042,0.010530,0.011398,0.014824,0.010888,0.009804,0.140174,0.087456
0.019318,0.016035,0.324797,0.015750,0.059649,0.037510,0.074800,0.146625,0.051319,0.254196
0.006574,0.005574,0.112435,0.005062,0.267054,0.010018,0.058586,0.196466,0.222890,0.115342
0.012704,0.068086,0.022969,0.012344,0.029368,0.017870,0.068520,0.191501,0.445589,0.131048
0.006775,0.038075,0.091335,0.006119,0.333498,0.014508,0.057733,0.194775,0.246276,0.010906
0.011835,0.767832,0.022971,0.013715,0.014494,0.012844,0.083340,0.042310,0.016203,0.014455
0.155994,0.011433,0.013414,0.011009,0.013671,0.020284,0.085216,0.302704,0.276570,0.109704
0.012321,0.065674,0.069298,0.012920,0.673695,0.042676,0.010331,0.035183,0.066079,0.011823
0.343184,0.029392,0.042167,0.025368,0.032662,0.024891,0.123211,0.093066,0.033287,0.252771
0.013216,0.853250,0.015881,0.014672,0.019253,0.014758,0.018213,0.016375,0.017715,0.016669
0.009058,0.014941,0.340570,0.015577,0.067809,0.070902,0.035026,0.382265,0.018625,0.045227
0.012025,0.277201,0.069468,0.136956,0.188658,0.008846,0.048685,0.093326,0.159965,0.004868
0.010088,0.043573,0.046246,0.011352,0.512853,0.058427,0.125251,0.116653,0.043014,0.032542
0.005807,0.308721,0.014964,0.032453,0.218891,0.023191,0.009473,0.167648,0.214339,0.004511
0.334134,0.021252,0.042693,0.023590,0.038912,0.025696,0.098468,0.131406,0.037460,0.246387
0.013636,0.014661,0.112797,0.416502,0.037975,0.039074,0.133683,0.025185,0.171303,0.035182
0.012462,0.010880,0.409504,0.027481,0.036462,0.027361,0.023041,0.015486,0.415044,0.022279
0.006507,0.462772,0.040534,0.008453,0.016449,0.034510,0.013879,0.009387,0.274312,0.133195
0.031440,0.004608,0.083174,0.007314,0.248912,0.027906,0.017350,0.350674,0.126807,0.101814
0.007952,0.526547,0.233049,0.039266,0.024169,0.016797,0.018311,0.039017,0.083921,0.010971
0.008747,0.499692,0.046561,0.009834,0.012381,0.013660,0.014583,0.009200,0.310200,0.075142
0.030668,0.010242,0.098471,0.336880,0.040581,0.018692,0.168339,0.249597,0.014567,0.031962
0.128933,0.041568,0.215362,0.030734,0.068129,0.066334,0.028425,0.045286,0.338815,0.036414
0.005129,0.405298,0.149959,0.005194,0.283128,0.011235,0.011481,0.038170,0.011137,0.079269
0.007661,0.596655,0.041260,0.008435,0.032321,0.045750,0.007006,0.067630,0.012718,0.180563
0.006437,0.006380,0.021546,0.053333,0.030212,0.021224,0.018581,0.493906,0.185980,0.162402
0.068540,0.014205,0.064370,0.010448,0.570744,0.014889,0.022204,0.075564,0.014579,0.144457
0.108908,0.017985,0.061449,0.022765,0.077305,0.126007,0.014273,0.155354,0.069193,0.346760
0.022325,0.029477,0.150173,0.028024,0.051588,0.057339,0.163153,0.130068,0.054333,0.313520
0.127304,0.012636,0.076319,0.474501,0.057780,0.091867,0.035961,0.029265,0.054041,0.040327
0.003618,0.234474,0.008834,0.024152,0.153322,0.018253,0.038593,0.278843,0.163309,0.076601
0.014872,0.081250,0.156262,0.020692,0.034165,0.031034,0.026570,0.438928,0.025806,0.170420
0.278151,0.010254,0.073343,0.009235,0.078789,0.065842,0.232790,0.026467,0.016120,0.209009
0.015473,0.014666,0.123780,0.021808,0.065897,0.027751,0.012485,0.104841,0.333288,0.280012
0.008049,0.033056,0.159810,0.007053,0.435736,0.014100,0.027419,0.015656,0.275954,0.023168
0.019004,0.026350,0.124154,0.047428,0.486993,0.018491,0.029838,0.045630,0.094575,0.107536
0.011028,0.452706,0.011561,0.009517,0.009697,0.009394,0.009573,0.467807,0.009760,0.008956
0.028893,0.027997,0.206049,0.077066,0.072418,0.061281,0.062021,0.045800,0.036416,0.382059
0.014972,0.021409,0.201882,0.017885,0.031281,0.024221,0.137392,0.255001,0.277470,0.018488
0.304804,0.054947,0.027509,0.042366,0.039488,0.024928,0.128078,0.335800,0.024168,0.017912
0.006343,0.465257,0.037301,0.011906,0.012961,0.007683,0.019876,0.170600,0.261573,0.006501
0.068076,0.064481,0.151209,0.070164,0.119182,0.090323,0.134079,0.087898,0.088705,0.125884
0.018350,0.011839,0.021253,0.251585,0.341691,0.017876,0.071784,0.009757,0.246935,0.008930
0.010544,0.010188,0.084783,0.308542,0.028152,0.019572,0.172610,0.011476,0.327661,0.026474
0.023944,0.024260,0.181433,0.029277,0.054445,0.038417,0.257154,0.027043,0.037642,0.326384
0.020257,0.020739,0.026169,0.493105,0.026456,0.028959,0.156799,0.025888,0.181996,0.019632
0.014356,0.069413,0.102059,0.058707,0.087368,0.113266,0.055986,0.452116,0.032888,0.013840
0.036127,0.012975,0.026677,0.013403,0.018526,0.029067,0.022574,0.806351,0.018484,0.015815
0.005092,0.390172,0.141304,0.007589,0.237196,0.015026,0.013936,0.043624,0.018939,0.127124
0.008523,0.020067,0.059058,0.033914,0.011256,0.011791,0.042370,0.503056,0.301788,0.008177
0.008357,0.010575,0.057074,0.046373,0.018299,0.011329,0.060084,0.535914,0.236428,0.015566
0.007945,0.008942,0.023639,0.009731,0.478651,0.018807,0.082378,0.204047,0.019137,0.146723
0.007471,0.010259,0.064648,0.009642,0.344736,0.013533,0.097652,0.054913,0.274019,0.123127
0.095461,0.225420,0.174499,0.135497,0.177347,0.017944,0.007335,0.005966,0.156820,0.003709
0.218893,0.041921,0.091946,0.017667,0.034038,0.017793,0.010421,0.379400,0.015773,0.172147
0.110327,0.028016,0.199260,0.037235,0.034526,0.043467,0.169923,0.026587,0.036442,0.314217
0.015987,0.575340,0.137448,0.009852,0.018032,0.007828,0.054055,0.008359,0.165458,0.007642
0.008778,0.008605,0.184423,0.030737,0.438641,0.008731,0.081242,0.009272,0.034983,0.194588
0.020145,0.832661,0.015387,0.013132,0.027755,0.013627,0.027177,0.016469,0.016684,0.016965
0.013152,0.010476,0.578187,0.010415,0.049713,0.064603,0.113748,0.102252,0.022179,0.035275
0.010090,0.545791,0.017193,0.009578,0.014202,0.010454,0.014101,0.010768,0.267928,0.099895
0.019545,0.011241,0.129476,0.010858,0.450765,0.014243,0.018464,0.158162,0.169138,0.018107
0.007112,0.424847,0.105152,0.008243,0.275415,0.009427,0.004847,0.143605,0.008262,0.013088
0.008486,0.009635,0.148950,0.006934,0.350098,0.012185,0.095728,0.070828,0.290517,0.006638
0.009256,0.056683,0.012602,0.262173,0.479921,0.008810,0.024934,0.011139,0.020072,0.114409
0.173434,0.014092,0.020966,0.021245,0.540597,0.018228,0.050366,0.013322,0.018044,0.129706
0.011774,0.523540,0.052425,0.023489,0.009777,0.009325,0.054068,0.230185,0.011789,0.073628
0.005253,0.383409,0.140762,0.004682,0.279506,0.006375,0.010779,0.147655,0.016413,0.005167
0.111403,0.117641,0.124771,0.016698,0.044189,0.027838,0.215398,0.303147,0.027906,0.011009
0.007491,0.414788,0.008185,0.006934,0.008845,0.007793,0.041652,0.433017,0.008919,0.062376
0.148287,0.690819,0.068263,0.011547,0.012888,0.012110,0.014077,0.012541,0.014723,0.014745
0.023571,0.444888,0.114308,0.008515,0.357641,0.009457,0.005761,0.007066,0.017565,0.011228
0.005534,0.415301,0.156452,0.005502,0.015355,0.010227,0.023114,0.151138,0.211909,0.005469
0.004333,0.005036,0.089984,0.044400,0.276641,0.037373,0.064311,0.385097,0.087344,0.005482
0.022125,0.022249,0.036717,0.022068,0.042054,0.026535,0.042431,0.104136,0.470231,0.211453
0.008229,0.453964,0.040284,0.008127,0.299422,0.033920,0.005170,0.010404,0.009629,0.130851
0.198304,0.012586,0.018425,0.011976,0.036759,0.019899,0.098651,0.219100,0.233341,0.150960
0.009186,0.047444,0.112123,0.007754,0.015088,0.010294,0.018180,0.548320,0.223781,0.007829
0.005806,0.411592,0.025051,0.011631,0.015170,0.015193,0.011028,0.219410,0.161762,0.123358
0.025071,0.004282,0.205042,0.006849,0.199871,0.030399,0.038169,0.381730,0.015286,0.093300
0.066088,0.013529,0.171680,0.009341,0.070957,0.070524,0.190011,0.021841,0.375610,0.010417
0.020732,0.006916,0.212062,0.065297,0.303163,0.054462,0.114851,0.204585,0.011163,0.006769
0.003768,0.275301,0.009705,0.004133,0.012036,0.021421,0.008846,0.356934,0.193586,0.114270
0.007547,0.298071,0.011886,0.006411,0.192533,0.023056,0.009248,0.342085,0.012673,0.096490
0.066996,0.009876,0.178052,0.086652,0.048465,0.059800,0.126263,0.009418,0.405521,0.008958
0.009312,0.009777,0.044565,0.012783,0.055995,0.059806,0.028855,0.090619,0.433950,0.254339
0.005936,0.382093,0.007069,0.005862,0.304915,0.006687,0.012760,0.007520,0.194467,0.072692
0.021118,0.010509,0.026831,0.006841,0.029581,0.027101,0.006380,0.605565,0.124893,0.141180
0.012654,0.126575,0.045869,0.012872,0.073446,0.080203,0.034490,0.033686,0.568459,0.011745
0.009972,0.008394,0.170758,0.029020,0.382816,0.015360,0.020765,0.224445,0.116012,0.022458
0.037002,0.011113,0.066155,0.248875,0.034173,0.012307,0.100588,0.185501,0.283379,0.020908
0.158312,0.061709,0.146218,0.009022,0.513439,0.012867,0.008130,0.051616,0.021122,0.017564
0.015193,0.502174,0.013207,0.010124,0.016708,0.010507,0.065176,0.026901,0.329788,0.010222
0.055812,0.074721,0.055871,0.058526,0.045081,0.054527,0.047797,0.165504,0.036125,0.406038
0.016101,0.016743,0.038387,0.016094,0.025169,0.021301,0.069490,0.017150,0.592279,0.187285
0.009824,0.056854,0.012668,0.245768,0.403274,0.016612,0.020502,0.206769,0.018033,0.009696
0.025976,0.007866,0.270980,0.007077,0.045859,0.028208,0.106792,0.008139,0.328228,0.170875
0.116873,0.043495,0.107198,0.007527,0.210191,0.033678,0.013346,0.344431,0.020477,0.102785
0.020139,0.026947,0.019675,0.013026,0.015419,0.010400,0.015619,0.623991,0.243056,0.011727
0.012823,0.764117,0.090132,0.013369,0.025607,0.020823,0.027007,0.012609,0.018357,0.015156
0.006463,0.005739,0.110053,0.005942,0.264208,0.019217,0.137102,0.173113,0.256788,0.021375
0.045650,0.017439,0.142262,0.025105,0.051812,0.032581,0.058150,0.032405,0.578539,0.016057
0.058093,0.028029,0.105338,0.049339,0.015584,0.015551,0.089807,0.222916,0.397812,0.017531
0.006562,0.006224,0.015148,0.005985,0.278181,0.013271,0.074596,0.415338,0.178959,0.005736
0.063484,0.007799,0.069695,0.007563,0.436426,0.023668,0.101739,0.008088,0.274371,0.007169
0.014550,0.017943,0.140161,0.335330,0.020624,0.019270,0.030123,0.074239,0.332305,0.015454
0.036342,0.010623,0.304676,0.008060,0.030903,0.011544,0.007195,0.262975,0.319901,0.007781
0.057666,0.010032,0.244314,0.006218,0.066041,0.024645,0.093872,0.178449,0.289702,0.029062
0.036116,0.049848,0.077867,0.048097,0.071389,0.066051,0.073846,0.047247,0.077522,0.452016
0.074843,0.008947,0.171335,0.011216,0.489109,0.008400,0.030060,0.017420,0.033432,0.155239
0.005783,0.413582,0.007971,0.164130,0.313261,0.006608,0.008047,0.006451,0.008635,0.065533
0.016853,0.012763,0.321784,0.026795,0.072578,0.101075,0.037080,0.161893,0.236800,0.012379
0.007918,0.500105,0.012522,0.010286,0.010421,0.008769,0.017553,0.025944,0.317410,0.089071
0.013185,0.581416,0.058908,0.011388,0.010266,0.009037,0.059584,0.148004,0.012337,0.095874
0.003970,0.256855,0.017123,0.008585,0.213934,0.009773,0.049689,0.152742,0.175214,0.112115
0.009315,0.007557,0.032704,0.010036,0.025051,0.023469,0.128245,0.634672,0.120405,0.008546
0.010382,0.613346,0.013233,0.010108,0.017696,0.017681,0.013805,0.279175,0.014069,0.010506
0.047599,0.018857,0.151108,0.024981,0.051154,0.053452,0.046751,0.497955,0.060692,0.047451
0.013953,0.016293,0.145896,0.013764,0.101782,0.124002,0.044674,0.201256,0.024894,0.313486
0.017952,0.018159,0.104739,0.023653,0.037792,0.031066,0.071794,0.136201,0.536328,0.022316
0.030048,0.025783,0.146359,0.009094,0.017627,0.011819,0.091293,0.535059,0.022217,0.110700
0.015673,0.012303,0.266615,0.012748,0.036593,0.012744,0.184491,0.372000,0.048794,0.038040
0.051454,0.046210,0.099458,0.057827,0.076862,0.048727,0.075583,0.056857,0.060829,0.426193
0.087843,0.022412,0.031910,0.018322,0.032138,0.021647,0.030496,0.092926,0.634943,0.027362
0.206429,0.015153,0.027435,0.017649,0.017799,0.019692,0.111135,0.076408,0.355959,0.152340
0.006750,0.006742,0.391086,0.010210,0.031825,0.041988,0.202517,0.006670,0.280732,0.021481
0.068190,0.010172,0.113760,0.012553,0.034419,0.042311,0.085770,0.201151,0.286041,0.145634
0.051893,0.010280,0.118229,0.030562,0.353672,0.050010,0.090194,0.016699,0.130017,0.148444
0.008443,0.021931,0.017768,0.230255,0.331539,0.007949,0.012788,0.247472,0.018215,0.103640
0.013234,0.012801,0.119320,0.083577,0.034764,0.023080,0.264374,0.024509,0.411728,0.012614
0.009764,0.010415,0.418662,0.029522,0.394560,0.054761,0.026326,0.017063,0.030612,0.008315
0.005993,0.423761,0.012334,0.007960,0.313557,0.011281,0.012505,0.197236,0.008125,0.007249
0.010461,0.010658,0.012893,0.248151,0.015081,0.012805,0.021168,0.641221,0.012866,0.014697
0.007617,0.387129,0.085923,0.007563,0.283432,0.014386,0.025470,0.042280,0.017149,0.129051
0.048464,0.024906,0.116117,0.009217,0.321869,0.008991,0.058919,0.057217,0.228396,0.125905
0.019348,0.018437,0.035489,0.075851,0.032107,0.032166,0.023520,0.352533,0.162451,0.248098
0.011077,0.516458,0.112025,0.009490,0.011129,0.007488,0.009580,0.171461,0.065538,0.085754
0.004553,0.004904,0.022162,0.181300,0.029136,0.016221,0.060530,0.442553,0.222085,0.016557
0.022013,0.021040,0.028472,0.021920,0.052251,0.022399,0.160177,0.610721,0.027832,0.033175
0.030107,0.025774,0.055412,0.007705,0.016646,0.011849,0.017153,0.549973,0.155116,0.130264
0.018076,0.015807,0.053362,0.022308,0.049731,0.022898,0.024941,0.301015,0.472361,0.019501
0.006915,0.428962,0.103266,0.005644,0.244597,0.007156,0.011602,0.047869,0.133980,0.010010
0.005160,0.305533,0.008651,0.128309,0.005994,0.009004,0.010748,0.328467,0.193249,0.004884
0.006541,0.009433,0.018960,0.007938,0.368369,0.017588,0.091242,0.464196,0.009097,0.006636
0.093277,0.099197,0.103619,0.083909,0.035248,0.035302,0.214923,0.302701,0.021450,0.010374
0.071231,0.011108,0.204452,0.014544,0.020650,0.011957,0.107097,0.210399,0.337329,0.011231
0.013301,0.009938,0.096326,0.013872,0.066936,0.080753,0.031844,0.010282,0.448815,0.227932
0.040437,0.048103,0.047787,0.046023,0.062871,0.070021,0.033806,0.046120,0.052772,0.552060
0.202551,0.039657,0.085977,0.031986,0.027247,0.026717,0.010609,0.091261,0.460236,0.023760
0.169170,0.006369,0.038455,0.006304,0.338612,0.044967,0.120146,0.229003,0.026867,0.020107
0.011627,0.100311,0.233917,0.010057,0.545464,0.021262,0.009278,0.011293,0.046750,0.010040
0.188253,0.072024,0.027242,0.058068,0.032132,0.013124,0.074511,0.056910,0.465364,0.012373
0.005069,0.006961,0.154976,0.007384,0.029955,0.037759,0.013231,0.423686,0.210941,0.110039
0.042363,0.008790,0.045091,0.006370,0.300393,0.014661,0.056691,0.447089,0.070942,0.007610
0.007330,0.481108,0.012208,0.007625,0.010714,0.010405,0.056352,0.032006,0.299382,0.082872
0.038895,0.016899,0.027909,0.020515,0.749235,0.017563,0.045695,0.026418,0.040092,0.016778
0.005684,0.006570,0.052538,0.005644,0.366924,0.042523,0.005338,0.498239,0.010662,0.005878
0.003841,0.004228,0.213828,0.004339,0.236767,0.027178,0.121527,0.108061,0.182968,0.097263
0.005175,0.423777,0.025406,0.007052,0.259032,0.006774,0.024059,0.032085,0.130094,0.086546
0.167884,0.023583,0.306531,0.017099,0.055402,0.051727,0.212944,0.039563,0.072218,0.053051
0.130273,0.023739,0.031643,0.027312,0.046568,0.036280,0.045123,0.031671,0.598576,0.028814
0.042487,0.013357,0.027486,0.013985,0.024240,0.020601,0.082887,0.229348,0.532007,0.013604
0.010245,0.009698,0.157843,0.010114,0.028044,0.019196,0.016724,0.716806,0.021312,0.010019
0.030836,0.029667,0.082638,0.030976,0.079565,0.037789,0.048419,0.142092,0.051788,0.466230
0.339949,0.021453,0.052865,0.021559,0.039302,0.046766,0.046012,0.130558,0.040880,0.260654
0.007993,0.007906,0.481021,0.015501,0.059215,0.052249,0.006735,0.021955,0.339588,0.007837
0.006129,0.485801,0.022490,0.006789,0.277841,0.042980,0.025905,0.009946,0.108024,0.014096
0.131075,0.009802,0.012562,0.008200,0.391678,0.010644,0.141975,0.043905,0.233498,0.016660
0.038707,0.010396,0.024008,0.010196,0.545479,0.020561,0.015141,0.014487,0.302602,0.018422
0.007109,0.466236,0.206461,0.006861,0.012758,0.012254,0.014055,0.033035,0.233056,0.008175
0.236044,0.093806,0.108008,0.370564,0.033563,0.018813,0.011071,0.081956,0.034201,0.011975
0.005348,0.005869,0.111973,0.227655,0.028172,0.018786,0.147246,0.077694,0.256970,0.120287
0.005124,0.005040,0.031089,0.185664,0.028491,0.033032,0.014532,0.460127,0.232008,0.004893
0.040782,0.006309,0.038879,0.023937,0.035953,0.040498,0.121469,0.567682,0.104961,0.019530
0.008117,0.589248,0.228875,0.013689,0.022573,0.009806,0.006821,0.008125,0.011295,0.101452
0.013098,0.028811,0.119188,0.015038,0.017540,0.012573,0.023387,0.340443,0.301499,0.128423
0.023591,0.041564,0.397875,0.076223,0.052112,0.053087,0.140514,0.008138,0.040922,0.165974
0.010817,0.008261,0.083088,0.008383,0.045962,0.055557,0.185942,0.213651,0.357424,0.030916
0.023061,0.020834,0.049212,0.022310,0.043855,0.023771,0.105815,0.021882,0.476108,0.213151
0.010992,0.578110,0.010796,0.010403,0.012454,0.011739,0.011763,0.268611,0.075266,0.009865
0.142276,0.007786,0.029640,0.011175,0.302759,0.035628,0.017243,0.424153,0.008493,0.020846
0.018040,0.023123,0.188861,0.471630,0.046798,0.034602,0.137522,0.023608,0.025488,0.030327
0.091468,0.013873,0.022344,0.405365,0.027732,0.023547,0.022368,0.079531,0.287625,0.026146
0.128795,0.010457,0.016527,0.007912,0.420496,0.014143,0.061206,0.235309,0.010601,0.094554
0.010114,0.635757,0.010866,0.009389,0.010600,0.015243,0.056852,0.011333,0.228674,0.011171
0.014517,0.014806,0.138444,0.015299,0.057345,0.024431,0.013755,0.364431,0.318003,0.038969
0.027158,0.018662,0.144976,0.015255,0.021885,0.020428,0.029736,0.377297,0.331173,0.013429
0.008015,0.008838,0.497252,0.335640,0.056970,0.030220,0.007549,0.025155,0.021657,0.008703
0.016579,0.015883,0.066870,0.018421,0.043092,0.038637,0.014925,0.020800,0.576658,0.188135
0.031826,0.016885,0.122004,0.038094,0.608732,0.022764,0.031128,0.078907,0.020694,0.028966
0.015531,0.113379,0.541783,0.014394,0.042520,0.040936,0.144333,0.028377,0.019706,0.039041
0.005925,0.404934,0.260363,0.010818,0.014787,0.035183,0.061956,0.040392,0.156578,0.009064
0.005084,0.330444,0.128159,0.005826,0.015984,0.026973,0.011032,0.125460,0.249697,0.101340
0.012414,0.012580,0.083900,0.023977,0.044590,0.079278,0.030389,0.477456,0.223002,0.012413
0.006401,0.006994,0.127020,0.011281,0.028773,0.050928,0.095786,0.628353,0.026068,0.018397
0.005749,0.406080,0.006562,0.005627,0.299386,0.010809,0.008995,0.021305,0.228192,0.007295
0.158659,0.677139,0.012898,0.035814,0.015505,0.012892,0.012879,0.047745,0.013354,0.013116
0.008283,0.540475,0.046071,0.041176,0.015623,0.008388,0.007328,0.040777,0.283744,0.008134
0.090553,0.015743,0.189969,0.015119,0.029323,0.024382,0.123261,0.077762,0.416133,0.017754
0.007353,0.492037,0.037469,0.006816,0.014476,0.007507,0.015186,0.046589,0.243438,0.129127
0.225683,0.011522,0.087987,0.030957,0.045390,0.025488,0.112991,0.411343,0.034755,0.013885
0.100028,0.103820,0.037748,0.016260,0.031433,0.022852,0.132219,0.501167,0.023252,0.031221
0.157126,0.290253,0.065721,0.058999,0.092270,0.066766,0.076357,0.056497,0.094066,0.041945
0.008211,0.011398,0.068028,0.242706,0.033677,0.014079,0.026818,0.574015,0.013146,0.007923
0.004759,0.006866,0.233378,0.195216,0.216379,0.014933,0.062821,0.146758,0.021074,0.097816
0.268511,0.019199,0.035381,0.034092,0.022902,0.026497,0.096468,0.023807,0.453712,0.019431
0.006717,0.006497,0.064622,0.006489,0.033433,0.021291,0.021328,0.538934,0.278057,0.022633
0.011451,0.419066,0.101004,0.007258,0.012987,0.010571,0.009731,0.413526,0.007813,0.006594
0.048004,0.010747,0.122686,0.009416,0.418221,0.010736,0.007546,0.040353,0.231533,0.100759
0.023606,0.031679,0.110357,0.124335,0.067614,0.031350,0.157301,0.156962,0.248211,0.048583
0.009443,0.032506,0.026487,0.010027,0.507096,0.017229,0.008981,0.178546,0.189667,0.020019
0.006469,0.483389,0.181022,0.008295,0.262367,0.013855,0.010875,0.006800,0.016567,0.010361
0.005623,0.339929,0.080604,0.029481,0.217168,0.005677,0.008510,0.112336,0.196223,0.004449
0.011606,0.026061,0.013295,0.018519,0.018916,0.023184,0.086039,0.692288,0.095317,0.014775
0.025559,0.023066,0.050124,0.528562,0.033343,0.023432,0.020901,0.024510,0.031170,0.239331
0.038847,0.034512,0.049017,0.041946,0.070784,0.070445,0.068786,0.542743,0.043321,0.039601
0.011266,0.017661,0.422526,0.013448,0.095676,0.087021,0.043213,0.013315,0.022302,0.273572
0.047798,0.006661,0.118783,0.060036,0.294132,0.050293,0.118152,0.250728,0.030632,0.022786
0.017607,0.046790,0.147744,0.020158,0.027243,0.026984,0.034043,0.251248,0.397472,0.030711
0.017957,0.022487,0.021086,0.021740,0.024162,0.023748,0.132772,0.473398,0.022487,0.240162
0.008489,0.599935,0.017509,0.008185,0.014146,0.008580,0.047042,0.275324,0.012183,0.008607
0.006328,0.390544,0.031998,0.007310,0.012627,0.010114,0.012919,0.206928,0.206991,0.114242
0.012061,0.013160,0.062885,0.017625,0.076099,0.060266,0.023520,0.112838,0.409277,0.212269
0.016925,0.005475,0.307031,0.007585,0.303508,0.018468,0.105419,0.014768,0.103242,0.117579
0.005133,0.334433,0.006629,0.006652,0.273177,0.007218,0.010766,0.340736,0.009362,0.005894
0.084955,0.008851,0.055369,0.008841,0.056310,0.029599,0.023932,0.320113,0.383924,0.028105
0.172230,0.006313,0.030518,0.006620,0.358318,0.040214,0.083289,0.164790,0.114507,0.023200
0.100763,0.008583,0.015299,0.011914,0.329045,0.007349,0.036710,0.142056,0.249980,0.098300
0.026851,0.402537,0.006053,0.007204,0.265965,0.005510,0.012091,0.006721,0.203605,0.063464
0.019509,0.067417,0.335054,0.008150,0.387227,0.042664,0.088131,0.017251,0.010494,0.024102
0.041963,0.020679,0.021181,0.006986,0.334449,0.010921,0.046418,0.491661,0.013346,0.012396
0.064002,0.699517,0.057155,0.011705,0.020033,0.014457,0.024834,0.073975,0.019651,0.014671
0.074392,0.010337,0.205724,0.065730,0.025996,0.022894,0.088820,0.226615,0.124856,0.154637
0.114596,0.494646,0.034611,0.008622,0.017668,0.009061,0.012316,0.007196,0.216959,0.084324
0.005083,0.396638,0.090485,0.006272,0.251567,0.006272,0.008838,0.128987,0.012778,0.093081
0.007468,0.523221,0.013080,0.006833,0.372755,0.009093,0.015504,0.032756,0.009495,0.009795
0.005420,0.027390,0.023904,0.004967,0.028295,0.043553,0.015180,0.483186,0.243429,0.124677
0.010496,0.679082,0.024292,0.069241,0.022107,0.062365,0.015661,0.075718,0.026788,0.014249
0.018449,0.005768,0.152633,0.011336,0.232109,0.006939,0.039879,0.305172,0.168103,0.059613
0.006418,0.473413,0.020756,0.006030,0.272623,0.013277,0.012153,0.172422,0.012837,0.010070
0.045743,0.009913,0.087496,0.028280,0.026309,0.022246,0.206907,0.240078,0.310078,0.022950
0.034461,0.197684,0.298229,0.158636,0.060046,0.037468,0.063338,0.038102,0.055904,0.056133
0.015701,0.006170,0.049739,0.007352,0.291086,0.011361,0.005786,0.422462,0.177100,0.013242
0.132624,0.343477,0.029216,0.005447,0.250950,0.030844,0.027792,0.004875,0.079050,0.095726
0.019850,0.066256,0.150261,0.009343,0.415979,0.018335,0.026157,0.014858,0.272149,0.006812
0.066581,0.053245,0.292807,0.016549,0.036946,0.038466,0.044677,0.122075,0.315553,0.013101
0.007332,0.034774,0.137003,0.007660,0.035900,0.056751,0.097693,0.279691,0.317060,0.026135
0.033292,0.011902,0.118309,0.014809,0.015795,0.015733,0.016033,0.332662,0.310281,0.131183
0.022395,0.030024,0.064923,0.109751,0.058653,0.022727,0.020197,0.103658,0.546328,0.021343
0.528507,0.045475,0.079671,0.044450,0.064367,0.034138,0.079527,0.044701,0.047168,0.031995
0.046390,0.020719,0.033671,0.390323,0.025939,0.019298,0.113574,0.067869,0.264353,0.017863
0.103809,0.008227,0.221303,0.170017,0.012594,0.008302,0.012182,0.438129,0.013646,0.011792
0.005999,0.436944,0.018056,0.006042,0.029014,0.017163,0.012294,0.169869,0.296840,0.007779
0.022040,0.324959,0.043434,0.133539,0.171714,0.006334,0.005959,0.019682,0.197022,0.075317
0.005287,0.373607,0.033160,0.007719,0.308028,0.007883,0.010186,0.040477,0.204286,0.009366
0.006578,0.392483,0.012531,0.008115,0.236460,0.007705,0.048839,0.024922,0.254480,0.007887
0.134781,0.022936,0.102809,0.011702,0.015973,0.019784,0.077903,0.587345,0.015863,0.010904
0.007049,0.069513,0.339588,0.011713,0.039039,0.053106,0.025160,0.006970,0.306453,0.141410
0.004248,0.264387,0.094711,0.175061,0.195708,0.025440,0.006470,0.127005,0.012051,0.094918
0.031916,0.028516,0.303870,0.029204,0.065499,0.053863,0.158850,0.031623,0.267838,0.028823
0.031547,0.006457,0.015149,0.004651,0.263528,0.028939,0.060122,0.389019,0.195308,0.005280
0.010777,0.047393,0.101739,0.010923,0.523904,0.019929,0.114178,0.011475,0.149486,0.010196
0.089403,0.407414,0.007334,0.007676,0.007610,0.008092,0.039528,0.189944,0.180526,0.062473
0.136990,0.009667,0.054332,0.009161,0.350376,0.007306,0.069020,0.011460,0.244785,0.106903
0.004012,0.006497,0.179692,0.011161,0.029082,0.016271,0.115099,0.352753,0.194985,0.090448
0.007865,0.390960,0.053232,0.007567,0.295356,0.006652,0.007066,0.133897,0.008480,0.088926
0.004005,0.004372,0.016022,0.008288,0.266364,0.014348,0.011377,0.388474,0.196822,0.089927
0.010583,0.689067,0.013231,0.010877,0.017051,0.019033,0.014202,0.200585,0.014042,0.011329
0.032997,0.039491,0.046774,0.037455,0.057144,0.058650,0.144033,0.031168,0.253576,0.298713
0.020046,0.012945,0.029171,0.013684,0.527251,0.022892,0.015248,0.219660,0.013117,0.125986
0.015891,0.015253,0.128701,0.018811,0.043086,0.026500,0.173501,0.538118,0.021315,0.018824
0.006164,0.455809,0.013429,0.186775,0.242583,0.006643,0.014700,0.006916,0.060468,0.006512
0.173291,0.009008,0.023972,0.246641,0.030237,0.019933,0.112168,0.199258,0.009695,0.175797
0.010538,0.012910,0.016716,0.226911,0.019875,0.010773,0.016973,0.586841,0.084434,0.014029
0.013273,0.322878,0.025594,0.004261,0.190421,0.005915,0.040033,0.343455,0.047778,0.006393
0.006855,0.258590,0.191858,0.005441,0.187913,0.023501,0.006402,0.113886,0.100447,0.105106
0.026040,0.074397,0.033258,0.014945,0.029684,0.030574,0.024432,0.386647,0.233172,0.146853
0.021967,0.009538,0.024600,0.024973,0.506896,0.020996,0.014118,0.173811,0.184642,0.018459
0.008525,0.010174,0.065548,0.008047,0.392197,0.009986,0.007235,0.211207,0.203962,0.083120
0.013440,0.506348,0.009194,0.023242,0.014089,0.009164,0.007507,0.022712,0.314566,0.079738
0.010964,0.616451,0.010729,0.011298,0.011196,0.017646,0.067681,0.162267,0.080827,0.010942
0.006551,0.006050,0.350660,0.010748,0.283117,0.038782,0.018580,0.015757,0.263985,0.005771
0.015283,0.018881,0.182892,0.046091,0.633771,0.022099,0.012443,0.030418,0.024602,0.013520
0.038563,0.325036,0.028453,0.004490,0.232798,0.029704,0.011652,0.109681,0.214384,0.005239
0.030489,0.039052,0.034888,0.033542,0.048441,0.048331,0.150727,0.150747,0.040065,0.423719
0.036343,0.437315,0.014033,0.206808,0.263303,0.007613,0.009524,0.008650,0.009378,0.007032
0.012231,0.017130,0.059847,0.012369,0.543551,0.092681,0.046563,0.148901,0.054741,0.011986
0.090295,0.003360,0.020177,0.129971,0.193755,0.020827,0.069278,0.300092,0.098993,0.073252
0.066325,0.029697,0.204614,0.075799,0.064705,0.048691,0.063027,0.044837,0.037871,0.364433
0.005440,0.006114,0.343748,0.005905,0.028311,0.038666,0.024751,0.515927,0.012234,0.018903
0.008490,0.083970,0.047264,0.073165,0.036668,0.025997,0.143202,0.222383,0.349500,0.009361
0.009879,0.030866,0.064920,0.258099,0.022521,0.012640,0.094608,0.014536,0.333823,0.158107
0.020813,0.024344,0.110490,0.020594,0.037638,0.026090,0.039042,0.027466,0.672534,0.020987
0.048944,0.004983,0.031952,0.008809,0.227980,0.037472,0.014838,0.413346,0.206131,0.005545
0.009496,0.106318,0.253093,0.010619,0.036170,0.066506,0.039875,0.139928,0.049091,0.288904
0.033740,0.006278,0.174635,0.004394,0.254631,0.008293,0.014851,0.341035,0.150628,0.011515
0.170510,0.015178,0.028829,0.014777,0.021268,0.017080,0.083669,0.065255,0.417403,0.166030
0.006033,0.025647,0.131456,0.216634,0.366537,0.006274,0.111125,0.012180,0.021315,0.102799
0.011277,0.015739,0.084942,0.013996,0.043763,0.039083,0.047197,0.011671,0.483701,0.248630
0.009841,0.010837,0.235095,0.013791,0.033582,0.021824,0.009204,0.256710,0.375141,0.033976
0.012711,0.073607,0.184418,0.015583,0.435962,0.011933,0.023039,0.014851,0.214319,0.013577
0.046103,0.030199,0.060559,0.029236,0.037358,0.024448,0.036084,0.482558,0.218262,0.035192
0.021619,0.022546,0.299222,0.021446,0.040568,0.022127,0.168370,0.022586,0.044157,0.337360
0.115537,0.546564,0.011585,0.010799,0.014164,0.010281,0.031073,0.008936,0.136864,0.114195
0.045300,0.008336,0.017252,0.011323,0.014047,0.012218,0.013198,0.550656,0.230628,0.097043
0.005573,0.008511,0.026639,0.006144,0.036133,0.047715,0.079015,0.522202,0.262204,0.005865
0.039827,0.036070,0.046983,0.042748,0.088600,0.049904,0.064718,0.159316,0.056574,0.415261
0.008812,0.010685,0.146499,0.008224,0.332060,0.012519,0.070079,0.259890,0.011975,0.139257
0.008759,0.010596,0.314827,0.007806,0.020676,0.013774,0.007211,0.159938,0.311111,0.145302
0.007097,0.009754,0.061016,0.007159,0.349546,0.014006,0.018738,0.516434,0.009477,0.006774
0.251034,0.024460,0.119846,0.445735,0.031937,0.025595,0.031552,0.023259,0.024253,0.022329
0.010103,0.009896,0.393697,0.014760,0.025800,0.027951,0.095978,0.064124,0.336142,0.021549
0.004059,0.299741,0.174097,0.031535,0.014315,0.023309,0.013751,0.341823,0.007541,0.089829
0.053110,0.055294,0.082212,0.052547,0.103332,0.076631,0.360820,0.077356,0.076027,0.062671
0.005566,0.005896,0.173701,0.052635,0.249643,0.018754,0.075750,0.051778,0.234715,0.131562
0.025470,0.077907,0.346634,0.009124,0.027507,0.017935,0.263922,0.069038,0.016965,0.145499
0.045477,0.022757,0.016093,0.010130,0.012517,0.016668,0.015691,0.558779,0.212919,0.088970
0.005431,0.378693,0.039625,0.007039,0.270217,0.005458,0.023992,0.017737,0.168175,0.083633
0.013528,0.012240,0.027766,0.013787,0.023821,0.015446,0.078804,0.780561,0.022628,0.011418
0.046658,0.009678,0.234303,0.012896,0.390375,0.011491,0.241926,0.016023,0.029920,0.006730
0.007681,0.008445,0.181139,0.006388,0.277306,0.021487,0.028366,0.180921,0.263236,0.025031
0.016191,0.779476,0.070454,0.013892,0.019203,0.013468,0.041887,0.014603,0.015610,0.015218
0.152435,0.010192,0.109290,0.012232,0.017954,0.010051,0.014488,0.292284,0.364546,0.016528
0.012480,0.019099,0.105235,0.029940,0.118671,0.091067,0.011645,0.525338,0.032043,0.054481
0.006957,0.465926,0.008943,0.008237,0.336370,0.007302,0.051921,0.030842,0.009357,0.074145
0.007517,0.006784,0.126894,0.009536,0.298936,0.013518,0.070592,0.170547,0.283236,0.012441
0.007992,0.011473,0.020753,0.008186,0.302272,0.011288,0.048580,0.179073,0.316205,0.094179
0.008627,0.009271,0.120629,0.008875,0.407169,0.014822,0.019368,0.155918,0.246599,0.008722
0.012703,0.017981,0.036071,0.013155,0.020296,0.019821,0.012146,0.828503,0.023806,0.015517
0.010688,0.014708,0.029268,0.010624,0.569467,0.013527,0.095050,0.066564,0.022081,0.168025
0.041576,0.040434,0.495012,0.044318,0.100155,0.056493,0.034737,0.047651,0.076151,0.063473
0.013636,0.572503,0.012499,0.008317,0.009752,0.010144,0.015373,0.128672,0.139337,0.089767
0.010604,0.389827,0.261172,0.005083,0.024122,0.029802,0.025268,0.010157,0.086222,0.157742
0.031563,0.006125,0.214790,0.005886,0.335773,0.010505,0.061254,0.006156,0.206889,0.121059
0.004758,0.046456,0.204308,0.006165,0.019291,0.028403,0.065475,0.397701,0.213653,0.013790
0.039771,0.306450,0.245814,0.006890,0.205658,0.024832,0.059572,0.035658,0.070572,0.004783
0.004841,0.339477,0.082010,0.030804,0.212138,0.005939,0.009753,0.109850,0.199903,0.005283
0.011969,0.548646,0.014596,0.007675,0.335029,0.009224,0.040869,0.009985,0.013751,0.008255
0.072672,0.342960,0.006714,0.130425,0.237781,0.005628,0.010494,0.005008,0.182944,0.005374
0.008857,0.554532,0.020234,0.010019,0.010993,0.007776,0.071568,0.008092,0.300447,0.007481
0.007819,0.019562,0.082555,0.007103,0.264030,0.008867,0.016131,0.212361,0.271732,0.109839
0.006043,0.431315,0.007034,0.007274,0.221512,0.008330,0.049319,0.007549,0.192460,0.069164
0.010858,0.013654,0.087306,0.013175,0.421583,0.014919,0.021792,0.057271,0.255147,0.104295
0.008128,0.009197,0.144483,0.007847,0.028876,0.012303,0.087738,0.517977,0.082885,0.100566
0.023998,0.118808,0.186839,0.021791,0.040866,0.031991,0.030652,0.123542,0.198833,0.222679
0.004531,0.368488,0.026398,0.148502,0.214413,0.005316,0.030197,0.006085,0.190497,0.005572
0.034022,0.320479,0.076898,0.030219,0.202829,0.004162,0.030437,0.108250,0.182520,0.010185
0.010430,0.008221,0.030598,0.008168,0.363169,0.061162,0.006576,0.200155,0.142571,0.168950
0.003844,0.004150,0.243583,0.004309,0.245533,0.034998,0.013878,0.326453,0.118205,0.005048
0.025563,0.015508,0.052524,0.011964,0.025576,0.018826,0.109103,0.261141,0.458581,0.021214
0.008540,0.572321,0.033273,0.011710,0.035332,0.042851,0.018156,0.060103,0.022566,0.195149
0.010863,0.066815,0.063439,0.009672,0.023386,0.017220,0.027578,0.652043,0.107105,0.021878
0.041853,0.028847,0.037972,0.008978,0.031591,0.049654,0.085954,0.206536,0.321262,0.187353
0.006849,0.008526,0.246557,0.006021,0.017865,0.010479,0.064598,0.435291,0.196405,0.007408
0.003429,0.234082,0.011285,0.003403,0.184464,0.021186,0.037527,0.266823,0.162187,0.075614
0.005906,0.312484,0.041491,0.006436,0.211091,0.006093,0.004743,0.323443,0.040501,0.047812
0.038393,0.017684,0.048433,0.011436,0.067376,0.099506,0.163624,0.013055,0.528536,0.011957
0.061950,0.057485,0.037993,0.227108,0.268849,0.018223,0.076235,0.219782,0.026536,0.005839
0.017566,0.007612,0.042242,0.010511,0.295870,0.035585,0.004412,0.434448,0.146866,0.004889
0.109434,0.007119,0.085472,0.009426,0.013059,0.010326,0.054090,0.499042,0.201758,0.010274
0.007026,0.465686,0.008242,0.009629,0.008748,0.007665,0.013980,0.462580,0.009287,0.007158
0.005442,0.028554,0.042054,0.004904,0.320946,0.035944,0.073723,0.474587,0.008698,0.005147
0.006060,0.436884,0.046612,0.007090,0.016441,0.016156,0.012771,0.155263,0.171588,0.131137
0.007045,0.006881,0.344566,0.007150,0.376695,0.054545,0.092443,0.086719,0.017277,0.006679
0.042367,0.031405,0.157264,0.007466,0.370882,0.011871,0.006456,0.261064,0.104147,0.007078
0.130832,0.342792,0.122285,0.004361,0.023492,0.031391,0.026681,0.004944,0.207541,0.105681
0.015374,0.017329,0.231713,0.369080,0.028339,0.017686,0.111517,0.018462,0.019049,0.171452
0.008221,0.083900,0.039439,0.011011,0.049708,0.027195,0.023626,0.306040,0.235555,0.215306
0.010973,0.564941,0.048519,0.011945,0.036233,0.052289,0.014434,0.015010,0.012642,0.233015
0.012438,0.012349,0.017895,0.015672,0.644076,0.024555,0.019470,0.081989,0.016733,0.154823
0.014398,0.664674,0.013002,0.032041,0.013726,0.013114,0.012759,0.210429,0.013624,0.012232
0.007769,0.007097,0.148102,0.010952,0.412205,0.016635,0.006316,0.012613,0.261919,0.116392
0.006048,0.328706,0.140143,0.029520,0.224210,0.011550,0.010642,0.109117,0.060021,0.080044
0.017120,0.088931,0.184319,0.015685,0.024580,0.019584,0.033708,0.453038,0.147513,0.015522
0.041657,0.014767,0.073648,0.010519,0.024752,0.017619,0.009727,0.250143,0.420406,0.136763
0.008881,0.613401,0.016709,0.011008,0.013516,0.016948,0.017567,0.010026,0.157337,0.134607
0.007936,0.008050,0.043176,0.011067,0.451094,0.052224,0.034955,0.025772,0.333686,0.032041
0.045020,0.053634,0.107518,0.039032,0.053442,0.090371,0.088187,0.042544,0.064224,0.416027
0.022462,0.021628,0.038701,0.020803,0.035213,0.021188,0.100110,0.022146,0.454823,0.262927
0.061649,0.008353,0.091124,0.010435,0.455920,0.014851,0.026174,0.054892,0.268775,0.007827
0.005423,0.005501,0.117128,0.190251,0.328072,0.015675,0.072357,0.040103,0.136314,0.089176
0.141177,0.145462,0.144953,0.021914,0.048439,0.022407,0.049066,0.122985,0.028441,0.275155
0.007666,0.021986,0.011248,0.224062,0.422613,0.015513,0.051049,0.008564,0.229469,0.007830
0.021797,0.066693,0.122118,0.054682,0.066990,0.035553,0.178140,0.031633,0.396976,0.025418
0.010435,0.024828,0.020951,0.012337,0.464306,0.008914,0.017208,0.190960,0.241431,0.008630
0.017759,0.008490,0.028204,0.245718,0.344783,0.011062,0.048560,0.267366,0.018641,0.009416
0.009320,0.010571,0.045734,0.038310,0.038982,0.035278,0.122815,0.023658,0.455013,0.220319
0.005533,0.027688,0.035929,0.005350,0.024709,0.017540,0.072634,0.468219,0.234012,0.108385
0.045166,0.015136,0.228569,0.012589,0.026395,0.018044,0.102207,0.087715,0.442346,0.021834
0.123718,0.311480,0.112289,0.006050,0.020524,0.023829,0.018606,0.174672,0.200396,0.008436
0.012516,0.011687,0.015347,0.052985,0.380686,0.014504,0.021579,0.067217,0.410181,0.013299
0.005151,0.314073,0.054410,0.017510,0.228321,0.006890,0.011337,0.348988,0.007251,0.006068
0.006432,0.464454,0.021866,0.186640,0.281692,0.008458,0.005363,0.006379,0.008258,0.010458
0.028087,0.025329,0.081483,0.011095,0.018751,0.018655,0.020346,0.301156,0.382370,0.112728
0.006543,0.027774,0.349431,0.010728,0.035275,0.047066,0.121831,0.237550,0.013152,0.150649
0.036053,0.263514,0.292410,0.039249,0.094832,0.066545,0.028808,0.035089,0.059429,0.084070
0.008166,0.012113,0.051667,0.323006,0.046114,0.061153,0.103900,0.018826,0.349523,0.025531
0.038840,0.042175,0.099737,0.004587,0.269605,0.009178,0.051709,0.343458,0.063767,0.076943
0.030169,0.030408,0.299588,0.034224,0.046003,0.038522,0.027327,0.171096,0.270759,0.051905
0.056928,0.008385,0.154634,0.015302,0.049298,0.026054,0.122406,0.211769,0.345985,0.009238
0.009494,0.012698,0.011205,0.009351,0.016694,0.011443,0.015774,0.564274,0.338036,0.011031
0.003845,0.319923,0.072370,0.008928,0.231146,0.007928,0.009006,0.156764,0.181745,0.008346
0.005573,0.007913,0.208574,0.015876,0.317218,0.007801,0.124005,0.044983,0.187464,0.080593
0.007782,0.460777,0.007846,0.007969,0.008665,0.008954,0.006206,0.142927,0.257172,0.091702
0.058146,0.008553,0.014622,0.010406,0.465564,0.011685,0.079117,0.050918,0.181486,0.119504
0.077658,0.011279,0.055616,0.033575,0.026857,0.059046,0.203807,0.292772,0.211323,0.028067
0.031068,0.006077,0.090535,0.011191,0.252789,0.011319,0.035737,0.343165,0.152671,0.065448
0.132073,0.547337,0.018251,0.009476,0.011307,0.015983,0.014021,0.146349,0.010627,0.094576
0.143007,0.332385,0.017101,0.005191,0.215294,0.032794,0.010934,0.156242,0.081873,0.005180
0.013212,0.464427,0.112320,0.279622,0.031281,0.018396,0.032725,0.007248,0.024714,0.016055
0.008077,0.542585,0.041619,0.010074,0.018190,0.009577,0.017038,0.216960,0.017044,0.118837
0.008471,0.011376,0.071295,0.058369,0.489891,0.015381,0.027510,0.016141,0.291691,0.009875
0.021691,0.814141,0.014576,0.016553,0.015230,0.019466,0.012377,0.052035,0.018469,0.015462
0.195810,0.043487,0.150220,0.007760,0.347376,0.027193,0.006260,0.007749,0.207148,0.006997
0.009737,0.068608,0.037689,0.027556,0.517800,0.016999,0.065217,0.232188,0.014801,0.009406
0.006758,0.374816,0.010120,0.150202,0.007295,0.007386,0.040360,0.387105,0.008236,0.007723
0.037177,0.007018,0.058645,0.008730,0.394250,0.006795,0.017277,0.180289,0.270028,0.019791
0.007564,0.007204,0.009968,0.015078,0.340799,0.009659,0.006836,0.503704,0.014418,0.084770
0.044934,0.006056,0.063865,0.027466,0.044421,0.021147,0.020815,0.481342,0.265272,0.024682
0.016003,0.017493,0.098054,0.038393,0.109730,0.119894,0.014947,0.536777,0.027994,0.020716
0.005043,0.004645,0.037461,0.030524,0.253751,0.007771,0.104344,0.336966,0.151058,0.068438
0.005087,0.005628,0.013252,0.005329,0.298415,0.007662,0.062696,0.366949,0.163555,0.071428
0.005622,0.015745,0.016101,0.006408,0.290714,0.013220,0.050811,0.375333,0.216498,0.009547
0.005826,0.054855,0.134564,0.009914,0.291493,0.006088,0.017248,0.462892,0.011481,0.005637
0.019350,0.616271,0.070472,0.009851,0.011288,0.010228,0.020253,0.216648,0.012954,0.012685
0.076198,0.011606,0.224754,0.014036,0.026314,0.011211,0.023377,0.087853,0.368481,0.156168
0.045523,0.043626,0.067419,0.052885,0.077336,0.072562,0.427332,0.063427,0.064807,0.085084
0.007655,0.008546,0.167735,0.018064,0.053506,0.028988,0.024887,0.266276,0.249861,0.174481
0.003903,0.006014,0.221013,0.009060,0.240519,0.014436,0.110124,0.130161,0.177942,0.086829
0.008339,0.009171,0.064215,0.358357,0.056289,0.072582,0.028583,0.122766,0.270923,0.008776
0.011236,0.010567,0.320018,0.021597,0.092330,0.034382,0.028429,0.392374,0.050877,0.038191
0.010043,0.009499,0.016317,0.010003,0.016259,0.010225,0.015049,0.519186,0.306714,0.086705
0.016177,0.008327,0.099667,0.017272,0.351132,0.010220,0.047796,0.050978,0.301872,0.096561
0.006022,0.057502,0.021207,0.052022,0.272747,0.044287,0.075623,0.456157,0.008769,0.005665
0.084139,0.332691,0.007484,0.005987,0.243528,0.005293,0.010425,0.118979,0.186777,0.004697
0.013068,0.045730,0.177049,0.156381,0.016371,0.014621,0.013402,0.364931,0.183158,0.015289
0.011323,0.028805,0.028540,0.012433,0.445598,0.012922,0.020116,0.222492,0.103929,0.113842
0.207500,0.010931,0.137555,0.037815,0.399873,0.047382,0.120452,0.019560,0.011921,0.007011
0.014847,0.016519,0.227904,0.015703,0.028989,0.019567,0.200005,0.417550,0.032544,0.026372
0.126531,0.455402,0.038052,0.006687,0.020812,0.007095,0.014034,0.034886,0.289612,0.006889
0.005451,0.348682,0.016064,0.025849,0.242660,0.007602,0.004850,0.132488,0.211003,0.005350
0.007857,0.514065,0.058384,0.007737,0.010303,0.008085,0.014036,0.008424,0.289476,0.081633
0.012905,0.013909,0.076848,0.017020,0.028548,0.022576,0.096361,0.308412,0.395053,0.028369
0.005969,0.430928,0.025829,0.005431,0.028361,0.015852,0.010481,0.185298,0.169703,0.122149
0.039070,0.021966,0.052590,0.538968,0.037578,0.029030,0.183333,0.025699,0.040051,0.031714
0.145821,0.008612,0.140519,0.009738,0.346540,0.012095,0.013288,0.196834,0.012615,0.113937
0.083698,0.115222,0.215722,0.015763,0.068663,0.089657,0.235406,0.146590,0.018122,0.011157
0.028246,0.012595,0.019007,0.015198,0.038249,0.017736,0.094426,0.235632,0.373218,0.165694
0.079862,0.058900,0.129996,0.019453,0.044801,0.045488,0.014577,0.393118,0.198180,0.015626
0.022053,0.300091,0.067266,0.004287,0.183355,0.011025,0.070225,0.330940,0.006529,0.004230
0.048846,0.015673,0.020470,0.018272,0.025289,0.023578,0.050990,0.020088,0.589262,0.187531
0.005997,0.043933,0.124036,0.008264,0.020286,0.015078,0.013054,0.416193,0.247306,0.105853
0.005358,0.007032,0.148031,0.005752,0.261102,0.030399,0.131989,0.382629,0.023015,0.004693
0.006339,0.048666,0.124613,0.005556,0.017943,0.010733,0.082254,0.447140,0.241969,0.014789
0.007021,0.067955,0.381668,0.009067,0.044316,0.021349,0.088362,0.209716,0.014789,0.155758
0.007075,0.404045,0.009583,0.008363,0.009000,0.008284,0.014683,0.417374,0.114033,0.007560
0.004704,0.025630,0.040781,0.211595,0.242020,0.017372,0.071362,0.158486,0.100734,0.127317
0.011270,0.010937,0.026232,0.011207,0.574713,0.023604,0.106683,0.015079,0.209342,0.010933
0.183878,0.078593,0.189525,0.010477,0.031857,0.016644,0.086917,0.016957,0.376519,0.008632
0.282654,0.017410,0.052665,0.021105,0.029496,0.023895,0.042409,0.318992,0.179755,0.031618
0.025302,0.043960,0.045911,0.009228,0.412769,0.070607,0.230141,0.085091,0.043740,0.033251
0.009605,0.009087,0.023044,0.011064,0.399744,0.018483,0.018202,0.153794,0.339712,0.017266
0.129438,0.018725,0.117537,0.018588,0.112393,0.139306,0.318891,0.045556,0.082024,0.017542
0.009433,0.008969,0.018652,0.017422,0.011346,0.017042,0.015987,0.556579,0.331031,0.013539
0.046990,0.055813,0.052585,0.040455,0.094084,0.077324,0.074380,0.050270,0.057375,0.450724
0.104310,0.351021,0.029615,0.006198,0.202126,0.009294,0.011837,0.006884,0.199101,0.079614
0.006971,0.010014,0.263174,0.011027,0.354034,0.018790,0.072948,0.059779,0.093741,0.109522
0.007676,0.007794,0.040688,0.007564,0.298282,0.016000,0.015776,0.225304,0.288756,0.092160
0.006971,0.008337,0.141513,0.031046,0.319779,0.038826,0.005037,0.073997,0.245507,0.128987
0.049502,0.090038,0.020791,0.015628,0.022891,0.019222,0.028670,0.331215,0.406892,0.015152
0.026520,0.462877,0.017867,0.007667,0.030894,0.017097,0.005575,0.009162,0.292640,0.129701
0.014809,0.006483,0.276626,0.020142,0.023609,0.015343,0.079834,0.359872,0.198796,0.004487
0.070946,0.019537,0.116100,0.014800,0.043456,0.025416,0.159690,0.496438,0.020032,0.033584
0.003002,0.209020,0.017974,0.110606,0.169801,0.007552,0.006284,0.258870,0.134063,0.082827
0.004457,0.044623,0.027957,0.018132,0.260458,0.034441,0.050181,0.391064,0.078171,0.090516
0.013328,0.014010,0.351269,0.123718,0.066515,0.084892,0.052491,0.180979,0.064263,0.048536
0.008214,0.009276,0.038810,0.012008,0.033241,0.031528,0.024554,0.264880,0.389738,0.187750
0.010258,0.009703,0.030317,0.009524,0.504601,0.014925,0.031780,0.013419,0.364338,0.011136
0.008897,0.674260,0.048449,0.015081,0.015454,0.009634,0.086727,0.010084,0.012700,0.118713
0.014683,0.016546,0.255749,0.032530,0.033109,0.017849,0.099510,0.100707,0.414824,0.014494
0.006223,0.441764,0.008030,0.006181,0.245831,0.007128,0.013643,0.006553,0.256389,0.008256
0.036896,0.006228,0.086484,0.006372,0.335032,0.015533,0.005906,0.423434,0.009126,0.074989
0.007469,0.074157,0.229855,0.033272,0.040408,0.047248,0.100014,0.286031,0.017666,0.163881
0.008106,0.526101,0.141544,0.010614,0.014745,0.008905,0.013186,0.010026,0.257431,0.009343
0.008040,0.011007,0.052522,0.008031,0.371261,0.020984,0.081327,0.184829,0.156536,0.105463
0.110410,0.006193,0.011332,0.006018,0.355362,0.009562,0.056808,0.419748,0.009454,0.015112
0.005602,0.005388,0.072343,0.006770,0.319105,0.010767,0.055356,0.394611,0.124763,0.005294
0.052316,0.006367,0.191436,0.013436,0.333770,0.049377,0.018993,0.187241,0.123303,0.023760
0.129232,0.007143,0.051285,0.008536,0.348475,0.016591,0.020846,0.007913,0.281351,0.128628
0.008447,0.008313,0.049009,0.310230,0.038414,0.061514,0.137000,0.007980,0.369954,0.009138
0.004533,0.321198,0.067413,0.004086,0.179059,0.028384,0.007878,0.173391,0.204570,0.009489
0.016745,0.047396,0.161279,0.083542,0.028172,0.017238,0.021345,0.017990,0.590213,0.016080
0.061740,0.011390,0.022236,0.052501,0.547549,0.016238,0.066534,0.013736,0.195118,0.012958
0.021099,0.083338,0.416235,0.019758,0.068684,0.048693,0.052856,0.153530,0.076820,0.058987
0.024016,0.109299,0.163410,0.021861,0.081775,0.168897,0.356656,0.021171,0.033368,0.019547
0.006962,0.007563,0.157957,0.008661,0.369565,0.020868,0.091232,0.013535,0.304516,0.019143
0.026320,0.009653,0.067761,0.010432,0.011112,0.013124,0.008454,0.550583,0.206816,0.095743
0.016763,0.022750,0.094450,0.024580,0.038527,0.024504,0.045301,0.018838,0.488880,0.225407
0.017816,0.023869,0.254127,0.018506,0.037895,0.024471,0.025585,0.396006,0.183608,0.018116
0.005109,0.395273,0.029393,0.041172,0.273703,0.029596,0.072464,0.008598,0.017762,0.126931
0.161576,0.010579,0.023792,0.279433,0.027162,0.011451,0.014795,0.066179,0.394274,0.010759
0.036846,0.035671,0.048576,0.039089,0.062306,0.080924,0.030683,0.219208,0.048372,0.398325
0.005572,0.395265,0.093617,0.007603,0.292909,0.010570,0.011299,0.035469,0.136129,0.011566
0.019170,0.027015,0.342672,0.008705,0.028500,0.012116,0.018388,0.266230,0.168545,0.108659
0.046830,0.072425,0.361281,0.015373,0.053018,0.033123,0.174705,0.160876,0.031724,0.050647
0.005350,0.346148,0.010825,0.005702,0.009173,0.005817,0.011420,0.349638,0.167993,0.087934
0.159001,0.014181,0.024806,0.020259,0.438060,0.011260,0.021510,0.058273,0.099114,0.153535
0.006976,0.009022,0.093384,0.006708,0.368104,0.013279,0.010309,0.154198,0.251653,0.086368
0.031419,0.263350,0.177545,0.005086,0.190836,0.019840,0.008397,0.038209,0.189008,0.076310
0.346601,0.128800,0.057244,0.023488,0.054658,0.032785,0.040217,0.029025,0.035178,0.252003
0.027014,0.034788,0.097560,0.033833,0.056196,0.040598,0.130540,0.486009,0.035117,0.058343
0.009416,0.011679,0.181917,0.261894,0.367998,0.008883,0.078065,0.048233,0.021717,0.010198
0.180873,0.036066,0.335751,0.008324,0.030423,0.022856,0.067040,0.009255,0.301095,0.008317
0.005667,0.047572,0.265862,0.014873,0.020937,0.014045,0.010989,0.401441,0.206195,0.012419
0.010922,0.031856,0.016112,0.011005,0.022720,0.014925,0.088357,0.769014,0.024378,0.010711
0.012327,0.746242,0.020475,0.012894,0.025321,0.015432,0.094917,0.041166,0.016612,0.014614
0.016495,0.714914,0.014616,0.012251,0.014938,0.011370,0.071752,0.013536,0.015454,0.114674
0.010086,0.688805,0.013225,0.011908,0.020740,0.011712,0.045125,0.171828,0.013973,0.012600
0.016565,0.007679,0.011230,0.007461,0.332299,0.010608,0.019004,0.496324,0.010645,0.088185
0.102050,0.005707,0.070121,0.033685,0.207803,0.028743,0.048144,0.328109,0.163481,0.012159
0.004721,0.304927,0.020736,0.033478,0.252597,0.024595,0.073869,0.047837,0.231717,0.005521
0.010224,0.088953,0.090047,0.016159,0.031018,0.031669,0.035690,0.289524,0.381805,0.024913
0.011133,0.012368,0.026499,0.009349,0.522101,0.021085,0.017025,0.056580,0.302562,0.021298
0.048494,0.029488,0.032900,0.060847,0.299371,0.051437,0.023947,0.266803,0.029181,0.157533
0.099726,0.010211,0.185480,0.017180,0.032752,0.061610,0.037542,0.093057,0.451149,0.011293
0.015740,0.010532,0.054596,0.193584,0.009873,0.009995,0.007879,0.496254,0.124759,0.076787
0.012200,0.012729,0.084304,0.345428,0.026066,0.017854,0.086712,0.016763,0.238330,0.159614
0.039023,0.112876,0.055770,0.023079,0.032650,0.024726,0.146750,0.321913,0.023665,0.219548
0.056775,0.011474,0.035511,0.010972,0.641211,0.026856,0.111687,0.076394,0.018536,0.010583
0.100640,0.006614,0.013484,0.032164,0.299690,0.006528,0.015155,0.437322,0.008983,0.079420
0.007509,0.450238,0.097908,0.007040,0.356666,0.009529,0.015624,0.034722,0.011776,0.008989
0.240337,0.009271,0.042711,0.012412,0.031852,0.058490,0.129796,0.023280,0.419576,0.032276
0.017627,0.052658,0.133427,0.010359,0.355367,0.007442,0.131674,0.044831,0.229630,0.016985
0.010130,0.013154,0.021565,0.278453,0.529808,0.011217,0.091705,0.012919,0.021811,0.009240
0.226403,0.013304,0.022425,0.016351,0.541896,0.029191,0.029338,0.075011,0.017322,0.028758
0.028628,0.007042,0.191940,0.006673,0.241864,0.010150,0.099647,0.398611,0.009379,0.006066
0.353989,0.025792,0.050041,0.047694,0.038093,0.034392,0.022278,0.136999,0.037979,0.252743
0.046062,0.008072,0.125902,0.039026,0.364929,0.011519,0.063080,0.010361,0.232901,0.098148
0.040302,0.020054,0.056661,0.023747,0.039272,0.029952,0.149122,0.123903,0.498472,0.018515
0.023668,0.026065,0.043059,0.020154,0.047683,0.028867,0.146479,0.407739,0.026273,0.230014
0.026493,0.421254,0.016285,0.007620,0.020145,0.039105,0.082068,0.047203,0.330107,0.009720
0.022410,0.018482,0.314071,0.022770,0.034350,0.026510,0.047979,0.449726,0.027725,0.035976
0.009225,0.596229,0.011185,0.009563,0.013262,0.011325,0.011892,0.221626,0.013499,0.102193
0.009097,0.094068,0.034345,0.009543,0.044901,0.029907,0.024036,0.346324,0.399111,0.008668
0.006815,0.008035,0.029374,0.070334,0.358965,0.048407,0.161480,0.099740,0.035460,0.181391
0.026217,0.385359,0.016323,0.005002,0.021520,0.029612,0.023479,0.478414,0.008350,0.005724
0.005415,0.381968,0.087897,0.182111,0.224599,0.007072,0.011493,0.007335,0.007495,0.084615
0.013173,0.013625,0.035015,0.071965,0.701364,0.021059,0.034082,0.068682,0.028148,0.012888
0.009289,0.010414,0.098299,0.010669,0.037562,0.082369,0.178998,0.271885,0.024706,0.275810
0.060469,0.026326,0.212187,0.019352,0.026728,0.029440,0.036274,0.084896,0.485372,0.018955
0.213216,0.031659,0.050298,0.039383,0.068412,0.051324,0.362953,0.047533,0.071685,0.063537
0.015631,0.016127,0.030853,0.015292,0.036152,0.020401,0.014218,0.291383,0.541824,0.018118
0.017263,0.017630,0.129366,0.017402,0.041433,0.027075,0.133036,0.339344,0.043968,0.233483
0.006732,0.417373,0.043495,0.007710,0.346470,0.009815,0.005417,0.141207,0.008766,0.013015
0.012107,0.473982,0.043625,0.008238,0.008874,0.008628,0.009843,0.148376,0.275882,0.010443
0.025264,0.009550,0.199725,0.012381,0.446330,0.017322,0.095752,0.018514,0.013734,0.161427
0.049613,0.017631,0.169925,0.431109,0.030788,0.019368,0.029263,0.075205,0.160643,0.016455
0.004591,0.327738,0.014615,0.034796,0.015778,0.026043,0.062706,0.132950,0.266664,0.114119
0.012375,0.089741,0.219147,0.010212,0.031722,0.019291,0.107360,0.099459,0.249214,0.161479
0.025748,0.009810,0.048467,0.039163,0.016270,0.015611,0.015065,0.520384,0.217330,0.092152
0.016418,0.024892,0.136605,0.006389,0.360645,0.006409,0.005621,0.216196,0.220741,0.006085
0.008585,0.036206,0.214789,0.007276,0.370242,0.045013,0.133432,0.019493,0.135903,0.029060
0.016240,0.019332,0.032543,0.014323,0.023136,0.018447,0.032144,0.300318,0.529701,0.013815
0.009529,0.008778,0.079558,0.008429,0.012508,0.011067,0.016236,0.525177,0.314506,0.014211
0.014837,0.039470,0.195948,0.019530,0.024328,0.018234,0.032117,0.069335,0.562389,0.023811
0.016208,0.123390,0.312099,0.015121,0.060421,0.015416,0.044036,0.133675,0.046314,0.233319
0.005828,0.022865,0.033706,0.021238,0.246504,0.028730,0.089208,0.349321,0.185762,0.016838
0.137325,0.573066,0.010782,0.009234,0.012711,0.011589,0.008584,0.214155,0.011454,0.011098
0.043909,0.071407,0.380317,0.011481,0.025352,0.026481,0.022809,0.016384,0.392342,0.009519
0.044931,0.009987,0.010334,0.038226,0.392933,0.009601,0.049123,0.132105,0.222720,0.090041
0.019565,0.059617,0.021865,0.049109,0.373408,0.022481,0.033181,0.291901,0.012349,0.116524
0.014249,0.014218,0.096469,0.012739,0.105322,0.088357,0.243444,0.031648,0.062306,0.331248
0.087010,0.015233,0.200595,0.014247,0.029686,0.014793,0.073472,0.348013,0.031557,0.185393
0.255397,0.024905,0.174564,0.024815,0.129951,0.157562,0.020081,0.064546,0.060051,0.088127
0.025774,0.074679,0.040524,0.010983,0.450843,0.016210,0.016966,0.011697,0.329975,0.022350
0.009023,0.544166,0.011885,0.009054,0.010146,0.011372,0.057582,0.009672,0.328153,0.008948
0.012370,0.698397,0.019890,0.011385,0.020457,0.011892,0.010610,0.013983,0.096385,0.104631
0.016108,0.663288,0.068093,0.029301,0.018762,0.013381,0.038491,0.028445,0.013675,0.110455
0.006434,0.007171,0.043188,0.176621,0.303321,0.009071,0.144810,0.009796,0.215372,0.084216
0.011135,0.836096,0.018022,0.011768,0.013696,0.017605,0.010676,0.052830,0.016319,0.011853
0.157809,0.014875,0.073319,0.062469,0.079178,0.049220,0.012606,0.462733,0.070529,0.017263
0.009872,0.009268,0.104140,0.011214,0.022645,0.009370,0.012014,0.567162,0.156447,0.097868
0.007523,0.009469,0.152062,0.008927,0.354304,0.014060,0.006036,0.168411,0.257513,0.021695
0.005062,0.364633,0.288354,0.006687,0.283419,0.013729,0.012399,0.005100,0.008685,0.011930
0.009306,0.008462,0.022150,0.008543,0.462807,0.011926,0.053493,0.270122,0.014758,0.138434
0.065854,0.010177,0.060486,0.037087,0.070783,0.071656,0.008082,0.366772,0.042393,0.266708
0.013901,0.014094,0.535138,0.013963,0.044117,0.026586,0.078078,0.027593,0.024763,0.221766
0.012614,0.012232,0.145533,0.061161,0.023093,0.018556,0.029859,0.211759,0.340534,0.144660
0.005687,0.008658,0.368204,0.008921,0.048390,0.048356,0.077121,0.187939,0.106869,0.139854
0.016499,0.006582,0.139233,0.007690,0.371728,0.017994,0.005739,0.164265,0.262620,0.007650
0.006057,0.009926,0.125308,0.007068,0.354561,0.023014,0.111237,0.198311,0.017294,0.147225
0.003517,0.226424,0.164266,0.004618,0.006939,0.020335,0.007289,0.293465,0.178090,0.095057
0.073759,0.071378,0.055665,0.034870,0.324708,0.023817,0.095023,0.022436,0.290359,0.007987
0.115586,0.021173,0.018317,0.007526,0.324334,0.011604,0.014731,0.212927,0.266484,0.007318
0.103834,0.021821,0.043093,0.024138,0.028440,0.025792,0.036931,0.026800,0.490239,0.198914
0.008971,0.009530,0.215629,0.005867,0.358428,0.023944,0.022194,0.063458,0.263434,0.028546
0.006458,0.006214,0.228091,0.005978,0.289085,0.009026,0.014001,0.197093,0.237057,0.006996
0.048078,0.017634,0.039954,0.017079,0.026430,0.022658,0.134035,0.478415,0.025422,0.190294
0.021076,0.023175,0.052544,0.025465,0.066728,0.031616,0.070442,0.023832,0.415126,0.269997
0.017277,0.007162,0.158776,0.012885,0.282463,0.018611,0.004387,0.153214,0.208571,0.136654
0.004449,0.005100,0.037565,0.005110,0.291710,0.040409,0.016502,0.388318,0.206241,0.004595
0.013332,0.054917,0.118586,0.016941,0.039508,0.026882,0.137855,0.098171,0.460001,0.033806
0.010340,0.063828,0.022197,0.011044,0.395918,0.023376,0.067882,0.051548,0.191153,0.162714
0.047458,0.010848,0.450190,0.029107,0.059354,0.049685,0.020941,0.090390,0.216295,0.025731
0.013683,0.018031,0.510521,0.015753,0.033311,0.022326,0.150059,0.022247,0.020808,0.193262
0.011356,0.705392,0.064919,0.014972,0.013804,0.012920,0.014368,0.036613,0.016352,0.109305
0.004990,0.007643,0.287088,0.007274,0.253604,0.035347,0.014758,0.012483,0.232654,0.144160
0.032189,0.457415,0.010487,0.008150,0.220323,0.007197,0.009422,0.007091,0.241193,0.006533
0.007367,0.007276,0.061884,0.274980,0.042489,0.043766,0.020855,0.088991,0.301206,0.151186
0.031510,0.011574,0.056701,0.097108,0.065021,0.041543,0.030084,0.424153,0.016952,0.225355
0.019143,0.019470,0.129690,0.014884,0.661804,0.051962,0.049267,0.014814,0.025536,0.013430
0.007027,0.053299,0.124729,0.007704,0.026518,0.009262,0.082515,0.422212,0.250857,0.015877
0.018749,0.757599,0.013971,0.014325,0.016353,0.014472,0.015013,0.013266,0.015045,0.121206
0.218523,0.019297,0.037472,0.013751,0.035042,0.031301,0.045250,0.417912,0.020065,0.161387
0.007074,0.443021,0.040109,0.006607,0.007709,0.007475,0.013390,0.205536,0.198460,0.070619
0.318359,0.029923,0.195314,0.096320,0.050103,0.027281,0.020124,0.028233,0.201516,0.032826
0.035985,0.007645,0.099459,0.007205,0.302541,0.016553,0.019567,0.470223,0.023338,0.017485
0.009256,0.381041,0.146566,0.006955,0.009735,0.006112,0.034814,0.390568,0.009352,0.005600
0.058916,0.005717,0.173322,0.009986,0.249956,0.043833,0.076599,0.069103,0.157143,0.155425
0.004389,0.005565,0.149806,0.003852,0.235323,0.006574,0.124186,0.319010,0.147426,0.003871
0.006870,0.006801,0.023633,0.008184,0.038892,0.052478,0.019325,0.590579,0.114171,0.139067
0.130952,0.502186,0.113091,0.034096,0.013470,0.011282,0.018010,0.007054,0.071706,0.098152
0.122819,0.059674,0.061010,0.011670,0.519108,0.073643,0.036113,0.011254,0.059372,0.045338
0.136869,0.006867,0.147884,0.010231,0.028145,0.015434,0.015342,0.518978,0.009657,0.110595
0.107011,0.044511,0.062095,0.007274,0.279506,0.005850,0.063175,0.414503,0.009294,0.006780
0.043818,0.041770,0.064303,0.051210,0.090458,0.056524,0.061469,0.060058,0.446734,0.083655
0.015582,0.551066,0.028189,0.007866,0.031700,0.021123,0.017739,0.295730,0.011532,0.019473
0.134306,0.024148,0.272382,0.043767,0.019250,0.010344,0.015945,0.233060,0.230172,0.016625
0.028554,0.009288,0.205867,0.009343,0.457850,0.019295,0.165451,0.080058,0.013125,0.011169
0.006231,0.296752,0.207012,0.168156,0.012175,0.023110,0.056358,0.007373,0.216332,0.006500
0.010290,0.011245,0.080913,0.010224,0.084217,0.089952,0.262970,0.110387,0.328635,0.011166
0.010299,0.608723,0.013018,0.009801,0.011790,0.010514,0.011349,0.011468,0.226701,0.086338
0.150319,0.008027,0.306160,0.008216,0.018641,0.008465,0.054911,0.064932,0.266951,0.113378
0.084483,0.016023,0.021795,0.011337,0.513755,0.019252,0.271404,0.019211,0.031148,0.011591
0.018954,0.023174,0.189416,0.020804,0.046465,0.028545,0.200253,0.116373,0.028760,0.327257
0.005178,0.295026,0.034797,0.004780,0.158423,0.004881,0.009795,0.305478,0.134287,0.047354
0.028997,0.165585,0.059467,0.035680,0.047494,0.044050,0.054936,0.037684,0.498251,0.027855
0.007370,0.419724,0.007917,0.008102,0.007658,0.007575,0.012997,0.413675,0.051238,0.063743
0.007799,0.392134,0.233384,0.008892,0.243628,0.029796,0.012301,0.043979,0.016753,0.011334
0.191936,0.057382,0.079520,0.073886,0.151678,0.060729,0.132203,0.073886,0.076897,0.101884
0.007136,0.040807,0.019784,0.006532,0.345444,0.010140,0.042486,0.450322,0.065726,0.011623
0.020398,0.023741,0.047212,0.083146,0.028188,0.022409,0.151361,0.107663,0.486736,0.029146
0.042410,0.008876,0.270225,0.006731,0.013209,0.009482,0.014241,0.477685,0.072243,0.084897
0.011455,0.010978,0.121740,0.012780,0.018027,0.018065,0.064934,0.712658,0.016042,0.013322
0.017799,0.006670,0.264085,0.006904,0.313378,0.019485,0.022213,0.060801,0.270933,0.017733
0.005405,0.339661,0.085829,0.006225,0.265220,0.005515,0.008161,0.032321,0.182145,0.069517
0.027958,0.014632,0.606790,0.010437,0.044971,0.075804,0.126693,0.021510,0.041515,0.029690
0.013683,0.011313,0.068018,0.013551,0.023206,0.019454,0.116273,0.268403,0.452201,0.013897
0.008665,0.008184,0.294816,0.007613,0.394105,0.008010,0.025139,0.208907,0.024900,0.019659
0.006582,0.415177,0.035282,0.010044,0.270073,0.033062,0.012884,0.011321,0.018051,0.187525
0.015344,0.557853,0.063457,0.008424,0.009581,0.014439,0.007713,0.178378,0.136416,0.008395
0.006221,0.006493,0.305410,0.006530,0.023082,0.020895,0.019180,0.168722,0.274684,0.168782
0.457146,0.037563,0.086851,0.036226,0.046361,0.044771,0.057451,0.141532,0.037881,0.054218
0.275992,0.047532,0.024767,0.085964,0.031333,0.021042,0.137900,0.326764,0.032739,0.015965
0.016475,0.062036,0.132220,0.014838,0.069033,0.015239,0.194097,0.143562,0.338469,0.014030
0.019569,0.006361,0.175665,0.012312,0.201271,0.007683,0.010171,0.333679,0.150271,0.083017
0.017722,0.259800,0.093729,0.008375,0.013374,0.023953,0.008198,0.298745,0.187586,0.088517
0.006199,0.465525,0.182207,0.008261,0.012349,0.008411,0.011968,0.040420,0.257517,0.007143
0.008056,0.011639,0.061972,0.010730,0.019283,0.014830,0.018934,0.580585,0.257261,0.016708
0.011116,0.011769,0.022204,0.286477,0.473868,0.015994,0.020582,0.011880,0.018796,0.127314
0.204725,0.008064,0.052766,0.008085,0.046439,0.025412,0.180358,0.104971,0.340169,0.029011
0.008320,0.556945,0.059539,0.011010,0.011391,0.010352,0.011165,0.181210,0.139743,0.010324
0.059579,0.009875,0.023028,0.009303,0.495372,0.012501,0.067892,0.300880,0.012493,0.009079
0.004428,0.052208,0.037583,0.006219,0.289007,0.017053,0.169012,0.392478,0.026225,0.005786
0.010930,0.015657,0.202538,0.014732,0.471383,0.036128,0.176343,0.033267,0.027001,0.012020
0.014628,0.047683,0.300175,0.037207,0.033945,0.019869,0.110221,0.015465,0.163435,0.257372
0.012027,0.484801,0.013722,0.007430,0.009503,0.009534,0.006942,0.105741,0.282389,0.067911
0.007554,0.451485,0.010533,0.008089,0.333425,0.007213,0.052190,0.006722,0.009341,0.113448
0.014472,0.016187,0.206849,0.079457,0.033033,0.022771,0.024039,0.364905,0.035444,0.202843
0.302357,0.016900,0.029457,0.020858,0.046135,0.037500,0.031611,0.107843,0.369333,0.038006
0.031294,0.202384,0.278655,0.025082,0.070864,0.043160,0.232629,0.048253,0.042678,0.025001
0.006456,0.035601,0.056819,0.007293,0.285805,0.014168,0.046284,0.419972,0.058459,0.069143
0.035370,0.006249,0.128501,0.021955,0.257338,0.036183,0.014442,0.355646,0.126756,0.017559
0.033757,0.016256,0.566415,0.015050,0.060168,0.087610,0.181868,0.011378,0.017084,0.010416
0.008648,0.468556,0.044197,0.009839,0.311528,0.008220,0.012786,0.010346,0.010775,0.115106
0.013171,0.017217,0.017443,0.014908,0.453208,0.013341,0.024847,0.270141,0.024527,0.151196
0.009492,0.012085,0.179147,0.022745,0.033294,0.012296,0.097869,0.219854,0.287918,0.125302
0.008724,0.012751,0.081121,0.009353,0.027323,0.018439,0.232374,0.207490,0.376382,0.026043
0.055097,0.156963,0.073549,0.038048,0.068009,0.030395,0.233851,0.035480,0.263879,0.044730
0.014587,0.016209,0.103315,0.391440,0.040176,0.012152,0.189147,0.023853,0.016570,0.192550
0.023309,0.121188,0.294989,0.026845,0.054559,0.046283,0.031138,0.131995,0.026307,0.243388
0.009135,0.586509,0.051108,0.020026,0.026479,0.046906,0.097934,0.012920,0.132258,0.016726
0.167574,0.014248,0.013736,0.011726,0.475800,0.014379,0.094236,0.065407,0.021143,0.121749
0.193023,0.476437,0.166039,0.006079,0.032003,0.036425,0.005747,0.052952,0.024486,0.006809
0.019654,0.023198,0.043924,0.018356,0.029164,0.038721,0.143393,0.498494,0.167291,0.017804
0.012027,0.009377,0.033283,0.009543,0.045078,0.060210,0.029369,0.287314,0.266941,0.246858
0.103076,0.021455,0.121564,0.031474,0.083804,0.052517,0.013091,0.192193,0.023005,0.357821
0.005177,0.365736,0.036567,0.005940,0.215909,0.005610,0.006697,0.147396,0.204126,0.006841
0.014792,0.005037,0.032892,0.008955,0.285855,0.038494,0.064209,0.427531,0.011254,0.110980
0.030188,0.013881,0.082452,0.013928,0.468548,0.067950,0.008567,0.123553,0.181450,0.009483
0.109518,0.102701,0.322375,0.010148,0.038821,0.034253,0.044209,0.303093,0.025599,0.009283
0.004240,0.331810,0.075333,0.004194,0.256722,0.025684,0.075215,0.114878,0.007170,0.104753
0.013965,0.425425,0.008823,0.007129,0.286548,0.006336,0.012529,0.007136,0.226283,0.005826
0.042612,0.009043,0.072754,0.010993,0.444990,0.015179,0.076152,0.184660,0.012638,0.130979
0.008667,0.556265,0.020457,0.058412,0.034339,0.043335,0.017986,0.221387,0.026094,0.013057
0.082850,0.308517,0.026151,0.008254,0.185469,0.005931,0.050371,0.322606,0.005720,0.004132
0.074563,0.010233,0.054583,0.006556,0.337195,0.046414,0.094455,0.067872,0.301262,0.006867
0.010800,0.009672,0.024617,0.009538,0.468361,0.021226,0.008622,0.011602,0.338688,0.096874
0.009888,0.670485,0.064945,0.013444,0.019154,0.013594,0.013205,0.011072,0.173748,0.010465
0.010700,0.011973,0.179746,0.011405,0.409831,0.015932,0.103763,0.020124,0.228558,0.007969
0.140866,0.050943,0.158587,0.026381,0.272484,0.017504,0.117320,0.187121,0.008500,0.020293
0.014861,0.016529,0.101623,0.012427,0.053992,0.035589,0.045975,0.426886,0.277473,0.014646
0.015491,0.018476,0.206312,0.385251,0.027612,0.018741,0.012870,0.069532,0.020345,0.225369
0.011397,0.011546,0.648165,0.104069,0.041276,0.073024,0.009309,0.033226,0.027140,0.040847
0.108866,0.404522,0.158347,0.005000,0.218626,0.006150,0.004605,0.005572,0.008021,0.080291
0.006320,0.468824,0.018111,0.007492,0.244503,0.013071,0.010315,0.008091,0.213449,0.009825
0.024298,0.070318,0.016362,0.016042,0.019991,0.018101,0.022446,0.777045,0.017076,0.018321
0.008797,0.008528,0.171897,0.011127,0.478080,0.025011,0.007066,0.067567,0.032804,0.189124
0.105471,0.079936,0.168009,0.017685,0.076960,0.031400,0.068298,0.411355,0.024300,0.016586
0.269934,0.010406,0.068312,0.010590,0.048417,0.080011,0.181816,0.277894,0.015600,0.037020
0.009129,0.008827,0.019088,0.040570,0.322985,0.020136,0.073785,0.251122,0.239654,0.014705
0.139828,0.006882,0.057349,0.009018,0.350242,0.019778,0.016767,0.047897,0.241973,0.110267
0.024495,0.073587,0.141166,0.024507,0.053245,0.024542,0.052331,0.525029,0.057704,0.023393
0.036353,0.018063,0.023879,0.021809,0.025944,0.027174,0.149324,0.367181,0.302393,0.027880
0.196192,0.076796,0.026287,0.010196,0.034787,0.023934,0.099267,0.007426,0.351949,0.173165
0.017233,0.016018,0.020616,0.015506,0.024637,0.016264,0.034872,0.438855,0.400822,0.015177
0.005060,0.346907,0.007762,0.006358,0.261881,0.008041,0.004559,0.347238,0.007183,0.005012
0.007786,0.075078,0.079351,0.008388,0.483466,0.008397,0.091276,0.226781,0.011617,0.007860
0.012774,0.014350,0.147058,0.011241,0.017474,0.021837,0.024849,0.718873,0.018490,0.013054
0.023238,0.012416,0.099970,0.285567,0.446116,0.014297,0.008076,0.059800,0.026954,0.023567
0.012088,0.045240,0.120545,0.014177,0.032338,0.012599,0.039554,0.238602,0.456424,0.028433
0.003068,0.235837,0.018064,0.004499,0.173032,0.017823,0.037340,0.289205,0.150113,0.071019
0.005802,0.253481,0.021019,0.097824,0.196253,0.004731,0.014939,0.250178,0.151725,0.004049
0.005285,0.005203,0.247878,0.005022,0.226740,0.037889,0.066292,0.151257,0.140627,0.113807
0.007370,0.009631,0.013504,0.184056,0.010663,0.009117,0.013193,0.466625,0.278335,0.007506
0.016522,0.622564,0.043536,0.013867,0.042765,0.023443,0.016009,0.008977,0.014764,0.197554
0.010552,0.336142,0.024077,0.040172,0.270290,0.013890,0.010845,0.041482,0.240746,0.011804
0.061522,0.021112,0.043930,0.025295,0.032477,0.025992,0.029686,0.022224,0.513239,0.224524
0.005747,0.381274,0.034177,0.005486,0.251824,0.007933,0.012529,0.007512,0.208863,0.084654
0.006901,0.030664,0.201290,0.006694,0.031733,0.049966,0.083558,0.166183,0.275034,0.147975
0.015237,0.013502,0.297929,0.017816,0.045358,0.033779,0.046512,0.014937,0.478556,0.036374
0.016755,0.022548,0.080984,0.018778,0.030868,0.026603,0.041926,0.111471,0.456862,0.193206
0.007777,0.321451,0.006105,0.118954,0.006105,0.006480,0.006669,0.317729,0.202059,0.006671
0.028834,0.010064,0.092656,0.009995,0.500536,0.031352,0.074149,0.010829,0.229321,0.012266
0.044340,0.609491,0.017600,0.010948,0.017830,0.014233,0.009220,0.010800,0.255269,0.010270
0.008330,0.038719,0.012272,0.029608,0.012729,0.015758,0.013969,0.473780,0.292012,0.102822
0.015986,0.047889,0.099852,0.014246,0.031560,0.025221,0.033200,0.262705,0.279088,0.190254
0.010604,0.010063,0.364614,0.054539,0.021440,0.024213,0.072611,0.014368,0.299402,0.128146
0.013589,0.039820,0.033579,0.015457,0.534775,0.020254,0.056061,0.091550,0.031435,0.163479
0.021627,0.010978,0.068581,0.010259,0.371672,0.020387,0.043788,0.008530,0.318105,0.126074
0.013488,0.012522,0.028145,0.025962,0.019799,0.018751,0.089025,0.765105,0.015361,0.011842
0.006017,0.033646,0.364933,0.061338,0.031107,0.021822,0.087165,0.070381,0.298827,0.024764
0.009532,0.401569,0.008207,0.149968,0.012512,0.007358,0.012525,0.383612,0.008585,0.006132
0.017223,0.667563,0.086572,0.010931,0.012559,0.011453,0.022506,0.011983,0.014100,0.145109
0.008347,0.009040,0.020314,0.045048,0.451047,0.013188,0.071203,0.263070,0.012709,0.106034
0.006982,0.407627,0.008493,0.009646,0.008461,0.008902,0.053317,0.478450,0.009538,0.008584
0.012689,0.015961,0.111337,0.012683,0.488816,0.017511,0.011425,0.015319,0.299991,0.014269
0.011613,0.011066,0.044149,0.054494,0.019110,0.014059,0.085850,0.319628,0.311586,0.128447
0.026460,0.322974,0.123582,0.004310,0.168255,0.005401,0.007162,0.111275,0.169572,0.061011
0.003506,0.005529,0.224952,0.003911,0.195330,0.012775,0.050232,0.325337,0.163789,0.014639
0.038952,0.010049,0.062178,0.007471,0.426755,0.011505,0.076247,0.260522,0.099190,0.007131
0.035983,0.034362,0.093502,0.035288,0.047316,0.045821,0.065502,0.203324,0.049489,0.389413
0.009660,0.027414,0.021276,0.260816,0.355681,0.014663,0.026649,0.012457,0.254574,0.016811
0.018625,0.421098,0.174671,0.007021,0.273547,0.006754,0.068196,0.008275,0.014520,0.007293
0.006112,0.422334,0.185522,0.008546,0.009567,0.008047,0.052162,0.036835,0.263390,0.007483
0.005302,0.028466,0.173991,0.006607,0.033771,0.018125,0.093803,0.412216,0.222820,0.004900
0.009534,0.013681,0.023644,0.010111,0.526319,0.014657,0.014326,0.216014,0.013180,0.158535
0.008494,0.011504,0.018585,0.010440,0.432763,0.012194,0.071708,0.037430,0.302012,0.094870
0.017632,0.006811,0.153618,0.019667,0.019670,0.011135,0.022052,0.501442,0.233222,0.014752
0.040696,0.017073,0.017224,0.061976,0.025277,0.016302,0.101174,0.214110,0.351102,0.155068
0.008886,0.010074,0.031545,0.013300,0.046400,0.062684,0.128082,0.266821,0.422706,0.009502
0.018970,0.126419,0.119939,0.022242,0.042044,0.027918,0.041731,0.020051,0.539906,0.040780
0.012168,0.011583,0.046494,0.013108,0.535560,0.017396,0.104803,0.011928,0.236323,0.010637
0.005362,0.377270,0.283203,0.004709,0.267565,0.028541,0.004366,0.008122,0.008948,0.011914
0.025770,0.006889,0.010195,0.007642,0.361680,0.009937,0.091963,0.158659,0.210771,0.116495
0.050169,0.085760,0.086982,0.013586,0.029403,0.031338,0.026148,0.288498,0.377070,0.011046
0.006433,0.364950,0.007625,0.020212,0.008228,0.006871,0.011754,0.348964,0.219284,0.005680
0.010197,0.059592,0.028296,0.009429,0.505670,0.014164,0.063326,0.012813,0.179412,0.117100
0.008581,0.524953,0.010989,0.020925,0.009190,0.010211,0.028970,0.167095,0.208463,0.010625
0.018552,0.091667,0.181458,0.021280,0.025258,0.020740,0.029984,0.017628,0.574211,0.019223
0.011698,0.088438,0.246601,0.361442,0.043367,0.019117,0.024752,0.012523,0.029863,0.162199
0.020094,0.005739,0.077687,0.007961,0.276449,0.009286,0.009318,0.411805,0.171860,0.009802
0.014065,0.004579,0.126034,0.006116,0.253718,0.028929,0.013417,0.373828,0.080018,0.099296
0.005886,0.337285,0.031756,0.007163,0.010675,0.006768,0.036122,0.335432,0.222172,0.006742
0.029012,0.028149,0.506787,0.032307,0.059414,0.043810,0.024017,0.154111,0.067932,0.054460
0.018872,0.279584,0.018828,0.161744,0.219810,0.021448,0.008103,0.004163,0.178987,0.088462
0.005241,0.377150,0.035581,0.017473,0.192814,0.006200,0.040388,0.022710,0.220475,0.081968
0.008589,0.008772,0.356959,0.010676,0.023474,0.014386,0.077867,0.009794,0.361399,0.128084
0.004488,0.006107,0.099439,0.005958,0.244002,0.034389,0.130432,0.347955,0.010830,0.116402
0.006282,0.404819,0.169250,0.008976,0.323757,0.007994,0.012810,0.043478,0.009756,0.012878
0.041011,0.009948,0.145772,0.011429,0.409792,0.017394,0.006153,0.054646,0.180608,0.123248
0.048409,0.702606,0.031568,0.009876,0.047606,0.066962,0.034364,0.019405,0.018524,0.020680
0.024978,0.007705,0.248039,0.018594,0.346716,0.051136,0.184816,0.097653,0.012894,0.007469
0.144518,0.348827,0.015681,0.005450,0.014317,0.027560,0.008621,0.413639,0.015877,0.005512
0.004368,0.281794,0.033091,0.104269,0.229474,0.005098,0.030986,0.272752,0.033835,0.004333
0.043758,0.008521,0.029155,0.026462,0.307815,0.044719,0.158552,0.139827,0.235532,0.005659
0.009165,0.583597,0.019415,0.013599,0.019450,0.052462,0.020497,0.059008,0.023686,0.199121
0.012819,0.012209,0.056986,0.012733,0.047853,0.042840,0.031908,0.012563,0.528695,0.241394
0.224524,0.027744,0.213354,0.018062,0.117846,0.073016,0.069703,0.201486,0.035682,0.018584
0.018688,0.029416,0.145464,0.010989,0.322155,0.012955,0.074989,0.013765,0.257205,0.114373
0.016809,0.020021,0.068328,0.017531,0.028190,0.015792,0.136966,0.098766,0.424262,0.173334
0.050026,0.010493,0.019239,0.019140,0.407205,0.019323,0.123263,0.043138,0.300792,0.007382
0.073238,0.009415,0.035574,0.009770,0.489836,0.016090,0.111087,0.213424,0.016133,0.025433
0.006767,0.007009,0.140117,0.007842,0.324210,0.011728,0.010654,0.476374,0.008858,0.006442
0.008395,0.038942,0.194428,0.010698,0.033736,0.017452,0.085992,0.244205,0.219920,0.146232
0.189466,0.010423,0.065132,0.030784,0.037096,0.055712,0.005938,0.565603,0.032887,0.006958
0.130776,0.013641,0.093465,0.515217,0.092192,0.046930,0.037464,0.035954,0.019269,0.015093
0.005887,0.382209,0.029149,0.005513,0.010275,0.007478,0.004962,0.373436,0.173348,0.007742
0.016884,0.015187,0.043612,0.014839,0.026873,0.019772,0.028848,0.245417,0.562685,0.025883
0.008645,0.006809,0.121461,0.007841,0.299854,0.041001,0.110093,0.197309,0.184119,0.022867
0.008618,0.008472,0.266218,0.011546,0.068096,0.053816,0.111698,0.079146,0.360875,0.031515
0.153452,0.030424,0.176154,0.005774,0.299247,0.036750,0.127853,0.137259,0.009827,0.023259
0.007132,0.443275,0.016843,0.005780,0.228866,0.006489,0.011630,0.007638,0.198082,0.074265
0.007291,0.007555,0.184613,0.008633,0.322571,0.007441,0.016822,0.152170,0.158377,0.134528
0.012889,0.830236,0.014009,0.040339,0.014225,0.022713,0.018287,0.015187,0.017485,0.014630
0.007723,0.011896,0.336152,0.007685,0.060616,0.058524,0.115869,0.008791,0.355903,0.036841
0.181418,0.006857,0.025040,0.012053,0.039541,0.041917,0.116922,0.255290,0.298842,0.022121
0.008993,0.008025,0.074398,0.008316,0.393177,0.015846,0.109173,0.017106,0.340860,0.024106
0.010276,0.011311,0.121026,0.029114,0.538742,0.078655,0.154693,0.011978,0.033665,0.010540
0.007536,0.012205,0.070445,0.018039,0.479193,0.056278,0.114320,0.211114,0.022785,0.008086
0.016063,0.011985,0.380248,0.016963,0.047023,0.041710,0.053845,0.159374,0.225417,0.047372
0.008778,0.010911,0.165318,0.011511,0.022101,0.008182,0.090538,0.284680,0.278378,0.119602
0.082944,0.086105,0.187250,0.014948,0.038806,0.022316,0.130912,0.018440,0.393663,0.024616
0.005712,0.388196,0.095862,0.008556,0.012817,0.011619,0.010461,0.403068,0.056186,0.007523
0.005127,0.385037,0.091212,0.151477,0.008318,0.007130,0.008843,0.129313,0.208340,0.005203
0.113530,0.005936,0.218222,0.040216,0.019122,0.014306,0.084866,0.414947,0.074941,0.013914
0.007751,0.010404,0.093845,0.010526,0.019013,0.017972,0.017909,0.521325,0.291732,0.009524
0.008935,0.563633,0.011989,0.011283,0.016137,0.008709,0.017691,0.260288,0.010665,0.090670
0.008707,0.009209,0.039629,0.007851,0.420101,0.031019,0.204703,0.227001,0.014890,0.036890
0.010062,0.009901,0.077962,0.008837,0.427696,0.075970,0.126870,0.027303,0.015505,0.219894
0.066547,0.008564,0.191059,0.059368,0.038739,0.025143,0.227263,0.009546,0.363267,0.010505
0.034779,0.498704,0.073048,0.024829,0.011871,0.009713,0.018118,0.193126,0.009927,0.125883
0.009013,0.030964,0.035657,0.010495,0.427581,0.013584,0.157431,0.009561,0.283730,0.021985
0.005904,0.007104,0.173181,0.004608,0.238478,0.018487,0.130987,0.192123,0.206947,0.022182
0.009878,0.665088,0.032620,0.009824,0.041081,0.059908,0.123753,0.009822,0.031161,0.016865
0.097743,0.438275,0.007692,0.006787,0.007738,0.008684,0.050564,0.111701,0.203742,0.067076
0.013758,0.015274,0.112985,0.088268,0.053583,0.021636,0.026361,0.459539,0.173381,0.035214
0.006423,0.008130,0.012410,0.161679,0.305925,0.009331,0.005865,0.407631,0.011662,0.070945
0.019535,0.007111,0.152169,0.009270,0.421270,0.018031,0.079664,0.014293,0.270158,0.008500
0.065310,0.006558,0.043902,0.010028,0.022285,0.050213,0.019982,0.499989,0.274372,0.007362
0.007521,0.010605,0.134195,0.006685,0.325265,0.045638,0.095295,0.181093,0.032038,0.161664
0.011256,0.011851,0.020359,0.014702,0.024824,0.013269,0.058914,0.707081,0.018801,0.118942
0.007791,0.041437,0.018131,0.006685,0.318684,0.015094,0.042884,0.454908,0.011797,0.082588
0.005691,0.403572,0.156487,0.160294,0.013560,0.005471,0.004847,0.180381,0.007326,0.062372
0.004033,0.286536,0.029216,0.003976,0.187643,0.028659,0.049953,0.105403,0.209319,0.095261
0.004792,0.294713,0.111328,0.004878,0.207624,0.005267,0.008432,0.144257,0.157697,0.061011
0.008850,0.008365,0.129634,0.007975,0.432121,0.011067,0.025346,0.041239,0.233280,0.102125
0.009173,0.590298,0.009994,0.011091,0.013243,0.010432,0.018909,0.163640,0.163340,0.009880
0.006355,0.440831,0.032758,0.005782,0.263364,0.012592,0.009864,0.037083,0.117125,0.074246
0.117455,0.455001,0.034186,0.029482,0.009856,0.007726,0.010457,0.039551,0.289255,0.007029
0.011128,0.072992,0.016882,0.301116,0.023228,0.014964,0.081858,0.015658,0.441590,0.020584
0.009709,0.558730,0.010211,0.010801,0.009941,0.009365,0.007610,0.251624,0.011014,0.120996
0.009534,0.072225,0.037117,0.014957,0.328469,0.023833,0.006020,0.218035,0.134414,0.155397
0.030160,0.009118,0.178782,0.011423,0.519586,0.061005,0.007762,0.118951,0.025121,0.038093
0.185565,0.074025,0.236647,0.007214,0.067964,0.025076,0.190125,0.007261,0.199610,0.006513
0.004854,0.004771,0.197111,0.006171,0.251326,0.010198,0.078369,0.356700,0.009421,0.081080
0.014615,0.014071,0.019598,0.030724,0.731006,0.032806,0.027098,0.086035,0.018583,0.025462
0.012083,0.017058,0.084732,0.012286,0.097331,0.095076,0.036548,0.310001,0.057320,0.277564
0.008130,0.439377,0.010342,0.006796,0.362292,0.012967,0.009726,0.130607,0.012684,0.007079
0.019123,0.043635,0.022976,0.017646,0.030152,0.024015,0.030653,0.516234,0.028205,0.267362
0.007183,0.007585,0.057375,0.008521,0.385028,0.007433,0.051949,0.229116,0.146110,0.099700
0.008001,0.561359,0.020760,0.012820,0.025240,0.021049,0.093789,0.014458,0.232356,0.010167
0.032968,0.464836,0.019892,0.007272,0.027318,0.037471,0.011967,0.275784,0.107962,0.014530
0.267300,0.023903,0.220987,0.017087,0.029082,0.025223,0.026823,0.022646,0.168155,0.198794
0.048729,0.784704,0.013498,0.011593,0.013088,0.013111,0.044717,0.041647,0.015287,0.013626
0.012615,0.543157,0.046449,0.009237,0.010097,0.009348,0.029217,0.022018,0.234860,0.083003
0.007176,0.506362,0.191322,0.006536,0.016330,0.011695,0.017829,0.008835,0.140623,0.093291
0.088624,0.020610,0.047179,0.077584,0.028436,0.037320,0.013714,0.256766,0.401692,0.028074
0.263264,0.013888,0.284655,0.011200,0.060812,0.058620,0.025512,0.025921,0.043264,0.212864
0.007210,0.498296,0.008740,0.008355,0.357609,0.007707,0.008726,0.027753,0.010043,0.065562
0.014300,0.013586,0.066398,0.013561,0.083540,0.104755,0.036596,0.034650,0.619897,0.012716
0.080509,0.007527,0.037519,0.033972,0.027845,0.050654,0.137835,0.603341,0.011880,0.008918
0.249067,0.039708,0.061029,0.052818,0.083447,0.058687,0.075322,0.218366,0.085973,0.075582
0.043269,0.335158,0.018510,0.005946,0.283475,0.027252,0.009042,0.038593,0.228847,0.009908
0.009922,0.573052,0.047994,0.009585,0.010846,0.011493,0.061874,0.026699,0.237071,0.011463
0.025296,0.380658,0.023633,0.010586,0.227940,0.028386,0.064481,0.213188,0.015590,0.010243
0.015151,0.014876,0.016697,0.017300,0.021449,0.014491,0.022715,0.387483,0.342809,0.147030
0.008736,0.548906,0.010464,0.008677,0.329442,0.009462,0.013197,0.047300,0.012482,0.011333
0.005574,0.361409,0.141604,0.008390,0.023731,0.029873,0.004643,0.139610,0.273863,0.011303
0.043108,0.468590,0.108039,0.008896,0.022015,0.008749,0.013801,0.150888,0.072542,0.103372
0.011498,0.015322,0.021069,0.010937,0.493681,0.025425,0.114543,0.280723,0.015721,0.011083
0.124189,0.036613,0.190562,0.164836,0.067095,0.039917,0.216821,0.029541,0.068507,0.061917
0.020560,0.025731,0.192497,0.021145,0.027296,0.024721,0.159712,0.020392,0.475524,0.032423
0.035625,0.344628,0.149816,0.005147,0.273247,0.012251,0.011166,0.042071,0.116529,0.009520
0.006827,0.409044,0.007872,0.006854,0.288043,0.006373,0.039370,0.007221,0.165036,0.063360
0.015908,0.602656,0.141801,0.010490,0.019934,0.011404,0.007212,0.008709,0.019424,0.162462
0.029633,0.091806,0.223633,0.009909,0.032293,0.017601,0.203045,0.010684,0.348618,0.032778
0.038967,0.011591,0.024592,0.024266,0.489840,0.025612,0.021102,0.328153,0.015352,0.020526
0.006682,0.347911,0.028094,0.007269,0.007159,0.006454,0.020781,0.348537,0.220384,0.006729
0.023475,0.012301,0.015305,0.013326,0.022324,0.017535,0.010996,0.737483,0.020364,0.126893
0.008493,0.009305,0.329688,0.011884,0.527723,0.017068,0.031814,0.019064,0.036264,0.008698
0.037659,0.036617,0.065137,0.062265,0.071646,0.072542,0.067298,0.178608,0.043572,0.364656
0.051369,0.125250,0.092460,0.058866,0.115502,0.071856,0.265601,0.054512,0.084162,0.080423
0.003300,0.227824,0.139718,0.132946,0.135232,0.016883,0.005261,0.126304,0.145840,0.066692
0.005479,0.045837,0.217342,0.006711,0.275618,0.011016,0.015132,0.410287,0.007407,0.005171
0.006331,0.373352,0.007644,0.146660,0.010834,0.008232,0.022005,0.408119,0.009073,0.007750
0.022405,0.008236,0.146490,0.314323,0.045747,0.060702,0.132618,0.020596,0.222273,0.026610
0.052468,0.732978,0.029866,0.015098,0.031531,0.069068,0.023598,0.016353,0.017553,0.011487
0.017143,0.008116,0.045863,0.008942,0.356559,0.010689,0.016473,0.175940,0.231320,0.128955
0.010857,0.691098,0.012764,0.011164,0.015943,0.012808,0.013079,0.031715,0.087836,0.112736
0.006950,0.022209,0.222847,0.005795,0.017712,0.005842,0.140450,0.418483,0.074144,0.085568
0.007542,0.450747,0.045230,0.008971,0.007992,0.007342,0.025308,0.430312,0.008254,0.008303
0.008389,0.033750,0.305562,0.008444,0.482844,0.024226,0.082266,0.017079,0.011865,0.025575
0.009378,0.589423,0.010121,0.226592,0.010646,0.010827,0.010900,0.027052,0.012429,0.092630
0.239935,0.560473,0.031199,0.012903,0.034016,0.051238,0.021610,0.012513,0.024057,0.012057
0.016022,0.015268,0.021693,0.018138,0.024953,0.023873,0.023122,0.021003,0.589624,0.246304
0.405913,0.025278,0.057644,0.051576,0.046343,0.030994,0.162298,0.128269,0.048738,0.042946
0.005236,0.039982,0.221668,0.147192,0.021311,0.029770,0.073208,0.316321,0.063792,0.081521
0.018001,0.293109,0.106745,0.006718,0.013694,0.010615,0.048829,0.391536,0.011264,0.099490
0.006401,0.005051,0.046980,0.006698,0.285207,0.015994,0.063393,0.414829,0.138634,0.016813
0.042710,0.044860,0.127487,0.053692,0.080239,0.103404,0.339562,0.045512,0.091702,0.070832
0.025444,0.080840,0.018334,0.066033,0.510614,0.018270,0.074818,0.017334,0.027011,0.161301
0.004981,0.374828,0.010300,0.006746,0.230449,0.007874,0.011837,0.098680,0.165640,0.088665
0.014797,0.049592,0.107941,0.040902,0.037358,0.024844,0.112628,0.361174,0.042349,0.208415
0.004464,0.286762,0.010448,0.005823,0.194463,0.023104,0.011791,0.336920,0.118572,0.007653
0.038756,0.325580,0.025682,0.004572,0.019709,0.029302,0.018480,0.401433,0.007643,0.128843
0.013362,0.017364,0.027266,0.025536,0.024496,0.014416,0.012813,0.824619,0.019172,0.020956
0.017524,0.017902,0.144503,0.116518,0.048394,0.044170,0.044052,0.154877,0.389986,0.022075
0.051703,0.007373,0.254631,0.046074,0.232436,0.039132,0.013972,0.126505,0.209289,0.018884
0.078838,0.013748,0.314566,0.013504,0.055537,0.033154,0.180299,0.030427,0.270343,0.009584
0.149010,0.352197,0.018068,0.004960,0.012432,0.027929,0.011116,0.039664,0.266010,0.118613
0.074311,0.640937,0.022893,0.012717,0.023475,0.057035,0.117393,0.013514,0.026261,0.011464
0.007530,0.459218,0.045881,0.007278,0.008454,0.008772,0.009415,0.436645,0.009423,0.007385
0.016264,0.010928,0.023446,0.227514,0.308970,0.018616,0.073954,0.180123,0.011463,0.128723
0.179512,0.006882,0.370541,0.249943,0.040094,0.022295,0.005645,0.089848,0.009981,0.025259
0.007249,0.380373,0.085889,0.007829,0.019204,0.013701,0.023108,0.209421,0.243087,0.010138
0.007009,0.522729,0.209909,0.007017,0.011623,0.014709,0.013266,0.135190,0.069093,0.009454
0.007192,0.010172,0.221693,0.016677,0.378908,0.024537,0.005917,0.024136,0.304232,0.006536
0.014161,0.012049,0.243390,0.014917,0.041193,0.033461,0.010082,0.022384,0.420920,0.187443
0.004855,0.352423,0.252314,0.005367,0.017184,0.027515,0.010770,0.201691,0.009057,0.118824
0.008695,0.044830,0.261018,0.007284,0.362724,0.054606,0.026778,0.029510,0.014388,0.190167
0.009950,0.014701,0.038830,0.042570,0.433893,0.060685,0.131881,0.024753,0.043092,0.199644
0.012020,0.013036,0.273722,0.012771,0.039462,0.020221,0.011332,0.328527,0.042436,0.246474
0.005532,0.005889,0.314369,0.052128,0.323147,0.035542,0.022210,0.211696,0.008901,0.020587
0.007732,0.018738,0.071366,0.006833,0.332077,0.010153,0.040302,0.437924,0.064244,0.010632
0.008364,0.078734,0.148204,0.007022,0.047773,0.049670,0.171814,0.100738,0.361211,0.026471
0.007597,0.006123,0.134731,0.007365,0.016573,0.011458,0.062851,0.486347,0.259417,0.007539
0.004731,0.004669,0.022557,0.173510,0.019878,0.029452,0.085142,0.424769,0.222353,0.012939
0.034837,0.282195,0.025319,0.030332,0.205390,0.010393,0.008134,0.337063,0.062354,0.003983
0.006733,0.447604,0.039852,0.008706,0.014181,0.008407,0.021999,0.150408,0.290833,0.011278
0.013143,0.010950,0.015337,0.301375,0.022251,0.017134,0.025551,0.257399,0.325658,0.011202
0.020697,0.016842,0.141756,0.021978,0.045372,0.026155,0.050951,0.425868,0.207837,0.042545
0.012148,0.016341,0.123137,0.014878,0.030258,0.015574,0.016257,0.188524,0.447783,0.135099
0.013627,0.016730,0.022166,0.012289,0.020517,0.021349,0.019603,0.736139,0.015684,0.121896
0.006007,0.005888,0.023425,0.005253,0.270914,0.046425,0.101088,0.147192,0.261418,0.132389
0.004062,0.023222,0.022719,0.004747,0.263021,0.029446,0.080568,0.357882,0.196875,0.017458
0.170020,0.084406,0.459223,0.034817,0.053298,0.028559,0.040820,0.039469,0.036033,0.053356
0.007870,0.036249,0.442261,0.009598,0.026273,0.024667,0.140553,0.103579,0.035759,0.173191
0.010237,0.010393,0.382564,0.012984,0.502304,0.010203,0.008986,0.019088,0.031382,0.011859
0.008391,0.008027,0.125025,0.227775,0.468929,0.011649,0.067111,0.054933,0.014769,0.013392
0.054877,0.017792,0.038498,0.018893,0.028757,0.025251,0.015461,0.344885,0.439116,0.016470
0.020370,0.057449,0.023949,0.009429,0.466724,0.023233,0.023411,0.010242,0.356014,0.009180
0.011141,0.009296,0.097850,0.011317,0.015887,0.012459,0.017899,0.627314,0.180911,0.015927
0.011823,0.011486,0.019793,0.013844,0.497766,0.025158,0.091379,0.286505,0.015999,0.026247
0.007197,0.007440,0.280405,0.009370,0.349881,0.013562,0.006332,0.007681,0.294034,0.024097
0.056574,0.082390,0.055937,0.007401,0.047811,0.063690,0.020577,0.261699,0.375569,0.028353
0.003901,0.003976,0.225177,0.158472,0.223699,0.013721,0.003349,0.149314,0.113829,0.104563
0.011950,0.054563,0.073001,0.012562,0.068557,0.073893,0.157865,0.451764,0.055087,0.040758
0.006948,0.508170,0.035656,0.006927,0.018030,0.014500,0.040256,0.134844,0.225465,0.009203
0.058798,0.468175,0.067512,0.007352,0.019238,0.017773,0.005260,0.006411,0.175901,0.173580
0.014794,0.604675,0.012422,0.026490,0.016563,0.011305,0.008714,0.206453,0.012805,0.085779
0.006562,0.006639,0.067466,0.015482,0.306006,0.044905,0.022099,0.250231,0.274409,0.006200
0.009402,0.416383,0.158397,0.007721,0.009473,0.011136,0.055731,0.025114,0.201217,0.105426
0.012533,0.011810,0.016344,0.058019,0.020003,0.011967,0.066022,0.250008,0.415355,0.137938
0.005609,0.330048,0.006903,0.006096,0.257278,0.005420,0.007170,0.333759,0.041610,0.006108
0.011241,0.634761,0.016046,0.260392,0.011333,0.010436,0.021044,0.011776,0.011830,0.011142
0.006206,0.066103,0.146688,0.053689,0.343701,0.011921,0.078001,0.007045,0.262629,0.024018
0.034908,0.022048,0.049039,0.016944,0.030695,0.025772,0.136422,0.379628,0.035987,0.268557
0.138054,0.551553,0.018541,0.011928,0.013571,0.010440,0.047239,0.035109,0.162920,0.010644
0.027885,0.029436,0.196364,0.038060,0.169784,0.215610,0.023518,0.069506,0.129939,0.099898
0.010135,0.564104,0.012982,0.010969,0.009815,0.009020,0.053447,0.250244,0.069161,0.010123
0.013520,0.010940,0.239605,0.013543,0.033986,0.026728,0.009965,0.019487,0.461120,0.171106
0.004405,0.006864,0.018018,0.009342,0.281121,0.015808,0.063556,0.386432,0.208860,0.005594
0.081505,0.095362,0.105454,0.074044,0.147425,0.100358,0.145893,0.080609,0.096086,0.073264
0.017720,0.019245,0.083953,0.017803,0.059801,0.100643,0.048080,0.030635,0.582772,0.039348
0.056160,0.010255,0.213042,0.033881,0.511118,0.029040,0.102083,0.019674,0.014769,0.009976
0.008850,0.074013,0.171250,0.012888,0.035312,0.020552,0.058292,0.303516,0.307510,0.007817
0.042763,0.045073,0.087295,0.198009,0.276992,0.007578,0.014590,0.036048,0.279325,0.012327
0.006168,0.021367,0.105610,0.004731,0.290188,0.004992,0.162509,0.182960,0.208080,0.013395
0.008462,0.542872,0.016106,0.010466,0.016985,0.011137,0.008166,0.029160,0.347749,0.008897
0.008137,0.036076,0.223993,0.008919,0.027961,0.057614,0.190043,0.277510,0.141931,0.027815
0.005412,0.347478,0.084670,0.007388,0.014437,0.005369,0.063820,0.380271,0.010464,0.080690
0.203835,0.040348,0.071222,0.013327,0.039761,0.013602,0.105097,0.014219,0.483074,0.015514
0.017130,0.362140,0.159914,0.005413,0.011282,0.005528,0.011983,0.412986,0.008072,0.005554
0.008349,0.087035,0.039625,0.008426,0.049652,0.054835,0.147397,0.225838,0.369111,0.009733
0.105212,0.041905,0.042688,0.005628,0.272586,0.008442,0.012728,0.412731,0.014718,0.083363
0.008302,0.396058,0.148400,0.164323,0.008838,0.006024,0.007544,0.184291,0.007893,0.068328
0.007853,0.009277,0.205831,0.251529,0.038271,0.022551,0.171778,0.006656,0.261118,0.025134
0.103761,0.491422,0.053145,0.009832,0.009948,0.008035,0.009781,0.116330,0.126673,0.071073
0.010302,0.009329,0.023718,0.011118,0.444175,0.014285,0.112399,0.224720,0.022761,0.127192
0.056937,0.008546,0.142932,0.009594,0.449512,0.048734,0.065342,0.019248,0.035419,0.163736
0.023187,0.852618,0.013623,0.011735,0.014475,0.012248,0.027009,0.014787,0.015024,0.015295
0.013348,0.006014,0.032234,0.008066,0.305474,0.009820,0.005376,0.386473,0.161074,0.072120
0.013163,0.013860,0.025176,0.013564,0.016414,0.018750,0.023023,0.751045,0.109426,0.015579
0.045725,0.024145,0.090442,0.007037,0.328728,0.015561,0.040316,0.420575,0.010723,0.016748
0.054076,0.027487,0.219918,0.006094,0.348908,0.011863,0.089069,0.212869,0.008654,0.021064
0.012685,0.051146,0.242645,0.011116,0.043797,0.032342,0.313684,0.258501,0.023702,0.010381
0.005443,0.007527,0.164622,0.026269,0.284651,0.041637,0.072075,0.158749,0.218714,0.020313
0.009669,0.328174,0.015304,0.012262,0.246896,0.024961,0.011675,0.138008,0.207718,0.005332
0.012778,0.432470,0.037182,0.009487,0.022691,0.040982,0.014881,0.009377,0.285387,0.134765
0.008911,0.578848,0.010092,0.010312,0.009708,0.010907,0.049563,0.028878,0.219136,0.073644
0.021669,0.314599,0.194474,0.004593,0.020502,0.011549,0.009579,0.350953,0.067544,0.004538
0.011961,0.011466,0.232330,0.067873,0.029570,0.024913,0.009755,0.089541,0.364942,0.157649
0.038008,0.045439,0.061392,0.065008,0.052943,0.045832,0.068483,0.188078,0.051729,0.383088
0.180070,0.015074,0.061060,0.060396,0.022644,0.018116,0.010045,0.246948,0.207437,0.178211
0.007943,0.047055,0.047766,0.019966,0.437885,0.030499,0.025792,0.088591,0.258982,0.035520
0.008778,0.007583,0.032728,0.072220,0.418869,0.026023,0.184663,0.228247,0.012243,0.008646
0.231981,0.012395,0.491457,0.010466,0.052466,0.053156,0.062523,0.020486,0.037474,0.027597
0.017824,0.016654,0.133450,0.021015,0.045379,0.029878,0.053486,0.370645,0.054940,0.256729
0.004516,0.367098,0.053004,0.004454,0.274669,0.028502,0.038809,0.005037,0.210607,0.013303
0.056982,0.422904,0.022407,0.006602,0.334934,0.016981,0.105073,0.006644,0.020918,0.006555
0.006433,0.007111,0.410117,0.026982,0.041555,0.054436,0.126087,0.273629,0.030979,0.022670
0.028367,0.432303,0.038348,0.008523,0.007714,0.006915,0.043355,0.418026,0.007965,0.008484
0.034465,0.041069,0.257403,0.033259,0.036199,0.041694,0.027508,0.162666,0.043580,0.322157
0.053562,0.025712,0.026497,0.010512,0.485916,0.009356,0.059127,0.202267,0.013196,0.113855
0.007105,0.506548,0.039200,0.006367,0.352653,0.038866,0.019164,0.011184,0.010886,0.008027
0.004804,0.318798,0.067706,0.006785,0.235361,0.007296,0.007080,0.338277,0.007369,0.006524
0.127219,0.008808,0.085431,0.008990,0.013004,0.012556,0.062717,0.248895,0.340427,0.091953
0.059067,0.019524,0.208412,0.091674,0.036703,0.024164,0.148853,0.346166,0.034200,0.031236
0.006452,0.445256,0.008802,0.006286,0.355177,0.006937,0.014099,0.135129,0.013311,0.008551
0.210884,0.012159,0.033479,0.017262,0.561269,0.017780,0.107225,0.012693,0.015825,0.011424
0.020832,0.025983,0.212847,0.027508,0.031510,0.047105,0.038488,0.533967,0.026092,0.035667
0.006612,0.058503,0.061014,0.008323,0.378974,0.006732,0.070606,0.156553,0.235030,0.017652
0.006403,0.042728,0.014960,0.035259,0.280815,0.012966,0.053726,0.409138,0.130721,0.013285
0.008578,0.030436,0.078991,0.008893,0.422490,0.013300,0.020882,0.015324,0.280741,0.120365
0.020575,0.073778,0.066912,0.064496,0.032224,0.055978,0.019335,0.624656,0.015769,0.026278
0.065597,0.010261,0.032919,0.013513,0.046853,0.063271,0.198599,0.096673,0.439348,0.032966
0.019900,0.029665,0.064455,0.010186,0.460455,0.018878,0.094985,0.014930,0.278880,0.007666
0.007449,0.484832,0.012880,0.007390,0.010209,0.007612,0.049351,0.122805,0.288132,0.009340
0.069383,0.073361,0.153412,0.017322,0.019633,0.028678,0.026276,0.077691,0.515771,0.018473
0.010854,0.048375,0.102753,0.010995,0.625646,0.020411,0.111053,0.011581,0.022264,0.036067
0.005594,0.368332,0.006646,0.005218,0.211694,0.005383,0.011730,0.371044,0.008205,0.006154
0.011509,0.013331,0.051443,0.015884,0.107787,0.085758,0.340787,0.013110,0.020107,0.340284
0.005906,0.007805,0.053794,0.026405,0.252455,0.013447,0.012638,0.386803,0.155213,0.085533
0.006590,0.440030,0.179738,0.185740,0.010681,0.008359,0.010342,0.028552,0.122907,0.007061
0.006119,0.005714,0.049015,0.039222,0.260134,0.014695,0.015118,0.415104,0.189637,0.005242
0.023284,0.303270,0.022006,0.004427,0.221850,0.011398,0.023186,0.168335,0.217860,0.004386
0.006924,0.058670,0.259990,0.022357,0.032840,0.018457,0.004618,0.477118,0.008088,0.110937
0.006187,0.006448,0.126177,0.007765,0.292105,0.009957,0.093007,0.201822,0.243512,0.013019
0.009683,0.590186,0.108987,0.010818,0.021091,0.012245,0.018706,0.036201,0.179893,0.012189
0.030221,0.011371,0.088303,0.013453,0.519641,0.021933,0.055525,0.011783,0.096934,0.150837
0.198998,0.464641,0.017568,0.046153,0.028665,0.041498,0.014784,0.007180,0.020630,0.159883
0.006754,0.008020,0.278252,0.009877,0.437229,0.052684,0.006544,0.023230,0.022518,0.154891
0.101855,0.014146,0.070200,0.011752,0.057391,0.062946,0.040961,0.246613,0.174979,0.219159
0.008636,0.011668,0.351404,0.236369,0.017982,0.022370,0.018927,0.009298,0.315058,0.008288
0.009387,0.008416,0.012639,0.011843,0.416885,0.016866,0.087645,0.045727,0.277303,0.113291
0.007421,0.011003,0.166485,0.010842,0.440122,0.010372,0.031829,0.196463,0.019023,0.106440
0.181045,0.068089,0.015610,0.053751,0.016041,0.015308,0.021788,0.015534,0.474155,0.138678
0.025573,0.150577,0.075705,0.029259,0.040764,0.034239,0.196213,0.027084,0.035795,0.384791
0.015811,0.026081,0.071294,0.017974,0.114150,0.060768,0.049894,0.482529,0.091955,0.069544
0.006571,0.052606,0.244214,0.045337,0.374229,0.006570,0.016159,0.226308,0.011382,0.016623
0.015752,0.007539,0.099824,0.009283,0.285260,0.033873,0.115929,0.064759,0.223929,0.143853
0.119171,0.310511,0.026165,0.005742,0.180720,0.011165,0.022733,0.044815,0.186301,0.092677
0.003743,0.022388,0.125316,0.005856,0.234616,0.027755,0.056352,0.352627,0.076919,0.094429
0.041329,0.016897,0.601348,0.019700,0.049651,0.025345,0.147592,0.029587,0.049598,0.018953
0.007381,0.519007,0.020674,0.007235,0.024377,0.047375,0.016476,0.007496,0.342392,0.007584
0.011116,0.437512,0.018504,0.046394,0.027811,0.034080,0.110490,0.011469,0.295809,0.006815
0.004776,0.305366,0.008906,0.017064,0.208595,0.005375,0.038477,0.320037,0.085862,0.005543
0.048771,0.728533,0.016454,0.012873,0.014778,0.019253,0.014061,0.014381,0.015554,0.115343
0.006947,0.448556,0.011415,0.008150,0.007749,0.007078,0.011896,0.422556,0.009310,0.066342
0.037858,0.024669,0.214971,0.087650,0.031451,0.024621,0.016684,0.083553,0.449194,0.029348
0.009601,0.407049,0.009992,0.006644,0.008462,0.008668,0.039555,0.415310,0.008689,0.086029
0.004433,0.296903,0.010913,0.170192,0.017719,0.022239,0.009431,0.167973,0.202963,0.097234
0.009014,0.008018,0.073056,0.008343,0.029130,0.021774,0.234853,0.191012,0.289776,0.135024
0.008240,0.602228,0.055481,0.008282,0.021179,0.012994,0.019278,0.052861,0.203211,0.016246
0.161430,0.011402,0.023497,0.049296,0.529699,0.020653,0.020181,0.062280,0.102192,0.019369
0.042777,0.020954,0.029438,0.020321,0.033122,0.031923,0.018863,0.093031,0.479881,0.229690
0.010776,0.009743,0.114248,0.010729,0.014789,0.011928,0.029024,0.602880,0.089065,0.106817
0.244762,0.012841,0.071113,0.013692,0.051732,0.031021,0.023283,0.352315,0.013644,0.185598
0.176173,0.010886,0.015029,0.014163,0.583171,0.010430,0.019870,0.014073,0.020244,0.135962
0.009083,0.484469,0.060794,0.010874,0.303873,0.038383,0.055602,0.006770,0.011992,0.018160
0.004487,0.052038,0.021248,0.016891,0.028900,0.015802,0.088781,0.442503,0.228557,0.100793
0.012402,0.582086,0.010257,0.217571,0.010266,0.009831,0.035783,0.026757,0.012200,0.082846
0.030735,0.031264,0.040169,0.029805,0.050676,0.038456,0.246405,0.174808,0.038634,0.319047
0.006157,0.434386,0.008278,0.006012,0.316174,0.007589,0.008331,0.028640,0.176613,0.007819
0.019073,0.019805,0.029539,0.018738,0.042213,0.040429,0.050197,0.027866,0.733919,0.018221
0.007655,0.008267,0.065717,0.008038,0.010595,0.010985,0.014975,0.479902,0.290954,0.102912
0.010368,0.620787,0.059810,0.027140,0.016943,0.012253,0.012132,0.215548,0.012232,0.012787
0.009159,0.008782,0.064224,0.008166,0.020104,0.019482,0.024541,0.574328,0.251332,0.019883
0.008026,0.059743,0.306678,0.007201,0.034842,0.045889,0.139316,0.013162,0.262580,0.122565
0.016101,0.005750,0.126565,0.005607,0.346398,0.009556,0.015747,0.445855,0.022811,0.005610
0.122736,0.049203,0.248268,0.041256,0.017360,0.017800,0.140676,0.010662,0.257475,0.094564
0.005507,0.379891,0.023311,0.014270,0.227249,0.035015,0.004522,0.057113,0.144830,0.108292
0.017907,0.021594,0.184462,0.020592,0.023566,0.033001,0.133002,0.358403,0.022909,0.184564
0.016565,0.095001,0.022327,0.014757,0.032184,0.023993,0.145323,0.345082,0.290082,0.014687
0.083979,0.033243,0.013755,0.005328,0.286121,0.011189,0.011154,0.348104,0.196870,0.010257
0.011115,0.013316,0.023006,0.012773,0.465567,0.020527,0.024825,0.014032,0.396010,0.018829
0.005322,0.370189,0.087578,0.011432,0.022807,0.029615,0.012214,0.434474,0.017136,0.009233
0.048690,0.011195,0.131301,0.009295,0.307659,0.011016,0.022674,0.055988,0.304945,0.097236
0.008518,0.008684,0.130579,0.011347,0.322349,0.011109,0.078520,0.010752,0.313506,0.104637
0.006350,0.438636,0.303255,0.008269,0.018423,0.032962,0.011039,0.008901,0.165646,0.006518
0.027251,0.275378,0.071287,0.005308,0.225936,0.005971,0.009322,0.326548,0.045877,0.007122
0.069039,0.071886,0.097917,0.067646,0.133729,0.137328,0.135746,0.087797,0.132263,0.066649
0.112706,0.378290,0.036987,0.005612,0.309484,0.008784,0.010912,0.006094,0.125576,0.005554
0.014238,0.006417,0.081074,0.006331,0.281489,0.013625,0.055745,0.412382,0.117282,0.011417
0.019959,0.024761,0.156966,0.019980,0.036707,0.018834,0.035030,0.344524,0.156546,0.186693
0.012482,0.031259,0.127166,0.011378,0.410184,0.011669,0.010566,0.237636,0.015190,0.132470
0.006124,0.009568,0.207456,0.063928,0.302531,0.022618,0.175005,0.018129,0.033152,0.161490
0.015882,0.017241,0.131037,0.016303,0.023369,0.022464,0.125064,0.456946,0.027196,0.164499
0.016275,0.010166,0.019066,0.009971,0.330381,0.010374,0.019742,0.495110,0.074935,0.013978
0.026624,0.010097,0.017182,0.223599,0.413079,0.017134,0.061494,0.126768,0.010252,0.093770
0.067232,0.008075,0.079988,0.011401,0.378540,0.028002,0.138012,0.078016,0.021446,0.189290
0.027501,0.022913,0.011452,0.237748,0.320189,0.012283,0.018785,0.010704,0.242706,0.095718
0.127032,0.010847,0.023456,0.009652,0.012037,0.012710,0.029264,0.544982,0.216948,0.013072
0.033741,0.517664,0.053087,0.010935,0.009607,0.009398,0.010470,0.028159,0.316074,0.010865
0.049765,0.016869,0.379829,0.030885,0.090575,0.128894,0.211787,0.050285,0.025395,0.015716
0.008744,0.048090,0.088325,0.007961,0.036175,0.073132,0.028780,0.334690,0.363915,0.010187
0.011291,0.011539,0.154625,0.014342,0.661064,0.022354,0.010608,0.079229,0.021022,0.013924
0.008055,0.485510,0.009341,0.199868,0.011306,0.009819,0.009952,0.024357,0.233466,0.008327
0.006661,0.006215,0.365714,0.009499,0.044274,0.047612,0.147707,0.077831,0.274712,0.019774
0.004967,0.006632,0.149247,0.005572,0.021871,0.029332,0.061577,0.402720,0.212962,0.105122
0.022724,0.022053,0.039160,0.027439,0.028523,0.029683,0.036741,0.026744,0.536581,0.230352
0.034995,0.554563,0.042050,0.010276,0.015521,0.010839,0.060383,0.250489,0.010629,0.010255
0.004457,0.004426,0.253434,0.019118,0.212912,0.028309,0.014003,0.335022,0.123342,0.004976
0.011443,0.016647,0.029466,0.014041,0.564398,0.016246,0.024372,0.282140,0.029535,0.011714
0.010068,0.030341,0.342543,0.011032,0.021659,0.009473,0.073980,0.315606,0.014015,0.171283
0.004897,0.005134,0.280476,0.020250,0.290929,0.016020,0.086968,0.065546,0.211592,0.018187
0.021652,0.138470,0.131499,0.024483,0.044142,0.056787,0.048787,0.460559,0.031635,0.041986
0.029964,0.086124,0.103069,0.013840,0.044418,0.033031,0.203689,0.020374,0.454206,0.011284
0.005437,0.006064,0.026943,0.238705,0.343088,0.021217,0.005112,0.059744,0.268586,0.025103
0.021696,0.136393,0.305065,0.019960,0.047719,0.052638,0.030959,0.117465,0.224527,0.043578
0.004880,0.330368,0.034982,0.005032,0.181910,0.005616,0.004721,0.349891,0.007287,0.075312
0.013353,0.103964,0.113618,0.014239,0.037729,0.014520,0.035266,0.446356,0.022593,0.198361
0.021002,0.009515,0.026153,0.010569,0.425922,0.020044,0.152844,0.051742,0.271543,0.010666
0.037877,0.285420,0.018945,0.177763,0.237146,0.011336,0.010461,0.006532,0.204513,0.010006
0.032452,0.023066,0.041700,0.017125,0.036192,0.024597,0.035093,0.018626,0.608364,0.162785
0.020326,0.010402,0.106928,0.014109,0.019618,0.019620,0.009931,0.686690,0.096915,0.015461
0.010513,0.695367,0.012053,0.011551,0.022131,0.013234,0.023588,0.011133,0.187108,0.013321
0.011937,0.013779,0.056164,0.012239,0.023597,0.017783,0.022861,0.700958,0.015398,0.125285
0.009604,0.072670,0.228031,0.006472,0.037693,0.045997,0.028816,0.092672,0.331918,0.146127
0.015093,0.014265,0.019025,0.013772,0.020965,0.021229,0.121869,0.065130,0.501611,0.207040
0.005100,0.327241,0.016203,0.005846,0.258014,0.012891,0.081115,0.053755,0.137954,0.101882
0.016358,0.079421,0.029351,0.374245,0.026890,0.032201,0.013863,0.018997,0.251251,0.157424
0.007862,0.580073,0.058290,0.007892,0.041802,0.022740,0.020506,0.239697,0.012131,0.009007
0.018589,0.010314,0.011978,0.011313,0.017792,0.010477,0.074271,0.603361,0.227929,0.013976
0.006723,0.472173,0.171011,0.010274,0.022334,0.036307,0.015050,0.073579,0.185826,0.006723
0.016133,0.348395,0.150124,0.027445,0.282177,0.005647,0.008609,0.037090,0.115924,0.008457
0.004914,0.382402,0.016943,0.008357,0.286514,0.033861,0.011291,0.007905,0.236192,0.011621
0.006797,0.006871,0.153899,0.006701,0.360049,0.021776,0.146928,0.015110,0.258697,0.023173
0.033992,0.045253,0.070985,0.035905,0.058127,0.080060,0.260860,0.044239,0.336015,0.034564
0.003808,0.259969,0.168396,0.003409,0.169363,0.024054,0.063336,0.294234,0.006338,0.007093
0.114283,0.514534,0.014142,0.009481,0.009101,0.014334,0.010833,0.008092,0.296088,0.009110
0.222146,0.035586,0.032570,0.018512,0.020409,0.016686,0.024734,0.435220,0.024579,0.169559
0.022444,0.011152,0.036925,0.068096,0.037344,0.049739,0.099084,0.656802,0.011200,0.007215
0.005321,0.007488,0.158864,0.008668,0.023403,0.038899,0.069058,0.457490,0.088245,0.142563
0.007295,0.453467,0.008487,0.009666,0.008439,0.007870,0.008700,0.152203,0.274468,0.069404
0.008304,0.006195,0.061419,0.006513,0.300450,0.041384,0.125502,0.061376,0.262418,0.126440
0.120888,0.016989,0.220723,0.011901,0.077981,0.038614,0.151644,0.030151,0.319809,0.011299
0.153959,0.482801,0.203300,0.008368,0.020237,0.008484,0.015973,0.010275,0.084721,0.011882
0.009280,0.335263,0.005981,0.006257,0.264343,0.005862,0.006693,0.158810,0.200621,0.006890
0.017398,0.009039,0.011246,0.011407,0.016768,0.011075,0.022019,0.559854,0.328161,0.013032
0.037159,0.009474,0.337988,0.012893,0.020824,0.019765,0.059920,0.071099,0.300460,0.130418
0.015029,0.111063,0.111691,0.019051,0.039543,0.022459,0.045429,0.100220,0.523700,0.011817
0.034600,0.281951,0.011558,0.005773,0.012694,0.022202,0.074705,0.323279,0.226343,0.006895
0.010286,0.424615,0.073019,0.006876,0.253078,0.006298,0.012875,0.107636,0.007736,0.097580
0.004954,0.321368,0.056427,0.004851,0.261825,0.005056,0.010696,0.322363,0.006209,0.006252
0.008954,0.009408,0.012314,0.010155,0.455011,0.020930,0.019876,0.011280,0.343907,0.108164
0.007255,0.368308,0.084770,0.004919,0.015650,0.013232,0.011788,0.473399,0.014959,0.005721
0.012463,0.832926,0.016397,0.013940,0.014083,0.012037,0.054857,0.014519,0.016631,0.012147
0.009233,0.061171,0.033297,0.008432,0.359661,0.014795,0.077241,0.167860,0.258235,0.010075
0.008629,0.009481,0.035740,0.009490,0.057778,0.031349,0.038161,0.362048,0.415308,0.032019
0.008638,0.297120,0.107844,0.161009,0.015828,0.011120,0.003436,0.324047,0.066894,0.004065
0.005352,0.377229,0.028406,0.006054,0.008426,0.009457,0.004476,0.346350,0.209327,0.004924
0.242301,0.020864,0.029250,0.014794,0.028662,0.018966,0.144153,0.280953,0.031091,0.188966
0.006024,0.010033,0.054723,0.032791,0.365336,0.052277,0.087451,0.256530,0.128142,0.006693
0.008044,0.022769,0.121428,0.008587,0.343938,0.012029,0.018965,0.170119,0.279798,0.014323
0.004693,0.007291,0.165205,0.010377,0.286524,0.017488,0.120535,0.064272,0.211797,0.111818
0.005630,0.396040,0.007993,0.145928,0.188947,0.006120,0.007551,0.018963,0.216366,0.006462
0.012614,0.494961,0.009061,0.009499,0.011192,0.014678,0.015705,0.183877,0.238920,0.009492
0.050373,0.004844,0.219917,0.005873,0.027744,0.030746,0.062773,0.369890,0.210180,0.017659
0.008114,0.011411,0.239701,0.014061,0.347745,0.060877,0.021455,0.095620,0.036400,0.164615
0.006053,0.310729,0.017599,0.004549,0.018444,0.024354,0.055816,0.344707,0.212268,0.005482
0.047197,0.018810,0.707189,0.023449,0.052737,0.018723,0.053917,0.035188,0.025112,0.017679
0.015330,0.007258,0.032056,0.194324,0.023920,0.041385,0.004373,0.451508,0.224929,0.004917
0.125530,0.007856,0.130535,0.008833,0.352790,0.011000,0.020055,0.041233,0.288412,0.013757
0.012287,0.015651,0.021958,0.014929,0.568858,0.016126,0.019803,0.014857,0.189205,0.126327
0.004779,0.310285,0.018128,0.006964,0.018442,0.028960,0.007603,0.370226,0.132325,0.102289
0.005721,0.381941,0.048584,0.006917,0.203717,0.005769,0.040473,0.020012,0.221445,0.065421
0.068873,0.012322,0.264279,0.009157,0.083451,0.066957,0.034550,0.257664,0.013767,0.188979
0.023168,0.066931,0.135598,0.011868,0.029152,0.026946,0.017945,0.192246,0.322304,0.173842
0.010446,0.376520,0.008387,0.153001,0.009228,0.006298,0.005110,0.174719,0.171771,0.084520
0.005190,0.361585,0.015893,0.006602,0.022429,0.013529,0.057224,0.490723,0.017198,0.009627
0.104071,0.253031,0.173865,0.006786,0.014221,0.022551,0.041315,0.294767,0.005893,0.083500
0.025534,0.016029,0.147143,0.012517,0.514404,0.013038,0.024168,0.015780,0.208671,0.022715
0.009691,0.010454,0.023470,0.013834,0.393653,0.013859,0.068154,0.069664,0.377583,0.019636
0.010950,0.628385,0.018730,0.012541,0.022818,0.011602,0.074525,0.193657,0.014641,0.012149
0.008039,0.578768,0.020306,0.010686,0.013188,0.009200,0.017828,0.157912,0.079276,0.104796
0.213539,0.016349,0.025051,0.018973,0.018314,0.031482,0.025072,0.077709,0.366382,0.207128
0.060125,0.041992,0.064824,0.031120,0.045343,0.038537,0.056249,0.572773,0.042980,0.046057
0.005547,0.024527,0.222252,0.021483,0.346182,0.011020,0.063268,0.158232,0.141835,0.005654
0.007018,0.006902,0.050590,0.009268,0.376079,0.024361,0.017809,0.251922,0.121441,0.134610
0.006541,0.006231,0.125235,0.038669,0.344506,0.008702,0.013852,0.157031,0.209448,0.089785
0.011080,0.653670,0.016990,0.011983,0.012435,0.011932,0.010065,0.153620,0.012860,0.105364
0.020012,0.303073,0.012065,0.009504,0.191888,0.023063,0.048882,0.380143,0.006732,0.004637
0.007596,0.009860,0.142782,0.251976,0.344151,0.010230,0.077061,0.012240,0.024725,0.119380
0.124760,0.011948,0.062919,0.010769,0.085267,0.042427,0.033971,0.114062,0.499918,0.013960
0.155911,0.026811,0.064605,0.060031,0.046433,0.042130,0.115239,0.172861,0.268050,0.047930
0.007118,0.007009,0.042231,0.010753,0.032596,0.044151,0.126651,0.560850,0.014565,0.154075
0.108336,0.005166,0.194438,0.005293,0.261212,0.005270,0.148761,0.185887,0.071281,0.014357
0.009478,0.011777,0.067778,0.025425,0.391622,0.012471,0.020042,0.286024,0.012072,0.163311
0.207649,0.019485,0.094609,0.037149,0.070007,0.153269,0.059886,0.255427,0.030534,0.071985
0.101101,0.379768,0.028942,0.005746,0.008124,0.009866,0.033542,0.117916,0.240595,0.074399
0.007657,0.012535,0.496290,0.077847,0.043565,0.053933,0.238389,0.023112,0.038612,0.008060
0.010295,0.009936,0.218926,0.015858,0.030285,0.016626,0.036890,0.258464,0.392945,0.009775
0.015677,0.015363,0.533307,0.093355,0.059991,0.014710,0.170272,0.024345,0.040994,0.031986
0.175189,0.076149,0.185867,0.060217,0.025429,0.015374,0.116218,0.215770,0.110052,0.019735
0.010806,0.008607,0.027474,0.010049,0.047108,0.051676,0.147437,0.227815,0.244268,0.224762
0.010220,0.009910,0.063322,0.010950,0.509480,0.015185,0.020402,0.068054,0.281517,0.010959
0.005362,0.339259,0.149026,0.021380,0.013084,0.006688,0.004793,0.387875,0.007480,0.065052
0.012638,0.280211,0.064897,0.005077,0.218882,0.004172,0.050296,0.293873,0.006030,0.063924
0.127338,0.134454,0.059172,0.042247,0.058717,0.051544,0.040443,0.408505,0.044621,0.032960
0.009012,0.009203,0.015324,0.012644,0.473052,0.009333,0.055391,0.053328,0.354063,0.008651
0.009359,0.034487,0.357487,0.061248,0.029150,0.014637,0.104304,0.235220,0.012723,0.141386
0.072700,0.081228,0.199705,0.061883,0.117766,0.094177,0.099948,0.083269,0.129349,0.059974
0.006401,0.384409,0.007201,0.017500,0.010453,0.006540,0.040173,0.367235,0.153793,0.006294
0.076668,0.269745,0.068067,0.005607,0.008521,0.005447,0.036237,0.318574,0.152122,0.059013
0.006382,0.006767,0.046247,0.011519,0.360512,0.049984,0.086307,0.245697,0.180245,0.006340
0.007175,0.489891,0.009418,0.006822,0.242956,0.012151,0.009241,0.153417,0.060176,0.008753
0.104157,0.020183,0.100873,0.035273,0.279572,0.004799,0.036245,0.132435,0.182155,0.104308
0.026345,0.004718,0.230586,0.007781,0.026231,0.029260,0.010834,0.423597,0.140419,0.100229
0.010814,0.010235,0.374887,0.009925,0.025391,0.022012,0.021978,0.059095,0.328657,0.137004
0.025278,0.383432,0.024115,0.006422,0.019428,0.035135,0.004706,0.214471,0.280457,0.006556
0.009177,0.009150,0.515247,0.016498,0.052263,0.071060,0.293675,0.009015,0.013802,0.010113
0.009643,0.008563,0.065268,0.010741,0.032172,0.015308,0.007956,0.663404,0.025368,0.161577
0.004039,0.319364,0.076299,0.005685,0.245951,0.005074,0.057048,0.103698,0.107917,0.074925
0.062489,0.025216,0.043002,0.019665,0.027254,0.044429,0.162642,0.554585,0.027941,0.032776
0.020513,0.025156,0.154762,0.117055,0.047534,0.032175,0.167657,0.115170,0.048966,0.271013
0.009514,0.656779,0.012025,0.009542,0.023795,0.011010,0.020216,0.233452,0.013885,0.009782
0.021188,0.047220,0.134037,0.080011,0.026468,0.022945,0.034255,0.020961,0.413993,0.198923
0.014572,0.488556,0.024934,0.006770,0.277763,0.036608,0.013150,0.010305,0.111779,0.015564
0.005787,0.382037,0.006094,0.147807,0.187972,0.005475,0.037796,0.006589,0.213610,0.006834
0.010909,0.011091,0.023861,0.012293,0.454638,0.013185,0.024039,0.014187,0.276386,0.159410
0.002961,0.233702,0.155977,0.003241,0.149859,0.017873,0.006928,0.279514,0.146070,0.003876
0.010575,0.633225,0.069805,0.013240,0.013507,0.012594,0.011791,0.012674,0.078973,0.143616
0.005963,0.006005,0.190570,0.008295,0.272187,0.038769,0.099877,0.006200,0.250195,0.121939
0.005899,0.394328,0.070073,0.005334,0.209383,0.006240,0.004961,0.021428,0.216928,0.065427
0.019134,0.018782,0.024151,0.496423,0.035431,0.021554,0.028712,0.111102,0.030315,0.214397
0.023333,0.046273,0.089060,0.008650,0.015474,0.015492,0.014984,0.560929,0.217199,0.008607
0.012654,0.011984,0.078545,0.268866,0.019017,0.013846,0.018548,0.215254,0.250229,0.111058
0.014629,0.076521,0.176299,0.012389,0.023876,0.025560,0.025761,0.279603,0.342071,0.023291
0.018844,0.547155,0.015616,0.011439,0.012993,0.015696,0.067270,0.033609,0.169695,0.107683
0.212066,0.011627,0.423191,0.013225,0.028842,0.016549,0.026036,0.070199,0.030794,0.167472
0.005444,0.330806,0.007931,0.005454,0.267025,0.006121,0.007330,0.356014,0.006988,0.006888
0.020544,0.009701,0.156893,0.014657,0.295064,0.053134,0.089506,0.061473,0.273661,0.025368
0.032398,0.014276,0.124651,0.010730,0.557539,0.014283,0.058916,0.013541,0.014323,0.159344
0.007512,0.455087,0.008655,0.009423,0.009482,0.008350,0.028767,0.454639,0.009487,0.008598
0.014402,0.016508,0.109317,0.065201,0.058474,0.105002,0.068111,0.042686,0.463900,0.056398
0.012033,0.332898,0.047309,0.005857,0.278920,0.028914,0.004232,0.041028,0.137283,0.111525
0.019098,0.023642,0.143647,0.021318,0.077134,0.017873,0.056698,0.032427,0.591223,0.016940
0.007459,0.008302,0.057352,0.035712,0.461616,0.063172,0.139998,0.020652,0.012982,0.192756
0.016921,0.015031,0.276778,0.015416,0.027899,0.030262,0.092294,0.294400,0.030005,0.200993
0.067268,0.008899,0.074983,0.009430,0.490633,0.030918,0.026431,0.113400,0.169708,0.008331
0.042911,0.012138,0.031307,0.013611,0.024970,0.024855,0.042316,0.769475,0.015134,0.023284
0.005721,0.055225,0.171158,0.049421,0.032153,0.034302,0.016788,0.482581,0.024717,0.127934
0.009421,0.008331,0.028619,0.020314,0.441335,0.011007,0.013566,0.012008,0.313840,0.141559
0.010268,0.420625,0.007687,0.169813,0.008800,0.008640,0.042633,0.146550,0.176900,0.008084
0.008916,0.012490,0.063326,0.012050,0.052379,0.029402,0.025770,0.740323,0.020436,0.034908
0.006996,0.481028,0.022517,0.011814,0.301520,0.008292,0.017536,0.034677,0.015866,0.099754
0.088810,0.427243,0.007916,0.156681,0.008442,0.008233,0.012216,0.024556,0.258083,0.007820
0.175297,0.069162,0.104517,0.246352,0.080065,0.069148,0.049638,0.066985,0.076253,0.062583
0.015009,0.856212,0.016926,0.014220,0.016199,0.016624,0.012962,0.015118,0.018874,0.017856
0.004590,0.320087,0.212266,0.006053,0.019263,0.011311,0.018357,0.392916,0.006906,0.008252
0.005506,0.338507,0.007562,0.006892,0.006804,0.006741,0.035567,0.334128,0.210274,0.048019
0.004058,0.004683,0.226153,0.004048,0.261704,0.027969,0.057116,0.389835,0.019259,0.005177
0.008497,0.009083,0.135507,0.008801,0.507544,0.023302,0.058738,0.021155,0.200734,0.026638
0.015493,0.014801,0.165025,0.014330,0.040852,0.026566,0.347980,0.309848,0.048206,0.016898
0.059575,0.012313,0.060755,0.078688,0.049900,0.067079,0.112797,0.008900,0.373085,0.176907
0.012510,0.532261,0.036436,0.218146,0.011648,0.009068,0.020083,0.026790,0.011528,0.121530
0.073530,0.017102,0.457924,0.020718,0.044086,0.021467,0.238939,0.096827,0.017599,0.011807
0.038180,0.022735,0.645777,0.096583,0.039637,0.036680,0.036741,0.025403,0.024760,0.033504
0.071844,0.007397,0.039959,0.293421,0.035208,0.054792,0.089919,0.083346,0.124755,0.199361
0.006304,0.006542,0.241762,0.006331,0.314974,0.010603,0.005549,0.163540,0.145167,0.099229
0.010602,0.072696,0.073880,0.026710,0.028707,0.021832,0.111770,0.204102,0.310629,0.139072
0.103025,0.014797,0.271359,0.017760,0.086157,0.046510,0.193617,0.185788,0.064150,0.016836
0.024550,0.279440,0.023099,0.003636,0.205090,0.008718,0.043454,0.267587,0.140717,0.003709
0.034355,0.060070,0.017679,0.009519,0.031992,0.017773,0.122472,0.512967,0.174211,0.018962
0.015847,0.015925,0.020553,0.018941,0.026445,0.036481,0.015166,0.020876,0.595930,0.233837
0.021461,0.009115,0.064996,0.011283,0.020025,0.023881,0.094444,0.611724,0.021864,0.121208
0.038818,0.013276,0.059851,0.055551,0.020576,0.015941,0.100904,0.663316,0.022440,0.009328
0.007112,0.011068,0.073499,0.008149,0.066984,0.062317,0.131008,0.302091,0.330092,0.007679
0.011723,0.620487,0.053162,0.013198,0.019916,0.010963,0.025593,0.057506,0.021584,0.165868
0.006766,0.006414,0.134515,0.023088,0.367418,0.011444,0.016941,0.152795,0.259745,0.020873
0.003849,0.273289,0.066160,0.168030,0.181976,0.010939,0.049510,0.032490,0.209526,0.004232
0.018682,0.100326,0.200433,0.018267,0.043343,0.025548,0.132558,0.023323,0.168604,0.268914
0.039437,0.015819,0.176773,0.024826,0.523700,0.022364,0.026241,0.012928,0.023909,0.134002
0.046163,0.053705,0.263604,0.039428,0.086603,0.056899,0.288972,0.060411,0.058294,0.045919
0.005998,0.434770,0.022156,0.008612,0.304418,0.015905,0.070868,0.006100,0.010269,0.120905
0.003883,0.284807,0.011292,0.160384,0.013818,0.022047,0.072550,0.136678,0.196611,0.097929
0.051416,0.043618,0.410345,0.055965,0.139686,0.089739,0.037552,0.046045,0.085616,0.040019
0.005984,0.390151,0.098669,0.027827,0.012740,0.007791,0.052601,0.038993,0.250581,0.114664
0.045239,0.013378,0.146034,0.014887,0.667706,0.029860,0.024607,0.016509,0.018535,0.023245
0.045459,0.059384,0.081046,0.047873,0.087999,0.093019,0.043339,0.056409,0.068293,0.417179
0.014597,0.008229,0.037110,0.015902,0.328140,0.016327,0.016947,0.433059,0.122129,0.007560
0.020830,0.314049,0.006131,0.127585,0.006875,0.008501,0.017868,0.339762,0.152763,0.005636
0.040501,0.082517,0.035902,0.015265,0.024629,0.026386,0.123207,0.085074,0.396528,0.169992
0.035595,0.295577,0.193000,0.009803,0.180601,0.010553,0.009713,0.045546,0.211518,0.008094
0.232943,0.016023,0.038303,0.068327,0.034810,0.029374,0.126347,0.020120,0.414472,0.019282
0.008217,0.468659,0.047432,0.008980,0.009182,0.009413,0.008772,0.216128,0.213630,0.009586
0.016547,0.044680,0.037586,0.018267,0.027880,0.024572,0.063965,0.017649,0.567112,0.181743
0.009735,0.012372,0.276781,0.009136,0.058709,0.069267,0.202708,0.109275,0.243705,0.008311
0.029878,0.045880,0.250275,0.373355,0.034716,0.011793,0.051044,0.021806,0.150102,0.031152
0.006943,0.424909,0.006857,0.007766,0.215771,0.006120,0.005416,0.029840,0.231478,0.064900
0.039241,0.457645,0.168295,0.008583,0.271322,0.017892,0.005411,0.013489,0.011514,0.006609
0.025167,0.009613,0.077523,0.239253,0.011410,0.012723,0.014393,0.255914,0.225420,0.128583
0.217689,0.008632,0.037295,0.014766,0.042351,0.055045,0.023004,0.017555,0.364029,0.219632
0.005988,0.008063,0.023490,0.009252,0.025333,0.017323,0.108239,0.488755,0.163717,0.149840
0.013230,0.012916,0.017083,0.015582,0.021614,0.012712,0.028491,0.848871,0.017583,0.011919
0.016829,0.439186,0.032235,0.007834,0.258299,0.012356,0.011414,0.007429,0.206160,0.008257
0.012078,0.037449,0.205312,0.011479,0.043978,0.022857,0.139959,0.016520,0.358170,0.152199
0.013534,0.014983,0.156064,0.013487,0.019360,0.012097,0.010746,0.731662,0.016672,0.011395
0.009121,0.012545,0.057458,0.015537,0.042386,0.066582,0.025095,0.730772,0.012523,0.027981
0.017065,0.091488,0.146436,0.020913,0.029902,0.035958,0.025505,0.020590,0.429669,0.182472
0.003471,0.274897,0.037108,0.003762,0.173811,0.021649,0.009167,0.329573,0.060709,0.085853
0.016673,0.021321,0.035294,0.016329,0.704703,0.020315,0.031853,0.103381,0.034103,0.016029
0.016090,0.020568,0.545504,0.040285,0.035766,0.024618,0.042023,0.023796,0.038685,0.212664
0.004581,0.327258,0.028317,0.007152,0.232699,0.012029,0.026473,0.139550,0.211963,0.009977
0.008852,0.323089,0.083781,0.006591,0.009084,0.005064,0.049892,0.342535,0.165306,0.005806
0.259839,0.013722,0.046363,0.089308,0.048037,0.076004,0.029963,0.256150,0.171417,0.009198
0.007613,0.552660,0.070337,0.006803,0.040265,0.042769,0.044081,0.007652,0.209016,0.018803
0.014787,0.007252,0.017388,0.008032,0.389270,0.010882,0.057211,0.467670,0.014317,0.013192
0.112692,0.006059,0.132266,0.003709,0.223195,0.026898,0.055937,0.345863,0.077610,0.015771
0.070049,0.759875,0.040588,0.011542,0.023456,0.027176,0.026202,0.012606,0.017027,0.011478
0.004875,0.334118,0.030404,0.004528,0.211941,0.009687,0.009903,0.376419,0.013622,0.004504
0.011895,0.014657,0.020163,0.011909,0.015755,0.013608,0.020431,0.685217,0.100107,0.106259
0.010304,0.012805,0.045320,0.009381,0.015872,0.019883,0.019453,0.597445,0.163890,0.105648
0.173704,0.014438,0.144793,0.011480,0.019127,0.014949,0.010368,0.240999,0.199342,0.170799
0.010468,0.749180,0.068454,0.014071,0.052839,0.028399,0.008836,0.020949,0.035942,0.010863
0.016616,0.693091,0.012699,0.014883,0.017413,0.014327,0.038832,0.012468,0.083973,0.095699
0.008719,0.009682,0.359992,0.009387,0.035130,0.009439,0.125259,0.073342,0.340155,0.028895
0.008304,0.281711,0.011338,0.006490,0.203324,0.011009,0.013329,0.331351,0.123475,0.009668
0.035296,0.287034,0.062515,0.006468,0.203864,0.026262,0.008443,0.160544,0.205361,0.004212
0.012135,0.056143,0.208229,0.009691,0.071454,0.037052,0.031229,0.030038,0.501061,0.042968
0.035394,0.230918,0.056189,0.193535,0.079056,0.056877,0.073445,0.194640,0.046137,0.033808
0.090133,0.015342,0.229688,0.011059,0.040679,0.011050,0.350561,0.021062,0.040858,0.189568
0.012207,0.494546,0.114236,0.033733,0.012817,0.014102,0.061783,0.240357,0.009474,0.006745
0.007572,0.007358,0.067406,0.012158,0.441507,0.012941,0.081345,0.074171,0.272640,0.022900
0.021803,0.028550,0.023614,0.012277,0.024821,0.013756,0.014908,0.310361,0.428575,0.121335
0.034004,0.023332,0.166126,0.020222,0.024249,0.021110,0.030964,0.071558,0.420408,0.188028
0.005823,0.415916,0.162740,0.008596,0.032960,0.017066,0.037658,0.196475,0.107157,0.015610
0.021572,0.028713,0.204986,0.024047,0.029767,0.026620,0.112863,0.025824,0.492178,0.033431
0.070234,0.033077,0.055794,0.031667,0.043094,0.033291,0.129693,0.099664,0.228041,0.275445
0.005161,0.007630,0.297540,0.049615,0.242714,0.018126,0.023601,0.005391,0.230443,0.119778
0.008477,0.544246,0.052782,0.026358,0.009653,0.009880,0.018465,0.026134,0.226253,0.077750
0.006946,0.010056,0.010769,0.008390,0.392575,0.011506,0.025302,0.169149,0.275320,0.089988
0.169208,0.012078,0.189099,0.009059,0.022707,0.009229,0.086304,0.013416,0.358775,0.130126
0.006160,0.073527,0.046659,0.006897,0.041492,0.045768,0.091364,0.533509,0.015938,0.138685
0.045027,0.723819,0.040280,0.016445,0.033328,0.063318,0.019575,0.015425,0.029847,0.012937
0.023490,0.023795,0.033975,0.052442,0.039247,0.037335,0.056744,0.032761,0.676115,0.024096
0.004307,0.004954,0.156281,0.044363,0.029053,0.015786,0.085733,0.420342,0.221980,0.017201
0.004724,0.046313,0.129819,0.008563,0.213455,0.036504,0.092795,0.381653,0.080990,0.005184
0.012560,0.062945,0.109732,0.012527,0.014763,0.014074,0.061254,0.245385,0.303494,0.163265
0.039198,0.532944,0.011128,0.218635,0.012061,0.009371,0.011132,0.145404,0.011836,0.008291
0.128915,0.011908,0.092755,0.012280,0.556908,0.077626,0.037508,0.012103,0.058700,0.011296
0.070901,0.015936,0.026262,0.012393,0.457979,0.012504,0.028511,0.015611,0.347945,0.011957
0.015404,0.651745,0.012504,0.013646,0.013531,0.011838,0.013077,0.158530,0.012682,0.097044
0.005031,0.356701,0.132504,0.006614,0.013110,0.013041,0.028160,0.432112,0.007591,0.005138
0.076685,0.037097,0.143829,0.018979,0.026790,0.015989,0.029808,0.306788,0.135621,0.208416
0.140128,0.690277,0.012029,0.010654,0.014115,0.011112,0.014061,0.012756,0.082505,0.012362
0.146714,0.005398,0.311607,0.010281,0.256712,0.018123,0.161163,0.071779,0.013087,0.005137
0.178945,0.013947,0.075867,0.298614,0.037267,0.027500,0.030043,0.010961,0.317074,0.009782
0.016314,0.645448,0.013371,0.013139,0.015608,0.018621,0.013392,0.012148,0.240514,0.011445
0.106515,0.473620,0.042879,0.189665,0.008681,0.007714,0.029350,0.009142,0.124531,0.007903
0.008612,0.567806,0.048666,0.011573,0.019205,0.008818,0.019270,0.011333,0.185594,0.119123
0.049430,0.011512,0.079807,0.030247,0.612552,0.017768,0.085218,0.084013,0.016699,0.012754
0.042802,0.013857,0.018730,0.018116,0.026510,0.025897,0.128430,0.441931,0.269716,0.014011
0.009100,0.056118,0.059472,0.010553,0.558725,0.036193,0.173475,0.035976,0.017557,0.042831
0.010050,0.023924,0.019268,0.236395,0.017599,0.017436,0.019526,0.631998,0.014046,0.009759
0.006867,0.008084,0.072451,0.008044,0.427018,0.061343,0.101771,0.095705,0.012246,0.206471
0.025752,0.035267,0.366480,0.129757,0.052423,0.051381,0.210821,0.028744,0.054430,0.044945
0.006171,0.005492,0.018930,0.006572,0.244682,0.007855,0.070177,0.392778,0.172722,0.074621
0.006680,0.502405,0.019754,0.015641,0.026634,0.038382,0.126010,0.237458,0.012486,0.014551
0.012747,0.017441,0.075499,0.020503,0.067097,0.090488,0.010181,0.318011,0.050094,0.337938
0.005819,0.341882,0.037412,0.005428,0.248158,0.005826,0.019834,0.147599,0.137901,0.050142
0.007356,0.010218,0.386085,0.007331,0.315357,0.024792,0.022333,0.208055,0.011909,0.006564
0.010916,0.397135,0.034187,0.006525,0.008503,0.008335,0.012481,0.408062,0.049809,0.064047
0.010388,0.446686,0.026967,0.173210,0.009081,0.008900,0.023549,0.020348,0.272084,0.008786
0.008346,0.049036,0.127105,0.214214,0.366680,0.018435,0.051460,0.142024,0.010157,0.012542
0.004845,0.023426,0.294408,0.016736,0.017028,0.015873,0.057163,0.424871,0.139907,0.005743
0.006992,0.007096,0.263728,0.051735,0.402796,0.007006,0.069884,0.159121,0.009766,0.021875
0.022449,0.120746,0.171400,0.036221,0.031555,0.046878,0.159959,0.122086,0.037165,0.251542
0.010033,0.009664,0.021653,0.050212,0.526195,0.023286,0.064251,0.165837,0.013006,0.115864
0.005532,0.444050,0.014133,0.006607,0.312174,0.006355,0.012695,0.035239,0.059889,0.103327
0.004799,0.317013,0.005371,0.004555,0.173986,0.005368,0.038867,0.308094,0.087663,0.054283
0.008024,0.011435,0.038186,0.009548,0.024231,0.008768,0.017308,0.549131,0.317589,0.015781
0.005638,0.005546,0.323348,0.005649,0.324223,0.035227,0.021581,0.014010,0.259257,0.005522
0.023036,0.039361,0.377926,0.007830,0.049510,0.050092,0.231435,0.020783,0.018754,0.181273
0.010456,0.009326,0.197699,0.009308,0.472341,0.031992,0.117871,0.091838,0.022923,0.036247
0.075830,0.010343,0.358383,0.013158,0.043031,0.024281,0.020411,0.179943,0.131304,0.143317
0.029629,0.036701,0.493569,0.037636,0.052409,0.036126,0.064542,0.144921,0.055035,0.049431
0.008128,0.616419,0.238146,0.049233,0.023697,0.011433,0.020527,0.012045,0.012413,0.007959
0.007011,0.006973,0.056396,0.043323,0.383406,0.007228,0.131328,0.042516,0.225343,0.096477
0.008889,0.013250,0.076708,0.009309,0.485438,0.058845,0.026236,0.112433,0.173197,0.035695
0.007154,0.016830,0.008461,0.170570,0.008633,0.012141,0.054388,0.446979,0.265369,0.009475
0.011467,0.844052,0.022490,0.013698,0.028862,0.013888,0.018297,0.015311,0.016259,0.015676
0.088870,0.013627,0.045571,0.013869,0.650281,0.021166,0.100547,0.018394,0.033948,0.013725
0.046605,0.051166,0.113685,0.005096,0.265873,0.010793,0.079294,0.402657,0.007110,0.017718
0.013217,0.011880,0.034819,0.026653,0.426546,0.017394,0.010229,0.330628,0.115531,0.013103
0.008541,0.009499,0.018753,0.010176,0.466296,0.016301,0.018755,0.011156,0.338024,0.102500
0.064087,0.222684,0.050868,0.103574,0.168718,0.006311,0.022051,0.232615,0.125978,0.003114
0.012323,0.041983,0.116442,0.165481,0.019499,0.011398,0.063502,0.403625,0.062708,0.103039
0.015974,0.370029,0.018406,0.027073,0.285782,0.006699,0.046894,0.027131,0.193815,0.008198
0.016056,0.014538,0.225506,0.031847,0.029319,0.019020,0.104176,0.017828,0.518244,0.023464
0.004478,0.356318,0.045143,0.006607,0.276029,0.013810,0.011773,0.056776,0.215580,0.013485
0.007008,0.009566,0.275900,0.008104,0.013954,0.009637,0.014503,0.476930,0.072391,0.112008
0.011980,0.018004,0.219243,0.020646,0.067288,0.073898,0.209735,0.315422,0.052105,0.011678
0.011050,0.012231,0.095023,0.286019,0.026560,0.025071,0.094419,0.014523,0.421443,0.013661
0.009684,0.075335,0.117809,0.009744,0.475016,0.016137,0.031715,0.242256,0.013111,0.009195
0.439219,0.037245,0.085942,0.026843,0.057515,0.043312,0.182491,0.037691,0.038763,0.050977
0.125556,0.588501,0.048893,0.027250,0.015844,0.010456,0.011783,0.011472,0.149149,0.011096
0.012284,0.005328,0.188020,0.006205,0.250956,0.011475,0.042814,0.392633,0.015261,0.075023
0.022997,0.022092,0.030002,0.103610,0.039991,0.031575,0.041250,0.625761,0.045004,0.037719
0.005184,0.357476,0.027848,0.005071,0.019284,0.032385,0.056412,0.128023,0.227132,0.141186
0.006255,0.005986,0.250701,0.033858,0.012469,0.010438,0.013394,0.422366,0.169295,0.075237
0.007403,0.007281,0.269590,0.024501,0.424166,0.007357,0.018246,0.194442,0.026217,0.020797
0.014204,0.470625,0.075296,0.007309,0.359208,0.009876,0.034062,0.009209,0.010661,0.009550
0.012020,0.012245,0.029226,0.065330,0.627960,0.029189,0.158246,0.016505,0.025667,0.023611
0.008286,0.009362,0.134611,0.050649,0.379742,0.010478,0.069723,0.160539,0.024036,0.152574
0.007439,0.043713,0.267636,0.078551,0.048305,0.054513,0.111274,0.008384,0.347840,0.032346
0.025547,0.028101,0.252942,0.034788,0.034785,0.027570,0.039916,0.032761,0.247761,0.275830
0.140175,0.008839,0.129672,0.010007,0.364256,0.017781,0.084785,0.046762,0.090271,0.107451
0.020365,0.006259,0.052437,0.006510,0.287619,0.041788,0.136333,0.006524,0.274282,0.167883
0.005180,0.030226,0.055920,0.012708,0.267801,0.037757,0.018364,0.218142,0.237997,0.115904
0.117396,0.044373,0.010157,0.197649,0.014422,0.009618,0.058357,0.528792,0.010027,0.009210
0.105027,0.018695,0.544426,0.013574,0.040584,0.022107,0.012567,0.025936,0.179113,0.037970
0.105592,0.440598,0.048621,0.006932,0.331309,0.011802,0.029985,0.008562,0.008563,0.008034
0.011158,0.688479,0.056938,0.029663,0.013649,0.016961,0.012565,0.012780,0.013845,0.143963
0.060183,0.815876,0.013577,0.014354,0.018249,0.011459,0.025166,0.014161,0.015350,0.011626
0.009176,0.025846,0.020193,0.009275,0.390050,0.014134,0.024277,0.257377,0.233812,0.015862
0.041124,0.007494,0.015620,0.192799,0.313476,0.007588,0.006668,0.033896,0.272888,0.108447
0.036869,0.051293,0.117055,0.022056,0.035132,0.041052,0.212396,0.016349,0.453262,0.014536
0.006295,0.477617,0.110639,0.007029,0.338293,0.014695,0.020753,0.008358,0.009048,0.007273
0.058603,0.027982,0.284629,0.005831,0.041988,0.044507,0.073300,0.448955,0.008681,0.005523
0.013770,0.018042,0.082562,0.013384,0.016882,0.023286,0.021222,0.775741,0.017032,0.018080
0.004653,0.007172,0.033728,0.043273,0.027485,0.017673,0.086858,0.436319,0.215903,0.126936
0.025386,0.033679,0.062811,0.590456,0.036301,0.025953,0.127452,0.027088,0.034399,0.036474
0.005192,0.335612,0.028865,0.024277,0.203421,0.005296,0.008814,0.173704,0.209688,0.005131
0.003937,0.327218,0.120188,0.004185,0.174656,0.007839,0.010291,0.117707,0.166254,0.067726
0.009957,0.594726,0.056505,0.009930,0.013074,0.016853,0.013000,0.010530,0.263156,0.012268
0.030661,0.263547,0.011288,0.134723,0.014223,0.009685,0.007881,0.334610,0.185955,0.007428
0.038484,0.040853,0.052566,0.007686,0.246105,0.012666,0.012572,0.366323,0.209731,0.013014
0.013880,0.796550,0.027496,0.014203,0.021035,0.013346,0.019071,0.061391,0.018057,0.014970
0.232556,0.021197,0.038807,0.019205,0.024060,0.021601,0.032091,0.019668,0.417946,0.172868
0.006714,0.009981,0.025550,0.006985,0.316522,0.053711,0.108378,0.169052,0.279491,0.023615
0.140365,0.005598,0.313411,0.005512,0.033345,0.016851,0.067588,0.145363,0.156887,0.115081
0.116308,0.009857,0.010000,0.008179,0.319099,0.010785,0.010665,0.219365,0.206911,0.088832
0.200348,0.018853,0.047170,0.013707,0.018433,0.019918,0.025405,0.017072,0.497494,0.141600
0.006958,0.386043,0.033065,0.005743,0.011980,0.006931,0.012798,0.442443,0.008635,0.085403
0.010805,0.395624,0.007297,0.007225,0.283320,0.006481,0.007813,0.006221,0.220472,0.054741
0.024903,0.021409,0.094706,0.238569,0.012833,0.011036,0.074195,0.268021,0.245132,0.009196
0.029716,0.025913,0.156868,0.142705,0.080399,0.025989,0.068492,0.177898,0.267658,0.024363
0.018679,0.007173,0.154327,0.007100,0.410241,0.011770,0.006251,0.155636,0.090281,0.138542
0.006662,0.009362,0.019229,0.041904,0.396028,0.009958,0.134009,0.137224,0.148146,0.097478
0.112163,0.397904,0.030424,0.179047,0.010900,0.011907,0.012786,0.007561,0.229887,0.007422
0.008689,0.581830,0.046633,0.017090,0.027988,0.051945,0.013723,0.212289,0.026109,0.013703
0.008008,0.549833,0.010331,0.010225,0.321719,0.009229,0.018988,0.048776,0.011577,0.011313
0.070794,0.069226,0.065635,0.006038,0.051612,0.054276,0.029195,0.527854,0.117632,0.007739
0.011232,0.010110,0.214814,0.010446,0.471250,0.015532,0.009206,0.215929,0.031434,0.010048
0.004740,0.297343,0.005081,0.005254,0.157437,0.005048,0.005661,0.297879,0.175255,0.046302
0.009396,0.010247,0.081611,0.010015,0.578049,0.010111,0.091181,0.018318,0.034121,0.156952
0.004346,0.007188,0.158532,0.005157,0.222791,0.040658,0.153827,0.394475,0.008406,0.004619
0.034283,0.030572,0.608163,0.037174,0.070114,0.044435,0.051024,0.046970,0.046519,0.030746
0.016400,0.009534,0.021112,0.011676,0.012366,0.010505,0.015030,0.561058,0.222499,0.119821
0.110272,0.046284,0.178032,0.019390,0.285437,0.015701,0.172038,0.041718,0.126537,0.004592
0.037478,0.330736,0.249839,0.006342,0.012608,0.028844,0.011225,0.004993,0.223846,0.094088
0.007990,0.007610,0.276103,0.221229,0.015708,0.011820,0.054329,0.242472,0.148909,0.013830
0.018771,0.020131,0.349613,0.034147,0.109829,0.145557,0.048019,0.180260,0.029603,0.064070
0.079212,0.132632,0.140054,0.112684,0.045716,0.019007,0.043642,0.030235,0.379171,0.017647
0.023743,0.020614,0.031295,0.035766,0.012708,0.011023,0.042293,0.468053,0.268518,0.085985
0.008004,0.063017,0.360980,0.009308,0.020269,0.039162,0.019184,0.169428,0.180176,0.130472
0.067384,0.008314,0.065487,0.336358,0.377700,0.065963,0.025851,0.022411,0.021147,0.009385
0.008367,0.009058,0.070924,0.014809,0.017943,0.010022,0.016375,0.521627,0.319223,0.011653
0.013170,0.016369,0.028985,0.021661,0.017013,0.025602,0.084480,0.179359,0.445701,0.167660
0.125292,0.025541,0.226386,0.004781,0.220198,0.016351,0.152456,0.004735,0.204862,0.019400
0.009780,0.011436,0.134428,0.009641,0.387450,0.013753,0.043575,0.269468,0.012222,0.108247
0.034666,0.011331,0.165042,0.008594,0.457428,0.013938,0.075829,0.203994,0.011523,0.017654
0.006712,0.006962,0.272789,0.010970,0.329035,0.007246,0.018258,0.049377,0.290226,0.008424
0.045875,0.005501,0.055571,0.011919,0.257698,0.019312,0.193580,0.164801,0.223775,0.021968
0.070853,0.011868,0.028003,0.011489,0.615862,0.015838,0.010441,0.078029,0.016816,0.140801
0.030991,0.015149,0.146897,0.016519,0.038302,0.023054,0.019058,0.303932,0.379713,0.026385
0.006890,0.009025,0.379729,0.005790,0.040140,0.040882,0.186472,0.016455,0.292075,0.022541
0.036013,0.018138,0.229539,0.012432,0.043306,0.094863,0.156140,0.032861,0.334444,0.042264
0.010784,0.029112,0.029669,0.012014,0.452447,0.015478,0.009640,0.303450,0.019480,0.117925
0.005905,0.400369,0.022979,0.233524,0.248034,0.036976,0.017642,0.005969,0.017494,0.011108
0.117277,0.010947,0.042896,0.429636,0.065905,0.035716,0.027459,0.024767,0.022114,0.223282
0.010524,0.095272,0.229733,0.010545,0.040511,0.027637,0.027598,0.288070,0.260140,0.009971
0.247783,0.037448,0.259388,0.036357,0.084650,0.054719,0.082940,0.059052,0.102504,0.035159
0.004500,0.288021,0.190234,0.167418,0.018272,0.022714,0.009564,0.169528,0.122714,0.007035
0.006207,0.006269,0.057348,0.008106,0.363775,0.012794,0.062669,0.451124,0.012016,0.019693
0.065172,0.499026,0.036849,0.007155,0.323737,0.019153,0.005885,0.014311,0.012153,0.016558
0.005915,0.381232,0.009290,0.007465,0.303476,0.011507,0.012688,0.024452,0.238083,0.005891
0.007680,0.045718,0.032170,0.007560,0.012231,0.015587,0.018299,0.497785,0.274618,0.088353
0.017560,0.016331,0.092433,0.014474,0.109637,0.059244,0.403744,0.169488,0.045925,0.071162
0.010013,0.012644,0.343434,0.011612,0.023420,0.009338,0.084634,0.014947,0.358721,0.131237
0.009453,0.014814,0.341558,0.011061,0.097478,0.069442,0.178717,0.010880,0.053076,0.213521
0.006034,0.008561,0.249955,0.006383,0.017836,0.012025,0.076997,0.472846,0.143256,0.006107
0.170139,0.412563,0.016403,0.043073,0.014321,0.038024,0.012962,0.195628,0.090353,0.006534
0.020233,0.024120,0.268403,0.018507,0.031507,0.043479,0.027368,0.024624,0.511681,0.030078
0.026378,0.365075,0.032624,0.008066,0.024453,0.028547,0.004443,0.166179,0.237529,0.106705
0.006533,0.467739,0.106223,0.006179,0.012959,0.013350,0.068858,0.170142,0.139242,0.008775
0.007648,0.009083,0.021279,0.007441,0.278416,0.016018,0.058428,0.471291,0.015474,0.114922
0.071861,0.292401,0.042498,0.004372,0.240313,0.004996,0.033573,0.298786,0.005938,0.005262
0.026419,0.308466,0.113039,0.007143,0.224962,0.012144,0.003712,0.169443,0.123296,0.011376
0.013031,0.015036,0.021367,0.014623,0.017317,0.017080,0.017786,0.335921,0.417701,0.130139
0.015536,0.016746,0.191385,0.021337,0.027646,0.037825,0.021870,0.017469,0.413244,0.236941
0.038471,0.330363,0.139376,0.012556,0.212076,0.010315,0.010480,0.033316,0.201652,0.011395
0.047901,0.048318,0.091422,0.061002,0.055252,0.065610,0.081661,0.050833,0.066400,0.431602
0.010705,0.410962,0.009414,0.007347,0.009042,0.010140,0.043476,0.187853,0.246490,0.064570
0.032227,0.399094,0.007397,0.008344,0.230476,0.007562,0.013680,0.211485,0.008679,0.081056
0.006739,0.473098,0.042374,0.037827,0.015993,0.013920,0.006387,0.150392,0.244911,0.008359
0.006188,0.027573,0.031601,0.020344,0.031096,0.020574,0.014279,0.554601,0.176987,0.116757
0.012171,0.062129,0.020353,0.291514,0.025800,0.020445,0.015479,0.013798,0.420557,0.117756
0.006893,0.005775,0.118897,0.005602,0.266027,0.011041,0.063403,0.206874,0.214826,0.100661
0.005837,0.452329,0.025192,0.008170,0.274490,0.008654,0.061481,0.138830,0.015482,0.009535
0.044022,0.617234,0.012050,0.010126,0.011536,0.017691,0.073798,0.032189,0.168567,0.012786
0.006150,0.310634,0.009860,0.006168,0.013352,0.027755,0.009749,0.395489,0.212517,0.008327
0.008047,0.544537,0.010078,0.025090,0.011176,0.010701,0.010550,0.125717,0.140558,0.113546
0.025734,0.072349,0.142044,0.014955,0.017908,0.013653,0.107785,0.269799,0.323040,0.012733
0.005834,0.006062,0.068264,0.005811,0.226880,0.007892,0.014176,0.379454,0.216095,0.069532
0.007649,0.009921,0.264585,0.007250,0.408952,0.010442,0.015998,0.177240,0.089741,0.008222
0.015737,0.481798,0.033486,0.009926,0.010136,0.008060,0.065298,0.037904,0.245346,0.092310
0.037807,0.005866,0.017140,0.006511,0.300487,0.008413,0.009007,0.387816,0.221558,0.005396
0.050999,0.404240,0.267603,0.043367,0.025850,0.015056,0.010801,0.005705,0.163694,0.012686
0.105731,0.044221,0.211367,0.008090,0.022114,0.015548,0.054410,0.394161,0.132824,0.011537
0.005779,0.008046,0.230331,0.015933,0.329907,0.006177,0.013074,0.145185,0.238450,0.007119
0.010744,0.009685,0.022126,0.240735,0.016391,0.022540,0.057997,0.597449,0.013234,0.009099
0.013286,0.033193,0.024210,0.012177,0.032522,0.023011,0.027130,0.801080,0.021448,0.011943
0.025933,0.023193,0.031898,0.022166,0.045753,0.029804,0.217143,0.521558,0.042808,0.039745
0.040524,0.431506,0.102775,0.008541,0.015103,0.007952,0.016349,0.008174,0.267299,0.101778
0.015305,0.015358,0.142740,0.015723,0.034314,0.022186,0.027144,0.311607,0.258348,0.157274
0.025508,0.024305,0.048407,0.637855,0.044105,0.056856,0.046761,0.026496,0.048745,0.040962
0.009236,0.565045,0.050141,0.009951,0.010156,0.009458,0.011071,0.009807,0.215401,0.109733
0.043384,0.013319,0.149416,0.013526,0.023683,0.017370,0.056065,0.018002,0.508227,0.157008
0.023235,0.023796,0.074261,0.027295,0.050065,0.037219,0.231747,0.439463,0.048348,0.044571
0.017438,0.477521,0.191272,0.009502,0.019788,0.010233,0.010001,0.147850,0.014371,0.102022
0.006031,0.006303,0.294566,0.006290,0.036966,0.019888,0.171198,0.185290,0.109900,0.163567
0.007470,0.010363,0.281621,0.011707,0.342182,0.012336,0.075274,0.013262,0.096393,0.149391
0.027976,0.012555,0.170284,0.008030,0.490019,0.058068,0.150519,0.024303,0.023326,0.034921
0.004337,0.041213,0.015373,0.016148,0.198253,0.013097,0.102158,0.327023,0.193229,0.089169
0.012995,0.834430,0.021347,0.017113,0.016529,0.016596,0.028648,0.016082,0.019910,0.016350
0.005112,0.340769,0.009521,0.148722,0.287327,0.009465,0.007331,0.096219,0.007823,0.087711
0.006717,0.006361,0.064513,0.006476,0.036961,0.042715,0.110192,0.537885,0.182123,0.006056
0.098446,0.011340,0.116913,0.016541,0.525592,0.040474,0.037119,0.111265,0.031738,0.010572
0.006222,0.034741,0.016151,0.027664,0.231504,0.008589,0.052949,0.392912,0.160890,0.068377
0.020851,0.274954,0.005001,0.016288,0.223225,0.004662,0.031763,0.282728,0.136394,0.004134
0.230700,0.008570,0.323548,0.019638,0.082123,0.030867,0.027678,0.225996,0.014644,0.036235
0.018934,0.269838,0.023159,0.005494,0.174459,0.025769,0.044452,0.322011,0.108579,0.007304
0.190940,0.037162,0.081480,0.010270,0.040444,0.018494,0.096795,0.011330,0.322775,0.190309
0.020609,0.020043,0.160322,0.028807,0.058034,0.054617,0.198697,0.036065,0.026627,0.396178
0.044049,0.010414,0.095269,0.008112,0.397579,0.008459,0.007468,0.048073,0.289617,0.090962
0.007273,0.010673,0.104813,0.009979,0.436398,0.019876,0.202206,0.008267,0.177986,0.022528
0.006762,0.009268,0.052828,0.006690,0.017116,0.018880,0.140923,0.469851,0.269687,0.007994
0.040339,0.012178,0.025889,0.060702,0.020547,0.015747,0.017045,0.209364,0.453979,0.144211
0.007558,0.009661,0.081960,0.008417,0.387016,0.007682,0.044028,0.161284,0.280326,0.012070
0.009754,0.009160,0.053158,0.011156,0.052930,0.070765,0.173685,0.243634,0.159750,0.216008
0.012778,0.012279,0.077211,0.013557,0.026657,0.026130,0.073551,0.380219,0.353869,0.023749
0.010180,0.010558,0.119872,0.017146,0.574135,0.017046,0.026732,0.200436,0.013940,0.009955
0.014473,0.041926,0.020901,0.017432,0.039877,0.019794,0.062323,0.016244,0.543007,0.224023
0.008998,0.324705,0.252743,0.004570,0.016247,0.011779,0.020589,0.145885,0.209881,0.004603
0.208909,0.008162,0.370730,0.007815,0.049715,0.059672,0.023706,0.210629,0.034586,0.026076
0.067600,0.524688,0.023361,0.015715,0.035446,0.020039,0.017230,0.014351,0.117309,0.164263
0.024882,0.031045,0.046736,0.037584,0.029358,0.023668,0.035482,0.028282,0.521851,0.221113
0.004482,0.299172,0.123194,0.005665,0.006768,0.005365,0.021676,0.307048,0.175514,0.051116
0.061828,0.064817,0.172918,0.052020,0.559933,0.015051,0.019394,0.013008,0.022977,0.018053
0.008400,0.069672,0.298014,0.277532,0.022411,0.023335,0.030816,0.232527,0.029279,0.008014
0.035360,0.409030,0.021444,0.006799,0.249705,0.006453,0.051836,0.007469,0.206559,0.005345
0.019863,0.031014,0.160655,0.022945,0.111389,0.073090,0.289802,0.218101,0.052401,0.020741
0.022523,0.507937,0.129441,0.007615,0.016471,0.007657,0.016822,0.269659,0.010593,0.011281
0.008238,0.011260,0.012160,0.008098,0.445383,0.019795,0.070342,0.042774,0.243578,0.138372
0.004104,0.004633,0.140506,0.190474,0.256165,0.035775,0.060878,0.113775,0.087648,0.106041
0.089331,0.005600,0.062439,0.005871,0.262444,0.008932,0.013590,0.378148,0.106508,0.067138
0.010233,0.009537,0.079766,0.011339,0.533466,0.017836,0.024595,0.010083,0.294208,0.008936
0.028466,0.042917,0.241025,0.074176,0.034166,0.031263,0.100246,0.292985,0.143762,0.010994
0.125352,0.331228,0.206602,0.004785,0.020004,0.025569,0.011846,0.129019,0.137500,0.008094
0.012515,0.012996,0.463499,0.016816,0.050263,0.012509,0.032226,0.308003,0.051686,0.039486
0.003926,0.306306,0.206184,0.011082,0.231948,0.022989,0.008925,0.007855,0.115044,0.085741
0.017007,0.021028,0.037534,0.016688,0.021731,0.020024,0.027539,0.425574,0.393402,0.019473
0.207707,0.011962,0.028860,0.016341,0.634578,0.023419,0.023164,0.016998,0.025579,0.011392
0.009867,0.620035,0.010821,0.010285,0.017520,0.011788,0.021116,0.208884,0.077807,0.011877
0.010954,0.042347,0.408398,0.017072,0.034308,0.019816,0.035807,0.381758,0.018690,0.030849
0.010503,0.077068,0.027789,0.009340,0.476676,0.014712,0.120741,0.222880,0.030689,0.009602
0.006785,0.010147,0.061882,0.009275,0.307259,0.053528,0.088361,0.007045,0.303790,0.151929
0.008729,0.007965,0.018318,0.231659,0.317598,0.009550,0.012085,0.180387,0.082920,0.130787
0.005833,0.351351,0.036296,0.127234,0.007408,0.009611,0.005316,0.356927,0.093019,0.007004
0.005227,0.368435,0.005925,0.006248,0.263465,0.005769,0.006446,0.120363,0.159753,0.058368
0.007727,0.570993,0.216157,0.011515,0.021221,0.011579,0.064042,0.009745,0.077532,0.009489
0.024407,0.006299,0.100665,0.007018,0.269844,0.006215,0.010078,0.433757,0.128318,0.013399
0.006795,0.006710,0.336393,0.029922,0.303607,0.042184,0.086713,0.006768,0.030998,0.149909
0.014644,0.827525,0.018079,0.016378,0.030491,0.017360,0.027224,0.015505,0.016887,0.015907
0.008359,0.501463,0.010912,0.008123,0.397622,0.008454,0.035964,0.009981,0.010674,0.008448
0.108752,0.114867,0.125032,0.015126,0.061670,0.024611,0.038545,0.016403,0.460070,0.034923
0.030392,0.007539,0.026942,0.234336,0.383952,0.012496,0.114619,0.160141,0.020435,0.009149
0.007910,0.509432,0.008919,0.197912,0.009218,0.008064,0.014405,0.224635,0.010206,0.009301
0.007423,0.532143,0.120655,0.010257,0.020898,0.010964,0.010722,0.262932,0.015258,0.008748
0.035243,0.515652,0.009500,0.009377,0.014393,0.009426,0.057286,0.009230,0.329005,0.010887
0.009741,0.010117,0.032792,0.024392,0.487688,0.016223,0.036426,0.010477,0.354280,0.017864
0.011033,0.012441,0.436198,0.015393,0.044929,0.055601,0.026850,0.214391,0.013022,0.170141
0.070017,0.013983,0.291460,0.043391,0.064670,0.022419,0.391847,0.014455,0.050216,0.037542
0.036524,0.006638,0.076695,0.006699,0.333439,0.009647,0.006230,0.194607,0.254685,0.074834
0.009955,0.524876,0.115112,0.006701,0.028475,0.047500,0.006266,0.231869,0.012568,0.016678
0.045622,0.044004,0.030537,0.003757,0.250004,0.014237,0.086473,0.329197,0.179576,0.016593
0.007288,0.323963,0.012783,0.207422,0.019061,0.030378,0.090476,0.172997,0.014222,0.121411
0.012910,0.011981,0.035338,0.013161,0.019822,0.012159,0.026859,0.735260,0.113062,0.019449
0.031311,0.106979,0.480159,0.032873,0.074806,0.056496,0.049071,0.052533,0.043344,0.072428
0.029038,0.010598,0.221010,0.012189,0.519194,0.019697,0.140209,0.021732,0.014304,0.012028
0.004455,0.049909,0.045417,0.194984,0.278877,0.031624,0.020000,0.064040,0.210760,0.099934
0.041001,0.057274,0.149646,0.019004,0.041456,0.016373,0.114501,0.494362,0.026125,0.040257
0.137220,0.008672,0.017083,0.011472,0.015856,0.011149,0.068630,0.612280,0.012806,0.104830
0.007698,0.023799,0.026471,0.041725,0.335716,0.010612,0.038779,0.496331,0.010456,0.008412
0.006061,0.040363,0.090873,0.008354,0.336062,0.008582,0.009319,0.411774,0.007934,0.080678
0.154988,0.609425,0.043965,0.008088,0.016380,0.008785,0.017934,0.010439,0.014787,0.115210
0.010398,0.013840,0.086512,0.010561,0.501482,0.017065,0.009485,0.011405,0.326738,0.012513
0.041532,0.051773,0.284741,0.038764,0.053376,0.038941,0.035085,0.046133,0.053506,0.356148
0.065817,0.068484,0.108258,0.023821,0.030374,0.018067,0.022676,0.195958,0.446912,0.019633
0.162757,0.006031,0.115338,0.055221,0.030050,0.019313,0.124128,0.058564,0.286658,0.141940
0.018047,0.006922,0.088858,0.147257,0.243482,0.007111,0.013254,0.364474,0.101808,0.008786
0.006878,0.007118,0.059169,0.007028,0.419701,0.017615,0.071170,0.007790,0.293802,0.109729
0.015298,0.048674,0.124363,0.007324,0.324401,0.010832,0.014732,0.130772,0.235902,0.087700
0.006772,0.050621,0.114410,0.204107,0.422019,0.007382,0.019874,0.148061,0.010714,0.016039
0.039020,0.037811,0.322468,0.045919,0.120396,0.070290,0.126599,0.077660,0.122719,0.037119
0.131781,0.005111,0.046227,0.010141,0.234316,0.016292,0.146663,0.184963,0.205914,0.018591
0.093835,0.380660,0.154125,0.005003,0.011846,0.005091,0.004431,0.131636,0.205005,0.008368
0.028193,0.025164,0.383713,0.145821,0.056415,0.066442,0.039021,0.191769,0.038225,0.025238
0.019120,0.056963,0.128995,0.020762,0.448771,0.021459,0.107537,0.012424,0.168332,0.015637
0.235971,0.008677,0.079830,0.040579,0.075184,0.068634,0.249295,0.025123,0.021086,0.195620
0.004709,0.007380,0.046897,0.206940,0.018274,0.033015,0.115572,0.199997,0.226021,0.141195
0.066684,0.032817,0.142905,0.025555,0.017494,0.018156,0.018449,0.346350,0.319665,0.011925
0.011895,0.014750,0.157726,0.011222,0.595663,0.020555,0.024422,0.014901,0.020362,0.128504
0.007785,0.503637,0.020836,0.011334,0.032142,0.048130,0.097601,0.008007,0.114247,0.156281
0.049484,0.018847,0.031732,0.463373,0.027009,0.018741,0.145643,0.022865,0.025487,0.196818
0.294302,0.065053,0.069232,0.054453,0.097397,0.096613,0.117771,0.061723,0.097474,0.045982
0.010285,0.054418,0.012229,0.010412,0.014206,0.017345,0.020619,0.583588,0.169675,0.107222
0.011582,0.034408,0.162476,0.014049,0.022034,0.012650,0.056330,0.206565,0.337509,0.142397
0.011109,0.034418,0.067645,0.011919,0.022813,0.027363,0.053659,0.736381,0.024755,0.009938
0.004635,0.024548,0.251635,0.007013,0.237808,0.039787,0.020032,0.157073,0.238806,0.018663
0.085401,0.323384,0.024777,0.005083,0.208545,0.004961,0.040446,0.031655,0.187870,0.087879
0.024726,0.507359,0.045597,0.007525,0.315768,0.007647,0.006703,0.056325,0.016350,0.011999
0.028636,0.012444,0.038214,0.009163,0.422868,0.030789,0.027722,0.024985,0.368702,0.036477
0.007489,0.407347,0.104830,0.007878,0.333787,0.008899,0.011104,0.008951,0.009351,0.100362
0.006440,0.512061,0.023095,0.035762,0.298088,0.014782,0.015347,0.009226,0.075029,0.010171
0.008994,0.010975,0.020663,0.011513,0.344062,0.020574,0.046569,0.200926,0.327717,0.008007
0.019905,0.022528,0.610878,0.016370,0.077410,0.047515,0.087680,0.017289,0.059072,0.041353
0.027615,0.036838,0.075123,0.031025,0.038396,0.041419,0.222127,0.035320,0.449786,0.042352
0.006918,0.044621,0.047690,0.006237,0.298985,0.006483,0.048903,0.443998,0.009402,0.086763
0.010574,0.010825,0.022251,0.010726,0.432142,0.021146,0.020632,0.285658,0.175814,0.010231
0.025894,0.011326,0.088672,0.010987,0.016475,0.019770,0.022863,0.567312,0.228054,0.008646
0.006340,0.454641,0.008778,0.008421,0.234110,0.006834,0.008951,0.008280,0.255113,0.008533
0.014612,0.050232,0.106627,0.014987,0.041265,0.021464,0.080527,0.314989,0.161764,0.193532
0.008027,0.529281,0.055005,0.008826,0.009569,0.014600,0.014887,0.130770,0.219080,0.009956
0.004953,0.345875,0.089371,0.006858,0.009201,0.010974,0.007971,0.401822,0.115890,0.007084
0.007402,0.519547,0.043385,0.010675,0.032316,0.046891,0.031299,0.183113,0.110979,0.014395
0.011529,0.782663,0.095836,0.012532,0.017400,0.013783,0.025781,0.013926,0.014908,0.011643
0.008792,0.008491,0.046401,0.008793,0.458875,0.013470,0.007852,0.058226,0.249658,0.139442
0.041799,0.356096,0.075156,0.007985,0.011519,0.031332,0.008151,0.197901,0.264758,0.005302
0.054578,0.074514,0.068060,0.067083,0.082796,0.099058,0.094280,0.319599,0.086709,0.053323
0.164674,0.015140,0.116989,0.018753,0.099789,0.099760,0.046545,0.149669,0.274071,0.014610
0.014503,0.009234,0.015817,0.014607,0.246648,0.016420,0.025758,0.461748,0.186782,0.008483
0.103278,0.005375,0.112204,0.004913,0.023031,0.015017,0.127637,0.373980,0.220715,0.013849
0.003439,0.245345,0.056852,0.005498,0.162061,0.019465,0.047124,0.325181,0.054259,0.080778
0.018050,0.052963,0.012220,0.011464,0.016800,0.008813,0.050933,0.559250,0.164461,0.105044
0.005940,0.066614,0.045975,0.005917,0.023318,0.051708,0.089404,0.251969,0.281194,0.177960
0.027287,0.406946,0.025148,0.007118,0.025237,0.031586,0.020659,0.010640,0.303662,0.141717
0.020642,0.012502,0.046905,0.009309,0.017656,0.015278,0.023920,0.593670,0.251218,0.008901
0.010621,0.558732,0.056279,0.010878,0.014876,0.009483,0.011118,0.011027,0.237834,0.079151
0.018051,0.349728,0.265839,0.006692,0.011591,0.026190,0.009006,0.047383,0.257767,0.007753
0.029298,0.108167,0.231900,0.027056,0.126917,0.068951,0.274576,0.059616,0.047949,0.025571
0.008436,0.060337,0.056937,0.008849,0.029666,0.019656,0.024613,0.593228,0.181256,0.017021
0.009514,0.268420,0.008388,0.005578,0.225466,0.004728,0.009226,0.289039,0.175436,0.004205
0.009036,0.007761,0.182139,0.007577,0.330965,0.013655,0.153892,0.048568,0.237355,0.009053
0.089697,0.003483,0.111963,0.129629,0.020591,0.011443,0.112450,0.298629,0.148655,0.073461
0.008523,0.012892,0.041474,0.034844,0.048983,0.031165,0.151941,0.087399,0.399338,0.183440
0.005340,0.005239,0.036247,0.005457,0.303392,0.033020,0.068292,0.421464,0.008135,0.113414
0.177737,0.008870,0.343147,0.008742,0.025800,0.016385,0.024807,0.016822,0.368901,0.008788
0.010711,0.430782,0.185999,0.006502,0.009920,0.007214,0.006033,0.222024,0.009550,0.111265
0.005029,0.341865,0.085148,0.141849,0.215440,0.007120,0.010726,0.020549,0.167265,0.005009
0.008119,0.006566,0.242402,0.007906,0.315837,0.012306,0.097747,0.181803,0.014047,0.113265
0.005891,0.379990,0.025017,0.008902,0.318059,0.030487,0.021741,0.042493,0.156912,0.010508
0.010037,0.361660,0.014898,0.008485,0.243291,0.029160,0.012338,0.059157,0.249484,0.011491
0.044835,0.026196,0.038340,0.019601,0.022780,0.037443,0.085965,0.022970,0.679421,0.022448
0.188092,0.007023,0.182901,0.009645,0.037601,0.055769,0.129197,0.211788,0.017251,0.160734
0.250414,0.013028,0.236470,0.041705,0.048561,0.059533,0.124157,0.024421,0.014641,0.187070
0.023089,0.021010,0.050813,0.023151,0.037287,0.029338,0.036186,0.024790,0.724695,0.029641
0.021813,0.340381,0.006260,0.005810,0.006971,0.006302,0.006909,0.340156,0.213947,0.051452
0.007040,0.423323,0.017354,0.006448,0.246555,0.006605,0.039862,0.160346,0.008921,0.083548
0.016114,0.089347,0.142056,0.016539,0.037758,0.036638,0.023204,0.462397,0.151851,0.024096
0.068937,0.012351,0.073666,0.007375,0.440531,0.064423,0.115328,0.021722,0.013401,0.182268
0.005481,0.400178,0.034241,0.005194,0.232281,0.007603,0.011375,0.197478,0.015020,0.091148
0.006777,0.474898,0.114401,0.009365,0.011938,0.009040,0.011741,0.250870,0.011473,0.099498
0.035384,0.538008,0.041864,0.010520,0.013990,0.009231,0.010845,0.244022,0.012342,0.083794
0.169556,0.068010,0.084961,0.008905,0.416136,0.016348,0.027709,0.075675,0.110162,0.022539
0.016098,0.020737,0.055072,0.089112,0.035685,0.022825,0.182391,0.290368,0.023206,0.264507
0.007174,0.031213,0.120042,0.013147,0.289285,0.050765,0.157496,0.197345,0.126951,0.006582
0.009738,0.576470,0.078708,0.009908,0.010556,0.010586,0.019185,0.202487,0.073302,0.009062
0.278693,0.024845,0.023818,0.037247,0.028541,0.035781,0.034157,0.024909,0.489444,0.022565
0.014272,0.011303,0.075589,0.045424,0.074657,0.036079,0.270590,0.110928,0.320452,0.040706
0.011890,0.494536,0.194425,0.007681,0.015724,0.008865,0.006035,0.238873,0.015186,0.006785
0.011215,0.060989,0.118554,0.012644,0.014914,0.013787,0.027618,0.227481,0.390118,0.122679
0.006152,0.337448,0.022894,0.006945,0.277880,0.005098,0.011068,0.111942,0.115080,0.105494
0.023624,0.105082,0.036080,0.024504,0.042632,0.022501,0.036353,0.023400,0.473968,0.211855
0.013729,0.013657,0.093200,0.013854,0.070531,0.045980,0.245261,0.430334,0.021304,0.052149
0.042859,0.045359,0.180600,0.006434,0.247350,0.004876,0.163175,0.119613,0.185147,0.004587
0.012176,0.061079,0.378596,0.016612,0.069450,0.077611,0.202182,0.151323,0.019212,0.011759
0.036097,0.017068,0.024434,0.085730,0.035180,0.042044,0.137385,0.085459,0.506784,0.029819
0.005130,0.299392,0.007626,0.004783,0.158593,0.004964,0.020004,0.313001,0.137412,0.049095
0.008205,0.028113,0.146576,0.006796,0.396909,0.012563,0.005961,0.014045,0.272745,0.108088
0.013516,0.740208,0.019815,0.014509,0.019379,0.012601,0.105363,0.043588,0.017837,0.013184
0.053868,0.005301,0.314777,0.006337,0.037075,0.041112,0.015026,0.162240,0.223629,0.140636
0.029987,0.426457,0.311587,0.047628,0.016701,0.041865,0.005511,0.006717,0.100602,0.012945
0.008777,0.091051,0.062538,0.011894,0.064017,0.028980,0.112408,0.008992,0.377653,0.233689
0.008743,0.007663,0.135611,0.008027,0.332368,0.019943,0.016217,0.149592,0.306587,0.015248
0.125040,0.324849,0.027821,0.007017,0.238054,0.024652,0.008367,0.112915,0.126706,0.004580
0.057382,0.008241,0.040730,0.005962,0.313229,0.044177,0.073048,0.142926,0.159119,0.155187
0.010570,0.716733,0.017993,0.013448,0.014158,0.014153,0.014816,0.010654,0.013977,0.173498
0.006399,0.376682,0.009147,0.007002,0.006773,0.006496,0.007492,0.360615,0.212189,0.007205
0.013908,0.790290,0.084235,0.016555,0.014692,0.015289,0.016553,0.015940,0.016922,0.015616
0.003298,0.256033,0.093677,0.003544,0.187327,0.019655,0.041657,0.309235,0.006006,0.079568
0.015041,0.011317,0.553431,0.021350,0.039973,0.036575,0.009567,0.011269,0.053314,0.248163
0.005784,0.457313,0.043343,0.008946,0.025179,0.017246,0.080520,0.006334,0.181371,0.173964
0.008253,0.009425,0.256388,0.010346,0.309936,0.011881,0.016599,0.007249,0.236506,0.133419
0.007751,0.440662,0.046042,0.008956,0.008038,0.008355,0.013782,0.114916,0.275409,0.076090
0.068750,0.261370,0.020956,0.004133,0.159058,0.004908,0.007544,0.262118,0.158345,0.052818
0.044856,0.007365,0.022868,0.212439,0.291267,0.011017,0.086261,0.010065,0.221646,0.092216
0.025608,0.032174,0.049812,0.651596,0.038084,0.044955,0.043128,0.030987,0.044228,0.039428
0.012438,0.016590,0.065512,0.013833,0.036363,0.020385,0.026680,0.769990,0.015637,0.022570
0.006185,0.005941,0.024906,0.005397,0.026434,0.020198,0.004989,0.510859,0.252729,0.142362
0.091906,0.004205,0.157885,0.004327,0.249635,0.004313,0.136089,0.324737,0.015420,0.011482
0.089342,0.008628,0.058194,0.014013,0.401579,0.067146,0.113119,0.219726,0.019990,0.008264
0.012584,0.425051,0.058117,0.175270,0.264047,0.007020,0.013407,0.029983,0.008397,0.006123
0.011927,0.091487,0.023737,0.010496,0.538187,0.032475,0.159701,0.081510,0.019105,0.031374
0.007249,0.009078,0.258595,0.006403,0.016939,0.006778,0.135293,0.466664,0.078654,0.014348
0.047401,0.025048,0.388301,0.017633,0.055657,0.043737,0.302321,0.019663,0.057070,0.043169
0.006688,0.402087,0.006683,0.007311,0.214471,0.010362,0.012481,0.007079,0.232880,0.099958
0.012155,0.408231,0.102297,0.006051,0.246355,0.010994,0.029161,0.008611,0.076550,0.099595
0.005292,0.344352,0.039390,0.007570,0.025098,0.013974,0.030705,0.411664,0.008864,0.113091
0.012470,0.031401,0.135660,0.015378,0.018822,0.022529,0.021776,0.258721,0.464510,0.018733
0.025937,0.035830,0.047388,0.114605,0.063487,0.031694,0.218436,0.112585,0.048756,0.301281
0.014821,0.072328,0.143493,0.025831,0.017815,0.029729,0.011948,0.056479,0.488715,0.138842
0.007341,0.068066,0.176739,0.014589,0.378199,0.014976,0.091831,0.205393,0.016557,0.026310
0.005548,0.054851,0.169125,0.010274,0.253927,0.042681,0.132538,0.051554,0.260315,0.019187
0.027039,0.034786,0.049434,0.027761,0.032777,0.037050,0.045490,0.485453,0.228273,0.031938
0.009644,0.528407,0.009467,0.011005,0.013066,0.010922,0.010611,0.010536,0.316083,0.080258
0.022157,0.008068,0.183583,0.262273,0.027190,0.015769,0.104044,0.008948,0.344670,0.023298
0.035925,0.005773,0.108060,0.005366,0.308810,0.009302,0.064345,0.390231,0.060487,0.011701
0.025211,0.488181,0.045401,0.015149,0.305374,0.008528,0.081951,0.007817,0.010297,0.012090
0.149647,0.615344,0.022793,0.008193,0.015123,0.008611,0.019021,0.038692,0.011595,0.110982
0.011909,0.014945,0.107576,0.009229,0.573873,0.037728,0.035004,0.133948,0.029731,0.046057
0.365676,0.022195,0.034609,0.021276,0.048624,0.034843,0.031359,0.159576,0.236056,0.045785
0.007959,0.506637,0.011016,0.009848,0.010528,0.008962,0.011598,0.125503,0.298744,0.009204
0.007143,0.023542,0.011693,0.008209,0.380004,0.010680,0.036376,0.498349,0.010416,0.013588
0.035242,0.456821,0.160032,0.006256,0.032096,0.033938,0.096352,0.009440,0.162572,0.007251
0.008486,0.058909,0.013999,0.008366,0.402843,0.014106,0.023581,0.203776,0.257803,0.008131
0.012644,0.035875,0.019022,0.029598,0.637428,0.025495,0.011631,0.062103,0.016786,0.149419
0.009270,0.010973,0.015913,0.009566,0.366210,0.018436,0.049947,0.184873,0.321947,0.012866
0.201466,0.015598,0.029102,0.013746,0.026438,0.025521,0.136306,0.063983,0.463791,0.024049
0.123440,0.011854,0.074946,0.011982,0.066604,0.090796,0.029734,0.028735,0.523196,0.038713
0.009237,0.054349,0.078986,0.092094,0.065908,0.068025,0.008723,0.136676,0.446041,0.039962
0.005558,0.391801,0.152075,0.007398,0.009192,0.010563,0.007918,0.188265,0.221700,0.005531
0.176605,0.386645,0.231467,0.009845,0.022998,0.036574,0.066473,0.044681,0.015149,0.009562
0.047983,0.009383,0.100424,0.030297,0.467957,0.009875,0.091794,0.010372,0.206214,0.025701
0.007577,0.491102,0.117089,0.011554,0.018410,0.018873,0.125391,0.190717,0.011652,0.007636
0.021108,0.062006,0.022523,0.051353,0.458462,0.015538,0.009296,0.221715,0.019468,0.118530
0.007669,0.007508,0.232036,0.007826,0.400451,0.059590,0.210215,0.007722,0.037586,0.029397
0.005044,0.362977,0.026471,0.005068,0.234555,0.035660,0.010048,0.167094,0.146606,0.006477
0.047768,0.713347,0.059097,0.032779,0.013367,0.019250,0.043614,0.040470,0.016373,0.013936
0.008040,0.424752,0.035609,0.008127,0.008140,0.008082,0.008774,0.428164,0.009139,0.061174
0.007954,0.472233,0.076458,0.009166,0.010479,0.007742,0.059952,0.129492,0.218982,0.007543
0.008327,0.048176,0.017033,0.007080,0.389702,0.009757,0.073832,0.039730,0.282776,0.123588
0.010918,0.016560,0.595084,0.012622,0.087740,0.043738,0.038073,0.120781,0.028326,0.046158
0.023749,0.017275,0.101770,0.293640,0.014858,0.017937,0.011955,0.232663,0.271181,0.014972
0.009606,0.010128,0.232817,0.013225,0.051704,0.061949,0.225021,0.025058,0.175221,0.195271
0.014286,0.771745,0.030985,0.010842,0.029192,0.028554,0.062586,0.010888,0.018082,0.022840
0.045959,0.020914,0.051549,0.025094,0.041333,0.028870,0.255314,0.462832,0.026294,0.041842
0.009179,0.008144,0.021078,0.010711,0.322026,0.019459,0.116636,0.058106,0.298195,0.136467
0.013307,0.012833,0.035250,0.320187,0.022776,0.012668,0.021305,0.081376,0.459341,0.020957
0.005449,0.057290,0.179944,0.004929,0.309934,0.045978,0.004693,0.140794,0.227524,0.023464
0.109300,0.010619,0.009647,0.009643,0.009771,0.009579,0.007222,0.483224,0.267492,0.083503
0.056482,0.011477,0.236277,0.011036,0.053428,0.017643,0.038538,0.085692,0.462016,0.027411
0.006271,0.442297,0.301039,0.006291,0.022691,0.040343,0.012901,0.067053,0.093741,0.007373
0.011062,0.010807,0.021865,0.022130,0.525750,0.012829,0.019288,0.064761,0.188745,0.122763
0.011690,0.010490,0.168207,0.027052,0.452956,0.011027,0.022789,0.059536,0.213370,0.022882
0.017110,0.662611,0.019567,0.012741,0.012656,0.011789,0.022008,0.046359,0.181612,0.013547
0.011629,0.043114,0.091405,0.010704,0.030806,0.017513,0.144276,0.275190,0.365271,0.010092
0.015092,0.024894,0.248974,0.004423,0.272717,0.039065,0.143916,0.015330,0.217027,0.018561
0.003714,0.260488,0.023966,0.003325,0.167338,0.019963,0.009279,0.320678,0.183540,0.007710
0.009381,0.007715,0.119721,0.041925,0.452992,0.011591,0.068408,0.257518,0.016321,0.014427
0.006017,0.418488,0.037196,0.007794,0.243650,0.007231,0.016972,0.005982,0.133852,0.122819
0.007408,0.006178,0.078804,0.006241,0.337720,0.015188,0.015189,0.425448,0.008292,0.099532
0.006743,0.416875,0.177329,0.008002,0.012498,0.012931,0.054033,0.039793,0.263764,0.008034
0.008470,0.463602,0.044881,0.007707,0.009061,0.009529,0.047961,0.207350,0.191609,0.009830
0.019442,0.020091,0.036552,0.083065,0.026797,0.019991,0.035162,0.105649,0.624741,0.028511
0.014247,0.011404,0.151263,0.014448,0.673589,0.018625,0.037859,0.012353,0.036615,0.029596
0.006685,0.037674,0.030004,0.010226,0.423785,0.024752,0.126079,0.019701,0.312643,0.008452
0.087376,0.007084,0.016470,0.027984,0.278124,0.007328,0.044190,0.367262,0.154880,0.009302
0.049632,0.007658,0.108545,0.010866,0.318716,0.013028,0.017034,0.146640,0.312010,0.015870
0.009117,0.030121,0.315431,0.025184,0.036991,0.012486,0.085961,0.320087,0.027979,0.136645
0.035163,0.316321,0.209352,0.004355,0.014412,0.011294,0.008462,0.168934,0.223892,0.007816
0.009289,0.606484,0.027200,0.012649,0.039404,0.023223,0.019797,0.016650,0.026938,0.218364
0.035608,0.013151,0.174821,0.017214,0.606441,0.024848,0.061416,0.014405,0.018413,0.033683
0.007072,0.043291,0.082444,0.007079,0.361848,0.007304,0.017962,0.457315,0.008941,0.006743
0.006956,0.388683,0.026870,0.151341,0.008535,0.007602,0.008173,0.173883,0.169720,0.058237
0.019462,0.049586,0.023358,0.036776,0.027206,0.020007,0.102108,0.387015,0.311976,0.022506
0.006281,0.421944,0.011803,0.023231,0.228834,0.006778,0.008753,0.106244,0.114444,0.071688
0.012134,0.009524,0.206139,0.076637,0.574968,0.009621,0.025878,0.010192,0.042214,0.032692
0.027426,0.015990,0.246329,0.016160,0.546472,0.019706,0.073495,0.012503,0.030731,0.011188
0.008876,0.559385,0.009861,0.023638,0.014530,0.010747,0.031077,0.010610,0.247404,0.083872
0.149554,0.009044,0.021873,0.009201,0.350672,0.021683,0.013578,0.060033,0.256998,0.107364
0.032016,0.037622,0.086612,0.033035,0.048916,0.039575,0.026657,0.619946,0.041555,0.034067
0.011950,0.011560,0.099292,0.014470,0.639398,0.040438,0.036053,0.037612,0.061427,0.047799
0.030228,0.010857,0.095164,0.016625,0.032267,0.021629,0.267867,0.079933,0.435261,0.010168
0.296962,0.011033,0.074569,0.045393,0.040099,0.036664,0.146000,0.293465,0.016699,0.039118
0.008835,0.008395,0.032326,0.033595,0.066514,0.027745,0.021862,0.217106,0.360358,0.223266
0.007649,0.008567,0.231092,0.212462,0.361393,0.018412,0.048994,0.006549,0.086733,0.018150
0.010721,0.027707,0.023967,0.011327,0.493147,0.009137,0.124887,0.013440,0.268472,0.017195
0.011437,0.015970,0.448466,0.029790,0.040411,0.024727,0.030635,0.016576,0.367951,0.014035
0.043570,0.027246,0.047919,0.021555,0.032273,0.022427,0.019967,0.420608,0.343449,0.020986
0.013745,0.484124,0.036646,0.007454,0.013077,0.008581,0.040597,0.008174,0.299135,0.088467
0.018522,0.014940,0.588095,0.015436,0.044803,0.037883,0.013577,0.028986,0.197397,0.040361
0.038862,0.009909,0.015775,0.009563,0.439358,0.016238,0.008551,0.176338,0.274176,0.011230
0.019120,0.018297,0.162263,0.019022,0.055003,0.037268,0.049802,0.020642,0.600603,0.017980
0.008916,0.008499,0.071279,0.008829,0.024163,0.013943,0.020919,0.620155,0.201485,0.021812
0.073963,0.010522,0.044402,0.010180,0.574086,0.016104,0.032247,0.210106,0.016382,0.012008
0.067798,0.537779,0.193800,0.008915,0.036688,0.050293,0.016058,0.060296,0.011860,0.016513
0.093271,0.048016,0.144103,0.018707,0.034202,0.012565,0.051139,0.313030,0.273261,0.011708
0.010184,0.012884,0.057331,0.055320,0.020177,0.017070,0.037139,0.664892,0.103939,0.021063
0.052432,0.065631,0.105834,0.059092,0.130411,0.066707,0.299673,0.055818,0.072694,0.091706
0.020202,0.006494,0.320620,0.250697,0.039207,0.052196,0.163024,0.006559,0.116086,0.024915
0.033464,0.437013,0.009209,0.008175,0.283878,0.008673,0.033008,0.117302,0.060432,0.008846
0.009993,0.011266,0.084401,0.100643,0.091290,0.037985,0.189326,0.146453,0.056955,0.271687
0.005216,0.005749,0.323435,0.007011,0.031353,0.043431,0.076049,0.219353,0.282836,0.005567
0.008230,0.010584,0.159787,0.026100,0.442991,0.018955,0.058848,0.075083,0.190492,0.008929
0.014260,0.005359,0.297333,0.006858,0.292448,0.031779,0.013414,0.012361,0.216578,0.109611
0.009886,0.010051,0.206227,0.009523,0.023684,0.021797,0.076434,0.244173,0.386627,0.011598
0.060627,0.072601,0.132107,0.133775,0.111351,0.137164,0.082552,0.076492,0.080836,0.112496
0.005045,0.005447,0.197440,0.005144,0.215117,0.024036,0.064555,0.331266,0.065750,0.086200
0.018031,0.058437,0.153072,0.009273,0.410373,0.016706,0.017114,0.061916,0.246502,0.008577
0.007336,0.479921,0.404004,0.011206,0.033641,0.019075,0.018560,0.007409,0.011231,0.007617
0.006812,0.484024,0.018298,0.006679,0.308238,0.007524,0.014947,0.134678,0.009292,0.009507
0.127111,0.006225,0.241197,0.006067,0.315621,0.010006,0.005617,0.056169,0.214684,0.017301
0.024980,0.019287,0.041467,0.163430,0.293897,0.014079,0.051112,0.112246,0.201873,0.077630
0.009485,0.008425,0.180400,0.017436,0.371759,0.065830,0.024346,0.249307,0.040733,0.032280
0.100057,0.100446,0.033763,0.014995,0.069784,0.063560,0.128295,0.024458,0.433094,0.031548
0.022940,0.030544,0.183898,0.038899,0.025721,0.038767,0.106207,0.027028,0.494627,0.031369
0.033326,0.097117,0.104981,0.043393,0.073335,0.043697,0.324249,0.177144,0.045417,0.057341
0.031526,0.090277,0.020481,0.015097,0.025043,0.015957,0.025795,0.329966,0.269876,0.175981
0.012247,0.037666,0.179064,0.150640,0.235167,0.008565,0.015446,0.162117,0.186105,0.012984
0.033549,0.005286,0.018153,0.005464,0.297694,0.039293,0.093403,0.470783,0.021091,0.015283
0.125543,0.060463,0.087945,0.021610,0.041322,0.032532,0.137514,0.023535,0.216708,0.252827
0.032977,0.004620,0.147780,0.005553,0.024184,0.014920,0.073020,0.393301,0.206323,0.097321
0.007357,0.260434,0.010790,0.004342,0.171731,0.020204,0.062936,0.285607,0.169694,0.006906
0.008954,0.437739,0.017983,0.009651,0.015535,0.034963,0.022379,0.257465,0.183577,0.011755
0.034966,0.047183,0.361167,0.038988,0.092836,0.071191,0.083112,0.162992,0.044156,0.063410
0.023334,0.034039,0.182292,0.023877,0.093628,0.025208,0.199729,0.040171,0.037450,0.340273
0.049390,0.017694,0.089781,0.369345,0.027978,0.013362,0.011661,0.019485,0.385991,0.015314
0.012879,0.014900,0.017838,0.019390,0.013513,0.012196,0.074084,0.305001,0.414017,0.116183
0.014422,0.073696,0.025989,0.059254,0.025877,0.017515,0.107948,0.015220,0.516635,0.143445
0.033047,0.284754,0.104866,0.005355,0.009565,0.021458,0.008503,0.343834,0.181353,0.007265
0.018360,0.330333,0.078523,0.004259,0.246543,0.004263,0.009299,0.106722,0.191676,0.010022
0.011055,0.067335,0.155739,0.023814,0.500412,0.013679,0.009211,0.055028,0.024999,0.138728
0.148016,0.378247,0.034357,0.013573,0.226589,0.034656,0.013240,0.130662,0.008210,0.012450
0.010472,0.629723,0.011306,0.011130,0.011526,0.018566,0.022156,0.012384,0.262181,0.010555
0.005123,0.004950,0.098219,0.036822,0.222987,0.008619,0.166011,0.177829,0.195618,0.083822
0.006943,0.006035,0.048241,0.056784,0.283034,0.039612,0.153473,0.006186,0.264565,0.135128
0.014533,0.020938,0.088332,0.013078,0.079479,0.108895,0.184382,0.385344,0.059864,0.045156
0.031961,0.019164,0.562024,0.016414,0.031138,0.023255,0.030952,0.101064,0.152619,0.031410
0.009486,0.012343,0.164608,0.010761,0.488385,0.012052,0.064244,0.215319,0.013684,0.009118
0.004903,0.365978,0.136784,0.031029,0.216892,0.011305,0.021198,0.114742,0.012602,0.084566
0.026100,0.027341,0.121644,0.043407,0.125485,0.165901,0.021967,0.256060,0.122655,0.089440
0.006160,0.383713,0.098090,0.005663,0.014018,0.007508,0.012555,0.160240,0.223637,0.088419
0.007028,0.289393,0.029962,0.014830,0.191497,0.004996,0.009214,0.288415,0.120869,0.043796
0.093716,0.456824,0.007650,0.019109,0.007885,0.007089,0.025614,0.193177,0.181702,0.007233
0.008016,0.485959,0.008716,0.008040,0.009524,0.008196,0.009153,0.199473,0.173713,0.089210
0.006082,0.421849,0.026571,0.009428,0.023182,0.015043,0.012814,0.010832,0.298105,0.176093
0.011066,0.011918,0.444882,0.014454,0.039673,0.019316,0.040453,0.391442,0.015866,0.010931
0.011491,0.046312,0.101065,0.014264,0.671922,0.021896,0.029759,0.025864,0.043128,0.034298
0.040061,0.530279,0.014104,0.234024,0.017053,0.011764,0.039952,0.009061,0.011206,0.092495
0.006703,0.006768,0.012443,0.013132,0.318972,0.006861,0.009635,0.402044,0.152875,0.070567
0.018180,0.009910,0.011982,0.017028,0.013399,0.021045,0.016484,0.625944,0.163317,0.102711
0.011833,0.061984,0.028526,0.048995,0.018070,0.016487,0.020167,0.760549,0.017207,0.016182
0.005980,0.006041,0.247121,0.006330,0.014002,0.010200,0.013112,0.426328,0.171957,0.098928
0.007724,0.009730,0.362940,0.006437,0.063203,0.025102,0.019981,0.207547,0.290668,0.006669
0.015227,0.004861,0.023459,0.008459,0.277086,0.031382,0.015695,0.404417,0.200242,0.019171
0.007692,0.008586,0.129115,0.218804,0.359850,0.011106,0.014973,0.011840,0.230775,0.007259
0.030869,0.004742,0.198280,0.019513,0.032807,0.016927,0.014158,0.374459,0.202105,0.106141
0.008885,0.007180,0.273621,0.022844,0.361558,0.007363,0.017394,0.188147,0.094276,0.018732
0.048140,0.012142,0.473027,0.030338,0.027757,0.030963,0.025724,0.090365,0.246886,0.014659
0.013183,0.017851,0.028982,0.029988,0.590764,0.019837,0.106706,0.014716,0.024814,0.153159
0.268222,0.104246,0.041950,0.020076,0.032558,0.027157,0.135402,0.018462,0.320653,0.031275
0.010091,0.013708,0.016421,0.010087,0.545190,0.014496,0.054753,0.010741,0.303295,0.021218
0.010942,0.011468,0.027678,0.010895,0.477291,0.022286,0.117285,0.272286,0.028832,0.021036
0.007836,0.011103,0.088646,0.010006,0.454746,0.008295,0.090984,0.203327,0.102898,0.022158
0.023307,0.074382,0.164955,0.058888,0.054928,0.025055,0.050791,0.174693,0.062581,0.310419
0.120243,0.011520,0.349041,0.022492,0.071694,0.036963,0.151632,0.142429,0.053230,0.040758
0.290959,0.110885,0.229939,0.019381,0.050314,0.037952,0.017813,0.024272,0.185609,0.032875
0.007771,0.006963,0.271056,0.010878,0.032675,0.020929,0.108848,0.524101,0.009913,0.006866
0.145727,0.355615,0.021994,0.006015,0.261981,0.033100,0.004389,0.005277,0.017565,0.148339
0.036815,0.038281,0.053554,0.187710,0.076383,0.074291,0.088579,0.038897,0.370162,0.035328
0.007024,0.008182,0.143934,0.296413,0.035254,0.048105,0.027506,0.018801,0.230578,0.184203
0.003639,0.004114,0.240132,0.004100,0.018507,0.030829,0.098244,0.315302,0.177742,0.107391
0.006795,0.421289,0.068391,0.007928,0.266063,0.006844,0.012537,0.028992,0.111756,0.069406
0.017685,0.557811,0.014369,0.008076,0.012943,0.008286,0.040018,0.010033,0.321101,0.009679
0.007032,0.007617,0.167329,0.010635,0.373669,0.015275,0.191043,0.018451,0.201838,0.007111
0.011859,0.049634,0.108268,0.084571,0.038639,0.020953,0.150355,0.013495,0.491353,0.030873
0.005071,0.005994,0.111415,0.005999,0.324715,0.019702,0.127391,0.015992,0.252271,0.131449
0.041287,0.573586,0.014167,0.012289,0.013064,0.010872,0.011545,0.164029,0.013139,0.146023
0.088859,0.019033,0.080392,0.013273,0.074366,0.095180,0.044830,0.488121,0.055237,0.040710
0.013123,0.503540,0.008796,0.008168,0.311158,0.008212,0.009706,0.009858,0.011196,0.116240
0.059433,0.029032,0.099331,0.025172,0.427057,0.018201,0.112155,0.198212,0.024217,0.007190
0.039033,0.009250,0.333230,0.012860,0.023040,0.023458,0.072995,0.053904,0.301139,0.131091
0.018800,0.046589,0.022411,0.020300,0.032987,0.021192,0.023909,0.020484,0.598225,0.195102
0.012352,0.016861,0.259039,0.018847,0.038815,0.019732,0.131385,0.023583,0.444252,0.035134
0.005404,0.028809,0.045631,0.007667,0.298502,0.018863,0.169053,0.162922,0.152151,0.110996
0.005096,0.362559,0.016864,0.005140,0.222600,0.027448,0.011403,0.125565,0.079604,0.143721
0.079620,0.026700,0.315940,0.032214,0.051080,0.036316,0.208182,0.170898,0.054022,0.025028
0.228875,0.015528,0.129568,0.018297,0.027410,0.033813,0.083771,0.020023,0.420047,0.022669
0.012394,0.539400,0.009428,0.009237,0.009692,0.009498,0.011035,0.181993,0.138532,0.078792
0.026166,0.073830,0.087755,0.063940,0.427935,0.010935,0.009625,0.081944,0.205273,0.012597
0.065880,0.005983,0.207053,0.007492,0.033925,0.021208,0.146629,0.226187,0.260949,0.024694
0.008563,0.581329,0.063016,0.011652,0.012808,0.009292,0.017380,0.009644,0.155096,0.131220
0.018222,0.010066,0.086633,0.042197,0.466116,0.017801,0.017193,0.192480,0.012479,0.136813
0.006207,0.006311,0.235114,0.007332,0.358229,0.011188,0.075327,0.042690,0.250342,0.007261
0.017548,0.251100,0.092891,0.154040,0.014033,0.019874,0.049082,0.149132,0.173697,0.078600
0.013116,0.018698,0.135913,0.359687,0.026178,0.026131,0.018462,0.014790,0.234581,0.152443
0.052598,0.014204,0.208938,0.070280,0.038997,0.014851,0.307179,0.092560,0.032032,0.168361
0.035211,0.008390,0.214985,0.006053,0.346105,0.015122,0.195897,0.012386,0.149460,0.016392
0.020832,0.030269,0.084255,0.008838,0.475154,0.014657,0.023514,0.208996,0.011957,0.121528
0.027352,0.032467,0.066643,0.028623,0.045632,0.034904,0.036416,0.415177,0.260722,0.052063
0.052874,0.009763,0.197044,0.059993,0.343627,0.050498,0.087056,0.016979,0.029234,0.152933
0.004810,0.007369,0.173043,0.023393,0.018815,0.034052,0.067787,0.442397,0.223406,0.004928
0.006590,0.394219,0.071835,0.006726,0.292000,0.006647,0.008103,0.022820,0.185484,0.005577
0.016409,0.007305,0.103943,0.004692,0.034038,0.017390,0.070171,0.407623,0.220536,0.117891
0.278132,0.106222,0.172664,0.018794,0.031943,0.042933,0.040406,0.114108,0.176207,0.018592
0.006449,0.033664,0.341589,0.013444,0.330295,0.044747,0.078908,0.093048,0.032948,0.024910
0.008026,0.008825,0.044890,0.006307,0.340163,0.039177,0.019027,0.480470,0.029556,0.023559
0.010688,0.663527,0.011649,0.009711,0.013373,0.011276,0.066649,0.032010,0.080983,0.100134
0.006117,0.342490,0.057103,0.018770,0.006316,0.006469,0.011723,0.330457,0.215146,0.005409
0.025555,0.295043,0.024907,0.004652,0.233903,0.012192,0.003843,0.176887,0.211811,0.011206
0.041628,0.011331,0.125573,0.112419,0.118563,0.042734,0.040465,0.012084,0.480489,0.014715
0.021141,0.010553,0.065966,0.011713,0.034009,0.013564,0.091096,0.557630,0.176050,0.018277
0.272342,0.024737,0.190994,0.020346,0.029389,0.027539,0.016576,0.377225,0.023241,0.017611
0.008432,0.051670,0.012521,0.009635,0.439400,0.011402,0.007576,0.008949,0.317906,0.132510
0.012387,0.009470,0.081246,0.091299,0.433705,0.033146,0.029654,0.032239,0.024099,0.252754
0.007398,0.526823,0.012174,0.009439,0.271673,0.011054,0.015648,0.007462,0.010385,0.127944
0.005716,0.008031,0.039307,0.218635,0.278319,0.036339,0.075898,0.151112,0.165591,0.021051
0.180825,0.026733,0.096851,0.036304,0.064892,0.037427,0.425912,0.041757,0.038612,0.050687
0.056443,0.007482,0.054312,0.067523,0.327383,0.024152,0.169522,0.268465,0.017749,0.006970
0.004087,0.281589,0.028155,0.005116,0.201651,0.004179,0.009143,0.262863,0.158946,0.044271
0.016736,0.022980,0.115411,0.471551,0.054778,0.042841,0.035848,0.025219,0.180169,0.034467
0.006607,0.507583,0.039773,0.009112,0.013736,0.009425,0.015689,0.036401,0.261094,0.100580
0.025007,0.011004,0.042987,0.072220,0.057272,0.027932,0.176099,0.241099,0.337010,0.009370
0.054187,0.009132,0.184644,0.008242,0.441199,0.008706,0.206743,0.020778,0.038326,0.028042
0.149318,0.054301,0.169846,0.004720,0.286493,0.018981,0.017479,0.068046,0.105086,0.125730
0.019630,0.011745,0.154849,0.010338,0.354338,0.018688,0.013689,0.063085,0.337532,0.016106
0.017243,0.632196,0.079548,0.009721,0.011593,0.011061,0.069789,0.012050,0.013953,0.142847
0.047386,0.007725,0.074179,0.007712,0.373587,0.013560,0.084949,0.063288,0.191608,0.136006
0.013945,0.427915,0.073576,0.007004,0.306428,0.006522,0.044084,0.006372,0.107276,0.006878
0.007121,0.516113,0.130032,0.007067,0.029257,0.009739,0.031156,0.054721,0.197750,0.017045
0.005510,0.415453,0.049203,0.006365,0.204812,0.010657,0.027816,0.098374,0.175080,0.006729
0.005167,0.322036,0.005950,0.006229,0.268770,0.009194,0.011012,0.358968,0.006748,0.005926
0.005413,0.050878,0.209333,0.007581,0.288732,0.014797,0.187664,0.012873,0.217177,0.005553
0.007007,0.006471,0.136962,0.006382,0.015597,0.009405,0.014593,0.443461,0.248471,0.111650
0.005223,0.351181,0.039697,0.005394,0.249116,0.006202,0.006889,0.324233,0.006397,0.005669
0.007636,0.086781,0.058946,0.070330,0.030583,0.054673,0.007140,0.317884,0.142098,0.223929
0.006940,0.447331,0.046606,0.181936,0.227354,0.010811,0.008155,0.008221,0.055970,0.006674
0.030516,0.412983,0.011159,0.008697,0.009301,0.007479,0.046922,0.202318,0.263931,0.006695
0.007124,0.011643,0.044049,0.016402,0.446225,0.064580,0.006712,0.021615,0.220749,0.160902
0.006920,0.447756,0.304791,0.006795,0.031964,0.017456,0.013034,0.006961,0.023301,0.141021
0.010304,0.011282,0.114293,0.046105,0.016084,0.015247,0.076737,0.678892,0.016104,0.014953
0.008463,0.621142,0.010012,0.008961,0.010349,0.011044,0.063346,0.010807,0.246944,0.008933
0.006569,0.006910,0.136185,0.256120,0.031162,0.050601,0.121788,0.016122,0.192707,0.181836
0.005755,0.395081,0.037334,0.007527,0.329265,0.005894,0.026212,0.166636,0.015778,0.010516
0.026418,0.012153,0.065621,0.010397,0.387338,0.068426,0.036461,0.022307,0.361053,0.009826
0.179925,0.069992,0.033052,0.005974,0.325814,0.022398,0.028039,0.018380,0.290635,0.025792
0.006957,0.009895,0.045022,0.007202,0.033665,0.055020,0.161455,0.553966,0.119978,0.006839
0.009233,0.533587,0.016593,0.011476,0.011013,0.010356,0.018125,0.041317,0.338053,0.010247
0.118827,0.004662,0.225423,0.007026,0.257785,0.028094,0.017369,0.136892,0.189211,0.014711
0.007279,0.521413,0.211241,0.009329,0.017087,0.016214,0.006366,0.038352,0.161619,0.011100
0.011993,0.015238,0.066595,0.013567,0.023515,0.020030,0.031715,0.786092,0.017130,0.014125
0.044342,0.046998,0.017300,0.008926,0.413307,0.014894,0.048104,0.174403,0.222494,0.009233
0.007847,0.007511,0.063290,0.006891,0.338872,0.013469,0.118178,0.068337,0.257951,0.117655
0.042665,0.578477,0.013850,0.008748,0.010545,0.009123,0.014372,0.152867,0.158074,0.011279
0.019886,0.055432,0.048299,0.043786,0.055333,0.038540,0.059143,0.320525,0.341592,0.017463
0.007768,0.086603,0.164884,0.008816,0.063485,0.054949,0.111338,0.108522,0.383756,0.009880
0.005366,0.384104,0.011465,0.157147,0.014710,0.006292,0.012974,0.391363,0.009140,0.007440
0.010387,0.011432,0.074748,0.044360,0.059169,0.039521,0.196852,0.316303,0.016953,0.230276
0.012633,0.075632,0.159698,0.016657,0.022091,0.030284,0.024053,0.285219,0.360752,0.012981
0.005816,0.009601,0.117276,0.013916,0.337518,0.021348,0.089800,0.241472,0.030794,0.132458
0.014648,0.036587,0.167538,0.012176,0.656246,0.026018,0.025953,0.017715,0.018155,0.024965
0.032679,0.004159,0.080306,0.004239,0.230062,0.013860,0.080425,0.349989,0.116143,0.088137
0.158600,0.402408,0.035607,0.014582,0.026693,0.031003,0.021316,0.176143,0.008904,0.124744
0.215310,0.081733,0.162299,0.017888,0.037790,0.019903,0.126890,0.307951,0.017298,0.012938
0.011396,0.013553,0.423230,0.011567,0.052315,0.106915,0.177456,0.128483,0.021580,0.053505
0.006064,0.414528,0.098301,0.005521,0.014508,0.012567,0.070969,0.133828,0.237919,0.005796
0.008023,0.048736,0.023513,0.010059,0.303599,0.014841,0.025945,0.241793,0.229402,0.094089
0.037779,0.065779,0.121213,0.060835,0.049196,0.043585,0.241207,0.034984,0.065153,0.280269
0.201754,0.525374,0.049609,0.006652,0.037094,0.020309,0.036999,0.090259,0.012808,0.019143
0.031768,0.006424,0.238315,0.019192,0.320166,0.006606,0.085501,0.011156,0.149586,0.131284
0.028243,0.021470,0.017843,0.007237,0.388322,0.014710,0.062299,0.228439,0.216691,0.014746
0.202701,0.017569,0.030160,0.014631,0.554152,0.030026,0.101591,0.017621,0.016718,0.014830
0.021356,0.010255,0.022739,0.011970,0.400975,0.010705,0.084741,0.014325,0.295347,0.127585
0.033090,0.480201,0.008633,0.008400,0.010143,0.008351,0.009905,0.118476,0.215631,0.107171
0.105835,0.442984,0.008032,0.006455,0.010432,0.008101,0.013702,0.129110,0.266998,0.008350
0.043369,0.008958,0.255893,0.006367,0.310589,0.006720,0.014510,0.007005,0.257210,0.089380
0.007622,0.009924,0.151426,0.008697,0.310008,0.007767,0.116727,0.142566,0.230790,0.014473
0.045162,0.008340,0.117291,0.016186,0.403416,0.014841,0.070718,0.009887,0.223717,0.090442
0.006631,0.427855,0.016980,0.005948,0.020391,0.016385,0.011350,0.199243,0.287550,0.007666
0.022440,0.360320,0.006350,0.015899,0.007209,0.007259,0.007042,0.352531,0.215178,0.005770
0.012153,0.762741,0.014946,0.015454,0.021106,0.013573,0.015444,0.035445,0.095217,0.013922
0.018338,0.030669,0.177985,0.004825,0.296892,0.019594,0.072886,0.134134,0.220928,0.023750
0.037758,0.008001,0.104343,0.005640,0.032782,0.042465,0.014549,0.489599,0.247525,0.017338
0.006592,0.433617,0.036401,0.007588,0.189943,0.008296,0.025253,0.007741,0.228508,0.056062
0.019175,0.016804,0.039428,0.019551,0.028254,0.034156,0.101945,0.272982,0.447325,0.020380
0.015890,0.020341,0.074869,0.015681,0.026246,0.032948,0.014541,0.077392,0.540124,0.181968
0.010529,0.652389,0.011930,0.013042,0.012845,0.012150,0.012762,0.012273,0.249051,0.013029
0.023006,0.006944,0.014180,0.008304,0.404097,0.016109,0.012777,0.487259,0.015094,0.012230
0.006882,0.005484,0.015548,0.007182,0.027956,0.033443,0.065209,0.462571,0.234345,0.141381
0.007668,0.467670,0.065711,0.009269,0.009771,0.010114,0.016102,0.125679,0.206990,0.081025
0.051928,0.065544,0.131335,0.055294,0.094181,0.104245,0.071748,0.258759,0.063315,0.103651
0.010207,0.463939,0.010522,0.007882,0.008977,0.007892,0.026158,0.190205,0.265379,0.008838
0.046645,0.007832,0.041598,0.009569,0.014649,0.011194,0.006993,0.494584,0.275448,0.091486
0.046313,0.116190,0.122931,0.045120,0.066865,0.062589,0.358753,0.053101,0.051616,0.076521
0.047388,0.017472,0.033606,0.017272,0.034959,0.023786,0.028786,0.216981,0.364026,0.215724
0.005243,0.407748,0.034734,0.186098,0.273169,0.005644,0.056563,0.005849,0.015078,0.009872
0.009076,0.009849,0.105955,0.010445,0.040048,0.035431,0.048095,0.310238,0.421235,0.009626
0.036106,0.018070,0.015546,0.006910,0.317913,0.008294,0.008584,0.404008,0.111575,0.072993
0.015528,0.016049,0.033539,0.015918,0.787274,0.022916,0.030347,0.020256,0.028171,0.030001
0.010223,0.009722,0.085323,0.011698,0.016296,0.014027,0.016171,0.673626,0.017181,0.145734
0.006312,0.031845,0.138916,0.014068,0.286625,0.050377,0.026725,0.190420,0.124691,0.130019
0.104216,0.249477,0.014050,0.003827,0.166938,0.022566,0.047885,0.292230,0.010982,0.087829
0.008345,0.008804,0.175111,0.013719,0.024224,0.021372,0.206968,0.239809,0.277800,0.023848
0.033682,0.014411,0.105917,0.017599,0.034814,0.031555,0.161264,0.355967,0.038699,0.206092
0.008307,0.605119,0.023412,0.013413,0.038546,0.047088,0.028332,0.015991,0.015498,0.204293
0.043187,0.040591,0.353469,0.039588,0.101430,0.069731,0.086395,0.068538,0.108543,0.088527
0.117581,0.004668,0.084127,0.166404,0.014432,0.027895,0.011240,0.351010,0.132275,0.090367
0.004202,0.336349,0.126328,0.161816,0.202087,0.006203,0.048768,0.028506,0.007178,0.078562
0.007283,0.006277,0.197589,0.013016,0.281585,0.050185,0.019449,0.006482,0.276784,0.141351
0.008765,0.011444,0.025810,0.247925,0.338693,0.013011,0.057406,0.043255,0.245099,0.008592
0.005392,0.005325,0.317661,0.004898,0.033482,0.018156,0.022595,0.424341,0.161742,0.006409
0.014586,0.007409,0.018992,0.009965,0.304692,0.016814,0.013543,0.471591,0.067650,0.074757
0.012867,0.016185,0.023243,0.015657,0.017462,0.016670,0.065987,0.256348,0.442459,0.133122
0.012699,0.047462,0.214876,0.013855,0.032125,0.027054,0.114759,0.259670,0.041387,0.236115
0.008432,0.029238,0.028101,0.243073,0.035476,0.039478,0.139003,0.060613,0.277849,0.138738
0.048813,0.024006,0.018999,0.042724,0.425619,0.008228,0.027742,0.244515,0.149955,0.009399
0.010767,0.706030,0.079634,0.013673,0.014382,0.012708,0.021918,0.012925,0.014930,0.113033
0.034901,0.054112,0.170313,0.005191,0.024257,0.016823,0.069091,0.454903,0.152772,0.017637
0.005576,0.305177,0.027415,0.004361,0.253806,0.005119,0.052312,0.165855,0.172513,0.007866
0.005001,0.027525,0.169043,0.005782,0.242910,0.043632,0.092992,0.068666,0.231053,0.113396
0.005681,0.008088,0.040558,0.006814,0.317124,0.036172,0.073788,0.144874,0.239469,0.127431
0.067098,0.010960,0.074145,0.027240,0.035433,0.015686,0.023130,0.326911,0.406939,0.012457
0.008556,0.625751,0.014542,0.011409,0.010600,0.010661,0.011927,0.037696,0.146175,0.122683
0.006796,0.453490,0.032698,0.006430,0.017701,0.007949,0.038527,0.127419,0.225734,0.083257
0.082512,0.011367,0.069332,0.009850,0.446773,0.028551,0.023053,0.008162,0.143564,0.176834
0.015691,0.018707,0.050072,0.082058,0.731468,0.020618,0.013064,0.015501,0.021448,0.031373
0.004692,0.317156,0.135672,0.136996,0.007612,0.005121,0.007488,0.370879,0.008365,0.006018
0.017275,0.694727,0.040894,0.014052,0.023624,0.054086,0.022993,0.080598,0.031819,0.019932
0.116741,0.006793,0.147690,0.007719,0.371744,0.009352,0.043307,0.130947,0.074547,0.091160
0.007126,0.512363,0.007984,0.006904,0.349548,0.009032,0.008907,0.029137,0.060053,0.008946
0.007772,0.008453,0.166357,0.250030,0.019028,0.020021,0.060407,0.268719,0.090858,0.108356
0.015148,0.004534,0.034926,0.006348,0.226841,0.015173,0.124161,0.378343,0.190200,0.004327
0.004935,0.365794,0.011755,0.006192,0.186516,0.005684,0.007929,0.345872,0.006509,0.058816
0.009154,0.033282,0.188722,0.013525,0.038396,0.013294,0.027392,0.318680,0.216151,0.141405
0.022623,0.347605,0.007591,0.015181,0.006259,0.007194,0.019718,0.351787,0.215935,0.006107
0.019657,0.009490,0.187144,0.011392,0.489555,0.009191,0.117593,0.013002,0.019774,0.123203
0.008208,0.048476,0.041270,0.007594,0.015124,0.007823,0.073700,0.509088,0.279777,0.008939
0.016081,0.020697,0.546530,0.050995,0.061051,0.023847,0.095186,0.111256,0.056924,0.017433
0.009480,0.009700,0.034766,0.012940,0.049876,0.031286,0.038688,0.365161,0.414674,0.033430
0.085459,0.017094,0.057488,0.019585,0.059545,0.076799,0.273822,0.115135,0.018625,0.276447
0.033120,0.449166,0.055643,0.008473,0.348721,0.009105,0.006475,0.008835,0.008990,0.071472
0.007246,0.008519,0.100420,0.034286,0.238748,0.015943,0.005665,0.411857,0.171287,0.006029
0.025698,0.034712,0.039563,0.693108,0.049789,0.035725,0.036365,0.027353,0.033119,0.024568
0.022748,0.026924,0.035439,0.035992,0.024636,0.024569,0.032677,0.026499,0.491308,0.279209
0.004455,0.004374,0.137766,0.006054,0.242785,0.034791,0.076123,0.352580,0.124221,0.016851
0.147886,0.369776,0.127655,0.007007,0.025555,0.027755,0.004440,0.054919,0.085288,0.149718
0.005771,0.008576,0.333158,0.008013,0.324603,0.037908,0.004903,0.015300,0.256073,0.005697
0.007809,0.583177,0.144372,0.016023,0.019758,0.009869,0.018236,0.008442,0.184538,0.007776
0.005280,0.005838,0.013645,0.006987,0.289150,0.007431,0.038493,0.382170,0.161435,0.089570
0.031720,0.016594,0.486058,0.014779,0.033012,0.012807,0.039130,0.081030,0.270046,0.014824
0.073793,0.036305,0.050434,0.028476,0.021917,0.020031,0.025499,0.374646,0.353277,0.015621
0.008482,0.030192,0.163512,0.053573,0.035288,0.021543,0.218031,0.014100,0.290613,0.164666
0.012163,0.041783,0.106621,0.074677,0.568311,0.032787,0.035617,0.094670,0.019224,0.014147
0.017319,0.007983,0.019803,0.010948,0.354037,0.016771,0.016016,0.531919,0.010479,0.014725
0.014317,0.069760,0.129486,0.016156,0.016360,0.015618,0.102399,0.014016,0.481738,0.140151
0.023563,0.031741,0.116604,0.011322,0.559256,0.017394,0.027048,0.012043,0.187997,0.013031
0.094894,0.006439,0.015877,0.006361,0.224664,0.008709,0.005761,0.404195,0.222352,0.010748
0.014434,0.036181,0.179651,0.017985,0.035292,0.031149,0.029493,0.241774,0.392659,0.021381
0.052460,0.418590,0.155222,0.006494,0.017813,0.033074,0.010434,0.156337,0.019493,0.130082
0.021246,0.009217,0.076370,0.008909,0.473348,0.015216,0.007910,0.167399,0.102676,0.117710
0.006644,0.008894,0.008460,0.176609,0.012569,0.009829,0.009760,0.443044,0.248212,0.075980
0.006382,0.477737,0.162216,0.010970,0.029685,0.042971,0.014722,0.223131,0.020363,0.011821
0.014411,0.010761,0.104199,0.011021,0.068427,0.071096,0.331304,0.029306,0.317493,0.041981
0.045880,0.006455,0.226823,0.008013,0.277685,0.016647,0.062271,0.010316,0.221918,0.123992
0.012105,0.013628,0.410792,0.016135,0.068759,0.103159,0.175798,0.123481,0.060913,0.015230
0.005704,0.004944,0.180321,0.009129,0.027115,0.017201,0.004267,0.432888,0.216301,0.102130
0.045115,0.674818,0.066799,0.011101,0.011870,0.011372,0.009246,0.012432,0.013258,0.143988
0.028232,0.013566,0.135422,0.014218,0.024533,0.032716,0.122393,0.064033,0.542175,0.022713
0.094269,0.368267,0.141210,0.026532,0.213962,0.005701,0.035742,0.005047,0.103826,0.005445
0.162877,0.067656,0.070289,0.010494,0.409694,0.024071,0.021538,0.058803,0.011206,0.163373
0.021031,0.033769,0.175290,0.005286,0.220079,0.007991,0.004003,0.320201,0.146943,0.065408
0.008919,0.020178,0.080619,0.009287,0.399925,0.017408,0.014157,0.158745,0.203096,0.087666
0.006363,0.434702,0.016563,0.012861,0.021413,0.032327,0.014980,0.045518,0.282015,0.133257
0.008811,0.011102,0.023511,0.009184,0.426692,0.010244,0.019677,0.246256,0.231070,0.013454
0.034295,0.043252,0.074023,0.170322,0.070101,0.082397,0.258298,0.160635,0.043420,0.063256
0.152137,0.673431,0.085090,0.012292,0.014592,0.013934,0.010320,0.011979,0.013204,0.013021
0.004896,0.038097,0.092763,0.153460,0.211085,0.012060,0.057262,0.165880,0.192080,0.072417
0.005954,0.008104,0.228129,0.033160,0.011860,0.009683,0.015965,0.415180,0.172946,0.099019
0.009595,0.009257,0.055356,0.012363,0.019469,0.012811,0.097254,0.645908,0.012992,0.124995
0.011377,0.015457,0.017780,0.014002,0.022998,0.018688,0.055855,0.710214,0.014608,0.119021
0.023986,0.032511,0.307722,0.023190,0.043408,0.036311,0.046627,0.403227,0.042275,0.040744
0.128401,0.012323,0.060015,0.024473,0.561372,0.076841,0.050188,0.011778,0.028839,0.045771
0.005943,0.380233,0.071848,0.007006,0.233679,0.008493,0.012219,0.104276,0.105582,0.070721
0.023783,0.015603,0.025359,0.324765,0.442963,0.014647,0.034878,0.076023,0.022273,0.019706
0.014385,0.579615,0.012840,0.009534,0.014827,0.014922,0.011458,0.024362,0.238802,0.079254
0.006132,0.424186,0.018978,0.009160,0.308561,0.015818,0.010548,0.009252,0.018824,0.178541
0.013665,0.531858,0.119908,0.008377,0.016234,0.012640,0.006023,0.181960,0.010208,0.099128
0.366360,0.031064,0.043056,0.026787,0.040545,0.027654,0.131446,0.030251,0.035142,0.267693
0.008751,0.600142,0.031560,0.008622,0.027712,0.046347,0.020489,0.068121,0.013273,0.174983
0.052326,0.026988,0.154685,0.010386,0.028644,0.019888,0.017834,0.504917,0.166580,0.017751
0.005650,0.008329,0.222501,0.007879,0.282845,0.015447,0.189993,0.006405,0.244712,0.016237
0.156722,0.553567,0.129958,0.010283,0.026409,0.010703,0.028615,0.063807,0.011287,0.008649
0.005652,0.005078,0.183741,0.007294,0.019020,0.017376,0.139374,0.449592,0.152040,0.020832
0.004165,0.286828,0.021190,0.030491,0.178865,0.026844,0.008949,0.332999,0.014054,0.095615
0.009152,0.013685,0.085530,0.015325,0.456270,0.016245,0.182786,0.020400,0.034181,0.166426
0.006497,0.504646,0.021620,0.006413,0.025985,0.018916,0.014979,0.223647,0.012028,0.165267
0.030829,0.028332,0.062388,0.030835,0.038266,0.041155,0.024803,0.036229,0.675662,0.031501
0.018379,0.487708,0.052435,0.010238,0.035123,0.020487,0.019124,0.012448,0.335568,0.008489
0.016498,0.041726,0.029491,0.018512,0.023222,0.036658,0.015807,0.412733,0.385675,0.019678
0.006752,0.515177,0.118432,0.006552,0.020721,0.011502,0.060231,0.008656,0.241748,0.010228
0.081905,0.009989,0.151164,0.035642,0.587664,0.025492,0.063757,0.020365,0.014317,0.009706
0.012626,0.341576,0.141455,0.004589,0.009176,0.006384,0.008068,0.321130,0.095243,0.059755
0.125647,0.006924,0.096301,0.008850,0.028064,0.015591,0.061889,0.426045,0.212302,0.018388
0.008218,0.007768,0.269450,0.007643,0.432471,0.017971,0.018139,0.203267,0.027793,0.007279
0.022930,0.011868,0.022490,0.011678,0.022101,0.022341,0.029765,0.717856,0.014508,0.124463
0.009100,0.007123,0.066895,0.006018,0.369960,0.023785,0.207610,0.019401,0.131602,0.158507
0.011642,0.015186,0.022338,0.047673,0.446105,0.015777,0.020007,0.299168,0.104577,0.017528
0.021871,0.066123,0.069329,0.008283,0.379563,0.015354,0.080935,0.016225,0.332523,0.009794
0.010608,0.011735,0.438749,0.077556,0.033082,0.021149,0.104144,0.012031,0.259201,0.031745
0.004828,0.050209,0.034214,0.004869,0.238212,0.038772,0.004069,0.383537,0.223212,0.018078
0.010775,0.011137,0.254835,0.016206,0.610342,0.019893,0.029327,0.019386,0.017661,0.010438
0.044839,0.019214,0.102820,0.065412,0.058043,0.134269,0.061573,0.041741,0.074056,0.398033
0.050201,0.041199,0.048094,0.103860,0.038200,0.057942,0.129247,0.036171,0.243026,0.252061
0.074345,0.203059,0.074243,0.045374,0.057888,0.072792,0.034032,0.039994,0.335587,0.062686
0.016954,0.690920,0.011493,0.010664,0.013245,0.013487,0.038994,0.034357,0.157495,0.012390
0.010911,0.068528,0.058159,0.058230,0.021433,0.015950,0.009891,0.234178,0.389231,0.133488
0.010309,0.011411,0.101143,0.008641,0.456977,0.016969,0.008013,0.054076,0.323837,0.008624
0.011431,0.011128,0.233400,0.014664,0.037272,0.017122,0.328961,0.110632,0.037217,0.198174
0.062362,0.536056,0.042377,0.007637,0.021996,0.047143,0.019944,0.233280,0.021112,0.008093
0.022889,0.020205,0.442256,0.112242,0.064184,0.037539,0.188454,0.028919,0.044859,0.038454
0.029879,0.011324,0.141687,0.011645,0.018284,0.013694,0.022362,0.576501,0.166154,0.008470
0.009585,0.009001,0.031659,0.255459,0.415254,0.019358,0.024088,0.049851,0.177289,0.008455
0.047782,0.010450,0.158087,0.007580,0.435675,0.012561,0.109847,0.184488,0.010732,0.022798
0.026049,0.021717,0.024735,0.359273,0.018434,0.024717,0.015031,0.019023,0.346325,0.144695
0.006956,0.049957,0.268933,0.007214,0.444157,0.031184,0.029353,0.107282,0.016902,0.038062
0.005349,0.059355,0.338927,0.005291,0.043881,0.046068,0.070938,0.184016,0.106028,0.140149
0.007811,0.008615,0.045962,0.339598,0.027248,0.064314,0.128327,0.331679,0.036511,0.009935
0.055416,0.009091,0.143740,0.007799,0.334971,0.006635,0.140601,0.007046,0.273500,0.021202
0.007482,0.456154,0.007570,0.008075,0.335533,0.011876,0.008961,0.034370,0.121723,0.008255
0.048168,0.126752,0.111748,0.043875,0.073958,0.070286,0.336215,0.047605,0.056037,0.085354
0.004170,0.314604,0.111276,0.005333,0.243903,0.029299,0.010485,0.140984,0.007820,0.132127
0.143116,0.337011,0.204297,0.035024,0.208269,0.031078,0.010030,0.007435,0.014142,0.009599
0.005628,0.027859,0.057903,0.011223,0.356769,0.011387,0.119983,0.167201,0.221429,0.020618
0.006107,0.005813,0.007177,0.140218,0.242158,0.006996,0.010095,0.361143,0.211468,0.008825
0.012403,0.027298,0.026541,0.021260,0.529942,0.019745,0.019332,0.060122,0.271014,0.012343
0.017457,0.005174,0.182546,0.006265,0.239607,0.018025,0.190670,0.127084,0.207166,0.006006
0.015566,0.007812,0.017510,0.008603,0.282559,0.017776,0.017539,0.502322,0.015330,0.114983
0.014808,0.014075,0.160088,0.018229,0.025766,0.021225,0.028510,0.306585,0.386490,0.024224
0.004071,0.318986,0.025699,0.006537,0.231384,0.027993,0.049704,0.043260,0.202575,0.089792
0.003969,0.331458,0.123886,0.149732,0.180675,0.005168,0.011914,0.005718,0.183241,0.004238
0.013632,0.021504,0.056603,0.018085,0.081093,0.099147,0.040388,0.038650,0.616479,0.014419
0.004999,0.343196,0.025336,0.004978,0.017442,0.031325,0.018986,0.191809,0.221563,0.140365
0.011733,0.019535,0.072796,0.028597,0.624357,0.045757,0.039696,0.037093,0.067768,0.052668
0.054201,0.035629,0.175728,0.014811,0.038491,0.046048,0.019719,0.272171,0.336363,0.006840
0.025132,0.081845,0.147077,0.034069,0.090910,0.037019,0.283375,0.203270,0.071545,0.025757
0.126140,0.534862,0.074484,0.008807,0.010121,0.014971,0.011131,0.198365,0.012302,0.008818
0.022054,0.061262,0.063695,0.112771,0.045952,0.042898,0.033252,0.110107,0.233757,0.274252
0.005566,0.005655,0.043214,0.005057,0.324788,0.044709,0.075874,0.480903,0.008776,0.005458
0.021790,0.025757,0.099213,0.022715,0.037924,0.027543,0.041142,0.131703,0.553173,0.039039
0.032059,0.459316,0.009460,0.006448,0.331020,0.006691,0.005937,0.023835,0.058493,0.066742
0.014386,0.007617,0.034505,0.007854,0.030666,0.039625,0.087655,0.411851,0.226239,0.139601
0.027996,0.026859,0.242763,0.031283,0.049639,0.033706,0.215394,0.033827,0.035253,0.303279
0.028922,0.038928,0.336746,0.028419,0.050913,0.039230,0.026045,0.139247,0.283909,0.027643
0.089571,0.012060,0.079967,0.018661,0.369063,0.067145,0.006988,0.309566,0.013649,0.033331
0.018674,0.045900,0.038721,0.022881,0.029345,0.021799,0.038792,0.105697,0.649183,0.029008
0.015698,0.657923,0.019414,0.010472,0.014838,0.012107,0.017905,0.159597,0.082710,0.009337
0.267706,0.017794,0.032145,0.018356,0.039627,0.021422,0.029166,0.517279,0.031901,0.024604
0.165466,0.029214,0.023921,0.010466,0.020046,0.013819,0.016976,0.682630,0.019440,0.018023
0.008157,0.057888,0.056678,0.225198,0.018440,0.007801,0.063391,0.534968,0.020034,0.007445
0.010301,0.010689,0.229936,0.010116,0.046988,0.030371,0.270519,0.019592,0.361456,0.010033
0.005284,0.366393,0.154678,0.006428,0.008562,0.011051,0.009776,0.363675,0.007623,0.066529
0.006338,0.044039,0.009925,0.007627,0.286927,0.008965,0.071633,0.463560,0.014294,0.086693
0.038840,0.039348,0.059517,0.063610,0.074014,0.041313,0.060017,0.048318,0.057339,0.517684
0.071810,0.009872,0.114226,0.009617,0.431385,0.009727,0.031695,0.085701,0.210498,0.025470
0.019967,0.062154,0.277665,0.009515,0.022537,0.007433,0.039526,0.529160,0.025046,0.006997
0.006928,0.007283,0.125387,0.007079,0.370484,0.052655,0.026262,0.061953,0.192210,0.149760
0.076587,0.010995,0.026137,0.007919,0.054756,0.059391,0.152550,0.095122,0.346527,0.170014
0.006300,0.022574,0.049110,0.038756,0.335532,0.006541,0.019469,0.442932,0.071241,0.007545
0.062335,0.009075,0.078857,0.008354,0.477204,0.015174,0.020414,0.015089,0.186359,0.127138
0.004553,0.049153,0.293630,0.005950,0.284941,0.037994,0.064178,0.011560,0.232257,0.015784
0.008325,0.459459,0.166123,0.017875,0.025453,0.016713,0.017019,0.006450,0.275310,0.007273
0.008102,0.021559,0.021951,0.009969,0.415414,0.014828,0.048309,0.246714,0.082422,0.130731
0.007939,0.028650,0.015097,0.008120,0.364874,0.019025,0.014451,0.163736,0.261528,0.116580
0.013149,0.013642,0.282595,0.416471,0.034882,0.023423,0.128313,0.021884,0.036837,0.028803
0.028316,0.011107,0.104588,0.013425,0.539901,0.011597,0.105868,0.012237,0.018210,0.154751
0.008072,0.010611,0.151573,0.009777,0.365769,0.021288,0.054067,0.214909,0.027020,0.136914
0.015115,0.014090,0.301492,0.044110,0.045340,0.034091,0.012274,0.473407,0.023079,0.037002
0.004182,0.311764,0.013387,0.006991,0.020227,0.011655,0.058223,0.353359,0.215589,0.004621
0.010532,0.010112,0.074380,0.296609,0.022927,0.010906,0.051006,0.080001,0.304590,0.138936
0.033245,0.066642,0.030130,0.014623,0.021050,0.011321,0.018254,0.774570,0.019514,0.010650
0.044130,0.043484,0.112535,0.082826,0.079443,0.094011,0.374837,0.043389,0.085292,0.040054
0.032514,0.033111,0.395125,0.032445,0.052331,0.042331,0.277062,0.034630,0.062550,0.037901
0.020883,0.022384,0.472005,0.159102,0.075893,0.065833,0.079047,0.044655,0.039546,0.020653
0.017067,0.052439,0.106719,0.020349,0.036819,0.022743,0.147276,0.325994,0.039799,0.230795
0.009989,0.010142,0.014202,0.022203,0.534361,0.010722,0.089519,0.011222,0.280697,0.016942
0.006488,0.009190,0.018960,0.006736,0.326545,0.007058,0.012715,0.430688,0.175042,0.006579
0.052911,0.147578,0.296229,0.023599,0.071532,0.038703,0.188378,0.123308,0.030060,0.027702
0.053792,0.035073,0.216972,0.065132,0.038173,0.023335,0.019409,0.089736,0.291519,0.166858
0.068504,0.029448,0.049440,0.028403,0.100610,0.049507,0.402146,0.171333,0.042567,0.058041
0.278853,0.048488,0.200657,0.020638,0.032835,0.023213,0.078118,0.111736,0.176721,0.028741
0.104515,0.013534,0.499394,0.020813,0.045670,0.020613,0.012113,0.024692,0.041268,0.217388
0.011371,0.443667,0.019424,0.046583,0.028651,0.033814,0.017705,0.071702,0.313498,0.013584
0.024301,0.359890,0.005612,0.006004,0.250348,0.008939,0.023971,0.118100,0.197831,0.005005
0.008615,0.048530,0.288866,0.084871,0.056658,0.031230,0.027285,0.262674,0.014572,0.176699
0.020871,0.060586,0.099039,0.020649,0.044812,0.028764,0.052766,0.417824,0.026752,0.227937
0.041667,0.020156,0.132377,0.023599,0.079353,0.039083,0.471846,0.117399,0.060630,0.013890
0.008747,0.321607,0.252986,0.006634,0.014845,0.024324,0.011441,0.144221,0.210308,0.004887
0.017810,0.085451,0.038674,0.398727,0.029545,0.019851,0.016216,0.086106,0.146608,0.161013
0.005880,0.020380,0.120705,0.015399,0.297417,0.009142,0.054324,0.454327,0.009148,0.013277
0.007704,0.373885,0.013414,0.008643,0.021290,0.033975,0.010542,0.144059,0.263462,0.123027
0.042378,0.020227,0.047362,0.027514,0.029696,0.041132,0.019233,0.027288,0.724747,0.020423
0.027815,0.010126,0.129613,0.007795,0.306143,0.011624,0.024353,0.243643,0.225338,0.013550
0.004212,0.275330,0.024858,0.005972,0.016390,0.010493,0.007616,0.361066,0.206732,0.087330
0.014326,0.018651,0.090033,0.122568,0.047414,0.086094,0.226934,0.346647,0.032046,0.015289
0.005971,0.424540,0.037614,0.005875,0.027046,0.032902,0.022455,0.155925,0.168434,0.119239
0.004253,0.275816,0.200653,0.006524,0.012784,0.009964,0.009088,0.161441,0.226543,0.092934
0.027055,0.391846,0.043525,0.007451,0.239251,0.007263,0.044356,0.007260,0.172223,0.059769
0.005645,0.005869,0.009047,0.005559,0.309684,0.005764,0.008870,0.385153,0.168147,0.096261
0.068102,0.072432,0.151371,0.006949,0.407583,0.006789,0.182937,0.065605,0.010202,0.028030
0.013999,0.795694,0.072348,0.013587,0.022548,0.014284,0.018045,0.014703,0.018486,0.016307
0.034327,0.028712,0.397314,0.033682,0.083242,0.041670,0.027091,0.032002,0.293325,0.028635
0.012648,0.422849,0.007901,0.007243,0.268705,0.008147,0.014666,0.165191,0.010725,0.081925
0.059557,0.014259,0.046356,0.010605,0.029009,0.010858,0.021278,0.669234,0.021481,0.117363
0.171366,0.009190,0.119261,0.008655,0.277464,0.021208,0.115817,0.016669,0.254465,0.005905
0.011955,0.005694,0.012545,0.028796,0.298942,0.007647,0.052541,0.358704,0.212540,0.010637
0.013100,0.010652,0.120538,0.070710,0.524944,0.019566,0.027226,0.070044,0.132759,0.010461
0.180333,0.009544,0.269196,0.007152,0.029443,0.025389,0.184355,0.007270,0.280764,0.006554
0.012287,0.597400,0.021130,0.017033,0.036204,0.054327,0.019291,0.009297,0.026368,0.206663
0.006013,0.374655,0.032663,0.006353,0.011787,0.007895,0.011033,0.354208,0.185966,0.009428
0.003890,0.005483,0.121639,0.037615,0.221410,0.026284,0.104470,0.310832,0.164588,0.003789
0.073082,0.034456,0.030594,0.034696,0.030463,0.043378,0.041705,0.032278,0.648919,0.030429
0.032348,0.326807,0.030388,0.005439,0.242921,0.006938,0.009161,0.335431,0.006476,0.004093
0.041590,0.029299,0.039348,0.021546,0.026420,0.026243,0.045663,0.555967,0.192827,0.021097
0.004823,0.006546,0.149948,0.005761,0.214531,0.030584,0.014387,0.373797,0.195222,0.004401
0.012328,0.016851,0.195563,0.012105,0.488855,0.025370,0.056970,0.013074,0.025819,0.153064
0.009747,0.012692,0.024897,0.011003,0.479095,0.018036,0.072490,0.010477,0.251139,0.110423
0.048957,0.010048,0.355442,0.008438,0.037227,0.023407,0.117352,0.085179,0.305997,0.007954
0.016919,0.087356,0.028724,0.015800,0.024373,0.018876,0.023607,0.461881,0.147435,0.175028
0.115554,0.022027,0.140133,0.007763,0.021895,0.028202,0.013756,0.345318,0.187722,0.117630
0.019992,0.101759,0.198932,0.018293,0.043925,0.019237,0.151745,0.108387,0.316002,0.021728
0.012043,0.433217,0.008368,0.006994,0.009104,0.011937,0.015277,0.442059,0.053905,0.007094
0.143840,0.025465,0.013289,0.020855,0.458556,0.011132,0.037015,0.262714,0.011255,0.015881
0.112642,0.006212,0.234502,0.007209,0.333286,0.016535,0.005421,0.006466,0.191276,0.086452
0.005444,0.007913,0.126256,0.005568,0.017817,0.009392,0.165955,0.451401,0.204721,0.005532
0.006314,0.051474,0.052937,0.196882,0.296218,0.009689,0.110469,0.058649,0.211856,0.005513
0.012649,0.049043,0.066146,0.013370,0.059787,0.032188,0.129547,0.025808,0.415449,0.196014
0.032303,0.429042,0.011814,0.008562,0.231317,0.007605,0.046827,0.029924,0.194793,0.007814
0.008653,0.009495,0.053016,0.007889,0.289725,0.021902,0.122073,0.059848,0.287499,0.139899
0.007403,0.463729,0.010509,0.008713,0.008356,0.009043,0.044170,0.155820,0.193224,0.099033
0.250871,0.048781,0.024284,0.017869,0.030757,0.034091,0.014224,0.271450,0.289178,0.018496
0.176989,0.006705,0.112718,0.009918,0.345277,0.047191,0.108334,0.160018,0.026743,0.006108
0.006366,0.032119,0.219417,0.005087,0.031325,0.038803,0.207724,0.442909,0.009526,0.006723
0.086693,0.439394,0.007682,0.006746,0.007522,0.008442,0.006312,0.182575,0.246026,0.008607
0.005038,0.006976,0.086301,0.008854,0.254589,0.015025,0.095406,0.377791,0.021054,0.128967
0.005690,0.008400,0.326710,0.005965,0.262899,0.019924,0.188642,0.015893,0.160293,0.005584
0.055419,0.006070,0.229628,0.006283,0.365413,0.017290,0.088872,0.051826,0.159126,0.020072
0.014021,0.645814,0.014511,0.012483,0.016096,0.012584,0.012122,0.011943,0.248720,0.011705
0.153551,0.566638,0.027833,0.008800,0.025550,0.012606,0.007860,0.175650,0.012857,0.008656
0.017317,0.016932,0.029501,0.027653,0.027402,0.018812,0.026288,0.080487,0.544043,0.211564
0.012325,0.016772,0.039162,0.012346,0.528370,0.021378,0.025613,0.295766,0.019219,0.029049
0.051276,0.007745,0.034434,0.013340,0.049959,0.060244,0.070843,0.692462,0.011902,0.007794
0.010197,0.376162,0.028402,0.004960,0.009843,0.009558,0.013686,0.342967,0.198454,0.005771
0.016886,0.014902,0.170984,0.017552,0.042268,0.024466,0.082727,0.016748,0.585614,0.027852
0.042907,0.053941,0.087058,0.200012,0.107992,0.052052,0.310863,0.050587,0.056215,0.038374
0.005421,0.342201,0.082425,0.007668,0.219362,0.013823,0.067721,0.008041,0.240758,0.012582
0.008796,0.503567,0.012095,0.010478,0.290952,0.008023,0.015661,0.033223,0.012989,0.104216
0.007822,0.007390,0.050117,0.166614,0.011379,0.014459,0.045336,0.457887,0.166380,0.072615
0.011490,0.013649,0.117347,0.270413,0.018421,0.012581,0.078885,0.305468,0.014190,0.157557
0.004990,0.351833,0.243557,0.036686,0.019216,0.028617,0.089712,0.207896,0.008082,0.009412
0.014365,0.005667,0.116386,0.006673,0.317580,0.015561,0.013796,0.405745,0.017490,0.086737
0.030414,0.374230,0.065074,0.006484,0.310642,0.006994,0.046011,0.144577,0.008501,0.007074
0.014109,0.019699,0.042486,0.021774,0.704151,0.015159,0.129162,0.015992,0.023171,0.014298
0.011451,0.661498,0.012472,0.037400,0.013020,0.011889,0.009891,0.037053,0.192433,0.012892
0.059981,0.088247,0.190343,0.150845,0.067500,0.039030,0.108422,0.202525,0.038352,0.054756
0.016378,0.010708,0.016504,0.007739,0.287679,0.011970,0.018308,0.522615,0.015817,0.092281
0.006590,0.419628,0.021038,0.029515,0.223940,0.005442,0.011934,0.195497,0.007637,0.078779
0.025521,0.023846,0.162083,0.023293,0.051395,0.040243,0.066136,0.529023,0.030639,0.047821
0.169326,0.010077,0.014948,0.010433,0.021730,0.024868,0.019665,0.696211,0.022345,0.010396
0.063634,0.010402,0.055711,0.010647,0.032368,0.011212,0.009862,0.676706,0.107490,0.021968
0.006984,0.419245,0.007995,0.006546,0.254579,0.007381,0.009144,0.008295,0.271266,0.008567
0.007358,0.010273,0.031246,0.060784,0.032765,0.043860,0.088677,0.600397,0.117769,0.006872
0.005714,0.334413,0.008021,0.006164,0.194624,0.006017,0.010704,0.338193,0.007086,0.089064
0.076574,0.026761,0.303843,0.025494,0.044089,0.057231,0.035042,0.152067,0.241104,0.037795
0.160041,0.009550,0.183477,0.051988,0.400324,0.009286,0.095463,0.068910,0.012143,0.008819
0.020536,0.111850,0.039654,0.497560,0.036346,0.028128,0.173093,0.025867,0.036830,0.030136
0.099431,0.031107,0.060761,0.034364,0.044598,0.030574,0.154413,0.139662,0.052226,0.352864
0.079467,0.007586,0.201472,0.007643,0.393778,0.059346,0.097495,0.007495,0.138969,0.006749
0.012721,0.004694,0.260672,0.040993,0.218875,0.028614,0.079715,0.142007,0.196063,0.015646
0.148370,0.009688,0.062490,0.007165,0.415362,0.018088,0.018104,0.014446,0.285119,0.021167
0.003395,0.238581,0.157551,0.003345,0.145532,0.008525,0.014803,0.262846,0.092991,0.072432
0.009806,0.562296,0.009564,0.008279,0.010799,0.009842,0.052970,0.183856,0.066542,0.086046
0.054343,0.016480,0.050156,0.021408,0.030731,0.021344,0.134991,0.313974,0.330546,0.026028
0.008104,0.428555,0.149951,0.006989,0.019679,0.015458,0.010663,0.063859,0.164893,0.131850
0.013591,0.013845,0.043633,0.013347,0.590897,0.033957,0.012363,0.223212,0.030528,0.024628
0.007514,0.419116,0.185121,0.032213,0.011896,0.006447,0.066707,0.006814,0.257681,0.006491
0.019892,0.006301,0.202511,0.008791,0.038494,0.041249,0.019838,0.240688,0.279648,0.142587
0.009588,0.009590,0.055752,0.009379,0.029044,0.068270,0.114803,0.084157,0.434382,0.185037
0.006478,0.450211,0.012919,0.008753,0.350170,0.006591,0.014476,0.026097,0.009432,0.114872
0.006916,0.441997,0.019051,0.204484,0.014742,0.008796,0.015238,0.033040,0.246485,0.009251
0.062451,0.010607,0.048633,0.010360,0.030641,0.025658,0.069550,0.708793,0.023340,0.009967
0.008316,0.593999,0.055063,0.008370,0.039841,0.022384,0.017505,0.216958,0.027894,0.009671
0.008695,0.008119,0.076107,0.009559,0.460411,0.014149,0.087918,0.008431,0.319152,0.007459
0.009312,0.599757,0.012845,0.010722,0.011083,0.010583,0.019193,0.010380,0.227337,0.088788
0.083915,0.036827,0.053110,0.035719,0.048774,0.033605,0.048535,0.580452,0.034731,0.044333
0.006309,0.023561,0.127673,0.005804,0.019701,0.009329,0.058645,0.416200,0.238338,0.094441
0.005202,0.386492,0.088897,0.007087,0.008916,0.005992,0.009023,0.186204,0.232381,0.069806
0.017794,0.248386,0.089079,0.008223,0.152038,0.022936,0.006166,0.316142,0.056470,0.082766
0.074756,0.273610,0.020914,0.121722,0.153442,0.006245,0.007999,0.132376,0.152878,0.056058
0.059045,0.062714,0.126507,0.127882,0.121727,0.079503,0.116251,0.081849,0.117872,0.106650
0.004854,0.047820,0.237018,0.007494,0.228336,0.036922,0.012964,0.412689,0.007250,0.004654
0.024356,0.009257,0.063797,0.211252,0.012009,0.009405,0.008304,0.534487,0.011085,0.116049
0.004466,0.310136,0.228091,0.170440,0.010594,0.011087,0.007072,0.047594,0.205766,0.004754
0.009547,0.011639,0.054867,0.008786,0.372666,0.013917,0.066703,0.009399,0.334931,0.117545
0.022909,0.025184,0.200938,0.029084,0.070412,0.070169,0.062064,0.163054,0.298709,0.057478
0.005553,0.005305,0.194893,0.152013,0.011913,0.007368,0.056747,0.362453,0.110995,0.092759
0.020711,0.022861,0.264166,0.025243,0.056938,0.051086,0.042071,0.465185,0.030673,0.021066
0.010122,0.007954,0.287051,0.009564,0.404412,0.020308,0.027848,0.062845,0.029569,0.140327
0.011912,0.011364,0.013598,0.047045,0.020078,0.015710,0.022485,0.692433,0.013799,0.151576
0.006441,0.336692,0.222311,0.004861,0.210816,0.012451,0.023572,0.038362,0.008120,0.136375
0.010001,0.569019,0.058778,0.010725,0.011939,0.010781,0.012713,0.010477,0.225070,0.080498
0.006665,0.485831,0.110078,0.005979,0.019202,0.017927,0.015946,0.006735,0.315889,0.015746
0.094065,0.008851,0.036077,0.012395,0.420862,0.030416,0.148655,0.224366,0.014069,0.010245
0.004313,0.004996,0.234297,0.021286,0.232544,0.015931,0.117444,0.147984,0.202742,0.018463
0.008753,0.536444,0.040076,0.009426,0.008739,0.009916,0.009636,0.009582,0.289962,0.077465
0.006720,0.008885,0.149472,0.045107,0.021194,0.012624,0.005961,0.477570,0.266108,0.006359
0.006160,0.006200,0.303490,0.007383,0.278554,0.047229,0.081777,0.015470,0.112623,0.141113
0.006413,0.008188,0.039464,0.174326,0.013249,0.012840,0.040290,0.431028,0.174899,0.099304
0.039340,0.010635,0.024606,0.011689,0.563397,0.025312,0.090960,0.199203,0.022997,0.011861
0.005554,0.006132,0.061116,0.007588,0.349847,0.041297,0.210459,0.021115,0.172241,0.124650
0.119859,0.044711,0.047671,0.045987,0.062525,0.034935,0.092374,0.168559,0.343662,0.039716
0.118384,0.004400,0.043937,0.042119,0.203916,0.015277,0.145649,0.132088,0.193124,0.101106
0.092440,0.011665,0.398072,0.011163,0.031440,0.017643,0.120977,0.085291,0.041955,0.189353
0.127494,0.292224,0.018148,0.180135,0.185332,0.022952,0.013151,0.143492,0.012171,0.004901
0.007010,0.432183,0.059901,0.006843,0.013286,0.007843,0.013266,0.110712,0.276018,0.072939
0.008618,0.021962,0.033638,0.038357,0.014121,0.010330,0.015125,0.480167,0.286611,0.091071
0.017305,0.024453,0.374217,0.017631,0.047966,0.028506,0.038611,0.140992,0.046852,0.263466
0.013419,0.047780,0.447737,0.012568,0.043472,0.029058,0.132505,0.023720,0.044146,0.205595
0.010120,0.014742,0.018932,0.013731,0.456157,0.022213,0.205104,0.016578,0.029993,0.212430
0.052577,0.007002,0.035389,0.012392,0.320596,0.054607,0.111779,0.087764,0.292585,0.025309
0.014057,0.233985,0.157974,0.006238,0.175212,0.020681,0.003070,0.301968,0.009780,0.077036
0.009798,0.010496,0.031902,0.009656,0.438432,0.017028,0.199010,0.244149,0.029873,0.009656
0.018121,0.035781,0.027947,0.390916,0.020942,0.021177,0.102919,0.076694,0.138702,0.166802
0.007990,0.008095,0.172925,0.007956,0.367987,0.022994,0.072863,0.008560,0.321174,0.009456
0.014270,0.016641,0.165116,0.012776,0.022048,0.016632,0.113220,0.278210,0.338762,0.022325
0.011896,0.010404,0.023881,0.010941,0.020815,0.018951,0.017349,0.627696,0.245460,0.012607
0.004350,0.048657,0.150912,0.004389,0.270417,0.038684,0.082326,0.061027,0.205769,0.133469
0.012188,0.011662,0.047493,0.059973,0.021152,0.015586,0.109106,0.361242,0.341505,0.020093
0.015513,0.045311,0.099055,0.009506,0.393912,0.011582,0.014338,0.035034,0.288579,0.087170
0.006194,0.458302,0.009758,0.008529,0.334845,0.007971,0.014632,0.033601,0.118624,0.007542
0.005969,0.369088,0.160853,0.006452,0.014466,0.007577,0.011098,0.404905,0.011259,0.008334
0.009204,0.521084,0.011814,0.007721,0.011994,0.008138,0.056094,0.132385,0.233418,0.008148
0.105924,0.007089,0.078794,0.015645,0.298134,0.009335,0.013780,0.450659,0.008859,0.011782
0.026883,0.012856,0.202706,0.012420,0.506491,0.012672,0.019937,0.018247,0.026793,0.160995
0.011883,0.548854,0.009357,0.009548,0.009752,0.013554,0.018376,0.249832,0.010454,0.118391
0.006403,0.043452,0.043092,0.007519,0.349347,0.010966,0.055706,0.148374,0.249472,0.085669
0.008335,0.012766,0.186697,0.015672,0.536330,0.028217,0.121648,0.020514,0.039795,0.030027
0.006019,0.365333,0.006373,0.006612,0.007549,0.006092,0.010873,0.365857,0.218254,0.007039
0.088215,0.042005,0.030839,0.413299,0.028824,0.022962,0.096523,0.072513,0.022444,0.182374
0.045860,0.354210,0.085790,0.007149,0.026692,0.013961,0.011271,0.210087,0.238712,0.006269
0.021719,0.007522,0.442687,0.030548,0.053878,0.048727,0.132891,0.074023,0.011443,0.176562
0.009343,0.011620,0.075962,0.009205,0.010614,0.015947,0.014808,0.545759,0.215110,0.091633
0.011217,0.782980,0.013403,0.011883,0.015031,0.015006,0.074998,0.045840,0.015887,0.013755
0.007799,0.010434,0.067513,0.009261,0.364647,0.013421,0.020656,0.172738,0.179805,0.153726
0.091837,0.352052,0.108288,0.007721,0.277381,0.005628,0.010827,0.132174,0.007342,0.006751
0.011253,0.270047,0.067234,0.004512,0.182988,0.006556,0.006198,0.299929,0.091686,0.059597
0.013631,0.014097,0.029798,0.013609,0.023677,0.021274,0.017400,0.374857,0.469107,0.022551
0.005386,0.418591,0.019621,0.005494,0.244913,0.012543,0.011882,0.029661,0.242608,0.009301
0.067320,0.027823,0.243540,0.169008,0.068167,0.074671,0.067536,0.220684,0.035738,0.025514
0.156964,0.366375,0.022092,0.006667,0.018005,0.028823,0.004944,0.215440,0.015088,0.165600
0.009858,0.009563,0.027498,0.047683,0.359795,0.012687,0.060643,0.286539,0.174252,0.011481
0.014178,0.018722,0.040589,0.014956,0.036702,0.015419,0.108823,0.065916,0.517189,0.167506
0.015676,0.008545,0.091854,0.010504,0.010363,0.017941,0.012300,0.519275,0.304030,0.009512
0.024347,0.066959,0.070556,0.024074,0.039530,0.037885,0.022262,0.144654,0.546548,0.023184
0.006419,0.336458,0.034641,0.037200,0.252198,0.031904,0.011355,0.038772,0.240267,0.010786
0.041704,0.048938,0.076816,0.038095,0.061176,0.048447,0.086174,0.172968,0.365238,0.060444
0.024411,0.363083,0.008507,0.006243,0.257845,0.006167,0.023457,0.165434,0.088617,0.056236
0.009873,0.010934,0.036691,0.019678,0.372725,0.019040,0.079081,0.256048,0.089890,0.106040
0.014886,0.013197,0.166463,0.071056,0.024808,0.021537,0.020736,0.249810,0.392636,0.024872
0.028585,0.031842,0.339141,0.027817,0.062156,0.035499,0.124927,0.030717,0.032062,0.287254
0.013855,0.483706,0.024720,0.008556,0.014564,0.008185,0.020333,0.138926,0.280382,0.006772
0.026269,0.013363,0.137179,0.012610,0.022568,0.025178,0.021363,0.374226,0.345653,0.021591
0.066183,0.033003,0.329901,0.058854,0.038737,0.008705,0.105630,0.222441,0.112574,0.023972
0.009331,0.008853,0.064870,0.020765,0.020567,0.023523,0.105960,0.703708,0.024418,0.018004
0.033273,0.035389,0.007953,0.006685,0.292587,0.007377,0.008649,0.358577,0.160136,0.089375
0.014604,0.042851,0.017327,0.035367,0.282686,0.010820,0.064778,0.448859,0.069361,0.013348
0.037958,0.026298,0.178273,0.021835,0.031142,0.043389,0.041333,0.082561,0.326335,0.210875
0.008027,0.007789,0.075788,0.009831,0.267187,0.009798,0.014770,0.508716,0.010219,0.087874
0.033455,0.044464,0.036403,0.019773,0.027139,0.025147,0.022402,0.021287,0.586035,0.183894
0.068425,0.011868,0.108613,0.014917,0.598459,0.023308,0.031969,0.090318,0.016199,0.035923
0.021916,0.026918,0.040984,0.023218,0.037049,0.036306,0.081609,0.448429,0.039721,0.243850
0.014822,0.019362,0.282923,0.463880,0.047961,0.031220,0.033127,0.024359,0.046208,0.036138
0.025390,0.025657,0.041857,0.028265,0.030945,0.028782,0.042827,0.440231,0.030922,0.305125
0.049960,0.062749,0.415917,0.052160,0.105769,0.054860,0.098293,0.056499,0.058750,0.045044
0.016370,0.014945,0.033872,0.034702,0.800422,0.022082,0.013740,0.019853,0.029114,0.014900
0.006781,0.008689,0.130560,0.005973,0.357164,0.010743,0.100579,0.055602,0.226234,0.097677
0.144818,0.021763,0.378454,0.021088,0.048984,0.031786,0.145237,0.128389,0.058959,0.020523
0.007921,0.007753,0.176744,0.010452,0.040162,0.049348,0.181670,0.019552,0.343279,0.163119
0.011477,0.398943,0.089440,0.008615,0.026439,0.014670,0.004619,0.169589,0.270719,0.005488
0.006014,0.440998,0.008060,0.007847,0.266099,0.011142,0.005789,0.020699,0.172841,0.060512
0.013056,0.143986,0.127830,0.026674,0.074591,0.111898,0.193366,0.035916,0.258908,0.013775
0.013020,0.016429,0.258859,0.011950,0.042340,0.011928,0.274824,0.335445,0.023861,0.011344
0.008621,0.012304,0.035816,0.246874,0.015985,0.017927,0.017745,0.194872,0.340568,0.109287
0.006136,0.461054,0.039434,0.048861,0.021408,0.042562,0.111967,0.012204,0.100696,0.155677
0.008992,0.573645,0.036774,0.008034,0.040454,0.056384,0.018471,0.065510,0.013708,0.178029
0.030379,0.043079,0.093615,0.012203,0.028544,0.033714,0.029080,0.236836,0.477935,0.014615
0.036013,0.029139,0.022638,0.011336,0.453441,0.010035,0.081337,0.050829,0.185305,0.119928
0.007745,0.009128,0.127700,0.007658,0.346662,0.016622,0.067451,0.158032,0.252579,0.006423
0.048259,0.010738,0.414651,0.065481,0.026601,0.011151,0.024231,0.359345,0.016619,0.022926
0.005098,0.379697,0.233201,0.005609,0.013713,0.029851,0.097445,0.214169,0.009535,0.011682
0.072642,0.016794,0.030325,0.013935,0.548225,0.029545,0.029913,0.016700,0.227499,0.014421
0.022908,0.020541,0.086070,0.024124,0.041836,0.026571,0.040219,0.131169,0.363964,0.242598
0.008307,0.011419,0.321939,0.008616,0.483747,0.012245,0.018506,0.014581,0.102035,0.018606
0.004622,0.028455,0.053272,0.011376,0.254225,0.034886,0.143142,0.440227,0.008270,0.021525
0.009969,0.009962,0.064678,0.392228,0.075667,0.063437,0.132362,0.025719,0.023030,0.202949
0.137984,0.056526,0.057808,0.009113,0.019305,0.013514,0.022842,0.562242,0.010144,0.110521
0.089697,0.216035,0.051652,0.004813,0.145338,0.008346,0.005749,0.259228,0.147871,0.071271
0.020101,0.113195,0.218269,0.026628,0.040683,0.031165,0.018258,0.021388,0.475378,0.034936
0.013265,0.011021,0.023273,0.014624,0.031360,0.014898,0.107408,0.749865,0.016405,0.017879
0.005536,0.007044,0.083721,0.149706,0.205440,0.008842,0.014846,0.366397,0.153152,0.005316
0.228997,0.082526,0.154608,0.010064,0.379648,0.064604,0.022827,0.008396,0.038886,0.009443
0.012305,0.030817,0.025951,0.023873,0.022468,0.017256,0.018576,0.709873,0.015841,0.123041
0.004115,0.003952,0.190543,0.004711,0.235266,0.028630,0.069076,0.354615,0.015689,0.093403
0.013853,0.012265,0.016215,0.056129,0.030805,0.013269,0.109795,0.212775,0.345097,0.189797
0.005435,0.422687,0.034745,0.006918,0.018202,0.037843,0.016612,0.151847,0.299425,0.006286
0.007688,0.488270,0.044835,0.007638,0.010462,0.008948,0.016105,0.211579,0.195001,0.009474
0.018580,0.014568,0.012452,0.261101,0.015548,0.011943,0.078621,0.212760,0.265766,0.108660
0.018620,0.025230,0.202056,0.038941,0.036200,0.027924,0.025738,0.024011,0.325445,0.275835
0.072564,0.017281,0.122482,0.499050,0.041006,0.037333,0.130778,0.017570,0.042476,0.019460
0.006743,0.079161,0.071497,0.029000,0.043105,0.024653,0.095087,0.585166,0.037540,0.028048
0.006834,0.478408,0.311282,0.007360,0.024166,0.038440,0.016684,0.081912,0.020483,0.014431
0.006865,0.403382,0.007292,0.006399,0.226384,0.007487,0.051287,0.030105,0.254409,0.006391
0.010000,0.391038,0.058873,0.008249,0.251293,0.011500,0.013739,0.007600,0.241367,0.006342
0.018482,0.017721,0.036406,0.018191,0.021600,0.025644,0.016959,0.416530,0.399989,0.028479
0.031370,0.433590,0.059727,0.007810,0.276108,0.007470,0.008228,0.156670,0.010713,0.008315
0.010641,0.737030,0.015240,0.010524,0.022747,0.010749,0.020930,0.037965,0.015023,0.119151
0.007655,0.427162,0.040769,0.008855,0.007901,0.009384,0.044667,0.435510,0.009175,0.008921
0.010861,0.014782,0.100981,0.021644,0.360592,0.012797,0.039708,0.061861,0.266887,0.109888
0.006042,0.314633,0.112600,0.006515,0.181311,0.024424,0.003788,0.173742,0.078317,0.098629
0.006833,0.009424,0.032319,0.012351,0.345129,0.039368,0.104260,0.188097,0.119387,0.142832
0.029938,0.016010,0.443798,0.011904,0.052460,0.020623,0.119579,0.079925,0.040146,0.185617
0.007996,0.007891,0.164303,0.060497,0.461201,0.019758,0.069258,0.017044,0.011474,0.180577
0.009560,0.068730,0.330651,0.010271,0.024674,0.013845,0.213550,0.015749,0.304502,0.008468
0.009226,0.007235,0.221764,0.007154,0.319638,0.024026,0.031266,0.066320,0.306674,0.006696
0.013783,0.012050,0.025087,0.016465,0.018265,0.029212,0.020135,0.829770,0.016124,0.019109
0.062407,0.087108,0.316671,0.008598,0.031721,0.028412,0.024608,0.084195,0.348334,0.007946
0.063680,0.500087,0.117299,0.054885,0.018478,0.040203,0.013290,0.011133,0.012731,0.168215
0.005964,0.005620,0.201445,0.186625,0.314638,0.009607,0.056844,0.011234,0.192539,0.015486
0.027800,0.020201,0.113275,0.016182,0.018298,0.018096,0.025224,0.381068,0.229068,0.150789
0.070001,0.006766,0.132097,0.010311,0.022544,0.053053,0.062014,0.606176,0.014446,0.022592
0.028636,0.027948,0.283018,0.120451,0.065885,0.057972,0.042719,0.032778,0.042709,0.297884
0.008190,0.548107,0.009248,0.008173,0.010391,0.013449,0.007473,0.009835,0.306626,0.078509
0.022631,0.011836,0.070009,0.012600,0.025803,0.014400,0.200478,0.294586,0.339448,0.008209
0.012020,0.011441,0.021495,0.011290,0.537327,0.024192,0.019832,0.222732,0.014376,0.125294
0.010719,0.033106,0.209113,0.009558,0.469023,0.016670,0.070669,0.058062,0.113593,0.009485
0.017885,0.675251,0.053615,0.010447,0.019836,0.011110,0.008191,0.064286,0.013519,0.125860
0.010260,0.014388,0.483914,0.016699,0.045801,0.059736,0.129285,0.022919,0.021098,0.195900
0.028933,0.027472,0.558694,0.025758,0.073389,0.039425,0.060353,0.043183,0.084443,0.058352
0.072753,0.038407,0.203258,0.008851,0.033075,0.017411,0.253018,0.009882,0.215851,0.147495
0.014424,0.021288,0.332569,0.015370,0.045728,0.029076,0.195878,0.110633,0.197962,0.037073
0.007200,0.009337,0.057942,0.031730,0.358274,0.021656,0.088317,0.249437,0.030947,0.145160
0.008233,0.007332,0.146382,0.016308,0.418508,0.025766,0.034779,0.007654,0.304601,0.030437
0.021614,0.060706,0.143716,0.022858,0.042326,0.018456,0.041784,0.106252,0.524746,0.017543
0.022662,0.314457,0.007431,0.004710,0.241532,0.005258,0.004347,0.311623,0.082216,0.005764
0.019467,0.024145,0.030081,0.018195,0.020723,0.020258,0.016537,0.438013,0.387416,0.025168
0.392721,0.147154,0.045564,0.033299,0.044483,0.056284,0.051570,0.153778,0.038974,0.036175
0.008067,0.008161,0.270249,0.017100,0.047822,0.054674,0.214198,0.008489,0.338390,0.032851
0.012923,0.014751,0.376305,0.013548,0.033718,0.015878,0.098018,0.235682,0.032067,0.167109
0.027669,0.024897,0.050452,0.626183,0.044909,0.057733,0.056113,0.025537,0.044192,0.042314
0.091800,0.014723,0.049960,0.017042,0.089380,0.106545,0.180932,0.374714,0.060564,0.014341
0.008028,0.070776,0.294915,0.009623,0.466361,0.024448,0.089349,0.017475,0.011406,0.007618
0.120609,0.009265,0.016689,0.006914,0.386134,0.009320,0.059422,0.162856,0.136474,0.092315
0.034730,0.047233,0.037986,0.084419,0.673772,0.025429,0.014378,0.016966,0.032436,0.032649
0.024512,0.284652,0.023340,0.119222,0.215369,0.006979,0.003292,0.273734,0.042361,0.006539
0.007391,0.038710,0.435437,0.006808,0.059480,0.027066,0.021860,0.068809,0.325705,0.008737
0.008830,0.012279,0.156781,0.009216,0.487354,0.021124,0.061996,0.215687,0.017656,0.009076
0.039931,0.044245,0.109075,0.006096,0.232830,0.004965,0.004280,0.354180,0.198542,0.005857
0.034065,0.400738,0.087224,0.007278,0.274989,0.005591,0.010843,0.006869,0.060584,0.111817
0.051077,0.418825,0.036284,0.232482,0.027348,0.015352,0.068293,0.008714,0.009893,0.131733
0.010465,0.008416,0.233966,0.012744,0.481416,0.024469,0.196889,0.009304,0.014009,0.008322
0.033020,0.004666,0.232972,0.004764,0.255535,0.035597,0.061901,0.116816,0.130204,0.124525
0.032887,0.169352,0.065900,0.061951,0.059534,0.047384,0.067209,0.169333,0.286766,0.039684
0.007839,0.536543,0.022810,0.007907,0.033971,0.042090,0.013905,0.091064,0.229121,0.014750
0.005830,0.006519,0.229150,0.005922,0.356020,0.017009,0.062268,0.006527,0.217603,0.093153
0.022372,0.304621,0.224687,0.010308,0.248237,0.023771,0.007793,0.141582,0.006985,0.009644
0.005004,0.368006,0.010780,0.005902,0.237413,0.006488,0.007685,0.345127,0.007435,0.006161
0.013828,0.484030,0.041529,0.017915,0.023320,0.036598,0.014051,0.052115,0.309923,0.006691
0.014183,0.585815,0.017064,0.011878,0.013264,0.009087,0.068808,0.032332,0.237994,0.009575
0.023043,0.010888,0.016930,0.058764,0.435662,0.014394,0.077998,0.334809,0.015358,0.012155
0.031431,0.051566,0.315939,0.013367,0.056254,0.063963,0.008007,0.032951,0.388452,0.038070
0.012793,0.017212,0.156686,0.015337,0.022759,0.013896,0.099899,0.282894,0.356863,0.021662
0.007772,0.024583,0.123131,0.043448,0.349281,0.019308,0.119887,0.144561,0.151960,0.016068
0.035479,0.468506,0.094659,0.006152,0.333537,0.006347,0.011831,0.028593,0.008528,0.006368
0.006921,0.498299,0.115167,0.008283,0.012656,0.009407,0.058899,0.007029,0.275794,0.007544
0.013778,0.014220,0.574803,0.014784,0.051973,0.014884,0.149003,0.105315,0.020044,0.041196
0.007407,0.279250,0.005186,0.112365,0.185833,0.005007,0.009575,0.297649,0.034475,0.063253
0.053736,0.012305,0.026859,0.045839,0.348866,0.021213,0.017668,0.202641,0.254485,0.016388
0.014887,0.152001,0.116039,0.129159,0.131136,0.052735,0.042139,0.038523,0.022267,0.301115
0.007495,0.008272,0.087713,0.008537,0.052559,0.029790,0.141762,0.313860,0.340075,0.009937
0.014355,0.018300,0.501778,0.013314,0.038993,0.024349,0.134703,0.024787,0.022269,0.207152
0.065618,0.015547,0.031275,0.054861,0.020635,0.014592,0.089501,0.256676,0.312573,0.138723
0.096040,0.012374,0.266513,0.015739,0.042538,0.021315,0.217470,0.023912,0.289600,0.014499
0.007969,0.010277,0.012923,0.007962,0.366060,0.008183,0.022111,0.545287,0.011624,0.007602
0.006400,0.007137,0.048665,0.006822,0.262987,0.010299,0.171986,0.385986,0.010442,0.089276
0.147112,0.006535,0.134024,0.008623,0.383377,0.010008,0.021922,0.247445,0.024343,0.016611
0.010986,0.013697,0.070798,0.288083,0.022262,0.010293,0.104603,0.077604,0.382711,0.018963
0.017047,0.046982,0.038771,0.023068,0.023667,0.026492,0.098185,0.261382,0.443547,0.020859
0.022352,0.021138,0.316216,0.029584,0.041292,0.031671,0.039325,0.418961,0.044395,0.035065
0.011782,0.071607,0.181620,0.024940,0.617985,0.014617,0.021749,0.014764,0.021744,0.019192
0.004444,0.042587,0.242631,0.164241,0.017659,0.031694,0.057654,0.142173,0.200506,0.096411
0.050280,0.023009,0.061638,0.149081,0.060235,0.129092,0.013289,0.411982,0.040049,0.061345
0.029861,0.393235,0.136919,0.008247,0.237431,0.014649,0.011684,0.135191,0.020164,0.012619
0.006315,0.455976,0.041356,0.008999,0.022920,0.035264,0.005263,0.243216,0.174446,0.006244
0.005500,0.019145,0.115448,0.005612,0.308744,0.014325,0.044408,0.188444,0.219181,0.079192
0.004579,0.320487,0.203334,0.007007,0.021422,0.011899,0.003814,0.353326,0.069620,0.004512
0.008139,0.008539,0.112106,0.235178,0.314634,0.010051,0.053024,0.010242,0.234587,0.013500
0.010638,0.012296,0.020414,0.009480,0.016171,0.019451,0.013305,0.623318,0.258345,0.016581
0.106714,0.025980,0.043475,0.018825,0.028140,0.044056,0.083349,0.024719,0.337919,0.286823
0.010340,0.098825,0.036488,0.015437,0.058362,0.031185,0.035902,0.024334,0.473199,0.215929
0.160450,0.037339,0.075059,0.038010,0.047680,0.063284,0.172607,0.030988,0.055551,0.319033
0.006249,0.446223,0.013049,0.180727,0.010519,0.007267,0.049481,0.155965,0.122829,0.007691
0.006853,0.436435,0.027528,0.006660,0.279418,0.035926,0.016847,0.009808,0.173602,0.006922
0.013494,0.078250,0.031309,0.015558,0.024566,0.030589,0.034344,0.283154,0.465444,0.023291
0.004991,0.380450,0.015014,0.005120,0.208170,0.007346,0.009052,0.097758,0.205759,0.066339
0.163960,0.006022,0.297857,0.005357,0.272938,0.047771,0.005050,0.056454,0.015232,0.129360
0.010864,0.014902,0.015837,0.011031,0.561967,0.011111,0.009896,0.175298,0.022875,0.166218
0.127943,0.023501,0.049017,0.107599,0.056828,0.028146,0.042900,0.502325,0.037902,0.023839
0.003866,0.006363,0.215209,0.038919,0.186400,0.026852,0.088935,0.163694,0.177721,0.092040
0.015587,0.436735,0.013775,0.005847,0.228058,0.009584,0.013183,0.025965,0.244325,0.006941
0.008550,0.010888,0.016805,0.009561,0.432194,0.008622,0.068778,0.010873,0.309578,0.124151
0.141788,0.343972,0.240193,0.193594,0.016403,0.027229,0.010602,0.007560,0.008971,0.009689
0.014248,0.776304,0.045812,0.009777,0.039044,0.028429,0.025149,0.010919,0.039126,0.011193
0.031890,0.445628,0.047947,0.007015,0.354719,0.011790,0.008715,0.008757,0.008768,0.074770
0.040207,0.029095,0.270523,0.006765,0.357614,0.007129,0.006266,0.157373,0.013423,0.111605
0.021753,0.043494,0.019376,0.033938,0.012987,0.017669,0.013844,0.508568,0.316415,0.011954
0.030667,0.552123,0.035610,0.009132,0.032166,0.040806,0.011666,0.011176,0.115476,0.161179
0.006779,0.473107,0.014139,0.010335,0.011442,0.007799,0.010965,0.447840,0.008859,0.008734
0.032732,0.024620,0.188630,0.022102,0.145854,0.085410,0.082217,0.255928,0.062191,0.100317
0.018517,0.860085,0.015050,0.012629,0.014813,0.016618,0.016161,0.013693,0.017239,0.015195
0.133403,0.023884,0.117348,0.011536,0.017195,0.013049,0.033190,0.557294,0.084756,0.008344
0.006273,0.008733,0.253820,0.041364,0.378794,0.017782,0.015457,0.007025,0.264359,0.006393
0.008812,0.023876,0.084543,0.008804,0.012582,0.009070,0.033522,0.546090,0.147895,0.124806
0.004441,0.004877,0.191024,0.125270,0.203294,0.019967,0.044079,0.300594,0.013156,0.093298
0.039145,0.446376,0.177123,0.007019,0.012748,0.008661,0.070825,0.136449,0.009382,0.092271
0.005033,0.348954,0.074199,0.202586,0.011497,0.025862,0.056682,0.193495,0.076288,0.005403
0.064684,0.009140,0.347716,0.011927,0.278510,0.047645,0.016620,0.186816,0.014464,0.022480
0.008421,0.010826,0.019864,0.020275,0.315999,0.013338,0.038008,0.552686,0.010894,0.009688
0.131487,0.139035,0.148446,0.021177,0.052471,0.045308,0.015909,0.034714,0.390054,0.021400
0.006243,0.005045,0.162887,0.192362,0.227722,0.017204,0.165999,0.004995,0.197064,0.020479
0.137588,0.026669,0.171093,0.005257,0.025813,0.017207,0.128840,0.455974,0.025505,0.006053
0.006839,0.010614,0.260121,0.010614,0.039090,0.025822,0.201359,0.076299,0.339320,0.029922
0.007141,0.006630,0.014256,0.007287,0.281030,0.008831,0.012795,0.419356,0.230960,0.011715
0.011367,0.481222,0.075229,0.007644,0.297683,0.013195,0.015542,0.027018,0.064197,0.006903
0.006083,0.006806,0.110659,0.006358,0.256304,0.015556,0.004371,0.369777,0.207870,0.016216
0.007644,0.091258,0.327364,0.018489,0.082294,0.058965,0.027676,0.025381,0.159494,0.201433
0.007331,0.007691,0.148960,0.055954,0.430488,0.011433,0.084046,0.015074,0.109580,0.129444
0.012370,0.011512,0.380785,0.012117,0.047172,0.040883,0.393500,0.033295,0.019601,0.048767
0.008692,0.068816,0.222239,0.251390,0.042152,0.043337,0.122605,0.066723,0.016170,0.157875
0.005610,0.415215,0.035022,0.032073,0.310010,0.006717,0.009931,0.044515,0.130772,0.010135
0.007825,0.006031,0.194448,0.006190,0.037755,0.019740,0.019084,0.519112,0.029707,0.160109
0.062838,0.007306,0.295849,0.009596,0.030490,0.014407,0.068381,0.180575,0.307651,0.022907
0.013869,0.010820,0.112477,0.044312,0.048192,0.024903,0.151360,0.277972,0.282789,0.033306
0.135366,0.021424,0.149844,0.027716,0.063275,0.030410,0.477724,0.016907,0.032111,0.045224
0.021503,0.058596,0.272496,0.021200,0.032229,0.027877,0.130105,0.361118,0.042017,0.032857
0.263753,0.018678,0.108656,0.088199,0.037148,0.023940,0.032811,0.352175,0.043807,0.030833
0.013358,0.012110,0.025989,0.012506,0.598593,0.014891,0.120766,0.016773,0.027557,0.157457
0.041613,0.020697,0.029796,0.063976,0.023678,0.015807,0.117748,0.413804,0.250328,0.022551
0.072107,0.315577,0.042290,0.006203,0.005827,0.005520,0.033179,0.311425,0.202565,0.005307
0.037164,0.053512,0.261048,0.009625,0.305975,0.033521,0.004543,0.141837,0.023848,0.128926
0.015472,0.100883,0.192159,0.020410,0.030901,0.026238,0.109647,0.017473,0.455684,0.031133
0.043538,0.249288,0.120016,0.053635,0.069963,0.055406,0.255510,0.055942,0.054797,0.041905
0.005138,0.418828,0.062401,0.007416,0.299685,0.016430,0.072501,0.011581,0.099640,0.006380
0.186835,0.007226,0.218518,0.063932,0.037279,0.022680,0.119398,0.017947,0.318318,0.007868
0.060812,0.010586,0.153398,0.262143,0.029361,0.021010,0.129507,0.180251,0.026708,0.126224
0.028199,0.425569,0.007702,0.009007,0.008853,0.007395,0.006646,0.188672,0.257370,0.060587
0.024592,0.342831,0.028148,0.007595,0.201720,0.025557,0.020715,0.008878,0.229695,0.110268
0.047764,0.024113,0.149274,0.021570,0.051195,0.018745,0.016256,0.383455,0.029313,0.258315
0.048700,0.146628,0.119399,0.048182,0.099806,0.075331,0.092113,0.257344,0.063477,0.049021
0.007855,0.524963,0.008427,0.007341,0.377532,0.009047,0.009746,0.034947,0.011712,0.008432
0.009461,0.485355,0.313383,0.014438,0.024475,0.035850,0.076952,0.007309,0.020960,0.011816
0.006231,0.417118,0.008428,0.007863,0.324361,0.007250,0.008945,0.022291,0.190142,0.007370
0.003539,0.262628,0.058812,0.008192,0.201297,0.020197,0.006408,0.339022,0.010725,0.089181
0.013811,0.021340,0.101811,0.013709,0.079611,0.049402,0.199651,0.397439,0.071391,0.051836
0.005400,0.292741,0.074692,0.004132,0.202740,0.005104,0.003801,0.330717,0.009976,0.070697
0.110452,0.115962,0.213105,0.018986,0.035570,0.045390,0.044223,0.093086,0.024805,0.298421
0.010892,0.010280,0.073798,0.088016,0.056636,0.034579,0.029215,0.282293,0.174736,0.239554
0.053911,0.027234,0.135981,0.020426,0.033509,0.022456,0.038017,0.021723,0.446862,0.199881
0.019896,0.007918,0.046208,0.068417,0.033847,0.058241,0.100193,0.604592,0.034885,0.025803
0.029540,0.037785,0.431190,0.029797,0.089049,0.048923,0.076980,0.154048,0.042398,0.060291
0.007088,0.434560,0.007761,0.007628,0.223811,0.007610,0.008669,0.008538,0.194114,0.100220
0.095675,0.015796,0.012612,0.007899,0.328461,0.006961,0.047354,0.398385,0.012594,0.074262
0.010946,0.440521,0.047240,0.008654,0.009568,0.009266,0.009268,0.445762,0.010110,0.008666
0.010076,0.687379,0.055238,0.051895,0.024751,0.011089,0.025661,0.012933,0.107181,0.013797
0.006308,0.419648,0.093648,0.191030,0.013137,0.006405,0.039308,0.212251,0.012188,0.006078
0.004781,0.006579,0.278857,0.005589,0.023012,0.015134,0.011101,0.365647,0.199372,0.089929
0.005589,0.382814,0.086569,0.006455,0.018725,0.013751,0.062609,0.060135,0.251675,0.111678
0.048789,0.006996,0.033003,0.012912,0.376947,0.021489,0.166827,0.016993,0.309721,0.006325
0.062811,0.015382,0.031583,0.011071,0.576490,0.014324,0.067370,0.012141,0.195691,0.013136
0.028956,0.031762,0.271503,0.029704,0.036282,0.053645,0.050866,0.155628,0.037758,0.303896
0.019361,0.495924,0.216151,0.011566,0.021376,0.009262,0.012090,0.193509,0.011209,0.009552
0.051972,0.005045,0.167546,0.197725,0.030414,0.017809,0.014818,0.190077,0.212416,0.112179
0.065287,0.021713,0.039532,0.020898,0.032590,0.029582,0.018900,0.539173,0.026114,0.206212
0.011211,0.012127,0.018429,0.011903,0.616364,0.016062,0.082828,0.061784,0.015638,0.153653
0.007318,0.007088,0.014733,0.014783,0.373140,0.010502,0.067859,0.484327,0.013721,0.006529
0.015261,0.020842,0.018078,0.368462,0.023253,0.016925,0.076181,0.416711,0.023959,0.020327
0.142904,0.027905,0.268708,0.008442,0.044154,0.035455,0.015454,0.204817,0.232359,0.019803
0.004237,0.262237,0.150864,0.169689,0.194859,0.024141,0.052601,0.037588,0.010476,0.093309
0.014524,0.011556,0.107733,0.020316,0.565460,0.022742,0.031284,0.012632,0.016497,0.197255
0.102962,0.041260,0.229082,0.004901,0.235687,0.012843,0.016216,0.347115,0.006064,0.003869
0.178708,0.024289,0.067291,0.034805,0.102447,0.055898,0.401473,0.044555,0.026369,0.064164
0.004150,0.005796,0.164806,0.004245,0.210443,0.010831,0.102936,0.314368,0.170697,0.011727
0.004587,0.320621,0.028947,0.004561,0.020826,0.011902,0.024198,0.349093,0.131892,0.103374
0.057848,0.020090,0.182712,0.020870,0.061388,0.041396,0.054566,0.471191,0.070083,0.019855
0.009460,0.010494,0.102207,0.007719,0.434832,0.021517,0.214157,0.053727,0.023979,0.121908
0.010548,0.038431,0.081389,0.008762,0.419676,0.016288,0.024714,0.019110,0.352768,0.028315
0.013648,0.015072,0.031472,0.013987,0.023318,0.018098,0.026610,0.297538,0.536818,0.023439
0.006689,0.006229,0.009596,0.007641,0.314654,0.010016,0.052126,0.412323,0.174853,0.005873
0.028369,0.028516,0.216845,0.027734,0.036075,0.039171,0.048078,0.137762,0.405081,0.032368
0.063487,0.008560,0.048558,0.056975,0.279153,0.048129,0.005118,0.233695,0.250578,0.005748
0.037181,0.013781,0.014559,0.011523,0.456517,0.023849,0.116411,0.013026,0.303411,0.009742
0.013735,0.462187,0.099919,0.006274,0.263980,0.040947,0.029585,0.065485,0.010606,0.007283
0.026195,0.344617,0.062191,0.005380,0.231515,0.010380,0.008489,0.095134,0.209722,0.006377
0.240871,0.009180,0.035469,0.035225,0.402664,0.028092,0.007364,0.022423,0.041348,0.177364
0.005902,0.022100,0.127023,0.006303,0.354907,0.010147,0.053301,0.217667,0.078717,0.123935
0.010628,0.363765,0.283700,0.008060,0.233395,0.013831,0.012607,0.060089,0.008840,0.005085
0.024258,0.029305,0.084182,0.048390,0.038574,0.031862,0.202353,0.142600,0.041158,0.357318
0.026476,0.004854,0.103471,0.006111,0.279151,0.009247,0.102486,0.379235,0.008822,0.080147
0.006830,0.007725,0.151814,0.005624,0.288615,0.018943,0.004509,0.157508,0.217513,0.140919
0.014286,0.512572,0.009065,0.007143,0.311288,0.007471,0.016517,0.033082,0.011263,0.077313
0.037168,0.042421,0.262017,0.101038,0.088149,0.091086,0.027185,0.220261,0.101358,0.029316
0.011828,0.017425,0.611301,0.022850,0.117187,0.080489,0.035815,0.035858,0.018304,0.048943
0.242762,0.046863,0.103170,0.083888,0.054872,0.021534,0.056272,0.321384,0.039460,0.029796
0.092355,0.016241,0.015865,0.007868,0.312329,0.007402,0.011173,0.407727,0.058418,0.070621
0.012583,0.437137,0.007510,0.008674,0.219102,0.011807,0.029494,0.008447,0.256375,0.008870
0.010431,0.011161,0.074420,0.411623,0.053449,0.035169,0.026516,0.145467,0.193072,0.038692
0.005704,0.006581,0.037177,0.008560,0.034360,0.039748,0.023928,0.555713,0.281996,0.006233
0.007384,0.029242,0.263287,0.006431,0.342542,0.012323,0.018922,0.153275,0.160203,0.006391
0.008016,0.084605,0.276675,0.018485,0.381678,0.054635,0.111226,0.008322,0.022211,0.034148
0.077322,0.038161,0.053458,0.036640,0.068605,0.037634,0.331564,0.241921,0.046827,0.067867
0.004214,0.293501,0.024812,0.170886,0.210036,0.026932,0.066123,0.006170,0.112621,0.084704
0.081361,0.020339,0.142510,0.019803,0.049408,0.020096,0.181844,0.156529,0.055713,0.272396
0.028033,0.014942,0.061394,0.038686,0.038418,0.070462,0.027020,0.023435,0.438355,0.259256
0.020226,0.011932,0.053480,0.049706,0.463762,0.009328,0.019655,0.197286,0.163964,0.010661
0.010451,0.008571,0.183873,0.011098,0.404713,0.008492,0.118663,0.087513,0.016925,0.149701
0.006258,0.316221,0.194890,0.004644,0.012755,0.011143,0.077193,0.034312,0.241893,0.100692
0.010143,0.010271,0.092448,0.012989,0.038687,0.027403,0.313371,0.240580,0.037821,0.216285
0.053533,0.006882,0.140458,0.007758,0.331704,0.012436,0.017297,0.049044,0.274385,0.106502
0.036415,0.073090,0.176709,0.022599,0.029722,0.011666,0.114282,0.320626,0.027153,0.187739
0.010207,0.012938,0.014440,0.009172,0.510275,0.012726,0.080175,0.010062,0.182049,0.157957
0.047063,0.538105,0.043683,0.007350,0.015239,0.017251,0.016202,0.040170,0.263757,0.011180
0.022634,0.009368,0.072112,0.011390,0.514986,0.009125,0.104196,0.009563,0.111669,0.134955
0.014205,0.011167,0.352848,0.027569,0.070887,0.039542,0.035822,0.418156,0.019018,0.010786
0.255875,0.018900,0.102032,0.020259,0.033171,0.031252,0.031286,0.471228,0.019185,0.016812
0.005976,0.388411,0.091683,0.006781,0.246164,0.037929,0.029066,0.177147,0.009903,0.006942
0.289403,0.024148,0.043628,0.020229,0.035626,0.025761,0.191376,0.019071,0.333801,0.016958
0.025242,0.012292,0.098867,0.015533,0.016197,0.013195,0.023632,0.758170,0.015826,0.021046
0.008456,0.009268,0.079191,0.010904,0.516090,0.017480,0.024071,0.009635,0.299365,0.025538
0.101177,0.348152,0.019318,0.010278,0.277961,0.007444,0.017804,0.026989,0.184805,0.006072
0.006127,0.329453,0.023860,0.145828,0.008287,0.005774,0.029025,0.375590,0.007428,0.068628
0.026877,0.150660,0.230901,0.026847,0.046490,0.032458,0.232879,0.162381,0.049998,0.040509
0.015578,0.017371,0.029042,0.013330,0.023111,0.020861,0.075086,0.297077,0.492569,0.015975
0.023325,0.045066,0.084199,0.008642,0.012624,0.008986,0.007877,0.546499,0.144462,0.118318
0.013033,0.750791,0.074105,0.014009,0.013971,0.013223,0.076407,0.013834,0.015913,0.014713
0.013369,0.017027,0.165766,0.012008,0.560548,0.015067,0.028251,0.016456,0.026150,0.145357
0.017054,0.023434,0.370337,0.016347,0.047413,0.042055,0.057862,0.018228,0.391064,0.016208
0.016535,0.017717,0.174585,0.035097,0.033077,0.022247,0.031333,0.022021,0.630647,0.016739
0.005471,0.008848,0.351088,0.023601,0.031504,0.038438,0.078038,0.232569,0.107429,0.123016
0.139453,0.009856,0.019678,0.010826,0.017527,0.021289,0.023347,0.606550,0.014641,0.136833
0.009253,0.010649,0.064948,0.022648,0.436495,0.013457,0.072435,0.063377,0.299287,0.007450
0.010185,0.412888,0.011197,0.007307,0.323997,0.006896,0.008613,0.141526,0.008730,0.068661
0.005225,0.406453,0.020245,0.220019,0.019340,0.014827,0.011243,0.179163,0.009273,0.114211
0.021145,0.009227,0.067664,0.010515,0.391172,0.013164,0.025419,0.014714,0.285721,0.161259
0.142725,0.344072,0.078271,0.037521,0.214078,0.013063,0.011273,0.039616,0.016181,0.103202
0.009025,0.011388,0.021015,0.008267,0.443205,0.011242,0.074950,0.008931,0.307009,0.104968
0.006312,0.007098,0.048756,0.279047,0.057318,0.054845,0.187600,0.066171,0.128694,0.164156
0.013011,0.030090,0.022230,0.013636,0.466201,0.025782,0.010999,0.014718,0.285591,0.117741
0.010436,0.010569,0.015722,0.012824,0.514770,0.016481,0.009395,0.011104,0.388707,0.009993
0.065095,0.008950,0.049468,0.254937,0.355530,0.050289,0.026689,0.006570,0.175198,0.007275
0.012670,0.052519,0.255008,0.015250,0.043579,0.031353,0.249487,0.012513,0.290206,0.037415
0.009324,0.007380,0.037937,0.274677,0.032178,0.052523,0.093121,0.014722,0.335659,0.142480
0.032774,0.035065,0.040322,0.062105,0.045906,0.072397,0.047895,0.041186,0.297812,0.324538
0.074928,0.017077,0.171330,0.013153,0.026588,0.013925,0.116695,0.062334,0.481096,0.022873
0.006068,0.005888,0.049849,0.007159,0.293744,0.006294,0.015125,0.419976,0.190054,0.005843
0.008102,0.019866,0.014264,0.009692,0.010376,0.017899,0.063936,0.528681,0.315232,0.011954
0.017943,0.052638,0.130182,0.007503,0.353927,0.017022,0.132831,0.044378,0.226991,0.016586
0.004906,0.318541,0.055722,0.006251,0.217888,0.006015,0.041655,0.338033,0.006117,0.004873
0.008787,0.037951,0.070889,0.007009,0.329967,0.023685,0.032110,0.180113,0.280795,0.028693
0.149656,0.030303,0.165327,0.026673,0.053863,0.051902,0.020681,0.420024,0.054589,0.026980
0.009686,0.012846,0.201131,0.298359,0.023401,0.009840,0.028295,0.015106,0.389992,0.011344
0.051852,0.577757,0.229665,0.011814,0.047160,0.023994,0.007464,0.014113,0.015314,0.020868
0.027969,0.037403,0.062995,0.036482,0.038576,0.042239,0.053875,0.029992,0.643523,0.026946
0.023732,0.590171,0.252328,0.008982,0.015654,0.011145,0.016511,0.056105,0.013225,0.012146
0.023446,0.027981,0.041094,0.025389,0.039789,0.030728,0.180145,0.026478,0.365728,0.239222
0.082237,0.306362,0.024172,0.004584,0.008414,0.006126,0.039131,0.322957,0.199767,0.006251
0.006812,0.006425,0.051298,0.018968,0.363930,0.018042,0.015182,0.481361,0.021481,0.016502
0.039936,0.011569,0.390851,0.063252,0.073623,0.041723,0.038907,0.296131,0.032910,0.011098
0.049163,0.008948,0.035475,0.008894,0.041037,0.055798,0.106529,0.102729,0.392976,0.198451
0.008634,0.646878,0.052815,0.048500,0.018157,0.010595,0.019020,0.009047,0.012872,0.173482
0.007882,0.007380,0.057347,0.006655,0.050799,0.061380,0.006224,0.582143,0.213312,0.006878
0.017157,0.008243,0.095946,0.008428,0.439670,0.019612,0.041484,0.009138,0.232217,0.128106
0.012460,0.016364,0.076106,0.014824,0.015483,0.016996,0.011326,0.701141,0.014944,0.120356
0.027243,0.036614,0.337690,0.032625,0.050716,0.044245,0.070334,0.036497,0.040583,0.323453
0.004064,0.041605,0.109842,0.156701,0.193944,0.026030,0.012798,0.324139,0.019553,0.111324
0.178781,0.012144,0.022647,0.013352,0.018893,0.014593,0.089807,0.258620,0.214156,0.177007
0.009821,0.009511,0.069920,0.012852,0.081635,0.074717,0.284686,0.027500,0.395128,0.034230
0.047503,0.011089,0.022165,0.010614,0.369366,0.012081,0.015262,0.185396,0.232445,0.094079
0.197704,0.018106,0.021810,0.336121,0.030344,0.016793,0.108891,0.053935,0.018956,0.197340
0.007150,0.010257,0.279990,0.009259,0.430604,0.021070,0.006572,0.190019,0.023627,0.021452
0.005233,0.373079,0.139932,0.007176,0.217248,0.011438,0.008815,0.113229,0.007864,0.115986
0.036708,0.042968,0.050146,0.030510,0.066620,0.045347,0.410327,0.234523,0.045969,0.036883
0.005022,0.355840,0.019842,0.192846,0.022328,0.013942,0.004602,0.047052,0.241901,0.096624
0.077084,0.022872,0.049629,0.029541,0.039888,0.044843,0.066912,0.401500,0.230216,0.037516
0.152566,0.027948,0.030782,0.012241,0.486104,0.012273,0.077516,0.013156,0.177108,0.010305
0.004116,0.048119,0.261623,0.009522,0.276110,0.015377,0.015041,0.358422,0.007232,0.004437
0.032049,0.005700,0.013202,0.027635,0.284947,0.007260,0.035330,0.372231,0.212029,0.009616
0.025641,0.021509,0.029392,0.022455,0.042500,0.050964,0.040737,0.475004,0.031455,0.260343
0.008763,0.084163,0.156950,0.035580,0.068599,0.065586,0.112217,0.264233,0.013591,0.190320
0.395778,0.026138,0.080825,0.025442,0.045227,0.036165,0.023326,0.036686,0.036449,0.293965
0.008545,0.054461,0.055125,0.223398,0.017811,0.013038,0.016526,0.189900,0.314560,0.106635
0.009839,0.008729,0.105826,0.008983,0.469897,0.021640,0.021583,0.009765,0.328660,0.015077
0.019103,0.008900,0.061236,0.029759,0.013373,0.008985,0.037815,0.503253,0.306601,0.010975
0.014874,0.012779,0.268550,0.018142,0.032661,0.022495,0.011155,0.020598,0.415984,0.182763
0.141320,0.332180,0.218557,0.007820,0.210086,0.025372,0.007705,0.036743,0.015026,0.005190
0.008669,0.070950,0.149641,0.011974,0.034534,0.012301,0.239045,0.258386,0.190963,0.023537
0.009460,0.009582,0.011336,0.219024,0.012515,0.013127,0.061131,0.235021,0.333089,0.095716
0.008902,0.008470,0.095598,0.222718,0.367962,0.012349,0.051708,0.136998,0.080990,0.014305
0.018797,0.139054,0.192713,0.018894,0.051285,0.036779,0.017029,0.123437,0.384188,0.017823
0.005533,0.005845,0.021215,0.004918,0.316714,0.040857,0.012950,0.445569,0.024051,0.122347
0.009364,0.010486,0.120047,0.009211,0.014158,0.016483,0.043859,0.537881,0.225378,0.013133
0.012136,0.039995,0.045828,0.017456,0.686711,0.025594,0.109979,0.019455,0.031192,0.011655
0.056281,0.008578,0.165610,0.259794,0.020853,0.012891,0.017180,0.011401,0.331982,0.115429
0.033884,0.016986,0.192028,0.016112,0.042553,0.025405,0.038138,0.017489,0.601690,0.015716
0.041825,0.020148,0.010171,0.198566,0.018799,0.009630,0.011288,0.529669,0.073351,0.086553
0.047800,0.045114,0.115417,0.044199,0.060573,0.098624,0.255278,0.193661,0.072125,0.067211
0.048882,0.008309,0.295339,0.062881,0.038600,0.013698,0.159500,0.065187,0.299929,0.007674
0.011269,0.509428,0.044138,0.007969,0.013297,0.010106,0.017473,0.009569,0.298803,0.077947
0.006556,0.007046,0.257248,0.008455,0.378516,0.015180,0.015469,0.007121,0.208377,0.096033
0.013660,0.018242,0.027191,0.014946,0.026637,0.020593,0.026122,0.822501,0.016987,0.013121
0.049981,0.014955,0.178995,0.014477,0.026101,0.019865,0.034692,0.248372,0.395362,0.017200
0.065269,0.065086,0.039012,0.007779,0.028386,0.040380,0.117905,0.204012,0.284973,0.147199
0.007405,0.044465,0.044295,0.011544,0.395449,0.028375,0.037432,0.081159,0.340364,0.009511
0.015490,0.018363,0.229410,0.015357,0.026181,0.032719,0.039647,0.069278,0.385341,0.168213
0.130513,0.022719,0.022596,0.017838,0.439244,0.012299,0.072102,0.051139,0.221650,0.009901
0.014541,0.016090,0.210890,0.011363,0.071281,0.070944,0.031715,0.104594,0.458233,0.010348
0.073030,0.104158,0.070444,0.009308,0.065426,0.065754,0.008864,0.322985,0.048611,0.231421
0.005933,0.006017,0.194579,0.031212,0.277724,0.039724,0.018864,0.151264,0.250140,0.024543
0.077114,0.013671,0.006949,0.129954,0.275508,0.007621,0.009706,0.330577,0.140406,0.008494
0.012774,0.010744,0.091080,0.077362,0.518391,0.016557,0.105658,0.103038,0.036994,0.027402
0.063732,0.009444,0.060425,0.278773,0.020817,0.016247,0.026590,0.307376,0.195184,0.021411
0.009365,0.094179,0.064708,0.009122,0.044697,0.059554,0.007650,0.284280,0.394464,0.031981
0.014420,0.218732,0.160967,0.003666,0.163234,0.019656,0.006650,0.246656,0.162680,0.003339
0.014836,0.082448,0.037625,0.065003,0.024176,0.018290,0.030962,0.018807,0.548980,0.158873
0.181724,0.011881,0.125800,0.298345,0.032608,0.017993,0.091321,0.204630,0.014786,0.020911
0.011201,0.648957,0.011232,0.010166,0.013883,0.016352,0.034931,0.012073,0.229464,0.011741
0.026401,0.013055,0.017303,0.013490,0.030563,0.019880,0.024072,0.354058,0.488012,0.013166
0.013069,0.445886,0.104828,0.014116,0.248534,0.014384,0.012572,0.006206,0.009005,0.131400
0.008715,0.012526,0.194127,0.011846,0.027911,0.013950,0.028947,0.241759,0.318912,0.141307
0.131900,0.012569,0.380712,0.014966,0.070414,0.041168,0.052794,0.033375,0.019313,0.242789
0.009277,0.581512,0.251907,0.010822,0.018027,0.009574,0.079736,0.009400,0.019618,0.010128
0.031918,0.009895,0.318582,0.021585,0.061905,0.080881,0.044590,0.010277,0.411046,0.009322
0.039406,0.006700,0.307626,0.020612,0.026880,0.038932,0.087594,0.256167,0.026361,0.189721
0.005960,0.007093,0.332517,0.065674,0.326032,0.055917,0.153544,0.006927,0.018150,0.028185
0.020795,0.023145,0.030594,0.017725,0.043063,0.030951,0.031775,0.108076,0.676980,0.016896
0.008161,0.581115,0.051138,0.276937,0.021231,0.008858,0.019403,0.011881,0.012293,0.008984
0.039770,0.029428,0.064597,0.009724,0.406328,0.008419,0.073028,0.218501,0.023830,0.126374
0.058935,0.011363,0.033258,0.074318,0.458496,0.025964,0.024228,0.246919,0.038071,0.028449
0.007271,0.370505,0.025026,0.206241,0.022251,0.013943,0.011418,0.062992,0.268462,0.011891
0.182346,0.070281,0.045461,0.062601,0.032560,0.022066,0.081911,0.016166,0.299059,0.187549
0.065556,0.010007,0.567537,0.012152,0.055688,0.075903,0.164078,0.024017,0.015392,0.009670
0.010730,0.014504,0.088667,0.010417,0.039096,0.017493,0.068783,0.710645,0.016578,0.023086
0.030689,0.248231,0.055731,0.008690,0.194754,0.009153,0.017538,0.279203,0.055536,0.100475
0.009803,0.627421,0.010560,0.011741,0.012883,0.012120,0.011707,0.011465,0.280402,0.011899
0.007200,0.547354,0.049476,0.008136,0.333693,0.009488,0.015668,0.009696,0.010954,0.008334
0.155546,0.009627,0.061599,0.266977,0.018946,0.019567,0.008460,0.065667,0.277588,0.116024
0.006374,0.009526,0.246448,0.009000,0.396608,0.020597,0.227545,0.054038,0.009877,0.019988
0.007521,0.458079,0.008475,0.007265,0.010004,0.007677,0.047695,0.160535,0.283532,0.009218
0.187457,0.068397,0.035900,0.063759,0.319197,0.022795,0.005721,0.018592,0.129771,0.148411
0.005666,0.416192,0.007785,0.005824,0.296318,0.006053,0.013375,0.007433,0.175374,0.065980
0.006087,0.423125,0.027837,0.006883,0.255640,0.038498,0.067874,0.006197,0.161598,0.006263
0.009311,0.009435,0.045776,0.012556,0.016843,0.013096,0.058588,0.587566,0.235932,0.010896
0.011891,0.370070,0.059877,0.005793,0.238842,0.008346,0.011327,0.006367,0.228662,0.058825
0.011776,0.016171,0.181101,0.062731,0.563714,0.028035,0.022877,0.062456,0.028286,0.022852
0.038771,0.033019,0.255341,0.037697,0.095286,0.057334,0.281655,0.057443,0.105182,0.038271
0.010599,0.015592,0.046451,0.032896,0.500627,0.019293,0.261202,0.071526,0.030978,0.010838
0.009433,0.009580,0.109003,0.010703,0.464177,0.009672,0.022528,0.011942,0.335693,0.017266
0.078756,0.015951,0.083008,0.014616,0.027388,0.016092,0.126916,0.288572,0.135211,0.213491
0.023600,0.353132,0.079791,0.037200,0.021972,0.027488,0.067184,0.040697,0.241753,0.107184
0.006291,0.439665,0.031341,0.026796,0.011481,0.007208,0.011241,0.201450,0.257238,0.007289
0.018377,0.722676,0.072013,0.014514,0.015630,0.013198,0.021088,0.012881,0.095351,0.014274
0.015922,0.004891,0.176222,0.009847,0.031814,0.016735,0.088763,0.432992,0.216879,0.005935
0.010944,0.627979,0.012592,0.009225,0.013546,0.009761,0.013256,0.031604,0.259281,0.011813
0.010250,0.015972,0.221988,0.010287,0.060795,0.091807,0.050437,0.011688,0.482587,0.044188
0.016063,0.016721,0.029800,0.393268,0.023348,0.030061,0.028612,0.066650,0.376915,0.018563
0.022350,0.042643,0.018577,0.008702,0.379935,0.010565,0.013177,0.218274,0.205992,0.079785
0.055264,0.045562,0.023591,0.017784,0.033064,0.024647,0.026206,0.534971,0.035461,0.203450
0.017632,0.018496,0.116164,0.034074,0.063836,0.139602,0.487416,0.017679,0.040830,0.064271
0.011306,0.010197,0.204263,0.063935,0.456667,0.015337,0.018240,0.011074,0.016198,0.192783
0.024307,0.028306,0.291834,0.152464,0.115914,0.189780,0.094493,0.028616,0.048371,0.025915
0.019988,0.321512,0.223119,0.004815,0.259055,0.028456,0.010142,0.114147,0.013887,0.004879
0.033651,0.006078,0.169463,0.004539,0.260875,0.007749,0.053387,0.337071,0.057562,0.069623
0.004054,0.004117,0.129877,0.007118,0.231305,0.032081,0.068134,0.347179,0.172274,0.003860
0.008388,0.035679,0.382426,0.028904,0.046687,0.060428,0.027972,0.212227,0.033887,0.163402
0.007788,0.377193,0.015401,0.007796,0.021938,0.034453,0.012255,0.500885,0.016093,0.006199
0.014177,0.817210,0.015718,0.044801,0.027573,0.016666,0.016417,0.013959,0.016774,0.016703
0.118234,0.009289,0.048679,0.007832,0.015892,0.011640,0.014806,0.488253,0.270643,0.014733
0.004379,0.309206,0.014298,0.006854,0.210758,0.011957,0.054631,0.367478,0.015670,0.004769
0.211534,0.010792,0.032101,0.014172,0.542062,0.025663,0.116887,0.018796,0.017315,0.010679
0.006482,0.476762,0.018019,0.007701,0.012874,0.007054,0.015481,0.172617,0.275976,0.007035
0.010366,0.005605,0.226733,0.139549,0.017468,0.024219,0.047999,0.335720,0.178833,0.013508
0.018423,0.476944,0.127110,0.007292,0.299982,0.008962,0.011029,0.031981,0.010876,0.007400
0.011375,0.026730,0.107986,0.013098,0.016814,0.017881,0.078544,0.695052,0.017345,0.015176
0.008052,0.448578,0.008419,0.021009,0.009439,0.008299,0.009265,0.105062,0.286528,0.095349
0.011429,0.010846,0.219503,0.012175,0.027168,0.015421,0.108415,0.015635,0.429802,0.149606
0.075756,0.070633,0.158238,0.068438,0.116418,0.096692,0.173496,0.074917,0.098263,0.067150
0.017714,0.025224,0.043539,0.020926,0.048943,0.024733,0.043193,0.085919,0.660394,0.029415
0.016411,0.015802,0.582602,0.017806,0.039676,0.041838,0.013448,0.026881,0.020524,0.225014
0.018729,0.022382,0.044608,0.033958,0.022575,0.017133,0.120780,0.097622,0.606179,0.016035
0.009891,0.423671,0.008639,0.007079,0.304263,0.007177,0.030929,0.022922,0.179241,0.006188
0.041792,0.503475,0.114357,0.007841,0.012479,0.007064,0.006250,0.191022,0.015009,0.100713
0.044508,0.013919,0.204801,0.011701,0.488504,0.010145,0.079152,0.014622,0.120915,0.011733
0.019912,0.025255,0.037605,0.019482,0.028328,0.040785,0.038039,0.551446,0.025377,0.213771
0.007182,0.007965,0.043606,0.006214,0.248853,0.006388,0.014105,0.422173,0.231184,0.012329
0.023665,0.363356,0.029636,0.007679,0.017690,0.032808,0.017961,0.164000,0.237269,0.105936
0.004435,0.291014,0.069056,0.019048,0.224018,0.008097,0.006081,0.156379,0.161492,0.060380
0.011673,0.010682,0.028917,0.012771,0.015217,0.023737,0.017154,0.660903,0.099098,0.119849
0.008795,0.013005,0.358633,0.011745,0.046158,0.016477,0.163731,0.215238,0.016930,0.149288
0.006025,0.006624,0.060635,0.006137,0.376476,0.011488,0.017940,0.496048,0.012561,0.006065
0.008184,0.489676,0.045653,0.008481,0.367656,0.009945,0.028458,0.006890,0.019866,0.015191
0.043251,0.491928,0.190602,0.036943,0.017284,0.006642,0.014546,0.050872,0.010099,0.137834
0.007287,0.309500,0.069533,0.179272,0.011603,0.028342,0.008531,0.367758,0.011620,0.006555
0.074668,0.320080,0.034819,0.015490,0.007289,0.006707,0.038449,0.357067,0.094109,0.051321
0.012488,0.348544,0.025213,0.022289,0.007011,0.006187,0.009011,0.388871,0.173397,0.006990
0.006576,0.514215,0.050367,0.007199,0.034453,0.039640,0.028668,0.278927,0.024113,0.015840
0.008394,0.007240,0.013100,0.221988,0.323550,0.009443,0.144575,0.244149,0.020933,0.006629
0.006748,0.457382,0.008638,0.008469,0.009817,0.008385,0.016076,0.206116,0.269342,0.009027
0.004805,0.329008,0.249609,0.177547,0.011275,0.025118,0.009341,0.050097,0.135557,0.007642
0.008426,0.009425,0.134466,0.008640,0.380889,0.018430,0.215167,0.012576,0.096755,0.115225
0.031551,0.041099,0.111722,0.020560,0.023755,0.023808,0.083712,0.331095,0.151755,0.180944
0.010526,0.030369,0.033259,0.055334,0.397761,0.015344,0.133601,0.299466,0.013069,0.011271
0.004468,0.020986,0.021122,0.037822,0.227575,0.013630,0.081544,0.316581,0.181183,0.095090
0.056385,0.052466,0.128974,0.051088,0.089997,0.107523,0.104868,0.245255,0.065376,0.098068
0.064126,0.080248,0.137173,0.130676,0.085448,0.091205,0.139346,0.083090,0.080760,0.107928
0.058962,0.006853,0.153897,0.009295,0.028815,0.011862,0.141235,0.558497,0.012674,0.017911
0.019729,0.103016,0.039312,0.082631,0.035433,0.042887,0.135138,0.023653,0.488721,0.029480
0.006017,0.005552,0.053028,0.009350,0.268530,0.009971,0.114984,0.423984,0.011070,0.097516
0.009615,0.013122,0.071656,0.011158,0.035148,0.014736,0.022276,0.676848,0.014240,0.131200
0.010463,0.009991,0.014314,0.012129,0.018411,0.013629,0.019582,0.694438,0.189856,0.017187
0.005341,0.413272,0.071581,0.024333,0.221888,0.008696,0.012448,0.007198,0.227852,0.007391
0.007774,0.290025,0.221525,0.006033,0.014856,0.026475,0.007470,0.323919,0.006999,0.094924
0.010032,0.572910,0.065674,0.012077,0.010563,0.011469,0.008605,0.204984,0.011142,0.092544
0.012136,0.072322,0.026776,0.011849,0.500237,0.022239,0.093907,0.061134,0.013759,0.185640
0.018529,0.008942,0.018967,0.009111,0.474430,0.011419,0.050996,0.056936,0.241834,0.108837
0.287380,0.056481,0.166518,0.015668,0.062658,0.027834,0.307815,0.016496,0.044350,0.014800
0.005258,0.336715,0.131677,0.004740,0.256251,0.028771,0.010980,0.203432,0.009250,0.012926
0.018587,0.020323,0.053635,0.021501,0.029222,0.025389,0.036539,0.114979,0.657000,0.022825
0.007633,0.419706,0.059961,0.172014,0.009733,0.008338,0.008766,0.022155,0.284570,0.007124
0.131349,0.182921,0.122227,0.036472,0.111896,0.115395,0.237093,0.017615,0.028259,0.016773
0.021938,0.334889,0.214850,0.007232,0.017154,0.030350,0.062225,0.051127,0.255196,0.005039
0.010040,0.676091,0.012682,0.012964,0.010873,0.010222,0.015704,0.010612,0.228390,0.012422
0.037948,0.054839,0.100657,0.239332,0.032640,0.042328,0.076008,0.181236,0.104768,0.130243
0.015218,0.011567,0.678607,0.011866,0.077035,0.094428,0.037682,0.011874,0.017980,0.043742
0.031217,0.026413,0.041568,0.008834,0.025981,0.022354,0.008086,0.585831,0.232643,0.017073
0.043138,0.355911,0.030498,0.005036,0.253221,0.032572,0.019925,0.150829,0.008403,0.100466
0.068365,0.030604,0.079703,0.039460,0.052193,0.077772,0.063841,0.512512,0.044869,0.030682
0.008208,0.007920,0.109863,0.214915,0.401344,0.015975,0.006777,0.138525,0.081408,0.015064
0.007587,0.006990,0.039087,0.009714,0.023400,0.045580,0.027988,0.624118,0.208719,0.006816
0.005595,0.005609,0.039927,0.222928,0.317727,0.018680,0.075056,0.053845,0.239639,0.020993
0.196411,0.011487,0.032723,0.011325,0.532889,0.021841,0.010493,0.015815,0.022111,0.144904
0.010090,0.549325,0.048675,0.009519,0.013555,0.009011,0.054168,0.010480,0.215539,0.079638
0.007524,0.523685,0.011198,0.007139,0.303788,0.008064,0.058062,0.007534,0.065743,0.007264
0.024266,0.008164,0.062722,0.010793,0.359864,0.026314,0.130763,0.024855,0.344927,0.007331
0.005437,0.004962,0.034463,0.006842,0.283835,0.032393,0.085066,0.398525,0.142692,0.005784
0.012887,0.017654,0.123561,0.012832,0.620842,0.024027,0.023308,0.016972,0.016623,0.131294
0.009150,0.560150,0.009960,0.009810,0.011872,0.009293,0.035128,0.010798,0.334517,0.009324
0.128266,0.415238,0.110938,0.006921,0.017874,0.008879,0.029277,0.006603,0.269730,0.006274
0.084014,0.033375,0.238466,0.032560,0.063046,0.064533,0.058733,0.038864,0.049493,0.336915
0.119672,0.011415,0.212491,0.042421,0.052855,0.071183,0.093657,0.307778,0.049500,0.039029
0.004649,0.005398,0.053349,0.011029,0.297510,0.018130,0.070383,0.438991,0.095720,0.004841
0.007176,0.042007,0.021078,0.014823,0.338740,0.013074,0.053748,0.417351,0.008951,0.083052
0.085767,0.093160,0.208851,0.012917,0.052682,0.017388,0.096916,0.021140,0.379419,0.031760
0.027104,0.025936,0.042795,0.026673,0.033709,0.030033,0.044126,0.031623,0.514890,0.223111
0.005815,0.008626,0.050047,0.007228,0.262968,0.020421,0.177006,0.220823,0.241315,0.005749
0.015343,0.585286,0.050567,0.027379,0.010793,0.011819,0.060370,0.214560,0.012658,0.011225
0.008659,0.008710,0.077328,0.011763,0.018185,0.011687,0.014001,0.578080,0.151730,0.119858
0.042603,0.100833,0.086298,0.039866,0.094141,0.075509,0.087254,0.042016,0.362333,0.069147
0.004964,0.343622,0.216772,0.036855,0.211106,0.032100,0.008720,0.055343,0.079732,0.010785
0.012696,0.010012,0.384683,0.018099,0.489156,0.018374,0.008963,0.025727,0.020226,0.012065
0.005445,0.357339,0.027098,0.006654,0.006333,0.006442,0.006628,0.355015,0.223016,0.006030
0.108255,0.275835,0.026702,0.010635,0.160633,0.010253,0.007308,0.148175,0.164954,0.087249
0.016486,0.497947,0.090030,0.007949,0.275418,0.009893,0.015804,0.009096,0.068833,0.008544
0.004195,0.022345,0.236707,0.008725,0.261703,0.029229,0.059961,0.178567,0.193281,0.005286
0.006520,0.037563,0.107701,0.006412,0.301835,0.009022,0.056808,0.393804,0.007360,0.072976
0.019493,0.016665,0.171577,0.016641,0.045290,0.047794,0.187440,0.109203,0.347415,0.038481
0.376756,0.019348,0.055467,0.014572,0.089917,0.046271,0.011727,0.035536,0.068048,0.282359
0.027007,0.173567,0.475749,0.032381,0.053757,0.064085,0.051474,0.036339,0.059696,0.025945
0.165128,0.030423,0.045454,0.006365,0.349543,0.038988,0.170859,0.058179,0.112268,0.022792
0.008921,0.490086,0.009075,0.022243,0.008734,0.012847,0.015510,0.163115,0.200105,0.069364
0.009222,0.608503,0.282762,0.011864,0.020498,0.013240,0.008260,0.009894,0.021337,0.014419
0.008414,0.013088,0.246025,0.017227,0.050752,0.074533,0.126043,0.238054,0.014604,0.211261
0.016196,0.273144,0.008741,0.003852,0.012001,0.021205,0.072385,0.364066,0.224094,0.004315
0.162218,0.414778,0.019520,0.005476,0.016559,0.030661,0.065622,0.009999,0.268803,0.006364
0.032090,0.442108,0.008747,0.007006,0.341468,0.011853,0.045090,0.027488,0.009423,0.074727
0.049242,0.069100,0.140848,0.031446,0.048761,0.031468,0.048170,0.501477,0.058644,0.020844
0.007059,0.007092,0.214323,0.007396,0.024606,0.054201,0.094645,0.087869,0.307877,0.194934
0.027556,0.364023,0.011558,0.005585,0.261725,0.005101,0.007587,0.090834,0.162134,0.063898
0.007241,0.083643,0.053746,0.013573,0.047504,0.052157,0.107506,0.081398,0.363491,0.189742
0.010383,0.011394,0.083828,0.068650,0.490019,0.015327,0.034970,0.235409,0.019075,0.030945
0.014048,0.077246,0.127477,0.013682,0.022022,0.014479,0.100371,0.281874,0.335358,0.013443
0.006489,0.007003,0.170205,0.005123,0.029132,0.033907,0.110230,0.421935,0.211192,0.004784
0.011119,0.029279,0.148399,0.023203,0.509799,0.013218,0.020211,0.218323,0.014618,0.011833
0.023380,0.024480,0.212859,0.026568,0.041460,0.028386,0.176001,0.024713,0.205152,0.237001
0.051546,0.009623,0.106944,0.009816,0.015480,0.011727,0.009148,0.660159,0.017016,0.108541
0.022436,0.020361,0.184571,0.478548,0.027995,0.024976,0.018317,0.024103,0.175524,0.023170
0.012053,0.034091,0.052057,0.061316,0.025274,0.015692,0.080114,0.352851,0.343448,0.023104
0.007931,0.479654,0.084495,0.009955,0.009313,0.008528,0.010135,0.134780,0.247610,0.007599
0.065159,0.061766,0.196615,0.005441,0.339043,0.040050,0.005108,0.016768,0.246008,0.024042
0.007864,0.036939,0.212626,0.032017,0.027179,0.057903,0.006101,0.576443,0.036116,0.006813
0.012570,0.010584,0.026781,0.046212,0.017478,0.024052,0.019190,0.711989,0.015361,0.115784
0.013087,0.092436,0.106360,0.012619,0.031562,0.023056,0.213708,0.104854,0.389857,0.012462
0.008363,0.011607,0.044702,0.011872,0.440700,0.013079,0.072164,0.011801,0.244622,0.141089
0.008725,0.008681,0.160459,0.014989,0.041213,0.066084,0.071280,0.228067,0.392121,0.008381
0.212795,0.014901,0.404069,0.013764,0.029523,0.010899,0.036921,0.020460,0.246316,0.010351
0.101719,0.005588,0.112961,0.005344,0.016106,0.008160,0.065082,0.415900,0.188523,0.080617
0.151440,0.554186,0.128842,0.007152,0.027240,0.013747,0.015709,0.007582,0.086803,0.007299
0.005908,0.473564,0.102930,0.008677,0.346830,0.017248,0.016874,0.010200,0.011236,0.006533
0.010310,0.641315,0.012645,0.010003,0.015562,0.017018,0.009364,0.188849,0.013766,0.081168
0.016720,0.044731,0.035861,0.014081,0.637710,0.014177,0.151597,0.021904,0.033515,0.029702
0.008211,0.523233,0.065110,0.008127,0.012646,0.009215,0.011724,0.029334,0.323942,0.008456
0.010671,0.010470,0.027416,0.012514,0.550897,0.020689,0.017423,0.014970,0.315431,0.019520
0.012993,0.814039,0.013474,0.011817,0.013392,0.014051,0.046596,0.043166,0.015358,0.015115
0.017721,0.007312,0.154251,0.216642,0.019560,0.016631,0.017237,0.512734,0.020032,0.017881
0.082368,0.334311,0.013913,0.138364,0.243285,0.009482,0.009805,0.004655,0.157308,0.006509
0.006723,0.006785,0.048323,0.013136,0.376919,0.041954,0.115056,0.256429,0.128221,0.006453
0.032987,0.044742,0.072417,0.032961,0.051852,0.033426,0.142845,0.148771,0.055777,0.384222
0.221501,0.019214,0.036361,0.016945,0.034432,0.031920,0.108416,0.227911,0.138712,0.164589
0.009372,0.574217,0.061177,0.008722,0.011799,0.008896,0.057782,0.010577,0.246456,0.011003
0.014266,0.084761,0.156907,0.022186,0.094102,0.054861,0.071482,0.053079,0.025633,0.422722
0.092880,0.090984,0.034250,0.328958,0.038740,0.055351,0.029890,0.264932,0.037646,0.026369
0.047042,0.080593,0.373731,0.311514,0.027019,0.017942,0.031658,0.071124,0.013618,0.025760
0.013614,0.013959,0.104446,0.017335,0.034951,0.032354,0.026372,0.023189,0.541089,0.192691
0.042376,0.039961,0.287655,0.038602,0.053744,0.045408,0.195594,0.202872,0.048850,0.044937
0.005737,0.461285,0.104625,0.006938,0.277154,0.010514,0.010252,0.045067,0.072108,0.006320
0.008377,0.020352,0.085422,0.014240,0.013028,0.011560,0.013865,0.534300,0.209928,0.088927
0.015338,0.043262,0.021611,0.398114,0.042006,0.023461,0.030907,0.257586,0.149757,0.017958
0.004907,0.392832,0.146325,0.006922,0.293017,0.005736,0.014088,0.031979,0.012842,0.091352
0.003665,0.005723,0.203453,0.007862,0.229388,0.031839,0.003400,0.323901,0.175990,0.014779
0.009071,0.318353,0.018204,0.005834,0.186813,0.011350,0.017948,0.132379,0.211824,0.088225
0.037772,0.435268,0.034972,0.006040,0.012393,0.008273,0.010333,0.436472,0.012218,0.006260
0.006236,0.435606,0.150529,0.006221,0.253931,0.032790,0.079066,0.011853,0.010492,0.013275
0.025778,0.355745,0.005842,0.004974,0.210241,0.005191,0.011407,0.122379,0.197020,0.061422
0.008958,0.007696,0.163643,0.007508,0.022218,0.012425,0.091911,0.574980,0.091713,0.018948
0.006136,0.025193,0.119352,0.007478,0.331447,0.009159,0.065144,0.161560,0.145722,0.128809
0.040732,0.322038,0.032213,0.007132,0.252153,0.012144,0.054656,0.140618,0.127139,0.011174
0.007466,0.010234,0.029836,0.063874,0.374400,0.022797,0.098492,0.171809,0.032660,0.188433
0.006441,0.006737,0.362810,0.008725,0.295375,0.047800,0.086370,0.014779,0.027436,0.143526
0.009408,0.049194,0.047402,0.018517,0.061146,0.080431,0.207451,0.025746,0.488727,0.011977
0.013143,0.008101,0.017957,0.030127,0.263868,0.006697,0.012227,0.402323,0.234429,0.011128
0.010186,0.400197,0.090953,0.007321,0.282287,0.006847,0.058464,0.005639,0.060885,0.077221
0.018310,0.054756,0.051758,0.008166,0.430867,0.017671,0.017612,0.045361,0.250617,0.104883
0.066468,0.090240,0.365647,0.032436,0.057059,0.049337,0.063044,0.157049,0.060620,0.058101
0.038755,0.501799,0.072050,0.010759,0.326078,0.009420,0.010919,0.009824,0.011271,0.009126
0.149028,0.006839,0.149479,0.008930,0.024015,0.013429,0.215463,0.053759,0.261889,0.117170
0.075387,0.015773,0.055912,0.450604,0.092802,0.037674,0.192508,0.011339,0.054964,0.013037
0.018958,0.016539,0.036817,0.021276,0.026139,0.024932,0.025737,0.359752,0.444370,0.025479
0.007860,0.091025,0.501202,0.008572,0.040682,0.057330,0.020552,0.107904,0.136418,0.028455
0.042200,0.007796,0.146743,0.219072,0.020503,0.035863,0.101286,0.169760,0.235455,0.021321
0.004379,0.278825,0.190665,0.174606,0.220719,0.011182,0.007674,0.033129,0.070029,0.008794
0.008150,0.008462,0.015682,0.008633,0.495130,0.014527,0.189636,0.225801,0.025614,0.008365
0.020063,0.016621,0.159533,0.016549,0.070441,0.016861,0.223303,0.389932,0.033532,0.053167
0.054510,0.434020,0.031696,0.006636,0.332917,0.041645,0.070780,0.009730,0.010307,0.007761
0.007849,0.448190,0.111399,0.007222,0.348357,0.009359,0.014494,0.037054,0.009514,0.006562
0.004842,0.006851,0.273100,0.006749,0.026142,0.028624,0.058059,0.364916,0.132448,0.098269
0.047130,0.041659,0.064129,0.058663,0.079916,0.106234,0.064835,0.046295,0.449226,0.041914
0.010026,0.367266,0.008706,0.006073,0.281688,0.006127,0.039064,0.007210,0.220991,0.052851
0.004620,0.313308,0.037901,0.004768,0.255784,0.005029,0.006028,0.319847,0.005829,0.046888
0.004407,0.298414,0.030878,0.004658,0.146519,0.005088,0.005786,0.285850,0.177733,0.040667
0.006994,0.416844,0.013902,0.006639,0.330410,0.007135,0.009462,0.008152,0.192916,0.007546
0.067760,0.033339,0.170029,0.014649,0.022001,0.015272,0.108579,0.205543,0.219701,0.143126
0.081601,0.217171,0.019511,0.003626,0.180978,0.008074,0.039022,0.238625,0.140147,0.071245
0.050353,0.657363,0.019230,0.013758,0.013592,0.010626,0.009442,0.196057,0.016361,0.013218
0.013245,0.417939,0.048679,0.010223,0.031540,0.017396,0.015008,0.197448,0.107796,0.140727
0.005932,0.006553,0.010450,0.006229,0.349012,0.010751,0.047723,0.428322,0.128991,0.006037
0.005134,0.342102,0.005679,0.015306,0.246867,0.005249,0.031795,0.150344,0.145824,0.051702
0.020904,0.014875,0.013249,0.020830,0.013487,0.013448,0.015555,0.673023,0.097663,0.116967
0.011434,0.011470,0.014222,0.047137,0.025046,0.012471,0.022424,0.739410,0.102353,0.014033
0.016220,0.019483,0.025012,0.018322,0.474517,0.015125,0.023311,0.074212,0.131134,0.202664
0.015122,0.053306,0.339128,0.020207,0.070358,0.086977,0.043697,0.011117,0.052550,0.307537
0.012027,0.743285,0.015233,0.014826,0.016606,0.012717,0.022850,0.051920,0.097165,0.013371
0.010357,0.402709,0.053850,0.008520,0.310663,0.006853,0.006121,0.025612,0.168652,0.006663
0.009035,0.009625,0.127864,0.008912,0.460999,0.015447,0.085536,0.065276,0.208492,0.008814
0.006866,0.504307,0.117883,0.008795,0.016102,0.012325,0.064391,0.007366,0.254024,0.007941
0.010287,0.695190,0.026101,0.015793,0.032510,0.051393,0.111758,0.014847,0.026305,0.015817
0.084005,0.008391,0.153714,0.010963,0.046922,0.051455,0.024927,0.247139,0.343629,0.028854
0.007249,0.031607,0.397935,0.012315,0.040113,0.053935,0.021061,0.229002,0.030622,0.176161
0.010311,0.682242,0.052987,0.011771,0.028192,0.009774,0.082205,0.010142,0.098739,0.013638
0.090424,0.056762,0.410200,0.045425,0.069753,0.056903,0.100539,0.055365,0.062599,0.052031
0.006011,0.396800,0.012701,0.006182,0.222341,0.006898,0.009110,0.031416,0.236644,0.071897
0.020215,0.016938,0.189467,0.454468,0.031099,0.028455,0.016088,0.019014,0.024939,0.199317
0.075852,0.022583,0.622052,0.101295,0.042013,0.036920,0.014552,0.017411,0.048265,0.019058
0.004357,0.004592,0.249344,0.039440,0.250756,0.013832,0.056987,0.055226,0.205093,0.120374
0.119452,0.495662,0.008588,0.009184,0.012153,0.007806,0.016007,0.181057,0.142655,0.007436
0.038862,0.246959,0.088313,0.050465,0.086641,0.060100,0.097562,0.211048,0.052942,0.067108
0.006722,0.065284,0.022472,0.011038,0.038941,0.049600,0.117047,0.256659,0.295993,0.136246
0.041545,0.005258,0.040948,0.010309,0.301487,0.034578,0.109849,0.442819,0.008302,0.004906
0.029671,0.015288,0.092659,0.011408,0.031906,0.020684,0.035893,0.291725,0.253899,0.216867
0.006110,0.029282,0.038176,0.006280,0.027168,0.047424,0.015930,0.539920,0.270930,0.018780
0.029646,0.031652,0.006926,0.006666,0.277974,0.007654,0.048234,0.331144,0.198296,0.061807
0.057771,0.008573,0.106067,0.005873,0.305639,0.043987,0.072924,0.139170,0.240505,0.019492
0.006166,0.478298,0.042290,0.051313,0.026398,0.017779,0.012355,0.013362,0.198698,0.153342
0.026645,0.050490,0.146045,0.007624,0.434042,0.007866,0.022999,0.187879,0.015479,0.100932
0.007473,0.012078,0.279338,0.042802,0.034964,0.057559,0.007110,0.024294,0.343220,0.191161
0.013160,0.766825,0.014071,0.014816,0.014536,0.012748,0.082263,0.051607,0.017486,0.012490
0.014245,0.004723,0.036231,0.185102,0.269193,0.016350,0.061211,0.401555,0.006976,0.004413
0.015917,0.017172,0.120394,0.046772,0.039068,0.037900,0.171656,0.512611,0.022382,0.016128
0.007604,0.008811,0.031666,0.185189,0.012485,0.016930,0.017069,0.449798,0.190046,0.080403
0.099229,0.036154,0.014931,0.026803,0.010678,0.014293,0.034767,0.471732,0.282272,0.009139
0.031177,0.455614,0.009020,0.006866,0.009987,0.012156,0.009188,0.448432,0.008766,0.008793
0.008359,0.008598,0.159676,0.078230,0.387214,0.065564,0.115771,0.106969,0.039412,0.030207
0.005206,0.440776,0.166200,0.036514,0.299965,0.011409,0.012145,0.007857,0.008796,0.011133
0.192318,0.033619,0.208704,0.038504,0.083833,0.046427,0.022211,0.225697,0.079173,0.069514
0.016513,0.837417,0.015977,0.018246,0.027263,0.014134,0.017652,0.017037,0.019562,0.016199
0.011702,0.087247,0.230579,0.030748,0.032025,0.011054,0.106396,0.094550,0.372271,0.023428
0.103123,0.039099,0.014656,0.179105,0.009319,0.007719,0.058351,0.456446,0.123477,0.008706
0.005513,0.019907,0.122622,0.170260,0.013528,0.006017,0.045386,0.412278,0.192085,0.012404
0.105690,0.030087,0.068696,0.036569,0.084767,0.073457,0.026798,0.478784,0.037633,0.057520
0.006445,0.042434,0.097201,0.008040,0.334140,0.013443,0.045060,0.438559,0.008459,0.006218
0.008025,0.519327,0.021343,0.007245,0.032108,0.050103,0.126204,0.008232,0.212710,0.014703
0.050401,0.022057,0.062586,0.075413,0.095559,0.104929,0.214523,0.016171,0.039962,0.318400
0.008483,0.097203,0.530075,0.009319,0.045402,0.030511,0.027031,0.009188,0.045549,0.197240
0.016815,0.018103,0.102849,0.046128,0.036422,0.025477,0.172399,0.026466,0.334753,0.220588
0.012268,0.062356,0.023563,0.012642,0.016740,0.013374,0.061218,0.324477,0.455599,0.017763
0.009534,0.038680,0.318841,0.068274,0.441499,0.014946,0.032144,0.009096,0.037692,0.029294
0.007620,0.058590,0.282981,0.005982,0.328035,0.037174,0.016332,0.075467,0.165767,0.022052
0.007960,0.008928,0.171600,0.008463,0.363512,0.017837,0.060161,0.138281,0.216810,0.006447
0.009861,0.518034,0.010268,0.221228,0.013909,0.009527,0.007508,0.033341,0.166343,0.009981
0.052497,0.024022,0.066880,0.032287,0.114893,0.108680,0.049407,0.492353,0.040187,0.018795
0.023971,0.009374,0.078387,0.009060,0.514217,0.009064,0.007938,0.308935,0.030481,0.008573
0.009795,0.422890,0.028343,0.007461,0.008894,0.010382,0.008736,0.182452,0.266598,0.054448
0.137554,0.019839,0.152570,0.017884,0.169040,0.130094,0.053159,0.254236,0.042753,0.022871
0.102919,0.014644,0.067313,0.018791,0.058829,0.076675,0.132785,0.091130,0.427471,0.009442
0.011735,0.411857,0.038242,0.008985,0.232715,0.030886,0.088640,0.008949,0.008887,0.159104
0.013566,0.234148,0.165959,0.004899,0.009868,0.017915,0.008532,0.273799,0.169716,0.101599
0.010488,0.671891,0.017622,0.012976,0.014931,0.017353,0.020474,0.035524,0.084988,0.113753
0.062964,0.013864,0.272314,0.015622,0.034531,0.029903,0.123628,0.368941,0.044124,0.034109
0.005344,0.294167,0.125538,0.005639,0.230553,0.004388,0.048598,0.118376,0.162335,0.005062
0.006205,0.402772,0.031925,0.237504,0.018489,0.037182,0.079034,0.158609,0.018143,0.010136
0.005701,0.383959,0.052319,0.007666,0.205201,0.006409,0.012538,0.097938,0.166939,0.061330
0.020187,0.105742,0.042572,0.018702,0.031224,0.027897,0.024358,0.022828,0.684682,0.021809
0.026207,0.016707,0.038989,0.011869,0.624855,0.012365,0.024660,0.207538,0.024989,0.011821
0.034074,0.279477,0.177410,0.028697,0.017627,0.025475,0.008172,0.130420,0.215257,0.083392
0.023290,0.020945,0.042408,0.034532,0.033611,0.026980,0.033008,0.543577,0.026823,0.214826
0.013244,0.014681,0.073842,0.013860,0.027305,0.029498,0.099875,0.020281,0.528046,0.179369
0.008860,0.065457,0.358094,0.008790,0.396515,0.009157,0.021423,0.016674,0.106292,0.008736
0.005983,0.006214,0.060608,0.006196,0.035045,0.040397,0.220864,0.513780,0.103841,0.007072
0.018605,0.005588,0.091435,0.006765,0.270632,0.013698,0.009301,0.400431,0.111875,0.071670
0.178882,0.011267,0.072342,0.029023,0.470099,0.012990,0.153360,0.018212,0.030021,0.023803
0.008500,0.008749,0.071698,0.250140,0.452848,0.015320,0.090957,0.067409,0.013709,0.020670
0.175390,0.009180,0.044595,0.008069,0.041660,0.021651,0.200046,0.064039,0.282568,0.152801
0.080120,0.076245,0.257723,0.007489,0.046081,0.049589,0.006133,0.007545,0.314447,0.154628
0.075650,0.051094,0.050492,0.046482,0.072294,0.047071,0.075897,0.048450,0.078398,0.454172
0.009883,0.712590,0.066509,0.012594,0.049653,0.071161,0.020307,0.016147,0.018305,0.022852
0.010499,0.011624,0.022442,0.286518,0.020049,0.014302,0.009998,0.185889,0.311798,0.126881
0.008900,0.008192,0.075494,0.036026,0.013113,0.011439,0.016849,0.517933,0.300577,0.011477
0.005754,0.007500,0.008176,0.012959,0.299500,0.007395,0.018735,0.397480,0.169880,0.072621
0.017864,0.017628,0.033208,0.445814,0.032471,0.038260,0.152010,0.079544,0.166779,0.016421
0.025988,0.011812,0.079202,0.008709,0.380645,0.067189,0.150120,0.008686,0.041363,0.226286
0.099192,0.015776,0.057928,0.052765,0.085660,0.115657,0.044290,0.143702,0.063609,0.321420
0.066689,0.031481,0.022369,0.025814,0.022408,0.050465,0.082962,0.505731,0.185815,0.006265
0.009562,0.011399,0.098180,0.011221,0.495004,0.038550,0.009267,0.035419,0.059679,0.231719
0.032168,0.011522,0.026935,0.008903,0.352212,0.020876,0.084206,0.277479,0.169306,0.016395
0.007916,0.026549,0.157912,0.007219,0.018788,0.012849,0.006428,0.525308,0.221626,0.015404
0.011976,0.010015,0.025855,0.260835,0.024931,0.010875,0.088991,0.172468,0.277919,0.116135
0.005597,0.341396,0.065693,0.006053,0.245392,0.009096,0.010669,0.116357,0.193606,0.006142
0.010681,0.616971,0.011758,0.013096,0.014731,0.012314,0.009054,0.182729,0.015048,0.113618
0.108366,0.017898,0.335232,0.019830,0.034093,0.036947,0.068898,0.022922,0.339190,0.016623
0.016519,0.022288,0.035660,0.019493,0.044773,0.039928,0.092425,0.080790,0.456500,0.191625
0.015567,0.026300,0.104893,0.006718,0.037956,0.034959,0.140738,0.488260,0.024537,0.120072
0.010298,0.008989,0.024882,0.008728,0.457093,0.012738,0.013035,0.275319,0.171827,0.017092
0.179462,0.027245,0.210565,0.038017,0.065413,0.046201,0.077930,0.028071,0.302040,0.025056
0.092532,0.014120,0.034530,0.079455,0.052783,0.068410,0.119119,0.286021,0.036359,0.216671
0.011587,0.014563,0.017704,0.010599,0.507498,0.016896,0.016759,0.012871,0.254512,0.137010
0.002963,0.221467,0.082678,0.119043,0.014155,0.008116,0.036575,0.282459,0.158607,0.073937
0.042314,0.011361,0.068591,0.010230,0.025345,0.013472,0.210709,0.295701,0.191344,0.130934
0.005174,0.005253,0.163997,0.011436,0.280529,0.017851,0.148889,0.014238,0.232573,0.120060
0.015070,0.468690,0.105777,0.019500,0.030480,0.035614,0.015262,0.006587,0.295707,0.007312
0.005101,0.405613,0.092777,0.005766,0.278721,0.005203,0.012106,0.006660,0.182823,0.005228
0.190736,0.025388,0.138855,0.081638,0.115949,0.059863,0.049871,0.228097,0.040503,0.069099
0.040663,0.015959,0.146326,0.011338,0.504062,0.014033,0.010502,0.055111,0.021281,0.180723
0.006444,0.501211,0.045799,0.010291,0.024382,0.038799,0.090734,0.058628,0.207280,0.016434
0.041387,0.064951,0.066045,0.269016,0.459707,0.013738,0.025205,0.015201,0.025425,0.019325
0.086112,0.014424,0.215672,0.012088,0.035738,0.029975,0.337599,0.078588,0.014716,0.175088
0.022182,0.023082,0.043028,0.024390,0.034708,0.026871,0.020007,0.027113,0.538477,0.240142
0.016239,0.009895,0.043156,0.007308,0.392288,0.015617,0.015563,0.129859,0.278684,0.091392
0.075049,0.019823,0.017873,0.364283,0.033004,0.017527,0.078780,0.015654,0.355876,0.022129
0.033723,0.517449,0.012288,0.009562,0.010817,0.009616,0.059194,0.009899,0.327852,0.009600
0.026691,0.027626,0.063754,0.029816,0.035384,0.031791,0.045928,0.477026,0.224282,0.037702
0.008721,0.008958,0.496729,0.010849,0.030747,0.028259,0.034022,0.331714,0.041661,0.008338
0.029991,0.163708,0.085673,0.032572,0.057171,0.036917,0.054238,0.027920,0.486775,0.025035
0.033049,0.490918,0.073065,0.008969,0.253255,0.007905,0.032554,0.031901,0.060016,0.008369
0.013557,0.106866,0.276038,0.012526,0.058480,0.020491,0.033273,0.013319,0.428638,0.036813
0.007639,0.010690,0.039795,0.014665,0.332137,0.048234,0.023006,0.218493,0.298242,0.007101
0.008421,0.008118,0.069566,0.181228,0.011680,0.010363,0.014176,0.496315,0.189611,0.010523
0.048950,0.006432,0.371024,0.007779,0.300486,0.041414,0.018642,0.016838,0.181133,0.007302
0.004977,0.023610,0.241811,0.006443,0.029118,0.030962,0.060162,0.383689,0.213606,0.005621
0.045952,0.063075,0.139008,0.052099,0.094525,0.071318,0.335107,0.058562,0.095696,0.044660
0.110178,0.494429,0.008744,0.026144,0.010737,0.008950,0.015876,0.007971,0.308009,0.008963
0.007507,0.006759,0.010198,0.035786,0.271980,0.009381,0.014211,0.431030,0.129227,0.083920
0.067704,0.011465,0.027618,0.012801,0.441228,0.016698,0.106725,0.015745,0.116966,0.183050
0.271093,0.051431,0.071029,0.010605,0.060555,0.033639,0.132203,0.102423,0.023675,0.243346
0.013349,0.006819,0.202554,0.005199,0.255152,0.012652,0.013005,0.372495,0.113846,0.004928
0.107684,0.015160,0.121792,0.017584,0.061224,0.028269,0.138532,0.016154,0.475729,0.017871
0.008198,0.008877,0.180346,0.008194,0.049215,0.060263,0.241658,0.009322,0.398806,0.035122
0.012438,0.013744,0.362020,0.010235,0.028966,0.015856,0.022010,0.352030,0.031447,0.151253
0.175093,0.419472,0.043557,0.005824,0.272607,0.043601,0.014683,0.006630,0.011206,0.007327
0.077116,0.296423,0.070956,0.123712,0.006852,0.004756,0.024341,0.330497,0.006355,0.058991
0.008752,0.009452,0.051221,0.023080,0.018965,0.023884,0.076097,0.626079,0.013279,0.149192
0.017090,0.015400,0.022364,0.017841,0.661085,0.023397,0.014330,0.020249,0.020565,0.187679
0.005629,0.401138,0.045408,0.006137,0.031875,0.034003,0.012041,0.048691,0.282777,0.132302
0.012840,0.013545,0.141300,0.014677,0.655581,0.016093,0.029567,0.078962,0.022584,0.014852
0.004558,0.301292,0.068566,0.019042,0.209977,0.005512,0.048840,0.327818,0.008180,0.006216
0.008892,0.354776,0.010770,0.144587,0.012826,0.005862,0.011003,0.356444,0.007650,0.087190
0.007305,0.007364,0.295499,0.007313,0.014576,0.010508,0.015713,0.477249,0.074320,0.090153
0.060248,0.028333,0.193668,0.021494,0.102607,0.042318,0.299250,0.160151,0.028911,0.063019
0.008380,0.056447,0.163640,0.046961,0.458170,0.021275,0.017539,0.047369,0.172149,0.008068
0.007364,0.007375,0.226079,0.030654,0.025821,0.057020,0.126750,0.188629,0.323252,0.007056
0.006668,0.010335,0.198656,0.006611,0.412767,0.048498,0.099829,0.007613,0.037910,0.171113
0.004898,0.328286,0.037388,0.130209,0.227422,0.005075,0.010182,0.005634,0.178992,0.071914
0.054933,0.052256,0.140277,0.049703,0.090090,0.075485,0.306321,0.054163,0.088391,0.088380
0.009464,0.007597,0.062535,0.010000,0.442072,0.021751,0.095655,0.013860,0.319367,0.017698
0.030981,0.462714,0.010316,0.008433,0.331007,0.008203,0.008211,0.008345,0.057663,0.074129
0.004521,0.335926,0.024953,0.007953,0.235645,0.004539,0.010010,0.158952,0.155430,0.062071
0.011458,0.393700,0.166961,0.011194,0.255121,0.010535,0.013102,0.007717,0.008890,0.121320
0.045717,0.055630,0.296298,0.107407,0.091366,0.058199,0.090440,0.060754,0.112593,0.081595
0.019054,0.007132,0.155279,0.241567,0.024859,0.017616,0.030557,0.194724,0.302199,0.007012
0.010125,0.380877,0.132124,0.005349,0.222983,0.028699,0.068930,0.128311,0.017230,0.005372
0.006123,0.006544,0.032191,0.007932,0.269188,0.029866,0.078589,0.367553,0.197634,0.004380
0.005235,0.346179,0.036752,0.006335,0.261650,0.006447,0.006708,0.081116,0.195085,0.054493
0.018707,0.010181,0.092298,0.017475,0.015903,0.014339,0.080619,0.644761,0.090966,0.014752
0.022144,0.072527,0.248365,0.009748,0.038025,0.024449,0.021629,0.259297,0.295671,0.008144
0.005811,0.401039,0.177038,0.008400,0.334429,0.005961,0.015354,0.036902,0.009186,0.005879
0.005490,0.005583,0.202953,0.050886,0.026371,0.018112,0.159640,0.482656,0.027289,0.021020
0.005296,0.402743,0.081683,0.007411,0.246167,0.006364,0.012599,0.007000,0.223498,0.007240
0.051014,0.103123,0.036605,0.019453,0.033915,0.023068,0.101798,0.102925,0.323109,0.204991
0.026820,0.005547,0.024457,0.016305,0.022684,0.016358,0.061065,0.473026,0.237686,0.116052
0.006708,0.042407,0.052251,0.005645,0.276947,0.016002,0.017748,0.389780,0.180200,0.012313
0.022367,0.026104,0.031706,0.048862,0.045996,0.027169,0.333253,0.393959,0.052569,0.018015
0.041185,0.005995,0.230321,0.005896,0.022733,0.016497,0.054333,0.425622,0.183247,0.014170
0.124084,0.023228,0.018576,0.006861,0.372947,0.018120,0.128568,0.040672,0.143530,0.123415
0.006736,0.419498,0.010175,0.008430,0.330252,0.008177,0.049306,0.008280,0.056564,0.102582
0.043855,0.656143,0.014342,0.009083,0.010933,0.009566,0.018675,0.147942,0.080229,0.009233
0.262737,0.018390,0.039383,0.445860,0.040544,0.019268,0.097338,0.021385,0.031252,0.023843
0.019306,0.052088,0.045447,0.041659,0.030610,0.018295,0.139095,0.298884,0.320918,0.033698
0.022154,0.024924,0.392423,0.018180,0.058381,0.034318,0.365001,0.037865,0.025218,0.021535
0.008017,0.043399,0.028848,0.191019,0.012521,0.007600,0.006641,0.484509,0.132617,0.084830
0.004936,0.005505,0.181646,0.153555,0.202381,0.011972,0.049576,0.141188,0.168641,0.080600
0.007559,0.008807,0.069438,0.008876,0.395162,0.056085,0.024429,0.104409,0.151575,0.173659
0.010235,0.054673,0.019705,0.045129,0.346141,0.012002,0.017768,0.059290,0.326552,0.108504
0.004602,0.053436,0.166018,0.020887,0.024979,0.016921,0.067732,0.401875,0.238554,0.004999
0.048995,0.701939,0.113093,0.014330,0.012932,0.018535,0.047649,0.013400,0.015555,0.013572
0.015662,0.695365,0.018162,0.010055,0.014643,0.012511,0.018287,0.033694,0.084238,0.097384
0.010604,0.017456,0.070032,0.012691,0.560599,0.042854,0.166407,0.034823,0.033539,0.050995
0.201635,0.036858,0.201566,0.007494,0.045082,0.047477,0.166915,0.229404,0.036234,0.027334
0.012176,0.009087,0.032824,0.352359,0.042186,0.056558,0.190976,0.118517,0.156771,0.028546
0.008359,0.544893,0.203990,0.011329,0.037555,0.053668,0.007185,0.088645,0.026001,0.018376
0.028443,0.006824,0.243730,0.006482,0.017445,0.017706,0.077166,0.468505,0.008853,0.124847
0.247857,0.016577,0.032514,0.071438,0.021335,0.029790,0.092048,0.021572,0.450110,0.016758
0.053549,0.053949,0.076737,0.052511,0.082148,0.081977,0.106124,0.325978,0.067241,0.099787
0.012378,0.016292,0.058262,0.011404,0.068473,0.037871,0.190409,0.029942,0.317256,0.257713
0.061906,0.029201,0.195058,0.013240,0.457985,0.023461,0.016414,0.010043,0.023881,0.168812
0.019988,0.019453,0.162630,0.024316,0.078193,0.037651,0.018205,0.021844,0.565085,0.052635
0.011101,0.741538,0.049346,0.012759,0.014893,0.017656,0.039707,0.014018,0.084352,0.014630
0.060691,0.036105,0.183103,0.025489,0.058673,0.058358,0.042020,0.151281,0.035344,0.348936
0.009442,0.409778,0.007505,0.156979,0.007528,0.008286,0.019092,0.175927,0.150285,0.055179
0.022028,0.010693,0.149078,0.011915,0.017783,0.014230,0.081780,0.660110,0.013127,0.019256
0.244013,0.573327,0.029348,0.021340,0.040314,0.022859,0.007483,0.013160,0.028210,0.019947
0.104983,0.016261,0.109519,0.018412,0.036079,0.023268,0.044338,0.124861,0.488012,0.034268
0.019396,0.018163,0.042818,0.017491,0.032206,0.024942,0.016288,0.022305,0.627831,0.178561
0.017590,0.024091,0.123898,0.022086,0.040541,0.037952,0.037636,0.426605,0.023483,0.246119
0.006591,0.007318,0.061287,0.008861,0.338840,0.012226,0.066617,0.173882,0.223453,0.100926
0.097181,0.079483,0.060028,0.036852,0.048943,0.030656,0.249361,0.037163,0.042155,0.318179
0.131550,0.010655,0.017204,0.011146,0.416701,0.011801,0.015146,0.245020,0.011804,0.128973
0.166672,0.176336,0.070603,0.038130,0.073101,0.036608,0.062060,0.038292,0.297405,0.040793
0.010718,0.044007,0.152050,0.008103,0.359415,0.027751,0.026362,0.007978,0.329978,0.033639
0.005207,0.357786,0.279973,0.005054,0.014736,0.026706,0.055759,0.005305,0.138288,0.111187
0.038710,0.015652,0.027340,0.368002,0.024027,0.030732,0.027790,0.079336,0.373949,0.014462
0.033535,0.006478,0.053273,0.007324,0.359470,0.006270,0.065440,0.142326,0.226384,0.099500
0.028952,0.233830,0.012859,0.129593,0.187439,0.008513,0.055587,0.260426,0.005138,0.077663
0.200395,0.494364,0.036138,0.010746,0.028380,0.019660,0.017217,0.007637,0.012296,0.173167
0.004491,0.321210,0.129502,0.004994,0.023847,0.013245,0.081987,0.189834,0.218460,0.012430
0.012599,0.006683,0.013704,0.006691,0.354089,0.008222,0.040339,0.466269,0.013231,0.078173
0.012255,0.017573,0.028058,0.345935,0.026513,0.030954,0.077105,0.214715,0.231741,0.015151
0.041330,0.035967,0.140120,0.026970,0.023163,0.025047,0.100694,0.218965,0.237385,0.150360
0.178894,0.009416,0.044550,0.257666,0.033498,0.021264,0.138705,0.064099,0.116403,0.135504
0.034333,0.058377,0.107828,0.023211,0.075478,0.038043,0.347181,0.035334,0.056507,0.223708
0.044802,0.587117,0.072381,0.034875,0.014900,0.010372,0.021355,0.189019,0.013872,0.011308
0.124888,0.009739,0.079445,0.222099,0.013333,0.010592,0.061305,0.011253,0.345352,0.121994
0.007162,0.043643,0.081933,0.074868,0.039340,0.053909,0.139191,0.214632,0.335912,0.009410
0.010546,0.009206,0.013592,0.011280,0.472647,0.018839,0.023027,0.048150,0.273865,0.118849
0.009352,0.107346,0.333014,0.100291,0.095151,0.084762,0.183231,0.028941,0.017006,0.040906
0.009290,0.517119,0.009368,0.022017,0.012646,0.010066,0.010236,0.009139,0.300359,0.099760
0.006840,0.495942,0.108644,0.010457,0.033250,0.017628,0.012875,0.010119,0.296328,0.007919
0.159066,0.369714,0.015112,0.007497,0.216723,0.032621,0.008051,0.051010,0.015890,0.124318
0.111712,0.009945,0.014346,0.007956,0.017583,0.014681,0.055117,0.487041,0.272388,0.009232
0.008770,0.011320,0.170092,0.008174,0.471261,0.013727,0.030043,0.231031,0.030727,0.024856
0.070987,0.013828,0.078383,0.012354,0.024803,0.010946,0.009538,0.339533,0.415760,0.023868
0.209885,0.031820,0.029980,0.017788,0.020119,0.016455,0.074999,0.421464,0.019377,0.158114
0.006165,0.024327,0.023085,0.008409,0.230794,0.015685,0.083700,0.414587,0.083289,0.109960
0.011288,0.043317,0.215656,0.004499,0.021221,0.014146,0.010227,0.393356,0.202932,0.083358
0.027202,0.016117,0.028102,0.019490,0.020131,0.031445,0.024067,0.285776,0.354484,0.193185
0.042275,0.356893,0.122811,0.004930,0.022140,0.031635,0.009005,0.192590,0.211998,0.005723
0.042359,0.008125,0.068458,0.055699,0.472776,0.014676,0.027121,0.073032,0.108173,0.129581
0.004491,0.301942,0.006862,0.004477,0.150033,0.007475,0.018299,0.288557,0.170830,0.047033
0.009180,0.585226,0.009806,0.011111,0.012360,0.010144,0.011212,0.010714,0.331043,0.009204
0.073060,0.008987,0.079480,0.030650,0.430705,0.014350,0.022773,0.065885,0.124010,0.150100
0.023117,0.030727,0.250843,0.024424,0.061042,0.030451,0.180265,0.109832,0.030937,0.258361
0.010056,0.070071,0.222351,0.014014,0.463887,0.015288,0.090690,0.078384,0.025603,0.009656
0.013546,0.017794,0.107582,0.015871,0.054764,0.013772,0.277671,0.014476,0.288064,0.196460
0.037145,0.015007,0.062142,0.052849,0.101197,0.051325,0.035095,0.148185,0.233196,0.263859
0.004294,0.004765,0.233880,0.004863,0.233815,0.032310,0.004014,0.373711,0.012741,0.095608
0.013985,0.015032,0.179587,0.376766,0.025370,0.019365,0.025777,0.308272,0.018597,0.017250
0.078792,0.121142,0.041581,0.021160,0.059363,0.092954,0.009979,0.011948,0.520080,0.043001
0.012700,0.016093,0.014381,0.013282,0.017150,0.012231,0.023783,0.751762,0.016373,0.122247
0.010710,0.674713,0.064600,0.010624,0.019583,0.011498,0.013149,0.032161,0.013971,0.148992
0.011144,0.010584,0.021743,0.245257,0.012471,0.013962,0.071573,0.263239,0.245176,0.104851
0.017127,0.017813,0.021489,0.019157,0.022485,0.032011,0.094410,0.468518,0.281739,0.025250
0.072189,0.023671,0.221098,0.109788,0.086538,0.186569,0.098804,0.061070,0.113368,0.026904
0.007164,0.479914,0.012639,0.006516,0.008704,0.010073,0.009517,0.201131,0.257765,0.006579
0.012928,0.032826,0.026612,0.015865,0.018978,0.013355,0.102245,0.190504,0.447063,0.139623
0.007961,0.019232,0.058594,0.186523,0.014101,0.017158,0.012735,0.477483,0.127963,0.078251
0.006763,0.007444,0.161259,0.009074,0.036372,0.007354,0.064703,0.522670,0.175683,0.008678
0.010149,0.011065,0.226851,0.014389,0.511128,0.017868,0.123149,0.026106,0.046792,0.012503
0.030894,0.410915,0.009128,0.024217,0.236105,0.006847,0.008538,0.023880,0.242225,0.007250
0.068521,0.008691,0.046106,0.079263,0.385011,0.028632,0.172910,0.008337,0.021315,0.181214
0.048954,0.416916,0.091750,0.006046,0.016498,0.031285,0.065873,0.009985,0.306519,0.006174
0.019977,0.255548,0.089929,0.004175,0.180995,0.009498,0.021898,0.284510,0.060741,0.072729
0.007565,0.009728,0.253485,0.008927,0.029865,0.018861,0.173713,0.150457,0.241547,0.105851
0.027486,0.400447,0.035954,0.006588,0.012633,0.006854,0.051928,0.441055,0.008877,0.008178
0.005287,0.342701,0.027632,0.006976,0.008952,0.007037,0.011241,0.360483,0.222556,0.007135
0.006175,0.060855,0.031363,0.011360,0.334162,0.038991,0.177545,0.076464,0.257142,0.005942
0.018346,0.053515,0.149293,0.007755,0.325711,0.013292,0.021617,0.150191,0.157545,0.102737
0.012212,0.815023,0.018294,0.016927,0.017671,0.020482,0.052530,0.015898,0.015900,0.015062
0.171804,0.073593,0.067984,0.060278,0.067783,0.054412,0.298040,0.057696,0.095842,0.052567
0.021287,0.090307,0.088480,0.014492,0.102278,0.110065,0.076380,0.016534,0.464669,0.015507
0.007736,0.068934,0.182133,0.009776,0.026464,0.014132,0.082434,0.587485,0.011082,0.009823
0.008022,0.007737,0.332627,0.007902,0.017768,0.013050,0.017050,0.508432,0.078028,0.009385
0.187841,0.011129,0.033510,0.010069,0.593921,0.020363,0.020294,0.075680,0.026396,0.020798
0.010407,0.689112,0.178370,0.013515,0.027152,0.010346,0.023175,0.014280,0.015904,0.017739
0.007407,0.007905,0.141891,0.016453,0.335242,0.048663,0.006339,0.222466,0.012270,0.201365
0.010280,0.010459,0.421850,0.010213,0.031808,0.026180,0.021906,0.071017,0.386407,0.009879
0.024780,0.011057,0.018618,0.063839,0.466106,0.017504,0.205259,0.011186,0.030495,0.151156
0.008707,0.006933,0.022034,0.009030,0.038855,0.051952,0.020607,0.525721,0.308404,0.007755
0.018268,0.019540,0.148299,0.021947,0.055862,0.028486,0.217009,0.162233,0.054975,0.273381
0.006379,0.007193,0.268166,0.015666,0.039361,0.059999,0.251464,0.188421,0.133029,0.030322
0.010518,0.008256,0.239926,0.008289,0.346492,0.026165,0.022004,0.292176,0.038786,0.007389
0.013449,0.011247,0.101766,0.014306,0.633830,0.029808,0.029691,0.112936,0.021689,0.031278
0.006612,0.423613,0.018202,0.008670,0.014612,0.039822,0.020087,0.163674,0.292268,0.012441
0.076569,0.315361,0.122929,0.133377,0.006642,0.006450,0.006402,0.149695,0.178074,0.004500
0.064076,0.009606,0.083927,0.017381,0.054911,0.072346,0.007727,0.247949,0.408955,0.033122
0.015872,0.021806,0.593683,0.015883,0.044460,0.027477,0.139756,0.104236,0.021683,0.015143
0.078275,0.348788,0.005558,0.004769,0.248358,0.006020,0.010839,0.023706,0.194834,0.078852
0.034773,0.379336,0.033063,0.004797,0.280405,0.010237,0.010329,0.030111,0.206945,0.010004
0.006483,0.421549,0.103492,0.047297,0.028829,0.016340,0.018969,0.168200,0.182116,0.006724
0.003767,0.249384,0.066989,0.003760,0.173607,0.003832,0.003349,0.269298,0.154742,0.071272
0.008865,0.008402,0.094764,0.011463,0.013928,0.014688,0.016384,0.582270,0.240652,0.008584
0.009746,0.590079,0.059664,0.250547,0.013397,0.011666,0.011096,0.029721,0.011953,0.012133
0.006429,0.006561,0.064443,0.006535,0.377293,0.013526,0.005652,0.483859,0.013562,0.022139
0.119246,0.016220,0.111326,0.021436,0.056246,0.123028,0.421358,0.041535,0.071357,0.018249
0.032243,0.035941,0.035529,0.027450,0.043577,0.040405,0.162917,0.165928,0.039609,0.416400
0.067149,0.008932,0.061663,0.254128,0.056502,0.041798,0.020151,0.080842,0.266578,0.142255
0.090326,0.013957,0.219845,0.023070,0.094249,0.098843,0.100584,0.031699,0.058851,0.268575
0.032061,0.014950,0.081758,0.022343,0.482083,0.083703,0.178797,0.010847,0.052473,0.040986
0.007953,0.011941,0.388168,0.009222,0.059510,0.033408,0.031369,0.009471,0.247886,0.201073
0.003279,0.236341,0.166611,0.003608,0.007736,0.018683,0.007565,0.308741,0.172036,0.075399
0.013573,0.016915,0.024662,0.304656,0.017275,0.012937,0.021529,0.169981,0.286563,0.131909
0.013790,0.017584,0.034001,0.014707,0.671162,0.020151,0.020195,0.019159,0.018877,0.170374
0.101566,0.006666,0.075348,0.173131,0.338747,0.006484,0.058057,0.040912,0.188335,0.010755
0.069197,0.057243,0.139973,0.075133,0.118279,0.116207,0.139864,0.062847,0.113899,0.107359
0.009580,0.595607,0.010355,0.008919,0.011463,0.010420,0.011052,0.026057,0.230329,0.086219
0.021186,0.369344,0.095357,0.005402,0.227703,0.007493,0.011736,0.007289,0.129828,0.124661
0.139373,0.012431,0.022702,0.017846,0.384612,0.012305,0.052400,0.263440,0.085968,0.008923
0.150339,0.006874,0.060839,0.230105,0.337069,0.016508,0.076338,0.073421,0.027370,0.021137
0.011290,0.429006,0.023470,0.006752,0.301384,0.006788,0.012163,0.007725,0.120849,0.080572
0.007212,0.040724,0.166473,0.015498,0.406260,0.014391,0.204971,0.075021,0.039140,0.030310
0.007191,0.023210,0.278658,0.216359,0.016979,0.011819,0.076047,0.041301,0.233000,0.095437
0.030204,0.011091,0.112865,0.074260,0.030593,0.021650,0.035049,0.230432,0.440021,0.013835
0.008455,0.035830,0.213625,0.006163,0.364401,0.055430,0.092949,0.203750,0.011620,0.007777
0.005644,0.004583,0.096506,0.160889,0.267730,0.008211,0.120276,0.120189,0.124086,0.091886
0.008623,0.045694,0.015620,0.007818,0.015367,0.010059,0.011030,0.505528,0.290346,0.089914
0.006290,0.408939,0.010577,0.007536,0.008000,0.007419,0.005744,0.380165,0.157479,0.007851
0.011344,0.011391,0.042432,0.010257,0.059960,0.037227,0.027099,0.028042,0.541380,0.230868
0.014448,0.010929,0.358865,0.015181,0.065495,0.037587,0.145628,0.036424,0.302978,0.012464
0.032799,0.036856,0.090574,0.004203,0.241635,0.008019,0.014630,0.325819,0.176620,0.068845
0.009177,0.012505,0.073557,0.009117,0.448430,0.014201,0.022492,0.078171,0.198412,0.133937
0.016895,0.021913,0.264299,0.021038,0.028118,0.019161,0.070126,0.498596,0.033718,0.026136
0.040955,0.013267,0.048167,0.024400,0.537061,0.018855,0.087557,0.069793,0.025194,0.134751
0.008455,0.063766,0.121123,0.005703,0.285211,0.050833,0.005348,0.188904,0.263457,0.007200
0.012113,0.011503,0.164710,0.013884,0.025634,0.017088,0.042785,0.226265,0.474443,0.011575
0.108404,0.440391,0.100643,0.027171,0.016856,0.007644,0.005304,0.154491,0.059661,0.079434
0.007599,0.007335,0.046824,0.007306,0.403535,0.007707,0.057298,0.042631,0.287814,0.131951
0.016939,0.024969,0.232125,0.092115,0.052156,0.034479,0.149494,0.340213,0.039861,0.017649
0.013508,0.550578,0.079528,0.010734,0.010184,0.009758,0.018645,0.199553,0.012467,0.095044
0.040691,0.054331,0.068391,0.163262,0.053128,0.071978,0.068029,0.048492,0.055415,0.376284
0.130774,0.009168,0.080182,0.006695,0.315575,0.007075,0.017377,0.144454,0.269664,0.019037
0.007616,0.007791,0.013874,0.184946,0.011085,0.009168,0.009941,0.467585,0.183453,0.104540
0.006267,0.021483,0.184261,0.005092,0.298973,0.015190,0.052173,0.382640,0.018382,0.015539
0.017637,0.023896,0.071978,0.024854,0.036517,0.036023,0.042379,0.023291,0.515694,0.207732
0.006534,0.464014,0.045496,0.018706,0.032653,0.046480,0.082768,0.276341,0.011962,0.015046
0.007633,0.010340,0.088897,0.008540,0.332013,0.015120,0.014566,0.502029,0.013508,0.007355
0.008070,0.520315,0.010688,0.009754,0.009482,0.010095,0.016711,0.180774,0.224353,0.009760
0.089009,0.068886,0.214515,0.124424,0.048715,0.033051,0.213822,0.128166,0.061669,0.017742
0.013388,0.449965,0.011615,0.190696,0.010025,0.009315,0.009099,0.168797,0.129473,0.007625
0.009651,0.623041,0.067955,0.012776,0.014276,0.012026,0.013461,0.222131,0.014190,0.010494
0.006271,0.432178,0.007168,0.006154,0.318858,0.007350,0.005676,0.139736,0.008057,0.068553
0.127623,0.009707,0.276182,0.007161,0.015440,0.014770,0.006637,0.226396,0.217673,0.098412
0.025598,0.004793,0.182116,0.004919,0.243025,0.011869,0.018984,0.365881,0.064866,0.077950
0.010745,0.423878,0.009037,0.006908,0.317065,0.007559,0.007555,0.142182,0.007971,0.067101
0.004844,0.327656,0.237940,0.004911,0.020453,0.025469,0.010178,0.186912,0.072228,0.109410
0.005736,0.039530,0.257164,0.006867,0.305207,0.046088,0.005587,0.027317,0.276277,0.030226
0.005065,0.384613,0.089572,0.012052,0.218471,0.006354,0.033525,0.005382,0.126008,0.118958
0.292361,0.054573,0.111293,0.114183,0.089778,0.053296,0.101167,0.066035,0.066856,0.050458
0.006810,0.365019,0.081229,0.005145,0.281739,0.013320,0.009608,0.125573,0.008645,0.102913
0.012720,0.434153,0.010737,0.005740,0.217836,0.006633,0.012938,0.029153,0.198219,0.071872
0.171577,0.038860,0.084061,0.034589,0.051265,0.045147,0.187047,0.039838,0.296005,0.051611
0.007743,0.351806,0.006832,0.006460,0.256347,0.005911,0.037659,0.080245,0.196879,0.050119
0.147324,0.005509,0.115438,0.212903,0.239553,0.041099,0.014513,0.195755,0.008437,0.019467
0.010996,0.487953,0.039462,0.018885,0.009887,0.008456,0.045676,0.009755,0.297841,0.071088
0.022044,0.026294,0.149882,0.036183,0.027062,0.034866,0.033203,0.020887,0.444893,0.204687
0.026542,0.029641,0.048535,0.046544,0.042869,0.042675,0.094885,0.102657,0.220915,0.344737
0.004776,0.005546,0.020350,0.009766,0.257516,0.040940,0.016186,0.424480,0.094205,0.126234
0.006696,0.395563,0.006501,0.007301,0.287830,0.005798,0.040694,0.006109,0.177578,0.065930
0.007710,0.008565,0.398479,0.030662,0.030770,0.029183,0.023312,0.220331,0.040904,0.210084
0.012206,0.545430,0.010241,0.010554,0.009629,0.014307,0.061306,0.183509,0.142608,0.010210
0.043576,0.012362,0.077346,0.011729,0.445015,0.020967,0.008281,0.056217,0.191753,0.132754
0.042278,0.011565,0.034188,0.011461,0.611900,0.014255,0.096237,0.015202,0.017114,0.145799
0.161467,0.006260,0.309741,0.008637,0.033348,0.020862,0.164443,0.006377,0.265193,0.023671
0.088582,0.016985,0.021992,0.018880,0.025048,0.021436,0.030673,0.021316,0.571689,0.183399
0.011408,0.011610,0.028511,0.011502,0.403967,0.011734,0.100122,0.016038,0.394098,0.011011
0.004152,0.004585,0.104643,0.006314,0.262624,0.036079,0.078834,0.369928,0.007251,0.125590
0.029455,0.009514,0.026093,0.011508,0.017744,0.014465,0.088293,0.638269,0.014061,0.150597
0.012883,0.457345,0.034898,0.011112,0.010583,0.009616,0.006493,0.165627,0.212131,0.079312
0.211878,0.010968,0.038442,0.013349,0.437553,0.048593,0.006510,0.019474,0.035515,0.177716
0.034083,0.016726,0.157495,0.020177,0.042108,0.022201,0.015007,0.248289,0.414766,0.029148
0.006775,0.426347,0.017865,0.008426,0.248049,0.008770,0.010872,0.008506,0.255044,0.009347
0.015902,0.007965,0.015898,0.007724,0.366628,0.010066,0.015221,0.481056,0.072005,0.007535
0.013992,0.078231,0.056396,0.012625,0.023383,0.017057,0.025812,0.279667,0.343655,0.149182
0.010574,0.010807,0.020085,0.013746,0.319476,0.014280,0.017947,0.254992,0.230432,0.107662
0.129898,0.034657,0.053337,0.083349,0.071450,0.056036,0.297002,0.185129,0.046995,0.042147
0.011312,0.643616,0.085380,0.031170,0.012022,0.010724,0.023693,0.012870,0.012748,0.156465
0.019766,0.062944,0.135482,0.019197,0.052509,0.029095,0.152114,0.433270,0.056709,0.038914
0.223712,0.008261,0.078129,0.008690,0.045019,0.027543,0.197675,0.080691,0.150053,0.180228
0.021724,0.022635,0.053918,0.028072,0.034313,0.025653,0.038063,0.022952,0.523651,0.229020
0.006002,0.046222,0.197353,0.007141,0.271127,0.005509,0.166272,0.201716,0.007899,0.090757
0.008499,0.550815,0.040606,0.007779,0.021630,0.016324,0.012177,0.010068,0.321677,0.010425
0.005489,0.035994,0.008533,0.007242,0.311815,0.007877,0.005219,0.385628,0.160304,0.071899
0.025377,0.074654,0.396893,0.014597,0.026317,0.018017,0.024513,0.064030,0.212181,0.143422
0.016337,0.022173,0.045563,0.018930,0.676746,0.027195,0.036586,0.095577,0.021737,0.039156
0.011650,0.010483,0.022889,0.276998,0.018911,0.013711,0.085976,0.235658,0.304344,0.019380
0.007823,0.009123,0.238793,0.202921,0.014733,0.008824,0.049630,0.161354,0.214712,0.092088
0.107012,0.018045,0.241183,0.017327,0.035637,0.027180,0.138309,0.090845,0.035018,0.289445
0.008041,0.507546,0.008451,0.007650,0.008702,0.008257,0.009129,0.161387,0.206458,0.074378
0.087884,0.042971,0.207740,0.033039,0.026735,0.030296,0.120522,0.020391,0.412285,0.018136
0.069839,0.580266,0.023096,0.012426,0.019510,0.052507,0.017771,0.008790,0.023221,0.192574
0.011595,0.012860,0.163413,0.025675,0.471707,0.017444,0.022268,0.016048,0.118745,0.140244
0.005724,0.359362,0.033191,0.007972,0.282569,0.029409,0.030312,0.008295,0.090854,0.152313
0.014493,0.004063,0.138941,0.003691,0.193760,0.014811,0.107151,0.338335,0.166581,0.018173
0.050173,0.024511,0.273020,0.044149,0.224245,0.030859,0.119792,0.004763,0.134081,0.094408
0.031328,0.037211,0.060159,0.028741,0.044129,0.053509,0.051394,0.598958,0.046745,0.047826
0.014101,0.015061,0.129187,0.014586,0.019747,0.032400,0.025291,0.373662,0.228817,0.147149
0.009402,0.652954,0.036451,0.009432,0.044422,0.060606,0.023061,0.009444,0.144533,0.009694
0.185976,0.040228,0.046204,0.035543,0.058449,0.042162,0.062639,0.154581,0.318858,0.055359
0.043895,0.008369,0.115147,0.007269,0.021745,0.019578,0.184866,0.471014,0.106808,0.021309
0.009606,0.012946,0.108662,0.011832,0.488171,0.015246,0.019580,0.155995,0.168724,0.009236
0.010019,0.010439,0.210299,0.316707,0.028354,0.017189,0.022698,0.251607,0.120957,0.011730
0.013076,0.840381,0.014934,0.014895,0.015763,0.014507,0.015720,0.042381,0.015315,0.013027
0.007127,0.006756,0.137523,0.010272,0.380930,0.010112,0.086244,0.006991,0.247012,0.107033
0.012573,0.012038,0.021923,0.016259,0.022330,0.017021,0.022156,0.361742,0.333994,0.179965
0.020416,0.058547,0.279575,0.045720,0.037311,0.027216,0.118873,0.025663,0.362858,0.023820
0.021161,0.018874,0.196175,0.024506,0.030497,0.042587,0.017693,0.582283,0.036606,0.029619
0.094640,0.012886,0.282068,0.010805,0.049992,0.057645,0.027787,0.263147,0.166362,0.034668
0.023215,0.319351,0.005568,0.005975,0.211388,0.005849,0.035289,0.309845,0.006697,0.076824
0.010596,0.012219,0.124149,0.010538,0.112512,0.042109,0.039961,0.034723,0.337756,0.275436
0.203029,0.028440,0.101207,0.019886,0.127043,0.152007,0.016251,0.240177,0.092981,0.018977
0.020911,0.290632,0.206845,0.030651,0.179062,0.010661,0.069381,0.004189,0.066586,0.121082
0.153210,0.008383,0.100100,0.048356,0.025986,0.041447,0.094443,0.141791,0.265265,0.121019
0.012065,0.009348,0.091179,0.087024,0.431961,0.060112,0.007607,0.089205,0.173749,0.037750
0.007917,0.025707,0.012940,0.020592,0.429157,0.008591,0.017565,0.148089,0.321394,0.008047
0.034210,0.266171,0.024397,0.029667,0.223508,0.010318,0.045708,0.349305,0.011944,0.004771
0.023950,0.034732,0.373102,0.028513,0.025011,0.014631,0.202094,0.080679,0.205964,0.011326
0.008253,0.007372,0.150160,0.013269,0.437635,0.012873,0.079073,0.175176,0.108967,0.007222
0.008653,0.012735,0.201066,0.009247,0.029273,0.026527,0.114545,0.209178,0.377831,0.010944
0.007629,0.460574,0.008492,0.025213,0.009986,0.008954,0.013824,0.163191,0.292580,0.009556
0.007771,0.025880,0.055838,0.044690,0.018852,0.008496,0.017707,0.563305,0.157123,0.100338
0.031492,0.013832,0.207490,0.017846,0.534341,0.020016,0.029774,0.096871,0.020487,0.027850
0.036172,0.009630,0.343461,0.010863,0.020225,0.022677,0.094264,0.012565,0.287252,0.162890
0.003990,0.256151,0.017977,0.155767,0.210473,0.009907,0.017690,0.152645,0.170798,0.004603
0.013330,0.010991,0.036753,0.010917,0.623404,0.017545,0.097875,0.011967,0.027564,0.149655
0.011671,0.787738,0.015784,0.014207,0.015409,0.013045,0.097399,0.014441,0.015600,0.014706
0.028657,0.096998,0.204768,0.028296,0.069191,0.071409,0.226357,0.173702,0.041412,0.059209
0.048711,0.372406,0.136913,0.005517,0.240520,0.014224,0.013243,0.136678,0.019341,0.012448
0.013438,0.524240,0.012167,0.216213,0.012047,0.010786,0.007908,0.182422,0.011955,0.008824
0.005482,0.037500,0.044402,0.005921,0.274211,0.013955,0.057313,0.360607,0.195824,0.004784
0.007335,0.497223,0.223672,0.010211,0.016627,0.007522,0.016343,0.043380,0.170157,0.007529
0.026299,0.007271,0.011346,0.016668,0.323732,0.014828,0.062750,0.512673,0.010225,0.014207
0.008157,0.008302,0.044849,0.007496,0.384243,0.056776,0.024008,0.309151,0.147473,0.009544
0.009433,0.529292,0.055215,0.007973,0.010098,0.013371,0.016393,0.029040,0.220653,0.108532
0.010580,0.026638,0.026368,0.019383,0.015936,0.023871,0.010143,0.701580,0.015442,0.150060
0.091365,0.010974,0.224345,0.009959,0.039215,0.020686,0.226157,0.305889,0.039863,0.031545
0.173612,0.009250,0.314485,0.007541,0.019137,0.046488,0.098667,0.166598,0.025563,0.138658
0.014283,0.004761,0.238602,0.043798,0.271740,0.030323,0.079813,0.012208,0.197561,0.106912
0.029360,0.502562,0.029598,0.008507,0.016237,0.037222,0.081162,0.073063,0.011228,0.211061
0.077493,0.286037,0.064957,0.020237,0.203673,0.003845,0.036682,0.139086,0.163552,0.004439
0.006002,0.348238,0.007808,0.005423,0.235800,0.009994,0.038947,0.127335,0.213339,0.007112
0.021010,0.026514,0.028814,0.019343,0.036960,0.026334,0.162175,0.100895,0.559332,0.018623
0.011149,0.536792,0.041324,0.008175,0.009285,0.009278,0.009976,0.215688,0.059828,0.098505
0.025041,0.007257,0.010997,0.209157,0.368884,0.017716,0.014199,0.038993,0.294233,0.013523
0.007104,0.545215,0.011619,0.007421,0.289032,0.008175,0.016916,0.007988,0.013519,0.093012
0.005567,0.006229,0.303274,0.058510,0.339485,0.049000,0.018022,0.186262,0.009937,0.023715
0.004540,0.005078,0.115492,0.007025,0.282800,0.040362,0.021605,0.193730,0.226165,0.103202
0.010560,0.064213,0.120899,0.052483,0.022814,0.013104,0.019552,0.658203,0.020219,0.017954
0.013267,0.015265,0.021456,0.011070,0.487412,0.018231,0.034478,0.011959,0.357899,0.028964
0.039808,0.030821,0.127223,0.010624,0.388028,0.010972,0.075030,0.011617,0.293406,0.012471
0.009295,0.389155,0.007926,0.005582,0.274055,0.006426,0.037360,0.168277,0.045141,0.056783
0.028571,0.007378,0.040820,0.018144,0.335589,0.011385,0.052835,0.227338,0.270984,0.006956
0.006470,0.045933,0.231335,0.017340,0.015756,0.006125,0.015150,0.418690,0.131804,0.111397
0.006122,0.487838,0.046988,0.006112,0.019672,0.018726,0.015158,0.182769,0.198362,0.018253
0.008091,0.006028,0.290827,0.010227,0.273876,0.036392,0.039509,0.186768,0.025691,0.122590
0.006353,0.346251,0.029731,0.006832,0.201095,0.025951,0.003999,0.050487,0.228180,0.101120
0.008553,0.024334,0.019467,0.019814,0.465787,0.011443,0.016880,0.042542,0.248597,0.142584
0.045485,0.032090,0.210247,0.025917,0.028079,0.034008,0.049298,0.025831,0.521416,0.027629
0.125069,0.049316,0.043767,0.041017,0.299615,0.007435,0.053523,0.010363,0.275649,0.094246
0.022544,0.352581,0.029053,0.007109,0.006105,0.007024,0.020356,0.337467,0.212187,0.005574
0.025978,0.399816,0.015378,0.009566,0.013465,0.014733,0.017433,0.060998,0.306152,0.136482
0.069146,0.011807,0.074779,0.008701,0.434963,0.015767,0.022433,0.196023,0.028981,0.137400
0.016631,0.059580,0.025987,0.051009,0.033364,0.018587,0.072704,0.428577,0.165622,0.127940
0.007460,0.532856,0.209699,0.006805,0.020257,0.011525,0.011674,0.044812,0.144869,0.010044
0.024235,0.021192,0.028693,0.022217,0.034499,0.027895,0.040684,0.097735,0.383840,0.319010
0.008727,0.010928,0.302513,0.008121,0.463791,0.023465,0.027181,0.008555,0.014498,0.132221
0.088037,0.034804,0.017431,0.125279,0.210676,0.021439,0.044967,0.302401,0.151577,0.003389
0.008672,0.051667,0.020590,0.019157,0.440407,0.020909,0.016796,0.251823,0.154622,0.015357
0.077970,0.037692,0.049463,0.034111,0.046270,0.032062,0.207131,0.157941,0.043051,0.314310
0.076505,0.014520,0.032331,0.013964,0.021815,0.014746,0.102622,0.286276,0.236333,0.200888
0.013035,0.011831,0.224180,0.014191,0.643730,0.012133,0.021779,0.017171,0.030219,0.011731
0.006598,0.010798,0.051347,0.067128,0.043932,0.056848,0.123238,0.279601,0.334720,0.025789
0.005014,0.324503,0.236859,0.036874,0.022310,0.012806,0.010444,0.007315,0.232313,0.111561
0.061433,0.025931,0.184960,0.043359,0.173363,0.122287,0.244350,0.018735,0.050281,0.075302
0.008939,0.458761,0.054506,0.008822,0.009205,0.009447,0.053162,0.168681,0.219555,0.008921
0.012602,0.511526,0.008924,0.008603,0.010589,0.008724,0.018208,0.026191,0.314925,0.079708
0.005063,0.005110,0.061249,0.143203,0.265201,0.010592,0.007737,0.350322,0.145275,0.006249
0.005037,0.278441,0.020082,0.120635,0.006750,0.006359,0.042067,0.289111,0.154911,0.076607
0.010244,0.550620,0.049210,0.009588,0.010137,0.009822,0.060381,0.032724,0.144915,0.122361
0.019300,0.036139,0.092166,0.004321,0.248947,0.004441,0.013931,0.333716,0.181124,0.065914
0.003473,0.236269,0.183969,0.004571,0.154144,0.017894,0.007892,0.291837,0.094463,0.005488
0.008029,0.063904,0.234721,0.006428,0.314130,0.014250,0.135871,0.184655,0.015703,0.022308
0.007283,0.385277,0.017981,0.013904,0.306609,0.014243,0.028940,0.061151,0.153072,0.011540
0.007123,0.463214,0.043224,0.053241,0.033020,0.046086,0.016632,0.007183,0.315465,0.014811
0.006325,0.436994,0.034430,0.008112,0.013038,0.006421,0.010470,0.468576,0.009193,0.006440
0.005509,0.030056,0.078613,0.128914,0.230451,0.011192,0.022879,0.336040,0.096038,0.060309
0.006129,0.441144,0.179298,0.006102,0.034935,0.018934,0.089012,0.056328,0.010531,0.157588
0.009807,0.560194,0.054865,0.009272,0.012071,0.009834,0.055927,0.189047,0.011089,0.087893
0.021459,0.270281,0.107729,0.003492,0.188486,0.005024,0.003105,0.256171,0.138874,0.005378
0.019648,0.026958,0.413037,0.029859,0.063985,0.031868,0.190251,0.143624,0.027338,0.053432
0.011046,0.015340,0.032959,0.016336,0.486287,0.017392,0.100881,0.275182,0.017598,0.026978
0.073824,0.008980,0.324723,0.031316,0.032015,0.027095,0.275002,0.206639,0.012196,0.008210
0.038609,0.099211,0.097471,0.045030,0.072145,0.045667,0.069650,0.051938,0.051473,0.428806
0.008401,0.008178,0.416103,0.011086,0.061089,0.063420,0.024460,0.020360,0.379048,0.007855
0.008546,0.312785,0.020938,0.006339,0.229573,0.011299,0.071563,0.135725,0.194119,0.009113
0.083535,0.014459,0.222092,0.010407,0.039400,0.016522,0.100844,0.077597,0.425145,0.009999
0.004390,0.229236,0.051127,0.003276,0.183027,0.020508,0.005689,0.283213,0.148289,0.071246
0.005451,0.429288,0.100252,0.005802,0.010669,0.010012,0.011392,0.129960,0.212409,0.084765
0.043234,0.042004,0.088044,0.049123,0.085425,0.068766,0.068748,0.053815,0.065916,0.434926
0.006569,0.032841,0.061681,0.007780,0.033768,0.051037,0.005302,0.546988,0.110521,0.143513
0.026769,0.045960,0.264424,0.342470,0.055283,0.057242,0.038133,0.114752,0.045043,0.009926
0.058380,0.014346,0.023314,0.021746,0.379625,0.015370,0.019522,0.063317,0.394106,0.010273
0.017154,0.162156,0.055209,0.141905,0.070577,0.099692,0.302273,0.036969,0.068853,0.045212
0.021645,0.031876,0.068608,0.010797,0.473839,0.015432,0.074441,0.009073,0.286159,0.008131
0.010016,0.011898,0.136017,0.011448,0.347485,0.013686,0.017791,0.274861,0.167838,0.008960
0.005447,0.053630,0.015957,0.007208,0.027519,0.039936,0.095501,0.478130,0.259184,0.017488
0.056744,0.021639,0.178676,0.026860,0.066724,0.036698,0.209528,0.043419,0.035743,0.323971
0.028287,0.074784,0.059961,0.027213,0.052439,0.041414,0.025292,0.587978,0.051039,0.051594
0.012483,0.012609,0.017131,0.012181,0.031120,0.012781,0.015794,0.752094,0.114303,0.019505
0.017299,0.016295,0.127207,0.017456,0.022057,0.016541,0.033345,0.017173,0.567727,0.164899
0.010541,0.627163,0.011348,0.027309,0.012637,0.010692,0.036302,0.012342,0.156829,0.094838
0.009835,0.674564,0.040772,0.008974,0.033039,0.050178,0.124870,0.014360,0.027050,0.016358
0.020755,0.026370,0.062149,0.046811,0.036818,0.027497,0.040855,0.344731,0.374062,0.019953
0.044610,0.056517,0.073847,0.080572,0.075671,0.049057,0.093185,0.053589,0.060917,0.412036
0.021154,0.016187,0.081034,0.150484,0.095850,0.105861,0.415676,0.016353,0.078860,0.018540
0.007055,0.010671,0.052869,0.011311,0.056554,0.050302,0.129862,0.200939,0.324870,0.155567
0.166501,0.028032,0.019807,0.047638,0.018399,0.013573,0.091990,0.062994,0.427408,0.123659
0.068232,0.115876,0.111050,0.023605,0.037741,0.027876,0.014817,0.329530,0.040639,0.230634
0.012108,0.017911,0.389869,0.026660,0.084531,0.080065,0.164971,0.155345,0.020042,0.048498
0.008699,0.008489,0.064983,0.009759,0.418342,0.011286,0.014108,0.164415,0.211762,0.088158
0.009273,0.315037,0.028025,0.035226,0.015494,0.030898,0.020576,0.377251,0.071379,0.096840
0.006254,0.007027,0.017598,0.007218,0.247103,0.011242,0.045948,0.363189,0.204565,0.089856
0.042244,0.346284,0.202642,0.005177,0.258439,0.026061,0.084938,0.008956,0.015751,0.009507
0.007781,0.483529,0.011150,0.009687,0.010851,0.012041,0.016328,0.134936,0.305789,0.007907
0.281885,0.030156,0.045231,0.080860,0.025007,0.028706,0.035017,0.100073,0.182589,0.190478
0.041040,0.556751,0.014914,0.234919,0.010860,0.011879,0.075266,0.030773,0.012923,0.010676
0.006277,0.433214,0.013548,0.005683,0.300463,0.011464,0.012897,0.202354,0.008075,0.006025
0.005634,0.320857,0.078556,0.006346,0.013557,0.008014,0.030009,0.332020,0.199482,0.005525
0.151209,0.674089,0.014562,0.012096,0.014190,0.018605,0.076993,0.010871,0.014415,0.012970
0.016726,0.005782,0.037169,0.010924,0.281113,0.018413,0.099817,0.497463,0.027024,0.005571
0.025309,0.406733,0.022305,0.006256,0.014219,0.038227,0.009527,0.008804,0.291538,0.177081
0.139052,0.039592,0.434715,0.050319,0.055177,0.080001,0.057677,0.043842,0.052749,0.046876
0.033400,0.004280,0.120892,0.162695,0.228933,0.026884,0.086972,0.325313,0.006799,0.003831
0.013765,0.012381,0.192859,0.012831,0.580464,0.017227,0.108938,0.018092,0.016855,0.026589
0.031856,0.174373,0.067969,0.033494,0.045269,0.044193,0.160556,0.031277,0.059932,0.351081
0.022792,0.536142,0.044247,0.009230,0.013186,0.011524,0.007368,0.010609,0.333238,0.011664
0.009218,0.008219,0.079457,0.077201,0.054252,0.053703,0.260564,0.079392,0.346610,0.031385
0.014376,0.008523,0.018702,0.208195,0.326171,0.008286,0.042927,0.221069,0.072095,0.079655
0.048410,0.006976,0.028094,0.278188,0.370726,0.051185,0.005747,0.016666,0.030810,0.163199
0.477594,0.030693,0.062565,0.036416,0.045426,0.072140,0.028781,0.144574,0.053194,0.048617
0.012384,0.027912,0.027401,0.013558,0.015981,0.024043,0.077933,0.688968,0.099018,0.012803
0.007237,0.007628,0.119952,0.008431,0.339236,0.011782,0.060652,0.223830,0.206458,0.014794
0.059375,0.019617,0.036563,0.016838,0.616597,0.019174,0.150023,0.021427,0.032572,0.027815
0.006192,0.405280,0.010370,0.006242,0.285747,0.007162,0.007693,0.006117,0.207151,0.058046
0.144694,0.623351,0.011259,0.010789,0.019362,0.009948,0.019334,0.042739,0.013790,0.104733
0.041380,0.033464,0.186021,0.304261,0.031861,0.012784,0.026897,0.326713,0.027783,0.008835
0.007243,0.439956,0.008812,0.008461,0.012913,0.009411,0.009382,0.486306,0.009815,0.007700
0.010203,0.031727,0.061112,0.012532,0.019369,0.010302,0.093413,0.645415,0.104158,0.011769
0.004529,0.026074,0.286101,0.005076,0.279044,0.017076,0.021758,0.014021,0.211076,0.135246
0.006596,0.066697,0.382573,0.024071,0.031007,0.050530,0.117467,0.006584,0.291585,0.022890
0.054051,0.055519,0.013248,0.045324,0.493662,0.010951,0.015976,0.277811,0.018000,0.015457
0.014873,0.248896,0.176666,0.003801,0.013994,0.022695,0.007414,0.328490,0.179321,0.003850
0.196253,0.033777,0.065172,0.162831,0.056349,0.078918,0.059943,0.224212,0.067670,0.054875
0.019350,0.026023,0.195115,0.022417,0.053251,0.045534,0.490209,0.034896,0.062888,0.050318
0.074592,0.013066,0.165672,0.349084,0.025783,0.016800,0.029301,0.295025,0.017435,0.013241
0.091324,0.210650,0.139814,0.131703,0.170903,0.019798,0.006359,0.003423,0.155042,0.070984
0.024659,0.009092,0.078679,0.009108,0.499876,0.017347,0.051919,0.009654,0.288891,0.010777
0.005285,0.004011,0.117701,0.004928,0.230356,0.032576,0.013060,0.317964,0.167954,0.106165
0.005775,0.337010,0.006746,0.005648,0.007412,0.007070,0.040106,0.362535,0.220689,0.007011
0.048294,0.015355,0.226447,0.015829,0.029519,0.018317,0.132881,0.094825,0.391820,0.026713
0.007104,0.006752,0.015650,0.167923,0.011744,0.007337,0.009632,0.438973,0.261474,0.073411
0.005146,0.365533,0.085212,0.006953,0.290584,0.006131,0.059631,0.153842,0.015860,0.011107
0.036334,0.036862,0.325416,0.038089,0.092578,0.069721,0.034413,0.233122,0.050085,0.083380
0.036433,0.009171,0.023069,0.050412,0.412364,0.014082,0.146100,0.013136,0.276103,0.019129
0.007749,0.460164,0.039364,0.007017,0.012749,0.012429,0.009447,0.434140,0.009800,0.007141
0.005499,0.006097,0.081933,0.011555,0.274490,0.007351,0.053799,0.379483,0.110964,0.068828
0.008641,0.526439,0.012474,0.010992,0.011754,0.015982,0.017777,0.142271,0.245155,0.008514
0.011644,0.011104,0.156556,0.010669,0.486211,0.025185,0.097936,0.011519,0.019695,0.169480
0.006270,0.283919,0.031094,0.117552,0.241147,0.005039,0.005552,0.298481,0.005673,0.005274
0.052072,0.016326,0.033414,0.017088,0.027928,0.021599,0.037770,0.289872,0.476311,0.027620
0.026047,0.791492,0.018020,0.014888,0.015202,0.015796,0.028592,0.056974,0.016743,0.016248
0.027229,0.028329,0.067539,0.030683,0.052978,0.040520,0.024839,0.029434,0.672507,0.025943
0.006661,0.483440,0.113885,0.047076,0.292610,0.008465,0.013957,0.006658,0.020920,0.006328
0.108482,0.006775,0.105337,0.005775,0.247761,0.010171,0.171621,0.123320,0.204727,0.016031
0.027632,0.007081,0.230240,0.180445,0.021216,0.014502,0.061031,0.424606,0.019440,0.013807
0.030045,0.009237,0.122147,0.008666,0.452946,0.020414,0.057869,0.275826,0.012622,0.010227
0.006637,0.397850,0.027799,0.025247,0.010364,0.009275,0.032861,0.408299,0.007601,0.074067
0.003286,0.236543,0.173266,0.003573,0.184232,0.009641,0.006909,0.139638,0.164986,0.077926
0.006885,0.078790,0.054047,0.006818,0.027684,0.025271,0.130158,0.286558,0.359107,0.024681
0.006678,0.009795,0.033975,0.012687,0.040855,0.044505,0.173332,0.531470,0.120004,0.026699
0.043112,0.004160,0.020088,0.154629,0.204912,0.027175,0.013504,0.353164,0.175271,0.003984
0.013943,0.013598,0.021542,0.015939,0.694142,0.014258,0.056206,0.015111,0.141667,0.013592
0.005896,0.413075,0.065174,0.007034,0.304226,0.006599,0.008464,0.007205,0.175331,0.006996
0.039954,0.006207,0.092063,0.006270,0.250945,0.006595,0.076965,0.433273,0.008416,0.079311
0.018043,0.056731,0.251785,0.008390,0.312546,0.012654,0.064762,0.013205,0.243298,0.018586
0.018020,0.022523,0.041368,0.018027,0.031153,0.024504,0.025126,0.470550,0.158433,0.190295
0.006132,0.387783,0.033318,0.006311,0.301992,0.007138,0.007564,0.021703,0.166809,0.061251
0.041762,0.005129,0.253395,0.004569,0.275511,0.040367,0.015712,0.047035,0.212653,0.103867
0.009935,0.010785,0.054477,0.009916,0.057728,0.090515,0.009219,0.011148,0.460611,0.285665
0.422107,0.028366,0.035403,0.038165,0.035644,0.061358,0.049058,0.035614,0.265697,0.028588
0.015637,0.121439,0.125719,0.018992,0.046183,0.024889,0.186241,0.028125,0.192150,0.240624
0.010105,0.382025,0.030102,0.004903,0.224565,0.009558,0.008871,0.128495,0.196554,0.004822
0.005991,0.048773,0.020424,0.006422,0.238209,0.014832,0.110687,0.402266,0.136022,0.016375
0.032088,0.425737,0.007238,0.005838,0.294842,0.007003,0.012670,0.198645,0.007936,0.008004
0.021446,0.027147,0.036110,0.492800,0.030136,0.020253,0.027387,0.104429,0.027370,0.212922
0.020419,0.019780,0.036649,0.036036,0.023634,0.020739,0.026638,0.520050,0.030817,0.265238
0.011903,0.692809,0.058219,0.012818,0.015040,0.012805,0.067459,0.013998,0.014928,0.100020
0.067789,0.122293,0.060174,0.019107,0.039602,0.026498,0.160848,0.452143,0.028253,0.023291
0.272200,0.014043,0.527243,0.020532,0.035052,0.037510,0.012765,0.021859,0.041926,0.016868
0.238141,0.013862,0.038103,0.016626,0.027979,0.023522,0.129451,0.076376,0.421955,0.013985
0.127105,0.023308,0.029487,0.025679,0.043535,0.033696,0.137074,0.501381,0.044011,0.034723
0.011475,0.381429,0.027793,0.005919,0.278456,0.029058,0.011020,0.007452,0.241397,0.006001
0.011659,0.767019,0.013100,0.029501,0.012887,0.012544,0.040712,0.013740,0.085312,0.013524
0.006349,0.475315,0.009417,0.008404,0.270426,0.009999,0.014943,0.008336,0.119025,0.077786
0.010928,0.011871,0.024607,0.015520,0.608668,0.021091,0.089947,0.014461,0.020400,0.182509
0.004896,0.362271,0.023764,0.011452,0.300154,0.013498,0.011350,0.133511,0.017624,0.121479
0.019669,0.027853,0.103034,0.027418,0.120214,0.128785,0.267819,0.255092,0.031432,0.018685
0.007767,0.559680,0.012737,0.008935,0.277628,0.007893,0.014989,0.008310,0.010314,0.091747
0.065555,0.012377,0.356514,0.294315,0.036237,0.015735,0.021134,0.009949,0.014413,0.173772
0.007355,0.444288,0.101649,0.005892,0.012056,0.010676,0.059881,0.217728,0.009161,0.131314
0.009307,0.008871,0.184185,0.010806,0.025293,0.025020,0.081905,0.620604,0.014116,0.019894
0.007494,0.542900,0.050203,0.007935,0.010167,0.008125,0.054924,0.009492,0.300654,0.008105
0.013433,0.764953,0.086724,0.013745,0.014262,0.012971,0.011531,0.052116,0.017427,0.012838
0.045341,0.016127,0.067874,0.012000,0.022576,0.019718,0.025591,0.759815,0.017028,0.013930
0.017275,0.017444,0.104046,0.095426,0.040434,0.045677,0.015679,0.027388,0.598617,0.038012
0.010189,0.013659,0.110301,0.010764,0.372383,0.023501,0.019490,0.047502,0.270423,0.121789
0.012896,0.018428,0.102051,0.434995,0.036897,0.019089,0.113553,0.022077,0.036013,0.204002
0.210125,0.014456,0.094134,0.012469,0.037299,0.028199,0.174605,0.242128,0.014396,0.172189
0.019351,0.019613,0.267575,0.023731,0.062118,0.028297,0.030095,0.109199,0.404164,0.035856
0.036989,0.009435,0.250974,0.008677,0.339836,0.012247,0.072828,0.013121,0.247872,0.008022
0.011099,0.015108,0.021106,0.296915,0.027287,0.020265,0.015785,0.048511,0.417876,0.126047
0.124735,0.322037,0.021120,0.004624,0.200161,0.011746,0.052830,0.049583,0.204221,0.008943
0.015424,0.047282,0.023859,0.022233,0.033573,0.021647,0.160913,0.022340,0.636732,0.015997
0.006502,0.007273,0.145440,0.006624,0.344907,0.012091,0.064781,0.012643,0.287962,0.111777
0.034982,0.033424,0.186558,0.040431,0.105205,0.048678,0.089255,0.036947,0.354007,0.070514
0.038977,0.005755,0.234275,0.142696,0.022005,0.024741,0.076618,0.337966,0.113133,0.003835
0.014373,0.014519,0.230784,0.016508,0.631032,0.020366,0.012855,0.015210,0.030621,0.013732
0.027180,0.405071,0.259908,0.226119,0.013784,0.036261,0.004946,0.010131,0.009726,0.006874
0.073864,0.102521,0.191697,0.012493,0.036032,0.079654,0.116058,0.130895,0.016104,0.240683
0.005496,0.457918,0.179442,0.035918,0.278856,0.008495,0.005138,0.009000,0.009027,0.010710
0.019741,0.014784,0.089721,0.013395,0.018501,0.014871,0.077677,0.646130,0.092353,0.012826
0.010448,0.400846,0.025461,0.008685,0.017528,0.029958,0.011513,0.220108,0.269484,0.005968
0.009658,0.013815,0.106534,0.011168,0.408679,0.017424,0.052226,0.012253,0.259111,0.109130
0.006493,0.030214,0.367987,0.008021,0.310608,0.050233,0.019457,0.016374,0.030285,0.160326
0.008177,0.500234,0.048257,0.185048,0.009405,0.009564,0.009506,0.163406,0.058270,0.008132
0.028120,0.411422,0.010318,0.006043,0.242635,0.006484,0.045140,0.006423,0.177408,0.066008
0.015021,0.013877,0.048136,0.020357,0.659399,0.018986,0.136434,0.021592,0.039472,0.026727
0.071494,0.016539,0.161606,0.011792,0.611712,0.024887,0.010912,0.061232,0.015849,0.013976
0.036490,0.007630,0.034787,0.161756,0.310639,0.012251,0.012329,0.397853,0.014629,0.011636
0.136536,0.066564,0.123898,0.017570,0.072372,0.043011,0.412589,0.012717,0.065212,0.049530
0.039757,0.061341,0.310446,0.013388,0.043481,0.014180,0.413452,0.032842,0.026722,0.044389
0.197506,0.034644,0.191767,0.061442,0.025480,0.012578,0.021317,0.232133,0.022938,0.200195
0.005010,0.005210,0.237720,0.206337,0.285491,0.030722,0.090341,0.011711,0.021760,0.105697
0.005899,0.372850,0.163217,0.005346,0.297404,0.007845,0.012559,0.007371,0.121952,0.005556
0.032910,0.042307,0.213994,0.044163,0.111774,0.080514,0.284247,0.032144,0.087241,0.070705
0.006234,0.005460,0.229093,0.005671,0.035297,0.038359,0.004694,0.433989,0.235888,0.005314
0.008446,0.407526,0.008956,0.008820,0.008965,0.007318,0.023749,0.447533,0.008329,0.070359
0.009388,0.579358,0.259252,0.008903,0.025341,0.009610,0.074588,0.011265,0.012116,0.010179
0.078111,0.312978,0.045836,0.007059,0.007290,0.005881,0.011757,0.356035,0.169600,0.005452
0.007600,0.530977,0.042970,0.009224,0.017377,0.009894,0.015754,0.054731,0.304377,0.007096
0.133701,0.026315,0.056344,0.007015,0.390339,0.007090,0.068379,0.013172,0.281331,0.016313
0.233808,0.016723,0.243562,0.014517,0.028891,0.031085,0.118099,0.100599,0.031782,0.180933
0.009662,0.008743,0.181512,0.017531,0.446275,0.029337,0.167842,0.086996,0.043712,0.008389
0.004138,0.004180,0.202517,0.165724,0.192310,0.013676,0.055420,0.156913,0.189605,0.015516
0.007813,0.010135,0.054172,0.042913,0.428090,0.018916,0.016003,0.236269,0.086455,0.099234
0.008629,0.080946,0.028469,0.072303,0.037333,0.062024,0.129826,0.008196,0.394182,0.178091
0.010854,0.451182,0.008631,0.009585,0.013878,0.012721,0.006956,0.467860,0.009017,0.009317
0.011459,0.090772,0.482378,0.037180,0.033429,0.022120,0.030027,0.022564,0.258483,0.011588
0.120364,0.013399,0.440869,0.012033,0.088410,0.049329,0.187661,0.050868,0.024118,0.012949
0.007043,0.040699,0.015181,0.178700,0.335116,0.010220,0.005835,0.145017,0.249356,0.012833
0.091378,0.229487,0.008240,0.004686,0.185548,0.008524,0.007714,0.301159,0.159568,0.003697
0.164107,0.025700,0.430104,0.030828,0.082857,0.038753,0.024227,0.143016,0.034664,0.025743
0.007785,0.077311,0.148245,0.069468,0.056676,0.024875,0.196064,0.097860,0.313083,0.008632
0.010391,0.013177,0.023980,0.012629,0.500882,0.018205,0.017522,0.054571,0.336807,0.011835
0.016324,0.023906,0.258550,0.006758,0.329087,0.011467,0.056152,0.054892,0.145627,0.097237
0.158862,0.055720,0.279708,0.005112,0.257564,0.043331,0.075340,0.013942,0.104920,0.005500
0.131637,0.496147,0.009636,0.009001,0.295470,0.014300,0.015369,0.009032,0.010414,0.008994
0.041903,0.008388,0.290329,0.012657,0.462901,0.018555,0.074624,0.071242,0.011536,0.007865
0.021169,0.044837,0.042309,0.022011,0.026033,0.019991,0.031647,0.095357,0.450874,0.245773
0.058503,0.012502,0.175942,0.009020,0.422820,0.014970,0.014368,0.012806,0.270293,0.008776
0.013260,0.012848,0.021995,0.015393,0.018824,0.017387,0.070727,0.789890,0.022403,0.017273
0.008796,0.011401,0.012420,0.008467,0.452462,0.013095,0.013350,0.011253,0.325257,0.143498
0.124934,0.078827,0.133430,0.059631,0.112605,0.091585,0.085681,0.078373,0.130244,0.104691
0.005504,0.004928,0.151053,0.024744,0.265069,0.031148,0.014579,0.184848,0.217967,0.100160
0.111978,0.019497,0.021136,0.008613,0.355731,0.012539,0.011199,0.431936,0.014750,0.012622
0.098085,0.013876,0.036147,0.374649,0.057346,0.073029,0.125668,0.009406,0.021315,0.190480
0.008809,0.474765,0.122175,0.006637,0.325959,0.009640,0.014180,0.010503,0.020092,0.007239
0.012343,0.444601,0.102782,0.005758,0.257822,0.007204,0.078361,0.009082,0.076164,0.005881
0.027916,0.012642,0.090507,0.011884,0.543719,0.018485,0.027438,0.217037,0.019146,0.031225
0.032522,0.035970,0.060329,0.028590,0.053603,0.035626,0.026603,0.031139,0.426429,0.269189
0.006557,0.008986,0.091096,0.199121,0.356182,0.009882,0.015224,0.032292,0.197250,0.083411
0.029913,0.004825,0.238973,0.005027,0.015460,0.037491,0.077981,0.432643,0.143900,0.013786
0.010827,0.009311,0.190962,0.288300,0.031169,0.016232,0.030530,0.017062,0.381331,0.024275
0.036682,0.200498,0.090854,0.041953,0.053555,0.034642,0.056898,0.041417,0.063578,0.379923
0.011118,0.461273,0.255069,0.008354,0.015617,0.036381,0.124454,0.055417,0.021248,0.011068
0.131302,0.051842,0.129501,0.009871,0.355937,0.009835,0.034069,0.154776,0.016941,0.105925
0.054924,0.039062,0.432255,0.014142,0.057660,0.025295,0.133632,0.203078,0.011902,0.028049
0.011055,0.011646,0.211383,0.013432,0.057184,0.036067,0.145992,0.030498,0.471805,0.010938
0.006125,0.071156,0.330885,0.009614,0.402879,0.022870,0.028240,0.068361,0.034072,0.025798
0.011176,0.012303,0.047036,0.022525,0.093513,0.081498,0.052383,0.123569,0.544251,0.011746
0.006661,0.415831,0.038095,0.181632,0.311895,0.005404,0.014639,0.005662,0.008342,0.011837
0.006041,0.023748,0.240153,0.019672,0.018671,0.010423,0.027097,0.427062,0.134665,0.092469
0.034756,0.041527,0.062524,0.039702,0.056064,0.043632,0.063961,0.038811,0.280489,0.338535
0.009073,0.622434,0.022347,0.010936,0.019658,0.012354,0.021707,0.253990,0.015519,0.011982
0.016479,0.127735,0.042888,0.012608,0.074683,0.098280,0.038961,0.031543,0.542253,0.014570
0.064895,0.007965,0.071295,0.007738,0.445566,0.020966,0.006735,0.077370,0.272755,0.024716
0.060096,0.790559,0.014411,0.016398,0.026372,0.022544,0.025821,0.013423,0.015773,0.014603
0.198002,0.036487,0.147268,0.017067,0.018796,0.026537,0.024986,0.280070,0.229828,0.020958
0.040020,0.015471,0.124404,0.018777,0.041761,0.044364,0.037908,0.027693,0.634269,0.015331
0.007407,0.481227,0.031308,0.007650,0.008415,0.009536,0.026033,0.157722,0.198943,0.071759
0.148124,0.374401,0.134770,0.015749,0.216435,0.029018,0.062461,0.005379,0.008229,0.005433
0.005014,0.373434,0.148240,0.146464,0.008809,0.007796,0.007746,0.121363,0.096870,0.084264
0.004706,0.301256,0.023646,0.006108,0.015072,0.028557,0.010248,0.393163,0.209183,0.008060
0.023677,0.006025,0.214941,0.015053,0.014192,0.008425,0.010799,0.429891,0.192383,0.084613
0.011827,0.091047,0.404586,0.012919,0.031266,0.017443,0.106425,0.294985,0.018966,0.010537
0.013026,0.468792,0.011487,0.007221,0.008146,0.008923,0.009371,0.454735,0.009909,0.008389
0.004127,0.330335,0.218697,0.004147,0.019662,0.012085,0.007582,0.173560,0.224535,0.005270
0.014092,0.019208,0.009525,0.006715,0.244166,0.006939,0.013223,0.434641,0.239449,0.012043
0.029046,0.022321,0.129347,0.017283,0.020225,0.021563,0.083932,0.472488,0.026487,0.177307
0.025255,0.028422,0.038474,0.034232,0.055803,0.032835,0.221252,0.178781,0.048929,0.336016
0.010069,0.013047,0.078411,0.303110,0.032247,0.014628,0.143792,0.219961,0.033010,0.151723
0.043886,0.008516,0.209912,0.008896,0.338547,0.009496,0.051815,0.159341,0.077538,0.092053
0.040309,0.020634,0.052488,0.006872,0.274476,0.009152,0.014155,0.397591,0.178817,0.005505
0.043628,0.045808,0.023000,0.008051,0.324570,0.011028,0.079257,0.163558,0.209915,0.091186
0.009717,0.033188,0.394517,0.009778,0.023501,0.010061,0.008830,0.057487,0.284898,0.168024
0.031328,0.008709,0.131779,0.009634,0.444845,0.012817,0.072068,0.011850,0.166357,0.110613
0.006474,0.507422,0.035188,0.274671,0.033120,0.018603,0.087879,0.010161,0.011545,0.014937
0.004641,0.323238,0.045488,0.004527,0.251470,0.008868,0.040685,0.309886,0.006621,0.004576
0.070636,0.314201,0.020073,0.005021,0.005529,0.004986,0.006300,0.314668,0.187045,0.071541
0.537858,0.045523,0.046642,0.032379,0.066564,0.047990,0.061109,0.043752,0.061533,0.056650
0.007261,0.007353,0.010497,0.204012,0.336100,0.008437,0.059781,0.227826,0.013687,0.125046
0.121106,0.012023,0.080667,0.014055,0.042154,0.091765,0.032760,0.011741,0.330366,0.263362
0.032330,0.435694,0.014017,0.006012,0.008966,0.006872,0.047648,0.431593,0.008838,0.008031
0.394593,0.151071,0.034757,0.022830,0.070004,0.036091,0.051691,0.168464,0.047272,0.023228
0.092066,0.399755,0.030804,0.006977,0.011821,0.007551,0.008511,0.424849,0.008979,0.008687
0.010695,0.407858,0.114897,0.006225,0.254959,0.008120,0.014052,0.163477,0.011917,0.007800
0.006451,0.005740,0.223361,0.005930,0.020343,0.008567,0.044812,0.435895,0.236885,0.012017
0.027907,0.316062,0.138996,0.004647,0.013972,0.008213,0.041768,0.340166,0.101757,0.006513
0.009846,0.010892,0.071144,0.036509,0.040174,0.048516,0.023077,0.284311,0.325986,0.149545
0.122424,0.009568,0.118514,0.009605,0.320323,0.014042,0.087230,0.227394,0.077050,0.013850
0.013635,0.015142,0.047314,0.011221,0.541091,0.016347,0.024735,0.072570,0.035116,0.222830
0.040370,0.019882,0.043823,0.007382,0.328208,0.015479,0.005224,0.416697,0.016953,0.105982
0.014500,0.283871,0.026121,0.141516,0.234560,0.005133,0.009326,0.098688,0.179566,0.006719
0.130064,0.126576,0.085929,0.015190,0.043366,0.079765,0.215717,0.030412,0.019006,0.253976
0.008217,0.308962,0.025116,0.004962,0.225851,0.008281,0.005919,0.292504,0.114542,0.005647
0.026873,0.054419,0.042855,0.024575,0.048417,0.049293,0.177310,0.031273,0.214357,0.330630
0.013332,0.016325,0.365074,0.012119,0.079218,0.039616,0.222577,0.146556,0.059023,0.046161
0.012100,0.038704,0.083493,0.010334,0.042513,0.017644,0.025571,0.741102,0.016233,0.012308
0.053892,0.011850,0.150612,0.009926,0.464809,0.014082,0.018190,0.155521,0.012539,0.108578
0.006791,0.076072,0.036510,0.007810,0.056661,0.059234,0.022534,0.232231,0.328200,0.173958
0.053069,0.019259,0.060738,0.014528,0.022385,0.014996,0.028037,0.226993,0.387812,0.172183
0.006960,0.080527,0.248460,0.008095,0.042252,0.064031,0.175254,0.026472,0.340703,0.007244
0.009478,0.421884,0.027237,0.008112,0.007689,0.007279,0.042395,0.409923,0.008073,0.057930
0.011595,0.034535,0.036490,0.011827,0.643690,0.012213,0.010964,0.060654,0.027072,0.150960
0.018970,0.024584,0.246757,0.091086,0.050470,0.028650,0.145442,0.328311,0.033484,0.032245
0.041270,0.005002,0.127556,0.006134,0.224777,0.032388,0.066948,0.187595,0.207351,0.100978
0.007877,0.516621,0.014063,0.194950,0.011671,0.009399,0.010971,0.007727,0.217764,0.008958
0.255018,0.021175,0.032974,0.021712,0.029297,0.024522,0.126946,0.020521,0.451746,0.016088
0.004634,0.023122,0.191679,0.006553,0.289493,0.010322,0.065064,0.385132,0.006950,0.017052
0.039771,0.040447,0.115635,0.044316,0.065948,0.080882,0.053631,0.050172,0.055703,0.453495
0.010481,0.606174,0.083548,0.037119,0.012561,0.018237,0.021835,0.184550,0.013864,0.011630
0.101910,0.009649,0.280960,0.361728,0.078238,0.074792,0.007795,0.025700,0.023029,0.036200
0.028512,0.072297,0.063701,0.028453,0.042445,0.034410,0.022510,0.388104,0.035132,0.284435
0.012251,0.011123,0.241694,0.011485,0.041156,0.018886,0.093475,0.301264,0.047253,0.221414
0.008137,0.008936,0.248509,0.006654,0.386411,0.012702,0.017994,0.049883,0.239949,0.020827
0.004687,0.007423,0.304324,0.008537,0.028477,0.039137,0.036428,0.458396,0.007770,0.104821
0.019887,0.849561,0.018368,0.011996,0.014495,0.015395,0.027282,0.014943,0.015608,0.012464
0.016214,0.021904,0.018178,0.015878,0.019982,0.025460,0.074652,0.071528,0.577565,0.158640
0.039902,0.013663,0.340156,0.319054,0.025634,0.023429,0.063078,0.013172,0.023264,0.138647
0.118582,0.005169,0.111044,0.177723,0.015253,0.008452,0.135928,0.402356,0.020251,0.005242
0.171485,0.008737,0.071629,0.026893,0.394422,0.021137,0.080079,0.016199,0.199316,0.010103
0.174243,0.563207,0.043877,0.012395,0.015336,0.013080,0.018615,0.011303,0.018554,0.129391
0.025391,0.091944,0.492548,0.007677,0.043212,0.029426,0.026875,0.090244,0.018508,0.174175
0.007744,0.011291,0.059137,0.006825,0.410583,0.025368,0.100362,0.186812,0.036248,0.155631
0.009892,0.011012,0.162845,0.007377,0.454071,0.007756,0.111167,0.062447,0.029798,0.143635
0.113842,0.011691,0.061622,0.434159,0.035480,0.067538,0.193177,0.023847,0.047953,0.010691
0.014498,0.012509,0.098566,0.012341,0.029521,0.018809,0.036550,0.240389,0.371379,0.165439
0.006096,0.431304,0.007767,0.005923,0.300322,0.006545,0.042470,0.024590,0.167327,0.007657
0.154394,0.005864,0.138665,0.004919,0.252894,0.035853,0.096608,0.052889,0.107199,0.150716
0.004835,0.275144,0.004959,0.106489,0.184426,0.007373,0.005501,0.282525,0.070818,0.057929
0.009720,0.009824,0.052369,0.015726,0.530658,0.068263,0.130697,0.114856,0.039430,0.028457
0.098257,0.400949,0.089830,0.007268,0.009177,0.007022,0.007985,0.185078,0.188140,0.006293
0.023529,0.397541,0.037472,0.005562,0.317226,0.013838,0.012748,0.168894,0.017108,0.006081
0.170896,0.008903,0.336432,0.028143,0.027091,0.014487,0.087792,0.016563,0.301328,0.008366
0.131610,0.476997,0.186675,0.006287,0.017903,0.007886,0.013683,0.008359,0.144243,0.006357
0.009831,0.010935,0.113566,0.009752,0.607168,0.039726,0.037034,0.141800,0.019976,0.010211
0.007119,0.477765,0.226625,0.007307,0.018707,0.008244,0.011791,0.008020,0.226973,0.007450
0.012817,0.043657,0.093950,0.011310,0.048370,0.033186,0.117565,0.077261,0.387917,0.173966
0.135575,0.005301,0.095837,0.006169,0.240191,0.032090,0.065775,0.402480,0.011586,0.004996
0.007325,0.384813,0.302202,0.005457,0.023518,0.029412,0.062286,0.170085,0.008423,0.006479
0.137629,0.009120,0.011715,0.008507,0.015470,0.010466,0.067571,0.616686,0.016854,0.105983
0.019737,0.019462,0.168944,0.034748,0.090108,0.118498,0.405780,0.047901,0.028842,0.065981
0.387104,0.014964,0.144784,0.031708,0.098026,0.050237,0.043748,0.191664,0.023877,0.013888
0.037449,0.048503,0.278024,0.100503,0.081915,0.037447,0.033275,0.211849,0.087644,0.083390
0.009293,0.505945,0.046369,0.006362,0.034263,0.018795,0.046737,0.013537,0.310522,0.008178
0.154776,0.642422,0.018666,0.012916,0.015874,0.010590,0.014413,0.012739,0.013499,0.104104
0.057722,0.270367,0.027102,0.004373,0.206385,0.004103,0.017151,0.255818,0.152988,0.003991
0.008475,0.006406,0.360709,0.013378,0.294112,0.040836,0.018459,0.241269,0.010138,0.006218
0.010187,0.012191,0.203300,0.008735,0.365390,0.028961,0.138378,0.008573,0.042718,0.181567
0.009682,0.332581,0.229517,0.007107,0.201090,0.030497,0.003901,0.050253,0.125487,0.009886
0.293103,0.015374,0.214416,0.022209,0.042574,0.037366,0.276070,0.036570,0.017512,0.044805
0.008745,0.576531,0.102488,0.012346,0.011608,0.015539,0.020901,0.228309,0.011802,0.011732
0.016804,0.022073,0.194650,0.016690,0.048913,0.032026,0.169400,0.115392,0.363906,0.020145
0.007556,0.008943,0.073662,0.007973,0.351314,0.016111,0.006349,0.448258,0.066762,0.013072
0.007482,0.047020,0.167775,0.007981,0.352278,0.014067,0.123916,0.010269,0.254647,0.014564
0.022138,0.027599,0.033791,0.509407,0.037380,0.026419,0.032187,0.096097,0.027041,0.187941
0.072763,0.015304,0.560216,0.018169,0.042532,0.025639,0.155832,0.025942,0.045125,0.038478
0.007106,0.471265,0.045701,0.008011,0.007916,0.008814,0.044316,0.203824,0.196041,0.007006
0.005798,0.006762,0.044285,0.007678,0.294063,0.048827,0.083646,0.196242,0.182557,0.130142
0.017131,0.022296,0.029111,0.022712,0.027870,0.034150,0.027050,0.078406,0.571554,0.169721
0.018546,0.020563,0.049928,0.083628,0.029526,0.025107,0.022714,0.109400,0.610130,0.030459
0.084022,0.414723,0.026550,0.016679,0.008318,0.011235,0.008406,0.175888,0.245851,0.008328
0.010903,0.015158,0.034716,0.011381,0.599101,0.022735,0.018173,0.016337,0.122537,0.148960
0.007062,0.443884,0.067357,0.006938,0.247649,0.010660,0.010083,0.117898,0.009288,0.079181
0.007753,0.005923,0.047465,0.005347,0.345131,0.048167,0.004959,0.502552,0.009323,0.023380
0.016367,0.256056,0.163265,0.004277,0.200133,0.022614,0.007447,0.088890,0.166463,0.074488
0.063400,0.013042,0.153449,0.013900,0.376154,0.064675,0.144599,0.103570,0.037940,0.029269
0.005428,0.005645,0.011583,0.145253,0.220173,0.007226,0.008127,0.371963,0.157093,0.067510
0.016018,0.014955,0.261058,0.020238,0.031224,0.032366,0.159568,0.015680,0.417884,0.031011
0.133338,0.009924,0.149786,0.220647,0.017811,0.007326,0.014440,0.059459,0.284675,0.102594
0.052430,0.067854,0.064235,0.113077,0.039132,0.050743,0.049264,0.032294,0.247936,0.283034
0.087463,0.013542,0.061785,0.013314,0.098924,0.100070,0.032096,0.165083,0.058989,0.368732
0.011357,0.057947,0.049247,0.058194,0.484919,0.071060,0.009017,0.011047,0.017584,0.229628
0.005353,0.007834,0.040385,0.047159,0.284441,0.040090,0.059678,0.155055,0.217606,0.142400
0.006657,0.406345,0.096199,0.193182,0.009571,0.011494,0.060077,0.007811,0.126124,0.082541
0.009959,0.012135,0.347192,0.008842,0.022320,0.013264,0.100420,0.054994,0.302085,0.128790
0.045116,0.007056,0.024867,0.183520,0.021612,0.033441,0.013456,0.441459,0.223514,0.005959
0.004368,0.292154,0.170511,0.006674,0.017712,0.010637,0.003774,0.386027,0.011970,0.096175
0.006514,0.349558,0.082644,0.004975,0.224602,0.008133,0.037941,0.192829,0.012121,0.080682
0.330491,0.012196,0.058435,0.020989,0.043296,0.078537,0.033183,0.382929,0.028277,0.011668
0.026523,0.012791,0.130011,0.013199,0.025290,0.016892,0.075874,0.206589,0.472912,0.019917
0.010160,0.008429,0.021458,0.009926,0.447372,0.020832,0.021191,0.197417,0.254791,0.008425
0.005432,0.007049,0.182816,0.007357,0.251034,0.007793,0.051389,0.391643,0.015016,0.080472
0.005345,0.004092,0.242684,0.004139,0.016448,0.025193,0.049824,0.369057,0.194377,0.088842
0.126246,0.524930,0.011783,0.009432,0.010103,0.009033,0.018202,0.190814,0.010251,0.089205
0.012746,0.014792,0.050842,0.019169,0.065475,0.108744,0.123785,0.137527,0.418021,0.048898
0.039884,0.005674,0.009780,0.015548,0.251832,0.010276,0.010336,0.421016,0.229948,0.005706
0.010750,0.715079,0.073953,0.013317,0.015829,0.018726,0.086624,0.036210,0.016220,0.013291
0.103574,0.008261,0.124303,0.033311,0.013594,0.015097,0.005385,0.434284,0.184350,0.077842
0.005417,0.055351,0.265383,0.005721,0.260450,0.018099,0.022443,0.206323,0.013077,0.147737
0.055231,0.026027,0.147995,0.047176,0.376145,0.013646,0.018014,0.203054,0.094674,0.018038
0.023647,0.014707,0.208732,0.010554,0.042179,0.014294,0.123200,0.375693,0.031186,0.155806
0.011745,0.089435,0.089757,0.013918,0.033242,0.027290,0.042940,0.077618,0.442964,0.171091
0.008808,0.411362,0.009189,0.005845,0.218919,0.006287,0.023638,0.165256,0.144074,0.006622
0.091566,0.012785,0.033258,0.341858,0.044427,0.028744,0.149416,0.267553,0.020418,0.009975
0.022069,0.016663,0.160122,0.005113,0.252151,0.004412,0.115770,0.339943,0.013709,0.070048
0.006430,0.498995,0.189834,0.009958,0.015371,0.009874,0.010528,0.238051,0.011794,0.009165
0.118776,0.006584,0.025659,0.015014,0.232512,0.031392,0.053735,0.379215,0.016991,0.120122
0.005769,0.383598,0.007259,0.005375,0.278840,0.006406,0.041612,0.006722,0.208901,0.055519
0.024466,0.009726,0.114623,0.011941,0.537684,0.014983,0.030495,0.019852,0.210013,0.026215
0.005101,0.326557,0.005220,0.005946,0.234649,0.005517,0.019044,0.311429,0.037775,0.048762
0.007545,0.009282,0.014904,0.031088,0.285306,0.015499,0.014927,0.433867,0.116020,0.071564
0.036225,0.031777,0.030365,0.014968,0.018424,0.014842,0.021625,0.363733,0.337105,0.130935
0.101039,0.004983,0.042660,0.005706,0.289769,0.014444,0.083693,0.353683,0.018559,0.085466
0.067248,0.009691,0.161038,0.010151,0.474539,0.017685,0.029219,0.194663,0.013281,0.022486
0.007046,0.010061,0.031236,0.007265,0.015216,0.017779,0.039950,0.481518,0.278420,0.111508
0.020475,0.021268,0.257153,0.023395,0.035349,0.040367,0.039913,0.332927,0.196664,0.032490
0.026278,0.035376,0.058781,0.055911,0.049231,0.033955,0.044388,0.121224,0.263345,0.311511
0.006056,0.353265,0.033456,0.006447,0.229589,0.007053,0.007550,0.080821,0.219793,0.055968
0.005391,0.055406,0.318256,0.006620,0.308329,0.035183,0.094925,0.014207,0.155450,0.006233
0.016333,0.015664,0.115883,0.041996,0.055056,0.040548,0.112074,0.366611,0.022825,0.213011
0.007994,0.008119,0.025762,0.007902,0.293527,0.008225,0.011194,0.524646,0.015815,0.096817
0.004855,0.348721,0.283777,0.005322,0.018375,0.032842,0.016987,0.038733,0.241472,0.008916
0.037328,0.010586,0.162070,0.009907,0.464679,0.013005,0.090945,0.013303,0.023900,0.174278
0.325407,0.028110,0.030056,0.021676,0.030224,0.031988,0.041702,0.441076,0.028325,0.021435
0.009008,0.007950,0.039306,0.215897,0.014905,0.019384,0.069329,0.238578,0.287344,0.098299
0.013788,0.604468,0.039365,0.011887,0.010509,0.011780,0.032429,0.028003,0.235674,0.012098
0.013817,0.567160,0.009775,0.009986,0.010202,0.011038,0.010199,0.024581,0.252801,0.090441
0.012782,0.011585,0.107443,0.013994,0.020498,0.020811,0.062892,0.716855,0.016974,0.016165
0.008696,0.011322,0.043295,0.009911,0.462106,0.017264,0.020874,0.058264,0.257020,0.111247
0.007412,0.060503,0.182451,0.006079,0.273559,0.020726,0.027228,0.175362,0.241019,0.005661
0.010678,0.009243,0.028004,0.011434,0.480814,0.013894,0.014988,0.053984,0.356646,0.020313
0.006546,0.009557,0.059235,0.022616,0.324716,0.011123,0.017981,0.508625,0.022422,0.017178
0.013152,0.005411,0.088317,0.161577,0.305681,0.008155,0.076196,0.110739,0.219092,0.011681
0.004979,0.364559,0.215050,0.005437,0.022507,0.032248,0.015214,0.204029,0.015913,0.120063
0.008598,0.008768,0.017264,0.011049,0.437970,0.016658,0.008164,0.251939,0.229276,0.010315
0.007716,0.456032,0.008294,0.008690,0.303602,0.007129,0.010584,0.128221,0.061241,0.008492
0.012954,0.130845,0.245345,0.055304,0.046185,0.082710,0.225327,0.168579,0.020398,0.012353
0.033675,0.417002,0.013813,0.007193,0.334369,0.007452,0.054772,0.007085,0.117066,0.007573
0.009934,0.013553,0.396336,0.056115,0.020970,0.014556,0.099606,0.073130,0.294669,0.021131
0.022772,0.403508,0.169778,0.005933,0.330326,0.005938,0.027699,0.006362,0.016714,0.010970
0.005202,0.004588,0.098762,0.004563,0.266864,0.010879,0.040130,0.362661,0.196435,0.009916
0.022947,0.817129,0.016196,0.014329,0.022292,0.014562,0.011345,0.049575,0.016046,0.015578
0.008392,0.007524,0.073290,0.034373,0.040358,0.061271,0.024212,0.606780,0.134966,0.008834
0.011296,0.067108,0.044673,0.013084,0.031249,0.014944,0.021736,0.759156,0.023409,0.013344
0.007298,0.010014,0.071727,0.008917,0.377640,0.007539,0.006680,0.478401,0.012260,0.019523
0.010720,0.707781,0.067267,0.013228,0.012049,0.011993,0.066309,0.011449,0.086959,0.012246
0.014887,0.051111,0.294893,0.016230,0.042232,0.037919,0.033238,0.454151,0.018601,0.036739
0.007112,0.419210,0.013005,0.008013,0.014639,0.007368,0.014290,0.449890,0.057916,0.008556
0.019993,0.282887,0.062219,0.004161,0.223517,0.021602,0.052533,0.030497,0.183936,0.118655
0.010951,0.011229,0.031529,0.013571,0.405297,0.014238,0.024713,0.013782,0.305754,0.168935
0.011534,0.012666,0.137996,0.304645,0.434410,0.023709,0.008316,0.021694,0.017287,0.027743
0.057926,0.009463,0.136751,0.051258,0.384836,0.019294,0.053678,0.252537,0.026464,0.007792
0.023913,0.028808,0.061003,0.022274,0.043132,0.027754,0.048805,0.676219,0.046512,0.021580
0.115008,0.028516,0.054536,0.023638,0.039294,0.025550,0.037370,0.620622,0.035066,0.020401
0.167643,0.013383,0.175458,0.053915,0.030520,0.013819,0.079538,0.054374,0.392409,0.018940
0.019466,0.011434,0.150466,0.263730,0.483330,0.014074,0.013779,0.013270,0.013060,0.017390
0.008987,0.041509,0.214892,0.009800,0.030532,0.064671,0.106979,0.008193,0.332877,0.181561
0.021423,0.052074,0.053393,0.024588,0.036883,0.035826,0.117786,0.089363,0.348811,0.219852
0.047150,0.013625,0.079755,0.064325,0.028226,0.018133,0.008885,0.701551,0.028837,0.009511
0.003856,0.304305,0.117761,0.125603,0.207161,0.006839,0.003463,0.098184,0.079530,0.053299
0.021923,0.027980,0.059001,0.046383,0.031479,0.041715,0.030390,0.133097,0.569241,0.038790
0.012714,0.014161,0.027398,0.012276,0.429427,0.016123,0.017248,0.015857,0.313442,0.141355
0.052209,0.025755,0.140395,0.005919,0.264357,0.031671,0.119168,0.142963,0.197888,0.019677
0.015089,0.016814,0.026718,0.028110,0.020457,0.017197,0.025466,0.820580,0.016794,0.012775
0.010323,0.062112,0.323828,0.113419,0.077676,0.096082,0.206090,0.036947,0.062368,0.011154
0.007827,0.008192,0.042344,0.008038,0.419783,0.061455,0.132750,0.292613,0.019384,0.007614
0.089453,0.397211,0.007898,0.007422,0.309160,0.010982,0.007883,0.007854,0.098580,0.063556
0.027147,0.436279,0.308576,0.010377,0.020709,0.016048,0.017454,0.006926,0.019905,0.136580
0.012959,0.020012,0.097690,0.118434,0.087970,0.048073,0.233293,0.030224,0.069706,0.281638
0.047008,0.024191,0.052787,0.041757,0.025002,0.011187,0.016622,0.484490,0.282693,0.014264
0.024734,0.017034,0.026503,0.013314,0.657134,0.016307,0.078027,0.016463,0.127236,0.023248
0.009008,0.573423,0.010822,0.009796,0.011356,0.008523,0.018804,0.257699,0.011087,0.089481
0.006369,0.008050,0.214697,0.005895,0.342021,0.011884,0.204152,0.050280,0.151179,0.005472
0.036317,0.011834,0.173692,0.289214,0.024091,0.012920,0.017561,0.013069,0.297446,0.123855
0.090904,0.070540,0.154387,0.019461,0.051346,0.019720,0.017235,0.160493,0.397661,0.018254
0.040262,0.236524,0.056078,0.043592,0.078687,0.059671,0.092895,0.268184,0.053615,0.070492
0.042048,0.007266,0.158876,0.005174,0.272564,0.017236,0.066769,0.397020,0.013096,0.019952
0.030437,0.447419,0.011788,0.006029,0.013113,0.009315,0.049619,0.191056,0.234086,0.007139
0.009015,0.038035,0.216889,0.007006,0.360085,0.024296,0.166692,0.025470,0.019209,0.133303
0.014734,0.013101,0.165324,0.351833,0.022950,0.014183,0.021474,0.017345,0.362993,0.016064
0.009124,0.508666,0.061977,0.010070,0.008833,0.009701,0.050767,0.030781,0.300926,0.009154
0.020416,0.019852,0.053430,0.026462,0.044389,0.040884,0.030706,0.108802,0.391963,0.263096
0.031985,0.007228,0.016587,0.007036,0.281573,0.008298,0.050338,0.355876,0.154520,0.086561
0.023660,0.152863,0.353413,0.125880,0.052396,0.034277,0.052081,0.127337,0.032012,0.046080
0.022048,0.079466,0.054324,0.006892,0.363848,0.025912,0.138628,0.240519,0.038895,0.029469
0.018464,0.016212,0.120074,0.023929,0.039332,0.045260,0.149683,0.018086,0.339885,0.229075
0.121043,0.046411,0.022028,0.007172,0.396602,0.009483,0.017426,0.037277,0.221921,0.120637
0.004079,0.305070,0.112692,0.141502,0.160761,0.008669,0.012332,0.005367,0.164580,0.084950
0.004250,0.323218,0.025677,0.006227,0.256934,0.004609,0.008341,0.355774,0.010452,0.004519
0.010243,0.009896,0.037639,0.017308,0.538095,0.060329,0.038554,0.009470,0.022617,0.255851
0.028531,0.227873,0.011003,0.003438,0.191831,0.008605,0.038012,0.268414,0.153350,0.068944
0.258669,0.015744,0.046597,0.020356,0.032528,0.032138,0.083917,0.017593,0.297586,0.194873
0.011204,0.042043,0.391863,0.010356,0.032191,0.030548,0.164033,0.272672,0.018519,0.026573
0.038229,0.031623,0.548039,0.041421,0.057015,0.069110,0.082562,0.045933,0.047213,0.038855
0.006461,0.059420,0.146036,0.008261,0.313494,0.006726,0.024546,0.050820,0.274487,0.109748
0.013404,0.014014,0.149675,0.013412,0.034137,0.020151,0.098459,0.278804,0.356091,0.021853
0.005529,0.017108,0.008796,0.162619,0.321763,0.007889,0.057662,0.400659,0.007687,0.010288
0.023946,0.022187,0.191615,0.022163,0.098117,0.043148,0.489888,0.023560,0.029528,0.055848
0.078293,0.017410,0.075447,0.107083,0.056716,0.090938,0.213203,0.113067,0.209549,0.038293
0.027383,0.015605,0.028971,0.027426,0.020300,0.015692,0.097744,0.281968,0.334799,0.150111
0.009056,0.337787,0.007873,0.005203,0.269318,0.006481,0.010479,0.090735,0.201006,0.062063
0.007057,0.009850,0.289617,0.046532,0.018912,0.012845,0.061901,0.536050,0.010056,0.007181
0.007184,0.424616,0.101004,0.007640,0.259117,0.008354,0.066241,0.041442,0.078834,0.005568
0.006007,0.461935,0.111694,0.008225,0.012257,0.008973,0.011315,0.137490,0.233066,0.009038
0.044950,0.059845,0.329301,0.057292,0.053339,0.054669,0.224868,0.048110,0.055254,0.072372
0.125173,0.006926,0.094931,0.008519,0.035229,0.036333,0.060515,0.374423,0.131840,0.126111
0.008354,0.008526,0.304553,0.264471,0.020654,0.018376,0.068771,0.013570,0.273445,0.019280
0.069031,0.072903,0.037064,0.014983,0.020474,0.017787,0.105854,0.206838,0.435715,0.019351
0.008029,0.469314,0.009078,0.009956,0.009700,0.008596,0.028624,0.157163,0.291616,0.007924
0.012477,0.042292,0.422225,0.035063,0.050527,0.019664,0.034613,0.313488,0.039162,0.030490
0.038813,0.226716,0.112636,0.048005,0.059483,0.059591,0.090517,0.247373,0.048968,0.067899
0.101999,0.141466,0.075234,0.040493,0.102717,0.042837,0.082165,0.249844,0.063626,0.099619
0.007651,0.010580,0.170613,0.024775,0.022415,0.013508,0.132295,0.567620,0.028250,0.022292
0.013991,0.836726,0.020285,0.012964,0.020213,0.017266,0.029490,0.016391,0.017495,0.015178
0.007667,0.009572,0.151211,0.008807,0.290004,0.018782,0.012084,0.477349,0.010484,0.014039
0.012988,0.016556,0.017809,0.012769,0.023870,0.016912,0.102724,0.284908,0.490211,0.021254
0.005011,0.336921,0.006290,0.148863,0.233354,0.006589,0.011298,0.019810,0.169291,0.062573
0.067695,0.009315,0.367945,0.011392,0.038439,0.021415,0.026849,0.193836,0.117246,0.145867
0.009010,0.007104,0.048570,0.006864,0.024444,0.022312,0.200932,0.210761,0.312141,0.157863
0.004876,0.004710,0.282677,0.006339,0.223028,0.029436,0.084825,0.059171,0.203654,0.101284
0.012981,0.013015,0.080934,0.013655,0.024550,0.027032,0.021582,0.327915,0.462713,0.015623
0.016784,0.019370,0.022770,0.015104,0.032887,0.024857,0.031524,0.257473,0.549843,0.029389
0.104858,0.434659,0.171792,0.005525,0.017200,0.007760,0.005105,0.007536,0.239870,0.005696
0.019382,0.025470,0.052866,0.022970,0.047393,0.045608,0.037068,0.401091,0.328538,0.019615
0.006177,0.346117,0.040404,0.007408,0.010052,0.007226,0.011947,0.355242,0.161440,0.053987
0.045808,0.649054,0.012308,0.010627,0.013973,0.012383,0.076138,0.012893,0.014842,0.151974
0.006518,0.329312,0.028226,0.187854,0.207169,0.025599,0.081044,0.004889,0.015967,0.113421
0.009823,0.012685,0.186357,0.008664,0.520935,0.015364,0.082515,0.009579,0.012763,0.141315
0.007030,0.006865,0.221503,0.014818,0.315871,0.023691,0.030378,0.065764,0.307363,0.006717
0.087859,0.008771,0.061077,0.011368,0.373371,0.064510,0.033111,0.315963,0.013176,0.030792
0.061437,0.014250,0.015402,0.011433,0.022304,0.026603,0.010366,0.703129,0.015800,0.119277
0.178027,0.036230,0.028193,0.007019,0.319961,0.023189,0.089358,0.006703,0.283989,0.027330
0.050735,0.011648,0.019990,0.011148,0.538929,0.018732,0.021203,0.282023,0.032614,0.012979
0.036008,0.032444,0.016704,0.054525,0.018403,0.014793,0.069512,0.281541,0.340932,0.135138
0.011227,0.004172,0.238959,0.003750,0.204690,0.013211,0.054260,0.334636,0.019089,0.116005
0.071598,0.011966,0.058310,0.014349,0.022469,0.011714,0.134581,0.082978,0.445059,0.146976
0.065456,0.042783,0.043517,0.151385,0.044978,0.048387,0.061271,0.465558,0.039881,0.036785
0.080739,0.360548,0.010642,0.021267,0.008818,0.006559,0.004677,0.341969,0.159662,0.005118
0.009082,0.013077,0.167864,0.012100,0.058729,0.029330,0.260576,0.022805,0.394456,0.031982
0.049993,0.401888,0.269998,0.006479,0.026611,0.014818,0.004639,0.063751,0.156323,0.005500
0.008238,0.595912,0.019668,0.009112,0.010310,0.011202,0.015133,0.008796,0.310705,0.010925
0.005659,0.447333,0.030382,0.006018,0.009715,0.007920,0.013440,0.202621,0.198596,0.078315
0.005616,0.006259,0.048832,0.012312,0.345101,0.048726,0.080524,0.185438,0.260119,0.007073
0.010276,0.359137,0.084648,0.012324,0.022941,0.028900,0.012397,0.212946,0.246255,0.010176
0.107711,0.378711,0.149186,0.007259,0.012374,0.006044,0.011571,0.119329,0.202605,0.005210
0.011239,0.010930,0.017461,0.011197,0.465535,0.022131,0.154104,0.081384,0.024293,0.201726
0.008050,0.090663,0.055449,0.007961,0.043505,0.056842,0.114392,0.023045,0.419154,0.180939
0.014211,0.015864,0.072732,0.017193,0.061169,0.082857,0.041780,0.026353,0.451968,0.215873
0.008626,0.012029,0.262759,0.016908,0.377102,0.054042,0.114785,0.104858,0.040775,0.008114
0.010561,0.010193,0.402881,0.058099,0.023778,0.010694,0.022002,0.015677,0.306777,0.139337
0.033942,0.017661,0.043208,0.005672,0.259333,0.013536,0.040126,0.331715,0.186900,0.067906
0.008671,0.067702,0.212554,0.016320,0.367204,0.023297,0.005506,0.024030,0.268473,0.006243
0.003903,0.004257,0.080873,0.017245,0.248985,0.026823,0.054946,0.372429,0.186418,0.004121
0.005246,0.006590,0.102339,0.159108,0.275823,0.008133,0.046216,0.375143,0.008208,0.013194
0.023200,0.046691,0.010348,0.007914,0.014027,0.009657,0.019132,0.545598,0.229465,0.093968
0.085912,0.316215,0.006024,0.006581,0.263582,0.005821,0.046448,0.096611,0.167658,0.005148
0.049816,0.024675,0.033244,0.031239,0.065009,0.036235,0.053716,0.029719,0.637172,0.039175
0.028927,0.378807,0.010378,0.005537,0.009284,0.008291,0.043895,0.410539,0.007756,0.096586
0.056597,0.011719,0.482520,0.010892,0.039292,0.061767,0.140558,0.018548,0.012534,0.165572
0.007120,0.009532,0.322929,0.008787,0.285546,0.050394,0.005427,0.058185,0.121033,0.131046
0.007141,0.345929,0.235078,0.005267,0.015887,0.031604,0.054673,0.051145,0.140458,0.112818
0.009531,0.065096,0.176250,0.010511,0.489604,0.013286,0.181560,0.009337,0.023541,0.021283
0.013159,0.011805,0.024796,0.014030,0.028847,0.014883,0.088999,0.351044,0.440503,0.011934
0.059030,0.501692,0.018809,0.010232,0.029802,0.037398,0.012519,0.010190,0.313189,0.007140
0.068707,0.014073,0.077342,0.009978,0.545580,0.017112,0.106491,0.010955,0.013779,0.135981
0.013987,0.046049,0.231233,0.005574,0.247790,0.015467,0.135752,0.014119,0.191030,0.098999
0.009833,0.329151,0.008270,0.135467,0.241807,0.005174,0.010331,0.114057,0.089645,0.056266
0.033870,0.410884,0.095453,0.180635,0.011707,0.006441,0.008970,0.005980,0.240458,0.005604
0.008579,0.011179,0.062134,0.072824,0.422762,0.061098,0.105991,0.096836,0.150750,0.007847
0.009642,0.058715,0.019239,0.011300,0.487256,0.013065,0.061657,0.167504,0.017614,0.154007
0.196644,0.010394,0.035513,0.013912,0.344868,0.046639,0.125678,0.189725,0.011421,0.025207
0.007627,0.010554,0.167259,0.267306,0.452122,0.014238,0.030268,0.008115,0.016033,0.026479
0.020565,0.019806,0.168214,0.021428,0.036349,0.019657,0.017331,0.023103,0.642375,0.031171
0.006048,0.419350,0.092701,0.008867,0.251265,0.039412,0.009981,0.009760,0.019254,0.143362
0.049171,0.385789,0.040054,0.014312,0.025815,0.030062,0.010527,0.423938,0.008317,0.012015
0.007867,0.506404,0.022828,0.007708,0.018670,0.048492,0.016184,0.011148,0.352557,0.008142
0.006580,0.430889,0.057979,0.006968,0.300791,0.008455,0.006311,0.113019,0.060650,0.008359
0.087563,0.377509,0.008845,0.018442,0.008272,0.006464,0.014234,0.408799,0.007478,0.062396
0.016432,0.705944,0.013752,0.012926,0.015245,0.013264,0.014070,0.040380,0.016263,0.151724
0.038648,0.021333,0.025753,0.026475,0.037700,0.025036,0.035926,0.025726,0.535983,0.227420
0.020230,0.021648,0.275036,0.020216,0.048728,0.092185,0.256336,0.186887,0.064152,0.014583
0.159388,0.008243,0.334811,0.026005,0.022871,0.014115,0.082324,0.009206,0.334871,0.008166
0.003427,0.005086,0.205708,0.031585,0.197602,0.026928,0.002885,0.295437,0.154367,0.076975
0.008131,0.009738,0.086999,0.007581,0.322388,0.010661,0.034320,0.221186,0.209802,0.089194
0.010960,0.356330,0.031861,0.027385,0.246905,0.005546,0.004867,0.136084,0.109206,0.070858
0.112832,0.420372,0.156388,0.007827,0.012162,0.006370,0.035581,0.157200,0.009710,0.081559
0.031900,0.015023,0.229224,0.016642,0.028659,0.014879,0.036700,0.075781,0.537356,0.013837
0.023341,0.680221,0.019113,0.012595,0.015528,0.014301,0.088527,0.040293,0.094247,0.011834
0.076524,0.068192,0.142732,0.080605,0.097460,0.137957,0.064133,0.075506,0.132364,0.124527
0.006910,0.486722,0.042902,0.007975,0.018141,0.017880,0.012849,0.055353,0.193879,0.157387
0.009580,0.587896,0.010382,0.008917,0.011317,0.010122,0.010934,0.253017,0.011706,0.086128
0.222427,0.011200,0.444028,0.011026,0.033251,0.032766,0.010189,0.077385,0.146729,0.010999
0.014753,0.005661,0.209162,0.005567,0.258187,0.013936,0.069870,0.196190,0.221339,0.005334
0.013386,0.075673,0.017862,0.340952,0.024409,0.015343,0.079034,0.388016,0.025693,0.019632
0.009839,0.009438,0.127908,0.063603,0.526286,0.009175,0.030634,0.064487,0.016612,0.142018
0.005409,0.017637,0.037929,0.144398,0.266542,0.007915,0.011749,0.353508,0.149001,0.005911
0.049396,0.043738,0.041073,0.022016,0.027190,0.025245,0.035262,0.094842,0.464676,0.196563
0.009152,0.012453,0.081108,0.008784,0.436660,0.009249,0.084979,0.056413,0.280818,0.020384
0.107223,0.554803,0.043303,0.007978,0.009027,0.008343,0.047328,0.009673,0.202090,0.010231
0.008611,0.010224,0.042895,0.007728,0.359708,0.012319,0.007172,0.234647,0.301292,0.015403
0.043653,0.008330,0.017173,0.015776,0.018941,0.012126,0.013693,0.539131,0.319058,0.012118
0.005917,0.034860,0.017175,0.005782,0.299447,0.006086,0.029639,0.378387,0.156042,0.066664
0.006689,0.450585,0.199836,0.008828,0.008987,0.008771,0.009521,0.008753,0.215274,0.082754
0.074343,0.012066,0.208064,0.013581,0.023857,0.019918,0.122668,0.273293,0.228114,0.024096
0.004100,0.045421,0.084882,0.006141,0.220448,0.034902,0.011851,0.362619,0.214188,0.015448
0.126979,0.318374,0.011662,0.007177,0.010154,0.023793,0.013347,0.179683,0.214514,0.094319
0.004480,0.350895,0.123354,0.004932,0.012630,0.026502,0.008953,0.121356,0.234267,0.112631
0.008941,0.008562,0.012224,0.008219,0.367857,0.020136,0.016661,0.248268,0.301239,0.007893
0.030628,0.156659,0.279637,0.039300,0.043351,0.066005,0.052163,0.037792,0.264985,0.029480
0.141061,0.013827,0.022466,0.012989,0.013595,0.020643,0.009180,0.649146,0.015665,0.101429
0.010031,0.010213,0.411062,0.025448,0.021124,0.010882,0.021698,0.073506,0.405829,0.010205
0.004938,0.395571,0.146784,0.007999,0.238247,0.015770,0.013774,0.045520,0.010183,0.121214
0.010226,0.615839,0.011283,0.012584,0.011699,0.012386,0.034139,0.268331,0.011776,0.011736
0.010913,0.011374,0.085043,0.010680,0.019098,0.023437,0.057506,0.669875,0.096198,0.015877
0.085186,0.016074,0.020247,0.015376,0.029804,0.023087,0.034137,0.019814,0.584390,0.171884
0.015044,0.006096,0.064827,0.039129,0.331962,0.009336,0.129248,0.194744,0.193330,0.016283
0.014141,0.014826,0.137889,0.013777,0.038124,0.018905,0.126775,0.239635,0.371447,0.024481
0.068715,0.007892,0.074719,0.007724,0.374606,0.024857,0.086916,0.214317,0.113561,0.026693
0.008712,0.008105,0.065736,0.007947,0.395691,0.022939,0.029119,0.071284,0.269514,0.120953
0.078163,0.032335,0.064924,0.024630,0.042045,0.047092,0.142950,0.110999,0.427770,0.029092
0.006213,0.296247,0.013427,0.005303,0.242663,0.028272,0.058154,0.176489,0.070165,0.103068
0.023610,0.008993,0.064303,0.074207,0.049800,0.031257,0.034184,0.331633,0.153945,0.228067
0.019858,0.299111,0.014443,0.009132,0.196503,0.023682,0.058396,0.359153,0.012399,0.007322
0.014723,0.015343,0.140253,0.016800,0.037071,0.033288,0.128836,0.321182,0.269071,0.023433
0.038222,0.005672,0.036736,0.005510,0.032111,0.018251,0.146440,0.472900,0.237744,0.006414
0.209892,0.011744,0.046499,0.014034,0.043932,0.052868,0.019867,0.309306,0.135059,0.156798
0.019813,0.453191,0.117696,0.006804,0.021604,0.008890,0.062551,0.007274,0.295167,0.007011
0.230600,0.012802,0.168609,0.011858,0.058815,0.029015,0.212395,0.025808,0.240159,0.009941
0.006052,0.008344,0.015648,0.182230,0.296920,0.015282,0.009658,0.440014,0.014738,0.011114
0.007067,0.072057,0.042178,0.272720,0.024614,0.055475,0.020768,0.270590,0.209755,0.024777
0.009819,0.008580,0.312082,0.020213,0.018629,0.008539,0.060566,0.197676,0.251630,0.112265
0.294711,0.118418,0.055674,0.014048,0.069426,0.074622,0.036918,0.307533,0.017742,0.010907
0.008518,0.526906,0.018513,0.008810,0.010908,0.009774,0.059296,0.032765,0.233453,0.091056
0.004821,0.309094,0.070285,0.033232,0.188914,0.029483,0.052010,0.005043,0.205236,0.101881
0.026742,0.153510,0.051191,0.034774,0.046405,0.049685,0.041286,0.032740,0.253277,0.310390
0.006642,0.493961,0.190031,0.030993,0.012370,0.007556,0.012121,0.008386,0.229251,0.008689
0.007694,0.464440,0.008062,0.009473,0.011195,0.008461,0.008477,0.201237,0.188669,0.092290
0.010559,0.058644,0.086632,0.012116,0.074290,0.076284,0.159035,0.453238,0.057394,0.011809
0.035697,0.454333,0.120835,0.006118,0.334078,0.009845,0.014152,0.008155,0.008829,0.007960
0.006271,0.026106,0.088225,0.010707,0.381521,0.010676,0.183529,0.176077,0.012037,0.104850
0.120770,0.442830,0.035572,0.007335,0.312383,0.010871,0.044275,0.006330,0.012849,0.006785
0.004782,0.024455,0.299914,0.005344,0.254197,0.032938,0.097800,0.140176,0.023988,0.116406
0.023138,0.382082,0.089625,0.007475,0.277903,0.007914,0.031241,0.036505,0.134036,0.010082
0.006169,0.414778,0.095419,0.008859,0.017285,0.005822,0.062924,0.157828,0.225104,0.005810
0.009741,0.009430,0.336097,0.029958,0.030854,0.014901,0.097292,0.070785,0.374185,0.026757
0.021748,0.027562,0.047461,0.108416,0.037698,0.052087,0.052178,0.601026,0.030834,0.020991
0.053241,0.008193,0.123113,0.010086,0.339501,0.011402,0.069445,0.147518,0.231935,0.005566
0.199727,0.035162,0.050879,0.007616,0.402871,0.045748,0.103702,0.093259,0.034760,0.026277
0.110231,0.023541,0.102834,0.016823,0.035367,0.044458,0.046668,0.094517,0.492182,0.033379
0.016261,0.020462,0.033257,0.018047,0.026311,0.016734,0.030670,0.254014,0.568580,0.015663
0.010852,0.023741,0.018908,0.012852,0.015008,0.013797,0.016597,0.620587,0.163093,0.104567
0.013005,0.012670,0.027458,0.015075,0.035370,0.024427,0.018192,0.378144,0.463917,0.011741
0.116656,0.020324,0.028282,0.024606,0.055253,0.027604,0.041984,0.608975,0.043316,0.033000
0.007876,0.009903,0.091845,0.006913,0.357587,0.018449,0.178805,0.156810,0.163274,0.008538
0.024949,0.005791,0.038758,0.182741,0.258153,0.009729,0.046970,0.118323,0.232133,0.082453
0.005289,0.313280,0.050019,0.140362,0.254436,0.007074,0.010962,0.120443,0.092241,0.005895
0.010003,0.442192,0.007580,0.007883,0.007667,0.008264,0.039866,0.147316,0.262936,0.066293
0.005732,0.389814,0.016518,0.006619,0.288933,0.029974,0.065840,0.176980,0.008863,0.010726
0.007588,0.518890,0.030126,0.007509,0.017097,0.046507,0.082096,0.077254,0.204935,0.007999
0.013541,0.013144,0.041092,0.012577,0.657490,0.030752,0.031686,0.018182,0.016605,0.164930
0.009339,0.030859,0.230661,0.014158,0.578464,0.019984,0.025023,0.058364,0.023519,0.009629
0.023065,0.031082,0.339387,0.030046,0.042660,0.048480,0.021975,0.392196,0.042891,0.028216
0.008733,0.562707,0.011217,0.009014,0.010546,0.016340,0.016690,0.011038,0.344297,0.009418
0.005778,0.381144,0.031252,0.007975,0.260564,0.006175,0.042240,0.128860,0.011407,0.124606
0.009938,0.012993,0.369704,0.009839,0.036742,0.009967,0.105178,0.319537,0.116575,0.009526
0.038899,0.053796,0.109211,0.016514,0.036598,0.043938,0.142612,0.499570,0.024862,0.034000
0.166101,0.012017,0.014417,0.021599,0.495705,0.013277,0.081737,0.048923,0.022775,0.123449
0.038498,0.023830,0.116290,0.018393,0.038878,0.019045,0.037021,0.506962,0.179457,0.021625
0.007822,0.026683,0.136042,0.008009,0.438940,0.013531,0.012674,0.046601,0.165728,0.143970
0.017380,0.122167,0.128017,0.018692,0.052017,0.026362,0.052566,0.330048,0.019667,0.233085
0.006614,0.007129,0.375029,0.010294,0.038426,0.049926,0.039046,0.257379,0.027382,0.188774
0.010148,0.010192,0.208228,0.013877,0.084203,0.078811,0.030150,0.310301,0.047372,0.206718
0.016124,0.016585,0.180757,0.020001,0.027307,0.028103,0.138013,0.356117,0.030823,0.186170
0.004664,0.332750,0.040163,0.199636,0.229259,0.028384,0.012216,0.128466,0.018558,0.005904
0.015540,0.456919,0.009873,0.009073,0.363953,0.007133,0.015649,0.027462,0.010049,0.084349
0.005051,0.326676,0.032043,0.005008,0.250816,0.005975,0.006731,0.315865,0.006850,0.044987
0.007990,0.008234,0.320241,0.007939,0.034297,0.013974,0.007093,0.169706,0.311379,0.119147
0.046398,0.020419,0.040512,0.014614,0.024282,0.028579,0.021113,0.066985,0.561493,0.175604
0.012191,0.012439,0.158007,0.063250,0.607181,0.012500,0.093794,0.013173,0.015619,0.011846
0.106751,0.253696,0.206186,0.028986,0.174490,0.010038,0.008820,0.007341,0.199604,0.004087
0.146433,0.008334,0.128490,0.010039,0.407252,0.013970,0.022743,0.160978,0.093426,0.008334
0.009157,0.008353,0.063623,0.008449,0.032849,0.029025,0.291922,0.008599,0.357685,0.190339
0.012810,0.014966,0.016673,0.026368,0.585843,0.017031,0.022479,0.075391,0.206230,0.022209
0.024555,0.366911,0.006936,0.006136,0.006945,0.010147,0.037075,0.374717,0.159237,0.007340
0.007152,0.495818,0.009151,0.007154,0.283842,0.009487,0.015924,0.031067,0.062340,0.078064
0.008867,0.007723,0.158215,0.235130,0.023278,0.013359,0.018349,0.255969,0.259477,0.019633
0.052606,0.006492,0.143183,0.215912,0.019481,0.012463,0.101016,0.049288,0.286641,0.112919
0.032023,0.022487,0.020263,0.021627,0.023936,0.018140,0.085350,0.343869,0.411977,0.020327
0.009629,0.008899,0.065637,0.015993,0.044416,0.058140,0.007399,0.232211,0.380041,0.177635
0.008790,0.472828,0.025881,0.009045,0.016568,0.017234,0.075063,0.262374,0.100151,0.012066
0.042485,0.673293,0.056752,0.011195,0.011710,0.010439,0.062554,0.039265,0.079723,0.012584
0.003031,0.216383,0.007691,0.004800,0.181941,0.019881,0.040668,0.282613,0.150886,0.092106
0.124382,0.614342,0.051366,0.009931,0.010342,0.011914,0.011352,0.010944,0.144666,0.010761
0.050397,0.006807,0.119640,0.013255,0.291739,0.021161,0.142288,0.194091,0.010281,0.150341
0.022709,0.026819,0.048967,0.026393,0.035771,0.026486,0.179038,0.582842,0.027938,0.023037
0.010266,0.038265,0.108161,0.013391,0.602282,0.029201,0.115706,0.020723,0.033891,0.028114
0.008192,0.009027,0.025741,0.008426,0.430333,0.020721,0.077764,0.009239,0.311342,0.099214
0.024683,0.026314,0.101261,0.031628,0.042880,0.026411,0.059426,0.154067,0.241988,0.291342
0.031809,0.037614,0.302145,0.028955,0.049159,0.041155,0.166265,0.037903,0.276324,0.028670
0.035182,0.114945,0.535185,0.021399,0.040578,0.039222,0.127323,0.024352,0.044271,0.017542
0.019840,0.018893,0.027137,0.021150,0.036328,0.029355,0.123972,0.334076,0.354891,0.034358
0.012857,0.498132,0.008975,0.009446,0.010482,0.010124,0.049263,0.176443,0.214731,0.009547
0.024056,0.695000,0.048567,0.011146,0.013551,0.009714,0.014408,0.011925,0.012790,0.158844
0.019457,0.021155,0.028168,0.560529,0.033363,0.026330,0.111988,0.131999,0.042964,0.024048
0.056527,0.052385,0.164760,0.048720,0.282990,0.017852,0.004254,0.129382,0.221852,0.021279
0.010727,0.435761,0.043176,0.009256,0.007929,0.008935,0.008776,0.107662,0.273344,0.094434
0.124740,0.057063,0.073890,0.046069,0.055689,0.091129,0.074177,0.045735,0.365769,0.065738
0.014082,0.330732,0.025789,0.004346,0.232144,0.004404,0.009619,0.158336,0.158312,0.062237
0.065415,0.012300,0.015460,0.011727,0.020020,0.012088,0.102861,0.257087,0.325501,0.177540
0.057172,0.014615,0.021897,0.010483,0.016290,0.012984,0.017577,0.706372,0.019197,0.123412
0.111578,0.043130,0.020812,0.006321,0.314072,0.013227,0.056195,0.124203,0.199171,0.111290
0.004012,0.004606,0.014909,0.004551,0.220625,0.028371,0.053324,0.386559,0.193596,0.089446
0.010937,0.018000,0.239376,0.028000,0.069207,0.042381,0.039443,0.034291,0.233315,0.285051
0.008157,0.007344,0.010490,0.037989,0.302467,0.007779,0.061902,0.173467,0.295462,0.094943
0.004645,0.005279,0.050202,0.192419,0.035255,0.041407,0.004292,0.439703,0.220807,0.005989
0.037346,0.087242,0.044505,0.032016,0.086566,0.047525,0.062744,0.153722,0.057537,0.390797
0.039210,0.006584,0.251128,0.006773,0.390026,0.017586,0.005888,0.154875,0.012821,0.115108
0.024372,0.020804,0.021800,0.008777,0.373345,0.009423,0.046568,0.476638,0.010024,0.008249
0.040168,0.009534,0.201506,0.009479,0.024052,0.025347,0.095577,0.013791,0.393165,0.187381
0.004999,0.354318,0.023517,0.005778,0.209977,0.031682,0.004250,0.037067,0.219512,0.108899
0.006851,0.538262,0.113765,0.008707,0.282819,0.011776,0.013062,0.007711,0.009832,0.007213
0.063414,0.040315,0.042671,0.015975,0.409659,0.068761,0.121253,0.009125,0.040495,0.188333
0.016710,0.019533,0.130464,0.011892,0.593334,0.088399,0.041796,0.013808,0.071051,0.013013
0.016340,0.018866,0.134937,0.014941,0.026364,0.020643,0.025341,0.386390,0.341432,0.014746
0.004951,0.006734,0.120400,0.006489,0.026776,0.030723,0.063064,0.409073,0.206005,0.125786
0.029980,0.040340,0.036974,0.054011,0.042773,0.063272,0.216101,0.163492,0.042512,0.310545
0.032056,0.510217,0.012697,0.007710,0.012936,0.008426,0.009909,0.108353,0.288819,0.008877
0.011807,0.089232,0.036204,0.036241,0.647773,0.021465,0.033908,0.077140,0.019128,0.027102
0.008314,0.044339,0.016877,0.009226,0.012026,0.009970,0.065581,0.518811,0.305178,0.009677
0.055096,0.006501,0.199208,0.034621,0.348847,0.051332,0.020014,0.241657,0.016705,0.026020
0.022479,0.043601,0.020178,0.007802,0.355126,0.013300,0.044457,0.123451,0.257474,0.112131
0.010770,0.032352,0.162899,0.128465,0.191769,0.007728,0.010139,0.312667,0.139206,0.004005
0.042552,0.033425,0.042561,0.030002,0.028184,0.032020,0.114744,0.612464,0.030821,0.033227
0.009960,0.509933,0.031880,0.008709,0.018014,0.046917,0.006308,0.013251,0.339391,0.015635
0.007331,0.055535,0.157998,0.216486,0.026730,0.012665,0.058678,0.059581,0.301132,0.103864
0.130954,0.022856,0.287881,0.049455,0.046298,0.035603,0.031909,0.145847,0.226124,0.023072
0.005844,0.394195,0.006640,0.007309,0.248566,0.007036,0.012831,0.022053,0.232247,0.063280
0.037122,0.008903,0.237818,0.010569,0.303088,0.011878,0.116519,0.006845,0.158696,0.108562
0.004570,0.293817,0.016904,0.004555,0.190998,0.023549,0.072567,0.033036,0.230542,0.129461
0.006227,0.430288,0.008283,0.175389,0.314538,0.007685,0.013958,0.028503,0.008000,0.007130
0.035674,0.121489,0.361999,0.032498,0.086590,0.033296,0.029203,0.212576,0.055657,0.031018
0.011572,0.434484,0.172275,0.192259,0.019819,0.013385,0.013204,0.128706,0.008391,0.005905
0.153661,0.403322,0.035252,0.007644,0.021192,0.014832,0.019765,0.064547,0.274058,0.005725
0.007657,0.058192,0.265405,0.006778,0.020399,0.011244,0.071905,0.518031,0.021958,0.018431
0.009352,0.609860,0.012058,0.011105,0.014732,0.011419,0.011607,0.174906,0.135642,0.009317
0.045215,0.051869,0.395938,0.048181,0.104561,0.038833,0.122214,0.040969,0.050746,0.101474
0.009219,0.432171,0.056831,0.006165,0.267485,0.007119,0.051098,0.151343,0.010481,0.008087
0.010511,0.658660,0.017631,0.012165,0.011218,0.011571,0.013399,0.151200,0.013436,0.100209
0.178161,0.488089,0.068913,0.010514,0.019948,0.018483,0.005524,0.006684,0.187135,0.016549
0.007570,0.046175,0.098325,0.210432,0.397060,0.011536,0.055393,0.008009,0.076583,0.088916
0.081039,0.322285,0.011320,0.005784,0.213451,0.005433,0.010567,0.337784,0.006830,0.005507
0.023235,0.022666,0.150424,0.025246,0.051178,0.031317,0.235339,0.035046,0.029144,0.396404
0.006146,0.416574,0.014856,0.006015,0.009971,0.006276,0.013767,0.408809,0.110505,0.007081
0.224635,0.008218,0.264183,0.037672,0.031141,0.027944,0.245090,0.109089,0.020224,0.031804
0.008117,0.008473,0.009952,0.010076,0.012235,0.009510,0.016154,0.521069,0.290799,0.113615
0.008028,0.510165,0.010122,0.008350,0.010827,0.009215,0.010545,0.024585,0.324559,0.083604
0.005450,0.033603,0.065624,0.145359,0.293402,0.007361,0.007885,0.368854,0.006980,0.065481
0.012714,0.014251,0.015093,0.023832,0.484267,0.024561,0.024978,0.249426,0.020688,0.130189
0.007334,0.039131,0.014176,0.013333,0.300829,0.008254,0.051131,0.202900,0.259511,0.103400
0.007442,0.412915,0.046320,0.165639,0.007772,0.008037,0.014218,0.008226,0.261380,0.068051
0.006457,0.469311,0.179296,0.006171,0.013948,0.007229,0.009404,0.006764,0.219168,0.082252
0.108816,0.490245,0.009413,0.009053,0.013497,0.008941,0.009304,0.021576,0.222690,0.106465
0.052011,0.025194,0.073695,0.032616,0.049302,0.049689,0.048529,0.588151,0.055305,0.025509
0.011112,0.010806,0.167355,0.012868,0.559331,0.020247,0.024272,0.068870,0.106583,0.018556
0.019333,0.054414,0.111719,0.008413,0.424653,0.014109,0.007564,0.045628,0.306143,0.008025
0.005943,0.008738,0.135703,0.006318,0.319993,0.010987,0.228473,0.157082,0.013782,0.112983
0.009109,0.012444,0.017734,0.041329,0.405270,0.012780,0.055624,0.284169,0.015329,0.146211
0.005623,0.008028,0.103928,0.006522,0.295273,0.035173,0.166050,0.133900,0.239316,0.006186
0.057606,0.008581,0.193563,0.010007,0.042541,0.026343,0.172327,0.254641,0.038343,0.196047
0.004475,0.301684,0.019466,0.004430,0.220010,0.027464,0.055944,0.044677,0.195616,0.126235
0.161472,0.005970,0.040121,0.008122,0.278104,0.037894,0.023574,0.183236,0.255575,0.005932
0.036839,0.033088,0.067203,0.041820,0.074267,0.061144,0.058245,0.041637,0.552389,0.033370
0.005515,0.414996,0.020616,0.178259,0.303563,0.006534,0.012166,0.041218,0.007757,0.009376
0.021121,0.021489,0.029039,0.021087,0.034951,0.031727,0.048299,0.027758,0.532883,0.231647
0.005429,0.006390,0.049968,0.031208,0.355501,0.021457,0.211537,0.158855,0.016512,0.143143
0.012114,0.011630,0.082283,0.332311,0.025158,0.017535,0.025846,0.219328,0.126007,0.147786
0.006668,0.007011,0.266566,0.047627,0.388923,0.011580,0.023090,0.229392,0.012580,0.006563
0.005668,0.405472,0.037435,0.007774,0.253278,0.014172,0.005341,0.008466,0.256404,0.005989
0.005036,0.310605,0.008782,0.006493,0.177952,0.005118,0.006561,0.329201,0.145244,0.005006
0.072180,0.006988,0.342855,0.007003,0.040918,0.043609,0.184818,0.263018,0.031823,0.006789
0.087309,0.320698,0.012330,0.006656,0.222397,0.006218,0.004429,0.168723,0.164275,0.006964
0.244557,0.091631,0.042270,0.012355,0.064524,0.057567,0.035061,0.283411,0.159961,0.008663
0.177104,0.017308,0.162809,0.037858,0.097881,0.057030,0.013934,0.055816,0.026656,0.353605
0.006353,0.008045,0.223858,0.184463,0.284496,0.010008,0.005225,0.006217,0.187134,0.084202
0.060996,0.007756,0.293614,0.011610,0.022618,0.012878,0.079426,0.179289,0.310364,0.021449
0.108970,0.045509,0.099095,0.004771,0.275267,0.012364,0.169630,0.010176,0.185583,0.088635
0.005116,0.330171,0.007689,0.142895,0.194492,0.005459,0.010662,0.095701,0.203043,0.004772
0.012060,0.010889,0.016794,0.324578,0.446962,0.016784,0.027382,0.014883,0.118798,0.010869
0.011155,0.497491,0.008730,0.007873,0.011559,0.012879,0.009467,0.147900,0.284953,0.007994
0.025755,0.402264,0.031743,0.009166,0.013160,0.035787,0.075339,0.224322,0.010025,0.172439
0.037483,0.140269,0.301580,0.034220,0.112827,0.089852,0.030241,0.036614,0.127703,0.089211
0.007029,0.011005,0.455133,0.016527,0.379317,0.027266,0.036312,0.022334,0.012838,0.032240
0.016190,0.546549,0.060472,0.011591,0.012553,0.014451,0.071362,0.153549,0.012645,0.100637
0.235408,0.015089,0.021805,0.034739,0.025387,0.023531,0.113228,0.326857,0.021033,0.182923
0.007108,0.078921,0.052630,0.071438,0.037736,0.060983,0.085976,0.245511,0.350644,0.009053
0.041202,0.029754,0.247288,0.006759,0.389962,0.020662,0.091707,0.156856,0.009482,0.006328
0.219475,0.081738,0.041261,0.007136,0.384767,0.051911,0.140476,0.022831,0.019580,0.030824
0.013505,0.013454,0.098080,0.024004,0.073338,0.044682,0.054948,0.420282,0.244368,0.013341
0.007659,0.491307,0.051034,0.009357,0.334457,0.016082,0.015627,0.049065,0.010618,0.014795
0.031914,0.008225,0.019709,0.008047,0.445418,0.016130,0.081435,0.268031,0.012323,0.108768
0.059047,0.049313,0.041138,0.019868,0.024835,0.024727,0.034948,0.024326,0.702327,0.019469
0.010790,0.585413,0.050407,0.010045,0.011931,0.011047,0.011813,0.011919,0.219079,0.077557
0.010691,0.739516,0.019536,0.010475,0.012283,0.012713,0.069067,0.011342,0.013675,0.100703
0.007514,0.521381,0.062644,0.008171,0.248584,0.009345,0.050275,0.009098,0.009743,0.073244
0.008487,0.010496,0.073032,0.007766,0.011539,0.009581,0.018671,0.488314,0.286795,0.085319
0.036738,0.018666,0.050857,0.020411,0.737701,0.035957,0.035343,0.023104,0.023438,0.017786
0.006297,0.006417,0.119092,0.239234,0.036735,0.048979,0.024240,0.498835,0.013976,0.006195
0.004682,0.347301,0.046335,0.004829,0.221821,0.006386,0.010053,0.344824,0.007975,0.005794
0.007940,0.492101,0.021458,0.009707,0.309491,0.011905,0.069267,0.051755,0.016404,0.009971
0.009599,0.652212,0.048901,0.008686,0.020054,0.010370,0.084841,0.012203,0.017762,0.135371
0.012895,0.013063,0.094537,0.075791,0.030165,0.022463,0.011536,0.020789,0.500435,0.218325
0.007045,0.380274,0.011745,0.006016,0.009490,0.009418,0.008892,0.397058,0.163957,0.006106
0.018768,0.054909,0.026602,0.010641,0.015025,0.012234,0.084768,0.588006,0.172991,0.016056
0.089999,0.013010,0.034126,0.010480,0.076268,0.056485,0.132950,0.024859,0.367631,0.194191
0.025654,0.025023,0.455541,0.057226,0.053703,0.024456,0.250702,0.025233,0.059476,0.022987
0.009156,0.562540,0.009636,0.026558,0.015066,0.008909,0.011216,0.026260,0.320631,0.010028
0.014793,0.318699,0.077300,0.004682,0.240846,0.007966,0.046254,0.006257,0.181357,0.101847
0.083077,0.041281,0.211174,0.013725,0.026858,0.019112,0.034423,0.019242,0.537693,0.013417
0.060664,0.005840,0.054007,0.006057,0.314081,0.046067,0.076060,0.172945,0.242652,0.021628
0.009091,0.100675,0.065043,0.012049,0.065529,0.077403,0.127649,0.095394,0.435551,0.011617
0.006716,0.540857,0.050563,0.010004,0.336045,0.009713,0.015101,0.012069,0.010812,0.008121
0.006610,0.492679,0.116238,0.008536,0.012401,0.008825,0.059031,0.008570,0.277934,0.009175
0.027235,0.030424,0.032064,0.023568,0.038261,0.024538,0.045028,0.110757,0.630572,0.037552
0.007819,0.312733,0.121516,0.005343,0.221152,0.004556,0.006805,0.147876,0.166080,0.006119
0.009302,0.042241,0.493463,0.007886,0.043965,0.028612,0.021866,0.278994,0.042501,0.031171
0.006852,0.006078,0.110616,0.007727,0.319166,0.009556,0.053125,0.462002,0.013998,0.010879
0.004664,0.004792,0.105697,0.006071,0.218761,0.009209,0.047789,0.339261,0.189975,0.073781
0.036921,0.008189,0.061082,0.007632,0.453458,0.011344,0.067097,0.064760,0.174732,0.114784
0.011017,0.083952,0.212418,0.010262,0.033214,0.015161,0.092206,0.365836,0.016322,0.159612
0.010774,0.624050,0.013513,0.027328,0.011290,0.011049,0.036223,0.012303,0.162851,0.090620
0.012730,0.071791,0.016403,0.015208,0.019361,0.018731,0.107541,0.371365,0.348355,0.018515
0.023345,0.024530,0.029684,0.100834,0.052667,0.032848,0.041221,0.127327,0.544845,0.022700
0.010311,0.397649,0.009533,0.179292,0.274547,0.007500,0.013933,0.025117,0.008985,0.073133
0.008642,0.523364,0.046766,0.010817,0.010838,0.008839,0.032573,0.025268,0.322761,0.010132
0.005655,0.374326,0.046639,0.006006,0.199364,0.007386,0.013370,0.025657,0.231404,0.090193
0.016145,0.014594,0.222224,0.033178,0.027325,0.014449,0.020134,0.099528,0.538973,0.013451
0.019606,0.019369,0.129955,0.024383,0.049223,0.028769,0.182531,0.121651,0.055125,0.369389
0.007771,0.509668,0.043680,0.008762,0.016759,0.010764,0.017459,0.162720,0.080167,0.142251
0.012480,0.012022,0.035537,0.014446,0.683461,0.017722,0.110055,0.070625,0.016498,0.027156
0.027268,0.013726,0.027982,0.015385,0.021854,0.020692,0.012327,0.819252,0.018581,0.022932
0.029521,0.027221,0.052254,0.113143,0.039913,0.026519,0.053012,0.144472,0.237473,0.276470
0.007940,0.056119,0.057416,0.006596,0.030093,0.010906,0.027405,0.511978,0.273550,0.017996
0.010024,0.529816,0.010942,0.010118,0.014907,0.010817,0.008031,0.181786,0.136709,0.086849
0.095863,0.044396,0.023356,0.440255,0.027883,0.020319,0.131158,0.021999,0.166358,0.028413
0.014273,0.014028,0.090482,0.013894,0.047093,0.102521,0.173602,0.510670,0.020722,0.012716
0.004541,0.005643,0.111549,0.003636,0.190966,0.026381,0.054448,0.342048,0.170210,0.090578
0.021964,0.012405,0.188739,0.013120,0.023965,0.020300,0.020096,0.323965,0.366498,0.008947
0.006891,0.459549,0.014525,0.007086,0.307087,0.008217,0.010311,0.167547,0.010413,0.008374
0.159999,0.384945,0.033487,0.008829,0.295626,0.036615,0.013481,0.044723,0.009655,0.012641
0.026876,0.023021,0.115200,0.009760,0.387669,0.008782,0.075763,0.011125,0.328470,0.013333
0.004663,0.303400,0.024852,0.004243,0.236291,0.012350,0.011637,0.181818,0.215859,0.004887
0.009481,0.586862,0.010399,0.008494,0.011139,0.010017,0.019664,0.164947,0.167683,0.011314
0.036121,0.527205,0.067782,0.010765,0.012045,0.009362,0.063636,0.253802,0.010479,0.008802
0.019274,0.022958,0.022857,0.020874,0.029061,0.021883,0.091015,0.108395,0.462009,0.201675
0.005138,0.029437,0.327961,0.011437,0.317941,0.046019,0.097485,0.018026,0.014478,0.132077
0.008597,0.032956,0.191283,0.008812,0.036189,0.014050,0.103921,0.222053,0.359084,0.023056
0.004630,0.004229,0.131284,0.172975,0.189408,0.014017,0.094498,0.126619,0.176457,0.085883
0.003805,0.289704,0.022943,0.030439,0.187381,0.026350,0.052603,0.365224,0.013813,0.007739
0.012704,0.020019,0.122178,0.017009,0.068569,0.107776,0.187523,0.013989,0.063579,0.386655
0.038180,0.005975,0.032727,0.008758,0.324578,0.035344,0.020868,0.503241,0.024657,0.005673
0.047506,0.020590,0.159536,0.016940,0.024290,0.023030,0.130164,0.019543,0.540665,0.017736
0.008975,0.010055,0.329457,0.010418,0.041325,0.083369,0.032996,0.252845,0.189215,0.041346
0.053097,0.007339,0.262798,0.046251,0.322566,0.011903,0.016423,0.012882,0.160601,0.106140
0.035969,0.021852,0.246352,0.022823,0.026917,0.022418,0.024018,0.369261,0.024178,0.206213
0.029242,0.436927,0.017741,0.006094,0.276800,0.033836,0.014997,0.011614,0.020110,0.152639
0.015092,0.015913,0.080799,0.019144,0.099397,0.100462,0.012905,0.571349,0.024105,0.060834
0.016211,0.043965,0.166909,0.016176,0.031763,0.020691,0.021369,0.073538,0.423313,0.186066
0.012720,0.016972,0.155386,0.356183,0.023831,0.013804,0.035003,0.014358,0.346394,0.025349
0.009691,0.614976,0.011991,0.010141,0.011203,0.016218,0.020002,0.281853,0.012222,0.011702
0.011338,0.519060,0.058698,0.008631,0.328657,0.010106,0.010244,0.034124,0.009852,0.009290
0.048823,0.143845,0.075452,0.259591,0.099081,0.068532,0.121498,0.070962,0.064359,0.047857
0.016158,0.022447,0.332341,0.016020,0.041568,0.024315,0.142615,0.108369,0.047030,0.249136
0.017198,0.028126,0.106613,0.020452,0.078738,0.069412,0.343321,0.200328,0.052772,0.083039
0.008681,0.064864,0.268460,0.007090,0.345753,0.012897,0.006112,0.007420,0.253111,0.025613
0.009398,0.609152,0.029216,0.014331,0.031487,0.057405,0.118026,0.099859,0.015769,0.015356
0.010601,0.617866,0.014768,0.010028,0.010534,0.015690,0.064679,0.009755,0.151580,0.094500
0.032055,0.009688,0.127756,0.045863,0.401275,0.013937,0.008354,0.009839,0.244227,0.107005
0.010694,0.010097,0.016581,0.009565,0.542901,0.016489,0.167880,0.015473,0.198706,0.011613
0.022631,0.375905,0.012417,0.006745,0.012190,0.034449,0.012049,0.503057,0.014360,0.006197
0.059463,0.029883,0.212128,0.035088,0.037102,0.032065,0.055524,0.033522,0.455337,0.049887
0.005254,0.006087,0.202080,0.007469,0.040273,0.020808,0.079551,0.459673,0.171769,0.007035
0.023650,0.030085,0.152939,0.054353,0.052418,0.055012,0.234627,0.030348,0.059514,0.307054
0.007214,0.431609,0.056457,0.006572,0.007665,0.007852,0.043590,0.109550,0.259049,0.070442
0.015980,0.016083,0.126731,0.065098,0.021024,0.019528,0.028124,0.367657,0.324406,0.015367
0.007437,0.581827,0.137532,0.010984,0.026984,0.010645,0.017593,0.010327,0.184797,0.011875
0.011902,0.503398,0.009680,0.009465,0.009696,0.008894,0.009753,0.150216,0.276799,0.010197
0.008028,0.011023,0.067573,0.012300,0.407682,0.013481,0.116154,0.015649,0.187143,0.160967
0.028357,0.313855,0.071857,0.005223,0.218691,0.008238,0.003524,0.092868,0.168659,0.088729
0.020426,0.019802,0.399429,0.018130,0.057619,0.031928,0.043607,0.156345,0.234572,0.018141
0.027234,0.026098,0.451960,0.028808,0.050754,0.025623,0.305631,0.026998,0.032892,0.024002
0.007940,0.019237,0.014655,0.209625,0.359514,0.010659,0.015662,0.228220,0.015143,0.119345
0.006487,0.463809,0.008758,0.008163,0.333431,0.007569,0.008503,0.146535,0.010236,0.006510
0.141581,0.066598,0.065116,0.057054,0.071106,0.086172,0.054365,0.413617,0.031268,0.013124
0.010016,0.008324,0.019663,0.043025,0.445895,0.008733,0.069730,0.011502,0.245022,0.138089
0.068935,0.024455,0.041682,0.097137,0.032497,0.033255,0.021989,0.439462,0.206169,0.034419
0.230804,0.008626,0.243097,0.016597,0.048349,0.028585,0.156102,0.023069,0.042106,0.202665
0.008488,0.011564,0.239052,0.325422,0.042708,0.049195,0.127276,0.021622,0.146765,0.027909
0.026029,0.011794,0.018209,0.028875,0.467403,0.018801,0.018277,0.270131,0.126451,0.014029
0.013754,0.014379,0.034156,0.034552,0.770242,0.019060,0.035266,0.014335,0.036156,0.028098
0.167364,0.007858,0.277418,0.007606,0.389486,0.023741,0.006556,0.062874,0.032786,0.024311
0.007368,0.524671,0.036961,0.009855,0.012517,0.008848,0.072345,0.246921,0.071503,0.009010
0.129529,0.007325,0.274244,0.006782,0.018228,0.010737,0.006261,0.173390,0.272195,0.101309
0.035676,0.018942,0.023216,0.018770,0.040456,0.022843,0.033262,0.346944,0.283568,0.176321
0.075208,0.016073,0.029185,0.065467,0.492120,0.015754,0.010453,0.064043,0.029718,0.201979
0.007060,0.011540,0.454504,0.015111,0.052518,0.063268,0.148827,0.075552,0.012472,0.159147
0.140668,0.615616,0.016859,0.010878,0.011525,0.013986,0.009248,0.012103,0.159034,0.010082
0.010863,0.010645,0.029727,0.012589,0.475085,0.015214,0.122168,0.270280,0.029081,0.024348
0.022300,0.114547,0.036163,0.545554,0.031395,0.044785,0.035322,0.118045,0.030284,0.021605
0.033729,0.025227,0.156053,0.042997,0.115367,0.191762,0.062118,0.241967,0.052509,0.078272
0.008441,0.566196,0.017216,0.008877,0.013332,0.009842,0.017941,0.195345,0.154604,0.008207
0.006060,0.008356,0.048766,0.007424,0.302074,0.009850,0.015057,0.442180,0.072464,0.087769
0.007369,0.010042,0.023751,0.007256,0.373921,0.010089,0.048986,0.495488,0.010460,0.012637
0.007258,0.490109,0.331845,0.010844,0.031102,0.018059,0.015640,0.057603,0.023945,0.013595
0.004483,0.337615,0.130948,0.004425,0.241156,0.005099,0.003923,0.024573,0.180533,0.067246
0.045680,0.061411,0.277416,0.024719,0.037075,0.033907,0.132984,0.102046,0.028084,0.256679
0.096626,0.031111,0.084252,0.147966,0.060205,0.042350,0.063028,0.037413,0.065232,0.371816
0.015197,0.693885,0.015541,0.014259,0.013664,0.011374,0.012826,0.030673,0.084736,0.107846
0.008619,0.008357,0.016529,0.183617,0.012615,0.008257,0.012211,0.487818,0.184161,0.077816
0.023592,0.005368,0.043139,0.006564,0.268573,0.015243,0.016456,0.398680,0.217009,0.005375
0.013411,0.017201,0.453903,0.014837,0.030473,0.027383,0.035308,0.076297,0.152508,0.178679
0.009029,0.009982,0.019944,0.223935,0.012137,0.012236,0.044921,0.251835,0.326992,0.088990
0.015083,0.011889,0.369205,0.057377,0.044018,0.074907,0.191329,0.011676,0.211550,0.012966
0.004885,0.330610,0.015625,0.005621,0.210232,0.025160,0.011950,0.372637,0.015039,0.008241
0.007342,0.028129,0.061260,0.009759,0.019993,0.021879,0.006955,0.524970,0.302654,0.017061
0.025326,0.006390,0.248505,0.006120,0.014296,0.010942,0.018027,0.425082,0.237867,0.007444
0.195300,0.065127,0.160714,0.069271,0.157228,0.066493,0.079151,0.052044,0.106838,0.047834
0.006376,0.035000,0.215828,0.009776,0.310572,0.055486,0.029278,0.171667,0.011396,0.154620
0.006998,0.006670,0.067951,0.006241,0.275678,0.008188,0.037674,0.414781,0.166058,0.009761
0.010641,0.010084,0.013744,0.012151,0.017684,0.013086,0.091263,0.699177,0.013458,0.118713
0.020155,0.039195,0.095326,0.007381,0.292663,0.007887,0.011164,0.199119,0.249855,0.077253
0.029155,0.005179,0.045388,0.008242,0.304889,0.009672,0.162075,0.193740,0.128331,0.113329
0.013738,0.013212,0.026184,0.012470,0.034208,0.019353,0.029387,0.366543,0.463083,0.021822
0.020891,0.143753,0.225484,0.119687,0.048612,0.028800,0.182603,0.130413,0.054559,0.045199
0.041030,0.007082,0.152746,0.046257,0.215005,0.039092,0.004096,0.388217,0.007934,0.098541
0.024273,0.373768,0.006828,0.007624,0.007189,0.009891,0.007078,0.382798,0.098512,0.082039
0.124665,0.016077,0.085253,0.011661,0.060531,0.038949,0.294339,0.113660,0.209169,0.045694
0.008378,0.505882,0.010900,0.009458,0.013625,0.009099,0.048344,0.009471,0.306369,0.078474
0.031361,0.023796,0.060320,0.019718,0.295746,0.011753,0.062415,0.133608,0.265032,0.096251
0.004758,0.005262,0.249599,0.006200,0.018226,0.034154,0.012607,0.444886,0.218310,0.005997
0.030313,0.032247,0.217806,0.036303,0.074806,0.072710,0.088830,0.034148,0.339748,0.073089
0.006297,0.342235,0.077187,0.006540,0.274969,0.007919,0.046439,0.131400,0.100137,0.006876
0.009908,0.009235,0.355918,0.030355,0.031388,0.015077,0.113533,0.200985,0.208443,0.025159
0.045436,0.034470,0.149741,0.028098,0.450879,0.018194,0.095833,0.013006,0.015955,0.148387
0.016943,0.007075,0.098840,0.005130,0.231388,0.017567,0.016656,0.385003,0.200040,0.021357
0.018065,0.015973,0.026331,0.015312,0.040532,0.041217,0.140790,0.327463,0.340616,0.033701
0.008730,0.008730,0.036517,0.011624,0.051092,0.027981,0.024818,0.760103,0.041955,0.028451
0.043646,0.048744,0.128038,0.208662,0.079590,0.061322,0.099325,0.205243,0.049013,0.076416
0.013108,0.033452,0.017343,0.012907,0.017416,0.024298,0.023788,0.815157,0.020749,0.021782
0.030879,0.025408,0.254313,0.031117,0.108079,0.084935,0.103715,0.218934,0.054198,0.088422
0.016308,0.040280,0.041399,0.017819,0.039507,0.021359,0.132293,0.251010,0.269401,0.170624
0.008966,0.059416,0.089143,0.007389,0.367245,0.021500,0.030888,0.014042,0.255583,0.145827
0.090404,0.041442,0.039134,0.018549,0.025231,0.018908,0.029028,0.515045,0.030265,0.191994
0.006976,0.007020,0.030683,0.009304,0.389405,0.041404,0.118099,0.214101,0.029204,0.153804
0.008461,0.008405,0.285199,0.277630,0.024620,0.014809,0.253165,0.068445,0.033586,0.025682
0.016940,0.022402,0.343766,0.037814,0.035009,0.021164,0.110633,0.021510,0.175283,0.215479
0.046898,0.017202,0.056581,0.013314,0.024514,0.017625,0.025983,0.282950,0.365964,0.148969
0.075549,0.012082,0.256145,0.015771,0.029095,0.028244,0.092686,0.249531,0.028182,0.212715
0.117754,0.013424,0.299261,0.018142,0.051880,0.026808,0.305413,0.111144,0.019448,0.036725
0.008069,0.008477,0.469936,0.011325,0.066307,0.027504,0.006835,0.214015,0.012791,0.174741
0.007532,0.008667,0.029848,0.016093,0.047785,0.028727,0.023720,0.312914,0.360637,0.164076
0.024807,0.037349,0.211188,0.014779,0.027631,0.022916,0.087298,0.065704,0.353391,0.154937
0.010325,0.431865,0.006984,0.008041,0.242618,0.007815,0.007596,0.022030,0.174590,0.088136
0.042656,0.106913,0.114515,0.035781,0.062154,0.037128,0.277570,0.240269,0.047595,0.035420
0.007166,0.493032,0.044072,0.007198,0.018366,0.046124,0.091149,0.273734,0.012043,0.007115
0.009676,0.009176,0.121681,0.012224,0.474774,0.021743,0.073879,0.009570,0.258605,0.008673
0.006343,0.457725,0.007635,0.007390,0.287051,0.011594,0.009031,0.029027,0.117222,0.066982
0.011152,0.433915,0.007734,0.009535,0.339628,0.006875,0.014013,0.160322,0.009060,0.007767
0.018081,0.009150,0.080693,0.008285,0.392787,0.019742,0.086952,0.145662,0.232104,0.006543
0.014105,0.041368,0.088909,0.072585,0.029404,0.032243,0.027255,0.290129,0.379149,0.024852
0.057649,0.022818,0.244873,0.036575,0.031889,0.033276,0.152460,0.380253,0.022965,0.017242
0.279503,0.014583,0.041235,0.013135,0.053921,0.035391,0.028607,0.010521,0.482529,0.040574
0.005591,0.035418,0.064685,0.034681,0.356132,0.052818,0.157676,0.006568,0.259466,0.026965
0.025580,0.036386,0.079278,0.029838,0.026391,0.018555,0.024425,0.719535,0.015397,0.024614
0.014210,0.065141,0.022267,0.022738,0.027535,0.014898,0.021407,0.247240,0.432175,0.132388
0.004302,0.301646,0.127587,0.005087,0.241557,0.005480,0.039130,0.028022,0.160866,0.086323
0.006469,0.005388,0.015554,0.007424,0.308724,0.007039,0.010230,0.388795,0.161421,0.088955
0.003642,0.003434,0.177878,0.012232,0.189305,0.025287,0.042570,0.300578,0.150983,0.094090
0.012145,0.386239,0.086778,0.005225,0.223528,0.014506,0.011267,0.005320,0.140082,0.114910
0.072021,0.009941,0.028655,0.064111,0.385650,0.044178,0.090347,0.269515,0.011022,0.024561
0.008782,0.008299,0.105181,0.009268,0.308896,0.012828,0.075916,0.139748,0.230659,0.100423
0.011963,0.475116,0.100730,0.007470,0.353875,0.008954,0.015196,0.008415,0.009742,0.008539
0.006432,0.340110,0.006492,0.006744,0.006432,0.006099,0.030552,0.337219,0.209204,0.050716
0.178042,0.034181,0.189730,0.011014,0.023452,0.015519,0.028285,0.015493,0.368676,0.135608
0.006983,0.069237,0.338804,0.010598,0.039881,0.053272,0.066314,0.066265,0.326582,0.022065
0.073647,0.007061,0.364034,0.009738,0.037351,0.056731,0.005942,0.007304,0.295939,0.142254
0.002699,0.206140,0.136940,0.003348,0.165378,0.007366,0.004754,0.253047,0.144373,0.075955
0.046338,0.388905,0.136540,0.006281,0.024053,0.013859,0.018633,0.009829,0.238365,0.117197
0.007162,0.007291,0.297238,0.007348,0.020752,0.012711,0.072410,0.557672,0.010159,0.007259
0.019641,0.005932,0.008473,0.008294,0.259766,0.007684,0.011151,0.420187,0.183395,0.075477
0.028269,0.083124,0.310217,0.010359,0.442617,0.029203,0.028046,0.008238,0.023724,0.036200
0.012387,0.831339,0.014991,0.040854,0.018217,0.015893,0.016195,0.016053,0.018717,0.015355
0.013286,0.012873,0.026964,0.028458,0.514295,0.017074,0.012176,0.341093,0.018506,0.015275
0.011807,0.014765,0.037992,0.010677,0.563096,0.027727,0.016814,0.081034,0.213693,0.022394
0.009754,0.030025,0.064454,0.009037,0.020640,0.015306,0.094256,0.290200,0.343513,0.122814
0.006991,0.041162,0.152274,0.075729,0.372819,0.063860,0.006751,0.208670,0.040575,0.031169
0.012700,0.015454,0.097853,0.013672,0.032738,0.011822,0.142078,0.253903,0.387818,0.031961
0.035130,0.436150,0.127685,0.007737,0.318091,0.008067,0.013472,0.038452,0.008978,0.006237
0.047444,0.013512,0.015636,0.244895,0.013035,0.013435,0.048339,0.263072,0.238813,0.101820
0.014260,0.043158,0.014644,0.200080,0.342210,0.013738,0.064880,0.222583,0.072322,0.012125
0.062163,0.059190,0.032838,0.233825,0.354411,0.036849,0.097879,0.077467,0.026195,0.019183
0.011011,0.835121,0.035392,0.010817,0.019063,0.015751,0.028314,0.011768,0.020065,0.012697
0.018738,0.006526,0.033035,0.006568,0.025009,0.022309,0.207605,0.249505,0.280898,0.149806
0.180779,0.012704,0.030400,0.013103,0.022689,0.023293,0.025326,0.068954,0.484198,0.138556
0.012372,0.015283,0.034071,0.013556,0.640402,0.016479,0.010208,0.214595,0.031888,0.011145
0.082032,0.008038,0.071979,0.033422,0.058153,0.051059,0.104469,0.075262,0.343025,0.172561
0.023068,0.025531,0.052017,0.053258,0.047971,0.032549,0.047483,0.428969,0.245363,0.043791
0.018005,0.004638,0.169106,0.006306,0.245582,0.011610,0.009642,0.329828,0.144339,0.060944
0.009308,0.013190,0.018589,0.009506,0.464442,0.011611,0.019229,0.260124,0.087746,0.106255
0.009379,0.009555,0.176808,0.009790,0.432192,0.031495,0.128571,0.119830,0.046398,0.035983
0.005206,0.359628,0.054170,0.006629,0.207599,0.005688,0.040927,0.102643,0.211143,0.006366
0.029822,0.382148,0.038610,0.006936,0.224595,0.034841,0.004381,0.125967,0.140702,0.011999
0.011048,0.011054,0.074091,0.009657,0.090248,0.069549,0.043236,0.025718,0.452505,0.212894
0.018948,0.009035,0.026022,0.236461,0.016005,0.014165,0.056328,0.595535,0.011965,0.015536
0.024437,0.033132,0.032431,0.049651,0.062527,0.046597,0.044946,0.387956,0.034117,0.284206
0.007102,0.385588,0.067511,0.007307,0.224975,0.006752,0.008266,0.023286,0.199738,0.069476
0.013671,0.442279,0.122752,0.006715,0.307078,0.009787,0.005942,0.007185,0.073674,0.010919
0.004689,0.299611,0.216507,0.185325,0.247629,0.011742,0.010784,0.006780,0.007726,0.009207
0.068477,0.009554,0.355042,0.013791,0.027535,0.014273,0.110101,0.081169,0.309020,0.011038
0.007324,0.523116,0.025616,0.007936,0.349076,0.045035,0.006635,0.013416,0.013733,0.008113
0.161351,0.436414,0.029849,0.005487,0.021228,0.033162,0.005056,0.006176,0.295044,0.006233
0.011753,0.016793,0.058549,0.013972,0.023676,0.030246,0.025232,0.363601,0.444237,0.011942
0.041601,0.043452,0.102962,0.036065,0.322777,0.007307,0.014422,0.156783,0.261539,0.013090
0.069502,0.033518,0.035138,0.012981,0.023793,0.017698,0.017009,0.742460,0.026560,0.021342
0.026884,0.428538,0.036180,0.006378,0.007127,0.007581,0.012695,0.177877,0.237902,0.058837
0.008777,0.444434,0.025812,0.009919,0.021856,0.033816,0.020903,0.068690,0.181211,0.184583
0.189830,0.014886,0.079117,0.012569,0.025341,0.018355,0.024484,0.063866,0.428077,0.143476
0.010628,0.011292,0.150283,0.007172,0.371477,0.062135,0.135906,0.203536,0.018909,0.028663
0.014543,0.015278,0.555019,0.015609,0.049116,0.035433,0.144628,0.107684,0.047711,0.014980
0.017527,0.021519,0.036432,0.029330,0.028366,0.022691,0.027300,0.415586,0.249544,0.151705
0.027318,0.013133,0.038055,0.015605,0.022874,0.017487,0.056253,0.405814,0.380400,0.023060
0.102126,0.003970,0.118058,0.006018,0.215658,0.023718,0.049171,0.327294,0.067848,0.086140
0.054944,0.704495,0.024320,0.013007,0.016832,0.015667,0.081535,0.062656,0.013316,0.013228
0.007211,0.045802,0.091430,0.016830,0.395728,0.007817,0.059693,0.225708,0.137094,0.012687
0.018149,0.108502,0.026198,0.016188,0.036095,0.023438,0.035033,0.388904,0.331338,0.016155
0.012340,0.027328,0.026727,0.013115,0.018900,0.013576,0.022004,0.328887,0.413942,0.123181
0.051934,0.010391,0.419060,0.069201,0.028516,0.019369,0.009525,0.219334,0.014405,0.158266
0.034657,0.410866,0.163828,0.005170,0.283830,0.007417,0.004592,0.005559,0.007282,0.076799
0.013005,0.010415,0.090069,0.012642,0.620963,0.010814,0.100008,0.098572,0.014780,0.028733
0.010969,0.011336,0.040509,0.013283,0.015692,0.014378,0.020824,0.656256,0.098767,0.117986
0.011071,0.008094,0.266284,0.007276,0.447228,0.055091,0.137470,0.008502,0.023467,0.035517
0.007924,0.006984,0.264477,0.009422,0.019859,0.020441,0.072123,0.559436,0.021410,0.017924
0.005879,0.444031,0.017274,0.245597,0.024426,0.015955,0.071246,0.006451,0.021023,0.148120
0.009464,0.009373,0.176734,0.086792,0.056131,0.073553,0.123557,0.009380,0.419328,0.035688
0.043200,0.056402,0.103760,0.226213,0.132302,0.056293,0.149193,0.060450,0.089522,0.082664
0.004493,0.004131,0.236093,0.038449,0.246437,0.013740,0.075474,0.354863,0.010056,0.016264
0.187988,0.033529,0.027028,0.028770,0.331038,0.043946,0.027070,0.017792,0.296251,0.006590
0.005779,0.006130,0.272263,0.005128,0.258594,0.018272,0.100618,0.177995,0.026578,0.128644
0.010064,0.010534,0.013683,0.012384,0.439743,0.018936,0.018261,0.219829,0.099440,0.157127
0.011847,0.033521,0.064174,0.006059,0.312439,0.008911,0.049431,0.390855,0.055568,0.067196
0.126345,0.051010,0.013784,0.006101,0.021100,0.031017,0.017739,0.446608,0.150765,0.135533
0.006825,0.428013,0.044713,0.008427,0.008281,0.007437,0.049464,0.428609,0.009214,0.009015
0.011280,0.012367,0.272750,0.008909,0.048211,0.030327,0.007194,0.030472,0.353333,0.225157
0.006116,0.440759,0.041414,0.010333,0.030902,0.017553,0.014263,0.054419,0.192978,0.191262
0.158703,0.068388,0.166606,0.009811,0.027631,0.012256,0.102961,0.008250,0.321700,0.123693
0.060910,0.010281,0.023550,0.023779,0.391688,0.020594,0.020206,0.051502,0.379572,0.017917
0.005877,0.368845,0.035206,0.008334,0.285322,0.015137,0.010551,0.011158,0.097175,0.162395
0.114163,0.019459,0.061179,0.021357,0.037551,0.029891,0.027369,0.132336,0.538764,0.017932
0.009231,0.008846,0.063572,0.051573,0.020708,0.008729,0.095402,0.625394,0.097530,0.019015
0.006782,0.422585,0.029622,0.006598,0.010497,0.007578,0.006208,0.400410,0.049141,0.060579
0.012467,0.012060,0.026348,0.013158,0.573176,0.017103,0.022071,0.012310,0.190210,0.121097
0.004252,0.004792,0.160708,0.047155,0.270498,0.017466,0.169012,0.005041,0.193940,0.127135
0.096429,0.006476,0.014136,0.014602,0.314815,0.010036,0.012776,0.405708,0.113232,0.011791
0.012229,0.015165,0.246346,0.366041,0.032444,0.011449,0.029657,0.256428,0.019516,0.010724
0.041258,0.011949,0.049455,0.316904,0.033350,0.017739,0.027644,0.340269,0.016643,0.144790
0.068607,0.010898,0.016730,0.012162,0.026294,0.014527,0.101750,0.704921,0.023576,0.020534
0.006486,0.432062,0.007755,0.020193,0.329755,0.007532,0.041501,0.007985,0.053693,0.093037
0.077051,0.042017,0.053790,0.039310,0.063813,0.049647,0.073131,0.051935,0.081995,0.467310
0.014291,0.019064,0.090366,0.021479,0.749521,0.014536,0.031861,0.023021,0.019246,0.016616
0.014431,0.504995,0.363709,0.008953,0.024792,0.019477,0.018473,0.007894,0.023043,0.014232
0.007457,0.078727,0.041434,0.006718,0.357016,0.026329,0.131342,0.007646,0.336295,0.007038
0.057582,0.029461,0.061011,0.217135,0.386426,0.012867,0.024472,0.161324,0.028276,0.021445
0.007771,0.502641,0.052341,0.027384,0.010893,0.007967,0.051951,0.027091,0.302327,0.009634
0.014250,0.070646,0.016493,0.025624,0.017098,0.016230,0.023199,0.353521,0.450167,0.012771
0.008337,0.477362,0.036839,0.009092,0.012734,0.008816,0.008917,0.220969,0.208608,0.008325
0.011061,0.010513,0.014407,0.010366,0.506539,0.013343,0.009293,0.213006,0.099778,0.111693
0.057809,0.063395,0.144462,0.050705,0.361163,0.010704,0.097511,0.069784,0.025164,0.119302
0.008905,0.007315,0.060639,0.007640,0.346784,0.025389,0.023013,0.186440,0.304592,0.029282
0.005425,0.006019,0.085688,0.151543,0.272900,0.011042,0.053915,0.397221,0.007422,0.008824
0.105957,0.006354,0.123517,0.008553,0.268566,0.016206,0.009997,0.439953,0.008146,0.012751
0.012377,0.016875,0.047951,0.015081,0.075147,0.041285,0.212589,0.012186,0.517967,0.048541
0.006253,0.443172,0.163809,0.007871,0.331639,0.006405,0.009682,0.008464,0.013538,0.009167
0.008750,0.011933,0.024676,0.008982,0.367914,0.023018,0.023953,0.164793,0.357067,0.008913
0.008675,0.011509,0.024170,0.010292,0.017206,0.011537,0.013294,0.569578,0.232666,0.101072
0.007213,0.401993,0.032963,0.008741,0.007518,0.008021,0.040834,0.422444,0.008894,0.061380
0.177222,0.013542,0.073387,0.009747,0.023792,0.026540,0.029081,0.243741,0.383171,0.019777
0.006583,0.069190,0.065121,0.061530,0.046719,0.043781,0.224092,0.177546,0.281986,0.023452
0.042397,0.050401,0.082527,0.041134,0.058308,0.047304,0.070571,0.040152,0.051802,0.515403
0.125710,0.007421,0.010183,0.009504,0.294698,0.014082,0.013676,0.173809,0.227206,0.123710
0.008172,0.042072,0.233565,0.007111,0.054198,0.052501,0.035199,0.025521,0.328680,0.212983
0.006632,0.007264,0.015452,0.009625,0.389470,0.010741,0.049208,0.482087,0.016334,0.013187
0.059755,0.010133,0.173792,0.066570,0.305654,0.045625,0.021908,0.022987,0.134459,0.159118
0.054076,0.010680,0.385232,0.010088,0.046495,0.057332,0.096148,0.007709,0.325008,0.007232
0.044814,0.008829,0.172728,0.011035,0.031082,0.040269,0.019652,0.495735,0.030048,0.145809
0.009926,0.012933,0.074581,0.009982,0.450531,0.017121,0.099679,0.010781,0.188829,0.125636
0.012641,0.065105,0.089895,0.015540,0.071241,0.082089,0.010508,0.034341,0.570162,0.048477
0.014299,0.011585,0.235737,0.031591,0.540265,0.019472,0.032417,0.073083,0.030058,0.011493
0.024618,0.040642,0.075318,0.293615,0.065537,0.062015,0.023423,0.192854,0.213225,0.008754
0.011606,0.451983,0.013823,0.006802,0.009227,0.007080,0.009927,0.471487,0.010983,0.007082
0.005224,0.031859,0.059196,0.226643,0.051314,0.039309,0.156750,0.178011,0.246077,0.005618
0.208120,0.035176,0.029080,0.016348,0.567104,0.015837,0.024533,0.065605,0.027178,0.011018
0.004462,0.006266,0.259966,0.015287,0.027658,0.027464,0.016237,0.340857,0.188317,0.113487
0.077263,0.036488,0.058074,0.007471,0.323855,0.024153,0.094592,0.212321,0.011489,0.154294
0.120054,0.466807,0.103109,0.009959,0.014295,0.007556,0.041193,0.219803,0.008681,0.008544
0.011159,0.010954,0.443618,0.014527,0.031947,0.021289,0.142968,0.291068,0.018964,0.013505
0.033218,0.084165,0.070098,0.065849,0.072795,0.041345,0.031846,0.041506,0.508916,0.050260
0.020412,0.048607,0.024900,0.018907,0.030630,0.026802,0.040366,0.550495,0.026672,0.212209
0.005364,0.057895,0.108552,0.026335,0.328904,0.036835,0.022681,0.015466,0.270042,0.127927
0.017112,0.020377,0.046243,0.016979,0.043146,0.030243,0.120846,0.264225,0.426518,0.014311
0.007524,0.007665,0.103569,0.017377,0.423653,0.010292,0.051528,0.136438,0.148207,0.093748
0.018979,0.024785,0.048491,0.025051,0.031227,0.022641,0.149404,0.428525,0.031644,0.219253
0.193373,0.011007,0.025403,0.010928,0.513134,0.022106,0.036590,0.014519,0.025889,0.147051
0.005393,0.334836,0.080893,0.006574,0.006585,0.005062,0.026957,0.363886,0.163373,0.006441
0.047955,0.374800,0.017575,0.005893,0.279388,0.035820,0.009391,0.010130,0.091875,0.127174
0.011346,0.421146,0.289128,0.007441,0.020670,0.039502,0.013492,0.010544,0.176280,0.010452
0.015711,0.061936,0.063249,0.025830,0.067764,0.111242,0.202274,0.034610,0.064461,0.352923
0.042767,0.011089,0.092042,0.010418,0.468538,0.008137,0.026352,0.054074,0.278714,0.007869
0.095350,0.046162,0.464387,0.016211,0.036457,0.018795,0.029393,0.083448,0.017688,0.192109
0.018093,0.016114,0.019811,0.030591,0.019695,0.034925,0.028102,0.432653,0.383760,0.016257
0.010339,0.321815,0.034680,0.004476,0.023345,0.027115,0.010324,0.191695,0.238560,0.137651
0.005808,0.405060,0.009635,0.006488,0.280493,0.010100,0.039067,0.022600,0.214168,0.006580
0.007000,0.381391,0.017822,0.005591,0.234528,0.006732,0.059405,0.039262,0.242488,0.005782
0.042717,0.316493,0.030594,0.006963,0.264711,0.012890,0.061886,0.037706,0.221032,0.005010
0.456060,0.028373,0.043312,0.031796,0.055405,0.045709,0.233823,0.038665,0.040113,0.026744
0.029056,0.030444,0.331423,0.033593,0.054273,0.040402,0.264297,0.144914,0.037387,0.034211
0.006067,0.367893,0.006511,0.006694,0.007306,0.007475,0.011716,0.352498,0.227073,0.006766
0.072774,0.081452,0.093055,0.084860,0.132032,0.127189,0.054895,0.083144,0.146504,0.124097
0.004297,0.220662,0.168212,0.119286,0.173644,0.017105,0.006809,0.281852,0.004902,0.003231
0.149765,0.012830,0.099227,0.012231,0.411547,0.013227,0.016824,0.012228,0.257384,0.014737
0.034139,0.034684,0.092361,0.041855,0.074174,0.036625,0.050117,0.187882,0.374854,0.073310
0.004233,0.302633,0.220029,0.006780,0.232555,0.029863,0.009945,0.181250,0.007841,0.004871
0.008046,0.013045,0.092916,0.020544,0.424572,0.032196,0.122532,0.226500,0.049086,0.010564
0.005905,0.409253,0.036358,0.018011,0.237086,0.006864,0.011429,0.168597,0.047554,0.058944
0.025673,0.073927,0.185702,0.062442,0.050351,0.037885,0.019497,0.495015,0.028817,0.020691
0.024179,0.033685,0.182274,0.013392,0.442298,0.023536,0.023117,0.058325,0.015313,0.183882
0.015959,0.015443,0.306746,0.013875,0.099686,0.054272,0.047818,0.405296,0.025824,0.015082
0.025572,0.026824,0.252442,0.099433,0.095471,0.056465,0.338055,0.028373,0.052883,0.024482
0.103020,0.014140,0.053412,0.010103,0.529271,0.033405,0.129160,0.091302,0.025186,0.011000
0.020568,0.016157,0.128779,0.600483,0.108031,0.055531,0.013196,0.015769,0.026498,0.014987
0.013924,0.463693,0.040995,0.013916,0.267958,0.015611,0.018770,0.141658,0.016284,0.007191
0.040886,0.053799,0.022127,0.024244,0.298095,0.034304,0.004549,0.164112,0.232182,0.125701
0.008456,0.675452,0.051288,0.011355,0.021385,0.010502,0.014903,0.065007,0.013527,0.128126
0.005778,0.007359,0.152532,0.004411,0.259793,0.031878,0.131592,0.184446,0.202975,0.019235
0.038795,0.147663,0.083139,0.020166,0.048542,0.092020,0.036745,0.139792,0.065496,0.327642
0.011202,0.510009,0.050335,0.008380,0.013573,0.010035,0.048494,0.010054,0.228349,0.109569
0.106637,0.007825,0.047054,0.006808,0.326319,0.016406,0.005089,0.407817,0.070588,0.005457
0.070463,0.022265,0.607257,0.095006,0.039264,0.034812,0.035221,0.017148,0.045594,0.032971
0.129240,0.310291,0.037194,0.005445,0.241772,0.012855,0.026775,0.007430,0.125642,0.103356
0.004109,0.303263,0.009860,0.004132,0.013699,0.023467,0.009687,0.392428,0.234784,0.004572
0.016573,0.066077,0.122235,0.017470,0.049134,0.101739,0.037777,0.012717,0.526062,0.050217
0.006694,0.065668,0.329051,0.012310,0.301363,0.051763,0.005486,0.082929,0.120739,0.023997
0.247798,0.009170,0.293903,0.009520,0.058612,0.032928,0.126317,0.009567,0.015103,0.197082
0.052530,0.018747,0.093976,0.016387,0.029787,0.014621,0.097256,0.015385,0.425237,0.236073
0.112341,0.004363,0.203291,0.004054,0.021177,0.013956,0.016837,0.397614,0.212337,0.014030
0.013767,0.388553,0.156766,0.006922,0.008272,0.007204,0.008259,0.395659,0.007376,0.007221
0.006594,0.025794,0.070526,0.010608,0.316472,0.007102,0.162831,0.012627,0.281727,0.105719
0.006092,0.405931,0.020168,0.009208,0.021459,0.031071,0.020285,0.044457,0.310228,0.131102
0.019567,0.023442,0.031404,0.019396,0.022482,0.017999,0.080261,0.018850,0.594220,0.172378
0.043549,0.010447,0.090983,0.008616,0.398824,0.011383,0.014202,0.125284,0.207402,0.089309
0.008042,0.448353,0.204924,0.008687,0.018204,0.008839,0.010871,0.007460,0.276657,0.007963
0.014984,0.020097,0.025416,0.060309,0.557796,0.020421,0.074341,0.076379,0.129022,0.021234
0.041975,0.010066,0.152472,0.006830,0.421472,0.013582,0.018419,0.055871,0.272318,0.006994
0.003850,0.237883,0.102014,0.017556,0.147146,0.005918,0.005607,0.262287,0.147734,0.070003
0.041163,0.478006,0.109691,0.006070,0.326513,0.006054,0.005311,0.007957,0.008565,0.010670
0.008082,0.500338,0.024623,0.006717,0.354751,0.014842,0.026195,0.047416,0.009346,0.007689
0.027775,0.031006,0.053347,0.031706,0.046411,0.030477,0.141746,0.378072,0.231346,0.028115
0.011249,0.707912,0.013595,0.015542,0.020700,0.012760,0.072971,0.014471,0.014332,0.116468
0.022331,0.023104,0.200868,0.067219,0.084670,0.053638,0.176551,0.023853,0.035294,0.312473
0.048112,0.410905,0.142988,0.008286,0.014213,0.030340,0.072170,0.008333,0.150054,0.114599
0.004585,0.312241,0.015138,0.004130,0.246338,0.011894,0.021113,0.358347,0.016187,0.010027
0.071146,0.008223,0.181511,0.008477,0.400250,0.013765,0.086544,0.008994,0.211128,0.009963
0.005421,0.038854,0.109333,0.006952,0.338938,0.014723,0.049679,0.416270,0.008355,0.011477
0.013662,0.014627,0.056614,0.366485,0.024226,0.028833,0.013065,0.088048,0.370707,0.023735
0.007419,0.010829,0.152091,0.007915,0.441845,0.011522,0.065238,0.047282,0.248258,0.007600
0.105411,0.406929,0.018059,0.010121,0.212504,0.009375,0.011932,0.007098,0.112427,0.106144
0.014420,0.012874,0.508727,0.012656,0.044364,0.013385,0.045750,0.026417,0.308741,0.012665
0.010730,0.063772,0.014563,0.012398,0.537472,0.014758,0.105768,0.012913,0.105327,0.122299
0.121380,0.541343,0.009965,0.009673,0.015506,0.008967,0.010797,0.189704,0.012243,0.080422
0.021456,0.051067,0.201965,0.021412,0.049960,0.018997,0.025372,0.394287,0.182217,0.033267
0.015016,0.014184,0.515285,0.017025,0.042315,0.033327,0.033382,0.094586,0.022912,0.211969
0.011093,0.791606,0.074765,0.012100,0.035457,0.014480,0.022883,0.011042,0.016331,0.010243
0.054700,0.038518,0.422558,0.010345,0.038468,0.024987,0.006261,0.074011,0.322899,0.007252
0.005069,0.006461,0.175526,0.149918,0.228085,0.006866,0.010651,0.344151,0.006389,0.066884
0.008358,0.006868,0.118178,0.016887,0.330397,0.014873,0.091846,0.038522,0.278850,0.095221
0.124803,0.318675,0.203885,0.004407,0.219964,0.011802,0.008507,0.004465,0.006835,0.096657
0.012008,0.013865,0.040390,0.010070,0.566825,0.014831,0.095890,0.204736,0.029595,0.011791
0.074227,0.010601,0.067083,0.007447,0.041685,0.046558,0.093344,0.214332,0.299927,0.144795
0.011288,0.008905,0.217876,0.037683,0.043933,0.067574,0.026505,0.110818,0.245002,0.230417
0.057779,0.005511,0.105943,0.025431,0.257654,0.035663,0.090340,0.140322,0.156167,0.125189
0.045071,0.023774,0.187078,0.023061,0.034038,0.033866,0.041956,0.029380,0.559153,0.022623
0.116320,0.524869,0.009396,0.008029,0.015104,0.008365,0.007515,0.183334,0.011119,0.115949
0.020939,0.008869,0.013520,0.216288,0.010671,0.011469,0.062668,0.239282,0.332752,0.083543
0.223207,0.084711,0.181839,0.069827,0.025991,0.019727,0.021304,0.317661,0.031191,0.024542
0.029061,0.017329,0.029670,0.020400,0.030653,0.033705,0.026928,0.020624,0.585029,0.206603
0.008762,0.087721,0.094809,0.073488,0.471763,0.019669,0.133213,0.080996,0.020972,0.008607
0.022031,0.380441,0.089514,0.007400,0.287960,0.007675,0.010958,0.049432,0.133119,0.011468
0.039622,0.331446,0.018286,0.007277,0.018872,0.025826,0.053178,0.431734,0.065963,0.007795
0.005680,0.008436,0.125845,0.018786,0.348319,0.009192,0.177432,0.219190,0.080040,0.007079
0.017838,0.026894,0.268772,0.007437,0.421682,0.007352,0.065190,0.048554,0.022148,0.114134
0.005283,0.008109,0.059654,0.008263,0.047488,0.019970,0.004884,0.484506,0.245712,0.116131
0.006113,0.374923,0.006439,0.006724,0.009999,0.007261,0.013002,0.361281,0.161133,0.053125
0.006478,0.028816,0.373147,0.006609,0.028276,0.039559,0.080100,0.014882,0.283155,0.138977
0.170746,0.032275,0.153783,0.058579,0.330544,0.049170,0.005155,0.056685,0.010431,0.132631
0.012856,0.068079,0.163757,0.012954,0.018041,0.014709,0.026234,0.252614,0.419960,0.010796
0.021980,0.319445,0.115514,0.033641,0.017726,0.030119,0.062763,0.034866,0.220960,0.142986
0.011118,0.011772,0.041612,0.010086,0.459660,0.064760,0.111851,0.077570,0.019654,0.191917
0.007353,0.041430,0.076949,0.009365,0.047937,0.062156,0.006280,0.586553,0.012378,0.149599
0.090893,0.058262,0.092174,0.009990,0.071324,0.090580,0.330084,0.011378,0.018092,0.227223
0.054676,0.030424,0.036830,0.029046,0.038999,0.035348,0.164921,0.036977,0.268880,0.303900
0.006586,0.391032,0.063775,0.176192,0.264767,0.006909,0.052018,0.023301,0.008321,0.007099
0.012721,0.797678,0.083629,0.013176,0.014730,0.014593,0.017226,0.015871,0.016878,0.013498
0.027119,0.377848,0.229151,0.012536,0.252058,0.014338,0.012628,0.044497,0.019239,0.010587
0.005088,0.418108,0.031115,0.005356,0.244908,0.011941,0.011294,0.006948,0.190393,0.074848
0.009494,0.601750,0.009846,0.011003,0.012260,0.014295,0.034713,0.200862,0.012731,0.093046
0.019250,0.069233,0.090786,0.018007,0.048598,0.092145,0.137477,0.407753,0.066961,0.049791
0.052781,0.026393,0.035405,0.028574,0.043009,0.033804,0.022921,0.033685,0.679022,0.044406
0.006188,0.008753,0.366925,0.005616,0.033832,0.020932,0.120754,0.163528,0.267424,0.006048
0.004837,0.324771,0.194383,0.182990,0.019815,0.029164,0.010148,0.008370,0.216329,0.009193
0.015948,0.018989,0.018436,0.018071,0.578927,0.026341,0.026271,0.015820,0.135099,0.146097
0.006227,0.430947,0.013069,0.009625,0.303205,0.011529,0.008920,0.140050,0.008588,0.067840
0.009567,0.388030,0.007963,0.006468,0.008678,0.007410,0.008527,0.397275,0.159513,0.006571
0.013720,0.013931,0.107766,0.015846,0.032320,0.025504,0.033546,0.316377,0.407116,0.033872
0.013198,0.011911,0.026470,0.013691,0.509053,0.023138,0.091654,0.013043,0.116972,0.180870
0.006014,0.005858,0.039240,0.005691,0.257645,0.035367,0.074872,0.212817,0.233906,0.128590
0.006439,0.427287,0.033393,0.031457,0.014217,0.012984,0.014002,0.132801,0.237166,0.090255
0.066596,0.019405,0.125582,0.016794,0.036107,0.022544,0.227422,0.015274,0.434713,0.035563
0.018710,0.020832,0.194339,0.021442,0.042717,0.020449,0.030677,0.021366,0.613661,0.015808
0.074822,0.007285,0.036785,0.014169,0.327147,0.056212,0.120332,0.007345,0.201240,0.154662
0.085468,0.011985,0.061308,0.007908,0.047993,0.029886,0.107236,0.256182,0.382044,0.009989
0.010762,0.072841,0.196359,0.011665,0.430787,0.017276,0.207168,0.016716,0.015263,0.021164
0.006414,0.007089,0.305192,0.016719,0.067189,0.049984,0.025114,0.190691,0.299775,0.031833
0.004552,0.344255,0.133327,0.150565,0.010504,0.009379,0.010751,0.168665,0.102275,0.065729
0.152017,0.007490,0.281641,0.009586,0.373235,0.014283,0.123486,0.007853,0.010245,0.020164
0.007619,0.484919,0.017785,0.011398,0.349437,0.009740,0.063546,0.034313,0.011138,0.010104
0.008938,0.028270,0.318142,0.007955,0.031632,0.018731,0.007360,0.161553,0.267296,0.150122
0.029611,0.016068,0.168857,0.020769,0.514380,0.015949,0.027988,0.019145,0.019946,0.167285
0.024649,0.074519,0.243836,0.018019,0.335074,0.060223,0.006037,0.007462,0.199927,0.030255
0.113766,0.429627,0.034009,0.005930,0.011734,0.006865,0.041433,0.129636,0.221051,0.005947
0.006233,0.370293,0.014271,0.005187,0.287078,0.007196,0.011509,0.107846,0.182553,0.007836
0.035035,0.395652,0.147950,0.006524,0.231970,0.005099,0.051825,0.007320,0.007398,0.111227
0.007283,0.391878,0.050630,0.007309,0.313458,0.011282,0.008349,0.194011,0.008280,0.007520
0.007143,0.470126,0.015000,0.190511,0.017117,0.014199,0.006361,0.131339,0.139385,0.008818
0.016756,0.019731,0.070416,0.019639,0.043144,0.019857,0.119345,0.100469,0.415216,0.175429
0.026667,0.033974,0.191317,0.071785,0.070534,0.057378,0.283383,0.207669,0.033539,0.023754
0.009756,0.682185,0.156972,0.009260,0.023175,0.019709,0.014821,0.052148,0.019150,0.012823
0.013895,0.018778,0.151242,0.366924,0.024983,0.017748,0.012489,0.018094,0.362449,0.013397
0.124406,0.007966,0.117258,0.007697,0.409067,0.010250,0.018949,0.171625,0.010083,0.122700
0.016400,0.054310,0.182728,0.016559,0.043389,0.024260,0.070097,0.098209,0.456013,0.038036
0.446345,0.016779,0.084119,0.033613,0.135866,0.106999,0.046303,0.043913,0.025530,0.060534
0.025566,0.011129,0.042400,0.015649,0.371672,0.052301,0.204378,0.021376,0.223225,0.032304
0.007767,0.034212,0.027728,0.013138,0.035431,0.047410,0.026576,0.298793,0.339438,0.169506
0.020222,0.019432,0.030826,0.022609,0.046568,0.026640,0.281022,0.468867,0.044607,0.039207
0.013899,0.011745,0.025458,0.023291,0.018277,0.014827,0.018696,0.259050,0.438296,0.176462
0.012500,0.471602,0.103974,0.007732,0.016656,0.017005,0.084712,0.257726,0.020312,0.007780
0.034912,0.235630,0.090417,0.050895,0.115533,0.038000,0.312145,0.039320,0.047751,0.035397
0.005865,0.006119,0.161360,0.006112,0.035027,0.046480,0.078473,0.520393,0.013289,0.126882
0.067686,0.029593,0.212304,0.027490,0.071066,0.048478,0.025410,0.046797,0.074767,0.396410
0.005661,0.349985,0.145752,0.007425,0.010131,0.006365,0.011942,0.179848,0.218252,0.064640
0.016769,0.008608,0.176293,0.012326,0.303516,0.045065,0.147013,0.005962,0.157961,0.126488
0.010088,0.010788,0.522425,0.010852,0.052808,0.076008,0.009328,0.121436,0.173652,0.012616
0.013365,0.476381,0.012096,0.007175,0.012388,0.007568,0.006730,0.445908,0.009900,0.008490
0.006234,0.029785,0.184540,0.008570,0.326309,0.047852,0.017225,0.231710,0.010089,0.137685
0.176729,0.014249,0.105785,0.015614,0.016078,0.016653,0.022468,0.016567,0.479050,0.136807
0.129169,0.012089,0.102309,0.010172,0.300245,0.013616,0.016963,0.009670,0.306518,0.099249
0.012048,0.013403,0.085660,0.010798,0.015917,0.012984,0.018679,0.647826,0.170215,0.012470
0.014865,0.007648,0.322787,0.047495,0.031361,0.034554,0.021245,0.169369,0.236101,0.114573
0.006920,0.078233,0.419141,0.007615,0.041697,0.024106,0.097516,0.103382,0.034508,0.186882
0.005182,0.030325,0.149283,0.005123,0.258526,0.046640,0.017649,0.171946,0.161336,0.153990
0.009687,0.583712,0.013911,0.010773,0.010231,0.010525,0.063687,0.138392,0.069404,0.089677
0.106359,0.004881,0.045584,0.007950,0.303191,0.009782,0.054977,0.374001,0.009184,0.084089
0.007091,0.284213,0.105791,0.004291,0.207029,0.004382,0.010644,0.306910,0.009426,0.060225
0.019173,0.026275,0.298111,0.018416,0.054199,0.019644,0.154306,0.350208,0.041093,0.018574
0.049387,0.406401,0.026266,0.005710,0.283198,0.030443,0.014229,0.169925,0.008787,0.005654
0.161202,0.008132,0.071968,0.008510,0.023778,0.013868,0.083762,0.597611,0.011450,0.019720
0.004532,0.319153,0.004989,0.005599,0.223465,0.006965,0.009332,0.292029,0.128762,0.005175
0.005268,0.005271,0.027200,0.044939,0.031382,0.038387,0.088827,0.400659,0.240814,0.117254
0.015438,0.108319,0.114519,0.451871,0.037041,0.023524,0.121850,0.091786,0.020646,0.015005
0.006118,0.335060,0.014053,0.006113,0.241689,0.012248,0.009664,0.362630,0.007089,0.005336
0.015775,0.014069,0.266780,0.015492,0.030575,0.021499,0.150705,0.436202,0.033121,0.015782
0.010824,0.009543,0.017975,0.009869,0.016461,0.012248,0.017412,0.623844,0.266626,0.015199
0.011902,0.743016,0.052184,0.011325,0.017680,0.017804,0.013458,0.013556,0.014421,0.104654
0.007112,0.018350,0.083554,0.006567,0.238076,0.006714,0.012549,0.416454,0.114297,0.096328
0.037032,0.525304,0.014569,0.028815,0.011400,0.008807,0.015687,0.039106,0.309440,0.009839
0.004608,0.046255,0.225240,0.004724,0.215001,0.014982,0.076570,0.118159,0.196675,0.097785
0.063051,0.054984,0.179549,0.031442,0.032082,0.028369,0.120266,0.025832,0.210462,0.253962
0.023888,0.033591,0.044961,0.096684,0.029102,0.033024,0.040682,0.629992,0.033629,0.034447
0.007083,0.461981,0.010560,0.007278,0.364606,0.008729,0.016737,0.032610,0.009786,0.080630
0.008060,0.050722,0.018958,0.042470,0.403363,0.008324,0.025849,0.041546,0.305215,0.095494
0.005571,0.443464,0.033596,0.006159,0.314591,0.041599,0.014408,0.006271,0.009438,0.124902
0.012201,0.818942,0.013925,0.011847,0.015841,0.012412,0.049282,0.037019,0.014519,0.014012
0.005548,0.041346,0.077667,0.005600,0.199498,0.031534,0.071481,0.367537,0.187306,0.012484
0.028953,0.034717,0.057345,0.027054,0.037035,0.027103,0.129402,0.564908,0.051201,0.042282
0.046853,0.039968,0.152527,0.069993,0.021718,0.022265,0.051553,0.018423,0.551824,0.024876
0.007949,0.056172,0.269255,0.009387,0.359265,0.007430,0.072511,0.012404,0.092865,0.112762
0.016104,0.024800,0.185886,0.173559,0.112536,0.063795,0.015128,0.052205,0.338819,0.017168
0.047903,0.024484,0.271678,0.009939,0.017789,0.007108,0.016203,0.498649,0.009174,0.097073
0.003813,0.274095,0.068025,0.005426,0.190791,0.007027,0.040871,0.332991,0.009235,0.067725
0.012160,0.009547,0.062960,0.010964,0.421984,0.056002,0.033718,0.343212,0.040435,0.009019
0.006954,0.007518,0.012009,0.009260,0.302352,0.012428,0.116537,0.237005,0.280313,0.015624
0.019229,0.017141,0.031095,0.017956,0.032382,0.035369,0.032021,0.021152,0.618080,0.175575
0.021235,0.025145,0.231923,0.019183,0.033160,0.038812,0.045276,0.321859,0.027784,0.235623
0.043217,0.008147,0.010354,0.009830,0.011105,0.018287,0.010799,0.502985,0.295348,0.089927
0.030141,0.040462,0.078513,0.033930,0.056355,0.043830,0.055393,0.581005,0.051342,0.029029
0.005086,0.409538,0.030404,0.005360,0.247044,0.008804,0.008586,0.195501,0.010536,0.079141
0.017679,0.018849,0.703435,0.021914,0.050110,0.033659,0.046344,0.034217,0.056489,0.017302
0.013408,0.018194,0.288725,0.396177,0.033248,0.023284,0.030653,0.014322,0.150785,0.031205
0.012756,0.012272,0.461506,0.011365,0.043913,0.011996,0.026915,0.012521,0.241419,0.165337
0.008096,0.009515,0.042430,0.006786,0.014718,0.011834,0.081321,0.475113,0.261499,0.088689
0.016334,0.061868,0.036418,0.010297,0.025816,0.018639,0.015103,0.523087,0.271214,0.021224
0.018764,0.067497,0.044585,0.009122,0.032103,0.052026,0.062998,0.262373,0.294666,0.155867
0.068331,0.046186,0.130765,0.072713,0.084459,0.050546,0.065312,0.036697,0.064297,0.380695
0.016769,0.446730,0.033078,0.008791,0.013629,0.006514,0.009677,0.447321,0.011067,0.006423
0.022569,0.327135,0.008765,0.004823,0.251280,0.005063,0.007104,0.326805,0.041526,0.004930
0.026088,0.574170,0.140326,0.007245,0.016823,0.011355,0.015776,0.182488,0.011602,0.014127
0.229699,0.008758,0.317497,0.009090,0.057289,0.058093,0.007319,0.232947,0.045071,0.034237
0.027411,0.023123,0.036473,0.007709,0.015147,0.010733,0.015925,0.526892,0.213143,0.123444
0.019385,0.115503,0.040202,0.022129,0.031822,0.037231,0.153044,0.025703,0.536356,0.018625
0.127254,0.332008,0.022338,0.006760,0.199117,0.024994,0.059145,0.004764,0.218766,0.004853
0.132366,0.004931,0.294218,0.004507,0.236384,0.039552,0.067403,0.005101,0.209792,0.005747
0.005016,0.358119,0.014174,0.209261,0.017214,0.032749,0.060837,0.173333,0.009174,0.120123
0.010498,0.033994,0.027861,0.008589,0.440302,0.013848,0.227107,0.199295,0.030314,0.008191
0.026327,0.023106,0.185244,0.048251,0.033659,0.035316,0.022103,0.025899,0.564048,0.036047
0.044111,0.039884,0.121558,0.044120,0.111287,0.061210,0.034606,0.040879,0.054585,0.447758
0.057164,0.057451,0.022597,0.020015,0.031145,0.035376,0.116221,0.506501,0.023178,0.130353
0.030616,0.019892,0.065587,0.014763,0.040453,0.022356,0.098799,0.094372,0.387176,0.225986
0.013499,0.038028,0.017547,0.008712,0.328651,0.015533,0.012133,0.434026,0.062328,0.069543
0.015526,0.017298,0.467287,0.019272,0.039037,0.030545,0.040733,0.337739,0.017718,0.014844
0.014319,0.017019,0.088539,0.012986,0.030846,0.022364,0.190808,0.100842,0.509714,0.012564
0.010673,0.013906,0.013837,0.012550,0.537463,0.010143,0.067448,0.181837,0.022165,0.129978
0.290600,0.024506,0.125574,0.023768,0.038191,0.024451,0.037780,0.025729,0.191236,0.218165
0.009326,0.008331,0.013342,0.009772,0.017175,0.011251,0.063222,0.540267,0.214288,0.113028
0.007805,0.011098,0.034739,0.011776,0.036537,0.048651,0.104033,0.242252,0.335920,0.167188
0.016764,0.025456,0.241232,0.045146,0.369620,0.011637,0.016231,0.045596,0.222187,0.006131
0.009728,0.027037,0.121746,0.009958,0.493560,0.023339,0.009255,0.275163,0.013043,0.017172
0.022556,0.023093,0.109566,0.020477,0.089465,0.078744,0.057700,0.022700,0.117501,0.458197
0.098696,0.014774,0.255352,0.014239,0.103123,0.086068,0.179903,0.171420,0.060472,0.015953
0.005773,0.364991,0.026068,0.007217,0.007825,0.007007,0.028735,0.380101,0.104726,0.067557
0.015761,0.020488,0.115187,0.022350,0.035694,0.023947,0.035432,0.120891,0.595043,0.015207
0.164383,0.159623,0.304193,0.028765,0.058948,0.125683,0.013295,0.048805,0.039488,0.056818
0.006625,0.007799,0.058037,0.068612,0.397432,0.046311,0.019994,0.221062,0.011814,0.162313
0.003921,0.006125,0.219966,0.004462,0.191796,0.027214,0.092616,0.166636,0.194325,0.092940
0.011847,0.015188,0.407047,0.347259,0.029100,0.028781,0.105480,0.017307,0.014972,0.023019
0.005507,0.063643,0.059885,0.006026,0.037584,0.039993,0.076453,0.515878,0.174549,0.020482
0.067618,0.546797,0.034213,0.019440,0.035877,0.020048,0.013839,0.233985,0.011604,0.016579
0.013743,0.014195,0.567279,0.016564,0.034630,0.024340,0.031067,0.106784,0.158115,0.033283
0.021196,0.054503,0.041412,0.018199,0.031328,0.029315,0.148236,0.025505,0.341836,0.288469
0.017894,0.008788,0.036874,0.010637,0.377872,0.013258,0.054959,0.055610,0.325353,0.098755
0.018749,0.023725,0.092109,0.043297,0.033102,0.023931,0.025220,0.520778,0.186163,0.032926
0.008754,0.008194,0.059072,0.011000,0.040587,0.052098,0.250875,0.008317,0.345237,0.215866
0.007075,0.007448,0.130239,0.286593,0.034488,0.022306,0.095283,0.225213,0.031841,0.159513
0.083178,0.035810,0.053460,0.028960,0.032760,0.029067,0.026272,0.036067,0.416478,0.257949
0.011060,0.013775,0.024853,0.042613,0.012392,0.012188,0.017608,0.619656,0.235913,0.009944
0.047907,0.045778,0.057986,0.053954,0.102754,0.063066,0.078765,0.059903,0.424017,0.065870
0.006624,0.010699,0.367437,0.069987,0.067014,0.025390,0.188986,0.222767,0.011764,0.029331
0.016541,0.552325,0.082978,0.011661,0.017888,0.010019,0.020108,0.009360,0.268648,0.010472
0.021272,0.036410,0.409471,0.006352,0.043866,0.057073,0.171663,0.070302,0.017054,0.166536
0.007646,0.010727,0.102522,0.007841,0.449442,0.023159,0.185203,0.015315,0.175547,0.022599
0.011668,0.010940,0.024316,0.013134,0.370310,0.013878,0.020052,0.011455,0.369368,0.154881
0.176152,0.420302,0.103932,0.049240,0.017363,0.016979,0.005424,0.051847,0.009957,0.148803
0.006514,0.430754,0.011952,0.007170,0.336770,0.008061,0.049040,0.029690,0.112320,0.007728
0.159594,0.006810,0.065273,0.006999,0.337357,0.018851,0.155165,0.058889,0.028702,0.162361
0.012185,0.721634,0.015807,0.012310,0.013887,0.017928,0.013452,0.011979,0.081494,0.099323
0.013281,0.033957,0.033898,0.347922,0.025065,0.019355,0.076490,0.285355,0.019468,0.145209
0.011255,0.017542,0.131991,0.015846,0.079339,0.086061,0.040411,0.334760,0.229658,0.053136
0.004513,0.040740,0.097297,0.004510,0.267931,0.013434,0.060816,0.334910,0.164426,0.011425
0.025841,0.351112,0.024214,0.004667,0.256010,0.013067,0.059751,0.009489,0.141208,0.114642
0.007634,0.612977,0.237060,0.008122,0.011918,0.015497,0.011794,0.010019,0.075731,0.009248
0.148614,0.071643,0.060457,0.027710,0.043558,0.062899,0.198789,0.034571,0.039352,0.312408
0.035863,0.497670,0.008267,0.006451,0.253942,0.007565,0.009798,0.162559,0.009116,0.008771
0.023832,0.072030,0.074610,0.026866,0.024710,0.014723,0.109884,0.240878,0.389861,0.022607
0.040764,0.020822,0.195001,0.006101,0.293515,0.008668,0.142219,0.005467,0.204435,0.083008
0.020776,0.010898,0.379914,0.032737,0.409943,0.057673,0.028363,0.018463,0.033878,0.007354
0.020410,0.005936,0.115847,0.012791,0.019808,0.007830,0.064710,0.435527,0.234011,0.083130
0.005743,0.065416,0.027574,0.233738,0.028358,0.019992,0.117402,0.064083,0.286180,0.151513
0.010981,0.013728,0.125227,0.013433,0.015321,0.016348,0.090665,0.683637,0.013733,0.016927
0.008721,0.011061,0.177101,0.009200,0.074819,0.060342,0.032294,0.284538,0.312218,0.029706
0.037266,0.020641,0.127556,0.036413,0.025638,0.025195,0.019705,0.507721,0.175343,0.024522
0.033633,0.006393,0.217356,0.008195,0.231944,0.014409,0.058199,0.164954,0.176901,0.088016
0.006228,0.008519,0.251595,0.044943,0.029885,0.016611,0.161285,0.463316,0.011540,0.006079
0.010525,0.439778,0.009071,0.176400,0.009298,0.009617,0.014492,0.112297,0.118131,0.100392
0.195524,0.015265,0.104382,0.348632,0.017035,0.014864,0.023374,0.072447,0.018175,0.190303
0.038153,0.049034,0.100414,0.034220,0.062995,0.082108,0.332902,0.173925,0.065480,0.060769
0.030661,0.050849,0.052567,0.021273,0.425478,0.061528,0.030225,0.273699,0.014959,0.038761
0.006415,0.040579,0.040322,0.006885,0.280327,0.015660,0.013177,0.399233,0.119011,0.078390
0.003595,0.262514,0.195003,0.026271,0.012434,0.021106,0.003240,0.287582,0.180868,0.007387
0.009840,0.010964,0.320476,0.256088,0.022137,0.013517,0.026733,0.008837,0.323531,0.007876
0.012014,0.014468,0.182013,0.012859,0.025256,0.016463,0.066343,0.212362,0.433631,0.024590
0.021276,0.018093,0.018618,0.008219,0.356092,0.014747,0.014948,0.453420,0.012272,0.082316
0.018877,0.026939,0.072133,0.034633,0.092905,0.060362,0.071654,0.179924,0.029280,0.413292
0.158886,0.008057,0.284429,0.005947,0.311583,0.045432,0.100963,0.053216,0.009216,0.022271
0.009405,0.012748,0.021333,0.012479,0.400030,0.021602,0.080613,0.268932,0.163747,0.009110
0.015843,0.020862,0.020593,0.009390,0.015230,0.018456,0.064344,0.514787,0.308538,0.011958
0.116101,0.010941,0.406590,0.025018,0.057621,0.037511,0.293572,0.010908,0.029188,0.012550
0.065544,0.008302,0.078969,0.017870,0.047859,0.027927,0.253515,0.313251,0.155232,0.031531
0.010144,0.382999,0.020778,0.005957,0.225071,0.006107,0.010830,0.128733,0.204540,0.004839
0.078719,0.011368,0.083353,0.009971,0.073484,0.039097,0.144240,0.307297,0.207432,0.045040
0.005893,0.430284,0.008138,0.006059,0.206531,0.010605,0.028489,0.193083,0.104675,0.006241
0.097078,0.220336,0.048680,0.139469,0.164519,0.017090,0.037136,0.022950,0.177180,0.075561
0.010695,0.564084,0.231924,0.049701,0.026079,0.018697,0.017392,0.051033,0.021879,0.008517
0.010044,0.687457,0.052243,0.012322,0.022963,0.016316,0.021047,0.012470,0.021311,0.143827
0.007115,0.007422,0.042896,0.011829,0.023192,0.045114,0.018515,0.626569,0.210322,0.007025
0.330647,0.022276,0.029769,0.024398,0.035545,0.032744,0.106726,0.135493,0.027892,0.254511
0.309131,0.116748,0.038211,0.022809,0.037908,0.045110,0.067499,0.021056,0.033792,0.307737
0.088493,0.012142,0.414944,0.017017,0.066084,0.027853,0.112273,0.216754,0.013070,0.031369
0.009663,0.743343,0.054515,0.047853,0.021045,0.011371,0.016359,0.068245,0.013994,0.013612
0.010240,0.011525,0.177508,0.023698,0.035312,0.012584,0.083987,0.220773,0.296448,0.127925
0.216764,0.008294,0.028753,0.014349,0.040194,0.062902,0.006831,0.104028,0.352752,0.165133
0.007077,0.504894,0.018429,0.010157,0.027699,0.020423,0.014378,0.284965,0.103210,0.008767
0.084269,0.014440,0.228835,0.012274,0.040092,0.020799,0.081880,0.080395,0.424627,0.012390
0.019509,0.012704,0.027587,0.009657,0.375285,0.014047,0.062544,0.046964,0.275931,0.155772
0.011498,0.432434,0.018374,0.013339,0.015157,0.015525,0.026544,0.066108,0.273779,0.127242
0.008192,0.036198,0.011146,0.172626,0.014505,0.011793,0.034460,0.455164,0.184937,0.070980
0.175564,0.011001,0.075792,0.010677,0.403472,0.016545,0.183283,0.067350,0.032992,0.023325
0.013889,0.044633,0.068241,0.013767,0.452196,0.076238,0.036295,0.024369,0.043284,0.227088
0.004077,0.004391,0.171378,0.030007,0.244674,0.008440,0.043372,0.309389,0.172123,0.012149
0.038063,0.089625,0.092152,0.037574,0.058661,0.048675,0.029699,0.041495,0.066547,0.497509
0.033562,0.100804,0.522125,0.013419,0.038020,0.021089,0.011981,0.023524,0.038194,0.197281
0.005373,0.027635,0.102178,0.050542,0.249915,0.018106,0.128810,0.050963,0.240781,0.125698
0.012831,0.455037,0.116777,0.008590,0.020553,0.009400,0.061826,0.008841,0.296704,0.009442
0.013161,0.037716,0.038403,0.361588,0.025700,0.032199,0.022047,0.065584,0.382371,0.021231
0.026486,0.307991,0.116653,0.003976,0.166464,0.005415,0.039007,0.109541,0.163645,0.060822
0.009231,0.010662,0.037676,0.013978,0.076343,0.066044,0.311648,0.026493,0.438261,0.009664
0.011340,0.730565,0.069969,0.011751,0.012954,0.012312,0.011000,0.038897,0.087543,0.013670
0.035558,0.043884,0.075268,0.060423,0.041828,0.039063,0.065703,0.164105,0.043467,0.430701
0.014601,0.013596,0.107107,0.307290,0.022929,0.023936,0.022455,0.014356,0.458278,0.015452
0.009416,0.010492,0.070990,0.040951,0.069611,0.069053,0.026683,0.392730,0.299950,0.010124
0.145181,0.059433,0.025839,0.011146,0.386178,0.021497,0.163489,0.167915,0.012046,0.007276
0.004528,0.307964,0.210128,0.031333,0.018520,0.027663,0.008901,0.148208,0.234506,0.008248
0.070571,0.009285,0.078508,0.029757,0.030677,0.017632,0.043264,0.681453,0.030141,0.008711
0.010830,0.766253,0.012420,0.039192,0.015179,0.013531,0.024374,0.013159,0.094338,0.010724
0.058268,0.010569,0.285424,0.249417,0.023652,0.018479,0.024714,0.166291,0.010538,0.152647
0.016377,0.014884,0.115194,0.014662,0.626559,0.033049,0.013569,0.112204,0.036139,0.017362
0.124442,0.004789,0.017625,0.004288,0.269670,0.030942,0.119207,0.122729,0.199180,0.107128
0.008488,0.009776,0.229029,0.007349,0.317482,0.024362,0.021913,0.088956,0.284662,0.007985
0.005563,0.360096,0.275186,0.005382,0.024222,0.029708,0.010108,0.207788,0.075625,0.006322
0.006017,0.425693,0.011400,0.006305,0.239345,0.005763,0.005105,0.181594,0.052883,0.065896
0.066395,0.010447,0.067617,0.090332,0.034046,0.063326,0.170956,0.022797,0.462562,0.011522
0.012870,0.016326,0.030927,0.013653,0.477414,0.016161,0.083245,0.209885,0.127969,0.011550
0.011023,0.367941,0.079220,0.005649,0.258770,0.032552,0.004194,0.007753,0.127403,0.105495
0.019817,0.020933,0.081414,0.020916,0.052693,0.021235,0.018933,0.026382,0.713743,0.023933
0.032788,0.465700,0.013425,0.008411,0.014666,0.006844,0.009663,0.117240,0.258321,0.072942
0.014897,0.005088,0.293427,0.004520,0.037223,0.016938,0.089420,0.395945,0.025574,0.116969
0.013537,0.013398,0.185599,0.014593,0.607102,0.012935,0.088340,0.017256,0.024973,0.022267
0.008515,0.009186,0.081389,0.008681,0.459391,0.015346,0.032501,0.067488,0.306662,0.010843
0.034065,0.588489,0.039000,0.008715,0.009570,0.010361,0.008166,0.027749,0.196021,0.077863
0.019899,0.028321,0.095204,0.028382,0.043172,0.050311,0.042002,0.133822,0.538768,0.020118
0.004914,0.381071,0.039219,0.209241,0.014470,0.035629,0.011286,0.061033,0.237799,0.005338
0.007757,0.007928,0.251234,0.019747,0.348085,0.028016,0.025242,0.290510,0.013776,0.007703
0.023568,0.024085,0.171239,0.029019,0.056057,0.042053,0.252949,0.040565,0.037394,0.323072
0.030895,0.358011,0.081424,0.004573,0.259162,0.010347,0.007969,0.034786,0.204654,0.008180
0.005413,0.050747,0.303970,0.018086,0.015908,0.038504,0.071521,0.162618,0.228577,0.104656
0.007780,0.046983,0.421018,0.008534,0.036170,0.061229,0.007306,0.008796,0.368249,0.033936
0.156596,0.005748,0.040815,0.024395,0.263624,0.018842,0.075503,0.014395,0.243523,0.156558
0.006583,0.433815,0.018611,0.006522,0.348926,0.039762,0.105287,0.009469,0.020059,0.010964
0.008428,0.059423,0.077061,0.007461,0.445050,0.012019,0.090814,0.265400,0.025225,0.009118
0.046230,0.016107,0.225564,0.014227,0.025348,0.017136,0.142525,0.066264,0.240274,0.206324
0.016163,0.581852,0.244967,0.007732,0.017173,0.011635,0.017812,0.008420,0.085188,0.009057
0.027648,0.008973,0.071899,0.008073,0.063480,0.033130,0.028349,0.701365,0.020529,0.036555
0.072768,0.035597,0.036937,0.012243,0.034687,0.016569,0.024471,0.215735,0.355788,0.195206
0.021825,0.112904,0.164435,0.021270,0.032003,0.031576,0.038405,0.027208,0.517437,0.032939
0.010431,0.009846,0.185496,0.011348,0.459170,0.021330,0.017132,0.237600,0.026701,0.020946
0.006540,0.376363,0.045338,0.007281,0.280013,0.005619,0.038854,0.129338,0.048423,0.062231
0.074923,0.070976,0.032704,0.006425,0.340816,0.044497,0.131083,0.067045,0.032082,0.199449
0.101747,0.003856,0.190693,0.003561,0.199306,0.025923,0.003307,0.342119,0.114769,0.014719
0.008459,0.013773,0.341695,0.009934,0.062818,0.066073,0.343334,0.094728,0.016974,0.042211
0.014271,0.017641,0.136570,0.347501,0.020229,0.020264,0.029318,0.274911,0.125578,0.013719
0.021205,0.848634,0.013791,0.015342,0.015942,0.015069,0.023362,0.015069,0.017410,0.014177
0.011244,0.104039,0.320403,0.010788,0.053739,0.065707,0.109386,0.026195,0.047155,0.251344
0.076765,0.271562,0.064947,0.020798,0.160912,0.008457,0.028007,0.276177,0.088013,0.004362
0.034259,0.010456,0.040905,0.013039,0.083574,0.036494,0.049879,0.278848,0.439958,0.012588
0.011851,0.017735,0.357748,0.022960,0.062674,0.073759,0.033578,0.105770,0.053495,0.260430
0.008215,0.320990,0.120703,0.147289,0.171802,0.007594,0.009425,0.031216,0.093955,0.088811
0.073195,0.269382,0.065679,0.007480,0.161770,0.004594,0.003075,0.259315,0.151946,0.003563
0.011301,0.013555,0.015562,0.011919,0.018257,0.014305,0.100314,0.696139,0.108538,0.010109
0.014674,0.531149,0.020468,0.007243,0.025537,0.019023,0.014920,0.010093,0.349701,0.007191
0.401027,0.023155,0.175792,0.141639,0.056189,0.023347,0.054069,0.040074,0.030152,0.054555
0.008052,0.009069,0.141341,0.051130,0.314426,0.013305,0.025647,0.054117,0.270007,0.112906
0.046633,0.022585,0.233917,0.008001,0.308738,0.010566,0.005591,0.160064,0.080278,0.123628
0.038591,0.020542,0.135921,0.045076,0.039387,0.024059,0.324874,0.314512,0.042181,0.014857
0.015440,0.119604,0.095353,0.016398,0.546627,0.077165,0.009808,0.040312,0.031363,0.047932
0.053620,0.011362,0.053666,0.034193,0.028881,0.064273,0.006816,0.703202,0.016906,0.027081
0.050522,0.006996,0.347663,0.007134,0.024915,0.022835,0.189855,0.017951,0.307711,0.024420
0.006462,0.008072,0.223812,0.007061,0.346243,0.014627,0.005267,0.130319,0.243265,0.014871
0.022983,0.025312,0.332278,0.023870,0.096608,0.058181,0.233985,0.162452,0.027480,0.016851
0.007880,0.451187,0.010444,0.009597,0.010210,0.013459,0.006791,0.471417,0.009683,0.009331
0.153925,0.417428,0.040065,0.005043,0.237865,0.015920,0.013651,0.010880,0.098902,0.006321
0.020108,0.642239,0.081807,0.012129,0.015021,0.010306,0.019922,0.175305,0.012100,0.011062
0.051896,0.025405,0.238162,0.032596,0.049564,0.033275,0.056489,0.032289,0.441127,0.039197
0.010386,0.663523,0.060768,0.010185,0.046134,0.026268,0.117712,0.018781,0.034343,0.011900
0.009131,0.010656,0.149331,0.007723,0.353524,0.011634,0.085426,0.255385,0.015996,0.101195
0.008968,0.349195,0.119851,0.006574,0.015914,0.012559,0.077347,0.189466,0.080159,0.139968
0.005713,0.417334,0.093274,0.007114,0.235494,0.011882,0.009201,0.031534,0.065929,0.122524
0.048571,0.021269,0.033721,0.020731,0.041562,0.021660,0.086278,0.114050,0.568245,0.043913
0.012242,0.015653,0.015055,0.013812,0.021957,0.014770,0.067819,0.799103,0.021225,0.018365
0.009458,0.012177,0.053752,0.010791,0.018841,0.015443,0.094640,0.641770,0.022555,0.120574
0.009598,0.009019,0.032228,0.010032,0.014153,0.020584,0.008078,0.548813,0.223124,0.124370
0.009444,0.073956,0.023608,0.012020,0.030520,0.022135,0.093922,0.562211,0.014392,0.157793
0.005692,0.375227,0.257532,0.005747,0.021942,0.033702,0.013900,0.142716,0.014140,0.129402
0.014576,0.012102,0.037899,0.015940,0.023972,0.016834,0.024414,0.224731,0.476656,0.152876
0.005814,0.016998,0.008122,0.005714,0.296570,0.007736,0.012943,0.390864,0.164039,0.091199
0.132241,0.008282,0.011769,0.010805,0.316816,0.010499,0.015756,0.247821,0.236783,0.009227
0.037129,0.005862,0.089899,0.004194,0.201779,0.007083,0.144900,0.336387,0.160997,0.011768
0.006870,0.462945,0.008293,0.007170,0.009625,0.008578,0.006682,0.471715,0.009618,0.008503
0.006129,0.006456,0.111790,0.009970,0.276923,0.037892,0.103175,0.055531,0.259356,0.132778
0.050446,0.025836,0.358095,0.124600,0.069453,0.033142,0.208072,0.033469,0.054555,0.042334
0.077432,0.326563,0.010609,0.004336,0.235661,0.007217,0.007058,0.151724,0.173113,0.006286
0.087152,0.013605,0.091894,0.015152,0.029812,0.034810,0.037165,0.415974,0.261921,0.012516
0.027386,0.025992,0.247016,0.025408,0.091037,0.049591,0.306075,0.026774,0.114423,0.086299
0.034565,0.019345,0.045183,0.081755,0.033778,0.040938,0.108728,0.580098,0.028347,0.027263
0.013557,0.517626,0.232561,0.007875,0.011079,0.015371,0.040927,0.009937,0.141796,0.009271
0.016220,0.348122,0.129630,0.006624,0.249802,0.008413,0.010224,0.026856,0.196602,0.007506
0.049760,0.498757,0.211488,0.007360,0.019934,0.017022,0.016231,0.010356,0.010676,0.158416
0.068099,0.009180,0.072940,0.011258,0.527602,0.014042,0.080898,0.079336,0.116053,0.020592
0.014901,0.016486,0.027622,0.322786,0.019099,0.019274,0.012215,0.071940,0.475056,0.020621
0.006082,0.008203,0.018996,0.006823,0.222488,0.008391,0.048043,0.391583,0.219067,0.070323
0.006942,0.481986,0.083724,0.009754,0.269191,0.006656,0.012502,0.007996,0.113758,0.007491
0.041314,0.010915,0.161026,0.007507,0.386741,0.017931,0.006942,0.213867,0.025433,0.128323
0.085410,0.018640,0.032546,0.031228,0.020956,0.030618,0.126466,0.335832,0.153686,0.164618
0.006295,0.374002,0.038258,0.006952,0.296004,0.006371,0.037501,0.177734,0.049780,0.007102
0.006240,0.494815,0.014173,0.006381,0.354256,0.009915,0.009977,0.008510,0.010753,0.084980
0.005839,0.377335,0.158213,0.005556,0.261742,0.008098,0.019571,0.135416,0.015980,0.012251
0.099404,0.096129,0.537095,0.016416,0.033565,0.030602,0.038668,0.125047,0.014373,0.008702
0.024518,0.395425,0.014982,0.039777,0.018530,0.029632,0.072837,0.008297,0.265355,0.130648
0.024704,0.023791,0.045534,0.027752,0.035458,0.035080,0.074709,0.666631,0.037926,0.028415
0.014320,0.019603,0.108654,0.016790,0.035114,0.014849,0.097318,0.116655,0.562984,0.013712
0.153876,0.009658,0.023443,0.008923,0.477605,0.022353,0.063659,0.047377,0.176611,0.016496
0.062592,0.008809,0.337381,0.023962,0.342190,0.018974,0.103197,0.055467,0.027122,0.020306
0.020430,0.020722,0.045449,0.020044,0.031632,0.026220,0.053304,0.021885,0.729082,0.031233
0.046522,0.008691,0.187457,0.011073,0.443931,0.025323,0.021548,0.016880,0.214477,0.024098
0.018842,0.005897,0.216230,0.217786,0.022426,0.038675,0.017948,0.446273,0.009207,0.006717
0.225613,0.012286,0.449493,0.015202,0.030118,0.032168,0.021733,0.020059,0.016311,0.177018
0.014977,0.048102,0.530008,0.020447,0.035782,0.014013,0.032290,0.084988,0.018663,0.200731
0.064747,0.018007,0.155088,0.018812,0.114469,0.065911,0.015293,0.479919,0.051059,0.016696
0.010954,0.335967,0.045073,0.005249,0.220410,0.005428,0.037635,0.123364,0.210402,0.005517
0.003186,0.037587,0.119393,0.003692,0.207252,0.012616,0.086384,0.283748,0.150535,0.095608
0.007015,0.375902,0.094649,0.005529,0.250840,0.006195,0.024759,0.211100,0.014265,0.009745
0.008408,0.590940,0.013191,0.008882,0.011392,0.009952,0.010642,0.247895,0.011522,0.087176
0.007018,0.053172,0.054416,0.206005,0.019364,0.010974,0.017287,0.509079,0.018426,0.104259
0.011923,0.454259,0.036631,0.016034,0.317015,0.040788,0.023765,0.066451,0.020008,0.013126
0.013093,0.082156,0.152440,0.015230,0.090546,0.052203,0.046888,0.450522,0.079632,0.017291
0.010029,0.010919,0.530088,0.015074,0.056924,0.038014,0.125920,0.025407,0.175122,0.012503
0.025323,0.360969,0.032839,0.012770,0.023669,0.029752,0.013109,0.481746,0.009112,0.010709
0.005115,0.331162,0.026286,0.006720,0.011746,0.026439,0.054512,0.430149,0.007688,0.100183
0.052758,0.009838,0.156720,0.008744,0.019082,0.013235,0.016762,0.550243,0.163932,0.008685
0.067377,0.043489,0.045963,0.037986,0.540957,0.072267,0.028057,0.087619,0.044133,0.032153
0.005811,0.044315,0.029181,0.175963,0.256030,0.027942,0.013167,0.136404,0.189962,0.121226
0.008870,0.007942,0.109666,0.007689,0.302926,0.013199,0.006895,0.517877,0.009896,0.015040
0.005350,0.029205,0.053644,0.056191,0.336909,0.047122,0.127512,0.182505,0.028849,0.132712
0.040525,0.477629,0.179577,0.010647,0.012981,0.008297,0.014246,0.143756,0.012557,0.099786
0.005292,0.007334,0.261144,0.009373,0.280780,0.032816,0.086393,0.199041,0.012513,0.105313
0.005211,0.354235,0.156999,0.006605,0.243360,0.012174,0.060221,0.143910,0.007555,0.009731
0.010194,0.010114,0.228324,0.339857,0.035681,0.030758,0.068105,0.021385,0.245649,0.009934
0.007245,0.007165,0.240438,0.247279,0.339653,0.017248,0.078023,0.015630,0.025872,0.021446
0.033022,0.425766,0.015443,0.007735,0.300805,0.012008,0.005215,0.007367,0.184576,0.008063
0.012124,0.011070,0.231854,0.014488,0.049698,0.019300,0.119418,0.318718,0.037627,0.185703
0.007568,0.386440,0.130035,0.008670,0.012673,0.033992,0.018648,0.009498,0.267049,0.125427
0.113872,0.020336,0.020634,0.007776,0.013204,0.014444,0.016741,0.488933,0.296530,0.007530
0.003749,0.005460,0.150338,0.004722,0.185685,0.010090,0.115388,0.298048,0.161055,0.065466
0.014811,0.036455,0.035744,0.395599,0.019882,0.026382,0.025793,0.019586,0.261560,0.164189
0.004437,0.286428,0.065903,0.005031,0.011270,0.026489,0.007059,0.374813,0.211779,0.006792
0.008905,0.089494,0.037342,0.013228,0.041378,0.055550,0.026844,0.678313,0.038780,0.010166
0.014846,0.019524,0.019103,0.016853,0.618354,0.018201,0.084600,0.018586,0.019609,0.170325
0.016249,0.017399,0.019327,0.018328,0.028051,0.034403,0.079747,0.020185,0.597655,0.168657
0.007453,0.075250,0.028414,0.008974,0.419144,0.047986,0.006084,0.190972,0.208942,0.006781
0.017607,0.016447,0.130996,0.492660,0.043811,0.046471,0.154867,0.030315,0.025856,0.040970
0.129721,0.023787,0.276499,0.004828,0.017293,0.015762,0.070496,0.149516,0.207532,0.104567
0.071197,0.287848,0.051293,0.004104,0.222499,0.006485,0.009049,0.289344,0.006071,0.052109
0.009914,0.007820,0.242776,0.292614,0.048536,0.048854,0.006288,0.020070,0.314538,0.008589
0.110518,0.043594,0.033334,0.008022,0.012259,0.011128,0.017441,0.453739,0.199504,0.110460
0.005690,0.007364,0.020557,0.032663,0.296616,0.008428,0.008422,0.386669,0.220897,0.012695
0.026929,0.005170,0.043821,0.016900,0.291287,0.005077,0.031975,0.362215,0.203900,0.012726
0.012791,0.022692,0.030392,0.043109,0.272335,0.015157,0.082799,0.371053,0.022589,0.127084
0.012510,0.564596,0.219815,0.007186,0.012771,0.007514,0.006650,0.009379,0.071115,0.088465
0.007555,0.441477,0.064414,0.007042,0.234027,0.012721,0.015601,0.008588,0.199556,0.009017
0.006489,0.448667,0.037089,0.009741,0.018963,0.033760,0.011115,0.009226,0.284608,0.140341
0.010511,0.720210,0.073332,0.013731,0.026473,0.023008,0.023568,0.070238,0.016376,0.022553
0.010761,0.014076,0.509462,0.012453,0.052036,0.065613,0.029033,0.097255,0.175463,0.033848
0.005720,0.398267,0.102408,0.007031,0.013519,0.006720,0.009332,0.435582,0.013094,0.008329
0.007710,0.007671,0.028481,0.006905,0.046164,0.060025,0.006499,0.617544,0.035371,0.183629
0.003914,0.303030,0.026093,0.004869,0.214421,0.027709,0.017633,0.127812,0.184208,0.090312
0.008548,0.032278,0.174223,0.007578,0.025983,0.014920,0.113822,0.593278,0.010571,0.018798
0.013389,0.014855,0.328778,0.027868,0.051501,0.093175,0.350481,0.037687,0.068063,0.014203
0.178841,0.010417,0.089535,0.009943,0.478507,0.015890,0.108463,0.080237,0.016125,0.012041
0.011051,0.010457,0.210432,0.013293,0.589108,0.029366,0.067457,0.020667,0.036251,0.011917
0.052661,0.010445,0.058813,0.008863,0.426998,0.013033,0.082846,0.148603,0.089501,0.108238
0.010932,0.012391,0.017567,0.012626,0.018627,0.013536,0.015816,0.576275,0.224380,0.097849
0.018974,0.021685,0.149254,0.196599,0.129243,0.166931,0.084294,0.055578,0.100858,0.076584
0.005630,0.429510,0.034313,0.006437,0.321314,0.008377,0.012266,0.035234,0.135272,0.011646
0.010043,0.632584,0.010918,0.009363,0.011104,0.011418,0.011475,0.281716,0.011679,0.009702
0.012986,0.013822,0.038298,0.018058,0.512368,0.030841,0.025403,0.064242,0.131872,0.152110
0.032719,0.039523,0.118413,0.034579,0.077549,0.068165,0.181203,0.032401,0.053566,0.361883
0.018882,0.010263,0.305938,0.009140,0.019801,0.021043,0.018227,0.554574,0.023241,0.018890
0.141701,0.053762,0.091141,0.233182,0.023922,0.011440,0.085282,0.167374,0.178994,0.013202
0.010118,0.011097,0.018110,0.019055,0.012548,0.019001,0.017801,0.630405,0.249533,0.012331
0.004894,0.378782,0.088980,0.006921,0.269739,0.005832,0.010884,0.039857,0.188347,0.005764
0.008236,0.011670,0.153973,0.016230,0.367202,0.027039,0.034720,0.021492,0.327490,0.031949
0.005972,0.008446,0.127967,0.039350,0.343995,0.006181,0.088709,0.052220,0.208050,0.119108
0.244630,0.009471,0.174228,0.042164,0.048823,0.030525,0.028557,0.009066,0.168810,0.243725
0.024764,0.334523,0.050441,0.006231,0.207369,0.009244,0.010997,0.158672,0.191375,0.006382
0.005601,0.006326,0.260208,0.005925,0.027128,0.013864,0.107819,0.368287,0.188375,0.016467
0.128177,0.321217,0.116651,0.188509,0.187727,0.012405,0.025988,0.007576,0.007083,0.004667
0.138077,0.010851,0.019881,0.018747,0.012371,0.012255,0.009715,0.628401,0.015661,0.134041
0.018694,0.100516,0.197059,0.034258,0.033883,0.019269,0.151730,0.107444,0.319136,0.018009
0.008716,0.064103,0.304441,0.024561,0.021866,0.014776,0.109549,0.055044,0.272351,0.124594
0.014939,0.013421,0.025967,0.364165,0.020380,0.016384,0.082805,0.061797,0.378507,0.021636
0.007281,0.011028,0.035407,0.311234,0.050389,0.027748,0.006799,0.017843,0.332265,0.200006
0.018416,0.017611,0.046628,0.016464,0.042251,0.039013,0.022450,0.020824,0.593665,0.182677
0.021597,0.067191,0.288953,0.009932,0.367415,0.015123,0.078572,0.019016,0.108625,0.023575
0.011100,0.012069,0.127554,0.022827,0.019399,0.021716,0.021857,0.726300,0.018874,0.018305
0.006361,0.348676,0.122542,0.004768,0.200187,0.026248,0.010843,0.142366,0.126761,0.011249
0.009393,0.621500,0.071785,0.011546,0.015307,0.010425,0.011825,0.226542,0.011953,0.009724
0.033849,0.024301,0.041721,0.024876,0.037738,0.025187,0.140093,0.023199,0.448241,0.200794
0.003845,0.266798,0.015966,0.003807,0.198547,0.023794,0.009692,0.298375,0.172351,0.006824
0.021880,0.056968,0.043454,0.044197,0.039004,0.030741,0.043826,0.450217,0.028704,0.241008
0.108177,0.042398,0.126673,0.175022,0.286847,0.015233,0.018908,0.008916,0.205821,0.012006
0.025758,0.030111,0.055502,0.030617,0.034132,0.026597,0.126288,0.028792,0.608613,0.033591
0.008948,0.476522,0.014156,0.009982,0.389815,0.008632,0.060642,0.009394,0.013013,0.008897
0.011683,0.014480,0.014773,0.013601,0.416946,0.014784,0.019039,0.338180,0.022811,0.133704
0.058837,0.083185,0.250413,0.031025,0.051067,0.064494,0.148658,0.077077,0.037838,0.197404
0.017915,0.018696,0.156483,0.035038,0.027377,0.033185,0.144162,0.103289,0.435762,0.028094
0.040338,0.014917,0.055079,0.132145,0.086097,0.112621,0.044835,0.140622,0.032680,0.340666
0.227377,0.012305,0.045938,0.075749,0.051071,0.030949,0.007311,0.024686,0.353188,0.171424
0.031260,0.029300,0.043868,0.028363,0.054801,0.029507,0.059459,0.626299,0.040843,0.056301
0.170028,0.017610,0.081301,0.012837,0.020369,0.024837,0.019721,0.240198,0.287612,0.125486
0.020779,0.011609,0.089090,0.012856,0.430098,0.013904,0.019550,0.285672,0.099573,0.016870
0.039512,0.042267,0.186240,0.006753,0.297035,0.011934,0.047676,0.140916,0.216020,0.011646
0.025003,0.019145,0.239613,0.004243,0.013240,0.031441,0.086722,0.368633,0.197816,0.014144
0.007287,0.020106,0.010253,0.006565,0.265920,0.008939,0.070108,0.454993,0.070363,0.085467
0.005759,0.318888,0.024809,0.005396,0.007259,0.010439,0.010662,0.353463,0.199274,0.064051
0.007118,0.468471,0.011290,0.182693,0.284761,0.011393,0.008581,0.008309,0.008945,0.008439
0.013044,0.014489,0.107016,0.011510,0.020692,0.016352,0.019542,0.226129,0.417572,0.153654
0.005833,0.006700,0.323005,0.006711,0.310586,0.022544,0.030399,0.006696,0.279941,0.007586
0.005481,0.019690,0.214742,0.005850,0.280415,0.005861,0.047775,0.144754,0.190009,0.085423
0.007816,0.050409,0.092811,0.046184,0.081877,0.060527,0.242106,0.009080,0.371511,0.037678
0.013948,0.012376,0.133519,0.014845,0.510834,0.021781,0.025076,0.014892,0.114889,0.137839
0.006149,0.423368,0.087944,0.042170,0.014102,0.037272,0.009674,0.233216,0.009654,0.136451
0.161174,0.008770,0.113939,0.011406,0.331256,0.019973,0.025277,0.073890,0.247553,0.006762
0.019234,0.018226,0.022348,0.017572,0.023636,0.022051,0.037759,0.021752,0.622798,0.194625
0.005810,0.006158,0.128601,0.007006,0.017943,0.010878,0.141060,0.457869,0.208856,0.015819
0.037572,0.469758,0.021210,0.031490,0.287040,0.006560,0.005761,0.006907,0.123878,0.009824
0.006927,0.432837,0.009182,0.006732,0.353295,0.007038,0.009936,0.156237,0.010882,0.006935
0.106909,0.015192,0.072590,0.019991,0.052950,0.081337,0.008652,0.314150,0.291220,0.037011
0.004793,0.054189,0.301997,0.006547,0.312845,0.033622,0.020304,0.013565,0.233177,0.018962
0.013011,0.012508,0.088474,0.015103,0.028480,0.020342,0.027219,0.387374,0.245365,0.162126
0.012237,0.672775,0.012634,0.011148,0.019594,0.019145,0.014330,0.042563,0.181648,0.013927
0.013106,0.033027,0.025432,0.014096,0.020105,0.023916,0.010425,0.712277,0.014535,0.133082
0.098495,0.009641,0.083201,0.008131,0.510381,0.058276,0.036738,0.117657,0.043775,0.033704
0.135065,0.007176,0.158255,0.005119,0.270943,0.017160,0.066363,0.120491,0.214652,0.004777
0.011273,0.495233,0.009430,0.008471,0.008687,0.009594,0.009658,0.152651,0.285376,0.009626
0.009171,0.009351,0.381667,0.010790,0.023624,0.009552,0.008290,0.186204,0.352559,0.008792
0.006447,0.423267,0.007294,0.022468,0.318657,0.006817,0.007965,0.145014,0.055931,0.006140
0.005593,0.389572,0.090290,0.026626,0.015800,0.005824,0.011826,0.148943,0.229491,0.076034
0.004216,0.320071,0.130424,0.020251,0.008739,0.007190,0.006849,0.336792,0.159815,0.005654
0.008097,0.009083,0.083565,0.012352,0.418742,0.070946,0.119100,0.226749,0.042859,0.008506
0.065117,0.008994,0.347746,0.273317,0.026376,0.025286,0.029761,0.009474,0.193280,0.020650
0.012553,0.012768,0.018513,0.017824,0.584437,0.019602,0.030785,0.014035,0.130426,0.159056
0.020612,0.292295,0.005869,0.118172,0.167572,0.005264,0.031111,0.316100,0.037318,0.005688
0.006439,0.005901,0.107810,0.054316,0.323346,0.045344,0.016470,0.174603,0.243853,0.021917
0.008885,0.008315,0.252747,0.014637,0.052023,0.064362,0.107176,0.104378,0.357934,0.029543
0.037383,0.004583,0.145166,0.004542,0.245747,0.015578,0.013880,0.347442,0.181587,0.004091
0.151084,0.005846,0.180285,0.053308,0.312161,0.036737,0.093315,0.005758,0.155167,0.006339
0.032946,0.271097,0.023071,0.144817,0.009623,0.020782,0.008151,0.298650,0.186836,0.004025
0.004695,0.369534,0.148509,0.006401,0.253476,0.006525,0.008589,0.005067,0.192547,0.004656
0.017524,0.276419,0.200001,0.004159,0.016929,0.010116,0.073076,0.114768,0.194738,0.092269
0.009314,0.007557,0.066046,0.048778,0.341957,0.011563,0.079957,0.064213,0.259547,0.111066
0.025400,0.367209,0.007598,0.005225,0.228792,0.005367,0.004735,0.341535,0.008087,0.006053
0.009205,0.010758,0.046532,0.015251,0.035105,0.032739,0.130858,0.391153,0.047138,0.281261
0.005211,0.005856,0.017475,0.008052,0.025005,0.037053,0.013877,0.503882,0.256788,0.126801
0.008086,0.011410,0.424077,0.011067,0.029518,0.064129,0.024724,0.075601,0.342005,0.009383
0.006291,0.338543,0.005914,0.005720,0.006152,0.006995,0.017716,0.331618,0.211639,0.069413
0.010690,0.011259,0.236087,0.013792,0.032524,0.030774,0.009625,0.019289,0.430779,0.205180
0.054320,0.034344,0.059144,0.027162,0.052013,0.028263,0.059927,0.381099,0.034184,0.269545
0.006775,0.365919,0.010880,0.007332,0.299139,0.006866,0.042550,0.027963,0.225623,0.006953
0.007132,0.524940,0.036962,0.008328,0.315904,0.019931,0.005952,0.059926,0.012754,0.008171
0.126114,0.334787,0.019852,0.012418,0.246765,0.024944,0.025329,0.004787,0.200202,0.004802
0.006816,0.017110,0.008957,0.172043,0.272216,0.007625,0.074017,0.187028,0.178594,0.075593
0.010757,0.076247,0.222765,0.012395,0.025186,0.017153,0.022972,0.347851,0.119278,0.145396
0.008763,0.552021,0.096418,0.008202,0.012862,0.010366,0.018818,0.010299,0.272330,0.009921
0.040062,0.005207,0.044395,0.007751,0.258560,0.013396,0.052578,0.366229,0.205705,0.006118
0.022849,0.010525,0.378645,0.306676,0.023585,0.010210,0.106504,0.015265,0.116070,0.009669
0.215975,0.037720,0.018473,0.016256,0.022716,0.017238,0.084817,0.018100,0.546427,0.022279
0.014875,0.020297,0.010203,0.006789,0.351576,0.007007,0.053733,0.443544,0.009561,0.082415
0.021296,0.022834,0.205852,0.029166,0.086869,0.022355,0.408256,0.048764,0.084249,0.070359
0.006685,0.007749,0.054227,0.014053,0.339882,0.057276,0.022280,0.020078,0.309916,0.167855
0.007129,0.072350,0.407424,0.012573,0.034788,0.044980,0.005967,0.269938,0.120600,0.024252
0.006886,0.009047,0.043867,0.011755,0.286456,0.048966,0.130349,0.191422,0.264942,0.006310
0.041920,0.016993,0.119110,0.102877,0.041770,0.018277,0.182815,0.411049,0.026326,0.038864
0.008940,0.012054,0.018522,0.250075,0.013285,0.018259,0.033933,0.616117,0.017798,0.011018
0.007314,0.006470,0.247063,0.007933,0.012072,0.016150,0.013445,0.433570,0.177756,0.078227
0.005162,0.313502,0.007150,0.014076,0.256513,0.005530,0.018644,0.327971,0.006016,0.045436
0.019755,0.018799,0.252545,0.038725,0.034723,0.028481,0.017685,0.330578,0.033104,0.225605
0.012152,0.071710,0.031604,0.012087,0.427001,0.018081,0.009328,0.016869,0.391222,0.009946
0.048503,0.047135,0.134740,0.060112,0.090796,0.105290,0.295832,0.057028,0.086776,0.073788
0.005645,0.008316,0.325030,0.005889,0.324188,0.037785,0.018442,0.144118,0.107288,0.023299
0.165893,0.006082,0.055881,0.007369,0.278282,0.047993,0.138978,0.017726,0.259503,0.022292
0.015241,0.479254,0.013216,0.006542,0.245971,0.009442,0.005862,0.154359,0.061562,0.008552
0.015485,0.048885,0.228624,0.009092,0.026591,0.014444,0.153171,0.162640,0.247545,0.093523
0.013188,0.005250,0.087276,0.006572,0.265357,0.036628,0.080057,0.188881,0.209573,0.107219
0.145405,0.020773,0.151273,0.127662,0.049345,0.022130,0.060510,0.128385,0.245233,0.049284
0.028080,0.462636,0.034776,0.008095,0.007800,0.007338,0.008711,0.183183,0.251025,0.008355
0.005649,0.348803,0.008971,0.006111,0.277054,0.006257,0.005116,0.123456,0.158918,0.059665
0.079276,0.054027,0.052217,0.047946,0.063620,0.090647,0.074092,0.054428,0.063480,0.420267
0.019353,0.278121,0.036963,0.004470,0.227463,0.004691,0.005936,0.286603,0.073789,0.062610
0.006324,0.009895,0.049547,0.007130,0.060765,0.046413,0.174710,0.205788,0.302420,0.137008
0.125612,0.007420,0.018048,0.041542,0.310244,0.010290,0.054588,0.141218,0.284171,0.006866
0.014236,0.550570,0.127817,0.007243,0.013738,0.010263,0.015076,0.009329,0.243319,0.008408
0.004926,0.007958,0.185017,0.005683,0.054475,0.037551,0.018364,0.433628,0.228592,0.023807
0.005525,0.341855,0.005749,0.006220,0.252823,0.004799,0.009998,0.322595,0.044975,0.005461
0.090582,0.442175,0.010047,0.006222,0.008572,0.011332,0.008515,0.184153,0.172257,0.066145
0.006365,0.441921,0.017864,0.048403,0.023073,0.016656,0.082864,0.006407,0.342348,0.014099
0.009221,0.573639,0.010276,0.024773,0.011061,0.009957,0.011319,0.009648,0.328802,0.011303
0.028262,0.427926,0.007325,0.007470,0.249294,0.008109,0.007727,0.019907,0.177347,0.066634
0.007540,0.008294,0.046599,0.006861,0.251831,0.019146,0.106275,0.167885,0.233842,0.151728
0.039450,0.030988,0.154440,0.009646,0.394666,0.013749,0.054835,0.177476,0.105852,0.018897
0.005699,0.035453,0.213690,0.006570,0.360820,0.042806,0.085327,0.062665,0.180868,0.006102
0.008223,0.481750,0.112531,0.008478,0.289282,0.015958,0.013842,0.044867,0.018419,0.006650
0.008227,0.009600,0.045335,0.009295,0.056256,0.071313,0.024688,0.346909,0.395637,0.032741
0.012191,0.389290,0.007697,0.007229,0.204936,0.006365,0.012126,0.131953,0.221722,0.006490
0.125203,0.006569,0.134579,0.022332,0.265245,0.030731,0.080406,0.120659,0.195611,0.018665
0.019582,0.043432,0.030450,0.023927,0.038607,0.037933,0.098719,0.024153,0.482516,0.200682
0.011765,0.348004,0.010225,0.005522,0.006581,0.008271,0.026184,0.359814,0.216933,0.006701
0.027930,0.036842,0.145386,0.029320,0.034080,0.036079,0.117893,0.029773,0.220310,0.322387
0.006800,0.011127,0.033713,0.007902,0.419159,0.062553,0.103554,0.007915,0.315843,0.031433
0.014688,0.038253,0.033720,0.013656,0.021885,0.021580,0.012323,0.812008,0.018885,0.013004
0.016979,0.028091,0.343868,0.008516,0.026925,0.044711,0.128264,0.152469,0.244617,0.005559
0.012624,0.017104,0.024703,0.016305,0.022519,0.014908,0.021984,0.358807,0.331354,0.179692
0.013013,0.018041,0.104894,0.013708,0.033411,0.023866,0.241343,0.023011,0.283929,0.244784
0.008456,0.011153,0.085299,0.008421,0.477914,0.022852,0.081564,0.270305,0.011579,0.022458
0.012012,0.513451,0.012335,0.008359,0.010884,0.010440,0.018317,0.236703,0.065502,0.111996
0.006650,0.008416,0.043730,0.007151,0.256509,0.010058,0.063845,0.428174,0.068975,0.106494
0.028052,0.026463,0.286508,0.025393,0.061564,0.048283,0.054667,0.151418,0.035892,0.281759
0.011694,0.015357,0.063986,0.014441,0.056019,0.070709,0.028148,0.024661,0.500273,0.214713
0.007658,0.034683,0.050816,0.302580,0.036958,0.057575,0.017627,0.014106,0.324515,0.153483
0.051262,0.040551,0.031555,0.018595,0.663380,0.034156,0.013504,0.093326,0.027046,0.026625
0.006433,0.005733,0.144458,0.006031,0.320281,0.046035,0.077795,0.145312,0.242484,0.005438
0.054233,0.048560,0.142071,0.046706,0.082312,0.064554,0.113862,0.301022,0.060180,0.086499
0.025845,0.024986,0.064748,0.023894,0.045456,0.024420,0.207089,0.515506,0.040325,0.027731
0.014467,0.507947,0.025640,0.010353,0.026136,0.039287,0.013295,0.187677,0.010889,0.164309
0.006260,0.008674,0.131077,0.210660,0.357994,0.011245,0.020654,0.006629,0.148892,0.097915
0.009469,0.014004,0.377769,0.014866,0.028399,0.016020,0.101149,0.018041,0.410536,0.009747
0.011809,0.017087,0.267080,0.018630,0.037165,0.012795,0.045991,0.114102,0.443144,0.032197
0.019179,0.024211,0.053338,0.025126,0.030681,0.028531,0.025722,0.086644,0.500903,0.205666
0.026085,0.008968,0.165189,0.007682,0.070279,0.055702,0.115523,0.221450,0.156143,0.172980
0.127827,0.315006,0.013725,0.034177,0.261715,0.011899,0.009712,0.008832,0.207023,0.010083
0.010821,0.011853,0.311706,0.008532,0.051516,0.029832,0.006943,0.211143,0.347677,0.009976
0.204920,0.082487,0.085750,0.031270,0.026987,0.031405,0.010736,0.017554,0.352076,0.156813
0.015388,0.018648,0.027245,0.026056,0.017784,0.015649,0.014081,0.826343,0.018350,0.020455
0.011282,0.027414,0.136036,0.010395,0.539013,0.019480,0.018935,0.013980,0.100678,0.122788
0.012256,0.671126,0.028426,0.010131,0.017499,0.012314,0.018327,0.201304,0.014080,0.014538
0.044860,0.021731,0.080981,0.015919,0.013822,0.009620,0.015477,0.570925,0.214257,0.012408
0.007998,0.006303,0.041383,0.006233,0.280168,0.038316,0.137763,0.183223,0.170073,0.128540
0.011807,0.317056,0.010524,0.020880,0.265269,0.007480,0.010841,0.342545,0.007212,0.006387
0.009296,0.058892,0.013576,0.010278,0.493256,0.011692,0.021814,0.167530,0.097524,0.116143
0.007227,0.467246,0.333620,0.008384,0.026420,0.042834,0.076643,0.011374,0.017393,0.008858
0.032245,0.163286,0.060832,0.036260,0.066982,0.055717,0.053392,0.165554,0.044144,0.321588
0.009228,0.584420,0.012066,0.011556,0.013169,0.011410,0.062340,0.031089,0.255297,0.009426
0.005981,0.420814,0.033798,0.005899,0.019107,0.037480,0.004947,0.060553,0.286429,0.124993
0.083353,0.286830,0.065201,0.005113,0.220618,0.003907,0.029572,0.290762,0.009116,0.005528
0.004966,0.359606,0.077071,0.037431,0.257561,0.026753,0.030416,0.192744,0.007765,0.005686
0.003767,0.243829,0.158312,0.145966,0.162310,0.022991,0.061669,0.027178,0.170125,0.003854
0.105793,0.516121,0.044258,0.022577,0.008637,0.008433,0.014060,0.009100,0.201676,0.069345
0.129762,0.004987,0.045469,0.004213,0.266450,0.016158,0.082042,0.122045,0.201014,0.127859
0.011447,0.018501,0.129670,0.018127,0.051559,0.086836,0.308985,0.124727,0.235271,0.014877
0.009946,0.011754,0.020517,0.020824,0.337010,0.021570,0.085958,0.158465,0.323862,0.010095
0.067564,0.009516,0.141261,0.007788,0.286845,0.051240,0.084561,0.059375,0.267819,0.024031
0.075372,0.006970,0.402350,0.007060,0.059023,0.023989,0.187690,0.212819,0.018254,0.006473
0.005509,0.389335,0.328805,0.014540,0.024249,0.032320,0.026599,0.156138,0.009022,0.013484
0.093518,0.307387,0.117646,0.003843,0.180664,0.008449,0.015378,0.095966,0.168847,0.008301
0.039765,0.004740,0.175925,0.007894,0.271435,0.014622,0.047959,0.349132,0.009154,0.079374
0.034118,0.018802,0.023263,0.017971,0.040472,0.022513,0.125838,0.355454,0.164220,0.197349
0.006634,0.006939,0.200954,0.007904,0.353296,0.050968,0.086131,0.080861,0.182711,0.023604
0.006214,0.433927,0.321864,0.012181,0.015274,0.033020,0.012088,0.065247,0.087876,0.012310
0.006850,0.006741,0.129209,0.014654,0.375612,0.022777,0.005707,0.064036,0.191731,0.182683
0.059819,0.015614,0.109904,0.012180,0.017715,0.013816,0.060993,0.243845,0.301797,0.164317
0.059521,0.019101,0.025896,0.019596,0.036878,0.020432,0.169834,0.428775,0.188587,0.031380
0.005750,0.312389,0.204683,0.003878,0.215776,0.011495,0.067768,0.166651,0.006703,0.004909
0.028545,0.040769,0.076859,0.040201,0.056246,0.048235,0.079111,0.032343,0.540362,0.057329
0.013905,0.013398,0.476938,0.012923,0.050926,0.023855,0.223669,0.123629,0.048508,0.012248
0.011023,0.009129,0.084720,0.008628,0.462297,0.018749,0.034400,0.019923,0.321811,0.029321
0.006649,0.006125,0.234897,0.008823,0.025448,0.011237,0.018071,0.440595,0.242406,0.005749
0.007368,0.007478,0.055433,0.007822,0.017675,0.013324,0.082406,0.558011,0.241229,0.009254
0.047250,0.539456,0.043347,0.010937,0.015189,0.008388,0.007358,0.010550,0.167906,0.149619
0.017404,0.077584,0.072525,0.017264,0.079382,0.104215,0.041901,0.459278,0.075087,0.055359
0.010546,0.062324,0.090777,0.010614,0.076654,0.078608,0.035336,0.320551,0.061584,0.253007
0.011332,0.564625,0.020995,0.016525,0.028201,0.050892,0.091819,0.013861,0.013007,0.188744
0.212301,0.020259,0.150897,0.014498,0.021185,0.015343,0.104000,0.420412,0.020731,0.020374
0.005372,0.292832,0.126990,0.004436,0.007985,0.009613,0.047639,0.334109,0.164981,0.006043
0.005111,0.332690,0.021983,0.018598,0.006634,0.005209,0.007888,0.346178,0.199193,0.056516
0.019434,0.112757,0.184967,0.503744,0.040511,0.040426,0.018623,0.021891,0.025361,0.032287
0.008911,0.050221,0.082092,0.008114,0.502410,0.075189,0.029902,0.009443,0.024578,0.209141
0.011084,0.011445,0.031883,0.016355,0.479620,0.019741,0.119823,0.265613,0.017335,0.027100
0.092320,0.239380,0.055100,0.004807,0.007678,0.008477,0.043545,0.308185,0.165691,0.074816
0.019554,0.363476,0.021383,0.008737,0.022613,0.027276,0.091387,0.205885,0.077164,0.162524
0.078859,0.021325,0.126898,0.020109,0.051531,0.026986,0.043844,0.028473,0.361153,0.240823
0.014247,0.771694,0.042186,0.010650,0.028732,0.028380,0.045926,0.010955,0.034684,0.012545
0.012321,0.011736,0.179070,0.013174,0.459594,0.015719,0.017451,0.017028,0.123879,0.150029
0.010476,0.606099,0.013959,0.009717,0.015250,0.010971,0.019313,0.034862,0.175381,0.103970
0.024306,0.011893,0.078044,0.014096,0.503983,0.026384,0.114038,0.009370,0.209500,0.008387
0.003977,0.005551,0.194490,0.008141,0.218678,0.012920,0.011292,0.305587,0.161855,0.077509
0.007207,0.473642,0.032432,0.014859,0.296892,0.044222,0.082592,0.012834,0.022855,0.012465
0.060775,0.064108,0.096346,0.012426,0.016776,0.014048,0.062556,0.247747,0.295297,0.129921
0.005414,0.005830,0.332648,0.006106,0.025976,0.043917,0.071497,0.464770,0.024873,0.018969
0.004496,0.305286,0.080213,0.006013,0.248190,0.005847,0.026776,0.112217,0.201344,0.009618
0.007527,0.026847,0.057574,0.008167,0.019299,0.020240,0.149234,0.481641,0.222949,0.006521
0.017462,0.052933,0.108074,0.012253,0.013714,0.010934,0.016188,0.646614,0.013387,0.108441
0.013275,0.477688,0.193528,0.006445,0.012306,0.009468,0.014508,0.008288,0.258051,0.006442
0.013893,0.017565,0.059994,0.013454,0.025690,0.017817,0.027334,0.292058,0.508378,0.023817
0.006975,0.007804,0.269118,0.235857,0.017889,0.007466,0.013344,0.249093,0.088993,0.103461
0.004198,0.004898,0.225655,0.183696,0.269815,0.029308,0.116178,0.044110,0.010685,0.111457
0.126573,0.022225,0.010720,0.008795,0.351303,0.007864,0.050899,0.038169,0.288523,0.094929
0.100119,0.148384,0.084171,0.020240,0.087070,0.092523,0.320208,0.033081,0.065649,0.048555
0.012744,0.017142,0.087132,0.323405,0.019010,0.024506,0.019332,0.355915,0.019326,0.121488
0.010094,0.013658,0.093171,0.010144,0.436003,0.078643,0.042928,0.290050,0.015783,0.009524
0.008308,0.011796,0.425905,0.075827,0.042090,0.064427,0.022593,0.104836,0.235983,0.008235
0.047425,0.031892,0.051668,0.107471,0.036920,0.035582,0.023417,0.102670,0.225178,0.337776
0.004346,0.003802,0.031307,0.122498,0.224079,0.011139,0.087437,0.295796,0.158938,0.060658
0.031988,0.015253,0.034518,0.077746,0.031678,0.030830,0.020698,0.326898,0.416325,0.014066
0.004816,0.332287,0.215323,0.004783,0.020485,0.025119,0.079240,0.004928,0.217054,0.095965
0.009151,0.035368,0.153531,0.006756,0.360403,0.014116,0.028946,0.186074,0.033051,0.172604
0.016890,0.049841,0.011577,0.008189,0.433173,0.008618,0.016051,0.179548,0.148582,0.127531
0.027302,0.022743,0.017459,0.225820,0.384468,0.008537,0.075521,0.141534,0.083044,0.013572
0.190992,0.031800,0.029784,0.006942,0.362349,0.051988,0.017801,0.017392,0.130468,0.160483
0.010312,0.009892,0.032957,0.014066,0.487377,0.020668,0.103264,0.192749,0.110659,0.018056
0.012349,0.787445,0.013561,0.012377,0.015750,0.012609,0.011307,0.014638,0.015842,0.104121
0.009795,0.379132,0.086593,0.004821,0.263170,0.006936,0.035713,0.006514,0.202323,0.005002
0.009012,0.007847,0.048151,0.214113,0.408807,0.010855,0.016787,0.053820,0.223194,0.007414
0.013783,0.810306,0.015916,0.011214,0.017113,0.016125,0.024816,0.059635,0.019445,0.011646
0.023279,0.021960,0.456423,0.024945,0.079580,0.021934,0.048030,0.034351,0.244876,0.044623
0.003436,0.242976,0.020200,0.024926,0.176901,0.021898,0.015087,0.267632,0.150729,0.076216
0.017365,0.013524,0.083615,0.023590,0.078081,0.041647,0.049342,0.365018,0.060831,0.266987
0.014496,0.007509,0.118681,0.007113,0.323713,0.013485,0.004903,0.433233,0.071513,0.005353
0.012010,0.009836,0.026362,0.010210,0.424068,0.010369,0.064489,0.193159,0.113957,0.135539
0.086114,0.007829,0.080293,0.310736,0.071306,0.053391,0.026160,0.008179,0.348580,0.007412
0.014896,0.073828,0.139360,0.336879,0.018039,0.017180,0.012588,0.016736,0.349140,0.021355
0.064027,0.015671,0.309930,0.021428,0.038128,0.021597,0.013250,0.120567,0.177602,0.217799
0.008578,0.045715,0.088952,0.010634,0.012506,0.011798,0.044998,0.548919,0.216330,0.011570
0.008774,0.492398,0.060616,0.007260,0.014286,0.009412,0.009390,0.166972,0.221597,0.009295
0.048678,0.045242,0.311127,0.055594,0.098217,0.119857,0.103526,0.048024,0.066787,0.102948
0.004081,0.004563,0.266213,0.042551,0.219528,0.036641,0.086767,0.118520,0.129996,0.091140
0.104250,0.259685,0.186281,0.148875,0.008962,0.019081,0.008255,0.005527,0.176515,0.082568
0.006129,0.327791,0.016278,0.004163,0.202190,0.012289,0.059024,0.141328,0.225481,0.005325
0.070355,0.048200,0.176242,0.018439,0.034966,0.030668,0.007459,0.231107,0.374296,0.008269
0.013283,0.033247,0.033942,0.015069,0.032314,0.023816,0.098357,0.383181,0.346084,0.020706
0.009835,0.011783,0.020481,0.011343,0.402986,0.013132,0.071766,0.011964,0.335919,0.110790
0.068999,0.036503,0.209386,0.012210,0.027031,0.015626,0.023566,0.206488,0.388768,0.011423
0.075541,0.012422,0.349428,0.010799,0.034954,0.009127,0.265980,0.213241,0.017689,0.010818
0.023625,0.027066,0.045598,0.021388,0.048486,0.031074,0.019894,0.412055,0.337930,0.032883
0.023008,0.011128,0.106009,0.012937,0.021906,0.012013,0.064627,0.720976,0.016123,0.011271
0.007911,0.047813,0.017989,0.008495,0.361496,0.017933,0.017849,0.496239,0.017110,0.007163
0.024736,0.319219,0.026950,0.011727,0.182733,0.023971,0.008165,0.172827,0.219950,0.009721
0.009111,0.021326,0.020638,0.216084,0.012580,0.012253,0.013242,0.587057,0.014557,0.093153
0.004352,0.006122,0.135089,0.004334,0.233768,0.027361,0.069237,0.332471,0.182506,0.004759
0.156687,0.612738,0.107520,0.011954,0.017833,0.010174,0.019677,0.040395,0.012182,0.010841
0.007657,0.007613,0.010604,0.215755,0.398532,0.013273,0.015827,0.009759,0.227411,0.093570
0.010142,0.060125,0.130331,0.266441,0.453268,0.012428,0.022241,0.009911,0.019044,0.016068
0.007224,0.515504,0.201555,0.010627,0.041489,0.021140,0.047875,0.012343,0.134241,0.008003
0.012630,0.013871,0.071763,0.013916,0.052501,0.112427,0.037657,0.034204,0.595976,0.055056
0.004924,0.306241,0.007125,0.004902,0.255806,0.005551,0.004428,0.328965,0.006944,0.075113
0.078679,0.010577,0.235552,0.014313,0.046331,0.047490,0.020447,0.193505,0.326362,0.026743
0.007360,0.408852,0.103938,0.198099,0.012358,0.008441,0.012312,0.007984,0.233495,0.007163
0.133391,0.005137,0.054465,0.005356,0.034497,0.018035,0.112781,0.396775,0.217822,0.021740
0.018259,0.030678,0.031903,0.007003,0.263256,0.019711,0.187761,0.169115,0.158883,0.113431
0.014645,0.015274,0.032078,0.056404,0.019686,0.016217,0.072705,0.284641,0.341643,0.146708
0.085993,0.710535,0.028878,0.014322,0.047412,0.053702,0.008341,0.014615,0.015269,0.020934
0.011074,0.011283,0.332965,0.048411,0.058841,0.085122,0.147800,0.011083,0.050899,0.242523
0.011079,0.763000,0.044721,0.016088,0.029724,0.056029,0.017968,0.015880,0.032381,0.013129
0.036011,0.280139,0.025577,0.004901,0.183965,0.010904,0.047962,0.104222,0.188026,0.118292
0.039824,0.043848,0.095535,0.005836,0.214226,0.012436,0.063870,0.330314,0.115791,0.078321
0.011195,0.042246,0.222322,0.010326,0.029101,0.019364,0.132902,0.075143,0.247784,0.209617
0.008638,0.006816,0.196005,0.008044,0.034386,0.043551,0.231903,0.172087,0.290947,0.007623
0.006311,0.477837,0.018375,0.007877,0.026482,0.035868,0.076981,0.011899,0.325952,0.012418
0.005274,0.337183,0.219356,0.032561,0.023500,0.012872,0.055365,0.197820,0.007919,0.108150
0.011251,0.037485,0.034578,0.011585,0.475184,0.017061,0.020280,0.019062,0.346072,0.027443
0.005589,0.007815,0.217352,0.196030,0.270955,0.009133,0.072513,0.127312,0.078187,0.015116
0.006796,0.502058,0.039846,0.198224,0.015456,0.009976,0.015336,0.050896,0.150766,0.010646
0.026521,0.414921,0.033386,0.007249,0.007545,0.007201,0.006080,0.402159,0.008463,0.086474
0.008992,0.014748,0.200593,0.010689,0.064212,0.036284,0.047872,0.381329,0.192774,0.042507
0.009961,0.013463,0.031252,0.011181,0.431851,0.010154,0.014096,0.010659,0.352989,0.114395
0.005435,0.005039,0.107012,0.007337,0.247303,0.009179,0.011975,0.360868,0.170005,0.075845
0.007905,0.294333,0.029480,0.004171,0.219858,0.005453,0.032015,0.284990,0.075124,0.046669
0.037080,0.009926,0.076158,0.011013,0.414105,0.020343,0.101123,0.049263,0.167017,0.113974
0.010449,0.348372,0.039635,0.006613,0.191449,0.005694,0.007325,0.169800,0.213576,0.007088
0.138230,0.025145,0.020688,0.005341,0.249807,0.016681,0.004282,0.403421,0.024987,0.111416
0.017828,0.011136,0.027383,0.252590,0.347589,0.017192,0.040208,0.266484,0.011366,0.008223
0.010063,0.715714,0.030875,0.013673,0.029698,0.013315,0.110036,0.051804,0.014962,0.009860
0.010244,0.596302,0.011224,0.008919,0.011223,0.009342,0.012059,0.010790,0.319485,0.010410
0.064502,0.115131,0.195043,0.019732,0.030384,0.020923,0.149999,0.021552,0.347733,0.035000
0.006754,0.006981,0.270892,0.007946,0.369042,0.017449,0.014829,0.048946,0.249175,0.007986
0.011293,0.791478,0.035076,0.016152,0.036059,0.028337,0.019988,0.011430,0.037126,0.013061
0.126783,0.487136,0.012909,0.007675,0.011277,0.010407,0.058109,0.187463,0.010309,0.087932
0.009315,0.032743,0.032513,0.285178,0.024058,0.054487,0.092103,0.007199,0.307886,0.154517
0.020927,0.104669,0.036382,0.019434,0.030413,0.023253,0.034647,0.523205,0.176485,0.030585
0.038680,0.310447,0.107221,0.032836,0.230103,0.011473,0.056184,0.008589,0.199950,0.004517
0.013113,0.030197,0.115119,0.012654,0.548040,0.013632,0.021390,0.067114,0.014597,0.164146
0.016500,0.006281,0.263562,0.006340,0.025517,0.011969,0.060506,0.451464,0.141693,0.016168
0.029707,0.088934,0.093067,0.011132,0.033361,0.028141,0.046121,0.285398,0.373610,0.010530
0.010738,0.030590,0.033211,0.011337,0.380447,0.013734,0.008933,0.218101,0.272156,0.020753
0.006877,0.009854,0.060767,0.007322,0.365010,0.011921,0.029257,0.066409,0.298117,0.144468
0.089978,0.404928,0.028337,0.007010,0.007509,0.005691,0.009227,0.372876,0.007316,0.067127
0.014879,0.042649,0.047309,0.013633,0.716127,0.013917,0.030396,0.073581,0.017922,0.029586
0.113852,0.434103,0.008850,0.008285,0.373101,0.008441,0.008837,0.025108,0.011248,0.008174
0.011018,0.041771,0.423443,0.010986,0.033472,0.017674,0.131736,0.096855,0.018572,0.214472
0.010742,0.109222,0.106585,0.051534,0.066257,0.036520,0.274472,0.317834,0.017149,0.009686
0.182059,0.035784,0.215089,0.014766,0.304644,0.054686,0.160537,0.006919,0.017894,0.007621
0.008619,0.009949,0.016302,0.015263,0.250455,0.017333,0.007229,0.481323,0.184428,0.009100
0.035437,0.136411,0.295347,0.041941,0.105995,0.057019,0.113725,0.067205,0.112847,0.034074
0.054967,0.014313,0.044699,0.016222,0.572928,0.014039,0.137546,0.098442,0.033237,0.013608
0.008529,0.008457,0.047001,0.317802,0.038072,0.061457,0.029359,0.101704,0.378307,0.009312
0.012797,0.125573,0.053934,0.021834,0.069046,0.077744,0.220859,0.012048,0.363903,0.042263
0.007721,0.006771,0.022028,0.041956,0.378030,0.012051,0.056244,0.448867,0.010244,0.016089
0.023134,0.007458,0.009602,0.008996,0.370028,0.007490,0.006634,0.471079,0.012136,0.083442
0.021999,0.006811,0.069938,0.014141,0.046766,0.023892,0.237901,0.261322,0.288944,0.028287
0.009712,0.009868,0.021017,0.021543,0.354196,0.012611,0.018426,0.270373,0.264174,0.018081
0.198306,0.480031,0.026954,0.007492,0.015859,0.044217,0.015756,0.184939,0.018483,0.007963
0.010088,0.746316,0.022379,0.014720,0.019144,0.016009,0.099644,0.044907,0.015671,0.011122
0.010004,0.437551,0.032875,0.008025,0.008642,0.011492,0.025412,0.449982,0.008593,0.007424
0.014542,0.243598,0.010627,0.003084,0.178918,0.008799,0.006786,0.297091,0.160707,0.075849
0.045711,0.007400,0.266578,0.006688,0.418289,0.014190,0.006226,0.194265,0.015701,0.024953
0.013939,0.014549,0.207932,0.013856,0.026654,0.018112,0.027860,0.313849,0.141124,0.222126
0.011230,0.010001,0.401424,0.073722,0.035011,0.020119,0.069180,0.010990,0.358541,0.009781
0.010219,0.032493,0.176897,0.025725,0.026649,0.019894,0.103791,0.300613,0.293840,0.009879
0.008333,0.449853,0.008935,0.009389,0.009277,0.012210,0.009507,0.473476,0.010003,0.009016
0.025251,0.324055,0.049121,0.006503,0.217390,0.009304,0.011370,0.343935,0.006550,0.006523
0.010263,0.010085,0.028762,0.009531,0.541040,0.013730,0.017254,0.323476,0.024631,0.021227
0.034740,0.011319,0.138243,0.008569,0.453762,0.008806,0.075318,0.156400,0.094545,0.018297
0.009169,0.045308,0.034499,0.332248,0.044773,0.029406,0.007329,0.115255,0.373850,0.008164
0.018093,0.010894,0.012420,0.009635,0.449972,0.011329,0.028695,0.009007,0.313029,0.136926
0.005616,0.363505,0.030229,0.005086,0.017469,0.035471,0.088836,0.170546,0.277378,0.005863
0.016053,0.574368,0.012847,0.010687,0.010686,0.010737,0.008971,0.010540,0.335465,0.009645
0.015592,0.009014,0.048502,0.198457,0.316490,0.014712,0.014774,0.010481,0.254474,0.117503
0.054728,0.045605,0.051572,0.040773,0.037323,0.039129,0.142494,0.039929,0.268892,0.279557
0.006874,0.024788,0.052965,0.018685,0.017892,0.010450,0.064111,0.512135,0.275726,0.016374
0.006619,0.065800,0.205168,0.007977,0.053030,0.051530,0.147992,0.249671,0.187663,0.024550
0.048904,0.012267,0.110354,0.008795,0.382343,0.012939,0.075439,0.011078,0.234650,0.103230
0.009474,0.014143,0.177509,0.008550,0.415125,0.060849,0.205715,0.028089,0.045511,0.035034
0.220640,0.011554,0.029756,0.014010,0.054088,0.050061,0.141785,0.310258,0.141439,0.026410
0.138862,0.011991,0.110414,0.043746,0.024110,0.021960,0.008501,0.612037,0.013096,0.015283
0.043403,0.635526,0.028560,0.010411,0.035726,0.023401,0.007475,0.008926,0.013493,0.193079
0.008859,0.009071,0.034622,0.010901,0.515951,0.013724,0.014754,0.014514,0.356708,0.020899
0.014343,0.637587,0.012392,0.011321,0.014347,0.012932,0.018690,0.011729,0.162530,0.104127
0.015830,0.018494,0.100548,0.015804,0.033051,0.036357,0.113637,0.113962,0.536510,0.015807
0.007682,0.010720,0.067537,0.007051,0.441600,0.027531,0.022771,0.022738,0.218796,0.173575
0.020004,0.023691,0.246192,0.018629,0.026989,0.036081,0.034677,0.290935,0.026123,0.276679
0.037845,0.407323,0.035173,0.011551,0.238705,0.007765,0.013349,0.032860,0.129317,0.086111
0.006935,0.424200,0.008832,0.009291,0.008076,0.007877,0.008799,0.449186,0.008595,0.068209
0.283772,0.014503,0.122053,0.018139,0.059861,0.024097,0.038447,0.353914,0.048682,0.036532
0.025249,0.022368,0.059023,0.021632,0.067488,0.056033,0.180212,0.492027,0.031487,0.044481
0.008448,0.085455,0.042375,0.035036,0.479057,0.027865,0.021801,0.021898,0.039387,0.238679
0.009170,0.477196,0.064021,0.007628,0.010405,0.008809,0.009816,0.174205,0.228991,0.009758
0.021770,0.079242,0.064645,0.017321,0.102135,0.053261,0.300768,0.222206,0.079828,0.058821
0.005377,0.379574,0.032882,0.006220,0.024230,0.029079,0.011259,0.136782,0.266960,0.107637
0.010488,0.067047,0.023737,0.055731,0.021472,0.017275,0.026587,0.752743,0.014192,0.010727
0.008288,0.511333,0.055148,0.203945,0.011559,0.011475,0.017182,0.027476,0.143846,0.009749
0.026200,0.025098,0.068847,0.029553,0.042328,0.036952,0.087956,0.033629,0.252157,0.397281
0.021483,0.091280,0.492794,0.021925,0.101222,0.043426,0.078598,0.046592,0.039189,0.063492
0.015921,0.007832,0.099762,0.220488,0.234707,0.017928,0.069899,0.200715,0.013297,0.119450
0.006891,0.447802,0.008730,0.008886,0.013942,0.008022,0.006705,0.480166,0.009907,0.008949
0.028460,0.421008,0.051115,0.021601,0.306338,0.006658,0.008242,0.097012,0.052062,0.007504
0.189658,0.035198,0.364704,0.009343,0.025328,0.009842,0.232622,0.082537,0.028310,0.022459
0.042983,0.009839,0.153616,0.012193,0.361702,0.014292,0.081044,0.007570,0.292918,0.023843
0.054075,0.007986,0.118406,0.007279,0.025498,0.042220,0.021508,0.463027,0.241750,0.018252
0.072059,0.013562,0.086219,0.029434,0.558074,0.010091,0.111021,0.082755,0.027082,0.009704
0.158061,0.074406,0.069655,0.034997,0.050011,0.052794,0.164680,0.038111,0.043936,0.313348
0.038510,0.587836,0.126331,0.008711,0.037242,0.052604,0.109898,0.015060,0.014607,0.009201
0.007516,0.008308,0.024612,0.041817,0.420719,0.008063,0.011370,0.239163,0.229219,0.009214
0.025769,0.009847,0.215865,0.009694,0.041535,0.018449,0.024138,0.244469,0.383853,0.026381
0.017113,0.060571,0.340172,0.103573,0.046184,0.028735,0.154592,0.016757,0.195339,0.036965
0.026920,0.025141,0.080604,0.024498,0.053948,0.040723,0.033756,0.026685,0.664059,0.023667
0.009475,0.625559,0.010546,0.011877,0.013948,0.016488,0.021099,0.011535,0.270002,0.009471
0.005796,0.454137,0.024073,0.009112,0.028121,0.016531,0.074155,0.198030,0.177238,0.012806
0.006129,0.006501,0.018488,0.163355,0.312979,0.008308,0.014648,0.446163,0.012373,0.011056
0.050006,0.033630,0.256985,0.113223,0.048263,0.037489,0.055428,0.026992,0.034592,0.343392
0.011236,0.008885,0.114698,0.013804,0.474061,0.014669,0.088554,0.219101,0.031240,0.023753
0.129823,0.051905,0.140810,0.009769,0.015950,0.014425,0.014716,0.240021,0.286008,0.096574
0.005210,0.343719,0.040985,0.148028,0.234423,0.005615,0.024590,0.018211,0.172231,0.006987
0.009694,0.623473,0.011739,0.009660,0.017987,0.009865,0.020086,0.011755,0.273561,0.012180
0.027958,0.021086,0.234364,0.037199,0.330941,0.010412,0.014092,0.006416,0.231972,0.085560
0.171593,0.407856,0.041594,0.009104,0.016529,0.016430,0.079999,0.069889,0.009679,0.177328
0.052143,0.076717,0.465381,0.026076,0.053984,0.022548,0.048088,0.172645,0.056355,0.026064
0.011581,0.011538,0.171872,0.010496,0.434486,0.019402,0.070659,0.069209,0.019546,0.181211
0.011397,0.009958,0.025889,0.011724,0.013116,0.010806,0.082368,0.649634,0.172941,0.012168
0.043313,0.465489,0.108554,0.006101,0.016791,0.006191,0.023572,0.180980,0.009513,0.139495
0.011995,0.785144,0.068771,0.011931,0.016045,0.013511,0.015354,0.047970,0.014494,0.014786
0.124191,0.026176,0.104850,0.022483,0.352653,0.011196,0.048283,0.046391,0.244557,0.019222
0.009917,0.007493,0.038159,0.014838,0.402484,0.057420,0.098952,0.223196,0.140505,0.007037
0.013356,0.013551,0.099625,0.015411,0.032594,0.030913,0.146099,0.109371,0.526330,0.012749
0.048700,0.054625,0.146506,0.209445,0.016942,0.011652,0.065997,0.058752,0.284091,0.103290
0.011360,0.397670,0.033545,0.011138,0.284873,0.006441,0.027965,0.007454,0.213433,0.006121
0.119882,0.006840,0.252487,0.007850,0.360916,0.006715,0.014421,0.010413,0.212714,0.007762
0.005267,0.401562,0.018133,0.008727,0.018904,0.014701,0.026639,0.220498,0.274359,0.011212
0.010229,0.434841,0.056832,0.007211,0.008395,0.008596,0.008784,0.446485,0.009652,0.008974
0.017700,0.422294,0.034345,0.006471,0.010303,0.008872,0.014411,0.217866,0.260308,0.007429
0.009929,0.024034,0.011623,0.041129,0.014259,0.011455,0.051964,0.591429,0.233383,0.010797
0.068353,0.131304,0.226024,0.023668,0.057541,0.033169,0.048443,0.030161,0.030300,0.351036
0.008271,0.355210,0.039545,0.005211,0.215448,0.005941,0.007682,0.158532,0.197438,0.006722
0.021108,0.705559,0.012038,0.010582,0.014839,0.018711,0.023580,0.013006,0.015099,0.165478
0.006899,0.010769,0.030052,0.015646,0.442494,0.060918,0.006430,0.073764,0.324298,0.028730
0.014110,0.017040,0.101558,0.015198,0.035316,0.020739,0.040534,0.321401,0.418850,0.015255
0.021721,0.022076,0.037994,0.027293,0.054155,0.051813,0.139858,0.138484,0.484338,0.022268
0.008902,0.009231,0.195663,0.008986,0.518788,0.017485,0.024905,0.009483,0.017589,0.188967
0.185134,0.011668,0.128263,0.320300,0.019501,0.017712,0.018853,0.264679,0.015598,0.018293
0.023951,0.020650,0.015859,0.007904,0.311154,0.011098,0.014123,0.461419,0.127125,0.006718
0.031241,0.041680,0.127575,0.037215,0.063099,0.074251,0.062252,0.034840,0.056167,0.471679
0.043177,0.044879,0.021563,0.007511,0.020511,0.011360,0.030179,0.513184,0.295087,0.012551
0.004957,0.395514,0.015357,0.005203,0.291318,0.006796,0.052881,0.035379,0.184630,0.007964
0.073222,0.007108,0.066334,0.007096,0.378932,0.023206,0.115131,0.018584,0.283985,0.026402
0.014284,0.588485,0.010084,0.010737,0.010306,0.014823,0.008689,0.010066,0.219184,0.113342
0.006200,0.401257,0.232432,0.231733,0.013501,0.037240,0.011751,0.046310,0.010486,0.009090
0.059711,0.008945,0.139491,0.008889,0.314458,0.013081,0.164442,0.165439,0.009165,0.116379
0.008379,0.083629,0.157579,0.012596,0.038764,0.064056,0.157232,0.107622,0.362122,0.008020
0.126887,0.023396,0.127953,0.041411,0.354628,0.006127,0.005437,0.211374,0.008602,0.094185
0.004180,0.336945,0.129962,0.005075,0.240796,0.004868,0.009686,0.163905,0.100135,0.004449
0.037084,0.005283,0.213274,0.004329,0.205208,0.011780,0.117729,0.304335,0.005565,0.095412
0.015090,0.007140,0.263463,0.007958,0.280680,0.039208,0.146969,0.013592,0.208377,0.017523
0.006933,0.020135,0.039594,0.036203,0.305537,0.010334,0.014028,0.443118,0.014672,0.109447
0.015829,0.020266,0.248329,0.082974,0.030303,0.038283,0.050456,0.477811,0.020545,0.015205
0.044142,0.011823,0.227182,0.065035,0.026688,0.014715,0.022705,0.392125,0.031078,0.164507
0.123185,0.055702,0.058946,0.021152,0.520807,0.089850,0.034502,0.029957,0.054893,0.011004
0.007052,0.045748,0.019891,0.007464,0.384982,0.015989,0.015673,0.485544,0.010519,0.007138
0.013909,0.013199,0.248208,0.012966,0.596896,0.032100,0.020534,0.019033,0.028109,0.015046
0.006344,0.008866,0.058490,0.047637,0.332221,0.010766,0.047539,0.148930,0.235080,0.104126
0.005191,0.005289,0.018399,0.005300,0.255019,0.016856,0.068227,0.399255,0.221661,0.004803
0.013191,0.011381,0.219340,0.015871,0.076875,0.038711,0.036092,0.109392,0.214169,0.264980
0.023436,0.301801,0.026796,0.010670,0.231440,0.024487,0.059449,0.008448,0.218918,0.094555
0.029007,0.025990,0.094161,0.030986,0.058716,0.043615,0.040089,0.616049,0.035568,0.025818
0.027767,0.033217,0.048758,0.027695,0.043048,0.036345,0.045141,0.405897,0.042191,0.289941
0.004952,0.006976,0.156472,0.005237,0.280195,0.017971,0.004262,0.187928,0.202711,0.133295
0.007957,0.007643,0.029045,0.019833,0.335752,0.012787,0.013727,0.546619,0.019551,0.007086
0.010765,0.013779,0.366585,0.301198,0.021123,0.019490,0.019260,0.013125,0.108237,0.126437
0.009031,0.009380,0.029999,0.011052,0.043499,0.071579,0.007574,0.787122,0.020156,0.010608
0.219083,0.018611,0.147640,0.064621,0.026026,0.014772,0.029360,0.237251,0.026632,0.216005
0.044230,0.041942,0.080406,0.188506,0.055972,0.078160,0.335464,0.043776,0.067453,0.064092
0.009451,0.007160,0.050490,0.063145,0.392097,0.052983,0.119392,0.267265,0.031003,0.007014
0.029503,0.012460,0.100521,0.343260,0.028842,0.021429,0.108835,0.075394,0.254472,0.025283
0.008519,0.008635,0.013276,0.008396,0.433225,0.014225,0.022698,0.153743,0.327272,0.010010
0.009152,0.542267,0.022973,0.017299,0.035247,0.019726,0.014899,0.010093,0.319844,0.008501
0.026849,0.386267,0.067067,0.005222,0.274177,0.006004,0.007633,0.124430,0.096232,0.006118
0.022241,0.009895,0.370236,0.009595,0.021407,0.021175,0.072000,0.073328,0.379423,0.020700
0.008610,0.557285,0.033350,0.016745,0.019192,0.020651,0.095080,0.217062,0.022841,0.009184
0.019351,0.008814,0.060448,0.009078,0.016069,0.010258,0.013187,0.543810,0.209462,0.109523
0.010939,0.011281,0.441494,0.013031,0.031071,0.020302,0.009908,0.225137,0.035113,0.201724
0.017008,0.069581,0.351676,0.014894,0.064097,0.032065,0.013716,0.363107,0.030509,0.043349
0.009508,0.010888,0.212828,0.011198,0.070145,0.037957,0.250001,0.329398,0.057945,0.010131
0.007049,0.459371,0.016130,0.031362,0.317309,0.008114,0.015929,0.042113,0.011286,0.091335
0.034793,0.425685,0.094030,0.008112,0.243339,0.015509,0.013125,0.009371,0.149455,0.006581
0.011880,0.015401,0.016774,0.012048,0.440664,0.017715,0.074458,0.057554,0.333237,0.020269
0.047006,0.005609,0.138718,0.012205,0.308388,0.045185,0.093169,0.005780,0.230200,0.113740
0.008697,0.618919,0.141267,0.010349,0.017048,0.008936,0.017203,0.008629,0.011204,0.157749
0.046353,0.023239,0.052652,0.023042,0.045402,0.053594,0.043223,0.325425,0.365144,0.021925
0.089791,0.008439,0.203620,0.079066,0.056153,0.066901,0.141591,0.025818,0.158859,0.169761
0.006539,0.007201,0.014043,0.008437,0.350142,0.015715,0.006221,0.449129,0.065444,0.077128
0.026415,0.012687,0.045611,0.010945,0.423998,0.031800,0.025744,0.025175,0.366281,0.031344
0.242408,0.015391,0.036468,0.017210,0.570415,0.023914,0.032040,0.016135,0.031424,0.014595
0.009167,0.010396,0.153310,0.009603,0.343243,0.012989,0.017882,0.014185,0.305239,0.123986
0.004448,0.320561,0.029690,0.006500,0.208329,0.026442,0.010247,0.051365,0.235891,0.106527
0.006123,0.425068,0.009815,0.006070,0.240185,0.012041,0.013604,0.026401,0.253145,0.007547
0.171486,0.034020,0.085945,0.037833,0.049532,0.040871,0.061205,0.185291,0.301417,0.032399
0.005489,0.371498,0.151831,0.005193,0.012175,0.005289,0.057568,0.375881,0.007288,0.007787
0.093497,0.043819,0.052813,0.037335,0.044127,0.035068,0.062843,0.041200,0.288609,0.300689
0.006179,0.008541,0.057753,0.008355,0.295094,0.019933,0.025473,0.525690,0.029601,0.023381
0.007277,0.007375,0.040732,0.007602,0.415919,0.048498,0.239792,0.020203,0.205703,0.006899
0.012831,0.006821,0.008263,0.006730,0.307227,0.009596,0.011837,0.405468,0.160997,0.070231
0.381329,0.069917,0.150125,0.018626,0.052508,0.044297,0.169955,0.032355,0.061950,0.018937
0.012844,0.071994,0.027087,0.011105,0.590142,0.017977,0.029158,0.015353,0.211319,0.013021
0.006284,0.440544,0.159131,0.016771,0.031738,0.016591,0.015877,0.009614,0.289639,0.013811
0.016793,0.018441,0.065661,0.016599,0.083508,0.115934,0.066404,0.516945,0.081102,0.018613
0.009503,0.011532,0.116755,0.017929,0.459591,0.015790,0.018482,0.256184,0.085558,0.008675
0.005295,0.358929,0.012957,0.007466,0.009934,0.006489,0.012672,0.401385,0.114136,0.070738
0.009092,0.009569,0.088852,0.011191,0.424222,0.021516,0.241145,0.017023,0.030089,0.147302
0.008495,0.073268,0.078200,0.273578,0.483181,0.015940,0.031729,0.009142,0.016217,0.010250
0.012619,0.011478,0.025773,0.011843,0.426204,0.026216,0.025947,0.334340,0.114154,0.011427
0.011882,0.093283,0.095562,0.013084,0.562719,0.032199,0.037093,0.106446,0.037219,0.010513
0.005333,0.300597,0.026014,0.005482,0.243126,0.006614,0.008309,0.335225,0.006198,0.063101
0.046288,0.004596,0.140184,0.177404,0.020011,0.028040,0.025409,0.411587,0.018213,0.128268
0.006700,0.007540,0.058438,0.009215,0.045648,0.060481,0.241505,0.228762,0.334684,0.007025
0.010021,0.013936,0.042911,0.012866,0.444027,0.028442,0.214106,0.207903,0.016088,0.009700
0.097113,0.047313,0.047912,0.009218,0.505346,0.030478,0.117527,0.086479,0.022960,0.035653
0.122220,0.511064,0.009702,0.207327,0.015411,0.008400,0.018539,0.010152,0.010191,0.086993
0.044863,0.043356,0.214883,0.231829,0.077920,0.105721,0.088167,0.060670,0.089557,0.043034
0.006391,0.010330,0.039063,0.007419,0.066871,0.024608,0.235040,0.269026,0.312302,0.028950
0.007806,0.007978,0.018522,0.203292,0.379041,0.010132,0.010105,0.216399,0.133597,0.013129
0.035351,0.006190,0.018586,0.013234,0.266940,0.014318,0.015233,0.401475,0.221727,0.006946
0.033028,0.015178,0.234278,0.014635,0.026960,0.024252,0.124689,0.077330,0.272445,0.177203
0.039612,0.317282,0.070578,0.005677,0.255589,0.029777,0.007544,0.149982,0.014499,0.109460
0.080402,0.027129,0.045309,0.021347,0.707111,0.026274,0.019108,0.022457,0.027176,0.023687
0.005221,0.054081,0.262616,0.006516,0.295799,0.018000,0.170039,0.016751,0.149830,0.021146
0.011034,0.013329,0.389985,0.025345,0.022303,0.021138,0.021092,0.010851,0.312857,0.172067
0.005288,0.295735,0.006096,0.005808,0.237668,0.008290,0.004477,0.312440,0.075980,0.048217
0.038329,0.318530,0.237250,0.004529,0.230332,0.011381,0.014061,0.004612,0.013560,0.127416
0.062709,0.635543,0.056923,0.010973,0.020002,0.011660,0.116747,0.055722,0.014479,0.015242
0.042231,0.021338,0.056444,0.574808,0.051204,0.048906,0.125336,0.027144,0.030973,0.021616
0.009904,0.549746,0.025115,0.010284,0.014135,0.011865,0.018953,0.010792,0.337498,0.011707
0.006045,0.060321,0.360037,0.008097,0.037224,0.046107,0.107694,0.077547,0.174709,0.122219
0.162666,0.006039,0.119105,0.057097,0.037460,0.020347,0.005141,0.163308,0.263365,0.165471
0.007765,0.010483,0.091009,0.007653,0.338778,0.010706,0.071007,0.168443,0.279471,0.014686
0.018296,0.617163,0.065079,0.010756,0.010518,0.009580,0.020428,0.010036,0.149856,0.088287
0.008432,0.522930,0.013134,0.009847,0.010872,0.009396,0.010639,0.010093,0.322060,0.082597
0.013464,0.014016,0.060853,0.016854,0.677697,0.013522,0.049101,0.095559,0.045970,0.012963
0.005496,0.402750,0.032802,0.005905,0.289908,0.007919,0.011324,0.116241,0.122475,0.005180
0.030392,0.154726,0.059568,0.032869,0.043012,0.051120,0.041816,0.028551,0.254282,0.303663
0.003056,0.219398,0.035931,0.027238,0.181933,0.009266,0.002764,0.287700,0.158175,0.074538
0.005600,0.397075,0.031837,0.181380,0.290972,0.011715,0.060361,0.007266,0.007628,0.006165
0.009597,0.364945,0.025997,0.008834,0.008582,0.008300,0.045750,0.429308,0.007943,0.090743
0.024876,0.015895,0.026813,0.027173,0.618199,0.023852,0.017563,0.016538,0.215636,0.013455
0.006004,0.457637,0.021671,0.011293,0.330765,0.013606,0.013498,0.124921,0.013590,0.007015
0.055280,0.029435,0.403454,0.032253,0.054597,0.035660,0.256817,0.035020,0.050500,0.046983
0.009316,0.010317,0.014330,0.009860,0.017143,0.020118,0.064546,0.680170,0.014093,0.160108
0.027299,0.012317,0.183725,0.012581,0.578607,0.017286,0.121904,0.017337,0.016676,0.012268
0.049417,0.031199,0.049535,0.062009,0.313280,0.042034,0.118790,0.017235,0.129111,0.187390
0.005871,0.007772,0.265867,0.011070,0.300243,0.017645,0.015330,0.133194,0.222430,0.020578
0.008873,0.009030,0.190872,0.011114,0.019932,0.023011,0.019124,0.607068,0.094100,0.016875
0.008361,0.008816,0.063244,0.031240,0.303163,0.021698,0.108436,0.163075,0.266096,0.025872
0.043396,0.672442,0.015517,0.010627,0.017316,0.013370,0.012919,0.037203,0.163900,0.013311
0.010085,0.520732,0.009623,0.009414,0.011176,0.014050,0.010577,0.188244,0.141607,0.084493
0.010455,0.706661,0.015174,0.010853,0.013193,0.013318,0.068246,0.039880,0.013218,0.109001
0.012243,0.091531,0.085113,0.009575,0.495627,0.072798,0.150372,0.027865,0.044466,0.010409
0.069870,0.100028,0.092703,0.071743,0.094018,0.161917,0.119688,0.089893,0.115637,0.084502
0.037981,0.037168,0.073835,0.034443,0.054869,0.064993,0.286895,0.043517,0.331819,0.034479
0.011811,0.087658,0.232471,0.068770,0.042670,0.018601,0.032802,0.095076,0.384248,0.025893
0.010198,0.009934,0.118738,0.009484,0.019539,0.012583,0.061279,0.630917,0.012322,0.115007
0.049621,0.026849,0.047940,0.111495,0.047980,0.032840,0.032549,0.140652,0.232334,0.277740
0.018786,0.019099,0.162222,0.019303,0.185713,0.067865,0.247100,0.233243,0.028800,0.017869
0.005264,0.005404,0.248201,0.018675,0.024228,0.017708,0.013268,0.416236,0.233383,0.017633
0.009452,0.074172,0.157038,0.007514,0.358645,0.020294,0.112630,0.219802,0.031678,0.008775
0.045245,0.047847,0.021635,0.008649,0.010960,0.018965,0.047461,0.562098,0.228528,0.008612
0.010127,0.009768,0.032378,0.011718,0.428921,0.009618,0.014208,0.010046,0.351192,0.122023
0.021404,0.050807,0.043215,0.021449,0.043939,0.030251,0.037022,0.026767,0.704529,0.020619
0.087946,0.045577,0.098048,0.013866,0.036098,0.018742,0.010075,0.289309,0.371329,0.029009
0.167867,0.049620,0.283462,0.106159,0.095145,0.064082,0.033737,0.062318,0.057264,0.080346
0.009585,0.617278,0.011408,0.011111,0.011690,0.010392,0.012924,0.031838,0.273304,0.010470
0.133347,0.028125,0.031303,0.024443,0.044253,0.052621,0.213938,0.396990,0.049814,0.025166
0.011124,0.010124,0.382121,0.012115,0.037982,0.026376,0.114055,0.261070,0.122929,0.022104
0.008456,0.432752,0.019437,0.006288,0.257675,0.039399,0.079767,0.009202,0.010542,0.136482
0.011208,0.015187,0.046681,0.055773,0.568652,0.025613,0.072186,0.071564,0.113663,0.019472
0.053324,0.235514,0.004199,0.091178,0.198190,0.004208,0.014581,0.245087,0.149315,0.004404
0.004921,0.353300,0.231531,0.008199,0.022673,0.028299,0.091312,0.005549,0.248730,0.005485
0.038691,0.010873,0.015240,0.010669,0.585043,0.019969,0.017189,0.013986,0.112081,0.176258
0.280994,0.108357,0.085736,0.021895,0.039069,0.039012,0.141425,0.021194,0.040655,0.221662
0.020906,0.019824,0.066810,0.018804,0.042894,0.041802,0.029225,0.026549,0.714881,0.018306
0.005389,0.368786,0.136108,0.039110,0.018632,0.028612,0.012315,0.139975,0.245664,0.005408
0.007952,0.480452,0.008550,0.007829,0.008685,0.010245,0.047492,0.220872,0.198784,0.009138
0.271971,0.010353,0.036103,0.009803,0.030732,0.072078,0.127620,0.370892,0.040106,0.030342
0.036395,0.384798,0.092052,0.004806,0.236617,0.006408,0.004403,0.031573,0.197967,0.004981
0.025129,0.012852,0.021981,0.009360,0.013481,0.013049,0.018467,0.571889,0.216323,0.097469
0.110011,0.023110,0.102115,0.020409,0.034018,0.024597,0.122975,0.309988,0.023365,0.229412
0.010189,0.444763,0.011269,0.006346,0.251866,0.007548,0.013437,0.007823,0.176407,0.070351
0.072442,0.033832,0.077917,0.045366,0.071804,0.045490,0.341956,0.180140,0.071753,0.059300
0.085555,0.064453,0.055788,0.053036,0.098086,0.048416,0.238281,0.245172,0.064874,0.046339
0.425396,0.039186,0.069215,0.031933,0.035051,0.051436,0.231127,0.034971,0.048855,0.032828
0.011149,0.011480,0.190821,0.013943,0.617284,0.011142,0.083841,0.011878,0.015296,0.033166
0.050605,0.031505,0.028169,0.264487,0.349850,0.040885,0.086606,0.006475,0.010194,0.131224
0.009437,0.073562,0.372691,0.026286,0.037794,0.014294,0.082462,0.016318,0.344310,0.022846
0.017417,0.014579,0.021357,0.075464,0.555402,0.015280,0.029867,0.095437,0.147427,0.027770
0.008336,0.284856,0.099492,0.011563,0.163796,0.025842,0.008895,0.312197,0.006068,0.078956
0.009963,0.010837,0.225702,0.013575,0.047788,0.010763,0.286465,0.019447,0.365294,0.010165
0.021374,0.661773,0.011657,0.037493,0.021915,0.014018,0.021760,0.010197,0.187435,0.012378
0.009873,0.037986,0.430372,0.069697,0.045878,0.059926,0.023882,0.074955,0.220423,0.027007
0.009591,0.368277,0.006618,0.007044,0.226895,0.006339,0.007243,0.169170,0.148496,0.050326
0.006516,0.400131,0.010157,0.006227,0.014101,0.008645,0.046287,0.428834,0.008294,0.070808
0.123160,0.028202,0.052908,0.566107,0.038443,0.050907,0.057859,0.028712,0.029389,0.024312
0.005419,0.416106,0.021923,0.046306,0.316315,0.016059,0.012582,0.012171,0.010330,0.142789
0.033909,0.094838,0.129080,0.015002,0.034299,0.021379,0.011577,0.253903,0.376054,0.029957
0.010389,0.546781,0.083411,0.008626,0.014548,0.009746,0.019355,0.284111,0.011873,0.011159
0.059386,0.010518,0.071349,0.010298,0.411027,0.025024,0.181952,0.185859,0.036052,0.008536
0.008155,0.292735,0.064460,0.006026,0.209156,0.026669,0.007456,0.098855,0.203019,0.083469
0.007009,0.006945,0.192666,0.008632,0.334838,0.045226,0.021902,0.182065,0.034317,0.166399
0.102351,0.014469,0.109126,0.021224,0.034793,0.025856,0.164021,0.299816,0.020022,0.208322
0.065162,0.529211,0.046325,0.008658,0.028800,0.048248,0.015600,0.231022,0.011471,0.015503
0.132721,0.537532,0.014172,0.009643,0.011547,0.010284,0.019573,0.158614,0.012210,0.093703
0.010660,0.396619,0.257111,0.035717,0.023793,0.014881,0.010968,0.005419,0.145331,0.099502
0.016188,0.005547,0.268887,0.009813,0.292660,0.041942,0.090481,0.049930,0.219552,0.005001
0.045291,0.023165,0.092650,0.016739,0.074517,0.124825,0.061280,0.435571,0.071712,0.054250
0.008800,0.008293,0.114387,0.215774,0.424989,0.008399,0.016570,0.040396,0.147078,0.015313
0.008643,0.076859,0.351536,0.009211,0.029358,0.015034,0.251546,0.019169,0.215793,0.022849
0.012250,0.016740,0.095431,0.078502,0.032662,0.029102,0.029059,0.410808,0.264506,0.030940
0.088454,0.015792,0.322913,0.020501,0.057749,0.040690,0.340787,0.034478,0.029982,0.048654
0.009716,0.040911,0.371904,0.011795,0.463112,0.018884,0.008548,0.010258,0.035014,0.029858
0.073061,0.323207,0.008514,0.005663,0.006074,0.006409,0.006895,0.322296,0.196795,0.051086
0.005369,0.430405,0.159729,0.005820,0.032045,0.033573,0.004866,0.148907,0.164204,0.015082
0.074486,0.009726,0.083099,0.009392,0.031839,0.009607,0.058984,0.247400,0.324510,0.150956
0.009204,0.008806,0.204380,0.009852,0.374417,0.019901,0.076240,0.009019,0.267476,0.020705
0.067068,0.017615,0.394763,0.042361,0.059125,0.035891,0.239423,0.102364,0.025009,0.016381
0.031758,0.028580,0.313650,0.031835,0.054192,0.042226,0.025543,0.030084,0.050643,0.391488
0.014734,0.552894,0.012115,0.009720,0.014263,0.007950,0.009852,0.009462,0.287202,0.081808
0.128962,0.642332,0.010816,0.011060,0.011127,0.011638,0.033849,0.011689,0.012653,0.125875
0.011644,0.085934,0.263966,0.080314,0.031247,0.067297,0.026037,0.080801,0.162569,0.190192
0.006254,0.009221,0.061907,0.013878,0.295222,0.021548,0.085565,0.159658,0.177954,0.168792
0.129077,0.549899,0.057941,0.010745,0.016522,0.010017,0.036975,0.028328,0.150110,0.010385
0.008645,0.027393,0.022478,0.009990,0.457968,0.012047,0.065298,0.204103,0.173258,0.018820
0.008629,0.009083,0.340446,0.011164,0.024894,0.014753,0.104472,0.187779,0.290441,0.008340
0.014692,0.014068,0.046928,0.076413,0.030174,0.022620,0.020524,0.076893,0.518190,0.179497
0.007844,0.006275,0.037544,0.006148,0.027289,0.046939,0.122298,0.471879,0.266684,0.007100
0.245999,0.009718,0.262308,0.012930,0.063128,0.061591,0.041079,0.029700,0.262831,0.010715
0.016810,0.019317,0.296790,0.016993,0.047186,0.033911,0.035162,0.025506,0.494912,0.013413
0.004823,0.329150,0.246584,0.004401,0.016531,0.025495,0.009711,0.008575,0.242442,0.112288
0.085273,0.018153,0.143270,0.026746,0.048579,0.028118,0.044105,0.019145,0.545573,0.041038
0.049653,0.068161,0.071562,0.062267,0.103937,0.067489,0.131758,0.253227,0.109091,0.082854
0.007820,0.007111,0.271320,0.008643,0.401370,0.012070,0.016714,0.178356,0.088207,0.008390
0.009916,0.008015,0.034072,0.009578,0.034642,0.024701,0.031116,0.680454,0.011539,0.155966
0.139867,0.007109,0.095101,0.047726,0.226672,0.016916,0.116003,0.151232,0.096424,0.102950
0.011824,0.376832,0.025696,0.007292,0.303716,0.011051,0.012423,0.031679,0.208620,0.010867
0.103242,0.033186,0.043860,0.031699,0.052640,0.041149,0.061061,0.042480,0.559301,0.031382
0.077842,0.073036,0.184287,0.010029,0.333847,0.046760,0.097123,0.019515,0.011596,0.145963
0.005442,0.005576,0.015478,0.171765,0.267049,0.012888,0.100245,0.407228,0.008780,0.005549
0.004961,0.354460,0.025846,0.022580,0.009250,0.008461,0.004451,0.360245,0.203113,0.006633
0.038284,0.018102,0.190498,0.021143,0.036726,0.028621,0.042149,0.085088,0.327353,0.212036
0.007988,0.510147,0.021582,0.053921,0.032128,0.040046,0.023585,0.059009,0.021877,0.229715
0.212033,0.075552,0.082444,0.071628,0.104685,0.057741,0.094387,0.079883,0.114536,0.107112
0.012510,0.014244,0.329226,0.012600,0.104586,0.035495,0.138020,0.129039,0.016918,0.207362
0.010283,0.358251,0.024961,0.007368,0.274941,0.028835,0.061592,0.214151,0.009173,0.010445
0.013125,0.013622,0.489032,0.016853,0.039207,0.025432,0.033931,0.308800,0.047419,0.012578
0.014006,0.017881,0.085328,0.033771,0.596464,0.013004,0.011618,0.020142,0.033099,0.174688
0.011395,0.011574,0.096708,0.328717,0.028800,0.017686,0.103040,0.224741,0.017590,0.159749
0.022957,0.018346,0.198646,0.160572,0.013158,0.007836,0.009439,0.377385,0.117085,0.074575
0.005234,0.046551,0.093441,0.006770,0.285586,0.009730,0.140156,0.399626,0.007632,0.005274
0.013351,0.075294,0.127501,0.012988,0.025833,0.017110,0.019938,0.210407,0.350324,0.147255
0.010530,0.423248,0.019934,0.008903,0.020630,0.037187,0.015037,0.043375,0.290832,0.130325
0.010005,0.336601,0.006440,0.004850,0.173765,0.005061,0.006604,0.318505,0.086349,0.051820
0.011762,0.576640,0.065615,0.008809,0.047538,0.048854,0.059330,0.013738,0.145102,0.022613
0.075608,0.014805,0.027482,0.014242,0.019042,0.032485,0.101980,0.018307,0.496280,0.199768
0.006680,0.007420,0.412880,0.006598,0.044151,0.055932,0.151693,0.017877,0.133682,0.163086
0.163009,0.027130,0.036354,0.053651,0.027014,0.045498,0.018194,0.480148,0.026130,0.122873
0.018915,0.019040,0.251812,0.094693,0.038946,0.020675,0.031052,0.127460,0.364443,0.032964
0.021771,0.007121,0.144187,0.067267,0.044316,0.023854,0.030492,0.636918,0.016987,0.007086
0.010911,0.057010,0.095925,0.009919,0.018782,0.018428,0.087610,0.672814,0.012874,0.015727
0.009534,0.080391,0.188107,0.066399,0.417703,0.008741,0.007644,0.018520,0.012345,0.190617
0.005336,0.005187,0.039103,0.157180,0.290146,0.005013,0.044093,0.362530,0.014366,0.077047
0.006752,0.008808,0.319300,0.008409,0.283288,0.039185,0.017241,0.015390,0.280527,0.021100
0.014110,0.565931,0.010425,0.009019,0.013040,0.012885,0.071905,0.280527,0.012853,0.009306
0.069894,0.033121,0.152208,0.011975,0.528013,0.015314,0.077791,0.075715,0.015532,0.020438
0.006929,0.450767,0.049841,0.006965,0.295345,0.038298,0.111150,0.013788,0.010849,0.016069
0.019386,0.099147,0.030785,0.031304,0.025118,0.023452,0.148729,0.394091,0.026661,0.201326
0.035714,0.026344,0.049790,0.005017,0.029565,0.033190,0.171387,0.431187,0.213125,0.004681
0.015662,0.545440,0.044292,0.009223,0.013453,0.009576,0.068643,0.010519,0.271440,0.011751
0.005167,0.338294,0.082130,0.006839,0.017155,0.012689,0.020104,0.439655,0.071860,0.006106
0.006895,0.507284,0.016916,0.007715,0.276754,0.007405,0.012237,0.008826,0.069670,0.086298
0.007672,0.009734,0.031655,0.009436,0.012784,0.014510,0.058087,0.468374,0.274383,0.113365
0.008892,0.008886,0.442488,0.012005,0.044545,0.028174,0.213461,0.008893,0.039475,0.193181
0.070773,0.009906,0.077303,0.013032,0.037453,0.015383,0.017310,0.338831,0.396791,0.023219
0.018852,0.011134,0.106651,0.013299,0.023148,0.022146,0.019849,0.659138,0.014447,0.111336
0.014623,0.604169,0.016469,0.032169,0.013763,0.011089,0.021083,0.011991,0.171689,0.102956
0.014980,0.111883,0.116549,0.020522,0.046227,0.023953,0.010723,0.306486,0.308985,0.039694
0.012638,0.016160,0.031412,0.066033,0.633530,0.012719,0.102018,0.083017,0.018112,0.024362
0.135854,0.007791,0.019431,0.010568,0.411833,0.010024,0.100918,0.182716,0.016700,0.104167
0.005634,0.033890,0.007787,0.005442,0.257532,0.005791,0.043824,0.363491,0.209068,0.067540
0.025438,0.010514,0.083365,0.012491,0.031151,0.015523,0.248321,0.380619,0.030773,0.161805
0.037320,0.021818,0.100668,0.016870,0.036665,0.023542,0.221102,0.024959,0.484385,0.032670
0.017872,0.015609,0.033889,0.016113,0.036777,0.036073,0.021050,0.090941,0.556272,0.175404
0.053013,0.009684,0.121806,0.006873,0.346826,0.041813,0.177609,0.079449,0.016163,0.146764
0.010668,0.012766,0.020786,0.009992,0.511628,0.018204,0.021085,0.012306,0.366345,0.016218
0.015973,0.093247,0.034028,0.013214,0.045386,0.023112,0.061005,0.272077,0.412621,0.029336
0.155542,0.010851,0.096471,0.026594,0.403516,0.015328,0.093616,0.008771,0.181500,0.007811
0.044420,0.007773,0.050061,0.007552,0.299485,0.018371,0.015570,0.209216,0.227876,0.119675
0.011188,0.011795,0.026041,0.011138,0.512150,0.017449,0.027643,0.339918,0.022645,0.020032
0.100248,0.448218,0.012668,0.007927,0.009876,0.012093,0.009066,0.149156,0.244326,0.006422
0.009196,0.012061,0.067241,0.008793,0.437269,0.020024,0.008129,0.014697,0.293646,0.128945
0.022786,0.008905,0.335976,0.013671,0.434201,0.025164,0.028698,0.009287,0.112951,0.008361
0.014605,0.848831,0.017858,0.017752,0.019080,0.015295,0.017373,0.016866,0.018167,0.014172
0.014200,0.534158,0.336993,0.010434,0.027563,0.019820,0.014046,0.014451,0.013062,0.015274
0.044796,0.015541,0.178587,0.014210,0.458954,0.018381,0.023972,0.207363,0.014997,0.023199
0.005716,0.008911,0.123955,0.006349,0.044723,0.020547,0.084776,0.547022,0.030544,0.127456
0.004789,0.338258,0.033110,0.005550,0.215913,0.031543,0.026617,0.121789,0.212148,0.010282
0.009313,0.584926,0.009675,0.008641,0.010534,0.010969,0.030060,0.026360,0.299511,0.010011
0.038392,0.574989,0.062735,0.011007,0.012285,0.011866,0.011477,0.011479,0.256146,0.009624
0.009194,0.032382,0.202307,0.008999,0.023189,0.021236,0.020953,0.658795,0.011984,0.010962
0.015768,0.717696,0.017474,0.009903,0.015127,0.011118,0.047700,0.045545,0.012858,0.106811
0.006198,0.008767,0.326950,0.022177,0.029181,0.038921,0.075855,0.188644,0.285489,0.017818
0.064083,0.006256,0.043739,0.006432,0.048994,0.043281,0.005284,0.488341,0.269635,0.023955
0.010163,0.012530,0.019663,0.010153,0.013916,0.018386,0.012726,0.588087,0.221059,0.093316
0.021779,0.008014,0.008918,0.007073,0.234471,0.006408,0.058704,0.414140,0.229834,0.010657
0.004858,0.382805,0.090359,0.005905,0.243651,0.011997,0.042272,0.122148,0.008077,0.087928
0.036525,0.441031,0.017010,0.006393,0.017596,0.006552,0.014384,0.443373,0.010542,0.006592
0.017782,0.280526,0.164142,0.160614,0.009248,0.010004,0.008755,0.007122,0.221013,0.120793
0.109436,0.010214,0.342092,0.010127,0.063356,0.066457,0.242340,0.097302,0.016946,0.041729
0.060043,0.009755,0.034674,0.374063,0.043164,0.069161,0.151954,0.009239,0.039979,0.207969
0.080050,0.062611,0.134345,0.018928,0.049298,0.025462,0.052908,0.355843,0.205407,0.015148
0.005269,0.027827,0.329609,0.019394,0.024765,0.018041,0.022119,0.519998,0.026115,0.006864
0.063488,0.005863,0.117140,0.234200,0.272214,0.018836,0.076289,0.054022,0.027727,0.130222
0.017723,0.017792,0.030125,0.020396,0.021679,0.019174,0.081288,0.021837,0.595549,0.174437
0.011404,0.468442,0.178001,0.010711,0.014303,0.010565,0.065775,0.008179,0.226266,0.006352
0.005714,0.006043,0.322764,0.050211,0.029378,0.035328,0.070401,0.450141,0.023317,0.006702
0.013233,0.379621,0.146056,0.167330,0.009683,0.010272,0.045996,0.023765,0.197040,0.007004
0.008404,0.570260,0.021687,0.011443,0.018215,0.050499,0.017823,0.266927,0.021946,0.012798
0.012887,0.014832,0.025390,0.011792,0.017876,0.017414,0.015985,0.742480,0.018434,0.122910
0.007382,0.470575,0.008315,0.019796,0.008744,0.012014,0.009366,0.102040,0.290642,0.071125
0.011805,0.017125,0.263146,0.012112,0.029564,0.027289,0.011183,0.013379,0.395575,0.218822
0.026413,0.012789,0.068521,0.041831,0.401394,0.029346,0.147888,0.219996,0.043285,0.008537
0.102005,0.003844,0.036716,0.003553,0.222878,0.030906,0.094546,0.336295,0.165436,0.003821
0.005411,0.262318,0.009624,0.004004,0.009448,0.023759,0.065946,0.342405,0.198422,0.078664
0.008199,0.517332,0.040099,0.023022,0.013291,0.008428,0.007522,0.108827,0.197831,0.075451
0.163966,0.006440,0.293603,0.006362,0.035657,0.047174,0.081487,0.059496,0.181077,0.124739
0.087251,0.403579,0.038032,0.006781,0.007558,0.008113,0.007878,0.176242,0.256501,0.008065
0.004652,0.220777,0.049063,0.139090,0.164883,0.020705,0.043225,0.131383,0.150411,0.075810
0.027126,0.030451,0.030797,0.023557,0.032253,0.044986,0.133527,0.029178,0.621380,0.026747
0.041363,0.006457,0.039702,0.005926,0.030808,0.041478,0.120247,0.583696,0.107282,0.023042
0.047952,0.393406,0.039837,0.211935,0.019297,0.014339,0.012752,0.008128,0.240221,0.012133
0.043488,0.006862,0.041499,0.011198,0.312191,0.040414,0.083194,0.171778,0.283105,0.006271
0.018526,0.631135,0.053169,0.010488,0.019417,0.013411,0.007669,0.047248,0.185252,0.013686
0.028581,0.068052,0.035236,0.122316,0.042120,0.032826,0.022406,0.118219,0.244668,0.285578
0.311066,0.017971,0.103763,0.024660,0.039788,0.028321,0.157576,0.026675,0.046559,0.243621
0.005278,0.342996,0.012720,0.007734,0.020246,0.012606,0.010279,0.466432,0.015437,0.106272
0.019458,0.008561,0.014023,0.006269,0.262323,0.009355,0.046107,0.401151,0.162229,0.070524
0.004885,0.341149,0.209238,0.034517,0.021670,0.012323,0.060936,0.056088,0.143582,0.115612
0.013456,0.087335,0.096793,0.075138,0.029808,0.021973,0.080436,0.100302,0.469024,0.025735
0.171169,0.067604,0.052931,0.291017,0.023134,0.011131,0.071892,0.188969,0.109457,0.012697
0.012270,0.495839,0.012849,0.007857,0.010976,0.011001,0.058438,0.244310,0.069209,0.077251
0.071187,0.012757,0.342496,0.029689,0.457163,0.022267,0.008125,0.018225,0.015499,0.022592
0.006266,0.031488,0.187863,0.007117,0.321634,0.038449,0.004844,0.142266,0.236388,0.023684
0.049872,0.052558,0.157910,0.006466,0.385259,0.015564,0.158443,0.146608,0.020818,0.006503
0.014276,0.402919,0.029297,0.006266,0.008666,0.009388,0.009403,0.431496,0.011275,0.077012
0.009431,0.012480,0.144705,0.011664,0.043133,0.066866,0.142221,0.021289,0.362416,0.185793
0.039178,0.320397,0.229005,0.006810,0.197484,0.011532,0.076212,0.008391,0.007813,0.103178
0.007522,0.007385,0.061631,0.259969,0.427294,0.017515,0.071151,0.013880,0.012499,0.121154
0.020092,0.008265,0.090402,0.005878,0.325528,0.008053,0.048053,0.410726,0.008556,0.074447
0.041758,0.009653,0.021154,0.196306,0.358063,0.016857,0.065199,0.007578,0.270345,0.013086
0.039368,0.074026,0.198940,0.009287,0.023974,0.009578,0.022307,0.060705,0.386237,0.175579
0.005189,0.336525,0.029594,0.011211,0.021890,0.027268,0.010899,0.446236,0.008497,0.102692
0.010041,0.014651,0.186877,0.407440,0.065915,0.033335,0.132434,0.123948,0.015934,0.009426
0.191162,0.011415,0.057369,0.013952,0.035843,0.014831,0.149473,0.352751,0.024435,0.148769
0.062880,0.186971,0.083118,0.033108,0.050333,0.071865,0.050789,0.040407,0.051163,0.369364
0.012636,0.460319,0.101023,0.006509,0.019482,0.041240,0.014981,0.009376,0.322031,0.012403
0.020908,0.025723,0.040366,0.018811,0.028382,0.027502,0.104630,0.387934,0.315710,0.030034
0.007767,0.460936,0.008157,0.007031,0.008404,0.008902,0.009648,0.207243,0.272894,0.009018
0.005070,0.006654,0.244817,0.004389,0.032702,0.038059,0.013783,0.411101,0.136762,0.106664
0.005433,0.028348,0.260597,0.216646,0.308513,0.018679,0.072637,0.053480,0.013634,0.022035
0.063498,0.009578,0.070825,0.009166,0.023867,0.014311,0.022214,0.661048,0.106136,0.019355
0.006782,0.523637,0.017481,0.009386,0.362155,0.007854,0.044759,0.008892,0.012169,0.006884
0.009957,0.038095,0.197209,0.008782,0.032077,0.022936,0.088553,0.212987,0.380627,0.008777
0.012427,0.013965,0.029188,0.014162,0.020625,0.013699,0.062518,0.702643,0.013917,0.116858
0.006749,0.075255,0.176753,0.007545,0.039109,0.058497,0.029149,0.071893,0.330033,0.205018
0.012807,0.016152,0.016411,0.011813,0.600151,0.017626,0.076068,0.015945,0.219330,0.013697
0.012942,0.654697,0.061739,0.012099,0.017806,0.016385,0.013323,0.027930,0.079623,0.103457
0.007185,0.009885,0.067384,0.006298,0.387414,0.024075,0.167954,0.266526,0.035459,0.027819
0.019216,0.024699,0.149405,0.019322,0.071714,0.034573,0.017173,0.020576,0.384514,0.258808
0.020620,0.026021,0.041722,0.021309,0.036390,0.036645,0.026644,0.085367,0.502711,0.202569
0.025848,0.038104,0.230451,0.037801,0.167379,0.093447,0.084879,0.252095,0.044676,0.025320
0.008256,0.013640,0.454059,0.015528,0.042928,0.055843,0.117138,0.021177,0.019400,0.252030
0.010265,0.065489,0.015865,0.010898,0.400647,0.009624,0.062156,0.308674,0.107248,0.009133
0.006518,0.436568,0.327260,0.006446,0.018603,0.039653,0.013987,0.011038,0.010764,0.129164
0.007878,0.025057,0.285209,0.007223,0.018001,0.011319,0.021303,0.525547,0.082187,0.016275
0.010065,0.010362,0.040828,0.008690,0.043638,0.070591,0.127507,0.372497,0.040870,0.274952
0.011100,0.014277,0.029147,0.012457,0.563359,0.015345,0.009893,0.310209,0.021781,0.012432
0.006900,0.007213,0.060653,0.023125,0.344844,0.013873,0.018265,0.509193,0.009303,0.006630
0.008474,0.472827,0.062495,0.008543,0.010227,0.009187,0.016256,0.023757,0.309793,0.078441
0.008168,0.026105,0.020925,0.008701,0.416617,0.020396,0.055235,0.147862,0.288782,0.007209
0.420945,0.033843,0.055223,0.123878,0.069470,0.057228,0.110683,0.033789,0.054309,0.040632
0.036364,0.058551,0.271059,0.007114,0.024248,0.011963,0.030675,0.159225,0.291101,0.109700
0.045126,0.026457,0.121357,0.593002,0.042502,0.051101,0.018180,0.030673,0.051994,0.019607
0.020755,0.027966,0.049039,0.524728,0.044295,0.021262,0.041093,0.025057,0.028685,0.217120
0.009580,0.009419,0.174759,0.085449,0.057896,0.072620,0.108846,0.023829,0.266380,0.191222
0.009458,0.010156,0.068142,0.030719,0.034883,0.046643,0.029945,0.566582,0.011108,0.192362
0.012162,0.710108,0.051550,0.011085,0.014496,0.013876,0.040419,0.036327,0.013460,0.096517
0.010923,0.621991,0.010667,0.011132,0.010982,0.009583,0.012774,0.160164,0.012358,0.139426
0.096945,0.017506,0.049371,0.007471,0.008934,0.008987,0.012310,0.439557,0.264628,0.094292
0.005807,0.322375,0.027526,0.006529,0.006876,0.007015,0.010829,0.333703,0.212445,0.066896
0.006308,0.065264,0.032945,0.006642,0.304775,0.021428,0.027280,0.241487,0.269924,0.023946
0.007589,0.499181,0.097044,0.008334,0.251967,0.010582,0.015711,0.035909,0.065610,0.008074
0.015485,0.005645,0.048825,0.005600,0.319533,0.009255,0.035367,0.425985,0.021070,0.113234
0.010233,0.319712,0.031209,0.005186,0.021284,0.011961,0.003668,0.384602,0.201352,0.010793
0.194689,0.083679,0.188087,0.008811,0.422388,0.014876,0.023879,0.022357,0.012333,0.028902
0.010234,0.010214,0.039904,0.010728,0.062308,0.065975,0.287675,0.317364,0.185477,0.010121
0.009468,0.010558,0.026257,0.008982,0.433038,0.010379,0.115889,0.260553,0.020130,0.104747
0.005445,0.375629,0.134697,0.007230,0.024992,0.028572,0.068310,0.007890,0.238349,0.108887
0.100042,0.024341,0.050613,0.019327,0.044521,0.020211,0.017977,0.021046,0.682900,0.019022
0.024491,0.088082,0.128701,0.016233,0.155201,0.142245,0.243143,0.048085,0.087060,0.066761
0.044732,0.492863,0.126515,0.012635,0.014123,0.016238,0.020684,0.008003,0.253606,0.010601
0.135272,0.005273,0.017286,0.008588,0.028377,0.039152,0.109630,0.406440,0.244883,0.005099
0.005476,0.064018,0.025571,0.010377,0.032870,0.039383,0.005068,0.527508,0.268487,0.021241
0.009012,0.023499,0.151205,0.008852,0.406813,0.018650,0.035291,0.010935,0.234811,0.100932
0.037350,0.580731,0.050039,0.009880,0.011502,0.010084,0.011035,0.034878,0.243449,0.011052
0.006450,0.008050,0.331214,0.006010,0.324546,0.020763,0.004955,0.019993,0.253257,0.024761
0.010367,0.013336,0.199306,0.009639,0.023974,0.013933,0.028268,0.244289,0.318581,0.138306
0.138261,0.007870,0.304926,0.009023,0.019728,0.013528,0.084642,0.008269,0.304478,0.109276
0.077059,0.129048,0.103606,0.019949,0.040582,0.032517,0.168510,0.141597,0.026654,0.260477
0.016278,0.015691,0.117496,0.015651,0.059050,0.023604,0.173701,0.024886,0.335490,0.218152
0.005522,0.004382,0.213789,0.164262,0.029668,0.034455,0.013513,0.342184,0.187999,0.004227
0.016360,0.015408,0.091042,0.037899,0.568670,0.015147,0.032191,0.016120,0.031629,0.175533
0.152316,0.022348,0.172412,0.026745,0.052453,0.040201,0.020862,0.038480,0.452067,0.022117
0.008508,0.008599,0.330223,0.010294,0.487899,0.015000,0.020344,0.072342,0.024999,0.021792
0.041999,0.044576,0.227983,0.005538,0.016750,0.009320,0.019125,0.399063,0.228818,0.006830
0.045948,0.676287,0.067216,0.011662,0.015101,0.012394,0.013469,0.032992,0.014836,0.110096
0.007985,0.625694,0.145084,0.024088,0.042845,0.049013,0.007395,0.072591,0.015015,0.010290
0.004641,0.051477,0.110959,0.005059,0.255659,0.009303,0.098872,0.382061,0.077226,0.004743
0.006565,0.401928,0.050530,0.022460,0.216352,0.007101,0.013187,0.006981,0.180460,0.094436
0.017652,0.024888,0.081832,0.015679,0.103836,0.135624,0.067063,0.456551,0.079532,0.017343
0.010038,0.012847,0.277422,0.046370,0.052906,0.061993,0.030244,0.119448,0.379830,0.008901
0.018407,0.257702,0.099007,0.003987,0.016922,0.020971,0.066306,0.308375,0.204320,0.004004
0.005333,0.334768,0.008368,0.006497,0.264812,0.006534,0.011033,0.350641,0.007118,0.004896
0.017635,0.014558,0.038523,0.018834,0.030110,0.030976,0.156873,0.475000,0.021761,0.195729
0.047334,0.006910,0.394939,0.006690,0.024248,0.022134,0.118272,0.088662,0.283084,0.007729
0.010345,0.279818,0.020720,0.018329,0.178337,0.005032,0.005950,0.284016,0.144165,0.053287
0.098228,0.019568,0.221027,0.006589,0.013557,0.012963,0.013287,0.384592,0.217380,0.012810
0.021412,0.019230,0.045474,0.540758,0.054447,0.046310,0.096359,0.128034,0.028497,0.019479
0.029046,0.009411,0.264736,0.044228,0.053953,0.076307,0.030094,0.025682,0.429338,0.037206
0.072660,0.340784,0.009014,0.005021,0.216586,0.009134,0.004580,0.330304,0.006087,0.005830
0.018440,0.006805,0.072315,0.005202,0.280339,0.007164,0.050485,0.357474,0.196680,0.005097
0.005360,0.376027,0.292501,0.011238,0.020365,0.035631,0.011199,0.221571,0.016212,0.009896
0.066563,0.560975,0.024524,0.011402,0.034758,0.050873,0.023480,0.204805,0.013158,0.009462
0.017552,0.018906,0.035709,0.023917,0.028360,0.041895,0.135616,0.023466,0.652984,0.021595
0.007112,0.040231,0.020885,0.006410,0.290630,0.010524,0.005863,0.431680,0.180431,0.006237
0.008274,0.542409,0.010997,0.009980,0.010324,0.009747,0.018468,0.145222,0.148894,0.095684
0.256618,0.045478,0.174191,0.009526,0.076784,0.073061,0.037074,0.120328,0.173004,0.033936
0.006523,0.372295,0.038304,0.016684,0.006653,0.009662,0.011379,0.374368,0.156563,0.007568
0.010663,0.010107,0.132313,0.057976,0.023484,0.017519,0.015349,0.696096,0.015331,0.021162
0.038488,0.058906,0.060906,0.008872,0.407373,0.020463,0.037436,0.253161,0.096267,0.018128
0.007244,0.055944,0.059494,0.009670,0.019931,0.013994,0.006865,0.524204,0.293533,0.009121
0.008351,0.010534,0.289733,0.007819,0.027621,0.012706,0.060704,0.275585,0.283190,0.023756
0.008880,0.014422,0.104587,0.055011,0.063767,0.036312,0.257895,0.037477,0.412102,0.009547
0.056888,0.022429,0.047668,0.019992,0.033996,0.018086,0.023709,0.106163,0.640952,0.030116
0.009372,0.028662,0.049660,0.011572,0.018170,0.013799,0.008482,0.600056,0.251271,0.008957
0.014711,0.044735,0.077781,0.020838,0.045849,0.023902,0.038235,0.078412,0.412991,0.242545
0.006458,0.055582,0.251929,0.006461,0.327653,0.011137,0.067917,0.006935,0.258200,0.007727
0.009734,0.536938,0.012002,0.008824,0.011474,0.009245,0.052114,0.010793,0.232316,0.116561
0.009635,0.010176,0.212916,0.011735,0.027104,0.017834,0.119457,0.252833,0.326687,0.011623
0.009677,0.012506,0.181115,0.010328,0.022192,0.018498,0.018401,0.309663,0.294220,0.123401
0.022761,0.026848,0.042231,0.024371,0.033123,0.029529,0.140518,0.611376,0.036713,0.032530
0.006253,0.032205,0.318678,0.006449,0.293512,0.050359,0.084266,0.006427,0.177983,0.023869
0.016675,0.017896,0.255336,0.017395,0.030859,0.028722,0.050661,0.089198,0.462403,0.030855
0.068252,0.019278,0.098351,0.014148,0.027991,0.024919,0.013189,0.267637,0.334607,0.131628
0.006230,0.006418,0.062326,0.006286,0.307423,0.020958,0.148647,0.178869,0.256936,0.005907
0.006409,0.037729,0.018535,0.005415,0.304746,0.007690,0.058115,0.373300,0.115334,0.072727
0.092262,0.004638,0.169804,0.149313,0.263659,0.008606,0.012259,0.102405,0.183251,0.013803
0.006283,0.317083,0.111249,0.010094,0.010925,0.028959,0.009824,0.178990,0.221593,0.105001
0.007253,0.527915,0.011952,0.007040,0.272092,0.014558,0.006535,0.009090,0.133936,0.009629
0.009784,0.011808,0.072111,0.058054,0.438943,0.009134,0.021677,0.009591,0.348377,0.020522
0.013163,0.575005,0.056304,0.010735,0.011515,0.010449,0.052461,0.030472,0.229134,0.010763
0.004243,0.320825,0.011654,0.008969,0.018367,0.011776,0.007754,0.400443,0.129516,0.086453
0.026301,0.034945,0.048391,0.046603,0.051192,0.026734,0.163795,0.031066,0.545602,0.025371
0.037133,0.006614,0.231845,0.008401,0.373091,0.016067,0.044766,0.048105,0.093096,0.140882
0.021177,0.028745,0.062115,0.024330,0.058538,0.032402,0.164847,0.360943,0.209150,0.037753
0.006897,0.445747,0.008688,0.008015,0.009534,0.012095,0.045919,0.110614,0.278757,0.073734
0.024046,0.045678,0.107425,0.009517,0.378817,0.007202,0.047699,0.009508,0.279111,0.090997
0.005812,0.008873,0.035103,0.006488,0.300558,0.052707,0.019053,0.246705,0.180013,0.144689
0.011605,0.510462,0.012843,0.009407,0.355416,0.009120,0.010868,0.008944,0.062937,0.008398
0.011423,0.450093,0.164019,0.006606,0.023346,0.035012,0.111971,0.168859,0.021704,0.006967
0.117955,0.007686,0.010592,0.037022,0.014786,0.009531,0.012647,0.481538,0.295593,0.012651
0.014120,0.448388,0.009190,0.009605,0.010493,0.008225,0.059829,0.129917,0.301076,0.009157
0.020853,0.028618,0.183857,0.026351,0.052529,0.036457,0.043767,0.523455,0.064217,0.019896
0.008406,0.505017,0.009518,0.007670,0.010912,0.013672,0.052967,0.135462,0.141072,0.115304
0.007484,0.378132,0.014569,0.008543,0.274170,0.033480,0.017256,0.009377,0.246629,0.010359
0.006443,0.006335,0.028344,0.006443,0.029973,0.041826,0.026157,0.561409,0.285442,0.007630
0.008757,0.321697,0.074043,0.139249,0.226515,0.006119,0.009862,0.114352,0.094615,0.004790
0.091433,0.060012,0.330275,0.014117,0.069035,0.092415,0.034124,0.011505,0.029199,0.267884
0.138486,0.022037,0.034324,0.120758,0.045472,0.029938,0.056347,0.504304,0.027993,0.020341
0.033789,0.010406,0.057536,0.007610,0.367610,0.020413,0.084648,0.008104,0.302537,0.107346
0.028594,0.007278,0.011312,0.223841,0.308558,0.010042,0.104905,0.010052,0.286656,0.008762
0.006345,0.007529,0.041095,0.007593,0.342423,0.025442,0.023048,0.217656,0.298730,0.030138
0.187993,0.070119,0.034785,0.064315,0.321786,0.022851,0.005812,0.091560,0.034115,0.166664
0.150168,0.009388,0.136196,0.010687,0.384076,0.011272,0.038828,0.012822,0.096495,0.150068
0.038293,0.526274,0.008351,0.008720,0.357216,0.007082,0.006251,0.030497,0.009302,0.008013
0.005901,0.008694,0.302806,0.237148,0.036167,0.020748,0.137989,0.076721,0.166951,0.006875
0.023542,0.011506,0.015987,0.010308,0.017088,0.010309,0.014716,0.532318,0.284606,0.079620
0.005299,0.007392,0.206646,0.183039,0.255142,0.005514,0.068909,0.039155,0.223636,0.005268
0.007392,0.079438,0.147336,0.014564,0.462683,0.061606,0.029846,0.019878,0.150216,0.027041
0.025436,0.009286,0.346697,0.009091,0.525379,0.024407,0.007904,0.009478,0.012544,0.029780
0.053197,0.018972,0.206183,0.014641,0.042155,0.029362,0.021707,0.328338,0.271270,0.014174
0.017341,0.017591,0.021548,0.017016,0.024831,0.017902,0.030291,0.237668,0.388329,0.227483
0.047428,0.721607,0.013991,0.011135,0.019828,0.012975,0.013858,0.033381,0.015439,0.110358
0.007240,0.397621,0.007230,0.007817,0.225857,0.006325,0.005604,0.148170,0.187940,0.006196
0.024027,0.010565,0.026515,0.012753,0.473437,0.015065,0.016169,0.015721,0.385959,0.019789
0.005422,0.386843,0.023797,0.008744,0.323553,0.031442,0.075631,0.006148,0.017794,0.120626
0.010512,0.674732,0.030486,0.010000,0.030363,0.014229,0.022993,0.050131,0.015367,0.141186
0.004025,0.045639,0.086668,0.004011,0.259924,0.029067,0.013130,0.352879,0.199534,0.005124
0.019073,0.063660,0.165826,0.244434,0.023877,0.013630,0.023858,0.013117,0.279469,0.153055
0.011380,0.011090,0.088785,0.011372,0.069647,0.089837,0.237289,0.418435,0.017927,0.044239
0.017251,0.019975,0.136296,0.017365,0.027751,0.016269,0.031563,0.019755,0.544747,0.169028
0.048181,0.539561,0.045017,0.008110,0.016549,0.011823,0.013714,0.040513,0.266987,0.009544
0.005524,0.376812,0.032046,0.008507,0.227661,0.034880,0.088860,0.210658,0.009281,0.005771
0.009949,0.321080,0.038240,0.004850,0.225641,0.005113,0.042738,0.338099,0.007906,0.006382
0.011767,0.405893,0.020872,0.009416,0.024052,0.032930,0.010737,0.192819,0.278256,0.013256
0.138377,0.009010,0.134832,0.008203,0.374149,0.006457,0.015801,0.047832,0.159013,0.106325
0.008325,0.038111,0.195928,0.008504,0.026559,0.026872,0.162334,0.208915,0.316035,0.008416
0.004541,0.004928,0.275774,0.008191,0.015558,0.037486,0.092713,0.391863,0.152825,0.016120
0.052039,0.026958,0.132132,0.008103,0.292834,0.011871,0.084657,0.229194,0.154897,0.007314
0.028058,0.025732,0.058040,0.030705,0.036993,0.051037,0.211179,0.145223,0.036688,0.376344
0.006198,0.007227,0.071403,0.026231,0.245170,0.012831,0.048415,0.368917,0.205148,0.008460
0.017850,0.018577,0.049233,0.100256,0.037699,0.025188,0.200974,0.337315,0.195752,0.017156
0.004996,0.380613,0.148833,0.006496,0.010867,0.008517,0.044253,0.175967,0.212018,0.007440
0.010584,0.010086,0.362449,0.011555,0.022961,0.025045,0.017406,0.014402,0.390537,0.134975
0.017454,0.009065,0.110288,0.009831,0.022260,0.011129,0.013435,0.568526,0.227852,0.010159
0.111943,0.004278,0.021089,0.004374,0.237897,0.033433,0.131796,0.363349,0.006536,0.085305
0.002951,0.221462,0.080264,0.123364,0.014260,0.008154,0.056890,0.251820,0.174684,0.066152
0.023593,0.010802,0.037650,0.068661,0.027206,0.048598,0.258675,0.187659,0.310948,0.026208
0.066778,0.018376,0.501281,0.020315,0.040701,0.023747,0.031921,0.089965,0.172592,0.034325
0.025644,0.012667,0.047800,0.012767,0.018737,0.025137,0.029216,0.361363,0.327529,0.139139
0.158481,0.127640,0.066725,0.048249,0.097956,0.041666,0.072316,0.241049,0.105366,0.040553
0.004937,0.349536,0.016334,0.004948,0.268070,0.012602,0.057174,0.037534,0.243936,0.004930
0.022021,0.005581,0.200187,0.166695,0.013109,0.007372,0.090725,0.181806,0.215331,0.097173
0.007502,0.011647,0.082290,0.011641,0.077076,0.055687,0.026781,0.318569,0.232055,0.176752
0.030705,0.007604,0.055047,0.007295,0.018382,0.011682,0.065023,0.504876,0.290502,0.008885
0.007920,0.007642,0.106700,0.010629,0.423120,0.010027,0.015041,0.177772,0.147652,0.093497
0.006174,0.007857,0.087654,0.006078,0.307302,0.009379,0.035424,0.406412,0.060172,0.073548
0.007730,0.488467,0.040023,0.006513,0.350476,0.009089,0.012019,0.006958,0.071215,0.007511
0.009086,0.617586,0.231334,0.008463,0.022014,0.010466,0.063311,0.011563,0.017212,0.008967
0.128960,0.007220,0.109840,0.020792,0.024013,0.038352,0.111180,0.421465,0.007468,0.130710
0.018907,0.006985,0.013230,0.007570,0.313000,0.014459,0.050578,0.462138,0.010645,0.102487
0.005798,0.358149,0.139823,0.028145,0.226282,0.005849,0.009529,0.028466,0.189755,0.008204
0.113659,0.431070,0.080229,0.006578,0.246117,0.006763,0.014903,0.008401,0.009107,0.083174
0.024496,0.008018,0.239379,0.037187,0.047085,0.051096,0.200168,0.021105,0.341966,0.029499
0.004411,0.283603,0.009296,0.028605,0.190548,0.025849,0.054441,0.384257,0.012110,0.006879
0.005939,0.422810,0.013181,0.174138,0.316342,0.007614,0.012373,0.032998,0.008662,0.005942
0.025946,0.135021,0.204425,0.028284,0.031116,0.054350,0.133131,0.135400,0.227188,0.025139
0.007457,0.007156,0.011502,0.016554,0.339745,0.009690,0.054607,0.523274,0.015830,0.014185
0.005338,0.281243,0.061588,0.003621,0.172528,0.021140,0.045772,0.312204,0.006682,0.089885
0.012948,0.043730,0.092837,0.010932,0.035431,0.021227,0.098503,0.236909,0.437189,0.010293
0.010600,0.370995,0.141299,0.004820,0.204005,0.011833,0.033962,0.135599,0.007499,0.079389
0.109341,0.010007,0.083364,0.023546,0.550526,0.034547,0.134332,0.028060,0.016574,0.009702
0.065172,0.021871,0.112567,0.018636,0.036545,0.039206,0.032470,0.404371,0.043588,0.225575
0.103101,0.022780,0.054630,0.019071,0.031228,0.026387,0.172206,0.515300,0.021862,0.033435
0.005310,0.353002,0.007137,0.006156,0.286316,0.006930,0.007812,0.092552,0.171752,0.063034
0.057095,0.459491,0.167104,0.008064,0.016229,0.043337,0.075864,0.010416,0.011800,0.150599
0.007879,0.010345,0.174832,0.292912,0.046193,0.046765,0.098469,0.277716,0.017537,0.027353
0.089031,0.396183,0.051620,0.006104,0.011722,0.008102,0.014192,0.408185,0.007497,0.007364
0.006328,0.439316,0.161780,0.006162,0.030567,0.016841,0.013048,0.050317,0.269308,0.006334
0.064127,0.053612,0.046707,0.019312,0.050471,0.029877,0.040155,0.020618,0.656609,0.018512
0.017031,0.418939,0.015914,0.006476,0.307441,0.007372,0.009193,0.200407,0.008529,0.008696
0.154854,0.010931,0.066398,0.008309,0.363484,0.011982,0.077926,0.014267,0.273591,0.018259
0.040716,0.008796,0.327699,0.060161,0.025165,0.013438,0.113190,0.016108,0.372115,0.022612
0.039813,0.011892,0.315859,0.288733,0.025245,0.022472,0.089894,0.009315,0.026002,0.170774
0.019466,0.018084,0.062139,0.017831,0.040514,0.039319,0.025483,0.402318,0.337462,0.037384
0.014438,0.011351,0.253733,0.020885,0.594684,0.031783,0.010136,0.012380,0.016428,0.034182
0.011076,0.012336,0.160934,0.067872,0.513127,0.023287,0.082755,0.068799,0.034993,0.024822
0.006670,0.009830,0.225561,0.066972,0.311793,0.025049,0.005806,0.020466,0.189917,0.137936
0.007684,0.470706,0.008510,0.007335,0.011336,0.008235,0.016457,0.225748,0.235322,0.008669
0.008898,0.007744,0.155200,0.008868,0.329560,0.007649,0.022396,0.158208,0.292630,0.008848
0.014256,0.016407,0.261408,0.015285,0.034659,0.020819,0.010470,0.314485,0.278988,0.033223
0.009575,0.013002,0.027754,0.011830,0.479740,0.014345,0.022494,0.062013,0.350025,0.009222
0.077468,0.050991,0.203744,0.011632,0.054838,0.068911,0.032293,0.140831,0.049850,0.309442
0.006968,0.403190,0.008062,0.008339,0.249609,0.008082,0.008467,0.007392,0.235779,0.064111
0.009837,0.009188,0.059004,0.008923,0.019609,0.009304,0.092593,0.593083,0.178878,0.019581
0.019052,0.048128,0.232192,0.020738,0.029186,0.022545,0.151178,0.017827,0.443101,0.016051
0.006262,0.053753,0.125220,0.044131,0.341507,0.009784,0.005011,0.159985,0.236110,0.018238
0.059086,0.022726,0.037511,0.575221,0.036419,0.046404,0.036542,0.123461,0.031590,0.031041
0.013866,0.019961,0.320739,0.014842,0.042162,0.024864,0.248766,0.106146,0.191133,0.017521
0.029603,0.037443,0.277595,0.038468,0.037896,0.036197,0.047808,0.036099,0.041210,0.417679
0.004620,0.287394,0.015824,0.006948,0.190573,0.026309,0.007360,0.348145,0.012251,0.100576
0.013020,0.006181,0.041386,0.015837,0.261731,0.007800,0.126006,0.330728,0.183933,0.013378
0.009151,0.055418,0.065599,0.022602,0.430880,0.013354,0.018066,0.062127,0.303675,0.019128
0.006713,0.350313,0.014581,0.005010,0.017265,0.031498,0.017344,0.438014,0.008333,0.110931
0.011563,0.011187,0.108345,0.010158,0.073016,0.073959,0.152706,0.032829,0.483660,0.042578
0.066684,0.033665,0.165892,0.007504,0.461057,0.019683,0.020611,0.060055,0.031280,0.133570
0.007978,0.481878,0.016508,0.007553,0.017597,0.008502,0.015096,0.133953,0.222998,0.087938
0.007760,0.366360,0.008267,0.006847,0.267018,0.006218,0.038129,0.021158,0.201618,0.076624
0.011951,0.011258,0.024114,0.010908,0.546413,0.026460,0.086980,0.072193,0.196825,0.012898
0.008587,0.409447,0.007278,0.017472,0.287003,0.006112,0.024939,0.177615,0.008385,0.053162
0.182853,0.006928,0.058847,0.061347,0.299878,0.051316,0.112126,0.083041,0.010463,0.133201
0.005327,0.361673,0.067437,0.020901,0.286297,0.006064,0.008301,0.020519,0.217991,0.005488
0.014192,0.818936,0.019205,0.013067,0.020406,0.014708,0.018697,0.045111,0.018787,0.016891
0.015418,0.013790,0.019400,0.395316,0.022487,0.021100,0.077660,0.017929,0.402976,0.013924
0.008004,0.011113,0.224207,0.007668,0.067361,0.056558,0.139030,0.018004,0.307797,0.160258
0.016071,0.020523,0.102281,0.444973,0.032164,0.015231,0.110267,0.015954,0.039313,0.203224
0.037067,0.008128,0.063100,0.249131,0.447796,0.011548,0.065600,0.014059,0.095941,0.007630
0.008182,0.073674,0.183160,0.008376,0.027562,0.016415,0.153755,0.198650,0.199752,0.130474
0.198231,0.034674,0.136994,0.011562,0.036217,0.046061,0.095182,0.092816,0.340978,0.007286
0.011493,0.011737,0.103804,0.022331,0.021541,0.014414,0.064006,0.723757,0.015833,0.011084
0.009911,0.033751,0.076261,0.308856,0.029110,0.014204,0.094919,0.256189,0.027465,0.149334
0.007166,0.452745,0.329064,0.047263,0.027953,0.035704,0.018882,0.052174,0.020554,0.008496
0.035375,0.047897,0.261311,0.038643,0.058170,0.046069,0.056588,0.044031,0.053056,0.358859
0.020723,0.026833,0.269653,0.019354,0.035823,0.022970,0.175594,0.090242,0.032836,0.305973
0.014179,0.745150,0.013796,0.031993,0.013525,0.019540,0.014250,0.014745,0.015944,0.116878
0.008885,0.052871,0.095917,0.008125,0.421515,0.077123,0.031595,0.009510,0.253966,0.040494
0.005922,0.383382,0.038718,0.005908,0.311286,0.038597,0.015157,0.061829,0.009223,0.129976
0.009268,0.341047,0.007904,0.006576,0.006983,0.005791,0.020996,0.339438,0.206373,0.055625
0.082269,0.085356,0.237682,0.071269,0.029512,0.020967,0.133583,0.308329,0.018614,0.012418
0.008778,0.010960,0.074900,0.007055,0.029186,0.050980,0.259296,0.074403,0.327472,0.156970
0.247369,0.044170,0.044330,0.021832,0.025869,0.020678,0.025320,0.100231,0.445654,0.024547
0.124669,0.040263,0.049939,0.030654,0.070364,0.050046,0.477648,0.046863,0.045335,0.064219
0.016401,0.019541,0.033523,0.390793,0.024352,0.018552,0.030486,0.259639,0.030873,0.175841
0.142813,0.025529,0.012651,0.011547,0.012984,0.012215,0.020913,0.643207,0.012718,0.105422
0.006008,0.042317,0.185195,0.006451,0.017343,0.012665,0.130998,0.379483,0.206141,0.013398
0.010123,0.581262,0.011021,0.011471,0.012267,0.010865,0.012191,0.257238,0.013503,0.080060
0.026476,0.045226,0.167722,0.008835,0.074844,0.029319,0.175500,0.224623,0.043764,0.203691
0.018189,0.024773,0.012431,0.008875,0.389949,0.009346,0.078383,0.012004,0.339848,0.106202
0.223312,0.013256,0.034501,0.017087,0.615777,0.022636,0.012403,0.014731,0.020050,0.026248
0.007958,0.010972,0.374813,0.067726,0.037822,0.057606,0.096244,0.187510,0.134131,0.025219
0.007914,0.010576,0.296907,0.007822,0.020791,0.021882,0.018512,0.584056,0.022238,0.009301
0.008035,0.067140,0.158135,0.007456,0.431898,0.007443,0.018890,0.015058,0.278881,0.007065
0.020006,0.018561,0.039304,0.088175,0.028322,0.024728,0.016662,0.273272,0.458090,0.032881
0.248309,0.013494,0.479690,0.042470,0.085563,0.062534,0.026535,0.009615,0.021043,0.010747
0.010778,0.010557,0.053960,0.019718,0.495595,0.068386,0.032884,0.010684,0.050805,0.246634
0.146209,0.018608,0.377889,0.021090,0.086810,0.052095,0.192499,0.035094,0.024911,0.044795
0.009634,0.010238,0.390217,0.015178,0.042930,0.028886,0.008758,0.068180,0.398660,0.027318
0.238845,0.012923,0.161426,0.038245,0.054074,0.054815,0.033638,0.021679,0.375709,0.008646
0.018767,0.024100,0.130463,0.018765,0.039241,0.047298,0.040180,0.132870,0.530375,0.017941
0.105621,0.018258,0.213278,0.023901,0.033648,0.028946,0.046527,0.019296,0.476666,0.033859
0.007400,0.006908,0.131328,0.028770,0.042644,0.054516,0.021529,0.556511,0.124872,0.025522
0.011434,0.011272,0.239883,0.013335,0.028204,0.025466,0.022220,0.017069,0.468774,0.162342
0.059169,0.025140,0.049017,0.086673,0.044866,0.027925,0.048721,0.111733,0.517237,0.029518
0.032272,0.030896,0.066836,0.031213,0.075041,0.039855,0.255574,0.136154,0.295179,0.036978
0.021845,0.021181,0.166163,0.020204,0.054363,0.048339,0.050929,0.141692,0.068914,0.406370
0.004633,0.007566,0.292105,0.207011,0.236032,0.040016,0.014043,0.047763,0.145764,0.005069
0.010036,0.010539,0.103250,0.010130,0.349275,0.012555,0.084389,0.060107,0.252532,0.107188
0.004365,0.315564,0.011326,0.006876,0.016665,0.025565,0.010215,0.368377,0.135061,0.105985
0.031982,0.035625,0.072174,0.128327,0.048225,0.037587,0.239311,0.034287,0.047442,0.325040
0.034444,0.030474,0.074310,0.042668,0.086347,0.033126,0.063072,0.535416,0.044894,0.055248
0.005461,0.354270,0.033401,0.004955,0.291366,0.035508,0.086123,0.057426,0.009281,0.122209
0.007166,0.419680,0.092750,0.007435,0.305990,0.006053,0.045474,0.006096,0.014309,0.095047
0.029466,0.036687,0.224175,0.029501,0.038916,0.034173,0.041510,0.031425,0.256828,0.277318
0.024028,0.012210,0.075780,0.011413,0.491748,0.009176,0.007955,0.009645,0.349582,0.008464
0.006075,0.351283,0.011245,0.007577,0.008938,0.007247,0.041727,0.388429,0.170292,0.007187
0.006910,0.026014,0.053649,0.006760,0.329862,0.011375,0.179849,0.154750,0.225577,0.005255
0.006677,0.323975,0.229584,0.004970,0.253160,0.025766,0.012784,0.120651,0.013674,0.008760
0.023934,0.011144,0.034308,0.011244,0.501327,0.017504,0.022809,0.186197,0.014821,0.176712
0.006995,0.006663,0.236868,0.008239,0.315372,0.017178,0.063410,0.165440,0.081489,0.098346
0.127224,0.134685,0.137934,0.014792,0.060646,0.040596,0.040118,0.368564,0.060546,0.014896
0.068282,0.017659,0.031986,0.014587,0.016695,0.018345,0.093032,0.269626,0.327752,0.142036
0.008599,0.007386,0.261809,0.008302,0.349265,0.010997,0.086008,0.063028,0.093111,0.111495
0.018596,0.010012,0.030425,0.009419,0.036804,0.023458,0.109989,0.273992,0.305598,0.181706
0.194258,0.032408,0.049553,0.006080,0.317327,0.022329,0.093571,0.063278,0.032903,0.188293
0.036169,0.005935,0.226196,0.006673,0.013163,0.008299,0.012247,0.394329,0.224498,0.072491
0.015496,0.016152,0.032156,0.067299,0.023206,0.034277,0.027226,0.227679,0.394170,0.162339
0.050971,0.743893,0.086985,0.014336,0.020031,0.021102,0.015269,0.014781,0.016956,0.015677
0.046856,0.033386,0.045158,0.265698,0.042599,0.044375,0.092249,0.094471,0.310484,0.024726
0.064212,0.013102,0.103525,0.024663,0.491052,0.017874,0.022415,0.013706,0.113457,0.135995
0.004914,0.004783,0.023509,0.185888,0.014956,0.035730,0.010330,0.385332,0.234650,0.099909
0.052197,0.004978,0.243894,0.008788,0.018313,0.016511,0.131571,0.386022,0.007471,0.130255
0.051389,0.656085,0.047952,0.010047,0.025896,0.018459,0.014103,0.042571,0.012238,0.121260
0.011481,0.055974,0.019287,0.012953,0.015040,0.020143,0.019459,0.648943,0.094173,0.102547
0.011674,0.015061,0.076333,0.009639,0.062074,0.084213,0.178419,0.100450,0.449914,0.012223
0.045321,0.046115,0.069262,0.047446,0.099055,0.115294,0.347222,0.065615,0.108191,0.056479
0.067673,0.020514,0.042329,0.022368,0.730247,0.021502,0.032777,0.024228,0.023406,0.014956
0.015170,0.023341,0.106657,0.022239,0.059546,0.054358,0.270054,0.036080,0.077200,0.335355
0.025445,0.329124,0.015239,0.192958,0.242776,0.025623,0.004031,0.147341,0.007425,0.010040
0.008885,0.551050,0.042864,0.008718,0.011042,0.010919,0.031807,0.010498,0.313807,0.010410
0.009622,0.011108,0.411605,0.011250,0.099980,0.038105,0.034142,0.031331,0.307856,0.045001
0.007162,0.510922,0.190577,0.009333,0.013674,0.008697,0.010242,0.008908,0.145364,0.095121
0.013801,0.013253,0.126218,0.014985,0.594901,0.030025,0.030736,0.013534,0.150372,0.012174
0.032963,0.004291,0.239337,0.172240,0.237542,0.026922,0.114304,0.161476,0.006742,0.004182
0.021557,0.410171,0.102435,0.006720,0.321347,0.006008,0.016050,0.008083,0.009332,0.098298
0.008032,0.031518,0.066808,0.011973,0.022553,0.020340,0.184455,0.174387,0.326913,0.153022
0.024018,0.027086,0.328503,0.034024,0.077837,0.040500,0.263811,0.048710,0.087312,0.068200
0.069800,0.012149,0.026863,0.330733,0.032344,0.015626,0.037679,0.209104,0.121622,0.144081
0.008436,0.008941,0.080004,0.053810,0.474969,0.008738,0.020568,0.015201,0.321138,0.008195
0.007822,0.045515,0.168727,0.012089,0.050082,0.029455,0.027598,0.263428,0.386851,0.008434
0.046062,0.004718,0.279139,0.038581,0.019690,0.028688,0.058295,0.183949,0.210097,0.130782
0.009608,0.060699,0.022401,0.022927,0.426834,0.015345,0.013573,0.066851,0.350502,0.011260
0.023211,0.012829,0.015901,0.013242,0.656341,0.026713,0.021792,0.069796,0.019353,0.140823
0.006916,0.009714,0.279785,0.007356,0.359576,0.012619,0.006526,0.060891,0.239356,0.017263
0.017031,0.023966,0.312614,0.026935,0.125269,0.105103,0.044524,0.212049,0.075199,0.057309
0.109297,0.008681,0.014597,0.015189,0.017152,0.017996,0.013910,0.495990,0.298960,0.008228
0.009075,0.009088,0.020780,0.009391,0.018065,0.009849,0.008705,0.570546,0.335362,0.009139
0.014611,0.557738,0.046770,0.012059,0.012213,0.014499,0.065842,0.026050,0.158317,0.091902
0.161114,0.065458,0.089427,0.008518,0.423983,0.013955,0.021659,0.009427,0.185787,0.020672
0.011790,0.009192,0.063025,0.008379,0.047703,0.030738,0.117583,0.280658,0.420228,0.010704
0.007726,0.007962,0.174265,0.010048,0.391425,0.008041,0.006980,0.055170,0.319322,0.019062
0.032263,0.488926,0.350672,0.007481,0.030872,0.038469,0.015457,0.007428,0.020947,0.007485
0.008096,0.008666,0.248375,0.011221,0.053636,0.051469,0.118775,0.307394,0.013116,0.179252
0.008794,0.012698,0.074860,0.028514,0.526800,0.016747,0.022852,0.009927,0.289909,0.008899
0.012091,0.015414,0.020577,0.296133,0.382271,0.018734,0.018466,0.059490,0.016546,0.160278
0.005057,0.008097,0.328671,0.007804,0.021107,0.018977,0.202391,0.147125,0.237883,0.022888
0.009713,0.631592,0.012322,0.027807,0.012164,0.011269,0.008815,0.185336,0.012183,0.088798
0.009478,0.013357,0.096485,0.021488,0.444910,0.064517,0.130321,0.009971,0.015921,0.193553
0.008818,0.008955,0.327011,0.008311,0.423702,0.015066,0.093024,0.070338,0.018272,0.026505
0.046147,0.042141,0.464149,0.049859,0.065624,0.091128,0.073495,0.049759,0.078757,0.038940
0.007148,0.284307,0.205024,0.005860,0.011420,0.021893,0.073908,0.373918,0.011857,0.004664
0.028807,0.427539,0.008198,0.021930,0.007654,0.009057,0.050223,0.429836,0.008606,0.008149
0.009354,0.009261,0.060409,0.008218,0.043488,0.069520,0.116303,0.232897,0.257450,0.193100
0.020189,0.122066,0.299776,0.026712,0.034649,0.020688,0.039419,0.375204,0.041579,0.019717
0.010312,0.010686,0.082644,0.009900,0.562159,0.018144,0.024926,0.010920,0.123435,0.146875
0.036962,0.593877,0.009930,0.008628,0.011427,0.010859,0.059269,0.010557,0.139945,0.118546
0.033655,0.030699,0.021571,0.051463,0.026451,0.027469,0.098584,0.016883,0.509657,0.183568
0.024763,0.022139,0.048375,0.024239,0.035250,0.030409,0.019910,0.023512,0.734622,0.036781
0.021473,0.019038,0.198050,0.087304,0.025038,0.020493,0.035789,0.082395,0.491134,0.019286
0.009751,0.012498,0.192669,0.027428,0.040642,0.016140,0.146193,0.320933,0.210252,0.023495
0.051967,0.024846,0.012551,0.011932,0.017344,0.011815,0.053632,0.690073,0.016751,0.109089
0.032931,0.134519,0.198380,0.025918,0.150891,0.166978,0.113089,0.082349,0.065994,0.028952
0.144460,0.673453,0.015227,0.013351,0.017950,0.012588,0.013756,0.013826,0.081930,0.013459
0.008861,0.512885,0.046345,0.007232,0.020739,0.009532,0.017979,0.045905,0.317601,0.012921
0.083728,0.013299,0.091808,0.358432,0.029080,0.022465,0.011549,0.234313,0.140106,0.015220
0.082197,0.012802,0.201236,0.009322,0.053250,0.009249,0.319453,0.261659,0.019085,0.031747
0.020079,0.531588,0.220685,0.010359,0.022182,0.008695,0.013668,0.010305,0.011963,0.150474
0.023062,0.007348,0.038012,0.015207,0.344852,0.047754,0.098832,0.094250,0.303918,0.026765
0.024480,0.130352,0.204738,0.024265,0.056521,0.025089,0.196730,0.025583,0.042455,0.269788
0.014678,0.016761,0.137763,0.014640,0.153997,0.058456,0.013758,0.053223,0.467262,0.069462
0.045542,0.017867,0.142678,0.017893,0.068669,0.018282,0.015891,0.345390,0.023001,0.304788
0.129215,0.004671,0.145976,0.186798,0.213323,0.015599,0.081413,0.120873,0.007497,0.094634
0.006114,0.436728,0.008853,0.009123,0.287844,0.006220,0.012763,0.006527,0.218853,0.006974
0.040523,0.020370,0.129368,0.016700,0.026261,0.015517,0.022152,0.018660,0.550163,0.160288
0.023342,0.373526,0.012842,0.005607,0.015022,0.028835,0.095133,0.145722,0.294012,0.005958
0.236378,0.039826,0.054013,0.339462,0.042840,0.065762,0.020319,0.016928,0.155133,0.029339
0.285406,0.018664,0.277161,0.020301,0.051094,0.013316,0.146712,0.104251,0.046171,0.036925
0.010798,0.612110,0.055707,0.009243,0.012283,0.012270,0.011540,0.011292,0.252883,0.011876
0.007689,0.504433,0.219185,0.009502,0.016956,0.008845,0.050997,0.008156,0.163314,0.010922
0.021534,0.018887,0.025098,0.022287,0.028353,0.020349,0.035643,0.110000,0.698741,0.019108
0.006011,0.050653,0.157096,0.004969,0.233570,0.040174,0.004091,0.409547,0.088183,0.005705
0.003874,0.271109,0.100675,0.006055,0.018301,0.010222,0.008317,0.306915,0.194441,0.080091
0.017379,0.133266,0.311667,0.108020,0.047384,0.025957,0.202401,0.117218,0.019776,0.016931
0.005141,0.005719,0.046912,0.011792,0.277937,0.048294,0.018361,0.455336,0.105748,0.024761
0.011393,0.015975,0.310531,0.014058,0.098781,0.038248,0.152140,0.030680,0.056918,0.271275
0.009240,0.008888,0.086075,0.012248,0.033569,0.058293,0.026761,0.338488,0.248497,0.177941
0.004032,0.282017,0.064707,0.005046,0.212241,0.004433,0.008453,0.312382,0.044465,0.062224
0.013941,0.070026,0.066347,0.054460,0.118382,0.089948,0.170364,0.164832,0.236097,0.015603
0.007661,0.006625,0.018159,0.007570,0.302889,0.010361,0.013523,0.437413,0.189552,0.006248
0.025516,0.350960,0.023411,0.135206,0.007243,0.005694,0.007846,0.354931,0.006649,0.082543
0.012995,0.580038,0.009967,0.020676,0.011751,0.011775,0.029142,0.011681,0.228503,0.083472
0.011987,0.514357,0.008290,0.185756,0.009185,0.012215,0.043613,0.009351,0.196216,0.009029
0.029477,0.036312,0.050996,0.049951,0.037089,0.034605,0.046981,0.034617,0.638068,0.041903
0.108832,0.006093,0.028533,0.004141,0.195426,0.026579,0.017027,0.353750,0.176371,0.083248
0.012387,0.505053,0.194061,0.006656,0.020172,0.006740,0.014820,0.008694,0.139755,0.091663
0.027238,0.029154,0.063282,0.028336,0.077025,0.045213,0.057559,0.134729,0.489717,0.047747
0.015549,0.044152,0.035626,0.007998,0.021150,0.007242,0.054680,0.469999,0.258492,0.085111
0.027373,0.037878,0.040593,0.034539,0.055082,0.042803,0.042120,0.630631,0.062353,0.026629
0.072180,0.076077,0.386925,0.009658,0.026026,0.017978,0.024469,0.210307,0.028428,0.147952
0.010375,0.010028,0.014980,0.011756,0.544837,0.015213,0.024458,0.226262,0.013530,0.128560
0.115138,0.055227,0.278058,0.053573,0.154012,0.053712,0.047995,0.075331,0.105748,0.061206
0.005243,0.008589,0.141585,0.239027,0.055628,0.047208,0.097208,0.017229,0.257343,0.130941
0.012542,0.440865,0.018683,0.235967,0.016987,0.016583,0.005143,0.236155,0.009911,0.007165
0.006491,0.007275,0.243650,0.186749,0.023152,0.015494,0.101949,0.387945,0.021580,0.005716
0.032863,0.033328,0.073599,0.040018,0.079974,0.063645,0.060800,0.042648,0.541613,0.031512
0.160160,0.008512,0.057987,0.011156,0.052171,0.039583,0.112909,0.182004,0.253656,0.121862
0.007050,0.007451,0.173148,0.281131,0.045865,0.055961,0.125827,0.266335,0.011327,0.025906
0.025509,0.419067,0.035105,0.008033,0.007805,0.007199,0.021953,0.409002,0.008013,0.058313
0.004283,0.321716,0.040308,0.017112,0.239960,0.004638,0.010233,0.304379,0.006021,0.051350
0.030728,0.425551,0.047473,0.181521,0.012829,0.007640,0.013339,0.008326,0.265473,0.007120
0.124485,0.008495,0.014789,0.011530,0.013691,0.015121,0.014553,0.553664,0.231789,0.011883
0.005405,0.402505,0.034499,0.043015,0.303524,0.037672,0.098895,0.045009,0.018239,0.011237
0.011608,0.821007,0.017738,0.015795,0.021213,0.014092,0.017902,0.047259,0.017730,0.015656
0.011016,0.013541,0.014989,0.023673,0.556156,0.014977,0.069448,0.177089,0.109060,0.010051
0.118202,0.295645,0.022465,0.006506,0.171766,0.026565,0.019309,0.127070,0.208250,0.004222
0.065292,0.022393,0.114122,0.016506,0.035861,0.027065,0.014743,0.023606,0.472354,0.208058
0.081258,0.036182,0.049178,0.027254,0.049838,0.033149,0.048695,0.359767,0.033430,0.281249
0.008090,0.008707,0.058303,0.010692,0.016838,0.008833,0.059541,0.571615,0.247288,0.010094
0.384114,0.028802,0.034535,0.030367,0.072180,0.029974,0.333083,0.032235,0.029269,0.025440
0.008621,0.009078,0.170118,0.082760,0.074970,0.029739,0.028126,0.228950,0.161771,0.205866
0.369756,0.014015,0.084450,0.025805,0.048045,0.086905,0.243835,0.013476,0.064289,0.049424
0.055746,0.029903,0.163566,0.023906,0.028169,0.044721,0.035061,0.100580,0.488846,0.029501
0.026762,0.068821,0.272955,0.030266,0.037286,0.031907,0.033529,0.030691,0.427748,0.040036
0.009247,0.095874,0.036567,0.018067,0.448605,0.030537,0.024831,0.024736,0.277218,0.034317
0.010155,0.439404,0.007550,0.008665,0.007629,0.008729,0.006561,0.183300,0.243492,0.084514
0.062767,0.031679,0.161015,0.030026,0.026765,0.047835,0.021546,0.028032,0.352158,0.238177
0.143100,0.011740,0.020482,0.009125,0.016296,0.014479,0.012746,0.595208,0.165981,0.010844
0.066536,0.033681,0.311626,0.010808,0.026698,0.013321,0.106788,0.224589,0.197882,0.008071
0.111504,0.501891,0.042158,0.008856,0.009099,0.008790,0.054314,0.028809,0.226075,0.008504
0.010592,0.013344,0.369652,0.011562,0.026956,0.009859,0.230640,0.087268,0.215843,0.024284
0.031159,0.745824,0.030002,0.014010,0.019261,0.015422,0.096928,0.014549,0.016858,0.015987
0.230279,0.242537,0.101082,0.048612,0.087088,0.045677,0.084547,0.047674,0.061007,0.051496
0.008266,0.276535,0.072250,0.005068,0.223087,0.004818,0.007339,0.316965,0.005684,0.079988
0.006272,0.008867,0.195503,0.057910,0.061823,0.021131,0.188914,0.056786,0.265252,0.137542
0.009213,0.011975,0.013741,0.009049,0.491543,0.014080,0.085788,0.046393,0.170056,0.148162
0.012205,0.432237,0.007802,0.007048,0.233360,0.007191,0.010205,0.025918,0.255971,0.008064
0.041275,0.005433,0.094736,0.024398,0.277121,0.040051,0.014542,0.158683,0.226350,0.117412
0.187851,0.070658,0.027310,0.013752,0.018629,0.016467,0.022811,0.016498,0.488102,0.137923
0.012722,0.058983,0.109153,0.010382,0.074657,0.075547,0.273331,0.011635,0.057158,0.316432
0.007870,0.008958,0.054872,0.212907,0.299691,0.012031,0.066556,0.006902,0.229961,0.100253
0.010900,0.010639,0.105358,0.013301,0.651713,0.021930,0.009493,0.090896,0.048423,0.037347
0.008446,0.472985,0.048003,0.007344,0.008295,0.008576,0.008718,0.153912,0.187864,0.095857
0.008645,0.056700,0.332466,0.010360,0.064441,0.035597,0.048159,0.029370,0.404861,0.009402
0.008674,0.500812,0.008378,0.007436,0.008526,0.008311,0.009758,0.158445,0.280098,0.009561
0.017087,0.021008,0.332855,0.045494,0.044591,0.024646,0.036513,0.104734,0.354639,0.018434
0.013531,0.020912,0.109268,0.013615,0.096543,0.052772,0.037243,0.564304,0.077447,0.014366
0.009510,0.009938,0.208795,0.312889,0.029105,0.014999,0.034828,0.066463,0.123333,0.190139
0.012007,0.501075,0.012114,0.010540,0.010244,0.013842,0.048993,0.009971,0.302824,0.078389
0.008775,0.331304,0.223551,0.005078,0.021260,0.031164,0.083751,0.053685,0.231736,0.009696
0.109907,0.009235,0.014018,0.014375,0.322543,0.008945,0.013103,0.483898,0.012188,0.011787
0.345664,0.072331,0.153948,0.017723,0.053427,0.033877,0.243143,0.039189,0.024021,0.016677
0.007140,0.519345,0.010289,0.009560,0.315525,0.008473,0.009887,0.025670,0.010053,0.084058
0.005785,0.005705,0.264411,0.005484,0.034875,0.017242,0.143997,0.480221,0.024706,0.017574
0.045090,0.006089,0.069362,0.185392,0.333631,0.016997,0.083089,0.011012,0.234049,0.015290
0.010070,0.010523,0.150912,0.010007,0.471374,0.017312,0.103988,0.190727,0.023132,0.011954
0.006436,0.487403,0.188860,0.008341,0.012795,0.007568,0.017803,0.169481,0.009106,0.092207
0.056019,0.011891,0.093891,0.015564,0.033176,0.018075,0.028722,0.077359,0.491597,0.173706
0.025561,0.029634,0.043275,0.093548,0.031929,0.026091,0.116334,0.028311,0.360308,0.245009
0.039294,0.284382,0.068715,0.049091,0.089274,0.042912,0.216051,0.064859,0.054724,0.090698
0.010162,0.386717,0.095250,0.005301,0.011613,0.006157,0.048974,0.420396,0.007372,0.008058
0.027958,0.023161,0.277905,0.112996,0.063013,0.052583,0.068010,0.031124,0.040840,0.302411
0.016952,0.021046,0.209252,0.017349,0.027289,0.020115,0.072575,0.019133,0.581350,0.014938
0.005000,0.005458,0.270470,0.021173,0.027013,0.035786,0.140404,0.144461,0.241032,0.109204
0.137378,0.540541,0.015237,0.010623,0.015240,0.009023,0.045849,0.201168,0.014813,0.010129
0.010405,0.014310,0.384282,0.010465,0.482585,0.025746,0.026890,0.020841,0.014576,0.009900
0.008050,0.008196,0.090088,0.215190,0.290887,0.010263,0.018544,0.050174,0.300861,0.007748
0.013423,0.019738,0.293527,0.016918,0.035865,0.031022,0.030919,0.360342,0.169114,0.029131
0.109648,0.006207,0.257111,0.004378,0.024341,0.028296,0.046456,0.380010,0.128391,0.015161
0.139616,0.334200,0.014115,0.007719,0.255402,0.031098,0.010581,0.189932,0.008445,0.008893
0.019664,0.023100,0.101106,0.016991,0.035541,0.017470,0.076455,0.024161,0.653778,0.031735
0.028003,0.134715,0.195050,0.026035,0.031296,0.031443,0.053756,0.027767,0.225784,0.246151
0.010150,0.016716,0.095425,0.024671,0.633605,0.075259,0.009649,0.031318,0.058012,0.045195
0.043151,0.365306,0.272930,0.007340,0.014099,0.027805,0.010969,0.141033,0.009071,0.108294
0.068998,0.006776,0.345505,0.011639,0.373138,0.052392,0.020153,0.082495,0.031251,0.007652
0.034867,0.004913,0.178341,0.005031,0.018748,0.033514,0.004122,0.414733,0.207504,0.098226
0.105819,0.003926,0.184831,0.005307,0.020428,0.023977,0.070254,0.313456,0.185612,0.086390
0.004950,0.029053,0.317508,0.004995,0.259722,0.044970,0.024354,0.072672,0.236339,0.005437
0.013285,0.012962,0.188538,0.015622,0.034244,0.029279,0.019178,0.061208,0.471744,0.153939
0.005888,0.006401,0.237636,0.006351,0.369057,0.012107,0.106774,0.013285,0.223504,0.018997
0.009281,0.012720,0.074005,0.026418,0.431757,0.009602,0.082272,0.055193,0.277077,0.021675
0.005598,0.005997,0.044268,0.005867,0.319030,0.016127,0.017376,0.403532,0.168700,0.013505
0.007798,0.008664,0.314158,0.256114,0.031676,0.013716,0.018573,0.013487,0.327832,0.007983
0.006452,0.414720,0.007462,0.007845,0.261346,0.006480,0.013407,0.158285,0.010841,0.113162
0.021787,0.124895,0.056734,0.025355,0.038293,0.031358,0.038718,0.373975,0.041288,0.247596
0.004246,0.287277,0.172099,0.161754,0.016780,0.021723,0.047396,0.161716,0.120301,0.006707
0.014449,0.006388,0.082069,0.007829,0.280525,0.006496,0.008955,0.409995,0.170243,0.013052
0.032335,0.032582,0.041668,0.036339,0.039195,0.032962,0.238378,0.034683,0.475035,0.036823
0.005539,0.348634,0.011007,0.005322,0.290049,0.006209,0.007740,0.095716,0.222658,0.007127
0.016579,0.006234,0.056616,0.010707,0.298913,0.012359,0.009876,0.382644,0.143792,0.062280
0.027330,0.031906,0.073211,0.033260,0.067609,0.050109,0.198096,0.026813,0.450045,0.041621
0.068278,0.079663,0.131998,0.137174,0.161221,0.083135,0.057182,0.079659,0.088565,0.113125
0.006101,0.463895,0.168218,0.006737,0.032842,0.036384,0.087053,0.075885,0.108759,0.014128
0.024442,0.016816,0.016020,0.331486,0.027904,0.023802,0.090316,0.014328,0.312882,0.142003
0.005896,0.403627,0.089471,0.005273,0.242506,0.037474,0.004946,0.180563,0.018415,0.011831
0.007375,0.395436,0.007831,0.007559,0.008837,0.007443,0.049328,0.440085,0.008087,0.068018
0.016084,0.016234,0.113849,0.028875,0.097528,0.052779,0.381857,0.157860,0.077297,0.057637
0.027183,0.305177,0.132255,0.022571,0.008309,0.006050,0.010538,0.326199,0.098601,0.063117
0.020415,0.027998,0.437651,0.025867,0.087514,0.032360,0.018036,0.021713,0.032925,0.295521
0.017562,0.005944,0.356463,0.024317,0.030459,0.047182,0.005049,0.231363,0.259295,0.022366
0.095129,0.243429,0.180493,0.007668,0.149023,0.018153,0.012976,0.134420,0.155023,0.003685
0.004795,0.054768,0.021472,0.006549,0.022197,0.033452,0.097328,0.411711,0.240403,0.107326
0.005990,0.396787,0.014064,0.006253,0.007450,0.010208,0.031535,0.410639,0.109753,0.007321
0.007561,0.006713,0.010240,0.006744,0.398241,0.016856,0.016581,0.508564,0.015930,0.012568
0.009969,0.675937,0.012809,0.013616,0.018447,0.012059,0.023801,0.205269,0.014451,0.013642
0.026244,0.008478,0.023396,0.010943,0.013348,0.016844,0.008083,0.552117,0.327351,0.013196
0.008838,0.008584,0.067345,0.025415,0.469193,0.012573,0.075904,0.056331,0.108396,0.167422
0.021142,0.029701,0.476793,0.022409,0.061228,0.038198,0.019960,0.037720,0.271317,0.021532
0.057412,0.078132,0.100395,0.065268,0.086018,0.070539,0.098072,0.306073,0.081855,0.056236
0.004107,0.005818,0.207647,0.005713,0.190200,0.013775,0.075310,0.330918,0.077393,0.089119
0.004942,0.007395,0.092008,0.008402,0.275492,0.038338,0.064078,0.400271,0.091698,0.017377
0.027719,0.026739,0.357097,0.025703,0.047447,0.034768,0.155847,0.027409,0.254349,0.042923
0.118813,0.007630,0.114992,0.196095,0.320860,0.013035,0.013185,0.005848,0.204181,0.005360
0.011872,0.783775,0.023517,0.013891,0.016764,0.012132,0.091967,0.014401,0.016626,0.015055
0.044047,0.123515,0.103111,0.051845,0.072304,0.047079,0.385696,0.049247,0.078424,0.044733
0.008842,0.009529,0.116906,0.011476,0.475001,0.021261,0.079377,0.011480,0.250620,0.015507
0.005813,0.006631,0.206368,0.014698,0.351270,0.042874,0.088293,0.246749,0.010836,0.026469
0.021536,0.062978,0.014532,0.011723,0.019876,0.015699,0.022795,0.692493,0.014338,0.124030
0.005962,0.005237,0.086898,0.007271,0.222989,0.012894,0.010648,0.363252,0.217697,0.067152
0.057627,0.048827,0.301586,0.024415,0.039644,0.022906,0.148486,0.024244,0.025935,0.306332
0.009836,0.011509,0.050466,0.009094,0.020067,0.015080,0.023893,0.585454,0.166170,0.108431
0.034032,0.011434,0.094322,0.015758,0.634373,0.074904,0.033392,0.032718,0.058321,0.010746
0.152982,0.008080,0.062454,0.008433,0.020330,0.019050,0.095030,0.281311,0.333686,0.018644
0.091878,0.008984,0.068414,0.013985,0.059480,0.030446,0.026080,0.085427,0.382995,0.232312
0.090820,0.024395,0.382130,0.024037,0.048375,0.040316,0.197271,0.129812,0.034492,0.028352
0.014431,0.091299,0.072623,0.403129,0.027339,0.022989,0.100189,0.074313,0.018825,0.174861
0.009179,0.011503,0.047377,0.008254,0.017150,0.013958,0.080814,0.567159,0.234630,0.009975
0.005988,0.006006,0.113919,0.007337,0.342395,0.038573,0.018481,0.056557,0.272698,0.138046
0.012878,0.013418,0.031478,0.030035,0.691774,0.016007,0.142785,0.016869,0.030047,0.014710
0.041686,0.011662,0.125980,0.012127,0.076165,0.043009,0.040312,0.012345,0.330834,0.305879
0.028323,0.008615,0.011777,0.008430,0.441398,0.019717,0.019659,0.040108,0.319337,0.102635
0.072801,0.012410,0.039205,0.018828,0.485405,0.030216,0.026278,0.265844,0.014352,0.034661
0.012369,0.015032,0.028332,0.011186,0.613877,0.023022,0.094187,0.058063,0.121508,0.022424
0.007916,0.044775,0.274278,0.012443,0.472134,0.070484,0.037582,0.027563,0.043972,0.008854
0.013845,0.013408,0.093197,0.329547,0.027540,0.016044,0.020643,0.276860,0.021417,0.187500
0.010720,0.016264,0.052100,0.044114,0.043887,0.039647,0.044758,0.026181,0.494427,0.227902
0.008541,0.034761,0.074782,0.029013,0.438467,0.025645,0.218123,0.018538,0.015251,0.136879
0.007873,0.039800,0.054973,0.014900,0.044773,0.026841,0.023045,0.629707,0.130337,0.027751
0.134102,0.340701,0.014317,0.007416,0.012597,0.012846,0.012150,0.452818,0.007845,0.005208
0.010424,0.047078,0.237788,0.038439,0.549881,0.020942,0.039769,0.022432,0.020429,0.012818
0.009965,0.012351,0.097254,0.020072,0.013824,0.012155,0.012314,0.574643,0.231290,0.016132
0.029388,0.008395,0.171796,0.010575,0.034985,0.030029,0.318042,0.008821,0.351118,0.036850
0.008188,0.019675,0.100620,0.015437,0.439089,0.008890,0.067934,0.238313,0.012903,0.088949
0.085649,0.361153,0.006794,0.007552,0.008190,0.006297,0.048112,0.359235,0.109777,0.007242
0.009109,0.008694,0.494388,0.017698,0.032190,0.028612,0.007090,0.008562,0.362933,0.030723
0.062788,0.022665,0.052281,0.026755,0.050895,0.030928,0.039001,0.648840,0.032639,0.033207
0.005527,0.054949,0.193355,0.190055,0.031500,0.034229,0.017086,0.455982,0.012273,0.005044
0.072692,0.012990,0.039609,0.007868,0.395795,0.030143,0.119379,0.264755,0.022333,0.034436
0.046191,0.132728,0.240853,0.025653,0.037971,0.053181,0.099240,0.107182,0.218555,0.038448
0.015851,0.619093,0.022838,0.014498,0.039173,0.049324,0.020434,0.072836,0.130395,0.015558
0.048884,0.014331,0.213895,0.013443,0.026557,0.027555,0.134126,0.377897,0.133155,0.010156
0.022202,0.682895,0.013998,0.012825,0.015643,0.011977,0.022480,0.012440,0.193536,0.012004
0.004920,0.036360,0.078789,0.005166,0.233879,0.007644,0.063421,0.353756,0.205152,0.010912
0.106846,0.497177,0.041045,0.020374,0.010711,0.008716,0.009935,0.010147,0.219813,0.075237
0.035087,0.467769,0.010103,0.006468,0.236451,0.007124,0.014676,0.008174,0.205386,0.008761
0.018477,0.019724,0.067047,0.016866,0.069712,0.108137,0.042297,0.035263,0.609248,0.013229
0.163173,0.426446,0.038084,0.006025,0.027299,0.038811,0.013558,0.147652,0.010059,0.128891
0.016730,0.573321,0.010879,0.010504,0.012387,0.009611,0.017710,0.142596,0.073506,0.132757
0.009311,0.012683,0.099565,0.009497,0.479637,0.010591,0.054207,0.202337,0.012748,0.109424
0.004682,0.371590,0.027877,0.005162,0.279986,0.013838,0.034421,0.008027,0.249075,0.005343
0.008805,0.009163,0.042726,0.242663,0.016169,0.008996,0.060549,0.268806,0.324843,0.017280
0.004172,0.290319,0.110699,0.004812,0.204860,0.008270,0.026821,0.290387,0.005476,0.054184
0.026003,0.318292,0.023984,0.021408,0.201881,0.009347,0.028662,0.318590,0.045779,0.006055
0.008121,0.496041,0.009303,0.187796,0.010128,0.009853,0.044889,0.026701,0.199107,0.008062
0.007278,0.433736,0.009392,0.008862,0.266916,0.007001,0.005560,0.148753,0.008977,0.103524
0.028682,0.105041,0.195716,0.042270,0.062529,0.081395,0.184333,0.099808,0.189718,0.010507
0.052495,0.072700,0.219162,0.013259,0.045425,0.056417,0.006425,0.289567,0.033726,0.210823
0.022573,0.058740,0.029898,0.105474,0.031850,0.028749,0.189097,0.470061,0.037250,0.026307
0.008469,0.009005,0.177604,0.253710,0.020659,0.021502,0.017779,0.063691,0.277183,0.150398
0.409805,0.027471,0.295094,0.025595,0.054959,0.035419,0.053003,0.036143,0.037189,0.025323
0.050968,0.061842,0.177552,0.242006,0.333667,0.039813,0.019578,0.058424,0.010300,0.005849
0.046178,0.005225,0.049139,0.008451,0.277763,0.016889,0.167984,0.399853,0.022076,0.006443
0.055004,0.011401,0.174967,0.016080,0.477932,0.008017,0.198975,0.008583,0.018519,0.030522
0.097923,0.009962,0.293884,0.011358,0.050637,0.073834,0.208207,0.027007,0.014838,0.212350
0.007091,0.010148,0.413723,0.006394,0.033626,0.053551,0.120882,0.016785,0.315820,0.021978
0.040837,0.028577,0.053452,0.027236,0.030686,0.030691,0.148708,0.424394,0.190784,0.024635
0.007584,0.079001,0.051847,0.006810,0.037123,0.024965,0.138882,0.288573,0.337239,0.027976
0.014592,0.017504,0.037141,0.013106,0.702453,0.019213,0.132730,0.014355,0.020175,0.028731
0.036062,0.015109,0.022412,0.013238,0.020793,0.016676,0.089732,0.755256,0.019495,0.011226
0.006017,0.411724,0.076619,0.024195,0.299991,0.006384,0.012679,0.146214,0.008850,0.007327
0.010357,0.663425,0.061325,0.009866,0.011291,0.010638,0.020836,0.030354,0.078654,0.103255
0.005061,0.322458,0.133834,0.006856,0.256203,0.005730,0.020512,0.040727,0.199288,0.009331
0.008206,0.407405,0.007907,0.008058,0.012216,0.008479,0.049273,0.423053,0.008183,0.067218
0.008264,0.296591,0.202565,0.005590,0.184119,0.027018,0.052671,0.104472,0.114327,0.004385
0.019550,0.400663,0.099917,0.008433,0.252578,0.007481,0.061186,0.046662,0.008663,0.094867
0.012660,0.797461,0.015331,0.014888,0.017119,0.016526,0.079581,0.015275,0.016337,0.014822
0.004500,0.004718,0.133973,0.004085,0.218174,0.036650,0.013625,0.389843,0.190033,0.004399
0.006219,0.484004,0.175304,0.009194,0.033775,0.045969,0.005789,0.211703,0.010702,0.017343
0.022892,0.067297,0.026728,0.055654,0.590179,0.022467,0.010406,0.014569,0.016303,0.173504
0.062670,0.507733,0.037924,0.007403,0.026970,0.046804,0.021514,0.013243,0.113580,0.162159
0.023616,0.030061,0.052663,0.053832,0.066504,0.024115,0.168619,0.116060,0.424272,0.040260
0.136966,0.013458,0.326829,0.054460,0.068600,0.101788,0.051837,0.169412,0.029929,0.046722
0.004584,0.317500,0.133570,0.020082,0.007895,0.005234,0.007004,0.315793,0.183039,0.005299
0.155749,0.013525,0.026488,0.010453,0.015250,0.019563,0.057621,0.673395,0.015664,0.012291
0.003929,0.045400,0.085493,0.174247,0.257294,0.014850,0.059520,0.168279,0.186654,0.004335
0.005918,0.005959,0.017106,0.006243,0.226486,0.009325,0.013730,0.407504,0.236205,0.071524
0.008182,0.038913,0.012195,0.012350,0.010561,0.015957,0.037244,0.493405,0.296430,0.074762
0.100422,0.239804,0.169953,0.026295,0.155602,0.019316,0.007745,0.113243,0.163883,0.003738
0.009222,0.339516,0.023588,0.036032,0.264207,0.031353,0.008752,0.149160,0.133277,0.004893
0.127628,0.168652,0.149095,0.059167,0.103506,0.061258,0.054556,0.085634,0.074853,0.115651
0.025884,0.006926,0.043593,0.016398,0.253575,0.008281,0.135835,0.378747,0.118484,0.012277
0.018399,0.550738,0.012047,0.010032,0.342127,0.008479,0.007058,0.031432,0.011560,0.008129
0.015316,0.049052,0.269251,0.016236,0.036967,0.020072,0.030359,0.112953,0.437640,0.012154
0.028683,0.024763,0.288424,0.163350,0.075118,0.046066,0.266723,0.045963,0.032335,0.028575
0.010446,0.016252,0.429665,0.010609,0.068807,0.042445,0.037256,0.034711,0.066624,0.283184
0.007591,0.472163,0.008017,0.183659,0.008505,0.011560,0.016377,0.024061,0.197495,0.070572
0.012788,0.017677,0.072238,0.041814,0.051795,0.088597,0.039038,0.378115,0.049083,0.248856
0.190866,0.012314,0.331460,0.014477,0.030790,0.014556,0.061818,0.009508,0.325536,0.008675
0.015090,0.018008,0.017688,0.013190,0.022085,0.020030,0.012171,0.370619,0.490492,0.020627
0.082398,0.357333,0.007195,0.007270,0.007825,0.006588,0.011133,0.348380,0.164955,0.006924
0.048605,0.007832,0.022130,0.007335,0.347116,0.019989,0.011444,0.515628,0.011016,0.008904
0.024085,0.062253,0.049937,0.021715,0.065459,0.022844,0.157764,0.509367,0.044162,0.042414
0.015696,0.077167,0.075797,0.019280,0.056440,0.123647,0.062581,0.487893,0.024478,0.057021
0.010474,0.097660,0.241646,0.079530,0.034614,0.021114,0.314770,0.021964,0.147208,0.031021
0.012191,0.011830,0.042179,0.011341,0.020573,0.011607,0.021187,0.322011,0.419822,0.127258
0.424352,0.033493,0.058999,0.032199,0.074767,0.039676,0.241539,0.035967,0.033912,0.025097
0.010117,0.570098,0.059129,0.011386,0.018319,0.010248,0.012254,0.029971,0.266812,0.011666
0.006430,0.395204,0.007341,0.185022,0.230013,0.006193,0.013726,0.023054,0.056529,0.076489
0.005374,0.021166,0.209330,0.181110,0.254730,0.009822,0.072245,0.010992,0.125748,0.109483
0.009676,0.010720,0.212904,0.009895,0.460986,0.016246,0.028075,0.018302,0.223365,0.009831
0.058146,0.592153,0.159470,0.049581,0.023208,0.013077,0.007804,0.069217,0.013311,0.014034
0.056956,0.162890,0.169635,0.029483,0.053296,0.036223,0.144725,0.038024,0.261289,0.047479
0.012588,0.005805,0.209308,0.008152,0.317619,0.014361,0.012131,0.184568,0.223857,0.011612
0.104683,0.014472,0.113114,0.134486,0.091873,0.049811,0.064232,0.143977,0.266715,0.016637
0.006225,0.005912,0.119720,0.017382,0.331103,0.008551,0.053038,0.209354,0.233974,0.014741
0.103479,0.486524,0.008755,0.021742,0.012994,0.012574,0.009481,0.213018,0.123314,0.008121
0.033946,0.526809,0.024106,0.012091,0.017637,0.048301,0.012747,0.085359,0.226180,0.012823
0.057285,0.058363,0.114860,0.056486,0.078926,0.112622,0.109494,0.250786,0.105486,0.055692
0.055256,0.039869,0.405781,0.071278,0.049411,0.051921,0.106298,0.019171,0.012201,0.188814
0.006715,0.005613,0.080156,0.007725,0.317456,0.013539,0.010788,0.383519,0.165590,0.008898
0.212085,0.010990,0.059376,0.007977,0.042783,0.052369,0.006708,0.240871,0.338880,0.027960
0.010621,0.727964,0.029559,0.015151,0.038054,0.026877,0.025426,0.087720,0.017729,0.020900
0.104437,0.017443,0.012009,0.010012,0.015831,0.012487,0.058122,0.492085,0.197137,0.080437
0.034021,0.187456,0.431378,0.070661,0.055186,0.048699,0.062053,0.039960,0.040266,0.030320
0.009248,0.616124,0.163097,0.008798,0.021172,0.012613,0.037264,0.009803,0.105441,0.016442
0.050019,0.007306,0.286436,0.005856,0.226094,0.037624,0.082722,0.061131,0.226380,0.016432
0.054842,0.014888,0.403885,0.016620,0.048620,0.016405,0.025571,0.234408,0.017648,0.167112
0.014402,0.037387,0.123290,0.028848,0.022677,0.020975,0.020183,0.015442,0.520120,0.196676
0.030399,0.338499,0.008809,0.006545,0.216621,0.005668,0.011489,0.366089,0.010503,0.005378
0.055887,0.024212,0.038813,0.029744,0.049075,0.040854,0.234178,0.025690,0.450702,0.050844
0.014795,0.016142,0.084282,0.039316,0.051389,0.039439,0.183414,0.498885,0.040602,0.031736
0.050979,0.025144,0.012214,0.009537,0.023325,0.021585,0.069843,0.610967,0.165235,0.011170
0.030537,0.029553,0.054977,0.027881,0.037543,0.039640,0.047761,0.033865,0.665594,0.032647
0.107082,0.004150,0.022653,0.150948,0.199311,0.024959,0.071546,0.315330,0.008755,0.095265
0.015316,0.022597,0.234196,0.039867,0.300438,0.009551,0.005417,0.040033,0.244476,0.088108
0.006885,0.009113,0.010525,0.007875,0.329470,0.009355,0.034939,0.480339,0.017330,0.094169
0.182067,0.010343,0.148384,0.299751,0.032624,0.014433,0.026330,0.259872,0.015645,0.010553
0.064179,0.007531,0.378132,0.072816,0.349559,0.061989,0.006373,0.007847,0.020656,0.030918
0.422409,0.028463,0.082635,0.034485,0.057612,0.043664,0.066686,0.178428,0.035350,0.050269
0.004019,0.273363,0.011471,0.028289,0.167702,0.025192,0.008505,0.155137,0.209090,0.117232
0.007305,0.011440,0.259794,0.017626,0.076247,0.052817,0.152067,0.021642,0.226146,0.174915
0.033482,0.442308,0.008044,0.007214,0.009545,0.009133,0.006549,0.209592,0.266806,0.007327
0.015280,0.020400,0.010304,0.198665,0.318820,0.011521,0.007241,0.044740,0.287040,0.085990
0.010003,0.650477,0.011998,0.009706,0.016423,0.017083,0.016957,0.011805,0.245679,0.009869
0.017506,0.108783,0.043499,0.090844,0.034895,0.035268,0.025470,0.090079,0.336688,0.216969
0.019528,0.019052,0.213618,0.020461,0.027480,0.021735,0.134534,0.022208,0.317723,0.203662
0.005600,0.323752,0.032870,0.125276,0.007001,0.006218,0.006782,0.343520,0.143138,0.005843
0.012701,0.012896,0.101140,0.012454,0.030847,0.020868,0.071968,0.236918,0.488149,0.012060
0.138415,0.007197,0.259355,0.006584,0.020870,0.012640,0.028049,0.180670,0.236942,0.109278
0.005556,0.006174,0.066233,0.031701,0.040089,0.022211,0.225943,0.481436,0.114761,0.005895
0.010389,0.101955,0.053799,0.013887,0.468282,0.080849,0.008379,0.010224,0.025790,0.226447
0.049729,0.402583,0.021951,0.009272,0.249879,0.030864,0.021401,0.060807,0.016832,0.136683
0.011281,0.011435,0.029621,0.011060,0.538174,0.021471,0.063030,0.012019,0.288985,0.012923
0.004267,0.280750,0.073260,0.004225,0.195238,0.008768,0.006605,0.307109,0.042325,0.077453
0.006958,0.007250,0.167141,0.012079,0.233056,0.018231,0.112633,0.194301,0.227019,0.021332
0.003678,0.005901,0.133125,0.038342,0.033074,0.013915,0.151077,0.344256,0.169829,0.106803
0.018624,0.022747,0.364680,0.048442,0.043860,0.024954,0.015334,0.018300,0.202140,0.240919
0.117926,0.009176,0.018404,0.007032,0.323370,0.007264,0.010228,0.219522,0.272913,0.014163
0.003680,0.259302,0.021963,0.118728,0.176892,0.004474,0.045033,0.305225,0.005858,0.058845
0.014948,0.011771,0.209275,0.048924,0.089787,0.070742,0.030462,0.028424,0.484615,0.011052
0.015179,0.015876,0.018826,0.015138,0.022801,0.027371,0.026261,0.315146,0.385381,0.158021
0.038822,0.005717,0.193191,0.034403,0.016274,0.029569,0.051668,0.351412,0.189074,0.089870
0.084095,0.008320,0.063089,0.008157,0.431657,0.026523,0.231073,0.099137,0.039015,0.008935
0.073026,0.020770,0.127293,0.097755,0.041887,0.026199,0.029311,0.316808,0.041975,0.224977
0.023122,0.008685,0.098312,0.010706,0.405409,0.016230,0.098751,0.017617,0.297084,0.024085
0.057626,0.014756,0.149169,0.012596,0.535174,0.030868,0.055347,0.077277,0.038099,0.029087
0.062167,0.081660,0.065758,0.035498,0.072100,0.042153,0.177713,0.037395,0.056461,0.369095
0.121115,0.010013,0.017140,0.007140,0.330837,0.011184,0.060115,0.222338,0.205766,0.014352
0.005281,0.427178,0.036082,0.005684,0.313099,0.011031,0.015854,0.161759,0.014166,0.009865
0.152727,0.005652,0.163955,0.005075,0.316242,0.019820,0.076765,0.019752,0.233526,0.006486
0.130055,0.013526,0.055922,0.011558,0.059592,0.078802,0.213225,0.027960,0.055093,0.354269
0.006396,0.006874,0.099372,0.006773,0.353824,0.006991,0.063364,0.434724,0.009616,0.012067
0.027695,0.008995,0.094878,0.010801,0.432501,0.012793,0.016321,0.052647,0.328509,0.014861
0.067647,0.017078,0.159667,0.326450,0.019297,0.015416,0.020135,0.015812,0.340368,0.018130
0.033305,0.010369,0.027728,0.013406,0.404024,0.012208,0.017946,0.063682,0.291621,0.125712
0.021391,0.025891,0.128125,0.028102,0.043722,0.043379,0.017667,0.030975,0.616650,0.044099
0.007839,0.008399,0.115646,0.008094,0.301447,0.013398,0.017030,0.137755,0.295119,0.095273
0.014431,0.445138,0.030195,0.006983,0.009167,0.012844,0.058777,0.033709,0.275060,0.113694
0.007232,0.052248,0.251753,0.020503,0.376301,0.011666,0.016289,0.012108,0.149899,0.102001
0.007819,0.537119,0.030392,0.018390,0.019233,0.019795,0.035675,0.298986,0.023535,0.009054
0.028855,0.027723,0.271340,0.033982,0.112090,0.029211,0.240226,0.183410,0.045732,0.027431
0.199072,0.014476,0.091408,0.010056,0.579729,0.017620,0.030415,0.018687,0.028378,0.010158
0.019207,0.021326,0.136134,0.018592,0.020542,0.020257,0.030056,0.443009,0.266129,0.024746
0.090119,0.171362,0.040422,0.137676,0.077318,0.035292,0.026442,0.038357,0.041953,0.341059
0.010034,0.578387,0.011035,0.009722,0.013040,0.012900,0.017146,0.262120,0.074339,0.011276
0.034668,0.019180,0.106831,0.017694,0.037680,0.014236,0.028628,0.088492,0.456461,0.196129
0.006272,0.005198,0.015446,0.007224,0.299723,0.005560,0.051125,0.364029,0.158082,0.087342
0.007079,0.393459,0.075919,0.177030,0.239414,0.007116,0.059560,0.025243,0.009328,0.005851
0.040501,0.315518,0.024808,0.181698,0.243892,0.012038,0.003752,0.004509,0.075335,0.097950
0.011648,0.017215,0.054504,0.011621,0.057412,0.044750,0.032505,0.029219,0.517403,0.223722
0.028650,0.026958,0.564864,0.073494,0.067153,0.040154,0.060667,0.041526,0.035031,0.061504
0.009685,0.627048,0.081054,0.011535,0.014776,0.012447,0.015858,0.037000,0.178300,0.012296
0.022068,0.130926,0.044121,0.021155,0.041914,0.051330,0.203515,0.107099,0.031216,0.346656
0.017628,0.181299,0.069792,0.015803,0.090072,0.058374,0.014953,0.043586,0.086320,0.422174
0.019879,0.079225,0.113413,0.029286,0.119805,0.051052,0.048656,0.403541,0.077707,0.057436
0.004215,0.279897,0.006719,0.013528,0.219412,0.004883,0.031033,0.272115,0.124712,0.043486
0.207769,0.037410,0.077412,0.035658,0.056607,0.047624,0.199144,0.229698,0.066177,0.042500
0.007598,0.007422,0.044963,0.162174,0.010779,0.007826,0.050829,0.441510,0.175857,0.091043
0.010229,0.009049,0.031005,0.009334,0.361421,0.015241,0.019705,0.165799,0.361205,0.017012
0.070225,0.125525,0.297703,0.018540,0.039502,0.021798,0.192530,0.027145,0.193326,0.013706
0.007888,0.488365,0.033230,0.007779,0.011317,0.009929,0.009306,0.092514,0.278856,0.060816
0.010548,0.746735,0.064715,0.010345,0.036114,0.014471,0.009116,0.062118,0.027786,0.018051
0.012693,0.016125,0.442722,0.014157,0.034287,0.027820,0.010359,0.022377,0.388433,0.031028
0.085110,0.014067,0.164703,0.017369,0.520848,0.019773,0.110595,0.021270,0.014575,0.031690
0.013953,0.004878,0.022815,0.044994,0.237789,0.031192,0.019149,0.433099,0.085870,0.106259
0.046103,0.035726,0.028280,0.028568,0.688517,0.018162,0.085291,0.016724,0.028685,0.023943
0.102382,0.361269,0.086604,0.005522,0.010794,0.010536,0.031465,0.116616,0.198941,0.075870
0.023281,0.039409,0.152210,0.011275,0.044463,0.063985,0.022306,0.317544,0.156596,0.168930
0.010765,0.011379,0.022400,0.012115,0.457821,0.024823,0.009824,0.303233,0.021478,0.126162
0.124834,0.008822,0.010917,0.008519,0.020811,0.019182,0.012766,0.559068,0.221879,0.013202
0.009240,0.062949,0.025054,0.008509,0.460136,0.014956,0.019452,0.210203,0.181397,0.008103
0.015699,0.330440,0.029388,0.004923,0.202044,0.007137,0.004415,0.129133,0.207311,0.069510
0.011892,0.063706,0.022922,0.015479,0.026358,0.014171,0.062382,0.332218,0.433333,0.017539
0.008067,0.475599,0.014374,0.215868,0.011079,0.008556,0.006778,0.242095,0.010081,0.007503
0.006375,0.405446,0.009326,0.006436,0.322111,0.008897,0.013195,0.210615,0.011174,0.006426
0.006366,0.061758,0.346670,0.007460,0.027339,0.018975,0.022105,0.194790,0.181542,0.132995
0.018103,0.017349,0.024352,0.019942,0.028060,0.035698,0.034443,0.357254,0.447424,0.017375
0.012498,0.573433,0.009605,0.010353,0.011194,0.008949,0.033283,0.025559,0.235755,0.079371
0.010133,0.094624,0.084106,0.008531,0.032883,0.073564,0.196753,0.023576,0.271708,0.204122
0.008551,0.376205,0.008966,0.006857,0.007572,0.006995,0.005487,0.351718,0.220424,0.007226
0.005035,0.305891,0.024183,0.004081,0.182496,0.005491,0.009041,0.302060,0.157584,0.004137
0.013553,0.015287,0.017471,0.011655,0.036354,0.018704,0.038229,0.812943,0.024495,0.011308
0.005081,0.335552,0.007611,0.136285,0.259374,0.005679,0.036179,0.006299,0.154302,0.053637
0.059597,0.782461,0.015241,0.014060,0.021531,0.014126,0.015976,0.044744,0.019528,0.012734
0.004694,0.024515,0.152828,0.004109,0.030034,0.015616,0.153501,0.398697,0.197892,0.018114
0.063083,0.062115,0.343090,0.005309,0.034774,0.019150,0.024019,0.166213,0.262426,0.019821
0.005606,0.410226,0.165068,0.025361,0.015281,0.007037,0.004957,0.108278,0.185957,0.072227
0.006172,0.008616,0.110027,0.008754,0.348473,0.006680,0.043099,0.447754,0.014088,0.006339
0.144051,0.633976,0.066457,0.011736,0.019639,0.011240,0.075365,0.011828,0.013613,0.012096
0.009116,0.010068,0.092771,0.012951,0.037529,0.020694,0.296325,0.242984,0.246791,0.030770
0.016101,0.046563,0.297601,0.013148,0.034175,0.031151,0.022499,0.274890,0.020610,0.243263
0.063799,0.018283,0.236216,0.017525,0.033742,0.042990,0.024768,0.023305,0.505504,0.033868
0.006064,0.050254,0.064151,0.008239,0.363500,0.015191,0.163018,0.011550,0.219503,0.098529
0.012129,0.010902,0.044046,0.022570,0.510661,0.070966,0.009231,0.104531,0.202431,0.012532
0.045431,0.013162,0.086282,0.011851,0.024043,0.017828,0.091423,0.684876,0.015499,0.009605
0.049978,0.005101,0.021690,0.005095,0.016534,0.032160,0.109449,0.430262,0.225641,0.104090
0.010142,0.679502,0.060936,0.011574,0.013937,0.013938,0.013555,0.012828,0.170082,0.013507
0.006018,0.006240,0.125395,0.008761,0.017827,0.014366,0.077962,0.476336,0.253788,0.013307
0.010888,0.012059,0.475106,0.009953,0.039635,0.026255,0.105798,0.078451,0.018354,0.223501
0.005261,0.342429,0.012322,0.030898,0.012174,0.012822,0.051052,0.198617,0.233954,0.100472
0.011878,0.032141,0.032790,0.012993,0.368383,0.015430,0.023059,0.012770,0.374053,0.116503
0.019293,0.017300,0.030208,0.392560,0.019788,0.022940,0.027943,0.306097,0.143542,0.020329
0.008562,0.571896,0.151653,0.008611,0.017326,0.010110,0.018596,0.011306,0.189414,0.012525
0.164969,0.008664,0.189012,0.008401,0.263088,0.020782,0.005029,0.074229,0.241257,0.024569
0.044856,0.034235,0.039357,0.061370,0.479582,0.016775,0.024055,0.062526,0.212671,0.024575
0.012242,0.514026,0.014772,0.008041,0.011351,0.008948,0.010809,0.028606,0.278777,0.112427
0.059858,0.008450,0.030800,0.005116,0.251886,0.044780,0.016444,0.217010,0.237590,0.128066
0.005046,0.005745,0.058439,0.005792,0.040448,0.019161,0.112084,0.481170,0.248988,0.023127
0.004353,0.305507,0.120698,0.004907,0.230541,0.031760,0.004049,0.186322,0.007554,0.104309
0.016957,0.018748,0.552813,0.014295,0.038912,0.022495,0.034756,0.091674,0.174113,0.035235
0.016017,0.013284,0.271277,0.012826,0.064990,0.024699,0.150991,0.377497,0.056098,0.012322
0.033035,0.421471,0.009099,0.006370,0.271201,0.008885,0.014661,0.218449,0.008967,0.007864
0.007758,0.008644,0.088916,0.008894,0.043303,0.029599,0.039743,0.231933,0.368637,0.172573
0.016583,0.092143,0.044838,0.017176,0.032723,0.025539,0.031012,0.097508,0.625656,0.016822
0.147228,0.011954,0.018361,0.011295,0.463003,0.019825,0.008196,0.199796,0.018305,0.102036
0.007967,0.010192,0.155665,0.025339,0.346413,0.013427,0.100457,0.015540,0.302222,0.022778
0.013552,0.074931,0.139510,0.029029,0.073702,0.119303,0.060954,0.410297,0.023336,0.055386
0.008391,0.009783,0.054694,0.020267,0.017078,0.010952,0.006424,0.491765,0.282354,0.098292
0.013511,0.011515,0.234003,0.035671,0.036805,0.019963,0.152350,0.312096,0.151589,0.032496
0.006145,0.378406,0.011440,0.006781,0.007929,0.006949,0.009625,0.393335,0.112634,0.066758
0.009999,0.010045,0.094532,0.010441,0.606976,0.031806,0.174100,0.011043,0.041253,0.009804
0.077364,0.024799,0.048409,0.034561,0.069253,0.029980,0.164947,0.480365,0.044680,0.025643
0.006355,0.375965,0.008705,0.005921,0.007469,0.009765,0.007318,0.356725,0.148339,0.073437
0.008919,0.431068,0.025713,0.007151,0.007489,0.008013,0.035194,0.174955,0.242507,0.058990
0.010448,0.013220,0.203858,0.013959,0.031818,0.017366,0.086862,0.224313,0.386923,0.011234
0.007510,0.367126,0.086236,0.008102,0.012920,0.029185,0.069514,0.140803,0.269112,0.009492
0.015665,0.008565,0.017356,0.010186,0.408444,0.010277,0.014440,0.220234,0.282287,0.012546
0.210971,0.007917,0.030053,0.030593,0.046951,0.025356,0.102049,0.019900,0.342370,0.183841
0.036719,0.045568,0.334305,0.033429,0.130702,0.034457,0.030131,0.213869,0.055068,0.085751
0.009437,0.008293,0.118656,0.042198,0.435215,0.011105,0.019835,0.010769,0.329658,0.014835
0.135086,0.022921,0.023890,0.009297,0.330880,0.011752,0.054540,0.040251,0.237425,0.133958
0.053233,0.023650,0.126986,0.023833,0.045386,0.039050,0.228732,0.034317,0.035331,0.389481
0.007722,0.007202,0.010340,0.007053,0.321623,0.007269,0.057151,0.481501,0.014087,0.086052
0.209451,0.018043,0.018002,0.016108,0.033250,0.020426,0.116651,0.017497,0.528028,0.022544
0.020574,0.023428,0.159541,0.020627,0.126589,0.149503,0.303467,0.062057,0.112385,0.021829
0.014765,0.018447,0.024585,0.013369,0.020011,0.024993,0.018728,0.384478,0.340950,0.139672
0.008688,0.007493,0.070791,0.037303,0.396111,0.024890,0.032320,0.214260,0.201456,0.006687
0.009285,0.483855,0.043818,0.194127,0.010251,0.008822,0.007439,0.029620,0.204693,0.008090
0.019445,0.007114,0.152930,0.008307,0.403299,0.020951,0.025192,0.052426,0.290253,0.020084
0.011757,0.010974,0.062399,0.027479,0.020808,0.015929,0.028952,0.688510,0.110308,0.022884
0.018802,0.019156,0.056736,0.018469,0.034646,0.025033,0.045855,0.025588,0.531478,0.224237
0.009539,0.287341,0.028280,0.004371,0.195993,0.011566,0.054984,0.110093,0.210281,0.087553
0.006784,0.005396,0.022603,0.006995,0.252662,0.039979,0.013583,0.409154,0.225507,0.017338
0.078326,0.011327,0.027464,0.312916,0.043970,0.058653,0.100013,0.017878,0.341823,0.007630
0.322262,0.016789,0.059362,0.014851,0.074964,0.039701,0.010086,0.117970,0.058781,0.285235
0.077258,0.006687,0.073213,0.005483,0.255639,0.009679,0.007426,0.325092,0.180815,0.058709
0.023199,0.077251,0.040878,0.010578,0.352434,0.025778,0.231427,0.020640,0.012197,0.205618
0.048092,0.012915,0.029631,0.014284,0.679918,0.015392,0.024198,0.017930,0.132541,0.025099
0.010374,0.415166,0.274447,0.039912,0.025191,0.032083,0.005051,0.061016,0.018321,0.118439
0.041431,0.010343,0.064823,0.007041,0.346384,0.021316,0.227535,0.054531,0.104376,0.122218
0.009747,0.058374,0.061168,0.008763,0.028669,0.009301,0.019247,0.601240,0.093973,0.109517
0.009603,0.532469,0.009678,0.023839,0.009946,0.010926,0.017213,0.243491,0.067499,0.075335
0.126265,0.022793,0.023117,0.039422,0.014814,0.012652,0.063264,0.535452,0.152209,0.010012
0.023166,0.019219,0.029719,0.027015,0.038947,0.032042,0.018131,0.025880,0.748231,0.037651
0.007136,0.456013,0.049635,0.010785,0.034179,0.018446,0.014638,0.076868,0.191447,0.140854
0.007057,0.017641,0.081320,0.006123,0.227300,0.009627,0.012025,0.405639,0.162019,0.071249
0.018426,0.028020,0.173059,0.018486,0.082372,0.168427,0.017278,0.052574,0.366336,0.075024
0.098493,0.352235,0.151745,0.006799,0.011000,0.005868,0.011770,0.140796,0.215116,0.006178
0.045514,0.028588,0.046476,0.020907,0.716709,0.021422,0.043518,0.022742,0.029860,0.024264
0.005770,0.007162,0.116141,0.006770,0.298039,0.007109,0.068269,0.380988,0.013244,0.096507
0.015809,0.020166,0.550807,0.093927,0.038120,0.024937,0.032443,0.026573,0.183162,0.014057
0.054738,0.026334,0.124673,0.046179,0.019040,0.012669,0.074161,0.613511,0.012294,0.016401
0.138643,0.023989,0.016881,0.012287,0.012280,0.010153,0.019188,0.615952,0.013801,0.136826
0.180548,0.442375,0.020134,0.010291,0.030018,0.017077,0.085153,0.006866,0.195326,0.012213
0.005025,0.004691,0.099285,0.166169,0.296431,0.007776,0.017072,0.369012,0.019424,0.015115
0.012066,0.015325,0.022043,0.014706,0.016672,0.016108,0.016817,0.735892,0.019046,0.131325
0.046555,0.026595,0.043225,0.101518,0.034369,0.045491,0.125611,0.027850,0.220346,0.328440
0.007028,0.495831,0.116892,0.006865,0.015021,0.008006,0.067108,0.197431,0.075780,0.010038
0.011165,0.071987,0.018139,0.011131,0.413964,0.016564,0.026456,0.238289,0.012677,0.179628
0.018316,0.372217,0.089281,0.005781,0.240415,0.005078,0.013407,0.032473,0.213782,0.009251
0.040479,0.055647,0.254632,0.046629,0.078039,0.041447,0.089912,0.218442,0.087203,0.087571
0.011480,0.019451,0.125770,0.161420,0.187857,0.031443,0.085738,0.354092,0.018733,0.004017
0.050420,0.067010,0.081428,0.288369,0.100431,0.081898,0.079099,0.077159,0.124730,0.049455
0.033935,0.342915,0.153193,0.005806,0.232276,0.007096,0.004537,0.137288,0.007769,0.075185
0.009596,0.379743,0.015619,0.005344,0.016875,0.029004,0.008759,0.166875,0.259093,0.109092
0.011698,0.665678,0.012377,0.012962,0.012105,0.011849,0.013074,0.028394,0.217659,0.014205
0.004189,0.284802,0.022018,0.004821,0.182459,0.026305,0.016994,0.362630,0.012113,0.083668
0.009975,0.679604,0.149075,0.014456,0.039407,0.024640,0.016701,0.018220,0.029729,0.018195
0.007977,0.491975,0.040033,0.010022,0.013317,0.010432,0.006710,0.253468,0.155561,0.010504
0.027181,0.042984,0.158853,0.006132,0.219525,0.009147,0.152343,0.359545,0.020056,0.004233
0.006326,0.039193,0.009551,0.032989,0.338340,0.010073,0.008701,0.413466,0.063757,0.077604
0.039883,0.035014,0.154464,0.015171,0.025416,0.019292,0.077436,0.387370,0.232754,0.013200
0.138187,0.312057,0.021122,0.193491,0.269340,0.025189,0.007861,0.008892,0.015660,0.008200
0.003430,0.020455,0.220292,0.003468,0.230132,0.013232,0.072978,0.309860,0.020400,0.105754
0.023511,0.021079,0.346786,0.027920,0.062497,0.028770,0.019682,0.406517,0.041978,0.021261
0.004289,0.052289,0.224993,0.006950,0.030153,0.016854,0.086312,0.369067,0.204514,0.004580
0.005763,0.389942,0.085158,0.005161,0.279209,0.036052,0.009765,0.005855,0.019168,0.163928
0.336800,0.012784,0.072374,0.113012,0.041761,0.077839,0.219621,0.027526,0.056298,0.041985
0.024630,0.012222,0.185102,0.068591,0.440836,0.014355,0.101104,0.089898,0.034115,0.029148
0.054814,0.043728,0.070764,0.014976,0.027035,0.030962,0.030224,0.440871,0.269042,0.017583
0.054026,0.324324,0.129593,0.056861,0.105829,0.073924,0.072348,0.052953,0.071998,0.058145
0.009791,0.009998,0.031778,0.012905,0.403383,0.010598,0.098503,0.013307,0.399686,0.010050
0.087246,0.291812,0.069148,0.005562,0.229288,0.005673,0.003368,0.294070,0.009970,0.003863
0.075300,0.599547,0.053117,0.008318,0.039838,0.022177,0.034575,0.016359,0.132151,0.018618
0.007366,0.011683,0.063630,0.017847,0.070613,0.027980,0.220647,0.080309,0.336582,0.163343
0.016131,0.014049,0.047086,0.016756,0.025295,0.023512,0.020702,0.252446,0.558649,0.025374
0.043590,0.015460,0.031212,0.018456,0.023373,0.021463,0.026802,0.296212,0.508739,0.014692
0.005921,0.006123,0.041161,0.010332,0.269903,0.037155,0.091037,0.147589,0.265286,0.125493
0.005867,0.009197,0.062767,0.005904,0.300532,0.042766,0.157989,0.249772,0.032489,0.132717
0.018241,0.013828,0.142062,0.072543,0.127964,0.094152,0.046461,0.039103,0.390515,0.055129
0.024108,0.019241,0.111664,0.006333,0.266405,0.005561,0.045829,0.194916,0.219161,0.106782
0.017525,0.044753,0.202303,0.020899,0.023954,0.031945,0.029219,0.017192,0.593521,0.018689
0.011922,0.010643,0.020693,0.043666,0.416446,0.014939,0.018159,0.055658,0.263761,0.144112
0.028858,0.036239,0.198437,0.032132,0.038593,0.057909,0.040146,0.034495,0.245946,0.287243
0.028466,0.011773,0.022469,0.009181,0.453745,0.009429,0.008470,0.051039,0.305216,0.100213
0.121382,0.060980,0.066089,0.022036,0.040915,0.027263,0.232809,0.364105,0.042245,0.022176
0.053022,0.014665,0.021879,0.033782,0.031239,0.022519,0.176691,0.341656,0.290938,0.013608
0.024686,0.021639,0.064644,0.025821,0.033296,0.034595,0.170066,0.024199,0.561626,0.039428
0.006527,0.006624,0.107062,0.015708,0.350878,0.010798,0.010131,0.155242,0.255275,0.081754
0.009409,0.393406,0.086514,0.008822,0.282661,0.010910,0.039480,0.148531,0.012578,0.007687
0.063921,0.012120,0.462159,0.015050,0.049234,0.064334,0.124585,0.023592,0.153983,0.031023
0.161863,0.384833,0.031168,0.007922,0.025497,0.037596,0.013337,0.044430,0.282330,0.011023
0.015217,0.020012,0.058163,0.021285,0.036547,0.034160,0.281789,0.296453,0.022834,0.213540
0.019281,0.022997,0.041511,0.087938,0.629421,0.026329,0.016199,0.110463,0.025505,0.020356
0.024106,0.385545,0.236570,0.008346,0.018077,0.028730,0.016330,0.139418,0.014775,0.128103
0.010700,0.010935,0.066666,0.013202,0.054144,0.072839,0.042583,0.010988,0.484010,0.233934
0.046800,0.122722,0.124730,0.042575,0.075245,0.055874,0.075374,0.292480,0.090197,0.074003
0.010547,0.012905,0.187426,0.011314,0.391749,0.020435,0.047828,0.010457,0.289226,0.018113
0.010700,0.013345,0.016967,0.011045,0.018344,0.016478,0.017620,0.580245,0.226647,0.088609
0.108961,0.010175,0.260648,0.094168,0.063739,0.064700,0.283745,0.026793,0.049326,0.037745
0.058431,0.459886,0.018452,0.010859,0.025310,0.017354,0.089193,0.074990,0.102403,0.143123
0.007248,0.011326,0.083460,0.011809,0.377685,0.055434,0.282612,0.008507,0.154076,0.007842
0.145286,0.009102,0.132355,0.021862,0.298361,0.018042,0.072673,0.182262,0.009354,0.110703
0.010255,0.008577,0.105561,0.236234,0.439596,0.014119,0.008083,0.009582,0.157585,0.010408
0.202806,0.011597,0.030863,0.016230,0.481302,0.011532,0.085828,0.018202,0.130693,0.010947
0.163949,0.028928,0.113904,0.006324,0.043210,0.047070,0.081409,0.232945,0.261351,0.020910
0.008671,0.009019,0.096030,0.009947,0.023450,0.013179,0.014633,0.579832,0.236912,0.008327
0.011941,0.016206,0.070235,0.011453,0.620771,0.011917,0.084856,0.018010,0.129826,0.024786
0.005011,0.005102,0.285504,0.047988,0.236564,0.017194,0.156077,0.049375,0.095091,0.102095
0.236349,0.038640,0.104713,0.039443,0.086896,0.065131,0.255923,0.043274,0.051324,0.078305
0.218912,0.012233,0.041738,0.011503,0.054829,0.054844,0.213743,0.008569,0.350516,0.033112
0.169149,0.010776,0.156443,0.008880,0.440776,0.021582,0.142684,0.014486,0.026273,0.008952
0.156523,0.364713,0.015993,0.005834,0.022264,0.028949,0.072296,0.147878,0.016762,0.168788
0.013734,0.018513,0.300612,0.013786,0.041787,0.026623,0.049100,0.317635,0.179231,0.038977
0.039336,0.012290,0.025534,0.014749,0.024917,0.019244,0.011708,0.815069,0.016157,0.020995
0.006805,0.006873,0.034373,0.006749,0.322904,0.006993,0.014586,0.416616,0.171829,0.012271
0.009225,0.012578,0.010926,0.016998,0.431319,0.015775,0.015248,0.179689,0.220345,0.087898
0.007079,0.422593,0.010981,0.007034,0.013052,0.007889,0.045130,0.113607,0.274012,0.098624
0.085723,0.008733,0.028438,0.075472,0.028061,0.053028,0.223436,0.108876,0.361688,0.026545
0.063726,0.043762,0.081240,0.341050,0.031788,0.056470,0.035540,0.116355,0.020616,0.209453
0.013204,0.559222,0.010456,0.010352,0.010637,0.011126,0.052783,0.250255,0.070839,0.011126
0.005990,0.345720,0.006518,0.007398,0.007785,0.007557,0.012450,0.374703,0.226151,0.005727
0.182514,0.007135,0.048231,0.011472,0.051335,0.043554,0.192552,0.260481,0.196259,0.006466
0.005798,0.305629,0.067370,0.006286,0.231508,0.023160,0.009066,0.044620,0.211452,0.095111
0.013246,0.461313,0.031205,0.005833,0.281767,0.009385,0.020246,0.161690,0.009203,0.006113
0.004105,0.005757,0.167102,0.026639,0.238111,0.006566,0.003883,0.318882,0.169177,0.059778
0.066669,0.012618,0.449788,0.039911,0.031790,0.068643,0.109927,0.023781,0.164222,0.032650
0.010907,0.382948,0.063272,0.007316,0.203788,0.007188,0.007155,0.134000,0.176383,0.007043
0.004555,0.309807,0.195674,0.004119,0.014803,0.010863,0.049672,0.391206,0.012090,0.007210
0.017019,0.020306,0.119811,0.015181,0.038962,0.016065,0.036945,0.125783,0.595009,0.014920
0.027066,0.045583,0.167248,0.348880,0.054280,0.057069,0.118049,0.008859,0.164497,0.008469
0.031341,0.255771,0.176876,0.003963,0.011063,0.023749,0.007909,0.293852,0.188614,0.006861
0.094719,0.090475,0.072690,0.009246,0.411599,0.072231,0.191150,0.009175,0.014187,0.034528
0.007602,0.011140,0.306181,0.010353,0.029408,0.021242,0.245464,0.016777,0.328305,0.023526
0.005674,0.354182,0.035664,0.006574,0.171072,0.006469,0.006889,0.160498,0.202340,0.050639
0.016557,0.041813,0.201891,0.030256,0.029364,0.036202,0.144523,0.281913,0.026364,0.191118
0.017258,0.644093,0.015224,0.010060,0.012589,0.015847,0.022922,0.235266,0.013510,0.013231
0.007089,0.473799,0.040391,0.008196,0.023950,0.043813,0.011921,0.012422,0.365832,0.012587
0.013496,0.014054,0.077870,0.012023,0.062685,0.084764,0.268355,0.362511,0.060450,0.043793
0.160227,0.005929,0.285226,0.006063,0.267195,0.044110,0.021570,0.177915,0.026201,0.005565
0.009496,0.009632,0.374381,0.064382,0.029475,0.016088,0.024137,0.065577,0.380049,0.026783
0.006176,0.459918,0.173834,0.007515,0.311006,0.007875,0.011007,0.008499,0.008381,0.005789
0.009836,0.650299,0.015953,0.230465,0.011045,0.010029,0.013054,0.037053,0.012349,0.009917
0.004190,0.285270,0.216621,0.004888,0.225457,0.010714,0.052955,0.108900,0.007020,0.083984
0.195205,0.012185,0.031010,0.011591,0.459744,0.018649,0.097882,0.012665,0.017369,0.143700
0.007043,0.007248,0.069507,0.010898,0.384626,0.007259,0.006441,0.480040,0.020136,0.006802
0.011302,0.016211,0.127798,0.011728,0.015760,0.016960,0.020917,0.742937,0.018004,0.018384
0.010286,0.615919,0.015318,0.011564,0.013432,0.016034,0.012731,0.283833,0.012199,0.008685
0.006344,0.009469,0.058583,0.008728,0.342267,0.041044,0.142376,0.078010,0.175424,0.137757
0.018463,0.447238,0.108766,0.009303,0.013363,0.007593,0.014765,0.008816,0.266975,0.104717
0.008870,0.531558,0.018758,0.010489,0.015622,0.010701,0.017823,0.010408,0.274929,0.100844
0.017946,0.018859,0.042900,0.020091,0.604160,0.036657,0.036282,0.019360,0.169364,0.034381
0.010215,0.107123,0.048916,0.017069,0.050117,0.033953,0.027001,0.283796,0.179359,0.242452
0.033421,0.029641,0.362612,0.030413,0.051437,0.038143,0.027929,0.037778,0.055183,0.333444
0.010674,0.663556,0.053821,0.011982,0.016728,0.012303,0.065502,0.012281,0.013343,0.139812
0.070951,0.074010,0.109288,0.010810,0.419846,0.009314,0.244763,0.018455,0.031738,0.010823
0.155099,0.008948,0.360390,0.009166,0.030447,0.009447,0.019616,0.009884,0.275695,0.121308
0.328450,0.120183,0.066845,0.012075,0.056418,0.091951,0.043710,0.030014,0.209422,0.040932
0.047698,0.384917,0.288995,0.209774,0.013798,0.013964,0.011625,0.008009,0.009266,0.011955
0.075912,0.603131,0.135943,0.013803,0.039309,0.046860,0.031989,0.009078,0.026005,0.017970
0.035381,0.047884,0.023993,0.023681,0.032127,0.026275,0.039647,0.081835,0.478044,0.211133
0.043913,0.043079,0.240183,0.004255,0.211280,0.013402,0.073426,0.360277,0.006309,0.003874
0.308937,0.017084,0.044127,0.011995,0.096233,0.091784,0.035637,0.029707,0.323829,0.040668
0.043109,0.083395,0.019318,0.014939,0.036057,0.032820,0.021044,0.442504,0.141425,0.165389
0.004249,0.004789,0.217026,0.004991,0.279426,0.017768,0.017332,0.403495,0.028877,0.022047
0.019822,0.719576,0.013046,0.034275,0.014869,0.013428,0.070060,0.013316,0.090611,0.010996
0.006631,0.416459,0.013182,0.005596,0.298807,0.006414,0.052483,0.005931,0.188776,0.005722
0.003681,0.241962,0.179400,0.003582,0.010440,0.018885,0.043172,0.310329,0.184752,0.003798
0.009356,0.010300,0.087541,0.020124,0.099681,0.036725,0.248659,0.029349,0.446050,0.012217
0.009251,0.010524,0.117264,0.398566,0.058998,0.038855,0.008968,0.112502,0.197681,0.047390
0.011972,0.009690,0.202108,0.326681,0.026781,0.016174,0.119925,0.014975,0.122878,0.148816
0.053042,0.038984,0.083192,0.008953,0.513641,0.027565,0.095241,0.009412,0.017827,0.152143
0.008308,0.067158,0.167370,0.007656,0.435940,0.013410,0.006687,0.008118,0.265039,0.020313
0.013781,0.035875,0.037275,0.063305,0.020224,0.013013,0.075115,0.209858,0.337778,0.193776
0.125526,0.021505,0.100459,0.007420,0.309303,0.010051,0.015016,0.170469,0.226144,0.014107
0.016291,0.007263,0.170316,0.047630,0.026607,0.033650,0.067013,0.407052,0.218210,0.005968
0.005680,0.007816,0.172606,0.011366,0.296399,0.043922,0.092430,0.134180,0.230334,0.005267
0.012610,0.031710,0.031801,0.013653,0.020606,0.014444,0.090317,0.749059,0.022095,0.013705
0.052098,0.009473,0.243471,0.008840,0.390297,0.015322,0.006068,0.245861,0.020623,0.007946
0.015815,0.007211,0.025733,0.008992,0.233059,0.032624,0.173906,0.410295,0.087598,0.004768
0.027658,0.008932,0.139070,0.007641,0.026022,0.009906,0.053485,0.501056,0.219759,0.006471
0.015651,0.153751,0.108001,0.023752,0.081339,0.049493,0.043840,0.193769,0.030443,0.299962
0.203206,0.016707,0.018225,0.012022,0.024566,0.025737,0.124933,0.064714,0.358099,0.151791
0.008298,0.006807,0.219399,0.065107,0.041175,0.023574,0.005744,0.202389,0.281108,0.146398
0.008063,0.006313,0.365957,0.009559,0.035340,0.048606,0.082252,0.168864,0.269195,0.005852
0.015099,0.014885,0.380662,0.020652,0.127045,0.096540,0.199712,0.015003,0.073206,0.057198
0.039487,0.043565,0.377548,0.062165,0.106816,0.099641,0.101345,0.073320,0.056136,0.039976
0.004377,0.334883,0.020346,0.036339,0.266885,0.031335,0.011858,0.053730,0.229037,0.011210
0.012914,0.444996,0.022604,0.015782,0.027595,0.040518,0.031357,0.006427,0.273297,0.124510
0.015262,0.737298,0.031609,0.016601,0.049330,0.069655,0.009715,0.016362,0.034501,0.019667
0.015606,0.007503,0.099056,0.006391,0.299175,0.041127,0.074872,0.426390,0.024834,0.005045
0.180998,0.033947,0.047221,0.008378,0.040949,0.043864,0.020333,0.182529,0.295208,0.146573
0.007076,0.007662,0.084650,0.008156,0.049356,0.027792,0.222079,0.215935,0.344273,0.033020
0.008925,0.012215,0.092188,0.027853,0.503969,0.021620,0.026760,0.009800,0.272461,0.024209
0.005858,0.377303,0.082100,0.234065,0.012144,0.034544,0.010670,0.055336,0.016354,0.171626
0.006925,0.007429,0.031910,0.012784,0.042836,0.048892,0.154339,0.669709,0.016192,0.008984
0.019592,0.022903,0.041525,0.022827,0.758184,0.021356,0.041297,0.021825,0.034397,0.016095
0.055919,0.009585,0.126866,0.010638,0.421684,0.012383,0.061911,0.012784,0.271148,0.017082
0.012855,0.012933,0.090502,0.514254,0.081743,0.042927,0.172467,0.031853,0.027676,0.012790
0.011507,0.014267,0.223164,0.336748,0.042229,0.015606,0.087716,0.011405,0.234965,0.022392
0.017960,0.018199,0.031626,0.022226,0.044671,0.028230,0.030680,0.385137,0.403016,0.018255
0.006722,0.050052,0.276256,0.193800,0.297493,0.015729,0.065762,0.067148,0.022211,0.004827
0.161859,0.724874,0.013305,0.014907,0.014085,0.013209,0.014230,0.014335,0.014160,0.015037
0.010838,0.009676,0.076265,0.010017,0.025179,0.027374,0.029400,0.771397,0.030144,0.009710
0.042720,0.004260,0.125734,0.003608,0.223523,0.013101,0.106593,0.350798,0.018926,0.110738
0.005062,0.024569,0.155100,0.023657,0.264721,0.038797,0.064001,0.410824,0.007698,0.005571
0.004641,0.380002,0.143861,0.006939,0.228337,0.005411,0.010565,0.137033,0.007110,0.076102
0.014578,0.022836,0.113762,0.178835,0.312633,0.010176,0.070875,0.040541,0.220077,0.015686
0.009721,0.013746,0.022472,0.009985,0.349435,0.014878,0.083508,0.010882,0.371173,0.114200
0.046392,0.009339,0.042729,0.011448,0.344309,0.038464,0.103043,0.014988,0.262305,0.126983
0.015213,0.035064,0.024539,0.015235,0.017553,0.015532,0.073488,0.382112,0.227337,0.193925
0.182607,0.009181,0.103714,0.014442,0.538667,0.016571,0.093584,0.017323,0.012951,0.010960
0.051998,0.008532,0.021585,0.010200,0.445438,0.012858,0.112510,0.011132,0.317897,0.007849
0.042399,0.013562,0.017730,0.014720,0.021708,0.019563,0.024585,0.814062,0.016566,0.015102
0.023080,0.029068,0.174293,0.026990,0.058965,0.038928,0.523563,0.041038,0.028746,0.055328
0.031782,0.037560,0.238081,0.035963,0.043166,0.058700,0.054685,0.148363,0.039056,0.312645
0.052953,0.018928,0.032362,0.020816,0.021992,0.039853,0.037459,0.470817,0.283368,0.021451
0.009913,0.364026,0.008752,0.006830,0.006567,0.009957,0.010712,0.359730,0.216656,0.006858
0.006028,0.430405,0.023477,0.018122,0.269159,0.042558,0.005594,0.009999,0.010348,0.184311
0.008299,0.407134,0.018033,0.009386,0.015323,0.033306,0.014359,0.478462,0.009460,0.006238
0.009860,0.044425,0.070688,0.012149,0.481279,0.069689,0.007384,0.023715,0.246948,0.033863
0.005264,0.368835,0.129623,0.039392,0.267288,0.033874,0.032393,0.008213,0.008252,0.106867
0.009842,0.035604,0.356550,0.009096,0.028322,0.026585,0.023718,0.191415,0.292810,0.026058
0.045259,0.005842,0.046478,0.028134,0.330135,0.038149,0.110135,0.145688,0.243499,0.006682
0.314669,0.056919,0.028664,0.025868,0.032384,0.024300,0.041138,0.028671,0.204400,0.242988
0.015408,0.015553,0.101076,0.043120,0.052922,0.024612,0.071715,0.017483,0.623238,0.034873
0.009734,0.542600,0.014785,0.230806,0.015117,0.015092,0.075853,0.010327,0.075968,0.009718
0.021042,0.299921,0.013390,0.173135,0.204193,0.011525,0.017058,0.119344,0.132002,0.008388
0.015632,0.082915,0.018270,0.019198,0.020163,0.025514,0.110266,0.086084,0.402009,0.219950
0.017523,0.016319,0.116358,0.043338,0.036890,0.016410,0.014466,0.359532,0.175072,0.204093
0.177908,0.446091,0.039560,0.006711,0.020851,0.043149,0.073691,0.007084,0.177890,0.007065
0.004424,0.018350,0.092573,0.006630,0.210679,0.010782,0.047478,0.352754,0.183943,0.072388
0.007511,0.009631,0.241450,0.044510,0.331455,0.017578,0.060829,0.250041,0.021601,0.015393
0.011679,0.681315,0.023478,0.010485,0.018059,0.017105,0.018555,0.013287,0.191916,0.014120
0.008557,0.595324,0.010806,0.009763,0.009624,0.008786,0.014989,0.009155,0.217025,0.115971
0.192407,0.034722,0.101703,0.015940,0.019731,0.030893,0.024090,0.074925,0.484477,0.021111
0.020332,0.641742,0.080625,0.013413,0.014449,0.014039,0.009374,0.179020,0.015038,0.011969
0.058754,0.053126,0.128774,0.068046,0.069603,0.055690,0.092045,0.308313,0.081613,0.084035
0.013138,0.017589,0.496626,0.015574,0.037025,0.020853,0.033876,0.284822,0.043015,0.037484
0.126037,0.028061,0.293461,0.025259,0.038513,0.033856,0.193358,0.023673,0.216465,0.021316
0.010156,0.010523,0.411441,0.315065,0.027550,0.016250,0.116657,0.066295,0.013804,0.012258
0.005493,0.417162,0.038392,0.005556,0.267327,0.008087,0.004901,0.122869,0.124827,0.005387
0.107779,0.008631,0.053662,0.031077,0.010642,0.009761,0.013215,0.501654,0.186547,0.077033
0.008179,0.053953,0.098877,0.090160,0.515168,0.033796,0.122428,0.009367,0.027067,0.041006
0.003843,0.267203,0.010108,0.005782,0.213807,0.023991,0.003225,0.296893,0.171314,0.003834
0.042959,0.043581,0.342467,0.050553,0.118878,0.121223,0.104115,0.077716,0.057641,0.040867
0.006352,0.487770,0.032048,0.006962,0.031848,0.044458,0.017114,0.006962,0.350837,0.015647
0.085944,0.350107,0.040321,0.017865,0.280786,0.009147,0.024818,0.176380,0.007501,0.007130
0.008802,0.009528,0.193810,0.013125,0.032477,0.014879,0.019713,0.298332,0.283497,0.125838
0.021771,0.837387,0.014170,0.014627,0.014336,0.015568,0.015502,0.037009,0.015000,0.014631
0.005951,0.408447,0.034562,0.043150,0.020228,0.031555,0.013624,0.157107,0.273049,0.012327
0.007785,0.010527,0.101984,0.037352,0.398240,0.011575,0.014319,0.010157,0.291721,0.116340
0.047884,0.006685,0.136088,0.018303,0.321484,0.014914,0.056215,0.007005,0.262844,0.128579
0.103894,0.332535,0.031022,0.029478,0.278495,0.005884,0.061511,0.029625,0.119597,0.007958
0.013563,0.011231,0.024102,0.013751,0.018592,0.012049,0.110281,0.763551,0.021411,0.011470
0.009459,0.050540,0.042272,0.096892,0.065743,0.082169,0.040861,0.138554,0.463513,0.009996
0.115405,0.005373,0.117656,0.006446,0.317690,0.010777,0.004535,0.391226,0.011603,0.019288
0.006860,0.402408,0.051699,0.006284,0.214503,0.007108,0.029480,0.203435,0.008527,0.069697
0.011624,0.435979,0.021727,0.006139,0.024985,0.038494,0.024623,0.010529,0.302917,0.122982
0.012045,0.779634,0.014339,0.014824,0.015871,0.019926,0.011009,0.014471,0.015325,0.102556
0.004962,0.021721,0.088616,0.202496,0.221046,0.036934,0.063814,0.011441,0.211224,0.137746
0.012471,0.756287,0.013356,0.034329,0.015733,0.014566,0.014321,0.014374,0.016088,0.108476
0.007438,0.009351,0.083387,0.015614,0.342923,0.010896,0.054892,0.454105,0.008810,0.012584
0.189609,0.038059,0.225039,0.008799,0.041477,0.024487,0.095760,0.069435,0.299187,0.008149
0.065967,0.061960,0.189666,0.060140,0.101839,0.127385,0.150582,0.085196,0.086086,0.071179
0.004590,0.279907,0.005789,0.114421,0.155801,0.005383,0.006189,0.298649,0.124535,0.004736
0.008739,0.008696,0.478806,0.074778,0.040143,0.063949,0.074039,0.224883,0.017717,0.008249
0.013092,0.861046,0.015565,0.015762,0.017782,0.014147,0.016295,0.015111,0.015984,0.015217
0.166395,0.026737,0.358012,0.026902,0.080065,0.041897,0.060716,0.140200,0.053460,0.045617
0.013076,0.012380,0.050841,0.021630,0.585628,0.039894,0.144516,0.031698,0.057335,0.043000
0.005327,0.371433,0.082839,0.005261,0.022483,0.028063,0.011093,0.132327,0.235707,0.105466
0.277091,0.106575,0.025288,0.021391,0.048826,0.020316,0.028894,0.404940,0.038904,0.027777
0.019140,0.009940,0.044472,0.012002,0.023198,0.021788,0.134774,0.553452,0.030574,0.150661
0.027672,0.029743,0.040013,0.142262,0.048777,0.058634,0.067791,0.038503,0.512432,0.034172
0.036418,0.290270,0.018690,0.004969,0.222071,0.010594,0.071869,0.328164,0.012687,0.004266
0.055788,0.009542,0.144315,0.008630,0.022109,0.012412,0.211528,0.165320,0.256969,0.113386
0.007145,0.007428,0.021382,0.007052,0.297314,0.014651,0.014175,0.446218,0.176333,0.008302
0.066123,0.010740,0.268168,0.007766,0.437720,0.019112,0.061686,0.076981,0.030352,0.021353
0.012797,0.011561,0.017430,0.014842,0.642183,0.023779,0.023176,0.015559,0.227076,0.011597
0.010659,0.588208,0.010558,0.023851,0.011898,0.011178,0.011653,0.011875,0.231901,0.088220
0.013558,0.727134,0.054151,0.081211,0.029019,0.027779,0.008513,0.016367,0.015643,0.026625
0.023640,0.033708,0.122833,0.032132,0.208047,0.078954,0.311319,0.062748,0.036880,0.089739
0.003860,0.004525,0.238266,0.017488,0.229281,0.032118,0.036389,0.163900,0.181016,0.093156
0.013347,0.012653,0.161849,0.015320,0.624574,0.015599,0.112530,0.015951,0.016198,0.011978
0.017380,0.009788,0.082024,0.017108,0.352565,0.009833,0.015993,0.176853,0.221519,0.096937
0.279082,0.019675,0.516476,0.014274,0.035877,0.020454,0.031838,0.023806,0.044828,0.013690
0.032870,0.425323,0.007458,0.007900,0.262919,0.006584,0.013570,0.157586,0.008882,0.076908
0.017045,0.014208,0.029049,0.389951,0.027839,0.033640,0.026827,0.019324,0.417651,0.024466
0.014209,0.004469,0.086965,0.004024,0.211500,0.029134,0.019506,0.351409,0.184857,0.093928
0.007006,0.433190,0.008639,0.021844,0.281304,0.008085,0.008901,0.212950,0.010088,0.007992
0.111174,0.018687,0.058365,0.020945,0.039118,0.025130,0.150328,0.025726,0.515924,0.034601
0.083072,0.373256,0.008955,0.005100,0.272385,0.005328,0.007137,0.018380,0.166396,0.059992
0.004714,0.004926,0.152988,0.007776,0.016743,0.030467,0.070027,0.410394,0.206368,0.095597
0.039159,0.506748,0.045992,0.018758,0.033906,0.046445,0.016074,0.273583,0.012223,0.007113
0.111243,0.021723,0.043872,0.041038,0.028656,0.029072,0.043898,0.427582,0.026305,0.226610
0.016351,0.017737,0.054556,0.012470,0.056286,0.093587,0.156131,0.028569,0.527339,0.036973
0.016806,0.624686,0.146480,0.009186,0.029581,0.011901,0.017793,0.008581,0.012248,0.122738
0.024733,0.359460,0.023237,0.037309,0.291333,0.033395,0.010314,0.009641,0.084970,0.125609
0.010211,0.014965,0.037270,0.012626,0.578107,0.010984,0.060555,0.060155,0.024187,0.190941
0.007015,0.415241,0.070375,0.190857,0.266223,0.012270,0.014522,0.008068,0.008725,0.006704
0.090708,0.037663,0.042354,0.047181,0.073359,0.036974,0.182283,0.044161,0.058207,0.387109
0.043189,0.017141,0.298357,0.019719,0.056403,0.051818,0.041620,0.040784,0.073720,0.357248
0.005656,0.029394,0.054360,0.220001,0.259556,0.036710,0.175887,0.053981,0.159245,0.005209
0.175390,0.027718,0.022728,0.248848,0.034676,0.047798,0.081281,0.059518,0.283218,0.018825
0.054683,0.009364,0.020934,0.008726,0.019592,0.014640,0.012617,0.584051,0.257917,0.017476
0.009985,0.426156,0.007895,0.008274,0.008918,0.011634,0.008755,0.441014,0.009775,0.067595
0.012556,0.016811,0.016513,0.007925,0.302532,0.006669,0.005948,0.402969,0.159576,0.068501
0.010134,0.012494,0.016751,0.010412,0.012137,0.009708,0.008634,0.532573,0.296244,0.090913
0.007507,0.010693,0.188055,0.040137,0.397844,0.025679,0.216374,0.067734,0.038848,0.007128
0.006667,0.008256,0.016947,0.165758,0.269746,0.014688,0.036299,0.411879,0.059515,0.010243
0.007877,0.522288,0.016461,0.008493,0.018934,0.009668,0.059131,0.032726,0.315135,0.009285
0.085092,0.005923,0.011750,0.146792,0.250847,0.013500,0.010946,0.365421,0.100750,0.008979
0.030772,0.029410,0.058123,0.032620,0.059820,0.064475,0.028205,0.036231,0.613494,0.046849
0.009967,0.342034,0.125528,0.004876,0.270897,0.026650,0.079343,0.121590,0.008234,0.010880
0.104161,0.018365,0.040314,0.018095,0.031414,0.024742,0.042549,0.024596,0.674579,0.021185
0.006704,0.007436,0.073874,0.007853,0.046369,0.061268,0.245439,0.227832,0.316184,0.007042
0.020389,0.020595,0.262031,0.026717,0.037642,0.034576,0.162505,0.023128,0.391718,0.020699
0.050846,0.007835,0.056448,0.009697,0.018035,0.007952,0.017687,0.523236,0.300900,0.007363
0.007607,0.008904,0.024645,0.008182,0.267301,0.009855,0.010944,0.441621,0.132667,0.088274
0.019468,0.025533,0.114624,0.027526,0.046142,0.026120,0.050997,0.625696,0.045235,0.018661
0.012976,0.571377,0.046635,0.009968,0.010212,0.009714,0.008073,0.010379,0.213940,0.106727
0.006355,0.008424,0.016234,0.006886,0.289578,0.009168,0.005761,0.383064,0.212053,0.062477
0.014306,0.511754,0.044796,0.009709,0.032497,0.039279,0.025924,0.282516,0.024431,0.014787
0.014703,0.040961,0.505408,0.033342,0.046019,0.017201,0.026923,0.098509,0.035159,0.181776
0.005948,0.007952,0.046611,0.007600,0.283952,0.006120,0.010283,0.362727,0.211425,0.057382
0.027967,0.009398,0.121318,0.043960,0.017025,0.012090,0.073292,0.669440,0.013899,0.011611
0.011706,0.065857,0.033097,0.009962,0.559451,0.020493,0.020808,0.236965,0.021951,0.019710
0.063604,0.022379,0.040757,0.023017,0.054790,0.027143,0.037224,0.661574,0.035629,0.033883
0.014907,0.015541,0.353000,0.021472,0.084859,0.031161,0.260705,0.138471,0.022726,0.057158
0.131541,0.007623,0.019550,0.019603,0.397976,0.010479,0.125352,0.177731,0.011104,0.099042
0.041096,0.012424,0.334793,0.057684,0.036712,0.015241,0.105810,0.015578,0.358356,0.022306
0.028633,0.036752,0.561606,0.039887,0.085355,0.041985,0.063609,0.028271,0.082708,0.031194
0.009210,0.008095,0.182703,0.010036,0.428280,0.008347,0.123264,0.210263,0.011854,0.007946
0.006721,0.441303,0.041762,0.174590,0.009491,0.008006,0.028888,0.007504,0.272928,0.008807
0.008812,0.011814,0.012780,0.011507,0.018766,0.014243,0.052540,0.598679,0.166043,0.104816
0.010425,0.605374,0.010388,0.009689,0.011622,0.016532,0.019643,0.010933,0.296234,0.009158
0.005880,0.036352,0.036869,0.030974,0.288998,0.009284,0.012254,0.361095,0.207390,0.010904
0.055716,0.011274,0.013749,0.008202,0.455420,0.021766,0.060450,0.049206,0.316366,0.007851
0.004299,0.346597,0.011626,0.004576,0.241386,0.004623,0.042432,0.155216,0.184612,0.004634
0.200684,0.007848,0.066899,0.007763,0.054002,0.058188,0.029007,0.095546,0.319468,0.160596
0.004999,0.365301,0.086861,0.006338,0.012985,0.006419,0.008213,0.344118,0.158958,0.005808
0.006366,0.460387,0.028263,0.009960,0.032859,0.018624,0.015804,0.058164,0.352521,0.017053
0.041718,0.043291,0.356429,0.040590,0.077404,0.042143,0.075531,0.230638,0.052086,0.040170
0.008013,0.265264,0.095145,0.003635,0.155464,0.010072,0.008787,0.289049,0.063109,0.101461
0.006312,0.009783,0.026443,0.008275,0.376178,0.054233,0.028367,0.018992,0.285916,0.185500
0.005794,0.006407,0.080116,0.006140,0.296900,0.008761,0.051705,0.407845,0.124114,0.012218
0.082297,0.613042,0.035249,0.069346,0.042964,0.023999,0.008049,0.075261,0.032191,0.017603
0.011180,0.651415,0.012754,0.013572,0.013541,0.011325,0.040223,0.217208,0.014930,0.013850
0.193130,0.007416,0.034296,0.007173,0.323105,0.044035,0.092993,0.088506,0.016305,0.193040
0.006771,0.439958,0.174774,0.006841,0.032565,0.018182,0.032878,0.262022,0.010484,0.015525
0.015112,0.016806,0.344071,0.020580,0.070926,0.045271,0.197255,0.017135,0.021980,0.250864
0.009578,0.009624,0.060434,0.358369,0.062747,0.069644,0.033089,0.345855,0.019739,0.030921
0.128867,0.010574,0.096010,0.008133,0.023216,0.013015,0.019409,0.534101,0.151734,0.014943
0.007190,0.490033,0.018808,0.006539,0.019620,0.043525,0.014316,0.011947,0.376530,0.011492
0.078993,0.016347,0.148125,0.064385,0.027840,0.028454,0.031063,0.019209,0.373027,0.212557
0.025113,0.008337,0.040292,0.007612,0.050254,0.067162,0.007103,0.745275,0.040849,0.008001
0.006518,0.447138,0.321377,0.005945,0.017577,0.015569,0.014634,0.009441,0.019439,0.142362
0.033928,0.010826,0.339243,0.014705,0.060487,0.036528,0.033752,0.036487,0.424054,0.009991
0.014161,0.013760,0.094457,0.020527,0.065948,0.105766,0.053976,0.033215,0.582487,0.015702
0.015338,0.017014,0.020717,0.032418,0.026077,0.013573,0.012063,0.833021,0.017083,0.012695
0.035644,0.007525,0.089955,0.167942,0.301711,0.008720,0.066275,0.029973,0.217163,0.075093
0.011092,0.755452,0.052225,0.010140,0.017948,0.012822,0.015562,0.012896,0.097903,0.013960
0.006897,0.469554,0.008149,0.006722,0.007757,0.008634,0.039925,0.191061,0.254421,0.006881
0.008871,0.689120,0.061861,0.075176,0.026464,0.064522,0.018798,0.018921,0.014952,0.021315
0.204813,0.016199,0.097272,0.056134,0.020339,0.016200,0.071188,0.018710,0.346946,0.152199
0.008429,0.544022,0.034371,0.059327,0.036999,0.044541,0.016759,0.063458,0.012742,0.179353
0.118131,0.047998,0.207167,0.007001,0.025665,0.014489,0.059690,0.407885,0.006720,0.105253
0.019878,0.021054,0.234448,0.026384,0.047677,0.027276,0.113845,0.443742,0.036543,0.029152
0.044484,0.517357,0.115139,0.008405,0.015084,0.012693,0.014445,0.008713,0.252879,0.010801
0.009663,0.009849,0.088545,0.029531,0.423393,0.017944,0.024294,0.010919,0.376183,0.009677
0.009873,0.058680,0.022742,0.011865,0.016494,0.010778,0.015398,0.656181,0.182466,0.015523
0.010710,0.338080,0.009553,0.004841,0.270405,0.005124,0.007483,0.340831,0.007020,0.005953
0.037591,0.070866,0.041055,0.322984,0.024587,0.020390,0.077859,0.360191,0.026072,0.018404
0.005624,0.323603,0.043418,0.006210,0.174838,0.009160,0.004858,0.339820,0.042654,0.049816
0.008745,0.039608,0.151101,0.010905,0.047148,0.062885,0.124590,0.008153,0.331616,0.215248
0.034881,0.005885,0.071468,0.006164,0.226699,0.012138,0.055154,0.408434,0.169591,0.009586
0.013134,0.013888,0.025317,0.016917,0.725758,0.013634,0.133944,0.023437,0.021225,0.012746
0.240477,0.009263,0.200381,0.010906,0.040729,0.067508,0.115263,0.245929,0.039555,0.029989
0.033134,0.414491,0.142103,0.015401,0.286391,0.031169,0.010666,0.043552,0.010063,0.013029
0.007272,0.376741,0.080483,0.005403,0.223235,0.033584,0.087147,0.167177,0.009077,0.009880
0.008343,0.447423,0.008106,0.007535,0.009385,0.012026,0.025421,0.463994,0.008820,0.008947
0.006057,0.389376,0.037312,0.008544,0.247714,0.015715,0.067884,0.009061,0.098296,0.120040
0.010917,0.010454,0.090135,0.072530,0.031657,0.020679,0.114798,0.011743,0.435297,0.201789
0.005629,0.323076,0.078675,0.006881,0.215530,0.009759,0.010188,0.338871,0.006453,0.004937
0.109609,0.021811,0.060504,0.022787,0.035987,0.023250,0.101229,0.095142,0.513714,0.015968
0.005903,0.005993,0.127328,0.200278,0.279167,0.017431,0.005175,0.210174,0.142905,0.005645
0.006640,0.010833,0.234309,0.007642,0.043253,0.047375,0.172337,0.018994,0.301506,0.157110
0.059899,0.010372,0.014375,0.009807,0.451337,0.019963,0.066655,0.065732,0.283186,0.018675
0.035618,0.494425,0.008069,0.006686,0.345721,0.012613,0.014890,0.008471,0.064817,0.008691
0.318346,0.121320,0.222381,0.042592,0.040820,0.021280,0.159795,0.027064,0.026473,0.019928
0.009465,0.534237,0.058145,0.009457,0.010684,0.008352,0.055626,0.228500,0.010649,0.074884
0.005896,0.386713,0.099015,0.177128,0.010292,0.006773,0.050540,0.126855,0.057469,0.079318
0.032310,0.435215,0.007959,0.008499,0.014241,0.007663,0.013901,0.122771,0.281646,0.075796
0.007085,0.007405,0.078747,0.220537,0.406939,0.011535,0.024606,0.013362,0.222833,0.006951
0.011683,0.053849,0.093434,0.258824,0.017361,0.013805,0.016690,0.013406,0.411577,0.109370
0.019916,0.026358,0.015082,0.311970,0.025395,0.012987,0.092591,0.351426,0.016459,0.127815
0.060974,0.046912,0.025863,0.022423,0.708352,0.021216,0.030821,0.016190,0.035679,0.031570
0.019224,0.011123,0.056909,0.021654,0.384398,0.018142,0.055235,0.012710,0.311190,0.109416
0.129479,0.008125,0.107811,0.008015,0.359583,0.008234,0.011377,0.057592,0.293222,0.016562
0.029657,0.039403,0.074633,0.034226,0.068219,0.066005,0.041261,0.033026,0.282383,0.331187
0.007348,0.472699,0.043128,0.008569,0.309784,0.018683,0.093512,0.013727,0.024850,0.007700
0.008914,0.504549,0.046291,0.007731,0.010259,0.009567,0.010288,0.120817,0.204203,0.077381
0.013654,0.033682,0.034291,0.322239,0.030554,0.025235,0.028457,0.014457,0.484310,0.013122
0.013244,0.013455,0.499566,0.019988,0.038595,0.024190,0.182184,0.025759,0.170345,0.012672
0.011834,0.580712,0.025912,0.008752,0.018411,0.051512,0.013102,0.014293,0.022300,0.253171
0.008331,0.538086,0.010093,0.008454,0.010718,0.010449,0.017391,0.172208,0.216530,0.007741
0.020204,0.112137,0.026550,0.024697,0.028000,0.020792,0.145569,0.118981,0.483658,0.019413
0.033050,0.033178,0.172634,0.060243,0.177476,0.112203,0.028150,0.090890,0.167655,0.124522
0.008881,0.007007,0.377365,0.254209,0.045064,0.021561,0.025741,0.066217,0.010359,0.183596
0.014827,0.015221,0.121999,0.015801,0.041360,0.037046,0.037498,0.314735,0.186546,0.214967
0.012153,0.010815,0.024667,0.013939,0.014352,0.011695,0.020827,0.681025,0.095542,0.114984
0.027858,0.009182,0.071577,0.044697,0.520816,0.031216,0.121667,0.088576,0.048027,0.036384
0.009183,0.009887,0.024658,0.009583,0.364318,0.015270,0.088924,0.284670,0.176243,0.017264
0.059718,0.027577,0.141212,0.012611,0.402047,0.022440,0.083024,0.065447,0.018672,0.167253
0.181339,0.033387,0.349661,0.011210,0.039529,0.013973,0.021874,0.017704,0.306956,0.024367
0.045890,0.037813,0.058681,0.210411,0.118155,0.040757,0.329290,0.055512,0.056758,0.046733
0.312404,0.017710,0.164915,0.017351,0.045131,0.028520,0.313232,0.032916,0.023240,0.044581
0.099125,0.371445,0.139645,0.006026,0.216723,0.005448,0.037639,0.006328,0.108777,0.008844
0.014449,0.018334,0.515218,0.016166,0.038407,0.025421,0.045413,0.292693,0.018113,0.015786
0.011692,0.016605,0.052409,0.015961,0.622451,0.039510,0.034907,0.141959,0.018693,0.045813
0.041165,0.316492,0.026922,0.035387,0.242758,0.031112,0.055052,0.035576,0.210622,0.004914
0.131371,0.011733,0.077802,0.016394,0.301582,0.010047,0.014794,0.011120,0.326742,0.098414
0.012573,0.475960,0.011154,0.172344,0.009456,0.009334,0.009300,0.105484,0.185605,0.008791
0.014376,0.009914,0.015672,0.014602,0.299069,0.010671,0.009547,0.458545,0.066404,0.101201
0.008694,0.008467,0.020225,0.046649,0.396411,0.011510,0.072257,0.160658,0.259645,0.015484
0.024070,0.023113,0.062733,0.130670,0.053115,0.033277,0.034688,0.557338,0.031612,0.049384
0.019676,0.023117,0.061260,0.036189,0.024199,0.021430,0.103287,0.022291,0.660798,0.027753
0.006968,0.011373,0.078480,0.074313,0.063910,0.052283,0.023567,0.617046,0.040808,0.031252
0.004036,0.284075,0.012548,0.009826,0.018460,0.027521,0.009182,0.337461,0.209828,0.087062
0.074504,0.036534,0.031447,0.012427,0.026639,0.017092,0.079285,0.061897,0.462750,0.197425
0.007794,0.472293,0.067164,0.007871,0.008308,0.009792,0.015361,0.122999,0.215045,0.073373
0.028873,0.012233,0.025146,0.018319,0.489934,0.010382,0.085247,0.160895,0.019454,0.149516
0.011151,0.834072,0.022819,0.011476,0.016126,0.017599,0.016691,0.041269,0.015213,0.013584
0.027913,0.064616,0.319536,0.030280,0.047029,0.044900,0.226707,0.157802,0.041780,0.039435
0.009337,0.013417,0.137543,0.009872,0.492420,0.019156,0.022522,0.012307,0.266380,0.017047
0.032814,0.008737,0.131307,0.007290,0.311650,0.011397,0.190256,0.058751,0.232523,0.015274
0.004221,0.328744,0.125723,0.004108,0.184816,0.008807,0.026826,0.146664,0.165872,0.004221
0.005392,0.346294,0.006439,0.004901,0.246461,0.005619,0.004562,0.151089,0.182266,0.046977
0.132492,0.018462,0.122432,0.025061,0.094072,0.142521,0.015530,0.046306,0.028181,0.374944
0.005669,0.007254,0.187607,0.017114,0.300807,0.007980,0.056454,0.118819,0.212013,0.086283
0.008247,0.007684,0.044060,0.010363,0.024136,0.019611,0.010919,0.495919,0.281586,0.097476
0.009164,0.592254,0.010980,0.007361,0.308647,0.014768,0.028397,0.008218,0.011377,0.008835
0.024787,0.027577,0.140864,0.033763,0.101223,0.149186,0.079686,0.019367,0.046333,0.377214
0.013407,0.017049,0.026858,0.022550,0.583714,0.020394,0.011389,0.063625,0.110409,0.130605
0.081862,0.008052,0.174305,0.016739,0.482766,0.016886,0.178483,0.020754,0.012277,0.007877
0.007951,0.008909,0.249122,0.006589,0.019636,0.011096,0.176184,0.148055,0.268386,0.104071
0.009122,0.012496,0.012429,0.009071,0.449412,0.013400,0.047913,0.259330,0.087819,0.099007
0.083327,0.388414,0.006476,0.006674,0.279103,0.007075,0.006881,0.007054,0.162307,0.052690
0.033333,0.018991,0.035539,0.017979,0.024338,0.018917,0.030105,0.019553,0.575998,0.225247
0.007742,0.036360,0.175711,0.008161,0.388210,0.024645,0.110402,0.063764,0.011302,0.173703
0.022969,0.014585,0.180950,0.010834,0.570420,0.022201,0.016713,0.014595,0.016128,0.130605
0.005705,0.334852,0.006683,0.005322,0.179897,0.009226,0.039090,0.354717,0.007089,0.057420
0.013732,0.014267,0.036453,0.013697,0.020822,0.020281,0.110243,0.273799,0.345917,0.150789
0.122285,0.005774,0.120935,0.192962,0.288898,0.011237,0.021608,0.005886,0.211681,0.018733
0.004845,0.307186,0.071410,0.004718,0.242045,0.024551,0.008224,0.006928,0.200084,0.130011
0.007171,0.007317,0.091237,0.014729,0.267222,0.010708,0.006466,0.475311,0.013930,0.105910
0.009740,0.014481,0.183183,0.398637,0.052898,0.062327,0.131984,0.121937,0.015498,0.009315
0.007152,0.083779,0.263995,0.017208,0.030643,0.053257,0.141313,0.024114,0.346433,0.032106
0.008133,0.009813,0.017254,0.010192,0.346655,0.010108,0.064412,0.507343,0.017363,0.008727
0.015480,0.024078,0.195826,0.005108,0.246743,0.010071,0.159170,0.122493,0.204146,0.016885
0.010561,0.014969,0.102663,0.020044,0.059094,0.035912,0.140218,0.134048,0.443592,0.038900
0.087868,0.402736,0.011354,0.005519,0.242438,0.006134,0.012605,0.005991,0.164125,0.061230
0.012850,0.015443,0.094138,0.072538,0.043625,0.017995,0.089827,0.380535,0.244379,0.028671
0.056905,0.020561,0.037792,0.023751,0.029119,0.019930,0.017847,0.507450,0.024651,0.261994
0.005320,0.005015,0.103581,0.004940,0.286145,0.008274,0.093706,0.392850,0.018433,0.081735
0.005007,0.412091,0.167904,0.005340,0.232290,0.008201,0.004690,0.033694,0.124550,0.006234
0.010292,0.596831,0.061789,0.011205,0.011385,0.011427,0.012489,0.012171,0.260021,0.012391
0.006418,0.006271,0.119662,0.005599,0.355531,0.040383,0.104937,0.079458,0.258227,0.023516
0.011670,0.012855,0.119206,0.015927,0.069307,0.042317,0.188072,0.170839,0.061927,0.307879
0.040836,0.047940,0.473315,0.051936,0.072800,0.060929,0.080045,0.040312,0.054283,0.077605
0.014431,0.525636,0.128443,0.008049,0.014399,0.010374,0.006399,0.037297,0.155603,0.099368
0.050685,0.009877,0.105260,0.012516,0.396516,0.011362,0.016612,0.054273,0.239162,0.103737
0.010044,0.009602,0.201775,0.010780,0.025332,0.015033,0.022501,0.681677,0.012256,0.010999
0.008610,0.451350,0.113669,0.008765,0.354438,0.008399,0.014182,0.011315,0.021423,0.007849
0.017841,0.021786,0.031824,0.026226,0.019060,0.026658,0.070640,0.069569,0.576364,0.140031
0.006160,0.408561,0.023245,0.012486,0.013626,0.031985,0.010160,0.468124,0.018261,0.007391
0.009059,0.012761,0.060775,0.015787,0.011982,0.010649,0.017317,0.565320,0.209804,0.086545
0.046281,0.008775,0.076793,0.013172,0.034732,0.022588,0.246396,0.209232,0.317097,0.024934
0.007538,0.029904,0.062905,0.006555,0.403298,0.011792,0.114432,0.068230,0.274576,0.020769
0.082393,0.019392,0.401813,0.018337,0.070714,0.031835,0.042153,0.020171,0.049079,0.264113
0.165491,0.012111,0.023771,0.010431,0.504955,0.012288,0.023037,0.218047,0.020975,0.008894
0.193440,0.076282,0.381824,0.009778,0.027545,0.023351,0.086534,0.064395,0.124900,0.011950
0.005273,0.367455,0.024925,0.210304,0.224718,0.033976,0.012329,0.005411,0.008202,0.107407
0.040303,0.079169,0.028461,0.014542,0.033747,0.017642,0.025011,0.223966,0.379201,0.157958
0.007176,0.008002,0.021368,0.046755,0.427162,0.011127,0.151553,0.012576,0.306947,0.007334
0.014156,0.142827,0.149485,0.020445,0.066149,0.030316,0.477333,0.016266,0.068648,0.014375
0.005539,0.367253,0.161350,0.006473,0.017142,0.006596,0.012572,0.402100,0.012910,0.008064
0.073726,0.035323,0.394062,0.008464,0.315733,0.055234,0.092537,0.007099,0.011039,0.006783
0.059667,0.011345,0.021702,0.014398,0.026520,0.016453,0.014576,0.310560,0.408130,0.116649
0.034475,0.026151,0.041965,0.046493,0.400578,0.013793,0.018199,0.012301,0.261308,0.144737
0.021154,0.018791,0.058354,0.024585,0.053959,0.029067,0.048904,0.025342,0.688866,0.030975
0.004505,0.005038,0.047089,0.200383,0.278443,0.039875,0.067225,0.126594,0.211967,0.018882
0.006672,0.033501,0.024151,0.005922,0.039501,0.043308,0.120462,0.522103,0.197851,0.006529
0.038969,0.469770,0.183525,0.005933,0.020390,0.006268,0.013752,0.033275,0.138088,0.090029
0.055811,0.010581,0.037448,0.006688,0.433190,0.024625,0.173950,0.194056,0.036072,0.027577
0.065792,0.064042,0.177675,0.069501,0.111805,0.092072,0.118939,0.077456,0.113675,0.109043
0.007959,0.050071,0.113091,0.008157,0.436942,0.012691,0.065071,0.054405,0.237031,0.014581
0.005998,0.406761,0.018596,0.238088,0.247406,0.030638,0.012362,0.008734,0.019425,0.011990
0.008426,0.012262,0.343206,0.016442,0.459242,0.016443,0.025715,0.071383,0.018290,0.028591
0.096257,0.045787,0.023744,0.016515,0.695354,0.014457,0.037762,0.021989,0.034252,0.013883
0.104945,0.489249,0.040297,0.021315,0.009576,0.009423,0.014245,0.009201,0.198729,0.103020
0.018741,0.005881,0.057342,0.027850,0.316968,0.008821,0.011222,0.390085,0.153116,0.009974
0.010387,0.705683,0.086583,0.037598,0.014517,0.011701,0.019238,0.010982,0.091424,0.011888
0.027319,0.012211,0.168617,0.009029,0.046162,0.056747,0.165311,0.111553,0.368434,0.034618
0.073935,0.308675,0.008040,0.005978,0.204808,0.005804,0.037118,0.113077,0.190284,0.052282
0.069018,0.034388,0.063706,0.009118,0.057338,0.043486,0.166931,0.254647,0.277272,0.024096
0.009990,0.646435,0.012104,0.009231,0.016612,0.010520,0.020833,0.011418,0.252117,0.010741
0.016032,0.021564,0.029163,0.380207,0.032952,0.016393,0.022110,0.306233,0.024169,0.151178
0.034588,0.031012,0.411285,0.029870,0.061313,0.049169,0.251402,0.031871,0.064427,0.035063
0.016937,0.051413,0.105470,0.017729,0.315973,0.016283,0.047309,0.010496,0.321876,0.096513
0.008156,0.008321,0.059518,0.227539,0.019009,0.022144,0.044497,0.580296,0.012079,0.018441
0.006663,0.007441,0.111952,0.199602,0.391111,0.016048,0.046418,0.124738,0.009319,0.086709
0.006030,0.005588,0.106307,0.005511,0.254006,0.012393,0.074573,0.370467,0.159867,0.005258
0.011373,0.016642,0.453456,0.017279,0.029639,0.012293,0.027039,0.019590,0.385579,0.027109
0.014467,0.014128,0.065565,0.025297,0.104587,0.085741,0.035913,0.033150,0.575612,0.045541
0.174335,0.069610,0.066851,0.283171,0.022371,0.016741,0.088870,0.243855,0.014767,0.019428
0.018152,0.096171,0.212503,0.016524,0.025539,0.023223,0.096057,0.289731,0.025765,0.196334
0.017881,0.018150,0.050521,0.017842,0.029254,0.023731,0.148667,0.361994,0.301313,0.030647
0.036610,0.006205,0.214960,0.219864,0.352605,0.011088,0.115434,0.012850,0.024578,0.005805
0.136270,0.008126,0.128279,0.008428,0.340362,0.010476,0.078134,0.190625,0.085363,0.013937
0.018190,0.053304,0.025423,0.232518,0.016390,0.013330,0.015449,0.155385,0.332797,0.137213
0.007012,0.477992,0.024096,0.006963,0.291813,0.044823,0.012477,0.013297,0.114258,0.007269
0.027890,0.148956,0.283336,0.034595,0.065286,0.061467,0.057250,0.029269,0.249361,0.042590
0.005877,0.408329,0.108060,0.006835,0.281354,0.006015,0.035072,0.038352,0.009336,0.100771
0.011816,0.040524,0.189042,0.006967,0.196401,0.025327,0.051728,0.304504,0.169111,0.004580
0.009565,0.652758,0.044373,0.010567,0.023594,0.012673,0.012644,0.050872,0.014203,0.168752
0.041896,0.014121,0.203571,0.013139,0.027019,0.025432,0.086629,0.013806,0.423705,0.150681
0.061352,0.010158,0.058531,0.016163,0.059901,0.072076,0.167908,0.122869,0.421746,0.009296
0.025284,0.576004,0.254292,0.043335,0.016799,0.009556,0.007749,0.042372,0.012107,0.012501
0.005635,0.066193,0.065533,0.060695,0.305696,0.022278,0.005293,0.084399,0.258474,0.125803
0.004646,0.045807,0.014755,0.006763,0.270742,0.028589,0.011973,0.393909,0.208803,0.014011
0.016354,0.368029,0.031333,0.006959,0.012535,0.007642,0.037869,0.390617,0.122942,0.005721
0.005638,0.052581,0.055049,0.020403,0.294870,0.012042,0.101701,0.417911,0.021971,0.017834
0.011662,0.351284,0.007405,0.148809,0.227817,0.006451,0.011584,0.020511,0.207847,0.006630
0.006392,0.410630,0.023029,0.251258,0.024880,0.037886,0.013779,0.065393,0.015993,0.150759
0.016017,0.036169,0.018305,0.369441,0.020453,0.021418,0.075473,0.076372,0.345092,0.021260
0.012890,0.011219,0.113716,0.016189,0.524633,0.011071,0.027655,0.021163,0.233681,0.027781
0.005463,0.006093,0.127310,0.008435,0.332183,0.008694,0.128755,0.148721,0.228713,0.005633
0.014549,0.010793,0.110675,0.010807,0.488875,0.038004,0.275018,0.010897,0.030507,0.009875
0.006564,0.007958,0.110984,0.176774,0.280239,0.009370,0.022367,0.142480,0.237341,0.005923
0.007261,0.006786,0.070760,0.014896,0.034429,0.023433,0.023099,0.522997,0.289877,0.006462
0.125995,0.522105,0.013608,0.009603,0.009921,0.009112,0.010470,0.027595,0.263094,0.008497
0.005185,0.321065,0.078580,0.006410,0.008694,0.009503,0.026443,0.367391,0.170726,0.006003
0.013407,0.014105,0.501097,0.017927,0.039611,0.020260,0.030509,0.094814,0.045377,0.222892
0.021878,0.023306,0.482993,0.027387,0.066416,0.035354,0.208056,0.043422,0.030627,0.060561
0.003710,0.279564,0.010859,0.005372,0.183513,0.010226,0.009634,0.351975,0.058919,0.086229
0.007247,0.463326,0.008706,0.009804,0.008775,0.008664,0.009773,0.464709,0.010040,0.008958
0.070172,0.021642,0.049682,0.022237,0.037795,0.028016,0.030881,0.027690,0.384433,0.327453
0.085174,0.065489,0.119758,0.026267,0.044778,0.044174,0.018545,0.497520,0.055053,0.043242
0.013240,0.012953,0.118837,0.018213,0.031300,0.021034,0.283347,0.275492,0.035686,0.189898
0.025989,0.024879,0.056905,0.028534,0.062132,0.037746,0.186500,0.514899,0.032662,0.029755
0.005746,0.360327,0.161013,0.010789,0.219224,0.006018,0.009440,0.005818,0.216252,0.005374
0.007910,0.008482,0.316088,0.008225,0.389833,0.014536,0.021781,0.017150,0.193718,0.022277
0.006713,0.049370,0.011322,0.040557,0.342979,0.011158,0.012350,0.500412,0.018639,0.006498
0.008890,0.007971,0.017260,0.230509,0.383247,0.012110,0.076751,0.010945,0.238870,0.013446
0.005792,0.058379,0.184270,0.007071,0.324932,0.037477,0.076887,0.053841,0.244741,0.006610
0.008728,0.577644,0.151323,0.009621,0.015868,0.015529,0.017790,0.011190,0.182159,0.010149
0.084846,0.018045,0.670439,0.020461,0.072131,0.017569,0.015376,0.032944,0.027964,0.040226
0.006354,0.394355,0.040067,0.005507,0.325364,0.016780,0.012351,0.065739,0.009545,0.123938
0.015976,0.568244,0.010582,0.008562,0.269460,0.007915,0.011034,0.009632,0.011155,0.087440
0.007848,0.006874,0.010257,0.193462,0.286332,0.009156,0.013818,0.127272,0.257924,0.087058
0.010082,0.060417,0.055296,0.010930,0.019954,0.018854,0.077337,0.617344,0.012613,0.117173
0.037890,0.036355,0.050040,0.036334,0.096783,0.043666,0.156430,0.039505,0.064365,0.438632
0.056789,0.006888,0.258528,0.006452,0.344645,0.011499,0.090316,0.052519,0.164344,0.008021
0.012928,0.017903,0.034570,0.027807,0.682699,0.016389,0.011809,0.017461,0.026563,0.151872
0.005729,0.363459,0.009057,0.007020,0.007727,0.009972,0.013358,0.371064,0.157641,0.054973
0.043801,0.007727,0.114120,0.005366,0.321774,0.008034,0.004982,0.199905,0.205535,0.088757
0.025952,0.008484,0.258490,0.006386,0.022044,0.010960,0.005904,0.459683,0.189418,0.012678
0.028036,0.023682,0.153431,0.044179,0.504657,0.010077,0.018550,0.044611,0.020056,0.152720
0.009511,0.008844,0.079834,0.011396,0.417592,0.008773,0.263906,0.068044,0.121779,0.010321
0.026887,0.048008,0.049836,0.008667,0.024097,0.011662,0.006119,0.466116,0.265205,0.093403
0.020238,0.109005,0.238238,0.021518,0.030619,0.024272,0.166226,0.019959,0.341350,0.028573
0.185659,0.007211,0.216029,0.264248,0.035210,0.043704,0.026491,0.186451,0.010683,0.024315
0.141795,0.005468,0.048224,0.024797,0.292715,0.033425,0.087673,0.005266,0.219751,0.140885
0.005723,0.006284,0.058767,0.218439,0.305845,0.010580,0.209226,0.051483,0.025312,0.108341
0.035538,0.036858,0.329458,0.038982,0.055415,0.044600,0.032130,0.043644,0.327431,0.055944
0.012722,0.014799,0.129994,0.014403,0.076202,0.090399,0.230863,0.040152,0.067424,0.323042
0.008905,0.007794,0.021554,0.010150,0.012944,0.008444,0.012312,0.517318,0.307774,0.092805
0.011436,0.012695,0.084050,0.072346,0.530009,0.024383,0.128651,0.074094,0.036001,0.026336
0.007403,0.262496,0.004636,0.005148,0.205973,0.004487,0.028354,0.273066,0.162572,0.045865
0.015729,0.021271,0.344586,0.015454,0.067077,0.027916,0.204819,0.017108,0.046609,0.239429
0.007533,0.333103,0.131555,0.019928,0.008766,0.006942,0.043182,0.323626,0.044266,0.081101
0.127642,0.010097,0.119109,0.218726,0.303734,0.011510,0.018976,0.173267,0.009797,0.007142
0.091229,0.045831,0.211269,0.019813,0.043507,0.021591,0.086071,0.017175,0.283220,0.180294
0.058007,0.018923,0.034662,0.034949,0.578674,0.021075,0.181419,0.015103,0.030443,0.026746
0.007023,0.006291,0.020543,0.006548,0.281211,0.008877,0.013156,0.444904,0.198608,0.012840
0.030243,0.025696,0.538246,0.031354,0.075409,0.064874,0.067716,0.055483,0.034383,0.076595
0.024513,0.012057,0.016407,0.014626,0.520391,0.027861,0.027184,0.014812,0.322597,0.019552
0.004476,0.045555,0.196922,0.016003,0.018489,0.013657,0.086820,0.336287,0.193920,0.087870
0.007625,0.405093,0.314988,0.014103,0.023987,0.030741,0.004815,0.177958,0.009550,0.011140
0.010864,0.749821,0.027465,0.015533,0.018927,0.018446,0.111616,0.014689,0.017062,0.015576
0.005215,0.373388,0.084249,0.006352,0.217204,0.008739,0.008581,0.180122,0.108310,0.007841
0.018490,0.020455,0.225614,0.015986,0.028726,0.026077,0.032947,0.022386,0.578774,0.030544
0.005768,0.006406,0.116142,0.027164,0.358031,0.048594,0.122656,0.015748,0.276913,0.022577
0.004126,0.006703,0.042865,0.005509,0.258917,0.036128,0.061675,0.387050,0.192722,0.004304
0.010991,0.062685,0.120025,0.010030,0.449853,0.010495,0.064333,0.067777,0.185527,0.018284
0.086741,0.008340,0.160316,0.007503,0.031139,0.054020,0.024881,0.249308,0.347433,0.030319
0.004946,0.355485,0.085810,0.004957,0.227209,0.035527,0.004583,0.008334,0.259715,0.013434
0.202494,0.010332,0.126017,0.012322,0.385180,0.052711,0.095467,0.062846,0.030434,0.022197
0.008810,0.089592,0.030000,0.008865,0.041287,0.055287,0.021849,0.697697,0.038119,0.008494
0.010223,0.009229,0.022548,0.011660,0.459679,0.009696,0.016166,0.010155,0.346758,0.103885
0.031070,0.013145,0.099595,0.012354,0.626991,0.022191,0.108296,0.021981,0.035922,0.028455
0.188965,0.009643,0.204217,0.027723,0.034461,0.021473,0.090032,0.206535,0.029794,0.187157
0.007425,0.411225,0.177386,0.007975,0.013801,0.006292,0.005534,0.029968,0.222091,0.118304
0.015633,0.528393,0.034182,0.007354,0.011453,0.007667,0.039040,0.253435,0.010580,0.092263
0.032256,0.471070,0.008748,0.010088,0.010312,0.009526,0.057630,0.009387,0.308044,0.082939
0.026436,0.010362,0.082245,0.011764,0.027073,0.010252,0.226568,0.253626,0.328762,0.022912
0.113298,0.006346,0.015630,0.006899,0.242450,0.027389,0.131362,0.363721,0.006594,0.086312
0.022591,0.026125,0.180544,0.057960,0.049136,0.030673,0.161994,0.020637,0.402872,0.047466
0.305824,0.018292,0.069582,0.021006,0.041506,0.027726,0.030890,0.107146,0.356653,0.021373
0.014253,0.045599,0.097954,0.016753,0.051380,0.019254,0.119735,0.020840,0.428182,0.186050
0.103985,0.371562,0.018641,0.007097,0.284361,0.011056,0.049478,0.140925,0.007821,0.005074
0.013993,0.014659,0.689178,0.017415,0.071228,0.092575,0.011826,0.038087,0.034759,0.016282
0.004827,0.349980,0.304991,0.007069,0.294720,0.014811,0.004456,0.005452,0.008248,0.005444
0.012016,0.740617,0.029039,0.011767,0.028304,0.016474,0.023513,0.012768,0.109456,0.016046
0.034224,0.370608,0.086101,0.004801,0.226458,0.005818,0.040103,0.030185,0.119046,0.082657
0.006196,0.418050,0.251160,0.044114,0.020708,0.032610,0.079549,0.011032,0.009672,0.126910
0.016271,0.015453,0.264580,0.022632,0.040019,0.024381,0.231322,0.329931,0.024067,0.031344
0.005255,0.005365,0.035168,0.005303,0.288549,0.039575,0.137921,0.154492,0.213541,0.114831
0.007526,0.517135,0.039320,0.229215,0.012324,0.008175,0.012045,0.010034,0.154928,0.009298
0.004345,0.033288,0.150199,0.012926,0.233061,0.011657,0.112467,0.296971,0.140365,0.004721
0.009560,0.301340,0.257450,0.006557,0.199732,0.029722,0.003845,0.112954,0.069512,0.009327
0.444585,0.027268,0.078892,0.024859,0.050119,0.033764,0.221138,0.033419,0.060531,0.025425
0.111114,0.010755,0.196891,0.095153,0.049519,0.033084,0.135228,0.283408,0.048200,0.036648
0.015032,0.044809,0.022788,0.035856,0.027090,0.024863,0.014378,0.075198,0.555854,0.184133
0.011017,0.472101,0.008851,0.180624,0.009082,0.008837,0.009641,0.009611,0.280003,0.010234
0.012714,0.068354,0.053481,0.014721,0.085482,0.110575,0.300363,0.036487,0.031888,0.285937
0.011672,0.504185,0.013360,0.026663,0.011168,0.010674,0.036355,0.166376,0.212103,0.007443
0.040840,0.054408,0.046940,0.040228,0.074900,0.053567,0.066028,0.189271,0.050332,0.383487
0.025989,0.136332,0.046209,0.110671,0.038605,0.024843,0.021701,0.516878,0.039963,0.038809
0.047959,0.022344,0.032361,0.021496,0.030108,0.022889,0.120344,0.022037,0.435343,0.245119
0.062362,0.005941,0.182389,0.006222,0.319024,0.046362,0.098756,0.145043,0.112157,0.021742
0.005770,0.009445,0.035230,0.008922,0.350552,0.051805,0.005427,0.245662,0.262810,0.024376
0.003456,0.003978,0.224582,0.003941,0.227256,0.029621,0.003193,0.335411,0.065450,0.103113
0.011433,0.011064,0.032839,0.315176,0.441925,0.014762,0.021745,0.014726,0.114671,0.021660
0.130773,0.051583,0.052573,0.007097,0.025923,0.010329,0.079220,0.240568,0.298035,0.103900
0.123698,0.423198,0.019064,0.007646,0.324323,0.006689,0.044631,0.030845,0.014006,0.005899
0.007282,0.541278,0.205482,0.008511,0.011122,0.008519,0.036142,0.034229,0.065248,0.082188
0.008643,0.049467,0.024246,0.010569,0.012616,0.011222,0.033924,0.539139,0.300119,0.010055
0.089950,0.336851,0.127046,0.150919,0.009672,0.005424,0.028363,0.006242,0.181471,0.064063
0.009829,0.038672,0.393722,0.016416,0.031564,0.029286,0.101923,0.335836,0.013909,0.028842
0.017979,0.089081,0.028035,0.028350,0.037388,0.021756,0.133311,0.021069,0.442455,0.180576
0.007349,0.008701,0.092828,0.016952,0.263229,0.009596,0.006113,0.453608,0.127879,0.013745
0.006266,0.006530,0.008187,0.029707,0.238789,0.006438,0.037900,0.420620,0.171343,0.074220
0.003600,0.236055,0.012088,0.134912,0.008416,0.017899,0.037577,0.276226,0.193365,0.079861
0.009206,0.028162,0.038635,0.013351,0.020232,0.014753,0.067369,0.659011,0.022210,0.127072
0.004603,0.006806,0.154657,0.004222,0.038793,0.030739,0.165464,0.386655,0.191441,0.016620
0.016759,0.009678,0.015496,0.009292,0.010816,0.010621,0.045187,0.544503,0.326899,0.010748
0.015729,0.055423,0.071951,0.015935,0.058478,0.090922,0.231099,0.111157,0.026104,0.323202
0.117299,0.045313,0.093911,0.036607,0.399732,0.008165,0.007239,0.009796,0.198265,0.083673
0.025444,0.022604,0.043720,0.023209,0.039777,0.026634,0.148244,0.114057,0.529247,0.027063
0.009215,0.541602,0.010488,0.010551,0.011046,0.011803,0.054712,0.009913,0.330125,0.010545
0.007980,0.493928,0.009541,0.033740,0.397999,0.009651,0.016876,0.009678,0.010516,0.010092
0.022523,0.247495,0.095110,0.115431,0.161184,0.004028,0.007720,0.282455,0.007070,0.056983
0.125215,0.008563,0.222325,0.006363,0.298151,0.013115,0.013164,0.211709,0.008841,0.092552
0.011400,0.715739,0.061214,0.010749,0.021242,0.019854,0.116972,0.014300,0.016023,0.012507
0.023296,0.370780,0.028163,0.138682,0.006549,0.009540,0.039930,0.367903,0.008178,0.006979
0.050448,0.010102,0.129447,0.008942,0.422099,0.019914,0.044334,0.149142,0.156525,0.009048
0.006214,0.048789,0.049414,0.007247,0.332384,0.009000,0.061231,0.155920,0.236436,0.093365
0.016848,0.016050,0.205177,0.020794,0.027115,0.019782,0.021399,0.334655,0.152472,0.185708
0.008118,0.012071,0.464779,0.033064,0.047943,0.062273,0.138877,0.008131,0.035935,0.188807
0.027500,0.027804,0.606702,0.032903,0.076083,0.028080,0.071206,0.051115,0.045833,0.032775
0.040099,0.119447,0.255312,0.034044,0.085066,0.052431,0.272041,0.056261,0.045282,0.040017
0.010893,0.672919,0.012955,0.011558,0.019387,0.012166,0.013611,0.151938,0.081784,0.012788
0.009016,0.012754,0.222346,0.083886,0.046322,0.071113,0.158166,0.342329,0.021096,0.032972
0.169434,0.069450,0.073855,0.009616,0.024736,0.014698,0.008557,0.309484,0.299535,0.020635
0.005967,0.387574,0.092314,0.007630,0.303550,0.006522,0.076599,0.008179,0.013147,0.098517
0.023838,0.496294,0.120304,0.008408,0.019945,0.012118,0.016118,0.276678,0.018476,0.007821
0.159271,0.009412,0.018302,0.012112,0.496776,0.015464,0.089100,0.061097,0.020495,0.117972
0.006307,0.035255,0.012672,0.155240,0.277127,0.006076,0.018699,0.407141,0.010029,0.071455
0.011853,0.307432,0.011169,0.006019,0.252099,0.006717,0.049207,0.341943,0.007657,0.005904
0.008802,0.008171,0.180708,0.028739,0.033902,0.016739,0.167759,0.197960,0.331192,0.026027
0.005383,0.004881,0.046492,0.162927,0.286635,0.008654,0.152468,0.116918,0.200051,0.015592
0.021599,0.009103,0.314100,0.011090,0.424915,0.013025,0.026940,0.015757,0.026612,0.136858
0.005410,0.006087,0.229554,0.005511,0.288410,0.042750,0.161486,0.006455,0.246882,0.007456
0.009405,0.010594,0.038113,0.094884,0.075361,0.080709,0.134633,0.098678,0.447351,0.010273
0.006776,0.408607,0.094259,0.007753,0.302659,0.013383,0.011543,0.051967,0.008478,0.094576
0.010206,0.566543,0.010186,0.010677,0.010491,0.016823,0.008810,0.010354,0.344958,0.010953
0.128676,0.004837,0.289647,0.005084,0.030662,0.038482,0.101061,0.389410,0.007458,0.004684
0.142014,0.522445,0.132628,0.007976,0.013264,0.008065,0.012386,0.046643,0.011631,0.102948
0.036868,0.046273,0.079636,0.036835,0.055898,0.052796,0.048230,0.212828,0.051196,0.379440
0.012672,0.013790,0.031526,0.018409,0.707724,0.026813,0.115510,0.017581,0.031943,0.024032
0.005875,0.386863,0.086322,0.006980,0.011393,0.006135,0.032080,0.190550,0.200179,0.073623
0.100975,0.018327,0.023886,0.016836,0.033660,0.039947,0.139627,0.394614,0.022791,0.209337
0.021995,0.394549,0.019700,0.009487,0.016553,0.035615,0.009756,0.471602,0.014307,0.006435
0.008607,0.568166,0.076361,0.008298,0.016812,0.010040,0.018017,0.191717,0.011960,0.090022
0.014455,0.045652,0.126576,0.014664,0.032864,0.029745,0.144071,0.082454,0.477796,0.031722
0.041849,0.040412,0.080126,0.046386,0.079174,0.061109,0.056963,0.051239,0.074988,0.467755
0.027023,0.144273,0.064684,0.030949,0.034029,0.046884,0.044805,0.531802,0.046446,0.029106
0.009730,0.009658,0.070466,0.009927,0.448740,0.062343,0.008176,0.296714,0.047677,0.036570
0.020963,0.017770,0.164427,0.086210,0.028514,0.027957,0.016893,0.019860,0.429127,0.188279
0.019513,0.070536,0.152972,0.056804,0.050777,0.031320,0.047353,0.486877,0.059460,0.024386
0.011196,0.014300,0.052947,0.013528,0.090289,0.033473,0.324515,0.242782,0.180202,0.036767
0.010378,0.013348,0.024323,0.286557,0.542168,0.020045,0.019759,0.050360,0.013584,0.019479
0.103519,0.049084,0.182971,0.010028,0.083654,0.062161,0.164513,0.291541,0.015301,0.037227
0.008000,0.024573,0.266344,0.007960,0.017809,0.006862,0.018865,0.472259,0.080958,0.096371
0.003785,0.291387,0.223806,0.006418,0.187371,0.010871,0.053402,0.004187,0.214594,0.004180
0.005291,0.026857,0.251474,0.007102,0.034072,0.017801,0.015313,0.411943,0.225114,0.005033
0.008731,0.035432,0.128623,0.006875,0.374004,0.043699,0.005544,0.063467,0.184480,0.149144
0.225035,0.020013,0.042911,0.032481,0.020876,0.023656,0.014540,0.227944,0.374126,0.018416
0.008020,0.011870,0.078706,0.016678,0.365798,0.027830,0.107968,0.021815,0.330162,0.031153
0.008511,0.010676,0.076819,0.010208,0.012982,0.017844,0.059058,0.498243,0.298098,0.007561
0.012369,0.012070,0.091980,0.015624,0.589387,0.026867,0.103175,0.100429,0.036088,0.012012
0.066297,0.008760,0.183158,0.008604,0.499578,0.013735,0.078807,0.009134,0.111131,0.020795
0.081420,0.086199,0.145288,0.018880,0.025238,0.015757,0.127617,0.016304,0.263767,0.219530
0.008647,0.009329,0.055728,0.024328,0.037469,0.049592,0.114436,0.519883,0.028462,0.152126
0.007021,0.007760,0.010318,0.007174,0.286044,0.014240,0.013980,0.491314,0.072920,0.089230
0.007962,0.449992,0.036871,0.186459,0.010037,0.007599,0.047545,0.168306,0.010025,0.075202
0.008280,0.008054,0.176364,0.268048,0.466429,0.022914,0.020203,0.008764,0.011249,0.009694
0.017560,0.015606,0.040654,0.022164,0.048506,0.025721,0.024535,0.301796,0.473020,0.030438
0.017563,0.011349,0.035626,0.008258,0.012887,0.017037,0.071542,0.528230,0.207000,0.090510
0.051537,0.013247,0.209505,0.012999,0.525786,0.019722,0.020327,0.090708,0.031820,0.024349
0.004180,0.307863,0.009044,0.121662,0.245578,0.005619,0.034271,0.085599,0.181751,0.004435
0.007140,0.041729,0.085832,0.182797,0.359012,0.006813,0.009779,0.045933,0.248716,0.012249
0.038752,0.040203,0.344721,0.038160,0.095894,0.039816,0.088409,0.228592,0.048147,0.037306
0.014531,0.379215,0.089169,0.160528,0.011734,0.006921,0.009135,0.117802,0.205783,0.005181
0.007156,0.411775,0.040622,0.008194,0.011682,0.007677,0.015759,0.422067,0.008951,0.066117
0.115917,0.004507,0.044967,0.020856,0.220246,0.029940,0.020163,0.350552,0.188537,0.004315
0.008653,0.009598,0.320693,0.089351,0.055870,0.031898,0.125535,0.274809,0.048117,0.035476
0.012801,0.035391,0.036600,0.063678,0.020242,0.030679,0.052783,0.385582,0.349193,0.013051
0.013193,0.013351,0.089723,0.015247,0.040932,0.033741,0.028277,0.281440,0.468524,0.015572
0.005918,0.478396,0.025911,0.019939,0.337756,0.017904,0.085177,0.011038,0.011490,0.006470
0.013309,0.048620,0.104718,0.011988,0.035066,0.036305,0.010689,0.258568,0.469352,0.011383
0.006612,0.424561,0.010134,0.006149,0.007244,0.011182,0.008829,0.407672,0.051093,0.066523
0.059690,0.028236,0.024682,0.268387,0.443548,0.023061,0.068631,0.050918,0.013564,0.019283
0.087053,0.011965,0.109202,0.011977,0.074366,0.093326,0.033019,0.031122,0.504455,0.043515
0.030262,0.028189,0.049245,0.029978,0.032643,0.033559,0.025570,0.142503,0.587796,0.040254
0.018491,0.016156,0.013389,0.027552,0.214602,0.011648,0.005668,0.396074,0.229152,0.067268
0.142623,0.059257,0.147099,0.006618,0.025292,0.012690,0.204386,0.249556,0.009629,0.142849
0.051714,0.006929,0.034662,0.008066,0.367715,0.042922,0.161225,0.006738,0.295523,0.024505
0.005980,0.026113,0.119468,0.198112,0.334231,0.011098,0.021596,0.047091,0.217145,0.019165
0.019190,0.018494,0.675270,0.030708,0.089091,0.029563,0.015632,0.042648,0.024773,0.054633
0.011215,0.628585,0.069996,0.011104,0.013064,0.012222,0.066253,0.012342,0.163379,0.011840
0.061208,0.037404,0.221763,0.010000,0.379197,0.024643,0.159528,0.087496,0.011926,0.006835
0.154875,0.008309,0.303275,0.006128,0.029525,0.038544,0.017717,0.183618,0.252377,0.005633
0.090810,0.045561,0.038946,0.016307,0.028404,0.017115,0.139612,0.020426,0.574568,0.028250
0.009328,0.575607,0.032394,0.200424,0.012808,0.010281,0.011033,0.009732,0.063690,0.074702
0.006207,0.006456,0.240326,0.041415,0.018124,0.017372,0.146653,0.170587,0.224964,0.127896
0.006180,0.481595,0.110991,0.006123,0.285328,0.007609,0.078979,0.008233,0.008889,0.006074
0.011120,0.040919,0.396430,0.016162,0.029512,0.019577,0.053000,0.010905,0.412663,0.009712
0.013679,0.015098,0.585391,0.037992,0.063282,0.104362,0.012820,0.057781,0.043512,0.066083
0.021740,0.007889,0.068834,0.012492,0.443042,0.007903,0.081030,0.015970,0.317736,0.023365
0.101877,0.014719,0.116806,0.014466,0.038320,0.021287,0.026498,0.355799,0.043101,0.267128
0.018821,0.031644,0.149216,0.006209,0.260565,0.048270,0.121597,0.218788,0.015994,0.128896
0.010982,0.478122,0.068724,0.008308,0.243371,0.007176,0.010770,0.155771,0.008778,0.007996
0.004609,0.046636,0.222084,0.004161,0.020367,0.035367,0.037772,0.406589,0.208491,0.013922
0.010353,0.026907,0.022273,0.276149,0.434453,0.019179,0.086529,0.013576,0.098791,0.011790
0.005806,0.374707,0.017290,0.005653,0.250506,0.030800,0.014251,0.141791,0.152513,0.006682
0.142061,0.348813,0.020450,0.007604,0.291928,0.026497,0.010285,0.130054,0.014018,0.008290
0.014192,0.040719,0.042678,0.015978,0.029293,0.028669,0.103191,0.312217,0.399425,0.013638
0.007929,0.301788,0.024616,0.005512,0.232750,0.004932,0.005772,0.294868,0.117034,0.004798
0.015279,0.059018,0.085942,0.012055,0.535749,0.092053,0.049164,0.110934,0.028594,0.011212
0.136392,0.012635,0.011395,0.040308,0.021046,0.012976,0.017376,0.267466,0.347108,0.133300
0.006976,0.424013,0.033636,0.005542,0.014015,0.010901,0.042187,0.445149,0.008632,0.008949
0.031266,0.004251,0.200873,0.004258,0.244075,0.013980,0.003445,0.321446,0.172454,0.003953
0.005565,0.032127,0.058912,0.058755,0.275434,0.049763,0.119407,0.020317,0.254339,0.125381
0.015083,0.019555,0.034130,0.018793,0.784367,0.019893,0.037183,0.020087,0.021755,0.029155
0.007724,0.421759,0.090201,0.008084,0.280314,0.010829,0.049993,0.007983,0.010115,0.112998
0.228080,0.021498,0.033122,0.030845,0.029334,0.034984,0.035052,0.019320,0.552331,0.015435
0.106633,0.022613,0.025286,0.040297,0.035365,0.026847,0.182541,0.024217,0.503516,0.032684
0.022561,0.020184,0.055148,0.022380,0.032061,0.020335,0.083253,0.021359,0.502385,0.220334
0.009631,0.013892,0.160833,0.012654,0.379039,0.010443,0.015122,0.012938,0.373568,0.011879
0.033424,0.014136,0.013903,0.021770,0.436481,0.015468,0.019621,0.161609,0.271466,0.012122
0.333233,0.019681,0.137386,0.023866,0.044153,0.019293,0.203161,0.150283,0.025124,0.043820
0.005356,0.030225,0.116296,0.008275,0.021692,0.019663,0.172855,0.474938,0.028997,0.121702
0.003197,0.004325,0.181371,0.115151,0.177009,0.018635,0.023582,0.262725,0.132665,0.081339
0.012108,0.011791,0.236589,0.013226,0.632682,0.011416,0.029902,0.011918,0.029535,0.010832
0.005495,0.413892,0.009309,0.008336,0.235452,0.007168,0.005280,0.088226,0.220159,0.006684
0.009447,0.012581,0.373095,0.012103,0.036962,0.016565,0.028764,0.191592,0.298239,0.020654
0.005841,0.021730,0.236252,0.008579,0.015917,0.016734,0.050549,0.404633,0.232748,0.007017
0.006826,0.447544,0.010502,0.007089,0.009288,0.007807,0.008543,0.153807,0.277242,0.071352
0.043688,0.504674,0.040229,0.007618,0.021435,0.008861,0.064751,0.048566,0.251212,0.008966
0.005813,0.403809,0.009092,0.007196,0.198453,0.011013,0.011070,0.130599,0.215463,0.007492
0.015531,0.014972,0.049840,0.017619,0.696350,0.024010,0.024119,0.107519,0.032215,0.017825
0.007150,0.420050,0.012485,0.007753,0.330023,0.012294,0.006116,0.008232,0.187197,0.008701
0.004737,0.004974,0.025995,0.173708,0.026011,0.034870,0.061974,0.424630,0.140992,0.102109
0.139233,0.050878,0.095798,0.004551,0.278067,0.032627,0.087357,0.063785,0.228760,0.018945
0.010583,0.014264,0.048077,0.011834,0.018471,0.016661,0.021254,0.680026,0.019724,0.159106
0.044126,0.006078,0.052779,0.232461,0.319266,0.036834,0.023318,0.014914,0.263669,0.006556
0.060873,0.024801,0.222971,0.022610,0.034783,0.027616,0.145851,0.404550,0.023528,0.032416
0.022493,0.006074,0.108734,0.007480,0.345763,0.010109,0.053092,0.425850,0.008280,0.012124
0.019403,0.029561,0.064073,0.008921,0.435224,0.013537,0.215855,0.069169,0.024726,0.119530
0.058812,0.011883,0.089297,0.301151,0.018621,0.024092,0.011218,0.340286,0.015835,0.128804
0.008676,0.072036,0.075348,0.007507,0.405260,0.013729,0.099517,0.017989,0.290518,0.009419
0.094820,0.004359,0.162096,0.004292,0.217360,0.009135,0.144247,0.338966,0.009552,0.015173
0.029477,0.300082,0.069751,0.025750,0.221770,0.004796,0.021141,0.095475,0.164909,0.066849
0.019743,0.028330,0.045837,0.023703,0.037393,0.050094,0.135706,0.028216,0.378067,0.252911
0.008095,0.053578,0.025181,0.011658,0.483121,0.020235,0.070608,0.058413,0.253827,0.015283
0.023551,0.011011,0.147682,0.006807,0.038334,0.049377,0.006331,0.649874,0.037288,0.029743
0.043605,0.064764,0.066364,0.009119,0.325368,0.013941,0.157823,0.059156,0.253655,0.006206
0.147296,0.009503,0.017002,0.012848,0.014467,0.020786,0.014883,0.290542,0.362225,0.110449
0.009437,0.013289,0.515022,0.015123,0.042402,0.066856,0.118915,0.019764,0.019029,0.180164
0.005638,0.378743,0.009993,0.019261,0.006706,0.005763,0.007931,0.353605,0.206723,0.005636
0.012812,0.281989,0.067789,0.005990,0.190690,0.004517,0.009957,0.346894,0.008564,0.070797
0.012000,0.011403,0.024163,0.015578,0.018828,0.016994,0.085588,0.780585,0.020833,0.014027
0.038144,0.040568,0.186638,0.052546,0.166110,0.178587,0.109904,0.071942,0.127236,0.028324
0.013149,0.012740,0.032454,0.012587,0.702667,0.016369,0.149089,0.018874,0.027100,0.014972
0.013817,0.099447,0.312316,0.019139,0.031741,0.022242,0.148971,0.306386,0.032462,0.013480
0.019057,0.008586,0.062199,0.263004,0.366750,0.021551,0.067054,0.065006,0.011332,0.115461
0.013090,0.016883,0.023918,0.016023,0.620330,0.016960,0.019768,0.016013,0.117656,0.139360
0.008007,0.066487,0.159467,0.007424,0.024641,0.013877,0.078296,0.596278,0.024908,0.020615
0.008462,0.007568,0.016924,0.007645,0.288867,0.007991,0.018714,0.514117,0.010111,0.119602
0.007063,0.007792,0.386430,0.010974,0.048499,0.063681,0.006644,0.078574,0.359413,0.030929
0.011020,0.697044,0.013020,0.014861,0.020505,0.012709,0.014602,0.012366,0.189221,0.014651
0.028560,0.049326,0.243613,0.007936,0.017262,0.010899,0.061421,0.230274,0.225334,0.125374
0.005441,0.219644,0.153960,0.119269,0.012485,0.020167,0.005210,0.292875,0.097573,0.073376
0.007062,0.453438,0.011686,0.211059,0.265909,0.010703,0.014899,0.007536,0.010435,0.007272
0.010847,0.436791,0.100323,0.028191,0.012469,0.009970,0.005072,0.198074,0.121100,0.077164
0.209317,0.017429,0.024824,0.017753,0.022710,0.017874,0.113703,0.405730,0.021520,0.149140
0.009474,0.043091,0.060855,0.081735,0.045841,0.056802,0.110409,0.085969,0.260839,0.244984
0.044206,0.013822,0.065734,0.059511,0.430706,0.016477,0.076039,0.076086,0.205283,0.012137
0.010435,0.014061,0.120211,0.020934,0.353627,0.015255,0.058616,0.011173,0.383596,0.012093
0.007936,0.523445,0.074952,0.007427,0.261315,0.010906,0.010515,0.007877,0.010592,0.085035
0.010828,0.072430,0.071234,0.061485,0.452783,0.027423,0.023475,0.017056,0.119229,0.144056
0.140043,0.015654,0.354623,0.016253,0.055078,0.031537,0.180285,0.133641,0.022600,0.050285
0.077536,0.007835,0.220665,0.014106,0.316982,0.023995,0.122243,0.020145,0.034410,0.162083
0.005336,0.346857,0.007144,0.006812,0.194788,0.007011,0.007952,0.372592,0.045876,0.005632
0.008231,0.481593,0.009444,0.009157,0.008959,0.008681,0.014814,0.231811,0.217427,0.009884
0.008966,0.624095,0.022916,0.011347,0.016715,0.009997,0.007538,0.008901,0.277510,0.012014
0.007987,0.023493,0.012082,0.007117,0.345224,0.010286,0.011584,0.174754,0.279301,0.128171
0.005892,0.005998,0.048321,0.027719,0.276351,0.020704,0.099738,0.225610,0.267086,0.022580
0.008621,0.546269,0.055956,0.008407,0.011140,0.010526,0.051762,0.232111,0.064499,0.010709
0.011999,0.056931,0.660767,0.010633,0.061925,0.038399,0.029791,0.030933,0.057266,0.041356
0.069916,0.013191,0.039136,0.009788,0.559245,0.026338,0.028621,0.201423,0.028891,0.023450
0.033178,0.043433,0.194205,0.047201,0.067056,0.042555,0.052834,0.048939,0.044255,0.426344
0.011417,0.014625,0.024370,0.011181,0.028611,0.016568,0.098184,0.756131,0.021258,0.017656
0.008202,0.006937,0.267828,0.008300,0.340586,0.011722,0.018002,0.062658,0.269266,0.006499
0.073708,0.037440,0.043586,0.033598,0.052982,0.028364,0.051746,0.033001,0.613863,0.031711
0.042867,0.032216,0.027601,0.025808,0.046377,0.041174,0.021989,0.028533,0.519342,0.214093
0.158258,0.008016,0.175973,0.008008,0.022321,0.012905,0.193411,0.072184,0.339120,0.009804
0.007727,0.007974,0.295861,0.011816,0.023439,0.015148,0.136128,0.181295,0.311427,0.009185
0.141730,0.053844,0.113424,0.009573,0.411615,0.010135,0.084734,0.044026,0.019076,0.111844
0.018619,0.085298,0.086532,0.025256,0.112568,0.115203,0.046235,0.045971,0.085069,0.379249
0.010108,0.715146,0.066995,0.012721,0.040015,0.059560,0.025341,0.020201,0.037092,0.012822
0.010759,0.070585,0.072920,0.289170,0.024805,0.010148,0.022655,0.015881,0.307192,0.175885
0.080826,0.371812,0.007300,0.006162,0.007038,0.006832,0.011040,0.383493,0.047051,0.078446
0.006886,0.076545,0.143528,0.027407,0.032785,0.047294,0.094141,0.209087,0.338196,0.024131
0.162411,0.522929,0.223405,0.008894,0.021129,0.007851,0.017175,0.008274,0.019872,0.008060
0.150391,0.025390,0.020652,0.005738,0.319329,0.042125,0.073599,0.013412,0.237170,0.112194
0.029093,0.015003,0.154049,0.404705,0.026079,0.019034,0.130683,0.019930,0.019982,0.181442
0.155914,0.011677,0.309076,0.008133,0.021417,0.011471,0.017695,0.012883,0.336044,0.115689
0.009219,0.012592,0.172178,0.011501,0.498269,0.012562,0.079334,0.013198,0.180400,0.010747
0.112779,0.116961,0.077420,0.040383,0.039644,0.023724,0.182228,0.129946,0.037422,0.239493
0.008654,0.007954,0.244465,0.036873,0.361639,0.050271,0.023817,0.199202,0.037740,0.029385
0.016199,0.022642,0.129251,0.007156,0.332331,0.018313,0.091919,0.166651,0.208585,0.006954
0.005704,0.006298,0.119974,0.006502,0.350995,0.040742,0.018307,0.159710,0.285794,0.005973
0.008912,0.076473,0.325726,0.030998,0.415314,0.008882,0.089117,0.019673,0.016327,0.008578
0.011140,0.012756,0.027107,0.009962,0.013692,0.010511,0.014907,0.632914,0.257176,0.009835
0.262198,0.018222,0.046468,0.020045,0.033537,0.025588,0.032451,0.499507,0.033260,0.028725
0.007472,0.091859,0.415705,0.008751,0.045224,0.030850,0.113276,0.008678,0.241808,0.036376
0.050508,0.720987,0.018951,0.013254,0.012999,0.015017,0.023255,0.012857,0.014880,0.117290
0.056559,0.037679,0.437520,0.009179,0.062981,0.059745,0.219704,0.096155,0.011839,0.008640
0.029750,0.022439,0.141837,0.008377,0.401488,0.011491,0.105588,0.170053,0.010735,0.098243
0.037023,0.006817,0.179609,0.005670,0.278814,0.007421,0.015538,0.377403,0.014799,0.076906
0.093486,0.014307,0.102592,0.013281,0.050819,0.036872,0.012281,0.325882,0.158384,0.192095
0.007700,0.048278,0.044727,0.199500,0.015334,0.015501,0.085464,0.478103,0.009299,0.096093
0.015565,0.015425,0.296613,0.064794,0.082434,0.050741,0.272683,0.150494,0.035929,0.015322
0.005245,0.005752,0.036659,0.019534,0.026661,0.044454,0.013294,0.464176,0.264508,0.119717
0.004687,0.004756,0.180016,0.005746,0.271298,0.007542,0.011899,0.344099,0.157059,0.012898
0.012848,0.012321,0.033278,0.025929,0.461004,0.026966,0.107000,0.056602,0.120574,0.143479
0.017996,0.017712,0.406441,0.018462,0.078616,0.030855,0.181996,0.168417,0.030263,0.049241
0.088939,0.093831,0.036672,0.015666,0.026171,0.024282,0.025939,0.073455,0.431461,0.183583
0.010982,0.685818,0.019500,0.011435,0.016657,0.011207,0.022932,0.039648,0.014680,0.167140
0.016182,0.367650,0.081509,0.028202,0.289985,0.005090,0.068281,0.007135,0.012565,0.123400
0.045081,0.678684,0.018156,0.034345,0.011634,0.011043,0.013449,0.010346,0.167562,0.009701
0.008441,0.008844,0.163469,0.010595,0.456890,0.017247,0.015849,0.287139,0.021791,0.009734
0.008905,0.493550,0.126801,0.007332,0.023469,0.008529,0.006572,0.052719,0.165259,0.106864
0.014506,0.692285,0.027966,0.016437,0.041750,0.025535,0.117447,0.015487,0.031540,0.017048
0.028803,0.401237,0.057771,0.006588,0.007502,0.007188,0.012289,0.419169,0.052654,0.006798
0.028748,0.028062,0.394456,0.030477,0.044259,0.027387,0.040885,0.033318,0.046845,0.325564
0.018000,0.020981,0.184977,0.033186,0.039201,0.017133,0.030064,0.071134,0.569168,0.016157
0.020397,0.022620,0.054052,0.020242,0.028893,0.028015,0.016131,0.288906,0.313471,0.207272
0.006534,0.406636,0.066672,0.007771,0.228102,0.007607,0.050288,0.028998,0.190881,0.006512
0.005375,0.005529,0.041929,0.161293,0.302808,0.008559,0.059562,0.130764,0.208681,0.075500
0.173719,0.009221,0.126920,0.030399,0.059115,0.039639,0.167843,0.236510,0.029586,0.127049
0.011087,0.010391,0.029436,0.010268,0.026126,0.013864,0.009318,0.624483,0.255240,0.009786
0.008006,0.599178,0.228328,0.014139,0.016407,0.010776,0.057750,0.041699,0.011215,0.012502
0.007823,0.540906,0.045603,0.008313,0.024201,0.009613,0.007430,0.010792,0.337117,0.008203
0.014638,0.013050,0.040290,0.013190,0.038367,0.018031,0.019505,0.307914,0.510696,0.024320
0.005040,0.005547,0.298883,0.005010,0.029977,0.020554,0.019512,0.427592,0.162678,0.025208
0.006438,0.438416,0.038468,0.250349,0.023635,0.016535,0.011223,0.006463,0.020234,0.188239
0.087550,0.377279,0.009940,0.019425,0.008394,0.006532,0.007914,0.386782,0.008797,0.087387
0.012810,0.029300,0.142560,0.310528,0.017231,0.020184,0.103653,0.203589,0.018261,0.141882
0.005934,0.406941,0.007741,0.005448,0.199292,0.007758,0.007553,0.180545,0.173227,0.005561
0.009453,0.009864,0.349401,0.009449,0.024175,0.021570,0.021568,0.059994,0.313517,0.181010
0.013626,0.008044,0.019502,0.006348,0.232412,0.008659,0.049956,0.415980,0.239373,0.006099
0.071817,0.307111,0.008741,0.017662,0.224020,0.004975,0.037804,0.103302,0.172330,0.052238
0.109516,0.044088,0.046182,0.017038,0.294718,0.006388,0.108126,0.049658,0.238374,0.085910
0.027795,0.028143,0.033802,0.027385,0.055636,0.028330,0.048273,0.477512,0.230152,0.042973
0.009187,0.055498,0.394004,0.091833,0.096122,0.034578,0.047556,0.242866,0.016972,0.011385
0.011516,0.399290,0.020502,0.006060,0.321587,0.006567,0.013277,0.121822,0.011995,0.087384
0.013069,0.012440,0.112490,0.075323,0.525747,0.018283,0.027850,0.012903,0.035583,0.166312
0.008386,0.039864,0.146333,0.006735,0.391851,0.015752,0.188859,0.177772,0.018312,0.006135
0.008095,0.007604,0.283330,0.007467,0.343600,0.013288,0.006594,0.014913,0.168457,0.146653
0.005279,0.370866,0.246156,0.006037,0.022341,0.033097,0.020954,0.005403,0.142679,0.147189
0.015631,0.014118,0.018823,0.015620,0.026086,0.031881,0.031528,0.420459,0.259501,0.166353
0.013701,0.010822,0.050330,0.043993,0.051510,0.034298,0.318522,0.138300,0.301885,0.036639
0.006306,0.454321,0.039897,0.006346,0.256893,0.040750,0.072144,0.011778,0.104356,0.007209
0.038120,0.054953,0.167393,0.007300,0.019311,0.034988,0.004385,0.445156,0.222256,0.006138
0.018545,0.562055,0.009722,0.009566,0.350184,0.007899,0.011199,0.009914,0.010704,0.010213
0.107783,0.325322,0.082101,0.029431,0.215297,0.009163,0.020989,0.006432,0.194779,0.008704
0.039812,0.014060,0.057483,0.010351,0.023075,0.014468,0.121317,0.322394,0.384908,0.012131
0.016934,0.016145,0.121825,0.015630,0.090609,0.053489,0.043339,0.589954,0.034208,0.017867
0.006353,0.462237,0.049180,0.006513,0.032342,0.017207,0.105644,0.012729,0.301182,0.006612
0.012696,0.017137,0.148972,0.058788,0.024431,0.018642,0.016818,0.360565,0.321198,0.020754
0.135405,0.013645,0.069791,0.011425,0.021504,0.021056,0.019057,0.607625,0.086258,0.014236
0.014989,0.056909,0.088019,0.009781,0.612672,0.037909,0.047580,0.031301,0.057626,0.043216
0.008478,0.041306,0.018389,0.007311,0.017815,0.010394,0.063829,0.471406,0.278171,0.082903
0.020848,0.057510,0.331284,0.018601,0.036636,0.047383,0.030838,0.377355,0.044323,0.035223
0.010642,0.040202,0.058058,0.312073,0.049362,0.051700,0.188030,0.248200,0.012630,0.029104
0.006826,0.449541,0.007434,0.009024,0.232373,0.009577,0.014100,0.007967,0.255455,0.007702
0.029755,0.052493,0.036772,0.041723,0.070949,0.040291,0.029987,0.011463,0.478337,0.208230
0.009799,0.559420,0.038163,0.023335,0.011670,0.010069,0.011405,0.010442,0.214800,0.110896
0.008900,0.063581,0.161913,0.055179,0.493531,0.015511,0.157848,0.009435,0.011875,0.022227
0.042559,0.011992,0.218466,0.322758,0.023445,0.016588,0.110258,0.225813,0.016824,0.011298
0.006115,0.006198,0.132295,0.041360,0.305946,0.017517,0.015567,0.446498,0.021267,0.007236
0.032622,0.040878,0.093354,0.037224,0.054562,0.039963,0.242567,0.040810,0.042559,0.375461
0.057390,0.010415,0.145647,0.012717,0.018448,0.023390,0.015925,0.688866,0.017436,0.009766
0.014786,0.587208,0.044255,0.009669,0.010049,0.009911,0.010655,0.009399,0.227900,0.076167
0.010642,0.015473,0.239029,0.077149,0.034056,0.011497,0.181583,0.020216,0.399355,0.011001
0.043223,0.022722,0.027509,0.029341,0.022630,0.019689,0.122694,0.083813,0.605469,0.022911
0.024148,0.012420,0.060590,0.348536,0.030549,0.067987,0.153281,0.113622,0.157558,0.031310
0.007625,0.008763,0.496765,0.015048,0.028603,0.053887,0.022073,0.111727,0.245725,0.009782
0.019394,0.024366,0.162848,0.455071,0.041566,0.039803,0.044407,0.019188,0.165006,0.028351
0.147307,0.590952,0.022229,0.012147,0.013617,0.009648,0.015056,0.010091,0.169471,0.009483
0.057711,0.008863,0.052855,0.013842,0.051206,0.054755,0.115810,0.083068,0.373976,0.187913
0.006589,0.035314,0.208421,0.062165,0.296243,0.053053,0.021251,0.165369,0.124739,0.026857
0.016298,0.020084,0.017611,0.024461,0.023700,0.016467,0.064865,0.367555,0.320379,0.128580
0.023769,0.044956,0.065678,0.075235,0.032678,0.057441,0.109850,0.008747,0.403399,0.178247
0.070682,0.013515,0.115581,0.017458,0.029990,0.029369,0.073204,0.395635,0.234649,0.019916
0.008050,0.008764,0.305559,0.013349,0.416447,0.008371,0.050617,0.017992,0.031815,0.139036
0.007373,0.409735,0.040229,0.007361,0.258241,0.010520,0.007980,0.021486,0.173752,0.063323
0.007271,0.449252,0.007414,0.008617,0.007459,0.008299,0.008177,0.187064,0.254356,0.062090
0.026225,0.013476,0.050200,0.012983,0.021513,0.030362,0.011747,0.352479,0.333867,0.147149
0.009565,0.594391,0.039026,0.023919,0.010489,0.014034,0.031746,0.254174,0.011176,0.011479
0.008559,0.045925,0.108127,0.007307,0.328239,0.007727,0.046811,0.165296,0.273246,0.008764
0.094554,0.041160,0.451451,0.011033,0.052928,0.069408,0.032688,0.019781,0.039007,0.187991
0.136749,0.067505,0.125683,0.013302,0.071651,0.084625,0.056623,0.166200,0.020304,0.257359
0.005261,0.332235,0.120747,0.011445,0.246961,0.032064,0.004453,0.115828,0.016672,0.114333
0.069478,0.019009,0.284587,0.093354,0.036624,0.031648,0.032663,0.372066,0.047005,0.013566
0.155469,0.029769,0.155005,0.051855,0.427269,0.013263,0.070386,0.067840,0.010377,0.018766
0.040956,0.242511,0.097871,0.203506,0.082219,0.095210,0.055573,0.054466,0.054461,0.073227
0.006259,0.360996,0.043013,0.005715,0.008611,0.006369,0.013119,0.368781,0.179849,0.007288
0.126000,0.052622,0.048535,0.006910,0.022276,0.016086,0.016211,0.433132,0.146531,0.131696
0.005353,0.055217,0.150180,0.006651,0.309276,0.035365,0.092166,0.005489,0.224160,0.116143
0.009498,0.010024,0.463830,0.015625,0.041890,0.069029,0.113922,0.018255,0.036633,0.221294
0.041105,0.321257,0.117661,0.004073,0.234317,0.025117,0.008928,0.110611,0.125282,0.011649
0.006387,0.005177,0.275984,0.005020,0.026277,0.030100,0.059770,0.438462,0.019237,0.133586
0.012787,0.010078,0.312431,0.091308,0.053240,0.032931,0.042349,0.031132,0.402778,0.010966
0.010771,0.718164,0.012408,0.035262,0.015099,0.011991,0.013754,0.013154,0.014135,0.155262
0.062141,0.084392,0.412585,0.149636,0.052969,0.039975,0.108058,0.029281,0.034995,0.025967
0.020835,0.119554,0.026631,0.533127,0.038761,0.038372,0.032472,0.127557,0.038307,0.024383
0.037745,0.050466,0.205422,0.020332,0.030265,0.024230,0.035263,0.272627,0.302153,0.021496
0.030783,0.082677,0.062339,0.063061,0.051674,0.042839,0.091734,0.488151,0.055438,0.031303
0.004617,0.307088,0.218236,0.009027,0.018344,0.023786,0.050025,0.354612,0.007072,0.007194
0.090178,0.013008,0.235301,0.011448,0.074780,0.040961,0.031836,0.120986,0.060205,0.321298
0.020006,0.361299,0.134924,0.006767,0.250517,0.005890,0.010174,0.004987,0.200767,0.004671
0.009496,0.045141,0.071154,0.009445,0.010479,0.014699,0.067653,0.540223,0.220267,0.011443
0.051994,0.007130,0.396061,0.008633,0.405701,0.044598,0.019251,0.006922,0.033750,0.025960
0.013540,0.016055,0.058388,0.012162,0.024138,0.016281,0.113930,0.366964,0.224674,0.153868
0.034997,0.008217,0.062856,0.009507,0.031718,0.014199,0.073433,0.553296,0.094563,0.117215
0.006285,0.008188,0.177709,0.053681,0.035542,0.036509,0.097569,0.220358,0.246047,0.118112
0.132964,0.138037,0.128052,0.028424,0.047109,0.033891,0.210927,0.031410,0.225123,0.024062
0.016379,0.027878,0.341925,0.009090,0.034193,0.045456,0.075603,0.055810,0.274474,0.119193
0.058069,0.012403,0.030888,0.010458,0.419916,0.009157,0.015069,0.049463,0.275334,0.119243
0.009570,0.009016,0.052934,0.032659,0.011233,0.018261,0.015855,0.549700,0.213899,0.086874
0.035775,0.014223,0.021361,0.012287,0.567166,0.019607,0.064312,0.065106,0.189538,0.010624
0.103158,0.364555,0.091945,0.006198,0.011861,0.008676,0.008875,0.192514,0.205066,0.007152
0.008059,0.011501,0.310180,0.024292,0.408887,0.018281,0.007562,0.066926,0.022545,0.121767
0.122702,0.023743,0.051601,0.104562,0.055009,0.034427,0.163773,0.028357,0.380258,0.035565
0.020284,0.858971,0.014177,0.012580,0.015158,0.016070,0.016955,0.015360,0.017694,0.012752
0.227239,0.041233,0.084208,0.086759,0.080701,0.080016,0.092774,0.188328,0.071650,0.047092
0.155366,0.629797,0.115555,0.013331,0.016031,0.012802,0.020003,0.010744,0.013450,0.012923
0.045769,0.009673,0.018096,0.010424,0.012993,0.013006,0.015758,0.562206,0.215101,0.096974
0.238587,0.012379,0.056443,0.353522,0.029983,0.066676,0.112672,0.107801,0.013227,0.008709
0.031890,0.015237,0.021566,0.033403,0.029107,0.023166,0.119850,0.264891,0.281316,0.179575
0.051777,0.007369,0.198031,0.009004,0.394032,0.012476,0.164094,0.046433,0.011227,0.105557
0.178308,0.006598,0.178500,0.262850,0.038678,0.052796,0.019379,0.006645,0.123722,0.132525
0.006253,0.065168,0.035153,0.006164,0.023643,0.022731,0.074856,0.575014,0.183176,0.007843
0.017337,0.017541,0.033600,0.017379,0.034845,0.031062,0.034333,0.409380,0.387877,0.016644
0.101765,0.048829,0.184398,0.013156,0.035559,0.031839,0.027279,0.091896,0.273011,0.192268
0.004040,0.298363,0.120764,0.022431,0.179607,0.009339,0.030528,0.321975,0.006158,0.006795
0.005830,0.339946,0.006251,0.006913,0.006276,0.007143,0.019225,0.340984,0.218368,0.049064
0.005660,0.379021,0.095119,0.031552,0.011515,0.006539,0.011925,0.441841,0.007634,0.009193
0.108459,0.277204,0.020730,0.008903,0.180363,0.025477,0.008932,0.352557,0.012574,0.004802
0.004881,0.355694,0.138115,0.141642,0.007259,0.007203,0.006907,0.090685,0.164343,0.083270
0.005219,0.378135,0.137657,0.008291,0.254759,0.007780,0.007501,0.031027,0.100653,0.068978
0.007913,0.007460,0.010717,0.007313,0.382953,0.007468,0.067055,0.218420,0.276791,0.013908
0.029971,0.453294,0.011642,0.006670,0.009323,0.008415,0.013805,0.192452,0.266400,0.008030
0.006299,0.005580,0.074165,0.005556,0.263488,0.011060,0.027741,0.409549,0.191077,0.005485
0.011007,0.009537,0.017973,0.011674,0.411762,0.026200,0.008118,0.194547,0.300414,0.008768
0.009876,0.008659,0.205996,0.010795,0.445415,0.009304,0.101012,0.186655,0.013626,0.008663
0.007248,0.024996,0.154844,0.008331,0.017687,0.019272,0.006471,0.523416,0.223496,0.014239
0.006777,0.006206,0.220694,0.009772,0.357313,0.009452,0.020082,0.011945,0.253492,0.104266
0.005046,0.059413,0.032499,0.208505,0.034297,0.036942,0.022630,0.442360,0.008129,0.150179
0.047650,0.041938,0.478879,0.042748,0.074192,0.044612,0.104336,0.059261,0.055828,0.050556
0.008968,0.070843,0.155371,0.007276,0.423146,0.012622,0.021332,0.016870,0.276737,0.006836
0.073351,0.019796,0.024871,0.017903,0.021833,0.030749,0.075501,0.058092,0.534042,0.143862
0.012494,0.017762,0.024402,0.012879,0.019409,0.024596,0.019137,0.268919,0.456802,0.143599
0.007721,0.007430,0.113590,0.009665,0.351173,0.010159,0.061868,0.173067,0.144039,0.121288
0.008707,0.008754,0.285855,0.045058,0.054306,0.031009,0.202867,0.331453,0.023461,0.008530
0.205650,0.014983,0.026982,0.355838,0.021612,0.017586,0.025844,0.290692,0.018255,0.022557
0.007028,0.007634,0.034840,0.006941,0.024764,0.051416,0.019495,0.668627,0.032578,0.146678
0.009163,0.288012,0.202137,0.003909,0.169349,0.021721,0.003263,0.116213,0.181720,0.004513
0.014207,0.013693,0.280514,0.016806,0.040322,0.023532,0.032912,0.091649,0.455586,0.030780
0.010547,0.673333,0.014818,0.011523,0.017526,0.012286,0.040892,0.036829,0.081114,0.101132
0.008584,0.060079,0.014556,0.010147,0.445707,0.008093,0.169812,0.167322,0.096321,0.019377
0.021695,0.008175,0.014127,0.009839,0.012348,0.017179,0.013834,0.496294,0.296237,0.110272
0.135980,0.005250,0.167367,0.004493,0.034485,0.017836,0.004285,0.398177,0.227416,0.004711
0.010454,0.450555,0.008747,0.010016,0.009604,0.011717,0.009448,0.471393,0.009002,0.009064
0.085642,0.011893,0.040761,0.011254,0.375228,0.063645,0.024103,0.321978,0.037095,0.028400
0.011336,0.012748,0.017111,0.035289,0.011920,0.016859,0.015338,0.572996,0.220131,0.086272
0.042141,0.006633,0.022128,0.024538,0.036682,0.041024,0.127804,0.509106,0.013923,0.176022
0.007137,0.008748,0.254404,0.006344,0.018148,0.010417,0.076060,0.485544,0.010262,0.122937
0.005916,0.005626,0.051615,0.006492,0.271347,0.008897,0.063062,0.396105,0.177423,0.013516
0.128719,0.411860,0.099656,0.008379,0.015058,0.006866,0.013025,0.147081,0.066105,0.103250
0.025300,0.009819,0.051489,0.033684,0.034362,0.033446,0.034599,0.109263,0.423816,0.244222
0.004917,0.327111,0.009201,0.004852,0.260571,0.004936,0.041793,0.334956,0.006611,0.005052
0.036362,0.049723,0.210670,0.045688,0.081460,0.036866,0.096649,0.271868,0.093387,0.077328
0.025424,0.324127,0.005749,0.006232,0.260484,0.009705,0.011316,0.344617,0.006431,0.005915
0.008362,0.008878,0.034264,0.035013,0.377312,0.063735,0.110654,0.320327,0.013099,0.028357
0.005327,0.005428,0.020071,0.004815,0.258948,0.042593,0.163128,0.466481,0.012657,0.020553
0.006014,0.449454,0.016748,0.005831,0.256997,0.008019,0.009921,0.133458,0.106612,0.006945
0.007431,0.007411,0.229768,0.008967,0.058370,0.046650,0.127123,0.018554,0.345313,0.150412
0.014377,0.015032,0.198644,0.018871,0.037251,0.017552,0.043566,0.017735,0.414436,0.222535
0.026715,0.037337,0.447626,0.010699,0.027289,0.019396,0.009699,0.011628,0.396802,0.012809
0.277530,0.016297,0.141386,0.015282,0.040555,0.025945,0.127626,0.312246,0.024409,0.018724
0.008534,0.045831,0.069503,0.034069,0.053600,0.075737,0.024369,0.282342,0.160476,0.245538
0.215588,0.034550,0.138847,0.013718,0.363171,0.047210,0.027704,0.099161,0.034787,0.025263
0.006293,0.040649,0.293910,0.033634,0.044398,0.025512,0.021536,0.073118,0.295184,0.165766
0.020355,0.008594,0.023761,0.174636,0.010506,0.010176,0.012430,0.429685,0.238493,0.071363
0.006098,0.029619,0.114168,0.025600,0.030810,0.046728,0.004943,0.468685,0.252991,0.020359
0.032838,0.381530,0.021922,0.006799,0.247206,0.015696,0.012973,0.009011,0.266149,0.005876
0.007079,0.458848,0.018497,0.033499,0.373219,0.009031,0.070202,0.009154,0.012396,0.008075
0.004013,0.315132,0.045702,0.005045,0.012504,0.011776,0.009955,0.377383,0.209677,0.008814
0.003770,0.289759,0.103748,0.005946,0.009577,0.025680,0.010306,0.356359,0.112448,0.082407
0.006588,0.033128,0.203667,0.008145,0.357670,0.052394,0.018989,0.017905,0.276344,0.025170
0.005884,0.022222,0.241378,0.006936,0.016064,0.011105,0.050391,0.406424,0.233948,0.005647
0.044859,0.142430,0.108448,0.025508,0.112938,0.112338,0.011565,0.036993,0.388912,0.016010
0.004116,0.268849,0.225778,0.004086,0.221857,0.021806,0.007399,0.042642,0.198649,0.004818
0.015372,0.022243,0.188733,0.018555,0.027441,0.020000,0.033859,0.020510,0.628207,0.025082
0.009780,0.008362,0.312815,0.019038,0.072094,0.029383,0.149184,0.008519,0.356009,0.034816
0.006270,0.326386,0.215652,0.004665,0.018176,0.025079,0.009924,0.147108,0.237727,0.009014
0.013531,0.778913,0.071537,0.015230,0.014687,0.013629,0.014890,0.047743,0.015079,0.014761
0.009072,0.011318,0.075271,0.008342,0.488698,0.016443,0.030342,0.017485,0.335140,0.007889
0.005223,0.328532,0.007733,0.006555,0.266967,0.009836,0.011695,0.350315,0.006882,0.006261
0.006761,0.008878,0.129440,0.010112,0.292567,0.011070,0.088479,0.180403,0.161786,0.110504
0.008903,0.568219,0.010322,0.009187,0.010468,0.010463,0.020800,0.032519,0.245379,0.083740
0.058620,0.031721,0.038745,0.060334,0.057069,0.044325,0.214288,0.174089,0.275799,0.045009
0.008694,0.009133,0.061663,0.209106,0.011281,0.009548,0.042258,0.543802,0.013304,0.091211
0.033837,0.287756,0.197973,0.008002,0.009353,0.026399,0.009291,0.108315,0.197719,0.121356
0.010259,0.456748,0.008445,0.008036,0.240151,0.011396,0.008144,0.023299,0.225958,0.007563
0.009887,0.010053,0.383570,0.009494,0.037886,0.016893,0.029073,0.060075,0.304395,0.138674
0.097688,0.012801,0.106497,0.019305,0.035724,0.021998,0.043184,0.120087,0.529927,0.012790
0.015381,0.413759,0.012610,0.177313,0.265459,0.006873,0.064533,0.027758,0.009075,0.007239
0.006506,0.045096,0.115776,0.164705,0.014254,0.009214,0.011905,0.391965,0.133195,0.107384
0.005003,0.024172,0.304873,0.009525,0.250470,0.041346,0.097195,0.013193,0.099748,0.154475
0.006631,0.041302,0.008985,0.006434,0.354520,0.015506,0.011808,0.460342,0.013696,0.080777
0.020853,0.008345,0.065058,0.008272,0.395612,0.008454,0.025734,0.199178,0.258708,0.009787
0.006900,0.438147,0.107003,0.006098,0.286210,0.017764,0.038281,0.073407,0.011464,0.014724
0.012704,0.016274,0.033143,0.011930,0.453605,0.026736,0.022220,0.262210,0.017078,0.144100
0.160718,0.012590,0.020560,0.048069,0.014254,0.012772,0.059266,0.229299,0.428174,0.014296
0.007565,0.512732,0.013515,0.006953,0.373002,0.008125,0.015734,0.044732,0.010428,0.007213
0.020498,0.007789,0.013384,0.007578,0.304145,0.009645,0.005527,0.402825,0.222715,0.005894
0.183443,0.009938,0.207312,0.031112,0.035751,0.052091,0.005632,0.016849,0.276634,0.181238
0.014237,0.041550,0.206207,0.016344,0.528801,0.022193,0.029706,0.092956,0.018272,0.029736
0.006512,0.006860,0.329757,0.058539,0.032011,0.040653,0.067939,0.015670,0.301776,0.140285
0.200666,0.013061,0.060607,0.029938,0.021971,0.020124,0.017457,0.084486,0.353797,0.197894
0.008108,0.007853,0.172861,0.011496,0.020031,0.008407,0.064925,0.577689,0.012159,0.116472
0.050501,0.016819,0.043771,0.019960,0.028550,0.019298,0.124664,0.481656,0.020729,0.194052
0.168932,0.006267,0.054349,0.014846,0.357069,0.022311,0.084702,0.006479,0.258327,0.026719
0.010871,0.013755,0.214775,0.031749,0.029675,0.028970,0.279145,0.010654,0.352047,0.028361
0.007097,0.437442,0.011004,0.006899,0.011648,0.007919,0.045357,0.412441,0.052040,0.008152
0.006047,0.442306,0.096976,0.008238,0.307052,0.006626,0.046912,0.008095,0.070998,0.006748
0.077384,0.032334,0.221565,0.086685,0.078570,0.056443,0.092194,0.200937,0.081509,0.072380
0.013057,0.013201,0.210864,0.017819,0.580704,0.033189,0.028077,0.069134,0.018692,0.015265
0.009164,0.008892,0.019404,0.008422,0.013053,0.014313,0.067167,0.546316,0.222678,0.090589
0.030493,0.095719,0.214740,0.009497,0.036551,0.020337,0.325700,0.244840,0.013270,0.008852
0.003905,0.276009,0.021338,0.004577,0.201588,0.003679,0.033818,0.265129,0.136787,0.053170
0.016221,0.039613,0.117040,0.018178,0.034422,0.019103,0.120266,0.084947,0.531456,0.018754
0.007120,0.561179,0.142463,0.007672,0.023082,0.012747,0.026077,0.200066,0.012025,0.007569
0.005952,0.046354,0.064974,0.007136,0.267888,0.011319,0.124498,0.149651,0.233962,0.088266
0.006639,0.361008,0.127482,0.007151,0.025481,0.013114,0.078396,0.149695,0.225302,0.005732
0.007176,0.009037,0.097292,0.006654,0.332100,0.006828,0.015977,0.436574,0.009400,0.078960
0.006178,0.295246,0.163086,0.004598,0.013390,0.010765,0.048569,0.346744,0.011528,0.099895
0.010374,0.009741,0.032701,0.053332,0.505971,0.013554,0.080559,0.010200,0.262757,0.020811
0.026820,0.344129,0.131067,0.143717,0.007811,0.007624,0.028807,0.099894,0.204211,0.005920
0.004152,0.292811,0.017908,0.176559,0.252780,0.022988,0.077267,0.007890,0.013729,0.133917
0.007182,0.409061,0.039640,0.007336,0.257750,0.007902,0.008148,0.195281,0.008713,0.058987
0.056207,0.005511,0.261065,0.005484,0.253622,0.034130,0.160727,0.051155,0.151830,0.020269
0.011638,0.016036,0.169120,0.011881,0.543546,0.027786,0.097159,0.078876,0.023063,0.020895
0.009122,0.562093,0.081613,0.010693,0.010571,0.014310,0.018029,0.270011,0.012521,0.011036
0.019057,0.015125,0.590296,0.055328,0.079275,0.029936,0.055834,0.118632,0.021665,0.014852
0.004944,0.018371,0.190281,0.004879,0.287238,0.011801,0.012577,0.171281,0.199027,0.099600
0.014192,0.006734,0.037939,0.004200,0.257575,0.031067,0.077978,0.371303,0.193674,0.005338
0.006666,0.468689,0.015358,0.008389,0.015712,0.008996,0.005984,0.452184,0.009344,0.008677
0.009086,0.051752,0.036348,0.011421,0.024404,0.011456,0.017509,0.578092,0.244479,0.015453
0.005284,0.353694,0.089579,0.032313,0.279738,0.009674,0.067676,0.149078,0.007721,0.005242
0.007733,0.031332,0.308969,0.010522,0.466947,0.012856,0.007278,0.015855,0.011427,0.127081
0.013935,0.076413,0.017406,0.011806,0.550774,0.028914,0.081640,0.082754,0.124809,0.011549
0.022227,0.019677,0.153203,0.029329,0.048244,0.030693,0.018254,0.033620,0.620717,0.024037
0.022878,0.068446,0.016947,0.293176,0.462370,0.021804,0.015974,0.076043,0.013012,0.009350
0.006902,0.007271,0.176109,0.008516,0.042647,0.055033,0.120503,0.263865,0.293997,0.025157
0.007656,0.007727,0.147741,0.016367,0.419336,0.026343,0.128623,0.025134,0.213781,0.007291
0.071176,0.011976,0.028643,0.015306,0.461411,0.015434,0.023263,0.016515,0.335668,0.020607
0.038222,0.612494,0.010673,0.009544,0.014014,0.011974,0.056958,0.011186,0.224161,0.010774
0.038931,0.049857,0.098459,0.214843,0.121761,0.054268,0.055712,0.271840,0.057061,0.037268
0.008818,0.593705,0.053167,0.008923,0.020924,0.010752,0.019800,0.247662,0.022149,0.014100
0.004966,0.054704,0.311036,0.005760,0.320845,0.042342,0.128215,0.013897,0.098867,0.019370
0.008386,0.337028,0.036512,0.006397,0.218913,0.006413,0.022932,0.350654,0.006489,0.006276
0.066611,0.009554,0.064012,0.009899,0.537254,0.058061,0.161013,0.021869,0.041272,0.030455
0.006634,0.008986,0.021034,0.008663,0.367541,0.016714,0.016985,0.469144,0.070822,0.013479
0.045411,0.018544,0.141795,0.112188,0.045844,0.050440,0.164191,0.146813,0.023993,0.250781
0.039096,0.009906,0.013955,0.205031,0.317944,0.012954,0.040678,0.009434,0.274139,0.076861
0.046475,0.031041,0.150160,0.011417,0.033034,0.049836,0.140094,0.240327,0.274481,0.023134
0.093984,0.013105,0.058952,0.363133,0.051610,0.068545,0.158675,0.021429,0.161375,0.009192
0.022043,0.061852,0.021498,0.012411,0.021238,0.011690,0.028333,0.309844,0.387975,0.123117
0.077070,0.011337,0.443219,0.007847,0.035562,0.023631,0.097048,0.095594,0.032829,0.175862
0.008719,0.012023,0.182599,0.008709,0.428134,0.008823,0.027093,0.014264,0.299409,0.010228
0.037364,0.455408,0.008594,0.006738,0.327537,0.006076,0.018619,0.125142,0.008398,0.006125
0.037844,0.496666,0.008800,0.009856,0.392331,0.013718,0.010152,0.009674,0.011962,0.008996
0.109412,0.476132,0.034426,0.007562,0.011838,0.007363,0.010914,0.209342,0.125672,0.007340
0.044548,0.055601,0.092757,0.057704,0.082832,0.064391,0.075634,0.047802,0.055384,0.423347
0.007225,0.374482,0.086651,0.205141,0.025139,0.014016,0.026380,0.005397,0.243230,0.012341
0.034592,0.013803,0.509250,0.021263,0.047027,0.021053,0.172054,0.124864,0.042397,0.013697
0.014354,0.440924,0.008225,0.006394,0.368181,0.007163,0.008839,0.126448,0.011540,0.007931
0.006058,0.408854,0.006928,0.006661,0.215150,0.007112,0.008970,0.138980,0.108282,0.093007
0.044259,0.011017,0.027876,0.010410,0.450568,0.015101,0.062650,0.016427,0.216091,0.145601
0.005641,0.388086,0.049193,0.018908,0.291227,0.006348,0.007559,0.006886,0.220557,0.005594
0.083158,0.039259,0.490434,0.041140,0.067859,0.080695,0.037130,0.043750,0.077005,0.039570
0.006953,0.006879,0.280567,0.007101,0.328231,0.020736,0.006309,0.049181,0.285578,0.008464
0.006336,0.452301,0.166197,0.008664,0.016683,0.034392,0.032802,0.006423,0.269054,0.007147
0.062001,0.010399,0.065901,0.008930,0.033870,0.031662,0.128304,0.024661,0.431555,0.202719
0.005675,0.407562,0.019031,0.006237,0.328626,0.039625,0.014310,0.156679,0.010482,0.011775
0.020468,0.039955,0.211499,0.007374,0.012070,0.007868,0.014988,0.421556,0.184832,0.079389
0.012530,0.017114,0.100891,0.013040,0.725768,0.012905,0.030589,0.022665,0.035431,0.029068
0.014261,0.013174,0.286461,0.012950,0.058296,0.023622,0.227381,0.013791,0.337938,0.012127
0.006711,0.066841,0.035943,0.006602,0.029525,0.050963,0.082560,0.520583,0.193989,0.006282
0.009349,0.653939,0.153268,0.012284,0.020691,0.019915,0.020226,0.074628,0.022064,0.013637
0.006346,0.005567,0.127350,0.006980,0.291668,0.011732,0.066098,0.467096,0.011713,0.005449
0.013271,0.012968,0.143629,0.012028,0.022740,0.027562,0.104351,0.199993,0.322554,0.140903
0.012505,0.013051,0.027411,0.061769,0.022230,0.030690,0.011384,0.780547,0.017586,0.022827
0.029404,0.030598,0.104673,0.029584,0.061254,0.077669,0.041835,0.530692,0.037969,0.056323
0.040091,0.005241,0.046256,0.024059,0.290303,0.040500,0.134964,0.156319,0.144582,0.117685
0.020009,0.008397,0.065949,0.234499,0.019270,0.022270,0.135196,0.163893,0.313776,0.016742
0.011669,0.011126,0.030791,0.015511,0.583011,0.019011,0.009536,0.066994,0.226934,0.025418
0.004283,0.249820,0.060687,0.004877,0.197802,0.004111,0.007921,0.258039,0.156560,0.055899
0.007357,0.058724,0.142418,0.006895,0.395789,0.010384,0.006012,0.013331,0.249516,0.109575
0.005562,0.008270,0.212696,0.009015,0.337885,0.005936,0.072527,0.039783,0.215913,0.092413
0.090824,0.391953,0.052456,0.006304,0.007333,0.006636,0.014527,0.412837,0.008961,0.008169
0.047004,0.046702,0.231922,0.179508,0.014729,0.029015,0.058631,0.181419,0.206357,0.004711
0.158620,0.048624,0.100606,0.230292,0.080376,0.073542,0.111570,0.051040,0.059950,0.085379
0.098510,0.354609,0.026104,0.163032,0.206214,0.005330,0.032906,0.032383,0.008985,0.071928
0.007721,0.046162,0.010083,0.009625,0.350510,0.016537,0.047831,0.487406,0.013265,0.010859
0.007809,0.011047,0.299025,0.021691,0.390706,0.020223,0.063425,0.061683,0.011307,0.113085
0.010647,0.011311,0.072044,0.044807,0.479529,0.081366,0.108306,0.132701,0.048624,0.010663
0.004495,0.024432,0.245297,0.020960,0.291251,0.031769,0.086495,0.065034,0.212402,0.017864
0.066472,0.031991,0.043735,0.040569,0.055049,0.074607,0.045220,0.038931,0.567488,0.035938
0.050371,0.008082,0.377969,0.027722,0.044269,0.057922,0.110563,0.071315,0.033110,0.218678
0.004989,0.389914,0.265485,0.007671,0.025371,0.014376,0.024941,0.010349,0.250604,0.006300
0.004976,0.022127,0.015998,0.184506,0.015505,0.037150,0.029807,0.438819,0.145165,0.105947
0.008706,0.696485,0.051717,0.010497,0.020727,0.015978,0.020597,0.064619,0.097707,0.012967
0.004671,0.004632,0.188922,0.004599,0.281169,0.004881,0.132180,0.365176,0.009230,0.004539
0.078290,0.083259,0.088733,0.012133,0.047074,0.019635,0.249851,0.010688,0.400991,0.009348
0.020382,0.025160,0.037300,0.079176,0.034228,0.020581,0.127939,0.021639,0.430663,0.202933
0.047909,0.048659,0.121454,0.046970,0.095616,0.082537,0.130217,0.255141,0.069367,0.102130
0.125308,0.532612,0.037503,0.007020,0.019768,0.014875,0.011173,0.008973,0.235476,0.007291
0.019619,0.020457,0.062115,0.026274,0.033215,0.020276,0.051280,0.434284,0.027761,0.304718
0.014459,0.019073,0.019849,0.070342,0.037137,0.034829,0.028243,0.231326,0.526989,0.017755
0.013420,0.337892,0.073905,0.023030,0.179483,0.004724,0.031682,0.161126,0.169636,0.005101
0.017656,0.756751,0.096216,0.013262,0.013074,0.014125,0.047867,0.012065,0.015554,0.013431
0.013235,0.013429,0.095736,0.012995,0.023708,0.013663,0.012093,0.777637,0.018740,0.018763
0.004906,0.320662,0.038995,0.005113,0.265581,0.005679,0.007064,0.340117,0.006720,0.005162
0.142359,0.053607,0.126848,0.230592,0.016821,0.011233,0.086924,0.173279,0.012901,0.145435
0.086355,0.339871,0.017647,0.004597,0.244036,0.010480,0.010092,0.092505,0.189129,0.005289
0.011016,0.010471,0.013794,0.048933,0.443017,0.012369,0.018987,0.013558,0.272506,0.155348
0.141986,0.007454,0.065373,0.007630,0.419456,0.007799,0.064245,0.255921,0.012018,0.018119
0.048608,0.493024,0.044815,0.013952,0.019244,0.010620,0.071025,0.171227,0.011133,0.116352
0.010732,0.010614,0.039272,0.010751,0.051135,0.082881,0.107492,0.335791,0.313559,0.037773
0.006087,0.407315,0.010987,0.006459,0.328658,0.007467,0.008652,0.209330,0.008544,0.006500
0.029058,0.006903,0.013988,0.010525,0.275382,0.010130,0.039891,0.350274,0.202351,0.061498
0.004446,0.341400,0.017600,0.012701,0.250046,0.012969,0.027964,0.151433,0.081609,0.099833
0.009338,0.009452,0.019223,0.038732,0.012647,0.020676,0.016755,0.536820,0.322242,0.014116
0.006408,0.511244,0.031770,0.009256,0.019912,0.018925,0.014731,0.269838,0.110948,0.006968
0.013143,0.014519,0.088597,0.020210,0.538014,0.076492,0.127291,0.088530,0.023889,0.009316
0.119986,0.009047,0.052507,0.042136,0.321047,0.010756,0.016212,0.163192,0.257247,0.007870
0.004898,0.356269,0.128250,0.009210,0.248470,0.007881,0.049612,0.177764,0.012719,0.004925
0.009611,0.404052,0.011622,0.008339,0.319762,0.006750,0.013605,0.209566,0.008616,0.008078
0.007306,0.007584,0.160214,0.008536,0.313454,0.007455,0.012255,0.177729,0.289329,0.016138
0.005402,0.374392,0.014323,0.007975,0.258345,0.032515,0.057987,0.008930,0.234384,0.005747
0.048489,0.047107,0.276010,0.043045,0.263315,0.029753,0.063311,0.012122,0.201120,0.015728
0.008216,0.010742,0.012173,0.043404,0.321039,0.010186,0.094944,0.252976,0.236949,0.009372
0.047713,0.008389,0.055329,0.028529,0.045587,0.052488,0.099376,0.095043,0.385324,0.182221
0.007738,0.605520,0.055999,0.008512,0.034201,0.023066,0.021368,0.008506,0.032285,0.202805
0.004804,0.007061,0.016086,0.184244,0.026336,0.035688,0.099591,0.416763,0.079936,0.129489
0.006593,0.451740,0.046275,0.007762,0.317454,0.008222,0.047037,0.008073,0.008214,0.098629
0.023710,0.333295,0.069230,0.004885,0.229336,0.024501,0.018446,0.183493,0.015110,0.097995
0.007339,0.008861,0.048494,0.009374,0.023746,0.006976,0.071693,0.464019,0.267398,0.092101
0.311060,0.021963,0.044983,0.022297,0.040541,0.031255,0.039375,0.427052,0.028407,0.033067
0.021946,0.319560,0.032105,0.005121,0.214080,0.006288,0.006321,0.337925,0.006865,0.049788
0.017076,0.014936,0.136215,0.061775,0.018482,0.016216,0.077434,0.079603,0.563056,0.015207
0.015834,0.020757,0.104383,0.018395,0.028077,0.021005,0.103594,0.467300,0.020906,0.199748
0.046696,0.004440,0.084607,0.008036,0.212883,0.014174,0.057677,0.356405,0.199796,0.015285
0.011276,0.011652,0.261907,0.039909,0.038649,0.012245,0.088668,0.024326,0.499778,0.011590
0.007720,0.008671,0.327506,0.007661,0.256394,0.042539,0.019630,0.174861,0.023884,0.131135
0.009390,0.338485,0.027232,0.006845,0.269119,0.010761,0.032506,0.024329,0.211923,0.069411
0.006537,0.407299,0.009387,0.006408,0.335908,0.006663,0.009374,0.023901,0.186159,0.008363
0.013139,0.039070,0.014007,0.188123,0.241431,0.007664,0.038417,0.200331,0.186049,0.071769
0.010242,0.008746,0.177395,0.008389,0.031264,0.008460,0.089619,0.228391,0.302927,0.134568
0.010636,0.014934,0.026119,0.057455,0.593333,0.012860,0.102186,0.015576,0.022433,0.144468
0.049224,0.026064,0.054313,0.009436,0.348194,0.006058,0.022451,0.455542,0.010984,0.017735
0.103528,0.164785,0.172329,0.028249,0.088851,0.033538,0.019907,0.039038,0.030005,0.319769
0.005561,0.394696,0.018588,0.006448,0.247572,0.014633,0.014570,0.044924,0.246554,0.006455
0.006459,0.005122,0.196015,0.005356,0.294393,0.035993,0.017988,0.423616,0.008763,0.006296
0.158506,0.028801,0.059467,0.260432,0.020570,0.019028,0.141191,0.014063,0.278863,0.019078
0.167884,0.009333,0.200042,0.011578,0.031369,0.039986,0.106266,0.161171,0.266150,0.006221
0.005730,0.451823,0.027444,0.008433,0.281763,0.016912,0.005287,0.162969,0.023691,0.015948
0.229288,0.008497,0.337339,0.010882,0.047921,0.030606,0.295444,0.008709,0.023338,0.007975
0.005868,0.005654,0.040469,0.005230,0.260166,0.009189,0.049121,0.379472,0.172098,0.072734
0.005447,0.008944,0.034894,0.006362,0.277876,0.040804,0.134979,0.231499,0.253248,0.005946
0.004023,0.004744,0.133910,0.188883,0.237779,0.027788,0.108003,0.012505,0.184840,0.097525
0.012896,0.755243,0.018093,0.015884,0.013990,0.015439,0.088783,0.046808,0.017314,0.015548
0.013466,0.079417,0.069338,0.338744,0.024560,0.012808,0.026924,0.066512,0.356316,0.011914
0.007048,0.557374,0.042924,0.010469,0.016693,0.008241,0.016672,0.211659,0.015142,0.113779
0.009581,0.052522,0.025350,0.010814,0.018077,0.017835,0.008648,0.592761,0.249142,0.015270
0.036370,0.034420,0.048985,0.033226,0.056824,0.034516,0.097842,0.171215,0.065824,0.420778
0.015511,0.357053,0.077139,0.004561,0.242458,0.010046,0.017659,0.006110,0.196299,0.073166
0.005473,0.006059,0.013665,0.154728,0.302413,0.008748,0.045720,0.384916,0.007438,0.070841
0.005604,0.437315,0.036850,0.194592,0.256153,0.013444,0.025426,0.008363,0.015526,0.006727
0.006865,0.390300,0.027520,0.007303,0.007093,0.010072,0.007708,0.379202,0.156250,0.007688
0.007123,0.410260,0.035018,0.019516,0.008060,0.008132,0.014864,0.424009,0.007791,0.065227
0.045872,0.004542,0.085632,0.041337,0.255388,0.028608,0.058308,0.382845,0.006931,0.090538
0.014119,0.523104,0.008392,0.009048,0.009873,0.007800,0.015815,0.009203,0.293758,0.108890
0.008019,0.007190,0.094240,0.007414,0.339728,0.013392,0.035123,0.190231,0.297638,0.007026
0.009048,0.009463,0.196740,0.008405,0.310852,0.045358,0.021725,0.202690,0.189145,0.006574
0.016595,0.015813,0.021137,0.016340,0.022127,0.024318,0.035746,0.017802,0.601438,0.228684
0.035952,0.048365,0.038570,0.084558,0.029094,0.023286,0.092206,0.017788,0.610686,0.019495
0.025858,0.034816,0.035848,0.029222,0.051931,0.039651,0.034306,0.034514,0.436517,0.277337
0.017812,0.018442,0.148607,0.019461,0.027591,0.039441,0.037163,0.021363,0.642392,0.027728
0.009922,0.090664,0.291168,0.017661,0.054296,0.057830,0.028364,0.024205,0.250870,0.175020
0.015902,0.058381,0.041662,0.010891,0.265905,0.045637,0.078878,0.234220,0.115033,0.133491
0.014067,0.006348,0.021510,0.015234,0.243209,0.010054,0.027058,0.419646,0.237020,0.005855
0.007671,0.298076,0.106804,0.006185,0.018864,0.027023,0.072188,0.332920,0.122265,0.008004
0.010658,0.593596,0.010851,0.010136,0.010958,0.010307,0.012210,0.010792,0.238503,0.091989
0.005128,0.299962,0.115021,0.005381,0.006399,0.006551,0.023810,0.303334,0.177895,0.056520
0.021938,0.010745,0.132712,0.010206,0.516904,0.010578,0.020935,0.011071,0.254959,0.009952
0.135134,0.322740,0.211589,0.005017,0.021722,0.012363,0.084245,0.190218,0.008385,0.008587
0.199726,0.013941,0.157183,0.013487,0.019766,0.020610,0.046456,0.379606,0.127802,0.021423
0.006241,0.007213,0.075184,0.008925,0.042496,0.024853,0.024268,0.543577,0.126372,0.140870
0.010368,0.009060,0.014789,0.009223,0.019565,0.015650,0.013702,0.622648,0.275870,0.009124
0.014471,0.554806,0.010578,0.009432,0.010186,0.009632,0.011279,0.125417,0.138367,0.115832
0.007359,0.416864,0.007688,0.007018,0.007670,0.008519,0.007949,0.425664,0.050876,0.060392
0.018368,0.406406,0.147965,0.010139,0.296477,0.006595,0.055177,0.040883,0.012311,0.005678
0.004468,0.045781,0.026742,0.005481,0.269691,0.028524,0.059125,0.349342,0.194398,0.016448
0.018705,0.007069,0.024521,0.027088,0.022874,0.042268,0.168830,0.207616,0.297302,0.183727
0.006179,0.006443,0.194477,0.237315,0.034594,0.020733,0.017368,0.192890,0.266433,0.023567
0.017565,0.005595,0.324253,0.011706,0.259682,0.036310,0.139475,0.071249,0.008803,0.125363
0.057328,0.014554,0.224026,0.012562,0.490398,0.018247,0.009358,0.020273,0.140983,0.012272
0.007122,0.008368,0.439488,0.013026,0.033943,0.057230,0.116073,0.017342,0.134049,0.173358
0.030976,0.456682,0.012042,0.006806,0.009478,0.008489,0.013144,0.446196,0.008266,0.007922
0.048712,0.052850,0.243264,0.008608,0.026949,0.018386,0.061136,0.507723,0.018845,0.013528
0.024905,0.010573,0.076623,0.038555,0.069564,0.026376,0.103032,0.288377,0.331225,0.030769
0.143030,0.590222,0.075562,0.011351,0.013534,0.010847,0.011798,0.028124,0.013591,0.101942
0.019510,0.006045,0.203065,0.007608,0.052654,0.021114,0.082852,0.187866,0.255664,0.163620
0.025902,0.008303,0.157672,0.008713,0.451453,0.028233,0.247209,0.022858,0.041874,0.007782
0.004877,0.004996,0.232327,0.005975,0.240013,0.015950,0.064437,0.419355,0.007549,0.004521
0.104555,0.179198,0.435621,0.029124,0.054286,0.029883,0.039981,0.038605,0.037383,0.051364
0.003442,0.243662,0.181827,0.025662,0.192104,0.019171,0.047543,0.006369,0.171425,0.108793
0.015698,0.399990,0.015715,0.006696,0.249708,0.005607,0.009000,0.106921,0.185178,0.005488
0.151204,0.005441,0.033811,0.217228,0.309002,0.033131,0.071500,0.005292,0.023371,0.150020
0.081762,0.014124,0.075734,0.023266,0.062592,0.083364,0.046909,0.172588,0.056091,0.383570
0.043287,0.017764,0.151188,0.019900,0.042990,0.041523,0.015367,0.106375,0.523643,0.037963
0.025318,0.022849,0.286842,0.021635,0.040804,0.022482,0.044996,0.485627,0.028372,0.021074
0.019403,0.842140,0.016107,0.015157,0.019728,0.017441,0.017044,0.016899,0.019959,0.016122
0.009829,0.097489,0.036292,0.088315,0.055287,0.075043,0.024348,0.128924,0.474654,0.009819
0.009509,0.591786,0.010211,0.009320,0.011769,0.015039,0.011159,0.010113,0.218563,0.112531
0.072493,0.016553,0.026408,0.017268,0.642843,0.018168,0.023758,0.013601,0.026032,0.142874
0.016697,0.616524,0.014463,0.011098,0.010596,0.016066,0.019494,0.011360,0.150639,0.133064
0.005898,0.318308,0.005628,0.004901,0.245425,0.006523,0.006506,0.160102,0.190434,0.056274
0.026807,0.090073,0.435829,0.072928,0.032705,0.012539,0.099418,0.018805,0.034094,0.176802
0.010991,0.009567,0.025545,0.009445,0.500743,0.013062,0.013865,0.162573,0.100597,0.153612
0.006357,0.008205,0.295514,0.007110,0.033593,0.020330,0.004898,0.455801,0.161348,0.006845
0.024773,0.008173,0.406896,0.007382,0.050416,0.053692,0.143492,0.254759,0.020085,0.030332
0.009339,0.007810,0.161883,0.009978,0.441566,0.020358,0.029327,0.008018,0.290370,0.021350
0.004786,0.316324,0.018032,0.168033,0.014630,0.011457,0.010277,0.130202,0.221597,0.104661
0.066503,0.282895,0.006907,0.005974,0.193157,0.007680,0.018100,0.292921,0.079181,0.046683
0.003613,0.235187,0.058326,0.004180,0.158700,0.009398,0.008277,0.281003,0.168750,0.072565
0.007149,0.011707,0.459603,0.013719,0.036959,0.049392,0.029151,0.209069,0.012127,0.171124
0.019495,0.012577,0.012333,0.011222,0.014704,0.018803,0.021124,0.622834,0.165392,0.101516
0.068333,0.735191,0.063076,0.012598,0.027697,0.024421,0.023512,0.014477,0.014118,0.016576
0.023215,0.023588,0.207014,0.029713,0.072663,0.044534,0.396172,0.047841,0.089030,0.066231
0.008607,0.555404,0.038721,0.022422,0.009404,0.010481,0.030205,0.233010,0.011762,0.079984
0.006115,0.402775,0.104601,0.028467,0.011079,0.008222,0.052932,0.159228,0.218308,0.008274
0.014650,0.019906,0.089674,0.124196,0.078661,0.085423,0.049438,0.434652,0.059219,0.044181
0.008162,0.007775,0.159036,0.035759,0.330015,0.057867,0.020911,0.019471,0.333160,0.027846
0.005143,0.046926,0.212137,0.007149,0.019539,0.010753,0.145126,0.416645,0.131383,0.005199
0.010974,0.601400,0.072943,0.010184,0.011318,0.011398,0.012800,0.010826,0.248069,0.010086
0.005558,0.005512,0.033288,0.008269,0.264327,0.041305,0.013327,0.493114,0.022455,0.112846
0.006661,0.529859,0.117871,0.019667,0.034938,0.019459,0.042753,0.007441,0.012585,0.208766
0.005874,0.007346,0.198405,0.005163,0.311535,0.014977,0.012833,0.410952,0.018756,0.014160
0.073961,0.016314,0.193367,0.011866,0.545630,0.023851,0.023554,0.061857,0.028452,0.021148
0.026068,0.014826,0.118533,0.015642,0.024597,0.025442,0.102180,0.017255,0.510232,0.145226
0.017188,0.019064,0.036595,0.014081,0.661295,0.036204,0.078661,0.103498,0.019370,0.014043
0.004714,0.287461,0.012687,0.004284,0.238978,0.004519,0.043278,0.310401,0.089291,0.004387
0.003674,0.256286,0.171471,0.003627,0.195207,0.018992,0.007549,0.086825,0.179225,0.077143
0.293539,0.113928,0.038359,0.011539,0.052241,0.071499,0.029931,0.027066,0.325666,0.036232
0.051605,0.007199,0.092101,0.008550,0.264027,0.031502,0.013440,0.193836,0.227768,0.109971
0.006869,0.008594,0.050381,0.007392,0.365202,0.014832,0.063217,0.224450,0.251622,0.007443
0.052374,0.017514,0.069394,0.018389,0.092532,0.058684,0.236269,0.048059,0.026980,0.379805
0.004800,0.004645,0.017766,0.008427,0.231569,0.015590,0.014851,0.372638,0.202918,0.126796
0.055668,0.100073,0.264695,0.034715,0.033438,0.012885,0.011200,0.020915,0.284083,0.182329
0.276774,0.020145,0.039365,0.025102,0.024192,0.021180,0.035278,0.511712,0.025950,0.020302
0.010585,0.023688,0.075855,0.012889,0.020349,0.017369,0.075821,0.282156,0.381876,0.099412
0.009434,0.011489,0.329336,0.008459,0.020265,0.013689,0.089907,0.064134,0.333969,0.119319
0.004367,0.288417,0.184264,0.170467,0.186647,0.022187,0.077435,0.047351,0.012797,0.006068
0.007837,0.567787,0.039098,0.007580,0.010504,0.016051,0.059772,0.045300,0.235971,0.010099
0.027183,0.012076,0.163702,0.043299,0.051453,0.029008,0.195986,0.080528,0.362999,0.033766
0.011379,0.009519,0.373084,0.011373,0.530065,0.009368,0.008353,0.010016,0.012870,0.023974
0.006977,0.532030,0.205229,0.011153,0.012989,0.014668,0.073657,0.033626,0.010399,0.099272
0.007552,0.009850,0.369159,0.005940,0.363405,0.022628,0.120018,0.061963,0.033149,0.006337
0.009978,0.009649,0.025636,0.010640,0.516388,0.013327,0.015571,0.014887,0.364643,0.019282
0.012213,0.510931,0.009314,0.009582,0.010255,0.010506,0.010644,0.023896,0.303388,0.099272
0.013197,0.078142,0.031009,0.013123,0.022584,0.017302,0.102144,0.224877,0.484965,0.012656
0.013789,0.013417,0.017266,0.061300,0.034060,0.029265,0.053968,0.387103,0.239294,0.150537
0.008351,0.007990,0.092076,0.008814,0.014572,0.012132,0.049582,0.499458,0.211833,0.095193
0.011984,0.063596,0.139601,0.013979,0.018963,0.024350,0.097534,0.189428,0.313011,0.127555
0.147688,0.650662,0.010958,0.009614,0.018188,0.012081,0.022159,0.012127,0.012271,0.104253
0.160940,0.032991,0.069707,0.009956,0.443700,0.014982,0.006676,0.207103,0.030927,0.023018
0.004566,0.004405,0.175594,0.004587,0.265060,0.004627,0.026354,0.346272,0.155834,0.012701
0.003790,0.256591,0.166565,0.007806,0.162776,0.023101,0.041498,0.324814,0.005732,0.007327
0.008358,0.049477,0.011342,0.007459,0.424487,0.010210,0.019023,0.040130,0.301985,0.127529
0.069988,0.010527,0.521607,0.044331,0.058935,0.037912,0.028300,0.010617,0.015396,0.202388
0.007400,0.056819,0.026199,0.005010,0.331837,0.035754,0.074987,0.148064,0.162384,0.151546
0.029403,0.020928,0.019141,0.020351,0.031700,0.017316,0.030739,0.019965,0.594867,0.215590
0.018086,0.293838,0.189657,0.006217,0.017623,0.010566,0.048333,0.134574,0.194446,0.086659
0.019698,0.105751,0.041979,0.039143,0.029755,0.044217,0.138443,0.384522,0.177477,0.019016
0.025839,0.028474,0.248157,0.034436,0.135344,0.054343,0.285282,0.065583,0.037798,0.084745
0.007855,0.462505,0.032839,0.019480,0.008513,0.008417,0.043225,0.208150,0.199226,0.009790
0.013766,0.004978,0.106165,0.005695,0.246485,0.008824,0.039126,0.372275,0.196946,0.005740
0.016155,0.017966,0.079666,0.016370,0.060758,0.093693,0.032308,0.112619,0.528933,0.041533
0.034915,0.005611,0.019871,0.049488,0.279816,0.041766,0.016619,0.509521,0.024424,0.017968
0.055054,0.006959,0.036756,0.007198,0.386222,0.045621,0.171504,0.087976,0.194693,0.008017
0.049958,0.012009,0.248149,0.015568,0.030663,0.030559,0.025391,0.418930,0.142801,0.025973
0.024196,0.023124,0.118654,0.056751,0.047423,0.059728,0.238615,0.129197,0.255789,0.046521
0.006343,0.405378,0.102243,0.006257,0.312627,0.034858,0.014534,0.006458,0.104223,0.007081
0.010398,0.637574,0.012039,0.009609,0.013398,0.010082,0.008982,0.273737,0.012590,0.011591
0.015821,0.017428,0.348373,0.022011,0.064241,0.047523,0.270133,0.135115,0.023506,0.055849
0.008177,0.542004,0.013090,0.212109,0.010163,0.010827,0.063592,0.039322,0.011004,0.089711
0.005714,0.438611,0.019580,0.005605,0.304983,0.008127,0.005047,0.195428,0.007729,0.009176
0.010155,0.010220,0.171016,0.010299,0.500853,0.020515,0.236313,0.010852,0.020186,0.009591
0.008918,0.021716,0.105982,0.237866,0.392646,0.018686,0.051497,0.050860,0.012580,0.099251
0.013365,0.019443,0.046824,0.035371,0.757445,0.029206,0.012605,0.020789,0.035424,0.029528
0.315617,0.021907,0.088331,0.021123,0.037070,0.021190,0.040553,0.026724,0.202209,0.225276
0.006179,0.430759,0.015328,0.005755,0.303575,0.011826,0.005204,0.202514,0.012172,0.006688
0.013192,0.063488,0.115806,0.015356,0.018019,0.013686,0.060083,0.255047,0.316809,0.128515
0.020416,0.021827,0.025543,0.518150,0.025475,0.021987,0.108462,0.025711,0.029360,0.203069
0.007321,0.009458,0.118603,0.007302,0.375225,0.014484,0.068492,0.036156,0.271346,0.091613
0.041673,0.010375,0.097258,0.008645,0.013101,0.009564,0.011099,0.486853,0.207869,0.113562
0.121406,0.116214,0.112061,0.010039,0.043454,0.074673,0.382989,0.110389,0.017964,0.010811
0.055207,0.006849,0.060777,0.006032,0.362285,0.053181,0.114101,0.202305,0.132800,0.006462
0.316709,0.027215,0.043983,0.020863,0.039413,0.046195,0.153421,0.090783,0.027419,0.233998
0.006606,0.072650,0.136434,0.013056,0.333988,0.056855,0.022114,0.018898,0.313260,0.026140
0.043025,0.020503,0.265390,0.022551,0.035079,0.031513,0.027302,0.025555,0.509706,0.019375
0.006160,0.069379,0.027498,0.008451,0.397683,0.054317,0.092705,0.019074,0.298785,0.025947
0.070035,0.016736,0.027615,0.014633,0.019851,0.019158,0.073889,0.277349,0.467867,0.012868
0.202121,0.013517,0.093652,0.009405,0.477508,0.009975,0.132070,0.010573,0.020010,0.031169
0.121839,0.576673,0.011232,0.026958,0.009831,0.010194,0.015706,0.010454,0.137557,0.079556
0.008886,0.332527,0.022318,0.011431,0.244123,0.025492,0.011064,0.008735,0.226911,0.108512
0.081914,0.035879,0.037913,0.009309,0.354414,0.047592,0.100972,0.288805,0.035903,0.007300
0.009223,0.011634,0.024376,0.052899,0.370979,0.014799,0.175525,0.052627,0.268092,0.019847
0.008514,0.320328,0.041904,0.006741,0.257785,0.006354,0.036695,0.117221,0.151114,0.053344
0.024028,0.824210,0.015185,0.014190,0.017254,0.015731,0.015977,0.043366,0.016603,0.013456
0.105200,0.015078,0.558491,0.021566,0.039155,0.014990,0.168162,0.025186,0.020014,0.032158
0.007071,0.054270,0.012928,0.008810,0.419031,0.020366,0.013336,0.150237,0.298574,0.015376
0.009475,0.096352,0.033498,0.012929,0.052477,0.029849,0.125923,0.023358,0.422258,0.193883
0.007286,0.468960,0.034933,0.008751,0.008477,0.007892,0.039280,0.189071,0.176107,0.059243
0.021153,0.051327,0.178476,0.020690,0.025169,0.025208,0.042578,0.109311,0.318908,0.207178
0.056619,0.009806,0.013759,0.010276,0.014828,0.020145,0.014035,0.650585,0.097687,0.112259
0.182472,0.013628,0.106478,0.013413,0.018922,0.016266,0.023477,0.187261,0.307759,0.130323
0.011538,0.114360,0.039228,0.011853,0.036858,0.071224,0.192046,0.439610,0.048435,0.034849
0.011799,0.013039,0.126834,0.014306,0.022068,0.018724,0.111090,0.058524,0.479278,0.144338
0.010795,0.013100,0.102724,0.043852,0.409970,0.017386,0.017209,0.279991,0.095068,0.009906
0.012557,0.861415,0.017943,0.015627,0.017061,0.014161,0.017134,0.013211,0.018199,0.012692
0.011700,0.620156,0.011138,0.010859,0.011409,0.017699,0.021134,0.012196,0.271748,0.011962
0.134860,0.010622,0.012408,0.007494,0.322347,0.010687,0.016435,0.183527,0.294117,0.007501
0.004394,0.006869,0.035347,0.004365,0.228604,0.038106,0.065403,0.388716,0.211277,0.016919
0.022594,0.021238,0.040197,0.023336,0.036175,0.029013,0.041149,0.103593,0.658558,0.024147
0.054218,0.435459,0.038118,0.009527,0.028430,0.016060,0.072650,0.050153,0.283463,0.011923
0.004236,0.332099,0.078651,0.005919,0.009054,0.005953,0.053337,0.325737,0.180311,0.004703
0.015203,0.021700,0.088064,0.018439,0.031841,0.035033,0.034460,0.277265,0.445451,0.032544
0.013218,0.015671,0.070287,0.012328,0.022055,0.016949,0.026331,0.786430,0.024977,0.011754
0.008184,0.048689,0.018862,0.008641,0.392829,0.009923,0.082089,0.052085,0.283465,0.095233
0.054835,0.017407,0.035405,0.019037,0.033968,0.017188,0.106250,0.081781,0.617961,0.016169
0.005804,0.393902,0.091953,0.007575,0.241060,0.010979,0.013716,0.117850,0.008418,0.108743
0.009131,0.062102,0.032087,0.009874,0.392036,0.014638,0.095982,0.179264,0.185845,0.019039
0.017445,0.058025,0.115622,0.048697,0.039791,0.026859,0.040899,0.325773,0.023942,0.302947
0.003902,0.292307,0.184085,0.004352,0.244659,0.010969,0.072966,0.163777,0.014657,0.008325
0.011778,0.013948,0.027101,0.010085,0.353775,0.023099,0.009361,0.060158,0.374713,0.115983
0.008030,0.511462,0.051109,0.022245,0.009296,0.010214,0.017354,0.027229,0.231721,0.111341
0.032885,0.014378,0.354800,0.009212,0.040318,0.035611,0.179156,0.269983,0.053694,0.009964
0.026010,0.046840,0.073422,0.008753,0.483859,0.030261,0.026018,0.082962,0.047243,0.174632
0.015403,0.017447,0.019168,0.367747,0.027274,0.031866,0.031596,0.069173,0.395895,0.024430
0.007752,0.007898,0.086798,0.007621,0.371761,0.015197,0.030525,0.157185,0.296383,0.018879
0.004676,0.299901,0.072538,0.004903,0.011818,0.005434,0.009870,0.337214,0.192942,0.060702
0.017979,0.023407,0.021454,0.031979,0.030799,0.037700,0.030060,0.020149,0.602351,0.184124
0.042952,0.008918,0.015289,0.008771,0.012013,0.009063,0.057644,0.521103,0.312043,0.012203
0.013656,0.010844,0.051347,0.010512,0.062876,0.034604,0.136815,0.137403,0.300732,0.241212
0.085427,0.082783,0.052194,0.009966,0.037805,0.025803,0.030567,0.258033,0.240397,0.177026
0.008623,0.532669,0.009372,0.009280,0.010702,0.014084,0.010387,0.178566,0.216410,0.009907
0.012280,0.010478,0.224172,0.324462,0.031403,0.018997,0.025796,0.069468,0.128164,0.154781
0.062145,0.020049,0.080849,0.020606,0.165468,0.068836,0.270536,0.200882,0.031925,0.078702
0.018494,0.022021,0.131722,0.023943,0.040027,0.039346,0.015073,0.328774,0.345558,0.035042
0.016786,0.016228,0.100464,0.016764,0.038646,0.035663,0.270579,0.025540,0.188450,0.290880
0.069374,0.044600,0.531489,0.032105,0.062937,0.066117,0.049333,0.041420,0.071185,0.031440
0.040179,0.115064,0.122577,0.093782,0.078726,0.054555,0.286901,0.052871,0.079501,0.075845
0.004448,0.006238,0.015752,0.169867,0.186978,0.031526,0.053249,0.336652,0.182001,0.013289
0.010309,0.027714,0.027910,0.049382,0.549532,0.012447,0.088763,0.011406,0.102647,0.119890
0.118558,0.293772,0.228394,0.008574,0.011667,0.023012,0.055654,0.032629,0.222270,0.005469
0.012528,0.573692,0.224330,0.009376,0.018762,0.008491,0.011349,0.041341,0.011102,0.089030
0.036125,0.009270,0.014000,0.010842,0.516912,0.009562,0.064642,0.049340,0.280017,0.009291
0.012888,0.549825,0.035672,0.010208,0.013756,0.009120,0.009826,0.022036,0.226322,0.110347
0.072389,0.009344,0.191281,0.064485,0.026083,0.016500,0.165497,0.324798,0.121073,0.008550
0.011221,0.427098,0.033682,0.007033,0.008514,0.008443,0.043557,0.442108,0.009292,0.009051
0.012128,0.012554,0.016543,0.015297,0.023699,0.015528,0.091758,0.771595,0.020890,0.020008
0.006219,0.006508,0.322442,0.006652,0.031569,0.023810,0.005697,0.575165,0.013864,0.008075
0.003921,0.256481,0.057270,0.112462,0.238649,0.004553,0.009419,0.305419,0.006522,0.005306
0.012370,0.010587,0.094334,0.035237,0.032101,0.027561,0.009021,0.729732,0.018637,0.030421
0.022675,0.009634,0.036600,0.013599,0.522322,0.016204,0.015752,0.056029,0.285628,0.021556
0.006637,0.006386,0.383909,0.010814,0.036121,0.049626,0.153969,0.062082,0.282912,0.007545
0.007060,0.008121,0.075666,0.010810,0.368035,0.063070,0.129845,0.008092,0.320329,0.008971
0.008879,0.006623,0.123273,0.012039,0.310450,0.041420,0.017472,0.061820,0.283271,0.134754
0.007141,0.006735,0.394976,0.059773,0.045727,0.042271,0.086808,0.014307,0.318450,0.023813
0.049181,0.007327,0.154460,0.019585,0.017654,0.012625,0.021630,0.507891,0.081521,0.128127
0.014406,0.021221,0.149873,0.013104,0.094823,0.122808,0.480261,0.015256,0.025541,0.062706
0.005319,0.356559,0.006549,0.005627,0.007054,0.007192,0.010782,0.336346,0.215079,0.049492
0.038331,0.023510,0.216257,0.018461,0.031415,0.028399,0.042735,0.084370,0.317155,0.199367
0.010149,0.062471,0.156236,0.009938,0.028093,0.023721,0.017307,0.663397,0.018764,0.009923
0.006873,0.234994,0.185670,0.003857,0.157176,0.008555,0.017249,0.287616,0.094743,0.003268
0.004333,0.274322,0.025483,0.023921,0.181854,0.005134,0.008981,0.319009,0.152935,0.004028
0.023982,0.024061,0.048103,0.585329,0.043828,0.025953,0.049292,0.131089,0.031149,0.037214
0.020005,0.013291,0.012980,0.012098,0.024460,0.022724,0.013174,0.619495,0.246573,0.015200
0.025942,0.009315,0.443626,0.009338,0.044898,0.029581,0.117681,0.118856,0.018836,0.181926
0.009809,0.009362,0.022997,0.011007,0.016551,0.016773,0.015927,0.558379,0.328751,0.010445
0.188452,0.072405,0.071359,0.016404,0.389497,0.024772,0.032897,0.007192,0.011934,0.185087
0.083009,0.014953,0.033529,0.017714,0.029519,0.022798,0.128820,0.241060,0.405530,0.023067
0.006244,0.008625,0.221132,0.022406,0.356840,0.015339,0.082827,0.046586,0.233938,0.006062
0.006247,0.455745,0.099673,0.009420,0.365114,0.007915,0.010679,0.027433,0.009085,0.008689
0.066305,0.090277,0.124029,0.087025,0.164261,0.076332,0.118906,0.084300,0.124681,0.063886
0.126840,0.004757,0.278993,0.180257,0.028358,0.015613,0.132443,0.004813,0.211651,0.016276
0.004669,0.038720,0.190616,0.150118,0.014119,0.009006,0.052203,0.371009,0.164763,0.004777
0.127462,0.417012,0.105721,0.203208,0.015237,0.008392,0.060271,0.047263,0.008897,0.006538
0.006948,0.058748,0.134281,0.008354,0.371668,0.018782,0.088246,0.063957,0.242790,0.006228
0.011298,0.011786,0.193160,0.014221,0.612673,0.015466,0.085145,0.016748,0.016629,0.022874
0.009937,0.665249,0.014716,0.009066,0.015621,0.018568,0.020697,0.224325,0.012396,0.009423
0.008914,0.482769,0.071408,0.008878,0.383449,0.007885,0.007017,0.009485,0.010166,0.010028
0.009310,0.010394,0.217394,0.013542,0.491637,0.021231,0.151784,0.027485,0.022153,0.035071
0.070097,0.042223,0.048276,0.076737,0.066406,0.032610,0.395452,0.170061,0.067009,0.031128
0.043444,0.074338,0.186601,0.280382,0.024587,0.008765,0.234819,0.009158,0.113410,0.024496
0.056276,0.438032,0.022925,0.005845,0.028415,0.016355,0.112050,0.168968,0.019579,0.131554
0.008983,0.020350,0.053732,0.009434,0.011250,0.012055,0.041320,0.542970,0.210154,0.089750
0.047303,0.023191,0.262774,0.008884,0.016873,0.007140,0.015212,0.499270,0.019855,0.099498
0.005117,0.320377,0.127314,0.004168,0.202728,0.010086,0.007830,0.309053,0.005935,0.007391
0.009403,0.369958,0.026635,0.145988,0.008665,0.008868,0.042465,0.376021,0.006931,0.005066
0.041275,0.005166,0.172778,0.005265,0.036135,0.017856,0.185612,0.435332,0.094580,0.006002
0.010069,0.032011,0.072293,0.011537,0.021802,0.021692,0.017098,0.616585,0.186058,0.010856
0.041371,0.223351,0.342348,0.040683,0.065423,0.042601,0.071688,0.052118,0.061869,0.058547
0.008830,0.046398,0.017079,0.009146,0.019735,0.019450,0.017524,0.557000,0.214129,0.090709
0.006663,0.411049,0.177320,0.032082,0.015100,0.006854,0.070742,0.032311,0.239274,0.008605
0.096953,0.040620,0.160507,0.003401,0.190241,0.013371,0.003175,0.319060,0.157274,0.015396
0.006586,0.412899,0.043705,0.008930,0.008839,0.007141,0.046438,0.187622,0.270507,0.007332
0.034346,0.010032,0.013685,0.010838,0.506807,0.014229,0.018448,0.013161,0.266739,0.111715
0.009646,0.613066,0.077985,0.009590,0.012846,0.009809,0.012160,0.143667,0.012536,0.098695
0.011328,0.763696,0.056078,0.013790,0.030294,0.011729,0.016647,0.067825,0.014777,0.013834
0.008978,0.385042,0.264584,0.008391,0.021655,0.033759,0.091645,0.008190,0.014501,0.163254
0.009507,0.035880,0.376485,0.009455,0.027597,0.009683,0.023644,0.196811,0.299677,0.011262
0.153384,0.014049,0.112704,0.012864,0.120257,0.095090,0.045699,0.369582,0.022019,0.054353
0.148081,0.059317,0.058459,0.008525,0.020697,0.014988,0.075896,0.274701,0.330935,0.008401
0.004708,0.279610,0.108452,0.004343,0.211594,0.004625,0.008683,0.286738,0.005880,0.085368
0.050368,0.018335,0.179825,0.019320,0.619202,0.020958,0.027498,0.018159,0.020287,0.026048
0.019271,0.025534,0.114678,0.019238,0.022788,0.031663,0.034488,0.343414,0.156287,0.232640
0.011445,0.459337,0.188451,0.007198,0.012056,0.008144,0.011608,0.037098,0.256103,0.008560
0.099580,0.427421,0.088793,0.007966,0.269815,0.006168,0.013555,0.024601,0.055070,0.007031
0.049436,0.030773,0.068043,0.029896,0.039698,0.030936,0.042235,0.031330,0.654283,0.023371
0.004910,0.337453,0.013036,0.006508,0.200157,0.029547,0.009918,0.047250,0.214390,0.136831
0.011116,0.010940,0.032718,0.010395,0.501022,0.010599,0.020382,0.198229,0.024884,0.179716
0.007475,0.008150,0.089554,0.041587,0.070603,0.057820,0.029146,0.645947,0.013958,0.035759
0.033142,0.007045,0.054515,0.007806,0.391678,0.010985,0.085455,0.243533,0.022911,0.142930
0.006249,0.441314,0.037377,0.035384,0.255136,0.005860,0.015475,0.035018,0.072785,0.095401
0.061327,0.015380,0.112805,0.051764,0.028322,0.013985,0.084786,0.050336,0.413940,0.167355
0.006398,0.380306,0.034156,0.007939,0.007781,0.009869,0.007183,0.380605,0.159438,0.006326
0.007311,0.019455,0.084284,0.007950,0.294226,0.010206,0.052763,0.435441,0.009042,0.079322
0.006211,0.341731,0.075917,0.004652,0.200082,0.012443,0.031850,0.112400,0.209335,0.005378
0.029994,0.030164,0.041726,0.036467,0.063124,0.038873,0.285533,0.037853,0.064272,0.371993
0.022004,0.010247,0.032289,0.013701,0.506858,0.016160,0.094301,0.010763,0.284018,0.009658
0.012682,0.012256,0.024391,0.016598,0.622014,0.017006,0.021406,0.069990,0.019441,0.184216
0.007663,0.443589,0.011354,0.008326,0.014208,0.008007,0.006479,0.219234,0.203879,0.077262
0.182184,0.009997,0.382189,0.014375,0.026653,0.016022,0.025595,0.010558,0.320768,0.011658
0.174302,0.064743,0.030512,0.011082,0.017111,0.021147,0.024547,0.335338,0.302563,0.018653
0.033227,0.515398,0.061960,0.007535,0.009692,0.009200,0.007004,0.008178,0.277900,0.069905
0.062549,0.012171,0.229433,0.012904,0.388509,0.012363,0.018966,0.229281,0.024970,0.008855
0.005817,0.462008,0.179002,0.030937,0.011736,0.013095,0.013768,0.130168,0.065337,0.088132
0.009622,0.647197,0.023187,0.013422,0.017550,0.011268,0.057102,0.010866,0.196782,0.013005
0.041612,0.034650,0.026528,0.011895,0.023832,0.015902,0.088732,0.211348,0.352046,0.193455
0.007249,0.006932,0.023282,0.008227,0.367680,0.015206,0.059586,0.127848,0.268619,0.115371
0.008796,0.009721,0.022935,0.010718,0.381017,0.009565,0.024761,0.050945,0.362772,0.118770
0.008032,0.007215,0.101620,0.007984,0.319808,0.007123,0.048334,0.477746,0.009950,0.012188
0.029856,0.008165,0.025867,0.224242,0.361129,0.010945,0.011208,0.008511,0.305425,0.014654
0.006525,0.007114,0.145160,0.006957,0.400836,0.007014,0.062500,0.012215,0.243338,0.108340
0.009837,0.615454,0.011703,0.010009,0.010597,0.010760,0.018524,0.144006,0.074531,0.094580
0.004726,0.004660,0.088046,0.180444,0.028752,0.035684,0.011845,0.417424,0.223713,0.004706
0.079264,0.069557,0.339417,0.032745,0.068722,0.038284,0.242580,0.034507,0.053252,0.041673
0.071185,0.009941,0.070655,0.012867,0.430068,0.058915,0.007931,0.285533,0.043944,0.008961
0.009165,0.010704,0.010134,0.009557,0.018330,0.009961,0.016837,0.520713,0.310921,0.083678
0.021762,0.361897,0.028554,0.006701,0.008860,0.006339,0.007262,0.348094,0.141113,0.069419
0.237934,0.021894,0.019931,0.018823,0.024161,0.017459,0.028397,0.448459,0.023010,0.159931
0.016031,0.015638,0.036790,0.063445,0.022059,0.015426,0.025741,0.404576,0.378234,0.022058
0.011022,0.014993,0.085690,0.012930,0.600919,0.018734,0.025950,0.088115,0.131143,0.010504
0.205845,0.017058,0.018080,0.017044,0.638221,0.029394,0.024660,0.013235,0.024416,0.012048
0.024281,0.079594,0.226271,0.036307,0.040599,0.062752,0.152143,0.023965,0.323103,0.030985
0.090939,0.022666,0.144412,0.021126,0.054935,0.027659,0.500486,0.033422,0.058107,0.046247
0.014028,0.069731,0.148347,0.012304,0.017241,0.015094,0.091582,0.015679,0.473607,0.142387
0.012673,0.033208,0.143465,0.013161,0.025059,0.016522,0.023984,0.372948,0.337999,0.020982
0.052558,0.006929,0.056454,0.020806,0.352977,0.012521,0.086912,0.012336,0.290228,0.108281
0.014643,0.564160,0.010085,0.009149,0.010262,0.016677,0.017844,0.011068,0.335022,0.011090
0.035308,0.030815,0.193914,0.030172,0.064256,0.051742,0.207689,0.032795,0.317665,0.035644
0.177237,0.012957,0.072263,0.013372,0.024725,0.025869,0.204392,0.082063,0.378163,0.008960
0.010910,0.711073,0.013499,0.013434,0.012363,0.010574,0.022556,0.035110,0.013780,0.156700
0.005307,0.396807,0.149666,0.009736,0.211889,0.006562,0.008612,0.007059,0.196296,0.008066
0.024200,0.023050,0.066414,0.031406,0.046278,0.055273,0.039012,0.030947,0.655212,0.028210
0.008624,0.100339,0.061884,0.019108,0.468598,0.031901,0.129469,0.096868,0.047734,0.035474
0.009575,0.445393,0.007122,0.007469,0.303111,0.006684,0.008500,0.198035,0.008025,0.006087
0.010814,0.011032,0.097769,0.269777,0.020304,0.024381,0.014216,0.163450,0.275554,0.112703
0.013215,0.012629,0.200789,0.014209,0.651433,0.015936,0.024717,0.016963,0.027379,0.022730
0.004855,0.004883,0.018918,0.172396,0.026222,0.029976,0.003943,0.419802,0.224413,0.094592
0.026063,0.020464,0.436792,0.070907,0.076719,0.033526,0.153421,0.043199,0.077861,0.061049
0.007203,0.525619,0.081401,0.008870,0.260519,0.007755,0.011519,0.009316,0.010034,0.077765
0.007745,0.400341,0.038854,0.007649,0.007467,0.008099,0.013181,0.413162,0.007847,0.095655
0.008353,0.480482,0.009386,0.009719,0.372054,0.008039,0.010185,0.028475,0.063316,0.009991
0.046857,0.006932,0.026651,0.061015,0.323011,0.021511,0.087090,0.088215,0.315240,0.023477
0.009125,0.052433,0.012305,0.019313,0.447397,0.011193,0.007620,0.187758,0.242985,0.009872
0.083829,0.667095,0.057898,0.013645,0.039569,0.053336,0.022788,0.014722,0.028370,0.018747
0.015464,0.405020,0.085547,0.007946,0.300705,0.006167,0.040602,0.037404,0.012541,0.088604
0.006828,0.253738,0.194449,0.005304,0.187703,0.019299,0.008273,0.038447,0.183168,0.102790
0.013608,0.013920,0.028543,0.015519,0.648300,0.019359,0.047671,0.075376,0.122210,0.015494
0.004671,0.004713,0.042878,0.007454,0.265685,0.009624,0.130194,0.334427,0.188038,0.012315
0.015151,0.014911,0.121684,0.460904,0.064172,0.040259,0.058718,0.138315,0.046895,0.038992
0.009176,0.024185,0.012089,0.007587,0.369717,0.019623,0.078773,0.145554,0.232209,0.101088
0.026033,0.032424,0.244406,0.026379,0.036593,0.034944,0.042599,0.132994,0.388584,0.035044
0.015770,0.021488,0.285740,0.019767,0.033595,0.026387,0.023750,0.087522,0.453621,0.032361
0.007762,0.459787,0.008185,0.164362,0.008934,0.011227,0.039047,0.021726,0.270474,0.008497
0.043173,0.366468,0.242010,0.006042,0.015472,0.012859,0.058252,0.131391,0.008011,0.116322
0.041482,0.015712,0.023834,0.016106,0.621953,0.019917,0.020589,0.071759,0.021159,0.147489
0.007033,0.025847,0.054729,0.206931,0.364432,0.012238,0.060073,0.006893,0.255672,0.006153
0.070397,0.028255,0.022578,0.115846,0.207281,0.010664,0.035826,0.283802,0.169581,0.055770
0.004667,0.311169,0.005776,0.018255,0.187860,0.005595,0.023758,0.344022,0.093933,0.004964
0.050198,0.025276,0.032560,0.007222,0.017339,0.016362,0.062112,0.449186,0.226255,0.113490
0.010212,0.532515,0.009367,0.008884,0.010646,0.014133,0.010683,0.010635,0.312424,0.080502
0.023227,0.020730,0.049816,0.559150,0.048876,0.026883,0.033061,0.150600,0.049858,0.037798
0.095125,0.013607,0.069837,0.012490,0.405221,0.071490,0.037107,0.271909,0.014486,0.008728
0.004597,0.040178,0.189753,0.005975,0.247438,0.009340,0.049313,0.370432,0.006635,0.076339
0.008803,0.483402,0.016525,0.009825,0.010677,0.014980,0.016818,0.008102,0.304594,0.126275
0.005195,0.007651,0.204326,0.005608,0.260600,0.016415,0.044222,0.128258,0.207891,0.119834
0.009287,0.008946,0.052115,0.010941,0.019024,0.013629,0.091692,0.605681,0.179714,0.008971
0.010065,0.417671,0.033218,0.007307,0.007882,0.008959,0.006898,0.404199,0.049729,0.054071
0.015359,0.056358,0.267219,0.020879,0.031394,0.042979,0.132123,0.151897,0.263396,0.018396
0.009905,0.013477,0.134790,0.009614,0.016902,0.019414,0.016523,0.650173,0.013874,0.115327
0.006320,0.006254,0.311117,0.057783,0.285199,0.048819,0.104627,0.058227,0.114601,0.007053
0.011906,0.773850,0.021753,0.010762,0.014275,0.016067,0.081438,0.041783,0.014883,0.013283
0.099998,0.003837,0.190365,0.007051,0.223196,0.012721,0.050297,0.300112,0.108851,0.003571
0.011010,0.064874,0.160932,0.009357,0.517727,0.015422,0.060362,0.009969,0.025012,0.125335
0.005948,0.006617,0.324887,0.006621,0.035047,0.022749,0.206089,0.250777,0.116666,0.024600
0.008521,0.009056,0.017622,0.008382,0.487308,0.014149,0.031292,0.058951,0.341171,0.023549
0.043412,0.497867,0.116636,0.225212,0.022199,0.009361,0.015161,0.050654,0.009687,0.009812
0.086831,0.007961,0.245164,0.009932,0.030745,0.027462,0.107851,0.246011,0.230483,0.007559
0.009108,0.479419,0.020607,0.007937,0.354751,0.043625,0.005735,0.053482,0.011509,0.013827
0.012391,0.768333,0.013571,0.011508,0.013933,0.013828,0.087296,0.047628,0.016792,0.014721
0.005491,0.064693,0.294369,0.006309,0.365889,0.020830,0.017632,0.169636,0.031232,0.023920
0.009231,0.009774,0.013234,0.243455,0.025827,0.012228,0.040266,0.276436,0.353253,0.016296
0.014155,0.014929,0.134601,0.014900,0.074760,0.047476,0.252966,0.040604,0.069748,0.335861
0.163740,0.583581,0.046392,0.007836,0.016207,0.014302,0.023030,0.010806,0.011394,0.122711
0.008414,0.009915,0.300689,0.007510,0.014648,0.016148,0.015905,0.532350,0.080440,0.013982
0.005152,0.005802,0.114974,0.008799,0.325380,0.008902,0.059953,0.138856,0.233260,0.098923
0.046963,0.007656,0.046291,0.007394,0.015529,0.012512,0.073922,0.497917,0.283109,0.008710
0.008303,0.331347,0.007226,0.005255,0.259412,0.005999,0.012024,0.163524,0.200783,0.006127
0.015393,0.014939,0.216639,0.016897,0.027547,0.034158,0.027160,0.072279,0.550434,0.024554
0.006404,0.040649,0.060088,0.010171,0.340625,0.025816,0.006083,0.069325,0.294575,0.146263
0.065714,0.007859,0.163741,0.012378,0.388971,0.012539,0.028432,0.016822,0.296086,0.007459
0.007995,0.062313,0.063686,0.224796,0.376836,0.018961,0.150974,0.074009,0.014396,0.006033
0.152944,0.262826,0.109322,0.061206,0.093527,0.109812,0.042294,0.049873,0.064245,0.053951
0.010144,0.531890,0.032849,0.007610,0.032384,0.040763,0.086179,0.236560,0.012620,0.009000
0.013530,0.013734,0.025284,0.304419,0.018756,0.013886,0.085176,0.049406,0.307835,0.167973
0.013714,0.014272,0.094546,0.396770,0.030815,0.021928,0.028930,0.019546,0.148868,0.230612
0.013269,0.018300,0.402098,0.017661,0.047524,0.101187,0.214908,0.118448,0.020388,0.046217
0.104211,0.007945,0.019329,0.177842,0.335308,0.014526,0.059781,0.031780,0.237383,0.011895
0.083343,0.037451,0.253601,0.210897,0.084142,0.080573,0.080254,0.038201,0.097062,0.034478
0.007081,0.505805,0.010750,0.008501,0.373961,0.012974,0.054312,0.007350,0.010120,0.009145
0.009305,0.009481,0.089815,0.009291,0.013446,0.011414,0.063979,0.565635,0.216804,0.010830
0.005136,0.389982,0.018812,0.006627,0.024574,0.035204,0.064825,0.440447,0.008663,0.005730
0.003820,0.284979,0.017437,0.003803,0.231888,0.025568,0.006695,0.327627,0.013023,0.085161
0.024743,0.018254,0.207986,0.171990,0.301819,0.008954,0.012195,0.005813,0.172002,0.076245
0.007600,0.006128,0.011602,0.006349,0.288806,0.006570,0.126226,0.443654,0.009924,0.093140
0.014761,0.093078,0.039831,0.014745,0.028937,0.024167,0.120348,0.077662,0.559790,0.026681
0.166762,0.065687,0.026150,0.021907,0.033360,0.019633,0.042760,0.576278,0.028408,0.019054
0.119815,0.007507,0.021811,0.009668,0.379167,0.014098,0.013974,0.036171,0.279361,0.118428
0.107624,0.007683,0.014887,0.008269,0.013331,0.013309,0.010545,0.476421,0.266405,0.081527
0.007242,0.407550,0.009464,0.006745,0.009104,0.010411,0.026647,0.188461,0.242227,0.092150
0.007641,0.012264,0.073454,0.008968,0.400003,0.030385,0.040276,0.023937,0.369551,0.033521
0.079355,0.007715,0.060145,0.007606,0.402488,0.048000,0.099079,0.007532,0.139417,0.148662
0.014700,0.660762,0.012030,0.010525,0.015115,0.010754,0.012681,0.012281,0.238327,0.012826
0.010060,0.027473,0.050862,0.009143,0.483573,0.014125,0.019177,0.267220,0.100042,0.018325
0.016156,0.007099,0.106491,0.007459,0.333827,0.018429,0.015129,0.477764,0.010498,0.007149
0.005025,0.021321,0.045022,0.017163,0.253167,0.010100,0.074358,0.357980,0.116743,0.099121
0.027197,0.027478,0.047483,0.032578,0.031932,0.038180,0.046474,0.136792,0.570208,0.041677
0.016650,0.021832,0.020895,0.011368,0.015799,0.012609,0.017563,0.555301,0.208973,0.119009
0.013722,0.012806,0.029562,0.325966,0.020430,0.029555,0.016176,0.077571,0.462121,0.012090
0.004703,0.327467,0.236823,0.007856,0.206718,0.030623,0.010681,0.049778,0.013493,0.111857
0.005670,0.359567,0.086415,0.006122,0.010961,0.006145,0.007570,0.431318,0.008640,0.077594
0.041892,0.005760,0.206871,0.036896,0.252200,0.015475,0.013647,0.189690,0.223259,0.014311
0.025164,0.032938,0.183426,0.045385,0.035045,0.033813,0.048524,0.031482,0.223868,0.340354
0.004347,0.323238,0.013355,0.006582,0.017260,0.025223,0.013838,0.353921,0.232923,0.009313
0.007776,0.007737,0.032395,0.007606,0.034540,0.055664,0.156282,0.282965,0.212435,0.202599
0.007324,0.536591,0.020559,0.008099,0.032994,0.041662,0.091728,0.014077,0.013634,0.233332
0.010061,0.009596,0.019973,0.011290,0.013714,0.020854,0.016845,0.569697,0.317232,0.010738
0.012067,0.012863,0.032260,0.017451,0.660151,0.019254,0.025687,0.064127,0.130077,0.026063
0.008681,0.547754,0.075918,0.008770,0.011502,0.009759,0.015600,0.009846,0.303971,0.008200
0.006805,0.006527,0.134790,0.008195,0.368443,0.011931,0.017239,0.151767,0.157667,0.136637
0.006510,0.010678,0.055100,0.066704,0.048099,0.057540,0.198725,0.219189,0.138335,0.199118
0.009555,0.645141,0.017232,0.009143,0.017050,0.010303,0.072068,0.051045,0.013666,0.154798
0.011107,0.018076,0.391591,0.015019,0.123100,0.080459,0.164027,0.153133,0.031879,0.011610
0.011001,0.403412,0.053307,0.154507,0.244709,0.007555,0.012690,0.006194,0.048473,0.058152
0.006627,0.006632,0.058414,0.010613,0.324742,0.011455,0.085223,0.237243,0.239589,0.019461
0.151801,0.007907,0.299801,0.011649,0.022439,0.014685,0.110188,0.055550,0.316728,0.009252
0.038946,0.051872,0.027144,0.528495,0.048652,0.024388,0.036914,0.027501,0.195007,0.021081
0.007528,0.425888,0.008360,0.009132,0.008011,0.008682,0.008962,0.428011,0.009868,0.085558
0.007254,0.006522,0.008359,0.006771,0.359027,0.014436,0.039065,0.466192,0.012430,0.079945
0.005352,0.007714,0.098425,0.157396,0.222619,0.008246,0.008430,0.375911,0.109226,0.006680
0.007460,0.058688,0.088678,0.007185,0.335826,0.018966,0.024993,0.158474,0.290832,0.008898
0.006883,0.006536,0.013443,0.007335,0.245837,0.008089,0.011675,0.400427,0.233334,0.066440
0.006110,0.387732,0.060924,0.006335,0.303059,0.010648,0.044249,0.103576,0.008280,0.069088
0.011101,0.702595,0.016279,0.014254,0.020651,0.013675,0.014155,0.032182,0.015594,0.159514
0.011083,0.010803,0.031969,0.011049,0.582902,0.020754,0.093077,0.073940,0.021697,0.142726
0.024873,0.015617,0.033619,0.014029,0.019226,0.018616,0.019237,0.256878,0.457770,0.140135
0.006941,0.557472,0.227366,0.007275,0.014047,0.008464,0.013053,0.009530,0.147289,0.008563
0.012712,0.011883,0.033506,0.016644,0.554691,0.012030,0.092664,0.234124,0.017870,0.013878
0.046266,0.007331,0.143490,0.200487,0.337948,0.015564,0.006275,0.137403,0.010341,0.094895
0.009048,0.361491,0.011818,0.168981,0.224809,0.005658,0.009123,0.191298,0.010961,0.006813
0.006224,0.006538,0.302521,0.005593,0.027519,0.046632,0.077559,0.494632,0.025586,0.007196
0.014045,0.338194,0.084406,0.005625,0.263367,0.008204,0.004529,0.031967,0.179970,0.069693
0.267839,0.046279,0.050711,0.037791,0.031836,0.021348,0.023027,0.022753,0.466944,0.031472
0.006683,0.006390,0.127111,0.040497,0.303906,0.013877,0.074911,0.220665,0.080301,0.125659
0.011992,0.063032,0.014759,0.013889,0.028329,0.016581,0.010088,0.725920,0.104603,0.010808
0.031988,0.425643,0.009212,0.007655,0.008165,0.012729,0.048129,0.439603,0.009711,0.007166
0.010156,0.556748,0.070039,0.009520,0.010493,0.012189,0.070343,0.150978,0.012291,0.097242
0.006067,0.400796,0.024725,0.142542,0.007823,0.006563,0.007675,0.161892,0.233964,0.007952
0.052157,0.009499,0.055837,0.006151,0.067283,0.023661,0.209729,0.260572,0.287771,0.027339
0.036836,0.007189,0.114996,0.032726,0.232097,0.008336,0.008879,0.376924,0.169573,0.012445
0.021997,0.023315,0.057019,0.024835,0.049317,0.028102,0.021107,0.027534,0.720268,0.026505
0.005798,0.413410,0.023829,0.008939,0.338825,0.016988,0.044790,0.009902,0.010764,0.126754
0.023629,0.027646,0.039995,0.024135,0.048613,0.027021,0.045609,0.023411,0.522470,0.217472
0.021222,0.317016,0.019528,0.007231,0.257386,0.011509,0.011555,0.008112,0.211438,0.135004
0.006091,0.431317,0.013287,0.005561,0.293148,0.005827,0.008741,0.007078,0.221552,0.007398
0.052554,0.702186,0.140601,0.013441,0.013820,0.012102,0.024102,0.013457,0.013997,0.013740
0.011289,0.010783,0.199459,0.010500,0.494555,0.028103,0.112125,0.102316,0.020975,0.009896
0.057399,0.018327,0.037161,0.021832,0.035673,0.026439,0.033675,0.083888,0.668633,0.016973
0.125372,0.009450,0.011304,0.009701,0.015337,0.019252,0.014933,0.592422,0.079982,0.122247
0.007663,0.037109,0.142763,0.007789,0.041311,0.024919,0.204674,0.019513,0.349106,0.165152
0.005204,0.007106,0.032828,0.013891,0.296891,0.009042,0.024444,0.378869,0.162187,0.069538
0.007520,0.046298,0.010521,0.008819,0.388999,0.008776,0.016167,0.484154,0.016506,0.012239
0.007032,0.042344,0.016325,0.034334,0.326003,0.007283,0.013063,0.456151,0.014546,0.082920
0.004570,0.290275,0.126019,0.024491,0.203616,0.005182,0.007593,0.324889,0.006633,0.006730
0.014081,0.010681,0.074535,0.012878,0.088381,0.034588,0.163547,0.321866,0.050468,0.228975
0.118773,0.010855,0.021665,0.008897,0.015268,0.011771,0.011070,0.508693,0.283668,0.009340
0.006688,0.434710,0.007522,0.006914,0.010110,0.008531,0.006523,0.410310,0.049210,0.059482
0.007156,0.452304,0.044647,0.022417,0.013068,0.008322,0.016042,0.156852,0.270211,0.008981
0.012148,0.016683,0.153625,0.015154,0.637384,0.029267,0.017396,0.079584,0.017508,0.021252
0.003710,0.237275,0.169919,0.147639,0.177413,0.018731,0.039406,0.034366,0.167191,0.004349
0.022810,0.017142,0.023341,0.015369,0.466646,0.014067,0.011659,0.015220,0.283676,0.130070
0.006410,0.425857,0.012071,0.008556,0.284409,0.012164,0.013575,0.030771,0.198081,0.008106
0.007126,0.419930,0.012419,0.007927,0.008317,0.008116,0.006082,0.446010,0.008696,0.075377
0.013149,0.013706,0.104504,0.412580,0.039868,0.019828,0.129455,0.022493,0.038466,0.205949
0.017799,0.009677,0.098971,0.012730,0.015434,0.013401,0.080286,0.629769,0.013404,0.108527
0.049263,0.148884,0.078235,0.041112,0.107306,0.064702,0.093705,0.269490,0.055678,0.091625
0.114069,0.007282,0.094250,0.006870,0.376371,0.007149,0.017366,0.159223,0.204280,0.013140
0.008999,0.074225,0.187964,0.056570,0.023294,0.014277,0.078030,0.339382,0.026710,0.190549
0.036455,0.235570,0.093001,0.045390,0.072898,0.062174,0.333446,0.039383,0.046923,0.034761
0.068346,0.066472,0.154013,0.085913,0.115887,0.097587,0.126058,0.086920,0.081839,0.116964
0.048208,0.040642,0.197190,0.425534,0.040932,0.016938,0.035965,0.021249,0.157233,0.016110
0.011023,0.014807,0.407917,0.010458,0.034390,0.026275,0.157169,0.097898,0.018532,0.221531
0.004993,0.379399,0.249914,0.008459,0.278657,0.035097,0.009793,0.005575,0.017029,0.011085
0.009803,0.010245,0.024155,0.053769,0.419280,0.013348,0.084809,0.070436,0.295560,0.018596
0.009165,0.414758,0.007010,0.006578,0.007100,0.008241,0.007677,0.387635,0.097097,0.054738
0.005767,0.416954,0.066973,0.165526,0.237774,0.006356,0.012370,0.024852,0.055752,0.007676
0.011126,0.006537,0.185031,0.012916,0.266295,0.006964,0.010646,0.339178,0.098130,0.063177
0.006988,0.006510,0.194288,0.265917,0.282431,0.040298,0.025455,0.006466,0.030436,0.141210
0.006337,0.429852,0.066390,0.007778,0.222964,0.007516,0.005305,0.007406,0.240575,0.005877
0.005327,0.008692,0.298547,0.005297,0.262412,0.037988,0.077335,0.054230,0.244595,0.005579
0.081703,0.270210,0.060229,0.130904,0.201498,0.004163,0.011346,0.028482,0.152102,0.059365
0.074361,0.035545,0.065728,0.007219,0.327430,0.055434,0.029579,0.066607,0.311487,0.026610
0.013436,0.046572,0.099546,0.012477,0.035368,0.012552,0.299281,0.428595,0.037591,0.014583
0.003627,0.255417,0.095460,0.005564,0.180329,0.007177,0.007392,0.254741,0.142322,0.047972
0.081349,0.399422,0.006830,0.008160,0.007206,0.006760,0.007811,0.171978,0.231605,0.078879
0.008948,0.045822,0.011267,0.211725,0.015505,0.012427,0.015252,0.587782,0.078691,0.012580
0.060761,0.057452,0.177641,0.221352,0.027692,0.035990,0.014804,0.216664,0.167786,0.019857
0.164937,0.006591,0.023890,0.008841,0.311330,0.021358,0.020716,0.167299,0.267654,0.007384
0.007643,0.045222,0.161570,0.081937,0.377204,0.029624,0.026502,0.029141,0.014456,0.226701
0.018191,0.025224,0.404677,0.017884,0.052148,0.028593,0.193663,0.019822,0.217892,0.021906
0.031633,0.015706,0.098298,0.011586,0.017909,0.024933,0.081433,0.172427,0.428891,0.117182
0.022174,0.023310,0.060119,0.025798,0.057093,0.028645,0.041297,0.100756,0.604087,0.036721
0.021118,0.283158,0.099888,0.167396,0.166699,0.025963,0.046465,0.004229,0.176894,0.008190
0.017558,0.057632,0.124887,0.048289,0.038758,0.030650,0.172573,0.303910,0.188917,0.016826
0.008305,0.279083,0.024284,0.003616,0.211273,0.005922,0.036164,0.272023,0.155540,0.003790
0.006345,0.344482,0.007886,0.006592,0.283404,0.005866,0.048196,0.102124,0.103475,0.091630
0.005846,0.004715,0.174951,0.004737,0.275413,0.008513,0.078612,0.354016,0.010344,0.082853
0.011851,0.011067,0.090608,0.013882,0.502733,0.018005,0.027741,0.096467,0.018293,0.209353
0.010663,0.504739,0.028397,0.007105,0.016122,0.046007,0.085027,0.054396,0.019439,0.228103
0.012938,0.852112,0.014614,0.015179,0.016115,0.013897,0.026491,0.013035,0.019924,0.015694
0.021084,0.011967,0.035422,0.008710,0.491338,0.019937,0.190443,0.176472,0.023494,0.021134
0.066738,0.071154,0.073037,0.059173,0.024792,0.025820,0.008034,0.635871,0.026735,0.008648
0.007333,0.476117,0.040108,0.006682,0.031318,0.045115,0.022616,0.181073,0.022500,0.167138
0.007083,0.520702,0.012927,0.193830,0.011660,0.009418,0.010782,0.007886,0.216745,0.008968
0.007639,0.006957,0.155572,0.006626,0.025908,0.014002,0.118316,0.495318,0.163145,0.006517
0.009300,0.348145,0.017998,0.004496,0.248977,0.008706,0.017258,0.328999,0.010846,0.005275
0.028239,0.036065,0.090714,0.031836,0.060822,0.045666,0.039532,0.142290,0.491890,0.032946
0.009058,0.084350,0.200256,0.010852,0.036876,0.009184,0.034619,0.228389,0.377775,0.008641
0.007446,0.006740,0.008603,0.182401,0.285804,0.012336,0.040953,0.201637,0.246623,0.007457
0.047083,0.010921,0.168575,0.028472,0.397982,0.024335,0.089867,0.195258,0.015499,0.022008
0.077083,0.007344,0.229331,0.014601,0.026594,0.023912,0.124211,0.018931,0.331379,0.146614
0.027458,0.030353,0.047606,0.101229,0.052009,0.033003,0.041625,0.030648,0.600915,0.035154
0.147254,0.009721,0.102539,0.009071,0.018480,0.012169,0.015252,0.650794,0.019337,0.015381
0.011356,0.012323,0.016946,0.015988,0.020678,0.018499,0.108631,0.768743,0.015283,0.011552
0.024130,0.010534,0.073041,0.007753,0.423374,0.060982,0.033629,0.186407,0.012000,0.168149
0.119775,0.048061,0.428579,0.075450,0.060136,0.038380,0.067640,0.046273,0.052806,0.062900
0.070731,0.011544,0.186163,0.014037,0.022732,0.015802,0.023208,0.278466,0.231434,0.145883
0.009653,0.045612,0.016176,0.011470,0.010819,0.010454,0.016680,0.564253,0.225971,0.088912
0.038719,0.017666,0.126616,0.020947,0.022148,0.019032,0.075862,0.075094,0.393080,0.210836
0.086943,0.012816,0.486975,0.012126,0.031488,0.033925,0.037031,0.100822,0.019157,0.178717
0.007087,0.049015,0.105674,0.189737,0.346028,0.009658,0.061434,0.202930,0.010839,0.017599
0.016888,0.055959,0.146314,0.009870,0.018216,0.010823,0.015522,0.485116,0.234806,0.006485
0.008371,0.010685,0.010146,0.008203,0.013245,0.018041,0.067848,0.535884,0.315282,0.012295
0.011982,0.009765,0.018042,0.011721,0.553099,0.014985,0.008985,0.060237,0.301511,0.009674
0.010281,0.011558,0.321684,0.028085,0.026097,0.025522,0.148052,0.063646,0.341516,0.023557
0.015942,0.019769,0.117018,0.361036,0.017744,0.016879,0.025261,0.385197,0.020239,0.020916
0.020902,0.007778,0.391264,0.028688,0.039260,0.025133,0.098830,0.019248,0.341636,0.027262
0.219071,0.037883,0.144631,0.010765,0.049631,0.025750,0.031023,0.296373,0.012496,0.172375
0.203821,0.014262,0.030201,0.016993,0.022457,0.027250,0.112196,0.400250,0.023771,0.148798
0.031351,0.460018,0.007675,0.185410,0.007971,0.012060,0.013420,0.008423,0.266726,0.006944
0.045890,0.058787,0.057396,0.044982,0.102587,0.055674,0.253232,0.255150,0.081344,0.044960
0.008387,0.615731,0.135272,0.010748,0.018175,0.016294,0.014402,0.053025,0.011677,0.116288
0.064278,0.011771,0.162677,0.039420,0.048645,0.027780,0.035719,0.253144,0.346965,0.009600
0.258540,0.047530,0.037096,0.018676,0.058823,0.061703,0.008085,0.025296,0.450087,0.034164
0.005483,0.353008,0.006747,0.005378,0.217047,0.007196,0.012193,0.378361,0.008242,0.006346
0.024411,0.120020,0.058703,0.022000,0.029500,0.028227,0.020380,0.125946,0.537262,0.033551
0.082175,0.370929,0.005908,0.005188,0.257376,0.005884,0.004786,0.006493,0.202361,0.058899
0.008142,0.007221,0.282642,0.009493,0.017610,0.019527,0.006665,0.527086,0.018323,0.103291
0.006200,0.007686,0.041473,0.015107,0.266827,0.008700,0.005050,0.399935,0.172190,0.076832
0.018159,0.108036,0.189116,0.462445,0.029616,0.024726,0.036112,0.088673,0.025586,0.017530
0.009090,0.626570,0.010021,0.011275,0.010239,0.009915,0.063817,0.009729,0.238897,0.010447
0.035969,0.016377,0.080655,0.016322,0.033617,0.022817,0.143073,0.392379,0.036029,0.222761
0.014765,0.017060,0.257374,0.017880,0.033856,0.012393,0.112915,0.022251,0.499697,0.011809
0.009945,0.409928,0.036909,0.008988,0.010858,0.008593,0.039761,0.146576,0.268721,0.059721
0.006161,0.057297,0.176175,0.232259,0.019399,0.044319,0.101313,0.074135,0.169939,0.119004
0.016711,0.007564,0.297838,0.026386,0.288416,0.017876,0.023258,0.155968,0.145449,0.020535
0.030177,0.490460,0.008567,0.181908,0.008685,0.009872,0.009435,0.008587,0.182189,0.070121
0.146716,0.008773,0.027165,0.020284,0.475556,0.010629,0.007404,0.265551,0.021042,0.016880
0.029047,0.076863,0.409637,0.031347,0.053584,0.035848,0.256349,0.036664,0.038738,0.031923
0.010790,0.010270,0.074710,0.026913,0.035656,0.017384,0.023444,0.668225,0.110080,0.022527
0.152496,0.012758,0.025668,0.012273,0.025410,0.021872,0.075903,0.641559,0.016541,0.015521
0.009589,0.560505,0.204591,0.010747,0.014270,0.014687,0.050035,0.010198,0.013455,0.111924
0.004085,0.270584,0.123093,0.003974,0.221772,0.005678,0.006923,0.302028,0.006093,0.055770
0.012846,0.845765,0.017041,0.013387,0.020723,0.017301,0.017398,0.017055,0.021209,0.017276
0.006959,0.009532,0.261489,0.007980,0.024509,0.017880,0.052925,0.486278,0.010209,0.122239
0.011894,0.030240,0.030176,0.053043,0.022551,0.017223,0.020912,0.350646,0.329893,0.133422
0.007645,0.500681,0.042017,0.007636,0.014830,0.007804,0.065837,0.037833,0.306829,0.008888
0.021720,0.019536,0.429020,0.020109,0.098420,0.020246,0.195471,0.148435,0.027899,0.019142
0.010743,0.010065,0.015437,0.011283,0.525853,0.010071,0.020836,0.014712,0.360429,0.020570
0.011300,0.013336,0.014173,0.011794,0.027635,0.024668,0.014757,0.679127,0.186657,0.016552
0.015838,0.014191,0.562561,0.018609,0.064560,0.026555,0.056476,0.015523,0.187026,0.038662
0.081269,0.042149,0.198068,0.012442,0.541748,0.024814,0.026027,0.023409,0.018882,0.031191
0.009468,0.358923,0.031418,0.007987,0.023100,0.028185,0.004434,0.404308,0.017503,0.114676
0.054087,0.056770,0.177575,0.055165,0.171392,0.076855,0.078578,0.080759,0.136872,0.111946
0.004506,0.278815,0.109773,0.006900,0.169336,0.006716,0.006614,0.276759,0.134990,0.005591
0.070784,0.011289,0.227561,0.012612,0.023956,0.015299,0.022679,0.081603,0.343699,0.190518
0.090931,0.388129,0.008013,0.007178,0.008839,0.006645,0.013191,0.402005,0.008292,0.066777
0.015952,0.021357,0.118200,0.024071,0.650616,0.041431,0.036329,0.017367,0.041361,0.033316
0.044630,0.679509,0.012786,0.012289,0.012865,0.013903,0.065500,0.036839,0.014574,0.107106
0.011790,0.743104,0.013461,0.014406,0.014763,0.014234,0.025107,0.042871,0.014782,0.105482
0.150845,0.011823,0.314419,0.011768,0.019250,0.021187,0.022376,0.062647,0.269555,0.116130
0.018582,0.017906,0.044547,0.031948,0.031578,0.038151,0.145241,0.021639,0.625760,0.024648
0.006396,0.492805,0.022360,0.017299,0.023910,0.017926,0.033214,0.056541,0.313519,0.016029
0.056597,0.708064,0.016123,0.014893,0.018431,0.012697,0.099005,0.043614,0.016279,0.014295
