0.024605,0.114170,0.055710,0.024792,0.043772,0.051878,0.041589,0.029946,0.580941,0.032596
0.016422,0.012812,0.019776,0.013209,0.018203,0.019345,0.014555,0.563828,0.312344,0.009506
0.008045,0.080133,0.331782,0.009453,0.030125,0.052785,0.296166,0.008006,0.020740,0.162765
0.039945,0.537679,0.235908,0.033401,0.024207,0.008168,0.011646,0.010312,0.010936,0.087798
0.006883,0.423535,0.065652,0.007943,0.266824,0.008886,0.007584,0.008159,0.111185,0.093350
0.194197,0.031269,0.452003,0.008447,0.051094,0.066260,0.098596,0.022006,0.037438,0.038692
0.031401,0.067703,0.018546,0.011634,0.023705,0.014047,0.021166,0.774904,0.025198,0.011697
0.008524,0.546938,0.014895,0.022380,0.009134,0.010167,0.015120,0.008031,0.285720,0.079092
0.011607,0.016059,0.114415,0.077936,0.688335,0.012239,0.010720,0.013027,0.041793,0.013868
0.006380,0.044613,0.240046,0.037061,0.019722,0.011128,0.056293,0.489573,0.009565,0.085617
0.024352,0.023699,0.404825,0.027428,0.057918,0.023370,0.244434,0.138050,0.033949,0.021975
0.042310,0.036498,0.085308,0.042995,0.067499,0.063339,0.332503,0.220968,0.058540,0.050040
0.090991,0.004152,0.019018,0.005139,0.253345,0.011874,0.121033,0.303967,0.169247,0.021235
0.023393,0.010114,0.021982,0.009603,0.456428,0.011858,0.039737,0.010286,0.334288,0.082311
0.029516,0.013062,0.170150,0.323105,0.020757,0.012296,0.022947,0.371115,0.023404,0.013650
0.006621,0.525386,0.051037,0.006576,0.326326,0.009547,0.037592,0.009387,0.010356,0.017173
0.004866,0.323987,0.288545,0.004717,0.018041,0.026343,0.004020,0.190052,0.134400,0.005029
0.074890,0.035815,0.154989,0.006935,0.081010,0.051490,0.006282,0.103993,0.326937,0.157660
0.122919,0.367343,0.079802,0.007566,0.015614,0.033680,0.011428,0.007673,0.257297,0.096678
0.006644,0.006512,0.136291,0.007605,0.375702,0.014244,0.082550,0.012893,0.232237,0.125321
0.004643,0.004891,0.250827,0.040152,0.024719,0.029412,0.058946,0.354356,0.219147,0.012908
0.118276,0.053353,0.057941,0.038635,0.051146,0.054458,0.105629,0.141347,0.036742,0.342473
0.014209,0.071028,0.171586,0.057105,0.036684,0.019526,0.023902,0.067178,0.514636,0.024146
0.029159,0.015474,0.103575,0.011924,0.030417,0.012402,0.030810,0.273127,0.460644,0.032468
0.028737,0.365666,0.017493,0.005594,0.306901,0.011583,0.008664,0.133571,0.112444,0.009346
0.037017,0.587438,0.044061,0.205992,0.018139,0.008987,0.012781,0.007927,0.066515,0.011142
0.020390,0.006319,0.126029,0.011084,0.288781,0.019609,0.179122,0.064712,0.277761,0.006193
0.136835,0.055829,0.023803,0.017516,0.355166,0.036459,0.109980,0.151033,0.008566,0.104812
0.071416,0.012739,0.089465,0.013805,0.029459,0.019115,0.027674,0.260644,0.463882,0.011801
0.012712,0.028916,0.059918,0.021924,0.024308,0.011550,0.022474,0.231948,0.419783,0.166467
0.008142,0.010386,0.292686,0.228462,0.014987,0.014458,0.038469,0.010641,0.302133,0.079637
0.020442,0.008824,0.330060,0.049718,0.035192,0.011572,0.039654,0.018404,0.338112,0.148022
0.111891,0.027086,0.042702,0.021268,0.039386,0.033953,0.043170,0.439164,0.197403,0.043978
0.013781,0.012368,0.034866,0.016071,0.520010,0.021995,0.028201,0.083432,0.255805,0.013472
0.045935,0.263280,0.031822,0.004562,0.208264,0.006248,0.022392,0.229979,0.155572,0.031945
0.006233,0.427449,0.008583,0.140754,0.007455,0.007570,0.017725,0.369593,0.008457,0.006180
0.010137,0.677244,0.054704,0.014914,0.045039,0.068665,0.086289,0.015039,0.017257,0.010712
0.044086,0.121945,0.070928,0.037263,0.050880,0.023223,0.164501,0.028311,0.416200,0.042663
0.023786,0.004616,0.254055,0.004804,0.259734,0.037391,0.010617,0.178550,0.212356,0.014091
0.120003,0.009431,0.027743,0.212301,0.019938,0.011608,0.016211,0.553383,0.012640,0.016742
0.017540,0.017076,0.046329,0.017045,0.645205,0.020764,0.033223,0.026358,0.159385,0.017074
0.014259,0.480460,0.043822,0.244679,0.038794,0.035061,0.037099,0.010702,0.088033,0.007091
0.028778,0.007843,0.304201,0.049084,0.035872,0.016189,0.105982,0.168005,0.255749,0.028298
0.012485,0.502999,0.197497,0.008601,0.021210,0.008017,0.015306,0.007098,0.217574,0.009214
0.017823,0.008748,0.041375,0.039084,0.018923,0.010649,0.017139,0.519410,0.208292,0.118558
0.005250,0.397297,0.034315,0.006837,0.026123,0.037166,0.065987,0.413323,0.008058,0.005643
0.049365,0.009804,0.292856,0.045804,0.019741,0.013923,0.069115,0.180741,0.293429,0.025223
0.022167,0.046288,0.061592,0.034563,0.053901,0.025107,0.153329,0.027623,0.376781,0.198648
0.012965,0.065735,0.017931,0.014867,0.025807,0.023884,0.023861,0.782278,0.018030,0.014641
0.114242,0.515427,0.042491,0.197003,0.023764,0.008100,0.036226,0.040976,0.010450,0.011321
0.016147,0.100261,0.109338,0.018273,0.055144,0.023222,0.133378,0.353053,0.020451,0.170732
0.007026,0.006839,0.143679,0.006937,0.389319,0.017085,0.153905,0.179616,0.089186,0.006410
0.012368,0.012735,0.034870,0.012160,0.023575,0.017013,0.032069,0.808418,0.017302,0.029490
0.009861,0.589834,0.091487,0.009412,0.013794,0.011169,0.078477,0.011579,0.171889,0.012499
0.003857,0.296738,0.112498,0.112078,0.160187,0.004383,0.006230,0.294216,0.005584,0.004229
0.009359,0.315448,0.043504,0.004210,0.253338,0.024006,0.003453,0.325932,0.016502,0.004249
0.090661,0.416455,0.151335,0.004980,0.297697,0.005802,0.009197,0.006771,0.011328,0.005773
0.021268,0.007449,0.225751,0.024183,0.042263,0.045823,0.130232,0.179383,0.315826,0.007821
0.005978,0.449709,0.034489,0.005589,0.295443,0.005538,0.009462,0.007199,0.178607,0.007986
0.005342,0.427975,0.037295,0.005066,0.226693,0.010167,0.010404,0.143524,0.128193,0.005341
0.064226,0.011454,0.025246,0.013131,0.612019,0.023201,0.092863,0.018611,0.015008,0.124240
0.013387,0.014080,0.044579,0.013401,0.038816,0.017624,0.128832,0.202894,0.511251,0.015134
0.007797,0.529897,0.010207,0.171411,0.008570,0.010752,0.008211,0.009112,0.190753,0.053290
0.015658,0.036305,0.204275,0.068082,0.030350,0.020319,0.012467,0.213437,0.385732,0.013376
0.008715,0.017727,0.014145,0.008312,0.012653,0.010610,0.054056,0.492663,0.292653,0.088466
0.027123,0.008720,0.131313,0.208728,0.317221,0.018542,0.089513,0.149887,0.023292,0.025661
0.017848,0.019326,0.426184,0.021026,0.052337,0.116212,0.042232,0.052694,0.238693,0.013448
0.006619,0.407056,0.038757,0.008572,0.009700,0.007603,0.014774,0.447314,0.009116,0.050490
0.005624,0.296610,0.010625,0.005028,0.202029,0.022358,0.050604,0.383884,0.011841,0.011397
0.013225,0.019271,0.097179,0.020797,0.083974,0.109483,0.202141,0.339219,0.061861,0.052851
0.021166,0.070572,0.141548,0.009301,0.341243,0.061503,0.097011,0.099720,0.121092,0.036845
0.008413,0.011904,0.481725,0.010461,0.063846,0.027089,0.021099,0.026558,0.339499,0.009406
0.017244,0.827138,0.013362,0.014052,0.015742,0.012328,0.022440,0.051134,0.014024,0.012537
0.021415,0.020425,0.303770,0.024306,0.037189,0.030538,0.036545,0.463293,0.041604,0.020915
0.012168,0.014637,0.030775,0.053634,0.451825,0.025109,0.114987,0.246770,0.022695,0.027400
0.008913,0.053454,0.148854,0.011609,0.481954,0.009145,0.092877,0.011456,0.173102,0.008634
0.011203,0.012781,0.243586,0.013923,0.047780,0.011900,0.026002,0.415060,0.034368,0.183398
0.039755,0.352349,0.030121,0.006567,0.223443,0.012714,0.044575,0.209332,0.075191,0.005953
0.130609,0.005423,0.054503,0.018528,0.327277,0.035169,0.070829,0.011726,0.231264,0.114671
0.008709,0.007872,0.047549,0.008344,0.017910,0.011789,0.033414,0.559816,0.220885,0.083711
0.024254,0.034215,0.077873,0.008322,0.438492,0.065794,0.028648,0.007990,0.306996,0.007416
0.210169,0.012743,0.068875,0.009158,0.068896,0.072646,0.114314,0.017621,0.390841,0.034739
0.004719,0.033727,0.211195,0.005056,0.220255,0.028858,0.052016,0.332411,0.014909,0.096855
0.017836,0.298995,0.008987,0.013350,0.184668,0.007758,0.008955,0.289479,0.165078,0.004895
0.015976,0.015418,0.046115,0.025592,0.026806,0.017403,0.027713,0.415302,0.376526,0.033148
0.006214,0.006570,0.047301,0.009623,0.286013,0.039084,0.063734,0.155371,0.258064,0.128026
0.004452,0.022370,0.281351,0.006395,0.235737,0.033098,0.018272,0.150071,0.225852,0.022403
0.168298,0.007478,0.389162,0.009026,0.047322,0.021184,0.136376,0.007066,0.207115,0.006973
0.046901,0.039989,0.110867,0.041633,0.078732,0.051792,0.060831,0.052306,0.077948,0.439000
0.081296,0.012245,0.088731,0.010684,0.093517,0.074125,0.006999,0.111281,0.345274,0.175849
0.012565,0.016015,0.039105,0.014865,0.661057,0.019987,0.157655,0.013191,0.031050,0.034510
0.008301,0.011256,0.011013,0.194599,0.020034,0.014033,0.013569,0.507790,0.205970,0.013435
0.008679,0.010037,0.115044,0.007589,0.412960,0.010892,0.082923,0.145752,0.089956,0.116168
0.027712,0.033850,0.285316,0.025726,0.050724,0.030059,0.047366,0.027002,0.414143,0.058102
0.008503,0.551492,0.014358,0.010019,0.012323,0.015952,0.016325,0.009457,0.349130,0.012441
0.024694,0.013310,0.117666,0.009891,0.349177,0.011110,0.016438,0.012462,0.355060,0.090191
0.007145,0.006570,0.147400,0.006685,0.305672,0.019545,0.017158,0.143841,0.238926,0.107057
0.006356,0.451111,0.090835,0.006102,0.240718,0.008894,0.058703,0.006573,0.122247,0.008464
0.021104,0.016089,0.301152,0.016583,0.051893,0.129597,0.037854,0.016044,0.070991,0.338692
0.008246,0.008236,0.019440,0.008843,0.416469,0.013221,0.110089,0.010420,0.297250,0.107786
0.015851,0.015368,0.037494,0.058694,0.024142,0.022448,0.026180,0.269927,0.515584,0.014312
0.026556,0.020321,0.092745,0.021894,0.124807,0.062130,0.506146,0.074057,0.051251,0.020094
0.028535,0.009136,0.155986,0.240985,0.486786,0.012528,0.019361,0.009031,0.012938,0.024712
0.004496,0.023425,0.196753,0.009583,0.300163,0.044783,0.019226,0.151977,0.221382,0.028211
0.009688,0.012397,0.019788,0.009569,0.500246,0.014418,0.064777,0.201341,0.020799,0.146976
0.006953,0.038395,0.023324,0.007966,0.313086,0.009068,0.051389,0.472081,0.009493,0.068245
0.009951,0.009765,0.092880,0.028063,0.426615,0.024144,0.172173,0.027665,0.012852,0.195891
0.049119,0.015738,0.093813,0.017620,0.031677,0.015547,0.029248,0.027116,0.557993,0.162129
0.005521,0.379316,0.172970,0.009709,0.273777,0.005622,0.011877,0.120130,0.008555,0.012522
0.042068,0.064398,0.129355,0.007090,0.389522,0.056408,0.005380,0.006833,0.269712,0.029235
0.029419,0.026673,0.438368,0.030823,0.060101,0.044834,0.059799,0.027757,0.257488,0.024739
0.008574,0.009231,0.154826,0.008469,0.419424,0.017335,0.071168,0.150957,0.018747,0.141270
0.012796,0.014228,0.032005,0.020598,0.021240,0.018260,0.103894,0.751706,0.014058,0.011216
0.057449,0.338054,0.006090,0.005234,0.006162,0.006727,0.006355,0.308079,0.204845,0.061006
0.037198,0.029991,0.289568,0.036381,0.229611,0.204337,0.024514,0.071794,0.043012,0.033594
0.029791,0.062663,0.151592,0.050211,0.022540,0.017597,0.024573,0.178049,0.320452,0.142532
0.007588,0.072743,0.231830,0.011937,0.026080,0.047438,0.095763,0.284486,0.214962,0.007175
0.013621,0.017015,0.020822,0.017448,0.596828,0.018664,0.028351,0.020894,0.244139,0.022219
0.004355,0.315749,0.033627,0.005439,0.250421,0.023980,0.010965,0.335069,0.015492,0.004904
0.022892,0.009802,0.016174,0.014502,0.397277,0.007879,0.051140,0.165803,0.295277,0.019254
0.007940,0.008105,0.308422,0.008758,0.058053,0.025376,0.197845,0.301999,0.046501,0.037002
0.020639,0.019752,0.098979,0.021358,0.111304,0.166744,0.440429,0.069353,0.029581,0.021861
0.021205,0.030714,0.041578,0.025698,0.043498,0.051392,0.212236,0.113368,0.410725,0.049585
0.009465,0.008248,0.297277,0.008256,0.458189,0.023963,0.021391,0.061810,0.102503,0.008898
0.019003,0.025108,0.045980,0.019094,0.029175,0.023218,0.022799,0.341166,0.448171,0.026286
0.036255,0.015395,0.029115,0.146751,0.189525,0.032143,0.009376,0.356307,0.114910,0.070223
0.103996,0.007503,0.121609,0.188185,0.326324,0.010379,0.013321,0.008806,0.201473,0.018401
0.021130,0.025833,0.054244,0.030686,0.028074,0.019798,0.033079,0.107072,0.661463,0.018621
0.028954,0.014777,0.040248,0.031528,0.093220,0.031969,0.098569,0.020195,0.440192,0.200347
0.036644,0.031461,0.157546,0.014497,0.036096,0.021292,0.025299,0.403707,0.247217,0.026238
0.008208,0.518121,0.052862,0.009599,0.009716,0.007795,0.009441,0.088583,0.286233,0.009442
0.007152,0.417280,0.070087,0.006246,0.011257,0.006952,0.012948,0.139931,0.258174,0.069971
0.015875,0.020821,0.079619,0.028228,0.105106,0.048815,0.012397,0.424471,0.248070,0.016597
0.004180,0.006386,0.263538,0.005887,0.257703,0.030464,0.042081,0.175507,0.124002,0.090252
0.011788,0.021489,0.027670,0.012491,0.015850,0.011238,0.087241,0.706843,0.086120,0.019269
0.046881,0.025767,0.224618,0.028341,0.046473,0.055257,0.043262,0.288718,0.029649,0.211034
0.011885,0.102804,0.487482,0.035005,0.057246,0.021516,0.127066,0.102580,0.023788,0.030627
0.489256,0.037052,0.086778,0.044804,0.095549,0.039836,0.059818,0.046202,0.061821,0.038886
0.011514,0.692054,0.020438,0.010895,0.017628,0.012272,0.019892,0.011722,0.189168,0.014417
0.009506,0.013395,0.025787,0.009764,0.479213,0.012983,0.018072,0.059053,0.353004,0.019224
0.143375,0.575688,0.134900,0.009571,0.019298,0.013528,0.074720,0.010060,0.010862,0.007997
0.009634,0.608968,0.074167,0.008834,0.017757,0.009860,0.010164,0.009447,0.241981,0.009189
0.029320,0.500993,0.068597,0.014536,0.038257,0.017102,0.085251,0.215660,0.010347,0.019936
0.014089,0.548093,0.038173,0.006863,0.019412,0.013671,0.015610,0.042568,0.227147,0.074375
0.017725,0.015695,0.039800,0.015946,0.027135,0.019993,0.145700,0.077456,0.606628,0.033920
0.128380,0.404011,0.039088,0.006416,0.028201,0.030152,0.101260,0.008477,0.243988,0.010028
0.023411,0.009240,0.196313,0.024159,0.541901,0.013963,0.127006,0.021785,0.033093,0.009130
0.004254,0.274497,0.067169,0.004450,0.206129,0.004131,0.003193,0.260570,0.128815,0.046792
0.231126,0.013293,0.087252,0.010018,0.522854,0.027693,0.031800,0.020439,0.046596,0.008928
0.044311,0.008567,0.038803,0.011391,0.081630,0.056745,0.007099,0.250947,0.359059,0.141446
0.119942,0.006060,0.226205,0.006203,0.360798,0.016190,0.018991,0.226984,0.012700,0.005927
0.005942,0.009372,0.028761,0.007670,0.383106,0.041806,0.118137,0.086122,0.183828,0.135256
0.005822,0.326159,0.042662,0.175457,0.243670,0.011044,0.010150,0.055151,0.006716,0.123169
0.003557,0.013996,0.083733,0.123091,0.230732,0.005720,0.107822,0.279319,0.142646,0.009385
0.021827,0.024484,0.031978,0.024611,0.050269,0.026318,0.239289,0.325894,0.043166,0.212164
0.022295,0.063388,0.079257,0.009199,0.392840,0.011993,0.024559,0.064161,0.182958,0.149350
0.053998,0.742872,0.060623,0.012900,0.028508,0.011022,0.049827,0.012941,0.013512,0.013797
0.014150,0.445217,0.164931,0.005489,0.020469,0.006845,0.013001,0.116328,0.207804,0.005766
0.007417,0.591561,0.043295,0.011253,0.028458,0.054054,0.016532,0.010960,0.223144,0.013326
0.006452,0.392512,0.010452,0.006330,0.007661,0.007477,0.011093,0.390027,0.161519,0.006478
0.017825,0.130076,0.122034,0.020622,0.094913,0.109930,0.265582,0.140561,0.061080,0.037378
0.004767,0.316175,0.133284,0.005310,0.260160,0.005222,0.007760,0.027081,0.182474,0.057768
0.026657,0.477195,0.007757,0.008270,0.008698,0.011359,0.052026,0.201300,0.197832,0.008906
0.007473,0.008065,0.013947,0.217146,0.341708,0.010001,0.086488,0.007963,0.299829,0.007381
0.010156,0.011335,0.148080,0.008409,0.078227,0.064614,0.231675,0.225546,0.018989,0.202969
0.010541,0.011334,0.565615,0.092868,0.065678,0.030063,0.133702,0.028895,0.050913,0.010390
0.007413,0.527542,0.009275,0.008048,0.383884,0.007416,0.026080,0.009125,0.010545,0.010673
0.006502,0.006667,0.145727,0.052480,0.310359,0.006439,0.156268,0.059745,0.249584,0.006229
0.027283,0.575039,0.009960,0.009104,0.010800,0.009688,0.019749,0.025165,0.302689,0.010523
0.305986,0.031264,0.031844,0.027173,0.039446,0.023469,0.163412,0.141151,0.202895,0.033360
0.006678,0.008641,0.242103,0.007407,0.023859,0.012636,0.108611,0.439457,0.144599,0.006008
0.135401,0.051061,0.152208,0.086196,0.110463,0.056808,0.229870,0.068735,0.061564,0.047694
0.008038,0.008733,0.193724,0.010402,0.494582,0.017700,0.007386,0.071567,0.017755,0.170112
0.013459,0.011933,0.034118,0.299828,0.024537,0.014471,0.106604,0.015248,0.465727,0.014074
0.008863,0.719527,0.063963,0.011153,0.052572,0.067800,0.007974,0.015949,0.032961,0.019238
0.007060,0.011178,0.146848,0.069889,0.081271,0.022952,0.163397,0.297500,0.038232,0.161673
0.035814,0.029472,0.394267,0.010076,0.024800,0.010428,0.088675,0.081264,0.209649,0.115556
0.042833,0.008820,0.075839,0.006363,0.279998,0.009023,0.043679,0.453364,0.073876,0.006206
0.005540,0.005896,0.084680,0.006444,0.234180,0.007522,0.042197,0.394306,0.213805,0.005429
0.031382,0.016558,0.444406,0.014545,0.041264,0.017254,0.226565,0.030948,0.021631,0.155446
0.004249,0.006631,0.021720,0.005775,0.223323,0.030256,0.047016,0.361739,0.203253,0.096037
0.005026,0.393977,0.139386,0.005525,0.197292,0.007764,0.025341,0.035429,0.181725,0.008535
0.015132,0.110433,0.311702,0.013332,0.058848,0.041611,0.011959,0.107956,0.316021,0.013007
0.009929,0.009660,0.036281,0.008948,0.486337,0.023354,0.019420,0.053253,0.344006,0.008812
0.020917,0.025968,0.023508,0.022410,0.025810,0.023342,0.121147,0.101559,0.470820,0.164519
0.056950,0.060368,0.016434,0.009869,0.022562,0.025613,0.065391,0.716680,0.014618,0.011515
0.087862,0.408234,0.080841,0.007112,0.355142,0.011398,0.008336,0.026138,0.008412,0.006524
0.040141,0.019864,0.043612,0.014271,0.599019,0.014693,0.025930,0.085973,0.127997,0.028499
0.021470,0.028160,0.079952,0.054322,0.477323,0.024276,0.083622,0.013480,0.101789,0.115606
0.087918,0.106013,0.152159,0.053190,0.091247,0.067545,0.083493,0.229851,0.059133,0.069450
0.020585,0.434835,0.290186,0.009411,0.025235,0.014727,0.123906,0.053268,0.020242,0.007606
0.038262,0.015131,0.083762,0.060502,0.026879,0.024140,0.157981,0.360447,0.220384,0.012512
0.021579,0.079336,0.035881,0.067300,0.027796,0.052126,0.081727,0.247637,0.378727,0.007891
0.007288,0.302345,0.113440,0.018978,0.218762,0.004316,0.020262,0.302479,0.005156,0.006974
0.006531,0.488160,0.092236,0.007484,0.343127,0.011733,0.005672,0.027148,0.010855,0.007054
0.161464,0.062217,0.021631,0.012212,0.023127,0.014401,0.021044,0.341631,0.329987,0.012285
0.048794,0.442120,0.028010,0.009050,0.016936,0.035678,0.010706,0.259494,0.010706,0.138507
0.008297,0.007608,0.010101,0.190880,0.373766,0.009665,0.012749,0.042070,0.277128,0.067737
0.154758,0.006748,0.053330,0.008253,0.311842,0.055425,0.022202,0.066282,0.187223,0.133937
0.058212,0.289184,0.023330,0.003771,0.210285,0.008500,0.003479,0.280854,0.118016,0.004368
0.021429,0.067494,0.171208,0.009982,0.483157,0.019494,0.023223,0.064264,0.028031,0.111718
0.010179,0.113397,0.116380,0.102813,0.067638,0.073404,0.030004,0.011163,0.181204,0.293817
0.005006,0.005884,0.303086,0.005810,0.035132,0.046573,0.017553,0.433041,0.026729,0.121185
0.006464,0.449153,0.012473,0.171268,0.010057,0.011552,0.059300,0.148322,0.124866,0.006544
0.015141,0.015548,0.105771,0.017610,0.034070,0.026385,0.039848,0.315698,0.401664,0.028264
0.011402,0.011183,0.098089,0.011078,0.591410,0.023946,0.097602,0.023991,0.120821,0.010477
0.030345,0.492077,0.172459,0.006213,0.010674,0.007120,0.013996,0.007863,0.194673,0.064580
0.007195,0.394686,0.012118,0.152164,0.007618,0.006581,0.005899,0.173684,0.233482,0.006573
0.006061,0.006185,0.011706,0.154272,0.290069,0.007851,0.009399,0.433123,0.013365,0.067968
0.008108,0.011081,0.130973,0.008161,0.415481,0.018354,0.047272,0.010225,0.226964,0.123381
0.008434,0.009476,0.297636,0.016459,0.034813,0.061189,0.270772,0.098381,0.152720,0.050119
0.018795,0.008869,0.032168,0.254971,0.364084,0.041024,0.064309,0.020340,0.175111,0.020328
0.012935,0.624624,0.014782,0.012009,0.011819,0.015103,0.025866,0.193543,0.012951,0.076369
0.008976,0.670560,0.103955,0.008233,0.051822,0.023094,0.065680,0.016109,0.016555,0.035016
0.021017,0.054502,0.123408,0.025050,0.046628,0.030352,0.164260,0.115328,0.199732,0.219722
0.035805,0.011740,0.187852,0.022569,0.038870,0.016780,0.236184,0.067954,0.354081,0.028165
0.018930,0.019204,0.377994,0.026113,0.043998,0.028344,0.031656,0.025778,0.408577,0.019407
0.011037,0.013293,0.024736,0.012281,0.014361,0.012524,0.041550,0.631643,0.223815,0.014759
0.008845,0.042439,0.102541,0.033999,0.366632,0.009760,0.057589,0.227368,0.070579,0.080248
0.008163,0.011366,0.177550,0.011118,0.453468,0.021813,0.018512,0.277919,0.010710,0.009382
0.158466,0.009322,0.389682,0.020913,0.041664,0.055969,0.005473,0.018195,0.280657,0.019660
0.010924,0.029593,0.077921,0.023471,0.561970,0.010919,0.059803,0.011543,0.201661,0.012195
0.056451,0.501763,0.029724,0.008670,0.032905,0.040585,0.014884,0.294084,0.012285,0.008649
0.015443,0.018972,0.066016,0.013774,0.038238,0.019370,0.028536,0.091674,0.510990,0.196988
0.094516,0.014005,0.274718,0.088117,0.061719,0.081935,0.030893,0.098084,0.049487,0.206527
0.109575,0.050099,0.134976,0.007174,0.277768,0.012141,0.015369,0.134112,0.251885,0.006902
0.004668,0.319338,0.075894,0.005923,0.267547,0.007440,0.035934,0.081088,0.197093,0.005076
0.043349,0.046332,0.027061,0.213064,0.016318,0.011077,0.080626,0.541671,0.010648,0.009855
0.004939,0.317315,0.011516,0.136716,0.187421,0.006408,0.019824,0.113916,0.193759,0.008186
0.035413,0.010783,0.033803,0.008920,0.046687,0.061134,0.022399,0.296653,0.354171,0.130037
0.020283,0.012117,0.015582,0.011113,0.491616,0.011885,0.019367,0.143935,0.257518,0.016584
0.014001,0.012947,0.035847,0.013011,0.666118,0.030252,0.025715,0.065992,0.121346,0.014770
0.010790,0.011399,0.099029,0.039067,0.015927,0.022548,0.009717,0.281155,0.375157,0.135212
0.015850,0.020663,0.197062,0.424313,0.026496,0.024395,0.028804,0.217104,0.026709,0.018604
0.024226,0.416946,0.070589,0.006302,0.254177,0.007457,0.038582,0.130283,0.044077,0.007362
0.005628,0.428946,0.156314,0.005982,0.220797,0.009773,0.031280,0.005591,0.124485,0.011204
0.013734,0.028088,0.125647,0.016405,0.026812,0.014757,0.022104,0.269518,0.363412,0.119524
0.006763,0.006875,0.102910,0.008518,0.373261,0.016510,0.053554,0.151940,0.269035,0.010634
0.040325,0.018799,0.020623,0.013475,0.016195,0.019186,0.015382,0.531108,0.316301,0.008607
0.012917,0.758058,0.018314,0.015736,0.018233,0.014927,0.011765,0.044385,0.015688,0.089977
0.005162,0.005193,0.093433,0.191430,0.027965,0.039313,0.045542,0.479079,0.020262,0.092621
0.004613,0.304423,0.025743,0.005513,0.239573,0.008721,0.045806,0.158758,0.158371,0.048480
0.006484,0.481618,0.046065,0.005947,0.375921,0.016130,0.040044,0.010922,0.010036,0.006832
0.244201,0.018456,0.266857,0.084333,0.041051,0.016986,0.085248,0.026671,0.042913,0.173284
0.009429,0.024563,0.199533,0.010896,0.022044,0.018982,0.018594,0.286473,0.263215,0.146269
0.025678,0.414158,0.007963,0.006208,0.223053,0.005609,0.040371,0.092632,0.176876,0.007452
0.009281,0.037936,0.010554,0.009850,0.015345,0.017031,0.013463,0.555621,0.316457,0.014462
0.012548,0.009579,0.097810,0.011561,0.083565,0.062644,0.032715,0.100151,0.414555,0.174873
0.034756,0.311516,0.029185,0.032036,0.189528,0.010416,0.009479,0.167324,0.200592,0.015169
0.010496,0.008646,0.070632,0.011555,0.072083,0.053637,0.290004,0.243034,0.230797,0.009116
0.004507,0.005090,0.279913,0.042509,0.031598,0.031803,0.134475,0.151168,0.215634,0.103301
0.010351,0.014700,0.291641,0.017804,0.059551,0.068999,0.038073,0.038856,0.448439,0.011588
0.008091,0.008768,0.190666,0.008762,0.021560,0.013317,0.019698,0.624435,0.088209,0.016494
0.008014,0.592725,0.011323,0.009733,0.012822,0.010451,0.057187,0.008861,0.208293,0.080590
0.007863,0.606067,0.213270,0.009146,0.012946,0.010239,0.031844,0.010644,0.015088,0.082892
0.036778,0.043549,0.099342,0.033942,0.053924,0.075125,0.102590,0.201908,0.302566,0.050278
0.006184,0.406921,0.151762,0.008935,0.028781,0.041770,0.013413,0.009270,0.166211,0.166752
0.050707,0.270125,0.008956,0.094428,0.167814,0.003661,0.014206,0.235310,0.151120,0.003674
0.060888,0.056313,0.205807,0.052159,0.118952,0.135923,0.107213,0.069431,0.068174,0.125141
0.024023,0.011889,0.086298,0.010210,0.396409,0.008747,0.022425,0.068195,0.342619,0.029186
0.006412,0.462636,0.013074,0.007353,0.009472,0.009263,0.043294,0.199308,0.240993,0.008195
0.008393,0.539131,0.046706,0.188627,0.010898,0.008375,0.017765,0.027546,0.054187,0.098374
0.080041,0.006028,0.019493,0.005582,0.269430,0.007762,0.010891,0.364714,0.222060,0.013998
0.010653,0.012667,0.026649,0.011061,0.502630,0.013112,0.027768,0.014024,0.370178,0.011258
0.124890,0.010229,0.019585,0.042742,0.369489,0.016981,0.067850,0.181540,0.159037,0.007659
0.011544,0.467764,0.009425,0.007456,0.260963,0.008213,0.009993,0.009028,0.206143,0.009472
0.081173,0.496852,0.011522,0.162785,0.012772,0.008741,0.018614,0.189797,0.009811,0.007934
0.006338,0.435296,0.008536,0.007386,0.249246,0.008536,0.048941,0.008457,0.220414,0.006850
0.036334,0.012996,0.034656,0.014515,0.560568,0.015722,0.019135,0.083631,0.025407,0.197037
0.046137,0.048764,0.016924,0.011466,0.016285,0.012407,0.014755,0.640085,0.082929,0.110249
0.160457,0.009716,0.059861,0.007101,0.059306,0.020721,0.005645,0.610718,0.036007,0.030468
0.020169,0.011020,0.174916,0.011143,0.025818,0.018654,0.141029,0.210031,0.284161,0.103058
0.010778,0.025101,0.033773,0.011046,0.394872,0.013419,0.020109,0.052519,0.286546,0.151837
0.138039,0.397928,0.019390,0.008500,0.026555,0.037285,0.071198,0.008268,0.170851,0.121986
0.009410,0.010484,0.083541,0.033743,0.013258,0.008825,0.015013,0.514105,0.299583,0.012037
0.007044,0.006791,0.250826,0.008021,0.306404,0.020420,0.018357,0.141354,0.234463,0.006322
0.007792,0.054357,0.081498,0.007660,0.376459,0.012679,0.050085,0.145152,0.242261,0.022055
0.027277,0.010478,0.161919,0.010519,0.375327,0.019973,0.049392,0.064773,0.271514,0.008827
0.004324,0.352395,0.270580,0.004257,0.022520,0.026347,0.009300,0.004670,0.218966,0.086642
0.006470,0.516478,0.010256,0.009028,0.403691,0.008812,0.015776,0.008722,0.011234,0.009535
0.028825,0.097609,0.275726,0.042099,0.112891,0.030731,0.208670,0.072400,0.040088,0.090961
0.278551,0.107511,0.030033,0.084590,0.044412,0.027989,0.145534,0.024954,0.038883,0.217542
0.005799,0.005617,0.213778,0.006259,0.297973,0.005475,0.013000,0.382818,0.007072,0.062209
0.026121,0.011389,0.013631,0.010057,0.461525,0.008813,0.072090,0.046079,0.259260,0.091035
0.004786,0.366982,0.029455,0.006467,0.264115,0.004660,0.039548,0.026261,0.199658,0.058068
0.006591,0.475343,0.040222,0.007970,0.399263,0.008141,0.034430,0.010125,0.010830,0.007085
0.009015,0.008710,0.093127,0.224630,0.360043,0.015327,0.036436,0.168319,0.074437,0.009955
0.010277,0.461035,0.007466,0.007864,0.010248,0.008041,0.012585,0.426523,0.048260,0.007702
0.010093,0.637343,0.014726,0.011790,0.015380,0.010826,0.059789,0.030166,0.141986,0.067900
0.005885,0.017330,0.010900,0.032932,0.347020,0.010571,0.013451,0.451814,0.009138,0.100959
0.010514,0.355617,0.091649,0.006569,0.010512,0.006257,0.054311,0.178820,0.227644,0.058106
0.009898,0.012180,0.013556,0.226639,0.018814,0.013501,0.043464,0.628928,0.012619,0.020400
0.019335,0.015412,0.077333,0.018495,0.092332,0.046249,0.289785,0.403957,0.022443,0.014660
0.012796,0.036132,0.255367,0.361722,0.040155,0.011953,0.010406,0.080552,0.033047,0.157869
0.009761,0.558693,0.010736,0.010188,0.013327,0.009560,0.019323,0.010770,0.348873,0.008769
0.004179,0.005755,0.119377,0.036386,0.240123,0.026115,0.115275,0.351443,0.019925,0.081421
0.004318,0.020403,0.165837,0.007587,0.027505,0.041022,0.093995,0.437630,0.074823,0.126880
0.091511,0.009565,0.021626,0.007147,0.303166,0.013286,0.012741,0.464569,0.061138,0.015251
0.009122,0.008235,0.013036,0.227776,0.439169,0.011216,0.016133,0.249395,0.012189,0.013728
0.323530,0.050947,0.073132,0.020038,0.052255,0.024780,0.034344,0.026455,0.045211,0.349308
0.004412,0.049300,0.155178,0.043083,0.026144,0.031320,0.095511,0.370605,0.209681,0.014765
0.010332,0.469287,0.152479,0.042392,0.020095,0.042781,0.115650,0.009942,0.018723,0.118320
0.078571,0.008540,0.164406,0.008591,0.052976,0.054415,0.290237,0.030691,0.138586,0.172986
0.044944,0.008708,0.178835,0.012767,0.420914,0.008098,0.200083,0.078024,0.038217,0.009409
0.102180,0.440645,0.026484,0.007755,0.241472,0.006508,0.009716,0.151322,0.008060,0.005858
0.029312,0.025383,0.522620,0.030341,0.102985,0.041923,0.061114,0.069144,0.093959,0.023220
0.003621,0.255416,0.022184,0.003506,0.156503,0.024348,0.043423,0.317143,0.170170,0.003686
0.006589,0.443456,0.161158,0.006880,0.012478,0.006413,0.029519,0.113662,0.214116,0.005729
0.011242,0.681645,0.173811,0.011813,0.015327,0.013224,0.021801,0.044429,0.014155,0.012554
0.040737,0.011716,0.238207,0.113552,0.080998,0.038192,0.040481,0.012462,0.210622,0.213036
0.019814,0.062745,0.291037,0.018942,0.102613,0.126519,0.275296,0.049829,0.036387,0.016819
0.142689,0.032843,0.078587,0.029530,0.055988,0.026357,0.111858,0.411808,0.053602,0.056739
0.011236,0.721671,0.022758,0.009530,0.017989,0.009768,0.022348,0.012447,0.014434,0.157820
0.015963,0.009500,0.022139,0.012473,0.015550,0.011218,0.014344,0.585495,0.218805,0.094513
0.012343,0.011627,0.035358,0.014700,0.422172,0.018814,0.010106,0.168167,0.293923,0.012790
0.017536,0.021201,0.235296,0.418750,0.029487,0.030587,0.047619,0.022521,0.019476,0.157527
0.029385,0.028293,0.206126,0.033727,0.043932,0.044194,0.042632,0.131591,0.220103,0.220017
0.021076,0.026666,0.057413,0.021835,0.725555,0.032136,0.042952,0.022596,0.026349,0.023421
0.012911,0.092819,0.119953,0.016318,0.042533,0.018993,0.012057,0.014640,0.517438,0.152339
0.025155,0.010823,0.226609,0.351001,0.048714,0.028726,0.057215,0.079060,0.031743,0.140953
0.014684,0.013943,0.043819,0.013263,0.029129,0.017827,0.096102,0.266219,0.491908,0.013105
0.009626,0.606667,0.221563,0.007401,0.027987,0.013856,0.017772,0.054526,0.020419,0.020184
0.009868,0.711931,0.010278,0.009644,0.011116,0.009656,0.028292,0.186638,0.012024,0.010553
0.014362,0.013943,0.517363,0.013976,0.043053,0.033270,0.034418,0.267224,0.047010,0.015380
0.029103,0.022370,0.471711,0.023786,0.089446,0.070876,0.079468,0.023335,0.061346,0.128559
0.006259,0.009992,0.235717,0.007492,0.318637,0.023469,0.023540,0.171614,0.196569,0.006711
0.090996,0.004176,0.236353,0.004027,0.026168,0.032902,0.039139,0.362280,0.188253,0.015705
0.017660,0.025029,0.113868,0.006219,0.266416,0.050036,0.078038,0.174810,0.248023,0.019900
0.020097,0.025563,0.161644,0.030789,0.035290,0.021194,0.019032,0.496172,0.162785,0.027435
0.042393,0.019571,0.143646,0.009490,0.405678,0.009189,0.015836,0.126457,0.148604,0.079137
0.011836,0.627353,0.010546,0.019360,0.010973,0.010300,0.010867,0.011282,0.223881,0.063601
0.016969,0.063795,0.111394,0.017055,0.062856,0.056785,0.045006,0.050321,0.256428,0.319390
0.008917,0.009429,0.051189,0.010689,0.055874,0.071728,0.020496,0.688587,0.041149,0.041940
0.036205,0.039327,0.190607,0.005939,0.255651,0.012572,0.050441,0.182179,0.210822,0.016257
0.007972,0.012562,0.150598,0.008962,0.050737,0.069047,0.087964,0.338823,0.038005,0.235330
0.013846,0.041302,0.116007,0.012505,0.055937,0.018067,0.138101,0.013503,0.403245,0.187487
0.105584,0.010027,0.022428,0.007263,0.375219,0.007531,0.073163,0.112750,0.278952,0.007083
0.011279,0.718491,0.014348,0.012050,0.021383,0.011906,0.014123,0.167370,0.015310,0.013740
0.045070,0.007235,0.286318,0.041776,0.029830,0.039914,0.093500,0.152508,0.214342,0.089508
0.007300,0.009985,0.050054,0.214580,0.391529,0.015341,0.052517,0.013325,0.144860,0.100509
0.009964,0.008526,0.189858,0.007884,0.396569,0.016740,0.007075,0.008861,0.346743,0.007780
0.003510,0.240078,0.092315,0.125253,0.014072,0.019025,0.007977,0.319054,0.174963,0.003753
0.005637,0.005620,0.320786,0.006763,0.269132,0.036099,0.107552,0.217523,0.013204,0.017684
0.011397,0.546657,0.037374,0.007551,0.011334,0.008614,0.009539,0.242708,0.010317,0.114509
0.005544,0.402706,0.069590,0.008284,0.333351,0.035050,0.054050,0.073846,0.011419,0.006161
0.007522,0.009623,0.025640,0.007200,0.358808,0.011595,0.015046,0.481179,0.010074,0.073315
0.009404,0.434387,0.007294,0.008190,0.008363,0.006813,0.015155,0.412023,0.009078,0.089292
0.006129,0.006742,0.238892,0.007603,0.322457,0.019143,0.195860,0.171524,0.024298,0.007352
0.011516,0.014622,0.179451,0.012720,0.582607,0.021304,0.036853,0.016412,0.106686,0.017830
0.009249,0.009551,0.087362,0.008565,0.061627,0.064541,0.007810,0.359157,0.382991,0.009146
0.008002,0.453671,0.049541,0.008163,0.011127,0.011453,0.014367,0.149139,0.201556,0.092982
0.004961,0.349716,0.080457,0.016676,0.007153,0.008648,0.006190,0.361751,0.157348,0.007101
0.011211,0.514382,0.079707,0.008739,0.344483,0.007054,0.009216,0.008566,0.008930,0.007711
0.007006,0.008730,0.246561,0.007777,0.018623,0.006709,0.079935,0.506771,0.019437,0.098452
0.071014,0.019772,0.154589,0.022525,0.021881,0.016174,0.024767,0.440069,0.021740,0.207469
0.010017,0.588888,0.020523,0.011148,0.012883,0.016400,0.011161,0.144158,0.173484,0.011338
0.011551,0.013757,0.029576,0.012968,0.016501,0.013573,0.072919,0.715918,0.015439,0.097797
0.032425,0.010068,0.356308,0.053040,0.029583,0.013636,0.109132,0.076619,0.308448,0.010741
0.035595,0.007400,0.090641,0.008051,0.016119,0.009093,0.051132,0.492475,0.276702,0.012791
0.007832,0.595412,0.024015,0.007260,0.014959,0.009159,0.015653,0.009619,0.303581,0.012509
0.012620,0.009624,0.547881,0.079385,0.029663,0.075928,0.139997,0.022246,0.040761,0.041895
0.011013,0.011895,0.081643,0.011677,0.066318,0.089161,0.237753,0.428068,0.050316,0.012156
0.089230,0.260419,0.172925,0.138577,0.014137,0.024253,0.046120,0.045872,0.201066,0.007401
0.021569,0.023557,0.036225,0.022261,0.048914,0.032392,0.225437,0.351338,0.216475,0.021832
0.143526,0.007426,0.296919,0.056411,0.385817,0.013758,0.006606,0.064298,0.016475,0.008764
0.054724,0.005809,0.044717,0.008030,0.020455,0.039189,0.018301,0.528290,0.274743,0.005742
0.013885,0.013357,0.020663,0.013097,0.662499,0.017288,0.101419,0.021261,0.123965,0.012567
0.033907,0.036551,0.052394,0.005292,0.255314,0.008789,0.047071,0.388878,0.160965,0.010838
0.004662,0.005176,0.172826,0.201949,0.020659,0.016350,0.157862,0.200139,0.214555,0.005823
0.009922,0.300039,0.130467,0.004406,0.008371,0.007615,0.010157,0.337103,0.185040,0.006881
0.357285,0.030803,0.139093,0.023320,0.048161,0.023872,0.260541,0.039925,0.050354,0.026646
0.005437,0.006057,0.339494,0.011045,0.281551,0.052229,0.228286,0.060242,0.009012,0.006648
0.004433,0.329076,0.034768,0.003991,0.249179,0.031275,0.011728,0.131285,0.199753,0.004512
0.006883,0.048321,0.280063,0.039982,0.021338,0.007420,0.015170,0.550093,0.009308,0.021422
0.041028,0.018218,0.018614,0.211868,0.022347,0.018893,0.014075,0.630480,0.015447,0.009031
0.025432,0.050289,0.050841,0.009616,0.017720,0.011891,0.039046,0.542136,0.244977,0.008053
0.046494,0.018874,0.112723,0.015933,0.034349,0.036227,0.029259,0.086229,0.426499,0.193413
0.034909,0.012797,0.103904,0.012669,0.116453,0.037008,0.031098,0.319351,0.066270,0.265542
0.040925,0.079248,0.096866,0.057674,0.067713,0.079799,0.152697,0.049782,0.322249,0.053047
0.018327,0.008501,0.187307,0.006452,0.036306,0.050255,0.156172,0.173788,0.256362,0.106531
0.016347,0.008067,0.120314,0.222418,0.371047,0.009681,0.040037,0.053866,0.150138,0.008086
0.087867,0.026190,0.053359,0.019042,0.042831,0.023211,0.033727,0.107435,0.438904,0.167435
0.007402,0.415217,0.054783,0.007145,0.007837,0.006963,0.053837,0.431531,0.008715,0.006571
0.070485,0.302953,0.013948,0.005135,0.261906,0.009495,0.010589,0.311297,0.008992,0.005201
0.028743,0.023350,0.067400,0.008100,0.431522,0.017686,0.006943,0.016571,0.302934,0.096750
0.009846,0.009728,0.193018,0.011683,0.060555,0.063077,0.102112,0.255765,0.284663,0.009553
0.049957,0.139424,0.079895,0.112273,0.050496,0.059563,0.189355,0.032721,0.037270,0.249046
0.005676,0.369848,0.010907,0.006748,0.007546,0.006191,0.010608,0.364707,0.210712,0.007056
0.008755,0.006685,0.130417,0.264380,0.395148,0.043701,0.021775,0.006913,0.115806,0.006420
0.033091,0.080502,0.096397,0.037123,0.088494,0.062365,0.340147,0.184269,0.046691,0.030921
0.008812,0.303512,0.027515,0.004407,0.196470,0.030523,0.009979,0.396989,0.014261,0.007532
0.004982,0.388535,0.033543,0.005369,0.281886,0.037123,0.011831,0.008323,0.078147,0.150262
0.136262,0.056405,0.016460,0.009859,0.462892,0.015275,0.007682,0.273301,0.013466,0.008397
0.053217,0.497912,0.048588,0.009951,0.018419,0.047846,0.012391,0.007023,0.297587,0.007067
0.041936,0.688384,0.110980,0.009606,0.019435,0.011400,0.083926,0.010303,0.014051,0.009979
0.209246,0.008896,0.047106,0.009170,0.412472,0.058497,0.029385,0.020619,0.023402,0.181207
0.025486,0.008398,0.165641,0.233732,0.024544,0.011217,0.070817,0.013346,0.330903,0.115915
0.022637,0.011584,0.029088,0.013791,0.031839,0.014911,0.084562,0.750169,0.019983,0.021435
0.007323,0.008463,0.357811,0.009204,0.463870,0.055446,0.025555,0.008463,0.024098,0.039769
0.024691,0.022451,0.073951,0.026115,0.050736,0.035735,0.167796,0.150283,0.414551,0.033692
0.025290,0.022332,0.065063,0.025499,0.042826,0.036426,0.109173,0.029141,0.608032,0.036218
0.008767,0.590783,0.010898,0.010129,0.015264,0.010885,0.069598,0.198829,0.011640,0.073208
0.010760,0.017135,0.348620,0.013757,0.064976,0.095240,0.036330,0.347225,0.054143,0.011813
0.096614,0.392704,0.175241,0.006639,0.238038,0.006461,0.010120,0.007552,0.058209,0.008421
0.008045,0.521366,0.043986,0.055632,0.030283,0.018485,0.013674,0.068174,0.232214,0.008141
0.008338,0.083421,0.041784,0.026857,0.397572,0.024823,0.027552,0.117604,0.042199,0.229849
0.019243,0.018743,0.025334,0.020462,0.035815,0.028103,0.082634,0.089483,0.659712,0.020470
0.035831,0.015158,0.075796,0.012462,0.025362,0.011308,0.103835,0.182898,0.417720,0.119629
0.004191,0.325955,0.072602,0.003946,0.229706,0.004064,0.035525,0.144175,0.174169,0.005666
0.010571,0.106489,0.370438,0.011099,0.065130,0.032727,0.294852,0.041079,0.055779,0.011836
0.008823,0.629964,0.018995,0.008591,0.011519,0.008678,0.018246,0.127731,0.156479,0.010973
0.076680,0.341541,0.146423,0.146597,0.010206,0.006579,0.006862,0.006567,0.173820,0.084727
0.005487,0.367631,0.056231,0.005829,0.254707,0.005364,0.006179,0.106145,0.186174,0.006253
0.007397,0.379724,0.020012,0.005675,0.022992,0.038002,0.009482,0.434102,0.069268,0.013345
0.007148,0.009775,0.205548,0.008090,0.379796,0.056655,0.124002,0.065850,0.016896,0.126240
0.004900,0.047809,0.048592,0.004863,0.023166,0.031092,0.092856,0.425619,0.224979,0.096125
0.032484,0.646549,0.009624,0.008936,0.015925,0.014157,0.008089,0.243450,0.010926,0.009859
0.047261,0.013630,0.028744,0.011450,0.476028,0.012139,0.017516,0.010799,0.250060,0.132371
0.006079,0.483770,0.047186,0.006617,0.280153,0.036108,0.031295,0.079045,0.022921,0.006826
0.034291,0.042430,0.097558,0.034817,0.067251,0.049438,0.283294,0.042732,0.042035,0.306155
0.012324,0.016956,0.116770,0.011890,0.057955,0.030280,0.116763,0.093057,0.505968,0.038036
0.005733,0.026021,0.030951,0.007106,0.274326,0.017805,0.072901,0.174440,0.264055,0.126661
0.006029,0.008220,0.244839,0.006177,0.353736,0.011223,0.016180,0.006736,0.252609,0.094252
0.005992,0.387479,0.036994,0.006705,0.294175,0.005089,0.004413,0.033317,0.217321,0.008516
0.014855,0.086918,0.101612,0.016630,0.031532,0.020894,0.078881,0.230159,0.402616,0.015902
0.007138,0.017030,0.014292,0.007025,0.392521,0.008681,0.013362,0.510067,0.015325,0.014560
0.007219,0.009133,0.287154,0.007101,0.026903,0.011250,0.050914,0.512908,0.073843,0.013575
0.008607,0.008339,0.019613,0.032031,0.293521,0.008660,0.014013,0.234442,0.305370,0.075405
0.011164,0.008514,0.152193,0.012879,0.364619,0.066331,0.148474,0.022344,0.036027,0.177455
0.005383,0.355837,0.267910,0.005259,0.012204,0.034780,0.008324,0.209148,0.008998,0.092158
0.005813,0.361379,0.006961,0.005209,0.251961,0.008085,0.005699,0.150537,0.137747,0.066609
0.020142,0.017712,0.047993,0.018682,0.035974,0.023359,0.053410,0.111978,0.652751,0.018000
0.038091,0.099834,0.053451,0.018232,0.033410,0.018327,0.059684,0.019104,0.642824,0.017044
0.006985,0.006131,0.013147,0.007298,0.312461,0.015583,0.005728,0.397966,0.228604,0.006096
0.028573,0.006107,0.132220,0.007315,0.301103,0.009123,0.113667,0.160825,0.148662,0.092405
0.060577,0.051878,0.287111,0.033267,0.044312,0.025961,0.040598,0.114126,0.045369,0.296800
0.005113,0.004376,0.096052,0.034036,0.266904,0.007186,0.081625,0.306265,0.178376,0.020066
0.006526,0.463316,0.091805,0.006905,0.227335,0.006898,0.014485,0.006734,0.115111,0.060885
0.031877,0.516048,0.015160,0.009841,0.009585,0.009100,0.016308,0.009962,0.299181,0.082938
0.058722,0.006702,0.347707,0.009592,0.292806,0.038585,0.018677,0.192628,0.028282,0.006299
0.082101,0.016869,0.302406,0.138489,0.116319,0.131132,0.036046,0.031177,0.072532,0.072931
0.011052,0.010771,0.406038,0.010680,0.030064,0.022939,0.022991,0.080660,0.394795,0.010010
0.026079,0.514320,0.009020,0.172232,0.009048,0.011628,0.056102,0.092356,0.049105,0.060111
0.039739,0.019570,0.043228,0.511954,0.041298,0.023351,0.142631,0.136795,0.023553,0.017882
