0.113139,0.121640,0.062254,0.107649,0.072946,0.117664,0.078386,0.083939,0.098220,0.144164
0.127811,0.094231,0.052929,0.076720,0.058801,0.096875,0.061198,0.269373,0.095316,0.066747
0.051556,0.060437,0.449868,0.038147,0.043944,0.150109,0.073621,0.041311,0.030124,0.060883
0.100606,0.060201,0.370189,0.049907,0.065524,0.075634,0.073730,0.044521,0.077616,0.082073
0.084778,0.065827,0.101257,0.076003,0.155078,0.117431,0.080851,0.099934,0.130292,0.088548
0.068081,0.168124,0.085282,0.050024,0.036207,0.207260,0.234220,0.055565,0.043306,0.051931
0.104118,0.117404,0.045152,0.086327,0.063730,0.072414,0.095394,0.323376,0.036948,0.055137
0.022579,0.022961,0.019512,0.018647,0.024115,0.033308,0.757127,0.037310,0.038587,0.025853
0.074230,0.129117,0.232184,0.055552,0.158280,0.076077,0.079446,0.083107,0.057429,0.054577
0.071504,0.094590,0.200204,0.046279,0.056909,0.112545,0.061620,0.224058,0.043486,0.088805
0.092419,0.166843,0.072042,0.084063,0.064404,0.125802,0.069070,0.112364,0.096158,0.116833
0.105963,0.146245,0.063506,0.103505,0.073634,0.137744,0.064293,0.076414,0.068217,0.160479
0.081709,0.045141,0.031965,0.047004,0.125633,0.140070,0.177681,0.213655,0.086485,0.050656
0.087705,0.108065,0.056452,0.110773,0.146696,0.127775,0.075501,0.105476,0.093208,0.088349
0.078681,0.084426,0.065621,0.088552,0.059859,0.083534,0.351267,0.072603,0.047921,0.067535
0.024132,0.019903,0.065792,0.024531,0.041140,0.024691,0.750361,0.012818,0.014287,0.022344
0.094804,0.059823,0.080908,0.080611,0.062063,0.268343,0.086026,0.093461,0.103233,0.070728
0.082475,0.152646,0.158651,0.079835,0.066120,0.215890,0.059292,0.052059,0.071653,0.061378
0.027722,0.026522,0.066094,0.033353,0.028288,0.073152,0.659981,0.024846,0.031668,0.028373
0.090475,0.087178,0.215430,0.071946,0.144329,0.099761,0.054941,0.063904,0.094863,0.077175
0.086499,0.051240,0.069314,0.041923,0.059958,0.180139,0.057016,0.260093,0.093609,0.100208
0.134391,0.197403,0.064755,0.085899,0.072394,0.123984,0.083352,0.071476,0.082417,0.083930
0.133185,0.119970,0.090994,0.066620,0.077812,0.153645,0.076119,0.091960,0.094143,0.095551
0.120015,0.132749,0.171638,0.102231,0.070726,0.093242,0.067108,0.082273,0.077990,0.082030
0.087603,0.047132,0.320696,0.090357,0.106110,0.071398,0.056023,0.070385,0.084019,0.066276
0.113904,0.073964,0.162348,0.112290,0.065869,0.122945,0.070052,0.101556,0.091807,0.085264
0.089843,0.054424,0.163199,0.040670,0.153633,0.163657,0.146187,0.069025,0.074668,0.044695
0.084020,0.103889,0.041730,0.054382,0.154072,0.286801,0.057333,0.087481,0.057378,0.072913
0.114456,0.114133,0.153000,0.076647,0.072699,0.134098,0.074316,0.087831,0.088780,0.084039
0.069387,0.172275,0.157094,0.078018,0.072912,0.105596,0.085851,0.087462,0.088828,0.082578
0.088480,0.114867,0.251238,0.093492,0.069061,0.099176,0.065410,0.061413,0.080657,0.076207
0.118237,0.100780,0.255601,0.058841,0.073348,0.076771,0.083169,0.066418,0.086414,0.080420
0.121450,0.151919,0.050459,0.114933,0.076007,0.142915,0.075723,0.085539,0.087877,0.093178
0.067032,0.099654,0.049140,0.068040,0.188688,0.144435,0.082376,0.109065,0.120930,0.070640
0.085500,0.058172,0.075388,0.106890,0.114432,0.079435,0.059297,0.245103,0.092062,0.083720
0.063865,0.079104,0.054406,0.132051,0.065782,0.127010,0.069811,0.294684,0.049171,0.064117
0.055405,0.030195,0.608344,0.051645,0.033667,0.107560,0.024351,0.021328,0.030475,0.037030
0.162865,0.121455,0.072913,0.088232,0.077186,0.125074,0.080798,0.067567,0.105092,0.098817
0.058670,0.060814,0.112814,0.050211,0.166348,0.244285,0.051308,0.084636,0.084442,0.086473
0.099909,0.071146,0.055669,0.112948,0.057186,0.108873,0.084292,0.291258,0.047844,0.070874
0.108850,0.109821,0.054874,0.118228,0.149357,0.116524,0.075207,0.077265,0.090994,0.098880
0.042492,0.027772,0.060437,0.034536,0.028107,0.056142,0.675865,0.022694,0.026343,0.025611
0.072161,0.169310,0.096947,0.047868,0.044043,0.272700,0.052441,0.093684,0.088168,0.062677
0.035410,0.019349,0.095601,0.019647,0.018617,0.029938,0.702067,0.026957,0.024223,0.028191
0.126806,0.074311,0.124937,0.050709,0.056005,0.070192,0.064085,0.260741,0.090863,0.081352
0.048525,0.098335,0.158257,0.063868,0.057909,0.152321,0.062490,0.248018,0.058708,0.051570
0.092914,0.116789,0.260890,0.056675,0.069249,0.106752,0.064942,0.084808,0.078401,0.068579
0.127334,0.191088,0.070425,0.083978,0.078400,0.092600,0.077820,0.087167,0.102396,0.088793
0.091713,0.116712,0.043245,0.058110,0.059087,0.124071,0.066955,0.312186,0.050376,0.077544
0.097780,0.079666,0.203627,0.115882,0.078055,0.127822,0.066758,0.080409,0.063478,0.086522
0.114544,0.113661,0.157344,0.082714,0.073570,0.137104,0.075061,0.088074,0.072101,0.085827
0.056611,0.094290,0.208643,0.065025,0.161902,0.091704,0.090898,0.089499,0.076581,0.064845
0.083488,0.068472,0.056446,0.095796,0.060615,0.124092,0.088419,0.304230,0.050468,0.067973
0.099931,0.073765,0.101653,0.144986,0.063477,0.166790,0.061488,0.060935,0.131497,0.095478
0.042642,0.063657,0.266737,0.095367,0.121214,0.077375,0.058995,0.195183,0.034215,0.044615
0.058468,0.041917,0.521696,0.029133,0.084094,0.081641,0.026560,0.108478,0.024174,0.023840
0.078145,0.066550,0.388514,0.078798,0.131987,0.060762,0.056526,0.041421,0.045089,0.052209
0.095071,0.063404,0.270895,0.046407,0.058551,0.216041,0.049298,0.071334,0.078387,0.050612
0.094878,0.062320,0.209347,0.106400,0.139100,0.066923,0.057169,0.066659,0.090227,0.106977
0.085235,0.063546,0.227561,0.088746,0.137524,0.086776,0.055933,0.084848,0.096176,0.073655
0.125851,0.111612,0.050570,0.079878,0.171572,0.125034,0.081194,0.079307,0.066619,0.108365
0.138366,0.123765,0.069037,0.120283,0.075533,0.139067,0.063788,0.068532,0.099044,0.102585
0.097474,0.082177,0.072722,0.134926,0.077007,0.115322,0.092017,0.106991,0.114165,0.107200
0.075934,0.195683,0.081821,0.063324,0.061521,0.148637,0.113650,0.067555,0.100252,0.091622
0.060228,0.139568,0.041707,0.082853,0.054572,0.115004,0.065221,0.272300,0.085076,0.083471
0.065259,0.102005,0.171570,0.085434,0.126024,0.083395,0.188042,0.067983,0.049454,0.060833
0.049056,0.097290,0.270996,0.052613,0.065729,0.211151,0.059305,0.063654,0.067565,0.062640
0.087086,0.088717,0.097476,0.083497,0.070907,0.069704,0.080384,0.285207,0.039083,0.097940
0.044616,0.087933,0.037481,0.060105,0.211027,0.165473,0.060716,0.235472,0.043151,0.054026
0.070913,0.181895,0.033247,0.049438,0.038731,0.153821,0.299729,0.060319,0.052836,0.059071
0.100649,0.081821,0.188478,0.040169,0.160202,0.216489,0.049498,0.049462,0.059554,0.053677
0.085404,0.178947,0.100757,0.045014,0.053848,0.260356,0.060111,0.066772,0.097034,0.051757
0.035882,0.018754,0.012023,0.026831,0.013894,0.027293,0.813410,0.016030,0.010319,0.025563
0.135591,0.123463,0.080243,0.088984,0.068859,0.152113,0.079180,0.097742,0.064535,0.109290
0.073866,0.166529,0.058760,0.069397,0.172574,0.124209,0.068141,0.110539,0.067505,0.088481
0.118828,0.126857,0.096185,0.063790,0.163009,0.100794,0.065655,0.063304,0.115610,0.085968
0.098238,0.103883,0.213877,0.089372,0.074535,0.099270,0.067981,0.094972,0.075194,0.082679
0.097155,0.063478,0.039520,0.055929,0.191653,0.226436,0.051289,0.089648,0.069281,0.115610
0.069962,0.064178,0.195543,0.042385,0.137946,0.234792,0.050786,0.044626,0.081629,0.078151
0.056556,0.071384,0.122885,0.076298,0.052851,0.113044,0.090582,0.250882,0.088268,0.077250
0.098510,0.191115,0.035903,0.048692,0.144337,0.234617,0.044135,0.065369,0.083514,0.053809
0.085802,0.139671,0.055577,0.077412,0.077517,0.264361,0.064314,0.054836,0.095856,0.084654
0.027970,0.067883,0.091576,0.046201,0.116276,0.133494,0.277775,0.154412,0.029248,0.055165
0.039897,0.026090,0.019225,0.017360,0.045473,0.029675,0.674207,0.081863,0.042518,0.023692
0.139847,0.148980,0.073127,0.089783,0.065502,0.101946,0.083011,0.100909,0.106423,0.090471
0.092292,0.069632,0.041890,0.064974,0.181821,0.259937,0.050828,0.080449,0.090378,0.067798
0.073044,0.173176,0.068314,0.036652,0.142431,0.248687,0.038844,0.078182,0.074562,0.066108
0.085051,0.082958,0.076586,0.057099,0.061841,0.312900,0.056845,0.090495,0.107204,0.069020
0.074090,0.111961,0.053364,0.095525,0.067384,0.111197,0.294897,0.058677,0.052946,0.079959
0.080735,0.184540,0.166241,0.042332,0.063899,0.216497,0.062270,0.049159,0.077128,0.057198
0.088688,0.128178,0.049659,0.051412,0.155438,0.117521,0.187804,0.092566,0.057563,0.071170
0.078629,0.096037,0.040409,0.106760,0.061389,0.105075,0.079902,0.274245,0.086610,0.070945
0.055433,0.123159,0.224878,0.071611,0.134257,0.073352,0.090445,0.070993,0.079676,0.076195
0.134995,0.154667,0.070773,0.098802,0.069677,0.087691,0.075993,0.126976,0.098787,0.081638
0.030754,0.018582,0.016910,0.026101,0.014981,0.028779,0.775976,0.036039,0.029755,0.022124
0.093991,0.144461,0.091553,0.098529,0.143554,0.085454,0.077741,0.078526,0.093629,0.092560
0.059119,0.085297,0.208219,0.083656,0.155336,0.098769,0.066661,0.072886,0.093835,0.076222
0.106288,0.071755,0.095750,0.107600,0.130075,0.104849,0.054110,0.125000,0.110991,0.093582
0.056111,0.082304,0.195975,0.074133,0.059692,0.250099,0.059727,0.087324,0.070930,0.063705
0.064851,0.080967,0.042593,0.075492,0.136284,0.126408,0.251608,0.051101,0.090322,0.080373
0.091518,0.134668,0.072640,0.072308,0.087064,0.157804,0.086649,0.096936,0.095979,0.104434
0.064554,0.092602,0.057957,0.077990,0.099819,0.155122,0.235549,0.072239,0.067143,0.077025
0.094158,0.092543,0.079117,0.115168,0.161509,0.133003,0.071388,0.105945,0.065743,0.081427
0.036980,0.092134,0.501037,0.024076,0.093234,0.118006,0.022909,0.044132,0.038341,0.029152
0.103398,0.142003,0.043384,0.101238,0.150038,0.119568,0.105390,0.093978,0.060825,0.080177
0.060831,0.113969,0.057533,0.061137,0.121644,0.119285,0.068615,0.264696,0.048851,0.083438
0.098499,0.072870,0.211406,0.057783,0.156274,0.098454,0.119358,0.060119,0.048053,0.077182
0.093288,0.118268,0.157397,0.087452,0.060660,0.107568,0.109914,0.079576,0.089379,0.096497
0.081722,0.054058,0.374584,0.052333,0.140047,0.064695,0.047681,0.067805,0.046626,0.070448
0.058645,0.083333,0.187926,0.047619,0.151162,0.207408,0.056277,0.063887,0.077231,0.066512
0.071147,0.113190,0.075363,0.073517,0.063396,0.148396,0.160628,0.120004,0.086519,0.087840
0.127976,0.107965,0.078295,0.107732,0.145121,0.118093,0.080465,0.079589,0.063130,0.091635
0.053448,0.117184,0.056889,0.084226,0.058772,0.154546,0.053991,0.299170,0.054824,0.066951
0.094969,0.073061,0.043366,0.089017,0.065770,0.125352,0.059007,0.265138,0.106835,0.077485
0.087044,0.147640,0.048514,0.075777,0.059045,0.254101,0.092857,0.070865,0.085691,0.078467
0.098150,0.118606,0.079365,0.061005,0.066166,0.148152,0.192457,0.061765,0.090138,0.084194
0.040930,0.080646,0.272812,0.053991,0.058369,0.219416,0.051718,0.077763,0.081337,0.063017
0.109095,0.142773,0.048025,0.056777,0.151669,0.126589,0.071765,0.072261,0.104274,0.116770
0.027419,0.027669,0.294335,0.015072,0.059612,0.048845,0.423160,0.067024,0.015189,0.021674
0.075786,0.124086,0.039600,0.062131,0.124241,0.079880,0.264873,0.081944,0.081848,0.065612
0.048495,0.040873,0.475448,0.032057,0.035764,0.144408,0.066485,0.062116,0.043775,0.050579
0.095892,0.078150,0.046108,0.069054,0.086053,0.139407,0.306997,0.066265,0.052206,0.059868
0.119105,0.176852,0.053529,0.100012,0.075113,0.121477,0.063570,0.099637,0.105048,0.085657
0.046380,0.065974,0.327034,0.056695,0.152285,0.086423,0.061153,0.085816,0.070902,0.047338
0.109273,0.131709,0.056695,0.092106,0.070003,0.112529,0.130994,0.082004,0.090791,0.123896
0.072920,0.162510,0.044264,0.082938,0.117908,0.143393,0.054992,0.187790,0.076681,0.056604
0.082571,0.121436,0.183287,0.095186,0.132484,0.107412,0.064156,0.046503,0.090222,0.076744
0.135553,0.161097,0.074120,0.090914,0.062581,0.117681,0.083849,0.076730,0.093240,0.104236
0.133392,0.140385,0.046249,0.067869,0.085274,0.217350,0.064488,0.055281,0.096349,0.093362
0.088739,0.180657,0.069993,0.105567,0.069302,0.134667,0.080424,0.080299,0.098044,0.092308
0.132810,0.081839,0.100243,0.124968,0.076017,0.105546,0.085848,0.065799,0.137792,0.089138
0.021362,0.021569,0.026369,0.056979,0.019833,0.021735,0.754164,0.024999,0.029411,0.023579
0.106959,0.202842,0.033983,0.064935,0.063719,0.236359,0.077132,0.085641,0.070850,0.057581
0.075961,0.137587,0.074320,0.043568,0.143301,0.261981,0.045550,0.077481,0.083532,0.056721
0.102109,0.147432,0.054731,0.055549,0.062979,0.082947,0.047670,0.283516,0.102063,0.061003
0.159150,0.146053,0.077610,0.086187,0.069166,0.124522,0.078849,0.069117,0.090905,0.098440
0.082759,0.097013,0.257724,0.064878,0.070485,0.105319,0.069518,0.095555,0.060813,0.095935
0.108311,0.138532,0.069893,0.098930,0.082299,0.105583,0.114560,0.108583,0.059841,0.113468
0.021072,0.017039,0.015277,0.029816,0.017069,0.030525,0.784633,0.032349,0.027925,0.024294
0.095483,0.135877,0.058542,0.101163,0.148653,0.126543,0.079114,0.072427,0.089891,0.092307
0.095372,0.087692,0.209894,0.074038,0.086384,0.111605,0.072964,0.050497,0.128545,0.083009
0.120212,0.079145,0.089802,0.112545,0.078219,0.117258,0.078377,0.130327,0.102367,0.091747
0.038374,0.039743,0.617923,0.029750,0.030692,0.100750,0.029125,0.045235,0.030293,0.038114
0.028115,0.019653,0.053665,0.029692,0.019975,0.026297,0.753007,0.016823,0.027467,0.025307
0.134961,0.118255,0.072690,0.122975,0.085286,0.131869,0.064844,0.090855,0.093488,0.084776
0.042552,0.040947,0.591331,0.035348,0.041727,0.092214,0.025386,0.022510,0.053147,0.054838
0.117622,0.080585,0.225448,0.053918,0.169843,0.104841,0.055335,0.063436,0.062300,0.066671
0.040343,0.069132,0.174091,0.046784,0.156894,0.053470,0.069599,0.211875,0.094619,0.083194
0.076453,0.177147,0.050516,0.051545,0.165455,0.245842,0.046602,0.052314,0.067210,0.066916
0.082381,0.092880,0.042781,0.088372,0.092035,0.243406,0.085065,0.096371,0.098256,0.078453
0.076164,0.068821,0.316859,0.065332,0.144424,0.080981,0.051343,0.082554,0.047464,0.066058
0.061325,0.176233,0.033843,0.063374,0.141245,0.272449,0.049248,0.052334,0.089093,0.060857
0.021636,0.036687,0.612521,0.044514,0.086608,0.094712,0.020603,0.023793,0.024115,0.034811
0.053865,0.123742,0.118500,0.085809,0.118163,0.052859,0.086408,0.204588,0.076468,0.079598
0.065310,0.166069,0.044864,0.064108,0.059784,0.111483,0.305072,0.060684,0.053237,0.069389
0.109911,0.096776,0.223232,0.057914,0.133219,0.069367,0.058452,0.087845,0.090172,0.073111
0.100157,0.079860,0.200635,0.092380,0.071452,0.068801,0.067687,0.095051,0.106900,0.117076
0.027374,0.022544,0.113500,0.027297,0.021807,0.035017,0.676298,0.022205,0.029531,0.024428
0.099006,0.081484,0.058358,0.096538,0.083114,0.221126,0.062362,0.083683,0.097335,0.116994
0.031529,0.026325,0.019653,0.033216,0.023102,0.044186,0.639745,0.114406,0.043589,0.024248
0.059408,0.084555,0.192976,0.064716,0.064149,0.228600,0.051926,0.093269,0.072742,0.087658
0.045295,0.050431,0.383604,0.057848,0.159099,0.052938,0.043036,0.067455,0.081988,0.058306
0.126705,0.079658,0.049696,0.223552,0.078842,0.100803,0.054479,0.088560,0.103967,0.093739
0.117307,0.095597,0.053734,0.118482,0.165343,0.089106,0.065307,0.111039,0.100874,0.083211
0.036370,0.142381,0.142294,0.042540,0.064649,0.157284,0.251602,0.067185,0.038238,0.057456
0.046925,0.086623,0.098839,0.054058,0.054613,0.360879,0.067924,0.086207,0.060098,0.083832
0.120108,0.091123,0.053197,0.095634,0.166188,0.096333,0.090161,0.111703,0.083399,0.092155
0.080975,0.091310,0.191190,0.053279,0.156040,0.078237,0.100077,0.086120,0.091575,0.071196
0.131474,0.074254,0.065009,0.099443,0.070738,0.138775,0.088241,0.066914,0.111629,0.153522
0.097590,0.163569,0.057341,0.090433,0.060366,0.118382,0.080904,0.073740,0.100011,0.157663
0.049019,0.079862,0.212482,0.052159,0.059952,0.106613,0.078467,0.219940,0.087940,0.053567
0.100712,0.152139,0.069502,0.092750,0.074331,0.096879,0.090958,0.099994,0.100658,0.122076
0.076228,0.098402,0.223975,0.046976,0.146605,0.105100,0.076866,0.093732,0.052842,0.079275
0.142201,0.115672,0.071719,0.120050,0.076016,0.142568,0.062802,0.059419,0.107066,0.102488
0.089547,0.076971,0.194285,0.066236,0.071003,0.195209,0.079538,0.078762,0.047792,0.100657
0.051519,0.155980,0.147046,0.042419,0.064656,0.171023,0.182676,0.073105,0.056643,0.054933
0.070086,0.147461,0.256869,0.088866,0.069367,0.082664,0.063855,0.063032,0.086338,0.071463
0.087020,0.079080,0.156641,0.069690,0.132684,0.057740,0.054947,0.229092,0.078788,0.054318
0.086663,0.065701,0.081096,0.059146,0.136120,0.103161,0.065842,0.246735,0.087088,0.068450
0.120070,0.115744,0.273266,0.058177,0.063461,0.076701,0.079979,0.074109,0.058771,0.079722
0.052479,0.140024,0.029642,0.045850,0.135290,0.167287,0.049274,0.225940,0.085491,0.068723
0.049972,0.060428,0.367130,0.059492,0.138085,0.076395,0.050984,0.047345,0.082651,0.067519
0.099941,0.096556,0.185615,0.100073,0.066073,0.101033,0.085961,0.093359,0.092639,0.078750
0.111268,0.091917,0.065658,0.111780,0.158030,0.111685,0.078804,0.096459,0.093547,0.080852
0.137283,0.156164,0.055412,0.083443,0.071909,0.149008,0.077492,0.072316,0.102591,0.094381
0.108049,0.110223,0.040859,0.086006,0.044670,0.101365,0.117567,0.277784,0.045489,0.067987
0.100645,0.068077,0.102411,0.085371,0.151245,0.107844,0.089861,0.090736,0.101174,0.102637
0.089900,0.149712,0.064429,0.110319,0.138841,0.100119,0.079736,0.076196,0.091083,0.099666
0.109678,0.160899,0.185376,0.051524,0.123493,0.091998,0.072250,0.049660,0.072781,0.082341
0.139615,0.168665,0.060695,0.070126,0.068743,0.133381,0.080638,0.081750,0.071886,0.124501
0.085124,0.078878,0.169205,0.059871,0.058344,0.227120,0.049158,0.087264,0.061536,0.123499
0.084669,0.141632,0.172028,0.064675,0.058759,0.113349,0.102300,0.085302,0.100838,0.076447
0.128883,0.108349,0.038596,0.054551,0.068357,0.269162,0.058040,0.094095,0.095424,0.084544
0.099562,0.061023,0.281828,0.038181,0.126760,0.050318,0.047695,0.193943,0.041677,0.059013
0.077957,0.073494,0.084888,0.177044,0.145543,0.102609,0.114445,0.088412,0.059966,0.075640
0.105123,0.132711,0.055866,0.118142,0.077689,0.095470,0.098691,0.090852,0.110089,0.115368
0.096610,0.060277,0.040805,0.245297,0.055471,0.227525,0.068499,0.086662,0.058703,0.060152
0.079151,0.105104,0.054231,0.113490,0.157211,0.135982,0.080268,0.075170,0.095239,0.104153
0.075396,0.100019,0.040826,0.047080,0.164595,0.258452,0.047967,0.088565,0.092161,0.084938
0.080690,0.065104,0.162399,0.073322,0.114004,0.074313,0.073703,0.216014,0.091275,0.049176
0.118291,0.098167,0.220247,0.060411,0.143819,0.088019,0.056603,0.088273,0.054674,0.071495
0.071765,0.101344,0.166733,0.053425,0.069375,0.229717,0.071357,0.084548,0.075493,0.076243
0.081732,0.054416,0.076307,0.056679,0.042928,0.199852,0.057520,0.282094,0.047206,0.101268
0.098663,0.073629,0.245401,0.106287,0.065867,0.092497,0.051179,0.084688,0.100581,0.081206
0.106856,0.106819,0.150190,0.075754,0.067717,0.126227,0.087599,0.083434,0.084539,0.110866
0.063247,0.100376,0.226166,0.072812,0.139291,0.103969,0.067485,0.063146,0.080630,0.082877
0.027693,0.019410,0.099441,0.036130,0.019373,0.032487,0.697670,0.021074,0.026014,0.020710
0.084619,0.074532,0.068450,0.126509,0.080147,0.099259,0.131917,0.091191,0.144186,0.099190
0.050045,0.056794,0.035240,0.098564,0.106130,0.101405,0.199195,0.230868,0.037207,0.084552
0.087839,0.118645,0.064687,0.074713,0.124432,0.093123,0.235210,0.048822,0.081632,0.070896
0.059292,0.087391,0.243268,0.054946,0.062151,0.190462,0.104301,0.079169,0.062277,0.056744
0.107036,0.101678,0.032838,0.088956,0.143825,0.235948,0.052422,0.053761,0.090710,0.092826
0.120760,0.068705,0.064277,0.099371,0.078378,0.108744,0.093546,0.098728,0.164478,0.103013
0.024901,0.023451,0.344215,0.022574,0.018693,0.050073,0.471377,0.013281,0.014769,0.016665
0.116474,0.161206,0.141633,0.067415,0.068393,0.128634,0.069004,0.081079,0.080234,0.085928
0.078517,0.118881,0.157812,0.066107,0.072716,0.116558,0.142107,0.082207,0.084423,0.080671
0.100737,0.106128,0.075100,0.068185,0.062138,0.116129,0.227019,0.056339,0.098862,0.089364
0.088557,0.115648,0.052409,0.056580,0.052094,0.067919,0.069177,0.284314,0.094712,0.118591
0.073452,0.129890,0.091780,0.068074,0.141901,0.117137,0.080689,0.094037,0.096711,0.106330
0.096126,0.123285,0.215552,0.051581,0.144414,0.097835,0.068415,0.090262,0.053600,0.058930
0.081255,0.124921,0.080545,0.051672,0.054118,0.274466,0.067951,0.063819,0.095869,0.105384
0.082602,0.170473,0.201313,0.056176,0.120583,0.077302,0.059171,0.084293,0.086957,0.061129
0.109681,0.071124,0.048530,0.081081,0.076641,0.252370,0.051820,0.101395,0.068723,0.138635
0.118994,0.136943,0.144623,0.106845,0.064311,0.132513,0.069929,0.064899,0.083653,0.077291
0.047281,0.071494,0.509396,0.029117,0.032672,0.137888,0.031706,0.055874,0.036903,0.047667
0.085009,0.103491,0.190883,0.068956,0.152422,0.115513,0.067832,0.071944,0.085490,0.058460
0.094525,0.060496,0.096280,0.166227,0.154134,0.097509,0.067991,0.067005,0.117335,0.078497
0.107131,0.106889,0.056368,0.113541,0.043228,0.109888,0.050021,0.289515,0.052982,0.070436
0.079514,0.053066,0.272619,0.089529,0.107080,0.113212,0.057119,0.074307,0.095985,0.057569
0.077679,0.141273,0.036594,0.077843,0.059052,0.285741,0.053653,0.095310,0.097743,0.075112
0.130669,0.146884,0.046763,0.078276,0.152349,0.081816,0.074371,0.073636,0.098109,0.117127
0.077138,0.111253,0.057733,0.120595,0.161896,0.120539,0.076566,0.100963,0.096284,0.077034
0.126797,0.116661,0.082064,0.068961,0.077441,0.123377,0.126532,0.088234,0.098910,0.091023
0.108803,0.179161,0.078481,0.106863,0.064638,0.154677,0.091377,0.070637,0.053170,0.092194
0.127577,0.070241,0.100208,0.086734,0.135004,0.108916,0.078637,0.101567,0.092910,0.098206
0.077176,0.056162,0.331176,0.054481,0.132502,0.071638,0.046724,0.084787,0.083007,0.062347
0.109780,0.194007,0.080635,0.084587,0.066000,0.108188,0.076480,0.091010,0.099012,0.090301
0.099962,0.099571,0.090216,0.067004,0.142550,0.109413,0.073839,0.095680,0.092392,0.129373
0.102314,0.138418,0.052598,0.072261,0.059901,0.094017,0.057982,0.272849,0.085584,0.064076
0.123121,0.065678,0.059663,0.111425,0.064623,0.140460,0.137232,0.067168,0.133566,0.097064
0.056741,0.037883,0.090285,0.073025,0.047687,0.094464,0.373416,0.149432,0.029531,0.047536
0.088263,0.054785,0.270825,0.053833,0.159923,0.082788,0.043684,0.078968,0.093906,0.073025
0.035811,0.030639,0.022392,0.030616,0.067987,0.075291,0.675526,0.016975,0.021962,0.022801
0.079617,0.120592,0.156460,0.055409,0.071250,0.071725,0.245046,0.064946,0.060713,0.074240
0.104889,0.167368,0.166052,0.079131,0.061281,0.102535,0.069956,0.083393,0.088009,0.077386
0.138956,0.078050,0.049258,0.092223,0.156106,0.099466,0.084377,0.081075,0.116950,0.103539
0.104325,0.113389,0.046644,0.062952,0.062464,0.101929,0.067333,0.283229,0.093774,0.063964
0.049782,0.073851,0.203319,0.069674,0.071117,0.251640,0.047475,0.086570,0.082184,0.064386
0.073428,0.064067,0.228649,0.039767,0.174921,0.176662,0.036803,0.076562,0.081975,0.047167
0.051522,0.070728,0.059946,0.064527,0.081234,0.210321,0.223979,0.090208,0.093538,0.053996
0.054911,0.085763,0.092358,0.043265,0.055070,0.233346,0.208112,0.084826,0.082281,0.060068
0.050060,0.063335,0.483385,0.033954,0.045908,0.159191,0.035614,0.035873,0.062442,0.030238
0.070504,0.067608,0.110233,0.076077,0.044874,0.113844,0.062592,0.245171,0.094875,0.114222
0.107560,0.067252,0.058146,0.217618,0.065019,0.136658,0.050513,0.122194,0.093378,0.081662
0.072742,0.067150,0.354451,0.058203,0.068519,0.121900,0.057582,0.087330,0.047934,0.064189
0.079932,0.153473,0.062740,0.120693,0.067955,0.109994,0.126137,0.065339,0.083044,0.130694
0.037769,0.021060,0.122248,0.030428,0.019627,0.074554,0.608883,0.027093,0.033753,0.024584
0.079341,0.058730,0.194004,0.096824,0.095308,0.061316,0.053842,0.225970,0.083232,0.051432
0.093278,0.136618,0.065591,0.137537,0.077623,0.123396,0.095541,0.070757,0.097288,0.102370
0.116453,0.109647,0.199085,0.059056,0.139086,0.078160,0.063801,0.080694,0.077166,0.076852
0.082670,0.067113,0.211669,0.145037,0.064491,0.089641,0.061056,0.069929,0.101011,0.107382
0.027041,0.019994,0.021451,0.029605,0.015082,0.022644,0.802271,0.016613,0.023969,0.021329
0.091665,0.064931,0.053622,0.086393,0.113791,0.099133,0.074721,0.266347,0.088019,0.061379
0.070004,0.144397,0.055371,0.078062,0.154410,0.124567,0.137554,0.070741,0.094309,0.070586
0.094389,0.153954,0.048544,0.065214,0.143181,0.117600,0.076002,0.100711,0.111499,0.088908
0.162046,0.064633,0.042468,0.141928,0.131169,0.080425,0.071751,0.050591,0.105457,0.149531
0.109385,0.082466,0.070794,0.132335,0.085004,0.153769,0.089884,0.093424,0.080749,0.102190
0.111619,0.069385,0.047573,0.085024,0.147237,0.159059,0.076074,0.089935,0.114936,0.099158
0.074513,0.086900,0.048165,0.054031,0.130151,0.112066,0.301387,0.063141,0.055244,0.074402
0.102073,0.102091,0.037144,0.061714,0.038630,0.112778,0.123544,0.253809,0.091737,0.076480
0.094801,0.134456,0.052142,0.063512,0.067525,0.148637,0.053013,0.272509,0.042573,0.070831
0.124390,0.123876,0.170971,0.059578,0.052536,0.097846,0.123588,0.082946,0.089088,0.075181
0.106051,0.189272,0.055689,0.078941,0.137734,0.103964,0.073849,0.082537,0.093659,0.078303
0.094017,0.094614,0.054515,0.077578,0.089000,0.285117,0.064059,0.053136,0.113918,0.074047
0.053735,0.116229,0.080681,0.051066,0.054265,0.085126,0.064174,0.282880,0.091701,0.120143
0.049431,0.085590,0.311895,0.048233,0.149275,0.086182,0.058569,0.067832,0.085811,0.057181
0.096698,0.104865,0.184424,0.085626,0.123412,0.097091,0.063775,0.068279,0.091776,0.084054
0.070563,0.145554,0.215811,0.053572,0.153295,0.093247,0.059964,0.062859,0.090595,0.054540
0.094142,0.078736,0.080824,0.093673,0.047278,0.264080,0.045637,0.099519,0.103073,0.093037
0.024358,0.018833,0.011145,0.022995,0.039071,0.034789,0.800109,0.012730,0.013463,0.022508
0.098457,0.160418,0.180936,0.068017,0.071229,0.106307,0.072371,0.081418,0.070336,0.090511
0.109832,0.139660,0.065711,0.073495,0.081319,0.185969,0.090117,0.069406,0.068013,0.116478
0.048413,0.063449,0.249904,0.045091,0.138929,0.067566,0.056694,0.220834,0.037237,0.071882
0.075645,0.130376,0.041451,0.070468,0.142840,0.080713,0.206211,0.080937,0.093665,0.077694
0.062206,0.067281,0.244986,0.066367,0.157439,0.075144,0.066523,0.076710,0.092258,0.091086
0.020534,0.015872,0.123313,0.016979,0.033764,0.016650,0.725704,0.017152,0.013154,0.016878
0.113986,0.108042,0.078762,0.101862,0.132091,0.121198,0.076386,0.096369,0.090644,0.080660
0.049581,0.029146,0.015513,0.056705,0.022484,0.042182,0.628620,0.094901,0.035352,0.025516
0.130411,0.086802,0.077430,0.107464,0.093821,0.131906,0.063856,0.079030,0.122337,0.106943
0.068607,0.151928,0.038288,0.047627,0.134852,0.118002,0.088963,0.230212,0.044683,0.076837
0.104079,0.065899,0.221548,0.077337,0.055050,0.134952,0.052661,0.089167,0.102864,0.096444
0.051769,0.099335,0.042797,0.124440,0.046207,0.146701,0.071751,0.303500,0.048938,0.064561
0.073628,0.143145,0.036031,0.080868,0.058378,0.296051,0.060630,0.088399,0.076433,0.086435
0.102386,0.160233,0.161206,0.094463,0.065795,0.092289,0.085377,0.089864,0.057426,0.090960
0.018627,0.018114,0.012290,0.067599,0.019233,0.019897,0.770267,0.022878,0.028543,0.022552
0.022218,0.058727,0.448129,0.024802,0.089778,0.102349,0.067240,0.111686,0.025320,0.049751
0.041977,0.102149,0.439517,0.033125,0.035369,0.092903,0.029308,0.132954,0.048143,0.044556
0.090250,0.098551,0.053191,0.079265,0.114198,0.104804,0.061813,0.245299,0.090156,0.062474
0.109941,0.097157,0.048588,0.108964,0.158109,0.124683,0.075531,0.093361,0.063668,0.119998
0.100341,0.207192,0.067822,0.118716,0.060326,0.095895,0.138059,0.062861,0.057568,0.091221
0.050213,0.083037,0.198320,0.043542,0.057959,0.139451,0.047770,0.211221,0.083347,0.085139
0.121729,0.066329,0.290201,0.041841,0.070304,0.185418,0.042886,0.076611,0.048172,0.056509
0.078216,0.081236,0.149431,0.066387,0.063346,0.177620,0.209353,0.050700,0.063355,0.060357
0.064388,0.064144,0.201406,0.051248,0.157834,0.071805,0.196717,0.088248,0.057447,0.046763
0.067157,0.058173,0.411700,0.060337,0.112317,0.053683,0.056464,0.070378,0.054016,0.055775
0.074407,0.108265,0.206356,0.080956,0.065677,0.105034,0.076451,0.089834,0.081078,0.111942
0.030880,0.041959,0.497114,0.031188,0.104625,0.087295,0.026218,0.103200,0.053088,0.024434
0.056641,0.070355,0.360813,0.058866,0.065657,0.089490,0.060161,0.070920,0.097564,0.069534
0.022497,0.021127,0.028682,0.023391,0.020206,0.029572,0.792132,0.022901,0.013037,0.026454
0.108300,0.108938,0.165991,0.053000,0.055277,0.231273,0.063719,0.074209,0.069806,0.069488
0.058732,0.175182,0.179447,0.050093,0.065643,0.224047,0.056295,0.071482,0.060965,0.058114
0.122394,0.184092,0.058437,0.095151,0.069441,0.119085,0.113890,0.072074,0.064887,0.100548
0.014416,0.017611,0.062262,0.021951,0.017118,0.017228,0.801550,0.020910,0.010031,0.016923
0.134121,0.078214,0.054961,0.077698,0.059660,0.069316,0.063316,0.272380,0.105188,0.085146
0.119191,0.116292,0.054293,0.061199,0.153723,0.136513,0.105745,0.077123,0.102654,0.073267
0.075596,0.154111,0.083885,0.111111,0.055584,0.134128,0.117844,0.086017,0.077715,0.104009
0.131710,0.132516,0.075645,0.091789,0.067962,0.138097,0.096089,0.074097,0.094444,0.097652
0.114662,0.157349,0.053415,0.084978,0.139108,0.131491,0.072666,0.107991,0.062383,0.075956
0.096897,0.111682,0.173515,0.075094,0.077110,0.083120,0.105031,0.106443,0.086057,0.085052
0.112201,0.083175,0.152686,0.088706,0.068707,0.093564,0.195884,0.080126,0.052924,0.072027
0.127467,0.123975,0.066100,0.124841,0.070002,0.122940,0.076432,0.089871,0.091979,0.106393
0.020684,0.027532,0.127870,0.032107,0.024956,0.029899,0.665851,0.028908,0.019027,0.023165
0.090609,0.075425,0.050456,0.180865,0.079789,0.091315,0.088508,0.091418,0.147815,0.103800
0.064837,0.116390,0.303730,0.072059,0.054295,0.097457,0.072451,0.080377,0.075662,0.062741
0.060372,0.080307,0.184433,0.072146,0.068501,0.245286,0.068670,0.083731,0.065184,0.071369
0.062402,0.093979,0.253804,0.047609,0.146758,0.172391,0.041954,0.060144,0.073148,0.047810
0.085959,0.066425,0.107845,0.058800,0.055562,0.171734,0.046803,0.244083,0.096433,0.066356
0.078842,0.147456,0.163046,0.047277,0.143137,0.184793,0.040903,0.065865,0.065827,0.062854
0.104301,0.160184,0.077790,0.075830,0.068561,0.102312,0.116425,0.078607,0.086575,0.129414
0.109350,0.206821,0.086683,0.058622,0.144466,0.078662,0.063679,0.069491,0.102223,0.080001
0.124260,0.086075,0.060374,0.070328,0.085248,0.128529,0.110656,0.111156,0.118381,0.104992
0.114016,0.172735,0.041039,0.110897,0.060274,0.230518,0.063589,0.067926,0.073395,0.065612
0.077497,0.056084,0.054570,0.061482,0.058759,0.166007,0.092309,0.316375,0.052127,0.064790
0.082353,0.087246,0.288175,0.062071,0.122196,0.081229,0.056665,0.077281,0.072741,0.070041
0.032368,0.057028,0.567413,0.033533,0.033589,0.128645,0.025519,0.045982,0.037783,0.038141
0.110712,0.163665,0.146756,0.094602,0.069256,0.076352,0.073037,0.097131,0.091235,0.077254
0.097821,0.148922,0.058149,0.118297,0.155748,0.100611,0.062855,0.073266,0.097701,0.086630
0.142258,0.096630,0.060778,0.106874,0.085113,0.102285,0.115678,0.087071,0.092293,0.111021
0.095866,0.125273,0.112914,0.048916,0.045330,0.257566,0.053044,0.096092,0.094282,0.070716
0.085056,0.113241,0.171443,0.093906,0.133343,0.099650,0.074654,0.061281,0.092352,0.075075
0.051131,0.072311,0.205595,0.089919,0.167404,0.095794,0.080372,0.085603,0.087090,0.064780
0.017817,0.029319,0.116880,0.047212,0.027574,0.055347,0.548835,0.094166,0.041469,0.021380
0.081086,0.060606,0.099475,0.057683,0.147489,0.277166,0.051062,0.088382,0.050647,0.086404
0.131964,0.066221,0.218436,0.155251,0.065489,0.111081,0.069968,0.070819,0.044336,0.066433
0.022798,0.017011,0.331716,0.028245,0.052651,0.063626,0.440818,0.014340,0.012887,0.015908
0.058201,0.096145,0.054650,0.075673,0.140311,0.124942,0.060334,0.251306,0.046566,0.091871
0.039518,0.032945,0.017069,0.027179,0.024239,0.026214,0.682431,0.102563,0.014411,0.033431
0.059717,0.078094,0.290127,0.059781,0.141653,0.076155,0.117389,0.078238,0.057119,0.041728
0.094933,0.143004,0.071770,0.072395,0.133198,0.109502,0.107472,0.068072,0.082787,0.116867
0.091548,0.107322,0.051943,0.093709,0.068554,0.266098,0.068733,0.090975,0.093559,0.067558
0.036192,0.017944,0.025393,0.025268,0.019071,0.029380,0.767153,0.026780,0.028881,0.023939
0.076404,0.073271,0.144248,0.048699,0.067545,0.085057,0.082780,0.255623,0.107926,0.058447
0.171219,0.080286,0.088042,0.086610,0.165707,0.085450,0.082963,0.054934,0.105334,0.079454
0.054936,0.106093,0.231779,0.064098,0.044212,0.078018,0.052475,0.243621,0.042368,0.082401
0.134271,0.190333,0.086024,0.081572,0.068804,0.113396,0.080656,0.090698,0.064365,0.089883
0.100062,0.090593,0.074315,0.125546,0.093172,0.114864,0.085741,0.085791,0.123881,0.106035
0.066172,0.112452,0.058370,0.071678,0.069306,0.128261,0.069887,0.293445,0.032237,0.098193
0.082760,0.086935,0.294602,0.059374,0.067865,0.117097,0.059463,0.067543,0.096603,0.067757
0.110199,0.064775,0.068526,0.075076,0.055909,0.124523,0.066985,0.268694,0.092648,0.072664
0.020664,0.021756,0.062400,0.031143,0.020651,0.035615,0.732854,0.021633,0.028353,0.024930
0.044085,0.055389,0.058236,0.038448,0.036703,0.218738,0.394115,0.053175,0.049799,0.051313
0.065784,0.059038,0.033886,0.045160,0.053673,0.173306,0.405783,0.069905,0.049748,0.043717
0.088413,0.083236,0.077848,0.109898,0.065464,0.262489,0.060430,0.055940,0.113378,0.082905
0.117155,0.151555,0.053538,0.124584,0.066906,0.152532,0.062901,0.069462,0.091976,0.109391
0.077376,0.071180,0.311422,0.053653,0.137516,0.092604,0.068360,0.088691,0.050339,0.048857
0.100482,0.059540,0.057683,0.075035,0.062356,0.153351,0.062866,0.274687,0.099566,0.054433
0.119781,0.113925,0.047734,0.089018,0.155765,0.134577,0.076246,0.073487,0.093108,0.096358
0.084874,0.089756,0.139994,0.074347,0.102812,0.085636,0.059588,0.190684,0.079413,0.092895
0.073658,0.061516,0.248336,0.083981,0.061030,0.171637,0.094446,0.080772,0.079318,0.045306
0.033486,0.026441,0.109597,0.027806,0.026299,0.033985,0.588011,0.087148,0.042321,0.024906
0.082904,0.149468,0.162808,0.110360,0.074924,0.096835,0.115896,0.073630,0.053260,0.079915
0.068852,0.074651,0.074449,0.040374,0.140151,0.222070,0.226787,0.079097,0.038008,0.035562
0.019508,0.020669,0.328419,0.020728,0.046867,0.059752,0.440250,0.024238,0.023128,0.016442
0.068427,0.101654,0.210714,0.048844,0.060206,0.079709,0.077459,0.243638,0.046813,0.062536
0.106876,0.147876,0.051284,0.112156,0.061906,0.094863,0.055602,0.275142,0.032085,0.062210
0.081107,0.097809,0.120334,0.051809,0.059816,0.099686,0.074870,0.257238,0.099459,0.057873
0.087831,0.143317,0.179912,0.079532,0.054182,0.111117,0.079685,0.086361,0.096639,0.081424
0.125301,0.094275,0.042991,0.069687,0.071193,0.281571,0.070643,0.087910,0.063388,0.093041
0.114457,0.170025,0.062988,0.080569,0.071457,0.113453,0.079788,0.083580,0.084671,0.139011
0.091117,0.078753,0.230181,0.044433,0.045345,0.163647,0.159242,0.068931,0.063444,0.054907
0.139643,0.105595,0.079647,0.106992,0.137851,0.084746,0.075950,0.073521,0.110079,0.085975
0.127272,0.156786,0.064393,0.119256,0.069973,0.125132,0.077472,0.071937,0.090710,0.097069
0.066327,0.084026,0.095927,0.094573,0.072615,0.120818,0.050100,0.306410,0.037822,0.071382
0.029991,0.021200,0.106769,0.018178,0.042684,0.027303,0.640588,0.082082,0.012842,0.018363
0.070262,0.169128,0.185981,0.067013,0.121224,0.093610,0.080155,0.056832,0.075274,0.080520
0.085009,0.071252,0.191915,0.070606,0.048746,0.249643,0.048912,0.073765,0.085368,0.074783
0.172978,0.128020,0.074576,0.072077,0.082977,0.131283,0.083790,0.071204,0.087172,0.095924
0.028235,0.030083,0.022301,0.026289,0.019014,0.038002,0.669724,0.094867,0.046414,0.025070
0.042261,0.065064,0.190965,0.087327,0.140462,0.229318,0.055723,0.062690,0.067430,0.058759
0.082955,0.197062,0.057789,0.096001,0.065116,0.117671,0.062350,0.101136,0.088710,0.131209
0.055929,0.026762,0.073158,0.025391,0.078116,0.064715,0.533188,0.084369,0.016755,0.041618
0.021388,0.025874,0.089209,0.023408,0.072792,0.076338,0.628531,0.015007,0.022868,0.024586
0.099906,0.123669,0.049867,0.075731,0.163068,0.132529,0.096117,0.098424,0.065316,0.095374
0.045214,0.042308,0.561345,0.044479,0.035635,0.089666,0.035856,0.060970,0.053305,0.031223
0.131367,0.083580,0.078710,0.119577,0.074141,0.139426,0.058956,0.132979,0.076357,0.104908
0.082431,0.106508,0.035294,0.070833,0.167468,0.294986,0.063488,0.053328,0.056287,0.069377
0.094471,0.091947,0.160972,0.110331,0.071697,0.133617,0.075584,0.076055,0.096721,0.088604
0.135753,0.070606,0.053808,0.071364,0.066870,0.116077,0.072030,0.304119,0.033654,0.075719
0.032115,0.031770,0.487419,0.026064,0.128023,0.162535,0.029424,0.032907,0.026082,0.043660
0.086944,0.123759,0.067508,0.104099,0.072452,0.151574,0.077064,0.071842,0.101219,0.143541
0.110681,0.096161,0.054507,0.083735,0.068568,0.129129,0.207863,0.051092,0.081941,0.116322
0.138343,0.094842,0.071678,0.111767,0.094201,0.133536,0.066002,0.110058,0.065476,0.114096
0.053836,0.171505,0.242506,0.059577,0.055961,0.183470,0.041792,0.076056,0.058161,0.057137
0.069760,0.051863,0.369393,0.058148,0.122588,0.077889,0.050926,0.037235,0.066219,0.095980
0.109632,0.066720,0.058962,0.053065,0.083088,0.266763,0.081822,0.085947,0.104575,0.089426
0.098790,0.101598,0.036218,0.050337,0.186058,0.277097,0.049500,0.059044,0.063701,0.077657
0.089536,0.135917,0.057506,0.093378,0.079371,0.166478,0.087282,0.093256,0.100472,0.096803
0.083483,0.135538,0.171893,0.082967,0.071941,0.096422,0.129402,0.066338,0.081366,0.080651
0.060834,0.066788,0.220837,0.093550,0.135576,0.072528,0.063432,0.084287,0.090492,0.111675
0.049051,0.066126,0.459831,0.044543,0.051320,0.132656,0.079411,0.037965,0.048254,0.030844
0.022090,0.019153,0.016499,0.048561,0.020150,0.024119,0.765424,0.017725,0.028237,0.038041
0.076717,0.054867,0.361212,0.093687,0.045465,0.106376,0.071948,0.037526,0.085702,0.066501
0.069457,0.071137,0.089605,0.073551,0.137079,0.110153,0.076669,0.099869,0.129939,0.142542
0.047761,0.077729,0.047186,0.078390,0.069703,0.161654,0.081998,0.266726,0.100636,0.068217
0.034302,0.077569,0.279257,0.052603,0.152431,0.194025,0.042559,0.077664,0.038195,0.051396
0.042570,0.094267,0.120136,0.064038,0.058454,0.152787,0.049218,0.237253,0.086731,0.094547
0.135071,0.076494,0.051689,0.172984,0.079063,0.104959,0.133357,0.088274,0.053479,0.104630
0.116211,0.132773,0.059918,0.074525,0.141286,0.110963,0.072383,0.106725,0.101605,0.083612
0.017655,0.021248,0.378196,0.018975,0.057835,0.064144,0.392856,0.014936,0.015962,0.018193
0.137098,0.181637,0.064274,0.106278,0.068042,0.142507,0.060385,0.067546,0.088518,0.083715
0.103339,0.134116,0.163155,0.107872,0.068748,0.105502,0.068119,0.083881,0.081924,0.083343
0.077481,0.159999,0.032913,0.060954,0.137853,0.231434,0.054064,0.083531,0.081570,0.080201
0.063589,0.101013,0.278473,0.074937,0.129159,0.093077,0.051059,0.070758,0.072662,0.065273
0.050968,0.070178,0.246354,0.072370,0.138759,0.067033,0.084771,0.071430,0.088416,0.109721
0.079373,0.123253,0.179757,0.076235,0.055564,0.147253,0.079003,0.072110,0.102601,0.084851
0.085044,0.158726,0.037837,0.086059,0.134601,0.067527,0.075443,0.243341,0.038410,0.073011
0.070752,0.088830,0.182837,0.069239,0.058681,0.088691,0.063758,0.203312,0.081205,0.092695
0.121319,0.116383,0.061245,0.067742,0.152870,0.106323,0.086289,0.091198,0.100194,0.096436
0.025542,0.041997,0.135712,0.031804,0.128073,0.136311,0.379960,0.040731,0.040759,0.039111
0.103627,0.060866,0.182710,0.078216,0.051703,0.238980,0.064593,0.095026,0.058007,0.066273
0.072209,0.071244,0.053179,0.181788,0.173563,0.097024,0.075627,0.087462,0.106789,0.081115
0.109777,0.097604,0.059323,0.090530,0.068170,0.109193,0.238480,0.062069,0.075723,0.089132
0.143504,0.115470,0.068576,0.101171,0.060673,0.109360,0.108023,0.114242,0.086381,0.092600
0.093688,0.075282,0.039991,0.060505,0.144927,0.096363,0.080310,0.262626,0.087788,0.058520
0.070762,0.095562,0.192694,0.057648,0.141230,0.068458,0.105153,0.088139,0.092266,0.088088
0.104270,0.222755,0.068081,0.080779,0.068301,0.119140,0.094151,0.098159,0.060868,0.083496
0.041081,0.053165,0.148085,0.047891,0.131810,0.061711,0.133136,0.234151,0.088139,0.060832
0.016051,0.015705,0.018044,0.016806,0.028246,0.022202,0.810152,0.029112,0.025383,0.018300
0.036687,0.019783,0.018212,0.025383,0.022817,0.022397,0.762661,0.027455,0.039851,0.024754
0.085865,0.063746,0.109174,0.049798,0.166100,0.278194,0.040959,0.094052,0.055139,0.056973
0.069749,0.088878,0.187087,0.059495,0.075016,0.233556,0.063222,0.070438,0.084083,0.068475
0.067555,0.103008,0.274842,0.076393,0.070844,0.103968,0.073161,0.069744,0.084518,0.075968
0.155195,0.084099,0.064062,0.135145,0.087827,0.121246,0.061563,0.066931,0.109064,0.114869
0.163078,0.109603,0.055768,0.114740,0.081086,0.093705,0.129174,0.075963,0.081843,0.095039
