0.002834,0.002555,0.463925,0.006371,0.413499,0.025581,0.021463,0.011957,0.047955,0.003861
0.005722,0.002884,0.418175,0.015280,0.452050,0.026030,0.035264,0.013062,0.022826,0.008706
0.028001,0.009370,0.553063,0.063442,0.230034,0.021230,0.009822,0.028028,0.008057,0.048953
0.015176,0.148868,0.005532,0.043123,0.514851,0.058580,0.024871,0.138388,0.005681,0.044930
0.003069,0.103753,0.800924,0.002027,0.050199,0.007154,0.006293,0.002117,0.008845,0.015620
0.014603,0.003598,0.626724,0.004093,0.087730,0.001656,0.000881,0.003722,0.250241,0.006751
0.002251,0.001421,0.233566,0.002622,0.138956,0.003764,0.003471,0.002374,0.604928,0.006647
0.127692,0.097974,0.081209,0.059358,0.061303,0.117885,0.163598,0.138185,0.078688,0.074109
0.006917,0.004740,0.021487,0.062058,0.214152,0.058759,0.004644,0.015466,0.581784,0.029992
0.009156,0.006591,0.006471,0.106817,0.715128,0.028922,0.024472,0.046174,0.010210,0.046060
0.004911,0.000499,0.734314,0.005578,0.226713,0.008708,0.013026,0.004178,0.000901,0.001170
0.001264,0.001024,0.423086,0.032057,0.344672,0.010704,0.017024,0.023888,0.144286,0.001994
0.033578,0.005377,0.794157,0.011318,0.090089,0.004231,0.004423,0.028404,0.010193,0.018231
0.014309,0.005762,0.695808,0.006838,0.132438,0.013179,0.048801,0.009065,0.035578,0.038223
0.013372,0.007818,0.457877,0.022961,0.199079,0.045409,0.007519,0.032084,0.178873,0.035007
0.063089,0.076789,0.187132,0.077964,0.139377,0.074588,0.166167,0.071933,0.111484,0.031477
0.000899,0.022518,0.823395,0.000962,0.129345,0.000766,0.001085,0.012160,0.007711,0.001158
0.019625,0.009744,0.007507,0.008375,0.640579,0.003547,0.007245,0.093722,0.024191,0.185466
0.043492,0.092850,0.141181,0.095008,0.040184,0.158935,0.185360,0.137334,0.057906,0.047751
0.007247,0.005559,0.018172,0.169745,0.416924,0.096986,0.080787,0.033208,0.089064,0.082309
0.003510,0.000718,0.825996,0.030400,0.113023,0.000489,0.004936,0.003134,0.016857,0.000937
0.004920,0.001433,0.436160,0.008232,0.455954,0.019539,0.022298,0.034078,0.002023,0.015361
0.004218,0.000721,0.732303,0.015033,0.225616,0.004049,0.009448,0.004300,0.002741,0.001571
0.022045,0.006954,0.014565,0.011876,0.750669,0.082459,0.044546,0.034681,0.020981,0.011225
0.028479,0.290446,0.049579,0.009068,0.346108,0.092214,0.023794,0.072229,0.074163,0.013920
0.007923,0.127164,0.003049,0.025169,0.734522,0.008626,0.021788,0.004889,0.062147,0.004724
0.086096,0.015102,0.041256,0.028018,0.400272,0.017669,0.012564,0.124773,0.229964,0.044283
0.016593,0.001225,0.884615,0.006695,0.041054,0.001096,0.018058,0.013780,0.001788,0.015094
0.017233,0.006100,0.120101,0.009342,0.718041,0.016141,0.030538,0.030122,0.040174,0.012208
0.006150,0.005173,0.090366,0.020702,0.702477,0.049435,0.025966,0.027444,0.033565,0.038721
0.040470,0.010292,0.011548,0.060892,0.604291,0.076641,0.066460,0.039693,0.024209,0.065504
0.026821,0.015169,0.007282,0.061486,0.759390,0.014704,0.003004,0.033918,0.034785,0.043441
0.009240,0.001999,0.431414,0.007411,0.431412,0.014490,0.025045,0.018369,0.054011,0.006610
0.004504,0.001629,0.740280,0.027973,0.117858,0.016092,0.018682,0.026003,0.028463,0.018515
0.014294,0.062605,0.798169,0.001393,0.068593,0.017858,0.008401,0.002421,0.010043,0.016223
0.016294,0.114707,0.394370,0.018768,0.386701,0.009737,0.035576,0.003739,0.010682,0.009426
0.076720,0.089720,0.238009,0.075480,0.149281,0.065193,0.058764,0.120848,0.067140,0.058845
0.003415,0.001401,0.455735,0.007741,0.431550,0.016263,0.005620,0.064902,0.010487,0.002885
0.004411,0.001111,0.892136,0.002009,0.029414,0.000789,0.005697,0.025313,0.037464,0.001655
0.014200,0.005567,0.474041,0.014743,0.450665,0.013268,0.007504,0.006376,0.005747,0.007888
0.003293,0.002685,0.679341,0.005171,0.152330,0.032043,0.028333,0.015435,0.078310,0.003060
0.110370,0.081833,0.151396,0.047981,0.079845,0.087318,0.122390,0.130870,0.089871,0.098125
0.002718,0.000295,0.821396,0.018713,0.110497,0.000219,0.013273,0.005186,0.024314,0.003388
0.104105,0.093553,0.171875,0.075387,0.038805,0.094659,0.168836,0.123283,0.059312,0.070184
0.006763,0.009198,0.091349,0.083980,0.664947,0.012829,0.034100,0.019753,0.038019,0.039062
0.050177,0.108366,0.029294,0.029724,0.587372,0.021988,0.047115,0.046741,0.027754,0.051469
0.028746,0.009595,0.009307,0.062472,0.724397,0.063616,0.019929,0.039432,0.019742,0.022764
0.001582,0.001915,0.494285,0.010192,0.442403,0.004621,0.006982,0.008000,0.013487,0.016534
0.007939,0.003630,0.481909,0.078995,0.358940,0.012044,0.023808,0.007542,0.009456,0.015738
0.030574,0.119857,0.004465,0.028433,0.721032,0.014453,0.055800,0.015881,0.004635,0.004869
0.003222,0.003859,0.105941,0.007848,0.794270,0.015216,0.013243,0.020171,0.004845,0.031385
0.046219,0.016326,0.025261,0.025431,0.414577,0.125738,0.009822,0.072044,0.244143,0.020439
0.005261,0.007337,0.512090,0.006216,0.395825,0.022352,0.003753,0.017471,0.009037,0.020659
0.001667,0.088219,0.654270,0.000673,0.201624,0.001331,0.015468,0.031085,0.003977,0.001685
0.068624,0.192448,0.020482,0.071781,0.398980,0.094819,0.040605,0.042464,0.037839,0.031958
0.023899,0.039184,0.179988,0.013776,0.183700,0.051380,0.017626,0.037672,0.431915,0.020860
0.036067,0.076004,0.006831,0.008421,0.147000,0.011315,0.023764,0.164119,0.518570,0.007908
0.027596,0.004577,0.007518,0.022935,0.744201,0.005090,0.040009,0.036173,0.094286,0.017615
0.032546,0.245823,0.020131,0.012737,0.324576,0.088281,0.049378,0.024627,0.189304,0.012596
0.009199,0.230564,0.020796,0.016055,0.408196,0.099949,0.053162,0.067430,0.084545,0.010104
0.017757,0.003655,0.674997,0.007088,0.149156,0.041780,0.020199,0.023711,0.006412,0.055245
0.000742,0.000458,0.507845,0.003070,0.417047,0.016040,0.015653,0.014735,0.011041,0.013368
0.004085,0.095352,0.449619,0.012458,0.395438,0.012696,0.006806,0.002445,0.011156,0.009945
0.001698,0.001234,0.660247,0.018572,0.266848,0.003969,0.001206,0.015683,0.027757,0.002786
0.019262,0.003567,0.442596,0.010367,0.403405,0.008488,0.014306,0.011884,0.010936,0.075189
0.015115,0.007759,0.014346,0.034688,0.157619,0.104023,0.003837,0.035638,0.609415,0.017560
0.014971,0.012987,0.017306,0.016582,0.644794,0.010730,0.037206,0.028309,0.198779,0.018336
0.001999,0.033691,0.249810,0.002553,0.169018,0.006123,0.010306,0.001372,0.517978,0.007150
0.004988,0.021038,0.336183,0.031875,0.044274,0.004040,0.010221,0.008288,0.529016,0.010079
0.051181,0.015950,0.456855,0.024018,0.199286,0.011895,0.011881,0.037212,0.177965,0.013758
0.053163,0.009260,0.021984,0.020605,0.319746,0.010853,0.033662,0.222478,0.277033,0.031216
0.001330,0.000851,0.714858,0.003499,0.241264,0.000701,0.009736,0.004665,0.018286,0.004810
0.119139,0.099914,0.048750,0.092564,0.033297,0.099814,0.242439,0.064851,0.068355,0.130878
0.000694,0.000881,0.580548,0.018054,0.211946,0.005621,0.011030,0.007382,0.162576,0.001267
0.001151,0.000502,0.487514,0.025236,0.096629,0.024791,0.022307,0.011399,0.323513,0.006959
0.002797,0.001428,0.838490,0.010438,0.046690,0.009410,0.018324,0.059230,0.011492,0.001701
0.001858,0.001101,0.002901,0.038431,0.457444,0.027695,0.021941,0.032980,0.305984,0.109665
0.009520,0.046826,0.751463,0.005153,0.037659,0.002292,0.026327,0.032266,0.083911,0.004582
0.089658,0.007889,0.016740,0.037060,0.244938,0.008134,0.030564,0.406104,0.077750,0.081163
0.039124,0.009186,0.104445,0.022306,0.673642,0.014849,0.004381,0.028167,0.053728,0.050173
0.009301,0.005306,0.866247,0.005006,0.054896,0.001885,0.020944,0.009397,0.020799,0.006218
0.009547,0.000624,0.740967,0.004060,0.189090,0.000414,0.003444,0.042962,0.007277,0.001614
0.003638,0.002541,0.543959,0.002591,0.040613,0.003513,0.001641,0.011504,0.374549,0.015452
0.089180,0.091013,0.088331,0.089972,0.223565,0.108119,0.107148,0.043917,0.063049,0.095706
0.008915,0.001736,0.607013,0.009437,0.301248,0.003813,0.016929,0.023775,0.019658,0.007475
0.014690,0.001557,0.770482,0.005983,0.046223,0.001544,0.026562,0.016485,0.004471,0.112003
0.003691,0.001923,0.925403,0.001007,0.027204,0.000600,0.009415,0.006779,0.021778,0.002198
0.009610,0.000241,0.834451,0.001473,0.135042,0.000173,0.011360,0.001239,0.004967,0.001443
0.005533,0.004513,0.388484,0.009457,0.311223,0.033150,0.002124,0.059514,0.163229,0.022774
0.022151,0.004659,0.009260,0.016314,0.603109,0.003829,0.007149,0.095969,0.039506,0.198054
0.005289,0.004169,0.508829,0.016559,0.103195,0.024442,0.003056,0.011256,0.305402,0.017802
0.004176,0.002184,0.547270,0.019175,0.360226,0.014600,0.010429,0.009248,0.023810,0.008883
0.008825,0.003283,0.275872,0.017871,0.232977,0.017221,0.001571,0.081287,0.134701,0.226392
0.008094,0.000600,0.681648,0.004871,0.265498,0.004392,0.010920,0.003069,0.013059,0.007847
0.118540,0.091856,0.081932,0.102425,0.050014,0.110554,0.151939,0.149947,0.063780,0.079013
0.005103,0.000682,0.872204,0.003594,0.076084,0.004250,0.010468,0.006832,0.006018,0.014766
0.031732,0.004176,0.012870,0.010588,0.359366,0.123624,0.037569,0.069873,0.070723,0.279479
0.000739,0.047629,0.861562,0.001450,0.047273,0.007118,0.021661,0.001459,0.009284,0.001826
0.005160,0.004087,0.005700,0.009722,0.589213,0.003569,0.022786,0.008821,0.188242,0.162700
0.021965,0.003564,0.555059,0.010265,0.095614,0.024251,0.002321,0.161465,0.013031,0.112466
0.010288,0.002704,0.495520,0.025298,0.411161,0.014710,0.013475,0.013399,0.009063,0.004383
0.008822,0.006983,0.569128,0.010536,0.359786,0.004767,0.004331,0.012260,0.007991,0.015396
0.003362,0.000399,0.932453,0.011890,0.031500,0.002503,0.010033,0.002022,0.001055,0.004784
0.026659,0.031160,0.552636,0.006070,0.233655,0.017836,0.024763,0.052549,0.031337,0.023335
0.014995,0.003511,0.372678,0.007348,0.128337,0.025166,0.002309,0.028211,0.380754,0.036691
0.021503,0.004233,0.743481,0.009705,0.132478,0.007781,0.020724,0.018374,0.009809,0.031911
0.091518,0.013435,0.046857,0.055621,0.423278,0.167727,0.005731,0.079961,0.025291,0.090580
0.019691,0.009374,0.097735,0.198255,0.499503,0.069123,0.002485,0.030216,0.021059,0.052560
0.046879,0.275946,0.013812,0.023670,0.375293,0.132609,0.047817,0.057118,0.013903,0.012955
0.068918,0.020076,0.046328,0.045570,0.576686,0.026069,0.038546,0.094848,0.047931,0.035029
0.005291,0.003271,0.562279,0.015488,0.344190,0.011480,0.000843,0.005547,0.045577,0.006034
0.001695,0.000240,0.767138,0.001182,0.033012,0.005391,0.003267,0.010394,0.169172,0.008508
0.011443,0.002713,0.482087,0.015598,0.376679,0.011003,0.065116,0.014777,0.012363,0.008223
0.014476,0.088560,0.575956,0.002594,0.252582,0.006879,0.026491,0.002399,0.009819,0.020245
0.001808,0.001013,0.690156,0.024538,0.228837,0.000338,0.002858,0.040321,0.001404,0.008727
0.003476,0.001136,0.623485,0.020472,0.272796,0.006296,0.000423,0.018567,0.012271,0.041077
0.023524,0.006133,0.012293,0.020373,0.792782,0.007884,0.017023,0.070712,0.039379,0.009897
0.013807,0.002889,0.649975,0.050502,0.162246,0.013784,0.034830,0.021147,0.042557,0.008263
0.029211,0.031156,0.512984,0.028875,0.086521,0.112900,0.035959,0.017370,0.115523,0.029500
0.018770,0.006378,0.600723,0.028027,0.164604,0.073706,0.004272,0.038498,0.038237,0.026784
0.005785,0.006524,0.267749,0.006851,0.117712,0.009608,0.005333,0.073047,0.495308,0.012083
0.068382,0.016696,0.337802,0.029487,0.398586,0.018902,0.012580,0.036564,0.026141,0.054859
0.001765,0.000904,0.392915,0.046402,0.468051,0.031656,0.022178,0.009904,0.016958,0.009265
0.010291,0.005663,0.019544,0.022482,0.386484,0.171903,0.042655,0.084519,0.207510,0.048948
0.015343,0.003368,0.455141,0.012132,0.387538,0.036643,0.002241,0.022333,0.057502,0.007760
0.009633,0.005103,0.836659,0.020885,0.055672,0.003277,0.007999,0.016103,0.020333,0.024337
0.067087,0.004891,0.013530,0.072821,0.252654,0.046732,0.036995,0.420356,0.069683,0.015252
0.015378,0.001492,0.565651,0.016957,0.297036,0.032939,0.015705,0.039269,0.010549,0.005024
0.005745,0.001115,0.663925,0.008248,0.236196,0.000645,0.018456,0.050174,0.003140,0.012357
0.002969,0.000830,0.733853,0.002299,0.226411,0.004553,0.006014,0.013432,0.007525,0.002115
0.003480,0.070959,0.586052,0.004216,0.298497,0.010412,0.008617,0.013174,0.001660,0.002932
0.145875,0.110381,0.065754,0.120214,0.053978,0.080249,0.184868,0.092587,0.067469,0.078626
0.017298,0.001325,0.463242,0.017333,0.409687,0.000895,0.003801,0.011208,0.059188,0.016022
0.004435,0.000573,0.848741,0.000972,0.031749,0.000887,0.014994,0.021860,0.010152,0.065637
0.008849,0.002636,0.461148,0.077484,0.280675,0.021805,0.081713,0.009352,0.033364,0.022973
0.004187,0.001498,0.564082,0.047603,0.308000,0.018771,0.012410,0.020495,0.001758,0.021196
0.008321,0.005681,0.009013,0.030054,0.827689,0.043438,0.017790,0.034699,0.007480,0.015833
0.012639,0.000462,0.405484,0.020668,0.337534,0.002850,0.009378,0.003422,0.199759,0.007805
0.101261,0.088769,0.068792,0.114476,0.048116,0.101038,0.178748,0.137639,0.098754,0.062406
0.004241,0.002263,0.751109,0.008474,0.103474,0.013791,0.026409,0.068338,0.014492,0.007409
0.038550,0.108187,0.006434,0.014032,0.634562,0.047497,0.013890,0.124624,0.005374,0.006851
0.003517,0.069386,0.624914,0.001765,0.266124,0.007815,0.009407,0.001391,0.014244,0.001435
0.053012,0.109502,0.310362,0.052358,0.178680,0.058245,0.052376,0.095600,0.052104,0.037761
0.082635,0.099380,0.217364,0.080276,0.039838,0.101101,0.183190,0.059057,0.070274,0.066886
0.010203,0.001805,0.485396,0.005394,0.433478,0.022090,0.020182,0.008071,0.005963,0.007419
0.058589,0.077496,0.198543,0.082593,0.221704,0.048142,0.058429,0.178620,0.041609,0.034275
0.020519,0.003512,0.013937,0.020663,0.243094,0.023629,0.051623,0.024215,0.590165,0.008641
0.017885,0.218190,0.026585,0.017523,0.375025,0.038325,0.009699,0.029522,0.166503,0.100744
0.022008,0.001124,0.753394,0.002723,0.033366,0.000855,0.017853,0.058570,0.108818,0.001290
0.008387,0.002117,0.527256,0.004777,0.420437,0.001178,0.004603,0.008753,0.004291,0.018202
0.105156,0.008783,0.018325,0.021713,0.424637,0.148139,0.083521,0.166266,0.011912,0.011548
0.001942,0.001585,0.723576,0.033900,0.048533,0.001410,0.020872,0.050602,0.014633,0.102947
0.025951,0.059709,0.290972,0.051039,0.310324,0.048321,0.021406,0.109016,0.027457,0.055806
0.025134,0.029281,0.042252,0.116639,0.488240,0.045940,0.009409,0.086903,0.130946,0.025257
0.005335,0.004680,0.451516,0.059110,0.294796,0.015647,0.003388,0.014074,0.129166,0.022289
0.037078,0.009839,0.034041,0.015357,0.509676,0.023999,0.083352,0.090580,0.096101,0.099978
0.016413,0.133404,0.008753,0.021357,0.721860,0.014184,0.057051,0.013148,0.006347,0.007484
0.069313,0.095705,0.184810,0.071326,0.041234,0.104048,0.188034,0.051658,0.064428,0.129443
0.008990,0.026495,0.681959,0.004120,0.238779,0.001921,0.017685,0.004451,0.012595,0.003006
0.161141,0.064699,0.100568,0.113099,0.095637,0.073582,0.074251,0.039816,0.051242,0.225964
0.005726,0.004221,0.005884,0.015605,0.653046,0.004011,0.031681,0.019847,0.252899,0.007080
0.025326,0.202722,0.014588,0.104659,0.364900,0.019227,0.037576,0.075323,0.072028,0.083649
0.003679,0.105912,0.447307,0.000945,0.349843,0.018467,0.032823,0.022691,0.016292,0.002042
0.008167,0.001020,0.799434,0.029371,0.104164,0.006041,0.032025,0.005113,0.008752,0.005912
0.030729,0.035986,0.039571,0.038960,0.633420,0.024365,0.031039,0.065352,0.031805,0.068774
0.003308,0.000230,0.685011,0.019674,0.119632,0.000180,0.004343,0.000948,0.166253,0.000422
0.002232,0.160341,0.602053,0.042596,0.104619,0.026239,0.041521,0.006362,0.003177,0.010860
0.010784,0.021883,0.025706,0.123418,0.436233,0.193781,0.005824,0.077949,0.093074,0.011350
0.003525,0.117843,0.309667,0.006702,0.490657,0.004366,0.015947,0.040748,0.008795,0.001748
0.021052,0.000860,0.554854,0.012624,0.299866,0.020444,0.008251,0.038299,0.040531,0.003219
0.047373,0.010274,0.013636,0.018967,0.724417,0.046058,0.012576,0.046537,0.062961,0.017202
0.008094,0.001895,0.456063,0.014259,0.471488,0.005445,0.029714,0.007661,0.002173,0.003207
0.016358,0.019406,0.033940,0.032567,0.527261,0.099570,0.013646,0.114862,0.014537,0.127852
0.004775,0.001182,0.438838,0.012672,0.420762,0.010248,0.021479,0.071472,0.010121,0.008452
0.027132,0.067603,0.011066,0.056881,0.524141,0.006775,0.012202,0.014465,0.269312,0.010422
0.008394,0.008261,0.011561,0.057215,0.422670,0.005990,0.004392,0.061871,0.235656,0.183990
0.021409,0.017629,0.013451,0.015449,0.595243,0.110547,0.008417,0.102047,0.055217,0.060590
0.029290,0.007113,0.321258,0.012724,0.319010,0.029947,0.103505,0.037331,0.124123,0.015699
0.005668,0.001805,0.817857,0.047268,0.077547,0.013800,0.011813,0.013355,0.008096,0.002792
0.091810,0.020720,0.030424,0.078863,0.465374,0.037432,0.024960,0.089198,0.028045,0.133175
0.005748,0.003068,0.694536,0.006732,0.071101,0.004105,0.041861,0.019527,0.020240,0.133083
0.023642,0.133934,0.010973,0.098788,0.280260,0.072642,0.063683,0.162462,0.142679,0.010939
0.045622,0.005077,0.010258,0.010437,0.739629,0.097171,0.006614,0.032472,0.039672,0.013047
0.016043,0.001282,0.777485,0.004313,0.101689,0.042161,0.018973,0.020966,0.011238,0.005849
0.010334,0.001200,0.530736,0.012983,0.317251,0.007113,0.010273,0.043427,0.046362,0.020320
0.006279,0.002986,0.601764,0.006579,0.323903,0.019898,0.000636,0.007869,0.010866,0.019217
0.011837,0.070384,0.851796,0.010974,0.033582,0.009666,0.003749,0.007078,0.000392,0.000542
0.010783,0.001439,0.684870,0.005783,0.109325,0.029628,0.019777,0.061109,0.070376,0.006910
0.019277,0.012337,0.023679,0.093814,0.247257,0.098023,0.002179,0.310896,0.130037,0.062501
0.006505,0.003190,0.505357,0.048943,0.378212,0.013909,0.017634,0.015995,0.004795,0.005462
0.003519,0.024026,0.600001,0.003229,0.206602,0.001396,0.041681,0.011297,0.105671,0.002577
0.022106,0.003227,0.144794,0.077077,0.508310,0.055233,0.003379,0.079097,0.049986,0.056791
0.006016,0.001126,0.456247,0.022505,0.451726,0.000727,0.020894,0.007043,0.032497,0.001218
0.028955,0.176867,0.015996,0.173713,0.376215,0.036976,0.095507,0.050324,0.019488,0.025958
0.003351,0.036360,0.787397,0.000537,0.030718,0.010798,0.000573,0.009015,0.119584,0.001667
0.015795,0.001338,0.452070,0.004818,0.451213,0.003582,0.011685,0.021931,0.036401,0.001168
0.004985,0.035092,0.459034,0.002510,0.377894,0.001382,0.009979,0.015905,0.002384,0.090835
0.010966,0.002082,0.746077,0.029312,0.089176,0.007751,0.016770,0.059879,0.009348,0.028640
0.024654,0.004017,0.835041,0.004821,0.049682,0.001457,0.022979,0.016781,0.016877,0.023691
0.084835,0.223861,0.036104,0.008753,0.327484,0.101620,0.007704,0.030167,0.149976,0.029496
0.012494,0.003799,0.009021,0.003923,0.165298,0.043588,0.027259,0.037092,0.657312,0.040215
0.004745,0.003002,0.004149,0.046325,0.777644,0.002230,0.025695,0.009931,0.102520,0.023759
0.002094,0.000493,0.678741,0.002306,0.078621,0.000389,0.009335,0.003718,0.216804,0.007499
0.003542,0.157982,0.012398,0.041577,0.613812,0.047150,0.059684,0.026262,0.031949,0.005646
0.017842,0.008248,0.096146,0.148019,0.610622,0.028184,0.002583,0.031730,0.045907,0.010719
0.042130,0.009687,0.218238,0.024880,0.350459,0.061131,0.046333,0.046275,0.192949,0.007918
0.087659,0.080557,0.167302,0.088348,0.037243,0.090119,0.164568,0.127716,0.057395,0.099092
0.001785,0.154946,0.500209,0.016967,0.276449,0.019652,0.001678,0.022389,0.003073,0.002852
0.013577,0.005586,0.221482,0.010527,0.046316,0.005342,0.000936,0.006578,0.676904,0.012751
0.005148,0.003871,0.738328,0.009383,0.076888,0.035184,0.004247,0.079696,0.023555,0.023701
0.011337,0.022743,0.016790,0.026563,0.667057,0.010850,0.013705,0.047216,0.164235,0.019505
0.019469,0.004330,0.716489,0.047696,0.101948,0.004076,0.049852,0.015139,0.033769,0.007230
0.003063,0.165554,0.509205,0.005695,0.261986,0.015922,0.015403,0.008854,0.001097,0.013222
0.056063,0.077998,0.458056,0.046262,0.042889,0.062725,0.087117,0.083408,0.055988,0.029493
0.016061,0.007012,0.111918,0.025566,0.625718,0.015951,0.020696,0.036261,0.090865,0.049952
0.017482,0.005494,0.009405,0.024901,0.818583,0.053846,0.004162,0.029089,0.028527,0.008511
0.003612,0.003974,0.518431,0.036485,0.293734,0.024654,0.001122,0.092015,0.017344,0.008628
0.013930,0.003172,0.422952,0.121147,0.328308,0.015777,0.041826,0.013348,0.033705,0.005835
0.000893,0.000897,0.867924,0.017940,0.048768,0.008744,0.004066,0.017296,0.022099,0.011373
0.037780,0.006409,0.027003,0.069164,0.449573,0.150065,0.050723,0.147243,0.011141,0.050899
0.011954,0.000490,0.756992,0.004949,0.210567,0.000430,0.001053,0.002570,0.009526,0.001469
0.009883,0.018163,0.235132,0.030801,0.392296,0.068655,0.094649,0.023019,0.095216,0.032187
0.005928,0.041523,0.510097,0.022420,0.381921,0.001536,0.013752,0.016941,0.002657,0.003223
0.018457,0.001821,0.056893,0.008834,0.728067,0.011699,0.032701,0.074918,0.030654,0.035957
0.017936,0.003738,0.304238,0.046857,0.109718,0.012139,0.015363,0.058072,0.398685,0.033253
0.090792,0.009678,0.022675,0.015326,0.490167,0.077574,0.053297,0.101273,0.073965,0.065252
0.001214,0.085001,0.827445,0.001050,0.054084,0.010994,0.004434,0.011124,0.002789,0.001864
0.004675,0.002307,0.490424,0.014487,0.398842,0.014133,0.047336,0.005851,0.007488,0.014457
0.008589,0.316398,0.039917,0.062829,0.357577,0.039125,0.073396,0.059741,0.016292,0.026137
0.006550,0.001033,0.636130,0.032896,0.217915,0.000766,0.023064,0.021963,0.042177,0.017506
0.008029,0.002075,0.693673,0.088511,0.102167,0.008824,0.020702,0.036865,0.033861,0.005294
0.013899,0.002197,0.694704,0.004411,0.113027,0.033434,0.025394,0.027334,0.070819,0.014781
0.001040,0.000584,0.684856,0.017238,0.236226,0.014208,0.001243,0.019121,0.011795,0.013689
0.001086,0.000485,0.590477,0.013340,0.187578,0.005187,0.007876,0.013398,0.171954,0.008617
0.002205,0.047402,0.859939,0.013037,0.037791,0.005415,0.003539,0.006900,0.022296,0.001477
0.042814,0.159354,0.017580,0.118478,0.355573,0.098409,0.080823,0.027249,0.084004,0.015716
0.001199,0.001281,0.591011,0.033188,0.299297,0.011979,0.011290,0.009139,0.030312,0.011304
0.001689,0.001569,0.873971,0.005843,0.065581,0.020492,0.007607,0.014280,0.006515,0.002453
0.008466,0.003629,0.453063,0.012112,0.434204,0.029864,0.029236,0.010753,0.010846,0.007829
0.001229,0.177228,0.326519,0.012189,0.423420,0.004057,0.001281,0.033803,0.000899,0.019377
0.038736,0.024299,0.032918,0.038670,0.220247,0.028258,0.023075,0.034626,0.506814,0.052357
0.006216,0.267088,0.011796,0.008691,0.322221,0.096136,0.060756,0.097439,0.063467,0.066189
0.071920,0.098215,0.125175,0.064911,0.196700,0.077061,0.116101,0.111192,0.075434,0.063291
0.038522,0.023342,0.028117,0.047980,0.401972,0.022912,0.014211,0.047698,0.316830,0.058416
0.021578,0.008627,0.011758,0.154551,0.563171,0.057211,0.024968,0.066497,0.048421,0.043219
0.004852,0.101988,0.649808,0.031560,0.095720,0.020653,0.007181,0.025833,0.059456,0.002949
0.007074,0.002047,0.480402,0.054824,0.390939,0.016105,0.020936,0.007525,0.006243,0.013905
0.006303,0.004659,0.007802,0.099329,0.722372,0.004069,0.042043,0.028652,0.040239,0.044532
0.051165,0.168370,0.030406,0.128492,0.266738,0.015106,0.058795,0.158564,0.094889,0.027475
0.004972,0.002974,0.689399,0.005803,0.244267,0.003099,0.003631,0.013713,0.017102,0.015040
0.001450,0.001842,0.737896,0.021541,0.157128,0.000658,0.000531,0.007513,0.011321,0.060121
0.012476,0.010899,0.364063,0.012965,0.331142,0.030286,0.046458,0.029681,0.148326,0.013706
0.014382,0.020635,0.022321,0.027785,0.641819,0.022126,0.066062,0.055626,0.115705,0.013539
0.001560,0.118688,0.294283,0.001009,0.444642,0.007132,0.040900,0.002272,0.019540,0.069975
0.012565,0.134038,0.016021,0.024390,0.375073,0.051325,0.053991,0.024884,0.240410,0.067305
0.020311,0.003802,0.463753,0.010721,0.343868,0.035790,0.002793,0.049456,0.061183,0.008324
0.092649,0.064153,0.163304,0.092956,0.041082,0.109378,0.170592,0.131503,0.080647,0.053736
0.066651,0.209438,0.044578,0.052699,0.367872,0.081133,0.083878,0.017804,0.050692,0.025253
0.002015,0.000693,0.523623,0.005991,0.387868,0.017478,0.015003,0.042616,0.001770,0.002943
0.040595,0.007584,0.037505,0.022443,0.510804,0.154008,0.062737,0.095105,0.042268,0.026950
0.006395,0.234884,0.026188,0.005121,0.557649,0.041686,0.022126,0.082831,0.014966,0.008155
0.155723,0.107533,0.069422,0.067608,0.049613,0.116000,0.168441,0.076143,0.102825,0.086691
0.027012,0.003630,0.741156,0.006019,0.125669,0.023465,0.012532,0.012976,0.024915,0.022626
0.025956,0.004693,0.702518,0.008604,0.134105,0.018280,0.004419,0.027123,0.038977,0.035324
0.040316,0.001883,0.632971,0.052259,0.159900,0.031993,0.014899,0.027264,0.032127,0.006388
0.003533,0.180139,0.509979,0.002097,0.095469,0.006554,0.017582,0.128141,0.054589,0.001917
0.011968,0.079488,0.505138,0.011514,0.350909,0.004720,0.016079,0.016248,0.001180,0.002757
0.001834,0.151875,0.671713,0.033343,0.091784,0.011085,0.008284,0.004411,0.023778,0.001894
0.009900,0.002927,0.556834,0.018245,0.080907,0.013039,0.001525,0.046353,0.247889,0.022381
0.005647,0.003070,0.476499,0.009440,0.405024,0.004938,0.000843,0.006884,0.027305,0.060351
0.013324,0.000692,0.534659,0.003775,0.161154,0.000684,0.003274,0.010179,0.266853,0.005407
0.033572,0.009538,0.018793,0.076079,0.475060,0.099057,0.008483,0.056100,0.142328,0.080990
0.008537,0.003724,0.641549,0.008025,0.177419,0.027669,0.013066,0.028385,0.061500,0.030125
0.012504,0.021273,0.341995,0.003638,0.416597,0.001240,0.006897,0.066030,0.009660,0.120168
0.006895,0.002234,0.574162,0.048655,0.298320,0.024590,0.022216,0.009735,0.009566,0.003626
0.044644,0.016060,0.016163,0.015803,0.474672,0.182656,0.047406,0.088573,0.093188,0.020835
0.004587,0.006982,0.317769,0.010837,0.274673,0.062773,0.083415,0.091360,0.131750,0.015853
0.024816,0.007747,0.021373,0.044951,0.367724,0.141155,0.091327,0.177013,0.088860,0.035035
0.002589,0.011222,0.873585,0.000916,0.086946,0.000483,0.007073,0.000866,0.006744,0.009577
0.083876,0.086907,0.034887,0.079169,0.096303,0.093461,0.362470,0.071555,0.044240,0.047131
0.006697,0.009129,0.010988,0.090335,0.697567,0.080935,0.060533,0.026670,0.007361,0.009785
0.007585,0.000643,0.319785,0.013493,0.315989,0.003493,0.002704,0.053644,0.275172,0.007492
0.066861,0.032162,0.026144,0.022407,0.402989,0.135816,0.075570,0.102873,0.029229,0.105949
0.012458,0.003695,0.615679,0.098185,0.100086,0.043499,0.002718,0.027981,0.061948,0.033750
0.029242,0.239710,0.015433,0.021713,0.353024,0.102590,0.023990,0.064558,0.054062,0.095678
0.059052,0.061313,0.257584,0.058639,0.096390,0.047919,0.122257,0.107290,0.100865,0.088690
0.004020,0.001161,0.826865,0.018177,0.067813,0.009263,0.020034,0.012325,0.032726,0.007617
0.075777,0.127690,0.195411,0.070570,0.147282,0.076260,0.073459,0.036842,0.098924,0.097785
0.002479,0.109356,0.413773,0.003713,0.372959,0.007420,0.037231,0.034173,0.008052,0.010844
0.006005,0.005072,0.730140,0.080424,0.100724,0.013088,0.000761,0.020577,0.009443,0.033766
0.006806,0.202193,0.004899,0.011806,0.608828,0.016347,0.040983,0.044672,0.021455,0.042011
0.005592,0.001467,0.542415,0.014841,0.373015,0.005730,0.027298,0.008311,0.006618,0.014713
0.001517,0.001905,0.472004,0.035611,0.456297,0.000466,0.015384,0.011721,0.001305,0.003791
0.019034,0.004741,0.005309,0.027628,0.437832,0.039895,0.003071,0.018383,0.414788,0.029319
0.115748,0.084188,0.056174,0.104329,0.051918,0.068450,0.191907,0.137532,0.057864,0.131889
0.012122,0.003830,0.199459,0.058209,0.111363,0.016005,0.005549,0.029928,0.535271,0.028263
0.035850,0.039900,0.319189,0.008609,0.222780,0.037675,0.118896,0.053385,0.085425,0.078292
0.035997,0.002344,0.642274,0.011094,0.148035,0.019349,0.037375,0.020280,0.055568,0.027683
0.012754,0.002070,0.792626,0.031183,0.085574,0.008289,0.018553,0.041551,0.003437,0.003964
0.009263,0.001004,0.447370,0.005305,0.231044,0.003020,0.000329,0.059330,0.234443,0.008892
0.013096,0.006361,0.008517,0.102233,0.731095,0.006812,0.062483,0.046613,0.013045,0.009745
0.033219,0.064126,0.019320,0.063982,0.367031,0.012823,0.058341,0.022609,0.299956,0.058593
0.029919,0.017663,0.014374,0.011717,0.560767,0.008658,0.010030,0.024858,0.139473,0.182539
0.020347,0.007027,0.019345,0.024993,0.182311,0.116397,0.004541,0.050814,0.539511,0.034713
0.105583,0.194213,0.076889,0.016279,0.415696,0.030759,0.033369,0.095871,0.013705,0.017636
0.006481,0.003584,0.007194,0.012678,0.373961,0.109359,0.047336,0.023267,0.411502,0.004638
0.028648,0.068867,0.276218,0.024353,0.337200,0.060308,0.030929,0.063891,0.078181,0.031406
0.012133,0.119473,0.010966,0.017001,0.623034,0.072637,0.054906,0.030023,0.044814,0.015013
0.128016,0.099096,0.055105,0.096047,0.044597,0.105161,0.192687,0.133959,0.071087,0.074244
0.043661,0.012876,0.011105,0.112262,0.439225,0.003607,0.049620,0.032345,0.225712,0.069588
0.012286,0.017845,0.014132,0.024565,0.822363,0.008928,0.042936,0.019648,0.011716,0.025580
0.005611,0.001002,0.411949,0.039795,0.318188,0.019225,0.000813,0.013251,0.187294,0.002872
0.096048,0.085579,0.189085,0.087372,0.030758,0.087449,0.194998,0.127387,0.044421,0.056902
0.003271,0.004786,0.441868,0.010148,0.389508,0.011071,0.030566,0.007933,0.036474,0.064374
0.013658,0.003796,0.695714,0.044915,0.131755,0.014512,0.002614,0.038140,0.032943,0.021953
0.002122,0.000650,0.754013,0.015489,0.191145,0.011651,0.000787,0.006543,0.001818,0.015782
0.001682,0.001609,0.526666,0.009017,0.365004,0.008855,0.010700,0.027925,0.031171,0.017371
0.014791,0.003407,0.633881,0.017935,0.213046,0.023940,0.041896,0.012570,0.010051,0.028484
0.005777,0.003771,0.008448,0.035286,0.861458,0.010820,0.007780,0.014656,0.013716,0.038287
0.024741,0.009787,0.012779,0.030798,0.330610,0.081116,0.006609,0.032737,0.430633,0.040191
0.011058,0.002481,0.454868,0.003166,0.466650,0.022810,0.007987,0.012227,0.017007,0.001747
0.111534,0.091322,0.177398,0.099122,0.045113,0.105038,0.137730,0.110507,0.073620,0.048616
0.007601,0.159684,0.379001,0.002984,0.376940,0.021893,0.026292,0.015268,0.001864,0.008472
0.026917,0.009581,0.008452,0.015117,0.260281,0.083948,0.026079,0.040929,0.481617,0.047080
0.008008,0.007752,0.009095,0.026538,0.877868,0.004639,0.026252,0.019134,0.006826,0.013887
0.108552,0.017626,0.038287,0.027897,0.462748,0.017238,0.068801,0.128955,0.111638,0.018258
0.010939,0.002171,0.768062,0.001916,0.159408,0.000715,0.021204,0.006568,0.024387,0.004630
0.082259,0.046095,0.039042,0.018591,0.492884,0.018583,0.049138,0.103212,0.125012,0.025183
0.003547,0.001906,0.534485,0.015132,0.325774,0.024576,0.003439,0.034315,0.051313,0.005513
0.003198,0.001145,0.897166,0.005602,0.044712,0.002329,0.009245,0.017687,0.009134,0.009780
0.002175,0.105637,0.553379,0.024184,0.247691,0.007582,0.006934,0.002422,0.034907,0.015090
0.003854,0.001300,0.648356,0.001626,0.243280,0.000338,0.008729,0.005007,0.033749,0.053759
0.003742,0.002777,0.360104,0.032883,0.188130,0.001766,0.008565,0.009969,0.377627,0.014437
0.037435,0.007454,0.012214,0.211541,0.390169,0.112428,0.029034,0.126989,0.056158,0.016578
0.009724,0.010943,0.288248,0.010275,0.154060,0.024166,0.031108,0.088398,0.337172,0.045905
0.026940,0.005517,0.008578,0.011316,0.729816,0.010044,0.004434,0.012067,0.068192,0.123096
0.033861,0.001075,0.726183,0.004147,0.104933,0.031709,0.033462,0.033914,0.025691,0.005025
0.004036,0.070876,0.414027,0.004666,0.480855,0.002590,0.008038,0.012756,0.000769,0.001388
0.003520,0.000519,0.835644,0.017432,0.113435,0.000444,0.012762,0.005372,0.001912,0.008961
0.006798,0.003574,0.218974,0.078296,0.280059,0.055939,0.005871,0.034502,0.069930,0.246057
0.017356,0.007562,0.029928,0.025670,0.524048,0.196604,0.014686,0.050711,0.098759,0.034677
0.080095,0.060213,0.138909,0.043870,0.071392,0.187878,0.095035,0.047909,0.046237,0.228462
0.005993,0.000779,0.921020,0.014823,0.022655,0.000549,0.015251,0.016769,0.000707,0.001453
0.008518,0.124184,0.005633,0.004770,0.397069,0.011127,0.019631,0.048580,0.345780,0.034707
0.049680,0.033851,0.493538,0.028428,0.206926,0.049149,0.042448,0.047443,0.027262,0.021276
0.025800,0.003082,0.692213,0.014382,0.126474,0.013994,0.042443,0.023806,0.013460,0.044347
0.077308,0.085738,0.060314,0.081929,0.055387,0.110183,0.103040,0.048884,0.309463,0.067755
0.006720,0.011384,0.012786,0.104362,0.223255,0.110709,0.005506,0.038640,0.457628,0.029010
0.003599,0.001797,0.827604,0.003321,0.080928,0.016380,0.001892,0.012774,0.046982,0.004722
0.000990,0.001772,0.639984,0.002055,0.321931,0.000622,0.002109,0.016654,0.011235,0.002648
0.112245,0.097468,0.079012,0.104870,0.060585,0.115717,0.173934,0.101173,0.076829,0.078166
0.014010,0.129884,0.012283,0.106157,0.532424,0.058659,0.019505,0.013657,0.084883,0.028537
0.002560,0.063899,0.795478,0.005869,0.040213,0.010605,0.007976,0.068841,0.001025,0.003534
0.015588,0.002364,0.003659,0.004758,0.185751,0.028547,0.034741,0.023153,0.625498,0.075940
0.004096,0.000553,0.581232,0.006694,0.184286,0.011247,0.011102,0.019239,0.167357,0.014196
0.000844,0.066464,0.601546,0.004412,0.284148,0.013207,0.009308,0.011106,0.007448,0.001517
0.009137,0.001171,0.209877,0.004954,0.128366,0.003180,0.009876,0.003902,0.616327,0.013209
0.013757,0.002627,0.004127,0.048147,0.683003,0.019272,0.032827,0.083824,0.078548,0.033868
0.003201,0.001774,0.670132,0.002762,0.290676,0.002757,0.007895,0.006284,0.009541,0.004977
0.091403,0.093094,0.197868,0.067626,0.044597,0.098463,0.153123,0.143952,0.055504,0.054369
0.002934,0.002517,0.691519,0.025952,0.160882,0.002357,0.002225,0.003965,0.099773,0.007875
0.007314,0.006204,0.466208,0.011048,0.272179,0.006714,0.008248,0.041825,0.166400,0.013859
0.003067,0.004749,0.873078,0.003608,0.097143,0.000259,0.001564,0.014094,0.002037,0.000402
0.001681,0.001707,0.540025,0.005891,0.362616,0.006784,0.018010,0.016377,0.043632,0.003278
0.101039,0.009204,0.020587,0.138747,0.468875,0.057776,0.012449,0.093347,0.011861,0.086114
0.006359,0.003404,0.601333,0.003617,0.341867,0.001261,0.017735,0.010530,0.010336,0.003558
0.015229,0.004562,0.715068,0.010800,0.121894,0.010750,0.018862,0.017766,0.081315,0.003755
0.029102,0.011643,0.367796,0.018489,0.339005,0.066376,0.011376,0.053211,0.090346,0.012655
0.053560,0.006869,0.010851,0.052813,0.737576,0.005905,0.008552,0.071026,0.014670,0.038178
0.076565,0.082933,0.199272,0.145128,0.060252,0.116960,0.121709,0.058581,0.062973,0.075626
0.045184,0.005986,0.056518,0.012350,0.431593,0.056251,0.004184,0.028789,0.316884,0.042260
0.008654,0.002461,0.914001,0.004571,0.044000,0.001526,0.001581,0.015708,0.002147,0.005350
0.030028,0.030197,0.606715,0.030594,0.088410,0.067524,0.053281,0.036620,0.021569,0.035063
0.009706,0.007394,0.006721,0.109719,0.681153,0.064012,0.025042,0.048003,0.015297,0.032953
0.002091,0.000785,0.116595,0.006767,0.113189,0.007659,0.011231,0.003223,0.736222,0.002238
0.014057,0.006803,0.120444,0.156606,0.566948,0.035108,0.004574,0.016371,0.067359,0.011728
0.015850,0.001937,0.008116,0.108465,0.479746,0.061719,0.030456,0.029754,0.097021,0.166936
0.003802,0.000454,0.590897,0.002215,0.211158,0.000291,0.008574,0.009103,0.162691,0.010813
0.003931,0.003427,0.464090,0.015730,0.374768,0.027954,0.036508,0.013810,0.054400,0.005382
0.114810,0.030570,0.040093,0.040946,0.437029,0.024799,0.024391,0.083938,0.073013,0.130411
0.002034,0.000716,0.880047,0.012940,0.044787,0.002690,0.014431,0.031445,0.009231,0.001678
0.005757,0.000834,0.436394,0.004329,0.440030,0.018083,0.016884,0.038214,0.019563,0.019912
0.002043,0.035773,0.287966,0.002543,0.102471,0.004629,0.058749,0.001611,0.501879,0.002336
0.033579,0.047374,0.262659,0.076758,0.125301,0.068251,0.070745,0.028616,0.228532,0.058187
0.037851,0.022651,0.042638,0.035339,0.489170,0.122508,0.012046,0.068897,0.044133,0.124767
0.011287,0.010123,0.015960,0.172255,0.567183,0.009775,0.086248,0.056071,0.058874,0.012224
0.003328,0.001330,0.506137,0.020765,0.369803,0.017624,0.005544,0.061490,0.001359,0.012620
0.155460,0.108700,0.126736,0.087915,0.105903,0.092412,0.112266,0.052124,0.070713,0.087772
0.016394,0.011560,0.023529,0.132625,0.300051,0.011007,0.074456,0.046390,0.370695,0.013293
0.007896,0.001463,0.481743,0.038977,0.429961,0.016315,0.015838,0.005565,0.001276,0.000966
0.061526,0.042569,0.174984,0.043185,0.133117,0.164204,0.062293,0.030748,0.249883,0.037492
0.054247,0.088293,0.178036,0.045406,0.182413,0.109160,0.127714,0.083715,0.075373,0.055643
0.025533,0.002817,0.825855,0.005351,0.078656,0.015696,0.002623,0.037801,0.003138,0.002531
0.073121,0.113315,0.250016,0.064593,0.195187,0.058909,0.060008,0.075196,0.056053,0.053602
0.002644,0.056482,0.640176,0.001351,0.273038,0.002438,0.021006,0.001158,0.001036,0.000671
0.030305,0.003338,0.616570,0.006910,0.060334,0.001100,0.019019,0.118120,0.001916,0.142388
0.008367,0.001889,0.003788,0.026438,0.795450,0.012505,0.009919,0.012587,0.019753,0.109305
0.001941,0.002823,0.191962,0.003443,0.169517,0.008815,0.007535,0.004241,0.603946,0.005777
0.005632,0.002933,0.702968,0.005660,0.218264,0.019081,0.006925,0.020693,0.004832,0.013013
0.009451,0.001925,0.448192,0.003500,0.466807,0.011024,0.007421,0.034547,0.013916,0.003217
0.022345,0.005761,0.468774,0.010913,0.331539,0.023652,0.003700,0.099908,0.025293,0.008115
0.000590,0.066936,0.360722,0.003066,0.345242,0.005559,0.027510,0.004965,0.174126,0.011284
0.008317,0.009791,0.011834,0.073965,0.505086,0.007713,0.030948,0.031813,0.309024,0.011510
0.050797,0.164026,0.007023,0.084440,0.224514,0.053546,0.031952,0.249090,0.127124,0.007488
0.001583,0.033797,0.665805,0.018961,0.254528,0.000896,0.008378,0.005443,0.009036,0.001574
0.011863,0.001426,0.538420,0.007374,0.038991,0.000698,0.019965,0.055792,0.311765,0.013705
0.009069,0.001998,0.510601,0.045977,0.349354,0.009492,0.027966,0.011798,0.017519,0.016226
0.017420,0.003814,0.109395,0.011604,0.682351,0.071016,0.003045,0.038856,0.018341,0.044158
0.030731,0.217190,0.016372,0.017926,0.378148,0.123401,0.025707,0.125509,0.052672,0.012343
0.009794,0.008921,0.385191,0.008582,0.183047,0.022073,0.006640,0.017686,0.344407,0.013659
0.104457,0.096760,0.065356,0.111866,0.048980,0.108873,0.191963,0.055457,0.117907,0.098379
0.029056,0.131947,0.004242,0.025780,0.432961,0.025565,0.018037,0.229344,0.071866,0.031204
0.002138,0.067150,0.831678,0.004114,0.055937,0.012586,0.009613,0.012137,0.002795,0.001851
0.011777,0.062018,0.444469,0.006176,0.390170,0.004954,0.011446,0.005889,0.050202,0.012901
0.043149,0.017590,0.033952,0.185642,0.365686,0.016677,0.088661,0.109673,0.019785,0.119186
0.032273,0.004797,0.010653,0.013088,0.773603,0.004037,0.061691,0.037529,0.026338,0.035991
0.003451,0.093819,0.308290,0.001517,0.346991,0.013349,0.001012,0.022089,0.205896,0.003586
0.011134,0.001490,0.615652,0.080355,0.124184,0.027424,0.024790,0.006740,0.071133,0.037100
0.021782,0.034593,0.551795,0.024465,0.128900,0.064556,0.058648,0.029421,0.055286,0.030555
0.007547,0.001713,0.413923,0.007579,0.453066,0.014862,0.025993,0.050379,0.003118,0.021820
0.003705,0.002662,0.008728,0.008247,0.835848,0.060651,0.015222,0.023559,0.033220,0.008160
0.002420,0.006393,0.701972,0.082951,0.068916,0.001523,0.012147,0.019905,0.072919,0.030852
0.013201,0.011285,0.020775,0.020277,0.397488,0.068584,0.063512,0.034821,0.071310,0.298747
0.014461,0.255335,0.024634,0.028900,0.366011,0.129231,0.009958,0.086632,0.068656,0.016182
0.022596,0.004461,0.081329,0.018720,0.623114,0.011618,0.062721,0.053937,0.084511,0.036993
0.003988,0.001580,0.225421,0.002409,0.039526,0.004586,0.004303,0.008428,0.704914,0.004846
0.042598,0.011565,0.015058,0.019024,0.649243,0.072036,0.011307,0.053024,0.109772,0.016373
0.002392,0.002000,0.665783,0.038284,0.154446,0.026940,0.017430,0.043615,0.023839,0.025272
0.027942,0.013279,0.046499,0.031424,0.277413,0.029216,0.035704,0.046259,0.269401,0.222862
0.005212,0.039456,0.517982,0.002159,0.386932,0.001501,0.005869,0.021410,0.001949,0.017532
0.001996,0.137425,0.561887,0.001987,0.104335,0.026535,0.012945,0.048856,0.073105,0.030928
0.021087,0.004129,0.516880,0.010391,0.352748,0.039971,0.002468,0.037560,0.009960,0.004806
0.009719,0.002562,0.624353,0.010074,0.281864,0.042842,0.002236,0.007720,0.009605,0.009025
0.019463,0.005707,0.603485,0.145672,0.118580,0.045907,0.004483,0.021472,0.018247,0.016984
0.049924,0.034353,0.032381,0.031826,0.492382,0.034369,0.006435,0.084471,0.107688,0.126171
0.001483,0.000353,0.675947,0.006698,0.146418,0.003873,0.002909,0.003104,0.134550,0.024665
0.032635,0.020309,0.042209,0.255900,0.411042,0.045712,0.006179,0.079291,0.038947,0.067777
0.086977,0.089469,0.051387,0.068055,0.097432,0.086920,0.207178,0.123909,0.095222,0.093451
0.108171,0.095069,0.098787,0.093821,0.072436,0.082601,0.146175,0.148077,0.073501,0.081362
0.003325,0.000324,0.784757,0.000946,0.019311,0.000530,0.008491,0.006156,0.174783,0.001376
0.012296,0.005969,0.006284,0.050574,0.542542,0.004240,0.027690,0.116472,0.223149,0.010783
0.034375,0.015297,0.010505,0.020402,0.646849,0.099585,0.030523,0.100449,0.023432,0.018583
0.001766,0.081991,0.489103,0.008976,0.320130,0.010279,0.034954,0.018616,0.024199,0.009986
0.005628,0.001022,0.467712,0.020519,0.452812,0.004690,0.000738,0.038937,0.002661,0.005280
