0.002829,0.004774,0.487326,0.010147,0.379775,0.021060,0.036956,0.008089,0.041147,0.007896
0.008409,0.001053,0.477720,0.029543,0.323794,0.025545,0.046425,0.030394,0.050133,0.006985
0.048942,0.026750,0.523080,0.036356,0.111968,0.064568,0.017088,0.067027,0.014065,0.090155
0.024609,0.343017,0.005566,0.070440,0.224902,0.031401,0.057793,0.150452,0.006035,0.085785
0.002852,0.179153,0.674222,0.002131,0.077926,0.005425,0.018833,0.000706,0.008494,0.030257
0.046106,0.019664,0.493511,0.019921,0.064965,0.004952,0.004136,0.007436,0.313884,0.025425
0.004014,0.003372,0.201303,0.013549,0.095007,0.005553,0.011943,0.007274,0.654621,0.003365
0.130491,0.156879,0.076455,0.065202,0.040855,0.113270,0.150004,0.106337,0.075981,0.084526
0.007047,0.001447,0.009922,0.087069,0.217908,0.021945,0.003264,0.029533,0.606349,0.015517
0.012149,0.016292,0.009230,0.142512,0.533177,0.049308,0.037820,0.076079,0.010510,0.112923
0.004444,0.000692,0.758858,0.006420,0.179944,0.003912,0.029231,0.012936,0.001400,0.002163
0.000607,0.001554,0.324011,0.021356,0.254037,0.007706,0.023251,0.039630,0.324021,0.003827
0.050413,0.003120,0.734529,0.010034,0.127504,0.001964,0.002374,0.026233,0.019633,0.024196
0.011235,0.002741,0.595060,0.024095,0.157293,0.017516,0.095813,0.013724,0.041170,0.041352
0.007202,0.001290,0.560883,0.031707,0.147841,0.009767,0.001191,0.023938,0.207162,0.009019
0.011550,0.254733,0.027888,0.023090,0.318362,0.100160,0.018810,0.196644,0.026411,0.022351
0.001195,0.069671,0.829282,0.003880,0.061940,0.001118,0.000953,0.020861,0.010001,0.001099
0.045074,0.029023,0.008043,0.063939,0.433636,0.005429,0.011109,0.176006,0.044076,0.183666
0.057320,0.088620,0.115051,0.056659,0.022310,0.083933,0.320384,0.157298,0.054554,0.043870
0.007269,0.008365,0.012304,0.109399,0.449388,0.077400,0.082544,0.014958,0.122408,0.115964
0.003378,0.000532,0.830204,0.036325,0.088788,0.000857,0.007031,0.007164,0.021553,0.004168
0.010532,0.004717,0.433289,0.023697,0.317751,0.020519,0.062989,0.082229,0.003747,0.040529
0.002255,0.001668,0.809026,0.025796,0.117710,0.004160,0.017668,0.011677,0.007601,0.002438
0.035280,0.002965,0.009997,0.055342,0.642448,0.043212,0.082470,0.063176,0.046381,0.018729
0.028116,0.313234,0.036851,0.007316,0.360747,0.049984,0.031345,0.101891,0.053549,0.016967
0.018050,0.232633,0.002154,0.067148,0.503183,0.021901,0.035135,0.011478,0.099538,0.008778
0.081278,0.017485,0.020589,0.046112,0.505328,0.007037,0.006002,0.109356,0.174571,0.032241
0.048409,0.004706,0.691444,0.021770,0.147728,0.002021,0.028350,0.021016,0.003898,0.030657
0.028758,0.005017,0.083884,0.014014,0.667259,0.031047,0.046848,0.054828,0.054439,0.013907
0.004471,0.010801,0.069499,0.044681,0.594874,0.019928,0.074110,0.053742,0.052724,0.075170
0.032381,0.008206,0.013654,0.106138,0.424381,0.083859,0.150497,0.033258,0.055128,0.092498
0.068281,0.015864,0.012952,0.117271,0.506468,0.054477,0.004557,0.041134,0.070739,0.108256
0.014241,0.000821,0.503453,0.050273,0.273687,0.015814,0.043488,0.028582,0.060542,0.009100
0.002722,0.000881,0.677341,0.026445,0.170379,0.013785,0.038875,0.037823,0.022258,0.009491
0.031960,0.087879,0.669516,0.000995,0.112938,0.013234,0.013408,0.006618,0.022275,0.041176
0.010301,0.243213,0.387613,0.063191,0.196882,0.011634,0.062694,0.013634,0.005549,0.005291
0.101079,0.110824,0.301880,0.050602,0.067151,0.062532,0.067390,0.090815,0.095289,0.052438
0.008027,0.003603,0.521773,0.020352,0.294117,0.010103,0.009905,0.113032,0.013472,0.005616
0.008764,0.002509,0.856197,0.004697,0.046434,0.000503,0.013721,0.027104,0.034399,0.005672
0.033073,0.004586,0.542492,0.048583,0.292739,0.011735,0.030925,0.021025,0.003758,0.011084
0.002799,0.003880,0.613854,0.023679,0.192688,0.016242,0.056401,0.007976,0.079875,0.002606
0.142593,0.156134,0.071770,0.092178,0.088952,0.044186,0.056667,0.090238,0.188931,0.068352
0.007304,0.000499,0.819954,0.031231,0.064212,0.000338,0.021038,0.015192,0.030841,0.009389
0.103249,0.177277,0.137377,0.048996,0.043293,0.096793,0.131088,0.108173,0.092050,0.061704
0.010678,0.008823,0.058595,0.173744,0.468943,0.023979,0.067581,0.040302,0.060136,0.087219
0.088338,0.200272,0.029338,0.039447,0.359472,0.018493,0.087458,0.086868,0.036737,0.053577
0.046883,0.006654,0.012491,0.095983,0.559688,0.074752,0.032726,0.074658,0.047561,0.048605
0.002847,0.005843,0.597943,0.029319,0.284190,0.014106,0.012866,0.009407,0.017922,0.025558
0.005277,0.008621,0.534978,0.051341,0.303796,0.015123,0.041407,0.022724,0.005384,0.011349
0.072290,0.245338,0.002760,0.075215,0.347929,0.029416,0.176688,0.036790,0.004113,0.009461
0.005897,0.012733,0.145222,0.023892,0.595156,0.045844,0.033173,0.063007,0.010433,0.064642
0.045839,0.009891,0.017874,0.019238,0.444113,0.101918,0.012223,0.106041,0.216866,0.025998
0.006256,0.006964,0.542682,0.035101,0.325253,0.016668,0.005940,0.027055,0.006766,0.027315
0.002111,0.224330,0.625888,0.007347,0.050813,0.003250,0.025800,0.050229,0.005345,0.004886
0.031885,0.207082,0.009293,0.092611,0.485889,0.044019,0.056421,0.044400,0.014026,0.014373
0.031928,0.045118,0.227275,0.026367,0.293003,0.086566,0.019616,0.054880,0.190028,0.025220
0.060966,0.091254,0.003694,0.020342,0.179691,0.019358,0.019848,0.112594,0.487259,0.004994
0.074205,0.007988,0.012996,0.065848,0.538589,0.009694,0.063586,0.052628,0.140601,0.033865
0.025358,0.278543,0.012569,0.013220,0.360833,0.034502,0.087270,0.012548,0.150594,0.024563
0.004965,0.222896,0.008308,0.036068,0.477483,0.049148,0.069627,0.077795,0.049419,0.004290
0.019992,0.003883,0.681339,0.007608,0.152727,0.025323,0.022051,0.009873,0.004036,0.073169
0.001213,0.000518,0.637945,0.006754,0.268217,0.015918,0.027315,0.013090,0.017702,0.011327
0.004497,0.200881,0.400587,0.043801,0.256366,0.012710,0.029190,0.001636,0.028014,0.022318
0.001227,0.002271,0.740465,0.036599,0.170672,0.006039,0.001484,0.013535,0.024608,0.003102
0.010622,0.005022,0.538049,0.014920,0.270972,0.011873,0.018368,0.021698,0.019464,0.089011
0.015589,0.002161,0.006815,0.054651,0.173241,0.069040,0.001934,0.030429,0.621108,0.025032
0.024253,0.015854,0.022557,0.048081,0.540857,0.012606,0.042845,0.035900,0.209845,0.047202
0.004807,0.044509,0.218251,0.002557,0.088916,0.006509,0.012954,0.002654,0.606149,0.012694
0.002657,0.023479,0.305729,0.015648,0.108981,0.002712,0.012317,0.010472,0.503055,0.014950
0.056928,0.018563,0.547827,0.031884,0.095295,0.010240,0.009971,0.035237,0.178750,0.015305
0.052841,0.012468,0.010421,0.014336,0.459577,0.004626,0.028847,0.196447,0.183550,0.036887
0.003263,0.001027,0.706542,0.008031,0.196600,0.000893,0.036652,0.005195,0.034387,0.007411
0.120621,0.131168,0.046422,0.049296,0.021598,0.097609,0.264616,0.081700,0.054131,0.132838
0.000532,0.001318,0.541909,0.009036,0.110029,0.003549,0.020500,0.011057,0.301158,0.000913
0.000785,0.000173,0.346975,0.035378,0.126645,0.013897,0.025712,0.017531,0.422801,0.010102
0.001507,0.002809,0.824010,0.008576,0.050436,0.003272,0.025059,0.072893,0.009797,0.001640
0.003947,0.001182,0.002862,0.041917,0.223937,0.016153,0.038439,0.036356,0.554064,0.081144
0.012568,0.123467,0.604549,0.004226,0.079780,0.001146,0.054753,0.037053,0.079694,0.002762
0.120821,0.008641,0.010587,0.052418,0.319424,0.006878,0.029401,0.241653,0.099321,0.110858
0.027482,0.017882,0.082303,0.037240,0.585384,0.027692,0.009951,0.047980,0.080365,0.083721
0.013192,0.009774,0.790989,0.009861,0.090613,0.001045,0.025855,0.019625,0.031286,0.007760
0.024107,0.000918,0.746411,0.024952,0.100474,0.000768,0.007760,0.069575,0.021190,0.003845
0.005180,0.008187,0.468083,0.007121,0.074747,0.003289,0.002964,0.017035,0.380100,0.033293
0.058073,0.141096,0.110194,0.104137,0.227829,0.100122,0.078640,0.040863,0.062703,0.076342
0.008317,0.002440,0.696861,0.028561,0.116730,0.013024,0.042798,0.035105,0.037489,0.018677
0.011249,0.001106,0.713476,0.005634,0.121441,0.001527,0.050861,0.015660,0.011775,0.067270
0.001568,0.004015,0.871971,0.001174,0.065123,0.000663,0.014584,0.014126,0.024126,0.002650
0.019556,0.000353,0.840452,0.002376,0.102033,0.000259,0.017924,0.006217,0.008680,0.002149
0.007275,0.008638,0.364995,0.019322,0.229989,0.028428,0.002134,0.078520,0.218809,0.041890
0.058431,0.010504,0.014187,0.045006,0.344339,0.006561,0.013116,0.193665,0.111209,0.202982
0.002844,0.000769,0.400937,0.008876,0.116865,0.015450,0.001453,0.014070,0.417548,0.021187
0.004613,0.000763,0.532205,0.058500,0.265339,0.017892,0.040703,0.027131,0.040300,0.012553
0.009020,0.001371,0.184805,0.017579,0.302744,0.033380,0.002791,0.085371,0.137879,0.225057
0.004471,0.000189,0.710207,0.006636,0.223198,0.007565,0.017235,0.007207,0.011353,0.011939
0.059605,0.143456,0.108361,0.112176,0.040885,0.122418,0.131434,0.113494,0.088467,0.079703
0.005977,0.000178,0.834954,0.004194,0.100404,0.007015,0.015922,0.003609,0.011301,0.016447
0.023605,0.006190,0.009127,0.040314,0.498889,0.074210,0.037849,0.053949,0.086108,0.169760
0.000746,0.091555,0.751126,0.007823,0.097923,0.005003,0.032487,0.002324,0.008558,0.002453
0.006633,0.009163,0.006080,0.039320,0.485790,0.003959,0.049451,0.019838,0.278070,0.101696
0.011346,0.001105,0.583967,0.006801,0.116632,0.015868,0.001146,0.151791,0.021627,0.089717
0.011300,0.002825,0.522957,0.054795,0.310145,0.016096,0.024542,0.028649,0.022118,0.006573
0.010351,0.012039,0.563434,0.026257,0.339216,0.002491,0.002986,0.013675,0.007331,0.022222
0.003714,0.000194,0.907974,0.021190,0.035403,0.004064,0.016256,0.003560,0.000800,0.006845
0.014998,0.046083,0.300064,0.008987,0.437463,0.021036,0.027892,0.078016,0.037142,0.028318
0.004664,0.000684,0.346328,0.016124,0.116431,0.013688,0.000867,0.035726,0.419794,0.045694
0.013141,0.008627,0.697077,0.011640,0.157641,0.014769,0.022829,0.030208,0.004883,0.039185
0.050749,0.004027,0.019143,0.093358,0.553031,0.100160,0.004617,0.035633,0.017780,0.121502
0.047572,0.009081,0.112060,0.174358,0.368799,0.037382,0.003166,0.041249,0.064051,0.142282
0.018839,0.370632,0.009233,0.042248,0.369057,0.040997,0.064052,0.059825,0.009904,0.015213
0.072800,0.022715,0.019263,0.048206,0.602573,0.009007,0.022403,0.109199,0.068379,0.025456
0.003161,0.001773,0.605980,0.012572,0.303897,0.008744,0.000215,0.009301,0.049198,0.005159
0.000692,0.000109,0.666279,0.005490,0.032609,0.003183,0.003658,0.007343,0.267787,0.012851
0.007240,0.000986,0.506119,0.029726,0.310421,0.014334,0.086493,0.027194,0.009841,0.007646
0.039095,0.154061,0.454091,0.012645,0.204614,0.009279,0.034494,0.007530,0.027923,0.056268
0.002555,0.001283,0.717463,0.030541,0.171629,0.000430,0.003847,0.060675,0.003096,0.008480
0.003133,0.002040,0.685751,0.026559,0.215142,0.005318,0.000167,0.010271,0.015157,0.036464
0.053767,0.012125,0.014816,0.027437,0.695322,0.011141,0.027431,0.093446,0.050727,0.013787
0.009831,0.001293,0.624818,0.049211,0.159182,0.024548,0.061953,0.015077,0.036912,0.017175
0.052859,0.047073,0.385014,0.045648,0.163247,0.091142,0.056885,0.041604,0.070133,0.046395
0.015727,0.001161,0.647750,0.037545,0.162782,0.018276,0.002210,0.046189,0.040737,0.027623
0.014526,0.012152,0.295976,0.011661,0.032637,0.027564,0.008847,0.113753,0.466051,0.016833
0.050761,0.016064,0.476490,0.030891,0.322705,0.007203,0.005807,0.021993,0.017934,0.050152
0.004387,0.000496,0.475280,0.047976,0.361109,0.026070,0.033734,0.018230,0.016401,0.016317
0.009367,0.004282,0.017639,0.018532,0.440833,0.129080,0.047639,0.105554,0.188156,0.038918
0.010300,0.001146,0.530765,0.018035,0.305168,0.026813,0.001113,0.035171,0.056691,0.014799
0.012865,0.009204,0.750255,0.036414,0.103737,0.001538,0.021340,0.017200,0.018189,0.029258
0.098675,0.002487,0.009932,0.099563,0.282688,0.045804,0.075032,0.283601,0.086722,0.015495
0.012143,0.000752,0.637014,0.038760,0.135584,0.016655,0.031107,0.091259,0.026124,0.010602
0.011773,0.000882,0.626834,0.023193,0.151254,0.000659,0.050975,0.091243,0.012085,0.031102
0.003305,0.001698,0.820563,0.016636,0.111543,0.004307,0.015565,0.016169,0.007517,0.002697
0.001873,0.114684,0.609441,0.008066,0.214865,0.003250,0.013383,0.015965,0.011384,0.007088
0.148980,0.102908,0.052534,0.065057,0.041489,0.083816,0.282524,0.087902,0.072288,0.062501
0.018635,0.002082,0.553660,0.027789,0.258316,0.001212,0.007432,0.026497,0.085497,0.018880
0.003819,0.000878,0.778467,0.004996,0.066444,0.001985,0.037851,0.030964,0.014040,0.060557
0.006733,0.005544,0.467204,0.050007,0.252706,0.009002,0.106248,0.021789,0.053885,0.026881
0.003646,0.001251,0.654254,0.026533,0.231845,0.010851,0.019562,0.018450,0.001468,0.032140
0.017567,0.013009,0.012373,0.079003,0.643505,0.086983,0.030852,0.064032,0.011143,0.041532
0.022068,0.000491,0.398435,0.025396,0.186883,0.007845,0.030555,0.003156,0.319139,0.006033
0.103723,0.149995,0.126874,0.074653,0.070610,0.111900,0.103220,0.110670,0.087239,0.061117
0.005535,0.000628,0.614227,0.038776,0.120162,0.018719,0.051673,0.117021,0.024973,0.008287
0.085607,0.264849,0.005079,0.019101,0.379252,0.041981,0.028516,0.163919,0.004896,0.006800
0.002220,0.170012,0.618638,0.011881,0.131475,0.005123,0.030869,0.003255,0.025231,0.001297
0.064156,0.133039,0.351192,0.060698,0.044535,0.053940,0.058696,0.133304,0.061789,0.038651
0.071444,0.108512,0.215540,0.039970,0.033136,0.100955,0.216330,0.069061,0.077286,0.067765
0.006019,0.003466,0.531541,0.046012,0.312545,0.013973,0.038500,0.018341,0.015318,0.014286
0.133160,0.110891,0.259522,0.059973,0.059387,0.070997,0.052566,0.149302,0.055855,0.048345
0.021484,0.004301,0.008088,0.032373,0.228617,0.028610,0.044410,0.007457,0.616160,0.008500
0.008957,0.259836,0.013107,0.016747,0.359108,0.046508,0.007884,0.034423,0.123587,0.129842
0.041609,0.001575,0.573773,0.007126,0.071995,0.001115,0.025147,0.089350,0.185479,0.002832
0.010530,0.004037,0.746350,0.011932,0.176343,0.001028,0.003320,0.016714,0.011146,0.018601
0.142714,0.009534,0.015189,0.046446,0.458896,0.093277,0.078060,0.138476,0.009153,0.008255
0.004802,0.002498,0.563334,0.048816,0.138134,0.003061,0.029813,0.092492,0.023271,0.093778
0.023473,0.051962,0.258943,0.046805,0.398543,0.034587,0.018904,0.084734,0.024804,0.057244
0.021351,0.034325,0.017343,0.163634,0.439807,0.054522,0.005472,0.092161,0.131804,0.039582
0.003681,0.001197,0.426863,0.036546,0.211779,0.019589,0.001606,0.016231,0.259843,0.022665
0.051175,0.016130,0.018574,0.021782,0.458761,0.044697,0.093966,0.096809,0.075041,0.123065
0.023647,0.262604,0.004910,0.026559,0.499965,0.031131,0.124064,0.008397,0.004990,0.013732
0.059953,0.239866,0.096322,0.052528,0.075421,0.115447,0.091798,0.082300,0.127243,0.059121
0.007685,0.044582,0.735856,0.007038,0.151473,0.001991,0.022222,0.004517,0.016041,0.008595
0.094442,0.160484,0.163475,0.100341,0.099996,0.077777,0.060761,0.047587,0.089617,0.105519
0.007796,0.008259,0.005680,0.021615,0.358112,0.003821,0.047806,0.039223,0.484894,0.022795
0.019922,0.267256,0.007277,0.049100,0.358095,0.032690,0.047693,0.051274,0.089210,0.077483
0.007013,0.198119,0.504646,0.000843,0.167194,0.016298,0.041982,0.028770,0.031270,0.003864
0.004853,0.000798,0.633715,0.052989,0.205832,0.013258,0.050283,0.011679,0.020472,0.006121
0.050452,0.047430,0.042370,0.050116,0.406274,0.023877,0.037185,0.137326,0.049343,0.155627
0.003635,0.000263,0.614057,0.025854,0.082539,0.000217,0.005775,0.000841,0.266034,0.000786
0.002245,0.210739,0.546025,0.026973,0.111464,0.007830,0.072070,0.002562,0.003001,0.017090
0.008981,0.010042,0.014272,0.130155,0.547131,0.066034,0.003637,0.090677,0.120148,0.008922
0.006099,0.208537,0.330661,0.013772,0.290263,0.008124,0.039510,0.077285,0.022463,0.003286
0.040847,0.000605,0.614559,0.021082,0.121764,0.014682,0.016331,0.086209,0.071768,0.012153
0.055611,0.006680,0.017229,0.041572,0.608899,0.072276,0.019544,0.087282,0.072954,0.017953
0.008419,0.002158,0.505719,0.029756,0.348482,0.013313,0.076497,0.007033,0.002994,0.005628
0.018771,0.011680,0.019168,0.035407,0.535530,0.089641,0.008871,0.125853,0.010927,0.144152
0.003781,0.002200,0.521727,0.030999,0.290181,0.009364,0.032662,0.084909,0.018635,0.005542
0.017228,0.099297,0.007629,0.059180,0.277968,0.004747,0.009247,0.010794,0.489539,0.024371
0.019204,0.019639,0.017711,0.095898,0.220944,0.009547,0.007977,0.094963,0.346010,0.168107
0.027081,0.027302,0.013039,0.053054,0.507422,0.058298,0.009708,0.167738,0.057577,0.078781
0.033034,0.001851,0.092200,0.040398,0.431847,0.038317,0.157881,0.052106,0.142226,0.010141
0.002738,0.000970,0.783037,0.027206,0.129588,0.008040,0.015629,0.014862,0.015394,0.002535
0.156381,0.017142,0.033498,0.140898,0.201006,0.104949,0.040715,0.103523,0.035498,0.166390
0.008209,0.003282,0.604770,0.008997,0.131999,0.004985,0.073517,0.028612,0.027336,0.108292
0.018965,0.159865,0.005832,0.049329,0.388445,0.038691,0.089099,0.145201,0.091796,0.012776
0.042159,0.011029,0.009016,0.054711,0.651084,0.099298,0.008316,0.053187,0.043801,0.027398
0.010416,0.001016,0.684396,0.024463,0.139947,0.032884,0.030939,0.042116,0.026491,0.007334
0.008291,0.000544,0.529299,0.016108,0.263820,0.015428,0.015041,0.079128,0.045905,0.026436
0.011322,0.007532,0.709210,0.036634,0.171538,0.021722,0.001239,0.019173,0.007290,0.014339
0.025044,0.183941,0.685426,0.009330,0.062648,0.008011,0.010391,0.014219,0.000354,0.000637
0.011961,0.000415,0.601408,0.036510,0.102402,0.010198,0.044675,0.110736,0.074202,0.007492
0.022639,0.018373,0.009402,0.121293,0.250050,0.065240,0.001520,0.273581,0.140648,0.097255
0.008456,0.005673,0.488808,0.046474,0.347574,0.013462,0.043369,0.029940,0.005236,0.011009
0.006113,0.049475,0.552767,0.007654,0.122391,0.000926,0.055780,0.030042,0.173099,0.001754
0.045059,0.002175,0.170060,0.180304,0.259867,0.075084,0.014398,0.130716,0.070614,0.051725
0.010035,0.002752,0.525234,0.027655,0.336255,0.000863,0.047268,0.015756,0.032269,0.001913
0.024506,0.200604,0.009735,0.136087,0.382301,0.042772,0.121382,0.048255,0.010320,0.024037
0.002049,0.048002,0.708795,0.000326,0.044319,0.006642,0.000483,0.012541,0.176097,0.000745
0.025299,0.003198,0.478664,0.030903,0.359376,0.008241,0.029429,0.024722,0.038438,0.001729
0.009142,0.108508,0.490105,0.001885,0.282934,0.001350,0.025932,0.021148,0.002498,0.056497
0.008431,0.002977,0.568159,0.057257,0.129682,0.012818,0.026167,0.116281,0.020568,0.057659
0.038336,0.002720,0.761014,0.005149,0.090527,0.000982,0.022295,0.024611,0.015808,0.038559
0.114668,0.260099,0.015588,0.025885,0.356422,0.057480,0.006402,0.040771,0.113183,0.009502
0.013521,0.005436,0.004526,0.006183,0.173142,0.026872,0.029942,0.033255,0.673372,0.033752
0.009216,0.008151,0.004220,0.075100,0.557166,0.003213,0.085234,0.028516,0.170648,0.058537
0.001277,0.000439,0.657731,0.004217,0.043858,0.000419,0.015029,0.005740,0.250527,0.020762
0.004317,0.288842,0.010913,0.081910,0.391854,0.040783,0.078615,0.063594,0.034334,0.004837
0.016220,0.008851,0.097887,0.113829,0.516141,0.036836,0.001964,0.083124,0.092942,0.032207
0.028940,0.007387,0.192303,0.021328,0.397815,0.048111,0.072283,0.025611,0.198801,0.007420
0.063787,0.156858,0.122227,0.032970,0.039475,0.092250,0.139188,0.173154,0.081282,0.098809
0.001044,0.313832,0.435629,0.038818,0.155478,0.008274,0.001876,0.026616,0.016048,0.002386
0.019145,0.006306,0.252331,0.041278,0.099736,0.019185,0.003634,0.022041,0.488756,0.047588
0.001204,0.000219,0.823765,0.003334,0.053146,0.011569,0.000262,0.064347,0.019478,0.022675
0.017191,0.020478,0.020800,0.037594,0.558100,0.015190,0.017365,0.066746,0.205078,0.041456
0.019707,0.001663,0.672287,0.050954,0.139855,0.003211,0.068204,0.006590,0.023916,0.013612
0.002540,0.340283,0.414137,0.006263,0.133317,0.014891,0.038460,0.027492,0.000802,0.021815
0.098494,0.145395,0.289467,0.043490,0.032110,0.044912,0.085024,0.133824,0.076912,0.050373
0.008725,0.010007,0.054731,0.023402,0.594643,0.024256,0.028777,0.061753,0.109870,0.083834
0.025269,0.004092,0.008463,0.083688,0.679301,0.088744,0.007081,0.043674,0.045498,0.014191
0.011151,0.011800,0.457745,0.053348,0.271675,0.025847,0.002334,0.125356,0.025647,0.015097
0.008701,0.001126,0.464897,0.075382,0.277606,0.021486,0.071521,0.024999,0.042829,0.011453
0.000392,0.001725,0.853607,0.024593,0.049340,0.004834,0.004869,0.016018,0.023073,0.021548
0.027558,0.003504,0.018758,0.062074,0.489923,0.133549,0.059571,0.150158,0.012973,0.041932
0.029260,0.000489,0.766837,0.015651,0.152862,0.000563,0.001696,0.002602,0.023044,0.006997
0.010499,0.026245,0.159481,0.055075,0.384069,0.026057,0.194843,0.047891,0.076962,0.018877
0.010746,0.125286,0.560745,0.024578,0.224146,0.001521,0.024160,0.023583,0.002870,0.002362
0.015940,0.000923,0.062053,0.075369,0.439103,0.029231,0.077784,0.166072,0.055504,0.078022
0.035510,0.011783,0.239603,0.070602,0.046826,0.020591,0.022481,0.081851,0.402537,0.068217
0.102709,0.012060,0.010637,0.019256,0.585622,0.057155,0.074444,0.056322,0.055093,0.026702
0.001819,0.180119,0.700883,0.000567,0.071729,0.007461,0.008004,0.017422,0.010972,0.001023
0.010444,0.006134,0.649849,0.046397,0.167888,0.013852,0.068643,0.021352,0.004936,0.010506
0.005386,0.317100,0.013835,0.066954,0.376047,0.020525,0.074476,0.070532,0.030911,0.024233
0.011979,0.001164,0.712974,0.048424,0.098758,0.001005,0.026348,0.028305,0.046876,0.024167
0.012902,0.000962,0.575448,0.061042,0.167939,0.021375,0.038100,0.046275,0.060268,0.015689
0.010300,0.003974,0.597096,0.025569,0.137464,0.025255,0.057250,0.052239,0.080561,0.010292
0.000705,0.000272,0.786944,0.021417,0.134982,0.010710,0.000959,0.013811,0.012045,0.018153
0.001957,0.000206,0.543075,0.023480,0.108713,0.004907,0.017276,0.013168,0.283418,0.003799
0.004508,0.087085,0.759952,0.010582,0.072268,0.005357,0.008092,0.019911,0.029705,0.002538
0.026924,0.182813,0.009077,0.066700,0.438280,0.054614,0.120509,0.033536,0.051095,0.016451
0.002737,0.002767,0.695777,0.022127,0.174356,0.004611,0.027708,0.020373,0.033005,0.016539
0.002169,0.001828,0.866368,0.004436,0.070048,0.011912,0.008785,0.019324,0.011143,0.003987
0.011198,0.006058,0.434968,0.022650,0.404973,0.021714,0.047746,0.022018,0.022085,0.006591
0.001305,0.330701,0.280262,0.013905,0.253820,0.007599,0.001439,0.065142,0.000615,0.045213
0.060932,0.031867,0.022721,0.078788,0.191335,0.016761,0.018918,0.055566,0.449843,0.073270
0.004198,0.326541,0.006636,0.007308,0.307716,0.065921,0.045481,0.077284,0.089103,0.069812
0.072933,0.145493,0.281153,0.042632,0.209515,0.017273,0.039145,0.112335,0.045947,0.033575
0.084497,0.007892,0.012400,0.067187,0.336728,0.043011,0.007866,0.024763,0.350727,0.064930
0.018243,0.018807,0.008612,0.114150,0.485511,0.059595,0.040890,0.083827,0.086886,0.083479
0.008023,0.135036,0.559615,0.022329,0.178269,0.006369,0.013309,0.025795,0.046285,0.004971
0.006559,0.006612,0.522116,0.049800,0.300748,0.018505,0.036383,0.018832,0.018627,0.021818
0.011875,0.016295,0.009863,0.167429,0.432584,0.006639,0.078539,0.079340,0.114390,0.083047
0.042955,0.195035,0.011480,0.123915,0.284835,0.004523,0.060367,0.117797,0.118401,0.040692
0.007031,0.003489,0.763879,0.019122,0.128138,0.003724,0.004315,0.027986,0.021334,0.020981
0.002505,0.001943,0.750281,0.033609,0.111101,0.001087,0.000517,0.018562,0.022841,0.057554
0.025447,0.013691,0.474253,0.015095,0.126599,0.077730,0.067804,0.027276,0.152832,0.019273
0.027813,0.021332,0.017317,0.051831,0.380209,0.053766,0.102337,0.098909,0.206281,0.040205
0.002431,0.224741,0.320526,0.000851,0.267213,0.007946,0.057078,0.004299,0.035467,0.079449
0.010971,0.222134,0.008775,0.040922,0.175038,0.041294,0.093127,0.012418,0.324679,0.070643
0.016754,0.001330,0.462006,0.062048,0.254628,0.029228,0.001918,0.088707,0.068702,0.014680
0.116837,0.071201,0.143721,0.059255,0.024510,0.077860,0.228128,0.148809,0.068486,0.061191
0.099742,0.208035,0.022061,0.089399,0.351940,0.022952,0.108696,0.028018,0.062368,0.006789
0.002352,0.000914,0.502008,0.058915,0.293141,0.018066,0.038068,0.077333,0.002732,0.006473
0.043228,0.002478,0.016253,0.035877,0.561011,0.049826,0.107889,0.103354,0.057579,0.022505
0.006994,0.416052,0.021019,0.005318,0.296147,0.042272,0.040981,0.101492,0.053160,0.016565
0.098458,0.123811,0.081022,0.070033,0.036443,0.130721,0.171762,0.088944,0.095419,0.103386
0.046787,0.001214,0.624330,0.028796,0.150879,0.015249,0.034433,0.028901,0.044689,0.024722
0.019217,0.001528,0.685881,0.011979,0.159147,0.027417,0.007300,0.016404,0.049558,0.021568
0.058993,0.000971,0.580387,0.073246,0.159487,0.026314,0.019013,0.044184,0.029865,0.007540
0.002955,0.243892,0.420693,0.002991,0.145006,0.008941,0.019456,0.118786,0.034479,0.002800
0.038163,0.196532,0.452069,0.045495,0.165648,0.007876,0.056762,0.033375,0.001789,0.002290
0.002766,0.305173,0.440817,0.023395,0.162665,0.009863,0.015223,0.001841,0.036762,0.001493
0.013618,0.001829,0.429155,0.019564,0.085951,0.023118,0.001936,0.079437,0.303632,0.041760
0.009490,0.006917,0.623809,0.014190,0.173368,0.010885,0.000894,0.016382,0.051651,0.092414
0.027402,0.001110,0.509426,0.014652,0.110638,0.000953,0.005768,0.018534,0.303816,0.007701
0.065625,0.008255,0.021361,0.118658,0.222011,0.119121,0.017151,0.116590,0.185343,0.125886
0.003444,0.005287,0.582021,0.008101,0.210824,0.012213,0.030414,0.047040,0.051480,0.049175
0.036820,0.066538,0.529979,0.013130,0.155261,0.001146,0.011601,0.097577,0.012262,0.075686
0.003105,0.000491,0.648439,0.068675,0.200330,0.008286,0.029695,0.017228,0.016963,0.006787
0.035507,0.010078,0.013174,0.023064,0.572201,0.100663,0.045918,0.068983,0.107209,0.023203
0.006435,0.017875,0.125867,0.041680,0.350779,0.034446,0.186282,0.082877,0.130492,0.023267
0.024513,0.004306,0.014201,0.034860,0.337060,0.091884,0.152170,0.203748,0.114192,0.023065
0.001372,0.018092,0.865243,0.007381,0.045661,0.000566,0.016954,0.002346,0.016920,0.025465
0.046645,0.143800,0.054313,0.053855,0.144740,0.124757,0.244173,0.072819,0.056793,0.058105
0.011540,0.013751,0.003794,0.107694,0.639346,0.032028,0.147718,0.019942,0.010524,0.013662
0.012890,0.001456,0.235483,0.020925,0.166519,0.004581,0.004034,0.058692,0.472205,0.023215
0.046988,0.018091,0.019069,0.038839,0.465502,0.057246,0.084071,0.127862,0.019689,0.122641
0.017966,0.000976,0.569037,0.055867,0.157029,0.015721,0.002165,0.053763,0.077682,0.049793
0.023929,0.253432,0.009378,0.043528,0.374906,0.033571,0.031134,0.056648,0.051348,0.122125
0.028621,0.089010,0.217951,0.046892,0.162479,0.061733,0.109558,0.122135,0.102824,0.058798
0.001608,0.001251,0.820437,0.027867,0.057770,0.006171,0.034097,0.019366,0.028694,0.002739
0.069891,0.171593,0.165694,0.101859,0.101794,0.076140,0.068322,0.041734,0.111670,0.091304
0.002087,0.229941,0.412577,0.005863,0.166475,0.007041,0.055368,0.086161,0.012012,0.022476
0.008918,0.010040,0.585021,0.117955,0.154226,0.016742,0.000866,0.034170,0.006226,0.065836
0.009867,0.527491,0.004522,0.018673,0.151393,0.041157,0.049587,0.055164,0.033318,0.108829
0.004622,0.000852,0.640599,0.048587,0.167135,0.012568,0.072522,0.022280,0.006007,0.024828
0.002894,0.002538,0.587583,0.046339,0.314493,0.000598,0.020425,0.011772,0.003865,0.009493
0.010283,0.006757,0.002327,0.040582,0.246249,0.012904,0.002994,0.025835,0.608734,0.043335
0.136853,0.074663,0.029850,0.105183,0.022558,0.068711,0.231769,0.178940,0.055923,0.095551
0.016775,0.006440,0.143474,0.066189,0.226782,0.032462,0.006477,0.035435,0.414251,0.051715
0.035104,0.080766,0.298833,0.025094,0.083233,0.060362,0.101112,0.075589,0.100358,0.139550
0.051844,0.000675,0.592257,0.013295,0.147599,0.018994,0.042904,0.032958,0.070523,0.028951
0.009359,0.003635,0.660939,0.068792,0.138252,0.017512,0.031047,0.056274,0.003018,0.011172
0.033983,0.008101,0.373803,0.054838,0.088004,0.018238,0.002642,0.097257,0.287163,0.035969
0.020880,0.016301,0.010047,0.135451,0.575059,0.008734,0.085909,0.072569,0.039456,0.035594
0.056111,0.085201,0.014137,0.076510,0.167927,0.008441,0.052961,0.017286,0.449359,0.072068
0.057215,0.018043,0.017844,0.062042,0.445178,0.013611,0.014810,0.030773,0.188854,0.151630
0.024329,0.004352,0.012681,0.023834,0.236573,0.050983,0.003706,0.054478,0.564058,0.025005
0.131116,0.167991,0.041263,0.008963,0.445712,0.037423,0.035124,0.117095,0.007726,0.007586
0.007982,0.003508,0.006601,0.026343,0.153355,0.077393,0.107686,0.018888,0.591558,0.006687
0.027842,0.062202,0.260523,0.027248,0.383943,0.046257,0.031849,0.045728,0.085795,0.028613
0.010868,0.251956,0.010392,0.027394,0.321815,0.060997,0.133017,0.061049,0.107198,0.015312
0.154713,0.110293,0.049846,0.100424,0.031976,0.107099,0.247834,0.075414,0.051575,0.070827
0.093602,0.013203,0.009621,0.130763,0.263940,0.003519,0.058255,0.076893,0.272733,0.077472
0.020682,0.045371,0.015266,0.063329,0.657287,0.009005,0.074597,0.027466,0.017880,0.069116
0.010181,0.000530,0.351039,0.037488,0.248978,0.009172,0.002701,0.015382,0.319029,0.005501
0.124386,0.087830,0.149211,0.029728,0.017785,0.091235,0.224433,0.177253,0.034352,0.063787
0.004140,0.008228,0.404574,0.016969,0.358061,0.013384,0.042572,0.015469,0.036910,0.099695
0.008357,0.002918,0.658259,0.042093,0.179719,0.013751,0.002872,0.036082,0.043910,0.012038
0.001865,0.000272,0.816911,0.032685,0.090815,0.012355,0.002622,0.005734,0.002361,0.034380
0.000862,0.001720,0.689677,0.004140,0.171477,0.005255,0.017273,0.053157,0.028043,0.028397
0.007323,0.000673,0.645747,0.016954,0.193560,0.017214,0.069962,0.021901,0.008359,0.018307
0.011573,0.008796,0.005584,0.049705,0.770510,0.028672,0.007995,0.037301,0.032452,0.047412
0.034832,0.010641,0.007897,0.062510,0.223268,0.073239,0.005747,0.040636,0.491432,0.049799
0.007561,0.002009,0.552250,0.018607,0.344694,0.017603,0.010756,0.020890,0.023587,0.002043
0.135633,0.115051,0.194223,0.041704,0.035795,0.105549,0.220306,0.057427,0.038099,0.056212
0.006540,0.235471,0.456942,0.004342,0.183165,0.006993,0.063246,0.037711,0.001134,0.004455
0.030856,0.008239,0.008608,0.014206,0.088979,0.066543,0.029786,0.039727,0.678174,0.034882
0.011680,0.019134,0.008829,0.093824,0.742002,0.004942,0.032461,0.047283,0.008997,0.030849
0.043891,0.011326,0.023221,0.050530,0.569124,0.008418,0.116213,0.080712,0.078190,0.018374
0.023422,0.002719,0.783554,0.008542,0.091655,0.000597,0.047497,0.009470,0.025071,0.007473
0.062508,0.038315,0.014923,0.037789,0.541561,0.006481,0.039211,0.100108,0.123021,0.036083
0.004915,0.000515,0.632650,0.022583,0.236957,0.008443,0.003000,0.033783,0.048193,0.008961
0.005231,0.002705,0.865584,0.007661,0.059796,0.005113,0.017515,0.013362,0.009199,0.013833
0.003252,0.202722,0.457173,0.059257,0.160973,0.006784,0.022560,0.001715,0.040128,0.045435
0.004291,0.004424,0.583596,0.015227,0.273104,0.000260,0.014970,0.004135,0.051826,0.048168
0.005894,0.002376,0.368904,0.025342,0.100777,0.001726,0.021575,0.016745,0.434395,0.022266
0.054119,0.013662,0.011835,0.148104,0.430013,0.104921,0.034228,0.118196,0.065222,0.019701
0.015648,0.023962,0.382449,0.026460,0.043160,0.035329,0.053751,0.116128,0.228058,0.075055
0.024665,0.014754,0.005965,0.108511,0.503729,0.029611,0.015203,0.037061,0.098415,0.162085
0.055401,0.000596,0.627545,0.025316,0.148940,0.014932,0.050220,0.032995,0.036716,0.007340
0.002740,0.163551,0.502693,0.012265,0.262689,0.007870,0.023515,0.019504,0.001628,0.003544
0.008131,0.000463,0.834337,0.028583,0.071240,0.000465,0.017943,0.015199,0.008131,0.015507
0.007567,0.001678,0.155866,0.125948,0.351905,0.044205,0.010192,0.017398,0.065423,0.219818
0.009048,0.003318,0.015325,0.067844,0.644678,0.083803,0.007701,0.064508,0.076540,0.027236
0.110028,0.090724,0.153236,0.062000,0.073157,0.126145,0.140400,0.057203,0.070870,0.116237
0.004624,0.002025,0.885137,0.011722,0.049705,0.000772,0.018869,0.021421,0.000630,0.005095
0.009182,0.156943,0.002310,0.005681,0.184288,0.015578,0.033772,0.039397,0.500420,0.052430
0.030421,0.046932,0.368594,0.025052,0.317215,0.056698,0.041356,0.059034,0.032888,0.021810
0.014768,0.000931,0.627662,0.015724,0.152095,0.016070,0.061629,0.035032,0.007120,0.068969
0.097197,0.116236,0.075642,0.099685,0.062162,0.131082,0.134362,0.055437,0.121818,0.106379
0.008478,0.006338,0.008739,0.063296,0.225935,0.075113,0.004150,0.055991,0.532535,0.019425
0.002233,0.000368,0.854235,0.005087,0.066880,0.010836,0.002004,0.005149,0.046180,0.007029
0.001923,0.002205,0.695079,0.015508,0.229193,0.001044,0.002688,0.022792,0.024408,0.005159
0.113690,0.094816,0.064946,0.101207,0.046524,0.103695,0.182511,0.096458,0.109331,0.086822
0.011639,0.202992,0.008388,0.135399,0.386080,0.047791,0.044680,0.029651,0.090516,0.042864
0.002300,0.086373,0.776483,0.005006,0.042115,0.003215,0.014022,0.068510,0.000588,0.001388
0.016415,0.002035,0.005447,0.009137,0.074603,0.020017,0.042203,0.034727,0.713135,0.082281
0.006490,0.000305,0.504361,0.012147,0.104914,0.004650,0.022429,0.020839,0.299430,0.024435
0.000845,0.163513,0.570237,0.011507,0.169131,0.015348,0.033522,0.019686,0.012167,0.004045
0.005577,0.000503,0.209085,0.006365,0.109644,0.005558,0.013025,0.008669,0.617010,0.024564
0.020532,0.003573,0.006874,0.084885,0.491906,0.049860,0.057661,0.144000,0.106786,0.033924
0.004760,0.000729,0.796121,0.002791,0.152130,0.005240,0.008656,0.008903,0.015812,0.004859
0.087940,0.100345,0.180148,0.027883,0.023631,0.085061,0.207450,0.175868,0.067537,0.044137
0.003594,0.006213,0.586556,0.041689,0.165723,0.002554,0.002315,0.003944,0.167850,0.019563
0.009517,0.008834,0.459256,0.016917,0.192625,0.007527,0.009981,0.048276,0.227213,0.019853
0.021145,0.012990,0.787370,0.018095,0.086936,0.000482,0.006648,0.048536,0.015339,0.002459
0.003238,0.001603,0.528335,0.050877,0.301685,0.013139,0.032098,0.014271,0.049876,0.004876
0.143724,0.011645,0.015258,0.145900,0.437351,0.071717,0.008321,0.106508,0.010149,0.049428
0.010533,0.006187,0.557066,0.007968,0.365150,0.001632,0.017422,0.015374,0.015021,0.003648
0.011020,0.003256,0.693655,0.012640,0.123936,0.019114,0.024010,0.012989,0.096024,0.003356
0.041302,0.026938,0.181073,0.085955,0.388376,0.044780,0.015754,0.072628,0.111357,0.031836
0.036600,0.015485,0.010917,0.090799,0.675867,0.005082,0.009697,0.080463,0.037480,0.037610
0.082940,0.153581,0.142931,0.091723,0.083174,0.131409,0.098891,0.062973,0.078399,0.073980
0.066617,0.001418,0.040395,0.037024,0.241945,0.019150,0.005582,0.015973,0.551509,0.020385
0.005545,0.002526,0.867446,0.005733,0.079554,0.001229,0.001033,0.030077,0.003121,0.003736
0.023597,0.048300,0.532266,0.018052,0.168290,0.041257,0.065913,0.045711,0.030149,0.026464
0.019168,0.018036,0.010134,0.151557,0.523217,0.042157,0.082377,0.079858,0.017454,0.056041
0.003208,0.001762,0.131922,0.018319,0.074728,0.006289,0.016941,0.006543,0.738279,0.002008
0.032604,0.018538,0.072080,0.107281,0.583856,0.029809,0.009014,0.044926,0.091204,0.010688
0.030936,0.001614,0.007299,0.139739,0.235357,0.082683,0.123830,0.067029,0.129265,0.182247
0.008898,0.000615,0.549883,0.007765,0.110808,0.000338,0.023698,0.009463,0.264757,0.023775
0.004310,0.005791,0.461025,0.026701,0.340913,0.021657,0.065988,0.008481,0.055806,0.009327
0.218360,0.026911,0.035820,0.048449,0.223951,0.018940,0.031203,0.139620,0.091743,0.165002
0.002714,0.001243,0.813483,0.024061,0.058590,0.005812,0.032405,0.050581,0.009640,0.001471
0.011057,0.000487,0.481463,0.038710,0.255831,0.014573,0.040384,0.079851,0.031569,0.046075
0.000946,0.057305,0.307472,0.005500,0.059929,0.003983,0.046966,0.004979,0.510908,0.002013
0.085395,0.108831,0.163053,0.060415,0.206361,0.083156,0.057619,0.036113,0.147298,0.051759
0.051809,0.034313,0.017130,0.029539,0.476783,0.096393,0.009654,0.039849,0.068399,0.176131
0.015644,0.023246,0.018023,0.230027,0.273351,0.013798,0.255375,0.070233,0.081680,0.018625
0.006949,0.002897,0.491278,0.033732,0.338222,0.019191,0.007936,0.081803,0.001787,0.016204
0.077770,0.195209,0.196080,0.099568,0.087590,0.084693,0.055686,0.042856,0.072801,0.087747
0.011005,0.014985,0.012808,0.148836,0.403552,0.008703,0.052082,0.066048,0.270371,0.011610
0.010490,0.004583,0.503361,0.047186,0.356771,0.016867,0.037296,0.018326,0.002653,0.002469
0.080491,0.072936,0.186671,0.056129,0.221623,0.080903,0.088521,0.044901,0.114846,0.052979
0.033454,0.104139,0.162765,0.046306,0.227726,0.073398,0.162799,0.048416,0.072698,0.068299
0.056147,0.007206,0.687513,0.011051,0.149620,0.022248,0.003103,0.056755,0.003515,0.002842
0.072504,0.166591,0.277384,0.048318,0.088964,0.060932,0.069230,0.088689,0.073237,0.054150
0.004629,0.127900,0.635985,0.009666,0.172705,0.004668,0.039712,0.002574,0.001275,0.000885
0.044523,0.002417,0.563206,0.014630,0.154484,0.001818,0.016875,0.113206,0.001882,0.086958
0.014343,0.002491,0.004480,0.064167,0.688786,0.048190,0.018533,0.010860,0.035584,0.112568
0.002786,0.004265,0.202149,0.003605,0.107503,0.005976,0.011271,0.010554,0.645375,0.006515
0.009391,0.004329,0.399511,0.005264,0.459575,0.048699,0.010038,0.041420,0.006620,0.015154
0.010412,0.003985,0.537392,0.004395,0.327222,0.013847,0.011547,0.067676,0.015456,0.008068
0.009320,0.005571,0.517148,0.009353,0.269365,0.015393,0.001480,0.129558,0.032111,0.010701
0.001188,0.119488,0.249564,0.005867,0.172842,0.004329,0.036552,0.016380,0.360332,0.033459
0.012972,0.014146,0.013922,0.092696,0.283285,0.008347,0.045347,0.058590,0.450041,0.020653
0.074055,0.237502,0.004565,0.040246,0.350395,0.027278,0.024708,0.147661,0.082469,0.011122
0.001675,0.108599,0.675640,0.027896,0.134871,0.000704,0.025702,0.012724,0.010313,0.001877
0.006000,0.002842,0.429350,0.009689,0.085693,0.000382,0.017510,0.054622,0.373665,0.020245
0.007669,0.001886,0.486084,0.040327,0.338912,0.011324,0.062975,0.018467,0.023109,0.009246
0.028325,0.001775,0.107425,0.022021,0.635550,0.034278,0.008193,0.052009,0.045102,0.065322
0.026219,0.256818,0.008493,0.045216,0.427013,0.039401,0.031109,0.097558,0.048930,0.019243
0.014297,0.024083,0.544965,0.015825,0.040742,0.046456,0.011025,0.016193,0.268177,0.018238
0.104604,0.182613,0.089848,0.056759,0.044434,0.126553,0.153643,0.078549,0.093601,0.069396
0.077051,0.338335,0.004999,0.060319,0.091997,0.032882,0.043561,0.187454,0.087196,0.076206
0.000584,0.080464,0.797197,0.003148,0.061695,0.005324,0.019891,0.019901,0.009564,0.002232
0.007778,0.155341,0.429530,0.019197,0.240867,0.004557,0.030663,0.010258,0.075335,0.026474
0.058965,0.010423,0.022506,0.153150,0.432703,0.009273,0.068796,0.108339,0.016949,0.118896
0.041785,0.014311,0.009982,0.058864,0.566991,0.006291,0.075293,0.069252,0.051359,0.105872
0.005507,0.129635,0.342995,0.002786,0.127656,0.009945,0.000940,0.022700,0.355777,0.002060
0.016461,0.000593,0.590576,0.054264,0.139596,0.018825,0.037406,0.016458,0.064112,0.061712
0.015688,0.046919,0.463148,0.027704,0.193380,0.067355,0.075069,0.036331,0.046692,0.027716
0.006922,0.000757,0.477116,0.012818,0.319218,0.016794,0.043250,0.092672,0.004248,0.026204
0.006657,0.002610,0.008003,0.064285,0.659342,0.098974,0.029658,0.055552,0.059189,0.015730
0.002674,0.009469,0.695252,0.039643,0.105559,0.000770,0.012252,0.029615,0.057479,0.047286
0.015569,0.004309,0.015938,0.054245,0.428477,0.065869,0.081060,0.056346,0.073438,0.204748
0.006935,0.348517,0.011210,0.024824,0.399504,0.042613,0.005381,0.072525,0.062376,0.026116
0.031205,0.017796,0.101280,0.035010,0.329897,0.037920,0.208125,0.080125,0.125311,0.033330
0.001565,0.002477,0.198327,0.011230,0.052349,0.005303,0.010224,0.009336,0.703878,0.005311
0.032478,0.005658,0.018571,0.090683,0.470610,0.068110,0.020111,0.084209,0.169521,0.040050
0.001534,0.002128,0.574077,0.057858,0.229617,0.008145,0.037004,0.037764,0.024936,0.026936
0.021730,0.011654,0.027882,0.017500,0.430747,0.015598,0.018159,0.028965,0.267407,0.160358
0.003857,0.100373,0.537953,0.005058,0.285724,0.000958,0.013016,0.027617,0.001494,0.023951
0.001008,0.204170,0.439095,0.003319,0.132978,0.019994,0.037416,0.046217,0.059084,0.056719
0.008465,0.004147,0.513310,0.010925,0.358364,0.018463,0.001351,0.064613,0.017168,0.003194
0.012661,0.005682,0.740093,0.017411,0.145006,0.017832,0.008243,0.017750,0.021042,0.014278
0.010292,0.007685,0.667177,0.062144,0.142503,0.029076,0.004332,0.035107,0.030685,0.010998
0.041377,0.014195,0.018527,0.037217,0.466947,0.060536,0.004281,0.110576,0.082031,0.164312
0.001250,0.000844,0.612341,0.004216,0.112850,0.001107,0.006944,0.008059,0.223842,0.028546
0.019532,0.007942,0.020270,0.198863,0.452299,0.063260,0.004039,0.092312,0.064962,0.076521
0.088180,0.100612,0.061894,0.059607,0.128919,0.086890,0.177697,0.101462,0.085828,0.108910
0.079121,0.102541,0.071599,0.097765,0.042873,0.094810,0.168606,0.193944,0.071796,0.076944
0.005206,0.000275,0.641207,0.001089,0.037857,0.000679,0.012423,0.012421,0.287899,0.000944
0.026514,0.011817,0.005768,0.073661,0.246281,0.003814,0.066988,0.156182,0.380348,0.028628
0.044942,0.013292,0.011855,0.023686,0.519174,0.089815,0.045080,0.169060,0.051495,0.031600
0.004491,0.162439,0.437695,0.034015,0.205020,0.011504,0.043794,0.020944,0.036955,0.043142
0.008939,0.001035,0.516421,0.036879,0.350768,0.012074,0.001171,0.062723,0.003284,0.006707
