0.020960,0.112504,0.048124,0.022595,0.046251,0.055804,0.033210,0.027946,0.601305,0.031300
0.019128,0.011039,0.019827,0.014370,0.019101,0.023495,0.016418,0.540535,0.327162,0.008925
0.009047,0.110196,0.262535,0.008590,0.045513,0.057971,0.280926,0.007865,0.017534,0.199824
0.038363,0.552945,0.227332,0.029062,0.024289,0.007603,0.013653,0.010005,0.009714,0.087035
0.006671,0.434104,0.038979,0.007020,0.268173,0.008585,0.006708,0.007596,0.117517,0.104648
0.241780,0.039077,0.360872,0.006544,0.045118,0.054195,0.119046,0.030208,0.041301,0.061860
0.038255,0.077025,0.018082,0.009970,0.023443,0.017539,0.024552,0.754969,0.025888,0.010277
0.007672,0.511204,0.014093,0.018364,0.010412,0.010040,0.014938,0.007647,0.322177,0.083454
0.010355,0.013791,0.126463,0.081098,0.679683,0.010288,0.009233,0.011649,0.045838,0.011602
0.005651,0.052037,0.243700,0.036482,0.019737,0.014076,0.061272,0.472076,0.007858,0.087110
0.023560,0.020901,0.385979,0.023187,0.052401,0.020873,0.275715,0.149135,0.028534,0.019716
0.036840,0.032488,0.076637,0.035984,0.075517,0.060117,0.345358,0.230445,0.055041,0.051574
0.115708,0.003517,0.021905,0.005004,0.238417,0.010399,0.111576,0.282952,0.177315,0.033206
0.029822,0.008824,0.022110,0.009153,0.464006,0.012278,0.037106,0.009665,0.322495,0.084541
0.034794,0.010792,0.152240,0.349313,0.021105,0.009951,0.018858,0.368591,0.023461,0.010894
0.006185,0.524624,0.053939,0.006667,0.339146,0.011039,0.018546,0.012681,0.008942,0.018230
0.004314,0.319005,0.278506,0.003943,0.023229,0.026307,0.003590,0.198889,0.137800,0.004417
0.073275,0.041840,0.137811,0.005791,0.078628,0.046911,0.005026,0.122312,0.317701,0.170706
0.162620,0.318436,0.072662,0.006443,0.018415,0.027919,0.010077,0.008368,0.274632,0.100427
0.005774,0.005662,0.131643,0.006197,0.349603,0.014016,0.092410,0.016729,0.242567,0.135400
0.004069,0.004199,0.243870,0.039537,0.031334,0.028628,0.062278,0.337212,0.233879,0.014994
0.106847,0.057050,0.054300,0.040470,0.044013,0.063767,0.094011,0.147679,0.031280,0.360582
0.012094,0.077696,0.144271,0.051739,0.034553,0.022886,0.021067,0.071641,0.539607,0.024445
0.031494,0.012057,0.107559,0.010102,0.035310,0.009992,0.027868,0.281881,0.449557,0.034180
0.026793,0.362371,0.008657,0.005272,0.302154,0.013577,0.009683,0.146812,0.115881,0.008799
0.033732,0.540248,0.044816,0.237081,0.017442,0.008808,0.013130,0.007155,0.087221,0.010368
0.023166,0.005282,0.117007,0.009533,0.276441,0.017419,0.185807,0.072952,0.287240,0.005153
0.165502,0.061749,0.021740,0.017092,0.301793,0.032150,0.126416,0.159037,0.006754,0.107766
0.070395,0.011331,0.052431,0.011812,0.036866,0.020728,0.031449,0.286851,0.467391,0.010746
0.011182,0.031169,0.028784,0.023308,0.027793,0.010115,0.025391,0.249201,0.414113,0.178945
0.007077,0.008409,0.278358,0.249999,0.015274,0.014085,0.036293,0.013224,0.299714,0.077569
0.022783,0.007187,0.310273,0.047732,0.034537,0.014145,0.044698,0.023483,0.332564,0.162599
0.096664,0.020932,0.041380,0.016362,0.038607,0.037098,0.036005,0.433339,0.236178,0.043437
0.011268,0.010350,0.033982,0.013403,0.532711,0.024154,0.030076,0.086180,0.247148,0.010727
0.058137,0.247732,0.021201,0.004108,0.212782,0.007969,0.022587,0.227456,0.165611,0.032418
0.006015,0.400571,0.008350,0.170849,0.007304,0.008731,0.016494,0.368454,0.007321,0.005909
0.009603,0.689018,0.026676,0.013952,0.045415,0.061916,0.105499,0.022574,0.015108,0.010240
0.048814,0.131833,0.067313,0.038001,0.046694,0.020031,0.166139,0.028477,0.410419,0.042280
0.027786,0.004144,0.218056,0.006142,0.253432,0.033169,0.012569,0.189801,0.238361,0.016541
0.140354,0.007912,0.026968,0.232201,0.017517,0.012746,0.018357,0.516455,0.010228,0.017262
0.014271,0.013852,0.043422,0.014471,0.624960,0.021542,0.029056,0.031607,0.192567,0.014253
0.015520,0.431415,0.042877,0.271795,0.035691,0.033748,0.020780,0.013635,0.128211,0.006328
0.031018,0.006388,0.259757,0.046466,0.030082,0.014564,0.123089,0.176355,0.269294,0.042988
0.014037,0.477262,0.185210,0.007387,0.020870,0.008076,0.014046,0.006470,0.257247,0.009396
0.020454,0.007664,0.022286,0.036100,0.017328,0.013629,0.019203,0.500386,0.234294,0.128656
0.005129,0.380050,0.037400,0.006074,0.024488,0.033486,0.080450,0.420309,0.007393,0.005220
0.045406,0.007743,0.270279,0.042134,0.022830,0.015975,0.069896,0.191127,0.299108,0.035503
0.019545,0.049420,0.056536,0.035543,0.051653,0.029060,0.157974,0.030970,0.371478,0.197820
0.012172,0.077327,0.017643,0.012943,0.024295,0.025545,0.028526,0.772785,0.015717,0.013045
0.139992,0.465866,0.041714,0.225100,0.022785,0.007988,0.034114,0.043448,0.008346,0.010647
0.014886,0.112778,0.055485,0.015611,0.055410,0.024676,0.143485,0.382134,0.017834,0.177702
0.007267,0.005567,0.134611,0.009115,0.371220,0.016492,0.153510,0.182742,0.114189,0.005288
0.011475,0.011422,0.037610,0.011738,0.023525,0.020485,0.027244,0.795568,0.015073,0.045859
0.009711,0.608202,0.053992,0.009388,0.011663,0.011055,0.087646,0.011148,0.178741,0.018454
0.003550,0.276072,0.103417,0.134501,0.174637,0.004804,0.007101,0.287524,0.004644,0.003750
0.011864,0.313160,0.021531,0.003747,0.259566,0.025540,0.003242,0.335938,0.021297,0.004114
0.119886,0.393253,0.141161,0.004662,0.298782,0.006679,0.010264,0.007493,0.012659,0.005162
0.022707,0.006020,0.193296,0.024180,0.039791,0.041305,0.155782,0.192840,0.317641,0.006438
0.005484,0.419486,0.034815,0.005269,0.296281,0.004902,0.007350,0.006609,0.211895,0.007909
0.004712,0.403713,0.038667,0.004701,0.239679,0.009782,0.008896,0.155510,0.129476,0.004864
0.060743,0.010487,0.025457,0.011002,0.617827,0.023839,0.096554,0.025006,0.012993,0.116092
0.010941,0.011690,0.040148,0.011871,0.034843,0.018521,0.137749,0.226957,0.495020,0.012261
0.007477,0.472370,0.008977,0.201208,0.009952,0.012592,0.007184,0.008465,0.224742,0.047032
0.013717,0.040475,0.158438,0.062772,0.027095,0.020920,0.011274,0.229545,0.423981,0.011783
0.008385,0.018987,0.013894,0.008218,0.010175,0.010840,0.054500,0.474344,0.311425,0.089232
0.029452,0.006523,0.116340,0.220957,0.285360,0.021021,0.102690,0.157556,0.023248,0.036853
0.015527,0.014703,0.360156,0.017016,0.063971,0.091314,0.045983,0.065798,0.314839,0.010693
0.006630,0.404640,0.025637,0.008071,0.010701,0.007677,0.015233,0.460385,0.009330,0.051696
0.005073,0.282172,0.013116,0.004527,0.198097,0.023042,0.058068,0.378103,0.014090,0.023712
0.011092,0.015824,0.099368,0.019287,0.073445,0.088642,0.184914,0.379209,0.069652,0.058568
0.022055,0.077766,0.120734,0.007385,0.298713,0.047187,0.099161,0.114285,0.158359,0.054355
0.007632,0.010700,0.442015,0.009156,0.063031,0.024848,0.024840,0.035080,0.374232,0.008467
0.020554,0.812529,0.014924,0.013058,0.014401,0.012326,0.023725,0.062050,0.014532,0.011901
0.019656,0.018661,0.249085,0.021033,0.039325,0.038472,0.034614,0.517044,0.043350,0.018759
0.009679,0.011285,0.027223,0.046482,0.450923,0.027817,0.119677,0.247479,0.021087,0.038347
0.007706,0.058532,0.122523,0.009535,0.501300,0.007702,0.102707,0.013334,0.169410,0.007250
0.009494,0.010818,0.228599,0.011131,0.046900,0.009906,0.023359,0.426176,0.038705,0.194913
0.036043,0.344021,0.024662,0.005443,0.210835,0.011591,0.044428,0.213998,0.103623,0.005356
0.162175,0.004391,0.053254,0.018788,0.286453,0.031934,0.075905,0.015944,0.232656,0.118499
0.008837,0.007532,0.025115,0.008774,0.015636,0.012666,0.019221,0.554046,0.259257,0.088916
0.026773,0.040957,0.082817,0.015428,0.408304,0.054832,0.028439,0.006897,0.329164,0.006389
0.249004,0.009403,0.068011,0.006666,0.060273,0.054813,0.115257,0.022916,0.377479,0.036177
0.004335,0.044494,0.186696,0.004483,0.223400,0.026276,0.038366,0.331535,0.018442,0.121972
0.017428,0.286630,0.009029,0.011805,0.187237,0.009731,0.008710,0.278409,0.186535,0.004485
0.013254,0.012146,0.040902,0.024529,0.021658,0.019550,0.022715,0.397844,0.402889,0.044513
0.005153,0.005477,0.046635,0.008738,0.259489,0.035397,0.070717,0.170627,0.258073,0.139693
0.003764,0.027704,0.263551,0.006016,0.224859,0.031610,0.018673,0.159726,0.237894,0.026202
0.205717,0.006080,0.350487,0.008020,0.045072,0.017849,0.159423,0.005675,0.196062,0.005615
0.044155,0.038594,0.107210,0.043522,0.077472,0.059031,0.057417,0.059594,0.077468,0.435537
0.078125,0.009768,0.087073,0.009441,0.094372,0.058542,0.005547,0.127570,0.341447,0.188114
0.011298,0.014044,0.044237,0.012229,0.675493,0.025226,0.115513,0.012257,0.033153,0.056552
0.007263,0.009320,0.010127,0.212382,0.019044,0.013363,0.015222,0.473137,0.226625,0.013517
0.007708,0.008551,0.064453,0.010251,0.399576,0.014045,0.084985,0.163231,0.121254,0.125947
0.024917,0.028056,0.257069,0.024644,0.059175,0.037091,0.051779,0.024044,0.409540,0.083686
0.007668,0.537101,0.013089,0.009315,0.010204,0.019029,0.015091,0.008615,0.361937,0.017950
0.029686,0.010729,0.089276,0.009298,0.368328,0.012806,0.017459,0.015124,0.357670,0.089626
0.006472,0.005354,0.132469,0.005189,0.301565,0.021761,0.016972,0.153463,0.248120,0.108635
0.005655,0.433316,0.069284,0.005706,0.262491,0.008860,0.071296,0.006056,0.128911,0.008425
0.017859,0.013422,0.272214,0.013072,0.065897,0.105469,0.043600,0.013505,0.081128,0.373835
0.008324,0.007981,0.019916,0.007931,0.434077,0.016508,0.033491,0.013538,0.338367,0.119866
0.014551,0.012992,0.035017,0.048685,0.022993,0.025533,0.026961,0.276729,0.524176,0.012364
0.023255,0.016561,0.089843,0.039429,0.159298,0.053149,0.475128,0.091560,0.035413,0.016364
0.032908,0.007504,0.140393,0.257007,0.479588,0.012255,0.017468,0.007472,0.009849,0.035556
0.004087,0.031795,0.127056,0.010543,0.300916,0.040629,0.021596,0.174176,0.241915,0.047287
0.008627,0.010570,0.021021,0.008783,0.499219,0.017705,0.042154,0.214765,0.021538,0.155617
0.006756,0.043739,0.023215,0.006896,0.318320,0.009732,0.054575,0.458299,0.008160,0.070308
0.008732,0.008218,0.093474,0.029152,0.410316,0.023458,0.176524,0.035330,0.010417,0.204380
0.064526,0.013898,0.054446,0.015089,0.027857,0.014077,0.040366,0.036927,0.576894,0.155920
0.004951,0.374198,0.162546,0.010601,0.272509,0.004927,0.010362,0.139427,0.007055,0.013425
0.052115,0.077358,0.120755,0.014227,0.362224,0.047289,0.004536,0.005917,0.281596,0.033984
0.026177,0.023387,0.350628,0.025727,0.071483,0.053918,0.065330,0.025854,0.335337,0.022158
0.007450,0.007949,0.141570,0.006969,0.400462,0.017844,0.074821,0.169538,0.019554,0.153843
0.011701,0.012983,0.033615,0.023835,0.019183,0.022857,0.119455,0.732996,0.012571,0.010804
0.071913,0.316132,0.005489,0.004679,0.006153,0.007430,0.006528,0.297798,0.216028,0.067848
0.032060,0.024612,0.311560,0.028326,0.228652,0.190497,0.020217,0.095059,0.038093,0.030922
0.032582,0.065357,0.112520,0.042988,0.025175,0.019978,0.015033,0.193154,0.355286,0.137926
0.008802,0.086595,0.207525,0.011843,0.033258,0.044724,0.106238,0.284556,0.210300,0.006158
0.013334,0.015895,0.020773,0.015979,0.575874,0.020850,0.028705,0.029652,0.253042,0.025896
0.004262,0.311988,0.016738,0.004909,0.255928,0.025405,0.010894,0.345535,0.019575,0.004767
0.029561,0.008537,0.017445,0.016758,0.382485,0.006994,0.030003,0.184334,0.293387,0.030496
0.007256,0.007414,0.209087,0.021673,0.056372,0.024861,0.239414,0.329949,0.055832,0.048143
0.018326,0.017102,0.119173,0.038492,0.152314,0.140065,0.382334,0.087380,0.025644,0.019170
0.017624,0.023729,0.041584,0.019946,0.048544,0.058305,0.221489,0.114427,0.384534,0.069817
0.007931,0.006926,0.273830,0.012328,0.439101,0.028587,0.022819,0.066212,0.134307,0.007959
0.016585,0.020017,0.044118,0.017978,0.028177,0.024771,0.020561,0.340332,0.459989,0.027472
0.037166,0.019130,0.032211,0.167006,0.179422,0.027102,0.010722,0.335496,0.115417,0.076327
0.121632,0.005886,0.107934,0.202897,0.298989,0.011362,0.013920,0.010746,0.208180,0.018454
0.018905,0.021096,0.051808,0.033794,0.024294,0.016957,0.035862,0.111333,0.669966,0.015986
0.029777,0.012340,0.033457,0.029006,0.074141,0.028199,0.098154,0.025188,0.471378,0.198360
0.045660,0.034864,0.136534,0.012216,0.036625,0.024977,0.029340,0.411348,0.239984,0.028452
0.007805,0.472251,0.035654,0.008568,0.012051,0.007166,0.010100,0.105947,0.327247,0.013211
0.006458,0.399174,0.043734,0.006043,0.011513,0.006658,0.012494,0.161129,0.279150,0.073646
0.012700,0.016572,0.077605,0.024429,0.091749,0.039796,0.009700,0.407179,0.306919,0.013350
0.003705,0.005517,0.252023,0.004856,0.247344,0.030232,0.048459,0.181893,0.122895,0.103077
0.010864,0.024398,0.027375,0.010596,0.015887,0.009951,0.095821,0.662557,0.112704,0.029846
0.056172,0.023043,0.179162,0.024404,0.057111,0.068255,0.050549,0.305175,0.026130,0.210000
0.010191,0.115879,0.463887,0.036798,0.058067,0.021446,0.134763,0.109785,0.016216,0.032968
0.539300,0.029750,0.072098,0.034415,0.085250,0.043311,0.060826,0.048908,0.056487,0.029655
0.010706,0.688107,0.017761,0.010229,0.020851,0.011762,0.019062,0.010798,0.197464,0.013260
0.008318,0.010700,0.026265,0.008048,0.480239,0.013133,0.021043,0.063590,0.347463,0.021201
0.181267,0.544022,0.128772,0.008105,0.021086,0.012331,0.077929,0.010092,0.009324,0.007071
0.008971,0.577994,0.050970,0.008308,0.017939,0.009162,0.008728,0.008760,0.301042,0.008127
0.036491,0.478118,0.031814,0.016496,0.036274,0.016291,0.100888,0.250885,0.009287,0.023455
0.015906,0.501746,0.039406,0.005815,0.018925,0.016500,0.014205,0.047046,0.268214,0.072238
0.014846,0.012685,0.035941,0.012534,0.026578,0.021035,0.150218,0.077365,0.602183,0.046616
0.168439,0.351705,0.015924,0.005298,0.025706,0.028322,0.131323,0.011530,0.251399,0.010355
0.025620,0.007857,0.186340,0.025492,0.527929,0.013691,0.143062,0.028732,0.033650,0.007626
0.003647,0.257939,0.063967,0.003694,0.209406,0.004847,0.002808,0.252004,0.154542,0.047145
0.282119,0.010722,0.090745,0.017088,0.459895,0.023526,0.029696,0.027573,0.051152,0.007484
0.046385,0.007121,0.039799,0.008794,0.069233,0.053314,0.005872,0.259676,0.366039,0.143767
0.145440,0.005060,0.214174,0.004980,0.355861,0.016584,0.018613,0.225160,0.009043,0.005084
0.004992,0.007636,0.029049,0.006044,0.340841,0.038613,0.146051,0.102917,0.175300,0.148556
0.005205,0.301811,0.018660,0.198643,0.233093,0.010229,0.009600,0.073729,0.005907,0.143122
0.003079,0.016916,0.080608,0.142925,0.233742,0.007273,0.080730,0.265549,0.158538,0.010640
0.021652,0.024265,0.034024,0.023929,0.054553,0.030284,0.088195,0.422587,0.048969,0.251542
0.024033,0.070996,0.081242,0.007227,0.367760,0.014420,0.022593,0.068031,0.179881,0.163818
0.052766,0.742024,0.063810,0.011848,0.028557,0.012431,0.049670,0.012371,0.012255,0.014266
0.016160,0.405003,0.152138,0.004562,0.019841,0.006849,0.011604,0.135376,0.243346,0.005123
0.007086,0.563275,0.049881,0.010363,0.036005,0.048272,0.018692,0.011446,0.241361,0.013619
0.005795,0.389926,0.009300,0.005974,0.007021,0.007080,0.010344,0.371660,0.187168,0.005734
0.013945,0.141902,0.114538,0.017023,0.084584,0.082959,0.296326,0.143896,0.064290,0.040538
0.004325,0.306214,0.121512,0.004443,0.257080,0.005717,0.006427,0.029517,0.205407,0.059358
0.023925,0.438479,0.007465,0.007153,0.007899,0.013295,0.055675,0.208541,0.229527,0.008043
0.005987,0.006465,0.011976,0.225940,0.340539,0.011077,0.091269,0.006318,0.294676,0.005755
0.009583,0.010160,0.145941,0.016157,0.084930,0.057591,0.156346,0.256852,0.014704,0.247734
0.011905,0.010288,0.501207,0.103132,0.069769,0.028965,0.162779,0.042162,0.060224,0.009570
0.006846,0.521722,0.009725,0.007083,0.388458,0.006859,0.025547,0.008448,0.009109,0.016204
0.005172,0.005151,0.129489,0.051222,0.293244,0.005069,0.196906,0.061518,0.247136,0.005093
0.026810,0.550643,0.009624,0.008806,0.010821,0.009783,0.018379,0.024102,0.330417,0.010614
0.326535,0.023916,0.026144,0.020509,0.030191,0.018796,0.152253,0.134239,0.235943,0.031473
0.007237,0.007284,0.238783,0.006264,0.024366,0.015677,0.118053,0.425628,0.151261,0.005447
0.163621,0.045747,0.142319,0.091785,0.095046,0.070764,0.211184,0.081568,0.054364,0.043601
0.007200,0.007326,0.191076,0.008839,0.470741,0.022005,0.006433,0.079228,0.012817,0.194336
0.011739,0.010089,0.030361,0.324806,0.021236,0.014913,0.111527,0.013529,0.450111,0.011689
0.008463,0.698886,0.070520,0.010142,0.056218,0.061821,0.007441,0.023818,0.039478,0.023213
0.005999,0.009223,0.135550,0.071950,0.076394,0.020240,0.162803,0.295119,0.043961,0.178762
0.043003,0.033086,0.378800,0.009110,0.029502,0.008920,0.083207,0.089914,0.205832,0.118626
0.041682,0.007401,0.046474,0.005360,0.306837,0.011783,0.044933,0.429932,0.099983,0.005614
0.004833,0.005103,0.073041,0.005251,0.260340,0.008754,0.044723,0.366575,0.226627,0.004755
0.036494,0.013507,0.435738,0.011757,0.035371,0.022242,0.225470,0.042039,0.015882,0.161498
0.003723,0.005606,0.024888,0.004999,0.211536,0.029061,0.052222,0.345773,0.212042,0.110151
0.004607,0.363577,0.127908,0.004654,0.208035,0.007135,0.024998,0.039424,0.211400,0.008262
0.013384,0.124328,0.289881,0.011490,0.063052,0.048369,0.009912,0.114610,0.314357,0.010616
0.008457,0.008113,0.034349,0.007727,0.488524,0.026746,0.020178,0.055506,0.343196,0.007203
0.019082,0.021439,0.020402,0.018314,0.020462,0.023231,0.119776,0.100815,0.496129,0.160349
0.060202,0.074647,0.017358,0.009617,0.021586,0.034032,0.031230,0.727621,0.012948,0.010759
0.111390,0.405450,0.060224,0.006064,0.351118,0.014013,0.009851,0.028755,0.007182,0.005953
0.049300,0.016037,0.042351,0.011822,0.547417,0.012383,0.029919,0.095094,0.164958,0.030719
0.024326,0.031658,0.085548,0.051607,0.451038,0.029287,0.068833,0.018012,0.131247,0.108445
0.093716,0.110509,0.140732,0.043244,0.100391,0.075022,0.090910,0.231302,0.046459,0.067717
0.026915,0.434224,0.209719,0.011135,0.026406,0.014882,0.178303,0.065226,0.025578,0.007610
0.052904,0.013280,0.057724,0.063001,0.025570,0.027388,0.128831,0.393487,0.226494,0.011321
0.021426,0.089180,0.034477,0.059508,0.034328,0.047487,0.078686,0.245899,0.382552,0.006459
0.008541,0.290394,0.109357,0.018534,0.232465,0.005229,0.021905,0.301639,0.004502,0.007434
0.006315,0.480167,0.086690,0.006767,0.349737,0.014749,0.005305,0.031459,0.012321,0.006489
0.177285,0.062124,0.020393,0.009425,0.024431,0.015447,0.021799,0.318263,0.340785,0.010048
0.044488,0.426933,0.025354,0.007631,0.022479,0.034932,0.011331,0.264995,0.008714,0.153142
0.007430,0.006513,0.008647,0.202129,0.375929,0.009214,0.013190,0.041714,0.273761,0.061473
0.193279,0.005383,0.055226,0.007186,0.280526,0.044587,0.021533,0.073187,0.177671,0.141421
0.072948,0.272434,0.024904,0.003195,0.206502,0.010440,0.003096,0.264273,0.138381,0.003827
0.024229,0.078657,0.165304,0.008074,0.464241,0.019620,0.021865,0.071059,0.030177,0.116773
0.007710,0.118849,0.104112,0.093201,0.057677,0.060992,0.030759,0.008264,0.221768,0.296669
0.004441,0.005202,0.301479,0.004894,0.033009,0.041352,0.020562,0.424881,0.033955,0.130226
0.005593,0.410243,0.008959,0.193678,0.011821,0.013385,0.066527,0.159713,0.124505,0.005576
0.013818,0.013403,0.058667,0.014639,0.034102,0.031892,0.046186,0.331139,0.426331,0.029823
0.011829,0.010352,0.047699,0.012741,0.578926,0.025658,0.107016,0.031675,0.163707,0.010398
0.028130,0.470530,0.164548,0.006058,0.011579,0.007011,0.013370,0.007182,0.228547,0.063045
0.006060,0.371812,0.010402,0.169182,0.006586,0.005672,0.005168,0.174207,0.245329,0.005582
0.005699,0.005561,0.012377,0.179178,0.289192,0.008115,0.007748,0.412109,0.013737,0.066284
0.007727,0.009855,0.113522,0.008557,0.406937,0.022995,0.016730,0.012070,0.262717,0.138890
0.006871,0.007436,0.256934,0.015422,0.042141,0.055206,0.236105,0.106435,0.199892,0.073559
0.019450,0.007154,0.033701,0.277971,0.339453,0.039235,0.066908,0.024130,0.170531,0.021465
0.013210,0.618392,0.012927,0.010405,0.010658,0.017656,0.022153,0.213450,0.011460,0.069689
0.008807,0.683548,0.055018,0.008195,0.052757,0.023350,0.056595,0.026255,0.014053,0.071423
0.018925,0.060837,0.061293,0.020456,0.055228,0.031373,0.169544,0.123349,0.254004,0.204991
0.043955,0.009988,0.186917,0.025389,0.044856,0.020989,0.176335,0.078741,0.379474,0.033356
0.018124,0.017902,0.331881,0.023616,0.054733,0.033549,0.030503,0.032295,0.439439,0.017960
0.010112,0.011736,0.024758,0.010279,0.012416,0.015347,0.039275,0.608232,0.251750,0.016094
0.007701,0.047479,0.078027,0.031353,0.356175,0.011350,0.060287,0.236824,0.092303,0.078501
0.007446,0.009736,0.181541,0.010160,0.434128,0.027261,0.021358,0.290818,0.009432,0.008119
0.192465,0.007345,0.360242,0.019439,0.038630,0.045794,0.004487,0.020767,0.290621,0.020210
0.010603,0.037732,0.048744,0.030655,0.562644,0.010289,0.064057,0.011517,0.212552,0.011208
0.056222,0.490675,0.032263,0.007515,0.032843,0.040199,0.013150,0.309032,0.010227,0.007873
0.014189,0.015935,0.039898,0.011900,0.040604,0.020320,0.027118,0.101677,0.510342,0.218017
0.105681,0.012647,0.167760,0.101577,0.067191,0.075106,0.039145,0.121959,0.060451,0.248482
0.126882,0.055385,0.119771,0.005455,0.271639,0.013819,0.016788,0.145332,0.238935,0.005994
0.004166,0.310412,0.055855,0.005047,0.272674,0.007143,0.035895,0.092605,0.211851,0.004351
0.040142,0.051139,0.026500,0.239161,0.014148,0.012472,0.088731,0.510470,0.008818,0.008421
0.004140,0.295135,0.006783,0.150306,0.190824,0.007050,0.017559,0.118496,0.198516,0.011190
0.038031,0.008570,0.035525,0.007136,0.041311,0.051104,0.021133,0.292239,0.372268,0.132684
0.022559,0.009838,0.014008,0.008681,0.473038,0.014532,0.020729,0.148816,0.270530,0.017270
0.013066,0.011444,0.035318,0.011992,0.624645,0.035674,0.023527,0.072794,0.159080,0.012462
0.009505,0.010146,0.081990,0.034125,0.016635,0.026851,0.008646,0.291212,0.375062,0.145828
0.012983,0.016358,0.176538,0.442983,0.023415,0.026737,0.031279,0.229657,0.025656,0.014394
0.023368,0.399017,0.049212,0.005539,0.258762,0.007718,0.039336,0.148448,0.061603,0.006998
0.005260,0.411273,0.147865,0.005157,0.239941,0.009568,0.034002,0.005186,0.129705,0.012044
0.012255,0.030957,0.095487,0.013505,0.023540,0.012629,0.019951,0.278800,0.393723,0.119152
0.006087,0.006021,0.078684,0.007063,0.360324,0.019725,0.055366,0.166387,0.288987,0.011357
0.036871,0.020248,0.019578,0.013956,0.018790,0.022714,0.013476,0.506688,0.339839,0.007839
0.011771,0.775250,0.015639,0.013764,0.015353,0.014005,0.010864,0.043422,0.013779,0.086153
0.004596,0.004517,0.089614,0.223168,0.028667,0.033942,0.028983,0.456125,0.024335,0.106051
0.004009,0.292776,0.025326,0.004509,0.234800,0.009975,0.051271,0.160265,0.171093,0.045976
0.006333,0.475455,0.053886,0.005894,0.380865,0.015764,0.029140,0.016806,0.009403,0.006454
0.281076,0.014062,0.238176,0.076015,0.043723,0.019564,0.085561,0.030730,0.043528,0.167565
0.008055,0.026583,0.192072,0.008607,0.018337,0.018110,0.019795,0.282983,0.276387,0.149070
0.023125,0.369178,0.007870,0.005072,0.233609,0.004787,0.039388,0.105963,0.204295,0.006712
0.008434,0.041219,0.010182,0.008262,0.014580,0.020415,0.014422,0.516877,0.344134,0.021476
0.010629,0.007755,0.095183,0.008862,0.079407,0.056727,0.030903,0.107313,0.417693,0.185529
0.035032,0.284871,0.030580,0.032996,0.179385,0.009481,0.008930,0.172979,0.217420,0.028326
0.010175,0.008170,0.084732,0.010841,0.079456,0.055793,0.209743,0.283155,0.249267,0.008667
0.004126,0.004493,0.251427,0.044800,0.034051,0.032385,0.089337,0.172126,0.244845,0.122409
0.009507,0.012869,0.177708,0.019266,0.088769,0.070694,0.041300,0.055357,0.513577,0.010953
0.007276,0.007512,0.190067,0.009012,0.018574,0.013604,0.020990,0.599489,0.116080,0.017394
0.007390,0.544170,0.010272,0.008703,0.012116,0.011314,0.061890,0.008298,0.253254,0.082594
0.007643,0.602337,0.210632,0.008857,0.015065,0.012227,0.031506,0.010099,0.016358,0.085276
0.032055,0.034718,0.093202,0.027075,0.043876,0.084187,0.058349,0.209013,0.366317,0.051209
0.005606,0.394300,0.137348,0.007949,0.026022,0.035981,0.012345,0.012087,0.173297,0.195066
0.063023,0.248396,0.005346,0.110424,0.166546,0.003273,0.013191,0.227760,0.158824,0.003217
0.051227,0.048955,0.195500,0.042845,0.116918,0.157818,0.119474,0.083205,0.056103,0.127954
0.026641,0.009339,0.089607,0.007947,0.393201,0.007130,0.025992,0.071447,0.335970,0.032727
0.005722,0.438376,0.009068,0.006348,0.009535,0.008961,0.043060,0.210051,0.260946,0.007934
0.007377,0.498618,0.030421,0.223124,0.009111,0.007404,0.015610,0.029079,0.070956,0.108300
0.096451,0.005292,0.019202,0.005037,0.264352,0.008747,0.012417,0.344711,0.223171,0.020621
0.010155,0.011063,0.027942,0.009215,0.515019,0.013752,0.026773,0.019021,0.357398,0.009661
0.147263,0.008443,0.019272,0.038793,0.347414,0.016643,0.069981,0.192454,0.153287,0.006451
0.011546,0.440857,0.008493,0.006709,0.267579,0.007252,0.009277,0.007904,0.231913,0.008470
0.100285,0.443771,0.010764,0.190989,0.012780,0.009251,0.016960,0.200019,0.008149,0.007034
0.005516,0.412168,0.007920,0.006013,0.255835,0.009526,0.046634,0.007232,0.243145,0.006011
0.043528,0.011584,0.033241,0.011963,0.540647,0.015788,0.015948,0.091786,0.024935,0.210581
0.043860,0.054142,0.018376,0.009810,0.013915,0.013040,0.011659,0.612179,0.108240,0.114779
0.202087,0.007989,0.062193,0.010135,0.055497,0.018089,0.004698,0.566267,0.040477,0.032568
0.022295,0.008679,0.162768,0.008917,0.021114,0.018484,0.138442,0.215821,0.301399,0.102079
0.008687,0.024841,0.028994,0.009612,0.403731,0.013185,0.020677,0.052472,0.291263,0.146538
0.182505,0.342257,0.018103,0.007789,0.025123,0.030833,0.075661,0.010456,0.171052,0.136221
0.008516,0.009436,0.069388,0.031559,0.011902,0.007983,0.017276,0.505996,0.324600,0.013343
0.007815,0.005579,0.236245,0.006291,0.304730,0.023998,0.019099,0.149637,0.241315,0.005292
0.006591,0.060290,0.046866,0.006224,0.359196,0.014355,0.050180,0.165622,0.266775,0.023901
0.034559,0.008819,0.154202,0.008791,0.350731,0.023820,0.050259,0.073920,0.287556,0.007343
0.004023,0.335637,0.261176,0.004047,0.019258,0.026863,0.008252,0.004401,0.246421,0.089923
0.006151,0.497794,0.010835,0.008264,0.420275,0.010958,0.015242,0.008604,0.012561,0.009316
0.024854,0.106653,0.284761,0.036561,0.106484,0.025303,0.196551,0.089765,0.032643,0.096425
0.323945,0.110846,0.026939,0.070664,0.039364,0.032055,0.140293,0.022380,0.036646,0.196867
0.006287,0.004929,0.216335,0.005338,0.305751,0.004910,0.015093,0.367594,0.006253,0.067508
0.034582,0.009566,0.012792,0.008110,0.454660,0.007438,0.044777,0.052627,0.280180,0.095268
0.004455,0.345489,0.030428,0.006799,0.271483,0.004151,0.041100,0.028689,0.210332,0.057074
0.006255,0.496717,0.021012,0.007085,0.413434,0.010554,0.015896,0.013100,0.009461,0.006486
0.008168,0.007801,0.079680,0.252799,0.320372,0.015239,0.034443,0.176771,0.096230,0.008496
0.012287,0.452311,0.007899,0.007252,0.010477,0.007935,0.012619,0.416286,0.065711,0.007223
0.009797,0.620005,0.014226,0.010616,0.015964,0.010505,0.066892,0.031744,0.153445,0.066806
0.005138,0.019598,0.010501,0.032266,0.362650,0.012642,0.017235,0.420285,0.007348,0.112336
0.011277,0.346633,0.086731,0.005521,0.007849,0.005891,0.062130,0.185025,0.235191,0.053751
0.008427,0.010093,0.013201,0.259222,0.015856,0.016448,0.043220,0.592448,0.010378,0.030706
0.015759,0.011503,0.082198,0.013230,0.082748,0.036821,0.317615,0.410687,0.018308,0.011131
0.010738,0.039988,0.238633,0.386479,0.040018,0.009575,0.008497,0.085255,0.032920,0.147896
0.008531,0.548441,0.010333,0.008951,0.013810,0.009450,0.017979,0.009587,0.365201,0.007717
0.006088,0.005307,0.075013,0.042433,0.243369,0.027575,0.120074,0.357745,0.024592,0.097804
0.003845,0.026361,0.089291,0.007772,0.028169,0.035502,0.119588,0.425854,0.109513,0.154105
0.109876,0.008049,0.020874,0.006922,0.291529,0.013142,0.013895,0.434593,0.078938,0.022184
0.007968,0.007006,0.011464,0.241098,0.435086,0.011012,0.017035,0.245807,0.009770,0.013755
0.350545,0.050708,0.063500,0.014825,0.041292,0.027897,0.035851,0.028660,0.041553,0.345170
0.003767,0.059283,0.141132,0.044391,0.025557,0.029674,0.113092,0.346103,0.219357,0.017644
0.011834,0.421331,0.139736,0.043090,0.024847,0.037138,0.154236,0.011814,0.021851,0.134124
0.081567,0.007243,0.155653,0.007083,0.054561,0.052896,0.200420,0.040822,0.200301,0.199455
0.051852,0.007037,0.158591,0.012221,0.380022,0.006377,0.250200,0.084381,0.040939,0.008380
0.129351,0.406361,0.011535,0.006557,0.251663,0.007394,0.010783,0.164571,0.006761,0.005023
0.025167,0.022199,0.505182,0.024896,0.094409,0.048055,0.070409,0.087849,0.101259,0.020575
0.003319,0.243676,0.011735,0.003034,0.156838,0.021952,0.053151,0.310491,0.192360,0.003444
0.005738,0.411845,0.148056,0.005857,0.013658,0.006733,0.027852,0.128479,0.246704,0.005078
0.010592,0.688616,0.149241,0.010911,0.020034,0.014213,0.021672,0.054387,0.017468,0.012866
0.043066,0.008816,0.206277,0.111147,0.068941,0.031409,0.041021,0.009910,0.263889,0.215524
0.016670,0.072160,0.257670,0.015534,0.097835,0.101049,0.338201,0.061965,0.024972,0.013946
0.130744,0.027153,0.076092,0.023517,0.064544,0.021849,0.090269,0.453220,0.053090,0.059521
0.010044,0.704354,0.015252,0.009136,0.019607,0.008941,0.021172,0.011547,0.015938,0.184009
0.018229,0.008543,0.021251,0.013286,0.018080,0.012103,0.015956,0.548190,0.247397,0.096965
0.010563,0.009256,0.034131,0.011564,0.415248,0.021016,0.008451,0.170925,0.308733,0.010113
0.015427,0.017755,0.200648,0.472876,0.024736,0.031799,0.039882,0.030013,0.016589,0.150276
0.026292,0.025317,0.165615,0.027760,0.036653,0.041808,0.048974,0.137841,0.278596,0.211145
0.018010,0.022125,0.057795,0.020482,0.743978,0.037159,0.040499,0.019699,0.021555,0.018698
0.010665,0.099026,0.122390,0.012422,0.041757,0.022047,0.009829,0.012056,0.520880,0.148927
0.026379,0.008403,0.201996,0.370281,0.043752,0.032404,0.069378,0.081290,0.031244,0.134873
0.013115,0.011724,0.041835,0.011999,0.026400,0.019734,0.098082,0.282200,0.483232,0.011680
0.008560,0.586094,0.216146,0.007082,0.028317,0.013999,0.016723,0.063959,0.023370,0.035750
0.009612,0.689694,0.009693,0.009570,0.011533,0.009066,0.024945,0.214924,0.011021,0.009942
0.014386,0.011669,0.493855,0.016824,0.036847,0.033454,0.036568,0.295530,0.047768,0.013098
0.029289,0.017975,0.422431,0.018245,0.111189,0.060523,0.088666,0.018890,0.042699,0.190093
0.005322,0.008438,0.217259,0.006149,0.315884,0.021365,0.029413,0.194800,0.195418,0.005952
0.119457,0.003548,0.203172,0.003978,0.027497,0.028017,0.040912,0.348364,0.208040,0.017014
0.020009,0.030523,0.104554,0.004953,0.250605,0.041407,0.086540,0.182842,0.253919,0.024650
0.017514,0.021069,0.123837,0.034711,0.040794,0.017763,0.016325,0.498164,0.201068,0.028755
0.039505,0.020955,0.126426,0.007520,0.406984,0.010788,0.013716,0.147947,0.147568,0.078592
0.012781,0.599487,0.009381,0.015407,0.009876,0.009638,0.010935,0.010319,0.260638,0.061538
0.013886,0.061818,0.091255,0.014366,0.062495,0.044846,0.042829,0.057222,0.306010,0.305275
0.007772,0.008271,0.056113,0.008940,0.050042,0.061559,0.025185,0.662437,0.049450,0.070232
0.034721,0.044517,0.184502,0.004854,0.249576,0.012642,0.053314,0.185986,0.211946,0.017941
0.007158,0.010593,0.078772,0.007503,0.051766,0.060571,0.107737,0.354601,0.047023,0.274276
0.011115,0.042935,0.114647,0.009292,0.050643,0.020574,0.141303,0.010607,0.416494,0.182390
0.120723,0.007834,0.021523,0.006266,0.372251,0.006173,0.077492,0.120511,0.261453,0.005773
0.010458,0.675522,0.014848,0.011933,0.022146,0.011677,0.016371,0.211374,0.012908,0.012763
0.046673,0.005859,0.236419,0.042422,0.027702,0.034141,0.119964,0.166682,0.223748,0.096391
0.006345,0.008162,0.030734,0.239531,0.388517,0.015969,0.049915,0.018364,0.138221,0.104243
0.008686,0.007450,0.182870,0.007099,0.403084,0.019381,0.006090,0.007790,0.350935,0.006615
0.003197,0.231240,0.084137,0.149778,0.013793,0.018660,0.007276,0.301962,0.186569,0.003387
0.005117,0.004963,0.283344,0.005681,0.261519,0.036415,0.139045,0.230589,0.009944,0.023381
0.012546,0.518361,0.038996,0.007158,0.012510,0.008080,0.010865,0.256317,0.010338,0.124828
0.005262,0.418636,0.036201,0.007494,0.338213,0.036971,0.040590,0.101849,0.009047,0.005737
0.007157,0.008139,0.025542,0.007121,0.385932,0.014106,0.014024,0.456432,0.008497,0.073049
0.010974,0.416454,0.007230,0.007379,0.010653,0.006443,0.014199,0.412396,0.009083,0.105190
0.005644,0.005831,0.239304,0.006483,0.321316,0.025022,0.173227,0.188088,0.028426,0.006659
0.010889,0.013312,0.161091,0.011056,0.558712,0.022532,0.032535,0.022879,0.146764,0.020229
0.007631,0.007722,0.084497,0.007346,0.073327,0.060305,0.006383,0.354700,0.390582,0.007507
0.007291,0.432270,0.026516,0.007111,0.010541,0.013211,0.013004,0.159466,0.232761,0.097829
0.004478,0.325290,0.079668,0.014688,0.008303,0.010880,0.007361,0.347423,0.190274,0.011635
0.012505,0.511673,0.069483,0.007631,0.359379,0.006258,0.010408,0.008042,0.007800,0.006821
0.006607,0.007542,0.240810,0.006573,0.016936,0.005883,0.096022,0.490936,0.020682,0.108008
0.066929,0.017207,0.122804,0.024533,0.020510,0.014092,0.022224,0.465167,0.022294,0.224238
0.008746,0.547886,0.019275,0.009730,0.013974,0.019786,0.008766,0.175791,0.185549,0.010497
0.011515,0.012679,0.030493,0.011498,0.017725,0.014871,0.079136,0.703128,0.016251,0.102704
0.035777,0.008401,0.324735,0.048220,0.027470,0.012943,0.118996,0.081534,0.333247,0.008676
0.035340,0.006807,0.081039,0.006973,0.016355,0.009939,0.055413,0.480127,0.294140,0.013866
0.007601,0.580323,0.013035,0.006485,0.016043,0.009523,0.014918,0.009350,0.330366,0.012357
0.011343,0.008562,0.532979,0.086228,0.041097,0.066894,0.094288,0.032773,0.050476,0.075361
0.010384,0.011336,0.096770,0.018250,0.071131,0.082293,0.159062,0.479340,0.059735,0.011700
0.114197,0.225500,0.141182,0.157721,0.013040,0.020302,0.047224,0.057785,0.215692,0.007357
0.018029,0.018636,0.030198,0.017473,0.039431,0.030112,0.223645,0.349481,0.255449,0.017545
0.172725,0.006387,0.286900,0.058909,0.364321,0.014207,0.005714,0.069669,0.011767,0.009401
0.053260,0.004977,0.048726,0.006549,0.026918,0.037892,0.020242,0.508420,0.287949,0.005069
0.013376,0.011940,0.018534,0.013514,0.617993,0.018338,0.104998,0.026960,0.162278,0.012068
0.033764,0.042354,0.029512,0.004970,0.257976,0.010430,0.039646,0.377434,0.191939,0.011976
0.003867,0.004288,0.155724,0.216274,0.026145,0.014306,0.155627,0.198879,0.219254,0.005636
0.011490,0.298716,0.124543,0.004158,0.009706,0.007349,0.009362,0.323581,0.204371,0.006725
0.449493,0.027183,0.095631,0.022042,0.054744,0.021077,0.189637,0.060062,0.057085,0.023046
0.005073,0.005506,0.352326,0.012358,0.289135,0.048118,0.195150,0.075198,0.010024,0.007112
0.004073,0.313483,0.017831,0.003808,0.246476,0.028172,0.011849,0.151910,0.218160,0.004237
0.006152,0.057121,0.275796,0.039652,0.021549,0.006530,0.017883,0.534387,0.007842,0.033089
0.038744,0.020272,0.018107,0.243802,0.021660,0.023026,0.012461,0.597604,0.016290,0.008034
0.031465,0.057672,0.029843,0.008097,0.019426,0.013969,0.032242,0.521060,0.278885,0.007341
0.051542,0.014407,0.113470,0.012069,0.027871,0.039898,0.031091,0.085486,0.437809,0.186357
0.035617,0.010681,0.089389,0.016657,0.100912,0.032431,0.033091,0.351096,0.069560,0.260564
0.034616,0.078245,0.080971,0.056456,0.070816,0.085550,0.122291,0.044512,0.376340,0.050203
0.020979,0.006893,0.170400,0.012378,0.034172,0.042458,0.148721,0.185309,0.259804,0.118887
0.018091,0.006937,0.104291,0.250234,0.356082,0.011571,0.038437,0.058166,0.149306,0.006884
0.078005,0.021036,0.049371,0.015689,0.041829,0.024450,0.029132,0.109270,0.472530,0.158687
0.007057,0.406163,0.039074,0.007035,0.007866,0.007123,0.070009,0.440127,0.008971,0.006576
0.090521,0.300672,0.008188,0.004352,0.257464,0.011705,0.009677,0.302893,0.009926,0.004603
0.035022,0.026440,0.073639,0.008693,0.407144,0.018236,0.006389,0.020794,0.313965,0.089678
0.008226,0.008162,0.177009,0.009339,0.054616,0.059508,0.117505,0.282590,0.274853,0.008192
0.055677,0.148739,0.075245,0.097664,0.058271,0.070557,0.189771,0.032253,0.030766,0.241057
0.005361,0.352903,0.010978,0.005916,0.006533,0.006022,0.010312,0.353399,0.241863,0.006714
0.008184,0.005526,0.117425,0.282172,0.351368,0.040372,0.024136,0.005779,0.159571,0.005468
0.030641,0.087070,0.089370,0.030629,0.077854,0.061209,0.363102,0.194257,0.038087,0.027781
0.010500,0.305743,0.029873,0.003799,0.199274,0.027304,0.009456,0.387491,0.017719,0.008842
0.004442,0.349570,0.035346,0.004411,0.260719,0.031765,0.011169,0.012075,0.119880,0.170621
0.153750,0.059927,0.014701,0.007738,0.452887,0.017476,0.006410,0.269892,0.010052,0.007166
0.056474,0.477691,0.022796,0.009307,0.025840,0.043054,0.015137,0.006803,0.336114,0.006783
0.041452,0.689642,0.097433,0.009453,0.020150,0.011484,0.098571,0.009955,0.012279,0.009582
0.252867,0.006853,0.053395,0.006918,0.364495,0.051779,0.030789,0.027540,0.015132,0.190231
0.027292,0.007068,0.152783,0.255260,0.022389,0.010602,0.069678,0.014701,0.324513,0.115714
0.027074,0.010539,0.028698,0.011886,0.033164,0.017489,0.091454,0.735066,0.020576,0.024054
0.007600,0.008725,0.257464,0.027979,0.511082,0.063772,0.036884,0.008780,0.021681,0.056032
0.023432,0.020237,0.069514,0.022222,0.045977,0.042439,0.174239,0.158171,0.407966,0.035803
0.023675,0.020378,0.062157,0.021666,0.041214,0.043113,0.039976,0.032625,0.677638,0.037559
0.008240,0.559626,0.009967,0.009305,0.015112,0.010335,0.079278,0.225404,0.011217,0.071517
0.009305,0.014381,0.317195,0.011244,0.088663,0.080662,0.037281,0.370595,0.060686,0.009988
0.116232,0.372894,0.155074,0.005381,0.244138,0.006397,0.009949,0.007112,0.074868,0.007955
0.007067,0.501451,0.046532,0.055385,0.036426,0.016638,0.015634,0.077490,0.236101,0.007276
0.006710,0.094471,0.046438,0.024881,0.356631,0.020830,0.025365,0.137836,0.042728,0.244111
0.018390,0.016416,0.023130,0.017382,0.042406,0.033787,0.077070,0.095864,0.657588,0.017967
0.045880,0.012867,0.047024,0.010466,0.031673,0.010093,0.064931,0.208027,0.441684,0.127354
0.003972,0.311425,0.069737,0.003770,0.226648,0.003694,0.036705,0.154211,0.184111,0.005728
0.009207,0.132330,0.250509,0.009226,0.093231,0.030476,0.339870,0.056664,0.066982,0.011506
0.008651,0.598907,0.017639,0.008548,0.012908,0.008223,0.017825,0.151048,0.165423,0.010828
0.088715,0.314759,0.128225,0.158792,0.007443,0.007124,0.007294,0.005715,0.194627,0.087305
0.004902,0.344036,0.045253,0.005039,0.257119,0.005136,0.004887,0.120727,0.206913,0.005988
0.006336,0.366689,0.019644,0.004788,0.021881,0.032518,0.010698,0.420429,0.103457,0.013558
0.009783,0.007919,0.188297,0.006602,0.350262,0.048537,0.157065,0.075981,0.013223,0.142332
0.005040,0.056843,0.049301,0.003864,0.023631,0.029208,0.110473,0.396721,0.227546,0.097372
0.031338,0.618029,0.009493,0.008735,0.016223,0.017342,0.007679,0.271304,0.010681,0.009176
0.046254,0.011505,0.029792,0.009634,0.440569,0.014129,0.020277,0.010101,0.277422,0.140316
0.005814,0.469278,0.024119,0.005871,0.289072,0.038191,0.021527,0.111436,0.028136,0.006555
0.031947,0.037816,0.090173,0.034539,0.055180,0.058499,0.300167,0.044649,0.036562,0.310468
0.010192,0.013392,0.122398,0.010266,0.054453,0.029617,0.121547,0.098846,0.498268,0.041021
0.004767,0.030598,0.031941,0.005536,0.260068,0.016313,0.076241,0.178617,0.270983,0.124936
0.005332,0.006895,0.235413,0.005574,0.358713,0.014067,0.016430,0.005981,0.248460,0.103136
0.005283,0.374651,0.038162,0.005848,0.291359,0.004560,0.003989,0.036860,0.230494,0.008794
0.013840,0.094602,0.054945,0.013406,0.026099,0.021128,0.075121,0.250419,0.436850,0.013591
0.006553,0.019700,0.015527,0.006656,0.396124,0.011350,0.016136,0.495788,0.015751,0.016415
0.006426,0.007813,0.279615,0.006003,0.029942,0.013568,0.057849,0.483443,0.100155,0.015184
0.007530,0.007283,0.017487,0.026838,0.317936,0.007402,0.015186,0.238243,0.288476,0.073620
0.010433,0.007847,0.150509,0.012166,0.366923,0.059490,0.098682,0.033304,0.044946,0.215701
0.005360,0.378574,0.194223,0.004846,0.018582,0.033244,0.010198,0.237442,0.008061,0.109469
0.004985,0.329749,0.006270,0.004773,0.252379,0.009255,0.004769,0.157190,0.160017,0.070613
0.018251,0.015707,0.044506,0.017905,0.040513,0.024632,0.023991,0.115597,0.682431,0.016467
0.041996,0.107035,0.052446,0.017524,0.027302,0.015859,0.041622,0.017023,0.664529,0.014664
0.006415,0.005512,0.013300,0.006086,0.327178,0.018501,0.005184,0.377666,0.234776,0.005381
0.033468,0.004801,0.121504,0.005605,0.275519,0.011112,0.152531,0.164143,0.140293,0.091026
0.074550,0.057107,0.247064,0.028016,0.050681,0.022102,0.046095,0.125862,0.045939,0.302584
0.004283,0.003741,0.090843,0.034350,0.258510,0.008946,0.091602,0.289770,0.187941,0.030015
0.006121,0.447485,0.083748,0.005914,0.245854,0.006570,0.013394,0.006274,0.122124,0.062516
0.028782,0.499807,0.013256,0.008343,0.010017,0.008328,0.015572,0.008882,0.323489,0.083524
0.063764,0.006171,0.306736,0.009858,0.292454,0.039918,0.019924,0.222142,0.033316,0.005717
0.094375,0.013811,0.268790,0.134086,0.105896,0.104686,0.039828,0.042372,0.080227,0.115928
0.010437,0.009156,0.394018,0.010946,0.026855,0.023084,0.024180,0.086184,0.406458,0.008683
0.024451,0.463927,0.008043,0.204287,0.008786,0.014073,0.059637,0.096303,0.063090,0.057403
0.044786,0.017664,0.043021,0.579276,0.048301,0.029254,0.050392,0.151548,0.020062,0.015694
