0.026924,0.124687,0.051532,0.028955,0.045423,0.056222,0.037432,0.036028,0.556629,0.036166
0.017119,0.014364,0.020571,0.014871,0.024066,0.022369,0.016567,0.558047,0.301266,0.010760
0.012444,0.103509,0.284303,0.009980,0.035754,0.066858,0.289973,0.008939,0.021212,0.167028
0.034743,0.562151,0.214599,0.027539,0.029595,0.008875,0.015019,0.011283,0.012303,0.083893
0.007961,0.463436,0.046700,0.009164,0.263932,0.010066,0.007938,0.009765,0.099316,0.081722
0.197541,0.037859,0.378060,0.006525,0.044751,0.057584,0.157818,0.028181,0.046226,0.045454
0.041482,0.076900,0.018868,0.011379,0.017664,0.015264,0.026526,0.751437,0.028474,0.012005
0.009433,0.533557,0.013955,0.016391,0.011971,0.011232,0.019046,0.009172,0.306632,0.068611
0.013007,0.017776,0.114100,0.068706,0.687009,0.013208,0.012077,0.014274,0.044052,0.015790
0.006620,0.053679,0.234038,0.035189,0.020337,0.016869,0.053609,0.489542,0.009641,0.080476
0.027673,0.027771,0.372523,0.030479,0.040367,0.026393,0.232727,0.180540,0.036432,0.025095
0.048905,0.042041,0.083495,0.048379,0.074164,0.067053,0.287562,0.223174,0.067499,0.057728
0.103736,0.004064,0.021885,0.004992,0.239926,0.013481,0.125663,0.291371,0.169360,0.025521
0.033803,0.011911,0.022096,0.011480,0.467782,0.012958,0.032643,0.011804,0.319942,0.075581
0.042489,0.014195,0.138001,0.357821,0.026741,0.013303,0.025495,0.338969,0.027583,0.015403
0.006993,0.524264,0.048974,0.007478,0.323235,0.011521,0.030506,0.013508,0.010540,0.022981
0.005024,0.327892,0.289519,0.004553,0.026868,0.030281,0.004481,0.181739,0.124351,0.005293
0.064815,0.046382,0.164721,0.007230,0.064107,0.058087,0.006304,0.115295,0.324938,0.148121
0.148445,0.341428,0.085825,0.008432,0.023873,0.032781,0.012181,0.009203,0.248009,0.089821
0.006903,0.006690,0.150838,0.007771,0.382691,0.013702,0.071425,0.017041,0.231805,0.111136
0.004875,0.005065,0.251048,0.036317,0.035084,0.034434,0.051215,0.362069,0.207659,0.012233
0.105972,0.068262,0.060898,0.043918,0.049401,0.063751,0.090268,0.157670,0.040011,0.319849
0.013498,0.078565,0.157720,0.048484,0.041420,0.026193,0.020672,0.081622,0.499831,0.031995
0.027478,0.016696,0.098217,0.013539,0.032374,0.013478,0.027565,0.238471,0.490803,0.041378
0.024844,0.385313,0.011285,0.006438,0.317249,0.012904,0.010870,0.118334,0.099824,0.012940
0.030518,0.565769,0.041167,0.224941,0.017235,0.009314,0.013131,0.008535,0.074360,0.015030
0.016623,0.005746,0.124734,0.008153,0.287635,0.021997,0.218074,0.069287,0.241964,0.005786
0.157185,0.061951,0.023828,0.016487,0.332116,0.039159,0.102225,0.170441,0.008567,0.088042
0.067437,0.015816,0.060842,0.016942,0.035653,0.022091,0.033640,0.252299,0.480985,0.014296
0.015300,0.038731,0.041013,0.025673,0.028968,0.013634,0.032101,0.219800,0.423893,0.160889
0.008789,0.010981,0.283924,0.238099,0.017886,0.014377,0.029357,0.014126,0.316001,0.066460
0.019130,0.009303,0.312055,0.044125,0.041441,0.012787,0.073928,0.025431,0.324177,0.137622
0.096206,0.030105,0.050194,0.022770,0.048690,0.049139,0.041020,0.382256,0.220153,0.059466
0.013229,0.011838,0.038909,0.015677,0.542618,0.027974,0.032010,0.092995,0.211417,0.013333
0.056016,0.256363,0.026742,0.005449,0.212817,0.007360,0.018940,0.233460,0.151433,0.031421
0.006667,0.406745,0.008409,0.157480,0.007365,0.010087,0.014100,0.373253,0.008967,0.006927
0.010876,0.696069,0.033862,0.017494,0.046502,0.069322,0.071802,0.023913,0.018148,0.012012
0.044433,0.144319,0.071546,0.040590,0.049438,0.025737,0.153002,0.034644,0.376769,0.059521
0.030673,0.004695,0.255672,0.005263,0.257954,0.038618,0.013507,0.173446,0.207635,0.012537
0.136863,0.009615,0.027047,0.218364,0.018626,0.014109,0.020045,0.520059,0.012260,0.023013
0.017099,0.016548,0.040502,0.017491,0.649141,0.023333,0.027781,0.033191,0.157526,0.017387
0.012638,0.456140,0.042831,0.257154,0.030575,0.039375,0.035621,0.015302,0.102109,0.008257
0.036750,0.008144,0.307860,0.044020,0.035692,0.020554,0.101933,0.159765,0.248669,0.036614
0.012222,0.506282,0.181985,0.009635,0.026248,0.008325,0.017104,0.007636,0.220392,0.010170
0.018335,0.009802,0.030265,0.036564,0.018537,0.012853,0.020038,0.517979,0.224862,0.110763
0.005599,0.384177,0.035109,0.007412,0.026966,0.036871,0.061175,0.427555,0.009003,0.006135
0.042924,0.010352,0.285741,0.041498,0.021780,0.020180,0.064455,0.163874,0.317630,0.031567
0.024779,0.059589,0.062283,0.038600,0.070488,0.028591,0.146390,0.039514,0.347929,0.181836
0.013989,0.077029,0.020049,0.015477,0.023630,0.025770,0.027451,0.761748,0.018721,0.016137
0.135866,0.475199,0.039507,0.209766,0.027351,0.007990,0.027553,0.050298,0.010508,0.015961
0.019231,0.125699,0.074711,0.021957,0.073584,0.027249,0.135742,0.330935,0.024436,0.166456
0.007366,0.007504,0.161104,0.007839,0.389189,0.016288,0.156217,0.156249,0.091462,0.006781
0.012828,0.013632,0.037674,0.013230,0.017498,0.021968,0.052169,0.774939,0.017510,0.038553
0.011150,0.634932,0.068716,0.011266,0.014030,0.012530,0.068075,0.012879,0.150849,0.015573
0.003905,0.280960,0.096045,0.122918,0.179315,0.005380,0.007734,0.293478,0.005628,0.004636
0.008722,0.310885,0.025182,0.004006,0.255805,0.027850,0.003791,0.338413,0.020668,0.004677
0.112461,0.401716,0.131538,0.005461,0.302540,0.005980,0.009859,0.008530,0.015383,0.006532
0.018885,0.007562,0.205060,0.024335,0.043476,0.051853,0.127525,0.211341,0.301143,0.008822
0.006600,0.454744,0.032115,0.006576,0.293868,0.006136,0.007443,0.008166,0.175931,0.008419
0.005701,0.435185,0.036475,0.005816,0.254508,0.010543,0.008872,0.128010,0.108906,0.005985
0.054919,0.012762,0.029738,0.015174,0.618110,0.024480,0.085965,0.027649,0.016917,0.114287
0.014240,0.015250,0.041885,0.015249,0.045089,0.021816,0.113592,0.224603,0.491260,0.017016
0.008852,0.507127,0.009419,0.193954,0.009338,0.012248,0.008552,0.010735,0.198533,0.041243
0.017670,0.047104,0.180327,0.063232,0.020927,0.022177,0.014445,0.231002,0.388076,0.015041
0.009694,0.022119,0.016760,0.009855,0.009865,0.011302,0.049106,0.490214,0.301014,0.080072
0.030708,0.008161,0.128331,0.198565,0.277754,0.018931,0.126842,0.154396,0.027170,0.029141
0.018133,0.019608,0.384572,0.018618,0.054149,0.113476,0.047099,0.069605,0.261524,0.013214
0.007787,0.408044,0.031023,0.009844,0.010008,0.008585,0.013191,0.459070,0.009965,0.042482
0.005870,0.283027,0.013879,0.005219,0.213607,0.025518,0.045586,0.374825,0.016334,0.016136
0.011929,0.017721,0.085346,0.019481,0.073811,0.095031,0.196091,0.367359,0.065855,0.067375
0.017738,0.076507,0.141412,0.008765,0.341626,0.056182,0.081066,0.103142,0.128526,0.045037
0.008117,0.011675,0.469009,0.010258,0.066991,0.030411,0.024266,0.031202,0.337976,0.010095
0.017364,0.806781,0.016192,0.016309,0.015945,0.013620,0.029279,0.054577,0.015440,0.014492
0.026369,0.025078,0.264271,0.029253,0.049838,0.051043,0.039960,0.437392,0.050913,0.025883
0.012832,0.015892,0.029542,0.044466,0.501845,0.027544,0.099549,0.208241,0.026643,0.033446
0.010076,0.064500,0.134170,0.013258,0.496807,0.010203,0.086835,0.016320,0.158118,0.009711
0.012070,0.013755,0.279177,0.014628,0.055375,0.012896,0.023539,0.387183,0.041743,0.159634
0.032232,0.360404,0.029611,0.007022,0.222762,0.015133,0.034488,0.204153,0.086993,0.007201
0.153962,0.005278,0.053121,0.017814,0.313150,0.038568,0.063675,0.017986,0.230759,0.105688
0.009904,0.008903,0.030377,0.010144,0.011353,0.012657,0.037151,0.568491,0.234936,0.076084
0.020312,0.043052,0.083606,0.013080,0.426038,0.063688,0.025809,0.007846,0.309103,0.007467
0.238487,0.012760,0.066411,0.007848,0.053276,0.068458,0.098410,0.027351,0.377961,0.049038
0.004835,0.041044,0.210300,0.005358,0.213347,0.029347,0.042852,0.337888,0.022058,0.092971
0.016017,0.295527,0.009222,0.011234,0.178525,0.009181,0.010947,0.287930,0.175908,0.005507
0.017164,0.017123,0.045015,0.027077,0.025930,0.019583,0.026028,0.372191,0.408326,0.041564
0.005994,0.006435,0.045325,0.009656,0.290789,0.041230,0.052355,0.175880,0.257952,0.114386
0.004527,0.029381,0.272100,0.006518,0.251378,0.037412,0.017150,0.139129,0.210885,0.031521
0.195538,0.007514,0.371217,0.009139,0.053504,0.024769,0.131964,0.006958,0.192347,0.007050
0.051545,0.043640,0.101913,0.048659,0.085578,0.061555,0.075654,0.062571,0.085393,0.383492
0.071610,0.012706,0.093037,0.011129,0.070044,0.075192,0.007249,0.128131,0.361601,0.169301
0.014694,0.019038,0.040716,0.017075,0.715724,0.030708,0.064401,0.015622,0.035795,0.046228
0.008510,0.011931,0.011048,0.200476,0.023672,0.014134,0.016959,0.482759,0.212523,0.017989
0.009461,0.011358,0.061037,0.009013,0.441682,0.012232,0.094356,0.159601,0.097827,0.103432
0.031986,0.040208,0.240566,0.031787,0.059459,0.037026,0.056359,0.031324,0.393562,0.077724
0.009296,0.559594,0.013410,0.010650,0.011938,0.017690,0.020348,0.010325,0.332072,0.014678
0.031782,0.014043,0.085358,0.010843,0.381024,0.011498,0.017021,0.016195,0.357735,0.074501
0.006889,0.006297,0.150648,0.006089,0.318489,0.020137,0.016651,0.152489,0.234227,0.088084
0.006662,0.452712,0.075809,0.006814,0.271024,0.009834,0.051954,0.007108,0.105528,0.012555
0.020768,0.015511,0.315232,0.014556,0.054773,0.124603,0.048655,0.015779,0.085966,0.304156
0.009116,0.009319,0.022271,0.010333,0.456797,0.018735,0.030181,0.014510,0.330213,0.098525
0.017343,0.017490,0.036194,0.048497,0.028619,0.031442,0.027984,0.234388,0.542122,0.015921
0.021990,0.016260,0.079495,0.027514,0.142381,0.060275,0.520760,0.077493,0.037322,0.016511
0.038909,0.009668,0.135033,0.262367,0.467991,0.013116,0.018450,0.009550,0.012986,0.031929
0.004900,0.033338,0.152476,0.011644,0.305139,0.047705,0.019596,0.150992,0.235329,0.038882
0.011426,0.014689,0.024634,0.011735,0.536239,0.022340,0.029312,0.188631,0.024713,0.136281
0.007656,0.045369,0.023287,0.008646,0.310549,0.009760,0.047586,0.476375,0.010088,0.060682
0.010211,0.009860,0.085783,0.025162,0.455544,0.022132,0.175255,0.033511,0.012933,0.169609
0.065636,0.017490,0.054649,0.018507,0.029668,0.016638,0.052240,0.037551,0.563035,0.144585
0.005777,0.384135,0.156138,0.010178,0.265186,0.005847,0.010367,0.135696,0.008607,0.018071
0.053115,0.070991,0.131340,0.011402,0.363917,0.052723,0.005152,0.006503,0.265916,0.038941
0.032532,0.030553,0.345278,0.033212,0.064590,0.063644,0.092424,0.030749,0.279333,0.027684
0.009875,0.010512,0.132020,0.009253,0.422026,0.020106,0.069414,0.166939,0.024698,0.135157
0.014353,0.016130,0.032229,0.022454,0.014234,0.026472,0.093532,0.751547,0.015967,0.013082
0.070487,0.326462,0.006314,0.005716,0.007390,0.008705,0.006789,0.312909,0.198608,0.056618
0.033851,0.028335,0.266286,0.031338,0.239437,0.205514,0.022274,0.098460,0.039880,0.034627
0.039085,0.070321,0.127330,0.042402,0.024196,0.024527,0.019512,0.193054,0.337912,0.121661
0.008553,0.088386,0.217957,0.013899,0.028571,0.055579,0.090868,0.279293,0.209155,0.007739
0.016669,0.020849,0.023131,0.021289,0.587529,0.020804,0.027895,0.030236,0.226681,0.024917
0.004622,0.306926,0.020181,0.005798,0.251704,0.027587,0.013994,0.344565,0.018802,0.005821
0.031401,0.011277,0.018738,0.015477,0.432098,0.008993,0.017356,0.148858,0.291525,0.024276
0.007488,0.007554,0.204121,0.015562,0.053918,0.029747,0.299255,0.273596,0.059139,0.049620
0.019898,0.016474,0.103704,0.024903,0.134159,0.138396,0.444247,0.072028,0.025361,0.020830
0.022352,0.032810,0.051931,0.026334,0.048779,0.058976,0.190072,0.144907,0.359105,0.064735
0.009740,0.008506,0.277065,0.010256,0.450596,0.026593,0.022424,0.072964,0.112242,0.009614
0.022251,0.029692,0.044750,0.023589,0.034633,0.029458,0.030189,0.301418,0.453846,0.030175
0.030889,0.020656,0.029901,0.155507,0.189445,0.031784,0.012416,0.360770,0.107156,0.061476
0.115250,0.007099,0.120085,0.187878,0.309157,0.013390,0.015206,0.011908,0.197290,0.022736
0.021956,0.027648,0.049363,0.031921,0.026777,0.020560,0.035123,0.106115,0.660845,0.019693
0.024583,0.016451,0.039260,0.029446,0.066927,0.041004,0.081745,0.031309,0.483419,0.185856
0.054386,0.040752,0.137611,0.014986,0.049562,0.031164,0.034302,0.372818,0.225363,0.039056
0.008982,0.490980,0.041017,0.011109,0.010753,0.008541,0.009906,0.099968,0.308099,0.010645
0.008376,0.444028,0.049307,0.007880,0.011423,0.008056,0.016939,0.121047,0.270003,0.062942
0.017980,0.021404,0.086934,0.028435,0.099899,0.056983,0.012596,0.389955,0.267174,0.018640
0.004539,0.006829,0.266451,0.006321,0.265696,0.037022,0.037049,0.173314,0.116864,0.085916
0.012828,0.027787,0.028003,0.013277,0.019352,0.012159,0.078275,0.682484,0.099699,0.026138
0.048912,0.029423,0.190085,0.030427,0.052582,0.064334,0.050671,0.296005,0.033314,0.204248
0.012225,0.120521,0.464906,0.037581,0.045191,0.021846,0.120015,0.124033,0.022054,0.031629
0.503303,0.034076,0.069924,0.042226,0.098681,0.036693,0.063667,0.051166,0.063253,0.037013
0.012070,0.704574,0.018648,0.012094,0.018973,0.013164,0.025634,0.012588,0.164176,0.018078
0.010178,0.014422,0.024770,0.009914,0.464364,0.012952,0.022605,0.060043,0.355290,0.025462
0.162033,0.555482,0.145039,0.009953,0.023118,0.013318,0.060123,0.010930,0.011591,0.008412
0.010229,0.589152,0.061187,0.009858,0.021223,0.010563,0.009813,0.010258,0.267847,0.009870
0.039127,0.506093,0.039224,0.015350,0.040917,0.021498,0.079319,0.215487,0.011580,0.031405
0.018991,0.536488,0.036899,0.007294,0.022525,0.015504,0.018256,0.044039,0.230382,0.069622
0.017330,0.015177,0.038065,0.015107,0.033046,0.023756,0.124336,0.093920,0.598844,0.040418
0.156677,0.380431,0.021737,0.006572,0.023512,0.033812,0.101685,0.012935,0.253254,0.009385
0.020559,0.009372,0.214032,0.022913,0.532415,0.013379,0.112462,0.028855,0.036576,0.009436
0.004467,0.271992,0.073959,0.004680,0.203891,0.004352,0.003522,0.263474,0.126999,0.042664
0.260618,0.013105,0.083909,0.014137,0.476955,0.031644,0.027079,0.030438,0.053121,0.008994
0.055895,0.008769,0.046204,0.011800,0.060764,0.066869,0.007493,0.236266,0.383811,0.122130
0.143912,0.006167,0.220414,0.005934,0.361188,0.016495,0.017703,0.210254,0.011584,0.006348
0.006078,0.009697,0.030251,0.007753,0.385792,0.048589,0.115036,0.094958,0.174321,0.127527
0.006231,0.322127,0.023128,0.191572,0.239844,0.013518,0.008647,0.065522,0.007417,0.121994
0.003675,0.018795,0.092714,0.134140,0.224508,0.006509,0.085766,0.276913,0.147496,0.009484
0.029256,0.032941,0.039924,0.033909,0.035330,0.033069,0.075059,0.432290,0.060970,0.227252
0.021051,0.074890,0.080443,0.009698,0.389946,0.013542,0.023311,0.078195,0.164479,0.144446
0.045759,0.757261,0.059122,0.014955,0.026954,0.011904,0.039117,0.014861,0.015287,0.014780
0.018958,0.430189,0.146295,0.005535,0.024150,0.006955,0.014218,0.139940,0.207492,0.006269
0.008167,0.579808,0.044011,0.012981,0.041984,0.054144,0.017457,0.012593,0.216361,0.012494
0.006778,0.396023,0.009940,0.007019,0.007283,0.007816,0.013780,0.385558,0.158899,0.006904
0.017334,0.147514,0.121086,0.021246,0.076588,0.103302,0.249123,0.158160,0.071907,0.033740
0.004998,0.323860,0.120863,0.005503,0.255314,0.005435,0.006759,0.033816,0.194621,0.048831
0.023632,0.477509,0.009487,0.009955,0.008602,0.013316,0.046794,0.182322,0.218294,0.010089
0.007464,0.008002,0.013234,0.219387,0.359004,0.010056,0.071279,0.007790,0.296501,0.007282
0.011040,0.012240,0.172514,0.014359,0.064268,0.069304,0.201585,0.227153,0.018955,0.208581
0.010591,0.011241,0.539341,0.085558,0.074592,0.036166,0.121857,0.041667,0.068364,0.010623
0.007879,0.525222,0.010837,0.008468,0.385360,0.007973,0.020422,0.010118,0.010915,0.012807
0.005810,0.006222,0.141130,0.043126,0.309677,0.005822,0.196458,0.061953,0.223998,0.005804
0.024854,0.578579,0.010546,0.010630,0.011382,0.011205,0.016041,0.023262,0.301524,0.011978
0.332647,0.033073,0.031490,0.027535,0.034506,0.024315,0.136748,0.135844,0.209289,0.034554
0.007028,0.009010,0.225565,0.007805,0.024047,0.018172,0.143446,0.429154,0.129518,0.006256
0.177843,0.055736,0.137644,0.088243,0.091788,0.062257,0.176431,0.093812,0.065492,0.050753
0.007852,0.008755,0.198960,0.010101,0.487119,0.024062,0.007252,0.082639,0.014916,0.158345
0.014322,0.012614,0.032024,0.329625,0.023095,0.017647,0.094869,0.016274,0.443846,0.015685
0.009426,0.693652,0.064899,0.011529,0.060447,0.066452,0.008818,0.022241,0.044418,0.018116
0.006625,0.010751,0.151801,0.063477,0.060017,0.026636,0.224060,0.268361,0.044923,0.143349
0.047871,0.037142,0.371021,0.010702,0.027216,0.010584,0.121365,0.089066,0.182906,0.102128
0.036413,0.009470,0.053800,0.006237,0.320441,0.010351,0.035735,0.440376,0.080502,0.006674
0.005929,0.006247,0.072149,0.006625,0.255579,0.009741,0.038673,0.378929,0.220208,0.005919
0.029385,0.017517,0.428442,0.014928,0.039725,0.019384,0.254207,0.041528,0.019477,0.135408
0.004309,0.006744,0.025026,0.005894,0.224082,0.034454,0.038196,0.366123,0.206981,0.088190
0.005299,0.388048,0.125308,0.005752,0.221651,0.007920,0.020110,0.036715,0.177292,0.011905
0.016834,0.126575,0.323637,0.013533,0.044561,0.045424,0.011919,0.127802,0.276915,0.012801
0.009946,0.009811,0.033764,0.009375,0.469781,0.025358,0.020281,0.064548,0.348225,0.008912
0.024034,0.030548,0.025118,0.025330,0.023350,0.025952,0.111304,0.105336,0.479683,0.149346
0.051482,0.073574,0.018949,0.010845,0.023651,0.030530,0.039670,0.723440,0.015040,0.012818
0.103845,0.400947,0.071726,0.007093,0.344464,0.012508,0.010339,0.033329,0.008898,0.006852
0.055830,0.021491,0.042243,0.014650,0.544259,0.015474,0.034196,0.091137,0.141073,0.039647
0.018993,0.032830,0.075501,0.045383,0.479122,0.026174,0.099725,0.019099,0.104947,0.098226
0.073946,0.115317,0.132848,0.049096,0.086957,0.082720,0.093741,0.250852,0.051395,0.063129
0.027917,0.427276,0.261120,0.010098,0.026391,0.017385,0.131823,0.063329,0.025372,0.009289
0.061674,0.019812,0.067975,0.064910,0.031727,0.030475,0.097430,0.380341,0.229047,0.016609
0.019048,0.098390,0.042126,0.060660,0.032045,0.062987,0.066777,0.234107,0.375248,0.008613
0.007202,0.302380,0.104125,0.017008,0.220956,0.004655,0.017183,0.310299,0.005679,0.010511
0.006815,0.475592,0.085003,0.008881,0.346253,0.013409,0.006277,0.036434,0.013448,0.007889
0.188438,0.070309,0.025799,0.012298,0.025076,0.015299,0.026504,0.298529,0.324507,0.013241
0.040607,0.452013,0.030977,0.010499,0.018880,0.041665,0.013327,0.252687,0.011101,0.128244
0.008841,0.008088,0.010234,0.204164,0.360043,0.009839,0.013667,0.042135,0.281162,0.061828
0.180448,0.006924,0.055532,0.008262,0.305135,0.053525,0.020057,0.075905,0.170456,0.123757
0.069227,0.282164,0.023023,0.003836,0.211413,0.009698,0.003788,0.275535,0.116516,0.004799
0.019134,0.075646,0.183767,0.010079,0.467952,0.019335,0.020490,0.074553,0.035370,0.093674
0.009695,0.126753,0.113333,0.092067,0.064661,0.079661,0.037059,0.010749,0.199271,0.266750
0.005218,0.006041,0.297395,0.005320,0.036568,0.048037,0.019726,0.437888,0.034930,0.108878
0.007136,0.461230,0.010934,0.195937,0.011515,0.013607,0.053235,0.128492,0.110599,0.007316
0.017946,0.018862,0.062589,0.020001,0.040428,0.039462,0.060633,0.285930,0.423701,0.030448
0.012996,0.013182,0.044940,0.013395,0.630480,0.024289,0.088600,0.031139,0.128497,0.012482
0.026314,0.504484,0.161423,0.007374,0.014434,0.007862,0.016385,0.009086,0.198261,0.054377
0.007697,0.398998,0.010419,0.165601,0.007366,0.007079,0.006707,0.148383,0.240574,0.007175
0.006387,0.006541,0.014488,0.168929,0.279618,0.008102,0.013927,0.425103,0.015537,0.061368
0.009384,0.013245,0.095920,0.010094,0.462232,0.021302,0.017817,0.013057,0.243303,0.113646
0.007771,0.009186,0.254286,0.017113,0.034061,0.064693,0.282877,0.107384,0.162689,0.059938
0.015174,0.009353,0.036609,0.271137,0.363944,0.046814,0.052907,0.025469,0.160670,0.017923
0.018463,0.663566,0.014035,0.013669,0.012013,0.017584,0.020368,0.163639,0.015231,0.061432
0.009515,0.666896,0.062431,0.009187,0.054782,0.028809,0.075266,0.026612,0.015932,0.050571
0.022286,0.069300,0.085786,0.025393,0.052689,0.032101,0.151244,0.143598,0.218159,0.199443
0.047208,0.012451,0.205205,0.023648,0.030652,0.024400,0.178543,0.084361,0.352627,0.040905
0.021492,0.021227,0.338814,0.030088,0.049832,0.037018,0.068657,0.036625,0.374372,0.021875
0.012739,0.015440,0.024935,0.013569,0.012941,0.014703,0.034132,0.629669,0.224779,0.017092
0.010266,0.052815,0.088010,0.032054,0.366050,0.013814,0.056561,0.216531,0.084184,0.079717
0.008487,0.012252,0.195348,0.011755,0.462549,0.023900,0.019927,0.244292,0.011384,0.010106
0.181709,0.009510,0.370570,0.018641,0.039585,0.054179,0.005462,0.022694,0.280927,0.016723
0.012257,0.037989,0.047775,0.026251,0.604703,0.012019,0.050361,0.012977,0.181643,0.014024
0.047611,0.506780,0.034078,0.009082,0.034078,0.046604,0.012385,0.286612,0.012562,0.010206
0.017514,0.022206,0.046601,0.015235,0.051636,0.021167,0.028525,0.102264,0.506494,0.188358
0.086353,0.014887,0.217816,0.088844,0.065790,0.086660,0.037098,0.124782,0.072079,0.205690
0.117091,0.053512,0.131671,0.006970,0.280660,0.015690,0.017455,0.143310,0.226813,0.006828
0.005217,0.332113,0.056419,0.007063,0.263595,0.008085,0.029481,0.085536,0.206924,0.005567
0.037155,0.054193,0.027225,0.228521,0.016572,0.014045,0.073701,0.526937,0.011109,0.010543
0.005078,0.316177,0.008052,0.147839,0.201292,0.008589,0.014838,0.093142,0.195770,0.009224
0.046154,0.011892,0.039437,0.009358,0.047579,0.065948,0.020758,0.292482,0.356655,0.109737
0.019668,0.013370,0.016113,0.011794,0.483176,0.013594,0.021053,0.146297,0.258131,0.016803
0.013837,0.012771,0.033142,0.013513,0.653698,0.031214,0.021907,0.078122,0.126658,0.015136
0.013023,0.013954,0.080894,0.036984,0.022012,0.028738,0.012243,0.273393,0.385741,0.133018
0.016820,0.021901,0.149336,0.443369,0.018849,0.034009,0.037003,0.227090,0.031616,0.020006
0.021835,0.434919,0.056332,0.007083,0.260563,0.008855,0.033300,0.112872,0.054384,0.009858
0.006000,0.428415,0.141670,0.006226,0.249769,0.010152,0.026281,0.006046,0.109284,0.016157
0.017028,0.040097,0.110632,0.019329,0.025579,0.017735,0.025048,0.246358,0.380582,0.117611
0.007665,0.007580,0.081236,0.009298,0.387973,0.018965,0.048908,0.133300,0.292862,0.012213
0.034186,0.023015,0.021146,0.014366,0.017690,0.021497,0.014433,0.519461,0.324958,0.009248
0.013481,0.766593,0.016473,0.017190,0.015904,0.015439,0.012929,0.041001,0.017084,0.083906
0.005292,0.005130,0.101357,0.204043,0.032074,0.038699,0.027767,0.481499,0.024844,0.079293
0.005096,0.322725,0.024576,0.006102,0.241261,0.009824,0.039062,0.145926,0.165913,0.039515
0.006862,0.467491,0.045981,0.006661,0.376731,0.019387,0.041566,0.017066,0.010977,0.007278
0.250510,0.017472,0.264319,0.066022,0.046269,0.016839,0.129210,0.033291,0.044477,0.131590
0.010328,0.031351,0.236581,0.011581,0.013859,0.020002,0.021476,0.252341,0.273234,0.129246
0.020994,0.394131,0.009213,0.006373,0.246105,0.005869,0.032742,0.103368,0.171268,0.009936
0.009732,0.043267,0.010941,0.010136,0.014771,0.018964,0.014254,0.528772,0.331092,0.018070
0.012913,0.009573,0.100768,0.011423,0.069534,0.071589,0.030772,0.116299,0.420555,0.156574
0.029629,0.303732,0.030644,0.029944,0.191207,0.012713,0.008333,0.163204,0.208951,0.021641
0.012009,0.009782,0.082661,0.012786,0.066115,0.067766,0.249839,0.251456,0.236156,0.011430
0.004735,0.005632,0.288643,0.040258,0.040880,0.038539,0.102884,0.147599,0.231636,0.099194
0.011034,0.016466,0.212783,0.020904,0.091979,0.083262,0.036646,0.052279,0.460632,0.014016
0.008508,0.009352,0.210919,0.009632,0.019123,0.013141,0.020035,0.600943,0.091480,0.016866
0.009012,0.574535,0.011152,0.011984,0.012602,0.013736,0.050398,0.009989,0.235001,0.071591
0.008816,0.621081,0.201828,0.010069,0.018258,0.014401,0.025814,0.012253,0.017816,0.069664
0.041503,0.049798,0.090798,0.037394,0.041923,0.084784,0.059226,0.204556,0.335289,0.054728
0.006587,0.416306,0.137649,0.010378,0.030982,0.041836,0.016184,0.012856,0.162078,0.165145
0.060606,0.260149,0.006448,0.104641,0.162203,0.003912,0.010879,0.236738,0.150456,0.003966
0.058197,0.054090,0.167900,0.047197,0.123567,0.133274,0.119850,0.084400,0.065802,0.145724
0.020119,0.011604,0.078043,0.009944,0.410205,0.008179,0.025903,0.074487,0.324895,0.036622
0.007005,0.475360,0.011138,0.008712,0.007714,0.010345,0.036368,0.177766,0.256565,0.009027
0.008969,0.524790,0.038041,0.210989,0.010951,0.009061,0.019911,0.028252,0.063518,0.085519
0.095419,0.006286,0.019296,0.006004,0.261816,0.009775,0.013851,0.360007,0.209707,0.017839
0.011884,0.014320,0.025534,0.012927,0.507252,0.013728,0.032521,0.019559,0.349306,0.012970
0.151411,0.011494,0.022989,0.037595,0.377439,0.018218,0.064055,0.164050,0.144013,0.008736
0.010554,0.465622,0.009878,0.008262,0.273764,0.008367,0.009412,0.009261,0.195265,0.009616
0.101080,0.469662,0.011027,0.185660,0.015744,0.011087,0.014912,0.171058,0.010611,0.009158
0.006700,0.429648,0.008200,0.007480,0.264469,0.011328,0.037523,0.009059,0.218241,0.007351
0.049821,0.014278,0.034673,0.015540,0.549576,0.016350,0.028074,0.088148,0.030176,0.173364
0.040251,0.056858,0.020918,0.012124,0.015863,0.013064,0.021673,0.627038,0.092892,0.099318
0.181300,0.009436,0.056153,0.008739,0.043638,0.023613,0.005465,0.592065,0.040221,0.039370
0.019672,0.011794,0.204771,0.012287,0.024233,0.019830,0.145225,0.189998,0.281060,0.091130
0.010486,0.029372,0.031257,0.011395,0.423719,0.015677,0.024555,0.063073,0.265649,0.124817
0.173970,0.373717,0.019589,0.008007,0.030764,0.037248,0.063384,0.012584,0.169298,0.111439
0.010706,0.012043,0.066857,0.029646,0.010341,0.009923,0.017280,0.516173,0.312989,0.014040
0.007021,0.006889,0.224493,0.007975,0.326660,0.021574,0.018310,0.150853,0.229996,0.006229
0.008180,0.063604,0.058300,0.007694,0.370113,0.016456,0.042928,0.162419,0.239216,0.031090
0.034561,0.010686,0.173080,0.010989,0.360211,0.021265,0.038103,0.067183,0.274503,0.009419
0.004631,0.345113,0.271599,0.004774,0.022205,0.030517,0.007782,0.005090,0.229884,0.078405
0.006985,0.494973,0.011776,0.010218,0.410288,0.012362,0.017503,0.009241,0.013600,0.013055
0.031146,0.120110,0.272810,0.045263,0.069303,0.032272,0.164790,0.098926,0.043063,0.122317
0.320209,0.118272,0.029741,0.069020,0.041122,0.038144,0.123367,0.025826,0.043418,0.190880
0.006277,0.006252,0.216361,0.006930,0.297882,0.005866,0.014912,0.380291,0.007775,0.057455
0.037621,0.012813,0.014977,0.011003,0.478533,0.009835,0.028296,0.060437,0.262459,0.084027
0.005168,0.367657,0.028302,0.006598,0.265306,0.005077,0.033630,0.032310,0.203508,0.052442
0.007153,0.495078,0.023051,0.008335,0.407048,0.008778,0.017664,0.014149,0.011128,0.007615
0.010845,0.010350,0.069082,0.258630,0.345882,0.016931,0.031276,0.155397,0.089400,0.012206
0.010740,0.455408,0.009177,0.009346,0.010142,0.008588,0.015260,0.415899,0.056755,0.008686
0.011781,0.648419,0.015070,0.013748,0.019641,0.012637,0.055801,0.031172,0.132668,0.059063
0.006155,0.022284,0.012187,0.031142,0.332893,0.015483,0.038969,0.437487,0.009088,0.094313
0.014160,0.369987,0.104291,0.007204,0.009339,0.006813,0.046673,0.160259,0.228975,0.052300
0.010293,0.012959,0.014079,0.242220,0.017945,0.019219,0.034844,0.610267,0.012717,0.025457
0.018245,0.014793,0.088312,0.016261,0.086051,0.051222,0.257816,0.432381,0.021299,0.013620
0.012209,0.044785,0.263830,0.359966,0.027767,0.011242,0.010061,0.093831,0.041098,0.135211
0.010372,0.566021,0.010525,0.012137,0.010316,0.010030,0.021927,0.011940,0.337189,0.009543
0.005338,0.005947,0.086777,0.035589,0.240615,0.030458,0.127820,0.361519,0.027616,0.078320
0.004577,0.028530,0.124327,0.008866,0.028349,0.041971,0.094305,0.455626,0.088809,0.124639
0.109224,0.010641,0.021357,0.008323,0.279066,0.014178,0.014323,0.454682,0.068587,0.019617
0.010011,0.008968,0.014394,0.250209,0.435603,0.011837,0.018155,0.223175,0.012929,0.014719
0.344516,0.057642,0.064752,0.017540,0.047269,0.025419,0.067387,0.033542,0.052351,0.289583
0.004392,0.057754,0.141993,0.040544,0.026693,0.035699,0.092087,0.369775,0.217067,0.013996
0.010134,0.462215,0.142691,0.040404,0.032808,0.043963,0.124237,0.012819,0.027411,0.103319
0.069913,0.009095,0.180585,0.007938,0.056679,0.063259,0.239677,0.043074,0.163960,0.165819
0.050807,0.007840,0.172132,0.012959,0.367851,0.007314,0.242859,0.082978,0.045630,0.009631
0.119469,0.421568,0.015694,0.008277,0.268447,0.006615,0.011934,0.133582,0.008423,0.005992
0.026782,0.023404,0.512160,0.027779,0.085898,0.046618,0.069377,0.081613,0.104361,0.022009
0.003678,0.247547,0.017331,0.003300,0.172070,0.024527,0.039855,0.315903,0.171900,0.003888
0.007041,0.426847,0.140024,0.007402,0.015859,0.007494,0.021778,0.131925,0.235368,0.006263
0.012137,0.672406,0.149859,0.012902,0.021213,0.014424,0.024238,0.058022,0.017918,0.016882
0.036175,0.011774,0.252186,0.106561,0.076951,0.045644,0.043847,0.012152,0.227684,0.187027
0.018706,0.076160,0.292944,0.018203,0.113752,0.116563,0.254676,0.060707,0.030490,0.017799
0.112360,0.033074,0.074183,0.028974,0.057385,0.026349,0.125987,0.408446,0.060662,0.072581
0.012190,0.737200,0.017704,0.010903,0.012494,0.010679,0.025454,0.014119,0.018861,0.140397
0.017009,0.010495,0.022541,0.014500,0.017734,0.012344,0.016773,0.575914,0.225262,0.087428
0.011604,0.011405,0.031213,0.014136,0.433851,0.023394,0.009833,0.167049,0.285024,0.012492
0.019580,0.024198,0.171027,0.454755,0.028737,0.033245,0.062781,0.033765,0.021884,0.150028
0.032620,0.031473,0.155422,0.036513,0.038964,0.046881,0.058522,0.136914,0.248686,0.214005
0.021290,0.027285,0.048744,0.023089,0.728782,0.041034,0.036474,0.022741,0.026664,0.023896
0.013735,0.102679,0.111591,0.016920,0.027419,0.020422,0.013042,0.015180,0.547202,0.131810
0.020605,0.009406,0.218249,0.331494,0.050615,0.028895,0.109688,0.085483,0.037405,0.108160
0.016881,0.016554,0.045668,0.015953,0.029304,0.024370,0.094785,0.247052,0.493781,0.015651
0.010158,0.594481,0.199326,0.008242,0.028872,0.014425,0.019809,0.068118,0.029096,0.027474
0.011475,0.728651,0.011411,0.011988,0.014169,0.011315,0.021647,0.161798,0.014549,0.012998
0.014595,0.014733,0.482558,0.015516,0.041060,0.032537,0.035699,0.295052,0.051693,0.016556
0.030073,0.020100,0.460970,0.019402,0.086447,0.079195,0.080652,0.021378,0.051071,0.150710
0.006090,0.009746,0.209075,0.006431,0.335619,0.027291,0.029011,0.194326,0.175660,0.006750
0.108858,0.004375,0.230433,0.004327,0.022659,0.032764,0.030902,0.366899,0.176488,0.022294
0.015902,0.033437,0.121675,0.005448,0.283072,0.049360,0.071002,0.159533,0.240953,0.019619
0.025016,0.031331,0.129001,0.037380,0.041635,0.025620,0.024020,0.459383,0.193463,0.033151
0.037471,0.025178,0.142347,0.010148,0.403226,0.010466,0.015082,0.150023,0.134507,0.071553
0.016966,0.612517,0.011062,0.015584,0.011104,0.011457,0.012883,0.012917,0.232116,0.063394
0.016868,0.076049,0.110599,0.017503,0.059377,0.066517,0.045322,0.067864,0.265022,0.274879
0.008699,0.009331,0.053885,0.010340,0.054333,0.068860,0.026216,0.665103,0.049261,0.053972
0.032019,0.046630,0.190039,0.006225,0.260205,0.013379,0.047885,0.169700,0.210822,0.023097
0.008511,0.014171,0.117517,0.008707,0.055588,0.074758,0.084527,0.345545,0.052125,0.238552
0.014106,0.049096,0.109258,0.011525,0.064062,0.019193,0.185857,0.013059,0.375282,0.158562
0.123614,0.010777,0.022008,0.007911,0.370333,0.007850,0.064438,0.123168,0.262449,0.007452
0.011591,0.673675,0.016712,0.012555,0.020944,0.012099,0.017432,0.202602,0.015574,0.016816
0.040224,0.007747,0.288925,0.039907,0.031542,0.041476,0.094933,0.147912,0.229409,0.077926
0.008057,0.011372,0.032405,0.232878,0.400584,0.016469,0.059061,0.019563,0.128799,0.090812
0.009637,0.008360,0.191487,0.007943,0.414853,0.018357,0.006968,0.008369,0.326422,0.007604
0.003617,0.236968,0.081159,0.138405,0.014568,0.021644,0.008651,0.313915,0.177024,0.004050
0.006234,0.005673,0.319555,0.006775,0.271311,0.042453,0.105446,0.212125,0.012500,0.017927
0.011679,0.570198,0.037526,0.009094,0.014994,0.009722,0.012540,0.222751,0.011901,0.099596
0.005869,0.411472,0.044522,0.009308,0.323261,0.040782,0.062831,0.084927,0.010563,0.006465
0.008167,0.010720,0.024454,0.008365,0.359851,0.016647,0.014296,0.477945,0.010557,0.068998
0.013851,0.421249,0.008090,0.008996,0.009587,0.007474,0.017179,0.420720,0.009713,0.083140
0.006942,0.007812,0.246203,0.008380,0.350064,0.023550,0.152546,0.165006,0.030750,0.008746
0.013343,0.017007,0.112230,0.015235,0.617972,0.022200,0.040100,0.023495,0.119045,0.019370
0.009101,0.009870,0.081840,0.008947,0.081964,0.072417,0.007835,0.333891,0.385023,0.009111
0.008906,0.475369,0.035824,0.009089,0.011064,0.013276,0.018487,0.125304,0.220011,0.082671
0.005325,0.340585,0.090231,0.013396,0.009671,0.009998,0.008001,0.357635,0.156034,0.009124
0.011160,0.524871,0.060300,0.009856,0.346700,0.007504,0.011839,0.009114,0.009950,0.008705
0.007509,0.009297,0.243825,0.008617,0.018621,0.007192,0.074948,0.518236,0.023098,0.088658
0.070766,0.025367,0.135580,0.029742,0.021526,0.020456,0.028231,0.434712,0.030079,0.203541
0.010774,0.577089,0.019667,0.012752,0.011025,0.018550,0.009725,0.171758,0.153672,0.014987
0.013260,0.015819,0.028501,0.014598,0.020312,0.014905,0.065324,0.713577,0.018493,0.095212
0.043647,0.010707,0.342536,0.048081,0.029732,0.014121,0.102727,0.086176,0.310268,0.012007
0.032328,0.008253,0.079001,0.009272,0.016589,0.010184,0.049310,0.503053,0.272760,0.019250
0.008482,0.597424,0.016275,0.007702,0.009724,0.009557,0.019180,0.011091,0.303697,0.016867
0.013225,0.009855,0.542438,0.077637,0.033566,0.077885,0.098416,0.034257,0.052742,0.059978
0.011972,0.013106,0.096410,0.014604,0.071307,0.095747,0.163676,0.444567,0.073572,0.015039
0.108014,0.243003,0.146270,0.149578,0.013868,0.023834,0.038739,0.053296,0.211817,0.011581
0.024349,0.026734,0.039540,0.023738,0.031407,0.034339,0.196283,0.361734,0.237684,0.024193
0.168171,0.007214,0.270207,0.054135,0.378074,0.013330,0.006599,0.076943,0.014685,0.010642
0.045758,0.005729,0.045300,0.008102,0.021987,0.044175,0.019604,0.532567,0.270807,0.005970
0.014845,0.014850,0.020049,0.014924,0.664463,0.016931,0.085350,0.026433,0.128032,0.014121
0.029318,0.042192,0.037012,0.005613,0.247560,0.011102,0.064457,0.379955,0.171333,0.011458
0.004700,0.005048,0.156523,0.209614,0.021054,0.019434,0.167026,0.189061,0.220941,0.006599
0.013609,0.301565,0.117108,0.004845,0.011351,0.007977,0.011096,0.331980,0.190447,0.010023
0.461110,0.037469,0.097208,0.029619,0.062995,0.028567,0.119409,0.063931,0.066461,0.033230
0.005668,0.006502,0.338991,0.012796,0.290226,0.053562,0.202377,0.071930,0.009766,0.008183
0.004633,0.325311,0.023034,0.004475,0.255204,0.031697,0.015297,0.127360,0.208080,0.004910
0.007168,0.057506,0.265427,0.037211,0.021593,0.007744,0.019851,0.545682,0.009799,0.028018
0.034714,0.022563,0.018958,0.227955,0.026325,0.021061,0.012840,0.607299,0.018928,0.009357
0.034884,0.057462,0.037191,0.009663,0.022761,0.015229,0.060887,0.520889,0.232503,0.008531
0.060757,0.019746,0.110009,0.015801,0.033679,0.040260,0.036908,0.104646,0.410370,0.167827
0.027797,0.012635,0.097864,0.014813,0.086352,0.043799,0.036192,0.366312,0.085352,0.228883
0.042869,0.091558,0.085217,0.060199,0.069142,0.085354,0.114407,0.058536,0.336848,0.055870
0.017036,0.009004,0.177511,0.010852,0.036914,0.051577,0.174811,0.165340,0.260208,0.096746
0.016870,0.008877,0.097971,0.253517,0.369213,0.011292,0.034251,0.060098,0.138859,0.009052
0.073650,0.028001,0.050474,0.019299,0.054141,0.028199,0.031373,0.110410,0.447255,0.157199
0.008288,0.417792,0.046418,0.008163,0.008190,0.007982,0.048526,0.437412,0.009522,0.007708
0.084424,0.300667,0.010237,0.005143,0.254423,0.010601,0.011286,0.306937,0.010661,0.005621
0.035100,0.026602,0.061993,0.009004,0.435339,0.016913,0.007519,0.020505,0.306013,0.081013
0.009480,0.009338,0.201857,0.011163,0.058723,0.069893,0.087820,0.288594,0.253504,0.009630
0.050939,0.164485,0.081242,0.099294,0.057899,0.070185,0.175854,0.039363,0.040023,0.220716
0.006121,0.358777,0.010912,0.007268,0.007598,0.006714,0.013421,0.357390,0.223803,0.007998
0.008875,0.006352,0.133950,0.268245,0.370464,0.047462,0.023177,0.006694,0.128318,0.006463
0.033626,0.097787,0.096325,0.036875,0.079463,0.064179,0.293467,0.220171,0.045667,0.032439
0.008263,0.295843,0.028300,0.004160,0.211017,0.029588,0.012070,0.385232,0.017702,0.007826
0.005118,0.373660,0.036253,0.005030,0.274524,0.037176,0.016724,0.013365,0.095022,0.143127
0.159032,0.064571,0.017843,0.010587,0.451721,0.021749,0.008223,0.244163,0.013024,0.009087
0.046161,0.488047,0.030625,0.011496,0.020527,0.048306,0.016406,0.007696,0.322894,0.007841
0.038137,0.707101,0.095706,0.011051,0.020347,0.012407,0.077447,0.011468,0.015037,0.011298
0.228763,0.008482,0.055044,0.007519,0.403592,0.060583,0.030150,0.030371,0.019445,0.156051
0.031990,0.008827,0.182385,0.248901,0.022337,0.011120,0.061316,0.017461,0.318672,0.096991
0.022274,0.012020,0.028961,0.015075,0.039373,0.018778,0.077516,0.730881,0.024618,0.030504
0.008032,0.009403,0.276318,0.021351,0.484062,0.069834,0.037362,0.009395,0.024519,0.059724
0.028275,0.025574,0.072964,0.031033,0.047724,0.053627,0.161299,0.162814,0.377077,0.039612
0.027669,0.024493,0.061914,0.029590,0.050052,0.051237,0.044879,0.036518,0.635120,0.038528
0.010572,0.620849,0.011970,0.012071,0.015357,0.012862,0.061085,0.169582,0.012817,0.072834
0.010575,0.017196,0.323166,0.013492,0.096302,0.095125,0.034971,0.322511,0.074953,0.011709
0.110788,0.384083,0.149427,0.006522,0.252611,0.007219,0.009888,0.008345,0.062650,0.008467
0.008219,0.514361,0.044031,0.049259,0.042677,0.021377,0.017006,0.077144,0.217227,0.008700
0.007899,0.090928,0.049428,0.024067,0.397726,0.028031,0.023190,0.124290,0.052163,0.202278
0.020879,0.021129,0.027447,0.021771,0.039577,0.040322,0.067152,0.113451,0.625145,0.023127
0.050190,0.017364,0.052246,0.014401,0.028901,0.012555,0.051653,0.207209,0.455225,0.110255
0.004555,0.328412,0.080665,0.004566,0.233943,0.004457,0.029235,0.132438,0.175683,0.006046
0.009740,0.115489,0.248608,0.009237,0.089322,0.037220,0.362825,0.052229,0.062713,0.012617
0.010076,0.633350,0.017367,0.010530,0.014986,0.009970,0.022927,0.134444,0.134174,0.012176
0.092283,0.336275,0.123917,0.159701,0.010166,0.008790,0.008318,0.006748,0.176391,0.077410
0.006155,0.370683,0.037342,0.006583,0.267159,0.006088,0.005682,0.091121,0.202319,0.006868
0.007435,0.366808,0.020085,0.005413,0.022476,0.036376,0.011371,0.429364,0.080728,0.019943
0.009354,0.010419,0.197144,0.008191,0.375704,0.058994,0.125542,0.081703,0.016908,0.116041
0.005031,0.055600,0.049338,0.004425,0.024041,0.035118,0.088865,0.429983,0.221346,0.086255
0.028954,0.651204,0.010808,0.010831,0.020055,0.016453,0.009821,0.228089,0.011842,0.011942
0.040593,0.014894,0.027636,0.011905,0.493121,0.015030,0.019568,0.011525,0.249580,0.116150
0.006209,0.463743,0.029818,0.006138,0.303021,0.041215,0.019646,0.091407,0.031532,0.007271
0.040859,0.050693,0.091461,0.043496,0.057633,0.073346,0.258721,0.051589,0.049785,0.282418
0.012315,0.017603,0.113313,0.012507,0.066099,0.030367,0.105509,0.110331,0.481076,0.050879
0.005887,0.036670,0.037300,0.007093,0.284720,0.023273,0.067225,0.164535,0.256785,0.116512
0.006579,0.008871,0.241693,0.006959,0.361588,0.016289,0.014880,0.007223,0.250804,0.085115
0.006270,0.383894,0.034798,0.007349,0.294018,0.005313,0.004836,0.039114,0.215807,0.008602
0.016101,0.101048,0.065076,0.017810,0.030503,0.021763,0.065081,0.258236,0.406270,0.018112
0.007298,0.021290,0.017752,0.007462,0.391753,0.009839,0.017413,0.488711,0.017631,0.020850
0.007487,0.009527,0.273950,0.007031,0.032801,0.013806,0.062627,0.499900,0.078927,0.013946
0.009746,0.009423,0.019095,0.027615,0.338151,0.009787,0.018489,0.210812,0.288874,0.068008
0.011386,0.008538,0.164248,0.013859,0.398191,0.065834,0.095106,0.032325,0.044425,0.166088
0.005933,0.373376,0.256737,0.005452,0.014555,0.036567,0.010728,0.209310,0.009481,0.077861
0.006527,0.371362,0.006924,0.006226,0.257432,0.009291,0.005893,0.137641,0.142499,0.056205
0.021332,0.018868,0.044231,0.021208,0.036912,0.027263,0.029551,0.110753,0.669780,0.020103
0.035024,0.106386,0.049037,0.020141,0.029257,0.019026,0.058929,0.019832,0.644441,0.017928
0.007472,0.006596,0.014756,0.007613,0.307531,0.017101,0.006386,0.391879,0.234013,0.006653
0.034369,0.006281,0.142178,0.007350,0.292110,0.009915,0.158493,0.139056,0.126886,0.083361
0.083622,0.062669,0.246663,0.033695,0.046544,0.024958,0.051070,0.144390,0.053453,0.252937
0.004943,0.004275,0.098515,0.029459,0.254823,0.007344,0.112968,0.288777,0.175764,0.023132
0.007039,0.472433,0.071202,0.007329,0.257071,0.007680,0.016079,0.007426,0.101665,0.052076
0.026149,0.517689,0.013305,0.010590,0.011686,0.009515,0.019739,0.011063,0.310533,0.069730
0.050215,0.006927,0.345733,0.010523,0.295183,0.044808,0.017517,0.183333,0.039255,0.006505
0.099276,0.015195,0.298607,0.117799,0.090388,0.117920,0.043150,0.046025,0.081592,0.090050
0.011721,0.011870,0.395030,0.012044,0.017775,0.022605,0.023764,0.082026,0.412418,0.010747
0.022633,0.488775,0.009330,0.194625,0.010704,0.013289,0.047680,0.099027,0.056302,0.057636
0.039231,0.021914,0.051442,0.566823,0.045752,0.027132,0.053510,0.147945,0.026314,0.019938
