0.126844,0.115400,0.056870,0.090273,0.070519,0.131059,0.084979,0.081814,0.100707,0.141536
0.154351,0.106552,0.048565,0.076086,0.052167,0.110629,0.060454,0.214000,0.097231,0.079964
0.049566,0.061230,0.395308,0.036802,0.040480,0.184280,0.086179,0.049255,0.034096,0.062804
0.109586,0.060721,0.385559,0.052411,0.055365,0.078667,0.065777,0.044284,0.064994,0.082636
0.094232,0.065367,0.093322,0.078141,0.152886,0.123139,0.079221,0.094514,0.124246,0.094935
0.078566,0.164935,0.090322,0.035546,0.032647,0.235157,0.200977,0.050340,0.049495,0.062015
0.087255,0.119603,0.044291,0.081948,0.056955,0.089121,0.094241,0.310013,0.046369,0.070205
0.025663,0.025748,0.018417,0.020096,0.022443,0.036537,0.737315,0.038399,0.047937,0.027443
0.072504,0.123621,0.285824,0.052856,0.146680,0.070887,0.065780,0.079782,0.059249,0.042816
0.070973,0.087426,0.258844,0.050527,0.046866,0.104246,0.064672,0.183446,0.046227,0.086773
0.106625,0.161700,0.067362,0.074424,0.051583,0.126303,0.067188,0.115932,0.094369,0.134513
0.102962,0.161149,0.055933,0.092236,0.069969,0.148606,0.063552,0.075719,0.072949,0.156925
0.088871,0.048443,0.029108,0.043207,0.153900,0.178769,0.090140,0.209367,0.096809,0.061386
0.075253,0.116287,0.050922,0.105008,0.152589,0.121109,0.077304,0.114510,0.098774,0.088243
0.066638,0.098524,0.060685,0.076838,0.055339,0.089373,0.356649,0.077395,0.051973,0.066585
0.034658,0.032104,0.146973,0.020119,0.065112,0.032658,0.599195,0.018418,0.021907,0.028856
0.088780,0.061089,0.082160,0.055359,0.053696,0.291352,0.076655,0.097941,0.108403,0.084565
0.082333,0.137616,0.194216,0.060761,0.048509,0.234415,0.056607,0.052858,0.073851,0.058835
0.034208,0.030491,0.092874,0.026892,0.025865,0.088866,0.605648,0.027970,0.035421,0.031765
0.085664,0.076524,0.253378,0.058099,0.154389,0.092626,0.054408,0.054858,0.093624,0.076432
0.074500,0.056243,0.070372,0.047476,0.052457,0.225424,0.063199,0.238119,0.089835,0.082374
0.133577,0.199212,0.057949,0.086604,0.065852,0.132110,0.083880,0.069906,0.084336,0.086576
0.130920,0.113560,0.086683,0.066278,0.070133,0.161274,0.081314,0.098128,0.105718,0.085992
0.127934,0.135206,0.212839,0.082608,0.059446,0.088459,0.062753,0.081198,0.081098,0.068460
0.096552,0.050012,0.313390,0.051914,0.125730,0.082343,0.054435,0.079493,0.085155,0.060975
0.116756,0.071736,0.255397,0.088766,0.049518,0.106874,0.060120,0.096894,0.082306,0.071633
0.107297,0.052771,0.205648,0.029920,0.135494,0.184898,0.088206,0.073466,0.070593,0.051708
0.088895,0.089597,0.035273,0.044241,0.168178,0.307960,0.058614,0.081164,0.052431,0.073648
0.117159,0.117407,0.155606,0.063275,0.067832,0.122614,0.071724,0.094841,0.094476,0.095066
0.063644,0.175306,0.154678,0.075250,0.067476,0.107195,0.079938,0.093771,0.094769,0.087973
0.086128,0.138318,0.283303,0.075419,0.058065,0.089115,0.060679,0.054340,0.084472,0.070161
0.131053,0.092067,0.303080,0.057907,0.061562,0.075259,0.050564,0.059936,0.088043,0.080530
0.123023,0.170485,0.049796,0.094945,0.073162,0.142671,0.079445,0.091003,0.087097,0.088373
0.063181,0.112882,0.048656,0.059249,0.174442,0.146282,0.081675,0.117071,0.124050,0.072511
0.092314,0.060771,0.072529,0.066836,0.135835,0.091577,0.064964,0.236470,0.095849,0.082854
0.076692,0.077334,0.047324,0.105754,0.052384,0.127685,0.075916,0.292963,0.060906,0.083043
0.051054,0.036539,0.543289,0.044757,0.030999,0.147047,0.031185,0.025203,0.037933,0.051995
0.182178,0.114393,0.067959,0.088196,0.068006,0.132524,0.082399,0.065711,0.107100,0.091535
0.045694,0.060919,0.111857,0.033417,0.184269,0.273200,0.045662,0.087791,0.081563,0.075628
0.114110,0.083411,0.058147,0.102812,0.055059,0.115090,0.087362,0.247942,0.061760,0.074307
0.120322,0.113473,0.047109,0.111382,0.146628,0.109117,0.076763,0.071718,0.086608,0.116880
0.073358,0.036855,0.117475,0.035786,0.027488,0.090094,0.533417,0.029043,0.030529,0.025954
0.050177,0.200286,0.090605,0.050071,0.036546,0.281325,0.053533,0.092474,0.079215,0.065767
0.053499,0.023852,0.123588,0.017145,0.018467,0.029866,0.643355,0.028848,0.030161,0.031218
0.147127,0.080078,0.131129,0.052542,0.050448,0.079634,0.061518,0.209500,0.101435,0.086588
0.044580,0.087026,0.234772,0.049222,0.041006,0.179315,0.059670,0.209608,0.042383,0.052418
0.089467,0.121234,0.286658,0.054111,0.055602,0.094113,0.063607,0.084936,0.081756,0.068516
0.136458,0.194203,0.065585,0.082367,0.070943,0.100166,0.078425,0.080032,0.103730,0.088090
0.112153,0.116673,0.042943,0.059747,0.055811,0.129796,0.067579,0.274455,0.062267,0.078576
0.095814,0.074538,0.302640,0.088736,0.057954,0.104675,0.062332,0.083581,0.061789,0.067942
0.125816,0.110913,0.170631,0.064963,0.067334,0.125318,0.079817,0.097858,0.069519,0.087832
0.055505,0.088189,0.257411,0.042775,0.164274,0.085516,0.077482,0.092045,0.068437,0.068366
0.094888,0.084250,0.053862,0.095694,0.056833,0.123598,0.083137,0.256346,0.063072,0.088320
0.114385,0.072230,0.092961,0.133659,0.053386,0.162859,0.065010,0.061068,0.134793,0.109650
0.047524,0.064474,0.296024,0.076278,0.121137,0.068723,0.053120,0.188285,0.039230,0.045207
0.083447,0.045967,0.434855,0.024226,0.104564,0.112718,0.026032,0.113080,0.027956,0.027156
0.083776,0.070233,0.384383,0.064195,0.154678,0.060234,0.049089,0.038827,0.046662,0.047923
0.110315,0.061352,0.275918,0.039140,0.046856,0.231683,0.050972,0.068318,0.072349,0.043096
0.078551,0.065972,0.302246,0.053282,0.140999,0.067240,0.054503,0.059802,0.085487,0.091917
0.074180,0.062327,0.306276,0.064152,0.127881,0.076100,0.048009,0.084657,0.086787,0.069631
0.132433,0.113457,0.047610,0.062479,0.182551,0.125088,0.086701,0.074327,0.067087,0.108266
0.140982,0.131120,0.068091,0.089917,0.071919,0.134454,0.068912,0.086939,0.107830,0.099836
0.107000,0.084223,0.061567,0.114256,0.067596,0.127891,0.091158,0.106263,0.135256,0.104790
0.070254,0.195920,0.076484,0.062250,0.053326,0.136632,0.119089,0.078460,0.100406,0.107179
0.073738,0.158742,0.043454,0.064587,0.052422,0.120023,0.072207,0.229884,0.101865,0.083078
0.054442,0.098741,0.225950,0.073298,0.137175,0.086176,0.131865,0.072754,0.052823,0.066776
0.041790,0.091541,0.297840,0.037194,0.058022,0.224034,0.054456,0.060501,0.064967,0.069655
0.091512,0.079037,0.085606,0.085200,0.055802,0.082793,0.082861,0.295587,0.044675,0.096926
0.041623,0.084619,0.029664,0.048500,0.198411,0.213782,0.063210,0.217756,0.045352,0.057081
0.071396,0.228459,0.034082,0.047124,0.040940,0.195889,0.185642,0.072098,0.063851,0.060520
0.109070,0.069006,0.220026,0.034871,0.138437,0.221098,0.050999,0.048348,0.052729,0.055416
0.082873,0.195942,0.094516,0.038946,0.051409,0.287056,0.051303,0.055998,0.099389,0.042568
0.057411,0.023565,0.012654,0.022681,0.013948,0.031730,0.776959,0.020342,0.014632,0.026079
0.140750,0.121525,0.077174,0.075141,0.062344,0.151173,0.077088,0.103337,0.067996,0.123471
0.065650,0.165924,0.049873,0.070213,0.168940,0.127885,0.068954,0.113547,0.072483,0.096532
0.128920,0.120081,0.088426,0.053499,0.162865,0.105530,0.066653,0.060364,0.114614,0.099048
0.096678,0.101763,0.268141,0.070811,0.062326,0.094071,0.063708,0.092271,0.072965,0.077266
0.109751,0.067161,0.032694,0.055714,0.181804,0.263123,0.058042,0.097517,0.069348,0.064846
0.070303,0.053740,0.233408,0.033531,0.139847,0.234143,0.051333,0.037009,0.078438,0.068246
0.070901,0.080093,0.142770,0.059932,0.050943,0.118137,0.077319,0.212344,0.103812,0.083750
0.120889,0.155199,0.032669,0.032946,0.154169,0.248105,0.047114,0.064435,0.087668,0.056807
0.098449,0.130654,0.049845,0.059714,0.064058,0.291410,0.073660,0.052442,0.107481,0.072288
0.022247,0.061889,0.081835,0.028951,0.132003,0.155844,0.280928,0.146307,0.032955,0.057043
0.048997,0.027867,0.019065,0.020175,0.051810,0.037657,0.624376,0.092594,0.051623,0.025838
0.134390,0.143792,0.068020,0.086862,0.057088,0.106728,0.086605,0.099872,0.115375,0.101268
0.081429,0.074231,0.036496,0.053246,0.160110,0.293784,0.056492,0.079211,0.097438,0.067563
0.075156,0.152447,0.070738,0.034076,0.136999,0.279469,0.041379,0.082553,0.071519,0.055664
0.092265,0.080884,0.076792,0.048033,0.054537,0.322605,0.059627,0.084296,0.106142,0.074818
0.089428,0.149715,0.055389,0.101206,0.076100,0.132620,0.166766,0.068610,0.064702,0.095464
0.078376,0.177199,0.202955,0.036490,0.045578,0.223006,0.055896,0.049366,0.076679,0.054456
0.107313,0.163828,0.047603,0.057427,0.162488,0.123023,0.073897,0.106291,0.068981,0.089149
0.086839,0.105532,0.039814,0.095880,0.056724,0.114450,0.080434,0.243650,0.106913,0.069764
0.050121,0.118471,0.234910,0.055026,0.155459,0.084478,0.054405,0.083792,0.082972,0.080366
0.129067,0.154313,0.067847,0.085661,0.065821,0.098930,0.072229,0.131642,0.101252,0.093238
0.041079,0.024448,0.019587,0.031963,0.017034,0.043394,0.705736,0.044343,0.040084,0.032331
0.079656,0.155524,0.088664,0.077587,0.151737,0.096774,0.073878,0.076434,0.106125,0.093620
0.063318,0.078693,0.252796,0.056207,0.146125,0.099201,0.059446,0.077003,0.094613,0.072596
0.115070,0.073117,0.088278,0.097974,0.142549,0.109622,0.056994,0.118271,0.114806,0.083319
0.044410,0.078516,0.246000,0.048004,0.051275,0.258110,0.050387,0.088091,0.072963,0.062245
0.085815,0.101253,0.049518,0.066228,0.176706,0.145788,0.103876,0.058203,0.117657,0.094956
0.099059,0.133592,0.063165,0.069648,0.079837,0.153478,0.079990,0.101700,0.105565,0.113966
0.064737,0.096062,0.052265,0.063224,0.081064,0.227065,0.156937,0.079442,0.082477,0.096727
0.076560,0.104943,0.076065,0.098420,0.165111,0.124631,0.074798,0.113659,0.071467,0.094345
0.043654,0.099120,0.387329,0.023786,0.122775,0.149571,0.028138,0.057474,0.049824,0.038330
0.113379,0.160993,0.042202,0.095681,0.156721,0.118368,0.062747,0.096931,0.067219,0.085760
0.071830,0.109593,0.055496,0.061187,0.141829,0.117970,0.076814,0.220926,0.056875,0.087481
0.089899,0.080485,0.269694,0.053908,0.144549,0.096929,0.075970,0.056800,0.051105,0.080661
0.083932,0.126317,0.166166,0.083550,0.057318,0.119236,0.072986,0.079384,0.106166,0.104947
0.080046,0.054883,0.380521,0.049049,0.138777,0.066425,0.050349,0.070648,0.047778,0.061524
0.046411,0.074610,0.222500,0.032276,0.158487,0.216432,0.048848,0.061809,0.082843,0.055783
0.075227,0.134528,0.071543,0.072396,0.063651,0.160444,0.086709,0.131278,0.089395,0.114831
0.131625,0.114353,0.076027,0.073669,0.153201,0.121110,0.084047,0.088024,0.064463,0.093482
0.058949,0.144488,0.052392,0.085567,0.055754,0.153255,0.060109,0.248078,0.052384,0.089025
0.101558,0.069226,0.039759,0.089654,0.060508,0.121196,0.059772,0.265843,0.108125,0.084359
0.068644,0.147504,0.044706,0.065208,0.056570,0.306147,0.096359,0.069718,0.076381,0.068763
0.088110,0.118068,0.083396,0.064477,0.066661,0.159638,0.147076,0.079309,0.106799,0.086466
0.042629,0.072644,0.281671,0.043979,0.048581,0.233530,0.055380,0.077964,0.084444,0.059179
0.119468,0.160933,0.043776,0.051118,0.152868,0.112871,0.073215,0.068847,0.105369,0.111536
0.025838,0.033005,0.292843,0.016479,0.077198,0.076503,0.361024,0.079166,0.019797,0.018147
0.074943,0.163578,0.044989,0.071882,0.162036,0.099802,0.096009,0.100079,0.100353,0.086329
0.055893,0.044899,0.411307,0.026111,0.035466,0.183394,0.065515,0.072593,0.054120,0.050703
0.098789,0.085490,0.048959,0.058201,0.078915,0.203351,0.217662,0.080425,0.065383,0.062825
0.129021,0.171961,0.051591,0.085865,0.069334,0.128638,0.062287,0.103809,0.103644,0.093849
0.038165,0.065481,0.349535,0.040714,0.166480,0.087131,0.055579,0.087669,0.067674,0.041573
0.128779,0.142663,0.053379,0.079721,0.069658,0.112641,0.103299,0.089289,0.096044,0.124530
0.082612,0.142203,0.036520,0.067498,0.125219,0.180412,0.048248,0.175631,0.082537,0.059119
0.085423,0.128551,0.213721,0.076312,0.142468,0.098833,0.056205,0.042788,0.091339,0.064360
0.132103,0.156234,0.070230,0.091083,0.056893,0.123089,0.078029,0.074958,0.103098,0.114283
0.156780,0.124165,0.038266,0.059050,0.064557,0.243519,0.066835,0.049653,0.105165,0.092009
0.078911,0.191289,0.070645,0.088055,0.062447,0.144139,0.080336,0.086667,0.108237,0.089272
0.127479,0.084820,0.091070,0.091903,0.067450,0.112322,0.081562,0.085421,0.158804,0.099169
0.026795,0.025778,0.030706,0.030278,0.019241,0.029209,0.737177,0.035153,0.037728,0.027936
0.095615,0.196062,0.034079,0.050853,0.053687,0.274632,0.077746,0.094511,0.071569,0.051246
0.070830,0.170785,0.072123,0.026283,0.145103,0.263626,0.045244,0.071090,0.082321,0.052596
0.107638,0.172501,0.053917,0.056664,0.061024,0.092882,0.050714,0.229796,0.098649,0.076215
0.173646,0.148805,0.073578,0.077224,0.066631,0.132211,0.073939,0.076913,0.081417,0.095636
0.081275,0.092069,0.304409,0.057549,0.057092,0.093081,0.072297,0.097417,0.059417,0.085394
0.115286,0.166416,0.061334,0.078903,0.074260,0.119336,0.105171,0.097675,0.069942,0.111679
0.032268,0.022959,0.017944,0.038196,0.021197,0.040512,0.713355,0.043503,0.038833,0.031234
0.103226,0.141469,0.053387,0.080762,0.157243,0.122092,0.078617,0.073606,0.102960,0.086638
0.102631,0.086951,0.284012,0.067489,0.068555,0.099445,0.077128,0.048145,0.073007,0.092637
0.119492,0.076922,0.081032,0.107427,0.063979,0.114398,0.081085,0.123939,0.119256,0.112470
0.033429,0.050316,0.556899,0.026733,0.028948,0.135194,0.037974,0.060899,0.033447,0.036160
0.026671,0.023730,0.100803,0.027158,0.018817,0.033047,0.688720,0.019654,0.032245,0.029154
0.134624,0.120365,0.064580,0.101789,0.080788,0.131922,0.065910,0.098688,0.106349,0.094986
0.054800,0.050319,0.511072,0.033186,0.035867,0.134683,0.032652,0.024819,0.070801,0.051801
0.127132,0.070716,0.271666,0.044640,0.166882,0.079425,0.054834,0.051828,0.063246,0.069632
0.037950,0.067000,0.213338,0.043756,0.141963,0.056895,0.065115,0.207771,0.088484,0.077728
0.081317,0.191089,0.040580,0.034056,0.170821,0.257361,0.046288,0.047086,0.066818,0.064584
0.066750,0.088653,0.039530,0.052483,0.071403,0.290596,0.082585,0.108145,0.113535,0.086320
0.080999,0.061398,0.333580,0.044040,0.158716,0.078845,0.050865,0.081504,0.047202,0.062851
0.059667,0.195422,0.028100,0.047773,0.145814,0.276404,0.050264,0.051812,0.087520,0.057225
0.021025,0.045093,0.537952,0.042203,0.107301,0.123590,0.023638,0.029237,0.027495,0.042465
0.053071,0.122317,0.163609,0.071572,0.125631,0.056058,0.076999,0.177263,0.083836,0.069644
0.072349,0.218042,0.053737,0.069987,0.068973,0.128162,0.154140,0.081844,0.065176,0.087590
0.120392,0.084492,0.262932,0.042872,0.128489,0.068351,0.054374,0.081841,0.086015,0.070242
0.112886,0.075216,0.302441,0.064457,0.053480,0.072078,0.065203,0.081648,0.065214,0.107379
0.025583,0.026766,0.134654,0.023055,0.020702,0.033258,0.646852,0.027508,0.033362,0.028260
0.094258,0.091537,0.049230,0.074497,0.070677,0.264179,0.057348,0.080978,0.114692,0.102603
0.043426,0.032133,0.021945,0.041149,0.023929,0.057785,0.552235,0.136178,0.053280,0.037938
0.045271,0.074499,0.257819,0.049515,0.047241,0.240117,0.052398,0.092035,0.069175,0.071929
0.048798,0.051384,0.374028,0.047149,0.157724,0.055092,0.044843,0.072075,0.087214,0.061692
0.157101,0.086730,0.049648,0.107304,0.068036,0.127787,0.064754,0.107513,0.131755,0.099372
0.123871,0.099693,0.046434,0.099507,0.159544,0.093906,0.066419,0.109425,0.109305,0.091897
0.031566,0.169012,0.179483,0.031368,0.049022,0.167567,0.190192,0.077400,0.042080,0.062311
0.053571,0.088818,0.098563,0.056130,0.047067,0.376806,0.070100,0.063297,0.061445,0.084203
0.126310,0.089324,0.046294,0.077250,0.192041,0.103948,0.087554,0.095814,0.079518,0.101947
0.080237,0.087905,0.232890,0.056488,0.143476,0.075718,0.072140,0.087901,0.092946,0.070299
0.150946,0.076670,0.056759,0.092715,0.060290,0.136743,0.086975,0.069706,0.120795,0.148401
0.105084,0.164950,0.053658,0.084356,0.056036,0.130519,0.084566,0.075050,0.096886,0.148895
0.054606,0.078467,0.259741,0.040501,0.048494,0.099033,0.070075,0.197118,0.094058,0.057906
0.081570,0.169052,0.062635,0.088434,0.063940,0.107069,0.086587,0.092039,0.092861,0.155813
0.074430,0.089796,0.250611,0.044106,0.154152,0.098286,0.068517,0.089914,0.052071,0.078118
0.143524,0.124472,0.069692,0.107443,0.068722,0.138647,0.067235,0.060400,0.115507,0.104359
0.074363,0.077056,0.281449,0.049259,0.053055,0.209319,0.060432,0.065806,0.049553,0.079707
0.052756,0.184235,0.186853,0.045328,0.044712,0.184375,0.121838,0.070853,0.057193,0.051857
0.056779,0.145135,0.304634,0.076900,0.058962,0.079742,0.057507,0.061100,0.088340,0.070901
0.100064,0.079848,0.173657,0.054572,0.129575,0.065682,0.060981,0.199086,0.074926,0.061607
0.099764,0.074281,0.077904,0.057225,0.138026,0.099489,0.071695,0.203768,0.098949,0.078900
0.137776,0.103137,0.310561,0.051448,0.050582,0.073231,0.073639,0.064299,0.058598,0.076729
0.050360,0.149465,0.025322,0.038200,0.136470,0.198003,0.052244,0.201971,0.085233,0.062733
0.053688,0.065161,0.377874,0.048629,0.132442,0.077795,0.052665,0.050206,0.081772,0.059770
0.092755,0.090781,0.219764,0.085975,0.052487,0.102615,0.084511,0.092488,0.093379,0.085246
0.105201,0.095533,0.060760,0.095948,0.163317,0.117715,0.071166,0.099661,0.102718,0.087982
0.137900,0.166771,0.051725,0.082647,0.065003,0.143959,0.081417,0.072560,0.103998,0.094020
0.129530,0.107092,0.039569,0.084185,0.042278,0.119096,0.113879,0.239000,0.054974,0.070398
0.110540,0.066154,0.091089,0.068662,0.168128,0.117855,0.080360,0.101346,0.083396,0.112468
0.079570,0.157984,0.062649,0.087558,0.151181,0.113027,0.078366,0.079580,0.093450,0.096635
0.120274,0.144596,0.226470,0.050659,0.128924,0.093670,0.042069,0.045027,0.068995,0.079315
0.153060,0.166969,0.056776,0.058682,0.065496,0.140230,0.077110,0.084859,0.075895,0.120922
0.068393,0.080914,0.132577,0.055982,0.044679,0.299719,0.057678,0.105678,0.068127,0.086252
0.074964,0.143143,0.180001,0.066344,0.054392,0.120242,0.082171,0.093383,0.109975,0.075387
0.140420,0.094292,0.032341,0.056368,0.055951,0.293619,0.058726,0.095911,0.087588,0.084786
0.124213,0.059650,0.291958,0.039561,0.130974,0.050145,0.046667,0.171747,0.036515,0.048570
0.086816,0.083348,0.079673,0.083759,0.180089,0.118675,0.115423,0.108221,0.064322,0.079674
0.113757,0.125847,0.053188,0.098298,0.073368,0.103615,0.092686,0.096673,0.113631,0.128934
0.124687,0.072499,0.038295,0.085974,0.055383,0.305477,0.071126,0.105603,0.069065,0.071891
0.090155,0.108318,0.048737,0.099098,0.159231,0.130799,0.074878,0.074402,0.109123,0.105257
0.083058,0.091779,0.035102,0.042871,0.156448,0.275441,0.049450,0.088722,0.096083,0.081046
0.079946,0.058957,0.211355,0.058629,0.122066,0.078507,0.069009,0.190451,0.083454,0.047626
0.132452,0.084102,0.250875,0.040099,0.151498,0.084239,0.051691,0.084635,0.053226,0.067182
0.070389,0.082613,0.223489,0.052206,0.051353,0.250217,0.056086,0.077952,0.064397,0.071298
0.084157,0.059127,0.077080,0.042532,0.037092,0.245133,0.051522,0.256211,0.051749,0.095397
0.097256,0.067188,0.278112,0.083297,0.051661,0.095271,0.049517,0.089609,0.098015,0.090075
0.120751,0.115982,0.148415,0.071634,0.066771,0.129194,0.053969,0.089702,0.094315,0.109267
0.069551,0.101427,0.218587,0.054067,0.155835,0.103390,0.072112,0.057809,0.078231,0.088990
0.035212,0.023635,0.126536,0.019559,0.018793,0.030089,0.666037,0.025014,0.030265,0.024860
0.087236,0.074649,0.061417,0.107759,0.064160,0.109275,0.132281,0.099257,0.147630,0.116336
0.064407,0.070807,0.036375,0.092767,0.132279,0.109090,0.139215,0.215304,0.045205,0.094552
0.105701,0.134414,0.074533,0.065279,0.154301,0.113205,0.111079,0.051786,0.102525,0.087178
0.058095,0.077766,0.259734,0.044361,0.051266,0.217753,0.089079,0.082252,0.058836,0.060858
0.136835,0.093277,0.027853,0.070642,0.150953,0.251601,0.053273,0.047544,0.091770,0.076250
0.113769,0.074174,0.062169,0.103471,0.068528,0.134582,0.094868,0.116167,0.125403,0.106868
0.030758,0.035418,0.360766,0.026976,0.021421,0.085235,0.368338,0.018998,0.023334,0.028755
0.127104,0.164314,0.144592,0.061408,0.063875,0.117894,0.070445,0.086830,0.077807,0.085730
0.067849,0.111549,0.206628,0.063755,0.060147,0.112796,0.122367,0.087900,0.093504,0.073506
0.124807,0.123039,0.080494,0.061616,0.065156,0.124877,0.126741,0.060515,0.115238,0.117515
0.103409,0.128202,0.048719,0.055758,0.050241,0.078782,0.076632,0.235961,0.106804,0.115491
0.068129,0.122844,0.087611,0.067894,0.153383,0.113796,0.086083,0.099441,0.095358,0.105460
0.094173,0.108731,0.259357,0.042650,0.153993,0.096033,0.059762,0.085672,0.049072,0.050557
0.091480,0.114593,0.085969,0.044783,0.047233,0.298567,0.065255,0.057266,0.103789,0.091065
0.088911,0.161899,0.179031,0.055783,0.139740,0.081817,0.061490,0.087833,0.089356,0.054141
0.127551,0.075114,0.040773,0.067194,0.060109,0.299556,0.058981,0.110144,0.071242,0.089336
0.116607,0.140645,0.148960,0.087886,0.060759,0.125547,0.075471,0.067164,0.091438,0.085522
0.054192,0.108235,0.431455,0.034180,0.029467,0.161498,0.031066,0.059420,0.041294,0.049191
0.090597,0.094279,0.233370,0.047727,0.143716,0.107826,0.062617,0.077393,0.087639,0.054837
0.099980,0.064131,0.095221,0.082917,0.160920,0.106843,0.078337,0.082034,0.130524,0.099093
0.135572,0.111170,0.058331,0.101879,0.043608,0.114787,0.057159,0.249648,0.051691,0.076154
0.083879,0.053381,0.271585,0.074960,0.112548,0.100634,0.056465,0.080896,0.101326,0.064326
0.061610,0.136414,0.033871,0.064785,0.052986,0.314781,0.057334,0.098742,0.097036,0.082441
0.143466,0.155274,0.041048,0.067621,0.153411,0.086121,0.067130,0.079317,0.100035,0.106576
0.086302,0.109372,0.049579,0.108466,0.172024,0.125914,0.078871,0.105106,0.092963,0.071403
0.127162,0.121069,0.077059,0.064644,0.070925,0.127794,0.124605,0.091167,0.101956,0.093617
0.119114,0.193550,0.071173,0.090121,0.055480,0.157371,0.085462,0.081626,0.056915,0.089189
0.134346,0.074600,0.092822,0.068588,0.156691,0.107866,0.081270,0.111727,0.089297,0.082795
0.066098,0.062655,0.351105,0.046324,0.129737,0.074533,0.049561,0.077560,0.085725,0.056701
0.118805,0.197123,0.077568,0.075190,0.057627,0.113870,0.079120,0.093274,0.098543,0.088880
0.097106,0.094612,0.085947,0.063054,0.156156,0.114695,0.077385,0.098054,0.100016,0.112974
0.114907,0.147836,0.046688,0.070119,0.056219,0.105326,0.066620,0.223767,0.096061,0.072456
0.144090,0.067664,0.055652,0.082274,0.059943,0.151766,0.152790,0.071644,0.109011,0.105164
0.050036,0.037917,0.129252,0.059869,0.040268,0.124962,0.330382,0.142928,0.034301,0.050085
0.080866,0.051448,0.326397,0.046612,0.139907,0.080594,0.043812,0.075248,0.089451,0.065666
0.038186,0.045037,0.024085,0.032521,0.101416,0.115429,0.558185,0.022501,0.026929,0.035710
0.077659,0.106437,0.200406,0.052833,0.059139,0.067723,0.249433,0.057038,0.061692,0.067641
0.105090,0.154602,0.212379,0.065562,0.051508,0.100560,0.061717,0.080331,0.089807,0.078444
0.148343,0.082888,0.043955,0.076096,0.158516,0.103681,0.089703,0.091585,0.116226,0.089007
0.110061,0.106586,0.044439,0.063730,0.056582,0.119840,0.066897,0.243498,0.110754,0.077612
0.038855,0.068396,0.247599,0.055551,0.052924,0.257765,0.047739,0.082060,0.083457,0.065654
0.073695,0.060033,0.276611,0.039747,0.140843,0.176008,0.033889,0.071453,0.079993,0.047729
0.043978,0.072854,0.051844,0.044801,0.063145,0.248292,0.219162,0.100234,0.103509,0.052182
0.056222,0.076484,0.092845,0.048391,0.049553,0.250552,0.191204,0.088213,0.087335,0.059201
0.055818,0.066802,0.430038,0.031272,0.043874,0.201376,0.039429,0.037328,0.062830,0.031231
0.075964,0.076742,0.166420,0.056695,0.041927,0.113617,0.063342,0.208154,0.093030,0.104107
0.126201,0.079483,0.057208,0.106981,0.061997,0.152192,0.062180,0.136310,0.126672,0.090776
0.072087,0.068487,0.379832,0.053326,0.055380,0.107965,0.056406,0.085177,0.051983,0.069358
0.097817,0.176546,0.058447,0.108702,0.059970,0.119102,0.105114,0.063030,0.080262,0.131011
0.031083,0.025268,0.144110,0.026193,0.018725,0.093128,0.557315,0.031056,0.041601,0.031523
0.081536,0.058996,0.204355,0.076086,0.106445,0.063679,0.053772,0.209953,0.085158,0.060020
0.093012,0.168561,0.059714,0.118586,0.073653,0.137416,0.093246,0.069176,0.088892,0.097744
0.125579,0.098749,0.240871,0.043031,0.128956,0.077703,0.058499,0.080205,0.080806,0.065601
0.091317,0.071656,0.238022,0.070440,0.052707,0.095782,0.069881,0.083482,0.119695,0.107017
0.033271,0.020728,0.021303,0.027723,0.013754,0.027777,0.785937,0.017532,0.026568,0.025408
0.100910,0.074387,0.052648,0.080588,0.130721,0.098400,0.072512,0.218477,0.096379,0.074978
0.082883,0.174237,0.051263,0.063650,0.169416,0.121306,0.088798,0.072306,0.104132,0.072009
0.096797,0.166181,0.041892,0.062007,0.149322,0.109987,0.076005,0.099270,0.105413,0.093127
0.205277,0.066325,0.040740,0.087625,0.140300,0.091253,0.069778,0.050982,0.108628,0.139093
0.123075,0.086002,0.060921,0.113911,0.070307,0.152673,0.090586,0.107176,0.089801,0.105548
0.113538,0.070113,0.042310,0.073358,0.153632,0.141155,0.084114,0.082554,0.123550,0.115676
0.080440,0.126099,0.054044,0.069434,0.178954,0.134223,0.092892,0.083171,0.076663,0.104079
0.127765,0.105079,0.040474,0.064840,0.039758,0.124253,0.095467,0.224558,0.095729,0.082079
0.104994,0.149624,0.045640,0.038428,0.054882,0.201784,0.056004,0.233273,0.050002,0.065369
0.136344,0.160493,0.206211,0.047462,0.042178,0.090893,0.084765,0.082288,0.080366,0.069000
0.120517,0.177854,0.055010,0.066878,0.134424,0.103494,0.072129,0.090903,0.094287,0.084505
0.104863,0.091881,0.042790,0.068287,0.070442,0.305063,0.071651,0.049974,0.122130,0.072919
0.055970,0.131226,0.080290,0.054227,0.052482,0.094374,0.063580,0.241076,0.107697,0.119078
0.053360,0.080423,0.325440,0.037043,0.142211,0.087236,0.053980,0.071138,0.087516,0.061654
0.101246,0.101861,0.187741,0.063810,0.135802,0.096750,0.067186,0.077219,0.092022,0.076362
0.053938,0.164561,0.250264,0.042368,0.146474,0.089426,0.057521,0.058374,0.087940,0.049134
0.089819,0.082862,0.083550,0.071552,0.039570,0.287278,0.047658,0.091999,0.115878,0.089834
0.028710,0.024747,0.011380,0.020395,0.054573,0.037775,0.767653,0.014594,0.016540,0.023633
0.109502,0.160329,0.223856,0.055540,0.056058,0.108347,0.069471,0.069651,0.066056,0.081191
0.118521,0.128670,0.060648,0.073645,0.071703,0.192453,0.092477,0.071219,0.076432,0.114232
0.052693,0.063699,0.287179,0.035389,0.146884,0.066168,0.052009,0.190010,0.035746,0.070223
0.068755,0.181601,0.041939,0.068866,0.160103,0.095457,0.102712,0.095517,0.100689,0.084360
0.055999,0.064097,0.314239,0.052109,0.142494,0.067053,0.062760,0.077465,0.086640,0.077144
0.026173,0.021528,0.173913,0.018844,0.052542,0.023552,0.620382,0.019989,0.017807,0.025270
0.126487,0.109889,0.073310,0.088827,0.139154,0.120598,0.077843,0.099770,0.089258,0.074866
0.077593,0.031367,0.016666,0.032236,0.021679,0.049298,0.588109,0.111699,0.040174,0.031180
0.143286,0.083320,0.067122,0.106319,0.075723,0.134533,0.067132,0.078899,0.134184,0.109483
0.076011,0.166662,0.035996,0.053657,0.146586,0.118428,0.062915,0.202113,0.052119,0.085514
0.084655,0.065779,0.278073,0.070615,0.043132,0.112023,0.054852,0.094534,0.104839,0.091498
0.054428,0.115323,0.041898,0.109370,0.043947,0.150983,0.080957,0.260658,0.060289,0.082146
0.055281,0.132287,0.034872,0.067984,0.051861,0.335138,0.066376,0.089860,0.068838,0.097504
0.096247,0.158632,0.202897,0.078912,0.052393,0.091491,0.084624,0.090578,0.057024,0.087201
0.023685,0.021807,0.013115,0.030625,0.018289,0.026341,0.771217,0.027027,0.035008,0.032886
0.024905,0.082888,0.358127,0.029285,0.109140,0.135467,0.072267,0.108712,0.029258,0.049951
0.045841,0.105034,0.406125,0.026843,0.030652,0.131346,0.033700,0.126095,0.045312,0.049051
0.101674,0.108878,0.053317,0.061292,0.130224,0.109756,0.061700,0.205456,0.090441,0.077260
0.110316,0.102406,0.044254,0.096417,0.165720,0.120258,0.072207,0.098756,0.070834,0.118832
0.111932,0.217778,0.065442,0.100281,0.057026,0.107714,0.109772,0.065073,0.066053,0.098930
0.047069,0.072759,0.221175,0.046249,0.046106,0.175249,0.049200,0.188088,0.088798,0.065306
0.169038,0.066143,0.274621,0.041312,0.051396,0.180061,0.043191,0.068383,0.048456,0.057398
0.079790,0.073069,0.192036,0.046316,0.050851,0.200142,0.190122,0.048913,0.059475,0.059286
0.057095,0.070063,0.263896,0.046738,0.166827,0.073823,0.112795,0.097455,0.064124,0.047184
0.072633,0.057713,0.426204,0.041607,0.113876,0.055315,0.048358,0.077129,0.044912,0.062253
0.064591,0.114090,0.259083,0.059031,0.054115,0.102402,0.069436,0.078713,0.081365,0.117175
0.032855,0.044501,0.451943,0.027070,0.100870,0.111110,0.031261,0.108370,0.062035,0.029984
0.050289,0.073741,0.372920,0.053569,0.055474,0.079971,0.059423,0.076505,0.103119,0.074989
0.023888,0.023928,0.028125,0.023712,0.018102,0.032042,0.780032,0.030023,0.015143,0.025005
0.109407,0.096860,0.198753,0.053335,0.044127,0.238960,0.052670,0.074953,0.062532,0.068403
0.045981,0.157031,0.227965,0.043844,0.058796,0.237184,0.057929,0.060702,0.059829,0.050739
0.125340,0.201793,0.055287,0.085498,0.070080,0.127643,0.093730,0.080568,0.066867,0.093193
0.017003,0.019812,0.076904,0.023416,0.014802,0.021847,0.769229,0.021897,0.012677,0.022414
0.165096,0.085071,0.054683,0.078579,0.058159,0.081727,0.062256,0.222764,0.108450,0.083217
0.115125,0.123021,0.050878,0.053436,0.147307,0.138219,0.108452,0.083448,0.105330,0.074783
0.078741,0.163560,0.078657,0.098572,0.050690,0.141499,0.118636,0.084929,0.076714,0.108002
0.144218,0.149420,0.067802,0.085349,0.060121,0.140782,0.091143,0.072380,0.091566,0.097218
0.127459,0.171741,0.046684,0.069080,0.136888,0.130825,0.074504,0.113420,0.059134,0.070264
0.095105,0.099330,0.214196,0.068047,0.060581,0.086498,0.100894,0.101310,0.091686,0.082353
0.128989,0.083517,0.200271,0.075989,0.060360,0.098041,0.140552,0.084499,0.055574,0.072210
0.122054,0.126763,0.064199,0.111081,0.062238,0.118605,0.081491,0.097732,0.098131,0.117706
0.021012,0.035060,0.160244,0.030227,0.022361,0.036126,0.603319,0.038470,0.023186,0.029995
0.109294,0.092722,0.051266,0.112247,0.078669,0.114583,0.096515,0.126343,0.114416,0.103946
0.069062,0.102773,0.341111,0.054852,0.047489,0.099580,0.066218,0.086614,0.076371,0.055930
0.047497,0.076591,0.226054,0.049384,0.059145,0.254120,0.060924,0.089968,0.062145,0.074172
0.062713,0.105874,0.261160,0.033800,0.133536,0.179378,0.038079,0.061116,0.077722,0.046622
0.095102,0.067295,0.101375,0.037683,0.045775,0.223194,0.055344,0.222063,0.093836,0.058333
0.097735,0.125014,0.195791,0.032336,0.128544,0.187934,0.043993,0.069221,0.067127,0.052305
0.111493,0.169431,0.070615,0.073586,0.062760,0.106412,0.120127,0.078710,0.082751,0.124116
0.113083,0.189354,0.082292,0.049214,0.150338,0.085435,0.066301,0.078533,0.103859,0.081592
0.116614,0.087649,0.053419,0.068928,0.071179,0.133871,0.110452,0.109816,0.132101,0.115972
0.120996,0.168501,0.034523,0.095675,0.055176,0.276209,0.057058,0.059588,0.068356,0.063919
0.073475,0.060601,0.042326,0.054223,0.049397,0.214277,0.075623,0.294859,0.058393,0.076825
0.082823,0.079406,0.305571,0.051891,0.130706,0.079162,0.058988,0.076409,0.076068,0.058977
0.040998,0.065023,0.496848,0.028336,0.031490,0.160043,0.032685,0.053586,0.044817,0.046174
0.103427,0.157677,0.202735,0.073272,0.058929,0.081022,0.064900,0.097060,0.088047,0.072932
0.103994,0.143612,0.049887,0.100890,0.156611,0.102305,0.064057,0.083507,0.100206,0.094930
0.139837,0.098287,0.054854,0.103963,0.072904,0.113100,0.112794,0.101981,0.096649,0.105631
0.096239,0.115950,0.108553,0.052661,0.039323,0.265265,0.054713,0.096937,0.098485,0.071873
0.091854,0.113363,0.192310,0.078548,0.138431,0.097745,0.064198,0.056774,0.095076,0.071700
0.042411,0.072255,0.250555,0.073590,0.157978,0.088562,0.070465,0.084250,0.090587,0.069347
0.021929,0.031657,0.135980,0.043170,0.023225,0.085010,0.483752,0.098821,0.049240,0.027216
0.065332,0.059461,0.101081,0.047705,0.159285,0.303160,0.054683,0.086877,0.050059,0.072357
0.158488,0.064217,0.308953,0.065071,0.054061,0.091620,0.062372,0.077311,0.044754,0.073152
0.029678,0.023479,0.344015,0.017823,0.078548,0.101187,0.338113,0.021630,0.019803,0.025723
0.069882,0.106430,0.054297,0.058284,0.151153,0.124581,0.069108,0.213988,0.054598,0.097679
0.032371,0.029279,0.014671,0.026654,0.020618,0.029871,0.693736,0.102952,0.016218,0.033632
0.062447,0.074958,0.310470,0.052052,0.148284,0.079623,0.084350,0.087347,0.059374,0.041096
0.104316,0.170444,0.069195,0.053285,0.150382,0.110400,0.083117,0.064219,0.081630,0.113012
0.089722,0.100491,0.045612,0.074808,0.061919,0.294135,0.067902,0.089926,0.099779,0.075706
0.041498,0.021611,0.028987,0.029224,0.019703,0.040649,0.712845,0.034807,0.039588,0.031088
0.075641,0.068247,0.198903,0.048020,0.053158,0.090393,0.069322,0.231346,0.100191,0.064779
0.210056,0.082044,0.079435,0.064424,0.171006,0.096787,0.080478,0.055624,0.081602,0.078544
0.058819,0.125726,0.285584,0.044757,0.037272,0.075058,0.054248,0.195167,0.046997,0.076372
0.135627,0.204088,0.081317,0.079200,0.057513,0.114977,0.081400,0.089242,0.064079,0.092558
0.099145,0.092937,0.067094,0.099264,0.072472,0.136306,0.091703,0.101046,0.137772,0.102261
0.077712,0.136635,0.056706,0.067339,0.064801,0.129647,0.075619,0.250583,0.039632,0.101328
0.066186,0.088346,0.337886,0.061290,0.056219,0.103365,0.062241,0.068324,0.094888,0.061254
0.129745,0.079392,0.070730,0.060709,0.052489,0.126778,0.075417,0.228714,0.104031,0.071996
0.025482,0.027606,0.086501,0.028314,0.018845,0.038933,0.685996,0.023900,0.037366,0.027055
0.035145,0.058133,0.063630,0.045181,0.034447,0.229499,0.369174,0.049092,0.056249,0.059450
0.076944,0.071795,0.036564,0.040493,0.051878,0.214425,0.307581,0.088353,0.063961,0.048006
0.098553,0.085564,0.080036,0.088865,0.049354,0.280686,0.066779,0.057671,0.128232,0.064262
0.129448,0.155384,0.050137,0.096122,0.059062,0.141327,0.064725,0.082433,0.091676,0.129688
0.083488,0.063681,0.328304,0.056173,0.147783,0.079278,0.059797,0.088252,0.049831,0.043413
0.115704,0.059839,0.050134,0.049446,0.054817,0.203301,0.058796,0.243163,0.104793,0.060007
0.115407,0.118345,0.044640,0.069613,0.171415,0.124542,0.083524,0.070515,0.092902,0.109095
0.096751,0.087202,0.148591,0.067706,0.116687,0.084042,0.058123,0.166935,0.088121,0.085841
0.071669,0.055631,0.264027,0.071801,0.050580,0.184614,0.091100,0.082334,0.087536,0.040708
0.030764,0.028271,0.138036,0.028590,0.024564,0.038829,0.536696,0.095137,0.053045,0.026068
0.089681,0.169648,0.161816,0.107448,0.074756,0.105945,0.087313,0.068265,0.057997,0.077132
0.074428,0.074854,0.081842,0.036933,0.155473,0.245531,0.164300,0.088560,0.042701,0.035377
0.023427,0.028727,0.315611,0.019723,0.068001,0.078308,0.376834,0.035360,0.032505,0.021505
0.068599,0.094172,0.273129,0.054097,0.049882,0.078261,0.068513,0.200237,0.041727,0.071382
0.125915,0.163978,0.045274,0.094001,0.054342,0.110164,0.066684,0.227945,0.037126,0.074572
0.069350,0.100693,0.137766,0.053997,0.060820,0.101690,0.067384,0.229490,0.105373,0.073436
0.069700,0.132616,0.231611,0.069357,0.046071,0.115533,0.073783,0.090928,0.093349,0.077052
0.143257,0.097682,0.036581,0.048494,0.052995,0.318734,0.063936,0.086013,0.062119,0.090188
0.126184,0.175719,0.058714,0.080052,0.068185,0.120269,0.078072,0.076964,0.080032,0.135808
0.112071,0.073084,0.240628,0.030251,0.037716,0.172297,0.131544,0.076416,0.067837,0.058155
0.157189,0.103797,0.073244,0.088292,0.139092,0.089833,0.074492,0.069299,0.106240,0.098523
0.132525,0.157682,0.064057,0.104169,0.064347,0.124296,0.083998,0.070942,0.100638,0.097346
0.077322,0.080839,0.088525,0.088205,0.056471,0.113006,0.054212,0.302882,0.045435,0.093104
0.037382,0.024205,0.118276,0.018938,0.058690,0.036657,0.571331,0.095403,0.016550,0.022567
0.056243,0.147683,0.230985,0.048452,0.135596,0.091920,0.073848,0.052298,0.082611,0.080365
0.079933,0.066680,0.224575,0.056865,0.040970,0.258143,0.048795,0.068813,0.083580,0.071644
0.187172,0.118899,0.068078,0.068050,0.076840,0.140648,0.083793,0.070979,0.091111,0.094430
0.039425,0.032233,0.022472,0.030489,0.017832,0.042523,0.614222,0.111605,0.059086,0.030113
0.032254,0.056827,0.223607,0.068491,0.148721,0.246576,0.047425,0.060779,0.060474,0.054848
0.099699,0.188309,0.049182,0.080616,0.055907,0.125473,0.060375,0.103997,0.088731,0.147711
0.085113,0.026983,0.119066,0.022303,0.074479,0.084386,0.445873,0.085363,0.019719,0.036713
0.023372,0.029840,0.138148,0.020310,0.081632,0.090615,0.546995,0.016081,0.023603,0.029404
0.109650,0.119194,0.044311,0.056688,0.169309,0.130971,0.096757,0.100966,0.069573,0.102580
0.062704,0.051593,0.488215,0.038320,0.033141,0.127434,0.036853,0.050614,0.071113,0.040012
0.148068,0.080214,0.071663,0.111326,0.058649,0.134698,0.061668,0.129173,0.082505,0.122038
0.090035,0.101403,0.031964,0.049711,0.158635,0.333929,0.057261,0.051064,0.056783,0.069215
0.076169,0.095482,0.222469,0.093690,0.060524,0.119031,0.078357,0.069970,0.100729,0.083579
0.172119,0.080072,0.050938,0.058531,0.060363,0.115579,0.079168,0.266549,0.041920,0.074762
0.036232,0.035348,0.408902,0.019776,0.157534,0.201673,0.027772,0.041816,0.029294,0.041651
0.102836,0.133851,0.065285,0.081268,0.064577,0.156444,0.081106,0.072954,0.104911,0.136769
0.128376,0.120181,0.056255,0.073812,0.077579,0.149924,0.107583,0.056835,0.099840,0.129615
0.141446,0.093510,0.058880,0.103724,0.073374,0.139058,0.069409,0.130970,0.070977,0.118650
0.052975,0.180662,0.246480,0.045358,0.049221,0.186540,0.039378,0.083299,0.058496,0.057590
0.079509,0.054542,0.376697,0.050437,0.124647,0.073871,0.049081,0.038604,0.066045,0.086566
0.100821,0.066249,0.046595,0.055518,0.067778,0.290132,0.071141,0.094497,0.108919,0.098350
0.084906,0.094501,0.032492,0.043667,0.171180,0.310369,0.051780,0.062327,0.067000,0.081778
0.101048,0.136623,0.053482,0.085065,0.074764,0.160378,0.087947,0.099963,0.104579,0.096151
0.078646,0.139422,0.168438,0.069532,0.070990,0.108745,0.099362,0.079309,0.098582,0.086974
0.056694,0.068675,0.262876,0.068271,0.148148,0.066959,0.063589,0.085445,0.091121,0.088220
0.057608,0.068654,0.407969,0.034950,0.048753,0.165973,0.081082,0.042667,0.059303,0.033042
0.025567,0.022639,0.016081,0.026631,0.019576,0.028297,0.763454,0.025047,0.033972,0.038736
0.086235,0.057449,0.367025,0.079461,0.038145,0.105376,0.066280,0.038540,0.087993,0.073496
0.067926,0.076637,0.080742,0.069192,0.163085,0.102019,0.071943,0.107521,0.137748,0.123186
0.046941,0.079150,0.039975,0.066603,0.055567,0.211606,0.075612,0.272647,0.090144,0.061755
0.035303,0.072443,0.274102,0.040734,0.166989,0.194463,0.045320,0.076679,0.038940,0.055026
0.045524,0.079688,0.186806,0.046152,0.045270,0.187730,0.049616,0.191997,0.085007,0.082209
0.157928,0.086530,0.048344,0.105182,0.067989,0.127239,0.137260,0.108970,0.060717,0.099842
0.122169,0.133050,0.056769,0.066712,0.150661,0.105336,0.067769,0.110236,0.099655,0.087644
0.021261,0.027619,0.345387,0.016511,0.065723,0.085664,0.374537,0.019069,0.020620,0.023608
0.151882,0.193919,0.058992,0.092062,0.058903,0.148364,0.059196,0.068475,0.083034,0.085173
0.097694,0.119369,0.223118,0.086555,0.059576,0.103278,0.069185,0.086347,0.082945,0.071934
0.075332,0.150455,0.028925,0.051437,0.142530,0.246842,0.059636,0.088411,0.077679,0.078752
0.061716,0.104351,0.300470,0.060860,0.136892,0.081997,0.049409,0.068028,0.074245,0.062031
0.043900,0.069036,0.297074,0.047692,0.140840,0.068714,0.074321,0.078561,0.090584,0.089279
0.093067,0.116690,0.176784,0.073963,0.050288,0.136754,0.081738,0.082934,0.103706,0.084077
0.094279,0.167361,0.036899,0.076326,0.156143,0.076480,0.071050,0.211589,0.043100,0.066774
0.078337,0.099066,0.240098,0.054994,0.050339,0.081847,0.059509,0.174635,0.077099,0.084076
0.124052,0.114583,0.053091,0.065990,0.154448,0.111704,0.080589,0.095755,0.105464,0.094325
0.025343,0.045989,0.183170,0.031206,0.134705,0.158462,0.283853,0.042040,0.050933,0.044298
0.085928,0.065389,0.151393,0.058495,0.044636,0.283946,0.059027,0.107016,0.065030,0.079138
0.079842,0.079701,0.051034,0.092021,0.178577,0.118879,0.080646,0.102878,0.116921,0.099500
0.129066,0.117802,0.062079,0.085197,0.075227,0.125912,0.111670,0.072530,0.101701,0.118815
0.169586,0.108863,0.061796,0.081112,0.056517,0.119232,0.083320,0.116427,0.100070,0.103077
0.095434,0.076952,0.040232,0.056615,0.145570,0.108546,0.084094,0.225508,0.101003,0.066048
0.058041,0.091702,0.242298,0.043856,0.146096,0.070746,0.074676,0.092635,0.096026,0.083924
0.088386,0.232928,0.064730,0.064340,0.066050,0.132401,0.089613,0.111015,0.067948,0.082590
0.034450,0.053638,0.187901,0.052993,0.149543,0.065189,0.087439,0.205298,0.096406,0.067142
0.020328,0.018197,0.018523,0.016358,0.034577,0.025085,0.787072,0.029693,0.028492,0.021675
0.049903,0.024278,0.020431,0.031094,0.025165,0.030282,0.704117,0.033262,0.051812,0.029655
0.085265,0.064294,0.101789,0.040252,0.164131,0.293729,0.039651,0.092312,0.055163,0.063415
0.054280,0.082813,0.233228,0.059732,0.053936,0.248384,0.052524,0.062765,0.081148,0.071190
0.068960,0.094033,0.316463,0.056784,0.057755,0.101216,0.065731,0.068821,0.094281,0.075957
0.166817,0.083493,0.054115,0.114993,0.076669,0.132881,0.062680,0.086343,0.109797,0.112212
0.186245,0.128093,0.052215,0.098414,0.075352,0.103120,0.090954,0.074631,0.075153,0.115823
