0.098885,0.081004,0.105251,0.092262,0.085836,0.117600,0.094539,0.076380,0.110792,0.137450
0.069645,0.078475,0.067704,0.328458,0.056475,0.087571,0.069596,0.063170,0.086692,0.092215
0.056416,0.271385,0.075916,0.061707,0.045449,0.047280,0.275681,0.051033,0.053435,0.061698
0.073537,0.104843,0.061654,0.127746,0.083424,0.133905,0.099890,0.137495,0.075835,0.101670
0.102939,0.173484,0.054920,0.094462,0.067148,0.103267,0.079519,0.187010,0.104198,0.033052
0.062076,0.062328,0.079213,0.254484,0.042538,0.055377,0.045910,0.049224,0.046491,0.302358
0.124569,0.072495,0.120828,0.067919,0.063561,0.125174,0.139698,0.156044,0.061527,0.068184
0.088667,0.072860,0.173054,0.085451,0.075192,0.089447,0.125090,0.144020,0.064714,0.081504
0.158527,0.100016,0.117972,0.081711,0.117788,0.075044,0.104774,0.081910,0.078910,0.083348
0.080013,0.068775,0.131829,0.169549,0.108682,0.091348,0.148088,0.079031,0.080454,0.042230
0.073173,0.115893,0.055230,0.116467,0.117539,0.140638,0.116329,0.093633,0.063957,0.107141
0.043753,0.043589,0.066761,0.266128,0.044297,0.076501,0.049550,0.050473,0.057205,0.301742
0.111289,0.107025,0.211185,0.100394,0.069995,0.106723,0.079163,0.083859,0.089062,0.041306
0.082292,0.097648,0.048542,0.126381,0.084794,0.332549,0.074473,0.074503,0.046501,0.032317
0.107124,0.090469,0.077565,0.174747,0.069310,0.073800,0.163095,0.084568,0.066134,0.093189
0.104762,0.095467,0.103486,0.180257,0.070587,0.134740,0.094627,0.090708,0.078151,0.047214
0.057414,0.051918,0.059326,0.246860,0.044414,0.056156,0.049177,0.103151,0.046108,0.285475
0.066800,0.142399,0.165834,0.101713,0.072871,0.077488,0.089087,0.135130,0.070428,0.078251
0.058488,0.096283,0.043211,0.251891,0.059997,0.060313,0.049081,0.049199,0.036866,0.294672
0.107491,0.116378,0.113890,0.118668,0.080676,0.082609,0.096789,0.091056,0.080238,0.112204
0.040842,0.063327,0.251645,0.062620,0.061705,0.278753,0.098101,0.052569,0.038804,0.051634
0.060539,0.098309,0.025522,0.241855,0.062049,0.046448,0.089977,0.047634,0.033230,0.294439
0.058109,0.095856,0.056560,0.243309,0.057692,0.052004,0.054085,0.059238,0.044794,0.278354
0.050124,0.091436,0.090648,0.246949,0.042330,0.061213,0.052423,0.045079,0.054731,0.265067
0.076408,0.277093,0.052994,0.043890,0.070230,0.046835,0.271630,0.092714,0.046547,0.021658
0.096104,0.061306,0.112931,0.071453,0.041888,0.310408,0.093815,0.106135,0.035574,0.070386
0.038439,0.262516,0.051450,0.055783,0.062686,0.066495,0.262020,0.094562,0.051397,0.054652
0.036578,0.061495,0.270611,0.053782,0.053086,0.301802,0.059346,0.050054,0.048046,0.065201
0.088393,0.116617,0.076239,0.146459,0.105494,0.064730,0.066642,0.169958,0.067159,0.098309
0.086531,0.106741,0.111489,0.110624,0.124071,0.108494,0.090501,0.082984,0.076850,0.101716
0.049853,0.116362,0.057449,0.070093,0.082332,0.090713,0.333397,0.053884,0.076190,0.069727
0.059628,0.083586,0.088972,0.150886,0.084019,0.116797,0.132860,0.147072,0.059297,0.076883
0.111547,0.085719,0.075508,0.116237,0.103903,0.136243,0.091898,0.124917,0.062587,0.091440
0.058504,0.157512,0.077488,0.135650,0.061719,0.122498,0.147024,0.072040,0.098262,0.069304
0.066620,0.091761,0.164024,0.111872,0.124977,0.107495,0.097924,0.085049,0.069463,0.080815
0.075087,0.071233,0.225898,0.091298,0.043204,0.251738,0.089246,0.045821,0.060147,0.046327
0.081700,0.061055,0.242982,0.045033,0.067086,0.267029,0.087333,0.070660,0.052202,0.024920
0.089170,0.115871,0.054064,0.076249,0.083376,0.138017,0.155144,0.168496,0.068760,0.050852
0.099979,0.074353,0.321490,0.056062,0.052754,0.081416,0.107015,0.082778,0.056142,0.068011
0.115335,0.099270,0.042734,0.110153,0.075274,0.110384,0.091532,0.168904,0.083690,0.102723
0.068001,0.087364,0.115501,0.103034,0.121508,0.121180,0.104145,0.084860,0.112230,0.082178
0.119318,0.113225,0.124868,0.080936,0.091139,0.092862,0.117414,0.101180,0.065291,0.093768
0.112013,0.089505,0.070321,0.103799,0.090908,0.129530,0.141637,0.081985,0.078038,0.102265
0.059768,0.060381,0.051167,0.256057,0.044299,0.075062,0.050768,0.058196,0.046636,0.297666
0.109277,0.107810,0.077535,0.112122,0.118213,0.124370,0.105690,0.082426,0.062523,0.100033
0.126404,0.115459,0.171029,0.100813,0.103088,0.103256,0.073589,0.072646,0.052481,0.081236
0.104610,0.101959,0.075231,0.092577,0.070882,0.070975,0.140108,0.182510,0.053112,0.108035
0.063452,0.088384,0.050873,0.247785,0.054263,0.044403,0.045389,0.095389,0.040374,0.269687
0.049072,0.056332,0.063561,0.242180,0.041812,0.070765,0.075587,0.086499,0.035946,0.278244
0.074476,0.271210,0.021075,0.069103,0.071036,0.067243,0.272398,0.051930,0.042419,0.059110
0.087025,0.119170,0.080250,0.094050,0.060806,0.089857,0.078173,0.162961,0.103250,0.124459
0.090134,0.115288,0.106796,0.100039,0.078331,0.079611,0.088589,0.134069,0.084194,0.122950
0.124705,0.142839,0.090313,0.082157,0.096592,0.080870,0.084051,0.149617,0.066087,0.082768
0.063466,0.064443,0.240020,0.061766,0.047491,0.270496,0.063599,0.058651,0.049255,0.080812
0.080117,0.159016,0.088930,0.093769,0.066897,0.116934,0.142997,0.077529,0.073205,0.100606
0.047766,0.076684,0.076630,0.048003,0.077231,0.329470,0.126416,0.089956,0.055180,0.072663
0.073713,0.091033,0.162209,0.118988,0.070848,0.080079,0.095311,0.176893,0.085476,0.045451
0.099075,0.081890,0.064627,0.109406,0.068712,0.113089,0.079323,0.172593,0.103338,0.107947
0.085740,0.264323,0.019659,0.041414,0.041258,0.073101,0.263743,0.126530,0.029642,0.054590
0.075401,0.054394,0.084979,0.232699,0.064982,0.061206,0.072980,0.049128,0.041434,0.262797
0.038248,0.047198,0.259859,0.062393,0.039109,0.290226,0.055592,0.054691,0.075900,0.076784
0.084244,0.065299,0.179336,0.089745,0.101334,0.107925,0.150676,0.072570,0.066325,0.082546
0.040792,0.260308,0.079049,0.058621,0.042268,0.069200,0.265029,0.053169,0.068131,0.063433
0.040013,0.058393,0.062099,0.243127,0.043975,0.044762,0.057181,0.102531,0.063235,0.284684
0.040018,0.248809,0.081544,0.047202,0.073566,0.087032,0.251395,0.049524,0.045567,0.075343
0.065252,0.086264,0.250537,0.043597,0.077053,0.278743,0.056134,0.051439,0.046375,0.044604
0.079822,0.258731,0.063178,0.043688,0.071993,0.066826,0.257782,0.047165,0.038989,0.071828
0.040629,0.092827,0.047796,0.283578,0.049462,0.067578,0.042963,0.045033,0.040739,0.289395
0.119184,0.092134,0.116789,0.087395,0.114299,0.109557,0.084352,0.112846,0.072984,0.090460
0.081924,0.053466,0.103742,0.287044,0.052414,0.078599,0.121645,0.114294,0.080257,0.026615
0.066858,0.166680,0.069163,0.094214,0.110270,0.072100,0.096582,0.162562,0.053752,0.107819
0.040200,0.063665,0.238695,0.097031,0.046028,0.261287,0.095669,0.049178,0.037277,0.070969
0.160836,0.118879,0.048952,0.115739,0.081605,0.083738,0.100164,0.090568,0.087965,0.111553
0.040415,0.053706,0.240392,0.068418,0.067936,0.269249,0.093250,0.065115,0.046078,0.055441
0.069242,0.132238,0.068764,0.052506,0.047312,0.339991,0.064328,0.093002,0.040383,0.092235
0.088719,0.158203,0.094002,0.078488,0.096287,0.102583,0.132004,0.073433,0.063992,0.112288
0.085580,0.271082,0.065023,0.062022,0.063760,0.046601,0.275796,0.048463,0.037269,0.044404
0.087928,0.091634,0.081650,0.105595,0.079567,0.121273,0.144133,0.126536,0.077123,0.084560
0.070379,0.066906,0.258674,0.061334,0.047942,0.283476,0.064588,0.051209,0.044411,0.051081
0.080135,0.142201,0.058018,0.145714,0.060805,0.103563,0.115542,0.148475,0.060892,0.084655
0.130614,0.092447,0.180103,0.062237,0.093120,0.110250,0.088403,0.077946,0.090750,0.074130
0.093646,0.097651,0.111457,0.101159,0.073224,0.094474,0.153125,0.114296,0.068067,0.092901
0.143075,0.093023,0.102047,0.063623,0.109419,0.129009,0.081523,0.116935,0.072288,0.089058
0.102941,0.194209,0.063416,0.117237,0.070938,0.122193,0.109119,0.092741,0.083755,0.043451
0.039989,0.046391,0.251009,0.050883,0.077505,0.278035,0.090036,0.053923,0.038512,0.073717
0.060720,0.058370,0.248136,0.096564,0.049828,0.274995,0.052833,0.048071,0.033553,0.076930
0.062785,0.056238,0.053851,0.263269,0.074907,0.047713,0.049923,0.051361,0.042502,0.297451
0.100907,0.082155,0.189959,0.108202,0.096460,0.122546,0.073425,0.118275,0.067785,0.040287
0.094591,0.168482,0.063526,0.098719,0.109195,0.131976,0.083058,0.080354,0.073270,0.096828
0.054534,0.057733,0.044090,0.245345,0.063419,0.067607,0.084092,0.045290,0.040259,0.297632
0.061397,0.258092,0.043498,0.058038,0.061024,0.060208,0.267898,0.106561,0.038535,0.044748
0.142704,0.108254,0.106115,0.113349,0.071973,0.110997,0.093874,0.106899,0.058614,0.087222
0.105701,0.125824,0.091402,0.091181,0.068240,0.095702,0.152142,0.093740,0.067390,0.108678
0.053128,0.277692,0.082415,0.066398,0.044318,0.057287,0.281764,0.047090,0.042304,0.047603
0.118427,0.142769,0.082826,0.089704,0.073927,0.080210,0.154817,0.088748,0.078691,0.089881
0.058093,0.280982,0.041972,0.064170,0.071911,0.046930,0.282874,0.053279,0.052894,0.046895
0.162450,0.080988,0.085751,0.089120,0.111030,0.116149,0.157160,0.094423,0.058276,0.044653
0.095906,0.085513,0.072147,0.155431,0.094824,0.095237,0.164914,0.082138,0.057622,0.096267
0.061604,0.140193,0.168847,0.090338,0.103473,0.104864,0.075431,0.075795,0.078213,0.101242
0.051990,0.112054,0.248241,0.066831,0.036119,0.278153,0.047489,0.046063,0.044321,0.068739
0.058692,0.082267,0.085144,0.238465,0.049639,0.062947,0.075047,0.049142,0.036034,0.262624
0.048020,0.065905,0.049214,0.257110,0.063565,0.069055,0.045808,0.064180,0.041325,0.295819
0.089097,0.082743,0.195339,0.093704,0.070589,0.111514,0.088335,0.155200,0.077851,0.035628
0.090014,0.095628,0.184718,0.100094,0.069870,0.111763,0.083813,0.079577,0.066341,0.118181
0.065989,0.355532,0.115927,0.074910,0.069466,0.083648,0.063945,0.063556,0.045716,0.061311
0.038033,0.268132,0.021677,0.046667,0.044637,0.097893,0.264745,0.084095,0.045891,0.088232
0.065685,0.046875,0.263696,0.059205,0.049692,0.291983,0.065571,0.051267,0.055085,0.050941
0.103907,0.147004,0.044959,0.116017,0.110125,0.113484,0.083934,0.113666,0.084769,0.082134
0.083942,0.067942,0.069969,0.072431,0.098337,0.346779,0.056747,0.090414,0.058759,0.054681
0.042553,0.058253,0.048577,0.255139,0.053716,0.067981,0.082329,0.056294,0.036505,0.298654
0.077743,0.126867,0.109390,0.171074,0.085539,0.072607,0.133787,0.079521,0.064262,0.079209
0.087129,0.059367,0.238397,0.058845,0.043559,0.267078,0.052030,0.070950,0.044010,0.078635
0.085523,0.102775,0.078569,0.112480,0.074522,0.122414,0.141428,0.124591,0.081863,0.075834
0.150728,0.129025,0.084753,0.100062,0.069485,0.115974,0.072652,0.080893,0.072041,0.124386
0.092192,0.157854,0.063574,0.090231,0.066521,0.108963,0.148493,0.112532,0.060057,0.099583
0.084474,0.078930,0.078097,0.139664,0.098283,0.082180,0.072702,0.159961,0.095612,0.110099
0.054562,0.275330,0.065093,0.066709,0.031609,0.063952,0.266607,0.093998,0.063799,0.018340
0.039293,0.042206,0.258852,0.059549,0.067821,0.286689,0.061856,0.067865,0.068243,0.047624
0.044311,0.066922,0.255390,0.044541,0.046044,0.281779,0.063640,0.078814,0.036303,0.082258
0.068901,0.068367,0.055241,0.079892,0.054806,0.099200,0.334455,0.085762,0.067441,0.085935
0.079888,0.088107,0.098042,0.101289,0.064536,0.150281,0.093382,0.105293,0.116132,0.103049
0.059894,0.063710,0.042962,0.246772,0.052030,0.044241,0.081698,0.052222,0.051958,0.304512
0.079289,0.250314,0.046342,0.061956,0.042461,0.063420,0.255209,0.105129,0.037346,0.058533
0.077206,0.041432,0.238299,0.095731,0.064678,0.259067,0.086081,0.044901,0.035217,0.057390
0.055474,0.061506,0.256972,0.072140,0.074004,0.282164,0.044534,0.049430,0.044284,0.059493
0.104253,0.099462,0.074399,0.117758,0.118312,0.111766,0.105481,0.091048,0.076554,0.100968
0.090955,0.080794,0.137990,0.092730,0.096118,0.112356,0.149375,0.076299,0.073283,0.090099
0.038530,0.080864,0.236532,0.071801,0.043774,0.263603,0.047025,0.070062,0.068339,0.079470
0.094133,0.077820,0.061254,0.158442,0.090888,0.069822,0.152423,0.092573,0.078332,0.124314
0.086411,0.129594,0.034917,0.078491,0.055373,0.056814,0.341734,0.089691,0.050514,0.076461
0.098653,0.087133,0.153003,0.080538,0.088649,0.073654,0.085582,0.121308,0.114452,0.097028
0.077429,0.162645,0.034677,0.072431,0.088610,0.092399,0.130382,0.152238,0.064772,0.124417
0.059969,0.042725,0.232010,0.053920,0.061021,0.256621,0.088311,0.093610,0.064886,0.046928
0.076634,0.114959,0.083544,0.095329,0.107250,0.130583,0.075158,0.145921,0.067170,0.103452
0.082720,0.061610,0.051953,0.247805,0.044991,0.045960,0.082719,0.049551,0.035260,0.297430
0.078616,0.255871,0.045805,0.061110,0.056084,0.070642,0.269179,0.046469,0.051925,0.064298
0.111690,0.128917,0.151370,0.081763,0.052646,0.061369,0.125609,0.135688,0.077129,0.073818
0.071841,0.269181,0.052484,0.065324,0.039066,0.085426,0.273215,0.053409,0.033069,0.056986
0.064879,0.052815,0.069149,0.245591,0.046035,0.066488,0.046945,0.070841,0.047520,0.289737
0.053881,0.093498,0.232912,0.092234,0.042268,0.253455,0.077029,0.045800,0.043008,0.065916
0.131097,0.086504,0.071047,0.104664,0.115419,0.096890,0.100863,0.163295,0.080610,0.049612
0.083959,0.121386,0.105536,0.164050,0.072341,0.119308,0.083728,0.095924,0.065907,0.087861
0.082274,0.101356,0.147155,0.106646,0.073441,0.104228,0.097325,0.164176,0.074704,0.048695
0.061802,0.051099,0.075767,0.284175,0.049790,0.039423,0.049171,0.046348,0.041802,0.300622
0.078781,0.094571,0.043287,0.096323,0.062456,0.111479,0.149026,0.168434,0.104241,0.091403
0.096883,0.121499,0.075636,0.076547,0.097721,0.093046,0.159752,0.116237,0.084886,0.077792
0.079181,0.090230,0.126090,0.094644,0.103766,0.092845,0.129698,0.109003,0.068416,0.106127
0.058511,0.041444,0.046570,0.260233,0.041393,0.074363,0.090321,0.048376,0.044991,0.293799
0.059812,0.102203,0.241978,0.042907,0.034626,0.270390,0.049999,0.095607,0.030893,0.071585
0.108983,0.213395,0.066068,0.070254,0.074638,0.111357,0.096434,0.090869,0.078731,0.089272
0.063973,0.058238,0.064171,0.259634,0.044010,0.056081,0.045199,0.068942,0.047173,0.292581
0.057414,0.070736,0.048048,0.253808,0.041087,0.053206,0.078175,0.061485,0.043359,0.292681
0.040963,0.265095,0.042931,0.064150,0.073909,0.067738,0.268933,0.069127,0.033977,0.073178
0.040151,0.111445,0.240961,0.048549,0.073524,0.269126,0.051194,0.051029,0.035014,0.079007
0.086709,0.287341,0.038893,0.039853,0.040277,0.064342,0.277502,0.050825,0.039496,0.074762
0.110596,0.095116,0.077816,0.116800,0.099382,0.107509,0.104177,0.096195,0.091268,0.101141
0.042059,0.060336,0.048838,0.247135,0.060775,0.070363,0.045539,0.101785,0.040194,0.282976
0.050251,0.057537,0.045056,0.259546,0.047688,0.062390,0.051367,0.055068,0.050323,0.320774
0.073598,0.087205,0.076799,0.090302,0.098447,0.112570,0.137599,0.155514,0.096379,0.071588
0.074478,0.342313,0.053306,0.119164,0.094549,0.054366,0.063792,0.114429,0.057122,0.026482
0.057371,0.286882,0.046090,0.062805,0.043758,0.060018,0.281765,0.050362,0.045484,0.065466
0.052715,0.249280,0.048472,0.059224,0.036437,0.081257,0.248308,0.101838,0.051830,0.070637
0.056064,0.270429,0.038705,0.047439,0.067641,0.065329,0.269165,0.090227,0.030325,0.064674
0.073350,0.139633,0.323860,0.083194,0.075195,0.056693,0.064992,0.065047,0.060982,0.057055
0.049122,0.063258,0.249519,0.064677,0.062010,0.280545,0.054882,0.074218,0.038891,0.062879
0.086890,0.273745,0.041783,0.056191,0.051179,0.083522,0.281395,0.055366,0.049015,0.020914
0.038496,0.051298,0.044187,0.250164,0.059319,0.054623,0.091315,0.086844,0.042473,0.281280
0.051102,0.062305,0.256185,0.067643,0.049884,0.283621,0.087884,0.046741,0.039044,0.055590
0.052882,0.063636,0.262324,0.060078,0.067155,0.289064,0.061336,0.051996,0.041017,0.050511
0.061722,0.297939,0.041872,0.042802,0.036228,0.071348,0.285134,0.049790,0.046143,0.067023
0.060581,0.091696,0.078641,0.178378,0.112384,0.118709,0.147642,0.084055,0.084520,0.043394
0.047069,0.088824,0.051519,0.258483,0.048544,0.072343,0.046326,0.061694,0.060307,0.264893
0.043084,0.285903,0.025112,0.067445,0.048972,0.051003,0.287973,0.061400,0.073414,0.055696
0.050998,0.260616,0.056655,0.043263,0.070339,0.040330,0.259709,0.108658,0.052784,0.056648
0.070727,0.109354,0.117940,0.115250,0.075262,0.126936,0.101878,0.083016,0.083293,0.116344
0.064549,0.058592,0.027491,0.266331,0.047246,0.047317,0.065108,0.051306,0.046753,0.325307
0.095876,0.109082,0.121443,0.072512,0.082232,0.116200,0.161075,0.114706,0.081793,0.045081
0.054781,0.255294,0.072518,0.060966,0.070739,0.056059,0.262715,0.050291,0.046711,0.069927
0.041701,0.067446,0.270852,0.053419,0.042736,0.301334,0.068762,0.055424,0.050302,0.048024
0.099848,0.084092,0.077600,0.104596,0.098427,0.104506,0.151195,0.118458,0.069499,0.091780
0.057291,0.052825,0.068914,0.260798,0.046416,0.045020,0.051945,0.056385,0.044176,0.316230
0.070590,0.051366,0.052621,0.236586,0.051850,0.062787,0.078644,0.083005,0.048460,0.264091
0.143682,0.091408,0.143024,0.132884,0.089854,0.092517,0.096270,0.100619,0.062361,0.047383
0.050402,0.273112,0.066006,0.061014,0.059131,0.042863,0.262368,0.044813,0.066247,0.074045
0.058019,0.275459,0.062490,0.048179,0.077774,0.042602,0.265890,0.045787,0.041358,0.082442
0.093614,0.157918,0.083362,0.100598,0.096075,0.109728,0.144465,0.076869,0.060210,0.077161
0.044200,0.289873,0.041963,0.050653,0.045624,0.077296,0.285597,0.053379,0.036048,0.075366
0.068169,0.087222,0.111644,0.109016,0.073449,0.123834,0.110785,0.131949,0.081851,0.102081
0.038994,0.059988,0.237259,0.053915,0.046717,0.261011,0.087702,0.101796,0.064761,0.047857
0.054926,0.078369,0.082945,0.313260,0.092933,0.081087,0.081170,0.128901,0.051625,0.034783
0.056058,0.058104,0.053224,0.246753,0.062398,0.065370,0.077638,0.056680,0.042933,0.280842
0.077796,0.076463,0.332793,0.089102,0.057627,0.098141,0.066839,0.067037,0.048182,0.086021
0.083262,0.125819,0.096491,0.169471,0.112139,0.126552,0.083276,0.082816,0.076431,0.043744
0.073571,0.089289,0.055270,0.239393,0.045295,0.060699,0.084921,0.041132,0.048389,0.262041
0.173792,0.090869,0.097861,0.071337,0.077676,0.111565,0.094347,0.086342,0.066367,0.129844
0.060341,0.043243,0.050960,0.248641,0.037405,0.063550,0.082477,0.092382,0.043982,0.277020
0.052674,0.258312,0.070532,0.061892,0.042703,0.053402,0.265612,0.096454,0.040046,0.058374
0.112259,0.131236,0.046904,0.105877,0.072451,0.120146,0.142758,0.082353,0.085361,0.100655
0.068328,0.360061,0.084092,0.086154,0.054047,0.058345,0.061090,0.078490,0.059197,0.090196
0.078035,0.138220,0.087332,0.103683,0.111737,0.109752,0.131177,0.098975,0.053276,0.087813
0.110201,0.117703,0.101524,0.070900,0.079993,0.139444,0.095164,0.096821,0.080159,0.108092
0.049727,0.041700,0.252365,0.067101,0.034165,0.279153,0.059861,0.115874,0.039909,0.060146
0.042820,0.057465,0.101890,0.244217,0.052371,0.073272,0.056170,0.045485,0.039261,0.287049
0.061719,0.156811,0.128747,0.082876,0.062118,0.097245,0.087320,0.144322,0.064683,0.114158
0.103703,0.198220,0.101742,0.059803,0.066871,0.071167,0.159404,0.079302,0.065560,0.094229
0.064732,0.237173,0.057747,0.055631,0.066418,0.077072,0.244294,0.097685,0.043362,0.055887
0.094573,0.066814,0.080759,0.061531,0.113912,0.089193,0.136033,0.182656,0.080898,0.093632
0.060979,0.238523,0.076067,0.088746,0.051379,0.065416,0.241326,0.084509,0.038163,0.054892
0.089326,0.042329,0.053065,0.251411,0.047316,0.076633,0.047862,0.066949,0.041098,0.284011
0.072933,0.114766,0.088413,0.127620,0.081631,0.084634,0.089643,0.148665,0.088650,0.103044
0.056212,0.085975,0.233941,0.092785,0.053104,0.256042,0.084360,0.044843,0.031779,0.060960
0.088336,0.159540,0.158639,0.089487,0.061138,0.095729,0.121097,0.068604,0.069902,0.087528
0.049984,0.085681,0.044916,0.239826,0.041588,0.072077,0.085360,0.045087,0.060594,0.274888
0.054157,0.105312,0.238888,0.059030,0.058190,0.267892,0.050061,0.051351,0.068088,0.047030
0.079222,0.070263,0.035744,0.321910,0.080273,0.109343,0.079917,0.097576,0.046703,0.079049
0.060016,0.290505,0.080223,0.115867,0.048385,0.079590,0.099352,0.110395,0.050617,0.065050
0.101452,0.093441,0.042469,0.108805,0.075395,0.160271,0.105117,0.108709,0.081292,0.123050
0.049190,0.239537,0.073280,0.057329,0.067347,0.070700,0.252988,0.097039,0.036279,0.056310
0.068849,0.131934,0.157975,0.092616,0.061604,0.104792,0.083620,0.139418,0.064771,0.094421
0.095167,0.094513,0.072348,0.111044,0.100986,0.108807,0.080771,0.153410,0.067151,0.115804
0.068975,0.177993,0.040976,0.110676,0.073333,0.104455,0.166219,0.098962,0.083534,0.074877
0.054398,0.094804,0.243535,0.069017,0.059936,0.271149,0.047238,0.060599,0.037221,0.062102
0.107213,0.095394,0.110064,0.106797,0.095242,0.143539,0.083166,0.117258,0.067938,0.073389
0.058434,0.277525,0.059739,0.042078,0.075195,0.067953,0.264088,0.048209,0.043396,0.063384
0.047077,0.079128,0.050063,0.242959,0.044444,0.059493,0.052779,0.096532,0.040846,0.286679
0.078991,0.084699,0.141720,0.104839,0.072190,0.099789,0.145251,0.112517,0.079223,0.080780
0.088974,0.093620,0.115503,0.107642,0.076197,0.112912,0.096839,0.089462,0.109557,0.109295
0.084756,0.055840,0.023625,0.251851,0.045576,0.063695,0.054328,0.086500,0.044834,0.288995
0.058417,0.054475,0.043364,0.246540,0.062043,0.056926,0.075496,0.088526,0.043913,0.270300
0.041643,0.097720,0.241603,0.054910,0.050778,0.269029,0.094225,0.053178,0.052191,0.044723
0.073072,0.100432,0.109725,0.107226,0.054695,0.288266,0.103775,0.057566,0.046476,0.058767
0.076250,0.337191,0.060684,0.076003,0.055147,0.095760,0.070136,0.096257,0.055767,0.076806
0.086601,0.260854,0.021472,0.040847,0.071576,0.081340,0.266399,0.050998,0.041147,0.078765
0.069523,0.067915,0.075605,0.080821,0.079510,0.096777,0.325550,0.053338,0.065110,0.085853
0.063586,0.282858,0.022716,0.067120,0.042967,0.062701,0.286288,0.053761,0.052818,0.065185
0.061980,0.089805,0.090309,0.083107,0.107998,0.156842,0.087651,0.106424,0.115782,0.100101
0.123401,0.099726,0.070020,0.112778,0.082392,0.128531,0.099776,0.089494,0.083188,0.110694
0.055688,0.051227,0.041709,0.233191,0.048093,0.073905,0.086483,0.082307,0.060372,0.267025
0.108256,0.097631,0.084533,0.131162,0.079059,0.113772,0.090651,0.088072,0.066930,0.139934
0.067476,0.123873,0.147288,0.078545,0.097329,0.152040,0.100574,0.082531,0.076333,0.074012
0.095759,0.103442,0.110005,0.167289,0.093313,0.115843,0.082032,0.078861,0.075912,0.077545
0.086703,0.127841,0.109841,0.077484,0.060419,0.110270,0.166308,0.080432,0.050049,0.130652
0.084482,0.080122,0.118354,0.088619,0.079901,0.080363,0.093551,0.087041,0.128795,0.158772
0.078138,0.108698,0.085991,0.125441,0.082620,0.115305,0.096492,0.128993,0.087155,0.091167
0.088728,0.062161,0.171054,0.067939,0.103723,0.109110,0.128775,0.103345,0.060549,0.104616
0.084062,0.165980,0.071632,0.070937,0.105786,0.086729,0.157801,0.068090,0.068323,0.120659
0.061665,0.042031,0.064863,0.248427,0.038864,0.046427,0.100975,0.068030,0.044243,0.284475
0.119118,0.080664,0.044960,0.088347,0.072827,0.166021,0.105366,0.135956,0.104705,0.082035
0.092187,0.110871,0.093588,0.090330,0.091823,0.131388,0.148119,0.075210,0.079866,0.086619
0.062822,0.246334,0.073516,0.058196,0.071954,0.074155,0.260800,0.047903,0.044142,0.060177
0.097498,0.080906,0.144511,0.065281,0.112074,0.115132,0.137098,0.100634,0.066623,0.080242
0.055082,0.095661,0.048965,0.250254,0.049964,0.044050,0.056452,0.047334,0.050835,0.301404
0.090828,0.141258,0.111415,0.105348,0.071530,0.125629,0.090052,0.085988,0.074659,0.103294
0.064326,0.059016,0.029037,0.254299,0.055311,0.055339,0.084390,0.056412,0.047133,0.294736
0.043170,0.088983,0.027877,0.244540,0.066993,0.061523,0.059540,0.086392,0.032788,0.288194
0.069407,0.107819,0.080832,0.184068,0.071591,0.126007,0.091958,0.104947,0.083840,0.079531
0.065467,0.170513,0.103166,0.093389,0.056142,0.134919,0.129285,0.077207,0.103199,0.066714
0.057942,0.053618,0.045347,0.255952,0.067046,0.073508,0.045091,0.050921,0.040446,0.310128
0.107722,0.092685,0.088288,0.122464,0.111401,0.116770,0.115523,0.096351,0.064507,0.084289
0.050160,0.061515,0.030226,0.255766,0.045895,0.050377,0.090051,0.059276,0.034602,0.322133
0.084567,0.265983,0.063598,0.062694,0.060669,0.044078,0.272073,0.051876,0.038941,0.055521
0.065800,0.082972,0.184022,0.105125,0.094927,0.103316,0.073748,0.080967,0.090008,0.119115
0.068539,0.248491,0.020890,0.066843,0.044744,0.040463,0.249468,0.120295,0.064194,0.076072
0.094632,0.169837,0.114011,0.101430,0.099387,0.073334,0.077417,0.084838,0.059962,0.125153
0.081083,0.057418,0.094602,0.247107,0.056532,0.045823,0.054553,0.049500,0.034857,0.278524
0.056502,0.065384,0.255300,0.040221,0.070983,0.279891,0.050511,0.074430,0.047301,0.059478
0.084492,0.182450,0.085425,0.077683,0.121877,0.117578,0.084850,0.079959,0.053187,0.112499
0.110582,0.107444,0.113887,0.112895,0.107138,0.138579,0.093299,0.087166,0.074604,0.054407
0.110370,0.087644,0.107758,0.085529,0.078451,0.132233,0.102382,0.083409,0.071637,0.140586
0.111645,0.203022,0.090105,0.108516,0.110197,0.121584,0.076301,0.085922,0.057876,0.034831
0.108127,0.081049,0.084421,0.069084,0.073246,0.131635,0.189269,0.087479,0.086335,0.089355
0.096528,0.094103,0.072082,0.162743,0.102362,0.088135,0.141315,0.076351,0.068685,0.097697
0.053567,0.100999,0.247920,0.056023,0.042068,0.272648,0.061341,0.088626,0.033163,0.043646
0.121094,0.150337,0.072045,0.071294,0.083555,0.129245,0.095732,0.095225,0.088206,0.093268
0.088610,0.068741,0.129946,0.091351,0.079931,0.112542,0.141294,0.146470,0.051456,0.089660
0.121289,0.099800,0.071973,0.089629,0.083604,0.110929,0.087495,0.089119,0.086609,0.159553
0.072683,0.067200,0.247064,0.058078,0.037410,0.272064,0.048829,0.123489,0.050584,0.022599
0.107001,0.165546,0.078615,0.109588,0.074946,0.120682,0.098886,0.082005,0.080963,0.081769
0.060156,0.268439,0.045085,0.059722,0.041312,0.046387,0.273812,0.116466,0.037563,0.051058
0.077329,0.131617,0.035154,0.315304,0.095604,0.085926,0.067283,0.103519,0.051916,0.036349
0.060267,0.057684,0.060428,0.269552,0.052335,0.074185,0.050517,0.047462,0.036694,0.290877
0.064188,0.056662,0.263512,0.043336,0.045946,0.289928,0.054243,0.080823,0.039271,0.062092
0.070527,0.071388,0.057024,0.089049,0.076698,0.080560,0.370620,0.078450,0.045867,0.059817
0.083430,0.101839,0.057714,0.098407,0.121610,0.090936,0.126374,0.099373,0.079614,0.140702
0.078165,0.150617,0.062297,0.154851,0.100383,0.107603,0.079119,0.138415,0.060939,0.067612
0.062138,0.125166,0.122617,0.066266,0.057149,0.308951,0.056245,0.084019,0.047593,0.069856
0.111839,0.067737,0.344449,0.091746,0.051703,0.075321,0.075907,0.063331,0.058176,0.059790
0.058116,0.060048,0.244999,0.097475,0.044678,0.267918,0.092517,0.046656,0.045551,0.042042
0.058274,0.073674,0.070223,0.123864,0.077729,0.328853,0.068891,0.077514,0.053496,0.067483
0.134450,0.091139,0.183272,0.063072,0.081586,0.069126,0.089453,0.114037,0.081893,0.091972
0.061033,0.072814,0.058740,0.247508,0.043340,0.059329,0.084993,0.052294,0.045643,0.274305
0.072792,0.128570,0.078536,0.087215,0.051926,0.350722,0.062805,0.058306,0.053680,0.055449
0.059293,0.178423,0.080535,0.094453,0.066484,0.114923,0.068920,0.150984,0.069608,0.116378
0.058506,0.041064,0.238626,0.097660,0.065320,0.260524,0.089921,0.061803,0.044782,0.041795
0.078240,0.114204,0.128613,0.074577,0.067025,0.091721,0.088863,0.165065,0.067226,0.124466
0.041713,0.261497,0.081563,0.057166,0.062433,0.065424,0.268383,0.076967,0.035907,0.048948
0.104485,0.099792,0.096499,0.172626,0.099811,0.094963,0.100335,0.082310,0.070590,0.078589
0.078414,0.129665,0.062890,0.075259,0.068928,0.089753,0.331046,0.089466,0.044659,0.029920
0.089054,0.156539,0.037765,0.101776,0.059881,0.138869,0.076007,0.188130,0.057090,0.094888
0.050216,0.052131,0.045126,0.262287,0.065016,0.053250,0.076111,0.048752,0.039857,0.307253
0.065770,0.096153,0.247424,0.055533,0.043362,0.270932,0.058910,0.070306,0.044732,0.046879
0.084901,0.088701,0.110257,0.068886,0.076837,0.127266,0.091937,0.130399,0.082929,0.137888
0.062728,0.058932,0.072461,0.252454,0.044148,0.054266,0.047169,0.066248,0.045037,0.296557
0.075855,0.077473,0.171039,0.093104,0.066005,0.066733,0.144771,0.154095,0.078428,0.072497
0.045024,0.043293,0.050099,0.260551,0.072023,0.078769,0.046021,0.048602,0.053884,0.301733
0.042338,0.054331,0.250564,0.056048,0.077176,0.274675,0.060274,0.074827,0.047296,0.062470
0.053115,0.277627,0.061176,0.043120,0.074481,0.070577,0.274015,0.050895,0.031172,0.063822
0.078346,0.096214,0.074952,0.116970,0.083352,0.085234,0.111827,0.091218,0.123138,0.138749
0.070462,0.067557,0.058796,0.074128,0.055809,0.346928,0.061491,0.117935,0.056452,0.090442
0.088111,0.090265,0.034659,0.098413,0.122216,0.117390,0.088805,0.213214,0.072236,0.074690
0.093215,0.081245,0.109073,0.107853,0.083805,0.093126,0.134137,0.116263,0.053573,0.127710
0.094187,0.093754,0.138735,0.063528,0.071439,0.136295,0.133795,0.114916,0.081584,0.071768
0.065295,0.107093,0.241243,0.070687,0.041531,0.266259,0.048146,0.050042,0.032588,0.077114
0.105828,0.116251,0.052159,0.112407,0.076572,0.131874,0.097410,0.097009,0.125367,0.085123
0.074357,0.066491,0.071053,0.302925,0.079300,0.050657,0.066035,0.121521,0.079093,0.088568
0.081385,0.143457,0.120225,0.084612,0.067801,0.107787,0.080448,0.107380,0.068063,0.138841
0.039229,0.273700,0.061468,0.062978,0.072727,0.045764,0.265213,0.098292,0.032935,0.047694
0.096298,0.095569,0.102124,0.181929,0.069977,0.099337,0.099853,0.100185,0.075638,0.079090
0.059792,0.282516,0.065992,0.044076,0.037798,0.071173,0.274354,0.050374,0.046287,0.067637
0.050443,0.255750,0.076842,0.095221,0.068437,0.040176,0.263821,0.047992,0.037204,0.064115
0.125536,0.141839,0.113200,0.085214,0.106648,0.121649,0.070212,0.086082,0.065569,0.084050
0.094908,0.086044,0.075350,0.194260,0.107746,0.116058,0.080230,0.080743,0.066658,0.098005
0.078382,0.119790,0.101304,0.097827,0.116209,0.093754,0.159109,0.077181,0.076641,0.079805
0.070128,0.076296,0.049779,0.172044,0.114973,0.100682,0.160476,0.086057,0.067947,0.101618
0.136704,0.107115,0.156093,0.106078,0.093052,0.077492,0.084206,0.086604,0.066432,0.086222
0.104541,0.174763,0.105816,0.060562,0.111687,0.118135,0.077730,0.150147,0.063923,0.032696
0.067437,0.112017,0.235211,0.036865,0.038557,0.259596,0.079699,0.090137,0.027965,0.052516
0.058000,0.077615,0.097276,0.091606,0.066567,0.113024,0.080846,0.195374,0.109531,0.110162
0.060585,0.087847,0.105601,0.125158,0.104447,0.087996,0.209537,0.094274,0.081796,0.042759
0.108651,0.110077,0.045372,0.110766,0.114169,0.118623,0.097743,0.179194,0.070731,0.044674
0.107363,0.097146,0.097373,0.088271,0.069805,0.127952,0.092615,0.089272,0.125005,0.105197
0.073949,0.091550,0.101774,0.309939,0.050727,0.086258,0.101723,0.061682,0.054854,0.067545
0.080850,0.140520,0.171916,0.097315,0.080513,0.101986,0.086914,0.075626,0.075511,0.088848
0.076294,0.051959,0.040811,0.247805,0.063607,0.042521,0.074653,0.080544,0.038801,0.283005
0.105757,0.093593,0.114781,0.112433,0.076287,0.106578,0.091622,0.134523,0.060188,0.104237
0.094371,0.149195,0.096716,0.086527,0.062686,0.085092,0.132026,0.156217,0.053774,0.083396
0.163870,0.077844,0.037713,0.113319,0.077931,0.167144,0.096054,0.141573,0.085358,0.039193
0.102805,0.134429,0.109691,0.095399,0.076676,0.105839,0.088196,0.128292,0.073099,0.085576
0.043513,0.062645,0.063731,0.253922,0.053935,0.047127,0.060100,0.070184,0.042889,0.301954
0.059856,0.042016,0.069702,0.243963,0.047260,0.072077,0.084676,0.047159,0.039213,0.294077
0.051752,0.057585,0.242350,0.046668,0.071581,0.266632,0.092955,0.047682,0.063029,0.059766
0.085253,0.151823,0.065861,0.086561,0.103603,0.104103,0.088041,0.155323,0.071667,0.087765
0.095323,0.079083,0.184760,0.093129,0.081469,0.097218,0.078134,0.110464,0.092121,0.088300
0.069595,0.279966,0.044422,0.060306,0.042060,0.046757,0.276575,0.076055,0.033245,0.071018
0.072291,0.082818,0.116641,0.079725,0.067993,0.073362,0.104120,0.203323,0.069743,0.129984
0.085689,0.055836,0.248590,0.057990,0.071457,0.275552,0.058929,0.047665,0.032523,0.065769
0.097554,0.152911,0.082239,0.104957,0.104446,0.120008,0.130559,0.073819,0.063710,0.069797
0.088731,0.102847,0.117269,0.124048,0.122586,0.086100,0.099845,0.115443,0.093708,0.049423
0.053518,0.064517,0.254639,0.061482,0.050091,0.280579,0.061194,0.052505,0.053192,0.068281
0.054842,0.375741,0.085792,0.083076,0.054284,0.079465,0.079130,0.068685,0.044042,0.074942
0.039783,0.279518,0.064758,0.069138,0.045234,0.068274,0.278875,0.053204,0.036358,0.064858
0.112778,0.087468,0.065165,0.084712,0.075314,0.104873,0.090919,0.177756,0.081155,0.119861
0.051895,0.097553,0.087996,0.231263,0.048581,0.063342,0.054638,0.061532,0.039923,0.263277
0.080001,0.085806,0.074966,0.108205,0.072244,0.096797,0.156223,0.158350,0.071627,0.095781
0.076671,0.164633,0.041691,0.098274,0.109264,0.112244,0.147927,0.075610,0.088577,0.085111
0.062887,0.067536,0.055143,0.246494,0.052814,0.077612,0.076231,0.052504,0.045475,0.263304
0.095847,0.102412,0.152828,0.103675,0.075031,0.115469,0.079979,0.084428,0.114403,0.075927
0.052334,0.269937,0.074962,0.063777,0.062396,0.045787,0.281610,0.046142,0.044302,0.058753
0.083618,0.040452,0.247432,0.072016,0.041506,0.272006,0.087191,0.068237,0.043024,0.044519
0.065874,0.064192,0.083207,0.049797,0.087327,0.352610,0.064986,0.120368,0.039036,0.072602
0.039038,0.059100,0.266326,0.043223,0.077902,0.296655,0.049195,0.055549,0.044852,0.068161
0.114856,0.107052,0.095529,0.113165,0.066600,0.100987,0.088140,0.200011,0.073352,0.040307
0.059403,0.131668,0.316325,0.080500,0.054395,0.089575,0.072685,0.090722,0.048897,0.055830
0.095456,0.107267,0.123844,0.094933,0.103869,0.086890,0.101163,0.097117,0.091832,0.097628
0.102643,0.144756,0.215035,0.069441,0.107656,0.078126,0.088323,0.087966,0.065516,0.040537
0.102856,0.173740,0.078623,0.070893,0.118901,0.089860,0.077819,0.074830,0.105945,0.106533
0.147179,0.080911,0.104651,0.089627,0.070061,0.117156,0.073654,0.106039,0.103409,0.107313
0.062945,0.061126,0.059641,0.258148,0.045287,0.056030,0.057827,0.048731,0.055333,0.294933
0.058197,0.053361,0.257081,0.057034,0.044945,0.282573,0.060661,0.073011,0.047485,0.065652
0.107829,0.130282,0.117338,0.115914,0.075684,0.119332,0.087351,0.084269,0.078874,0.083127
0.073487,0.075744,0.083952,0.182709,0.098429,0.101045,0.137129,0.072157,0.089206,0.086143
0.037757,0.043273,0.258525,0.061232,0.075070,0.284925,0.055228,0.049746,0.053995,0.080249
0.071716,0.254923,0.094043,0.062708,0.039551,0.064836,0.257566,0.047391,0.044940,0.062326
0.062897,0.066075,0.246530,0.048601,0.050170,0.271468,0.087464,0.074313,0.048524,0.043958
0.054422,0.054788,0.238093,0.093266,0.061347,0.257031,0.081849,0.079708,0.035200,0.044296
0.062670,0.089642,0.100684,0.099707,0.101042,0.067020,0.153333,0.155910,0.049349,0.120643
0.067351,0.271527,0.057234,0.039565,0.072119,0.060669,0.257204,0.092964,0.040218,0.041150
0.063591,0.266136,0.044921,0.063635,0.052951,0.072252,0.275442,0.050052,0.051471,0.059550
0.079645,0.104638,0.202813,0.067448,0.104702,0.105624,0.088930,0.133091,0.068610,0.044498
0.055704,0.038107,0.057061,0.252638,0.038439,0.067009,0.082646,0.095043,0.037181,0.276171
0.136983,0.096977,0.095029,0.154171,0.087798,0.109026,0.089207,0.073821,0.066335,0.090652
0.092756,0.083375,0.089344,0.155666,0.107703,0.090367,0.153483,0.080890,0.069882,0.076534
0.094510,0.113019,0.110999,0.121453,0.134140,0.119089,0.086582,0.096287,0.079771,0.044151
0.057663,0.095306,0.024039,0.239141,0.067542,0.079552,0.054172,0.047708,0.062363,0.272513
0.083000,0.112013,0.059781,0.118918,0.077384,0.089693,0.113259,0.115392,0.078444,0.152117
0.144059,0.097653,0.096325,0.094084,0.071558,0.116792,0.082189,0.115852,0.088146,0.093342
0.125853,0.101318,0.082808,0.108778,0.131341,0.128186,0.099832,0.111331,0.066362,0.044190
0.067076,0.050587,0.059755,0.256351,0.071228,0.069508,0.050205,0.049417,0.041004,0.284869
0.088482,0.086770,0.169688,0.148427,0.088524,0.101284,0.088708,0.067677,0.055590,0.104852
0.075393,0.077233,0.056872,0.320909,0.067961,0.084937,0.074045,0.115246,0.056913,0.070491
0.101105,0.103409,0.050175,0.107743,0.106209,0.130452,0.093306,0.126520,0.081338,0.099743
0.106659,0.080003,0.038126,0.124844,0.077677,0.112457,0.085819,0.176901,0.085699,0.111816
0.109974,0.107688,0.076632,0.095163,0.076345,0.120413,0.165405,0.084694,0.084671,0.079016
0.051146,0.058930,0.052756,0.247124,0.060585,0.044831,0.057035,0.092495,0.045748,0.289351
0.102139,0.098729,0.075648,0.060411,0.068111,0.093737,0.166711,0.186305,0.069559,0.078651
0.144212,0.130886,0.045300,0.070091,0.075517,0.131287,0.104689,0.127235,0.087778,0.083004
0.096346,0.156284,0.134150,0.075631,0.107413,0.069876,0.140017,0.078073,0.065786,0.076423
0.042349,0.101746,0.042897,0.266663,0.045799,0.042633,0.053097,0.067147,0.035648,0.302022
0.088007,0.163605,0.102547,0.104772,0.065461,0.089859,0.089790,0.077531,0.099784,0.118643
0.050364,0.097701,0.237425,0.043709,0.068366,0.261142,0.090751,0.048654,0.061039,0.040849
0.110309,0.076169,0.114165,0.064710,0.076737,0.079243,0.089323,0.143643,0.098375,0.147326
0.060804,0.060509,0.052669,0.256891,0.045708,0.045715,0.084657,0.051383,0.035317,0.306346
0.061865,0.053101,0.248747,0.066315,0.065376,0.279695,0.050426,0.051077,0.042993,0.080406
0.081174,0.100809,0.105686,0.127546,0.088319,0.088482,0.102863,0.093769,0.094016,0.117337
0.083669,0.076064,0.089399,0.146312,0.083113,0.100121,0.138229,0.148470,0.065108,0.069514
0.131233,0.079024,0.084111,0.065190,0.102358,0.103689,0.155592,0.082993,0.077155,0.118654
0.081833,0.100221,0.104300,0.102896,0.106238,0.074920,0.158378,0.104237,0.068414,0.098564
0.115776,0.078722,0.066454,0.116414,0.070437,0.150272,0.177781,0.089326,0.055737,0.079080
0.078386,0.266155,0.066609,0.063536,0.077752,0.065774,0.266038,0.045554,0.047788,0.022408
0.083185,0.081281,0.250026,0.056957,0.042764,0.280641,0.063069,0.048119,0.035991,0.057968
0.039020,0.053487,0.239231,0.065609,0.046163,0.266793,0.099630,0.052370,0.065629,0.072068
0.052521,0.279360,0.019870,0.064758,0.042631,0.074041,0.276098,0.047949,0.067559,0.075212
0.068130,0.253018,0.050309,0.059409,0.042235,0.083592,0.252803,0.093136,0.043384,0.053984
0.064615,0.253656,0.077180,0.062950,0.070625,0.065079,0.262168,0.050359,0.045485,0.047884
0.094318,0.079928,0.089281,0.090550,0.095433,0.124195,0.092977,0.171900,0.070527,0.090892
0.057511,0.059644,0.027066,0.261230,0.046427,0.069832,0.058574,0.052304,0.048514,0.318898
0.072279,0.093078,0.294445,0.115552,0.047279,0.077188,0.099444,0.068527,0.039942,0.092265
0.060559,0.087790,0.028171,0.238918,0.046445,0.071824,0.054100,0.060737,0.060775,0.290680
0.106739,0.084515,0.107421,0.081840,0.090037,0.075476,0.154732,0.118997,0.064661,0.115582
0.067244,0.057342,0.154440,0.082232,0.077780,0.332879,0.065938,0.075215,0.055456,0.031475
0.114825,0.110335,0.047275,0.112072,0.122391,0.122805,0.104364,0.082214,0.057220,0.126499
0.073466,0.074532,0.098135,0.070869,0.054897,0.071296,0.341191,0.085733,0.058291,0.071590
0.064440,0.094836,0.024950,0.238875,0.043875,0.056610,0.093100,0.049149,0.044882,0.289281
0.130730,0.113756,0.072709,0.097443,0.083041,0.089573,0.104434,0.115676,0.078495,0.114142
0.062523,0.065458,0.301493,0.078975,0.053713,0.104096,0.103045,0.115818,0.056086,0.058793
0.063273,0.069807,0.039411,0.161965,0.108778,0.116017,0.134283,0.073845,0.104438,0.128183
0.042830,0.253505,0.096101,0.063955,0.056998,0.055436,0.252798,0.064979,0.045256,0.068142
0.112159,0.162239,0.038934,0.068039,0.100309,0.111676,0.159624,0.151049,0.056680,0.039290
0.090500,0.103971,0.087608,0.075623,0.076179,0.145946,0.181832,0.094209,0.090618,0.053515
0.065095,0.268746,0.050426,0.070257,0.063454,0.055757,0.273310,0.050392,0.045480,0.057084
0.058843,0.285626,0.052617,0.064588,0.045130,0.043850,0.289277,0.050223,0.045250,0.064596
0.060947,0.076032,0.045159,0.270264,0.044921,0.040588,0.050228,0.070307,0.040667,0.300887
0.075054,0.091892,0.096736,0.180386,0.094523,0.103114,0.132211,0.073203,0.076217,0.076663
0.110495,0.087391,0.082620,0.085959,0.076402,0.133366,0.158856,0.105296,0.073614,0.086000
0.098695,0.097810,0.135894,0.114480,0.096294,0.069548,0.080600,0.111466,0.084105,0.111107
0.099770,0.100854,0.070349,0.107865,0.070667,0.128149,0.107057,0.103215,0.071531,0.140544
0.080513,0.075918,0.061147,0.246346,0.041067,0.044970,0.052432,0.093232,0.031528,0.272845
0.083753,0.054793,0.242581,0.061927,0.064718,0.269381,0.043814,0.047446,0.065361,0.066227
0.062085,0.100757,0.231783,0.042759,0.043090,0.256450,0.055492,0.070241,0.064645,0.072698
0.052655,0.260359,0.099202,0.055908,0.038345,0.086575,0.263694,0.055177,0.032750,0.055334
0.040108,0.258930,0.064064,0.057880,0.042547,0.088971,0.258384,0.074343,0.044102,0.070672
0.043182,0.280441,0.053146,0.069605,0.043721,0.072486,0.281185,0.078381,0.032914,0.044939
0.057282,0.230932,0.070899,0.059914,0.069936,0.077830,0.243545,0.103196,0.061244,0.025222
0.056785,0.056330,0.047086,0.246788,0.058814,0.040015,0.076917,0.091266,0.040473,0.285526
