0.107997,0.106461,0.102183,0.087574,0.106259,0.083718,0.098902,0.108194,0.100416,0.098297
0.113225,0.111936,0.116528,0.024959,0.118046,0.102434,0.101421,0.113096,0.106165,0.092190
0.119818,0.030948,0.113888,0.082665,0.128168,0.123911,0.028103,0.122512,0.122657,0.127330
0.106550,0.103700,0.095601,0.077193,0.109585,0.092086,0.108530,0.087491,0.111038,0.108226
0.103220,0.070457,0.085031,0.110636,0.119946,0.106275,0.111421,0.070449,0.110066,0.112498
0.106502,0.116921,0.110829,0.026768,0.127052,0.122151,0.117603,0.121521,0.124373,0.026281
0.091104,0.111735,0.103176,0.109075,0.114790,0.087810,0.072796,0.079979,0.112915,0.116622
0.102143,0.109863,0.088885,0.093648,0.110042,0.108179,0.084849,0.074936,0.114066,0.113390
0.083269,0.102570,0.101375,0.100331,0.091490,0.107486,0.101951,0.101318,0.103199,0.107011
0.109366,0.108314,0.103316,0.062650,0.091396,0.112710,0.081411,0.111369,0.111605,0.107862
0.104450,0.103271,0.092761,0.098863,0.101373,0.090272,0.102458,0.102284,0.104638,0.099631
0.123420,0.120287,0.120847,0.027322,0.129134,0.093411,0.117627,0.121143,0.120018,0.026790
0.094996,0.107492,0.086770,0.089124,0.091659,0.106109,0.104927,0.106206,0.107698,0.105019
0.108585,0.108137,0.092590,0.068981,0.111092,0.027829,0.114570,0.121072,0.128400,0.118744
0.099004,0.110588,0.105408,0.066725,0.115463,0.108184,0.075314,0.107444,0.099573,0.112299
0.108036,0.107071,0.097090,0.065587,0.111803,0.092311,0.101164,0.104002,0.109479,0.103456
0.126802,0.128067,0.122401,0.027942,0.105524,0.123806,0.132620,0.075802,0.129626,0.027410
0.101087,0.090133,0.095479,0.085209,0.109092,0.107849,0.093486,0.100408,0.108649,0.108607
0.131607,0.080308,0.095839,0.028719,0.126543,0.106670,0.136525,0.128392,0.137096,0.028300
0.094194,0.099972,0.091808,0.096905,0.103460,0.099697,0.104595,0.101645,0.104378,0.103346
0.128629,0.118580,0.027370,0.118343,0.110357,0.027344,0.089793,0.123465,0.128816,0.127302
0.122783,0.081880,0.114273,0.029285,0.129203,0.131478,0.095670,0.134616,0.131865,0.028947
0.114263,0.100831,0.120860,0.027815,0.120497,0.122672,0.115755,0.121549,0.128502,0.027256
0.129194,0.081397,0.107282,0.030037,0.113841,0.106638,0.134351,0.136082,0.131783,0.029395
0.107016,0.032635,0.119175,0.129982,0.101161,0.138603,0.029611,0.082780,0.132889,0.126147
0.100534,0.125546,0.099458,0.101943,0.130018,0.027499,0.094017,0.081145,0.122330,0.117510
0.131740,0.032349,0.118463,0.123426,0.111595,0.106913,0.029379,0.083837,0.128495,0.133804
0.124305,0.120783,0.026154,0.115243,0.116565,0.026579,0.106965,0.119336,0.122464,0.121606
0.106674,0.102461,0.120211,0.058380,0.092693,0.114525,0.112422,0.069886,0.115981,0.106767
0.101271,0.101895,0.092930,0.102663,0.084067,0.100687,0.106942,0.101051,0.103228,0.105267
0.126021,0.073097,0.114256,0.097104,0.106386,0.098621,0.027102,0.122505,0.112170,0.122737
0.121727,0.115702,0.112736,0.066389,0.112811,0.095752,0.078159,0.073025,0.104370,0.119329
0.094869,0.110214,0.086679,0.079486,0.107925,0.090875,0.114117,0.090788,0.111358,0.113688
0.121439,0.072444,0.105358,0.064543,0.118869,0.093535,0.077444,0.116977,0.108997,0.120394
0.103651,0.104727,0.097673,0.072128,0.093968,0.105802,0.095392,0.106215,0.110480,0.109964
0.111462,0.121901,0.030624,0.066139,0.136688,0.031025,0.090532,0.134221,0.131669,0.145739
0.107081,0.131225,0.029179,0.129117,0.119031,0.029488,0.092863,0.106633,0.129760,0.125624
0.109491,0.108413,0.098033,0.106447,0.113233,0.091499,0.084666,0.080185,0.100702,0.107331
0.099518,0.116462,0.026196,0.114598,0.124153,0.097369,0.086084,0.097338,0.117632,0.120650
0.096992,0.106985,0.095938,0.077795,0.112230,0.107221,0.113365,0.075899,0.109316,0.104259
0.109357,0.106004,0.103122,0.098522,0.084456,0.083431,0.103175,0.105365,0.098082,0.108486
0.102215,0.101386,0.091381,0.097742,0.102678,0.103761,0.094755,0.101223,0.100354,0.104506
0.097216,0.110259,0.086824,0.081256,0.111372,0.096449,0.086848,0.111569,0.111484,0.106723
0.111457,0.117181,0.124707,0.026533,0.126344,0.100566,0.126307,0.119654,0.121146,0.026105
0.098226,0.109444,0.085998,0.079444,0.092211,0.091028,0.108714,0.111241,0.110874,0.112821
0.092697,0.097095,0.091490,0.076358,0.100228,0.090344,0.109774,0.114073,0.112223,0.115719
0.098923,0.109219,0.105395,0.094456,0.115677,0.109317,0.085286,0.069408,0.109484,0.102836
0.113405,0.110638,0.124573,0.030642,0.118404,0.136557,0.132201,0.083126,0.120486,0.029968
0.130884,0.129421,0.122710,0.029632,0.140601,0.106982,0.095280,0.083253,0.132323,0.028914
0.104145,0.031991,0.104352,0.101871,0.123548,0.115463,0.028951,0.129132,0.129806,0.130741
0.109453,0.093934,0.111820,0.101244,0.090997,0.109228,0.112736,0.070718,0.101278,0.098592
0.105151,0.105640,0.096062,0.089871,0.109328,0.105338,0.096640,0.086725,0.106607,0.098637
0.089763,0.091190,0.105479,0.103170,0.098113,0.111044,0.101176,0.079286,0.108414,0.112365
0.120856,0.119115,0.026464,0.114460,0.126383,0.026695,0.119196,0.116717,0.118591,0.111524
0.109633,0.070576,0.100506,0.106693,0.113344,0.094619,0.081461,0.111592,0.108723,0.102853
0.119047,0.112391,0.109669,0.110730,0.109561,0.025424,0.075316,0.110446,0.117242,0.110174
0.111855,0.107025,0.100561,0.075857,0.113398,0.105985,0.097981,0.074677,0.107217,0.105445
0.100529,0.114748,0.083447,0.104708,0.118223,0.090692,0.118143,0.069331,0.106744,0.093435
0.104982,0.032921,0.110321,0.129635,0.135458,0.104221,0.029833,0.078302,0.138875,0.135453
0.108872,0.134734,0.109610,0.030118,0.106433,0.109147,0.102984,0.133803,0.134767,0.029532
0.126233,0.117731,0.026450,0.115082,0.126661,0.026803,0.114729,0.121631,0.113661,0.111019
0.110694,0.106435,0.087233,0.104408,0.098842,0.087529,0.072320,0.107604,0.112801,0.112134
0.127839,0.031698,0.116587,0.120969,0.106945,0.101355,0.028722,0.125588,0.119279,0.121016
0.127366,0.125837,0.124903,0.028187,0.130005,0.125510,0.116027,0.075651,0.118825,0.027689
0.128898,0.031752,0.114536,0.126624,0.097561,0.097429,0.028800,0.130700,0.127105,0.116595
0.124508,0.107025,0.027102,0.120683,0.109321,0.027538,0.110280,0.118166,0.124265,0.131112
0.098346,0.031573,0.125582,0.126315,0.110691,0.101150,0.028661,0.130268,0.131233,0.116181
0.137512,0.079265,0.123611,0.029382,0.112920,0.100417,0.126057,0.129864,0.132340,0.028633
0.092933,0.105319,0.100991,0.102887,0.102657,0.085151,0.102323,0.104100,0.093911,0.109729
0.108279,0.119920,0.112334,0.027263,0.129004,0.111411,0.080419,0.078764,0.115389,0.117217
0.119712,0.072994,0.087882,0.097264,0.094602,0.113204,0.106796,0.088957,0.114419,0.104170
0.136655,0.135578,0.030178,0.067829,0.140239,0.030515,0.089891,0.137743,0.119150,0.112221
0.088132,0.103286,0.090791,0.086909,0.106651,0.102497,0.107442,0.104998,0.102750,0.106545
0.125180,0.128211,0.027649,0.114176,0.113218,0.028056,0.082381,0.122646,0.129652,0.128832
0.116169,0.094742,0.103089,0.111695,0.121213,0.025692,0.109173,0.111580,0.113266,0.093380
0.105708,0.068318,0.113756,0.094523,0.103359,0.089795,0.081092,0.116516,0.119268,0.107666
0.097597,0.030645,0.121652,0.115815,0.120332,0.122390,0.027793,0.125747,0.107615,0.130414
0.108078,0.109785,0.104622,0.078955,0.092886,0.090961,0.084807,0.105095,0.112343,0.112468
0.108124,0.125011,0.028466,0.088082,0.132651,0.028213,0.117768,0.127842,0.112467,0.131376
0.116512,0.080220,0.095296,0.071461,0.106214,0.108317,0.097212,0.078991,0.125108,0.120669
0.089791,0.104368,0.086817,0.104906,0.104092,0.086174,0.099756,0.107410,0.105352,0.111335
0.107242,0.104568,0.104690,0.105398,0.110559,0.092401,0.073092,0.087922,0.111454,0.102673
0.087073,0.105155,0.101589,0.102979,0.094638,0.088565,0.100499,0.102393,0.108767,0.108343
0.104070,0.071935,0.086162,0.105662,0.095964,0.101319,0.105544,0.110973,0.109591,0.108781
0.133515,0.124530,0.028080,0.124148,0.113535,0.028275,0.096479,0.123997,0.111009,0.116431
0.118736,0.124887,0.028502,0.064429,0.127428,0.028883,0.135268,0.129919,0.135263,0.106685
0.114161,0.127572,0.112408,0.027895,0.096902,0.123819,0.119528,0.123511,0.126846,0.027358
0.095470,0.110544,0.087421,0.101252,0.105853,0.091512,0.105593,0.087237,0.109401,0.105717
0.109420,0.073565,0.088649,0.082151,0.095835,0.095049,0.107628,0.116506,0.118511,0.112686
0.133689,0.128214,0.098220,0.029147,0.119798,0.106575,0.088760,0.133621,0.133309,0.028667
0.132586,0.032854,0.095090,0.125536,0.113990,0.133008,0.029808,0.080513,0.116653,0.139962
0.089777,0.103852,0.095806,0.099041,0.110499,0.087283,0.095729,0.104674,0.104966,0.108372
0.092170,0.096673,0.099395,0.090619,0.113687,0.109022,0.077915,0.107835,0.111920,0.100766
0.114331,0.029451,0.107268,0.117903,0.124397,0.116605,0.026671,0.120159,0.119876,0.123339
0.093711,0.093494,0.099550,0.100961,0.109459,0.102536,0.081051,0.104381,0.107312,0.107544
0.129778,0.031935,0.093672,0.086258,0.101407,0.134950,0.029042,0.129783,0.127499,0.135675
0.089171,0.104804,0.102497,0.104699,0.092879,0.105341,0.081775,0.107514,0.106860,0.104459
0.102380,0.111668,0.105162,0.061729,0.098753,0.111845,0.075241,0.110462,0.115936,0.106825
0.112918,0.089961,0.087347,0.100867,0.085961,0.097439,0.112898,0.108359,0.107195,0.097056
0.125711,0.073854,0.027381,0.124225,0.131085,0.027875,0.120213,0.125100,0.128368,0.116189
0.114301,0.111263,0.109584,0.030429,0.119054,0.107127,0.096500,0.137982,0.144029,0.029731
0.129294,0.116053,0.099849,0.029172,0.107582,0.111475,0.138931,0.107659,0.131227,0.028758
0.104805,0.107572,0.087547,0.103144,0.110621,0.097710,0.103031,0.072972,0.107810,0.104788
0.107898,0.105395,0.086435,0.106160,0.090778,0.086619,0.109651,0.107181,0.111648,0.088235
0.109004,0.028129,0.102985,0.090921,0.111594,0.088827,0.118963,0.113537,0.118389,0.117651
0.125572,0.031139,0.103426,0.123249,0.128225,0.095260,0.028212,0.122555,0.127620,0.114743
0.124507,0.120509,0.027282,0.084195,0.126467,0.027441,0.114171,0.125135,0.121710,0.128583
0.106334,0.091549,0.090187,0.098059,0.090643,0.102993,0.101820,0.103474,0.104897,0.110045
0.096579,0.118548,0.104149,0.095061,0.090398,0.025863,0.113248,0.113482,0.119788,0.122882
0.136446,0.129353,0.100066,0.028507,0.115357,0.106392,0.095757,0.129956,0.130002,0.028163
0.106887,0.094785,0.105529,0.062537,0.107036,0.110502,0.082323,0.107697,0.112231,0.110473
0.099649,0.121453,0.027591,0.119596,0.104305,0.027939,0.132930,0.122664,0.127415,0.116457
0.105532,0.102396,0.101398,0.099504,0.109750,0.097311,0.082977,0.088301,0.103068,0.109764
0.085106,0.092551,0.110520,0.100871,0.108854,0.096466,0.103304,0.106862,0.109454,0.086012
0.116266,0.073099,0.086689,0.110748,0.117729,0.094660,0.078200,0.094576,0.120937,0.107096
0.114070,0.110237,0.102783,0.060466,0.101171,0.114259,0.118782,0.068880,0.106089,0.103264
0.116794,0.031987,0.126641,0.121061,0.135132,0.116100,0.028990,0.080271,0.120235,0.122789
0.128704,0.120441,0.026983,0.098561,0.118747,0.027492,0.113252,0.120552,0.116200,0.129069
0.130900,0.124037,0.027669,0.122318,0.105165,0.027866,0.123802,0.099890,0.123459,0.114894
0.118165,0.124252,0.092046,0.084019,0.105192,0.097400,0.027729,0.118895,0.122497,0.109804
0.107743,0.106765,0.097505,0.102740,0.091910,0.086761,0.097644,0.106565,0.100555,0.101813
0.117271,0.124394,0.095710,0.027574,0.125458,0.131016,0.097586,0.126965,0.126725,0.027303
0.100400,0.032352,0.135742,0.129029,0.132414,0.102271,0.029294,0.074342,0.132291,0.131865
0.113968,0.135095,0.030628,0.069853,0.125625,0.030908,0.098927,0.139644,0.120968,0.134382
0.124180,0.122815,0.027069,0.112092,0.096703,0.027479,0.119262,0.121320,0.123063,0.126016
0.096117,0.103942,0.079462,0.102616,0.099493,0.104428,0.099470,0.100785,0.107880,0.105806
0.107377,0.107881,0.097681,0.103049,0.102527,0.097694,0.071624,0.104719,0.104206,0.103243
0.132331,0.110063,0.027742,0.113730,0.104280,0.028221,0.123123,0.123429,0.119118,0.117964
0.115109,0.112378,0.087101,0.066998,0.100100,0.111615,0.075683,0.112733,0.114161,0.104122
0.100975,0.074718,0.105019,0.114790,0.103441,0.125400,0.027335,0.117001,0.108107,0.123215
0.105795,0.106212,0.096344,0.101631,0.103999,0.102949,0.099120,0.084652,0.098803,0.100494
0.110210,0.095227,0.096457,0.110170,0.098155,0.111013,0.085943,0.074920,0.113782,0.104122
0.136611,0.132264,0.029764,0.091569,0.130889,0.030117,0.094196,0.085263,0.127887,0.141441
0.111971,0.100581,0.103766,0.115626,0.090708,0.090483,0.104216,0.074618,0.114029,0.094003
0.103470,0.124132,0.113317,0.027506,0.127878,0.123631,0.095854,0.125808,0.131384,0.027021
0.106311,0.032539,0.095815,0.131237,0.113410,0.108440,0.029546,0.133588,0.130057,0.119056
0.095454,0.097299,0.091840,0.095441,0.119829,0.112019,0.082470,0.077250,0.111795,0.116605
0.102585,0.030909,0.112745,0.124376,0.131107,0.096515,0.028059,0.122839,0.123201,0.127665
0.108189,0.123553,0.121532,0.027672,0.130336,0.097385,0.121212,0.120840,0.122214,0.027065
0.126938,0.112527,0.030354,0.067861,0.141012,0.030700,0.105404,0.133454,0.137826,0.113925
0.097301,0.109781,0.086545,0.106761,0.093579,0.095591,0.104521,0.089036,0.108806,0.108078
0.106268,0.096028,0.107527,0.065730,0.112986,0.093258,0.099346,0.108627,0.098865,0.111363
0.107801,0.106553,0.100132,0.075818,0.109973,0.104981,0.099654,0.082537,0.107507,0.105044
0.102878,0.127320,0.112603,0.028030,0.107930,0.131886,0.112300,0.123752,0.126051,0.027250
0.110732,0.109912,0.097013,0.110767,0.117246,0.092032,0.073766,0.069674,0.105217,0.113642
0.100285,0.096296,0.103151,0.105907,0.105346,0.089838,0.072041,0.105706,0.108174,0.113256
0.111377,0.112815,0.105017,0.079279,0.102789,0.095286,0.087300,0.092503,0.119429,0.094205
0.126576,0.122656,0.119838,0.027788,0.132048,0.104693,0.085466,0.124274,0.129519,0.027141
0.126634,0.102685,0.027677,0.122799,0.132105,0.027937,0.132020,0.080992,0.131686,0.115465
0.100673,0.067328,0.082177,0.105814,0.092848,0.109975,0.112557,0.106682,0.109147,0.112800
0.102737,0.122991,0.121707,0.027470,0.129971,0.121727,0.120534,0.098971,0.127067,0.026824
0.124606,0.107902,0.117386,0.027533,0.130331,0.125352,0.094265,0.120982,0.124690,0.026953
0.134081,0.031763,0.090282,0.119943,0.112899,0.115491,0.028819,0.125163,0.126342,0.115218
0.134427,0.075816,0.028206,0.125414,0.097374,0.028446,0.136386,0.129991,0.125833,0.118105
0.095080,0.030593,0.114531,0.120968,0.125632,0.123042,0.027720,0.124746,0.125791,0.111896
0.093302,0.104395,0.081567,0.105128,0.105121,0.092431,0.101366,0.105051,0.103264,0.108374
0.130702,0.129535,0.122458,0.029128,0.126555,0.099782,0.124341,0.076677,0.132218,0.028601
0.124803,0.123674,0.093423,0.027158,0.106035,0.125426,0.120349,0.124174,0.127947,0.027011
0.110947,0.107637,0.114033,0.110284,0.100315,0.093905,0.074585,0.069298,0.104227,0.114769
0.112431,0.030611,0.116404,0.063851,0.109448,0.128277,0.117230,0.080056,0.123102,0.118588
0.122115,0.030412,0.113961,0.097088,0.128606,0.120645,0.027535,0.123252,0.120367,0.116020
0.130010,0.033445,0.141753,0.088016,0.141394,0.101729,0.030359,0.079476,0.130853,0.122964
0.130363,0.033265,0.095807,0.130229,0.104976,0.121343,0.030097,0.085783,0.140436,0.127701
0.111978,0.092654,0.024488,0.110364,0.097798,0.109147,0.115799,0.111002,0.110412,0.116357
0.120883,0.120279,0.026606,0.114813,0.104145,0.026781,0.127107,0.117546,0.118739,0.123101
0.101438,0.031734,0.120231,0.120899,0.126570,0.097407,0.028770,0.125869,0.124821,0.122260
0.135489,0.131535,0.122164,0.028738,0.125506,0.130572,0.084874,0.083003,0.129995,0.028124
0.125535,0.123272,0.027832,0.116221,0.123471,0.028095,0.091879,0.125648,0.110236,0.127811
0.119136,0.118222,0.026178,0.116280,0.114145,0.026492,0.112137,0.119549,0.124132,0.123729
0.112751,0.030743,0.116432,0.120616,0.129870,0.098550,0.027861,0.124159,0.121658,0.117361
0.108518,0.107190,0.104338,0.067326,0.104771,0.099465,0.084988,0.108456,0.109705,0.105243
0.130751,0.105515,0.131688,0.030300,0.115291,0.103157,0.120921,0.106572,0.126285,0.029521
0.125878,0.030802,0.106456,0.082820,0.127680,0.130255,0.028013,0.122708,0.115840,0.129548
0.122952,0.031618,0.123966,0.123821,0.110845,0.133969,0.028631,0.072982,0.121858,0.129358
0.108829,0.103091,0.103003,0.098273,0.089207,0.095076,0.098079,0.104836,0.103883,0.095721
0.111682,0.122691,0.103950,0.026608,0.126520,0.126179,0.111991,0.122253,0.121887,0.026239
0.100491,0.100674,0.099794,0.101056,0.107508,0.104355,0.079151,0.102651,0.103743,0.100577
0.130016,0.032204,0.117447,0.085660,0.099870,0.128430,0.029213,0.126746,0.133536,0.116878
0.122534,0.112887,0.025878,0.113667,0.122758,0.025983,0.115246,0.117558,0.120468,0.123021
0.107310,0.104511,0.101171,0.102648,0.095462,0.103018,0.079017,0.087756,0.111009,0.108098
0.117758,0.116965,0.115291,0.025906,0.119934,0.122512,0.123049,0.114618,0.118462,0.025505
0.110606,0.137221,0.136443,0.030962,0.134393,0.106735,0.090474,0.087533,0.135398,0.030236
0.089452,0.099430,0.100626,0.095783,0.105925,0.105562,0.098770,0.102780,0.101739,0.099931
0.125269,0.031373,0.123741,0.099140,0.106949,0.124834,0.028427,0.126684,0.117805,0.115779
0.109808,0.030415,0.118953,0.118906,0.106393,0.128704,0.027536,0.122302,0.124237,0.112748
0.110157,0.069145,0.112145,0.105231,0.105322,0.089798,0.080089,0.107248,0.107873,0.112993
0.129881,0.030687,0.090525,0.121171,0.130136,0.102382,0.027885,0.124816,0.130737,0.111779
0.101790,0.103170,0.099878,0.098464,0.109343,0.083252,0.102125,0.100557,0.101995,0.099426
0.139993,0.132921,0.029419,0.091205,0.136593,0.029573,0.093753,0.080954,0.126436,0.139153
0.120357,0.114599,0.110622,0.025251,0.092353,0.113002,0.113830,0.077085,0.121166,0.111735
0.131038,0.125747,0.117311,0.028961,0.116792,0.102347,0.091774,0.127005,0.130766,0.028260
0.111770,0.107486,0.025369,0.103357,0.113289,0.093949,0.115403,0.110862,0.116430,0.102085
0.109230,0.098512,0.101804,0.064126,0.091768,0.095240,0.106771,0.111871,0.111772,0.108907
0.108470,0.082620,0.136411,0.031086,0.136489,0.109415,0.089246,0.141269,0.134666,0.030326
0.083826,0.101940,0.105749,0.099724,0.104765,0.103344,0.097370,0.103528,0.107433,0.092321
0.121823,0.128305,0.119261,0.029094,0.138488,0.110004,0.100909,0.087675,0.135928,0.028512
0.121690,0.031375,0.115535,0.126086,0.132706,0.124462,0.028457,0.080443,0.110451,0.128797
0.094817,0.097272,0.096018,0.104222,0.093187,0.099604,0.084638,0.109345,0.109849,0.111047
0.108427,0.027919,0.107388,0.111546,0.094064,0.116407,0.108320,0.109636,0.115096,0.101196
0.109294,0.094719,0.111518,0.076552,0.098298,0.097923,0.083269,0.108383,0.108666,0.111379
0.101146,0.099395,0.102943,0.097934,0.102403,0.091858,0.104230,0.100151,0.103235,0.096705
0.127741,0.123432,0.027835,0.114432,0.133453,0.028408,0.118890,0.074414,0.128101,0.123293
0.127829,0.121771,0.099161,0.026929,0.122569,0.100994,0.121352,0.124019,0.128828,0.026547
0.111822,0.066613,0.102608,0.105986,0.114057,0.100530,0.110173,0.072113,0.114620,0.101478
0.096487,0.063746,0.104702,0.106047,0.112141,0.107826,0.076551,0.109910,0.110353,0.112236
0.109560,0.033915,0.134620,0.129035,0.101457,0.102198,0.030781,0.079480,0.140179,0.138773
0.109711,0.106139,0.112594,0.106814,0.086770,0.110096,0.082809,0.066373,0.107688,0.111007
0.118714,0.036550,0.115801,0.071727,0.124944,0.110289,0.033135,0.090275,0.148789,0.149776
0.099654,0.125274,0.114039,0.028832,0.130800,0.095701,0.122155,0.125204,0.130236,0.028105
0.100338,0.100632,0.096686,0.095192,0.103542,0.104713,0.097511,0.097794,0.099547,0.104045
0.138278,0.113085,0.030362,0.071431,0.121676,0.030451,0.092356,0.138685,0.134980,0.128697
0.102468,0.069450,0.089437,0.110171,0.113233,0.101394,0.085218,0.111435,0.110470,0.106724
0.131193,0.110539,0.127699,0.029803,0.113760,0.106610,0.089077,0.135562,0.126534,0.029224
0.127746,0.074673,0.027967,0.121203,0.109015,0.028280,0.135485,0.122626,0.119614,0.133391
0.108243,0.118552,0.101491,0.025631,0.113582,0.094490,0.115336,0.094895,0.116249,0.111529
0.131494,0.032626,0.119514,0.067609,0.108862,0.105045,0.087319,0.080259,0.134286,0.132987
0.108813,0.108525,0.092593,0.088753,0.109657,0.085318,0.099216,0.105685,0.105647,0.095794
0.132780,0.034156,0.119721,0.106857,0.118603,0.108056,0.030968,0.078043,0.140534,0.130282
0.111986,0.096167,0.090872,0.104525,0.113952,0.094283,0.102665,0.076293,0.109950,0.099308
0.110255,0.105933,0.103315,0.101018,0.105574,0.098942,0.103474,0.072468,0.109414,0.089607
0.116394,0.070003,0.097780,0.076909,0.116208,0.109379,0.073802,0.111103,0.111878,0.116545
0.128782,0.103227,0.028029,0.115890,0.123167,0.028531,0.120816,0.124194,0.110029,0.117336
0.090399,0.107783,0.106781,0.102902,0.093614,0.085578,0.098140,0.105264,0.095866,0.113673
0.112324,0.031016,0.121532,0.122138,0.108933,0.098038,0.028085,0.126053,0.125281,0.126601
0.131269,0.111874,0.123875,0.028447,0.111254,0.127506,0.135119,0.086415,0.115967,0.028274
0.105261,0.106730,0.097344,0.102052,0.107897,0.103154,0.077882,0.087095,0.103313,0.109272
0.104609,0.103730,0.094556,0.087456,0.109955,0.085948,0.099266,0.105136,0.102805,0.106539
0.107737,0.134686,0.112813,0.029306,0.135787,0.107854,0.119883,0.086619,0.136523,0.028792
0.115487,0.130684,0.128281,0.030206,0.122487,0.123899,0.096114,0.084151,0.139425,0.029268
0.130049,0.107071,0.028756,0.089684,0.128730,0.029020,0.092510,0.128472,0.128444,0.137264
0.106365,0.105764,0.101242,0.065102,0.126720,0.028477,0.082919,0.124559,0.128112,0.130740
0.120848,0.029815,0.115076,0.082011,0.103365,0.100728,0.109552,0.096628,0.119224,0.122752
0.105667,0.033662,0.110946,0.132637,0.101908,0.101429,0.030481,0.137578,0.137510,0.108182
0.115028,0.114856,0.113539,0.105498,0.101862,0.088968,0.025936,0.116978,0.113528,0.103809
0.122371,0.030461,0.102848,0.098220,0.129417,0.122665,0.027629,0.121347,0.119922,0.125120
0.101379,0.104986,0.106838,0.100698,0.100506,0.081442,0.107743,0.101730,0.096694,0.097986
0.095856,0.108494,0.082502,0.076963,0.111898,0.098238,0.097900,0.107987,0.110727,0.109434
0.135851,0.131157,0.128384,0.029982,0.134634,0.106429,0.089186,0.088011,0.126959,0.029405
0.096215,0.105843,0.099017,0.096995,0.107009,0.102073,0.094466,0.102426,0.109527,0.086429
0.110062,0.091094,0.097319,0.102631,0.090280,0.082266,0.104206,0.106108,0.105436,0.110598
0.109294,0.106753,0.106483,0.058875,0.095483,0.098835,0.098022,0.106304,0.107873,0.112078
0.111178,0.095359,0.107982,0.106816,0.092591,0.098980,0.070994,0.107714,0.108607,0.099780
0.102650,0.099966,0.098150,0.099660,0.104863,0.106954,0.097446,0.100685,0.095906,0.093721
0.108735,0.103466,0.100286,0.073469,0.108448,0.102001,0.107930,0.085077,0.102873,0.107714
0.112606,0.109517,0.087322,0.109074,0.099158,0.085142,0.084230,0.109297,0.113512,0.090142
0.112060,0.065861,0.104692,0.108272,0.098692,0.112213,0.071730,0.112877,0.111483,0.102121
0.113937,0.122711,0.123212,0.027982,0.131762,0.123951,0.080645,0.122358,0.126013,0.027428
0.094966,0.104064,0.092593,0.104035,0.112968,0.086765,0.100134,0.086975,0.105607,0.111892
0.100364,0.096799,0.104706,0.109144,0.105493,0.088363,0.071938,0.109436,0.108263,0.105494
0.116859,0.033255,0.120913,0.088250,0.102987,0.108617,0.030173,0.136784,0.135430,0.126731
0.107734,0.105236,0.098492,0.103662,0.088380,0.087762,0.082177,0.105360,0.111481,0.109714
0.123046,0.100707,0.126104,0.026955,0.120782,0.120261,0.113022,0.122300,0.120291,0.026532
0.105914,0.095178,0.104835,0.075333,0.091988,0.098868,0.098761,0.107370,0.109919,0.111835
0.108953,0.128106,0.110925,0.028402,0.112835,0.130438,0.092533,0.127183,0.132748,0.027878
0.140099,0.114619,0.117315,0.029302,0.109128,0.111165,0.123570,0.092040,0.133696,0.029066
0.106159,0.103537,0.102087,0.065108,0.111590,0.088585,0.101091,0.105977,0.105581,0.110285
0.111980,0.067377,0.109510,0.090752,0.117136,0.086888,0.084094,0.111977,0.103674,0.116611
0.129676,0.129797,0.096470,0.028038,0.115049,0.107903,0.124461,0.126018,0.114785,0.027801
0.105666,0.104614,0.100488,0.072341,0.090981,0.102888,0.103629,0.105012,0.104699,0.109683
0.126698,0.127412,0.111220,0.027458,0.108635,0.124491,0.097012,0.123737,0.125952,0.027384
0.098984,0.030760,0.122731,0.124193,0.105869,0.130443,0.027956,0.122211,0.109449,0.127404
0.116633,0.113384,0.090004,0.075371,0.095506,0.089108,0.108791,0.112526,0.108024,0.090655
0.122372,0.034877,0.111168,0.109021,0.134060,0.137380,0.031579,0.078387,0.130534,0.110623
0.108898,0.090506,0.105647,0.102683,0.092508,0.105731,0.104047,0.107361,0.094930,0.087689
0.101494,0.124061,0.102957,0.028358,0.108518,0.126817,0.127377,0.125908,0.126703,0.027807
0.124046,0.121516,0.027047,0.119715,0.111452,0.027495,0.116344,0.099722,0.126778,0.125884
0.107402,0.066882,0.114161,0.107222,0.087078,0.100066,0.099359,0.108563,0.108477,0.100790
0.089781,0.103855,0.101495,0.104578,0.092331,0.089728,0.100015,0.105654,0.110331,0.102232
0.095826,0.107669,0.098681,0.105400,0.093247,0.092668,0.100912,0.109017,0.098043,0.098538
0.094619,0.063099,0.111446,0.101603,0.104098,0.097522,0.104249,0.107809,0.112652,0.102904
0.107782,0.103538,0.101798,0.104120,0.090702,0.096998,0.071199,0.107290,0.106257,0.110315
0.097021,0.107113,0.105713,0.065785,0.101839,0.111671,0.082716,0.110990,0.113641,0.103510
0.128376,0.108103,0.028381,0.123734,0.106707,0.028575,0.121492,0.086364,0.133977,0.134291
0.095324,0.094769,0.079851,0.104346,0.111794,0.086763,0.101820,0.107202,0.106888,0.111243
0.111214,0.106071,0.101457,0.105715,0.109139,0.094234,0.081129,0.077026,0.108793,0.105222
0.096500,0.110632,0.082256,0.106180,0.092990,0.089173,0.105372,0.110072,0.107626,0.099197
0.108093,0.127794,0.028253,0.122884,0.134862,0.028515,0.124475,0.077400,0.125967,0.121757
0.092862,0.094281,0.101901,0.100361,0.090976,0.097086,0.100627,0.106925,0.105477,0.109504
0.118941,0.032097,0.123036,0.122956,0.109910,0.135469,0.029121,0.079297,0.114507,0.134667
0.117624,0.099175,0.100341,0.025303,0.103712,0.113357,0.112108,0.111958,0.103444,0.112978
0.111030,0.125762,0.124404,0.028144,0.108980,0.102983,0.113753,0.124808,0.132691,0.027445
0.116238,0.124946,0.028065,0.122770,0.105846,0.028220,0.131099,0.102636,0.111340,0.128839
0.112127,0.116514,0.088737,0.108510,0.100999,0.096513,0.026117,0.115033,0.115196,0.120254
0.108400,0.103592,0.092142,0.101422,0.091128,0.107656,0.102429,0.104941,0.094563,0.093726
0.112263,0.100074,0.087101,0.068061,0.104128,0.095012,0.116184,0.081658,0.118281,0.117239
0.122136,0.070556,0.094343,0.115669,0.119146,0.027067,0.115427,0.096226,0.123083,0.116346
0.092693,0.113179,0.024750,0.103138,0.117373,0.109329,0.104290,0.109813,0.109566,0.115869
0.120727,0.126185,0.029051,0.069513,0.133427,0.029259,0.096096,0.131248,0.127454,0.137040
0.114522,0.112739,0.113117,0.061349,0.105222,0.025967,0.114890,0.113226,0.120074,0.118894
0.089163,0.106478,0.086653,0.104795,0.107028,0.111378,0.099155,0.086605,0.106735,0.102009
0.114680,0.113288,0.125316,0.028643,0.131661,0.105636,0.090828,0.129420,0.132515,0.028013
0.118178,0.070117,0.115530,0.107750,0.098649,0.026184,0.105905,0.117850,0.117606,0.122230
0.118218,0.066577,0.117209,0.108050,0.115711,0.087648,0.109697,0.072118,0.113015,0.091757
0.121161,0.130701,0.029462,0.059691,0.128504,0.030139,0.092193,0.131315,0.134243,0.142591
0.108586,0.097658,0.103507,0.108838,0.117968,0.090688,0.103405,0.067883,0.098981,0.102486
0.123983,0.030745,0.112446,0.117074,0.120036,0.111571,0.027861,0.097691,0.129704,0.128890
0.091552,0.104635,0.097487,0.059196,0.104383,0.108939,0.106071,0.107804,0.108235,0.111697
0.108216,0.074114,0.127385,0.116846,0.106169,0.095442,0.027666,0.098161,0.128856,0.117144
0.114756,0.097594,0.097918,0.094109,0.119133,0.090508,0.108960,0.069099,0.100891,0.107031
0.126552,0.130660,0.097177,0.028359,0.116731,0.130652,0.099446,0.127276,0.115292,0.027855
0.112612,0.082303,0.029828,0.091157,0.143088,0.029938,0.124730,0.108490,0.136450,0.141404
0.107185,0.106448,0.096419,0.104002,0.109755,0.084800,0.111116,0.085952,0.106705,0.087617
0.123942,0.121824,0.112804,0.027285,0.129148,0.120949,0.117446,0.098500,0.121318,0.026785
0.105446,0.108890,0.087998,0.107068,0.112365,0.111961,0.073014,0.074133,0.107665,0.111460
0.126730,0.122699,0.119304,0.027581,0.098878,0.103669,0.122531,0.127166,0.124174,0.027269
0.135930,0.129195,0.028614,0.088115,0.101982,0.028711,0.128462,0.104327,0.130270,0.124393
0.123720,0.030715,0.119595,0.121107,0.108734,0.099953,0.027824,0.121784,0.129434,0.117135
0.110523,0.105166,0.082918,0.102642,0.091587,0.109597,0.100672,0.106396,0.100567,0.089933
0.117917,0.119079,0.109675,0.110895,0.119680,0.026085,0.110907,0.074004,0.116937,0.094820
0.106219,0.110181,0.091554,0.104095,0.097641,0.098845,0.102976,0.065479,0.109040,0.113970
0.105288,0.106154,0.102981,0.096941,0.104843,0.105208,0.079065,0.101403,0.103707,0.094409
0.099690,0.106372,0.099237,0.105060,0.109704,0.089012,0.083064,0.088227,0.107605,0.112030
0.117239,0.076643,0.029104,0.118480,0.109168,0.029615,0.126130,0.131037,0.138726,0.123857
0.106555,0.103300,0.092086,0.101409,0.089458,0.087850,0.107397,0.104032,0.099179,0.108733
0.104268,0.118852,0.115172,0.026514,0.105414,0.125028,0.108816,0.074906,0.111510,0.109519
0.107935,0.093490,0.105789,0.104602,0.091134,0.086386,0.104097,0.105875,0.112857,0.087834
0.131638,0.031178,0.121152,0.117780,0.110778,0.124718,0.028286,0.079231,0.123998,0.131241
0.106659,0.103988,0.100914,0.058058,0.107441,0.102648,0.103190,0.103729,0.104597,0.108776
0.113358,0.031141,0.120523,0.121779,0.103773,0.112803,0.028200,0.126694,0.122995,0.118735
0.126500,0.032546,0.116755,0.061714,0.114655,0.137762,0.029470,0.128939,0.132957,0.118702
0.091681,0.093203,0.104582,0.092314,0.089016,0.088228,0.108399,0.111316,0.113835,0.107427
0.100714,0.107264,0.103868,0.060191,0.104137,0.091825,0.103924,0.108831,0.113849,0.105395
0.107529,0.096629,0.106103,0.104420,0.088766,0.091061,0.073040,0.110742,0.107852,0.113858
0.116290,0.108231,0.099086,0.067884,0.094028,0.112906,0.083784,0.109330,0.101527,0.106933
0.089125,0.102842,0.096667,0.099825,0.103998,0.102145,0.099991,0.104577,0.093461,0.107369
0.093764,0.093475,0.111043,0.109853,0.100658,0.088056,0.107368,0.073379,0.113635,0.108768
0.121483,0.080330,0.029709,0.132442,0.138416,0.030183,0.102976,0.084877,0.141207,0.138377
0.114489,0.108959,0.106410,0.089346,0.114954,0.099207,0.098285,0.065370,0.102812,0.100168
0.106968,0.104669,0.097868,0.076099,0.108142,0.111248,0.070673,0.108340,0.110776,0.105216
0.109897,0.106022,0.094946,0.090650,0.094261,0.106191,0.103328,0.074530,0.114037,0.106139
0.094680,0.103625,0.105185,0.099336,0.107837,0.084226,0.106166,0.103041,0.097110,0.098794
0.107000,0.103532,0.106561,0.025475,0.121788,0.095536,0.089274,0.116472,0.115917,0.118444
0.110309,0.092181,0.087654,0.075027,0.109215,0.097794,0.098637,0.109576,0.108384,0.111223
0.113328,0.140111,0.101874,0.030449,0.110720,0.136744,0.105547,0.091819,0.139493,0.029915
0.104351,0.104363,0.099198,0.098681,0.105406,0.104083,0.093348,0.083322,0.102040,0.105207
0.095510,0.069871,0.111644,0.108182,0.118963,0.111375,0.080549,0.069377,0.119037,0.115491
0.089651,0.107262,0.093785,0.089754,0.112540,0.085964,0.099375,0.106604,0.108775,0.106289
0.105234,0.090564,0.100506,0.084963,0.109664,0.082735,0.109882,0.101798,0.105645,0.109010
0.127603,0.121023,0.117281,0.026878,0.121875,0.120481,0.112124,0.118521,0.107641,0.026574
0.129468,0.124883,0.118399,0.028188,0.108452,0.107467,0.092059,0.128539,0.134741,0.027803
0.129274,0.123760,0.028295,0.124794,0.101964,0.028572,0.085992,0.129817,0.122413,0.125118
0.105999,0.100151,0.086442,0.110906,0.096081,0.096416,0.108986,0.072660,0.111390,0.110969
0.092450,0.107076,0.083736,0.105322,0.105089,0.084065,0.109793,0.102169,0.102447,0.107854
0.104863,0.031963,0.121724,0.102951,0.136149,0.128066,0.029000,0.101768,0.127115,0.116402
0.109149,0.108577,0.107083,0.105961,0.091315,0.107324,0.107598,0.064871,0.109608,0.088514
0.105858,0.130651,0.028883,0.089016,0.102943,0.029103,0.118104,0.131990,0.137576,0.125876
0.095454,0.092712,0.109382,0.100038,0.097683,0.091479,0.082767,0.107121,0.112047,0.111317
0.102883,0.103462,0.092758,0.094541,0.099484,0.105719,0.097281,0.101390,0.102360,0.100122
0.123195,0.123295,0.027376,0.102826,0.122063,0.027770,0.116017,0.120000,0.121583,0.115875
0.116356,0.027745,0.106620,0.104039,0.094406,0.112265,0.102241,0.111544,0.110411,0.114373
0.123092,0.030349,0.117568,0.110934,0.125360,0.110316,0.027536,0.123256,0.106915,0.124674
0.095724,0.107472,0.081309,0.105081,0.110849,0.109271,0.111920,0.073924,0.106416,0.098033
0.126669,0.076073,0.101508,0.029675,0.126489,0.117625,0.130705,0.128354,0.134113,0.028788
0.105922,0.107376,0.101924,0.100309,0.108694,0.107714,0.079652,0.076074,0.109706,0.102628
0.111448,0.070720,0.097535,0.106273,0.092578,0.101759,0.082377,0.112254,0.110561,0.114496
0.109662,0.114860,0.130385,0.029734,0.114740,0.103580,0.101011,0.130113,0.136943,0.028973
0.104133,0.101628,0.095064,0.099461,0.107086,0.085004,0.098993,0.103585,0.097575,0.107471
0.116083,0.029924,0.109332,0.119538,0.115967,0.118171,0.027097,0.121550,0.120029,0.122310
0.104787,0.126247,0.028501,0.117773,0.136363,0.028737,0.090827,0.104402,0.127337,0.135026
0.113862,0.116716,0.115403,0.114493,0.093667,0.026209,0.106027,0.077573,0.115887,0.120164
0.119875,0.120161,0.026458,0.116434,0.116111,0.027066,0.116910,0.118743,0.121829,0.116413
0.091916,0.108270,0.098831,0.102092,0.093001,0.110241,0.113053,0.066797,0.109525,0.106274
0.111168,0.095288,0.024869,0.111752,0.114691,0.091990,0.106393,0.108709,0.117483,0.117659
0.098940,0.102465,0.091131,0.098234,0.100847,0.104999,0.095977,0.101804,0.100757,0.104846
0.106056,0.091162,0.085179,0.102769,0.090356,0.109380,0.095610,0.106130,0.110726,0.102631
0.091702,0.065736,0.116838,0.109193,0.085652,0.110585,0.100286,0.113037,0.105125,0.101846
0.087026,0.112929,0.108541,0.088496,0.113250,0.083455,0.105424,0.108142,0.103893,0.088843
0.109836,0.120627,0.121066,0.027534,0.105015,0.125943,0.114715,0.125225,0.122984,0.027055
0.123097,0.121562,0.026938,0.119724,0.128892,0.027213,0.114881,0.099580,0.122486,0.115628
0.092127,0.091537,0.102700,0.097111,0.108691,0.083472,0.108357,0.105072,0.102721,0.108212
0.113727,0.115523,0.102553,0.058457,0.093959,0.094798,0.083172,0.114576,0.113030,0.110206
0.133818,0.125443,0.028052,0.101642,0.096005,0.028416,0.114002,0.130478,0.123260,0.118884
0.104554,0.031900,0.101885,0.120604,0.108159,0.115932,0.028928,0.129622,0.127419,0.130996
0.114210,0.123931,0.027781,0.122045,0.121539,0.028303,0.096193,0.102486,0.130110,0.133401
0.130080,0.135626,0.031245,0.076160,0.128301,0.031295,0.102438,0.095424,0.123933,0.145499
0.114698,0.109134,0.108421,0.102534,0.098034,0.114205,0.071483,0.073540,0.109455,0.098496
0.111319,0.031702,0.124325,0.124661,0.110662,0.127591,0.028715,0.076183,0.130089,0.134754
0.108346,0.030775,0.116547,0.123417,0.122519,0.101275,0.027882,0.121961,0.121130,0.126148
0.106413,0.104607,0.085677,0.102999,0.090344,0.084762,0.109329,0.102068,0.110821,0.102981
0.133677,0.130331,0.130888,0.029838,0.139795,0.101407,0.091322,0.078316,0.135279,0.029146
0.092662,0.109492,0.107346,0.058571,0.098263,0.101618,0.104274,0.109145,0.111398,0.107230
0.112865,0.112487,0.101217,0.064870,0.093305,0.097049,0.076882,0.111302,0.114856,0.115167
0.102163,0.102419,0.094933,0.098526,0.084556,0.102998,0.101797,0.105103,0.105542,0.101964
0.135704,0.082156,0.114456,0.030395,0.120007,0.104431,0.122788,0.133254,0.127053,0.029757
0.106048,0.100283,0.091508,0.097304,0.107792,0.105312,0.096119,0.102501,0.107282,0.085852
0.087009,0.105349,0.096090,0.087881,0.111296,0.083786,0.111369,0.103351,0.105325,0.108545
0.089500,0.102276,0.100608,0.100303,0.095126,0.094978,0.100132,0.104494,0.110307,0.102275
0.104822,0.127228,0.123108,0.028252,0.099492,0.114978,0.134217,0.128319,0.111903,0.027680
0.102353,0.110647,0.089193,0.059041,0.107696,0.101022,0.109517,0.112279,0.116750,0.091502
0.108203,0.118465,0.090829,0.026373,0.108000,0.099773,0.117890,0.083854,0.123943,0.122669
0.109339,0.106885,0.094065,0.076306,0.104356,0.091680,0.097719,0.103789,0.105976,0.109885
0.101147,0.106328,0.094447,0.102524,0.112045,0.089859,0.105412,0.074769,0.108777,0.104692
0.109454,0.106794,0.081763,0.094550,0.110045,0.091431,0.080937,0.105663,0.106957,0.112408
0.125085,0.125460,0.113997,0.027879,0.121992,0.124855,0.118347,0.084865,0.130189,0.027330
0.101139,0.112844,0.107709,0.110758,0.095456,0.094755,0.075724,0.069936,0.113919,0.117760
0.088125,0.091998,0.092278,0.103891,0.110636,0.089183,0.104881,0.102881,0.106073,0.110055
0.095684,0.092640,0.098903,0.103873,0.088417,0.111030,0.078656,0.107710,0.112320,0.110767
0.133813,0.078190,0.092614,0.028263,0.130935,0.133810,0.115589,0.124485,0.134524,0.027777
0.107430,0.064106,0.105149,0.098343,0.109806,0.104930,0.105713,0.107596,0.099847,0.097081
0.131364,0.104003,0.028701,0.127170,0.101432,0.029140,0.085987,0.129314,0.124373,0.138517
0.095295,0.102039,0.100285,0.101581,0.109563,0.103060,0.099248,0.101678,0.102477,0.084775
0.113441,0.118221,0.125950,0.026917,0.125008,0.120903,0.094293,0.120490,0.128401,0.026375
0.120236,0.118720,0.026113,0.119064,0.114862,0.026623,0.125825,0.117344,0.120474,0.110739
0.103805,0.098726,0.102082,0.099096,0.101839,0.103056,0.094556,0.097520,0.097721,0.101599
0.113882,0.113873,0.109465,0.062838,0.101128,0.103578,0.077120,0.085429,0.116086,0.116600
0.091576,0.109413,0.102069,0.110263,0.099902,0.089794,0.073328,0.111076,0.111590,0.100989
0.102271,0.102915,0.100267,0.099808,0.100274,0.107584,0.069607,0.102594,0.108888,0.105791
0.097249,0.106482,0.083936,0.103214,0.115458,0.089764,0.072986,0.107394,0.109305,0.114212
0.105432,0.032240,0.128512,0.085281,0.114343,0.117284,0.029264,0.131433,0.131656,0.124555
0.104784,0.111533,0.027688,0.120914,0.104156,0.028008,0.118211,0.125764,0.130991,0.127952
0.127473,0.127775,0.028128,0.128155,0.125068,0.028705,0.082569,0.126547,0.121483,0.104097
0.127247,0.031401,0.106722,0.115700,0.132154,0.099909,0.028498,0.127048,0.117937,0.113382
0.116332,0.033108,0.139008,0.087737,0.136388,0.101783,0.030003,0.082618,0.136841,0.136180
0.108926,0.031007,0.111361,0.124038,0.109304,0.112151,0.028079,0.119796,0.125286,0.130055
0.098927,0.113456,0.100195,0.092431,0.107962,0.092677,0.110209,0.067258,0.109790,0.107095
0.122860,0.127619,0.108265,0.027663,0.106563,0.114550,0.114093,0.127150,0.123936,0.027300
0.122413,0.106746,0.027775,0.068119,0.127560,0.101351,0.093168,0.120056,0.120323,0.112488
0.115633,0.109348,0.112928,0.029100,0.111925,0.109654,0.130811,0.128412,0.123448,0.028742
0.095667,0.106929,0.103581,0.104552,0.107044,0.111987,0.077785,0.087358,0.106267,0.098831
0.108983,0.110838,0.090622,0.113261,0.097036,0.025295,0.118712,0.111318,0.114437,0.109497
0.093585,0.107732,0.095769,0.102619,0.090308,0.098897,0.102031,0.109538,0.108633,0.090888
0.115426,0.112993,0.105609,0.108973,0.120269,0.095756,0.025847,0.093102,0.112364,0.109661
0.117405,0.110446,0.113360,0.029466,0.112382,0.134989,0.087211,0.133993,0.131665,0.029082
0.093753,0.102372,0.082198,0.101584,0.090650,0.107752,0.107332,0.104729,0.109697,0.099933
0.116043,0.116909,0.025858,0.114656,0.121080,0.097116,0.089773,0.079680,0.119131,0.119753
0.118561,0.110428,0.098884,0.064025,0.102914,0.092113,0.087096,0.114431,0.106838,0.104708
0.130322,0.030990,0.097651,0.124157,0.105810,0.124030,0.028085,0.122311,0.123441,0.113204
0.101903,0.100538,0.100731,0.111669,0.101106,0.103983,0.084559,0.080329,0.103438,0.111743
0.104880,0.105560,0.100755,0.102075,0.110241,0.090361,0.078184,0.102399,0.103040,0.102505
0.108350,0.030773,0.109549,0.110680,0.118680,0.120971,0.027833,0.121080,0.126324,0.125761
0.123176,0.030528,0.127387,0.098666,0.102292,0.128540,0.027658,0.124420,0.120890,0.116444
0.114673,0.113233,0.092850,0.028885,0.133149,0.136384,0.117060,0.103948,0.131474,0.028344
0.110389,0.108461,0.106418,0.063243,0.105392,0.092934,0.085579,0.107514,0.106887,0.113183
0.094882,0.105794,0.102474,0.103632,0.108979,0.091697,0.079282,0.106379,0.096800,0.110081
0.106290,0.104023,0.096486,0.096696,0.101405,0.109200,0.094522,0.101671,0.103736,0.085971
0.098305,0.104596,0.082117,0.098644,0.111021,0.090621,0.103487,0.105389,0.110653,0.095166
0.103636,0.111980,0.129023,0.029136,0.137777,0.129766,0.118016,0.082913,0.129195,0.028559
0.099051,0.130052,0.027832,0.100911,0.122394,0.028390,0.124339,0.129548,0.119869,0.117613
0.116566,0.103618,0.028978,0.128829,0.108909,0.029452,0.131264,0.104570,0.124404,0.123410
0.127386,0.031438,0.100754,0.119889,0.106728,0.097601,0.028529,0.124791,0.133140,0.129743
0.133203,0.031565,0.125528,0.119703,0.134903,0.095941,0.028638,0.099855,0.128841,0.101823
0.129666,0.030529,0.113134,0.114355,0.129965,0.102187,0.027782,0.099027,0.123197,0.130159
0.134809,0.033667,0.119456,0.127980,0.118139,0.101929,0.030528,0.078900,0.126575,0.128017
0.127214,0.125651,0.130865,0.028021,0.122169,0.132446,0.096366,0.082254,0.127622,0.027394
