0.097988,0.105350,0.099493,0.099199,0.101208,0.098271,0.099319,0.107834,0.096023,0.095315
0.103187,0.102382,0.110543,0.063100,0.112221,0.096725,0.108489,0.107359,0.099978,0.096017
0.113478,0.069646,0.099307,0.089538,0.115705,0.115941,0.069529,0.107531,0.111636,0.107690
0.108574,0.099170,0.104182,0.081773,0.106574,0.093086,0.103099,0.092225,0.109042,0.102274
0.100893,0.088764,0.097120,0.101340,0.109189,0.096149,0.109966,0.085421,0.099195,0.111963
0.104653,0.105444,0.096150,0.065505,0.114656,0.105279,0.115275,0.113280,0.113483,0.066275
0.090147,0.108520,0.094007,0.112006,0.108882,0.090747,0.085739,0.087915,0.114189,0.107849
0.103301,0.106046,0.086753,0.100000,0.103194,0.104666,0.091444,0.092229,0.108273,0.104094
0.085617,0.097688,0.097082,0.107730,0.091019,0.107429,0.101036,0.102946,0.106223,0.103230
0.105476,0.111850,0.090807,0.086918,0.097138,0.099553,0.088921,0.107340,0.103763,0.108234
0.107802,0.098194,0.102159,0.097190,0.098458,0.091611,0.099644,0.102124,0.103038,0.099781
0.111201,0.116278,0.101912,0.063528,0.113233,0.102287,0.112019,0.109063,0.106257,0.064222
0.096634,0.098521,0.083657,0.097549,0.101164,0.102965,0.107153,0.103123,0.101888,0.107348
0.103049,0.097134,0.101003,0.093749,0.098383,0.065610,0.104806,0.103947,0.116606,0.115713
0.098334,0.101773,0.105504,0.089253,0.108237,0.106379,0.083514,0.104258,0.099913,0.102835
0.098896,0.100290,0.091966,0.088571,0.106890,0.092158,0.104677,0.102544,0.105943,0.108066
0.107204,0.110127,0.107346,0.066723,0.109667,0.112682,0.113497,0.090174,0.115079,0.067500
0.105237,0.088774,0.087106,0.096332,0.104998,0.106099,0.102832,0.095591,0.107460,0.105570
0.108445,0.094728,0.102631,0.067191,0.108529,0.104534,0.113434,0.113051,0.119311,0.068146
0.099702,0.097516,0.089875,0.096704,0.103629,0.103631,0.103124,0.104836,0.104635,0.096349
0.117501,0.106641,0.065792,0.103795,0.102701,0.066370,0.094497,0.111826,0.118990,0.111886
0.110934,0.094281,0.112630,0.066884,0.108205,0.114527,0.095526,0.115682,0.113409,0.067923
0.109753,0.095301,0.108075,0.067311,0.108365,0.113322,0.107567,0.107077,0.115126,0.068103
0.114732,0.096093,0.092948,0.069519,0.112536,0.104877,0.111428,0.116067,0.111614,0.070185
0.102152,0.066566,0.098889,0.119988,0.102163,0.116022,0.066395,0.096920,0.114755,0.116150
0.094372,0.109198,0.092018,0.104675,0.115987,0.067451,0.098004,0.097553,0.112082,0.108660
0.118203,0.069998,0.102733,0.106739,0.103260,0.102626,0.069881,0.099655,0.112505,0.114400
0.115062,0.105507,0.061657,0.112408,0.105958,0.062338,0.109276,0.108383,0.112085,0.107325
0.103844,0.093041,0.108532,0.086880,0.097963,0.107891,0.110823,0.084641,0.110131,0.096254
0.103551,0.098495,0.089837,0.095257,0.094813,0.103637,0.104578,0.103174,0.109579,0.097078
0.113888,0.092584,0.109642,0.103854,0.097743,0.097671,0.065908,0.113036,0.102038,0.103636
0.113398,0.103683,0.104117,0.091874,0.105214,0.093940,0.087711,0.088637,0.103365,0.108060
0.099066,0.107823,0.097313,0.083965,0.102960,0.093182,0.106811,0.095721,0.107184,0.105975
0.113160,0.090611,0.096685,0.092047,0.110253,0.093106,0.087033,0.108166,0.100393,0.108547
0.108103,0.104492,0.090299,0.079574,0.092159,0.098095,0.103704,0.106582,0.109757,0.107236
0.099401,0.105127,0.073021,0.099649,0.116147,0.073726,0.094630,0.110858,0.109870,0.117572
0.096270,0.110987,0.069881,0.119581,0.101826,0.070565,0.097394,0.102919,0.112604,0.117973
0.105291,0.096195,0.103090,0.108564,0.105481,0.095268,0.088290,0.091629,0.098646,0.107547
0.091028,0.104425,0.063843,0.113510,0.112507,0.104134,0.092592,0.098201,0.112529,0.107232
0.098049,0.100023,0.104525,0.080784,0.106289,0.104342,0.105102,0.091928,0.107388,0.101569
0.107511,0.101359,0.097563,0.097977,0.095345,0.097342,0.101266,0.102567,0.095389,0.103681
0.096133,0.098256,0.088908,0.107574,0.103693,0.104469,0.095634,0.100036,0.101066,0.104233
0.098461,0.106529,0.096956,0.083851,0.104277,0.095192,0.092714,0.108176,0.110819,0.103024
0.108397,0.105588,0.113101,0.065322,0.114622,0.098576,0.111060,0.103920,0.113300,0.066116
0.100049,0.102188,0.096071,0.083006,0.098725,0.100012,0.103540,0.109102,0.106491,0.100818
0.092310,0.096341,0.090265,0.084684,0.097246,0.098542,0.112028,0.111744,0.108692,0.108148
0.099097,0.100741,0.105768,0.100874,0.109470,0.107308,0.091338,0.084944,0.104548,0.095912
0.107148,0.100039,0.103484,0.071351,0.105987,0.118259,0.118404,0.093886,0.109423,0.072018
0.115955,0.110744,0.101980,0.071207,0.119594,0.099510,0.099549,0.095040,0.114603,0.071818
0.102148,0.066786,0.109137,0.104299,0.107287,0.100425,0.066573,0.113537,0.118719,0.111089
0.101114,0.093442,0.108871,0.100167,0.103850,0.100459,0.107022,0.090648,0.097733,0.096693
0.104430,0.098380,0.089950,0.099224,0.104558,0.105014,0.105367,0.092395,0.106895,0.093787
0.090996,0.092852,0.103510,0.102816,0.096791,0.103248,0.103193,0.089691,0.114023,0.102880
0.105885,0.107814,0.066386,0.103577,0.116133,0.067056,0.108936,0.104457,0.117944,0.101813
0.107056,0.089309,0.094740,0.098758,0.108370,0.095160,0.090849,0.106242,0.112021,0.097495
0.112545,0.102919,0.102865,0.115877,0.102954,0.062584,0.084087,0.101388,0.110347,0.104433
0.107468,0.103766,0.090051,0.079593,0.106999,0.104414,0.103142,0.090760,0.105298,0.108511
0.100505,0.104551,0.094849,0.100742,0.110773,0.100935,0.108027,0.085839,0.098332,0.095447
0.094096,0.067474,0.112428,0.120354,0.114587,0.102982,0.067295,0.088288,0.120133,0.112363
0.099282,0.112397,0.096639,0.071714,0.106692,0.106866,0.102674,0.109715,0.121632,0.072390
0.115285,0.117511,0.063322,0.100773,0.114077,0.064023,0.112567,0.112023,0.101123,0.099295
0.101466,0.112951,0.086968,0.100393,0.094235,0.100000,0.084037,0.106124,0.108835,0.104991
0.116596,0.068344,0.097933,0.105110,0.112243,0.103621,0.068191,0.112707,0.105073,0.110183
0.116380,0.108994,0.106591,0.067609,0.114553,0.114764,0.107428,0.090358,0.104921,0.068401
0.115258,0.068150,0.096771,0.119253,0.101996,0.094633,0.067977,0.115737,0.118329,0.101896
0.105354,0.097674,0.065811,0.120267,0.097478,0.066519,0.112473,0.102507,0.115620,0.116297
0.094913,0.069300,0.106460,0.120256,0.099858,0.100353,0.069068,0.116775,0.120498,0.102519
0.114926,0.093159,0.111029,0.065769,0.102146,0.105462,0.114892,0.111742,0.114513,0.066361
0.096456,0.103572,0.097876,0.107545,0.098473,0.093991,0.107250,0.095458,0.096290,0.103089
0.103740,0.117425,0.095981,0.065896,0.114847,0.099839,0.088383,0.095457,0.102853,0.115580
0.110899,0.089320,0.096457,0.102065,0.099301,0.108244,0.101504,0.088961,0.106182,0.097067
0.118501,0.110580,0.069008,0.096242,0.116674,0.069705,0.091600,0.117019,0.108819,0.101854
0.086178,0.097761,0.100492,0.096538,0.103476,0.103681,0.102878,0.105050,0.107525,0.096422
0.117298,0.111319,0.067947,0.107230,0.100768,0.068616,0.090300,0.106835,0.116552,0.113134
0.103706,0.091713,0.095469,0.115829,0.112820,0.064055,0.110848,0.101556,0.108046,0.095958
0.105243,0.088831,0.100812,0.102461,0.095312,0.101639,0.091039,0.106408,0.110342,0.097913
0.094076,0.067510,0.105550,0.105430,0.108220,0.114178,0.067366,0.115534,0.106160,0.115976
0.105260,0.102426,0.105561,0.081311,0.103547,0.099056,0.091449,0.098912,0.107647,0.104831
0.104824,0.108861,0.067792,0.088653,0.117415,0.068181,0.107566,0.116112,0.107479,0.113116
0.107103,0.090831,0.099846,0.093514,0.108083,0.097665,0.095259,0.088593,0.113320,0.105786
0.088445,0.100112,0.086295,0.112216,0.101114,0.098888,0.100134,0.107378,0.099990,0.105428
0.099453,0.101362,0.099727,0.098263,0.109424,0.098222,0.084721,0.094782,0.111480,0.102565
0.087058,0.099212,0.100065,0.112131,0.092766,0.092076,0.107754,0.099234,0.106771,0.102933
0.101587,0.085686,0.094988,0.099873,0.103803,0.092866,0.098382,0.104871,0.108191,0.109752
0.118103,0.119530,0.066681,0.116529,0.099118,0.067382,0.098123,0.105290,0.106999,0.102244
0.111174,0.107356,0.065830,0.094173,0.110317,0.066509,0.113308,0.112409,0.119987,0.098937
0.108818,0.107923,0.097238,0.064676,0.101436,0.112694,0.113531,0.110979,0.117286,0.065419
0.098220,0.102438,0.085690,0.099020,0.100474,0.092725,0.108571,0.093063,0.110997,0.108802
0.106138,0.089835,0.097878,0.083019,0.099962,0.091854,0.108663,0.107726,0.110337,0.104589
0.110025,0.109042,0.103589,0.068576,0.102297,0.107982,0.092890,0.116649,0.119463,0.069487
0.109693,0.071069,0.105843,0.107413,0.104555,0.108752,0.070921,0.092577,0.109894,0.119283
0.089129,0.100433,0.092891,0.100450,0.108474,0.095761,0.104545,0.098761,0.104947,0.104608
0.098056,0.093889,0.093064,0.101036,0.108216,0.107132,0.090014,0.098243,0.113648,0.096702
0.110237,0.065023,0.094168,0.101658,0.114026,0.110343,0.064881,0.113010,0.116754,0.109900
0.095724,0.089549,0.102355,0.105774,0.105143,0.103334,0.087824,0.104291,0.104340,0.101665
0.108894,0.068089,0.104055,0.088299,0.104026,0.116798,0.067989,0.113979,0.111217,0.116653
0.085364,0.109206,0.102494,0.106611,0.093345,0.102104,0.088214,0.104456,0.101895,0.106311
0.103356,0.102544,0.105918,0.087545,0.096870,0.099722,0.083206,0.107428,0.111356,0.102054
0.110580,0.091193,0.087236,0.100473,0.097947,0.095411,0.107078,0.108514,0.104888,0.096682
0.108110,0.092199,0.065812,0.104286,0.117068,0.066471,0.116372,0.112121,0.115571,0.101990
0.107445,0.100329,0.095744,0.071385,0.106442,0.110094,0.099382,0.115264,0.121845,0.072068
0.114313,0.101863,0.101930,0.068748,0.105706,0.101652,0.114382,0.103182,0.118634,0.069591
0.103953,0.105249,0.085498,0.096296,0.105801,0.093400,0.105909,0.091030,0.103181,0.109684
0.098768,0.100850,0.086746,0.097623,0.103161,0.098405,0.105746,0.104153,0.110875,0.093673
0.107546,0.062628,0.091305,0.100654,0.102904,0.097389,0.107928,0.109367,0.113117,0.107161
0.114322,0.066283,0.108206,0.118426,0.112678,0.092678,0.066062,0.103074,0.118097,0.100175
0.105896,0.118779,0.065895,0.086293,0.113429,0.066566,0.106106,0.115057,0.110134,0.111844
0.096725,0.090763,0.100232,0.097463,0.094409,0.103555,0.107472,0.095929,0.106470,0.106982
0.099215,0.105209,0.094101,0.102707,0.098430,0.063259,0.112706,0.101710,0.110374,0.112289
0.118186,0.108323,0.103886,0.068378,0.105057,0.107535,0.098058,0.107368,0.113858,0.069349
0.107308,0.091467,0.098071,0.087221,0.101866,0.107491,0.089746,0.102967,0.109912,0.103950
0.094373,0.108330,0.068014,0.105093,0.110303,0.068719,0.114958,0.106538,0.120700,0.102971
0.103424,0.097934,0.103748,0.098272,0.107050,0.092799,0.089878,0.092530,0.107573,0.106794
0.085889,0.091927,0.107708,0.098768,0.106129,0.092876,0.109667,0.107341,0.107055,0.092640
0.101737,0.090445,0.097019,0.102598,0.109527,0.102385,0.086627,0.097096,0.113896,0.098671
0.103708,0.105181,0.097275,0.091721,0.097881,0.103927,0.110230,0.088081,0.101635,0.100361
0.111539,0.067992,0.105815,0.105393,0.118077,0.101836,0.067837,0.097423,0.104720,0.119367
0.115682,0.118961,0.065079,0.104910,0.106122,0.065764,0.105418,0.104532,0.102515,0.111018
0.116154,0.106579,0.065272,0.118955,0.109371,0.065943,0.107595,0.098563,0.110732,0.100836
0.111349,0.109279,0.101705,0.087168,0.111306,0.095503,0.067358,0.104451,0.110259,0.101622
0.108547,0.105757,0.093003,0.096872,0.104556,0.089599,0.104688,0.098884,0.096607,0.101486
0.110415,0.107292,0.103064,0.065690,0.110049,0.115544,0.098437,0.111579,0.111135,0.066795
0.095112,0.070126,0.117409,0.106798,0.115932,0.104507,0.069874,0.090622,0.121997,0.107623
0.097405,0.122532,0.070201,0.098249,0.102855,0.070885,0.098008,0.115923,0.110615,0.113326
0.107022,0.105576,0.065680,0.104647,0.102009,0.066373,0.116094,0.112032,0.115304,0.105262
0.100998,0.100627,0.092327,0.095354,0.098799,0.098739,0.098566,0.102949,0.109872,0.101769
0.100163,0.103834,0.092849,0.100784,0.102180,0.095172,0.084581,0.105846,0.111262,0.103328
0.118472,0.099558,0.067267,0.105978,0.110045,0.067963,0.117670,0.105686,0.104874,0.102487
0.102921,0.108202,0.097922,0.091772,0.098433,0.108809,0.085760,0.101289,0.106413,0.098480
0.100859,0.091429,0.108940,0.101528,0.109045,0.113001,0.065093,0.102121,0.104571,0.103413
0.097686,0.101737,0.090019,0.108425,0.100977,0.105630,0.106528,0.092454,0.095658,0.100885
0.105881,0.088862,0.102768,0.109983,0.096695,0.105534,0.091063,0.090897,0.112039,0.096277
0.110361,0.123237,0.070572,0.090405,0.112092,0.071283,0.098054,0.099513,0.108132,0.116351
0.108650,0.095211,0.094547,0.100090,0.099210,0.090594,0.109467,0.092477,0.113519,0.096235
0.095663,0.107059,0.101320,0.067139,0.114448,0.114933,0.099101,0.112682,0.119659,0.067997
0.098275,0.071302,0.104930,0.108180,0.105350,0.103295,0.071192,0.118306,0.113275,0.105895
0.092185,0.093625,0.089831,0.102731,0.112816,0.110016,0.092152,0.094880,0.103870,0.107894
0.103750,0.068493,0.101362,0.105750,0.117607,0.095800,0.068365,0.112416,0.113594,0.112861
0.103910,0.111114,0.103427,0.065015,0.114666,0.100442,0.115436,0.104231,0.116101,0.065656
0.114889,0.099059,0.069856,0.097746,0.117282,0.070521,0.101700,0.108127,0.118282,0.102538
0.091265,0.106435,0.095983,0.098151,0.098567,0.099134,0.100732,0.088968,0.110471,0.110293
0.104953,0.093114,0.099495,0.089793,0.108624,0.094387,0.105704,0.099304,0.100571,0.104056
0.108570,0.100677,0.092752,0.080749,0.106100,0.104706,0.099364,0.087234,0.110764,0.109085
0.102988,0.108898,0.094939,0.066936,0.102859,0.116453,0.112739,0.111922,0.114874,0.067391
0.110287,0.102438,0.105725,0.099416,0.110500,0.100389,0.085011,0.086263,0.098669,0.101302
0.102600,0.092581,0.105295,0.110095,0.100858,0.096878,0.082796,0.099637,0.103753,0.105507
0.109489,0.104101,0.096378,0.084248,0.097811,0.101236,0.095365,0.098413,0.114761,0.098198
0.105633,0.118225,0.111904,0.066042,0.115941,0.099129,0.090247,0.111595,0.114565,0.066720
0.105988,0.094799,0.065792,0.119968,0.116887,0.066468,0.113070,0.096041,0.119374,0.101612
0.100161,0.084109,0.091644,0.110012,0.100871,0.096865,0.102884,0.102617,0.108434,0.102402
0.102404,0.105360,0.104470,0.065845,0.115252,0.111737,0.115648,0.099728,0.113077,0.066480
0.106672,0.100430,0.112177,0.067754,0.116415,0.106973,0.098516,0.106734,0.115900,0.068429
0.118814,0.069965,0.104294,0.107417,0.101413,0.103312,0.069833,0.106418,0.114366,0.104170
0.116792,0.092520,0.066332,0.116877,0.101721,0.067038,0.112879,0.114083,0.111137,0.100620
0.090886,0.065773,0.110686,0.119320,0.112375,0.103570,0.065504,0.112720,0.118511,0.100655
0.096566,0.103447,0.092111,0.095414,0.101503,0.097368,0.098511,0.105606,0.107830,0.101643
0.114102,0.106976,0.111123,0.066028,0.107006,0.105490,0.114793,0.088935,0.118770,0.066777
0.113161,0.110215,0.099364,0.063321,0.108619,0.103871,0.112892,0.111414,0.112716,0.064428
0.111062,0.102688,0.110310,0.100807,0.096649,0.095827,0.087117,0.087936,0.099897,0.107707
0.106363,0.062446,0.108380,0.090380,0.094446,0.111646,0.109686,0.094066,0.110328,0.112260
0.103688,0.064201,0.109419,0.102816,0.113864,0.109299,0.064032,0.111464,0.115211,0.106006
0.116137,0.072164,0.118841,0.090923,0.120495,0.098134,0.071960,0.092807,0.113163,0.105376
0.113212,0.067230,0.103712,0.116179,0.103754,0.101160,0.067044,0.098114,0.119828,0.109768
0.101881,0.089491,0.061732,0.099057,0.098231,0.108816,0.109016,0.109592,0.110786,0.111398
0.115560,0.107017,0.067076,0.103606,0.102045,0.067730,0.113701,0.106265,0.110898,0.106100
0.093931,0.067368,0.112547,0.104237,0.109780,0.105073,0.067187,0.111704,0.110300,0.117873
0.118196,0.110790,0.113420,0.067704,0.108808,0.107081,0.090909,0.098352,0.116336,0.068404
0.112895,0.107792,0.066191,0.107386,0.110413,0.066767,0.094938,0.115078,0.107013,0.111527
0.111750,0.104215,0.064031,0.104861,0.105345,0.064662,0.104865,0.113312,0.116638,0.110321
0.107090,0.063000,0.109668,0.116912,0.112964,0.099894,0.062870,0.107801,0.114375,0.105426
0.108813,0.103148,0.103742,0.088465,0.098072,0.092754,0.089662,0.104869,0.102434,0.108042
0.116475,0.098165,0.110623,0.071277,0.106178,0.097387,0.116583,0.104300,0.107226,0.071785
0.115388,0.066569,0.111477,0.087207,0.112891,0.114940,0.066459,0.110281,0.103528,0.111260
0.113801,0.067995,0.107090,0.117805,0.098397,0.117876,0.067754,0.088795,0.109198,0.111288
0.107727,0.098615,0.097576,0.098687,0.101723,0.092498,0.097997,0.105714,0.105545,0.093919
0.106797,0.106028,0.106155,0.062484,0.112965,0.112994,0.103093,0.111428,0.114638,0.063418
0.101464,0.096326,0.096571,0.108829,0.105313,0.096040,0.087363,0.094739,0.107697,0.105659
0.111830,0.071569,0.101012,0.091136,0.105452,0.114606,0.071444,0.109052,0.118425,0.105474
0.113205,0.101786,0.061605,0.112010,0.111680,0.062227,0.104232,0.110219,0.110838,0.112199
0.099144,0.104621,0.104759,0.095982,0.096401,0.104386,0.088520,0.093388,0.110430,0.102371
0.104671,0.110673,0.103161,0.064034,0.110980,0.113564,0.109833,0.102342,0.115906,0.064836
0.098746,0.113094,0.110040,0.072224,0.113089,0.110583,0.094595,0.100627,0.114131,0.072871
0.092630,0.106099,0.093619,0.094696,0.103142,0.103170,0.103308,0.098609,0.099829,0.104897
0.109249,0.069313,0.106553,0.105846,0.102164,0.116120,0.069102,0.113515,0.105765,0.102374
0.108102,0.065796,0.104820,0.115365,0.096499,0.115918,0.065538,0.110250,0.118478,0.099235
0.099452,0.088178,0.107975,0.097358,0.101511,0.099872,0.089851,0.105608,0.104567,0.105630
0.115077,0.065103,0.100074,0.114085,0.114268,0.097973,0.065000,0.111731,0.116779,0.099910
0.104826,0.101800,0.097155,0.096102,0.104658,0.095429,0.099142,0.095985,0.106755,0.098147
0.121265,0.110742,0.070865,0.090739,0.117977,0.071525,0.098751,0.093383,0.108445,0.116308
0.111024,0.101006,0.101556,0.061726,0.098303,0.106652,0.103816,0.092714,0.112788,0.110416
0.108951,0.109657,0.102206,0.070389,0.102568,0.109297,0.098579,0.109355,0.117987,0.071011
0.101281,0.102123,0.062512,0.101854,0.108702,0.095174,0.108061,0.109145,0.113586,0.097562
0.105295,0.092302,0.092433,0.088064,0.097311,0.093124,0.107674,0.107363,0.107935,0.108499
0.098657,0.098240,0.109817,0.072100,0.113553,0.106901,0.094220,0.120016,0.113815,0.072681
0.083201,0.101481,0.103476,0.108541,0.102171,0.095372,0.103757,0.104053,0.106874,0.091074
0.111401,0.119006,0.100537,0.066321,0.116778,0.104666,0.098814,0.099226,0.116039,0.067212
0.113844,0.069106,0.098933,0.106173,0.117567,0.113430,0.068997,0.097561,0.107013,0.107377
0.097817,0.093586,0.105186,0.099818,0.104258,0.094942,0.091885,0.107966,0.104715,0.099826
0.107091,0.061878,0.101327,0.098503,0.104316,0.111189,0.110992,0.098763,0.109470,0.096470
0.110624,0.093712,0.108653,0.084908,0.096148,0.096636,0.093203,0.101737,0.107814,0.106565
0.094592,0.095156,0.103242,0.108440,0.102379,0.089623,0.102156,0.103240,0.103445,0.097728
0.107317,0.119101,0.065105,0.104849,0.116526,0.065798,0.106409,0.087036,0.118656,0.109203
0.115725,0.106428,0.092940,0.066879,0.109053,0.099727,0.108717,0.114946,0.117939,0.067647
0.110901,0.088416,0.093526,0.098975,0.108635,0.096047,0.104345,0.091756,0.109709,0.097691
0.096879,0.083689,0.098461,0.111795,0.105024,0.104566,0.086115,0.106062,0.110807,0.096601
0.106860,0.073190,0.109691,0.110475,0.106198,0.098061,0.072946,0.093541,0.119172,0.109867
0.098324,0.111953,0.107367,0.112587,0.096010,0.098983,0.090367,0.083347,0.102766,0.098297
0.108113,0.073618,0.095107,0.099258,0.106676,0.111371,0.073449,0.101597,0.120523,0.110288
0.092000,0.119269,0.097793,0.066551,0.112915,0.105267,0.114817,0.105042,0.119283,0.067064
0.104615,0.094180,0.100246,0.094795,0.101309,0.104032,0.103405,0.094091,0.105016,0.098311
0.111011,0.101216,0.071617,0.099006,0.106730,0.072235,0.094870,0.119676,0.116314,0.107326
0.105293,0.088998,0.088983,0.099941,0.109198,0.096474,0.093542,0.106926,0.106255,0.104389
0.115481,0.099414,0.115018,0.069865,0.113902,0.098338,0.093397,0.116834,0.107099,0.070652
0.109783,0.095333,0.069278,0.108270,0.103840,0.069969,0.116089,0.106144,0.106408,0.114887
0.106808,0.106391,0.107543,0.063880,0.104662,0.093195,0.105699,0.097071,0.108898,0.105852
0.109694,0.069107,0.099004,0.096175,0.112057,0.107481,0.091428,0.091256,0.116396,0.107401
0.099890,0.101887,0.103273,0.098614,0.105738,0.089135,0.098989,0.098208,0.109704,0.094562
0.116671,0.072080,0.098846,0.108453,0.101621,0.102178,0.071831,0.092401,0.123327,0.112593
0.110067,0.092172,0.088756,0.102189,0.107914,0.095545,0.101306,0.093519,0.111820,0.096711
0.098866,0.099711,0.105232,0.099440,0.100440,0.093726,0.107299,0.090892,0.111235,0.093159
0.109968,0.088057,0.106682,0.082441,0.109279,0.105152,0.084515,0.099929,0.104710,0.109267
0.110369,0.097380,0.068969,0.108061,0.110290,0.069655,0.115921,0.107198,0.107790,0.104367
0.097832,0.100875,0.100048,0.097637,0.097313,0.089670,0.107210,0.100534,0.098794,0.110086
0.109052,0.066519,0.105675,0.120192,0.097097,0.102125,0.066299,0.113673,0.115426,0.103942
0.115393,0.098715,0.112370,0.066300,0.111722,0.111251,0.111661,0.098188,0.107059,0.067340
0.104964,0.101888,0.091207,0.095654,0.105265,0.105056,0.088967,0.093955,0.108900,0.104144
0.105653,0.102969,0.090038,0.097309,0.105922,0.094295,0.104832,0.105214,0.097393,0.096375
0.095149,0.110174,0.111833,0.067115,0.114390,0.104691,0.113296,0.099095,0.116308,0.067948
0.108089,0.110887,0.115905,0.071297,0.103504,0.105134,0.099572,0.095046,0.118757,0.071810
0.118447,0.098335,0.068923,0.090105,0.112639,0.069605,0.096202,0.114181,0.112910,0.118653
0.103753,0.097988,0.093741,0.095549,0.111442,0.068898,0.090391,0.106389,0.118806,0.113044
0.104140,0.065870,0.109951,0.085801,0.109656,0.098271,0.109659,0.097942,0.115080,0.103630
0.093284,0.067552,0.108466,0.120980,0.102211,0.106025,0.067320,0.115661,0.119666,0.098835
0.104477,0.105419,0.104332,0.104546,0.098522,0.093351,0.066678,0.113790,0.108219,0.100666
0.105770,0.067099,0.109338,0.104271,0.116027,0.104919,0.066942,0.111517,0.109228,0.104888
0.106794,0.100791,0.105619,0.107263,0.098846,0.086564,0.103775,0.095775,0.094850,0.099722
0.098338,0.102381,0.095052,0.081694,0.108613,0.094436,0.105197,0.107509,0.107770,0.099011
0.110587,0.111938,0.116073,0.071151,0.114044,0.099355,0.094428,0.102216,0.108285,0.071922
0.098940,0.098479,0.101677,0.094876,0.103879,0.100975,0.102751,0.101361,0.107295,0.089766
0.107541,0.091649,0.090073,0.108754,0.095090,0.087026,0.102077,0.102584,0.107350,0.107856
0.099861,0.100210,0.098665,0.086944,0.096561,0.093667,0.106277,0.105050,0.107948,0.104816
0.102106,0.093486,0.100159,0.110272,0.105479,0.095315,0.083909,0.105936,0.106583,0.096754
0.102550,0.107212,0.095148,0.104723,0.101048,0.104546,0.103223,0.100098,0.091376,0.090076
0.106238,0.097464,0.102571,0.078321,0.106358,0.102927,0.103249,0.092026,0.107989,0.102856
0.099494,0.113381,0.084831,0.111051,0.092901,0.099631,0.091065,0.100273,0.113319,0.094055
0.101220,0.087699,0.105777,0.111151,0.093842,0.100538,0.083618,0.109832,0.109727,0.096597
0.108826,0.118726,0.104426,0.065763,0.115429,0.113060,0.087950,0.104331,0.114993,0.066497
0.096385,0.109531,0.100531,0.107001,0.106407,0.087193,0.097545,0.091331,0.097605,0.106470
0.104476,0.094846,0.102296,0.099910,0.103485,0.090691,0.084399,0.109770,0.105785,0.104342
0.108973,0.071542,0.100303,0.090023,0.105570,0.102966,0.071391,0.118688,0.118037,0.112508
0.099063,0.104376,0.091033,0.110821,0.096069,0.097633,0.089880,0.097633,0.109818,0.103674
0.107170,0.095168,0.113651,0.065692,0.109100,0.113319,0.106131,0.113122,0.110018,0.066630
0.105980,0.092508,0.100121,0.079869,0.103532,0.094071,0.106634,0.105776,0.112178,0.099331
0.105912,0.108681,0.111562,0.068920,0.104915,0.108562,0.097823,0.107100,0.116813,0.069713
0.118045,0.098542,0.113514,0.067584,0.105218,0.105044,0.107695,0.101606,0.114113,0.068638
0.106872,0.096058,0.102291,0.086459,0.104714,0.095522,0.103747,0.095505,0.103883,0.104949
0.109298,0.087832,0.099702,0.099608,0.109770,0.089775,0.091914,0.104905,0.097691,0.109504
0.109372,0.110496,0.103819,0.067760,0.101450,0.101529,0.115804,0.112662,0.108354,0.068755
0.097542,0.104556,0.103411,0.078986,0.094706,0.103569,0.101146,0.105612,0.103270,0.107201
0.113683,0.107089,0.110828,0.063989,0.110438,0.111868,0.096521,0.108978,0.111481,0.065124
0.096535,0.069732,0.107573,0.106804,0.102610,0.117580,0.069634,0.107386,0.108377,0.113770
0.111627,0.105477,0.087969,0.082318,0.097813,0.098112,0.111901,0.106691,0.102578,0.095514
0.108592,0.070949,0.112732,0.107577,0.112147,0.118746,0.070651,0.090138,0.107454,0.101015
0.100786,0.089593,0.099236,0.097144,0.095924,0.107175,0.109534,0.107491,0.099685,0.093432
0.097211,0.109757,0.094179,0.069880,0.103843,0.116021,0.111259,0.113574,0.113761,0.070515
0.106489,0.106573,0.065043,0.120167,0.098076,0.065707,0.114175,0.099376,0.114474,0.109919
0.104859,0.085789,0.106374,0.108574,0.095412,0.092338,0.105348,0.104334,0.102668,0.094305
0.095576,0.098315,0.098903,0.095219,0.095030,0.091065,0.105755,0.105749,0.108531,0.105857
0.097731,0.104837,0.092394,0.107948,0.103336,0.092983,0.098854,0.106837,0.099408,0.095672
0.096076,0.083408,0.105470,0.096754,0.098400,0.091087,0.107462,0.105134,0.109226,0.106984
0.095764,0.108576,0.102557,0.109795,0.100458,0.090977,0.080738,0.104566,0.104713,0.101856
0.099790,0.101326,0.107193,0.090407,0.095430,0.101740,0.091212,0.105892,0.109202,0.097807
0.113393,0.095518,0.065953,0.104613,0.111421,0.066556,0.107170,0.098753,0.119971,0.116653
0.095408,0.088384,0.088888,0.109776,0.105478,0.095810,0.105265,0.104216,0.105285,0.101491
0.102231,0.112301,0.093490,0.098523,0.104607,0.095116,0.089869,0.093787,0.106780,0.103296
0.096217,0.099766,0.090700,0.106707,0.099891,0.094394,0.106060,0.105055,0.107539,0.093669
0.103607,0.106592,0.066707,0.104437,0.117422,0.067399,0.117011,0.088995,0.110967,0.116864
0.097009,0.089103,0.104711,0.099881,0.102794,0.093505,0.099060,0.103709,0.106354,0.103875
0.111470,0.067029,0.112778,0.104228,0.112620,0.116145,0.066877,0.089476,0.107541,0.111837
0.104070,0.093177,0.107985,0.063001,0.096405,0.107226,0.110805,0.100713,0.103378,0.113239
0.106262,0.106591,0.105553,0.067440,0.103051,0.099407,0.113114,0.112620,0.117957,0.068005
0.108928,0.111000,0.064341,0.118437,0.109094,0.064622,0.111094,0.098138,0.105293,0.109053
0.108018,0.105680,0.098238,0.103468,0.099320,0.100113,0.063559,0.101737,0.108238,0.111629
0.105785,0.102182,0.100558,0.105532,0.092960,0.105170,0.098668,0.100798,0.096510,0.091837
0.106093,0.090280,0.095810,0.090572,0.094914,0.100001,0.106403,0.094617,0.112035,0.109274
0.105642,0.090983,0.089178,0.104220,0.107226,0.066155,0.113235,0.098050,0.117790,0.107521
0.089360,0.104281,0.061871,0.100550,0.110399,0.107030,0.101292,0.106629,0.111829,0.106759
0.111198,0.106931,0.065926,0.094416,0.114257,0.066316,0.094769,0.112325,0.117152,0.116709
0.110554,0.103813,0.105504,0.090041,0.097399,0.065383,0.107426,0.104341,0.111963,0.103574
0.088465,0.100073,0.086370,0.112484,0.102563,0.109557,0.100205,0.094047,0.104045,0.102190
0.107280,0.100585,0.108875,0.068020,0.115478,0.105133,0.096550,0.112687,0.116623,0.068770
0.101526,0.088892,0.101220,0.101351,0.105636,0.063402,0.108745,0.109921,0.111251,0.108056
0.109193,0.085495,0.106855,0.095508,0.105771,0.098352,0.108984,0.089376,0.108043,0.092424
0.107377,0.121196,0.067067,0.091288,0.107490,0.067691,0.094751,0.107303,0.117729,0.118108
0.107118,0.094587,0.093395,0.111592,0.110347,0.097941,0.101688,0.086028,0.099547,0.097756
0.116540,0.068482,0.098155,0.104945,0.109249,0.101995,0.068324,0.099866,0.119478,0.112967
0.096770,0.099257,0.092145,0.086181,0.100504,0.099604,0.102361,0.107143,0.111104,0.104929
0.102937,0.090900,0.112085,0.100696,0.099906,0.103201,0.064839,0.097628,0.115534,0.112273
0.102142,0.091200,0.106225,0.100076,0.110382,0.090933,0.109128,0.085129,0.101621,0.103166
0.114168,0.111241,0.104002,0.068551,0.101958,0.108266,0.100536,0.113622,0.108270,0.069386
0.106406,0.097294,0.070007,0.088698,0.119712,0.070653,0.109936,0.103569,0.118520,0.115204
0.105341,0.102879,0.089006,0.109901,0.105279,0.096012,0.103431,0.091142,0.105829,0.091179
0.105569,0.106841,0.096733,0.066067,0.115423,0.111954,0.114068,0.100042,0.116491,0.066812
0.105869,0.103399,0.087025,0.098087,0.109485,0.109755,0.084551,0.091843,0.104272,0.105715
0.112588,0.116523,0.109656,0.064033,0.100935,0.097119,0.113599,0.112590,0.108083,0.064873
0.118419,0.114551,0.068008,0.087652,0.103903,0.068673,0.110041,0.101401,0.116565,0.110786
0.106797,0.066576,0.105420,0.119652,0.097846,0.098701,0.066404,0.111711,0.118430,0.108464
0.107790,0.103379,0.093488,0.095366,0.102359,0.106712,0.097918,0.105247,0.095497,0.092244
0.102366,0.105212,0.107953,0.101873,0.109158,0.062831,0.111230,0.092315,0.111619,0.095443
0.105157,0.102029,0.101706,0.096178,0.092050,0.093312,0.107013,0.082563,0.111263,0.108729
0.099803,0.103646,0.099790,0.100674,0.103500,0.099919,0.091620,0.099127,0.105582,0.096340
0.102408,0.099203,0.091732,0.112115,0.107490,0.090019,0.090889,0.093985,0.103631,0.108528
0.106149,0.092776,0.066742,0.105538,0.110658,0.067467,0.115582,0.113381,0.120114,0.101592
0.098247,0.097924,0.102953,0.094662,0.101320,0.096313,0.103368,0.104497,0.094663,0.106054
0.104522,0.105697,0.105800,0.066246,0.098249,0.115719,0.105750,0.094442,0.102658,0.100917
0.106694,0.090169,0.096950,0.107421,0.101065,0.093919,0.107269,0.095979,0.109097,0.091437
0.117286,0.067550,0.106023,0.105617,0.099286,0.114734,0.067422,0.096985,0.112434,0.112663
0.098489,0.099272,0.099107,0.085192,0.105061,0.104016,0.101398,0.096848,0.106798,0.103819
0.108044,0.064256,0.103644,0.117874,0.108632,0.098076,0.064089,0.113003,0.115679,0.106702
0.114634,0.069070,0.096845,0.093691,0.099866,0.118468,0.068865,0.113763,0.120792,0.104005
0.091012,0.092636,0.094512,0.102266,0.099460,0.091511,0.110907,0.100982,0.111405,0.105310
0.099867,0.101935,0.103248,0.084424,0.096657,0.096623,0.105117,0.104330,0.108756,0.099043
0.105750,0.092826,0.101083,0.099803,0.096909,0.097238,0.083323,0.107969,0.110154,0.104946
0.108896,0.110366,0.103489,0.089004,0.096805,0.098757,0.088372,0.103829,0.099470,0.101011
0.088375,0.100023,0.091949,0.096210,0.102619,0.105812,0.107326,0.103766,0.099656,0.104265
0.096002,0.087495,0.097765,0.112193,0.092086,0.097849,0.107270,0.089872,0.111051,0.108419
0.106249,0.093235,0.066556,0.122265,0.115450,0.067247,0.098592,0.097009,0.120955,0.112442
0.109662,0.105969,0.100342,0.099578,0.109506,0.093287,0.106454,0.083092,0.096798,0.095312
0.109478,0.109355,0.091947,0.080795,0.101713,0.106421,0.081242,0.102902,0.106381,0.109767
0.096299,0.097479,0.101718,0.097333,0.093849,0.102086,0.104745,0.090548,0.108601,0.107340
0.098552,0.098867,0.103435,0.105538,0.104832,0.095311,0.102524,0.100142,0.092789,0.098011
0.106037,0.096245,0.095500,0.063107,0.112472,0.102498,0.094534,0.107845,0.114337,0.107425
0.104375,0.093798,0.089524,0.085064,0.106754,0.097426,0.106726,0.107491,0.106509,0.102332
0.097322,0.112021,0.105526,0.069264,0.106350,0.116843,0.101363,0.101202,0.119991,0.070117
0.099276,0.101923,0.099096,0.095803,0.105664,0.098710,0.105236,0.092644,0.103473,0.098176
0.099003,0.089497,0.101146,0.098926,0.111571,0.108000,0.090918,0.086295,0.113254,0.101391
0.086352,0.110728,0.101726,0.097440,0.105192,0.086745,0.104526,0.096714,0.102410,0.108167
0.096088,0.090366,0.098554,0.097830,0.107150,0.093659,0.104513,0.098090,0.110362,0.103388
0.116206,0.107295,0.105822,0.065739,0.108674,0.113501,0.106021,0.104581,0.105463,0.066698
0.108056,0.118875,0.098220,0.066902,0.110706,0.100502,0.095657,0.114343,0.118906,0.067833
0.109591,0.108269,0.067648,0.117643,0.104101,0.068277,0.090824,0.116648,0.105704,0.111295
0.105193,0.090923,0.095755,0.101870,0.099637,0.101833,0.102037,0.087487,0.111207,0.104058
0.099790,0.104591,0.086710,0.099209,0.103455,0.096546,0.107663,0.100741,0.100579,0.100717
0.103100,0.067325,0.112491,0.106031,0.116363,0.114324,0.067165,0.099825,0.111186,0.102191
0.106209,0.103486,0.096789,0.107368,0.099361,0.104379,0.100308,0.081263,0.109629,0.091207
0.095156,0.115187,0.067838,0.088954,0.104102,0.068549,0.113638,0.114093,0.121380,0.111102
0.098649,0.089923,0.106790,0.099874,0.093861,0.093317,0.091245,0.107296,0.110734,0.108311
0.105576,0.099531,0.089490,0.095746,0.097634,0.105536,0.103836,0.095433,0.100670,0.106549
0.114101,0.108542,0.066947,0.106759,0.109846,0.067635,0.107627,0.104689,0.110921,0.102932
0.111086,0.061870,0.100557,0.100084,0.105269,0.100371,0.100937,0.108444,0.106105,0.105277
0.115590,0.067125,0.105287,0.105591,0.113671,0.100931,0.066986,0.112939,0.106527,0.105353
0.096858,0.103842,0.091793,0.107578,0.106291,0.097950,0.104231,0.089328,0.108781,0.093348
0.114786,0.095917,0.093333,0.070373,0.109874,0.103239,0.111952,0.107843,0.121931,0.070752
0.106558,0.100898,0.104272,0.098536,0.106205,0.098404,0.087425,0.091035,0.106197,0.100471
0.109333,0.088026,0.105491,0.100143,0.097983,0.094913,0.089846,0.108506,0.101071,0.104687
0.107124,0.103956,0.110871,0.071693,0.106203,0.098833,0.102097,0.108360,0.118605,0.072257
0.097360,0.099150,0.090738,0.095289,0.107343,0.097423,0.107207,0.102832,0.095380,0.107279
0.111970,0.066771,0.096227,0.103741,0.107266,0.112896,0.066619,0.114704,0.114590,0.105216
0.094028,0.120149,0.067208,0.105206,0.117508,0.067866,0.095411,0.101256,0.118308,0.113062
0.107037,0.107230,0.099740,0.114604,0.098406,0.061808,0.107703,0.092299,0.106212,0.104960
0.110767,0.107926,0.060906,0.116728,0.101988,0.061584,0.112556,0.107869,0.115052,0.104624
0.096223,0.100393,0.092262,0.099753,0.103477,0.098993,0.105010,0.083324,0.110918,0.109647
0.110446,0.090070,0.061763,0.099306,0.108790,0.101456,0.101955,0.101195,0.113643,0.111375
0.100816,0.097918,0.087484,0.104925,0.097255,0.104803,0.103234,0.099410,0.103721,0.100433
0.096420,0.089594,0.083339,0.109707,0.093394,0.106670,0.103317,0.101556,0.108657,0.107346
0.095327,0.085442,0.107173,0.109488,0.094902,0.105029,0.105794,0.106935,0.095647,0.094263
0.086877,0.103870,0.099244,0.100139,0.107230,0.100046,0.109834,0.100684,0.097847,0.094229
0.105658,0.106618,0.107045,0.066449,0.109656,0.106136,0.106795,0.114361,0.110021,0.067262
0.106745,0.112507,0.065987,0.106426,0.116702,0.066605,0.106582,0.100338,0.115524,0.102585
0.096206,0.090312,0.096680,0.096927,0.106479,0.096323,0.103812,0.101408,0.108695,0.103158
0.108146,0.104863,0.094244,0.087664,0.099735,0.101869,0.090749,0.106419,0.101893,0.104418
0.115689,0.118646,0.064575,0.104136,0.100333,0.065304,0.111609,0.113829,0.107376,0.098504
0.103821,0.069466,0.093241,0.106944,0.113200,0.103052,0.069318,0.113770,0.119820,0.107368
0.105957,0.107308,0.065838,0.116641,0.108319,0.066468,0.097259,0.099949,0.115335,0.116928
0.115233,0.111048,0.070598,0.099793,0.103735,0.070946,0.098904,0.103027,0.111240,0.115476
0.110407,0.102365,0.100195,0.101682,0.094880,0.109848,0.084620,0.092664,0.106390,0.096949
0.105729,0.067542,0.106518,0.121404,0.097971,0.105384,0.067280,0.095282,0.115672,0.117219
0.106178,0.068196,0.112785,0.105118,0.109682,0.100251,0.068030,0.112776,0.110678,0.106306
0.106100,0.098578,0.083705,0.109670,0.093836,0.093681,0.103135,0.096783,0.108194,0.106317
0.106741,0.120536,0.106154,0.067940,0.116852,0.107024,0.095582,0.090300,0.120294,0.068576
0.088963,0.102051,0.102248,0.088150,0.098219,0.095031,0.101521,0.107033,0.113127,0.103657
0.102012,0.104107,0.094594,0.090224,0.099130,0.099667,0.085542,0.108842,0.109454,0.106428
0.101731,0.095812,0.088472,0.095756,0.093296,0.101711,0.105722,0.104077,0.108196,0.105227
0.110193,0.097419,0.115251,0.071431,0.103239,0.098192,0.114776,0.109309,0.108043,0.072148
0.105225,0.096622,0.101821,0.097547,0.104906,0.104449,0.095846,0.096202,0.107229,0.090152
0.087907,0.101507,0.092518,0.099664,0.109535,0.099251,0.106659,0.099968,0.103511,0.099480
0.095500,0.098858,0.103770,0.095658,0.092110,0.093055,0.105015,0.097839,0.109794,0.108401
0.103801,0.114020,0.107479,0.067604,0.103544,0.101363,0.113223,0.114879,0.105819,0.068268
0.104141,0.101039,0.087753,0.088254,0.102382,0.095545,0.103770,0.109585,0.112671,0.094862
0.103557,0.104936,0.098547,0.064128,0.101527,0.104024,0.106436,0.096632,0.112338,0.107875
0.101345,0.100335,0.104742,0.081898,0.101607,0.094250,0.105550,0.099206,0.110935,0.100133
0.099639,0.108494,0.101054,0.096592,0.103213,0.093762,0.105060,0.089022,0.104718,0.098447
0.098521,0.097566,0.091941,0.100885,0.105005,0.099056,0.088535,0.104118,0.106685,0.107688
0.113455,0.106857,0.100410,0.066698,0.108158,0.114813,0.107568,0.098551,0.115877,0.067612
0.098949,0.098943,0.105358,0.113531,0.102211,0.097425,0.082770,0.084288,0.111605,0.104920
0.087526,0.092001,0.101593,0.110946,0.108026,0.092369,0.102020,0.098342,0.102683,0.104494
0.098518,0.088318,0.091372,0.108881,0.096705,0.108963,0.088675,0.103529,0.110377,0.104662
0.115766,0.092603,0.099988,0.065175,0.112345,0.115385,0.111670,0.103743,0.117336,0.065989
0.099285,0.086934,0.099346,0.099453,0.108829,0.105296,0.103267,0.104228,0.097311,0.096050
0.110336,0.096703,0.068651,0.118858,0.104593,0.069306,0.091107,0.114734,0.106583,0.119130
0.097113,0.108084,0.095444,0.108875,0.104482,0.101331,0.104342,0.093961,0.097771,0.088597
0.108554,0.104665,0.111694,0.063866,0.111476,0.112169,0.096240,0.109799,0.116800,0.064736
0.104711,0.111919,0.065117,0.102916,0.106600,0.065783,0.113201,0.110839,0.118359,0.100554
0.103657,0.099401,0.101563,0.091422,0.101883,0.103424,0.101889,0.099163,0.104148,0.093449
0.104030,0.106197,0.104244,0.090934,0.100191,0.097509,0.087337,0.089892,0.111239,0.108426
0.091763,0.104612,0.096611,0.115280,0.097073,0.099188,0.086943,0.102143,0.107218,0.099170
0.104746,0.099254,0.099854,0.096265,0.100697,0.108827,0.083006,0.097897,0.110513,0.098941
0.097756,0.110604,0.094536,0.099778,0.108140,0.089757,0.083047,0.104018,0.104585,0.107779
0.104143,0.070374,0.107864,0.090654,0.101339,0.104064,0.070206,0.114823,0.116548,0.119985
0.095079,0.099677,0.066867,0.105238,0.111944,0.067519,0.107497,0.113171,0.120292,0.112716
0.117994,0.115452,0.068429,0.106515,0.111491,0.069101,0.090147,0.114005,0.106181,0.100684
0.108619,0.067366,0.113617,0.107385,0.115957,0.102109,0.067254,0.112068,0.104126,0.101499
0.107630,0.070134,0.116906,0.089826,0.116827,0.096673,0.069976,0.099046,0.118180,0.114801
0.107825,0.070744,0.099414,0.107541,0.101439,0.103560,0.070546,0.106865,0.117341,0.114725
0.100607,0.104250,0.093639,0.100845,0.102286,0.093659,0.104085,0.085257,0.111875,0.103495
0.110311,0.107131,0.108400,0.063860,0.108471,0.099406,0.110221,0.112512,0.114887,0.064800
0.105507,0.098633,0.066697,0.094614,0.115778,0.102290,0.097607,0.104973,0.111843,0.102058
0.107945,0.099256,0.112259,0.069644,0.112439,0.102297,0.111216,0.107632,0.106803,0.070511
0.097954,0.104995,0.099710,0.109069,0.100800,0.109009,0.087936,0.093121,0.102866,0.094540
0.107161,0.114155,0.086932,0.099244,0.097277,0.062923,0.107819,0.099639,0.113903,0.110945
0.097276,0.100406,0.104351,0.100723,0.097075,0.094415,0.099579,0.107443,0.105173,0.093560
0.102462,0.104430,0.095585,0.103323,0.112060,0.100635,0.064248,0.097792,0.113887,0.105579
0.106836,0.097809,0.112465,0.068113,0.112249,0.107761,0.091420,0.115208,0.119095,0.069043
0.095276,0.096855,0.091702,0.105344,0.100949,0.105225,0.102058,0.096175,0.107926,0.098489
0.109949,0.106453,0.063987,0.101270,0.113452,0.093459,0.095068,0.095518,0.111966,0.108877
0.109809,0.111632,0.104492,0.088813,0.093749,0.098733,0.091242,0.107884,0.097030,0.096616
0.116560,0.069402,0.091955,0.105696,0.102759,0.114035,0.069207,0.107187,0.119426,0.103774
0.099070,0.090858,0.107090,0.112867,0.096818,0.095188,0.089638,0.094132,0.102381,0.111958
0.103687,0.097987,0.101172,0.107981,0.103866,0.089452,0.085468,0.100367,0.105378,0.104642
0.104945,0.066856,0.099112,0.105180,0.107564,0.111474,0.066684,0.111772,0.115102,0.111311
0.104353,0.064003,0.111268,0.102645,0.106899,0.113805,0.063846,0.112229,0.114645,0.106308
0.105808,0.098591,0.099504,0.066416,0.113300,0.116829,0.113273,0.100541,0.118554,0.067184
0.105560,0.098639,0.101323,0.086438,0.099873,0.099663,0.090393,0.104870,0.108918,0.104323
0.097718,0.104345,0.104125,0.107753,0.105080,0.092484,0.088416,0.097797,0.098517,0.103764
0.099520,0.100508,0.090872,0.098109,0.100543,0.109278,0.105769,0.099102,0.102980,0.093320
0.101846,0.098854,0.093830,0.098509,0.107814,0.093315,0.101491,0.098521,0.109913,0.095905
0.095926,0.100304,0.106988,0.068801,0.117753,0.115609,0.113187,0.098043,0.113897,0.069492
0.093195,0.110878,0.067825,0.106245,0.108985,0.068501,0.118554,0.116876,0.105252,0.103690
0.107948,0.096339,0.069128,0.122410,0.111065,0.069827,0.111587,0.101961,0.106264,0.103472
0.109789,0.068524,0.093107,0.105571,0.113776,0.095160,0.068386,0.112041,0.120322,0.113324
0.117520,0.069542,0.106764,0.105043,0.118179,0.095270,0.069328,0.101022,0.116923,0.100408
0.116335,0.067164,0.100371,0.106429,0.115558,0.100032,0.067082,0.099101,0.112551,0.115376
0.111790,0.074142,0.102350,0.110639,0.104028,0.099176,0.073915,0.093790,0.109842,0.120327
0.106277,0.106693,0.114799,0.066781,0.107879,0.116902,0.098158,0.096390,0.118595,0.067525
