0.102563,0.077913,0.114954,0.093130,0.083298,0.105025,0.095743,0.076194,0.112583,0.138596
0.069100,0.078817,0.070230,0.323605,0.059009,0.089302,0.065228,0.060255,0.087925,0.096529
0.053942,0.274996,0.079679,0.056635,0.045338,0.047239,0.277200,0.049506,0.051444,0.064022
0.068314,0.108944,0.057623,0.120731,0.085846,0.135031,0.107216,0.136362,0.077208,0.102724
0.098661,0.179025,0.046601,0.096460,0.070429,0.106528,0.078503,0.179685,0.106095,0.038013
0.059415,0.062980,0.081851,0.247705,0.044195,0.060479,0.049099,0.050577,0.047276,0.296423
0.124075,0.069681,0.120974,0.066809,0.065357,0.127468,0.149406,0.142106,0.064291,0.069833
0.085741,0.074110,0.182565,0.090571,0.073262,0.094971,0.132009,0.117023,0.064644,0.085104
0.157721,0.099006,0.116342,0.079218,0.123839,0.073273,0.108399,0.080658,0.077639,0.083907
0.080491,0.070378,0.147621,0.135396,0.104826,0.104263,0.145804,0.085297,0.079460,0.046464
0.066439,0.114424,0.051074,0.118384,0.120549,0.143059,0.123956,0.093102,0.064152,0.104861
0.044450,0.042340,0.068440,0.268441,0.045793,0.068788,0.048492,0.050526,0.054919,0.307811
0.114293,0.105324,0.217524,0.100475,0.058733,0.107625,0.085436,0.083684,0.083215,0.043692
0.083804,0.102452,0.042283,0.101945,0.093734,0.338228,0.078666,0.075730,0.047431,0.035727
0.111397,0.092008,0.079040,0.143626,0.070347,0.076500,0.184950,0.085352,0.059605,0.097175
0.105636,0.100061,0.110869,0.149984,0.073364,0.142312,0.095750,0.092975,0.079126,0.049923
0.056593,0.052427,0.065081,0.244266,0.038062,0.057732,0.053751,0.101291,0.046812,0.283987
0.061491,0.145221,0.170934,0.100291,0.074970,0.077197,0.082065,0.142262,0.067443,0.078127
0.056820,0.101440,0.036349,0.247648,0.059310,0.064453,0.054026,0.049369,0.035974,0.294612
0.102450,0.112970,0.120016,0.116398,0.081611,0.082533,0.102460,0.086878,0.077972,0.116712
0.038319,0.064463,0.245326,0.066136,0.068689,0.278960,0.093212,0.049857,0.039630,0.055409
0.058582,0.105337,0.022666,0.237163,0.062155,0.049464,0.087859,0.047237,0.034062,0.295474
0.057787,0.090543,0.062422,0.237545,0.055447,0.053976,0.054325,0.064384,0.045775,0.277796
0.047851,0.095187,0.092768,0.242461,0.035248,0.064000,0.055954,0.046606,0.052709,0.267217
0.075596,0.285046,0.057599,0.040356,0.070862,0.047190,0.277795,0.075727,0.048358,0.021472
0.103706,0.061551,0.116320,0.071617,0.043500,0.317201,0.094929,0.086135,0.036034,0.069006
0.040565,0.265792,0.055346,0.058163,0.069880,0.069120,0.263445,0.077674,0.050205,0.049811
0.034429,0.066588,0.267789,0.057204,0.046795,0.311202,0.059887,0.048248,0.046395,0.061463
0.088120,0.121018,0.082968,0.115703,0.098687,0.070274,0.076143,0.171231,0.071260,0.104594
0.081408,0.102956,0.120258,0.112534,0.110228,0.105657,0.096928,0.081190,0.080668,0.108173
0.045895,0.118023,0.057831,0.069840,0.085975,0.090750,0.330820,0.051475,0.077202,0.072190
0.058111,0.085818,0.099166,0.119217,0.087369,0.121006,0.148278,0.147003,0.055192,0.078840
0.110558,0.084451,0.064146,0.108248,0.107968,0.141562,0.100203,0.125203,0.063926,0.093735
0.052430,0.163163,0.084197,0.104367,0.065253,0.127393,0.161564,0.067123,0.100708,0.073803
0.061054,0.089356,0.172701,0.099844,0.136510,0.116616,0.092280,0.084529,0.066400,0.080710
0.083153,0.071543,0.221337,0.071198,0.038127,0.257133,0.099656,0.046623,0.062088,0.049142
0.087096,0.059647,0.235055,0.045947,0.071393,0.269539,0.081579,0.070039,0.052118,0.027588
0.097429,0.125021,0.052662,0.079647,0.088933,0.129362,0.163106,0.142717,0.065621,0.055501
0.105757,0.074961,0.313401,0.058898,0.056629,0.074637,0.102481,0.083312,0.058192,0.071731
0.121561,0.103278,0.041852,0.105912,0.081093,0.113675,0.103224,0.138435,0.088103,0.102867
0.067748,0.088954,0.118306,0.105758,0.110115,0.108416,0.111072,0.087664,0.116262,0.085705
0.115412,0.111850,0.130013,0.080887,0.093454,0.091722,0.117794,0.103056,0.064357,0.091454
0.112015,0.087892,0.058492,0.101138,0.093151,0.132847,0.146236,0.083433,0.083130,0.101668
0.058169,0.061335,0.051859,0.252620,0.045425,0.075018,0.054051,0.056007,0.046243,0.299274
0.113743,0.109159,0.065656,0.105854,0.114605,0.116932,0.116336,0.084224,0.064426,0.109065
0.127113,0.118488,0.170525,0.091022,0.108148,0.105691,0.075852,0.071198,0.052672,0.079291
0.103451,0.098865,0.076492,0.091254,0.073801,0.073110,0.142102,0.176441,0.053841,0.110642
0.062262,0.083451,0.053523,0.246589,0.060679,0.046044,0.044330,0.093691,0.036783,0.272648
0.046761,0.056855,0.064769,0.242566,0.043423,0.073835,0.069960,0.083912,0.036704,0.281215
0.073576,0.273295,0.018743,0.069659,0.068964,0.069381,0.270833,0.053288,0.046769,0.055494
0.087912,0.125122,0.082979,0.097358,0.052924,0.098283,0.086829,0.133864,0.106217,0.128511
0.086501,0.112623,0.114070,0.098558,0.080982,0.082208,0.083393,0.130668,0.085142,0.125856
0.125534,0.134247,0.097714,0.083876,0.100082,0.088125,0.083422,0.135784,0.066183,0.085034
0.063456,0.061956,0.231395,0.063805,0.049152,0.272344,0.067236,0.056486,0.049551,0.084619
0.075933,0.162616,0.095407,0.096961,0.069677,0.116570,0.131361,0.075446,0.072408,0.103622
0.043230,0.072971,0.083153,0.048493,0.076934,0.318628,0.138232,0.094031,0.054710,0.069620
0.073493,0.091652,0.180365,0.112929,0.074794,0.086566,0.094805,0.144163,0.091803,0.049429
0.097711,0.082465,0.054703,0.106822,0.073398,0.101942,0.088872,0.170549,0.107529,0.116010
0.094881,0.264570,0.017390,0.038825,0.042723,0.074896,0.261588,0.125317,0.029601,0.050210
0.077717,0.052452,0.085763,0.232513,0.060169,0.062486,0.072411,0.047167,0.042180,0.267142
0.035647,0.046128,0.251648,0.066632,0.041524,0.292927,0.054755,0.056305,0.076830,0.077603
0.081355,0.063016,0.177794,0.090599,0.108105,0.095178,0.164786,0.071843,0.065560,0.081765
0.042725,0.262076,0.082096,0.060328,0.034986,0.071003,0.263308,0.052729,0.068594,0.062156
0.043307,0.056400,0.063751,0.239029,0.045502,0.046146,0.057478,0.098725,0.063705,0.285957
0.042378,0.250228,0.083725,0.042877,0.069537,0.090716,0.250155,0.046550,0.045580,0.078254
0.063108,0.087371,0.243342,0.041440,0.082887,0.285125,0.052963,0.051468,0.046816,0.045479
0.085515,0.256569,0.062636,0.040991,0.073633,0.068885,0.253670,0.043964,0.040450,0.073687
0.036568,0.096311,0.047224,0.285478,0.056739,0.060280,0.041946,0.045437,0.040745,0.289274
0.118117,0.085965,0.124362,0.085835,0.113888,0.112497,0.088454,0.117254,0.062031,0.091597
0.079886,0.052183,0.106866,0.285260,0.055351,0.080352,0.134763,0.094280,0.081531,0.029527
0.066029,0.176994,0.058286,0.095311,0.104397,0.075861,0.099020,0.158693,0.055285,0.110125
0.043949,0.063892,0.233265,0.075214,0.048447,0.264233,0.108944,0.052501,0.035087,0.074468
0.162416,0.114364,0.043993,0.112308,0.083159,0.084767,0.107496,0.088174,0.084756,0.118568
0.044646,0.054129,0.229130,0.063158,0.070996,0.267173,0.102387,0.069724,0.045178,0.053479
0.067926,0.125461,0.074965,0.049958,0.049399,0.335722,0.062797,0.097233,0.040772,0.095765
0.084105,0.165243,0.097748,0.080338,0.102864,0.091630,0.124770,0.070500,0.065174,0.117627
0.092512,0.273314,0.067299,0.060973,0.061310,0.046577,0.273283,0.046304,0.033431,0.044996
0.086682,0.093335,0.083435,0.100184,0.068549,0.112404,0.149958,0.137328,0.078877,0.089249
0.070675,0.066620,0.254534,0.056761,0.050331,0.286583,0.066976,0.051447,0.041335,0.054738
0.082761,0.154435,0.049892,0.126926,0.053959,0.107516,0.120103,0.151033,0.067826,0.085550
0.133701,0.093993,0.186407,0.062236,0.094444,0.097449,0.087682,0.078962,0.088935,0.076191
0.096037,0.094871,0.110693,0.102418,0.073886,0.095291,0.162361,0.107665,0.068519,0.088260
0.142306,0.092421,0.107759,0.063664,0.114001,0.124077,0.077219,0.120180,0.070305,0.088068
0.102678,0.209783,0.052590,0.111504,0.059880,0.124954,0.112582,0.095906,0.083289,0.046834
0.036347,0.045576,0.246092,0.051328,0.083044,0.284102,0.090494,0.052270,0.034384,0.076363
0.057412,0.061556,0.247760,0.075099,0.045222,0.284984,0.061906,0.047353,0.035062,0.083645
0.055439,0.057118,0.057187,0.264415,0.069414,0.047437,0.049342,0.051874,0.046159,0.301617
0.099837,0.080680,0.192954,0.102048,0.097168,0.121485,0.077653,0.113765,0.071130,0.043280
0.091367,0.183751,0.053278,0.088866,0.105270,0.141249,0.080484,0.082029,0.075577,0.098131
0.054527,0.059326,0.038698,0.239722,0.067828,0.061862,0.092809,0.045344,0.044671,0.295214
0.059415,0.259113,0.036507,0.060280,0.068729,0.062782,0.265459,0.106113,0.035736,0.045865
0.147327,0.104932,0.109759,0.108355,0.070674,0.116619,0.087433,0.108414,0.057936,0.088552
0.102686,0.123174,0.101400,0.090817,0.070949,0.095939,0.139418,0.095165,0.072731,0.107722
0.049971,0.277860,0.085274,0.065831,0.046406,0.057947,0.275625,0.045872,0.045638,0.049576
0.118287,0.148932,0.081514,0.087455,0.074860,0.080686,0.154769,0.085538,0.076905,0.091053
0.056403,0.289320,0.034816,0.059221,0.070092,0.047729,0.287736,0.053902,0.051998,0.048785
0.164588,0.075936,0.084671,0.086540,0.121674,0.112675,0.156987,0.093182,0.057846,0.045901
0.091999,0.085094,0.073666,0.119706,0.105712,0.102623,0.185051,0.084290,0.057536,0.094323
0.057537,0.136175,0.175582,0.092206,0.095106,0.107258,0.082103,0.077229,0.075423,0.101380
0.052976,0.117063,0.236658,0.067617,0.039582,0.275441,0.051792,0.044934,0.043878,0.070060
0.058198,0.078030,0.088911,0.237762,0.056141,0.057128,0.071251,0.046586,0.035603,0.270390
0.047355,0.067107,0.042718,0.255556,0.060444,0.071073,0.051130,0.064274,0.043355,0.296988
0.088305,0.083195,0.201558,0.101196,0.074556,0.116165,0.089658,0.125255,0.080287,0.039825
0.094214,0.094935,0.189109,0.104110,0.058705,0.099983,0.089536,0.081698,0.066028,0.121681
0.062893,0.355504,0.118660,0.075553,0.058108,0.087309,0.069190,0.064872,0.044555,0.063355
0.041645,0.263244,0.019312,0.044782,0.046268,0.103731,0.258418,0.084794,0.048290,0.089516
0.065603,0.046581,0.257641,0.054952,0.051334,0.296653,0.068006,0.050472,0.054354,0.054403
0.106545,0.146934,0.040092,0.112814,0.118364,0.108176,0.087452,0.115753,0.083888,0.079984
0.082461,0.067394,0.074554,0.071726,0.086879,0.347118,0.061475,0.095894,0.057477,0.055022
0.042695,0.060132,0.041199,0.253027,0.061764,0.063947,0.079828,0.057716,0.036773,0.302920
0.083483,0.137087,0.112800,0.135334,0.090191,0.073889,0.137054,0.083873,0.063805,0.082482
0.093906,0.060221,0.224477,0.062565,0.037195,0.262010,0.055892,0.074391,0.047342,0.081999
0.082190,0.105916,0.078353,0.113161,0.077120,0.123369,0.142957,0.120799,0.080609,0.075526
0.152120,0.129284,0.083593,0.098284,0.070042,0.116172,0.076178,0.080079,0.069860,0.124388
0.096073,0.160950,0.053751,0.092004,0.069106,0.096550,0.161560,0.108511,0.061516,0.099978
0.088479,0.080405,0.086585,0.107153,0.103171,0.090451,0.079592,0.153885,0.097306,0.112974
0.051193,0.280110,0.065703,0.066217,0.034425,0.066157,0.271991,0.077957,0.066065,0.020182
0.037122,0.042725,0.248720,0.060369,0.065341,0.287750,0.063103,0.074628,0.069858,0.050383
0.040431,0.066921,0.250572,0.043213,0.038652,0.286218,0.070125,0.080015,0.036693,0.087161
0.067708,0.070210,0.046749,0.074605,0.048212,0.106699,0.336024,0.093907,0.067152,0.088735
0.082812,0.085793,0.104988,0.104915,0.054668,0.154997,0.088605,0.102499,0.119974,0.100748
0.059981,0.065489,0.036377,0.243972,0.048923,0.046315,0.086001,0.048815,0.052137,0.311990
0.085364,0.247864,0.047721,0.060584,0.044564,0.064986,0.251106,0.098401,0.040185,0.059224
0.087327,0.041547,0.236148,0.074307,0.072499,0.266606,0.085192,0.043800,0.032877,0.059697
0.054958,0.063835,0.250459,0.066496,0.068490,0.286349,0.049376,0.050809,0.045277,0.063951
0.102904,0.099682,0.061184,0.124050,0.119566,0.117471,0.106051,0.090209,0.076374,0.102507
0.091449,0.080760,0.136816,0.092135,0.095597,0.111275,0.159856,0.074287,0.072142,0.085681
0.036743,0.081986,0.228579,0.066474,0.037037,0.266081,0.051754,0.076658,0.070511,0.084177
0.092686,0.076758,0.050594,0.128793,0.101729,0.073346,0.172016,0.095694,0.077314,0.131070
0.085778,0.137355,0.030576,0.080512,0.047514,0.057173,0.337359,0.096381,0.045955,0.081398
0.102532,0.087045,0.156704,0.080363,0.085916,0.074438,0.083588,0.119428,0.115597,0.094388
0.076051,0.158599,0.032567,0.074819,0.101533,0.095315,0.134283,0.125329,0.071282,0.130223
0.061208,0.043079,0.230407,0.052387,0.060532,0.265989,0.085957,0.081601,0.068906,0.049936
0.075051,0.118240,0.092755,0.099450,0.099639,0.140294,0.071719,0.122166,0.068766,0.111920
0.088121,0.061530,0.055074,0.243603,0.045177,0.046052,0.083238,0.045511,0.034662,0.297032
0.082218,0.256595,0.039280,0.060973,0.061979,0.071324,0.265837,0.045099,0.051537,0.065158
0.119877,0.127113,0.159170,0.084115,0.055517,0.065907,0.122589,0.111635,0.078426,0.075652
0.068798,0.269746,0.054857,0.065353,0.039967,0.089409,0.273347,0.052418,0.032969,0.053136
0.061955,0.050779,0.069373,0.241789,0.047187,0.069494,0.049537,0.074198,0.046668,0.289023
0.051053,0.090633,0.233984,0.073623,0.044974,0.263087,0.080104,0.047770,0.044656,0.070116
0.137840,0.084662,0.060097,0.109511,0.109439,0.102912,0.102947,0.159722,0.080238,0.052631
0.083130,0.126812,0.111667,0.141780,0.076198,0.122976,0.081046,0.103964,0.061479,0.090947
0.086777,0.101556,0.151093,0.101038,0.076110,0.102552,0.096930,0.151854,0.078078,0.054012
0.060981,0.051061,0.078411,0.281575,0.055785,0.039935,0.045185,0.046628,0.041323,0.299116
0.083341,0.092077,0.043804,0.099743,0.067433,0.097047,0.157409,0.156969,0.105770,0.096409
0.091622,0.121336,0.073654,0.074668,0.095856,0.097137,0.172609,0.119203,0.075588,0.078326
0.075774,0.089828,0.129078,0.086596,0.108558,0.097703,0.129208,0.105770,0.068213,0.109274
0.059196,0.040199,0.045303,0.256038,0.042483,0.075063,0.099723,0.048032,0.043273,0.290689
0.060732,0.099996,0.238341,0.041605,0.038054,0.277311,0.056318,0.080694,0.032849,0.074101
0.105632,0.222372,0.052642,0.070311,0.062101,0.118639,0.105126,0.087947,0.083162,0.092068
0.062021,0.057559,0.064906,0.259050,0.045330,0.055607,0.047995,0.066726,0.047298,0.293507
0.059051,0.069261,0.048654,0.249435,0.042446,0.056341,0.077855,0.064461,0.043080,0.289415
0.038628,0.266573,0.036033,0.063231,0.077031,0.069026,0.267759,0.073036,0.034798,0.073885
0.036739,0.117034,0.232444,0.048253,0.069599,0.271621,0.054562,0.052133,0.035104,0.082510
0.096081,0.282372,0.040502,0.038159,0.041818,0.064847,0.269744,0.049866,0.042240,0.074371
0.109852,0.091440,0.063041,0.124205,0.104345,0.110982,0.105499,0.098153,0.089258,0.103227
0.045006,0.059948,0.050216,0.246888,0.059745,0.063235,0.045710,0.101327,0.044004,0.283922
0.052473,0.058182,0.038025,0.252329,0.041428,0.069837,0.057004,0.058426,0.050079,0.322217
0.079207,0.087477,0.077458,0.088308,0.102507,0.109597,0.142711,0.142426,0.096684,0.073625
0.068322,0.367657,0.055790,0.092686,0.107974,0.058606,0.066851,0.093392,0.060987,0.027735
0.056295,0.288322,0.046771,0.062898,0.045694,0.061012,0.278312,0.051851,0.045245,0.063599
0.049912,0.250786,0.049888,0.054872,0.037465,0.086444,0.250213,0.097789,0.050672,0.071960
0.055548,0.280315,0.032515,0.048959,0.068714,0.068797,0.274802,0.075722,0.030209,0.064420
0.072732,0.135419,0.308918,0.084672,0.083214,0.058872,0.070924,0.066568,0.061240,0.057441
0.053225,0.061541,0.236593,0.067834,0.066512,0.276018,0.057655,0.075928,0.040756,0.063937
0.096409,0.277586,0.042734,0.059336,0.041659,0.075768,0.281412,0.055808,0.048095,0.021193
0.035093,0.052972,0.044782,0.249161,0.058769,0.057617,0.102203,0.071797,0.043247,0.284359
0.052428,0.064685,0.248863,0.067579,0.049036,0.283872,0.089371,0.048670,0.036409,0.059088
0.051406,0.064759,0.252109,0.063685,0.065435,0.288467,0.062718,0.055056,0.042520,0.053845
0.055321,0.302008,0.043351,0.040906,0.038469,0.074328,0.285806,0.047214,0.046647,0.065949
0.058246,0.092174,0.081905,0.146208,0.119729,0.123734,0.157457,0.087024,0.085800,0.047723
0.044101,0.081424,0.055266,0.259066,0.053238,0.076803,0.042301,0.059627,0.060082,0.268091
0.045130,0.287933,0.022373,0.061461,0.049728,0.051035,0.288947,0.061297,0.073668,0.058428
0.048375,0.262808,0.062043,0.043434,0.074209,0.040593,0.259031,0.105717,0.051458,0.052331
0.068521,0.108222,0.121809,0.113814,0.064690,0.129060,0.103955,0.082771,0.085635,0.121522
0.062129,0.059564,0.024842,0.261807,0.049780,0.048089,0.066819,0.050521,0.050786,0.325663
0.089848,0.106013,0.127124,0.071778,0.082644,0.118761,0.156697,0.114516,0.083704,0.048917
0.052815,0.259931,0.076108,0.056650,0.066884,0.057844,0.264455,0.049573,0.044417,0.071321
0.038306,0.068798,0.261930,0.054184,0.045220,0.301705,0.074423,0.057434,0.049070,0.048931
0.103069,0.081982,0.077237,0.107860,0.107411,0.102679,0.141260,0.115313,0.070148,0.093041
0.055418,0.051018,0.070142,0.258432,0.047979,0.044588,0.055904,0.053760,0.046495,0.316264
0.075531,0.049965,0.056118,0.234415,0.050177,0.056663,0.087299,0.071779,0.047717,0.270337
0.144747,0.086933,0.144442,0.122360,0.092637,0.092721,0.102602,0.100881,0.062455,0.050222
0.048817,0.272025,0.063652,0.060901,0.065795,0.042918,0.261796,0.042487,0.065403,0.076207
0.052181,0.274921,0.067154,0.047318,0.080653,0.042286,0.263024,0.043689,0.043789,0.084985
0.098141,0.164893,0.085304,0.103473,0.098154,0.098710,0.134516,0.076611,0.060512,0.079686
0.039014,0.293339,0.034664,0.051080,0.047921,0.081117,0.285648,0.055174,0.034962,0.077082
0.064470,0.085076,0.121749,0.110606,0.074541,0.108972,0.117649,0.139097,0.080638,0.097203
0.038037,0.060640,0.233370,0.051130,0.049346,0.266237,0.081982,0.101313,0.067263,0.050680
0.053180,0.081948,0.092533,0.316768,0.088160,0.083386,0.088912,0.105638,0.051883,0.037592
0.058344,0.058798,0.056403,0.244763,0.065566,0.058580,0.072088,0.060755,0.042932,0.281770
0.080586,0.077370,0.320017,0.083359,0.059783,0.101146,0.072453,0.068053,0.048700,0.088532
0.083597,0.131909,0.105733,0.137200,0.108466,0.132879,0.084632,0.087776,0.080626,0.047181
0.077804,0.091685,0.056142,0.234486,0.037246,0.062374,0.090551,0.039682,0.046605,0.263427
0.173844,0.087390,0.098238,0.069434,0.079723,0.118799,0.090675,0.084454,0.065823,0.131619
0.055320,0.043033,0.055048,0.249610,0.038905,0.068502,0.085115,0.075662,0.042005,0.286800
0.050803,0.264433,0.074448,0.062894,0.045058,0.056141,0.266429,0.081628,0.036949,0.061218
0.108942,0.138621,0.044698,0.107177,0.062810,0.121364,0.144128,0.082183,0.082543,0.107534
0.066096,0.357320,0.092466,0.088116,0.044910,0.058475,0.065854,0.076524,0.058060,0.092179
0.082807,0.128703,0.090159,0.098455,0.118407,0.110123,0.131552,0.097429,0.054987,0.087377
0.111904,0.118351,0.099836,0.071707,0.082000,0.140127,0.101271,0.095281,0.078134,0.101391
0.051058,0.040901,0.242578,0.062752,0.037680,0.281642,0.062118,0.115755,0.044881,0.060636
0.040851,0.058957,0.102272,0.241109,0.048121,0.075014,0.060714,0.045866,0.038042,0.289053
0.067190,0.161139,0.131416,0.087326,0.065262,0.099605,0.092674,0.117165,0.062364,0.115861
0.100971,0.202578,0.109597,0.058694,0.067805,0.072129,0.142656,0.079247,0.069181,0.097143
0.061461,0.241936,0.056932,0.054136,0.061832,0.083691,0.248860,0.092736,0.041933,0.056483
0.098343,0.065134,0.083042,0.060089,0.102972,0.098046,0.138264,0.177126,0.079272,0.097713
0.060417,0.247844,0.080581,0.071462,0.059052,0.059236,0.251666,0.072371,0.039942,0.057429
0.096680,0.041353,0.056931,0.244756,0.048995,0.066882,0.047044,0.071407,0.044017,0.281936
0.064969,0.116470,0.087010,0.126562,0.082039,0.084198,0.095169,0.154514,0.085226,0.103843
0.057451,0.081821,0.230287,0.074473,0.060614,0.259899,0.093687,0.044350,0.033691,0.063727
0.080055,0.164544,0.162878,0.091089,0.064201,0.096783,0.121536,0.064677,0.069985,0.084250
0.047951,0.081680,0.045218,0.235443,0.035860,0.077458,0.092823,0.046814,0.062225,0.274527
0.053595,0.106492,0.230386,0.056477,0.063566,0.268860,0.053222,0.051256,0.067309,0.048835
0.077069,0.071331,0.032939,0.319000,0.080608,0.113064,0.084665,0.096346,0.047146,0.077831
0.060772,0.296540,0.086146,0.090850,0.042734,0.073782,0.114398,0.114389,0.049920,0.070469
0.098268,0.094152,0.039154,0.107997,0.078383,0.162129,0.106289,0.108514,0.079739,0.125374
0.046407,0.242810,0.073368,0.057113,0.069751,0.071971,0.253203,0.091916,0.038592,0.054868
0.074325,0.130125,0.169074,0.092124,0.064967,0.107186,0.085476,0.114966,0.065295,0.096461
0.101020,0.097753,0.075429,0.103154,0.101846,0.113929,0.081981,0.124618,0.074311,0.125959
0.063144,0.184511,0.037273,0.102006,0.075299,0.103040,0.182116,0.096358,0.081979,0.074273
0.054335,0.093579,0.236348,0.064915,0.059925,0.273834,0.048526,0.068457,0.034282,0.065800
0.104036,0.094813,0.110994,0.108541,0.103162,0.146736,0.076096,0.121587,0.061402,0.072632
0.052354,0.277119,0.064632,0.038690,0.078023,0.069707,0.262581,0.048900,0.042865,0.065129
0.049249,0.082872,0.051250,0.243396,0.038597,0.063149,0.059154,0.080600,0.037891,0.293844
0.075972,0.085660,0.147117,0.108850,0.075972,0.099220,0.134270,0.109354,0.079399,0.084186
0.093066,0.088400,0.120146,0.104900,0.077350,0.115729,0.093045,0.086768,0.105110,0.115485
0.093923,0.058353,0.020563,0.251982,0.046593,0.068486,0.052711,0.071546,0.042913,0.292928
0.057289,0.055240,0.044297,0.247328,0.065429,0.059220,0.069816,0.085473,0.043366,0.272542
0.044619,0.097114,0.237689,0.052441,0.043442,0.276292,0.093988,0.055184,0.051716,0.047515
0.074076,0.096890,0.115769,0.083688,0.048751,0.295669,0.117052,0.059173,0.051356,0.057576
0.078267,0.343228,0.060369,0.069140,0.046360,0.098883,0.067049,0.097693,0.056283,0.082728
0.096214,0.263208,0.018929,0.039171,0.072184,0.072097,0.263749,0.049485,0.044490,0.080474
0.071067,0.066888,0.077341,0.074300,0.082096,0.099608,0.325752,0.052481,0.062118,0.088348
0.060705,0.284863,0.019273,0.067756,0.044880,0.064927,0.284890,0.053158,0.051378,0.068170
0.058654,0.089708,0.090340,0.081798,0.108521,0.158565,0.094423,0.104572,0.117099,0.096321
0.125639,0.103083,0.058193,0.105629,0.086855,0.131242,0.096173,0.091058,0.081687,0.120440
0.054036,0.050688,0.042217,0.234225,0.039916,0.080735,0.094895,0.068295,0.061065,0.273928
0.104878,0.099273,0.086030,0.122955,0.080753,0.116377,0.085958,0.089336,0.064049,0.150390
0.064701,0.125672,0.147474,0.075854,0.103725,0.149878,0.103191,0.082985,0.074720,0.071799
0.096247,0.105984,0.116127,0.129378,0.107379,0.120246,0.079879,0.082261,0.079179,0.083320
0.083328,0.129288,0.110229,0.076020,0.049536,0.109179,0.182183,0.079088,0.049755,0.131393
0.085415,0.076058,0.127479,0.087046,0.080782,0.079521,0.089939,0.084914,0.129099,0.159746
0.076935,0.112764,0.086571,0.114873,0.085715,0.113041,0.104103,0.126005,0.085446,0.094547
0.090902,0.060557,0.170823,0.067497,0.107223,0.094120,0.127899,0.108318,0.064278,0.108384
0.079087,0.165352,0.070610,0.068249,0.107626,0.090840,0.168434,0.065265,0.066136,0.118402
0.054647,0.040405,0.064853,0.246387,0.039874,0.046775,0.108777,0.070358,0.043491,0.284433
0.121358,0.077846,0.039691,0.088356,0.074834,0.171843,0.107936,0.134249,0.101982,0.081906
0.086861,0.113006,0.100286,0.090680,0.089942,0.132264,0.159119,0.074721,0.071468,0.081653
0.061197,0.252069,0.076216,0.052475,0.067497,0.075545,0.262804,0.046967,0.045659,0.059571
0.096288,0.080380,0.152197,0.067446,0.103596,0.104416,0.140127,0.106228,0.066148,0.083174
0.054153,0.093370,0.052457,0.244179,0.043904,0.047264,0.059204,0.050388,0.050294,0.304787
0.088626,0.143451,0.124123,0.095908,0.058562,0.127569,0.085354,0.086426,0.079918,0.110061
0.063725,0.059541,0.025914,0.251058,0.062112,0.059514,0.079581,0.054909,0.048611,0.295034
0.039262,0.089328,0.024901,0.245834,0.066100,0.067730,0.063456,0.071090,0.033417,0.298882
0.063529,0.117664,0.084021,0.156786,0.077441,0.118890,0.093397,0.117562,0.088947,0.081764
0.070564,0.169896,0.103633,0.091718,0.058788,0.136193,0.128345,0.072454,0.102391,0.066018
0.055460,0.056145,0.038474,0.252082,0.073114,0.076258,0.049223,0.051672,0.037160,0.310412
0.111989,0.089363,0.088404,0.109927,0.122627,0.113821,0.120299,0.096484,0.063810,0.083275
0.050922,0.064630,0.026667,0.250950,0.039457,0.052350,0.094341,0.060322,0.034525,0.325836
0.087303,0.266559,0.065104,0.062093,0.067184,0.043613,0.270984,0.049807,0.035553,0.051801
0.060739,0.082721,0.184270,0.095629,0.104662,0.108733,0.078081,0.076628,0.086716,0.121822
0.067820,0.251798,0.018132,0.067837,0.038624,0.041836,0.250204,0.118961,0.066146,0.078642
0.090294,0.161051,0.114223,0.103148,0.108975,0.074092,0.081594,0.084821,0.053628,0.128175
0.082161,0.055373,0.092496,0.243705,0.061703,0.047228,0.056373,0.048193,0.034706,0.278061
0.056913,0.065043,0.246925,0.041091,0.076419,0.281034,0.051079,0.074867,0.046863,0.059765
0.081245,0.193769,0.089086,0.078612,0.110327,0.120732,0.078697,0.080216,0.053953,0.113363
0.106464,0.105333,0.120324,0.115108,0.114999,0.135859,0.088391,0.084387,0.072915,0.056220
0.115426,0.085885,0.112624,0.086206,0.064839,0.134948,0.105890,0.083042,0.063958,0.147183
0.109850,0.202716,0.088390,0.106572,0.108073,0.122310,0.079709,0.084332,0.058307,0.039740
0.111959,0.076467,0.083048,0.069363,0.059880,0.128630,0.207998,0.085022,0.086317,0.091316
0.096862,0.099693,0.074213,0.134124,0.111332,0.096603,0.134722,0.077888,0.071492,0.103070
0.054467,0.103847,0.245556,0.060866,0.036038,0.278126,0.065814,0.074495,0.034162,0.046629
0.124983,0.158881,0.057578,0.073613,0.087705,0.117197,0.093398,0.098217,0.090247,0.098181
0.087536,0.068926,0.142827,0.096714,0.080857,0.118508,0.140442,0.120282,0.052573,0.091335
0.125897,0.102547,0.057058,0.090977,0.069340,0.116705,0.095402,0.089686,0.085960,0.166428
0.071032,0.066963,0.238138,0.062550,0.040921,0.272093,0.052651,0.118763,0.051038,0.025851
0.106344,0.164019,0.079616,0.111070,0.063269,0.121782,0.101061,0.084889,0.082974,0.084976
0.054131,0.273977,0.045264,0.062120,0.033922,0.047072,0.275752,0.119264,0.033965,0.054533
0.075367,0.127335,0.033307,0.304520,0.102777,0.086688,0.072167,0.109055,0.048989,0.039795
0.058220,0.057772,0.062150,0.268446,0.058817,0.074421,0.046834,0.047262,0.035400,0.290679
0.061523,0.057061,0.260165,0.044108,0.039328,0.292390,0.062194,0.083235,0.036080,0.063916
0.068839,0.071810,0.046782,0.088613,0.085450,0.087070,0.367344,0.079217,0.045032,0.059843
0.079768,0.096845,0.050633,0.097038,0.135248,0.090704,0.133356,0.101495,0.070753,0.144161
0.080904,0.158578,0.053930,0.137781,0.113831,0.104797,0.093644,0.122019,0.061930,0.072586
0.061351,0.129534,0.125594,0.067603,0.048403,0.309449,0.055565,0.083156,0.051277,0.068067
0.115980,0.068972,0.331350,0.087492,0.054969,0.077041,0.077508,0.064176,0.059021,0.063491
0.057120,0.063650,0.244244,0.078038,0.048910,0.275133,0.092860,0.045686,0.049366,0.044992
0.056713,0.076338,0.077938,0.095665,0.082294,0.326777,0.074406,0.083808,0.055054,0.071006
0.137681,0.092868,0.189798,0.062997,0.081071,0.069071,0.089833,0.111470,0.076041,0.089171
0.059982,0.072546,0.063661,0.246454,0.044732,0.063884,0.079497,0.048737,0.045983,0.274524
0.076275,0.138093,0.081118,0.079436,0.042344,0.350815,0.059101,0.060592,0.054119,0.058106
0.054349,0.189178,0.085295,0.100890,0.070941,0.103268,0.077104,0.121849,0.072543,0.124582
0.060215,0.043187,0.235645,0.075651,0.065978,0.267886,0.088193,0.071569,0.047168,0.044507
0.074790,0.115041,0.133471,0.074479,0.067815,0.098237,0.088836,0.159212,0.061484,0.126636
0.044718,0.261674,0.082406,0.059390,0.059280,0.065753,0.265150,0.074611,0.036094,0.050925
0.103180,0.104035,0.105829,0.131081,0.102758,0.102857,0.107102,0.084883,0.075989,0.082287
0.075248,0.132285,0.064645,0.079688,0.075844,0.079077,0.326549,0.087219,0.045616,0.033829
0.087758,0.153405,0.035339,0.102253,0.063101,0.143896,0.082584,0.184371,0.053559,0.093734
0.049722,0.054250,0.038618,0.258087,0.070676,0.056621,0.078505,0.049578,0.037581,0.306362
0.064276,0.098750,0.243731,0.050559,0.045158,0.276428,0.059367,0.068852,0.044421,0.048460
0.089127,0.084609,0.118045,0.069622,0.079146,0.111495,0.098714,0.124571,0.083303,0.141368
0.061318,0.057957,0.075974,0.249207,0.045826,0.055288,0.046386,0.065502,0.045551,0.296991
0.073245,0.079574,0.180534,0.096357,0.068802,0.067176,0.160862,0.123741,0.074198,0.075510
0.045990,0.042613,0.050548,0.258942,0.068345,0.081632,0.049783,0.046959,0.052653,0.302536
0.039287,0.054474,0.248405,0.051267,0.071505,0.282586,0.065815,0.075845,0.048095,0.062721
0.051429,0.277195,0.066115,0.039988,0.078661,0.073081,0.271425,0.050078,0.030082,0.061945
0.077236,0.094844,0.061839,0.122901,0.070155,0.087292,0.115979,0.091831,0.129235,0.148689
0.069762,0.068931,0.059482,0.077717,0.059482,0.353086,0.061904,0.094830,0.058028,0.096779
0.083546,0.091410,0.031430,0.102757,0.131574,0.118756,0.086616,0.202530,0.076888,0.074492
0.095883,0.082986,0.110060,0.096391,0.078378,0.100481,0.133913,0.120673,0.053704,0.127532
0.091348,0.094843,0.142283,0.065503,0.074006,0.138407,0.134598,0.110639,0.076854,0.071519
0.065596,0.118103,0.234763,0.064278,0.033161,0.271071,0.048500,0.051063,0.031023,0.082443
0.106481,0.118023,0.048733,0.121387,0.064484,0.120407,0.106580,0.098546,0.130145,0.085214
0.072887,0.066804,0.077850,0.307010,0.084182,0.051312,0.066753,0.101356,0.080248,0.091600
0.084492,0.148230,0.118977,0.082605,0.056381,0.112896,0.084519,0.105727,0.065144,0.141030
0.035961,0.278871,0.067164,0.062549,0.077262,0.046273,0.268494,0.080436,0.033177,0.049814
0.098878,0.097429,0.112910,0.139465,0.072902,0.099932,0.107381,0.109632,0.078529,0.082942
0.054387,0.287615,0.074040,0.042020,0.030804,0.073157,0.275173,0.049033,0.046942,0.066828
0.048799,0.260986,0.079297,0.074367,0.072886,0.041459,0.266426,0.048670,0.041373,0.065737
0.130781,0.138716,0.118044,0.086702,0.097275,0.127362,0.069074,0.082547,0.065758,0.083741
0.101063,0.087373,0.079979,0.155339,0.117426,0.111831,0.092816,0.085840,0.068378,0.099954
0.073752,0.122293,0.107458,0.097387,0.100601,0.096032,0.170425,0.075836,0.074828,0.081388
0.068455,0.078344,0.044561,0.149797,0.116467,0.115745,0.165841,0.091770,0.062833,0.106186
0.142875,0.104554,0.158241,0.109200,0.092148,0.076309,0.086187,0.086666,0.057457,0.086363
0.106815,0.174472,0.111732,0.061482,0.121004,0.108937,0.079801,0.125515,0.072354,0.037888
0.067648,0.122404,0.230110,0.036403,0.041265,0.264894,0.082628,0.075680,0.029077,0.049892
0.053782,0.076082,0.107308,0.092558,0.070668,0.115786,0.074815,0.187567,0.110904,0.110531
0.055567,0.084682,0.113372,0.116337,0.094944,0.089432,0.237482,0.087333,0.075395,0.045457
0.117834,0.113634,0.043359,0.112619,0.131069,0.121934,0.098196,0.141707,0.070204,0.049444
0.104255,0.097991,0.098832,0.087936,0.075728,0.112926,0.101456,0.092707,0.127846,0.100323
0.073270,0.092583,0.106219,0.301705,0.054141,0.078232,0.103089,0.062516,0.059550,0.068696
0.079670,0.138191,0.177060,0.094216,0.072241,0.104668,0.086987,0.072064,0.076140,0.098764
0.084075,0.054105,0.035126,0.244744,0.061528,0.044425,0.077880,0.068981,0.043543,0.285594
0.099826,0.092551,0.123054,0.113234,0.078107,0.111381,0.083999,0.128718,0.059366,0.109764
0.091691,0.153013,0.099127,0.092746,0.065574,0.084584,0.121382,0.149094,0.055947,0.086841
0.170502,0.073896,0.032889,0.110993,0.080856,0.172346,0.087772,0.146594,0.083876,0.040276
0.103620,0.132036,0.112833,0.087322,0.076886,0.107927,0.091079,0.128083,0.074913,0.085301
0.041363,0.062631,0.070713,0.247734,0.050589,0.049252,0.061932,0.076447,0.038304,0.301034
0.058172,0.042207,0.076176,0.241195,0.041106,0.074498,0.083722,0.050081,0.037964,0.294881
0.051888,0.059354,0.232947,0.047695,0.066548,0.266247,0.103943,0.046544,0.065579,0.059255
0.087279,0.153223,0.057086,0.094067,0.098141,0.096559,0.091755,0.157404,0.075547,0.088938
0.093955,0.077297,0.183233,0.094370,0.078576,0.099981,0.081666,0.111749,0.087657,0.091516
0.066680,0.283845,0.044283,0.059698,0.043029,0.046453,0.278640,0.073875,0.033017,0.070480
0.077226,0.080331,0.116865,0.079401,0.056626,0.074939,0.110517,0.194399,0.074298,0.135398
0.096089,0.054222,0.243318,0.054443,0.071278,0.282456,0.056599,0.045092,0.032006,0.064497
0.097821,0.146861,0.083777,0.103663,0.112470,0.119125,0.130818,0.073815,0.062550,0.069099
0.092019,0.100965,0.123073,0.121660,0.121884,0.084345,0.095209,0.120857,0.088406,0.051583
0.052795,0.064644,0.248072,0.064074,0.043071,0.284875,0.064098,0.053843,0.052598,0.071930
0.050206,0.370204,0.094609,0.085127,0.044581,0.085992,0.080383,0.070091,0.043792,0.075015
0.041772,0.280375,0.069922,0.062757,0.045527,0.068614,0.276893,0.053701,0.033006,0.067433
0.119566,0.086315,0.053012,0.087072,0.080392,0.116377,0.102340,0.144055,0.081691,0.129182
0.049146,0.098922,0.090371,0.226270,0.041858,0.063920,0.058444,0.064661,0.042546,0.263862
0.085283,0.089894,0.077587,0.109750,0.077400,0.106504,0.152257,0.130777,0.074187,0.096361
0.082400,0.170757,0.040691,0.100088,0.101291,0.115355,0.138305,0.076061,0.088364,0.086687
0.059695,0.064590,0.057470,0.244814,0.057670,0.079530,0.073582,0.049766,0.044489,0.268393
0.100214,0.101226,0.154159,0.107997,0.075772,0.101960,0.083483,0.085795,0.115138,0.074256
0.049783,0.271998,0.078033,0.064245,0.060023,0.048134,0.277425,0.044808,0.044596,0.060955
0.088520,0.040603,0.239943,0.068351,0.044245,0.275633,0.082861,0.068643,0.044486,0.046715
0.066345,0.065057,0.089575,0.049878,0.084579,0.366449,0.063483,0.099592,0.040455,0.074587
0.043954,0.058097,0.255122,0.041465,0.075086,0.298455,0.054494,0.056385,0.049711,0.067230
0.111479,0.103376,0.104315,0.103990,0.057317,0.107860,0.096241,0.193887,0.077545,0.043989
0.066047,0.129078,0.302338,0.083232,0.058337,0.080289,0.074249,0.097836,0.051115,0.057479
0.093921,0.107617,0.127396,0.094307,0.101315,0.086719,0.098558,0.097106,0.092823,0.100238
0.105161,0.148829,0.213169,0.066607,0.118041,0.076179,0.083835,0.083309,0.062282,0.042588
0.101876,0.183204,0.082811,0.072150,0.105193,0.091870,0.071350,0.078284,0.107050,0.106213
0.154493,0.079548,0.105591,0.088847,0.072306,0.100464,0.071569,0.112495,0.103457,0.111230
0.062255,0.062065,0.066191,0.254102,0.038341,0.060429,0.058770,0.051154,0.053680,0.293014
0.058386,0.052705,0.249183,0.059223,0.047387,0.284186,0.061706,0.072101,0.048133,0.066991
0.109178,0.137183,0.117420,0.112164,0.077407,0.105455,0.093661,0.086725,0.075904,0.084903
0.076076,0.081291,0.096655,0.150634,0.096763,0.098256,0.138976,0.074831,0.095849,0.090669
0.034157,0.041630,0.254542,0.063195,0.073148,0.294478,0.051681,0.048347,0.052473,0.086349
0.070031,0.258709,0.096790,0.062563,0.032472,0.065431,0.259048,0.045070,0.045286,0.064601
0.063850,0.066366,0.239415,0.050846,0.045385,0.273313,0.091124,0.076288,0.047691,0.045723
0.053854,0.057354,0.241333,0.077916,0.068856,0.266990,0.081739,0.069229,0.033550,0.049179
0.059459,0.089946,0.105517,0.094451,0.110015,0.068337,0.171397,0.124822,0.050323,0.125732
0.066120,0.276065,0.063413,0.037349,0.077317,0.062952,0.258750,0.077629,0.038546,0.041858
0.062935,0.269381,0.045356,0.065698,0.042733,0.075237,0.274331,0.050743,0.049948,0.063639
0.081202,0.100391,0.197384,0.065901,0.111396,0.105521,0.091978,0.131133,0.067047,0.048048
0.058761,0.037442,0.059857,0.251020,0.040817,0.059962,0.077607,0.093703,0.040833,0.279997
0.142654,0.095655,0.106177,0.116890,0.098209,0.111951,0.091318,0.074685,0.072327,0.090135
0.090579,0.084637,0.095732,0.124171,0.100535,0.097664,0.172477,0.083696,0.070325,0.080184
0.089597,0.114029,0.122058,0.120259,0.118166,0.115447,0.091590,0.095641,0.083681,0.049532
0.055040,0.097822,0.020816,0.238045,0.069916,0.083883,0.050459,0.046620,0.061907,0.275492
0.078776,0.113712,0.054872,0.117111,0.080288,0.087905,0.113070,0.124001,0.076629,0.153636
0.147826,0.093476,0.103715,0.091947,0.073532,0.102167,0.087862,0.120257,0.081251,0.097966
0.120593,0.100932,0.083457,0.111646,0.140378,0.127046,0.096923,0.106825,0.064835,0.047365
0.065786,0.049402,0.064429,0.256118,0.065876,0.069889,0.053659,0.050640,0.037068,0.287134
0.085792,0.089817,0.176715,0.114225,0.093186,0.105422,0.096485,0.069559,0.056850,0.111950
0.077186,0.079289,0.048511,0.318514,0.078018,0.080638,0.083182,0.099621,0.060286,0.074754
0.100610,0.105149,0.045101,0.101293,0.109511,0.131258,0.087605,0.133565,0.078858,0.107049
0.107398,0.081353,0.035972,0.117716,0.085076,0.124106,0.099004,0.142139,0.093484,0.113752
0.115509,0.112776,0.063973,0.096496,0.081323,0.111701,0.159738,0.087401,0.089415,0.081668
0.050695,0.060970,0.057562,0.245342,0.060733,0.048345,0.059506,0.077340,0.045957,0.293549
0.102121,0.095297,0.074615,0.061787,0.056347,0.098099,0.181621,0.175903,0.073402,0.080808
0.147063,0.134691,0.039953,0.068240,0.076778,0.129379,0.108227,0.129987,0.081344,0.084337
0.099328,0.154942,0.141962,0.076160,0.097727,0.070314,0.132936,0.081168,0.066369,0.079094
0.038153,0.108483,0.035909,0.262225,0.048899,0.044003,0.050838,0.073800,0.035033,0.302656
0.090844,0.166176,0.103750,0.094851,0.067914,0.089016,0.093718,0.073969,0.100693,0.119068
0.049600,0.094071,0.229170,0.044516,0.064433,0.262926,0.101786,0.048841,0.062556,0.042101
0.097891,0.072415,0.124580,0.064256,0.079105,0.081011,0.085960,0.150646,0.090812,0.153323
0.056941,0.061181,0.054326,0.252434,0.048126,0.047891,0.085520,0.051520,0.035271,0.306790
0.064291,0.051946,0.237336,0.067168,0.062831,0.279990,0.054847,0.051458,0.046466,0.083668
0.078359,0.095896,0.107024,0.133657,0.090143,0.088479,0.098631,0.091540,0.090800,0.125471
0.082602,0.077539,0.099066,0.114790,0.091376,0.101420,0.152843,0.140090,0.066839,0.073435
0.133327,0.076033,0.088155,0.059677,0.104629,0.104466,0.163897,0.079927,0.073825,0.116065
0.075938,0.098935,0.108373,0.103896,0.102394,0.071696,0.166612,0.104576,0.066934,0.100646
0.114966,0.075045,0.053628,0.111693,0.070114,0.155717,0.198110,0.088372,0.054425,0.077930
0.075350,0.267370,0.066666,0.059920,0.081162,0.065764,0.268896,0.043632,0.048341,0.022899
0.092093,0.083972,0.241794,0.060840,0.036509,0.280498,0.065845,0.046301,0.036690,0.055457
0.042941,0.052345,0.227658,0.066617,0.041202,0.265826,0.109941,0.052998,0.067191,0.073281
0.051730,0.282091,0.017344,0.058984,0.044452,0.077040,0.276872,0.045451,0.068358,0.077678
0.067482,0.260326,0.053441,0.055818,0.043305,0.092251,0.258068,0.077892,0.041702,0.049715
0.061674,0.255602,0.077355,0.062066,0.072776,0.065118,0.262436,0.048677,0.044813,0.049483
0.093239,0.079924,0.096220,0.089826,0.092813,0.124785,0.098878,0.164885,0.070360,0.089068
0.058283,0.063558,0.024594,0.257408,0.040142,0.073441,0.057784,0.052950,0.050812,0.321028
0.075024,0.094837,0.294915,0.092678,0.049187,0.084294,0.101879,0.068922,0.041320,0.096943
0.060087,0.085983,0.025851,0.233988,0.042071,0.074081,0.059814,0.066645,0.063816,0.287663
0.108927,0.081812,0.116757,0.081970,0.091078,0.075690,0.145945,0.117217,0.062331,0.118272
0.063146,0.054850,0.152541,0.083107,0.084986,0.324995,0.070343,0.074032,0.057944,0.034056
0.113674,0.110051,0.043806,0.110383,0.115673,0.124236,0.106986,0.082806,0.058235,0.134150
0.075948,0.072471,0.101327,0.072506,0.055550,0.075872,0.334819,0.083264,0.058312,0.069932
0.064620,0.092855,0.022513,0.231409,0.037797,0.062077,0.104728,0.052129,0.046943,0.284929
0.134779,0.119150,0.059132,0.097046,0.068974,0.090405,0.113987,0.128203,0.078245,0.110079
0.061475,0.067322,0.299883,0.082194,0.057166,0.110548,0.106697,0.095025,0.056262,0.063427
0.061744,0.071173,0.037792,0.129437,0.120496,0.109543,0.142981,0.077221,0.111342,0.138270
0.040698,0.252735,0.098859,0.061975,0.061949,0.055346,0.249222,0.067227,0.045383,0.066606
0.115341,0.165167,0.036914,0.069325,0.116687,0.117624,0.158564,0.123439,0.053698,0.043239
0.095970,0.105216,0.088192,0.076796,0.079244,0.146964,0.170275,0.092417,0.088488,0.056438
0.064804,0.273132,0.055138,0.064322,0.062477,0.058381,0.272639,0.051476,0.043648,0.053983
0.057985,0.289924,0.055692,0.066389,0.037217,0.045138,0.287650,0.049033,0.046308,0.064664
0.060949,0.077949,0.038258,0.266268,0.048237,0.042588,0.048294,0.071102,0.045197,0.301157
0.075253,0.096006,0.110875,0.146328,0.099822,0.096011,0.138323,0.075962,0.078872,0.082548
0.113639,0.085075,0.083205,0.085673,0.078017,0.134708,0.152175,0.112935,0.066131,0.088442
0.094627,0.095354,0.143072,0.111437,0.096071,0.069719,0.075140,0.119912,0.076895,0.117771
0.096400,0.103327,0.058632,0.107870,0.072788,0.125587,0.111826,0.111592,0.071160,0.140818
0.088335,0.076155,0.062098,0.247469,0.042521,0.045530,0.049403,0.077873,0.031998,0.278618
0.093157,0.054420,0.232937,0.061514,0.061450,0.270399,0.047535,0.045323,0.066318,0.066947
0.061501,0.096898,0.226284,0.040716,0.036750,0.261469,0.061200,0.070705,0.066909,0.077568
0.050693,0.264427,0.099786,0.057362,0.031107,0.094029,0.266392,0.054797,0.031435,0.049974
0.037133,0.260520,0.063962,0.059660,0.043359,0.091777,0.259991,0.071157,0.042902,0.069540
0.038178,0.283699,0.055918,0.062589,0.045589,0.074320,0.283250,0.077782,0.032778,0.045897
0.055396,0.232089,0.069309,0.058354,0.071105,0.084498,0.243953,0.097236,0.061651,0.026411
0.059742,0.057477,0.049745,0.244677,0.057760,0.041199,0.078665,0.077312,0.044243,0.289179
