0.105096,0.079892,0.116940,0.101803,0.083751,0.103281,0.098327,0.076332,0.108161,0.126417
0.071845,0.077479,0.067936,0.323589,0.059747,0.089674,0.066535,0.064440,0.085282,0.093474
0.051932,0.279790,0.073073,0.052354,0.047849,0.046907,0.284015,0.048575,0.054326,0.061180
0.074137,0.109080,0.057025,0.116481,0.086191,0.135499,0.107674,0.139103,0.076704,0.098105
0.100383,0.157170,0.050383,0.098253,0.075683,0.109624,0.080843,0.181629,0.106822,0.039212
0.057178,0.061315,0.075030,0.241697,0.046054,0.057572,0.048110,0.048334,0.046589,0.318120
0.127520,0.071588,0.116104,0.066884,0.068450,0.121866,0.150538,0.142014,0.065035,0.070001
0.083510,0.075639,0.176528,0.098229,0.072840,0.090800,0.133692,0.117258,0.068031,0.083473
0.159058,0.096983,0.112457,0.078413,0.124268,0.074295,0.109298,0.084325,0.077416,0.083487
0.080783,0.067716,0.139940,0.142566,0.108249,0.102257,0.148091,0.082675,0.082590,0.045133
0.072654,0.112305,0.050448,0.115876,0.112964,0.143981,0.125072,0.097839,0.066306,0.102555
0.048077,0.039880,0.063943,0.264135,0.044912,0.062755,0.045816,0.050484,0.055071,0.324925
0.108400,0.103591,0.208428,0.108622,0.061608,0.102243,0.086816,0.088796,0.087700,0.043795
0.080082,0.097626,0.042879,0.104522,0.092982,0.352256,0.076784,0.072433,0.046562,0.033874
0.103562,0.091123,0.081649,0.150676,0.074180,0.076569,0.182372,0.087067,0.059713,0.093088
0.104610,0.098040,0.108877,0.156141,0.078402,0.139161,0.092240,0.094465,0.079385,0.048679
0.057086,0.050995,0.062982,0.240770,0.038756,0.053351,0.052543,0.094989,0.046479,0.302047
0.067727,0.138737,0.161430,0.107970,0.079135,0.077125,0.084202,0.138473,0.068380,0.076821
0.056709,0.084956,0.036838,0.251941,0.055212,0.064106,0.052604,0.049142,0.036224,0.312268
0.101308,0.107783,0.122754,0.115751,0.083373,0.081976,0.105639,0.086016,0.079003,0.116396
0.038266,0.065003,0.242937,0.065344,0.068760,0.287932,0.089891,0.050264,0.039308,0.052295
0.055536,0.090107,0.022993,0.242177,0.058719,0.049383,0.087226,0.045513,0.034007,0.314340
0.055686,0.085303,0.061047,0.231797,0.052700,0.050580,0.053477,0.062167,0.045145,0.302096
0.046663,0.081655,0.087576,0.249581,0.034879,0.064479,0.054062,0.044377,0.052478,0.284251
0.073360,0.285919,0.057819,0.042522,0.071252,0.046914,0.280476,0.071566,0.047760,0.022412
0.102673,0.060067,0.108839,0.073304,0.046619,0.331489,0.091628,0.083358,0.036877,0.065146
0.041661,0.266845,0.054457,0.057820,0.069619,0.069632,0.265667,0.073907,0.053070,0.047322
0.034690,0.064489,0.265599,0.053932,0.044692,0.324491,0.059032,0.049095,0.046395,0.057586
0.085430,0.119018,0.080874,0.122151,0.102179,0.072553,0.076631,0.165262,0.070851,0.105051
0.082159,0.098743,0.122133,0.112480,0.114344,0.100169,0.098624,0.084505,0.080555,0.106289
0.048403,0.100501,0.060068,0.071488,0.085535,0.089409,0.348772,0.050237,0.074580,0.071007
0.058953,0.085646,0.099769,0.126977,0.082550,0.116921,0.149906,0.145862,0.056658,0.076759
0.115868,0.084851,0.066695,0.106108,0.102503,0.135544,0.101388,0.129441,0.066008,0.091593
0.055428,0.141696,0.088105,0.116238,0.068486,0.122687,0.162009,0.072207,0.098665,0.074479
0.067073,0.090663,0.165562,0.094776,0.137686,0.115153,0.095738,0.083691,0.068820,0.080838
0.082495,0.067162,0.222736,0.070048,0.037259,0.269869,0.095847,0.044798,0.061575,0.048211
0.086170,0.056058,0.233369,0.043753,0.070896,0.279953,0.079568,0.069195,0.053993,0.027045
0.096255,0.122763,0.052643,0.082356,0.090054,0.126376,0.165535,0.142462,0.066668,0.054890
0.108416,0.071992,0.320199,0.057002,0.057620,0.071539,0.103476,0.084286,0.056481,0.068990
0.116603,0.110082,0.043500,0.101833,0.082975,0.108091,0.105833,0.140287,0.089918,0.100877
0.070800,0.087924,0.115692,0.104924,0.115463,0.105232,0.114059,0.087796,0.111903,0.086208
0.117071,0.108704,0.130632,0.083258,0.092097,0.091944,0.117362,0.101112,0.067766,0.090054
0.116379,0.087808,0.062374,0.100124,0.090987,0.132597,0.145983,0.081948,0.083078,0.098723
0.054784,0.059043,0.048863,0.253350,0.044363,0.071709,0.052413,0.055509,0.044326,0.315641
0.109320,0.106611,0.068484,0.103404,0.120608,0.114018,0.117520,0.083274,0.066658,0.110104
0.132165,0.114153,0.163380,0.088631,0.108652,0.112628,0.077212,0.070865,0.055118,0.077197
0.099370,0.096030,0.080475,0.096387,0.074654,0.074690,0.141828,0.170169,0.056377,0.110020
0.061161,0.076019,0.053260,0.254572,0.061235,0.044938,0.041778,0.087034,0.036805,0.283198
0.045213,0.054068,0.063123,0.245648,0.041944,0.070877,0.067242,0.078942,0.036887,0.296055
0.073564,0.278961,0.018936,0.070776,0.063546,0.066723,0.278914,0.050648,0.044818,0.053113
0.091233,0.121835,0.082874,0.097962,0.055875,0.099982,0.090583,0.136259,0.104393,0.119003
0.086203,0.108165,0.114727,0.103037,0.084046,0.084101,0.082229,0.131450,0.084151,0.121893
0.128546,0.129340,0.098545,0.082880,0.102684,0.086965,0.084862,0.133561,0.067085,0.085533
0.062817,0.058382,0.235680,0.062555,0.047352,0.290233,0.065349,0.053193,0.047732,0.076706
0.077315,0.141556,0.098786,0.101965,0.071621,0.118079,0.135759,0.079817,0.072779,0.102324
0.043462,0.069090,0.080785,0.048294,0.069172,0.344462,0.134988,0.089772,0.053569,0.066407
0.073378,0.092717,0.174765,0.105755,0.081805,0.088847,0.098706,0.142586,0.093050,0.048390
0.097036,0.083941,0.057597,0.108047,0.075077,0.099216,0.091440,0.167449,0.105602,0.114595
0.093646,0.266263,0.017832,0.042750,0.047270,0.073444,0.265753,0.114128,0.030876,0.048037
0.075803,0.048907,0.080389,0.236302,0.059743,0.061735,0.069262,0.046916,0.040728,0.280215
0.035970,0.043210,0.251215,0.066217,0.044472,0.306557,0.051864,0.053298,0.071632,0.075565
0.083965,0.062627,0.172138,0.089673,0.109776,0.093040,0.165474,0.076007,0.067620,0.079682
0.043358,0.267125,0.078013,0.059926,0.034833,0.070154,0.271136,0.052451,0.065087,0.057915
0.046281,0.053198,0.060542,0.236631,0.045511,0.046115,0.054991,0.092168,0.060300,0.304263
0.045055,0.256421,0.078308,0.043202,0.069676,0.085020,0.264462,0.044368,0.043667,0.069820
0.064464,0.080303,0.243439,0.041870,0.079821,0.297524,0.051357,0.051430,0.045061,0.044732
0.085927,0.261785,0.059114,0.041412,0.070869,0.070798,0.264207,0.041850,0.039185,0.064852
0.038788,0.080313,0.048182,0.283051,0.058363,0.055607,0.040536,0.045682,0.041042,0.308435
0.112982,0.084003,0.125584,0.085582,0.107078,0.122109,0.090229,0.116687,0.064790,0.090956
0.078256,0.050824,0.101173,0.299587,0.055058,0.078761,0.133505,0.092440,0.080785,0.029612
0.069033,0.152550,0.062553,0.099961,0.108682,0.078169,0.100155,0.157058,0.059032,0.112809
0.044961,0.059815,0.232124,0.075074,0.050312,0.275618,0.104563,0.049876,0.035043,0.072613
0.163928,0.108997,0.047571,0.117772,0.084370,0.084235,0.108031,0.085866,0.083308,0.115921
0.046045,0.052243,0.229363,0.060301,0.069701,0.280359,0.098876,0.065987,0.045959,0.051166
0.067715,0.116387,0.073159,0.050288,0.053390,0.356586,0.060022,0.091926,0.041615,0.088913
0.084221,0.143688,0.098279,0.088831,0.108322,0.090822,0.132073,0.077197,0.067672,0.108894
0.091045,0.280265,0.063157,0.059573,0.056541,0.046797,0.281051,0.044010,0.033434,0.044128
0.087938,0.094004,0.087694,0.098320,0.069209,0.109245,0.150009,0.135583,0.079169,0.088828
0.071389,0.062990,0.255048,0.053964,0.049689,0.296495,0.064819,0.049746,0.042433,0.053427
0.081604,0.137724,0.052930,0.134237,0.056266,0.110666,0.122335,0.149646,0.069648,0.084945
0.139462,0.094568,0.181014,0.064591,0.088769,0.095109,0.088992,0.078287,0.093284,0.075926
0.096869,0.089419,0.107675,0.099464,0.074441,0.102281,0.163755,0.111191,0.068462,0.086443
0.147036,0.089323,0.107693,0.065748,0.112750,0.124447,0.076910,0.118720,0.071628,0.085744
0.103926,0.186984,0.057923,0.113884,0.062698,0.127884,0.116976,0.097191,0.084874,0.047660
0.036309,0.043548,0.244990,0.049161,0.081673,0.296354,0.088405,0.050850,0.034147,0.074563
0.052876,0.064182,0.245416,0.075320,0.043048,0.296406,0.059808,0.047817,0.034454,0.080671
0.052321,0.054564,0.056724,0.265434,0.067721,0.048086,0.045989,0.051108,0.044135,0.313919
0.095977,0.083015,0.187665,0.102380,0.092561,0.124217,0.079251,0.119860,0.071870,0.043204
0.091727,0.161409,0.057603,0.087290,0.112351,0.141344,0.084032,0.087604,0.078627,0.098014
0.054337,0.057344,0.039484,0.241007,0.065559,0.056828,0.087926,0.043128,0.043279,0.311108
0.060814,0.261680,0.036444,0.060812,0.069691,0.060701,0.269900,0.099041,0.036092,0.044825
0.149939,0.098723,0.109736,0.104449,0.073963,0.121354,0.087880,0.108104,0.060128,0.085726
0.106476,0.119337,0.101475,0.096648,0.072088,0.089886,0.141459,0.093867,0.071788,0.106977
0.049545,0.276303,0.078992,0.065769,0.045879,0.054210,0.292073,0.044396,0.044685,0.048147
0.112869,0.141954,0.087153,0.087633,0.077925,0.081106,0.156960,0.084780,0.078361,0.091260
0.055916,0.290804,0.035103,0.054378,0.069642,0.047704,0.291095,0.052068,0.055814,0.047476
0.169436,0.073977,0.088849,0.085087,0.123322,0.104898,0.156843,0.091170,0.060384,0.046033
0.087462,0.085283,0.077805,0.128619,0.105710,0.100417,0.182990,0.081821,0.059124,0.090770
0.059587,0.132643,0.168481,0.090787,0.100470,0.107752,0.083315,0.076649,0.077979,0.102337
0.052931,0.095921,0.239189,0.066470,0.042550,0.291975,0.050553,0.046228,0.044907,0.069276
0.057454,0.071574,0.083864,0.243903,0.056753,0.052148,0.068178,0.046964,0.035590,0.283569
0.045310,0.061863,0.043252,0.264633,0.058603,0.067523,0.049301,0.061192,0.042059,0.306264
0.089483,0.082636,0.189484,0.105170,0.079173,0.114805,0.089013,0.123627,0.087117,0.039491
0.097207,0.091304,0.186500,0.102493,0.061208,0.099432,0.092335,0.081530,0.066800,0.121191
0.061983,0.367193,0.107523,0.078789,0.059032,0.089311,0.068228,0.061986,0.045223,0.060731
0.043571,0.268863,0.019908,0.046174,0.051446,0.095958,0.270106,0.078707,0.046152,0.079115
0.067074,0.044403,0.254928,0.051304,0.052329,0.307010,0.064855,0.048111,0.057231,0.052756
0.107836,0.138952,0.042567,0.111640,0.122790,0.103712,0.089680,0.117342,0.085143,0.080338
0.081919,0.065519,0.072645,0.072568,0.085079,0.362938,0.059590,0.089826,0.057311,0.052606
0.042423,0.056985,0.041215,0.255205,0.062484,0.059289,0.076651,0.055977,0.036964,0.312807
0.082387,0.129243,0.108776,0.148987,0.088616,0.074523,0.137958,0.082382,0.066193,0.080935
0.092253,0.061791,0.227048,0.061488,0.036326,0.277157,0.054010,0.070357,0.045156,0.074415
0.082918,0.106151,0.082476,0.107684,0.078440,0.121579,0.143041,0.122476,0.079490,0.075746
0.157039,0.122897,0.082563,0.097408,0.072804,0.114286,0.078093,0.080317,0.072235,0.122356
0.098404,0.141845,0.056843,0.091652,0.072229,0.094520,0.165018,0.112574,0.064641,0.102275
0.089227,0.084591,0.088055,0.113710,0.104895,0.089184,0.079992,0.150482,0.094076,0.105788
0.047577,0.285381,0.062976,0.064726,0.036666,0.063394,0.279541,0.073985,0.065589,0.020164
0.038022,0.040283,0.250409,0.062233,0.060331,0.302335,0.061006,0.070412,0.065667,0.049301
0.039934,0.063206,0.252240,0.043670,0.037975,0.302601,0.067824,0.079935,0.036419,0.076196
0.066669,0.068963,0.047381,0.068767,0.048491,0.104547,0.350382,0.089677,0.067594,0.087530
0.087324,0.083979,0.105574,0.109111,0.056802,0.149255,0.091730,0.102604,0.115244,0.098377
0.055885,0.060572,0.036821,0.245611,0.046575,0.045529,0.081013,0.049463,0.052328,0.326204
0.085239,0.249768,0.044890,0.059250,0.045918,0.065873,0.261244,0.091389,0.038897,0.057533
0.086761,0.041314,0.233240,0.073993,0.071705,0.277024,0.082133,0.044664,0.032733,0.056433
0.056177,0.060258,0.248468,0.064530,0.068175,0.298154,0.047990,0.050684,0.044089,0.061477
0.102074,0.097829,0.066031,0.125100,0.112517,0.117271,0.108413,0.095134,0.075945,0.099685
0.093276,0.080585,0.132982,0.091864,0.090933,0.109771,0.162764,0.079242,0.073066,0.085518
0.036675,0.078547,0.233174,0.063114,0.036500,0.284630,0.050389,0.073233,0.067118,0.076620
0.093222,0.076718,0.053186,0.135627,0.106758,0.074029,0.169877,0.094850,0.078943,0.116790
0.087894,0.117901,0.030934,0.081980,0.047447,0.057598,0.355450,0.093487,0.046510,0.080800
0.105631,0.087438,0.152328,0.080529,0.081711,0.077553,0.083964,0.126543,0.110006,0.094298
0.079057,0.156453,0.034039,0.075524,0.105757,0.092225,0.138086,0.126708,0.072383,0.119768
0.062353,0.041752,0.230969,0.049348,0.056830,0.279241,0.085150,0.078838,0.065958,0.049562
0.075975,0.116222,0.094588,0.102162,0.103699,0.132334,0.073397,0.123057,0.069524,0.109042
0.085261,0.057365,0.053486,0.243082,0.046724,0.046051,0.078189,0.045817,0.034805,0.309220
0.079940,0.260672,0.039635,0.058859,0.062578,0.068317,0.272044,0.042990,0.052264,0.062701
0.123516,0.121099,0.151284,0.088224,0.060503,0.066839,0.124781,0.110808,0.080385,0.072561
0.068050,0.273566,0.053923,0.063060,0.042319,0.083743,0.279433,0.052020,0.033339,0.050546
0.059604,0.049280,0.065067,0.236562,0.046132,0.070717,0.048539,0.070620,0.045113,0.308365
0.048055,0.083730,0.233069,0.074274,0.048581,0.275433,0.076953,0.046482,0.044735,0.068687
0.138976,0.083417,0.063037,0.109654,0.111754,0.106493,0.101831,0.154703,0.078312,0.051823
0.083399,0.122841,0.107801,0.150358,0.076509,0.122123,0.081954,0.104746,0.062385,0.087883
0.087040,0.098045,0.147236,0.099247,0.078260,0.099318,0.101243,0.156293,0.079308,0.054009
0.059910,0.049094,0.076165,0.273763,0.056420,0.039580,0.043345,0.046065,0.040903,0.314754
0.083496,0.089546,0.044237,0.098916,0.068892,0.096271,0.161294,0.158657,0.102218,0.096473
0.089703,0.116116,0.078274,0.073388,0.088478,0.104763,0.174849,0.118027,0.078959,0.077443
0.076660,0.088736,0.123842,0.083635,0.110997,0.102973,0.129314,0.108510,0.068942,0.106391
0.057989,0.037444,0.047197,0.261416,0.041181,0.070854,0.092904,0.046812,0.043896,0.300305
0.062017,0.091866,0.237349,0.041864,0.041058,0.289564,0.054335,0.077501,0.033111,0.071333
0.105164,0.189053,0.059201,0.074985,0.066922,0.120981,0.110198,0.094163,0.085677,0.093655
0.062281,0.054936,0.061670,0.252952,0.044751,0.051928,0.047191,0.065547,0.046456,0.312288
0.057747,0.064717,0.049023,0.246543,0.044121,0.053578,0.075136,0.060969,0.041331,0.306835
0.038507,0.271952,0.035932,0.061854,0.075180,0.066005,0.276046,0.068445,0.034864,0.071214
0.037545,0.097965,0.239749,0.046531,0.071011,0.292509,0.053666,0.050281,0.035599,0.075143
0.095232,0.282223,0.044597,0.039826,0.046913,0.060951,0.272980,0.046672,0.040213,0.070393
0.115225,0.089050,0.068183,0.121901,0.102740,0.111321,0.107399,0.096935,0.088304,0.098941
0.047810,0.057011,0.050866,0.242577,0.056145,0.059018,0.043712,0.094873,0.042980,0.305008
0.053487,0.055864,0.038665,0.254913,0.041338,0.065828,0.054519,0.054612,0.050306,0.330467
0.079807,0.088597,0.076281,0.090002,0.102913,0.111142,0.143742,0.139437,0.093910,0.074168
0.063855,0.372404,0.060235,0.095889,0.105994,0.059296,0.063271,0.088392,0.061699,0.028965
0.057104,0.292498,0.051075,0.063121,0.044329,0.055081,0.285318,0.048873,0.043481,0.059119
0.048251,0.260650,0.047003,0.051585,0.039491,0.081965,0.260569,0.092274,0.053588,0.064623
0.053780,0.284445,0.032843,0.047059,0.069070,0.066803,0.281045,0.071856,0.031611,0.061488
0.073654,0.127675,0.320698,0.084926,0.082357,0.059898,0.070643,0.064302,0.060048,0.055800
0.053869,0.057308,0.238121,0.067048,0.067533,0.289217,0.054810,0.070760,0.040400,0.060935
0.094197,0.277853,0.045818,0.059292,0.041607,0.067868,0.284360,0.055472,0.051421,0.022113
0.035730,0.050633,0.047940,0.252760,0.053861,0.054901,0.096257,0.068633,0.042523,0.296761
0.052396,0.061795,0.249003,0.064823,0.045995,0.296434,0.089828,0.047217,0.036437,0.056073
0.050268,0.061642,0.254684,0.059651,0.060857,0.305661,0.061379,0.052210,0.042267,0.051382
0.052168,0.301858,0.047530,0.040912,0.042210,0.072139,0.288992,0.049189,0.044643,0.060360
0.062615,0.091340,0.087842,0.154167,0.110627,0.119712,0.155362,0.084011,0.087345,0.046980
0.042784,0.075851,0.053836,0.258211,0.054510,0.073461,0.041129,0.058332,0.056713,0.285172
0.047325,0.288522,0.023166,0.056167,0.054469,0.050301,0.291392,0.060406,0.072443,0.055809
0.046949,0.265505,0.059381,0.041301,0.072890,0.040976,0.268873,0.097619,0.055439,0.051066
0.069530,0.106753,0.119292,0.111805,0.067688,0.128007,0.106403,0.082594,0.087712,0.120218
0.059042,0.057075,0.026064,0.261640,0.048402,0.046784,0.064217,0.048029,0.048940,0.339806
0.088567,0.109645,0.125960,0.073710,0.082825,0.116683,0.156618,0.114209,0.082885,0.048898
0.051929,0.267221,0.071180,0.052877,0.067567,0.052937,0.273884,0.048910,0.044688,0.068808
0.038183,0.070219,0.259328,0.050738,0.047757,0.314415,0.070784,0.053561,0.048996,0.046018
0.103243,0.079406,0.081197,0.108092,0.109285,0.096951,0.144884,0.118228,0.069270,0.089444
0.055698,0.049083,0.065314,0.253448,0.047511,0.043544,0.054037,0.052819,0.044690,0.333855
0.074766,0.046711,0.053532,0.240965,0.046516,0.051502,0.083584,0.069270,0.049434,0.283719
0.137294,0.086022,0.139019,0.124156,0.094183,0.094807,0.104123,0.102853,0.066315,0.051228
0.048564,0.277839,0.059286,0.061451,0.066913,0.043219,0.269941,0.042989,0.062857,0.066941
0.049549,0.281964,0.063997,0.045118,0.079277,0.043066,0.275640,0.044736,0.041988,0.074666
0.101065,0.145095,0.085337,0.107502,0.094459,0.098295,0.141839,0.081719,0.063895,0.080792
0.039056,0.297038,0.035163,0.048158,0.046308,0.080038,0.292290,0.051791,0.036036,0.074123
0.071189,0.083716,0.121985,0.108250,0.076635,0.106575,0.119143,0.137326,0.079684,0.095498
0.039214,0.058033,0.234511,0.048540,0.049886,0.278666,0.080311,0.096412,0.064316,0.050112
0.054049,0.079727,0.090726,0.325838,0.090875,0.077482,0.088312,0.103432,0.052376,0.037183
0.056973,0.056207,0.055596,0.243262,0.064579,0.054187,0.069979,0.057996,0.041231,0.299991
0.079260,0.079450,0.328102,0.081518,0.060170,0.098922,0.071438,0.065379,0.050027,0.085735
0.083619,0.126880,0.105595,0.146494,0.111483,0.132221,0.082274,0.085198,0.079455,0.046781
0.076700,0.076489,0.053798,0.240295,0.037775,0.061702,0.086230,0.037856,0.049633,0.279522
0.177921,0.086165,0.095479,0.072410,0.081871,0.117125,0.089766,0.083059,0.069908,0.126296
0.051114,0.040208,0.053966,0.252406,0.041133,0.066577,0.080231,0.070481,0.042116,0.301767
0.049398,0.271356,0.072213,0.061639,0.043655,0.051714,0.275498,0.078578,0.036575,0.059373
0.115087,0.132814,0.045284,0.106042,0.064529,0.117952,0.145655,0.081162,0.084641,0.106833
0.064891,0.369570,0.089343,0.087706,0.045146,0.057148,0.064395,0.074148,0.058537,0.089117
0.086539,0.125204,0.088622,0.099378,0.118154,0.108350,0.133037,0.098398,0.057584,0.084735
0.113186,0.114763,0.097646,0.075071,0.083492,0.138971,0.104102,0.094528,0.078985,0.099257
0.051677,0.040529,0.242500,0.060406,0.041161,0.295719,0.059975,0.107469,0.043449,0.057116
0.040981,0.056393,0.094846,0.239669,0.047608,0.072584,0.058887,0.044137,0.038458,0.306435
0.073019,0.143147,0.129914,0.092037,0.068338,0.099873,0.096022,0.119954,0.066192,0.111503
0.099559,0.170324,0.113123,0.062821,0.072195,0.077004,0.152578,0.080647,0.071446,0.100301
0.061054,0.250585,0.054367,0.052762,0.061060,0.079287,0.257652,0.085744,0.042823,0.054665
0.100064,0.063944,0.081045,0.062523,0.106934,0.097294,0.138673,0.169707,0.081488,0.098329
0.059101,0.256986,0.076166,0.070352,0.060151,0.053526,0.259180,0.069379,0.039669,0.055489
0.094925,0.039947,0.057160,0.242768,0.049062,0.061717,0.044807,0.067749,0.042619,0.299245
0.073855,0.111226,0.091938,0.121341,0.084546,0.084908,0.095978,0.151289,0.084327,0.100593
0.057411,0.075120,0.230617,0.075027,0.061783,0.272038,0.089510,0.042547,0.034257,0.061690
0.079008,0.145557,0.161359,0.094681,0.067410,0.098330,0.124312,0.069719,0.075880,0.083744
0.046170,0.075523,0.047199,0.241920,0.036001,0.073519,0.088337,0.044300,0.058709,0.288322
0.053734,0.088873,0.235745,0.055927,0.066061,0.285486,0.051922,0.051312,0.063522,0.047418
0.073825,0.071452,0.033363,0.333269,0.076234,0.106685,0.083878,0.098433,0.047394,0.075467
0.060382,0.308124,0.086284,0.091586,0.041980,0.068990,0.112390,0.110410,0.050648,0.069205
0.101011,0.093094,0.043022,0.113486,0.080808,0.150821,0.106784,0.110632,0.079607,0.120735
0.045199,0.247736,0.071745,0.057822,0.068190,0.069437,0.265254,0.085005,0.037578,0.052034
0.074982,0.126771,0.164427,0.090746,0.067492,0.107808,0.086253,0.118327,0.065600,0.097594
0.102733,0.104249,0.081871,0.102256,0.096954,0.113600,0.080214,0.123618,0.073662,0.120843
0.066720,0.162223,0.040589,0.100510,0.078623,0.099938,0.187731,0.100358,0.086841,0.076467
0.053975,0.087475,0.238400,0.061801,0.056626,0.289584,0.047524,0.065403,0.033705,0.065508
0.108692,0.093621,0.107743,0.110856,0.106356,0.138385,0.077524,0.120045,0.064415,0.072364
0.049864,0.284105,0.061044,0.039035,0.075431,0.069059,0.271795,0.045819,0.041295,0.062552
0.050703,0.077416,0.052129,0.247017,0.039095,0.057237,0.057268,0.077654,0.038368,0.303113
0.077514,0.083978,0.141664,0.109489,0.076546,0.095392,0.138833,0.113107,0.079296,0.084180
0.090526,0.086058,0.120579,0.109119,0.078163,0.120378,0.090771,0.084110,0.108439,0.111856
0.090499,0.055524,0.020984,0.253258,0.049452,0.067006,0.050644,0.067903,0.043403,0.301329
0.056048,0.053095,0.045973,0.253436,0.063241,0.057959,0.064897,0.078037,0.043407,0.283909
0.045314,0.089259,0.236635,0.049354,0.042577,0.288453,0.091464,0.055088,0.055076,0.046780
0.075784,0.091108,0.108574,0.084488,0.046307,0.316932,0.113830,0.057630,0.050121,0.055227
0.079624,0.350285,0.065055,0.064441,0.047046,0.096050,0.066027,0.096300,0.054722,0.080450
0.095619,0.268607,0.019819,0.041626,0.072311,0.065201,0.269886,0.046875,0.043066,0.076989
0.070167,0.064378,0.074358,0.072405,0.081063,0.096043,0.347618,0.051013,0.061921,0.081033
0.062475,0.285975,0.019911,0.066513,0.043293,0.061686,0.288027,0.052186,0.055424,0.064510
0.066133,0.088726,0.089863,0.082807,0.103535,0.154606,0.098092,0.106581,0.113244,0.096413
0.121143,0.103736,0.061775,0.101254,0.087863,0.130792,0.098669,0.089406,0.085279,0.120083
0.054806,0.052379,0.044654,0.234790,0.039534,0.074915,0.089269,0.064970,0.058896,0.285787
0.102369,0.100101,0.090517,0.124356,0.081241,0.109184,0.086746,0.092769,0.068020,0.144697
0.068714,0.120500,0.143266,0.076571,0.108342,0.144223,0.106303,0.083394,0.075810,0.072878
0.099106,0.100708,0.110416,0.139418,0.107724,0.119277,0.079576,0.084015,0.078191,0.081570
0.085196,0.127146,0.108422,0.076706,0.051588,0.108822,0.184955,0.084764,0.051610,0.120790
0.090972,0.075848,0.129386,0.087036,0.084786,0.081780,0.090677,0.090992,0.122906,0.145617
0.077394,0.109625,0.091638,0.111111,0.087073,0.107904,0.106633,0.129748,0.084738,0.094135
0.093383,0.059638,0.164279,0.067296,0.112817,0.091997,0.130774,0.108358,0.064589,0.106868
0.084652,0.142677,0.078678,0.069895,0.113177,0.092283,0.171507,0.066634,0.068825,0.111671
0.052097,0.038228,0.060522,0.244839,0.043067,0.047104,0.102928,0.065955,0.041819,0.303440
0.114836,0.076405,0.041259,0.088006,0.079616,0.163352,0.110267,0.139414,0.105371,0.081474
0.085063,0.108368,0.102789,0.092962,0.084931,0.129057,0.165079,0.074816,0.074963,0.081971
0.058484,0.259718,0.074132,0.049339,0.067256,0.073007,0.271179,0.044997,0.045648,0.056239
0.098191,0.078824,0.145397,0.069837,0.108459,0.101109,0.140516,0.107062,0.068167,0.082437
0.053890,0.085453,0.048535,0.244543,0.043116,0.046908,0.056351,0.047434,0.050627,0.323143
0.089516,0.141101,0.122816,0.090551,0.059993,0.126582,0.087725,0.090369,0.079490,0.111856
0.062959,0.056121,0.026319,0.251966,0.062758,0.056194,0.076275,0.053535,0.047138,0.306735
0.039510,0.082719,0.026131,0.247217,0.065946,0.066660,0.060427,0.068300,0.034228,0.308863
0.069909,0.116401,0.086435,0.165545,0.078480,0.111586,0.089693,0.115471,0.087044,0.079437
0.078451,0.145258,0.102822,0.098557,0.066874,0.130638,0.130324,0.078847,0.100488,0.067741
0.055015,0.053884,0.039448,0.252342,0.070318,0.072713,0.047647,0.050953,0.038350,0.319332
0.113698,0.087188,0.093798,0.104946,0.125780,0.107666,0.121525,0.095435,0.066827,0.083137
0.051679,0.061785,0.027442,0.250373,0.039235,0.051996,0.089186,0.059645,0.034709,0.333950
0.085167,0.271423,0.061087,0.059728,0.068371,0.043248,0.276882,0.049473,0.035488,0.049134
0.062934,0.080433,0.175043,0.091579,0.109442,0.114102,0.078740,0.080349,0.089562,0.117816
0.064059,0.258289,0.017966,0.068462,0.039148,0.041909,0.258348,0.109799,0.065429,0.076591
0.092210,0.154771,0.110197,0.107800,0.113349,0.075724,0.082282,0.083673,0.056067,0.123928
0.079791,0.054524,0.085732,0.243263,0.062484,0.046038,0.053649,0.047775,0.035179,0.291563
0.057016,0.060732,0.245196,0.041046,0.075605,0.293746,0.048438,0.073257,0.047806,0.057157
0.083275,0.166213,0.088788,0.079317,0.116150,0.124518,0.081265,0.085018,0.058435,0.117020
0.111281,0.100484,0.120512,0.113322,0.117795,0.136129,0.088144,0.083144,0.072974,0.056215
0.112271,0.088228,0.114199,0.087305,0.066700,0.138045,0.109687,0.083069,0.065649,0.134846
0.110444,0.177497,0.091180,0.111514,0.107170,0.124483,0.085588,0.088516,0.062380,0.041229
0.112175,0.074704,0.087384,0.071743,0.062863,0.127815,0.203115,0.083269,0.086788,0.090144
0.097875,0.098045,0.076620,0.141469,0.110203,0.094097,0.133447,0.077824,0.070611,0.099808
0.053758,0.097962,0.244580,0.061432,0.036002,0.289961,0.064258,0.071500,0.033976,0.046571
0.119709,0.151489,0.063495,0.077266,0.090118,0.116047,0.093769,0.097957,0.090991,0.099159
0.087950,0.067618,0.137373,0.099626,0.076653,0.120453,0.147501,0.119334,0.053415,0.090078
0.121256,0.103062,0.062110,0.091229,0.071720,0.125118,0.097900,0.089253,0.086469,0.151882
0.071071,0.063434,0.235851,0.062667,0.043758,0.281735,0.050985,0.109770,0.054545,0.026185
0.109878,0.158611,0.083845,0.106495,0.066551,0.120189,0.101548,0.084578,0.083785,0.084521
0.050662,0.277468,0.048346,0.062692,0.033946,0.047380,0.281152,0.110736,0.034185,0.053433
0.074928,0.121076,0.034552,0.319907,0.102307,0.080812,0.071761,0.105632,0.050189,0.038837
0.055234,0.054526,0.058791,0.264724,0.059700,0.071407,0.045324,0.046891,0.036977,0.306426
0.057125,0.055876,0.259175,0.043806,0.038944,0.304636,0.061004,0.082733,0.035779,0.060922
0.066850,0.069468,0.048030,0.082438,0.086871,0.087257,0.377198,0.077986,0.046162,0.057738
0.079717,0.094036,0.052271,0.096401,0.138751,0.091733,0.134939,0.099471,0.071970,0.140711
0.080794,0.152434,0.057027,0.145903,0.113736,0.100071,0.094020,0.120743,0.063872,0.071400
0.061676,0.109428,0.119100,0.066951,0.048932,0.337051,0.054526,0.085722,0.050591,0.066024
0.114991,0.067503,0.336986,0.086683,0.058833,0.072152,0.076734,0.065646,0.058270,0.062201
0.053837,0.064581,0.240837,0.079733,0.049093,0.284002,0.089121,0.047259,0.047112,0.044425
0.055072,0.072504,0.075064,0.096546,0.081684,0.345843,0.071962,0.079166,0.053621,0.068540
0.143094,0.089835,0.183284,0.065023,0.078512,0.069670,0.090467,0.114485,0.078418,0.087211
0.056882,0.067845,0.060991,0.245911,0.043943,0.063978,0.076778,0.049283,0.044515,0.289874
0.077002,0.115840,0.077985,0.078608,0.044046,0.376317,0.059420,0.059206,0.053737,0.057839
0.059085,0.161586,0.085961,0.109467,0.075670,0.102009,0.080661,0.125187,0.075740,0.124635
0.058478,0.040417,0.239611,0.072939,0.061435,0.285066,0.086377,0.067574,0.044076,0.044026
0.077053,0.112325,0.128601,0.074130,0.070297,0.106582,0.091617,0.159805,0.063532,0.116059
0.045573,0.264883,0.075199,0.059273,0.055455,0.063242,0.277418,0.074433,0.035822,0.048701
0.107580,0.103806,0.106350,0.139954,0.094866,0.101009,0.107479,0.082894,0.075183,0.080878
0.073582,0.113054,0.062240,0.080960,0.080712,0.074816,0.347116,0.088697,0.045726,0.033096
0.089951,0.147656,0.038260,0.108101,0.070319,0.135480,0.083732,0.178404,0.056809,0.091288
0.047745,0.051803,0.039016,0.261665,0.068309,0.053779,0.074499,0.048737,0.038482,0.315964
0.065185,0.084410,0.247282,0.048469,0.045000,0.291358,0.057475,0.068500,0.043969,0.048354
0.088145,0.082641,0.120882,0.072261,0.078637,0.107766,0.100858,0.128066,0.083315,0.137430
0.062281,0.055265,0.071657,0.239856,0.045058,0.051905,0.044857,0.065194,0.044520,0.319407
0.074120,0.077057,0.175389,0.097393,0.069871,0.068175,0.161411,0.125369,0.076073,0.075142
0.048914,0.040036,0.051128,0.259883,0.066354,0.077113,0.048205,0.044620,0.051514,0.312232
0.039931,0.052619,0.247761,0.047758,0.071687,0.294758,0.063691,0.074808,0.047599,0.059388
0.051877,0.279455,0.062381,0.040133,0.075563,0.074818,0.277318,0.049548,0.031744,0.057163
0.075418,0.095667,0.066573,0.125610,0.072193,0.088242,0.117471,0.090729,0.122712,0.145386
0.070633,0.067395,0.063676,0.073663,0.059612,0.368282,0.058853,0.090675,0.056309,0.090901
0.085060,0.091497,0.033257,0.107577,0.132187,0.115643,0.086548,0.196186,0.077447,0.074598
0.098412,0.083203,0.109106,0.095975,0.077091,0.101037,0.136853,0.121617,0.056485,0.120221
0.090272,0.093765,0.137766,0.068235,0.074176,0.133323,0.136768,0.114937,0.078941,0.071816
0.064289,0.099451,0.241504,0.061964,0.033047,0.292819,0.047304,0.052741,0.031941,0.074941
0.108674,0.113405,0.047773,0.122354,0.066720,0.120418,0.110456,0.098857,0.125439,0.085905
0.072295,0.066598,0.078211,0.311747,0.086538,0.051953,0.067158,0.101100,0.078158,0.086242
0.084108,0.140140,0.115185,0.082768,0.059359,0.121105,0.086088,0.106076,0.067256,0.137917
0.036491,0.283283,0.064081,0.060965,0.074975,0.046395,0.275658,0.076528,0.033663,0.047961
0.100771,0.092307,0.112488,0.150590,0.073421,0.094068,0.107944,0.109342,0.077769,0.081301
0.051498,0.293832,0.070533,0.043294,0.031342,0.070546,0.284048,0.046918,0.045318,0.062671
0.046862,0.265952,0.076456,0.074329,0.070409,0.041166,0.274032,0.048067,0.039751,0.062976
0.133375,0.134120,0.113606,0.092654,0.101248,0.123385,0.069091,0.083544,0.066142,0.082835
0.098078,0.087937,0.084375,0.167478,0.108666,0.108267,0.093459,0.084129,0.070350,0.097261
0.074429,0.115477,0.108378,0.095877,0.102809,0.101542,0.169462,0.075411,0.075121,0.081495
0.068040,0.074985,0.045933,0.155296,0.119255,0.113026,0.165660,0.093672,0.063073,0.101059
0.148155,0.100232,0.153808,0.110180,0.089723,0.076528,0.088445,0.087002,0.059383,0.086544
0.111984,0.168458,0.108099,0.064330,0.124204,0.105506,0.079102,0.126014,0.073012,0.039291
0.064732,0.100248,0.231999,0.040492,0.046337,0.281183,0.082907,0.073633,0.029846,0.048622
0.057004,0.076666,0.107123,0.098449,0.071662,0.116029,0.076137,0.178848,0.106908,0.111174
0.059968,0.083189,0.113149,0.109057,0.091823,0.090847,0.238455,0.090211,0.078340,0.044963
0.117651,0.118684,0.046017,0.117233,0.131373,0.112878,0.095779,0.138531,0.072620,0.049234
0.103899,0.097349,0.098186,0.088822,0.078121,0.111970,0.106103,0.093249,0.122673,0.099628
0.071139,0.089512,0.099794,0.318228,0.056133,0.075986,0.101992,0.062802,0.058542,0.065872
0.080651,0.134702,0.168274,0.090548,0.070257,0.104104,0.091802,0.075465,0.085233,0.098965
0.081430,0.051531,0.035212,0.250463,0.060414,0.045195,0.073559,0.065571,0.041988,0.294638
0.100168,0.089566,0.121046,0.116829,0.079188,0.108931,0.084640,0.130887,0.061258,0.107487
0.097348,0.135471,0.098024,0.098010,0.067031,0.081704,0.127020,0.148180,0.058939,0.088273
0.171818,0.071856,0.034411,0.117138,0.083400,0.159012,0.089091,0.141359,0.090157,0.041757
0.104271,0.122072,0.111661,0.093866,0.077035,0.115253,0.092220,0.125174,0.074704,0.083744
0.040756,0.058518,0.067272,0.250670,0.049216,0.048044,0.059867,0.071894,0.037986,0.315777
0.056952,0.040602,0.073213,0.243926,0.040291,0.071043,0.080806,0.046791,0.036610,0.309767
0.052056,0.061286,0.232512,0.045905,0.066768,0.278553,0.100217,0.044616,0.062293,0.055795
0.085716,0.150528,0.060675,0.093360,0.102387,0.094430,0.093632,0.155054,0.076636,0.087583
0.090531,0.075420,0.178083,0.093627,0.074520,0.109596,0.083765,0.111952,0.090901,0.091605
0.064792,0.287039,0.047040,0.058156,0.041778,0.046900,0.282874,0.070704,0.033674,0.067043
0.082944,0.081873,0.112502,0.078823,0.059168,0.077399,0.112318,0.189128,0.074345,0.131500
0.095453,0.052550,0.240093,0.051163,0.072532,0.292512,0.055741,0.045859,0.032687,0.061409
0.094853,0.143182,0.082588,0.100920,0.113675,0.120862,0.132483,0.074061,0.067241,0.070136
0.092103,0.100679,0.124232,0.121076,0.115478,0.086417,0.096202,0.120681,0.091782,0.051351
0.051117,0.060087,0.246603,0.064897,0.043132,0.296451,0.061080,0.051410,0.055502,0.069722
0.050279,0.384352,0.092216,0.081445,0.045029,0.083521,0.079542,0.067513,0.044642,0.071461
0.043349,0.284700,0.066201,0.059678,0.049168,0.065837,0.282574,0.050722,0.033101,0.064671
0.113638,0.086882,0.057337,0.087005,0.080225,0.116326,0.105201,0.145749,0.081509,0.126129
0.049512,0.085868,0.087266,0.225265,0.043107,0.063371,0.058370,0.063434,0.042126,0.281681
0.085753,0.088585,0.081405,0.108292,0.076444,0.105799,0.155436,0.131535,0.073786,0.092965
0.084449,0.148184,0.043399,0.100678,0.108054,0.115667,0.145114,0.076060,0.093422,0.084973
0.058664,0.059641,0.054734,0.250138,0.058188,0.074424,0.070037,0.049175,0.043488,0.281512
0.101872,0.097808,0.151641,0.108790,0.078109,0.101934,0.086325,0.086632,0.111466,0.075424
0.048712,0.272004,0.075032,0.063247,0.055939,0.048396,0.290879,0.043183,0.043472,0.059136
0.087240,0.039081,0.238839,0.065910,0.043487,0.287711,0.080720,0.067475,0.043307,0.046229
0.064254,0.063007,0.083498,0.050092,0.084687,0.381837,0.062062,0.096833,0.042008,0.071723
0.046082,0.056298,0.255584,0.041868,0.068874,0.311991,0.052450,0.056326,0.047576,0.062951
0.116748,0.100784,0.104756,0.102959,0.059113,0.107265,0.097766,0.190156,0.077130,0.043322
0.067642,0.123135,0.314228,0.083472,0.058621,0.076878,0.074282,0.094511,0.051407,0.055824
0.094528,0.105164,0.129390,0.093679,0.099390,0.088106,0.098092,0.098017,0.093845,0.099789
0.107417,0.140150,0.204648,0.069527,0.121154,0.077485,0.084237,0.087572,0.064615,0.043194
0.110016,0.159414,0.083932,0.073070,0.111401,0.090107,0.074633,0.079367,0.106876,0.111185
0.157491,0.080654,0.102789,0.095690,0.074394,0.096083,0.070985,0.111642,0.100863,0.109410
0.059104,0.060509,0.063547,0.254880,0.038774,0.057510,0.056562,0.048248,0.052856,0.308010
0.058402,0.051009,0.249717,0.056003,0.045994,0.298084,0.059368,0.070309,0.045947,0.065165
0.106486,0.132300,0.115457,0.112129,0.080158,0.104479,0.098202,0.087796,0.076883,0.086109
0.075578,0.080894,0.096542,0.153261,0.099192,0.093104,0.139127,0.078190,0.097104,0.087007
0.035347,0.040751,0.253557,0.063731,0.071733,0.307465,0.050220,0.046302,0.056482,0.074412
0.069924,0.265428,0.089607,0.060895,0.032333,0.063192,0.266836,0.045702,0.043776,0.062307
0.061180,0.062104,0.241176,0.048182,0.042787,0.290101,0.087372,0.075474,0.047267,0.044356
0.050898,0.058421,0.239120,0.078850,0.068395,0.276269,0.078933,0.066460,0.033545,0.049109
0.061741,0.088963,0.104265,0.094752,0.113246,0.070396,0.172751,0.126208,0.053274,0.114405
0.061888,0.282183,0.060124,0.039143,0.074642,0.059927,0.265501,0.075368,0.039789,0.041433
0.058803,0.271049,0.048140,0.063182,0.042835,0.072992,0.279034,0.049988,0.053412,0.060564
0.080460,0.094817,0.190153,0.068161,0.115119,0.112740,0.094016,0.129667,0.066721,0.048145
0.057768,0.036597,0.057089,0.247536,0.043920,0.055334,0.075649,0.087949,0.039744,0.298415
0.144259,0.091376,0.105121,0.123560,0.099216,0.110926,0.090730,0.076710,0.071404,0.086697
0.091286,0.082435,0.095305,0.132549,0.101784,0.100526,0.167684,0.080314,0.070512,0.077604
0.089401,0.116552,0.123148,0.117793,0.123970,0.109001,0.092711,0.094266,0.083532,0.049624
0.056635,0.082717,0.021105,0.241920,0.067988,0.079591,0.049255,0.046841,0.060506,0.293440
0.077979,0.114994,0.055677,0.112506,0.081985,0.089584,0.114871,0.124152,0.076990,0.151261
0.150773,0.089774,0.104021,0.098511,0.073663,0.097777,0.088203,0.117686,0.082872,0.096720
0.122235,0.107912,0.089621,0.113155,0.136002,0.119901,0.094243,0.104350,0.065962,0.046621
0.065069,0.047283,0.061464,0.255955,0.064966,0.067997,0.051935,0.047802,0.037673,0.299856
0.083710,0.090995,0.171720,0.123092,0.088913,0.103809,0.098890,0.069421,0.058674,0.110777
0.075864,0.076015,0.049229,0.329678,0.080795,0.077481,0.082357,0.097393,0.059722,0.071466
0.102119,0.104350,0.045977,0.099486,0.104253,0.132892,0.091740,0.133140,0.078727,0.107317
0.102582,0.078738,0.037981,0.117949,0.089646,0.131204,0.099072,0.139753,0.093368,0.109706
0.118173,0.109249,0.067855,0.098836,0.084356,0.105944,0.158832,0.089179,0.087754,0.079823
0.049021,0.057931,0.056276,0.247218,0.056311,0.047467,0.056535,0.074239,0.046206,0.308797
0.096312,0.094641,0.078700,0.063947,0.059604,0.103237,0.180377,0.169195,0.073594,0.080393
0.151757,0.125980,0.041951,0.070298,0.077421,0.129170,0.108770,0.127207,0.084309,0.083136
0.094868,0.152510,0.136884,0.075961,0.103008,0.071314,0.138888,0.080661,0.066886,0.079020
0.038693,0.090226,0.036421,0.267787,0.048730,0.044140,0.049564,0.069590,0.035824,0.319024
0.095267,0.146790,0.105427,0.098326,0.070673,0.088232,0.098611,0.080022,0.100811,0.115842
0.050445,0.087122,0.229950,0.042802,0.064690,0.275580,0.098222,0.048886,0.060621,0.041682
0.094810,0.071170,0.124825,0.067126,0.080281,0.084404,0.085359,0.148479,0.095258,0.148286
0.053364,0.061734,0.050087,0.253073,0.047240,0.046547,0.080284,0.050525,0.035353,0.321793
0.062049,0.050520,0.241290,0.066025,0.058098,0.297661,0.052789,0.051963,0.044291,0.075312
0.079129,0.093988,0.105319,0.130547,0.090001,0.090179,0.099114,0.096833,0.090646,0.124245
0.083961,0.076689,0.098231,0.121875,0.093772,0.099951,0.150664,0.135963,0.067042,0.071850
0.135138,0.081491,0.088238,0.061365,0.104739,0.107457,0.159782,0.079280,0.076639,0.105871
0.077288,0.096826,0.110207,0.103509,0.096864,0.072732,0.170464,0.103894,0.067834,0.100382
0.110580,0.073408,0.058137,0.111726,0.077651,0.145870,0.196099,0.091839,0.057347,0.077342
0.074603,0.273106,0.063687,0.055865,0.078565,0.062947,0.274840,0.044061,0.048622,0.023703
0.091632,0.079678,0.241127,0.060583,0.036037,0.292084,0.063633,0.046873,0.036010,0.052343
0.043988,0.050659,0.229271,0.064948,0.039815,0.278478,0.105199,0.053083,0.063383,0.071175
0.051210,0.284499,0.017730,0.056107,0.044822,0.075551,0.281979,0.046237,0.067627,0.074238
0.064265,0.267479,0.050307,0.052536,0.047226,0.087171,0.266301,0.074933,0.042198,0.047584
0.058947,0.258076,0.071714,0.060461,0.070938,0.062988,0.275325,0.048524,0.044710,0.048316
0.090243,0.080941,0.097221,0.097179,0.089352,0.125541,0.100688,0.160438,0.070470,0.087927
0.056395,0.061087,0.025696,0.257657,0.040865,0.070837,0.056243,0.050194,0.048748,0.332277
0.075673,0.090706,0.304548,0.095313,0.052101,0.086546,0.099187,0.066708,0.041542,0.087675
0.057394,0.080282,0.025935,0.236809,0.041641,0.071814,0.057819,0.063258,0.060750,0.304299
0.103682,0.080581,0.117989,0.081162,0.085900,0.076144,0.153627,0.123346,0.063394,0.114175
0.062498,0.052516,0.139727,0.081827,0.084454,0.349658,0.069212,0.070593,0.056275,0.033241
0.116998,0.106008,0.046465,0.108007,0.120016,0.122002,0.107159,0.081345,0.061516,0.130483
0.074403,0.068600,0.093753,0.068839,0.055363,0.078098,0.354642,0.083010,0.056483,0.066808
0.061569,0.086327,0.022928,0.235514,0.038075,0.059044,0.100252,0.049775,0.045496,0.301020
0.127956,0.121146,0.063366,0.096326,0.070627,0.091187,0.116048,0.127902,0.077872,0.107571
0.061502,0.066853,0.308410,0.082567,0.057281,0.103787,0.105425,0.093727,0.058099,0.062348
0.062971,0.070445,0.040575,0.142792,0.122900,0.106767,0.144095,0.076743,0.108134,0.124577
0.041605,0.252497,0.092574,0.061223,0.064752,0.051376,0.262598,0.064150,0.043775,0.065450
0.112089,0.159933,0.037011,0.071254,0.122433,0.115720,0.163533,0.120895,0.055073,0.042059
0.093724,0.101486,0.091930,0.078550,0.080788,0.143835,0.170247,0.094814,0.087014,0.057613
0.061830,0.281235,0.053771,0.061233,0.057935,0.053534,0.282814,0.051651,0.044311,0.051686
0.058511,0.293480,0.052214,0.066692,0.038047,0.045489,0.293710,0.046660,0.044742,0.060455
0.057731,0.072738,0.038366,0.267836,0.047191,0.042267,0.046773,0.068596,0.043273,0.315229
0.075536,0.093665,0.111068,0.159128,0.092343,0.092682,0.137700,0.078329,0.077966,0.081583
0.107320,0.084961,0.087255,0.084533,0.080141,0.133835,0.154602,0.113001,0.067050,0.087302
0.097641,0.094135,0.137621,0.111765,0.092410,0.070640,0.078864,0.119957,0.081003,0.115963
0.095547,0.102067,0.063392,0.107313,0.074802,0.128246,0.114646,0.112488,0.071881,0.129617
0.086560,0.070905,0.058055,0.252146,0.041396,0.045797,0.048022,0.074696,0.032394,0.290029
0.091921,0.052944,0.234818,0.063108,0.056828,0.282573,0.046281,0.043540,0.062690,0.065297
0.059206,0.090044,0.230559,0.041394,0.036006,0.278696,0.059186,0.071015,0.063594,0.070300
0.049942,0.271080,0.091641,0.057381,0.031037,0.088981,0.275517,0.055010,0.031886,0.047524
0.037963,0.265785,0.059992,0.060590,0.041729,0.086005,0.268272,0.069675,0.042531,0.067458
0.038178,0.287293,0.055704,0.059403,0.044003,0.073525,0.288053,0.075704,0.033483,0.044653
0.056364,0.236536,0.067237,0.057173,0.069568,0.080761,0.254940,0.091688,0.059283,0.026449
0.058610,0.054907,0.047249,0.240559,0.053991,0.040867,0.076092,0.076094,0.042955,0.308675
