0.099285,0.079416,0.111352,0.088452,0.088982,0.109076,0.092090,0.079122,0.114294,0.137931
0.070149,0.078544,0.070947,0.313582,0.059225,0.091866,0.067042,0.061764,0.089233,0.097647
0.055969,0.269659,0.079619,0.061045,0.045054,0.048123,0.273335,0.051275,0.053929,0.061991
0.071506,0.106096,0.061367,0.126721,0.085048,0.130616,0.104279,0.134333,0.075702,0.104333
0.098006,0.195669,0.049240,0.092610,0.064400,0.103053,0.077302,0.184594,0.102145,0.032981
0.062061,0.064269,0.082810,0.242567,0.043882,0.059845,0.048250,0.051521,0.046957,0.297838
0.121626,0.068939,0.122512,0.069006,0.062742,0.126191,0.147928,0.145509,0.065596,0.069953
0.087729,0.072293,0.178018,0.083720,0.075604,0.092900,0.127103,0.136804,0.064107,0.081722
0.153528,0.099793,0.117106,0.081989,0.119782,0.076378,0.107821,0.078167,0.080447,0.084989
0.079339,0.069885,0.140352,0.156346,0.104756,0.099012,0.144160,0.082993,0.079978,0.043180
0.070322,0.114666,0.055788,0.118724,0.119602,0.138128,0.121448,0.091460,0.063839,0.106021
0.045084,0.044183,0.069102,0.257892,0.046379,0.073962,0.050662,0.050508,0.057873,0.304355
0.115745,0.103634,0.214794,0.097602,0.066340,0.108733,0.082081,0.082181,0.086826,0.042063
0.084381,0.101090,0.045774,0.117619,0.086853,0.331837,0.076064,0.077465,0.045678,0.033240
0.109415,0.089459,0.075609,0.164926,0.068552,0.075179,0.179212,0.082403,0.062053,0.093193
0.105557,0.098049,0.107230,0.172155,0.070620,0.134990,0.096700,0.090327,0.077473,0.046899
0.057698,0.051369,0.064013,0.235846,0.042939,0.058595,0.052873,0.107512,0.046813,0.282342
0.064063,0.144889,0.170247,0.096953,0.073119,0.078900,0.084069,0.141106,0.067116,0.079538
0.057422,0.110978,0.040153,0.242576,0.059109,0.064172,0.052504,0.049118,0.035604,0.288364
0.102904,0.115182,0.116871,0.117552,0.080806,0.083383,0.099646,0.091974,0.077537,0.114144
0.039465,0.065145,0.246844,0.064470,0.067037,0.277241,0.095564,0.050890,0.038712,0.054632
0.060901,0.113545,0.024868,0.231757,0.061463,0.048546,0.088361,0.047309,0.034292,0.288957
0.058608,0.093774,0.061115,0.234687,0.056623,0.054334,0.053985,0.063545,0.045291,0.278038
0.049430,0.102072,0.093280,0.236054,0.039544,0.063599,0.054864,0.046518,0.054738,0.259900
0.077337,0.272440,0.056318,0.039520,0.071773,0.047510,0.274156,0.090535,0.049027,0.021383
0.100588,0.059786,0.117868,0.069655,0.042629,0.306294,0.095399,0.102071,0.035429,0.070281
0.039516,0.260117,0.054007,0.056931,0.066258,0.066888,0.259587,0.091206,0.051878,0.053612
0.035756,0.062773,0.266740,0.057988,0.050429,0.303177,0.059072,0.049458,0.047530,0.067076
0.088222,0.116797,0.080266,0.132902,0.099738,0.066891,0.070387,0.173716,0.070755,0.100326
0.082814,0.103609,0.117346,0.110997,0.114648,0.108412,0.094583,0.081315,0.081352,0.104924
0.048628,0.132337,0.057353,0.067881,0.080941,0.090145,0.323982,0.051485,0.077674,0.069574
0.059154,0.082378,0.093612,0.137228,0.084109,0.117429,0.143812,0.149153,0.056439,0.076685
0.109559,0.085450,0.070291,0.113431,0.105538,0.139783,0.096855,0.122973,0.062509,0.093611
0.052499,0.178248,0.077924,0.117300,0.061291,0.121087,0.158081,0.066156,0.097684,0.069731
0.063066,0.088833,0.170315,0.108369,0.128621,0.113364,0.091488,0.087452,0.066520,0.081971
0.079517,0.071698,0.219866,0.082793,0.039981,0.249475,0.098236,0.048400,0.062824,0.047210
0.085313,0.060097,0.237039,0.047984,0.067345,0.265693,0.084320,0.070890,0.054091,0.027228
0.092411,0.121744,0.054945,0.075576,0.086212,0.131365,0.158692,0.161432,0.066044,0.051578
0.102009,0.073786,0.313390,0.060191,0.054674,0.077804,0.104358,0.082931,0.060524,0.070334
0.117921,0.100317,0.043595,0.108219,0.076533,0.111633,0.096116,0.159069,0.085416,0.101182
0.068385,0.089147,0.116356,0.104868,0.113386,0.112484,0.108705,0.085400,0.116634,0.084635
0.117621,0.115044,0.126394,0.078066,0.093265,0.093493,0.117434,0.101617,0.062720,0.094347
0.110326,0.086578,0.064814,0.104418,0.092824,0.127265,0.143258,0.085706,0.082999,0.101812
0.059492,0.062100,0.053410,0.244604,0.046309,0.074828,0.054056,0.061185,0.048754,0.295262
0.112067,0.105135,0.072132,0.111348,0.114551,0.118085,0.112113,0.087008,0.063522,0.104040
0.124269,0.118196,0.170511,0.097239,0.104656,0.104916,0.073730,0.073181,0.051549,0.081753
0.104837,0.098081,0.073462,0.088551,0.072836,0.071917,0.141635,0.186365,0.052497,0.109820
0.063285,0.085934,0.052801,0.243551,0.057380,0.045923,0.046195,0.098347,0.038704,0.267879
0.048541,0.057098,0.064375,0.240737,0.043318,0.071734,0.072276,0.087935,0.036615,0.277371
0.074517,0.263122,0.020664,0.067933,0.069879,0.071413,0.270090,0.054064,0.047650,0.060667
0.086236,0.120350,0.081738,0.094829,0.057318,0.094651,0.082010,0.154641,0.104473,0.123753
0.087931,0.110840,0.112391,0.097336,0.079069,0.080958,0.086331,0.130966,0.087712,0.126467
0.123348,0.137213,0.096845,0.085159,0.096447,0.087228,0.082420,0.139926,0.069019,0.082393
0.064261,0.062191,0.232151,0.063923,0.049322,0.266932,0.066404,0.061965,0.050988,0.081865
0.076379,0.179226,0.090142,0.092297,0.067022,0.112005,0.133490,0.075683,0.073118,0.100637
0.044970,0.073574,0.081037,0.046130,0.076869,0.319466,0.137719,0.093996,0.053919,0.072319
0.073747,0.090554,0.169525,0.116854,0.071456,0.082193,0.093112,0.167901,0.088444,0.046214
0.096877,0.079066,0.059743,0.111083,0.071276,0.105213,0.084286,0.175191,0.104752,0.112513
0.091356,0.256338,0.018503,0.037151,0.041378,0.075544,0.262009,0.134254,0.028996,0.054472
0.076769,0.052644,0.088610,0.229029,0.063161,0.062988,0.073881,0.049609,0.043254,0.260056
0.036782,0.047724,0.254065,0.064753,0.040285,0.288728,0.056600,0.057157,0.077689,0.076216
0.081727,0.064334,0.181372,0.090209,0.103402,0.099877,0.163246,0.070220,0.064425,0.081188
0.042490,0.257237,0.082032,0.059993,0.040034,0.071191,0.260959,0.052867,0.069569,0.063629
0.042172,0.057076,0.064141,0.233620,0.044168,0.046362,0.056889,0.106475,0.064804,0.284292
0.042938,0.242728,0.084593,0.043874,0.073936,0.090504,0.249238,0.047994,0.047339,0.076855
0.066037,0.088250,0.244897,0.041334,0.077059,0.278410,0.054087,0.054585,0.048942,0.046401
0.085465,0.251631,0.064076,0.041074,0.071809,0.068914,0.255631,0.044868,0.042570,0.073963
0.039884,0.105700,0.047977,0.273456,0.052535,0.064984,0.043513,0.044825,0.042374,0.284752
0.119469,0.089954,0.120685,0.087564,0.113346,0.112139,0.085142,0.114394,0.066277,0.091029
0.081499,0.053169,0.106270,0.271505,0.053703,0.081034,0.133090,0.110066,0.082208,0.027456
0.065505,0.190298,0.063174,0.090636,0.105422,0.073363,0.094708,0.157797,0.053581,0.105515
0.042825,0.063015,0.233122,0.088345,0.046963,0.259103,0.106276,0.052174,0.036503,0.071673
0.157045,0.115593,0.049488,0.108167,0.083015,0.085914,0.104377,0.092915,0.088740,0.114746
0.043734,0.052424,0.231597,0.069010,0.066503,0.264855,0.101634,0.068511,0.045986,0.055745
0.068249,0.129021,0.072161,0.048860,0.047777,0.333711,0.065091,0.098489,0.039788,0.096853
0.086480,0.184520,0.094782,0.074745,0.093477,0.094762,0.124852,0.070425,0.062869,0.113089
0.090843,0.268773,0.067696,0.061648,0.062472,0.047892,0.273093,0.047092,0.035934,0.044558
0.086653,0.093174,0.080645,0.103933,0.074429,0.115509,0.146953,0.134530,0.076107,0.088068
0.071273,0.066400,0.253073,0.061244,0.050545,0.281841,0.064988,0.052883,0.043302,0.054451
0.078187,0.158063,0.053432,0.140402,0.056810,0.100241,0.114625,0.150134,0.064924,0.083181
0.130842,0.093572,0.184629,0.059992,0.094421,0.103591,0.086606,0.080183,0.089888,0.076276
0.093932,0.095861,0.110355,0.101812,0.073781,0.095359,0.161914,0.109216,0.067179,0.090592
0.140401,0.093623,0.106888,0.062296,0.112793,0.123766,0.080288,0.121938,0.070248,0.087760
0.099191,0.216764,0.056845,0.114827,0.064386,0.124001,0.104490,0.092998,0.083527,0.042972
0.038529,0.047258,0.246044,0.053414,0.077591,0.277094,0.092976,0.056265,0.036784,0.074044
0.060528,0.061293,0.245942,0.088321,0.047126,0.276764,0.058391,0.047555,0.033851,0.080229
0.061582,0.056314,0.057215,0.252535,0.073521,0.049706,0.051647,0.051753,0.047216,0.298511
0.101348,0.081927,0.190613,0.108297,0.096493,0.118662,0.075058,0.114012,0.071903,0.041687
0.092212,0.193088,0.057559,0.093620,0.103758,0.133907,0.077770,0.077824,0.074912,0.095350
0.055636,0.059967,0.043001,0.239672,0.063656,0.065028,0.092902,0.044346,0.045006,0.290786
0.061164,0.254870,0.040660,0.059344,0.065141,0.061745,0.263600,0.111297,0.037168,0.045011
0.141432,0.106751,0.108397,0.112845,0.072230,0.112800,0.089917,0.109930,0.057566,0.088131
0.102246,0.123596,0.097674,0.086496,0.069436,0.096944,0.143280,0.098723,0.072576,0.109029
0.052336,0.270667,0.085476,0.064899,0.046890,0.059241,0.276053,0.047723,0.046551,0.050164
0.119383,0.147412,0.079545,0.090110,0.073040,0.080944,0.153053,0.089965,0.075546,0.091003
0.057722,0.281454,0.039104,0.064045,0.071737,0.047665,0.282486,0.054118,0.053949,0.047720
0.161024,0.079028,0.083220,0.089945,0.118225,0.116024,0.158062,0.095529,0.055680,0.043263
0.093949,0.084900,0.069453,0.136891,0.100623,0.099505,0.181091,0.083686,0.054787,0.095114
0.059849,0.135285,0.172666,0.091366,0.097754,0.108622,0.079164,0.077336,0.078755,0.099202
0.052481,0.131130,0.236922,0.065757,0.037670,0.270186,0.049470,0.045127,0.043644,0.067612
0.058888,0.080124,0.089835,0.236300,0.052893,0.060702,0.072912,0.048148,0.035657,0.264541
0.048447,0.066995,0.047511,0.253006,0.062562,0.069795,0.050045,0.064372,0.044484,0.292784
0.087359,0.082655,0.199072,0.094779,0.071567,0.114870,0.089082,0.146420,0.078156,0.036040
0.092119,0.095987,0.186275,0.102622,0.065108,0.103206,0.087359,0.080540,0.065592,0.121191
0.065891,0.343481,0.121552,0.073647,0.063744,0.087878,0.068403,0.066754,0.044367,0.064283
0.040947,0.256061,0.021107,0.043643,0.045991,0.104581,0.260316,0.087799,0.050490,0.089065
0.067986,0.048145,0.257388,0.059169,0.050094,0.289726,0.065676,0.051885,0.056109,0.053822
0.104916,0.149294,0.043352,0.113290,0.114481,0.110455,0.084078,0.113892,0.084744,0.081498
0.083027,0.066736,0.073602,0.069608,0.093380,0.341880,0.059674,0.096769,0.058509,0.056817
0.043183,0.059118,0.045766,0.251822,0.057451,0.066555,0.081110,0.060536,0.037120,0.297338
0.079834,0.133203,0.110620,0.156644,0.086641,0.073967,0.135150,0.080874,0.062109,0.080958
0.091918,0.061564,0.227479,0.061660,0.042329,0.259053,0.054386,0.074060,0.047920,0.079630
0.082660,0.103710,0.076502,0.112293,0.076341,0.126164,0.141204,0.120599,0.083322,0.077204
0.151230,0.129642,0.084865,0.099110,0.068113,0.118506,0.073059,0.081097,0.069124,0.125254
0.091284,0.176033,0.057702,0.089654,0.065265,0.099344,0.158017,0.107007,0.058193,0.097501
0.085113,0.079823,0.082004,0.124290,0.096991,0.086859,0.076248,0.161591,0.096399,0.110683
0.054011,0.268256,0.065532,0.065995,0.032958,0.066974,0.267780,0.092708,0.066933,0.018853
0.038166,0.043522,0.252473,0.058111,0.066488,0.285366,0.061867,0.073458,0.070144,0.050405
0.043261,0.066401,0.250974,0.042276,0.044547,0.280874,0.068973,0.079720,0.036590,0.086384
0.068734,0.067785,0.051872,0.079774,0.052469,0.103347,0.329660,0.091801,0.068449,0.086108
0.080471,0.087420,0.100796,0.101325,0.060201,0.152062,0.089654,0.106898,0.119379,0.101794
0.061413,0.064125,0.040768,0.239532,0.052787,0.046943,0.085116,0.050720,0.053203,0.305394
0.083871,0.242646,0.048277,0.060345,0.043809,0.065630,0.249937,0.105998,0.041509,0.057979
0.082779,0.042072,0.235715,0.087186,0.066964,0.260757,0.085482,0.044595,0.034528,0.059923
0.056650,0.062230,0.250427,0.073545,0.071562,0.279785,0.047851,0.049798,0.047609,0.060543
0.102037,0.101354,0.068067,0.120769,0.119191,0.116065,0.102625,0.089710,0.076286,0.103896
0.089225,0.080327,0.138138,0.091845,0.095109,0.115783,0.156429,0.072557,0.073307,0.087281
0.037961,0.081377,0.230003,0.072409,0.042018,0.261068,0.049435,0.074375,0.069892,0.081464
0.092995,0.074581,0.055645,0.146570,0.096142,0.070298,0.166628,0.095787,0.076573,0.124782
0.085066,0.147625,0.033204,0.078671,0.052103,0.058166,0.326955,0.093935,0.048094,0.076182
0.098109,0.087399,0.155944,0.081578,0.090321,0.074540,0.084278,0.117096,0.116150,0.094586
0.075379,0.155563,0.034567,0.074693,0.095165,0.093605,0.130900,0.145258,0.069852,0.125018
0.062011,0.043694,0.227917,0.054489,0.060140,0.256638,0.086025,0.092817,0.067747,0.048521
0.075261,0.114943,0.088812,0.093553,0.102002,0.135901,0.070946,0.140615,0.069719,0.108248
0.087078,0.062373,0.054530,0.237831,0.044886,0.046878,0.085548,0.047386,0.034647,0.298843
0.081599,0.253714,0.044089,0.060892,0.059465,0.071474,0.264817,0.045064,0.054054,0.064831
0.113455,0.125589,0.158791,0.079679,0.054138,0.063054,0.121710,0.130827,0.078676,0.074081
0.070893,0.266884,0.054778,0.064647,0.040011,0.088017,0.271340,0.053042,0.032995,0.057393
0.064405,0.051167,0.070272,0.237180,0.047700,0.069428,0.048608,0.074532,0.048959,0.287748
0.054337,0.091932,0.229281,0.084880,0.043648,0.253494,0.079833,0.049629,0.046248,0.066717
0.132547,0.084390,0.066841,0.107048,0.112190,0.101404,0.100066,0.160689,0.083771,0.051054
0.082829,0.122053,0.108756,0.161295,0.074672,0.117797,0.080213,0.100880,0.063110,0.088395
0.084011,0.101999,0.150801,0.105794,0.074781,0.104202,0.094015,0.155267,0.078474,0.050656
0.062353,0.050920,0.077537,0.275387,0.054170,0.041515,0.046815,0.046575,0.044341,0.300387
0.080269,0.091824,0.046206,0.097695,0.065315,0.100653,0.156051,0.163403,0.105492,0.093091
0.093105,0.120031,0.072722,0.076621,0.095624,0.094692,0.169626,0.118489,0.080635,0.078454
0.077294,0.088330,0.129277,0.092429,0.104641,0.095894,0.129427,0.106439,0.066904,0.109366
0.060450,0.041962,0.045540,0.249799,0.043167,0.074979,0.100726,0.048447,0.045075,0.289856
0.061287,0.101340,0.238542,0.040163,0.036498,0.270531,0.054118,0.094022,0.031421,0.072079
0.103700,0.238010,0.057837,0.065917,0.067341,0.113677,0.098575,0.084750,0.081248,0.088946
0.063599,0.058070,0.066143,0.251898,0.046179,0.057807,0.047535,0.068523,0.047246,0.292999
0.058821,0.071025,0.048404,0.245341,0.042131,0.055672,0.079696,0.064750,0.045296,0.288864
0.039747,0.264013,0.039921,0.063930,0.073738,0.070593,0.267354,0.073214,0.034020,0.073471
0.038088,0.127031,0.230964,0.049663,0.072623,0.262185,0.053080,0.052300,0.034601,0.079466
0.094541,0.273312,0.039839,0.036947,0.041308,0.066030,0.276225,0.051974,0.044226,0.075598
0.110381,0.094519,0.070862,0.119126,0.099875,0.110377,0.100589,0.098266,0.092520,0.103486
0.044671,0.059891,0.049886,0.237626,0.060297,0.067610,0.047134,0.106642,0.044445,0.281799
0.052597,0.057956,0.042774,0.246457,0.046296,0.068898,0.055039,0.059066,0.051470,0.319449
0.076710,0.086561,0.077042,0.087577,0.099163,0.107500,0.143792,0.151276,0.097901,0.072478
0.073613,0.340266,0.054150,0.109397,0.097432,0.057620,0.067108,0.111617,0.061804,0.026993
0.057667,0.277291,0.046307,0.061837,0.046097,0.062748,0.280666,0.053120,0.047789,0.066478
0.051612,0.245910,0.049747,0.057785,0.036696,0.085598,0.247477,0.103317,0.052171,0.069688
0.056139,0.269909,0.036039,0.049570,0.067889,0.068381,0.268724,0.087683,0.029643,0.066023
0.074272,0.136000,0.309448,0.081661,0.081082,0.058195,0.069260,0.067558,0.063457,0.059067
0.052216,0.062298,0.240184,0.066842,0.066064,0.274498,0.057138,0.077188,0.040237,0.063335
0.093193,0.272400,0.041822,0.058251,0.045475,0.081345,0.280579,0.056282,0.049868,0.020785
0.037126,0.051185,0.044414,0.241384,0.058699,0.056279,0.101899,0.084827,0.044865,0.279323
0.052090,0.062605,0.249257,0.070338,0.052667,0.280551,0.087621,0.048704,0.038538,0.057627
0.052868,0.064204,0.255784,0.062995,0.066162,0.287865,0.061320,0.055047,0.040332,0.053422
0.060398,0.290390,0.042257,0.040529,0.037681,0.075295,0.287170,0.048801,0.048889,0.068589
0.058373,0.089718,0.077568,0.164894,0.115881,0.125056,0.151465,0.088516,0.084269,0.044261
0.046345,0.085007,0.054672,0.257335,0.050760,0.075632,0.043719,0.060532,0.061030,0.264968
0.045212,0.279524,0.024338,0.066989,0.049552,0.051751,0.286788,0.061975,0.076613,0.057259
0.050426,0.253553,0.060426,0.045018,0.069644,0.040558,0.257983,0.112069,0.053662,0.056660
0.070613,0.105001,0.118968,0.114406,0.070821,0.131393,0.098613,0.085868,0.085256,0.119062
0.065431,0.058476,0.027387,0.254324,0.050333,0.050123,0.065816,0.053596,0.051769,0.322744
0.091392,0.107783,0.125022,0.069478,0.082394,0.118922,0.158629,0.115930,0.084928,0.045521
0.054148,0.254247,0.076364,0.060342,0.069746,0.058226,0.260024,0.050813,0.045604,0.070486
0.040259,0.069969,0.262356,0.055862,0.044353,0.296361,0.072671,0.058082,0.050058,0.050029
0.099434,0.084031,0.075720,0.106146,0.104784,0.105107,0.145121,0.116079,0.069365,0.094213
0.057666,0.051717,0.071200,0.249451,0.046500,0.046913,0.055575,0.059270,0.048000,0.313708
0.072734,0.049596,0.054749,0.231958,0.050287,0.059285,0.086099,0.081601,0.049328,0.264363
0.145640,0.088989,0.142114,0.134004,0.090779,0.093038,0.097616,0.101192,0.059649,0.046979
0.050593,0.264724,0.065595,0.060077,0.062983,0.044125,0.263396,0.044192,0.068881,0.075436
0.057988,0.264028,0.066904,0.050502,0.076869,0.044376,0.264174,0.046144,0.045786,0.083229
0.093340,0.178845,0.084375,0.100066,0.095367,0.101382,0.135605,0.073985,0.058882,0.078153
0.041506,0.286826,0.038987,0.053119,0.047873,0.079123,0.285159,0.056195,0.035047,0.076166
0.066541,0.086994,0.117409,0.109367,0.072083,0.112641,0.114911,0.137138,0.083317,0.099599
0.038699,0.060172,0.232289,0.053914,0.047509,0.260131,0.084293,0.105916,0.067052,0.050025
0.055358,0.080447,0.089823,0.301175,0.090496,0.084134,0.086667,0.124619,0.051273,0.036008
0.057639,0.059354,0.056334,0.243268,0.062090,0.062550,0.074582,0.060300,0.045267,0.278614
0.078947,0.078647,0.319276,0.090360,0.057923,0.099082,0.070918,0.069367,0.048286,0.087193
0.083030,0.128994,0.100644,0.155441,0.109337,0.126446,0.085033,0.086755,0.080168,0.044151
0.075811,0.098992,0.055278,0.231774,0.040274,0.062711,0.091306,0.039139,0.048625,0.256089
0.169858,0.089953,0.099637,0.066727,0.078533,0.117638,0.093232,0.088537,0.063970,0.131913
0.058971,0.044215,0.053700,0.238613,0.038105,0.068475,0.085611,0.090236,0.042825,0.279249
0.052504,0.257674,0.072660,0.061359,0.044927,0.055859,0.263019,0.094212,0.039002,0.058784
0.107161,0.133782,0.048478,0.106007,0.068523,0.125503,0.140944,0.084249,0.081997,0.103355
0.067922,0.344865,0.090620,0.085778,0.051807,0.060707,0.064053,0.082014,0.059242,0.092993
0.079525,0.130847,0.088363,0.101551,0.113120,0.112934,0.130670,0.100933,0.052886,0.089172
0.110613,0.119489,0.101902,0.068296,0.079827,0.143220,0.098048,0.097037,0.076671,0.104895
0.050471,0.041423,0.243252,0.067896,0.035826,0.275260,0.059220,0.121078,0.044509,0.061066
0.043111,0.058079,0.107484,0.233561,0.052380,0.073911,0.060036,0.046837,0.038950,0.285650
0.062351,0.175971,0.127627,0.081912,0.061381,0.098365,0.087603,0.133248,0.060947,0.110594
0.100112,0.226648,0.103503,0.054461,0.065440,0.069101,0.143704,0.077972,0.067424,0.091635
0.063683,0.234910,0.057313,0.054625,0.065621,0.082738,0.244075,0.098775,0.042758,0.055503
0.095113,0.066351,0.083074,0.056889,0.106546,0.095055,0.137289,0.186386,0.080705,0.092593
0.061122,0.237345,0.081388,0.081727,0.054961,0.062690,0.242770,0.083277,0.039394,0.055327
0.094646,0.043013,0.056191,0.238629,0.047441,0.073090,0.049021,0.071543,0.045378,0.281049
0.069119,0.115713,0.084535,0.125892,0.082207,0.084970,0.090969,0.153069,0.088952,0.104573
0.058134,0.083812,0.228723,0.085807,0.056607,0.253758,0.093142,0.044519,0.033785,0.061712
0.082320,0.180197,0.158477,0.086872,0.061331,0.095655,0.118348,0.063509,0.068731,0.084559
0.049455,0.083362,0.044720,0.235098,0.039711,0.074488,0.093104,0.046745,0.061946,0.271371
0.053962,0.117634,0.228875,0.057176,0.060217,0.261074,0.051555,0.052711,0.068351,0.048444
0.079119,0.070477,0.036915,0.308138,0.081520,0.112728,0.085018,0.097620,0.048351,0.080115
0.060666,0.285049,0.082358,0.105663,0.047087,0.076369,0.110559,0.115553,0.050318,0.066380
0.099879,0.095438,0.041659,0.102385,0.076927,0.162158,0.101717,0.112149,0.082495,0.125193
0.048878,0.236710,0.073724,0.055964,0.066726,0.072451,0.250548,0.098131,0.039839,0.057028
0.071742,0.128213,0.163567,0.093115,0.062402,0.103008,0.082032,0.134006,0.066942,0.094972
0.095852,0.095852,0.071486,0.109520,0.096819,0.113102,0.080884,0.144254,0.072168,0.120063
0.064307,0.197174,0.038307,0.104149,0.071546,0.101111,0.174972,0.095825,0.079927,0.072682
0.055054,0.093697,0.237262,0.070553,0.059391,0.269350,0.049364,0.065950,0.036384,0.062995
0.104047,0.094681,0.110619,0.107062,0.100627,0.144768,0.078267,0.121431,0.064179,0.074319
0.057332,0.266747,0.064453,0.039374,0.074586,0.071398,0.266050,0.050644,0.045440,0.063976
0.048924,0.081723,0.050515,0.235114,0.042819,0.062626,0.057257,0.093971,0.039867,0.287184
0.076412,0.086285,0.145989,0.106558,0.074277,0.100686,0.136090,0.108514,0.081501,0.083688
0.089976,0.092011,0.118384,0.104656,0.074701,0.114557,0.095216,0.091185,0.107282,0.112032
0.091289,0.056653,0.022676,0.242939,0.046250,0.068361,0.053763,0.085474,0.044554,0.288039
0.058579,0.056051,0.043607,0.243942,0.062342,0.059906,0.072569,0.090923,0.043773,0.268308
0.044424,0.097376,0.237420,0.055802,0.047063,0.269491,0.093707,0.054320,0.053477,0.046920
0.072356,0.096564,0.115302,0.097609,0.051564,0.283164,0.112920,0.060995,0.050667,0.058859
0.078759,0.332611,0.060888,0.075559,0.052640,0.096943,0.067998,0.097390,0.058910,0.078301
0.093853,0.255424,0.020944,0.038511,0.074501,0.078587,0.263005,0.049847,0.045910,0.079419
0.070338,0.066494,0.077712,0.081781,0.077694,0.098185,0.320448,0.054134,0.065659,0.087556
0.063971,0.279875,0.021543,0.066536,0.045338,0.064304,0.284013,0.053940,0.054228,0.066253
0.059371,0.089742,0.090515,0.083046,0.107242,0.156558,0.090533,0.108119,0.117478,0.097396
0.123695,0.100575,0.063455,0.110623,0.084337,0.133528,0.095269,0.092707,0.081551,0.114259
0.055435,0.051417,0.041426,0.230168,0.042955,0.077351,0.094602,0.079282,0.061857,0.265505
0.107091,0.097812,0.082675,0.133549,0.079046,0.115956,0.087269,0.085738,0.064392,0.146472
0.066125,0.126171,0.146361,0.077396,0.100814,0.149607,0.101573,0.082236,0.076236,0.073481
0.095592,0.101030,0.112590,0.149391,0.101611,0.121892,0.078473,0.078260,0.079547,0.081614
0.084296,0.126709,0.108624,0.077683,0.056082,0.111970,0.178991,0.077395,0.049299,0.128952
0.084915,0.078001,0.123009,0.088858,0.080226,0.080922,0.091045,0.086402,0.130622,0.155999
0.077278,0.110350,0.083167,0.122024,0.084002,0.114737,0.100039,0.127970,0.087716,0.092716
0.088152,0.061357,0.174792,0.068947,0.101780,0.099500,0.127764,0.106628,0.064087,0.106994
0.078871,0.183333,0.067722,0.069213,0.100277,0.087711,0.163459,0.067323,0.067013,0.115079
0.059588,0.042025,0.065611,0.237703,0.039794,0.047385,0.109394,0.070622,0.045600,0.282278
0.122213,0.079675,0.042776,0.090242,0.072792,0.169388,0.103264,0.133068,0.103315,0.083267
0.088672,0.110828,0.097192,0.089083,0.089810,0.131569,0.157052,0.075553,0.075886,0.084354
0.063481,0.246048,0.074917,0.057214,0.070853,0.075319,0.258473,0.046491,0.045835,0.061369
0.096761,0.081535,0.151621,0.064443,0.106417,0.108066,0.138631,0.104885,0.064942,0.082700
0.055231,0.095645,0.052395,0.239566,0.047145,0.046695,0.057480,0.050779,0.051914,0.303149
0.088819,0.140517,0.118473,0.103104,0.067060,0.129735,0.084885,0.083947,0.079928,0.103532
0.064803,0.059442,0.028215,0.248025,0.058858,0.058908,0.082378,0.059349,0.047983,0.292040
0.041639,0.089609,0.026585,0.241364,0.067236,0.066095,0.061033,0.083793,0.032901,0.289745
0.066723,0.111537,0.079645,0.179307,0.071478,0.118740,0.092971,0.110354,0.087294,0.081949
0.066191,0.191563,0.100905,0.087173,0.055844,0.132418,0.126550,0.072371,0.100938,0.066046
0.057686,0.054776,0.043074,0.251897,0.068943,0.075461,0.048333,0.052094,0.039464,0.308270
0.107468,0.091258,0.085704,0.118176,0.117891,0.115873,0.118703,0.097537,0.062567,0.084822
0.052567,0.062664,0.029951,0.244820,0.044829,0.052865,0.094508,0.060555,0.035411,0.321831
0.086460,0.263145,0.065638,0.061594,0.063801,0.044311,0.268571,0.053058,0.037936,0.055485
0.063879,0.083187,0.183533,0.101391,0.100269,0.106648,0.074546,0.077934,0.087407,0.121207
0.069633,0.242100,0.019821,0.066258,0.041696,0.042338,0.248576,0.125364,0.067572,0.076641
0.091722,0.163331,0.114281,0.101033,0.105964,0.073615,0.078979,0.086376,0.055823,0.128876
0.082277,0.057750,0.097945,0.239365,0.059184,0.047187,0.057155,0.048936,0.034975,0.275227
0.057367,0.065129,0.249841,0.039439,0.071457,0.279447,0.052824,0.075532,0.047662,0.061301
0.080646,0.210843,0.086574,0.078190,0.111825,0.118572,0.077458,0.076247,0.051176,0.108470
0.107378,0.106844,0.117872,0.114355,0.112664,0.132612,0.091127,0.088756,0.073720,0.054673
0.114966,0.086208,0.110729,0.087828,0.072233,0.129816,0.100813,0.086609,0.067376,0.143423
0.108997,0.229945,0.087406,0.104268,0.105328,0.119613,0.074339,0.083317,0.052531,0.034256
0.106149,0.077888,0.080228,0.065833,0.066505,0.133702,0.205584,0.088205,0.086222,0.089685
0.095908,0.096844,0.071692,0.150547,0.105720,0.094587,0.136957,0.077320,0.068425,0.102001
0.054465,0.102263,0.244452,0.058266,0.040436,0.272387,0.062274,0.086431,0.033051,0.045974
0.124241,0.158442,0.064294,0.069853,0.085503,0.119856,0.094246,0.097227,0.090257,0.096080
0.086487,0.069095,0.138291,0.091922,0.082360,0.112069,0.138651,0.139739,0.050712,0.090675
0.123544,0.101123,0.064531,0.090820,0.077436,0.114022,0.089504,0.091804,0.087809,0.159407
0.071756,0.066820,0.239934,0.060554,0.039251,0.268526,0.051000,0.126514,0.051694,0.023951
0.104981,0.162340,0.077208,0.110220,0.070225,0.125995,0.097045,0.083677,0.083639,0.084669
0.058523,0.266569,0.044738,0.061233,0.039217,0.046940,0.271283,0.123291,0.035938,0.052269
0.077174,0.129939,0.035707,0.298816,0.099419,0.089352,0.070485,0.110406,0.050693,0.038008
0.061001,0.058236,0.063311,0.262268,0.055971,0.075016,0.048677,0.047679,0.036578,0.291263
0.065172,0.056519,0.258534,0.042416,0.044854,0.287989,0.059696,0.082208,0.038476,0.064136
0.069822,0.070141,0.052548,0.090507,0.082704,0.084267,0.360451,0.082720,0.045091,0.061748
0.081594,0.099847,0.056077,0.098899,0.128079,0.091187,0.129530,0.099361,0.074439,0.140986
0.078342,0.151212,0.057907,0.151486,0.104974,0.104023,0.086263,0.135268,0.059496,0.071030
0.060965,0.142828,0.124899,0.066416,0.050854,0.296850,0.055984,0.081710,0.050736,0.068758
0.112367,0.066136,0.331571,0.094227,0.054261,0.078317,0.075162,0.062935,0.061437,0.063587
0.059799,0.063495,0.241103,0.090621,0.045749,0.267050,0.091188,0.046531,0.049376,0.045089
0.058110,0.075575,0.075929,0.112296,0.077632,0.322709,0.073567,0.082832,0.053596,0.067753
0.134517,0.092305,0.187375,0.060491,0.083616,0.070519,0.087901,0.112337,0.079538,0.091399
0.062233,0.074300,0.062857,0.239442,0.043408,0.064072,0.082565,0.050606,0.045906,0.274612
0.072960,0.147946,0.078913,0.086433,0.048595,0.334831,0.058439,0.059761,0.055158,0.056964
0.054010,0.206102,0.081354,0.093413,0.064028,0.104424,0.069670,0.138728,0.070310,0.117961
0.059625,0.043119,0.235118,0.088509,0.065043,0.260476,0.087668,0.067711,0.048112,0.044619
0.076036,0.113840,0.132166,0.075498,0.065551,0.095337,0.086494,0.166731,0.063261,0.125084
0.043544,0.257572,0.084133,0.058655,0.060677,0.067469,0.265268,0.076488,0.035519,0.050676
0.100585,0.100144,0.101000,0.154304,0.100254,0.100001,0.103776,0.084192,0.075102,0.080642
0.076874,0.147443,0.064110,0.075712,0.072674,0.083500,0.319655,0.087006,0.042895,0.030132
0.087714,0.152988,0.037537,0.098434,0.060796,0.142228,0.078488,0.192574,0.054558,0.094683
0.051140,0.052924,0.043073,0.257696,0.066664,0.055381,0.079477,0.049741,0.039311,0.304593
0.065188,0.106700,0.239878,0.054458,0.045279,0.266898,0.058014,0.069353,0.046586,0.047648
0.086415,0.088236,0.114855,0.067181,0.078709,0.116532,0.096029,0.125783,0.084686,0.141574
0.063387,0.057882,0.076265,0.243302,0.046653,0.056649,0.048406,0.066011,0.047598,0.293847
0.073179,0.077908,0.172400,0.092334,0.067080,0.067362,0.155832,0.144615,0.075614,0.073676
0.046881,0.044485,0.050741,0.250427,0.071861,0.080926,0.049010,0.048301,0.055407,0.301961
0.041542,0.053794,0.246186,0.055714,0.074859,0.273998,0.064699,0.075366,0.050231,0.063612
0.052591,0.272921,0.066120,0.038935,0.075653,0.072017,0.275274,0.051303,0.030036,0.065151
0.077772,0.093914,0.068238,0.118059,0.077389,0.086982,0.109803,0.094952,0.127861,0.145031
0.070228,0.066514,0.058309,0.077219,0.055776,0.340899,0.062858,0.113094,0.059335,0.095768
0.083908,0.090065,0.032920,0.098274,0.123513,0.120710,0.087349,0.212520,0.075991,0.074750
0.092058,0.081897,0.108239,0.105897,0.084205,0.096908,0.132741,0.119382,0.052646,0.126026
0.091945,0.094352,0.142630,0.063188,0.073756,0.137319,0.133712,0.111216,0.078635,0.073246
0.065356,0.124261,0.231882,0.070304,0.038541,0.260194,0.048989,0.049608,0.031735,0.079130
0.104891,0.117205,0.051766,0.116797,0.070811,0.122705,0.102024,0.098575,0.129111,0.086114
0.075148,0.066048,0.076259,0.293129,0.078974,0.052786,0.065888,0.119445,0.081236,0.091087
0.081868,0.147854,0.118262,0.084749,0.062984,0.109529,0.081196,0.108682,0.064603,0.140274
0.037534,0.269125,0.065822,0.063087,0.072994,0.046692,0.267175,0.095723,0.032636,0.049214
0.094603,0.095818,0.107162,0.166352,0.071313,0.099485,0.103723,0.103050,0.077503,0.080991
0.059357,0.273249,0.072144,0.040868,0.036039,0.075173,0.274412,0.050554,0.049086,0.069119
0.050698,0.255735,0.077768,0.087639,0.068465,0.041121,0.263302,0.048365,0.042292,0.064614
0.125535,0.138066,0.117484,0.081337,0.100963,0.124827,0.070418,0.090016,0.067931,0.083424
0.096445,0.086755,0.075524,0.180008,0.112042,0.111746,0.085469,0.086779,0.065473,0.099759
0.074580,0.121441,0.104673,0.096280,0.104564,0.095208,0.167755,0.077937,0.076875,0.080687
0.070778,0.077531,0.048381,0.167692,0.113275,0.108574,0.159540,0.086483,0.064681,0.103065
0.138911,0.106261,0.159284,0.108050,0.092110,0.077524,0.084342,0.086267,0.061137,0.086113
0.104095,0.171837,0.108947,0.057484,0.113457,0.112251,0.080060,0.146319,0.070975,0.034574
0.067946,0.131110,0.227192,0.033154,0.038543,0.254494,0.081167,0.087127,0.027197,0.052072
0.054921,0.075843,0.103130,0.087747,0.068848,0.116460,0.075385,0.199412,0.110239,0.108016
0.056087,0.085792,0.106529,0.120558,0.101839,0.088687,0.234917,0.088031,0.075813,0.041747
0.110152,0.112121,0.044878,0.108921,0.123071,0.120936,0.098280,0.167492,0.068468,0.045683
0.104572,0.098640,0.099112,0.089722,0.072961,0.117228,0.097029,0.090469,0.127705,0.102562
0.074292,0.091201,0.107028,0.295353,0.053642,0.082057,0.103870,0.063658,0.060240,0.068659
0.079583,0.136217,0.177903,0.097282,0.077245,0.105756,0.084524,0.072588,0.075921,0.092981
0.080036,0.052159,0.039197,0.241705,0.062557,0.044803,0.077572,0.079254,0.043540,0.279177
0.101902,0.094424,0.120067,0.111586,0.076996,0.111432,0.087181,0.129848,0.059110,0.107455
0.090189,0.168435,0.095757,0.086840,0.063264,0.084002,0.122481,0.154937,0.051999,0.082095
0.165100,0.077178,0.036195,0.108333,0.076639,0.172374,0.089975,0.148631,0.086226,0.039349
0.100219,0.135970,0.111125,0.091947,0.076553,0.106170,0.088972,0.128689,0.075257,0.085097
0.044095,0.062248,0.069041,0.242662,0.055279,0.048924,0.060982,0.075642,0.040411,0.300715
0.059661,0.043241,0.075412,0.237633,0.045482,0.073178,0.084543,0.050316,0.038723,0.291812
0.052439,0.059897,0.232968,0.048985,0.069823,0.261208,0.102079,0.047255,0.065289,0.060056
0.085557,0.150459,0.062168,0.091026,0.099502,0.098658,0.087440,0.160570,0.076155,0.088465
0.095674,0.078345,0.181142,0.093355,0.082010,0.098104,0.080178,0.111979,0.090041,0.089172
0.069182,0.278790,0.044178,0.059178,0.043593,0.047602,0.277326,0.076149,0.033054,0.070947
0.076133,0.080415,0.114419,0.080346,0.064557,0.072612,0.106772,0.199228,0.073651,0.131867
0.091761,0.055269,0.243844,0.057950,0.072440,0.275253,0.057787,0.046351,0.031993,0.067353
0.098796,0.147413,0.084176,0.104855,0.108003,0.116224,0.130318,0.076277,0.062797,0.071141
0.089513,0.103190,0.119912,0.123104,0.122458,0.086109,0.097911,0.117461,0.091041,0.049302
0.054155,0.064208,0.250134,0.061704,0.046517,0.280956,0.061780,0.056274,0.054493,0.069777
0.053972,0.360680,0.092606,0.086056,0.050913,0.085655,0.079508,0.071691,0.043157,0.075762
0.041558,0.272923,0.068938,0.069278,0.045234,0.070890,0.276040,0.054809,0.034966,0.065364
0.115400,0.085863,0.058861,0.086166,0.077371,0.110019,0.095286,0.166738,0.082254,0.122041
0.051069,0.106974,0.091311,0.218441,0.044700,0.065351,0.056809,0.063917,0.043209,0.258219
0.082290,0.088490,0.073699,0.109646,0.075286,0.102188,0.150202,0.152119,0.070441,0.095638
0.077656,0.181541,0.042089,0.096984,0.101344,0.115209,0.136767,0.076452,0.086768,0.085190
0.061764,0.066970,0.057391,0.242087,0.055230,0.079356,0.076183,0.051672,0.045279,0.264068
0.097947,0.101816,0.156202,0.105838,0.075361,0.106292,0.080674,0.084260,0.115713,0.075896
0.051974,0.268781,0.078643,0.063217,0.060868,0.047611,0.277138,0.045664,0.047152,0.058953
0.085495,0.041579,0.240438,0.074266,0.044315,0.269538,0.083862,0.067878,0.045957,0.046671
0.066584,0.063947,0.087110,0.047386,0.086234,0.354099,0.063531,0.117082,0.039111,0.074916
0.042369,0.058256,0.258747,0.040843,0.076449,0.295818,0.052313,0.055742,0.049969,0.069494
0.109702,0.101121,0.099496,0.112271,0.062664,0.104853,0.091851,0.199252,0.077227,0.041562
0.063524,0.130265,0.306163,0.080771,0.056749,0.084835,0.072328,0.097325,0.049476,0.058565
0.093695,0.107842,0.124228,0.095619,0.104229,0.087108,0.099090,0.096842,0.092751,0.098597
0.102476,0.151131,0.214083,0.064677,0.114598,0.078495,0.087346,0.085847,0.061153,0.040194
0.098213,0.198522,0.080307,0.071796,0.108937,0.089878,0.070433,0.075830,0.104116,0.101968
0.152169,0.077816,0.106584,0.084869,0.068519,0.108155,0.073906,0.112174,0.103840,0.111968
0.064018,0.063039,0.064726,0.247574,0.043217,0.059435,0.058133,0.051436,0.056258,0.292164
0.059197,0.052365,0.250595,0.059971,0.047671,0.280854,0.060026,0.072777,0.050340,0.066204
0.109438,0.134342,0.116093,0.115205,0.076772,0.109085,0.090681,0.085070,0.079065,0.084247
0.074318,0.076196,0.089186,0.173496,0.096399,0.098532,0.136843,0.073021,0.093252,0.088758
0.036862,0.043304,0.254654,0.060250,0.077379,0.285607,0.052768,0.048544,0.055888,0.084745
0.071158,0.251265,0.099247,0.062035,0.037333,0.067566,0.255056,0.047016,0.046899,0.062424
0.063992,0.065328,0.240914,0.051917,0.048055,0.269256,0.090622,0.074872,0.048611,0.046433
0.056212,0.057272,0.235743,0.089282,0.062908,0.257877,0.080610,0.078790,0.034980,0.046326
0.061317,0.085474,0.101308,0.099671,0.102153,0.068036,0.166499,0.146320,0.048609,0.120612
0.069336,0.262701,0.062107,0.035646,0.073365,0.062946,0.260326,0.092523,0.039273,0.041776
0.064879,0.265804,0.045488,0.064294,0.047754,0.074310,0.273287,0.050697,0.052423,0.061065
0.079656,0.102968,0.198949,0.064374,0.109335,0.107087,0.091036,0.135064,0.066963,0.044566
0.057465,0.038259,0.059575,0.245515,0.040216,0.063957,0.079670,0.098329,0.041344,0.275670
0.137610,0.093665,0.102001,0.135782,0.094631,0.113192,0.087704,0.072691,0.071882,0.090841
0.089788,0.083327,0.091582,0.141256,0.101906,0.093322,0.168409,0.083067,0.068516,0.078828
0.090469,0.114398,0.115784,0.121152,0.124594,0.118245,0.088214,0.097442,0.084371,0.045332
0.057079,0.105380,0.022652,0.234314,0.066793,0.082547,0.051784,0.047825,0.063914,0.267712
0.081311,0.112376,0.059246,0.118425,0.078799,0.090015,0.109801,0.118070,0.077001,0.154955
0.144004,0.093307,0.101216,0.089489,0.073864,0.108687,0.086580,0.121335,0.085509,0.096007
0.122626,0.101636,0.080378,0.108703,0.134513,0.132059,0.099767,0.112436,0.063531,0.044350
0.067350,0.049816,0.064008,0.247821,0.069660,0.072340,0.053412,0.051590,0.039485,0.284518
0.086092,0.086753,0.172082,0.132942,0.089985,0.106417,0.092201,0.070144,0.054858,0.108526
0.076960,0.077265,0.054131,0.306993,0.075165,0.082862,0.080664,0.114756,0.058135,0.073067
0.099087,0.103610,0.050724,0.107862,0.108204,0.126313,0.087082,0.131549,0.082176,0.103394
0.105734,0.079732,0.037482,0.124900,0.079487,0.117020,0.089241,0.166114,0.088857,0.111433
0.112122,0.108787,0.071326,0.094534,0.079994,0.114090,0.161085,0.084371,0.090236,0.083455
0.051944,0.060232,0.055505,0.240210,0.060825,0.047220,0.057814,0.089825,0.046450,0.289975
0.102410,0.094404,0.072371,0.058593,0.062892,0.094871,0.178385,0.183492,0.072919,0.079664
0.142092,0.135603,0.043506,0.066499,0.076848,0.127042,0.107967,0.131489,0.084424,0.084530
0.099390,0.152351,0.139908,0.077588,0.100734,0.071468,0.133860,0.079859,0.065879,0.078963
0.040261,0.118502,0.040108,0.253312,0.046523,0.044246,0.051689,0.072328,0.034683,0.298348
0.085614,0.181914,0.100041,0.100996,0.065826,0.087858,0.090197,0.073881,0.098824,0.114850
0.050687,0.095571,0.229392,0.046119,0.067986,0.256890,0.100322,0.048358,0.063432,0.041244
0.106474,0.073915,0.119767,0.060930,0.077357,0.078701,0.087339,0.149354,0.095760,0.150402
0.061063,0.062936,0.055540,0.245902,0.046281,0.047657,0.087323,0.051860,0.035403,0.306035
0.063759,0.051945,0.241662,0.065775,0.063700,0.277527,0.054401,0.050781,0.047504,0.082946
0.080052,0.099170,0.106632,0.129234,0.089213,0.088959,0.099917,0.093040,0.094171,0.119612
0.082065,0.074305,0.094570,0.130930,0.087994,0.103674,0.149865,0.141026,0.064103,0.071469
0.129937,0.077420,0.085990,0.058588,0.100910,0.104621,0.166379,0.083771,0.075898,0.116487
0.077322,0.099564,0.105918,0.102851,0.103686,0.073671,0.167399,0.104479,0.066398,0.098713
0.113899,0.076495,0.059905,0.116126,0.069074,0.151343,0.194215,0.085739,0.054150,0.079054
0.078097,0.260436,0.067721,0.064099,0.077585,0.068333,0.266537,0.045110,0.049536,0.022545
0.088262,0.083528,0.243921,0.059016,0.041112,0.278523,0.063549,0.046849,0.035807,0.059434
0.042445,0.052518,0.231288,0.065175,0.043816,0.263576,0.109491,0.052483,0.067791,0.071419
0.052713,0.274697,0.019053,0.064885,0.043835,0.077442,0.274327,0.046958,0.070249,0.075841
0.068913,0.250994,0.052439,0.058596,0.041954,0.088686,0.252240,0.090723,0.042234,0.053222
0.064046,0.249570,0.079185,0.061493,0.069209,0.067828,0.258530,0.053240,0.047208,0.049691
0.094618,0.078396,0.094034,0.085843,0.092161,0.121550,0.097513,0.173187,0.072814,0.089884
0.059082,0.060877,0.027560,0.248911,0.046313,0.075560,0.058275,0.053330,0.052794,0.317298
0.073941,0.093846,0.288327,0.106496,0.048170,0.081264,0.101250,0.071456,0.040557,0.094693
0.061219,0.086833,0.028072,0.233143,0.045711,0.072686,0.058675,0.065503,0.063208,0.284949
0.109255,0.083848,0.112563,0.083081,0.092356,0.076626,0.146693,0.115915,0.062855,0.116809
0.064961,0.056655,0.154432,0.082116,0.082335,0.321919,0.068841,0.077680,0.058640,0.032422
0.111765,0.106258,0.047463,0.112378,0.116980,0.128641,0.101958,0.085394,0.057351,0.131813
0.074705,0.072222,0.102081,0.073071,0.054614,0.074174,0.332174,0.084342,0.061067,0.071550
0.065286,0.093448,0.024922,0.227765,0.042990,0.059950,0.102614,0.052334,0.047722,0.282969
0.133600,0.115306,0.066405,0.098904,0.076996,0.090557,0.109172,0.119304,0.077634,0.112123
0.062045,0.064806,0.295569,0.078809,0.056216,0.107396,0.105812,0.111450,0.056070,0.061828
0.063838,0.070684,0.039001,0.149526,0.111935,0.110072,0.137458,0.078168,0.108161,0.131156
0.042796,0.245642,0.102053,0.061808,0.059163,0.056785,0.250270,0.067735,0.046812,0.066938
0.113034,0.160910,0.039381,0.065090,0.109477,0.116772,0.156615,0.144083,0.054457,0.040180
0.093388,0.107610,0.086007,0.074956,0.077558,0.143193,0.174419,0.095041,0.093138,0.054691
0.065926,0.266239,0.053375,0.070394,0.062330,0.058293,0.270342,0.050701,0.044471,0.057929
0.059947,0.280709,0.056434,0.063765,0.043879,0.045817,0.285669,0.049154,0.048536,0.066090
0.062214,0.078102,0.043513,0.261793,0.046231,0.043382,0.049051,0.071000,0.045743,0.298972
0.074428,0.091842,0.104436,0.168082,0.096594,0.097050,0.134265,0.072594,0.079923,0.080786
0.114589,0.086597,0.080924,0.088054,0.077784,0.130549,0.153608,0.110160,0.069332,0.088402
0.096947,0.093172,0.140518,0.115442,0.094246,0.071280,0.074890,0.117102,0.080746,0.115659
0.096668,0.103454,0.065315,0.109008,0.071600,0.123513,0.111215,0.106464,0.071350,0.141413
0.085503,0.077350,0.061727,0.239599,0.042287,0.045973,0.050708,0.091265,0.031593,0.273994
0.091423,0.053790,0.236291,0.060212,0.063466,0.267813,0.046829,0.046101,0.067639,0.066437
0.062685,0.099028,0.226874,0.040701,0.041857,0.255383,0.060160,0.070406,0.066830,0.076077
0.051974,0.257421,0.102652,0.056995,0.035585,0.091097,0.262694,0.055221,0.031723,0.054637
0.038923,0.253332,0.065140,0.059408,0.043783,0.092209,0.258814,0.073526,0.045201,0.069665
0.040478,0.279662,0.055593,0.069027,0.045302,0.073101,0.280182,0.079149,0.032405,0.045100
0.057223,0.227084,0.070642,0.058819,0.068650,0.083889,0.241181,0.103620,0.063278,0.025614
0.058680,0.056515,0.049919,0.238054,0.057841,0.042270,0.079053,0.089500,0.044611,0.283556
