0.097430,0.103555,0.102013,0.103744,0.100698,0.097316,0.100896,0.105862,0.093396,0.095089
0.101120,0.102761,0.109656,0.071526,0.110545,0.094342,0.108648,0.104337,0.097292,0.099774
0.111676,0.077388,0.100718,0.087284,0.114225,0.112824,0.077152,0.104308,0.107274,0.107151
0.107383,0.099334,0.102025,0.081328,0.106564,0.094310,0.104501,0.096519,0.106968,0.101070
0.101054,0.089276,0.095835,0.102963,0.109510,0.094768,0.111970,0.088337,0.097420,0.108868
0.102969,0.102975,0.097270,0.072688,0.110587,0.103971,0.115521,0.111227,0.109740,0.073053
0.091072,0.105759,0.095525,0.110690,0.107482,0.091378,0.089150,0.089479,0.112522,0.106943
0.101134,0.105984,0.085898,0.105844,0.103867,0.105017,0.093425,0.088868,0.107372,0.102593
0.086538,0.097403,0.093976,0.106673,0.092734,0.106510,0.103035,0.103856,0.106643,0.102631
0.104805,0.109776,0.094264,0.088678,0.097008,0.100087,0.092740,0.106727,0.101189,0.104726
0.106282,0.097630,0.099534,0.099572,0.098117,0.092738,0.102743,0.104169,0.100878,0.098338
0.107011,0.114042,0.098747,0.071620,0.111104,0.100047,0.113280,0.109937,0.102273,0.071938
0.097289,0.097871,0.083155,0.102329,0.099342,0.102226,0.109297,0.104934,0.099542,0.104014
0.102800,0.098334,0.098868,0.094147,0.100452,0.072994,0.105981,0.102830,0.112292,0.111302
0.098935,0.102335,0.104788,0.090748,0.106376,0.105555,0.088426,0.105600,0.096382,0.100856
0.097816,0.101208,0.092442,0.090255,0.105509,0.093092,0.106321,0.104224,0.104018,0.105115
0.104116,0.108924,0.107949,0.074135,0.106739,0.109360,0.111426,0.091471,0.111390,0.074490
0.102449,0.089986,0.090076,0.100691,0.102535,0.105652,0.102703,0.098386,0.103197,0.104324
0.105339,0.093788,0.099777,0.074883,0.106023,0.106108,0.112053,0.113056,0.113657,0.075316
0.098045,0.096919,0.090436,0.098877,0.104084,0.103263,0.103868,0.103719,0.103107,0.097683
0.113305,0.104175,0.073133,0.101254,0.107878,0.073279,0.096658,0.107278,0.112724,0.110318
0.106691,0.094088,0.108320,0.075329,0.106191,0.112360,0.098728,0.113153,0.109335,0.075805
0.105091,0.092891,0.108901,0.074907,0.104808,0.110244,0.107842,0.108720,0.111356,0.075240
0.112253,0.094701,0.089895,0.076968,0.109408,0.105647,0.113253,0.113998,0.106645,0.077232
0.102446,0.074662,0.097963,0.115887,0.101311,0.114504,0.074386,0.092371,0.114716,0.111753
0.095937,0.109584,0.089729,0.108989,0.113700,0.075786,0.098477,0.093555,0.108503,0.105739
0.113448,0.077949,0.100981,0.104943,0.108811,0.102745,0.077702,0.095077,0.108126,0.110217
0.111939,0.105417,0.070278,0.111428,0.104329,0.070462,0.109022,0.104926,0.108893,0.103305
0.100480,0.094410,0.108144,0.086069,0.096924,0.106519,0.112578,0.087253,0.110840,0.096782
0.103190,0.097351,0.090356,0.096382,0.094649,0.102188,0.104416,0.104662,0.108802,0.098005
0.110838,0.091533,0.107993,0.106904,0.098954,0.097358,0.073589,0.110413,0.098932,0.103485
0.110797,0.103870,0.106504,0.092822,0.103622,0.094862,0.091654,0.091461,0.099429,0.104979
0.101249,0.106384,0.096568,0.082765,0.102356,0.095052,0.107583,0.099630,0.104417,0.103997
0.111236,0.090813,0.096277,0.092961,0.110750,0.093618,0.091077,0.105832,0.098309,0.109128
0.106151,0.103349,0.093562,0.078719,0.095226,0.099328,0.105005,0.105383,0.106403,0.106874
0.099535,0.104198,0.080461,0.097109,0.113082,0.080637,0.097040,0.106646,0.105316,0.115975
0.096549,0.107318,0.076933,0.116562,0.102541,0.077102,0.099222,0.104469,0.107291,0.112013
0.104624,0.098477,0.101653,0.108823,0.106068,0.096647,0.091270,0.089957,0.096531,0.105949
0.092486,0.101901,0.071693,0.111779,0.108853,0.101911,0.095357,0.100812,0.111915,0.103294
0.099340,0.100373,0.102272,0.080456,0.107366,0.104069,0.106583,0.089733,0.109572,0.100237
0.106281,0.102373,0.095444,0.099976,0.095359,0.097133,0.104593,0.100706,0.093744,0.104391
0.095475,0.099602,0.089686,0.107134,0.102731,0.105250,0.098293,0.098827,0.098925,0.104079
0.101032,0.105411,0.096198,0.082775,0.104099,0.096178,0.094500,0.107147,0.111224,0.101435
0.104336,0.103705,0.111282,0.072883,0.112055,0.098074,0.109544,0.101666,0.113203,0.073252
0.101015,0.101315,0.095683,0.082393,0.099617,0.100184,0.106288,0.107566,0.103887,0.102052
0.094000,0.097701,0.088214,0.082787,0.099603,0.102366,0.114375,0.110154,0.105375,0.105425
0.098987,0.099754,0.104937,0.104683,0.108086,0.106050,0.092139,0.087469,0.101491,0.096404
0.105965,0.097117,0.100588,0.077801,0.110281,0.114001,0.117756,0.094408,0.103999,0.078084
0.113186,0.107877,0.102452,0.078058,0.116036,0.097657,0.101179,0.095637,0.109600,0.078318
0.102548,0.074769,0.104499,0.107871,0.103824,0.097084,0.074472,0.111771,0.116647,0.106515
0.100004,0.095322,0.109010,0.102373,0.103287,0.101368,0.107730,0.087897,0.095998,0.097011
0.103131,0.096855,0.089623,0.102579,0.103807,0.103225,0.104552,0.095231,0.107200,0.093798
0.091789,0.091075,0.105060,0.103368,0.098079,0.102491,0.103965,0.091152,0.110582,0.102440
0.104274,0.105362,0.074360,0.101500,0.113630,0.074530,0.110896,0.101426,0.114141,0.099881
0.106687,0.089785,0.094622,0.098192,0.108288,0.095878,0.094647,0.103829,0.109793,0.098281
0.109965,0.101023,0.104821,0.113051,0.100444,0.070182,0.088089,0.103869,0.107420,0.101135
0.106455,0.103057,0.093999,0.078992,0.106015,0.104620,0.104896,0.088521,0.107746,0.105699
0.100572,0.104957,0.093670,0.099158,0.109471,0.100066,0.107704,0.088724,0.096375,0.099302
0.095072,0.075401,0.108440,0.116646,0.113307,0.103689,0.075105,0.090140,0.114164,0.108036
0.099357,0.109944,0.093107,0.079328,0.105401,0.107277,0.101797,0.106335,0.117833,0.079621
0.111885,0.114795,0.071560,0.099173,0.110506,0.071749,0.113694,0.110517,0.097731,0.098390
0.099650,0.111774,0.085365,0.102105,0.096711,0.099386,0.088228,0.107952,0.106702,0.102127
0.111500,0.076252,0.099432,0.103051,0.108903,0.104484,0.076007,0.112864,0.101474,0.106034
0.111673,0.106813,0.102573,0.075603,0.113370,0.112347,0.108173,0.092008,0.101510,0.075931
0.110497,0.076585,0.098206,0.115932,0.101324,0.093936,0.076305,0.112895,0.114645,0.099674
0.103240,0.097168,0.073182,0.115646,0.098723,0.073370,0.110797,0.099520,0.114993,0.113359
0.095435,0.077253,0.102227,0.116273,0.100837,0.100519,0.076914,0.113551,0.118328,0.098664
0.110673,0.090990,0.107350,0.072268,0.106830,0.101103,0.114240,0.110710,0.113278,0.072558
0.096552,0.101670,0.100680,0.106875,0.097103,0.098218,0.108618,0.095093,0.092374,0.102817
0.103478,0.116181,0.098745,0.074785,0.113372,0.097521,0.092209,0.091899,0.100344,0.111465
0.108410,0.089886,0.095207,0.105094,0.098969,0.106977,0.102781,0.091739,0.103112,0.097825
0.113134,0.107473,0.076563,0.094057,0.114533,0.076752,0.094602,0.114652,0.104091,0.104143
0.088531,0.096672,0.097409,0.100889,0.103591,0.103278,0.103494,0.103367,0.105186,0.097584
0.111574,0.109883,0.075665,0.103292,0.101617,0.075832,0.093361,0.108069,0.112623,0.108083
0.101233,0.090361,0.094765,0.113035,0.109781,0.071479,0.112081,0.103795,0.104178,0.099292
0.101813,0.088846,0.098041,0.107588,0.098120,0.100789,0.094964,0.104029,0.108482,0.097328
0.095189,0.075749,0.101878,0.105632,0.105536,0.111542,0.075502,0.112645,0.102381,0.113946
0.105271,0.103095,0.105061,0.080457,0.101294,0.099017,0.092783,0.101953,0.105739,0.105328
0.105392,0.106347,0.075496,0.086453,0.114807,0.075644,0.108006,0.112907,0.102988,0.111959
0.104814,0.092160,0.098868,0.094533,0.105934,0.098535,0.096573,0.091880,0.113147,0.103558
0.090801,0.099719,0.085470,0.110826,0.100199,0.098751,0.102261,0.107269,0.098890,0.105815
0.099129,0.100114,0.096992,0.099078,0.108053,0.102138,0.088651,0.098164,0.107705,0.099976
0.088494,0.099119,0.102104,0.109549,0.094696,0.091977,0.108731,0.101396,0.104158,0.099778
0.100982,0.088581,0.094880,0.098964,0.102173,0.092872,0.101254,0.105848,0.107172,0.107274
0.114127,0.116797,0.074736,0.115121,0.100649,0.074921,0.097739,0.102369,0.102212,0.101331
0.106292,0.105955,0.074323,0.092164,0.108624,0.074515,0.112585,0.108695,0.114301,0.102546
0.103654,0.107003,0.095787,0.072223,0.099326,0.109553,0.113839,0.110796,0.115237,0.072580
0.098621,0.102994,0.084853,0.097471,0.099377,0.093503,0.110406,0.096945,0.110496,0.105334
0.103288,0.090845,0.096764,0.082489,0.100278,0.093401,0.109262,0.109347,0.111798,0.102528
0.106578,0.106548,0.100616,0.075949,0.102828,0.105150,0.095335,0.113154,0.117473,0.076367
0.107164,0.077855,0.102267,0.104619,0.109092,0.107116,0.077590,0.093646,0.104953,0.115698
0.091479,0.099510,0.092869,0.098727,0.106590,0.100175,0.105525,0.098400,0.101949,0.104776
0.099034,0.094179,0.092090,0.105210,0.107187,0.104802,0.092739,0.096470,0.112243,0.096047
0.108185,0.072410,0.095129,0.101166,0.111218,0.107078,0.072192,0.109558,0.114418,0.108644
0.096587,0.091651,0.102152,0.105719,0.103567,0.102914,0.089387,0.103024,0.102669,0.102329
0.106087,0.076168,0.101785,0.086729,0.103718,0.115197,0.075965,0.112418,0.107479,0.114454
0.087678,0.107563,0.101954,0.106217,0.100107,0.100896,0.089456,0.104142,0.099092,0.102897
0.099925,0.102924,0.104872,0.088455,0.103181,0.099656,0.087538,0.106794,0.107286,0.099370
0.109405,0.091796,0.086095,0.102624,0.098907,0.094296,0.107758,0.108831,0.102504,0.097782
0.104966,0.090999,0.073750,0.104153,0.113606,0.073939,0.117299,0.108163,0.112091,0.101034
0.107070,0.097890,0.092069,0.078641,0.111473,0.106815,0.101409,0.110491,0.115235,0.078907
0.111739,0.101418,0.099637,0.075820,0.103509,0.100616,0.112206,0.104392,0.114406,0.076256
0.104981,0.105061,0.085289,0.097164,0.107265,0.092947,0.109077,0.088897,0.101852,0.107467
0.099416,0.100073,0.086133,0.099072,0.101691,0.098832,0.106511,0.102355,0.107777,0.098141
0.105548,0.069894,0.093037,0.104431,0.101470,0.098910,0.106133,0.107659,0.106909,0.106009
0.109419,0.074312,0.104887,0.114979,0.111733,0.092001,0.074010,0.104877,0.116253,0.097530
0.104363,0.115888,0.073850,0.084770,0.111909,0.074024,0.106743,0.111824,0.105822,0.110807
0.095991,0.091417,0.096043,0.098491,0.100599,0.101658,0.108523,0.095018,0.106938,0.105322
0.099304,0.104159,0.092753,0.105429,0.095576,0.070225,0.113133,0.103302,0.106559,0.109560
0.113819,0.106997,0.100675,0.075238,0.109351,0.104956,0.099879,0.104837,0.108544,0.075704
0.105084,0.093774,0.096317,0.088818,0.102281,0.108455,0.091697,0.101426,0.107239,0.104909
0.094846,0.105800,0.075451,0.102651,0.107733,0.075637,0.112144,0.107556,0.117830,0.100351
0.103700,0.097797,0.103538,0.097059,0.106508,0.091722,0.091404,0.096269,0.105738,0.106264
0.087025,0.092522,0.106627,0.099828,0.105265,0.090412,0.111129,0.106538,0.104527,0.096127
0.101235,0.090422,0.095455,0.103558,0.109000,0.101176,0.090468,0.099971,0.109772,0.098944
0.103446,0.104549,0.096746,0.092151,0.100127,0.103991,0.109951,0.090619,0.099115,0.099306
0.107744,0.077656,0.102790,0.106503,0.116240,0.099656,0.077332,0.093666,0.102445,0.115968
0.111422,0.115212,0.072494,0.107921,0.101816,0.072667,0.104972,0.105891,0.098221,0.109384
0.112491,0.104084,0.072982,0.115286,0.105840,0.073163,0.109579,0.101169,0.105988,0.099419
0.110142,0.109012,0.099982,0.085548,0.108571,0.096159,0.075310,0.106692,0.106986,0.101599
0.106683,0.105245,0.093743,0.097490,0.103501,0.091964,0.106591,0.099156,0.095547,0.100079
0.106532,0.105585,0.100736,0.074234,0.108550,0.114890,0.098626,0.108206,0.107867,0.074774
0.094698,0.076730,0.114157,0.105288,0.113197,0.104302,0.076391,0.090714,0.118542,0.105983
0.098240,0.119039,0.078028,0.096148,0.104089,0.078200,0.100498,0.111350,0.105667,0.108740
0.103498,0.104248,0.073107,0.101055,0.099394,0.073295,0.115745,0.111474,0.113930,0.104253
0.099869,0.101507,0.091649,0.097076,0.098120,0.099518,0.100560,0.104805,0.106904,0.099991
0.099597,0.104009,0.095007,0.102365,0.100194,0.093169,0.088678,0.107580,0.108636,0.100764
0.114403,0.099190,0.075124,0.101990,0.107028,0.075306,0.118355,0.107587,0.100863,0.100152
0.100715,0.106216,0.096255,0.092548,0.104523,0.107268,0.089991,0.100313,0.103742,0.098430
0.102171,0.091885,0.104891,0.100614,0.106081,0.112080,0.073137,0.104560,0.100708,0.103872
0.097111,0.101827,0.092840,0.107841,0.100454,0.103990,0.108397,0.096204,0.093235,0.098102
0.105728,0.088386,0.099462,0.109886,0.103832,0.104463,0.092258,0.087618,0.111700,0.096668
0.108516,0.120288,0.078899,0.088930,0.108763,0.079068,0.100867,0.095224,0.104301,0.115143
0.107709,0.096444,0.094444,0.101229,0.098425,0.091890,0.109346,0.089394,0.111162,0.099956
0.096563,0.106650,0.099543,0.074930,0.113338,0.112294,0.098705,0.108620,0.114056,0.075301
0.098102,0.078018,0.101825,0.106839,0.109400,0.102064,0.077789,0.114118,0.108172,0.103674
0.094548,0.093425,0.088532,0.107482,0.110970,0.109059,0.096394,0.091613,0.102518,0.105459
0.103924,0.076140,0.099444,0.105544,0.114059,0.094722,0.075904,0.112737,0.108992,0.108534
0.102132,0.107621,0.098970,0.072178,0.111493,0.101726,0.115885,0.105799,0.111755,0.072441
0.109229,0.096379,0.077637,0.095074,0.115348,0.077815,0.100704,0.105135,0.117700,0.104977
0.093359,0.104375,0.095123,0.097691,0.098625,0.102847,0.101974,0.091590,0.107662,0.106755
0.105197,0.095423,0.097905,0.091875,0.108001,0.095434,0.106739,0.099491,0.097702,0.102232
0.106048,0.099643,0.095380,0.080192,0.106476,0.103951,0.101684,0.090092,0.110580,0.105955
0.101394,0.106187,0.095036,0.072619,0.106850,0.112895,0.109220,0.110212,0.112743,0.072844
0.107532,0.101354,0.103063,0.100506,0.108821,0.100250,0.089767,0.089566,0.096978,0.102162
0.099041,0.093541,0.104137,0.109170,0.098983,0.100668,0.086991,0.102208,0.099995,0.105265
0.108058,0.103500,0.097902,0.081905,0.098886,0.103506,0.094941,0.100866,0.109516,0.100920
0.103625,0.114893,0.109275,0.073185,0.112872,0.098236,0.092744,0.111153,0.110505,0.073512
0.105277,0.094030,0.074572,0.117174,0.114415,0.074751,0.112179,0.092159,0.114101,0.101342
0.098102,0.085485,0.090872,0.108614,0.099358,0.097958,0.103747,0.104285,0.108440,0.103139
0.102265,0.104240,0.100025,0.072959,0.112116,0.108267,0.116158,0.101454,0.109287,0.073230
0.104420,0.099464,0.109730,0.074452,0.112058,0.105312,0.097444,0.107456,0.114893,0.074771
0.114876,0.077601,0.100943,0.106939,0.102329,0.099580,0.077325,0.108176,0.109547,0.102685
0.113514,0.091519,0.074566,0.115585,0.100789,0.074747,0.110955,0.112590,0.107054,0.098681
0.091797,0.073334,0.108820,0.114528,0.110891,0.102433,0.073000,0.110343,0.115899,0.098954
0.098679,0.101723,0.090281,0.096498,0.101034,0.101553,0.100031,0.105453,0.105404,0.099343
0.109467,0.104531,0.109148,0.073759,0.103872,0.102628,0.115143,0.090725,0.116589,0.074138
0.109400,0.107538,0.096929,0.071487,0.105284,0.103840,0.113723,0.110153,0.109586,0.072061
0.107657,0.101667,0.109222,0.101294,0.098349,0.096112,0.090700,0.089942,0.097538,0.107519
0.102578,0.071054,0.107202,0.089558,0.097261,0.111347,0.111305,0.089879,0.111470,0.108346
0.100941,0.072092,0.107350,0.106479,0.111242,0.106380,0.071827,0.109914,0.111536,0.102238
0.114349,0.080375,0.116834,0.089920,0.116844,0.096728,0.080040,0.094528,0.108696,0.101686
0.111878,0.076442,0.101818,0.115533,0.103492,0.099125,0.076171,0.094191,0.114708,0.106642
0.098956,0.087866,0.069183,0.098906,0.104270,0.106334,0.107166,0.107979,0.110313,0.109027
0.109733,0.105323,0.073913,0.101019,0.107418,0.074074,0.110783,0.106825,0.106168,0.104743
0.095078,0.075298,0.110879,0.102592,0.107928,0.102173,0.075019,0.111908,0.106206,0.112919
0.114195,0.109681,0.111024,0.075188,0.105730,0.105990,0.093377,0.093476,0.115840,0.075501
0.111789,0.105396,0.074730,0.104100,0.108663,0.074889,0.098412,0.112145,0.102502,0.107375
0.109629,0.103376,0.071890,0.105143,0.101849,0.072033,0.105213,0.111415,0.110303,0.109150
0.102817,0.071555,0.108647,0.114027,0.110726,0.101424,0.071333,0.104956,0.112156,0.102360
0.107448,0.102641,0.104335,0.090768,0.098331,0.092498,0.092019,0.104423,0.101792,0.105744
0.112875,0.095322,0.109399,0.077706,0.110570,0.094863,0.114008,0.105266,0.102071,0.077919
0.110958,0.074562,0.107243,0.085347,0.111906,0.113706,0.074339,0.111002,0.100556,0.110382
0.111051,0.075334,0.107069,0.115605,0.099635,0.115647,0.075024,0.089889,0.103972,0.106773
0.106622,0.098392,0.096302,0.097466,0.100229,0.091871,0.100605,0.104955,0.107561,0.095999
0.102817,0.105474,0.101879,0.070448,0.110834,0.111774,0.103844,0.108692,0.113333,0.070904
0.101513,0.096200,0.099465,0.107425,0.104448,0.096773,0.088874,0.094808,0.107587,0.102905
0.108348,0.079584,0.102313,0.089095,0.104858,0.111703,0.079317,0.105672,0.114799,0.104312
0.109951,0.099958,0.069560,0.110404,0.108194,0.069710,0.106041,0.108815,0.107411,0.109956
0.097479,0.102745,0.103690,0.095131,0.102691,0.102792,0.092146,0.096835,0.106623,0.099868
0.102066,0.108079,0.099481,0.071930,0.110014,0.112564,0.108975,0.100131,0.114472,0.072287
0.099750,0.111007,0.106011,0.080603,0.110264,0.107815,0.097515,0.096708,0.109506,0.080821
0.094264,0.105961,0.092597,0.094180,0.103408,0.104568,0.106487,0.097710,0.098043,0.102781
0.105577,0.077055,0.101682,0.109699,0.108376,0.112420,0.076715,0.108757,0.101338,0.098381
0.103283,0.073530,0.105249,0.114045,0.098033,0.114468,0.073214,0.105761,0.116362,0.096055
0.099306,0.089026,0.107426,0.096696,0.100022,0.099453,0.093678,0.107164,0.101430,0.105799
0.111727,0.073162,0.097651,0.112855,0.112011,0.098213,0.072971,0.110324,0.111487,0.099599
0.102545,0.100398,0.100197,0.098012,0.102494,0.094952,0.101934,0.098972,0.104431,0.096066
0.116892,0.109239,0.078202,0.088621,0.115607,0.078354,0.100517,0.094186,0.104001,0.114381
0.109016,0.101794,0.104006,0.070081,0.098139,0.105222,0.106801,0.089422,0.108615,0.106904
0.106111,0.106232,0.099452,0.076879,0.102577,0.105345,0.099911,0.109814,0.116525,0.077153
0.100780,0.101257,0.070679,0.099797,0.108273,0.095802,0.107533,0.108317,0.109445,0.098116
0.104537,0.094048,0.092654,0.089480,0.097032,0.093551,0.108550,0.106645,0.108454,0.105047
0.098631,0.096152,0.105105,0.079743,0.111578,0.106968,0.096122,0.116960,0.108814,0.079927
0.085607,0.100561,0.103454,0.107095,0.102608,0.096293,0.106021,0.102811,0.103378,0.092173
0.106754,0.117349,0.099216,0.075025,0.114271,0.106127,0.098898,0.093884,0.113093,0.075383
0.111798,0.076906,0.100504,0.105902,0.114725,0.110475,0.076692,0.093498,0.102693,0.106808
0.100174,0.095528,0.102192,0.101774,0.102567,0.093832,0.093462,0.106627,0.102898,0.100947
0.105527,0.069414,0.103005,0.098841,0.101494,0.109850,0.111932,0.097581,0.106217,0.096139
0.109159,0.093989,0.109427,0.083466,0.099646,0.095886,0.095684,0.101764,0.105730,0.105249
0.095292,0.096538,0.103430,0.107806,0.103131,0.088689,0.102890,0.103677,0.102301,0.096246
0.104474,0.115975,0.073381,0.101621,0.112946,0.073559,0.107036,0.089056,0.116738,0.105213
0.112566,0.106010,0.090001,0.074570,0.107226,0.099328,0.110729,0.112078,0.112549,0.074943
0.107834,0.089297,0.096786,0.098918,0.109239,0.094683,0.108136,0.089164,0.108334,0.097608
0.096521,0.083634,0.100645,0.108897,0.104763,0.103082,0.089606,0.105352,0.109892,0.097607
0.106143,0.080725,0.105017,0.109133,0.104182,0.096231,0.080351,0.094181,0.115077,0.108959
0.098561,0.110582,0.106943,0.110644,0.095882,0.099619,0.091731,0.086402,0.100091,0.099545
0.106970,0.080786,0.091664,0.096531,0.111763,0.107073,0.080475,0.095946,0.119562,0.109231
0.092165,0.115610,0.095951,0.073484,0.110481,0.101095,0.114929,0.106389,0.116187,0.073710
0.102926,0.095209,0.100084,0.093507,0.101609,0.104462,0.105392,0.097237,0.102994,0.096580
0.108202,0.098051,0.078585,0.096629,0.111402,0.078735,0.096622,0.115709,0.110908,0.105157
0.103270,0.090403,0.088018,0.102659,0.110937,0.095613,0.095810,0.105613,0.104534,0.103143
0.113014,0.097449,0.112742,0.077492,0.110642,0.097099,0.095824,0.114624,0.103288,0.077826
0.106083,0.092991,0.076687,0.107335,0.109426,0.076868,0.112866,0.102633,0.101813,0.113298
0.103546,0.106504,0.103681,0.072215,0.103111,0.094060,0.108160,0.100407,0.105258,0.103060
0.106436,0.076947,0.100387,0.094712,0.108556,0.105037,0.094871,0.093566,0.112676,0.106813
0.098345,0.102355,0.099678,0.102603,0.105699,0.090008,0.100734,0.097640,0.107488,0.095451
0.112957,0.078707,0.098599,0.110638,0.101254,0.100500,0.078354,0.092176,0.119435,0.107381
0.108129,0.092549,0.088155,0.101054,0.108806,0.096915,0.103918,0.091343,0.110528,0.098603
0.099185,0.099437,0.104939,0.097916,0.099653,0.092648,0.109352,0.088288,0.111084,0.097498
0.108880,0.089421,0.104234,0.081179,0.109160,0.104905,0.089527,0.099958,0.103287,0.109449
0.106747,0.095327,0.076985,0.104403,0.106688,0.077166,0.116721,0.108984,0.103440,0.103538
0.098974,0.100892,0.096958,0.096389,0.103346,0.090017,0.106837,0.102806,0.095436,0.108346
0.103552,0.073628,0.105382,0.114850,0.098000,0.101856,0.073318,0.111247,0.114967,0.103200
0.111846,0.099776,0.111167,0.074657,0.108959,0.109139,0.111380,0.094486,0.103409,0.075181
0.104201,0.101637,0.093226,0.094521,0.104385,0.103207,0.092051,0.096950,0.105934,0.103887
0.102656,0.101366,0.089830,0.101258,0.103822,0.098007,0.106392,0.103506,0.095911,0.097251
0.096024,0.109260,0.107262,0.074939,0.112852,0.105422,0.112068,0.094369,0.112481,0.075323
0.106945,0.108188,0.112874,0.078330,0.103685,0.101217,0.101004,0.094904,0.114341,0.078514
0.113233,0.096314,0.076918,0.087852,0.110222,0.077085,0.099235,0.114610,0.108342,0.116188
0.105416,0.096381,0.090999,0.094009,0.109894,0.076949,0.094266,0.104449,0.118309,0.109327
0.103308,0.073771,0.108519,0.084329,0.106257,0.098174,0.109307,0.100764,0.111653,0.103918
0.094313,0.075372,0.105112,0.116789,0.100671,0.102212,0.075062,0.112111,0.117173,0.101185
0.104229,0.105946,0.101309,0.102395,0.100721,0.093638,0.075176,0.112010,0.104821,0.099755
0.103795,0.074269,0.104894,0.107043,0.112709,0.103737,0.074013,0.111060,0.104423,0.104057
0.105229,0.102068,0.105812,0.107840,0.098397,0.088602,0.104640,0.095989,0.093389,0.098035
0.099355,0.103530,0.094719,0.080935,0.108173,0.093435,0.106511,0.106512,0.106261,0.100571
0.108808,0.110040,0.114344,0.079087,0.111895,0.097856,0.096807,0.097206,0.104560,0.079396
0.096742,0.099682,0.101506,0.093896,0.102387,0.100404,0.103317,0.103389,0.104295,0.094382
0.104760,0.091727,0.091945,0.107262,0.101139,0.087425,0.103744,0.098970,0.107362,0.105666
0.097914,0.098816,0.095987,0.087099,0.102877,0.091612,0.106076,0.106217,0.108596,0.104806
0.100632,0.095350,0.097816,0.110763,0.104079,0.093774,0.088685,0.108242,0.103620,0.097040
0.099131,0.105872,0.097826,0.104487,0.100897,0.104507,0.105332,0.101838,0.089416,0.090692
0.105039,0.098383,0.102513,0.077251,0.105717,0.102078,0.103853,0.095813,0.106065,0.103288
0.098673,0.111501,0.082952,0.110168,0.094939,0.097681,0.091465,0.102988,0.111897,0.097738
0.099112,0.087556,0.104881,0.110468,0.095953,0.100468,0.087420,0.107627,0.110569,0.095947
0.103941,0.115821,0.100164,0.073277,0.111339,0.110066,0.090721,0.106193,0.114905,0.073573
0.096965,0.107989,0.097771,0.106728,0.104518,0.089242,0.099505,0.095165,0.096539,0.105578
0.101126,0.096051,0.105059,0.101044,0.101973,0.092541,0.089065,0.109378,0.102184,0.101578
0.107012,0.078933,0.101289,0.088209,0.103735,0.102081,0.078681,0.114833,0.117168,0.108059
0.097969,0.103297,0.094153,0.109934,0.096629,0.097771,0.091455,0.097670,0.106762,0.104360
0.104082,0.093296,0.112137,0.073653,0.107263,0.110848,0.107106,0.111894,0.105661,0.074059
0.105325,0.093833,0.102821,0.079218,0.101386,0.092194,0.106746,0.107045,0.111255,0.100177
0.105040,0.106829,0.106255,0.075410,0.109049,0.106405,0.099184,0.103882,0.112175,0.075771
0.114416,0.097364,0.109361,0.075780,0.104566,0.106914,0.108459,0.096857,0.109986,0.076296
0.104758,0.095898,0.101797,0.087963,0.103356,0.095462,0.105234,0.096101,0.105180,0.104251
0.106989,0.088328,0.097547,0.104926,0.108815,0.090699,0.093546,0.103348,0.096194,0.109608
0.105959,0.109105,0.100656,0.074962,0.102178,0.100418,0.115807,0.112018,0.103408,0.075488
0.097379,0.102830,0.102924,0.077683,0.101446,0.102325,0.103801,0.105352,0.100045,0.106214
0.110276,0.106872,0.106534,0.072229,0.106899,0.110138,0.097005,0.109608,0.107619,0.072821
0.096727,0.077013,0.103028,0.106128,0.108213,0.115555,0.076781,0.103903,0.103708,0.108946
0.108863,0.105303,0.085241,0.080170,0.104100,0.100599,0.113511,0.103322,0.099961,0.098929
0.105986,0.078286,0.107248,0.110284,0.109259,0.114425,0.077898,0.090704,0.102728,0.103183
0.098802,0.088820,0.096393,0.096339,0.102619,0.105679,0.111153,0.106818,0.096139,0.097240
0.096590,0.106671,0.090187,0.076245,0.108404,0.112093,0.111941,0.112882,0.108455,0.076532
0.103184,0.103659,0.072777,0.116352,0.099343,0.072958,0.114444,0.101548,0.110464,0.105272
0.104544,0.086664,0.106479,0.108618,0.095081,0.091198,0.105701,0.106236,0.100321,0.095156
0.096995,0.096796,0.101195,0.095918,0.100847,0.091039,0.106597,0.103559,0.104846,0.102208
0.099042,0.103732,0.093242,0.108164,0.101346,0.094056,0.101247,0.105656,0.096363,0.097153
0.096998,0.084407,0.105879,0.099311,0.097741,0.090013,0.110529,0.105696,0.105621,0.103805
0.096256,0.107297,0.102184,0.108558,0.098419,0.089960,0.085453,0.103294,0.106080,0.102497
0.100848,0.100384,0.106010,0.091448,0.097457,0.101368,0.094414,0.103248,0.106645,0.098178
0.111936,0.094643,0.074747,0.103219,0.108457,0.074912,0.108153,0.094624,0.114685,0.114624
0.095915,0.090351,0.087170,0.107887,0.104427,0.095439,0.106700,0.103975,0.106204,0.101932
0.100974,0.111390,0.096912,0.098521,0.104538,0.096317,0.094709,0.091283,0.103892,0.101464
0.096938,0.100333,0.088626,0.106321,0.097430,0.099087,0.107738,0.103419,0.105241,0.094868
0.103875,0.105582,0.074337,0.102396,0.113702,0.074528,0.117066,0.090254,0.106328,0.111934
0.099248,0.089244,0.104446,0.098346,0.100915,0.092575,0.101044,0.102007,0.107683,0.104491
0.106707,0.075180,0.110915,0.102729,0.109099,0.114488,0.074945,0.091681,0.103300,0.110955
0.102353,0.092236,0.104034,0.071399,0.098759,0.106013,0.112472,0.103459,0.099823,0.109450
0.103917,0.105325,0.101076,0.074279,0.107961,0.098362,0.111052,0.111989,0.111504,0.074535
0.104809,0.108665,0.072712,0.115861,0.106129,0.072892,0.110757,0.101273,0.101323,0.105580
0.106523,0.105104,0.095952,0.100519,0.104565,0.102664,0.070900,0.100281,0.104014,0.109480
0.104114,0.100701,0.097365,0.105372,0.099779,0.105365,0.101603,0.098900,0.093105,0.093696
0.106247,0.090900,0.095399,0.092332,0.098051,0.100159,0.107274,0.091677,0.109165,0.108795
0.102626,0.090018,0.086372,0.104902,0.105813,0.073703,0.115159,0.101282,0.116336,0.103788
0.090709,0.103931,0.069871,0.098001,0.107556,0.104875,0.102407,0.107620,0.108627,0.106403
0.106554,0.105162,0.074075,0.093092,0.112818,0.074235,0.097445,0.108569,0.113644,0.114405
0.108387,0.101267,0.106375,0.088650,0.098332,0.072047,0.108460,0.105572,0.108248,0.102662
0.090485,0.100815,0.085080,0.110775,0.102487,0.109452,0.102175,0.097781,0.101107,0.099844
0.104918,0.099721,0.108915,0.074718,0.113006,0.105741,0.098260,0.107595,0.112065,0.075060
0.101151,0.089278,0.098451,0.098988,0.103365,0.071420,0.108435,0.109151,0.111916,0.107845
0.107450,0.085704,0.106727,0.094881,0.105607,0.097079,0.111195,0.085774,0.109248,0.096335
0.105530,0.117138,0.074540,0.088339,0.103183,0.074672,0.096757,0.108878,0.116157,0.114807
0.105952,0.095241,0.095738,0.110354,0.107053,0.101381,0.102646,0.088404,0.095635,0.097597
0.111439,0.076504,0.099514,0.103122,0.106195,0.098748,0.076245,0.102708,0.113566,0.111959
0.098527,0.098234,0.091968,0.086882,0.098807,0.099601,0.104651,0.106429,0.110133,0.104769
0.101945,0.090088,0.110789,0.099179,0.106139,0.101004,0.072531,0.100389,0.110155,0.107780
0.100974,0.090985,0.103193,0.104290,0.108855,0.092472,0.111287,0.088315,0.098524,0.101104
0.111691,0.109745,0.101028,0.075787,0.102578,0.106883,0.099565,0.112959,0.103588,0.076176
0.105414,0.094667,0.076774,0.086400,0.115775,0.076924,0.109097,0.104653,0.117211,0.113086
0.102342,0.101548,0.089390,0.107983,0.103203,0.095426,0.103541,0.094679,0.106910,0.094978
0.102067,0.103711,0.097665,0.073205,0.112384,0.108790,0.114427,0.102060,0.112128,0.073563
0.105842,0.104305,0.085839,0.099656,0.108515,0.109914,0.089055,0.088891,0.101657,0.106326
0.108889,0.113651,0.108016,0.071840,0.099825,0.097030,0.114150,0.109704,0.104581,0.072315
0.114183,0.110873,0.075451,0.085677,0.101388,0.075614,0.111379,0.103423,0.115715,0.106297
0.103791,0.074268,0.105895,0.115491,0.099424,0.098644,0.073994,0.111928,0.112214,0.104349
0.106437,0.102371,0.092808,0.095636,0.100321,0.107162,0.100148,0.104246,0.094430,0.096443
0.099836,0.104633,0.105638,0.102320,0.107758,0.070238,0.111764,0.088082,0.111406,0.098326
0.104706,0.102422,0.098623,0.095584,0.094627,0.091664,0.108708,0.085280,0.110747,0.107639
0.100012,0.104720,0.097320,0.098820,0.103252,0.100876,0.093061,0.102876,0.102539,0.096523
0.099956,0.099973,0.094680,0.110551,0.105418,0.091383,0.091996,0.097509,0.100928,0.107606
0.104749,0.091818,0.075094,0.102033,0.107559,0.075287,0.116732,0.113664,0.113269,0.099795
0.097896,0.097852,0.100702,0.095522,0.100294,0.097304,0.104940,0.105323,0.094051,0.106115
0.103448,0.105700,0.106746,0.074165,0.099989,0.114643,0.106790,0.090212,0.099093,0.099214
0.103483,0.091691,0.094455,0.107265,0.099216,0.098109,0.109302,0.095677,0.105280,0.095521
0.113613,0.075298,0.106725,0.105568,0.100737,0.111718,0.075039,0.091876,0.107797,0.111630
0.096558,0.097687,0.101813,0.085735,0.104498,0.102503,0.103750,0.096239,0.107606,0.103611
0.103924,0.073115,0.105353,0.114952,0.106387,0.095667,0.072857,0.111034,0.113120,0.103590
0.111432,0.075938,0.097372,0.091044,0.100262,0.115829,0.075649,0.113051,0.117760,0.101665
0.091883,0.091189,0.096585,0.106126,0.097903,0.091587,0.111954,0.099237,0.111556,0.101981
0.098951,0.101531,0.103400,0.085967,0.096653,0.097246,0.108022,0.103942,0.106390,0.097899
0.104505,0.093306,0.102721,0.100575,0.095001,0.100113,0.086521,0.105574,0.107232,0.104451
0.107161,0.108943,0.100916,0.091039,0.097654,0.100107,0.092868,0.105479,0.096453,0.099381
0.091013,0.098890,0.094813,0.096059,0.102265,0.105293,0.109263,0.101864,0.096003,0.104538
0.098515,0.087701,0.095949,0.110873,0.095407,0.097714,0.109889,0.086976,0.111440,0.105535
0.105340,0.092436,0.075758,0.119235,0.115093,0.075935,0.099254,0.092800,0.115089,0.109061
0.107758,0.104871,0.102094,0.104274,0.108154,0.091271,0.106549,0.085287,0.094442,0.095299
0.108098,0.109217,0.092567,0.079585,0.102031,0.107823,0.086701,0.101614,0.105239,0.107126
0.096981,0.097219,0.098769,0.101413,0.100501,0.101362,0.106489,0.087336,0.105669,0.104260
0.097108,0.100602,0.104203,0.106411,0.103966,0.096032,0.103910,0.099000,0.091913,0.096854
0.102998,0.097223,0.097723,0.071681,0.109911,0.101981,0.095333,0.105082,0.113747,0.104321
0.103627,0.094326,0.088571,0.084055,0.107005,0.096515,0.109797,0.106147,0.105290,0.104667
0.098263,0.110866,0.102816,0.076994,0.104747,0.113795,0.100668,0.096443,0.118041,0.077366
0.097389,0.102003,0.101480,0.094968,0.105207,0.098836,0.105250,0.095971,0.100115,0.098782
0.100994,0.089843,0.098453,0.098504,0.110400,0.106480,0.094841,0.088989,0.109089,0.102407
0.088582,0.108851,0.098738,0.101727,0.105005,0.088444,0.104631,0.099525,0.099852,0.104645
0.094825,0.090267,0.099542,0.101787,0.104502,0.095836,0.102783,0.099782,0.108360,0.102317
0.112304,0.104439,0.107180,0.072904,0.106483,0.110392,0.106281,0.106502,0.100132,0.073382
0.104703,0.115619,0.099779,0.074469,0.106862,0.099720,0.098290,0.112534,0.113108,0.074915
0.106553,0.106451,0.075986,0.115796,0.102188,0.076140,0.094123,0.113425,0.102212,0.107127
0.103296,0.091148,0.094914,0.103685,0.099402,0.101418,0.103933,0.090665,0.109383,0.102154
0.099331,0.104420,0.084354,0.099583,0.102675,0.100037,0.107008,0.103351,0.098407,0.100832
0.102149,0.074531,0.109753,0.108061,0.112913,0.110592,0.074270,0.101251,0.106404,0.100077
0.102828,0.102047,0.094487,0.107077,0.098059,0.103473,0.103294,0.084275,0.109100,0.095360
0.096854,0.112422,0.076537,0.087733,0.103609,0.076716,0.113231,0.110209,0.115352,0.107339
0.099552,0.089733,0.106806,0.098436,0.096609,0.094289,0.092749,0.106145,0.107774,0.107907
0.103296,0.100639,0.090048,0.097987,0.097237,0.106039,0.106288,0.095749,0.099026,0.103691
0.111601,0.105596,0.074669,0.109795,0.107532,0.074847,0.107661,0.101679,0.105247,0.101371
0.108444,0.069825,0.102947,0.101329,0.102574,0.100536,0.102387,0.107517,0.102392,0.102050
0.110813,0.075256,0.106249,0.102647,0.112597,0.097890,0.075013,0.111464,0.102790,0.105281
0.097958,0.103166,0.091278,0.107878,0.105028,0.099305,0.105236,0.087414,0.107234,0.095503
0.112510,0.093591,0.089480,0.077693,0.107844,0.099063,0.113385,0.109501,0.119168,0.077765
0.104707,0.102367,0.104663,0.097891,0.105243,0.099730,0.092208,0.089060,0.105012,0.099119
0.107102,0.089509,0.102925,0.102245,0.098924,0.094070,0.094226,0.107505,0.100508,0.102987
0.106027,0.102525,0.109977,0.078097,0.110783,0.095863,0.100259,0.104192,0.113953,0.078325
0.097743,0.098292,0.093826,0.095089,0.106664,0.097654,0.109333,0.100876,0.093790,0.106733
0.109641,0.074013,0.097268,0.102918,0.103314,0.109943,0.073804,0.110904,0.113993,0.104202
0.094285,0.116337,0.074530,0.101432,0.114051,0.074677,0.097055,0.102896,0.113531,0.111206
0.107177,0.106635,0.098086,0.112990,0.098999,0.070911,0.108487,0.089504,0.104001,0.103211
0.106140,0.105459,0.069330,0.113362,0.098960,0.069513,0.113716,0.108833,0.113522,0.101166
0.098496,0.099424,0.092926,0.098236,0.101771,0.099915,0.105584,0.086908,0.110365,0.106376
0.106600,0.089106,0.070099,0.099887,0.108089,0.100178,0.103359,0.103499,0.109318,0.109865
0.100450,0.098350,0.087481,0.104498,0.097297,0.104644,0.104967,0.096983,0.104722,0.100609
0.096785,0.091458,0.082189,0.108231,0.100670,0.106986,0.104370,0.099626,0.105189,0.104496
0.097534,0.086020,0.107369,0.109541,0.094199,0.103850,0.105903,0.106932,0.093822,0.094832
0.087750,0.103214,0.095885,0.104335,0.105747,0.097252,0.110903,0.102910,0.094691,0.097313
0.103819,0.104482,0.107625,0.073802,0.106718,0.104942,0.106940,0.112112,0.105377,0.074183
0.102906,0.108826,0.073165,0.105784,0.113190,0.073305,0.106144,0.101851,0.114261,0.100569
0.097364,0.092438,0.094887,0.095925,0.106179,0.096983,0.104886,0.099991,0.107223,0.104123
0.107802,0.105723,0.094485,0.088974,0.100011,0.101346,0.094846,0.104295,0.100536,0.101982
0.112022,0.115467,0.072839,0.107759,0.098478,0.073035,0.109946,0.110730,0.102770,0.096955
0.104431,0.077718,0.090234,0.106892,0.110470,0.099759,0.077433,0.109787,0.116207,0.107069
0.104321,0.104077,0.073687,0.114462,0.105807,0.073833,0.096418,0.102276,0.111064,0.114055
0.109888,0.109112,0.078552,0.098549,0.105005,0.078714,0.101456,0.097810,0.106555,0.114360
0.109307,0.102469,0.098309,0.100378,0.098256,0.110863,0.089391,0.089688,0.103884,0.097457
0.103866,0.075518,0.106762,0.116725,0.099820,0.104502,0.075173,0.090417,0.112193,0.115024
0.104179,0.075380,0.110328,0.104481,0.107570,0.099485,0.075136,0.112307,0.105708,0.105426
0.103161,0.097701,0.082254,0.107843,0.100517,0.097531,0.103405,0.099619,0.104590,0.103379
0.105198,0.117540,0.102085,0.075482,0.112892,0.103705,0.097720,0.091680,0.117957,0.075740
0.090041,0.100015,0.103943,0.087534,0.104132,0.092381,0.102393,0.107607,0.111695,0.100260
0.099859,0.104042,0.093818,0.091010,0.098409,0.102771,0.089355,0.107905,0.106663,0.106168
0.101746,0.095596,0.089256,0.097693,0.093420,0.100632,0.107671,0.103904,0.107854,0.102230
0.108536,0.096097,0.110896,0.079226,0.104245,0.096928,0.114193,0.106103,0.104294,0.079482
0.104274,0.096592,0.099155,0.096325,0.103925,0.105147,0.098319,0.096857,0.104905,0.094500
0.089487,0.100003,0.092165,0.104253,0.107747,0.098055,0.105887,0.102375,0.100074,0.099953
0.097578,0.098798,0.103859,0.095661,0.095019,0.091778,0.107173,0.097716,0.106793,0.105625
0.103977,0.111093,0.107839,0.075224,0.102048,0.098200,0.111280,0.112898,0.101904,0.075537
0.101653,0.102401,0.086646,0.088773,0.101675,0.094226,0.107376,0.108590,0.109061,0.099599
0.103211,0.103093,0.096088,0.072335,0.107388,0.102738,0.108506,0.092778,0.109280,0.104584
0.100244,0.101143,0.101714,0.081645,0.100811,0.095204,0.106780,0.102464,0.108584,0.101410
0.097949,0.107659,0.098251,0.095456,0.104187,0.098748,0.107925,0.086112,0.106713,0.097000
0.096948,0.097899,0.089980,0.103512,0.104318,0.097833,0.091663,0.104830,0.106910,0.106106
0.111712,0.106618,0.099064,0.074848,0.105631,0.112192,0.108263,0.094064,0.112372,0.075234
0.098355,0.099040,0.103814,0.110757,0.099760,0.100509,0.086576,0.086291,0.110342,0.104557
0.089736,0.093225,0.098981,0.109126,0.106634,0.092906,0.104192,0.100703,0.100220,0.104277
0.098938,0.088083,0.094431,0.108342,0.096495,0.108599,0.092595,0.101100,0.106657,0.104761
0.112308,0.091851,0.096892,0.072912,0.110918,0.113784,0.110508,0.105716,0.111815,0.073297
0.100311,0.088238,0.097418,0.098380,0.107642,0.105113,0.107445,0.102822,0.096072,0.096558
0.106680,0.094556,0.076449,0.116537,0.102263,0.076613,0.094046,0.114409,0.102454,0.115993
0.094081,0.106733,0.098029,0.106224,0.103269,0.100279,0.106440,0.097535,0.094351,0.093059
0.104084,0.103063,0.110372,0.071939,0.110435,0.109806,0.096037,0.110389,0.111572,0.072305
0.102973,0.108679,0.072895,0.102581,0.102745,0.073065,0.110783,0.111441,0.116031,0.098807
0.102394,0.098151,0.101493,0.092764,0.099921,0.103757,0.103817,0.101038,0.102024,0.094642
0.101033,0.105359,0.105583,0.090850,0.105531,0.094404,0.090392,0.091573,0.107807,0.107468
0.093290,0.103938,0.095696,0.113167,0.099329,0.101726,0.090468,0.100515,0.103868,0.098005
0.104307,0.099607,0.102606,0.095376,0.099148,0.108438,0.087234,0.097271,0.106576,0.099438
0.098409,0.109233,0.093590,0.098324,0.106440,0.091736,0.087830,0.105585,0.101854,0.106999
0.104509,0.078488,0.103705,0.088863,0.102686,0.100525,0.078163,0.110884,0.116976,0.115201
0.096717,0.100030,0.075068,0.103480,0.108858,0.075243,0.108342,0.109275,0.114822,0.108165
0.111646,0.111502,0.075781,0.105432,0.108513,0.075956,0.092765,0.113843,0.101651,0.102912
0.105940,0.075816,0.109747,0.104284,0.113936,0.103782,0.075573,0.108606,0.101090,0.101226
0.106527,0.078671,0.115663,0.088410,0.115906,0.096046,0.078377,0.094762,0.114881,0.110757
0.105675,0.077760,0.099606,0.106250,0.101698,0.099165,0.077452,0.102943,0.116729,0.112722
0.100279,0.104108,0.093118,0.105188,0.100113,0.093838,0.106405,0.087385,0.108915,0.100651
0.109213,0.106894,0.104166,0.072485,0.105435,0.097432,0.109803,0.110003,0.111615,0.072953
0.104402,0.099287,0.074410,0.094712,0.112824,0.105193,0.097646,0.103089,0.107469,0.100967
0.106367,0.097063,0.107396,0.077065,0.109066,0.101484,0.112137,0.108722,0.103222,0.077477
0.097692,0.102745,0.102030,0.108002,0.100347,0.108089,0.091263,0.096346,0.098713,0.094772
0.105942,0.111953,0.084628,0.099646,0.103659,0.070164,0.107018,0.098000,0.112438,0.106553
0.099569,0.099762,0.101598,0.099433,0.097811,0.093562,0.101738,0.106167,0.102775,0.097583
0.101037,0.102035,0.096936,0.103835,0.108473,0.103284,0.071639,0.100268,0.110381,0.102111
0.105479,0.095795,0.107635,0.075891,0.108930,0.106928,0.094471,0.113420,0.115125,0.076325
0.096769,0.097087,0.091908,0.105626,0.099506,0.105842,0.103351,0.097242,0.105531,0.097138
0.108993,0.106492,0.072151,0.101976,0.111685,0.093828,0.095458,0.091423,0.109228,0.108766
0.108564,0.111056,0.101239,0.089844,0.096875,0.099056,0.093005,0.107128,0.095723,0.097509
0.112494,0.076403,0.087961,0.104528,0.108338,0.109892,0.076105,0.108287,0.114518,0.101473
0.100002,0.091393,0.104526,0.111896,0.103841,0.094289,0.094190,0.091405,0.099463,0.108995
0.102022,0.098959,0.101185,0.107028,0.102905,0.090455,0.089459,0.102055,0.103627,0.102305
0.104098,0.075311,0.098010,0.102051,0.104689,0.109037,0.075055,0.112751,0.111839,0.107159
0.101458,0.071959,0.109889,0.106135,0.103485,0.112483,0.071731,0.109248,0.110981,0.102632
0.103838,0.098205,0.095856,0.073354,0.111066,0.114531,0.111234,0.102181,0.115998,0.073738
0.104873,0.098924,0.103958,0.087542,0.098194,0.098855,0.091182,0.105902,0.106291,0.104280
0.098391,0.102801,0.103608,0.107305,0.104974,0.093133,0.092443,0.098073,0.095348,0.103926
0.097755,0.098949,0.093914,0.096259,0.098787,0.108868,0.105971,0.101984,0.099943,0.097569
0.100177,0.099836,0.093327,0.100340,0.106146,0.093995,0.104400,0.098447,0.106841,0.096491
0.097101,0.100740,0.103167,0.076946,0.115296,0.112907,0.112976,0.093751,0.109896,0.077219
0.093434,0.108986,0.075254,0.109251,0.104480,0.075428,0.118379,0.112602,0.100743,0.101442
0.105905,0.094020,0.076871,0.117630,0.108302,0.077048,0.113211,0.104318,0.101898,0.100798
0.106988,0.077070,0.090723,0.104320,0.111128,0.095436,0.076814,0.113184,0.114902,0.109435
0.113442,0.076629,0.101931,0.102495,0.114577,0.093124,0.076302,0.102707,0.116178,0.102615
0.112622,0.074907,0.098699,0.103290,0.113008,0.099894,0.074709,0.101584,0.108135,0.113152
0.109435,0.081569,0.102291,0.109394,0.104227,0.097276,0.081194,0.094588,0.105356,0.114671
0.104629,0.105981,0.113056,0.074555,0.104667,0.115399,0.097765,0.092337,0.116755,0.074855
