0.108268,0.108995,0.101724,0.088678,0.106875,0.079867,0.101305,0.111165,0.098951,0.094172
0.112086,0.114052,0.118958,0.024232,0.118478,0.100541,0.102906,0.111431,0.104455,0.092860
0.120270,0.030068,0.115605,0.077789,0.132093,0.124612,0.027114,0.121514,0.121792,0.129143
0.108149,0.105320,0.099424,0.071752,0.109156,0.092328,0.108830,0.086649,0.109771,0.108620
0.099529,0.073504,0.088046,0.108539,0.122283,0.103788,0.114449,0.069374,0.107590,0.112898
0.102608,0.119068,0.111295,0.025833,0.127531,0.120948,0.121286,0.121139,0.124930,0.025362
0.087901,0.112788,0.102976,0.110317,0.116220,0.087397,0.073550,0.077518,0.114162,0.117171
0.100267,0.113288,0.085600,0.095211,0.111389,0.108600,0.084640,0.068925,0.116314,0.115766
0.080364,0.103307,0.097647,0.101504,0.089316,0.108315,0.103898,0.102759,0.105297,0.107593
0.109286,0.110331,0.104474,0.061988,0.091705,0.112392,0.078871,0.111710,0.110418,0.108826
0.105652,0.103292,0.095837,0.096863,0.101357,0.090305,0.103922,0.103430,0.103132,0.096210
0.122832,0.122930,0.117945,0.026626,0.129760,0.089424,0.121705,0.124367,0.118349,0.026062
0.091458,0.108437,0.082692,0.089504,0.095319,0.104931,0.108205,0.108341,0.105707,0.105405
0.105815,0.105878,0.096292,0.068555,0.110873,0.026684,0.117594,0.119888,0.128149,0.120271
0.095287,0.111514,0.106427,0.066032,0.115809,0.107298,0.076342,0.108956,0.099840,0.112495
0.106259,0.107953,0.094584,0.064624,0.112168,0.092653,0.103075,0.105428,0.109471,0.103786
0.125053,0.129853,0.120962,0.026988,0.110005,0.122389,0.132878,0.075002,0.130399,0.026469
0.102553,0.086902,0.095647,0.085440,0.109314,0.108892,0.094041,0.100503,0.107178,0.109531
0.129018,0.083445,0.099150,0.027475,0.126694,0.106014,0.136003,0.130070,0.134987,0.027145
0.091791,0.100743,0.089629,0.095530,0.105466,0.099173,0.105414,0.103651,0.104830,0.103772
0.128461,0.121180,0.026111,0.117987,0.115137,0.026090,0.086144,0.121528,0.128130,0.129233
0.118837,0.085446,0.118628,0.028161,0.130139,0.130585,0.092156,0.137066,0.131064,0.027917
0.111582,0.096443,0.120705,0.027129,0.122462,0.122451,0.118867,0.123362,0.130441,0.026559
0.128125,0.084569,0.102419,0.029147,0.118560,0.105652,0.137769,0.135836,0.129467,0.028457
0.106424,0.031768,0.117998,0.128623,0.100910,0.142288,0.028624,0.077074,0.138279,0.128012
0.099654,0.129652,0.096499,0.104145,0.133110,0.026730,0.094424,0.075527,0.123808,0.116450
0.131888,0.031380,0.117171,0.124183,0.116774,0.108807,0.028306,0.077883,0.127494,0.136113
0.123589,0.122489,0.024857,0.117361,0.116370,0.025246,0.108075,0.116835,0.122946,0.122232
0.103801,0.099760,0.122973,0.057032,0.092251,0.114437,0.116892,0.069227,0.120018,0.103608
0.100552,0.102445,0.090545,0.103087,0.083575,0.099372,0.107408,0.102850,0.104733,0.105433
0.125071,0.075906,0.115558,0.097515,0.104360,0.099052,0.025784,0.124536,0.109410,0.122808
0.120813,0.117186,0.111732,0.065098,0.113696,0.094933,0.079613,0.071995,0.104893,0.120041
0.093609,0.112159,0.089503,0.073907,0.109017,0.090399,0.115175,0.090391,0.111015,0.114825
0.120976,0.075284,0.103261,0.063260,0.121530,0.092729,0.078841,0.115096,0.106942,0.122081
0.105521,0.106299,0.098104,0.067009,0.092778,0.105233,0.096268,0.108145,0.109431,0.111212
0.109967,0.119415,0.029633,0.065196,0.138580,0.030023,0.093675,0.132880,0.130911,0.149720
0.105468,0.133922,0.028164,0.133268,0.118443,0.028452,0.089382,0.107422,0.128448,0.127029
0.109657,0.110528,0.102874,0.105738,0.113839,0.088577,0.084186,0.074276,0.101675,0.108650
0.097416,0.117949,0.025023,0.117360,0.125408,0.093194,0.082816,0.097313,0.121542,0.121980
0.094349,0.109880,0.100370,0.072790,0.115345,0.106974,0.115066,0.070064,0.112863,0.102299
0.109697,0.108514,0.100825,0.097911,0.084377,0.080002,0.106698,0.104275,0.096939,0.110763
0.100970,0.102676,0.089352,0.096410,0.104601,0.104956,0.096321,0.099347,0.099754,0.105614
0.096062,0.112200,0.089535,0.075700,0.111280,0.097434,0.086062,0.114047,0.113481,0.104200
0.107842,0.119372,0.126538,0.025675,0.126178,0.101017,0.126649,0.117331,0.124130,0.025267
0.095372,0.110798,0.089033,0.074120,0.092805,0.087957,0.111578,0.113814,0.110691,0.113833
0.091743,0.095091,0.088306,0.071726,0.099977,0.090829,0.114331,0.117436,0.112787,0.117774
0.096280,0.110980,0.107582,0.095777,0.116431,0.109562,0.084757,0.069005,0.109675,0.099951
0.111650,0.105978,0.122516,0.029837,0.123146,0.136415,0.136801,0.082434,0.122077,0.029145
0.130797,0.132801,0.124261,0.028885,0.141402,0.106892,0.091684,0.082639,0.132485,0.028155
0.102092,0.030757,0.107002,0.102597,0.124240,0.112688,0.027617,0.129061,0.132356,0.131590
0.109450,0.092173,0.115234,0.100947,0.096090,0.110018,0.115137,0.065439,0.100549,0.094963
0.104553,0.106640,0.093799,0.090281,0.111573,0.104710,0.097701,0.086065,0.109635,0.095041
0.088022,0.087305,0.105468,0.102535,0.097438,0.111155,0.103815,0.077993,0.112532,0.113737
0.121087,0.120556,0.025317,0.114494,0.126876,0.025565,0.122933,0.114165,0.122665,0.106342
0.109504,0.073621,0.098526,0.106548,0.115900,0.095521,0.078790,0.109826,0.112277,0.099487
0.118851,0.113738,0.108871,0.108965,0.110748,0.024264,0.077021,0.111476,0.118259,0.107808
0.111745,0.109319,0.101899,0.070541,0.114991,0.106109,0.099540,0.068797,0.110431,0.106628
0.097544,0.116840,0.086591,0.106357,0.118552,0.086924,0.119271,0.068832,0.105012,0.094077
0.102426,0.031786,0.114308,0.127342,0.138753,0.103878,0.028568,0.077573,0.138317,0.137049
0.107451,0.137335,0.105716,0.029530,0.106283,0.108959,0.102783,0.132697,0.140317,0.028930
0.126099,0.120231,0.025332,0.115151,0.127567,0.025685,0.118697,0.121976,0.111666,0.107598
0.109803,0.108743,0.083650,0.103585,0.098025,0.083935,0.074090,0.110531,0.114107,0.113531
0.127076,0.030536,0.117494,0.120903,0.111782,0.100673,0.027455,0.128796,0.117051,0.118234
0.126830,0.127689,0.121836,0.027444,0.133301,0.125406,0.118588,0.075056,0.116917,0.026934
0.128587,0.030840,0.115742,0.124886,0.096456,0.097877,0.027797,0.134568,0.132289,0.110958
0.125206,0.104017,0.026114,0.118631,0.108191,0.026540,0.112044,0.116235,0.129026,0.133997
0.096880,0.030915,0.123980,0.125095,0.110178,0.103246,0.027901,0.134933,0.135885,0.110987
0.135156,0.081735,0.123873,0.028095,0.115600,0.094723,0.128244,0.130958,0.134273,0.027343
0.089288,0.106749,0.099704,0.104464,0.103245,0.084511,0.105210,0.101840,0.094286,0.110703
0.105817,0.123402,0.114316,0.026717,0.130526,0.110177,0.082730,0.073103,0.114385,0.118827
0.118745,0.075678,0.090675,0.097715,0.094519,0.112624,0.108122,0.087834,0.113735,0.100351
0.135147,0.136698,0.028744,0.066201,0.142903,0.029050,0.091503,0.137545,0.119851,0.112357
0.085077,0.103114,0.093280,0.086268,0.107647,0.100914,0.107207,0.105953,0.104606,0.105936
0.123541,0.130084,0.026335,0.115210,0.111066,0.026713,0.083924,0.123351,0.130259,0.129517
0.115484,0.090694,0.101639,0.110391,0.122968,0.024689,0.113181,0.113116,0.113581,0.094257
0.104335,0.072835,0.112615,0.097032,0.103632,0.086587,0.078951,0.116849,0.122741,0.104421
0.095326,0.029617,0.118858,0.114453,0.121798,0.122421,0.026667,0.128948,0.109028,0.132883
0.107904,0.111369,0.106172,0.073711,0.096874,0.087617,0.083843,0.105725,0.112997,0.113788
0.106804,0.126326,0.027071,0.082553,0.132898,0.026968,0.119950,0.130686,0.113525,0.133219
0.113206,0.083121,0.098059,0.070943,0.110169,0.108306,0.095404,0.077954,0.126246,0.116592
0.088515,0.106995,0.083548,0.103812,0.105557,0.083061,0.102072,0.107972,0.105223,0.113246
0.107277,0.105861,0.102026,0.106629,0.110945,0.093019,0.074788,0.087786,0.111028,0.100641
0.084980,0.106586,0.100598,0.101105,0.093254,0.089110,0.103197,0.102849,0.109340,0.108982
0.100540,0.073676,0.087902,0.105728,0.098666,0.098130,0.105878,0.109750,0.111433,0.108297
0.134001,0.127706,0.027013,0.127654,0.112339,0.027221,0.096080,0.122203,0.112514,0.113269
0.116045,0.128543,0.027371,0.062627,0.128536,0.027747,0.137530,0.128570,0.135249,0.107781
0.110218,0.129400,0.109928,0.026978,0.095618,0.123020,0.123120,0.126196,0.129077,0.026444
0.091804,0.111959,0.083236,0.102192,0.106528,0.092045,0.108734,0.086427,0.111085,0.105990
0.106203,0.076707,0.092088,0.076291,0.095769,0.094106,0.108886,0.118843,0.121557,0.109550
0.131523,0.130322,0.101265,0.028021,0.117936,0.101631,0.090592,0.135886,0.135229,0.027595
0.131988,0.031357,0.098008,0.124377,0.117702,0.130998,0.028260,0.079394,0.117071,0.140846
0.088237,0.104866,0.093849,0.100308,0.111512,0.087184,0.096843,0.103046,0.104487,0.109668
0.091436,0.094794,0.098335,0.092312,0.117568,0.109393,0.075330,0.106703,0.115594,0.098534
0.113221,0.028241,0.107103,0.118153,0.124119,0.115088,0.025362,0.122253,0.121835,0.124624
0.090500,0.090857,0.100903,0.102681,0.110195,0.102003,0.079971,0.106402,0.107818,0.108670
0.128892,0.030794,0.097892,0.080951,0.101768,0.137331,0.027823,0.130252,0.126316,0.137982
0.087108,0.105875,0.103375,0.106058,0.096020,0.103774,0.080572,0.106891,0.105781,0.104546
0.099732,0.113159,0.106521,0.060845,0.102612,0.110962,0.076857,0.110396,0.114938,0.103978
0.114380,0.087196,0.084846,0.101067,0.086830,0.097124,0.115614,0.110276,0.107244,0.095421
0.123858,0.077810,0.026089,0.125231,0.131828,0.026533,0.124393,0.122703,0.129138,0.112418
0.114840,0.108454,0.106953,0.030177,0.126513,0.104385,0.094250,0.138706,0.146268,0.029455
0.128279,0.112302,0.103528,0.028107,0.107027,0.112154,0.139118,0.106896,0.134810,0.027779
0.104938,0.110162,0.084274,0.103573,0.113698,0.096437,0.106522,0.067337,0.106918,0.106140
0.107968,0.106800,0.083018,0.107411,0.094755,0.083402,0.111039,0.105669,0.111088,0.088851
0.108281,0.027054,0.103456,0.091562,0.111694,0.088226,0.119450,0.113602,0.117382,0.119292
0.124548,0.030116,0.106454,0.120858,0.131249,0.095857,0.027087,0.123803,0.130844,0.109184
0.124064,0.122472,0.026048,0.078800,0.128907,0.026169,0.116235,0.127643,0.119511,0.130152
0.105301,0.088108,0.092882,0.096002,0.093637,0.101264,0.104364,0.100685,0.106960,0.110799
0.094260,0.120136,0.101604,0.095166,0.088628,0.024641,0.117098,0.113871,0.120298,0.124298
0.136191,0.131593,0.103649,0.027600,0.119684,0.102778,0.092907,0.128355,0.129862,0.027382
0.107143,0.093028,0.103508,0.061054,0.107736,0.113158,0.082261,0.106813,0.112368,0.112931
0.096781,0.124098,0.026406,0.119464,0.108869,0.026733,0.133454,0.123561,0.130111,0.110523
0.104818,0.103839,0.102277,0.100121,0.109226,0.094624,0.081473,0.087393,0.105624,0.110605
0.082779,0.089689,0.112499,0.099465,0.111110,0.094244,0.106904,0.106823,0.110223,0.086264
0.115976,0.076290,0.089328,0.109555,0.120202,0.090723,0.080028,0.094170,0.120106,0.103624
0.115499,0.113868,0.101751,0.059478,0.100790,0.114856,0.120928,0.068605,0.105141,0.099083
0.115560,0.031533,0.125903,0.122242,0.138934,0.116084,0.028354,0.075071,0.120704,0.125614
0.127844,0.122350,0.025738,0.098904,0.119142,0.026198,0.114829,0.120980,0.113502,0.130513
0.130816,0.125686,0.026471,0.120392,0.109852,0.026675,0.127728,0.099550,0.123161,0.109670
0.117999,0.126666,0.095755,0.078487,0.110013,0.096842,0.026504,0.119912,0.121299,0.106523
0.107552,0.108999,0.095771,0.102806,0.096054,0.086225,0.099173,0.105175,0.098801,0.099445
0.114771,0.126142,0.098915,0.026656,0.125979,0.133496,0.096663,0.125282,0.125577,0.026519
0.097258,0.031120,0.138325,0.128927,0.134722,0.101528,0.027991,0.073028,0.134903,0.132197
0.112684,0.139605,0.029679,0.069832,0.125789,0.029919,0.096047,0.139321,0.123876,0.133248
0.121236,0.123602,0.025597,0.112458,0.094481,0.025922,0.122436,0.123116,0.125731,0.125421
0.093376,0.104715,0.081581,0.102742,0.099710,0.103131,0.100448,0.102144,0.106331,0.105821
0.106568,0.109138,0.097808,0.101576,0.102984,0.095140,0.072653,0.106712,0.107050,0.100370
0.132344,0.106654,0.026616,0.115284,0.109117,0.027056,0.128154,0.124807,0.117201,0.112768
0.113868,0.114228,0.089951,0.066130,0.103838,0.111312,0.077322,0.111045,0.113002,0.099303
0.098130,0.076808,0.108151,0.112992,0.106517,0.125553,0.025701,0.116080,0.107680,0.122388
0.105308,0.107805,0.096915,0.103508,0.103820,0.102263,0.101854,0.084001,0.096722,0.097804
0.110515,0.090972,0.100498,0.113171,0.102934,0.110779,0.085517,0.068730,0.116913,0.099970
0.138639,0.137077,0.028946,0.087221,0.134207,0.029272,0.091211,0.079716,0.127719,0.145991
0.112068,0.098039,0.102145,0.117226,0.090822,0.091668,0.106020,0.068841,0.118331,0.094838
0.102076,0.126848,0.111638,0.026746,0.131340,0.123909,0.095357,0.124414,0.131351,0.026320
0.104050,0.031209,0.098968,0.131695,0.117735,0.109148,0.028145,0.136163,0.127869,0.115018
0.095037,0.094628,0.089558,0.097873,0.123211,0.113786,0.080913,0.072002,0.113110,0.119879
0.100774,0.029789,0.110750,0.125408,0.132393,0.096081,0.026847,0.125808,0.123058,0.129092
0.104215,0.125667,0.117818,0.026877,0.130290,0.096467,0.125204,0.121355,0.125914,0.026191
0.124604,0.107243,0.029305,0.066450,0.145722,0.029633,0.105461,0.132132,0.144014,0.115436
0.095025,0.110641,0.088708,0.105515,0.093197,0.094958,0.105279,0.087505,0.111055,0.108116
0.106459,0.093778,0.105147,0.065404,0.113416,0.094711,0.100967,0.107439,0.100024,0.112655
0.107126,0.107640,0.100958,0.070370,0.112323,0.104061,0.101452,0.081125,0.109333,0.105612
0.099732,0.127631,0.111801,0.026919,0.110589,0.132170,0.111913,0.125034,0.128141,0.026070
0.109852,0.110883,0.100589,0.111639,0.118145,0.088000,0.075165,0.068381,0.103074,0.114273
0.097263,0.093386,0.104560,0.107861,0.106209,0.090049,0.073481,0.106286,0.106304,0.114601
0.111764,0.115399,0.106489,0.074432,0.102254,0.095696,0.086752,0.092634,0.119453,0.095126
0.125304,0.123684,0.120750,0.026665,0.130957,0.104930,0.086392,0.125900,0.129360,0.026059
0.129009,0.099100,0.026968,0.123146,0.135771,0.027227,0.135692,0.075498,0.133397,0.114192
0.096812,0.069300,0.083958,0.103204,0.095749,0.108156,0.112289,0.107764,0.109835,0.112932
0.100930,0.125122,0.118416,0.026735,0.130349,0.120718,0.125007,0.098523,0.128160,0.026040
0.124674,0.104730,0.119113,0.026649,0.131186,0.124538,0.093311,0.121554,0.128164,0.026079
0.135026,0.030902,0.093729,0.119427,0.112129,0.114071,0.027825,0.127176,0.127077,0.112637
0.134684,0.079645,0.027153,0.128767,0.096609,0.027381,0.136955,0.130550,0.126062,0.112193
0.092976,0.029650,0.116898,0.118798,0.128838,0.122403,0.026689,0.125501,0.129128,0.109119
0.091179,0.105089,0.083133,0.105029,0.103913,0.091874,0.102119,0.104195,0.105286,0.108182
0.129237,0.130694,0.124137,0.028145,0.127427,0.094558,0.127987,0.075722,0.134469,0.027625
0.122652,0.124386,0.095669,0.025886,0.109275,0.123314,0.122815,0.122815,0.127337,0.025852
0.109708,0.109401,0.115567,0.110774,0.098751,0.094041,0.075897,0.068064,0.101918,0.115880
0.109191,0.029522,0.118535,0.062440,0.108128,0.130764,0.121134,0.073446,0.127126,0.119715
0.120567,0.029310,0.115758,0.098066,0.128950,0.119635,0.026334,0.123457,0.124459,0.113464
0.131388,0.032778,0.146834,0.083842,0.144462,0.103431,0.029574,0.079853,0.130251,0.117586
0.131051,0.032326,0.100545,0.134593,0.104953,0.120126,0.029028,0.080087,0.141214,0.126076
0.110066,0.087779,0.023251,0.110873,0.101870,0.108262,0.116265,0.110745,0.113302,0.117586
0.119364,0.121740,0.025325,0.114146,0.107870,0.025498,0.127187,0.117830,0.117763,0.123277
0.099681,0.030712,0.122851,0.121518,0.127681,0.093419,0.027623,0.129527,0.123357,0.123629
0.134897,0.133475,0.123926,0.027822,0.126447,0.129516,0.086528,0.076554,0.133628,0.027206
0.125503,0.124232,0.026460,0.117530,0.123343,0.026627,0.088504,0.128322,0.110857,0.128622
0.118757,0.119882,0.024923,0.114910,0.114842,0.025183,0.113961,0.119485,0.122861,0.125196
0.109870,0.029799,0.119003,0.119149,0.131873,0.098476,0.026784,0.123017,0.126688,0.115341
0.110340,0.108385,0.105351,0.066133,0.105283,0.097035,0.083652,0.110182,0.108145,0.105493
0.130546,0.100955,0.131098,0.029676,0.120502,0.103985,0.122945,0.106796,0.124663,0.028835
0.124681,0.029587,0.110079,0.077012,0.130142,0.132027,0.026715,0.125264,0.113356,0.131136
0.122584,0.030574,0.123082,0.127105,0.109329,0.136623,0.027487,0.072386,0.119913,0.130917
0.107915,0.103629,0.099728,0.098952,0.092342,0.092967,0.099253,0.106634,0.106200,0.092378
0.107350,0.123419,0.106816,0.025464,0.125376,0.126840,0.112938,0.123671,0.122983,0.025142
0.100312,0.102897,0.099121,0.099622,0.107677,0.103950,0.078490,0.100978,0.105653,0.101301
0.130668,0.031523,0.120265,0.081257,0.100267,0.129381,0.028389,0.126462,0.136892,0.114895
0.121132,0.114189,0.024461,0.115048,0.122486,0.024553,0.117448,0.116726,0.120212,0.123745
0.105822,0.105987,0.102408,0.101721,0.099412,0.101870,0.076713,0.087507,0.109892,0.108667
0.116270,0.119029,0.111946,0.025093,0.122339,0.124243,0.123503,0.112331,0.120551,0.024695
0.109925,0.141154,0.135019,0.030585,0.137916,0.103735,0.094161,0.082326,0.135381,0.029798
0.086436,0.101045,0.097805,0.096992,0.105943,0.107051,0.101870,0.101041,0.101244,0.100571
0.125233,0.030643,0.121884,0.101425,0.112790,0.126018,0.027584,0.126073,0.117202,0.111148
0.107314,0.029609,0.118817,0.122855,0.105296,0.132156,0.026621,0.121138,0.127982,0.108212
0.109567,0.072390,0.113560,0.104554,0.105999,0.086185,0.077367,0.109247,0.107081,0.114050
0.129552,0.029520,0.093603,0.123749,0.130437,0.103298,0.026637,0.124989,0.130032,0.108183
0.103349,0.104752,0.098779,0.097016,0.109884,0.078864,0.104650,0.101051,0.104918,0.096737
0.141100,0.136478,0.028394,0.086158,0.140795,0.028543,0.090060,0.080553,0.125305,0.142614
0.120517,0.117024,0.110431,0.024572,0.092466,0.112667,0.117453,0.070958,0.120947,0.112965
0.131904,0.129450,0.115617,0.028311,0.115981,0.098243,0.088355,0.128827,0.135725,0.027587
0.111259,0.109490,0.023663,0.104428,0.115470,0.094366,0.116097,0.110907,0.115526,0.098792
0.108589,0.095442,0.099555,0.063319,0.091828,0.096177,0.109400,0.111697,0.114412,0.109582
0.105995,0.086376,0.133094,0.030332,0.137372,0.109053,0.090915,0.144653,0.132717,0.029493
0.081343,0.103515,0.107340,0.097766,0.106728,0.102490,0.099967,0.105486,0.106294,0.089070
0.119644,0.132147,0.118072,0.028472,0.141130,0.111401,0.101062,0.081759,0.138395,0.027919
0.122047,0.030412,0.117038,0.127821,0.134002,0.124316,0.027360,0.074437,0.112136,0.130431
0.093493,0.094479,0.099591,0.103057,0.096792,0.097573,0.083591,0.111500,0.108371,0.111554
0.107572,0.026706,0.106107,0.112117,0.097783,0.117852,0.111648,0.107199,0.115576,0.097441
0.110201,0.092072,0.114872,0.071898,0.098561,0.097376,0.083575,0.108007,0.109551,0.113888
0.100728,0.100786,0.104538,0.096511,0.104415,0.089775,0.104934,0.100185,0.103786,0.094342
0.125703,0.125560,0.026547,0.115937,0.133905,0.027029,0.120927,0.073518,0.130599,0.120273
0.127246,0.123520,0.094695,0.026127,0.122234,0.101637,0.124437,0.126487,0.127874,0.025744
0.111368,0.069784,0.103756,0.106245,0.117043,0.098967,0.113818,0.066107,0.116039,0.096873
0.093469,0.067136,0.103664,0.104099,0.114818,0.107353,0.073546,0.110074,0.112713,0.113128
0.108852,0.033054,0.132379,0.128588,0.100855,0.103536,0.029826,0.079316,0.142813,0.140781
0.109702,0.108223,0.114796,0.105275,0.086264,0.109654,0.082176,0.065877,0.106165,0.111867
0.118309,0.035693,0.112113,0.071086,0.131596,0.106959,0.032164,0.084211,0.155448,0.152421
0.097011,0.127547,0.111494,0.027986,0.133375,0.090666,0.126146,0.125845,0.132735,0.027195
0.100622,0.100412,0.096387,0.094663,0.103965,0.104411,0.098913,0.096750,0.100798,0.103078
0.138570,0.107815,0.029113,0.070190,0.127579,0.029182,0.094760,0.142533,0.134958,0.125298
0.100655,0.073151,0.086316,0.112295,0.116823,0.100165,0.084964,0.110576,0.109905,0.105151
0.130599,0.105953,0.129835,0.028887,0.118920,0.106414,0.091210,0.135734,0.124121,0.028327
0.126178,0.078175,0.026816,0.119449,0.113470,0.027116,0.135606,0.120321,0.117413,0.135457
0.104944,0.120347,0.105154,0.024735,0.114623,0.093485,0.118247,0.094229,0.115604,0.108633
0.129803,0.031231,0.120305,0.066788,0.113708,0.100310,0.089321,0.079652,0.135172,0.133709
0.106945,0.109659,0.095719,0.088621,0.111450,0.083962,0.100218,0.103220,0.108321,0.091885
0.132501,0.033082,0.120896,0.108468,0.116725,0.109257,0.029800,0.077170,0.144052,0.128048
0.112453,0.092640,0.087873,0.106692,0.117469,0.095956,0.105155,0.070469,0.114328,0.096964
0.109533,0.107787,0.104501,0.101966,0.106308,0.096738,0.106127,0.066198,0.111228,0.089616
0.115788,0.072709,0.101934,0.071898,0.116213,0.108449,0.075051,0.109320,0.110588,0.118051
0.127592,0.098033,0.026902,0.117979,0.124899,0.027328,0.125476,0.125856,0.111583,0.114352
0.088533,0.109013,0.103389,0.102216,0.096853,0.084670,0.098876,0.105394,0.096268,0.114788
0.109603,0.030144,0.121393,0.120161,0.107595,0.098334,0.027104,0.127165,0.130288,0.128211
0.131122,0.109203,0.126421,0.027618,0.116576,0.127019,0.136592,0.080236,0.117644,0.027569
0.104656,0.107968,0.097655,0.101056,0.109692,0.101760,0.074610,0.086244,0.106101,0.110259
0.103574,0.105137,0.092076,0.087245,0.110469,0.084748,0.101516,0.106950,0.101508,0.106778
0.105377,0.136709,0.116950,0.028345,0.138527,0.107658,0.121247,0.079829,0.137502,0.027855
0.114461,0.134463,0.131236,0.029546,0.121716,0.122204,0.092670,0.083588,0.141550,0.028567
0.131031,0.103370,0.027902,0.085100,0.131070,0.028140,0.089912,0.133780,0.128074,0.141621
0.105757,0.101495,0.097640,0.063664,0.128564,0.027539,0.085470,0.123596,0.132589,0.133685
0.120348,0.028445,0.116178,0.076088,0.107130,0.100996,0.110194,0.095753,0.122172,0.122695
0.103363,0.032587,0.114938,0.130386,0.101010,0.096761,0.029288,0.141299,0.141171,0.109198
0.116235,0.117629,0.111333,0.107429,0.101128,0.089101,0.024965,0.120454,0.112380,0.099346
0.122343,0.029248,0.105969,0.098846,0.129320,0.121150,0.026340,0.123843,0.117570,0.125369
0.103102,0.106386,0.108375,0.102419,0.101188,0.080849,0.108301,0.099558,0.094555,0.095266
0.092919,0.110189,0.085244,0.071992,0.112014,0.096325,0.099294,0.110324,0.111548,0.110152
0.136788,0.134657,0.130896,0.029205,0.135541,0.106504,0.091348,0.081406,0.125021,0.028634
0.092999,0.106862,0.099923,0.097672,0.108481,0.100550,0.095130,0.104118,0.108041,0.086224
0.108645,0.087588,0.097100,0.103781,0.093112,0.081528,0.106155,0.103330,0.107502,0.111260
0.107352,0.107206,0.102778,0.057443,0.098952,0.096135,0.098738,0.108108,0.110329,0.112960
0.110345,0.092940,0.105253,0.109435,0.097050,0.097639,0.072673,0.110639,0.108681,0.095346
0.101290,0.101288,0.096838,0.101222,0.106617,0.108152,0.099876,0.102546,0.093532,0.088640
0.108085,0.104835,0.101507,0.068319,0.108386,0.101101,0.108623,0.084483,0.105749,0.108913
0.113060,0.111988,0.083232,0.111993,0.097874,0.080740,0.083685,0.110460,0.116208,0.090760
0.110138,0.068658,0.105790,0.109959,0.096633,0.110868,0.072765,0.114700,0.114154,0.096336
0.110248,0.125048,0.119702,0.027196,0.132568,0.123416,0.082181,0.123168,0.129885,0.026588
0.091096,0.104977,0.095830,0.105231,0.113147,0.085836,0.101359,0.085988,0.104010,0.112527
0.098071,0.094718,0.104505,0.110773,0.107109,0.090074,0.074014,0.110128,0.106988,0.103620
0.113694,0.032259,0.122813,0.083037,0.102635,0.110509,0.029078,0.140727,0.140490,0.124758
0.107088,0.107595,0.099928,0.102900,0.088884,0.084664,0.081674,0.104272,0.111296,0.111698
0.122205,0.096817,0.128974,0.026174,0.121695,0.120354,0.115932,0.123066,0.119010,0.025773
0.105729,0.092511,0.104096,0.070280,0.096008,0.097110,0.099981,0.109796,0.112015,0.112474
0.107036,0.129876,0.114841,0.027445,0.117054,0.129412,0.088955,0.124897,0.133525,0.026959
0.140480,0.111182,0.123202,0.028516,0.110034,0.111741,0.126601,0.085540,0.134282,0.028423
0.107589,0.104878,0.102803,0.063690,0.111778,0.084503,0.102866,0.103647,0.107408,0.110837
0.111540,0.070256,0.106767,0.091656,0.118531,0.086554,0.083455,0.110466,0.102015,0.118759
0.126959,0.130310,0.099527,0.026774,0.112771,0.107832,0.127156,0.127217,0.114781,0.026675
0.105161,0.105877,0.101455,0.067233,0.094113,0.101550,0.105650,0.104598,0.103745,0.110619
0.124949,0.128108,0.114785,0.026229,0.112100,0.123001,0.095175,0.125062,0.124275,0.026317
0.096945,0.029664,0.119657,0.124608,0.110120,0.132671,0.026771,0.120273,0.110565,0.128727
0.116499,0.115581,0.086229,0.070372,0.099500,0.089085,0.112780,0.110951,0.107801,0.091202
0.118889,0.033870,0.114603,0.111008,0.134960,0.137710,0.030469,0.077522,0.129161,0.111810
0.107708,0.086485,0.102635,0.102559,0.096297,0.105372,0.107637,0.107513,0.095813,0.087981
0.098999,0.126240,0.098175,0.027483,0.112040,0.125830,0.130196,0.128313,0.125825,0.026899
0.122522,0.122956,0.025841,0.117796,0.109875,0.026243,0.120323,0.099505,0.127867,0.127072
0.106443,0.069925,0.115678,0.108980,0.085950,0.097531,0.100160,0.110634,0.107670,0.097029
0.087603,0.103976,0.099868,0.104496,0.094950,0.089806,0.101764,0.106914,0.108557,0.102065
0.092343,0.109019,0.096421,0.106955,0.096914,0.093393,0.102152,0.110764,0.098591,0.093448
0.091331,0.065950,0.113189,0.099821,0.104850,0.095317,0.107603,0.107561,0.111368,0.103011
0.106218,0.104027,0.102101,0.101532,0.093421,0.094053,0.072070,0.108303,0.107849,0.110427
0.096467,0.110137,0.108072,0.065087,0.101520,0.111947,0.080578,0.109970,0.115286,0.100935
0.129268,0.104083,0.027278,0.123794,0.112341,0.027378,0.124492,0.080138,0.134063,0.137166
0.092386,0.092229,0.082507,0.102870,0.111855,0.083389,0.104740,0.107361,0.109897,0.112765
0.111025,0.108817,0.103443,0.106403,0.110137,0.096213,0.079329,0.071715,0.109337,0.103580
0.092114,0.111208,0.083797,0.107103,0.095803,0.087812,0.107681,0.111270,0.109761,0.093452
0.106189,0.130038,0.026994,0.122719,0.135835,0.027244,0.129072,0.076279,0.123482,0.122148
0.091279,0.090540,0.103017,0.101229,0.094394,0.094872,0.101801,0.104683,0.107776,0.110408
0.114844,0.030685,0.124427,0.122065,0.114304,0.136863,0.027651,0.078197,0.115113,0.135851
0.116193,0.094731,0.104301,0.024368,0.102397,0.112244,0.115613,0.112544,0.104018,0.113592
0.107101,0.127433,0.120798,0.027263,0.113181,0.103805,0.114834,0.127428,0.131631,0.026527
0.112806,0.127028,0.026657,0.120874,0.110305,0.026808,0.132032,0.101931,0.111920,0.129638
0.110823,0.117434,0.090984,0.109140,0.103920,0.095625,0.024664,0.112493,0.113944,0.120972
0.106793,0.104322,0.094953,0.102308,0.093539,0.108121,0.103926,0.102185,0.094102,0.089750
0.113355,0.097620,0.090870,0.067923,0.104258,0.092461,0.118557,0.076178,0.118754,0.120024
0.120759,0.074093,0.089877,0.114393,0.119686,0.025957,0.119432,0.096027,0.125857,0.113919
0.089459,0.113985,0.023395,0.103452,0.117159,0.107401,0.105151,0.111436,0.112115,0.116448
0.118055,0.129066,0.027700,0.067834,0.136641,0.027859,0.092050,0.129307,0.132002,0.139485
0.113938,0.114812,0.112084,0.059397,0.103488,0.024696,0.117808,0.113796,0.120650,0.119330
0.087993,0.108782,0.083464,0.103823,0.107634,0.113738,0.101647,0.086838,0.105863,0.100218
0.112427,0.111501,0.125477,0.028002,0.136074,0.107086,0.088192,0.128690,0.135140,0.027411
0.116898,0.072827,0.110947,0.107952,0.101846,0.024729,0.105958,0.116616,0.119709,0.122518
0.117264,0.069441,0.118851,0.107508,0.117755,0.082757,0.113089,0.065796,0.115918,0.091622
0.117258,0.133424,0.028211,0.058625,0.129727,0.028798,0.087572,0.132534,0.138906,0.144945
0.108412,0.094962,0.104582,0.111216,0.119185,0.090966,0.105542,0.067321,0.100035,0.097778
0.123317,0.029735,0.113495,0.117434,0.121497,0.109542,0.026722,0.097639,0.129297,0.131321
0.089671,0.106336,0.095010,0.057390,0.104989,0.107943,0.108460,0.107533,0.109905,0.112762
0.104718,0.077545,0.129631,0.116803,0.110612,0.090998,0.026377,0.097825,0.127893,0.117599
0.113550,0.093441,0.102153,0.094560,0.120341,0.089589,0.112580,0.067959,0.101728,0.104100
0.125456,0.132063,0.100593,0.027310,0.115040,0.129326,0.097981,0.129469,0.115893,0.026870
0.110682,0.086049,0.028497,0.085213,0.142974,0.028592,0.126711,0.107902,0.140283,0.143097
0.106485,0.108486,0.094403,0.102303,0.112105,0.080876,0.112164,0.085499,0.109788,0.087891
0.121774,0.122515,0.112933,0.026327,0.128701,0.119280,0.120489,0.097511,0.124657,0.025814
0.105651,0.111037,0.084637,0.108376,0.112905,0.114089,0.074873,0.068433,0.106618,0.113381
0.125049,0.123838,0.120289,0.026487,0.098126,0.103943,0.125668,0.128713,0.121625,0.026260
0.136100,0.132190,0.027451,0.082528,0.100577,0.027554,0.132639,0.104187,0.134764,0.122011
0.123330,0.029839,0.119517,0.119613,0.107981,0.101875,0.026816,0.125851,0.129748,0.115431
0.108749,0.105728,0.084715,0.101180,0.094390,0.109884,0.101136,0.107451,0.097471,0.089295
0.116033,0.120718,0.111052,0.108712,0.121941,0.024832,0.114075,0.067697,0.120175,0.094766
0.105142,0.111191,0.094112,0.103183,0.095584,0.096040,0.105280,0.064200,0.110485,0.114783
0.105967,0.108570,0.100553,0.098555,0.105294,0.105461,0.078708,0.102671,0.103798,0.090424
0.097318,0.108155,0.100232,0.103840,0.112026,0.088577,0.082074,0.087840,0.106220,0.113718
0.112464,0.080367,0.027739,0.119519,0.113693,0.028179,0.129881,0.133758,0.137058,0.117343
0.104889,0.103786,0.095802,0.100529,0.092680,0.084338,0.107910,0.103629,0.096845,0.109591
0.102289,0.122569,0.115722,0.026085,0.105300,0.128877,0.112592,0.070019,0.110997,0.105551
0.107221,0.090688,0.102744,0.106736,0.094907,0.086042,0.107634,0.103918,0.112025,0.088085
0.132950,0.030426,0.121714,0.117576,0.110413,0.125798,0.027396,0.073761,0.125127,0.134839
0.104960,0.104641,0.099726,0.056220,0.109356,0.101365,0.105477,0.101451,0.107025,0.109779
0.110038,0.030078,0.119945,0.119734,0.108589,0.110645,0.027009,0.130023,0.127556,0.116383
0.125943,0.031408,0.117404,0.060184,0.112661,0.140341,0.028232,0.132428,0.136092,0.115306
0.089771,0.089062,0.105773,0.093358,0.088888,0.088312,0.112200,0.109760,0.117682,0.105195
0.098480,0.109226,0.105594,0.058836,0.105220,0.087936,0.107396,0.111458,0.113169,0.102683
0.106940,0.093498,0.104953,0.102897,0.087885,0.090796,0.074311,0.112790,0.110895,0.115034
0.115328,0.109675,0.103296,0.067232,0.094172,0.112016,0.081028,0.111274,0.102159,0.103820
0.087303,0.103570,0.097313,0.099443,0.103442,0.101476,0.102789,0.102480,0.093805,0.108379
0.093728,0.090143,0.109811,0.109930,0.101003,0.085123,0.112704,0.068074,0.118264,0.111219
0.118616,0.085652,0.028675,0.131178,0.142707,0.029104,0.103073,0.078728,0.141408,0.140859
0.114936,0.111860,0.106014,0.090408,0.115954,0.097604,0.099886,0.064516,0.101488,0.097333
0.109267,0.106490,0.095841,0.070993,0.107934,0.112943,0.072018,0.106687,0.111704,0.106124
0.109156,0.107747,0.098207,0.090592,0.097241,0.104828,0.105544,0.067760,0.112617,0.106307
0.092695,0.105862,0.107530,0.101814,0.109283,0.080790,0.107728,0.101709,0.095763,0.096827
0.105244,0.101574,0.108324,0.024748,0.123839,0.092202,0.088941,0.115382,0.119248,0.120497
0.111075,0.089750,0.085312,0.070925,0.111030,0.097788,0.101609,0.109703,0.108762,0.114045
0.111698,0.142939,0.106347,0.029604,0.110463,0.136913,0.104968,0.085210,0.142760,0.029097
0.102898,0.105727,0.098223,0.098291,0.107411,0.103321,0.094330,0.082808,0.101384,0.105607
0.094693,0.073601,0.109202,0.108808,0.119973,0.111088,0.077547,0.069064,0.119012,0.117013
0.087035,0.108383,0.096781,0.089811,0.114185,0.084978,0.099802,0.106479,0.106327,0.106219
0.105134,0.087678,0.099424,0.085505,0.109552,0.082270,0.110357,0.102248,0.107503,0.110329
0.126839,0.122083,0.116347,0.025909,0.121791,0.119748,0.114155,0.119007,0.108448,0.025673
0.127732,0.126768,0.119194,0.027157,0.113143,0.108285,0.088908,0.128370,0.133607,0.026836
0.127649,0.126447,0.027035,0.127639,0.100549,0.027259,0.087894,0.132964,0.120222,0.122341
0.104432,0.096776,0.089884,0.110600,0.096387,0.093008,0.111560,0.072505,0.115824,0.109025
0.089723,0.109174,0.079931,0.106508,0.105357,0.084046,0.111121,0.103220,0.102077,0.108842
0.103635,0.030990,0.124381,0.104454,0.137369,0.128474,0.027933,0.101981,0.127611,0.113172
0.107344,0.109770,0.103047,0.107310,0.094390,0.105953,0.109889,0.063314,0.111046,0.087937
0.104759,0.135022,0.028015,0.084600,0.103273,0.028206,0.121269,0.131591,0.138541,0.124723
0.092707,0.089136,0.111343,0.101445,0.096933,0.092325,0.081978,0.109605,0.111526,0.113003
0.102290,0.105029,0.090742,0.093143,0.100380,0.107176,0.099762,0.099605,0.101093,0.100780
0.123614,0.125459,0.026332,0.104604,0.123080,0.026702,0.119014,0.118206,0.119738,0.113251
0.115543,0.026565,0.105716,0.102415,0.098237,0.111552,0.103966,0.111292,0.109723,0.114989
0.122276,0.029252,0.116693,0.112204,0.128186,0.108064,0.026338,0.123561,0.107953,0.125474
0.092447,0.109366,0.083768,0.107141,0.113148,0.108763,0.113000,0.067753,0.109700,0.094912
0.125789,0.078900,0.096522,0.028957,0.126791,0.114901,0.134524,0.129075,0.136622,0.027919
0.105844,0.109500,0.103967,0.102103,0.111422,0.107659,0.077487,0.070574,0.110918,0.100526
0.110543,0.073238,0.101277,0.104670,0.092437,0.099562,0.079391,0.114393,0.109306,0.115183
0.108614,0.112050,0.129828,0.029062,0.120005,0.103857,0.100622,0.128681,0.138997,0.028284
0.104001,0.102763,0.096065,0.099201,0.107213,0.081621,0.102289,0.101868,0.095901,0.109080
0.114719,0.028600,0.109220,0.119742,0.116256,0.116978,0.025675,0.123529,0.123042,0.122241
0.101914,0.128669,0.027232,0.119165,0.136681,0.027447,0.086274,0.104025,0.131549,0.137043
0.114502,0.120006,0.113126,0.113721,0.094248,0.025259,0.108372,0.071875,0.116577,0.122315
0.117931,0.122030,0.025180,0.113471,0.116552,0.025733,0.120829,0.121315,0.123862,0.113098
0.090005,0.108853,0.096285,0.102878,0.096384,0.109114,0.113462,0.065657,0.110962,0.106400
0.110793,0.090949,0.023762,0.113180,0.117640,0.088039,0.108773,0.109955,0.117059,0.119850
0.097805,0.103331,0.088395,0.099374,0.100081,0.105764,0.097846,0.099234,0.102735,0.105434
0.106615,0.088897,0.081688,0.101300,0.094385,0.111378,0.097038,0.104737,0.110277,0.103685
0.090162,0.068820,0.119136,0.111719,0.084351,0.109588,0.101343,0.113168,0.103143,0.098571
0.084696,0.115131,0.105698,0.089467,0.115926,0.079054,0.109292,0.109214,0.102189,0.089333
0.106266,0.123137,0.119953,0.026583,0.109615,0.125110,0.116900,0.125114,0.121182,0.026141
0.121421,0.123927,0.025720,0.118597,0.129168,0.025971,0.117112,0.099282,0.126416,0.112384
0.089875,0.089622,0.100371,0.099013,0.109500,0.080593,0.110070,0.103948,0.106576,0.110432
0.115034,0.119243,0.101862,0.058105,0.095467,0.092131,0.081493,0.114233,0.113611,0.108822
0.134309,0.128656,0.027043,0.103195,0.094998,0.027381,0.115669,0.134104,0.121562,0.113084
0.103377,0.030938,0.097578,0.119767,0.113314,0.114080,0.027850,0.128212,0.132428,0.132457
0.110612,0.125173,0.026540,0.124903,0.121813,0.027019,0.095209,0.102111,0.131090,0.135530
0.128840,0.140665,0.030263,0.075920,0.128796,0.030282,0.099739,0.088750,0.126787,0.149958
0.115476,0.111506,0.106509,0.104866,0.097954,0.117234,0.073532,0.068011,0.110161,0.094751
0.109220,0.031083,0.125097,0.123663,0.110603,0.128487,0.027953,0.071382,0.133386,0.139127
0.104894,0.029587,0.118469,0.124368,0.122924,0.102333,0.026590,0.124907,0.119074,0.126854
0.105832,0.105812,0.081920,0.101353,0.093858,0.084424,0.110314,0.102711,0.110112,0.103664
0.135219,0.134109,0.128407,0.029267,0.142035,0.097198,0.087859,0.077991,0.139394,0.028522
0.090216,0.110099,0.106282,0.057732,0.102280,0.099058,0.105705,0.111191,0.113181,0.104254
0.111420,0.114001,0.098982,0.064198,0.092922,0.097143,0.078195,0.111295,0.115426,0.116420
0.101359,0.104259,0.092561,0.096887,0.084082,0.101761,0.104833,0.104853,0.107209,0.102196
0.136070,0.085490,0.118498,0.029481,0.118142,0.104259,0.123968,0.130793,0.124477,0.028823
0.104489,0.101472,0.094808,0.097693,0.107957,0.105782,0.096774,0.100122,0.105552,0.085351
0.085477,0.107023,0.094652,0.089154,0.112009,0.080425,0.112711,0.104548,0.104225,0.109776
0.088062,0.104468,0.102053,0.100030,0.094081,0.093066,0.102777,0.102822,0.109549,0.103091
0.103540,0.130183,0.122239,0.027514,0.099153,0.112946,0.135083,0.128849,0.113540,0.026953
0.099478,0.112874,0.085329,0.057359,0.109184,0.099310,0.112992,0.115224,0.116292,0.091957
0.105068,0.119757,0.093846,0.025450,0.112663,0.095953,0.121075,0.077433,0.124941,0.123814
0.107404,0.107762,0.097531,0.070328,0.104656,0.092056,0.098303,0.103743,0.108387,0.109831
0.097940,0.107863,0.097837,0.103433,0.114259,0.089148,0.108597,0.067887,0.111497,0.101539
0.107437,0.107682,0.084009,0.094726,0.111670,0.087115,0.077745,0.107276,0.109199,0.113140
0.125410,0.128095,0.112227,0.027035,0.123832,0.125000,0.121088,0.078984,0.131779,0.026551
0.097186,0.113734,0.108490,0.108284,0.098874,0.094249,0.076795,0.068701,0.115272,0.118415
0.086391,0.089253,0.095849,0.102090,0.110447,0.089917,0.107269,0.103171,0.104407,0.111205
0.093107,0.089395,0.100506,0.106583,0.088881,0.113406,0.076456,0.106508,0.112224,0.112935
0.131928,0.080799,0.095200,0.027075,0.132280,0.134314,0.115735,0.123795,0.132248,0.026627
0.107953,0.066977,0.102434,0.099739,0.112318,0.104350,0.109100,0.106074,0.098281,0.092774
0.129952,0.098881,0.027525,0.130588,0.100477,0.027881,0.088283,0.133022,0.122419,0.140973
0.092484,0.104220,0.099482,0.099867,0.109971,0.102772,0.102587,0.102724,0.100649,0.085244
0.109989,0.120327,0.127838,0.025966,0.127233,0.120128,0.092940,0.122889,0.127243,0.025448
0.119513,0.120656,0.024891,0.119657,0.115397,0.025349,0.126029,0.119984,0.122602,0.105921
0.101746,0.098861,0.102164,0.098386,0.102304,0.103015,0.095649,0.098116,0.099123,0.100635
0.112057,0.115134,0.108490,0.061952,0.104956,0.100917,0.078610,0.083943,0.116340,0.117599
0.090844,0.113266,0.101288,0.109706,0.099863,0.090607,0.075509,0.110466,0.111295,0.097156
0.101850,0.104178,0.099361,0.099306,0.100963,0.108817,0.071012,0.100600,0.107767,0.106147
0.093300,0.107278,0.086088,0.103806,0.115546,0.088620,0.073978,0.108689,0.107997,0.114698
0.105394,0.031590,0.127007,0.081073,0.114303,0.116541,0.028475,0.131191,0.137709,0.126716
0.103067,0.108991,0.026496,0.120639,0.109216,0.026741,0.121053,0.123911,0.130475,0.129411
0.125556,0.130014,0.026833,0.128951,0.124787,0.027376,0.083988,0.129531,0.118956,0.104007
0.126633,0.030428,0.111205,0.117978,0.133345,0.100271,0.027379,0.125816,0.116481,0.110464
0.113514,0.032237,0.143167,0.082892,0.140738,0.103214,0.028988,0.076941,0.139457,0.138853
0.105792,0.030078,0.112614,0.125334,0.108023,0.110364,0.027033,0.117886,0.130024,0.132851
0.095441,0.115138,0.097787,0.092905,0.108761,0.093039,0.113201,0.066234,0.113218,0.104276
0.120683,0.127850,0.110751,0.026368,0.109639,0.110521,0.113913,0.128109,0.126119,0.026047
0.123919,0.105148,0.026307,0.067491,0.130575,0.102781,0.093407,0.119751,0.121568,0.109055
0.111620,0.104233,0.117066,0.028149,0.116679,0.110375,0.134216,0.128981,0.120872,0.027809
0.093182,0.109365,0.103257,0.107153,0.107565,0.114307,0.075326,0.087424,0.106243,0.096178
0.108255,0.112556,0.086212,0.113918,0.100641,0.024133,0.119287,0.108874,0.116367,0.109756
0.091594,0.108001,0.099178,0.103237,0.089842,0.096262,0.102929,0.111009,0.107386,0.090562
0.115101,0.114195,0.106359,0.107680,0.121251,0.095311,0.024556,0.092509,0.115993,0.107046
0.113254,0.104984,0.117124,0.028388,0.116850,0.133741,0.088647,0.133583,0.135390,0.028038
0.090394,0.103960,0.084467,0.102916,0.093892,0.108642,0.107719,0.102773,0.108383,0.096853
0.116367,0.119153,0.024695,0.115997,0.121637,0.097726,0.089103,0.073259,0.120284,0.121780
0.118928,0.113187,0.103342,0.062583,0.102469,0.088656,0.086793,0.117847,0.105547,0.100647
0.130366,0.029989,0.093140,0.124125,0.110381,0.123328,0.027009,0.123558,0.127756,0.110348
0.099584,0.097666,0.106055,0.111316,0.106161,0.103051,0.082623,0.074647,0.105211,0.113686
0.103827,0.106417,0.101537,0.100203,0.110576,0.090573,0.075057,0.103783,0.105349,0.102677
0.104938,0.029642,0.107349,0.112631,0.119900,0.120051,0.026575,0.124333,0.127549,0.127032
0.120360,0.029084,0.128643,0.098355,0.105681,0.129490,0.026133,0.125973,0.123715,0.112565
0.110645,0.109614,0.096307,0.027827,0.135459,0.137945,0.118057,0.103341,0.133496,0.027309
0.110030,0.109722,0.105626,0.061892,0.106084,0.088860,0.084188,0.109525,0.109833,0.114240
0.091473,0.107085,0.103666,0.105151,0.110781,0.092401,0.076689,0.104515,0.097333,0.110907
0.104369,0.104502,0.096793,0.097522,0.101907,0.110360,0.095272,0.101881,0.101434,0.085960
0.095992,0.106508,0.084670,0.097531,0.112453,0.091545,0.106380,0.104042,0.110249,0.090630
0.103031,0.110557,0.127677,0.028770,0.140264,0.131390,0.121272,0.077837,0.131040,0.028162
0.096249,0.132151,0.026663,0.101598,0.123113,0.027172,0.129074,0.132399,0.117538,0.114044
0.114337,0.098549,0.028195,0.128105,0.115371,0.028650,0.137699,0.105659,0.124103,0.119332
0.125982,0.030257,0.096463,0.119775,0.111569,0.097656,0.027248,0.127703,0.132360,0.130987
0.133159,0.030500,0.122308,0.119826,0.135440,0.096216,0.027501,0.099670,0.132974,0.102407
0.129380,0.029387,0.111205,0.116174,0.130274,0.103212,0.026571,0.098737,0.122971,0.132088
0.136089,0.032763,0.121144,0.127487,0.116919,0.103153,0.029520,0.078409,0.125405,0.129112
0.126866,0.127600,0.133185,0.027150,0.123084,0.134542,0.095376,0.075545,0.130155,0.026496
