0.047932,0.046056,0.040502,0.059771,0.044125,0.046390,0.037635,0.041531,0.043071,0.592988
0.036869,0.492983,0.038177,0.034302,0.039589,0.034455,0.209135,0.041125,0.034958,0.038407
0.038407,0.486047,0.040131,0.035558,0.036332,0.036426,0.203514,0.042658,0.043766,0.037161
0.073909,0.074132,0.332366,0.064831,0.064330,0.084012,0.079645,0.072669,0.062178,0.091929
0.040115,0.040825,0.256741,0.048581,0.035147,0.434076,0.040880,0.037751,0.032378,0.033507
0.093936,0.105545,0.091563,0.095674,0.091923,0.110296,0.092174,0.116137,0.104847,0.097904
0.062208,0.047699,0.042104,0.066108,0.040236,0.052188,0.041417,0.043307,0.038822,0.565912
0.038845,0.040269,0.042850,0.048853,0.043370,0.038778,0.037968,0.045615,0.048116,0.615338
0.075362,0.072354,0.069017,0.071757,0.089962,0.087525,0.306413,0.078412,0.073076,0.076123
0.038002,0.052601,0.251412,0.038775,0.038865,0.418456,0.038694,0.047241,0.037913,0.038043
0.065078,0.412459,0.058014,0.060165,0.058752,0.072774,0.070618,0.077221,0.065776,0.059144
0.106123,0.108364,0.099122,0.091619,0.092001,0.106325,0.094362,0.093333,0.104124,0.104628
0.048498,0.045727,0.038678,0.048698,0.040132,0.043158,0.044512,0.045567,0.044754,0.600274
0.060641,0.046215,0.055441,0.072203,0.038631,0.048975,0.040937,0.038511,0.042557,0.555890
0.094018,0.105401,0.091563,0.097760,0.110732,0.108892,0.093298,0.118645,0.087220,0.092472
0.119807,0.100960,0.115454,0.101673,0.106866,0.089388,0.087768,0.099852,0.091817,0.086415
0.033876,0.032390,0.249937,0.041708,0.051412,0.441858,0.025991,0.030464,0.036798,0.055567
0.041930,0.054508,0.044081,0.048294,0.040816,0.039417,0.041843,0.039843,0.046614,0.602654
0.047417,0.402448,0.045485,0.046921,0.045272,0.045872,0.193211,0.067357,0.058980,0.047038
0.049353,0.045713,0.047569,0.074258,0.044215,0.055425,0.046509,0.045533,0.045638,0.545789
0.095940,0.107558,0.096026,0.092373,0.108091,0.101049,0.105703,0.098637,0.088473,0.106151
0.106854,0.110431,0.099877,0.093873,0.097267,0.102483,0.093335,0.095099,0.096206,0.104576
0.122316,0.118692,0.092861,0.087552,0.107185,0.088556,0.102634,0.109208,0.081494,0.089502
0.104139,0.103475,0.093843,0.097641,0.095454,0.105000,0.108564,0.097923,0.097350,0.096612
0.060156,0.046327,0.039184,0.052409,0.038280,0.049839,0.047106,0.044336,0.040504,0.581860
0.060044,0.467916,0.048915,0.031567,0.039278,0.037189,0.205663,0.045042,0.033301,0.031086
0.107810,0.109053,0.096818,0.093650,0.100865,0.092658,0.107658,0.100897,0.099677,0.090915
0.038662,0.036376,0.252557,0.042764,0.041697,0.450713,0.038092,0.034717,0.033558,0.030864
0.097088,0.101068,0.096802,0.097683,0.101726,0.094470,0.094795,0.116575,0.097301,0.102492
0.070683,0.088125,0.304127,0.072671,0.079249,0.082473,0.079034,0.076317,0.076155,0.071165
0.098161,0.103933,0.096317,0.099751,0.095823,0.093272,0.095453,0.122038,0.097764,0.097488
0.036223,0.490580,0.032382,0.045609,0.043054,0.051075,0.191313,0.040599,0.034273,0.034892
0.103364,0.100729,0.092461,0.103378,0.110276,0.088304,0.104659,0.104293,0.101438,0.091098
0.095895,0.109990,0.098057,0.098472,0.094399,0.091543,0.104561,0.095244,0.106434,0.105405
0.039475,0.052615,0.039815,0.053853,0.046833,0.045024,0.040561,0.043852,0.042348,0.595624
0.099732,0.103762,0.093503,0.097653,0.102428,0.095166,0.096303,0.103083,0.111190,0.097179
0.046971,0.467287,0.037068,0.038118,0.036812,0.045901,0.215430,0.037117,0.038927,0.036370
0.121998,0.099375,0.094276,0.095152,0.104636,0.103996,0.097656,0.096602,0.093989,0.092321
0.042408,0.060656,0.249554,0.045431,0.032925,0.432936,0.032981,0.036276,0.032901,0.033935
0.033615,0.038839,0.250729,0.043250,0.050221,0.440621,0.036472,0.037886,0.033544,0.034822
0.053195,0.046235,0.044982,0.053278,0.043933,0.046965,0.047770,0.049834,0.047883,0.565924
0.116304,0.117426,0.112136,0.087079,0.086234,0.102269,0.099041,0.086891,0.102070,0.090551
0.096294,0.100549,0.098253,0.092609,0.102662,0.109074,0.110501,0.098336,0.089134,0.102588
0.033902,0.033802,0.255403,0.045895,0.040600,0.450038,0.033386,0.037349,0.032788,0.036838
0.124259,0.104217,0.097839,0.095200,0.103525,0.092847,0.091264,0.092597,0.106510,0.091743
0.094853,0.100816,0.091695,0.097024,0.095572,0.111066,0.097791,0.112712,0.096989,0.101482
0.096076,0.104117,0.097201,0.099026,0.110909,0.103582,0.094605,0.105081,0.092149,0.097254
0.070774,0.074062,0.330999,0.077718,0.075276,0.078329,0.075131,0.083170,0.072636,0.061904
0.034836,0.037987,0.250590,0.048556,0.044528,0.439216,0.033291,0.032554,0.045393,0.033048
0.042850,0.056713,0.046675,0.069078,0.041275,0.053500,0.047948,0.045206,0.039820,0.556935
0.095841,0.106283,0.094823,0.100506,0.109730,0.092050,0.103006,0.099161,0.092400,0.106201
0.037989,0.036661,0.255172,0.042041,0.030369,0.449805,0.028815,0.039298,0.048641,0.031207
0.099109,0.101879,0.098249,0.101872,0.092200,0.094127,0.105877,0.102226,0.108376,0.096085
0.039532,0.499184,0.034459,0.047849,0.043989,0.041365,0.197917,0.030124,0.033159,0.032422
0.044645,0.450309,0.038003,0.035642,0.040836,0.067112,0.202455,0.047153,0.036457,0.037387
0.090702,0.412885,0.058489,0.060307,0.068188,0.065414,0.060459,0.067108,0.059300,0.057149
0.104966,0.099283,0.095442,0.099609,0.091525,0.105010,0.096390,0.112110,0.103010,0.092655
0.048498,0.051376,0.045614,0.066069,0.048767,0.049542,0.043744,0.043863,0.045317,0.557210
0.107965,0.099304,0.092368,0.100824,0.113418,0.089859,0.112347,0.093210,0.097676,0.093030
0.095891,0.103777,0.097946,0.095507,0.109372,0.102985,0.103454,0.092050,0.093244,0.105775
0.040151,0.473632,0.035607,0.037522,0.038963,0.046319,0.205220,0.044459,0.036499,0.041627
0.095286,0.096707,0.114034,0.109337,0.088950,0.102167,0.106209,0.105583,0.089327,0.092400
0.101876,0.104840,0.091417,0.090962,0.100262,0.109855,0.101888,0.098309,0.107996,0.092594
0.096405,0.110833,0.099100,0.097389,0.093252,0.105007,0.104409,0.094680,0.105694,0.093231
0.095582,0.103374,0.099289,0.105621,0.092909,0.109383,0.093188,0.111783,0.090538,0.098332
0.043433,0.044110,0.043077,0.064024,0.040291,0.040289,0.040097,0.046931,0.045600,0.592148
0.077779,0.035886,0.244826,0.035908,0.048438,0.406834,0.036629,0.041611,0.035471,0.036617
0.095477,0.100850,0.091563,0.112482,0.100800,0.102425,0.108779,0.100736,0.096676,0.090210
0.096220,0.109132,0.095082,0.097750,0.093291,0.105792,0.093920,0.103185,0.099050,0.106579
0.097645,0.114418,0.097769,0.095032,0.094750,0.106916,0.091532,0.104619,0.096072,0.101247
0.103134,0.116681,0.097327,0.104521,0.092203,0.089196,0.110448,0.102439,0.088597,0.095455
0.092342,0.102756,0.117406,0.098602,0.100192,0.101119,0.106912,0.093466,0.094844,0.092363
0.093578,0.104669,0.118720,0.092542,0.105845,0.106210,0.107422,0.089075,0.092643,0.089297
0.093735,0.110875,0.095960,0.099086,0.091466,0.120910,0.099132,0.092536,0.098939,0.097362
0.095198,0.102106,0.118804,0.093034,0.100215,0.090684,0.106660,0.112456,0.086134,0.094709
0.128133,0.101148,0.099357,0.092934,0.102417,0.091152,0.091577,0.103884,0.096746,0.092651
0.097592,0.099920,0.094534,0.096830,0.103088,0.120512,0.093013,0.094191,0.104671,0.095650
0.094402,0.107748,0.094097,0.096702,0.115534,0.113401,0.092188,0.093394,0.096236,0.096297
0.077501,0.086195,0.276046,0.072871,0.081895,0.071182,0.081558,0.093966,0.080239,0.078546
0.056208,0.035979,0.244772,0.042529,0.032350,0.448794,0.032151,0.038960,0.033234,0.035023
0.038119,0.484090,0.035505,0.042108,0.045039,0.050151,0.191058,0.038718,0.040558,0.034654
0.098481,0.116299,0.099378,0.106066,0.109711,0.093870,0.091962,0.092764,0.089656,0.101814
0.090593,0.096830,0.086851,0.089807,0.100306,0.099502,0.100313,0.089398,0.153473,0.092928
0.101788,0.101465,0.094661,0.104565,0.092317,0.093381,0.107882,0.099323,0.108498,0.096121
0.038000,0.037361,0.248130,0.030749,0.042368,0.439634,0.032046,0.031461,0.039737,0.060514
0.094825,0.100436,0.094617,0.092707,0.092728,0.122203,0.100171,0.112195,0.097164,0.092954
0.094401,0.124597,0.097717,0.095836,0.098497,0.093580,0.095094,0.107811,0.089200,0.103266
0.093930,0.125540,0.091767,0.102932,0.089954,0.102890,0.104554,0.100503,0.091665,0.096265
0.044858,0.045028,0.057652,0.064205,0.047927,0.046259,0.042719,0.046940,0.042490,0.561923
0.085921,0.079543,0.099423,0.068170,0.066980,0.088766,0.290276,0.073714,0.077849,0.069357
0.044838,0.049101,0.044479,0.061525,0.041116,0.053464,0.046883,0.040917,0.042673,0.575005
0.100884,0.101167,0.099698,0.098423,0.096102,0.111650,0.095900,0.097397,0.098968,0.099811
0.075333,0.083610,0.072625,0.072466,0.070778,0.082623,0.312368,0.070554,0.077585,0.082059
0.107641,0.100302,0.090609,0.094688,0.112127,0.088790,0.094521,0.114027,0.096382,0.100913
0.102557,0.101251,0.096811,0.100287,0.090948,0.102468,0.109933,0.098120,0.103701,0.093925
0.098742,0.105305,0.094597,0.104805,0.090933,0.092474,0.107001,0.101125,0.108692,0.096326
0.115220,0.116809,0.088311,0.088522,0.084955,0.083555,0.098503,0.086389,0.147404,0.090332
0.094407,0.101317,0.119790,0.093670,0.108915,0.090681,0.104980,0.103713,0.091680,0.090847
0.096343,0.102725,0.115789,0.095218,0.103653,0.098797,0.106128,0.093939,0.092617,0.094793
0.077698,0.086999,0.076456,0.075343,0.073342,0.074207,0.307884,0.074593,0.075983,0.077495
0.082103,0.087258,0.321043,0.065593,0.066273,0.083027,0.078690,0.069813,0.081700,0.064500
0.094285,0.129564,0.093252,0.093410,0.103187,0.094236,0.093319,0.103295,0.097430,0.098022
0.088134,0.360492,0.064127,0.060803,0.076385,0.077410,0.072056,0.063641,0.069597,0.067355
0.093873,0.107179,0.121918,0.095146,0.090464,0.116852,0.089627,0.096596,0.094905,0.093440
0.038231,0.035101,0.259012,0.041164,0.029677,0.420331,0.029107,0.037174,0.045938,0.064266
0.129168,0.114793,0.090998,0.092411,0.101734,0.091571,0.089938,0.111176,0.087969,0.090243
0.084166,0.106556,0.104540,0.092180,0.095251,0.095813,0.078992,0.089047,0.175058,0.078398
0.041937,0.037531,0.243172,0.042296,0.034995,0.447367,0.039085,0.035280,0.045874,0.032463
0.102899,0.125149,0.090466,0.103357,0.090876,0.103414,0.097800,0.100481,0.088142,0.097415
0.067819,0.077689,0.339726,0.066462,0.085459,0.083254,0.062677,0.062012,0.061492,0.093409
0.043009,0.042020,0.040829,0.049484,0.041963,0.040207,0.048093,0.045041,0.050651,0.598704
0.095340,0.109519,0.098738,0.091975,0.101982,0.093575,0.107670,0.101922,0.096518,0.102759
0.047330,0.049674,0.044880,0.069315,0.052852,0.050017,0.053520,0.053528,0.050893,0.527991
0.062703,0.036769,0.251292,0.031344,0.036172,0.442260,0.030919,0.038495,0.039336,0.030709
0.037969,0.459714,0.038756,0.039057,0.064924,0.041127,0.196426,0.042797,0.039424,0.039805
0.068757,0.072923,0.071614,0.066096,0.066709,0.370332,0.078117,0.072463,0.066858,0.066131
0.093281,0.120723,0.117885,0.093027,0.099587,0.089838,0.105196,0.098391,0.089992,0.092080
0.119085,0.099418,0.115667,0.090514,0.087629,0.084847,0.103639,0.105325,0.095793,0.098083
0.099053,0.074193,0.067404,0.071219,0.077516,0.074965,0.310580,0.086276,0.070949,0.067846
0.056650,0.500531,0.033399,0.040906,0.041083,0.031436,0.188203,0.033348,0.041407,0.033038
0.039010,0.480605,0.037362,0.034779,0.039865,0.037625,0.215925,0.045571,0.035610,0.033647
0.097932,0.104840,0.091605,0.100929,0.096497,0.091643,0.109193,0.103394,0.105883,0.098086
0.078876,0.079651,0.319465,0.068491,0.088722,0.067417,0.079019,0.075055,0.071877,0.071427
0.094198,0.122762,0.095815,0.094643,0.089552,0.099230,0.102851,0.097877,0.099217,0.103856
0.040373,0.058399,0.251796,0.044243,0.046762,0.383586,0.039584,0.050355,0.040707,0.044195
0.095893,0.103271,0.099991,0.094072,0.093697,0.109674,0.096384,0.099251,0.109048,0.098719
0.094646,0.102174,0.093859,0.096144,0.096541,0.093242,0.112467,0.106328,0.107190,0.097409
0.074304,0.454799,0.040541,0.035753,0.048205,0.036200,0.202713,0.038310,0.034875,0.034300
0.098866,0.108655,0.093007,0.093900,0.093172,0.090972,0.103674,0.112214,0.109059,0.096481
0.046067,0.059405,0.045840,0.083447,0.043667,0.054013,0.043684,0.043297,0.049427,0.531154
0.109002,0.103664,0.099739,0.095101,0.099909,0.095344,0.108813,0.094858,0.098638,0.094931
0.035911,0.038034,0.242766,0.041113,0.037296,0.452836,0.039432,0.038141,0.034859,0.039612
0.097664,0.100603,0.094570,0.095027,0.111463,0.108668,0.094829,0.101696,0.106104,0.089377
0.076415,0.092120,0.095207,0.072008,0.068498,0.070162,0.301727,0.077110,0.075474,0.071279
0.100295,0.114981,0.101320,0.094529,0.109575,0.107133,0.093395,0.094498,0.090878,0.093397
0.102821,0.099152,0.087952,0.096361,0.111319,0.106505,0.104761,0.098010,0.096016,0.097104
0.095906,0.116235,0.100528,0.096828,0.092783,0.113451,0.092635,0.099647,0.097945,0.094043
0.040390,0.047083,0.039239,0.060889,0.041035,0.044299,0.039207,0.052805,0.043766,0.591287
0.094921,0.106702,0.093231,0.103417,0.100628,0.103394,0.110621,0.102831,0.094967,0.089287
0.107384,0.124663,0.094687,0.090659,0.111355,0.091095,0.101532,0.090334,0.094206,0.094082
0.102737,0.124201,0.098807,0.104064,0.094595,0.089978,0.091830,0.102936,0.095886,0.094966
0.045610,0.051010,0.047636,0.056588,0.044320,0.054874,0.045058,0.050771,0.045796,0.558337
0.069798,0.075346,0.065731,0.063447,0.080729,0.378588,0.066555,0.063856,0.069161,0.066788
0.084416,0.094098,0.084796,0.087711,0.091686,0.096536,0.082142,0.103508,0.183758,0.091350
0.099696,0.102148,0.093166,0.105891,0.102773,0.117331,0.091490,0.099567,0.095761,0.092178
0.094557,0.112800,0.095356,0.094956,0.106072,0.101220,0.093385,0.092003,0.103008,0.106643
0.046612,0.472447,0.037013,0.043780,0.038822,0.046493,0.185826,0.056276,0.037566,0.035165
0.096936,0.114914,0.093441,0.092234,0.112188,0.099885,0.094078,0.099073,0.105520,0.091732
0.099150,0.104471,0.117609,0.110525,0.089917,0.090225,0.107164,0.101637,0.086066,0.093236
0.092769,0.103890,0.099023,0.112492,0.091210,0.099932,0.103060,0.100920,0.095785,0.100918
0.064560,0.066654,0.060649,0.081023,0.071827,0.386012,0.059340,0.079636,0.067796,0.062503
0.035113,0.478423,0.052248,0.046935,0.035352,0.035235,0.195955,0.037971,0.045849,0.036919
0.042403,0.054191,0.054833,0.074669,0.037383,0.049509,0.040034,0.052525,0.036070,0.558384
0.035177,0.037490,0.253822,0.032590,0.031542,0.456556,0.036619,0.038660,0.041024,0.036519
0.105034,0.108344,0.089267,0.090353,0.107926,0.108240,0.090671,0.112379,0.097609,0.090178
0.070985,0.349214,0.068813,0.068938,0.068498,0.083155,0.073187,0.076086,0.071802,0.069322
0.050207,0.044223,0.042799,0.060150,0.046026,0.048344,0.044390,0.042946,0.044983,0.575931
0.045298,0.049067,0.041613,0.054329,0.046908,0.045598,0.046239,0.054569,0.042226,0.574154
0.103968,0.102578,0.093008,0.103432,0.093369,0.104297,0.095831,0.100838,0.098098,0.104579
0.099548,0.100867,0.100015,0.094373,0.103579,0.094509,0.111772,0.102684,0.098641,0.094012
0.052368,0.043204,0.057179,0.068461,0.040354,0.041100,0.050899,0.040556,0.046220,0.559659
0.040685,0.038681,0.238565,0.035648,0.041011,0.448347,0.042163,0.038307,0.041197,0.035396
0.033249,0.524397,0.032859,0.034274,0.037736,0.032035,0.189574,0.043112,0.039952,0.032811
0.062077,0.066074,0.052331,0.088333,0.051851,0.051668,0.050424,0.061226,0.058530,0.457486
0.096205,0.115906,0.099964,0.096808,0.103463,0.103522,0.091893,0.093805,0.095189,0.103245
0.097054,0.103546,0.094593,0.091392,0.109050,0.086473,0.107902,0.109300,0.097511,0.103180
0.043310,0.471842,0.039446,0.047716,0.033907,0.040796,0.213221,0.032095,0.043536,0.034130
0.096212,0.104394,0.094975,0.103271,0.092230,0.104763,0.109324,0.101410,0.095683,0.097738
0.036259,0.456373,0.034655,0.036572,0.071821,0.050524,0.188227,0.052879,0.036715,0.035972
0.118287,0.096842,0.094546,0.089826,0.108642,0.091369,0.102531,0.097462,0.098063,0.102431
0.092598,0.105838,0.117302,0.092505,0.087002,0.117135,0.105463,0.099718,0.089667,0.092773
0.077190,0.082558,0.071050,0.084928,0.071226,0.077556,0.309939,0.079118,0.075686,0.070749
0.094842,0.127490,0.090611,0.095684,0.102198,0.101539,0.097295,0.101459,0.098508,0.090374
0.039774,0.466796,0.037854,0.037017,0.049297,0.039115,0.194187,0.044253,0.052557,0.039152
0.108347,0.106574,0.095594,0.095574,0.091488,0.094528,0.108153,0.106448,0.097111,0.096183
0.102893,0.101853,0.092050,0.101365,0.101670,0.093318,0.106736,0.098407,0.096927,0.104781
0.045525,0.043524,0.042655,0.057687,0.041172,0.047067,0.050310,0.047270,0.046267,0.578522
0.096097,0.106626,0.094781,0.096967,0.112668,0.094703,0.103226,0.099790,0.093732,0.101409
0.098164,0.105432,0.100246,0.103678,0.095163,0.092762,0.101368,0.106775,0.098831,0.097580
0.095940,0.108179,0.099053,0.097431,0.093164,0.105602,0.093506,0.108072,0.089933,0.109121
0.123236,0.099853,0.092474,0.095248,0.091605,0.089285,0.107952,0.104291,0.094074,0.101981
0.107774,0.103099,0.101117,0.095770,0.095047,0.096625,0.094981,0.102873,0.096767,0.105948
0.098717,0.101999,0.096996,0.099903,0.113645,0.098517,0.096641,0.098085,0.094600,0.100896
0.058961,0.476577,0.034183,0.043959,0.043732,0.034538,0.191057,0.043305,0.041415,0.032272
0.043239,0.478068,0.052789,0.040488,0.034503,0.038104,0.201367,0.037996,0.034548,0.038898
0.096786,0.099876,0.093976,0.097581,0.103195,0.121092,0.104174,0.097626,0.088945,0.096748
0.098953,0.109609,0.092984,0.098044,0.094211,0.109149,0.093928,0.113789,0.092199,0.097135
0.098289,0.114335,0.095885,0.101595,0.096475,0.093705,0.103785,0.097820,0.101483,0.096627
0.040032,0.037173,0.261361,0.030952,0.041928,0.446780,0.030209,0.040118,0.033992,0.037454
0.126629,0.100946,0.091841,0.092458,0.091576,0.108902,0.091291,0.105509,0.095289,0.095559
0.037558,0.050437,0.255527,0.036170,0.036229,0.418634,0.037664,0.045998,0.042207,0.039576
0.091668,0.124318,0.095935,0.112331,0.100441,0.087234,0.093099,0.102051,0.089816,0.103107
0.092457,0.115854,0.088413,0.103243,0.105910,0.115385,0.090768,0.103505,0.091218,0.093246
0.103460,0.119724,0.116272,0.089058,0.107110,0.089055,0.088367,0.096721,0.089769,0.100463
0.098622,0.106454,0.095728,0.103159,0.101962,0.094655,0.093471,0.117266,0.094121,0.094565
0.105260,0.107048,0.093382,0.106047,0.097116,0.101352,0.096659,0.100483,0.098992,0.093661
0.094279,0.100378,0.094373,0.105854,0.108230,0.102891,0.104930,0.099051,0.096496,0.093519
0.065240,0.391704,0.061513,0.068157,0.075518,0.061875,0.069186,0.070991,0.067149,0.068666
0.093076,0.107781,0.093020,0.100068,0.106510,0.106085,0.105640,0.097526,0.088371,0.101923
0.073230,0.078122,0.069114,0.075495,0.067771,0.086345,0.306128,0.090372,0.065417,0.088006
0.103471,0.116482,0.124122,0.102078,0.091393,0.089496,0.091738,0.092911,0.096295,0.092014
0.076250,0.092539,0.075109,0.067737,0.078559,0.084469,0.291158,0.077162,0.083101,0.073917
0.093639,0.103030,0.092550,0.092160,0.107097,0.119019,0.108775,0.099537,0.090897,0.093295
0.104137,0.101326,0.098935,0.096357,0.102634,0.106549,0.094901,0.103748,0.097870,0.093544
0.071944,0.088192,0.319707,0.066296,0.064622,0.084042,0.080968,0.066036,0.072472,0.085720
0.033374,0.038857,0.254100,0.043621,0.053316,0.441959,0.036497,0.027332,0.040273,0.030671
0.070895,0.358613,0.068794,0.068786,0.068966,0.075634,0.076710,0.075736,0.066069,0.069796
0.034006,0.486901,0.035336,0.034819,0.057961,0.034389,0.196782,0.052900,0.032791,0.034115
0.091724,0.102094,0.096097,0.093899,0.117034,0.106319,0.110985,0.095020,0.096022,0.090805
0.096798,0.124106,0.096348,0.089205,0.106553,0.110387,0.107308,0.089799,0.090068,0.089428
0.044549,0.045938,0.041986,0.063749,0.041252,0.050859,0.043939,0.047422,0.046892,0.573412
0.098032,0.103501,0.096437,0.099471,0.095377,0.112677,0.095465,0.106142,0.096979,0.095920
0.108978,0.103043,0.122273,0.093302,0.106510,0.091904,0.090506,0.090721,0.098043,0.094721
0.040532,0.036986,0.248362,0.034136,0.037102,0.439973,0.040828,0.041999,0.046084,0.033998
0.108175,0.100835,0.094994,0.092779,0.101465,0.118416,0.091766,0.105841,0.093574,0.092154
0.043647,0.054104,0.039838,0.058996,0.046363,0.051673,0.046067,0.040269,0.046089,0.572953
0.105204,0.116936,0.098159,0.093768,0.094031,0.090480,0.108550,0.100016,0.098259,0.094596
0.044929,0.048507,0.045943,0.073478,0.041597,0.042550,0.043113,0.041785,0.040623,0.577475
0.039021,0.032602,0.251026,0.043955,0.042881,0.450003,0.027326,0.037069,0.044831,0.031285
0.092966,0.115115,0.097345,0.091439,0.094188,0.088609,0.107462,0.114178,0.102032,0.096665
0.041501,0.479312,0.035178,0.040611,0.045870,0.036169,0.205150,0.043433,0.038789,0.033987
0.099361,0.101123,0.094355,0.099967,0.100464,0.108691,0.102280,0.101627,0.097586,0.094546
0.101850,0.097101,0.096284,0.095741,0.109079,0.105278,0.111650,0.092513,0.087981,0.102523
0.045121,0.055811,0.044727,0.066343,0.052033,0.040088,0.042081,0.047379,0.046220,0.560197
0.114753,0.102328,0.112815,0.088547,0.110633,0.101803,0.097097,0.088703,0.095356,0.087966
0.044084,0.054990,0.043076,0.059604,0.052474,0.041185,0.043019,0.046338,0.047326,0.567905
0.105682,0.100675,0.094248,0.101982,0.093504,0.104443,0.102191,0.101496,0.092191,0.103588
0.095867,0.101607,0.091630,0.096164,0.092204,0.103144,0.099549,0.116912,0.096078,0.106845
0.093391,0.120882,0.091746,0.111381,0.105781,0.106372,0.089848,0.099148,0.087074,0.094377
0.104100,0.118746,0.100150,0.091920,0.095423,0.093418,0.104127,0.104805,0.093809,0.093502
0.045275,0.043346,0.042278,0.069093,0.042218,0.042593,0.043982,0.046666,0.043958,0.580591
0.040082,0.038197,0.250676,0.048260,0.033078,0.447401,0.033464,0.041161,0.033980,0.033700
0.107682,0.098792,0.092426,0.114528,0.091715,0.103359,0.109104,0.092723,0.092798,0.096872
0.096681,0.102057,0.099137,0.093273,0.096438,0.102286,0.108250,0.097549,0.097756,0.106572
0.044779,0.436539,0.043608,0.043504,0.050720,0.042297,0.205790,0.049124,0.042401,0.041238
0.093779,0.102271,0.118374,0.089919,0.100954,0.106308,0.105535,0.090969,0.092085,0.099805
0.105413,0.102765,0.095216,0.092143,0.098027,0.090699,0.107373,0.107330,0.107989,0.093046
0.035122,0.492652,0.030134,0.045987,0.055506,0.038049,0.197490,0.039499,0.032971,0.032590
0.073709,0.080461,0.074055,0.087379,0.073340,0.081973,0.307746,0.073405,0.073139,0.074792
0.045218,0.048087,0.040832,0.072712,0.040790,0.041073,0.051460,0.040764,0.042992,0.576073
0.072481,0.079002,0.324718,0.083838,0.078453,0.083084,0.068990,0.076464,0.064562,0.068410
0.042134,0.453722,0.038443,0.036187,0.038710,0.037828,0.194796,0.044845,0.036843,0.076492
0.100173,0.103737,0.099006,0.094958,0.115945,0.091967,0.097503,0.105747,0.096645,0.094319
0.086732,0.072705,0.075600,0.074652,0.073305,0.079317,0.296695,0.090496,0.076987,0.073511
0.041267,0.494908,0.033017,0.042958,0.041262,0.038856,0.199903,0.039170,0.036323,0.032336
0.099738,0.122470,0.121429,0.092858,0.104460,0.090259,0.088998,0.089875,0.095411,0.094503
0.096743,0.104674,0.096254,0.094068,0.096032,0.092962,0.115008,0.096467,0.112276,0.095516
0.045041,0.062699,0.243141,0.036905,0.035486,0.406035,0.035758,0.044332,0.054153,0.036451
0.043528,0.032723,0.244808,0.032713,0.036979,0.441769,0.034567,0.037196,0.040114,0.055604
0.091583,0.108116,0.119233,0.102603,0.100943,0.107516,0.089847,0.090472,0.095158,0.094529
0.095148,0.101525,0.098697,0.104029,0.093172,0.106535,0.106911,0.106443,0.088880,0.098659
0.074628,0.081072,0.075741,0.073449,0.089634,0.070587,0.306683,0.080183,0.077525,0.070498
0.044374,0.043766,0.041774,0.051814,0.041263,0.050083,0.041336,0.048848,0.048964,0.587780
0.094598,0.101593,0.095878,0.097712,0.093827,0.113427,0.094325,0.109466,0.093580,0.105594
0.077173,0.080196,0.076224,0.069268,0.074567,0.077514,0.310103,0.073487,0.074513,0.086954
0.047640,0.475498,0.038626,0.042732,0.050659,0.038077,0.190303,0.036691,0.043025,0.036750
0.044049,0.440555,0.039866,0.042041,0.080996,0.041573,0.187566,0.041190,0.044027,0.038137
0.033670,0.041993,0.246994,0.046065,0.031812,0.442349,0.037691,0.030106,0.032997,0.056323
0.095039,0.100956,0.097383,0.092933,0.090563,0.106898,0.108570,0.116048,0.095925,0.095684
0.067027,0.353832,0.087511,0.068687,0.063275,0.073946,0.078620,0.070867,0.068886,0.067348
0.121574,0.100489,0.091837,0.094720,0.090926,0.103009,0.105886,0.097529,0.093228,0.100802
0.038887,0.493594,0.038215,0.033555,0.045109,0.032894,0.200185,0.041495,0.038234,0.037833
0.103130,0.098205,0.096034,0.095303,0.112573,0.104295,0.097696,0.114524,0.087395,0.090844
0.099973,0.104885,0.094819,0.092565,0.107056,0.108911,0.106128,0.089619,0.106669,0.089375
0.092056,0.097926,0.096670,0.110767,0.106154,0.102727,0.104456,0.097093,0.101171,0.090981
0.041920,0.044711,0.043420,0.053133,0.038271,0.039410,0.047085,0.038994,0.048995,0.604060
0.094338,0.107527,0.096608,0.090735,0.107832,0.092944,0.091945,0.116454,0.098064,0.103553
0.036684,0.041968,0.252859,0.044794,0.033728,0.426198,0.032483,0.036259,0.033217,0.061809
0.101003,0.105960,0.086902,0.095827,0.099546,0.117786,0.089799,0.103030,0.095571,0.104577
0.047195,0.054311,0.248422,0.037193,0.038099,0.414689,0.039652,0.043153,0.039816,0.037470
0.099748,0.115686,0.095672,0.092844,0.094280,0.095353,0.099656,0.104337,0.096297,0.106128
0.098971,0.102547,0.093195,0.094306,0.103155,0.107058,0.101281,0.113026,0.092806,0.093657
0.094785,0.099333,0.126798,0.102787,0.104309,0.093179,0.093599,0.095008,0.094477,0.095726
0.094086,0.098985,0.096074,0.095901,0.090462,0.104273,0.104596,0.114405,0.100254,0.100964
0.098956,0.117884,0.096049,0.092724,0.105385,0.111210,0.093652,0.095125,0.096089,0.092926
0.075648,0.080668,0.310506,0.091898,0.067265,0.069281,0.070095,0.078678,0.084651,0.071311
0.048254,0.051245,0.046352,0.064512,0.050952,0.056985,0.045471,0.052746,0.046702,0.536781
0.100155,0.096300,0.088725,0.097543,0.100633,0.081905,0.089195,0.088017,0.165232,0.092296
0.069810,0.356904,0.069896,0.079383,0.082165,0.064444,0.074208,0.065836,0.067866,0.069488
0.093011,0.100611,0.095092,0.091977,0.107595,0.093640,0.091769,0.116556,0.101155,0.108596
0.097193,0.103300,0.092918,0.115268,0.103097,0.094536,0.092477,0.099248,0.099229,0.102733
0.095290,0.115847,0.098781,0.093436,0.092665,0.101111,0.095682,0.106326,0.104641,0.096223
0.098875,0.100379,0.115402,0.094057,0.104537,0.102237,0.107398,0.089199,0.089651,0.098266
0.100734,0.103252,0.096377,0.095310,0.101544,0.110977,0.102627,0.100987,0.098359,0.089834
0.039823,0.043664,0.251559,0.042972,0.036353,0.420276,0.036807,0.039557,0.052170,0.036820
0.063783,0.070947,0.064780,0.061527,0.078008,0.413762,0.059448,0.066739,0.057988,0.063018
0.079490,0.080376,0.096890,0.072602,0.072450,0.072495,0.295870,0.070655,0.086981,0.072190
0.052422,0.063719,0.047777,0.072296,0.052502,0.047607,0.049095,0.047877,0.048629,0.518076
0.092184,0.116089,0.092165,0.094583,0.091875,0.108783,0.108679,0.097326,0.107613,0.090701
0.067412,0.074414,0.064552,0.083053,0.064128,0.371461,0.062780,0.063490,0.078033,0.070676
0.094592,0.124257,0.091408,0.095505,0.095089,0.103762,0.103746,0.112832,0.085239,0.093571
0.042028,0.478877,0.034249,0.034589,0.044593,0.048065,0.199346,0.033438,0.045214,0.039601
0.092804,0.105469,0.092886,0.101027,0.099867,0.108147,0.092219,0.105627,0.107638,0.094317
0.037538,0.498989,0.033395,0.032419,0.041864,0.036964,0.190917,0.045587,0.044804,0.037523
0.103954,0.104193,0.118008,0.094810,0.091692,0.107763,0.091251,0.092105,0.093236,0.102989
0.094180,0.122235,0.096839,0.094159,0.090439,0.105213,0.108402,0.095717,0.092594,0.100222
0.100246,0.103077,0.092299,0.097502,0.092685,0.094636,0.113665,0.102832,0.109672,0.093386
0.097618,0.105737,0.094404,0.107835,0.109034,0.095353,0.105636,0.095027,0.090961,0.098396
0.091433,0.116245,0.092403,0.087811,0.111704,0.090005,0.105543,0.102779,0.107365,0.094712
0.041980,0.485231,0.034108,0.045691,0.060377,0.034889,0.195437,0.037435,0.032054,0.032797
0.101103,0.125138,0.091059,0.093384,0.090317,0.111055,0.096927,0.094579,0.095412,0.101025
0.063534,0.083726,0.067975,0.068445,0.061635,0.393029,0.061850,0.063083,0.067577,0.069147
0.095353,0.110182,0.093671,0.096972,0.100358,0.122225,0.105422,0.098566,0.086230,0.091020
0.050438,0.053828,0.039386,0.057817,0.051326,0.044160,0.039070,0.053240,0.039655,0.571079
0.034689,0.475699,0.036440,0.039295,0.046647,0.038585,0.187247,0.038699,0.036001,0.066697
0.052271,0.049918,0.043701,0.077017,0.040536,0.052205,0.040650,0.056079,0.053396,0.534228
0.126106,0.100272,0.090043,0.091206,0.108912,0.098347,0.105750,0.098059,0.086763,0.094542
0.096620,0.112038,0.099081,0.094420,0.093551,0.107416,0.096982,0.104428,0.098589,0.096875
0.044480,0.056173,0.043359,0.078995,0.044187,0.045958,0.040222,0.044633,0.039419,0.562574
0.039154,0.036422,0.246243,0.035949,0.040157,0.440662,0.037242,0.046669,0.039391,0.038111
0.095710,0.114105,0.091560,0.089270,0.102431,0.090308,0.101196,0.111756,0.102656,0.101008
0.092166,0.123745,0.089585,0.103453,0.090527,0.101226,0.101493,0.100853,0.106504,0.090448
0.035914,0.038988,0.251953,0.041028,0.058427,0.439739,0.032032,0.033379,0.034112,0.034429
0.123776,0.103991,0.091268,0.091835,0.091482,0.101499,0.109301,0.101473,0.091809,0.093566
0.097013,0.103893,0.094034,0.093164,0.093798,0.120042,0.108446,0.100668,0.091020,0.097923
0.040743,0.483079,0.040834,0.036592,0.037093,0.036849,0.199318,0.042997,0.044522,0.037973
0.063355,0.035601,0.242791,0.036353,0.035166,0.440873,0.034805,0.039761,0.037377,0.033916
0.124199,0.100463,0.092313,0.100008,0.089185,0.090627,0.094667,0.111696,0.107399,0.089444
0.034272,0.468685,0.033112,0.044052,0.053863,0.065709,0.177294,0.032076,0.058138,0.032800
0.040687,0.465810,0.042529,0.036634,0.036827,0.042540,0.203231,0.045885,0.047504,0.038353
0.106248,0.111590,0.100501,0.097955,0.094393,0.096121,0.105405,0.095840,0.097403,0.094544
0.107141,0.108110,0.090886,0.100867,0.090914,0.109671,0.093656,0.115337,0.088430,0.094987
0.103369,0.108920,0.097602,0.096139,0.092210,0.093910,0.107858,0.105931,0.097187,0.096874
0.048087,0.395726,0.050561,0.049100,0.049442,0.049689,0.201871,0.056074,0.047883,0.051568
0.044790,0.425758,0.040997,0.045783,0.045470,0.050527,0.210213,0.050779,0.041628,0.044055
0.106949,0.109684,0.094255,0.092928,0.106501,0.101780,0.103666,0.092453,0.088835,0.102948
0.067717,0.070431,0.066084,0.063751,0.070016,0.380843,0.062331,0.082796,0.064248,0.071783
0.096851,0.109939,0.091904,0.095293,0.105615,0.113574,0.088090,0.111751,0.096421,0.090562
0.038657,0.044702,0.231373,0.038013,0.038880,0.439521,0.042217,0.043857,0.042609,0.040171
0.096945,0.110649,0.093179,0.093221,0.093519,0.106929,0.104909,0.094888,0.099358,0.106401
0.095723,0.108755,0.098547,0.091490,0.095441,0.120379,0.092150,0.116322,0.088931,0.092262
0.093962,0.105885,0.094192,0.104733,0.107512,0.105612,0.106894,0.093594,0.094359,0.093256
0.093138,0.101848,0.097449,0.098287,0.095747,0.111706,0.098086,0.104492,0.097523,0.101724
0.073147,0.076028,0.093051,0.069138,0.067980,0.085709,0.306115,0.076874,0.082994,0.068962
0.104915,0.105100,0.114404,0.090360,0.106309,0.099347,0.101168,0.098329,0.087490,0.092578
0.038139,0.054252,0.251534,0.045242,0.030322,0.448726,0.037357,0.030020,0.032709,0.031699
0.121009,0.102173,0.097084,0.095567,0.090878,0.088604,0.105782,0.101482,0.093557,0.103864
0.088043,0.095433,0.084435,0.092249,0.085475,0.108818,0.094962,0.096268,0.170193,0.084122
0.070250,0.344577,0.069685,0.070215,0.069316,0.081927,0.073446,0.077013,0.071622,0.071949
0.043084,0.040477,0.240371,0.050768,0.037355,0.444479,0.036095,0.033423,0.037163,0.036784
0.070082,0.093754,0.318796,0.069047,0.071633,0.078273,0.079740,0.076245,0.070664,0.071765
0.091793,0.109325,0.116254,0.091018,0.088664,0.112638,0.102543,0.094651,0.096227,0.096887
0.101490,0.099167,0.096787,0.109494,0.108703,0.104195,0.105132,0.091390,0.092460,0.091183
0.094777,0.105867,0.091568,0.096186,0.101829,0.104689,0.095641,0.103435,0.107876,0.098132
0.095665,0.108403,0.095137,0.094295,0.102507,0.092895,0.102391,0.114302,0.092105,0.102300
0.088479,0.117817,0.090211,0.100891,0.108879,0.105703,0.087915,0.094255,0.105598,0.100253
0.090545,0.078059,0.059488,0.059489,0.075047,0.379010,0.060521,0.071570,0.059441,0.066832
0.093370,0.101912,0.099140,0.095062,0.109085,0.093392,0.101971,0.116812,0.096959,0.092297
0.091538,0.112132,0.090666,0.090837,0.116194,0.099510,0.104790,0.112062,0.092866,0.089407
0.100204,0.109182,0.094973,0.108079,0.098540,0.096548,0.095167,0.101873,0.095448,0.099986
0.073551,0.072470,0.067005,0.086609,0.066090,0.350404,0.075735,0.076277,0.064149,0.067711
0.096840,0.103886,0.102922,0.099606,0.101638,0.096800,0.095253,0.096696,0.108734,0.097624
0.042715,0.442219,0.039202,0.038824,0.042027,0.043493,0.211134,0.049068,0.053090,0.038227
0.045115,0.489451,0.036836,0.036020,0.034981,0.043689,0.206127,0.033439,0.036874,0.037467
0.096213,0.099098,0.125494,0.107834,0.090372,0.103931,0.090946,0.105863,0.088290,0.091959
0.062241,0.041886,0.039986,0.059221,0.043853,0.040042,0.040719,0.046892,0.050844,0.574318
0.118885,0.111818,0.086459,0.087611,0.096663,0.086490,0.103311,0.108777,0.103698,0.096288
0.039128,0.488248,0.038031,0.045641,0.034020,0.035555,0.206007,0.042393,0.038193,0.032783
0.042233,0.051413,0.244942,0.037439,0.038724,0.420571,0.037709,0.041760,0.045174,0.040035
0.104470,0.115720,0.088514,0.112955,0.101491,0.114443,0.088264,0.095295,0.085902,0.092948
0.093963,0.100017,0.093713,0.114461,0.103182,0.109647,0.093533,0.098716,0.096749,0.096018
0.058182,0.052297,0.047310,0.070201,0.046842,0.059092,0.048677,0.046354,0.048546,0.522498
0.035454,0.043237,0.246693,0.036120,0.057181,0.426490,0.037825,0.044559,0.035716,0.036724
0.095236,0.101726,0.122335,0.089061,0.109522,0.118068,0.089491,0.089974,0.094370,0.090215
0.106949,0.099542,0.094409,0.102806,0.111440,0.091572,0.095645,0.112533,0.095213,0.089891
0.094237,0.098436,0.087305,0.090971,0.104346,0.119002,0.096231,0.115242,0.098450,0.095780
0.127469,0.106663,0.091751,0.094471,0.113255,0.093510,0.091435,0.092297,0.093729,0.095420
0.121339,0.100333,0.092719,0.097633,0.116065,0.087531,0.106206,0.090767,0.092464,0.094943
0.089176,0.102641,0.090227,0.089401,0.087710,0.099506,0.087933,0.096657,0.165500,0.091249
0.119872,0.112408,0.085696,0.100558,0.097601,0.088501,0.103179,0.099474,0.096579,0.096131
0.088595,0.039414,0.253566,0.037839,0.037070,0.409479,0.033203,0.032996,0.034918,0.032921
0.097286,0.104412,0.096450,0.105883,0.092661,0.102692,0.093281,0.106462,0.097700,0.103173
0.059482,0.043142,0.264143,0.036423,0.039514,0.395363,0.037182,0.042901,0.044498,0.037352
0.096883,0.125020,0.090888,0.116001,0.108925,0.091253,0.102374,0.091113,0.087378,0.090166
0.071392,0.073560,0.065096,0.065734,0.082668,0.359208,0.072434,0.063969,0.078505,0.067434
0.095293,0.124747,0.091481,0.104734,0.092404,0.093331,0.107656,0.098246,0.094316,0.097791
0.101244,0.112853,0.096591,0.095700,0.104672,0.096317,0.098371,0.104320,0.094745,0.095188
0.042744,0.454940,0.038311,0.037807,0.037854,0.044300,0.223676,0.045258,0.037418,0.037691
0.103227,0.110975,0.095042,0.095581,0.096155,0.112604,0.104569,0.093660,0.094636,0.093554
0.042480,0.044424,0.040991,0.050726,0.044045,0.049599,0.046253,0.040713,0.044413,0.596355
0.102439,0.109148,0.098269,0.099677,0.101564,0.093888,0.106755,0.101090,0.096128,0.091042
0.095072,0.107107,0.096427,0.090002,0.111469,0.103888,0.110642,0.101340,0.093584,0.090469
0.038337,0.052605,0.037394,0.064456,0.049436,0.038592,0.039605,0.040999,0.038360,0.600217
0.049358,0.422442,0.043476,0.045585,0.047721,0.044710,0.204927,0.050442,0.044449,0.046891
0.096184,0.113304,0.098187,0.100042,0.092604,0.107968,0.106462,0.097705,0.092659,0.094884
0.098556,0.106898,0.091171,0.103945,0.093085,0.117820,0.096752,0.104016,0.097470,0.090288
0.098936,0.102437,0.098336,0.107171,0.105000,0.097006,0.101207,0.096385,0.098057,0.095465
0.097314,0.104214,0.096134,0.100352,0.101037,0.108383,0.096078,0.101159,0.098084,0.097245
0.100201,0.106340,0.094089,0.100381,0.093567,0.110074,0.106210,0.103012,0.096059,0.090066
0.041223,0.047681,0.250466,0.032595,0.048457,0.410625,0.029919,0.051075,0.056445,0.031514
0.093947,0.104365,0.121160,0.093444,0.101775,0.104740,0.090377,0.105889,0.092985,0.091319
0.038896,0.036913,0.251529,0.038646,0.032286,0.430397,0.037473,0.035209,0.038299,0.060353
0.034662,0.475313,0.037236,0.043309,0.051958,0.044558,0.180695,0.043447,0.056615,0.032207
0.044650,0.039011,0.247452,0.045968,0.034249,0.439820,0.034882,0.037903,0.040303,0.035762
0.105824,0.099265,0.088917,0.098955,0.087900,0.115196,0.107550,0.099241,0.099089,0.098062
0.116791,0.109705,0.092798,0.107385,0.088629,0.103985,0.089325,0.098927,0.102772,0.089684
0.094307,0.069954,0.066782,0.067527,0.075341,0.341196,0.080440,0.073461,0.063214,0.067779
0.095901,0.100785,0.102535,0.097264,0.105165,0.109791,0.096618,0.100963,0.096110,0.094868
0.073127,0.079755,0.309644,0.075462,0.083006,0.072113,0.074919,0.072190,0.086604,0.073179
0.054258,0.458146,0.035242,0.047677,0.037954,0.045282,0.178376,0.047852,0.060154,0.035057
0.092913,0.105401,0.094581,0.098401,0.109451,0.091005,0.107399,0.100126,0.100957,0.099766
0.096728,0.110988,0.095254,0.098751,0.094648,0.092002,0.114008,0.105098,0.095097,0.097426
0.044633,0.055193,0.041426,0.064535,0.052864,0.050952,0.045418,0.046103,0.046623,0.552254
0.094977,0.114751,0.094158,0.112227,0.100749,0.103296,0.105702,0.091778,0.091267,0.091095
0.096630,0.099827,0.094163,0.104160,0.094513,0.103089,0.097871,0.104957,0.108224,0.096566
0.070211,0.081680,0.319609,0.093784,0.067435,0.078464,0.068519,0.076317,0.070715,0.073265
0.094110,0.102520,0.125696,0.096726,0.092010,0.094773,0.095531,0.106734,0.098074,0.093826
0.106692,0.100319,0.095926,0.114901,0.093851,0.091436,0.094157,0.116465,0.091100,0.095153
0.041469,0.042036,0.054255,0.067908,0.037989,0.046667,0.039469,0.045160,0.039531,0.585518
0.104602,0.106451,0.094034,0.100198,0.108428,0.094387,0.095083,0.096588,0.092075,0.108154
0.097395,0.102565,0.093997,0.090294,0.113513,0.093156,0.097168,0.102483,0.109186,0.100242
0.087415,0.113713,0.090240,0.087444,0.084170,0.099421,0.086151,0.089508,0.168987,0.092952
0.102502,0.103347,0.092410,0.094245,0.110184,0.116810,0.100134,0.091263,0.092359,0.096746
0.092626,0.100205,0.092559,0.112938,0.105509,0.103039,0.094461,0.101744,0.105767,0.091153
0.069092,0.453498,0.037538,0.036156,0.036318,0.049089,0.198255,0.034017,0.048272,0.037766
0.095153,0.097450,0.096720,0.104623,0.108042,0.091645,0.091763,0.114513,0.098965,0.101127
0.096957,0.113154,0.101910,0.095460,0.104925,0.095611,0.094242,0.106153,0.096658,0.094931
0.105177,0.120820,0.090892,0.101499,0.104645,0.107234,0.089283,0.100898,0.088496,0.091057
0.058353,0.046760,0.039134,0.054635,0.044853,0.046746,0.039875,0.042931,0.047014,0.579698
0.096781,0.105229,0.091103,0.094905,0.094427,0.108827,0.108246,0.101100,0.107791,0.091591
0.097618,0.114044,0.118866,0.096899,0.097645,0.104241,0.087151,0.100018,0.095436,0.088082
0.108002,0.109597,0.098161,0.095897,0.099977,0.096300,0.094597,0.096085,0.095022,0.106362
0.042801,0.467146,0.041982,0.036529,0.039441,0.042358,0.211277,0.035328,0.042739,0.040399
0.071681,0.096167,0.296718,0.073316,0.081660,0.070451,0.079944,0.082391,0.076408,0.071264
0.097539,0.111316,0.095110,0.097181,0.099228,0.109217,0.094742,0.096163,0.100044,0.099460
0.114800,0.114284,0.110693,0.089702,0.100245,0.101726,0.086585,0.105603,0.089655,0.086707
0.043328,0.056534,0.261610,0.042318,0.031021,0.429508,0.029505,0.027492,0.048567,0.030118
0.042657,0.054642,0.044672,0.048329,0.050383,0.044158,0.041961,0.043636,0.046382,0.583179
0.094562,0.097182,0.088680,0.107548,0.112671,0.104198,0.088972,0.109594,0.104245,0.092346
0.042268,0.045101,0.041903,0.053984,0.047845,0.039867,0.041385,0.043910,0.045174,0.598564
0.126848,0.100543,0.089614,0.101756,0.098955,0.099478,0.088797,0.096983,0.107541,0.089484
0.043656,0.047924,0.040743,0.048933,0.046692,0.045279,0.043182,0.053881,0.045835,0.583875
0.042867,0.047780,0.055819,0.064746,0.043781,0.050386,0.049082,0.042934,0.045321,0.557284
0.039971,0.489095,0.033821,0.040755,0.047022,0.044185,0.201125,0.030986,0.034540,0.038500
0.040132,0.039289,0.259296,0.043833,0.031047,0.435522,0.031925,0.039437,0.044779,0.034739
0.100584,0.102353,0.091134,0.100656,0.109827,0.095895,0.093491,0.108592,0.092685,0.104785
0.036129,0.477636,0.035891,0.048940,0.037944,0.040752,0.207429,0.041133,0.037578,0.036569
0.096413,0.106286,0.095267,0.100222,0.100247,0.097561,0.108772,0.100947,0.099889,0.094395
0.039679,0.482229,0.050850,0.029858,0.041607,0.033296,0.180766,0.037990,0.038251,0.065474
0.096702,0.108615,0.097595,0.093267,0.115905,0.096010,0.101033,0.095747,0.100448,0.094677
0.052610,0.049177,0.040768,0.053801,0.051893,0.045964,0.046041,0.055146,0.043460,0.561140
0.034864,0.037278,0.250579,0.041817,0.034292,0.444813,0.028239,0.035305,0.041692,0.051122
0.044895,0.048745,0.042768,0.055927,0.054526,0.042210,0.042463,0.047701,0.050154,0.570612
0.095587,0.102520,0.096337,0.098500,0.094316,0.111196,0.096815,0.100130,0.107864,0.096736
