0.101201,0.099604,0.100543,0.098481,0.099511,0.099545,0.095452,0.101173,0.107454,0.097037
0.104450,0.100528,0.101422,0.097097,0.099714,0.100531,0.094149,0.097765,0.102671,0.101672
0.094402,0.098527,0.087380,0.096130,0.093868,0.097016,0.087539,0.119354,0.131401,0.094382
0.101452,0.101025,0.094925,0.099707,0.105306,0.104124,0.095537,0.097801,0.099640,0.100483
0.101492,0.102909,0.098141,0.103557,0.092937,0.096112,0.103965,0.100620,0.100180,0.100086
0.097200,0.096701,0.098432,0.100529,0.098895,0.100103,0.098686,0.100759,0.110045,0.098652
0.095625,0.099606,0.097165,0.098519,0.100594,0.098456,0.104028,0.097384,0.108256,0.100367
0.094629,0.102198,0.093828,0.098602,0.096109,0.103608,0.100669,0.097492,0.113508,0.099357
0.098848,0.095426,0.098289,0.100275,0.105752,0.102722,0.103813,0.100977,0.096525,0.097373
0.109457,0.096558,0.085507,0.094129,0.083623,0.098064,0.087507,0.124399,0.134875,0.085881
0.100771,0.089284,0.137480,0.126827,0.091090,0.094953,0.086758,0.086299,0.098107,0.088431
0.094697,0.098947,0.089395,0.131851,0.098376,0.096186,0.095139,0.104540,0.098318,0.092550
0.102107,0.085434,0.133250,0.124615,0.092066,0.093779,0.085793,0.086835,0.111829,0.084291
0.097937,0.096097,0.102551,0.100242,0.103264,0.101531,0.094016,0.100440,0.101722,0.102199
0.101708,0.096762,0.100040,0.102797,0.103197,0.095582,0.097461,0.101334,0.101871,0.099250
0.097045,0.086900,0.095246,0.095251,0.091421,0.098766,0.092977,0.121152,0.133007,0.088234
0.103310,0.102078,0.095972,0.097715,0.099686,0.101578,0.096558,0.098899,0.108945,0.095260
0.102298,0.096038,0.093840,0.096707,0.100214,0.099005,0.104225,0.101312,0.111674,0.094687
0.091701,0.084501,0.133052,0.125421,0.109552,0.095848,0.088727,0.092169,0.087433,0.091595
0.091887,0.094641,0.132859,0.122086,0.090934,0.091861,0.094106,0.087835,0.108556,0.085234
0.097390,0.096921,0.093099,0.097340,0.107427,0.094447,0.101507,0.099089,0.114541,0.098239
0.095732,0.086218,0.096963,0.094843,0.090952,0.097645,0.089482,0.123738,0.136649,0.087779
0.105301,0.097150,0.102981,0.101169,0.098162,0.104009,0.100137,0.096922,0.097955,0.096215
0.103992,0.099464,0.097122,0.094480,0.106124,0.102019,0.096542,0.100662,0.101439,0.098155
0.098405,0.097332,0.095336,0.102036,0.101059,0.104798,0.105850,0.099850,0.096098,0.099236
0.099761,0.102635,0.101031,0.097407,0.103074,0.099621,0.101678,0.100477,0.101022,0.093296
0.101882,0.101645,0.096125,0.112189,0.094553,0.102079,0.098074,0.097243,0.101164,0.095047
0.101579,0.097044,0.089187,0.091470,0.091469,0.088707,0.093411,0.122419,0.136248,0.088467
0.103866,0.100140,0.097867,0.100555,0.100512,0.100366,0.093599,0.101424,0.100659,0.101012
0.099294,0.103399,0.094321,0.099324,0.092529,0.106254,0.105417,0.102350,0.096809,0.100303
0.093042,0.088943,0.089370,0.090146,0.093701,0.095104,0.101339,0.124743,0.138173,0.085440
0.085266,0.089801,0.131582,0.120844,0.104306,0.091865,0.088576,0.091469,0.108986,0.087304
0.105143,0.102390,0.095584,0.099070,0.099829,0.101985,0.095409,0.099560,0.104526,0.096502
0.102871,0.102301,0.098430,0.099406,0.099684,0.104232,0.093166,0.097044,0.101974,0.100892
0.102216,0.103950,0.095517,0.098935,0.098654,0.107008,0.095238,0.100309,0.098400,0.099774
0.099585,0.098122,0.101227,0.093525,0.104903,0.107333,0.097211,0.103971,0.096971,0.097152
0.099856,0.095938,0.103930,0.093625,0.109634,0.103273,0.100911,0.098433,0.099101,0.095298
0.100025,0.096217,0.096288,0.100045,0.100759,0.099560,0.093752,0.101892,0.113257,0.098204
0.093481,0.098632,0.131825,0.124832,0.081626,0.113504,0.088349,0.092027,0.089400,0.086324
0.097223,0.093658,0.095682,0.095409,0.098369,0.098085,0.095945,0.096500,0.133271,0.095858
0.087451,0.089900,0.132252,0.121275,0.104651,0.095233,0.095092,0.088968,0.091593,0.093585
0.103852,0.097008,0.099557,0.098013,0.101361,0.101155,0.102889,0.099032,0.098010,0.099122
0.104571,0.103051,0.094425,0.097258,0.097306,0.104921,0.098383,0.100154,0.104406,0.095526
0.103983,0.104352,0.095649,0.102587,0.098583,0.095713,0.097970,0.101756,0.099852,0.099556
0.097779,0.096256,0.094593,0.097945,0.102417,0.105477,0.098635,0.099394,0.109425,0.098076
0.096093,0.104279,0.100270,0.099666,0.097981,0.103205,0.097998,0.095729,0.103792,0.100987
0.097295,0.102777,0.101576,0.101702,0.097866,0.100695,0.102477,0.098920,0.101002,0.095690
0.104498,0.096381,0.100955,0.099968,0.103064,0.104387,0.094173,0.100361,0.100887,0.095326
0.103108,0.100167,0.093431,0.117784,0.097660,0.098735,0.094414,0.098040,0.102254,0.094406
0.092755,0.085738,0.101220,0.092799,0.090696,0.094536,0.086921,0.123402,0.135435,0.096499
0.098159,0.103409,0.095138,0.102088,0.091934,0.102772,0.104193,0.101359,0.102177,0.098771
0.087625,0.097746,0.089099,0.089724,0.106226,0.097489,0.086359,0.119279,0.130523,0.095930
0.103906,0.099016,0.088983,0.089576,0.083586,0.091602,0.099847,0.122527,0.135353,0.085604
0.102123,0.102246,0.098231,0.098824,0.098323,0.099881,0.099569,0.094435,0.110649,0.095718
0.091335,0.087639,0.134279,0.126625,0.082246,0.091394,0.091747,0.091486,0.116192,0.087057
0.100534,0.096842,0.093858,0.102125,0.099505,0.095514,0.102171,0.099681,0.110780,0.098991
0.096402,0.102561,0.099011,0.099988,0.100244,0.100548,0.105472,0.100492,0.097106,0.098175
0.102260,0.094521,0.094930,0.090018,0.099614,0.103298,0.104651,0.099171,0.114493,0.097045
0.101311,0.097902,0.094444,0.098787,0.103460,0.101526,0.101919,0.101522,0.104317,0.094812
0.099665,0.096663,0.095738,0.100313,0.109996,0.097112,0.096603,0.101397,0.101611,0.100903
0.105611,0.094724,0.098830,0.098120,0.102890,0.106090,0.095251,0.099925,0.099362,0.099196
0.101366,0.102846,0.093970,0.091523,0.098616,0.104295,0.102703,0.095912,0.110413,0.098356
0.104621,0.095335,0.103155,0.099051,0.103281,0.096019,0.099708,0.099523,0.096442,0.102865
0.101730,0.103648,0.099968,0.092820,0.104415,0.104257,0.094841,0.103046,0.096108,0.099167
0.103215,0.103735,0.101089,0.097130,0.105808,0.102924,0.096042,0.098104,0.094364,0.097589
0.097351,0.102249,0.096089,0.099733,0.097109,0.104379,0.100804,0.100122,0.104097,0.098068
0.101999,0.101925,0.099463,0.115429,0.098118,0.101080,0.091418,0.097547,0.098173,0.094848
0.097075,0.104449,0.092792,0.100585,0.100719,0.102763,0.102691,0.102328,0.101289,0.095310
0.092474,0.086608,0.096932,0.101429,0.091539,0.091893,0.099244,0.117422,0.127340,0.095119
0.101599,0.096668,0.101428,0.097829,0.101372,0.104239,0.101260,0.097734,0.096050,0.101819
0.089623,0.092181,0.093743,0.090424,0.105124,0.093668,0.086147,0.120721,0.133729,0.094640
0.091865,0.088000,0.131147,0.121616,0.104897,0.108989,0.085417,0.084082,0.097987,0.086001
0.101193,0.103289,0.099020,0.101617,0.097781,0.101027,0.102483,0.098840,0.099008,0.095742
0.103426,0.103196,0.102121,0.100685,0.097513,0.101490,0.098539,0.100587,0.098562,0.093880
0.099389,0.098715,0.095208,0.101831,0.099435,0.096093,0.106877,0.098298,0.100753,0.103403
0.096977,0.093339,0.094765,0.117056,0.100599,0.094545,0.105534,0.100497,0.097986,0.098701
0.096289,0.102456,0.097942,0.099677,0.105231,0.100981,0.095628,0.099268,0.101994,0.100534
0.100046,0.096623,0.096558,0.097921,0.099969,0.104714,0.102644,0.099105,0.104160,0.098259
0.101986,0.103647,0.099037,0.102420,0.091583,0.106880,0.096039,0.096883,0.102125,0.099397
0.093740,0.093232,0.094679,0.094930,0.094391,0.092029,0.097741,0.119922,0.132490,0.086846
0.091784,0.094461,0.086286,0.092846,0.082510,0.114007,0.088046,0.123826,0.136405,0.089829
0.105319,0.095882,0.102611,0.103202,0.099157,0.096316,0.096863,0.100488,0.100240,0.099922
0.101603,0.095418,0.097090,0.098889,0.105060,0.099205,0.092796,0.097723,0.111869,0.100348
0.100699,0.096959,0.099582,0.100812,0.094646,0.097705,0.101596,0.105065,0.106640,0.096295
0.101156,0.099926,0.084255,0.093642,0.095372,0.091389,0.088585,0.122075,0.132812,0.090786
0.087023,0.098751,0.095933,0.081283,0.093917,0.104072,0.098792,0.117365,0.128374,0.094490
0.103934,0.103540,0.099501,0.097762,0.091914,0.100542,0.102088,0.098520,0.099339,0.102859
0.096611,0.095521,0.095404,0.100358,0.099441,0.098750,0.094099,0.096374,0.129092,0.094350
0.100697,0.091375,0.086622,0.090342,0.091825,0.100059,0.096646,0.117424,0.131137,0.093871
0.100218,0.094191,0.098690,0.092122,0.107452,0.105897,0.098946,0.101298,0.105385,0.095802
0.097610,0.094555,0.097183,0.114154,0.097850,0.101597,0.096338,0.098168,0.106651,0.095896
0.095791,0.099998,0.097199,0.100140,0.096281,0.099090,0.101622,0.098478,0.111142,0.100259
0.104502,0.095089,0.102426,0.093145,0.102339,0.102019,0.096590,0.102032,0.098497,0.103360
0.096678,0.100221,0.101389,0.099427,0.100109,0.103166,0.100967,0.097596,0.102856,0.097590
0.099921,0.095716,0.094184,0.118721,0.098305,0.105089,0.096383,0.095762,0.100825,0.095095
0.097635,0.100195,0.098231,0.099145,0.100835,0.101423,0.100534,0.099635,0.110979,0.091387
0.104341,0.094433,0.097035,0.101009,0.097984,0.100169,0.105639,0.099695,0.103882,0.095813
0.090741,0.099247,0.131698,0.124720,0.096856,0.095890,0.091887,0.088780,0.089463,0.090716
0.098757,0.095155,0.102296,0.101305,0.098733,0.106323,0.097928,0.103356,0.099438,0.096709
0.097560,0.100155,0.099936,0.115654,0.096718,0.101548,0.092978,0.096716,0.099107,0.099627
0.098485,0.098917,0.097703,0.096639,0.098824,0.096623,0.092547,0.095484,0.130823,0.093954
0.101536,0.094135,0.099694,0.117511,0.091672,0.104562,0.099014,0.098752,0.097302,0.095821
0.092163,0.085890,0.091088,0.089734,0.096653,0.102706,0.093727,0.123762,0.136768,0.087509
0.098611,0.102586,0.099868,0.099370,0.098839,0.102037,0.094504,0.096559,0.107927,0.099699
0.099694,0.100116,0.101181,0.090576,0.101152,0.099161,0.103867,0.094872,0.112050,0.097332
0.104573,0.103576,0.094647,0.092292,0.091603,0.105119,0.096272,0.101686,0.111348,0.098884
0.104527,0.094360,0.093662,0.100224,0.098680,0.100458,0.102881,0.102208,0.101296,0.101704
0.097316,0.103112,0.102735,0.091902,0.097690,0.094790,0.103738,0.098603,0.114695,0.095418
0.094613,0.099710,0.098073,0.097225,0.099186,0.091472,0.092077,0.096908,0.131710,0.099026
0.102989,0.102793,0.099450,0.100724,0.098749,0.099771,0.096992,0.096373,0.103491,0.098670
0.099632,0.103931,0.098971,0.100928,0.097072,0.104455,0.093833,0.095937,0.103875,0.101366
0.098442,0.104082,0.094044,0.101550,0.092564,0.104362,0.102603,0.103133,0.104978,0.094242
0.089167,0.097064,0.131405,0.122036,0.093662,0.091036,0.090860,0.097069,0.092875,0.094824
0.095429,0.095183,0.133062,0.125592,0.088922,0.104065,0.087897,0.090857,0.094674,0.084318
0.100458,0.097359,0.100167,0.092544,0.091868,0.104897,0.102568,0.102781,0.104319,0.103038
0.101086,0.102725,0.092738,0.100190,0.100692,0.104358,0.095134,0.098198,0.109865,0.095015
0.101202,0.102893,0.093054,0.097863,0.103435,0.106448,0.094061,0.100840,0.101560,0.098644
0.094707,0.096083,0.084314,0.104613,0.094657,0.094559,0.086585,0.121158,0.132103,0.091221
0.101909,0.097100,0.101678,0.102715,0.100999,0.103534,0.097445,0.101442,0.099248,0.093931
0.092729,0.083656,0.132888,0.122857,0.087339,0.093933,0.095920,0.089173,0.112890,0.088614
0.105898,0.091099,0.128541,0.120402,0.094223,0.093345,0.090279,0.094172,0.092588,0.089454
0.101312,0.097681,0.097617,0.092893,0.104469,0.104876,0.104213,0.097596,0.099862,0.099481
0.100502,0.104162,0.094114,0.101096,0.102336,0.105985,0.101410,0.097707,0.094772,0.097916
0.096106,0.092582,0.093232,0.100850,0.101283,0.098607,0.092795,0.096630,0.130709,0.097207
0.103867,0.103346,0.095166,0.101653,0.097777,0.104085,0.094718,0.099439,0.101397,0.098553
0.088499,0.090300,0.130974,0.119810,0.090338,0.107822,0.094644,0.090055,0.096930,0.090627
0.104778,0.105866,0.100487,0.092919,0.102655,0.096092,0.098018,0.099861,0.100042,0.099281
0.086810,0.097268,0.131548,0.122976,0.092723,0.093686,0.087661,0.093353,0.100083,0.093892
0.100215,0.096574,0.093456,0.101731,0.103784,0.104185,0.094711,0.096603,0.109845,0.098897
0.100913,0.094134,0.095273,0.098195,0.101415,0.104425,0.103677,0.100558,0.099222,0.102187
0.101347,0.094993,0.096772,0.098791,0.100263,0.099986,0.096613,0.098421,0.112730,0.100084
0.098772,0.104004,0.101335,0.090299,0.099943,0.101741,0.097470,0.097318,0.114790,0.094328
0.104564,0.100763,0.100348,0.099892,0.106549,0.094489,0.100549,0.100017,0.097929,0.094899
0.099323,0.097580,0.100764,0.098940,0.101958,0.106167,0.096511,0.099511,0.102867,0.096378
0.096239,0.096284,0.092520,0.089138,0.105353,0.092541,0.089598,0.116858,0.130034,0.091437
0.097213,0.094639,0.086668,0.094396,0.094843,0.096754,0.087806,0.123246,0.133480,0.090956
0.098947,0.090128,0.131905,0.123580,0.093556,0.094613,0.092309,0.089605,0.100612,0.084745
0.100718,0.080613,0.127562,0.117763,0.103818,0.097407,0.082656,0.090569,0.107278,0.091615
0.098337,0.097263,0.101424,0.098463,0.102884,0.095321,0.105287,0.096847,0.101820,0.102354
0.088118,0.095108,0.131361,0.123932,0.094302,0.092807,0.098855,0.090170,0.099904,0.085443
0.105309,0.096865,0.101691,0.098501,0.098107,0.104547,0.103537,0.099664,0.095777,0.096002
0.094822,0.101336,0.092398,0.114643,0.098453,0.099792,0.099015,0.097735,0.102163,0.099644
0.103889,0.096565,0.101068,0.100244,0.097565,0.099757,0.103163,0.097861,0.101385,0.098504
0.099359,0.098790,0.103313,0.099926,0.105527,0.096503,0.096157,0.102610,0.097161,0.100656
0.102032,0.100743,0.094508,0.115204,0.095425,0.101844,0.092305,0.096825,0.101153,0.099962
0.105441,0.103411,0.102740,0.102296,0.090668,0.100122,0.106396,0.098303,0.095306,0.095315
0.095629,0.101320,0.100009,0.099612,0.100131,0.102069,0.099893,0.100566,0.108656,0.092115
0.089144,0.089336,0.132925,0.124123,0.092871,0.089818,0.095932,0.085212,0.113593,0.087046
0.103790,0.102216,0.092535,0.100424,0.098213,0.104566,0.093361,0.097969,0.109242,0.097684
0.088378,0.096388,0.132676,0.122101,0.091107,0.088498,0.095304,0.087883,0.111694,0.085972
0.100115,0.096833,0.093663,0.100213,0.098655,0.103769,0.101071,0.099267,0.104777,0.101637
0.100583,0.097215,0.092221,0.112425,0.100065,0.101550,0.090314,0.125129,0.091698,0.088800
0.088517,0.099807,0.100594,0.081990,0.109677,0.093476,0.088777,0.120068,0.130955,0.086140
0.102373,0.093204,0.097457,0.099928,0.098876,0.102817,0.101694,0.095671,0.111048,0.096931
0.100014,0.098553,0.098997,0.104417,0.093774,0.104131,0.096488,0.101405,0.104270,0.097951
0.097084,0.101050,0.094581,0.117969,0.091798,0.100344,0.093921,0.100615,0.109192,0.093446
0.100609,0.091503,0.128416,0.118172,0.085284,0.095866,0.094134,0.094248,0.107180,0.084587
0.092544,0.095336,0.085721,0.093590,0.091053,0.098241,0.089532,0.123891,0.137073,0.093019
0.096315,0.102340,0.100604,0.097533,0.102747,0.094248,0.102724,0.097949,0.104285,0.101256
0.091998,0.097201,0.135097,0.094480,0.097904,0.094568,0.097836,0.094285,0.104823,0.091809
0.097006,0.102952,0.096499,0.101090,0.100865,0.094616,0.094079,0.102106,0.109098,0.101689
0.102212,0.096912,0.095192,0.098182,0.101263,0.102835,0.106595,0.101704,0.096238,0.098867
0.100959,0.103936,0.098824,0.097794,0.101990,0.103657,0.098384,0.100321,0.098577,0.095558
0.093757,0.098963,0.086148,0.092067,0.089493,0.099751,0.098525,0.121062,0.133532,0.086700
0.097164,0.103032,0.099300,0.097606,0.102568,0.104102,0.103539,0.096371,0.098097,0.098220
0.103465,0.092316,0.088071,0.089224,0.082409,0.101161,0.101311,0.120791,0.132217,0.089037
0.098725,0.098338,0.094397,0.093365,0.102179,0.101148,0.105055,0.102540,0.100410,0.103843
0.095983,0.103837,0.097783,0.096373,0.105489,0.100749,0.103901,0.096945,0.102034,0.096908
0.100081,0.096344,0.093355,0.098146,0.101454,0.104244,0.103763,0.102653,0.101656,0.098305
0.103418,0.101718,0.098627,0.102297,0.100668,0.104238,0.094682,0.096672,0.103804,0.093876
0.100549,0.103583,0.096904,0.100530,0.101072,0.094968,0.098925,0.100900,0.103668,0.098901
0.089512,0.088319,0.091085,0.105755,0.096427,0.101767,0.088645,0.120275,0.131025,0.087191
0.089967,0.082921,0.130471,0.119218,0.090336,0.107679,0.088326,0.090862,0.109762,0.090458
0.102953,0.094799,0.094611,0.095520,0.089068,0.103378,0.092200,0.099024,0.134863,0.093584
0.101772,0.099038,0.099936,0.115077,0.099007,0.099844,0.095068,0.096246,0.102407,0.091604
0.095940,0.096073,0.098121,0.100705,0.098014,0.103542,0.102690,0.099541,0.112289,0.093083
0.096934,0.084955,0.099510,0.102654,0.095978,0.091157,0.098537,0.117149,0.126835,0.086291
0.099476,0.095994,0.095646,0.099385,0.090795,0.104141,0.100268,0.099469,0.113578,0.101248
0.098448,0.102255,0.099162,0.092602,0.102078,0.102634,0.100416,0.103279,0.099710,0.099417
0.101277,0.086735,0.132766,0.123367,0.081874,0.089237,0.086862,0.096855,0.112597,0.088430
0.098048,0.096623,0.102978,0.092035,0.101133,0.107082,0.103891,0.101201,0.097861,0.099149
0.099064,0.101581,0.099882,0.098931,0.105686,0.102588,0.099831,0.100724,0.097202,0.094511
0.103912,0.101469,0.094882,0.117052,0.099751,0.101782,0.092743,0.094634,0.099899,0.093877
0.104561,0.105218,0.099688,0.097651,0.091554,0.106291,0.097205,0.099667,0.099142,0.099023
0.100069,0.102237,0.101319,0.100719,0.100448,0.099608,0.101046,0.098120,0.103185,0.093248
0.104053,0.097009,0.100094,0.102253,0.098236,0.105757,0.097614,0.097068,0.101685,0.096231
0.093084,0.101087,0.131838,0.093404,0.093079,0.095588,0.092331,0.094590,0.111058,0.093941
0.101187,0.102127,0.100381,0.098630,0.099239,0.101921,0.099452,0.101216,0.099508,0.096340
0.099871,0.103132,0.098257,0.102319,0.098729,0.103118,0.106189,0.100701,0.095081,0.092605
0.104618,0.103342,0.096691,0.102477,0.103845,0.103069,0.095260,0.099378,0.097854,0.093466
0.097444,0.096027,0.101978,0.096936,0.102843,0.102506,0.103030,0.102420,0.095039,0.101777
0.096474,0.095991,0.100016,0.114014,0.101865,0.094021,0.098528,0.098041,0.100358,0.100692
0.094580,0.094791,0.134557,0.127253,0.095068,0.096937,0.089214,0.087632,0.090451,0.089517
0.098960,0.091281,0.128498,0.119900,0.090173,0.094797,0.084622,0.090286,0.111495,0.089988
0.099936,0.094810,0.094049,0.103714,0.103466,0.101620,0.098144,0.102909,0.097045,0.104306
0.103416,0.100066,0.089442,0.131561,0.096209,0.094914,0.100115,0.097232,0.096065,0.090979
0.102121,0.103644,0.102968,0.101913,0.092101,0.095262,0.102101,0.099480,0.104329,0.096082
0.100740,0.101379,0.101351,0.100314,0.097734,0.100613,0.102886,0.098813,0.097662,0.098510
0.100194,0.100232,0.095779,0.097553,0.098617,0.103084,0.102331,0.097643,0.112175,0.092392
0.100877,0.102409,0.096349,0.097744,0.100037,0.099559,0.102277,0.099073,0.103188,0.098486
0.102725,0.097599,0.094317,0.099590,0.102577,0.107605,0.098235,0.100005,0.100463,0.096882
0.103444,0.098328,0.100166,0.093221,0.092802,0.108487,0.105718,0.102734,0.100648,0.094452
0.100452,0.103117,0.101336,0.092563,0.098060,0.106114,0.099156,0.098040,0.105269,0.095894
0.101205,0.097704,0.101943,0.098456,0.101649,0.103443,0.096284,0.100544,0.099399,0.099373
0.102269,0.103840,0.102180,0.098622,0.098271,0.105239,0.094781,0.099843,0.096105,0.098852
0.087349,0.096352,0.130516,0.121305,0.091164,0.090354,0.096514,0.083694,0.109741,0.093012
0.101131,0.096417,0.098932,0.100310,0.102283,0.101344,0.102305,0.100329,0.103202,0.093747
0.091739,0.092397,0.087878,0.088837,0.106615,0.092731,0.097591,0.118541,0.131530,0.092139
0.100562,0.094075,0.093864,0.116289,0.103051,0.101252,0.094455,0.098918,0.103503,0.094031
0.102377,0.095624,0.098731,0.101235,0.101577,0.101596,0.102250,0.095642,0.108039,0.092926
0.098004,0.103893,0.099794,0.098143,0.104037,0.104395,0.103915,0.096697,0.097587,0.093535
0.098956,0.099564,0.091353,0.082399,0.098060,0.098097,0.088477,0.123250,0.135310,0.084534
0.095600,0.093780,0.095312,0.087779,0.093311,0.096330,0.097884,0.120779,0.135464,0.083761
0.103547,0.095049,0.101450,0.100914,0.101441,0.101232,0.095051,0.102629,0.099435,0.099252
0.100201,0.103185,0.099679,0.097568,0.101228,0.104337,0.095425,0.098363,0.097660,0.102354
0.101559,0.102956,0.091693,0.100323,0.101742,0.102145,0.095423,0.097538,0.112540,0.094082
0.094474,0.093673,0.089540,0.091691,0.094831,0.104861,0.091449,0.121504,0.133505,0.084473
0.102143,0.103633,0.096686,0.099651,0.099745,0.103572,0.097422,0.100548,0.099103,0.097497
0.103305,0.102665,0.098398,0.097922,0.097546,0.103843,0.097125,0.102239,0.098774,0.098183
0.097793,0.103158,0.101828,0.100889,0.101234,0.103018,0.095870,0.096936,0.105137,0.094139
0.099663,0.095338,0.099826,0.116047,0.090638,0.103555,0.101224,0.097439,0.099619,0.096650
0.101541,0.101856,0.097047,0.101907,0.091800,0.100987,0.095797,0.099524,0.113494,0.096049
0.103473,0.101943,0.098170,0.100322,0.100112,0.105230,0.102450,0.099455,0.094505,0.094340
0.099842,0.096310,0.096534,0.100311,0.103383,0.099852,0.096890,0.098542,0.109549,0.098787
0.102290,0.101403,0.099610,0.099134,0.099134,0.101906,0.103572,0.097917,0.097737,0.097296
0.098500,0.104112,0.099445,0.098495,0.104685,0.101971,0.096544,0.099265,0.102692,0.094291
0.093573,0.091503,0.133944,0.123511,0.105618,0.093810,0.091622,0.090098,0.091990,0.084331
0.099067,0.103998,0.103233,0.098810,0.098958,0.102943,0.098150,0.099817,0.100259,0.094765
0.098376,0.098482,0.102680,0.101770,0.093261,0.105359,0.095903,0.100738,0.103262,0.100169
0.100077,0.096935,0.099174,0.101974,0.101021,0.101512,0.097186,0.098608,0.104860,0.098655
0.088652,0.087369,0.137732,0.127634,0.093522,0.092868,0.088135,0.094290,0.093351,0.096447
0.105067,0.096171,0.100877,0.099806,0.105310,0.096654,0.097426,0.102369,0.100843,0.095476
0.102031,0.096904,0.097015,0.098570,0.101467,0.107272,0.095853,0.099735,0.097998,0.103155
0.099838,0.101655,0.100184,0.099381,0.105828,0.101781,0.101206,0.095326,0.097474,0.097327
0.092175,0.097128,0.132879,0.123482,0.079437,0.095758,0.096770,0.084543,0.111088,0.086740
0.091374,0.090018,0.130959,0.119985,0.088960,0.088075,0.095342,0.094239,0.107910,0.093137
0.096933,0.102373,0.094478,0.100240,0.097349,0.103977,0.102241,0.096162,0.104420,0.101826
0.096486,0.094428,0.132870,0.125834,0.095399,0.093369,0.089396,0.091191,0.088498,0.092528
0.101052,0.094808,0.102216,0.098810,0.101635,0.103109,0.104012,0.097165,0.097995,0.099198
0.098093,0.103640,0.103154,0.092475,0.101131,0.103060,0.099419,0.101333,0.098226,0.099467
0.097868,0.100213,0.093281,0.098426,0.087989,0.103743,0.093878,0.095601,0.133204,0.095798
0.100762,0.096187,0.101600,0.099693,0.091282,0.104216,0.102628,0.097800,0.104369,0.101464
0.094067,0.091452,0.133606,0.126433,0.090067,0.096813,0.091978,0.096853,0.094062,0.084669
0.094665,0.100572,0.132903,0.126025,0.095165,0.097134,0.087127,0.091832,0.090168,0.084410
0.099917,0.102864,0.101848,0.098043,0.100284,0.101173,0.097004,0.100821,0.095761,0.102285
0.096985,0.096121,0.101069,0.117603,0.099413,0.093987,0.096172,0.100247,0.100910,0.097492
0.109527,0.094644,0.090134,0.088061,0.082319,0.106122,0.088051,0.119689,0.129468,0.091985
0.094094,0.086202,0.133990,0.124067,0.092362,0.094058,0.090105,0.097109,0.098761,0.089252
0.092154,0.089571,0.096420,0.092257,0.091483,0.097252,0.088413,0.124659,0.136611,0.091180
0.098993,0.090207,0.133427,0.109622,0.092253,0.095260,0.099377,0.092468,0.092694,0.095700
0.100509,0.104587,0.094663,0.097588,0.100422,0.099913,0.095758,0.102567,0.101594,0.102399
0.097877,0.102637,0.099373,0.102613,0.098857,0.105517,0.095232,0.103313,0.100036,0.094545
0.095438,0.091959,0.097304,0.115784,0.099566,0.104683,0.092080,0.098459,0.113324,0.091402
0.098730,0.096945,0.093606,0.098719,0.099978,0.100966,0.103700,0.101875,0.111675,0.093809
0.105312,0.102915,0.101584,0.102334,0.097857,0.099855,0.102605,0.096527,0.095197,0.095814
0.096951,0.100247,0.100742,0.099260,0.100254,0.104233,0.097650,0.099468,0.103570,0.097625
0.102986,0.104167,0.097946,0.096895,0.100008,0.102296,0.098167,0.100147,0.104770,0.092619
0.098883,0.093480,0.099984,0.091095,0.101196,0.105694,0.107086,0.101597,0.097681,0.103303
0.101638,0.101686,0.099696,0.096573,0.100902,0.102457,0.092726,0.094700,0.112566,0.097056
0.103282,0.098794,0.095987,0.090812,0.093371,0.092808,0.086965,0.120839,0.131796,0.085347
0.097650,0.103121,0.097042,0.097965,0.107705,0.095478,0.095705,0.100935,0.105437,0.098962
0.100262,0.103307,0.096708,0.098107,0.100693,0.106716,0.094298,0.099457,0.097787,0.102665
0.096674,0.102783,0.095734,0.100019,0.101393,0.103330,0.096315,0.101736,0.100789,0.101228
0.088906,0.097436,0.132655,0.123722,0.106262,0.093736,0.090429,0.085164,0.091597,0.090093
0.102874,0.096004,0.100956,0.117783,0.099828,0.102488,0.094828,0.095612,0.094582,0.095043
0.096785,0.102598,0.099320,0.097667,0.100667,0.104016,0.099431,0.100139,0.097360,0.102016
0.102268,0.095570,0.096249,0.103913,0.102165,0.101430,0.097172,0.100153,0.097119,0.103961
0.100440,0.102811,0.099135,0.097369,0.101037,0.104340,0.096908,0.099166,0.103510,0.095284
0.101333,0.099428,0.100251,0.098378,0.105014,0.098318,0.099527,0.098550,0.102946,0.096254
0.089464,0.096058,0.131613,0.120771,0.103483,0.095129,0.084531,0.083274,0.110754,0.084922
0.099887,0.098809,0.100496,0.093401,0.092855,0.103026,0.108617,0.103058,0.099160,0.100692
0.100524,0.094471,0.103041,0.092624,0.098230,0.101377,0.103831,0.099844,0.109813,0.096243
0.107641,0.098099,0.131402,0.123835,0.088267,0.094771,0.090877,0.091295,0.088548,0.085265
0.100345,0.098554,0.129102,0.121783,0.093160,0.091921,0.088965,0.089511,0.098992,0.087666
0.090015,0.090142,0.133157,0.124452,0.092615,0.098951,0.087398,0.090271,0.098720,0.094278
0.088844,0.098178,0.087736,0.096185,0.091988,0.095876,0.093890,0.122130,0.136319,0.088853
0.091505,0.087315,0.131988,0.125195,0.089178,0.104592,0.091901,0.097010,0.094847,0.086469
0.099056,0.095935,0.101237,0.091258,0.106360,0.103311,0.093292,0.098327,0.109482,0.101742
0.101879,0.100557,0.099500,0.099062,0.098523,0.103482,0.099143,0.096844,0.107831,0.093179
0.088329,0.098503,0.090297,0.087857,0.108401,0.096002,0.085261,0.122384,0.134468,0.088497
0.106844,0.105888,0.102660,0.093519,0.092975,0.105026,0.095688,0.099637,0.100564,0.097199
0.105875,0.083116,0.133076,0.123870,0.092736,0.093633,0.091315,0.090363,0.097227,0.088788
0.100860,0.105286,0.095035,0.098639,0.101555,0.100233,0.099236,0.096882,0.099341,0.102934
0.101410,0.097342,0.101676,0.101301,0.104414,0.101472,0.096278,0.098118,0.098567,0.099422
0.100614,0.100589,0.099126,0.099375,0.095563,0.103560,0.098767,0.096507,0.111872,0.094027
0.093055,0.097925,0.089652,0.090295,0.093539,0.097753,0.093457,0.121158,0.133381,0.089785
0.104415,0.102991,0.101478,0.096587,0.098044,0.102976,0.093690,0.099591,0.102609,0.097619
0.095586,0.089545,0.087817,0.093684,0.096999,0.101874,0.087481,0.123774,0.134956,0.088285
0.099408,0.101034,0.099561,0.099778,0.105385,0.098287,0.101679,0.098367,0.096117,0.100386
0.092516,0.098727,0.132427,0.124266,0.109885,0.094837,0.086595,0.089848,0.086039,0.084859
0.092554,0.093934,0.131716,0.123963,0.092422,0.094625,0.099044,0.089054,0.087945,0.094743
0.104822,0.104741,0.094359,0.101565,0.092846,0.104197,0.096838,0.100553,0.100126,0.099952
0.103942,0.096400,0.101570,0.101828,0.106844,0.100879,0.097079,0.099202,0.098576,0.093681
0.099939,0.104191,0.100807,0.096294,0.101298,0.102918,0.100574,0.099461,0.096918,0.097601
0.098746,0.095436,0.101107,0.098941,0.104148,0.106746,0.104224,0.098935,0.096958,0.094759
0.091489,0.094452,0.089175,0.096574,0.094590,0.104716,0.085141,0.121123,0.132619,0.090120
0.099120,0.098451,0.094905,0.099572,0.103106,0.106953,0.097305,0.102694,0.100671,0.097223
0.109176,0.091806,0.084187,0.093830,0.082554,0.101427,0.091685,0.119854,0.130154,0.095326
0.104981,0.096973,0.099672,0.097677,0.098717,0.101056,0.103303,0.097742,0.097904,0.101974
0.096641,0.102916,0.101043,0.101388,0.097874,0.104653,0.102627,0.098737,0.095470,0.098653
0.096559,0.101085,0.087307,0.128478,0.094386,0.092391,0.090062,0.093319,0.117173,0.099240
0.097953,0.102211,0.094884,0.102035,0.101737,0.104890,0.094577,0.099756,0.106024,0.095933
0.097292,0.096113,0.101645,0.100618,0.101719,0.100550,0.104442,0.098381,0.098148,0.101092
0.102903,0.106689,0.093839,0.092635,0.102441,0.105248,0.095547,0.097600,0.098572,0.104526
0.088274,0.087109,0.090187,0.090303,0.106553,0.093008,0.098600,0.122362,0.135372,0.088231
0.098387,0.094784,0.095344,0.100943,0.099664,0.106502,0.099280,0.101685,0.104309,0.099103
0.098300,0.097575,0.102489,0.101770,0.101830,0.105466,0.095369,0.097557,0.100208,0.099435
0.100487,0.097094,0.101240,0.097762,0.100377,0.102622,0.102529,0.096108,0.103364,0.098417
0.088362,0.082989,0.128025,0.120753,0.095329,0.110071,0.097395,0.088565,0.098101,0.090410
0.093908,0.093066,0.127641,0.097276,0.099232,0.097000,0.100363,0.096908,0.095869,0.098736
0.095631,0.101451,0.097722,0.115244,0.096921,0.093769,0.093268,0.096513,0.111915,0.097567
0.096324,0.103924,0.100193,0.099587,0.099810,0.104468,0.094563,0.097712,0.102375,0.101044
0.095715,0.098632,0.087234,0.092913,0.094439,0.095194,0.091119,0.120924,0.133834,0.089994
0.092212,0.086087,0.093944,0.093655,0.096421,0.099028,0.088757,0.123533,0.138527,0.087834
0.089536,0.083096,0.085887,0.091495,0.105403,0.112867,0.089681,0.120301,0.133162,0.088571
0.101906,0.103774,0.100170,0.100725,0.099264,0.095066,0.100271,0.098035,0.098506,0.102284
0.098666,0.095002,0.093949,0.102419,0.098457,0.101988,0.101899,0.099633,0.113628,0.094358
0.100611,0.103537,0.101364,0.097815,0.097909,0.104121,0.094670,0.102328,0.099031,0.098615
0.100024,0.093253,0.097835,0.114690,0.101850,0.102726,0.100143,0.097691,0.094321,0.097467
0.090691,0.095935,0.095422,0.085719,0.104291,0.099872,0.095604,0.114158,0.124597,0.093711
0.091286,0.083516,0.129677,0.122017,0.107449,0.099620,0.085484,0.091266,0.098716,0.090969
0.103785,0.095541,0.097020,0.116062,0.090419,0.104239,0.092874,0.099242,0.103661,0.097156
0.104041,0.095960,0.132880,0.122216,0.090760,0.093874,0.094221,0.089106,0.091787,0.085155
0.098533,0.095074,0.095290,0.116187,0.100775,0.099629,0.093056,0.096517,0.108139,0.096800
0.103388,0.095281,0.099732,0.113207,0.099377,0.102341,0.103556,0.094952,0.093761,0.094407
0.093501,0.097198,0.134854,0.125035,0.092717,0.094982,0.095420,0.086567,0.091162,0.088564
0.099940,0.096118,0.102455,0.097846,0.101142,0.095076,0.095202,0.099172,0.114426,0.098624
0.099436,0.088054,0.096405,0.092569,0.089912,0.097677,0.088092,0.123464,0.134848,0.089542
0.097384,0.086010,0.136198,0.128866,0.083708,0.097446,0.089335,0.093816,0.101753,0.085484
0.100889,0.095904,0.100415,0.116470,0.097001,0.102429,0.094776,0.100015,0.094591,0.097509
0.100447,0.097175,0.098775,0.098460,0.101626,0.101455,0.102331,0.101376,0.099110,0.099245
0.102111,0.099613,0.096871,0.098818,0.105086,0.102223,0.092797,0.097035,0.111529,0.093917
0.095001,0.098077,0.083488,0.094891,0.091730,0.114805,0.083617,0.119958,0.132175,0.086257
0.095801,0.102021,0.100675,0.096590,0.105927,0.102245,0.099899,0.098954,0.103699,0.094188
0.088966,0.091066,0.135876,0.124172,0.091843,0.094033,0.095801,0.092457,0.097538,0.088248
0.092103,0.092345,0.082483,0.089197,0.106822,0.094584,0.098121,0.119475,0.131571,0.093299
0.096304,0.099472,0.136464,0.094059,0.097366,0.091075,0.097733,0.098229,0.094628,0.094670
0.105204,0.084038,0.126701,0.118953,0.094126,0.092988,0.084627,0.093805,0.110572,0.088987
0.094385,0.085297,0.097160,0.088699,0.095450,0.099143,0.092727,0.121013,0.133550,0.092575
0.102576,0.098048,0.101170,0.093310,0.092687,0.095949,0.098277,0.097580,0.116088,0.104315
0.099625,0.095290,0.099811,0.100399,0.102116,0.103751,0.096096,0.100770,0.101791,0.100351
0.101590,0.105057,0.093362,0.100713,0.101345,0.094913,0.103795,0.101084,0.099179,0.098960
0.097382,0.102071,0.100506,0.097023,0.100068,0.102262,0.098124,0.098598,0.102737,0.101229
0.104443,0.095039,0.094698,0.088743,0.091515,0.110916,0.082976,0.114476,0.126175,0.091019
0.097544,0.103498,0.093932,0.097633,0.101000,0.099737,0.093771,0.100290,0.114820,0.097775
0.103020,0.095240,0.126381,0.116720,0.090815,0.107470,0.085311,0.091279,0.092739,0.091026
0.098674,0.099319,0.098004,0.091734,0.093305,0.094616,0.087156,0.118611,0.129350,0.089231
0.106072,0.097238,0.099621,0.098820,0.103471,0.104061,0.095062,0.099753,0.099618,0.096284
0.089656,0.088205,0.097349,0.092027,0.094846,0.098637,0.092499,0.122271,0.135008,0.089502
0.095127,0.100540,0.090235,0.131806,0.096159,0.100170,0.103429,0.095567,0.094056,0.092910
0.092863,0.086550,0.094073,0.102588,0.104561,0.092125,0.092841,0.119221,0.131549,0.083628
0.104264,0.103822,0.100386,0.100200,0.100004,0.102176,0.094285,0.099554,0.094328,0.100982
0.102331,0.095014,0.102253,0.102499,0.102026,0.102229,0.095451,0.101781,0.096571,0.099846
0.090816,0.094935,0.090343,0.090394,0.084819,0.095442,0.103877,0.122103,0.133059,0.094213
0.099160,0.098691,0.098560,0.099400,0.093106,0.105621,0.103629,0.100389,0.101013,0.100431
0.100144,0.100412,0.097918,0.097051,0.100064,0.103244,0.104334,0.096915,0.102518,0.097400
0.103870,0.103842,0.092891,0.092133,0.099157,0.106698,0.093896,0.098766,0.110546,0.098201
0.101208,0.097548,0.093688,0.101699,0.102625,0.095541,0.107209,0.102184,0.098558,0.099740
0.099731,0.102091,0.098868,0.096825,0.099634,0.104850,0.102614,0.101828,0.100616,0.092944
0.101827,0.097097,0.097092,0.101026,0.100976,0.100325,0.095998,0.102836,0.104182,0.098641
0.099052,0.096907,0.103149,0.098628,0.091661,0.105463,0.094896,0.099212,0.112062,0.098971
0.099391,0.094727,0.094903,0.116600,0.105066,0.100533,0.095411,0.097453,0.101808,0.094107
0.105250,0.102707,0.092851,0.096489,0.087989,0.103216,0.093274,0.126053,0.095151,0.097020
0.100942,0.086670,0.083420,0.087445,0.104948,0.103722,0.096861,0.119858,0.132523,0.083612
0.096758,0.100696,0.097627,0.097042,0.100476,0.103643,0.101688,0.097535,0.103157,0.101377
0.101303,0.103764,0.096276,0.091608,0.102269,0.104415,0.094027,0.100649,0.103498,0.102192
0.105256,0.096864,0.094747,0.092082,0.101725,0.104807,0.099205,0.096622,0.115092,0.093600
0.097895,0.103435,0.097368,0.098746,0.100996,0.100479,0.097649,0.103075,0.104163,0.096192
0.097791,0.103529,0.099891,0.098298,0.098033,0.103601,0.101478,0.099407,0.099149,0.098822
0.099018,0.097407,0.094214,0.093369,0.102457,0.106370,0.103771,0.103515,0.100112,0.099768
0.092417,0.100125,0.132636,0.126534,0.083305,0.095462,0.089716,0.103211,0.088824,0.087769
0.101287,0.103385,0.099980,0.099754,0.098831,0.104720,0.103595,0.098576,0.093465,0.096407
0.105031,0.093779,0.096396,0.101282,0.101002,0.102814,0.094214,0.100696,0.109406,0.095380
0.101938,0.095334,0.101251,0.100078,0.100262,0.104735,0.100874,0.097514,0.100426,0.097588
0.097592,0.102077,0.102156,0.102527,0.103829,0.105745,0.096057,0.099476,0.096144,0.094396
0.094978,0.091919,0.096173,0.113824,0.101007,0.101636,0.103082,0.099986,0.101132,0.096262
0.102069,0.099537,0.098697,0.098580,0.098959,0.098794,0.095673,0.097599,0.110897,0.099193
0.103359,0.101500,0.096789,0.097991,0.097607,0.105748,0.095528,0.100249,0.098842,0.102387
0.099091,0.097713,0.094387,0.102952,0.102198,0.103736,0.098246,0.102586,0.098717,0.100373
0.101271,0.099567,0.096502,0.095005,0.094751,0.108338,0.097504,0.106008,0.098808,0.102244
0.100350,0.102095,0.093863,0.096819,0.097902,0.104013,0.096346,0.097919,0.112823,0.097870
0.098744,0.095196,0.099274,0.098791,0.101810,0.104004,0.103475,0.095603,0.103081,0.100022
0.099804,0.101180,0.094389,0.097308,0.100983,0.105366,0.105013,0.099113,0.098346,0.098498
0.102967,0.103140,0.098084,0.097611,0.091003,0.105553,0.098284,0.100355,0.100988,0.102015
0.093966,0.098157,0.130497,0.122472,0.092420,0.094312,0.098290,0.095448,0.087632,0.086806
0.096878,0.102089,0.097663,0.100968,0.100064,0.105429,0.097728,0.099806,0.097991,0.101384
0.105230,0.105264,0.094803,0.099573,0.093309,0.095885,0.103032,0.102385,0.100380,0.100139
0.101772,0.094617,0.100059,0.095965,0.101203,0.099924,0.101015,0.096379,0.112682,0.096384
0.098104,0.103507,0.092893,0.100449,0.107770,0.102395,0.094152,0.098321,0.103938,0.098470
0.098082,0.097733,0.100349,0.102413,0.107614,0.102084,0.097874,0.099572,0.099803,0.094474
0.101960,0.095488,0.097749,0.100714,0.099186,0.102743,0.101322,0.100950,0.102110,0.097778
0.100750,0.098143,0.090945,0.092007,0.096353,0.102380,0.088700,0.095760,0.142396,0.092566
0.100084,0.101758,0.100378,0.133226,0.098535,0.099910,0.091815,0.090727,0.090966,0.092600
0.104414,0.104611,0.096155,0.100533,0.098640,0.094466,0.093907,0.100417,0.104879,0.101980
0.098055,0.094837,0.096412,0.113981,0.095717,0.101182,0.099386,0.097081,0.111750,0.091600
0.099444,0.102136,0.098595,0.100908,0.100351,0.099353,0.096470,0.100336,0.104203,0.098203
0.102804,0.092483,0.095043,0.096516,0.099431,0.103739,0.103988,0.099201,0.113073,0.093721
0.090278,0.085846,0.134674,0.128367,0.097114,0.098004,0.090131,0.093163,0.094765,0.087656
0.104554,0.096555,0.093393,0.097900,0.106243,0.101261,0.096867,0.100532,0.104359,0.098337
0.096144,0.092650,0.098373,0.113076,0.102795,0.102137,0.098507,0.098765,0.099517,0.098036
0.101555,0.098892,0.132923,0.096269,0.087073,0.100454,0.094579,0.095065,0.099490,0.093700
0.095981,0.084458,0.130093,0.123804,0.097328,0.100829,0.099822,0.088594,0.093203,0.085887
0.105704,0.085626,0.090059,0.086465,0.092880,0.112712,0.086455,0.119317,0.131079,0.089703
0.091167,0.091153,0.090974,0.091223,0.094065,0.097049,0.100682,0.121773,0.132992,0.088924
0.093435,0.087570,0.135130,0.126880,0.094258,0.096973,0.091712,0.092435,0.094784,0.086823
0.099191,0.095744,0.096470,0.102356,0.103135,0.103928,0.096024,0.100980,0.107099,0.095073
0.096390,0.092262,0.126691,0.117567,0.104049,0.097170,0.097204,0.086524,0.093390,0.088753
0.101691,0.102331,0.097957,0.116946,0.090482,0.102560,0.093125,0.097737,0.100096,0.097074
0.098204,0.094391,0.099194,0.101353,0.101700,0.100623,0.096154,0.099370,0.115232,0.093778
0.090323,0.094136,0.133951,0.125014,0.092946,0.097702,0.087421,0.093868,0.094225,0.090415
0.103749,0.094894,0.093040,0.096854,0.106455,0.103599,0.092987,0.099650,0.114453,0.094318
0.099719,0.104325,0.099050,0.096786,0.098034,0.105486,0.093659,0.097248,0.104528,0.101165
0.104746,0.088595,0.127547,0.119248,0.090376,0.093985,0.095746,0.088541,0.108447,0.082770
0.102531,0.096311,0.098392,0.099898,0.100305,0.103590,0.104529,0.098807,0.097519,0.098117
0.092799,0.088772,0.134093,0.111717,0.097414,0.099492,0.092150,0.095464,0.094405,0.093694
0.096158,0.095103,0.097238,0.115695,0.097281,0.101643,0.104096,0.098984,0.099918,0.093884
0.098214,0.103281,0.101459,0.097828,0.100802,0.103476,0.094603,0.098480,0.099130,0.102727
0.102436,0.096313,0.100552,0.100041,0.100135,0.097422,0.096769,0.101736,0.103890,0.100706
0.086836,0.092980,0.088046,0.089615,0.092198,0.113983,0.098267,0.119085,0.132274,0.086716
0.105788,0.098081,0.100220,0.093619,0.100128,0.095916,0.099804,0.102103,0.104800,0.099541
0.093590,0.098882,0.096299,0.091773,0.092036,0.104984,0.087678,0.119688,0.130388,0.084684
0.101391,0.103170,0.100314,0.099464,0.098692,0.103708,0.101544,0.097790,0.096757,0.097169
0.097166,0.102389,0.093850,0.096825,0.100801,0.103765,0.102242,0.100307,0.109950,0.092704
0.101150,0.101612,0.096809,0.098170,0.103740,0.104077,0.097189,0.099426,0.099050,0.098777
0.096338,0.084717,0.089722,0.091145,0.089303,0.098088,0.098631,0.121527,0.135669,0.094861
0.102670,0.102607,0.092551,0.096717,0.097836,0.103375,0.094823,0.095495,0.112869,0.101058
0.103413,0.091092,0.132807,0.125500,0.094489,0.095600,0.093290,0.088593,0.089294,0.085922
0.092896,0.096365,0.095078,0.096065,0.096811,0.100174,0.101755,0.127573,0.094692,0.098591
0.093811,0.099516,0.095846,0.081760,0.093188,0.095430,0.094473,0.119596,0.131454,0.094925
0.105792,0.095279,0.094432,0.093256,0.104039,0.105874,0.098249,0.102429,0.100496,0.100154
0.100242,0.102651,0.101338,0.101504,0.097613,0.103910,0.094355,0.098713,0.101030,0.098644
0.105813,0.088374,0.091385,0.082708,0.093231,0.097025,0.093257,0.122695,0.133725,0.091787
0.091521,0.085821,0.132977,0.123348,0.092634,0.089064,0.089747,0.087494,0.112384,0.095010
0.096142,0.100165,0.100715,0.099765,0.106235,0.103082,0.100314,0.097650,0.094937,0.100995
0.095448,0.094809,0.100137,0.115760,0.099302,0.101636,0.100670,0.098555,0.097110,0.096573
0.099506,0.092072,0.088851,0.094535,0.093244,0.096966,0.088094,0.122652,0.133394,0.090685
0.103378,0.104944,0.096327,0.093324,0.102576,0.106571,0.095960,0.100963,0.098858,0.097100
0.096681,0.094135,0.090370,0.103964,0.093635,0.097513,0.085615,0.120417,0.131660,0.086010
0.097861,0.104531,0.101582,0.097988,0.097539,0.103950,0.094347,0.100568,0.103493,0.098143
0.101956,0.094796,0.095501,0.098457,0.103406,0.105120,0.100710,0.101648,0.102024,0.096381
0.099921,0.103273,0.094793,0.100183,0.100161,0.101572,0.102997,0.096373,0.098588,0.102139
0.089162,0.092784,0.130398,0.124654,0.095360,0.105405,0.089614,0.093085,0.090216,0.089321
0.099119,0.102067,0.095190,0.100041,0.099518,0.102639,0.101231,0.099518,0.099979,0.100698
0.087268,0.098083,0.130213,0.123092,0.092386,0.102271,0.087796,0.087353,0.100660,0.090879
