0.099257,0.087324,0.090867,0.073409,0.054462,0.079010,0.043259,0.141510,0.250938,0.079965
0.116914,0.092003,0.091551,0.051859,0.085390,0.081749,0.036459,0.124611,0.154275,0.165190
0.027039,0.019504,0.011219,0.020703,0.020170,0.015581,0.009874,0.181891,0.669440,0.024580
0.104502,0.080223,0.040944,0.100306,0.221306,0.158713,0.044692,0.075815,0.059658,0.113841
0.080815,0.126696,0.051398,0.207408,0.026423,0.054746,0.164627,0.106306,0.105261,0.076321
0.070217,0.055133,0.041105,0.108179,0.093586,0.045860,0.070812,0.120807,0.327511,0.066788
0.056749,0.080810,0.073910,0.068058,0.092451,0.041237,0.165719,0.067740,0.249802,0.103526
0.031169,0.065916,0.029448,0.069716,0.056307,0.096843,0.068737,0.089926,0.413448,0.078491
0.057749,0.049064,0.053745,0.096815,0.217220,0.123982,0.154903,0.161970,0.029548,0.055005
0.032669,0.021866,0.010178,0.019014,0.005928,0.032746,0.007993,0.210806,0.651131,0.007668
0.023711,0.015878,0.610372,0.236165,0.018988,0.015122,0.011271,0.013528,0.035904,0.019061
0.016613,0.043927,0.016605,0.692899,0.031903,0.020055,0.024268,0.099064,0.025008,0.029658
0.026448,0.014885,0.559747,0.238479,0.020388,0.029858,0.015711,0.015770,0.065738,0.012973
0.085376,0.048244,0.213187,0.089821,0.116607,0.100857,0.035202,0.095851,0.072808,0.142047
0.142614,0.049806,0.073654,0.213010,0.148207,0.058710,0.049359,0.109296,0.078346,0.076998
0.027217,0.015307,0.023372,0.022237,0.021342,0.023064,0.035246,0.186434,0.624707,0.021074
0.122747,0.084360,0.041752,0.079393,0.086744,0.104763,0.044346,0.099981,0.301995,0.033919
0.115228,0.038297,0.025352,0.035293,0.037345,0.031355,0.119773,0.118914,0.443376,0.035067
0.012999,0.012279,0.578491,0.232255,0.063709,0.038149,0.012140,0.022178,0.008131,0.019669
0.025107,0.029426,0.568982,0.185251,0.023455,0.034205,0.023303,0.021990,0.061016,0.027265
0.028997,0.034015,0.025981,0.031781,0.164114,0.027206,0.112549,0.051729,0.485163,0.038464
0.025698,0.007915,0.020006,0.027414,0.012898,0.015920,0.011071,0.186596,0.680062,0.012421
0.175950,0.067367,0.136058,0.139041,0.064723,0.172144,0.103810,0.058824,0.043146,0.038936
0.168486,0.076311,0.046619,0.023245,0.173185,0.061691,0.051617,0.218559,0.112679,0.067606
0.065899,0.062655,0.043113,0.125875,0.106029,0.146904,0.220932,0.096536,0.027102,0.104956
0.075666,0.108640,0.142008,0.059410,0.124114,0.052431,0.230614,0.100905,0.073146,0.033065
0.096409,0.085853,0.071198,0.167667,0.047993,0.114796,0.129222,0.089820,0.140100,0.056942
0.025228,0.019187,0.010484,0.018745,0.018160,0.012472,0.030069,0.177013,0.671920,0.016720
0.119311,0.090218,0.084701,0.142997,0.057423,0.095818,0.033432,0.146070,0.061153,0.168876
0.079456,0.151052,0.052359,0.060685,0.028883,0.199658,0.180791,0.126804,0.031271,0.089040
0.010506,0.009276,0.008414,0.009048,0.016311,0.010748,0.044682,0.190492,0.693552,0.006973
0.024663,0.030259,0.527339,0.171242,0.066455,0.037529,0.022536,0.027591,0.069103,0.023283
0.163786,0.119410,0.042058,0.053794,0.112245,0.115528,0.043176,0.069098,0.219384,0.061522
0.105574,0.121897,0.056333,0.080573,0.079127,0.120450,0.032241,0.118325,0.137997,0.147484
0.161143,0.130567,0.045739,0.056576,0.068320,0.245297,0.050270,0.116260,0.042359,0.083468
0.083247,0.060759,0.143923,0.026127,0.160130,0.148368,0.052454,0.249335,0.030788,0.044870
0.057982,0.025759,0.246649,0.017024,0.344715,0.123334,0.078813,0.049132,0.031500,0.025093
0.086119,0.036350,0.029565,0.056644,0.039073,0.032023,0.025324,0.121493,0.531309,0.042099
0.029106,0.020810,0.563460,0.256863,0.009425,0.045884,0.012557,0.022460,0.025813,0.013622
0.032874,0.026364,0.021029,0.040826,0.028271,0.046901,0.034940,0.050959,0.672841,0.044994
0.023561,0.029328,0.523556,0.182425,0.066581,0.029238,0.060247,0.027413,0.023194,0.034456
0.219597,0.063563,0.119767,0.062102,0.065611,0.120484,0.159849,0.071510,0.041714,0.075803
0.134838,0.151412,0.037162,0.050526,0.051142,0.147027,0.069017,0.142361,0.183166,0.033348
0.145652,0.216021,0.043228,0.140490,0.063153,0.056794,0.048371,0.110033,0.098439,0.077819
0.054298,0.039888,0.034987,0.042940,0.108598,0.186990,0.066413,0.099563,0.310059,0.056262
0.061307,0.094896,0.109175,0.096492,0.083556,0.110772,0.067106,0.048091,0.165791,0.162813
0.056205,0.112247,0.148453,0.135624,0.064110,0.114665,0.156190,0.073862,0.075508,0.063136
0.147934,0.057617,0.132507,0.087861,0.118232,0.191620,0.040070,0.096559,0.068488,0.059110
0.117467,0.087775,0.034157,0.320263,0.082641,0.042966,0.035863,0.073007,0.156297,0.049564
0.011129,0.008355,0.032513,0.019422,0.013397,0.012704,0.008858,0.196563,0.673129,0.023930
0.089208,0.117792,0.046889,0.142408,0.028967,0.149149,0.149592,0.114227,0.084417,0.077351
0.019193,0.029611,0.017227,0.022627,0.064001,0.027130,0.011333,0.185249,0.591311,0.032318
0.023493,0.017584,0.009013,0.010719,0.006247,0.010969,0.019000,0.187279,0.706634,0.009061
0.084780,0.062568,0.072536,0.093954,0.034461,0.072257,0.079983,0.079399,0.380313,0.039748
0.011370,0.013001,0.552290,0.259878,0.007902,0.013449,0.015373,0.018001,0.097485,0.011250
0.059114,0.038639,0.036821,0.137238,0.082401,0.040632,0.160252,0.071425,0.293791,0.079687
0.052938,0.131541,0.070715,0.099098,0.057637,0.126028,0.246779,0.105921,0.036549,0.072795
0.073186,0.024650,0.025212,0.012075,0.033196,0.079018,0.120813,0.093004,0.502233,0.036612
0.120718,0.056953,0.042117,0.079946,0.116907,0.094762,0.165714,0.120787,0.172797,0.029299
0.080397,0.029190,0.043215,0.099276,0.350164,0.052829,0.042708,0.125453,0.103902,0.072867
0.164745,0.034095,0.049698,0.060567,0.135245,0.227384,0.044634,0.097887,0.111612,0.074132
0.101008,0.095496,0.029350,0.016048,0.079241,0.133358,0.117707,0.039660,0.335720,0.052411
0.180982,0.034638,0.119430,0.092988,0.129741,0.052001,0.082625,0.069834,0.026731,0.211031
0.148617,0.106918,0.109557,0.022762,0.129425,0.144939,0.040409,0.202025,0.025748,0.069598
0.143170,0.099042,0.097220,0.078774,0.229359,0.115756,0.047807,0.077917,0.023692,0.087263
0.057866,0.102012,0.041562,0.077125,0.050988,0.164294,0.162879,0.110456,0.173562,0.059256
0.114769,0.094581,0.088344,0.300356,0.058286,0.109253,0.034170,0.081982,0.058920,0.059339
0.051979,0.113483,0.042284,0.131285,0.060267,0.128319,0.151120,0.212415,0.074759,0.034087
0.016107,0.021743,0.025613,0.037900,0.025550,0.016035,0.045557,0.191826,0.588534,0.031135
0.102086,0.040785,0.144424,0.069272,0.081251,0.128561,0.147057,0.114706,0.022372,0.149487
0.017797,0.024298,0.022608,0.021610,0.059470,0.034479,0.012794,0.173362,0.603107,0.030476
0.030780,0.022247,0.537474,0.201155,0.065017,0.044147,0.012932,0.018916,0.044988,0.022345
0.114568,0.163827,0.098223,0.116112,0.055365,0.114343,0.136145,0.063885,0.082498,0.055033
0.130926,0.158159,0.107053,0.108932,0.057548,0.110718,0.077088,0.125653,0.089216,0.034708
0.050657,0.059656,0.042093,0.119999,0.055977,0.045806,0.206218,0.114681,0.093767,0.211146
0.062262,0.045990,0.031805,0.361737,0.080479,0.040264,0.182922,0.106014,0.033917,0.054608
0.054478,0.125294,0.053596,0.086019,0.200521,0.089179,0.042371,0.098983,0.144920,0.104641
0.122290,0.059860,0.047006,0.051286,0.094232,0.150686,0.112342,0.088206,0.182501,0.091592
0.144201,0.139960,0.050303,0.144891,0.025922,0.227995,0.046151,0.058087,0.083489,0.079002
0.029397,0.028029,0.022488,0.022782,0.022491,0.016620,0.055918,0.178785,0.605527,0.017962
0.012600,0.019176,0.008407,0.016367,0.005658,0.047531,0.008959,0.191479,0.676367,0.013456
0.142890,0.030466,0.199963,0.173652,0.057124,0.049846,0.041611,0.110992,0.095608,0.097848
0.074667,0.037779,0.030819,0.063739,0.145546,0.056817,0.024911,0.054137,0.397958,0.113625
0.073118,0.033224,0.054717,0.111488,0.027562,0.059475,0.093357,0.252065,0.262630,0.032363
0.036147,0.022939,0.016251,0.031761,0.021947,0.014971,0.015928,0.205288,0.616924,0.017844
0.021530,0.032505,0.025250,0.016278,0.024724,0.043986,0.064504,0.178183,0.563034,0.030006
0.121743,0.113979,0.094468,0.050898,0.023757,0.049055,0.181836,0.140925,0.092404,0.130935
0.035408,0.034380,0.027089,0.068688,0.058500,0.029201,0.024056,0.083872,0.619049,0.019757
0.025846,0.028283,0.014410,0.030997,0.021915,0.032129,0.022117,0.167845,0.626530,0.029928
0.061547,0.025159,0.038578,0.017966,0.251553,0.197999,0.066636,0.119339,0.191898,0.029324
0.057562,0.047662,0.052227,0.220411,0.073182,0.097106,0.058636,0.113783,0.226321,0.053110
0.032912,0.066915,0.031558,0.076918,0.037746,0.061027,0.073376,0.091462,0.409010,0.119076
0.125912,0.026881,0.204517,0.019260,0.099955,0.104052,0.038299,0.131064,0.034891,0.215171
0.065538,0.086241,0.148430,0.073174,0.081828,0.104611,0.151870,0.055197,0.154177,0.078934
0.113628,0.037792,0.032702,0.370355,0.082790,0.176604,0.038712,0.042768,0.058160,0.046490
0.045216,0.068020,0.099424,0.095223,0.067412,0.074673,0.067724,0.097137,0.362772,0.022399
0.144295,0.029730,0.045921,0.120512,0.056026,0.049242,0.209399,0.092331,0.197120,0.055423
0.020397,0.031795,0.537485,0.251735,0.029303,0.042315,0.019302,0.018866,0.028632,0.020169
0.064437,0.030958,0.144355,0.097975,0.062269,0.199068,0.046520,0.221810,0.096717,0.035891
0.064550,0.075997,0.087879,0.249722,0.086253,0.135203,0.038877,0.088830,0.060841,0.111849
0.054568,0.069475,0.049960,0.052552,0.051453,0.042901,0.025234,0.067651,0.542993,0.043212
0.107567,0.023846,0.056665,0.466974,0.019633,0.129328,0.065874,0.054604,0.030235,0.045273
0.012741,0.007172,0.008863,0.009860,0.017320,0.020993,0.013718,0.187680,0.713544,0.008110
0.088977,0.078067,0.079731,0.119130,0.046705,0.094844,0.036555,0.125731,0.234274,0.095985
0.071076,0.064129,0.070932,0.014121,0.074457,0.061569,0.116587,0.031783,0.452369,0.042977
0.111040,0.097791,0.028795,0.016208,0.017779,0.136908,0.031642,0.139984,0.342277,0.077576
0.130096,0.032788,0.046524,0.100216,0.090116,0.088656,0.108093,0.159625,0.067123,0.176763
0.031084,0.075983,0.076128,0.013624,0.034933,0.029839,0.080447,0.040199,0.582916,0.034845
0.031396,0.047181,0.060763,0.043060,0.058085,0.023762,0.020894,0.074058,0.576415,0.064387
0.134740,0.108700,0.069886,0.132048,0.106523,0.052493,0.048976,0.056410,0.212732,0.077492
0.114321,0.094260,0.059378,0.106255,0.050719,0.138715,0.036522,0.048218,0.172402,0.179209
0.045650,0.112603,0.036778,0.084190,0.020923,0.116503,0.181828,0.186173,0.190657,0.024695
0.015552,0.032982,0.559316,0.188123,0.028243,0.020674,0.040461,0.060215,0.021786,0.032648
0.029313,0.029052,0.549526,0.262381,0.016984,0.042750,0.016750,0.021169,0.018472,0.013602
0.063491,0.048499,0.058510,0.018797,0.020636,0.146380,0.174482,0.167827,0.175986,0.125394
0.112736,0.094445,0.038015,0.082067,0.053981,0.130111,0.036835,0.057455,0.345314,0.049041
0.133124,0.102901,0.045997,0.049975,0.120424,0.199101,0.034833,0.136925,0.072467,0.104253
0.031348,0.029877,0.016397,0.054601,0.022699,0.017171,0.012307,0.196489,0.601137,0.017974
0.111036,0.051253,0.191762,0.165629,0.092552,0.112520,0.039502,0.128051,0.082331,0.025364
0.032193,0.015812,0.494518,0.209868,0.020397,0.043367,0.043452,0.022956,0.096418,0.021020
0.031425,0.031966,0.529474,0.182257,0.032074,0.040017,0.046767,0.055096,0.024804,0.026122
0.138686,0.062609,0.048956,0.021864,0.133084,0.167878,0.136148,0.128808,0.088816,0.073152
0.121844,0.109997,0.041426,0.161677,0.106318,0.091514,0.188429,0.061979,0.024440,0.092375
0.025160,0.015072,0.019886,0.085435,0.061971,0.025174,0.020084,0.073352,0.624897,0.048968
0.170289,0.160150,0.040480,0.118244,0.054909,0.175237,0.038766,0.108822,0.066738,0.066363
0.033819,0.035160,0.573135,0.158030,0.028522,0.043341,0.025045,0.026918,0.045180,0.030851
0.149079,0.124302,0.119235,0.021835,0.118313,0.054267,0.048661,0.189743,0.105284,0.069280
0.022696,0.031216,0.578881,0.191131,0.024139,0.035994,0.013052,0.026245,0.046515,0.030133
0.064902,0.041227,0.038274,0.109855,0.113311,0.145896,0.039073,0.047390,0.336574,0.063498
0.114522,0.049982,0.036272,0.074432,0.089349,0.139722,0.109364,0.133462,0.071819,0.181077
0.077414,0.037666,0.031822,0.065869,0.074352,0.067480,0.048770,0.096175,0.417722,0.082730
0.044081,0.068930,0.072356,0.013969,0.064470,0.079146,0.048239,0.039435,0.547257,0.022115
0.119282,0.086222,0.101284,0.093761,0.214426,0.042892,0.155109,0.102044,0.036926,0.048054
0.120451,0.079776,0.094443,0.066236,0.081579,0.228540,0.057661,0.088758,0.106487,0.076070
0.036225,0.033974,0.026301,0.033749,0.065016,0.036486,0.040968,0.163588,0.534113,0.029580
0.025321,0.024929,0.012190,0.032480,0.025956,0.038176,0.010655,0.205228,0.608273,0.016792
0.033491,0.021620,0.538646,0.218684,0.023700,0.034886,0.038603,0.024060,0.045402,0.020909
0.031711,0.022751,0.543425,0.141008,0.068365,0.035678,0.021209,0.028997,0.071598,0.035258
0.058080,0.056033,0.183417,0.046050,0.116110,0.046819,0.185774,0.048821,0.065269,0.193625
0.021135,0.033257,0.513722,0.237569,0.024082,0.018777,0.059644,0.024389,0.046221,0.021202
0.160779,0.049667,0.138701,0.053165,0.060028,0.204849,0.127182,0.118884,0.026274,0.060469
0.056991,0.108875,0.036910,0.178546,0.073557,0.076077,0.126911,0.073185,0.142248,0.126701
0.136430,0.058566,0.190177,0.109497,0.056924,0.051448,0.117736,0.142900,0.070349,0.065971
0.064086,0.077215,0.179761,0.062305,0.165966,0.062142,0.040291,0.230324,0.030166,0.087745
0.103039,0.093121,0.037739,0.226380,0.045518,0.098730,0.029813,0.081950,0.139170,0.144540
0.144412,0.110375,0.108252,0.160126,0.020442,0.044946,0.208810,0.150527,0.022325,0.029786
0.054592,0.070018,0.132229,0.080495,0.048043,0.098385,0.136709,0.117423,0.237261,0.024845
0.018632,0.019237,0.567617,0.209569,0.020995,0.014761,0.021340,0.016199,0.092614,0.019037
0.115835,0.099821,0.040293,0.095132,0.081504,0.071739,0.031096,0.132615,0.278810,0.053153
0.022343,0.023494,0.549224,0.181501,0.024718,0.017736,0.041874,0.020016,0.091960,0.027133
0.063148,0.051795,0.039761,0.093100,0.079454,0.128536,0.144796,0.076051,0.164115,0.159243
0.057903,0.034235,0.018874,0.135052,0.040561,0.070681,0.016757,0.594577,0.012650,0.018710
0.016638,0.031582,0.036647,0.009500,0.073389,0.015742,0.012690,0.194148,0.597914,0.011749
0.083762,0.024288,0.060913,0.075934,0.062859,0.106633,0.074009,0.075931,0.389535,0.046136
0.099837,0.054640,0.055847,0.236111,0.028043,0.168056,0.048476,0.147599,0.092317,0.069075
0.037232,0.082682,0.031510,0.289693,0.020128,0.075833,0.028768,0.128743,0.280447,0.024963
0.032364,0.040075,0.520487,0.144925,0.024646,0.031385,0.045858,0.061592,0.069868,0.028801
0.013678,0.020972,0.010866,0.017949,0.012862,0.015861,0.010999,0.187147,0.691835,0.017832
0.059963,0.102188,0.156027,0.045969,0.099270,0.042604,0.101924,0.057299,0.171061,0.163694
0.023440,0.029207,0.669569,0.027225,0.034502,0.016941,0.035784,0.047332,0.095197,0.020803
0.040229,0.132031,0.038805,0.096318,0.053248,0.039055,0.032219,0.142208,0.265500,0.160386
0.134992,0.045930,0.039711,0.056169,0.104905,0.140149,0.241005,0.145461,0.025490,0.066189
0.121953,0.109810,0.098348,0.086457,0.120164,0.095102,0.076125,0.155950,0.097834,0.038256
0.027191,0.026588,0.011144,0.019642,0.014087,0.020979,0.021518,0.186724,0.657332,0.014795
0.080608,0.112979,0.120645,0.060935,0.136928,0.174888,0.137828,0.057740,0.046119,0.071331
0.037215,0.017569,0.010939,0.013129,0.007614,0.026159,0.055890,0.193361,0.622611,0.015514
0.056008,0.067649,0.045902,0.021978,0.065454,0.055372,0.154169,0.163207,0.096689,0.273573
0.060793,0.085947,0.074669,0.066481,0.194748,0.085899,0.165248,0.051096,0.141134,0.073985
0.076041,0.047735,0.044849,0.052017,0.112213,0.171263,0.138363,0.211946,0.077156,0.068417
0.122063,0.105379,0.042826,0.171670,0.095056,0.153096,0.039741,0.050373,0.190816,0.028980
0.129219,0.168622,0.044980,0.086355,0.097333,0.047104,0.073412,0.093066,0.188890,0.071019
0.017265,0.014926,0.016091,0.052718,0.024652,0.024219,0.015710,0.190811,0.630870,0.012739
0.032580,0.021107,0.499922,0.160756,0.026709,0.045041,0.042556,0.047450,0.092289,0.031590
0.059699,0.022974,0.017604,0.020979,0.009309,0.089822,0.012669,0.052460,0.701367,0.013117
0.104983,0.083106,0.084659,0.236232,0.054425,0.087425,0.043336,0.121763,0.154735,0.029337
0.042253,0.039972,0.062891,0.075973,0.061497,0.085146,0.076981,0.096058,0.436881,0.022347
0.028232,0.016477,0.035571,0.045647,0.026229,0.016403,0.064428,0.184163,0.560229,0.022622
0.078288,0.035284,0.028479,0.063238,0.017110,0.109105,0.106126,0.056554,0.426097,0.079718
0.093618,0.124424,0.049650,0.023425,0.067904,0.144013,0.101464,0.219362,0.101250,0.074890
0.027683,0.016750,0.534716,0.215622,0.011166,0.015562,0.011516,0.049258,0.094092,0.023635
0.057100,0.042584,0.208034,0.019078,0.052972,0.234456,0.123543,0.128760,0.036908,0.096565
0.091822,0.082191,0.128766,0.062911,0.182705,0.107527,0.130378,0.118191,0.067800,0.027709
0.127929,0.102982,0.038726,0.339114,0.087337,0.119059,0.029701,0.044924,0.060371,0.049855
0.159020,0.116626,0.068845,0.057855,0.026038,0.196303,0.048192,0.123831,0.094457,0.108834
0.113657,0.083183,0.163422,0.097250,0.084789,0.044368,0.164499,0.055564,0.164918,0.028351
0.224016,0.062070,0.074148,0.138621,0.062832,0.190825,0.050240,0.058372,0.077232,0.061644
0.020916,0.037996,0.505372,0.032142,0.020024,0.017486,0.015222,0.040046,0.287718,0.023079
0.134986,0.108571,0.066379,0.085864,0.095107,0.121879,0.074638,0.163015,0.094668,0.054892
0.067998,0.118821,0.041847,0.182494,0.097903,0.127653,0.221412,0.092172,0.024514,0.025187
0.159662,0.111768,0.046761,0.192165,0.127799,0.132222,0.041795,0.122237,0.036976,0.028615
0.078666,0.054376,0.112239,0.058097,0.117000,0.118654,0.122428,0.169751,0.026538,0.142250
0.044862,0.056273,0.151564,0.212280,0.099000,0.043365,0.076129,0.093518,0.063181,0.159828
0.028239,0.024613,0.550451,0.281709,0.017690,0.030844,0.012661,0.013961,0.023365,0.016469
0.040906,0.029633,0.521287,0.159946,0.030080,0.042465,0.020097,0.030509,0.097980,0.027095
0.085931,0.029861,0.044101,0.204387,0.125361,0.056345,0.048672,0.208633,0.027333,0.169376
0.043209,0.042284,0.016938,0.641441,0.033995,0.022256,0.091069,0.038007,0.038747,0.032054
0.112855,0.108020,0.104938,0.105097,0.022626,0.042761,0.176155,0.098284,0.179079,0.050185
0.124494,0.116758,0.141666,0.096088,0.061929,0.112342,0.129192,0.070769,0.041643,0.105120
0.069052,0.089325,0.055921,0.062930,0.038984,0.092795,0.114508,0.054527,0.386838,0.035120
0.120920,0.117882,0.047094,0.049164,0.101549,0.050199,0.143449,0.097227,0.201914,0.070603
0.150754,0.049975,0.046575,0.111717,0.128085,0.246604,0.048812,0.073942,0.106840,0.036695
0.139701,0.059359,0.047981,0.019867,0.022676,0.235148,0.156333,0.191772,0.100419,0.026744
0.066154,0.091469,0.175105,0.020723,0.051742,0.160400,0.069303,0.125684,0.188383,0.051037
0.132369,0.062109,0.135515,0.089332,0.105448,0.117558,0.041259,0.155452,0.091091,0.069867
0.134459,0.127002,0.223330,0.091450,0.056851,0.148312,0.032181,0.094279,0.025404,0.066732
0.022498,0.032025,0.560194,0.173500,0.025110,0.022105,0.044452,0.020538,0.068727,0.030850
0.106376,0.043813,0.086771,0.099618,0.108695,0.102216,0.127224,0.133528,0.162131,0.029627
0.031265,0.029374,0.018376,0.024978,0.068616,0.037923,0.055154,0.162402,0.543369,0.028542
0.113829,0.051095,0.040565,0.277811,0.100888,0.098314,0.033929,0.093068,0.161951,0.028550
0.147298,0.039359,0.055676,0.139284,0.102079,0.095497,0.098721,0.044621,0.251172,0.026293
0.065560,0.216456,0.072017,0.050774,0.140614,0.180285,0.150438,0.056647,0.037203,0.030006
0.023435,0.023802,0.010145,0.006793,0.021209,0.030702,0.011123,0.199624,0.664566,0.008602
0.020554,0.022690,0.018953,0.012098,0.018165,0.014987,0.019708,0.167320,0.695276,0.010247
0.118349,0.030594,0.184683,0.110590,0.095681,0.096473,0.033385,0.175479,0.083144,0.071622
0.071729,0.107729,0.066157,0.055245,0.059059,0.165505,0.041510,0.165871,0.036548,0.230648
0.077497,0.068223,0.028845,0.105412,0.072525,0.064490,0.030723,0.055623,0.472991,0.023669
0.027646,0.023590,0.011852,0.020742,0.020513,0.039819,0.016283,0.184503,0.643209,0.011843
0.092677,0.153667,0.048323,0.071070,0.073565,0.191906,0.053261,0.233694,0.041760,0.040078
0.182215,0.111112,0.043553,0.083453,0.053845,0.149233,0.044564,0.189064,0.079958,0.063003
0.053560,0.106702,0.138476,0.126804,0.104290,0.127450,0.043676,0.055760,0.211376,0.031905
0.107027,0.050369,0.142352,0.226715,0.026538,0.136206,0.095709,0.074046,0.062522,0.078517
0.079306,0.071776,0.030658,0.079781,0.016616,0.069251,0.027097,0.061461,0.540829,0.023224
0.125637,0.109561,0.085944,0.107305,0.090207,0.152727,0.107073,0.141566,0.024753,0.055226
0.066342,0.044096,0.043387,0.084078,0.110366,0.047581,0.043827,0.146801,0.319867,0.093655
0.125951,0.075816,0.139358,0.087710,0.077659,0.105145,0.156505,0.085527,0.070589,0.075739
0.062168,0.153022,0.055693,0.067463,0.154412,0.134241,0.051287,0.195361,0.090488,0.035864
0.026750,0.027856,0.497487,0.227784,0.065563,0.041660,0.038161,0.025904,0.027577,0.021256
0.068528,0.133837,0.261640,0.061506,0.064680,0.152847,0.048694,0.070651,0.105928,0.031690
0.077688,0.067518,0.148768,0.135083,0.026866,0.244020,0.036144,0.103654,0.080261,0.079998
0.072366,0.057717,0.100499,0.170629,0.099726,0.117716,0.048049,0.064475,0.202216,0.066609
0.015298,0.013362,0.600225,0.254303,0.019103,0.013631,0.014005,0.021309,0.021054,0.027710
0.154590,0.034442,0.124099,0.104618,0.146531,0.056780,0.048073,0.194095,0.102858,0.033914
0.142413,0.060803,0.049248,0.101153,0.064251,0.228533,0.043709,0.105476,0.038627,0.165786
0.092626,0.078162,0.138827,0.091083,0.200528,0.098821,0.108249,0.043465,0.074411,0.073829
0.028539,0.028289,0.514048,0.238073,0.010282,0.026019,0.050752,0.015615,0.067045,0.021339
0.034594,0.030965,0.552691,0.150563,0.028440,0.019002,0.026887,0.054856,0.067333,0.034670
0.045323,0.106012,0.037876,0.103681,0.051721,0.168530,0.132123,0.049175,0.182749,0.122811
0.028803,0.024942,0.627274,0.225166,0.020858,0.014941,0.012521,0.016999,0.008182,0.020314
0.151066,0.031769,0.153956,0.106121,0.064588,0.131341,0.149974,0.058058,0.037373,0.115754
0.051368,0.124579,0.239704,0.020520,0.103112,0.140286,0.078697,0.097315,0.038231,0.106189
0.054763,0.046376,0.020586,0.051971,0.011270,0.084221,0.020301,0.028666,0.651257,0.030589
0.110323,0.051100,0.101323,0.081695,0.025118,0.160830,0.107386,0.060301,0.180794,0.121130
0.028471,0.018563,0.522575,0.290181,0.015822,0.031528,0.017565,0.044941,0.019217,0.011136
0.030089,0.029068,0.529557,0.279950,0.018646,0.041104,0.013710,0.020627,0.024946,0.012303
0.070222,0.115374,0.182236,0.082549,0.093442,0.095114,0.047332,0.156309,0.025324,0.132099
0.071830,0.054429,0.095256,0.314440,0.087223,0.043542,0.048858,0.158314,0.066798,0.059309
0.028022,0.028221,0.015788,0.014216,0.009421,0.039956,0.009610,0.203792,0.631218,0.019758
0.025172,0.019098,0.569505,0.193148,0.023433,0.034037,0.019124,0.054072,0.042647,0.019764
0.010600,0.010409,0.020350,0.017869,0.012191,0.029180,0.008454,0.198155,0.678389,0.014402
0.038788,0.018580,0.647095,0.084877,0.028123,0.031210,0.059145,0.029988,0.025222,0.036970
0.134551,0.104180,0.039029,0.054332,0.096193,0.048668,0.042263,0.192740,0.068838,0.219206
0.084513,0.123819,0.047907,0.133514,0.062639,0.157934,0.036173,0.222391,0.099511,0.031598
0.044810,0.018937,0.058578,0.200950,0.038287,0.106017,0.020529,0.052915,0.439609,0.019367
0.072177,0.038015,0.035331,0.041047,0.095579,0.043959,0.134509,0.126937,0.388966,0.023480
0.172940,0.121879,0.140487,0.190116,0.059655,0.050537,0.149024,0.054295,0.025638,0.035427
0.055117,0.087636,0.148746,0.074216,0.055266,0.150294,0.063592,0.125555,0.160793,0.078785
0.129566,0.108264,0.043801,0.054073,0.053828,0.122993,0.074844,0.165358,0.219312,0.027960
0.092430,0.024878,0.063896,0.017100,0.053022,0.161534,0.250637,0.147028,0.031445,0.158029
0.072326,0.096173,0.112292,0.030809,0.070954,0.090610,0.021322,0.032034,0.433626,0.039855
0.045425,0.029577,0.022783,0.023711,0.019251,0.016218,0.015617,0.201544,0.613297,0.012577
0.071419,0.088410,0.044035,0.051649,0.255375,0.048164,0.040656,0.115716,0.193096,0.091479
0.071766,0.123234,0.045791,0.047473,0.102737,0.203654,0.032275,0.095087,0.035960,0.242023
0.068868,0.150377,0.045251,0.101924,0.110936,0.122643,0.049943,0.156927,0.067840,0.125292
0.018915,0.022747,0.547668,0.233248,0.063290,0.031804,0.018509,0.016283,0.025300,0.022235
0.114196,0.049450,0.167104,0.347798,0.051029,0.118282,0.035219,0.045552,0.022226,0.049144
0.045818,0.111450,0.062573,0.081553,0.055055,0.153551,0.087530,0.154558,0.033766,0.214148
0.154589,0.030774,0.042049,0.206358,0.112181,0.054189,0.044424,0.069811,0.026921,0.258703
0.131653,0.114806,0.102570,0.053702,0.058415,0.136400,0.044483,0.110855,0.193233,0.053881
0.092697,0.079075,0.082477,0.066958,0.186431,0.040856,0.135091,0.116612,0.147325,0.052478
0.032432,0.032917,0.501449,0.190351,0.063270,0.025959,0.016264,0.019007,0.092054,0.026297
0.085041,0.065393,0.048858,0.018847,0.022204,0.143378,0.284517,0.222058,0.034111,0.075593
0.068956,0.054129,0.114122,0.020952,0.054173,0.099481,0.118784,0.108228,0.327419,0.033756
0.029886,0.031467,0.547825,0.240073,0.019521,0.035069,0.019582,0.025599,0.029632,0.021348
0.036651,0.033791,0.590347,0.184349,0.026793,0.018483,0.012995,0.021773,0.048686,0.026132
0.013714,0.019096,0.615803,0.201660,0.022102,0.025009,0.013127,0.020493,0.041337,0.027658
0.014806,0.024185,0.010911,0.022616,0.019468,0.029757,0.030827,0.170711,0.659690,0.017028
0.012901,0.016540,0.574778,0.243415,0.016893,0.038240,0.017512,0.046444,0.018514,0.014762
0.053333,0.041066,0.079210,0.018030,0.195914,0.117309,0.027991,0.063520,0.255542,0.148085
0.088808,0.080440,0.118772,0.106944,0.066058,0.111205,0.119352,0.058150,0.206315,0.043956
0.015572,0.029992,0.014795,0.012983,0.069022,0.032232,0.010762,0.189771,0.607191,0.017679
0.187747,0.124508,0.146551,0.021793,0.024652,0.129731,0.033878,0.176202,0.094781,0.060157
0.028415,0.014107,0.551101,0.222562,0.022547,0.039679,0.036917,0.024287,0.041246,0.019140
0.149164,0.115714,0.040925,0.097841,0.061328,0.050879,0.081726,0.054547,0.093950,0.253925
0.134674,0.056548,0.201735,0.090752,0.124633,0.106895,0.040642,0.138060,0.039584,0.066477
0.068070,0.054722,0.103621,0.093179,0.034991,0.094437,0.104665,0.039027,0.382808,0.024480
0.029891,0.026924,0.015755,0.021887,0.024210,0.026669,0.035324,0.183797,0.618576,0.016968
0.117260,0.135108,0.168155,0.048662,0.087941,0.109874,0.034736,0.082539,0.158184,0.057540
0.027110,0.012146,0.009968,0.020004,0.019778,0.022682,0.009064,0.202180,0.663796,0.013273
0.094949,0.091973,0.103202,0.095010,0.210785,0.041146,0.099394,0.123344,0.031575,0.108623
0.028834,0.028793,0.526809,0.248514,0.069456,0.038651,0.015971,0.020694,0.009156,0.013121
0.030315,0.030828,0.548190,0.235412,0.022327,0.033755,0.023684,0.019237,0.027785,0.028466
0.145176,0.208004,0.042245,0.135356,0.024298,0.129431,0.041832,0.103371,0.097148,0.073141
0.118258,0.039136,0.166874,0.143776,0.227145,0.086027,0.039028,0.074981,0.078788,0.025987
0.103799,0.093467,0.176121,0.046231,0.101801,0.131284,0.178057,0.077354,0.034349,0.057536
0.074572,0.031596,0.071952,0.058684,0.140617,0.249712,0.165176,0.149648,0.026869,0.031173
0.011772,0.027628,0.012168,0.020304,0.020041,0.038031,0.011713,0.195555,0.646847,0.015942
0.054979,0.062147,0.046271,0.099298,0.121285,0.266713,0.044701,0.158542,0.108999,0.037064
0.030421,0.018071,0.015822,0.032226,0.008938,0.023463,0.016617,0.201004,0.626550,0.026888
0.142163,0.058551,0.063641,0.053570,0.092914,0.110274,0.114843,0.128580,0.041089,0.194376
0.066212,0.095530,0.183679,0.111091,0.055273,0.193169,0.138983,0.062078,0.024291,0.069694
0.048152,0.049225,0.030042,0.515413,0.036068,0.022476,0.020458,0.031760,0.194419,0.051986
0.081153,0.116842,0.038907,0.124302,0.060124,0.174201,0.032465,0.095526,0.243151,0.033329
0.055756,0.050234,0.095850,0.098853,0.102564,0.096996,0.171043,0.092013,0.072654,0.164037
0.174200,0.130375,0.037312,0.016593,0.058178,0.150066,0.030164,0.050654,0.028548,0.323910
0.014225,0.012611,0.013707,0.020136,0.060994,0.013183,0.046923,0.179466,0.624583,0.014170
0.078327,0.032633,0.042282,0.093650,0.107043,0.105536,0.080759,0.180218,0.211038,0.068514
0.090998,0.051482,0.158408,0.106392,0.119476,0.196212,0.037374,0.059323,0.106229,0.074105
0.113735,0.056018,0.116300,0.077071,0.089813,0.103550,0.124330,0.092960,0.165754,0.060469
0.024551,0.019240,0.563908,0.174045,0.030617,0.046849,0.045502,0.022543,0.047636,0.025110
0.024159,0.022739,0.558440,0.053047,0.057315,0.025003,0.056647,0.071504,0.039211,0.091935
0.047583,0.059013,0.061426,0.163628,0.040051,0.032698,0.025967,0.088669,0.432722,0.048244
0.044283,0.095239,0.112946,0.096366,0.086281,0.137626,0.039303,0.058829,0.158461,0.170665
0.023165,0.020973,0.011587,0.030368,0.020974,0.031191,0.016529,0.177124,0.651024,0.017065
0.009667,0.006808,0.020326,0.015860,0.016659,0.020798,0.008460,0.176016,0.717737,0.007669
0.011844,0.010612,0.010992,0.028671,0.058304,0.047531,0.015938,0.172180,0.627918,0.016011
0.112713,0.157150,0.061229,0.104582,0.087595,0.043136,0.082541,0.125589,0.039162,0.186302
0.038770,0.018866,0.026829,0.105154,0.035838,0.078337,0.120499,0.068418,0.488650,0.018638
0.113418,0.143608,0.164401,0.048193,0.049336,0.133870,0.029787,0.152238,0.082614,0.082536
0.106376,0.030206,0.084618,0.237685,0.095627,0.109807,0.155373,0.089495,0.022845,0.067968
0.038940,0.035016,0.036757,0.026189,0.070372,0.038614,0.050275,0.173910,0.492678,0.037251
0.016286,0.017115,0.565015,0.191106,0.069870,0.025986,0.016613,0.026895,0.046998,0.024115
0.117721,0.051411,0.041182,0.256625,0.024712,0.138791,0.032575,0.106190,0.174558,0.056235
0.025191,0.020296,0.653765,0.169574,0.021824,0.016460,0.021745,0.024110,0.025098,0.021937
0.060284,0.041268,0.038479,0.240496,0.094080,0.075252,0.029134,0.110589,0.255018,0.055399
0.120288,0.049687,0.105304,0.253270,0.080571,0.126028,0.167223,0.044617,0.021305,0.031706
0.021052,0.025939,0.607975,0.235849,0.020049,0.015661,0.019739,0.015011,0.022631,0.016093
0.047339,0.030270,0.079956,0.032049,0.039869,0.034879,0.028058,0.060071,0.602324,0.045186
0.028266,0.012597,0.019875,0.019404,0.014113,0.015919,0.009324,0.199552,0.663153,0.017798
0.019754,0.008498,0.580765,0.282737,0.006644,0.026703,0.009911,0.019272,0.036390,0.009327
0.106922,0.047728,0.161085,0.330568,0.047640,0.112821,0.034232,0.081468,0.021961,0.055575
0.078227,0.066090,0.048715,0.053105,0.065753,0.119465,0.235368,0.150716,0.106053,0.076507
0.097814,0.063308,0.029173,0.065970,0.147598,0.092206,0.025347,0.040618,0.400487,0.037479
0.022579,0.019953,0.011576,0.020722,0.017460,0.051702,0.010820,0.187414,0.641805,0.015969
0.056831,0.119307,0.080914,0.038604,0.193987,0.101907,0.139213,0.090347,0.150028,0.028862
0.020919,0.026449,0.564440,0.201889,0.027375,0.018197,0.053842,0.024956,0.042417,0.019516
0.031075,0.026855,0.017435,0.023398,0.065912,0.034465,0.025208,0.174553,0.573295,0.027805
0.022471,0.032672,0.714294,0.015530,0.032720,0.017350,0.065142,0.054678,0.013487,0.031656
0.031743,0.024457,0.495297,0.172125,0.031695,0.039507,0.027322,0.054514,0.097284,0.026055
0.027935,0.010476,0.021320,0.013700,0.020523,0.024960,0.015905,0.179164,0.666515,0.019502
0.083565,0.031322,0.038550,0.010653,0.012148,0.026578,0.023998,0.028027,0.655914,0.089245
0.088533,0.038199,0.096159,0.124230,0.088173,0.116272,0.038688,0.133411,0.133057,0.143280
0.131449,0.117593,0.045361,0.095873,0.109681,0.051518,0.136247,0.145610,0.091126,0.075542
0.057109,0.085765,0.112361,0.050400,0.086060,0.110864,0.067341,0.096404,0.162595,0.171102
0.030015,0.034468,0.034613,0.035960,0.027912,0.053074,0.023465,0.169034,0.561583,0.029877
0.051933,0.111819,0.023903,0.030091,0.064482,0.030517,0.024448,0.058020,0.564930,0.039857
0.029084,0.040086,0.581114,0.140306,0.026821,0.044269,0.014549,0.058183,0.031307,0.034281
0.038513,0.024317,0.035882,0.034604,0.024349,0.037474,0.012851,0.193190,0.578015,0.020805
0.179539,0.060899,0.113241,0.052934,0.141551,0.140680,0.034747,0.125440,0.091521,0.059448
0.015385,0.013122,0.022580,0.020586,0.020056,0.024627,0.015797,0.181926,0.670477,0.015444
0.025573,0.031359,0.018069,0.661494,0.032597,0.061837,0.071115,0.030440,0.038004,0.029512
0.028564,0.015770,0.023787,0.046607,0.059933,0.016797,0.035238,0.169775,0.589958,0.013571
0.122979,0.094039,0.156853,0.097982,0.084473,0.114199,0.036990,0.106803,0.022642,0.163039
0.135364,0.064201,0.142872,0.129509,0.109145,0.130754,0.043748,0.143786,0.026922,0.073701
0.015811,0.017947,0.010740,0.012843,0.007296,0.014791,0.045342,0.200544,0.655600,0.019086
0.087894,0.068547,0.053673,0.064209,0.025556,0.164953,0.273252,0.074559,0.106971,0.080385
0.101177,0.087699,0.082838,0.042955,0.048648,0.109297,0.169482,0.123021,0.155315,0.079568
0.101282,0.135302,0.033142,0.017552,0.074544,0.139889,0.028395,0.129644,0.290594,0.049657
0.079256,0.061628,0.042721,0.103372,0.124149,0.053918,0.259962,0.163990,0.036214,0.074791
0.126831,0.111481,0.063770,0.053866,0.093416,0.157442,0.115712,0.180481,0.066619,0.030382
0.130466,0.059104,0.048206,0.124874,0.058419,0.053117,0.043159,0.203487,0.210526,0.068643
0.069351,0.035229,0.194448,0.038018,0.018006,0.144269,0.025336,0.050471,0.373345,0.051528
0.093176,0.037473,0.035346,0.259413,0.197709,0.086350,0.038397,0.080714,0.141907,0.029514
0.058124,0.044613,0.020494,0.046771,0.012820,0.035481,0.021095,0.669554,0.050419,0.040629
0.026385,0.013990,0.014520,0.013412,0.057886,0.037487,0.021951,0.175356,0.627401,0.011611
0.057785,0.101110,0.041259,0.044683,0.056027,0.126772,0.197183,0.057810,0.189692,0.127679
0.112210,0.154274,0.040191,0.020468,0.108681,0.122416,0.029344,0.115335,0.174009,0.123072
0.093403,0.031813,0.021468,0.011384,0.061754,0.096975,0.043851,0.028807,0.594919,0.015627
0.051934,0.125072,0.048465,0.092570,0.104326,0.052312,0.048008,0.210848,0.208367,0.058099
0.050258,0.163635,0.068624,0.086828,0.059040,0.086711,0.187000,0.110542,0.089327,0.098036
0.059547,0.042585,0.039964,0.019589,0.105194,0.235607,0.145978,0.201166,0.084847,0.065524
0.015605,0.025665,0.582160,0.262843,0.006887,0.013907,0.014249,0.060470,0.006949,0.011265
0.094882,0.087393,0.142895,0.129028,0.075851,0.136946,0.165852,0.072481,0.021384,0.073288
0.133369,0.026025,0.039173,0.101238,0.087071,0.109392,0.034372,0.139579,0.299413,0.030368
0.114389,0.045066,0.104240,0.106869,0.058537,0.188684,0.187704,0.059782,0.064390,0.070338
0.074727,0.112657,0.200784,0.179284,0.119614,0.098693,0.043561,0.111007,0.025576,0.034097
0.038475,0.026451,0.036471,0.223957,0.086024,0.116564,0.158158,0.125409,0.137807,0.050685
0.076718,0.053320,0.102300,0.093327,0.043642,0.062004,0.047484,0.070739,0.348131,0.102334
0.124756,0.105528,0.045808,0.084328,0.054781,0.165630,0.041556,0.158122,0.082757,0.136735
0.066282,0.054142,0.049532,0.154210,0.068404,0.189006,0.052189,0.187304,0.041876,0.137057
0.085327,0.058483,0.053109,0.023242,0.027909,0.242070,0.054955,0.325507,0.032444,0.096953
0.074753,0.061255,0.024550,0.034069,0.059658,0.127756,0.028055,0.039203,0.507032,0.043670
0.056595,0.039368,0.122961,0.079753,0.084138,0.116175,0.143258,0.090347,0.136906,0.130498
0.065378,0.101657,0.036865,0.051000,0.055653,0.205958,0.197175,0.105393,0.087849,0.093074
0.120415,0.166870,0.042562,0.047042,0.023780,0.164541,0.071336,0.090144,0.065819,0.207490
0.031932,0.025351,0.486013,0.235098,0.023792,0.036084,0.059104,0.051594,0.029340,0.021692
0.055624,0.104116,0.040071,0.151622,0.049700,0.186880,0.066384,0.148617,0.076054,0.120932
0.135690,0.192830,0.039155,0.046915,0.021932,0.044765,0.200911,0.169696,0.081022,0.067084
0.085713,0.039864,0.070259,0.035737,0.073417,0.072031,0.074492,0.043834,0.460463,0.044189
0.074698,0.109714,0.039134,0.077310,0.265121,0.110195,0.029354,0.054581,0.182554,0.057338
0.053039,0.064481,0.069732,0.131024,0.302564,0.138462,0.047120,0.068633,0.094329,0.030617
0.096115,0.039413,0.079112,0.131942,0.078206,0.118836,0.109640,0.144804,0.142181,0.059753
0.041098,0.031910,0.012574,0.014896,0.016750,0.051210,0.009680,0.034746,0.769560,0.017575
0.044837,0.030292,0.031948,0.736802,0.030065,0.050776,0.021586,0.019864,0.009128,0.024700
0.129611,0.099978,0.041591,0.097584,0.090571,0.042948,0.031141,0.151201,0.191431,0.123945
0.042560,0.034067,0.027288,0.188725,0.033415,0.075442,0.105671,0.050760,0.422733,0.019338
0.070524,0.112837,0.103942,0.116515,0.099361,0.049513,0.045531,0.131911,0.199398,0.070468
0.081628,0.018204,0.026797,0.029036,0.057653,0.116983,0.119763,0.054419,0.462936,0.032581
0.013982,0.008433,0.553195,0.311019,0.021212,0.034568,0.011345,0.017251,0.015620,0.013374
0.128469,0.053410,0.040571,0.044887,0.218236,0.102199,0.042641,0.112203,0.172212,0.085171
0.054029,0.039517,0.070459,0.163938,0.157630,0.104450,0.103273,0.102157,0.117347,0.087199
0.056271,0.040836,0.657971,0.031465,0.009299,0.055152,0.026396,0.032366,0.067365,0.022878
0.025451,0.012952,0.532503,0.261754,0.029827,0.026985,0.047140,0.017667,0.026650,0.019071
0.027054,0.015240,0.027104,0.014326,0.023766,0.047828,0.012515,0.181574,0.630554,0.020040
0.012583,0.017700,0.015128,0.021211,0.023097,0.033397,0.055277,0.193246,0.612421,0.015939
0.027109,0.014002,0.587207,0.265342,0.017767,0.016085,0.016313,0.021377,0.022773,0.012026
0.086261,0.032909,0.044524,0.136241,0.120875,0.147437,0.037107,0.101976,0.259601,0.033069
0.040045,0.043045,0.563468,0.131348,0.071079,0.033935,0.027716,0.033309,0.027780,0.028275
0.110943,0.140015,0.082778,0.264024,0.026377,0.115586,0.033098,0.076990,0.064995,0.085194
0.034576,0.017859,0.028843,0.061914,0.037734,0.032164,0.026920,0.041986,0.700556,0.017449
0.012975,0.029636,0.613243,0.218099,0.021078,0.024395,0.012760,0.023078,0.024382,0.020354
0.082968,0.024034,0.020880,0.026194,0.156920,0.076020,0.017906,0.094510,0.482088,0.018481
0.109218,0.089426,0.055126,0.045687,0.079558,0.138164,0.028060,0.120477,0.169540,0.164742
0.029826,0.024960,0.558009,0.174400,0.028756,0.019208,0.046677,0.024325,0.072537,0.021301
0.112575,0.055974,0.091749,0.104984,0.090669,0.174077,0.185993,0.082985,0.039723,0.061270
0.022374,0.009613,0.682133,0.105249,0.033198,0.043625,0.014366,0.045598,0.024737,0.019107
0.050068,0.044953,0.076663,0.281818,0.074645,0.103106,0.168871,0.098522,0.056727,0.044627
0.060795,0.116221,0.126627,0.054075,0.097033,0.125587,0.040522,0.150045,0.092144,0.136952
0.113238,0.090338,0.067988,0.086064,0.089436,0.080803,0.064320,0.194457,0.112002,0.101354
0.017746,0.027822,0.013318,0.022974,0.021565,0.051932,0.043407,0.170221,0.613148,0.017868
0.148929,0.055609,0.095797,0.022816,0.098242,0.045165,0.074644,0.167818,0.195896,0.095084
0.030675,0.029235,0.023378,0.022705,0.021624,0.038773,0.010608,0.192673,0.616251,0.014077
0.104930,0.096135,0.157342,0.096110,0.084762,0.154523,0.100333,0.076907,0.045451,0.083507
0.061256,0.079474,0.031929,0.043512,0.082223,0.129426,0.119087,0.134235,0.294449,0.024408
0.127792,0.117517,0.048878,0.095709,0.130316,0.166956,0.046796,0.099867,0.092192,0.073977
0.020477,0.009024,0.010248,0.017718,0.013099,0.022004,0.019382,0.173803,0.692426,0.021819
0.074174,0.099461,0.027046,0.033500,0.056047,0.091903,0.025372,0.031639,0.443451,0.117406
0.028172,0.019642,0.542042,0.261779,0.021692,0.031809,0.034893,0.016831,0.025295,0.017846
0.022118,0.044704,0.048705,0.060831,0.041945,0.052981,0.102325,0.531555,0.025805,0.069031
0.032044,0.032981,0.025177,0.011367,0.019756,0.040032,0.038154,0.184764,0.586824,0.028902
0.175353,0.030665,0.045116,0.021593,0.145191,0.164272,0.048013,0.156409,0.098899,0.114490
0.143771,0.123355,0.143102,0.129245,0.060248,0.143796,0.044056,0.069148,0.071473,0.071807
0.044751,0.013067,0.011566,0.008601,0.020382,0.038357,0.016367,0.204882,0.625814,0.016212
0.031624,0.018192,0.543100,0.202216,0.023363,0.017025,0.019465,0.019563,0.093343,0.032109
0.058541,0.079180,0.131171,0.077984,0.193398,0.095490,0.135102,0.076777,0.021507,0.130851
0.057467,0.040058,0.131926,0.237078,0.075446,0.104658,0.112281,0.092583,0.076925,0.071577
0.031941,0.018476,0.011496,0.031582,0.021052,0.036587,0.010264,0.198702,0.620730,0.019170
0.154128,0.129867,0.041335,0.019902,0.120050,0.183799,0.046924,0.232563,0.036937,0.034496
0.024177,0.025102,0.015823,0.049025,0.019279,0.017190,0.011787,0.192559,0.627850,0.017209
0.056099,0.096878,0.174242,0.076403,0.049482,0.140310,0.035145,0.142455,0.171208,0.057777
0.151272,0.034824,0.048010,0.067751,0.159805,0.177002,0.116932,0.118733,0.085169,0.040501
0.069895,0.156264,0.040591,0.084840,0.092512,0.109874,0.112653,0.051842,0.091791,0.189737
0.020854,0.021620,0.563653,0.240205,0.023064,0.039659,0.014114,0.025709,0.029629,0.021493
0.109382,0.137930,0.039993,0.098591,0.083222,0.129314,0.121406,0.108844,0.059629,0.111690
0.021585,0.030965,0.584835,0.198440,0.024704,0.035981,0.014523,0.020152,0.046217,0.022598
