0.051987,0.050262,0.045276,0.066964,0.048389,0.050482,0.042066,0.046122,0.048395,0.550058
0.041830,0.454308,0.043040,0.038921,0.044054,0.039881,0.208956,0.046436,0.039501,0.043073
0.042559,0.452256,0.044274,0.040002,0.039689,0.041421,0.203388,0.046711,0.048767,0.040934
0.074105,0.073860,0.335961,0.066890,0.065051,0.080906,0.079017,0.072346,0.064091,0.087773
0.043111,0.043392,0.276477,0.050840,0.037576,0.390851,0.044064,0.040297,0.035539,0.037852
0.096758,0.104315,0.093435,0.096213,0.093078,0.108745,0.092370,0.112558,0.105574,0.096954
0.064638,0.051869,0.047166,0.071983,0.044602,0.056085,0.046119,0.047793,0.044009,0.525736
0.043752,0.045183,0.047864,0.056140,0.047971,0.044005,0.042678,0.049734,0.052679,0.569993
0.079890,0.076652,0.073544,0.074901,0.091078,0.089644,0.279314,0.079973,0.076591,0.078411
0.040883,0.050744,0.271738,0.042145,0.041114,0.380967,0.041984,0.049052,0.040686,0.040686
0.069434,0.368111,0.063693,0.064972,0.064527,0.076710,0.075706,0.080777,0.070952,0.065119
0.105726,0.107420,0.097561,0.093408,0.092913,0.104795,0.095372,0.093727,0.104894,0.104184
0.052488,0.049938,0.043481,0.055160,0.045122,0.047079,0.049262,0.049534,0.049324,0.558613
0.062992,0.050809,0.059566,0.077454,0.043559,0.053246,0.045035,0.042989,0.047108,0.517243
0.094066,0.104593,0.093684,0.097095,0.110187,0.107494,0.095060,0.115250,0.090003,0.092569
0.117543,0.100487,0.113111,0.102066,0.106061,0.091320,0.088447,0.098502,0.093064,0.089398
0.036191,0.034412,0.276026,0.043732,0.056347,0.392136,0.028408,0.031973,0.041701,0.059073
0.046878,0.058168,0.049037,0.057133,0.046161,0.044256,0.046274,0.044764,0.052471,0.554859
0.050168,0.385200,0.047838,0.048420,0.047282,0.048980,0.193401,0.064058,0.062972,0.051682
0.053504,0.050314,0.052065,0.082907,0.048828,0.059285,0.051054,0.049918,0.049950,0.502175
0.097769,0.106701,0.096835,0.093542,0.107150,0.102013,0.101977,0.099027,0.089929,0.105057
0.106791,0.109052,0.100671,0.095498,0.098391,0.103581,0.093456,0.095005,0.096227,0.101328
0.119251,0.112467,0.092981,0.090460,0.106606,0.089895,0.103888,0.106454,0.085232,0.092767
0.102425,0.103195,0.095447,0.096673,0.096677,0.104145,0.108595,0.097939,0.096697,0.098207
0.063114,0.051365,0.044236,0.057510,0.043539,0.054151,0.052447,0.048590,0.045707,0.539340
0.059957,0.435694,0.053808,0.036177,0.043472,0.041840,0.205716,0.050369,0.037282,0.035684
0.107323,0.108375,0.095673,0.093690,0.101604,0.093187,0.107887,0.099942,0.100417,0.091900
0.043867,0.038916,0.277316,0.044506,0.043355,0.404442,0.040506,0.037434,0.035976,0.033682
0.096995,0.101726,0.098629,0.096405,0.102915,0.095104,0.096184,0.112584,0.098854,0.100603
0.070749,0.082412,0.316211,0.072755,0.077757,0.080074,0.078178,0.074858,0.077164,0.069844
0.098040,0.103741,0.095608,0.099281,0.096469,0.094595,0.096343,0.116807,0.100424,0.098693
0.041020,0.450530,0.037330,0.050028,0.047358,0.056253,0.192444,0.044253,0.038956,0.041829
0.102532,0.100604,0.094414,0.104280,0.106731,0.090613,0.102947,0.103677,0.101961,0.092241
0.095827,0.109233,0.099032,0.098194,0.094700,0.093033,0.105305,0.096025,0.105947,0.102703
0.044664,0.056092,0.044883,0.059399,0.051294,0.049270,0.044670,0.047938,0.046934,0.554856
0.098805,0.104044,0.094605,0.096057,0.103522,0.095680,0.097078,0.101972,0.109479,0.098757
0.050516,0.436224,0.041717,0.041946,0.040924,0.050295,0.212621,0.041670,0.042946,0.041140
0.120119,0.099789,0.096281,0.095003,0.103129,0.103612,0.096552,0.096918,0.094975,0.093621
0.049937,0.063475,0.273458,0.047307,0.034896,0.386375,0.035465,0.038599,0.034640,0.035849
0.036069,0.040770,0.275329,0.048038,0.050849,0.396903,0.038168,0.040252,0.035776,0.037845
0.057136,0.050634,0.049164,0.058536,0.048847,0.051804,0.051421,0.053549,0.052373,0.526536
0.115131,0.112101,0.111465,0.090385,0.087928,0.102873,0.097285,0.088806,0.102356,0.091670
0.098381,0.100321,0.096250,0.093555,0.102658,0.107783,0.109060,0.099109,0.090168,0.102715
0.037938,0.037522,0.278922,0.048518,0.043424,0.399806,0.036849,0.040784,0.035963,0.040275
0.121930,0.103995,0.097051,0.095580,0.101858,0.095388,0.091995,0.093580,0.105993,0.092629
0.095170,0.101057,0.093842,0.097391,0.097726,0.109714,0.097276,0.109849,0.098284,0.099690
0.095357,0.103582,0.097860,0.099322,0.110037,0.103986,0.094967,0.102956,0.093550,0.098382
0.070285,0.072601,0.339621,0.076701,0.074224,0.075695,0.074534,0.080268,0.074238,0.061834
0.036947,0.040124,0.275547,0.049886,0.045608,0.394726,0.035634,0.034798,0.050376,0.036353
0.047027,0.058139,0.051106,0.075195,0.045732,0.056286,0.052366,0.049106,0.044870,0.520174
0.096911,0.105629,0.095681,0.099466,0.108978,0.092207,0.103473,0.099655,0.092548,0.105451
0.041685,0.039068,0.280597,0.044326,0.032377,0.400687,0.031496,0.041197,0.054712,0.033856
0.100895,0.102308,0.099190,0.099929,0.093707,0.094699,0.103138,0.101453,0.107100,0.097582
0.042972,0.462791,0.038681,0.051668,0.047018,0.047706,0.199462,0.034879,0.037361,0.037461
0.047781,0.425904,0.042069,0.040089,0.043090,0.062971,0.205162,0.050881,0.040343,0.041709
0.091836,0.366613,0.064199,0.066561,0.072693,0.070663,0.065946,0.071340,0.064665,0.065484
0.104555,0.099674,0.096985,0.098391,0.092303,0.104241,0.096351,0.108940,0.102193,0.096367
0.053099,0.056096,0.050532,0.073033,0.052095,0.054372,0.048876,0.049060,0.049922,0.512915
0.107493,0.100023,0.093759,0.098744,0.111750,0.091138,0.110386,0.093805,0.096685,0.096217
0.097042,0.103279,0.098878,0.095567,0.108563,0.102098,0.103855,0.092301,0.093412,0.105006
0.044232,0.443857,0.040448,0.041209,0.043107,0.050128,0.202500,0.048522,0.040644,0.045353
0.097040,0.096876,0.112938,0.108713,0.091228,0.102265,0.104814,0.102540,0.089554,0.094033
0.100208,0.104264,0.092912,0.093090,0.101083,0.108806,0.102701,0.097187,0.107130,0.092619
0.097030,0.108857,0.099082,0.097604,0.093480,0.104257,0.103875,0.094274,0.105528,0.096013
0.097127,0.103424,0.097881,0.105994,0.093811,0.108127,0.093905,0.110967,0.092204,0.096560
0.048405,0.048307,0.047210,0.073508,0.045112,0.044948,0.045042,0.050930,0.050200,0.546338
0.078011,0.038874,0.263448,0.038970,0.050113,0.369130,0.039530,0.043877,0.038087,0.039960
0.096075,0.101168,0.092846,0.111807,0.101030,0.101413,0.107317,0.098882,0.096723,0.092739
0.098542,0.108340,0.096399,0.096164,0.094705,0.104659,0.093573,0.102008,0.100133,0.105478
0.099640,0.112472,0.099313,0.095495,0.095346,0.106280,0.093010,0.103177,0.095864,0.099403
0.101647,0.114257,0.096571,0.105059,0.093688,0.090906,0.108840,0.100718,0.091198,0.097117
0.094739,0.102424,0.114786,0.099674,0.097535,0.100790,0.105231,0.094818,0.095859,0.094144
0.095073,0.104089,0.115824,0.092897,0.105534,0.105080,0.106055,0.089432,0.095223,0.090793
0.095416,0.110044,0.097557,0.098781,0.092194,0.115776,0.097860,0.093475,0.099795,0.099102
0.096115,0.101722,0.115992,0.092670,0.100770,0.092819,0.106700,0.110324,0.088067,0.094821
0.124533,0.100946,0.100502,0.093272,0.102492,0.091902,0.092143,0.102245,0.099061,0.092904
0.096909,0.100562,0.095629,0.096520,0.103806,0.115027,0.093831,0.094761,0.105734,0.097220
0.094482,0.106244,0.094403,0.096098,0.113425,0.110944,0.093173,0.093876,0.099289,0.098066
0.078296,0.085217,0.282341,0.074078,0.081330,0.071096,0.079276,0.091250,0.080117,0.077000
0.057446,0.040033,0.269564,0.045959,0.035773,0.397203,0.035860,0.042355,0.036698,0.039110
0.041523,0.455181,0.038875,0.045436,0.047619,0.052925,0.192934,0.042108,0.045082,0.038316
0.100181,0.113731,0.100294,0.106150,0.109319,0.095614,0.091683,0.092941,0.091149,0.098939
0.091582,0.096800,0.088610,0.090997,0.100530,0.098712,0.099418,0.088691,0.151029,0.093631
0.099623,0.100628,0.095516,0.104903,0.093760,0.094797,0.106835,0.099620,0.107022,0.097297
0.040178,0.039699,0.272591,0.033340,0.043668,0.392330,0.034596,0.034415,0.045334,0.063849
0.095265,0.101338,0.095089,0.094836,0.093477,0.116436,0.098845,0.111507,0.099970,0.093236
0.094489,0.116748,0.099226,0.095875,0.099743,0.095670,0.096756,0.105761,0.091989,0.103744
0.097183,0.117966,0.093414,0.104083,0.092767,0.103118,0.102436,0.099595,0.093490,0.095948
0.048580,0.048677,0.061112,0.071119,0.051380,0.050204,0.046700,0.050114,0.046139,0.525975
0.087011,0.081540,0.100152,0.071920,0.070920,0.087878,0.267081,0.076269,0.080024,0.077204
0.050320,0.053335,0.049553,0.068621,0.045599,0.057411,0.052011,0.045693,0.047638,0.529819
0.100148,0.101771,0.100427,0.097880,0.096345,0.110140,0.095552,0.097058,0.099690,0.100989
0.078335,0.085494,0.075295,0.075441,0.073595,0.084804,0.286838,0.073882,0.082370,0.083947
0.106910,0.100711,0.092114,0.095880,0.110385,0.090211,0.095090,0.109886,0.097504,0.101308
0.100705,0.101119,0.097899,0.098339,0.091560,0.102595,0.108115,0.099165,0.104909,0.095596
0.100270,0.104607,0.095698,0.104936,0.091260,0.092544,0.107072,0.098995,0.106987,0.097631
0.114490,0.111557,0.091481,0.090247,0.087843,0.086044,0.097415,0.088632,0.140444,0.091848
0.096074,0.101222,0.117939,0.094596,0.105722,0.093457,0.102656,0.102929,0.093413,0.091993
0.097887,0.101753,0.113384,0.094881,0.100557,0.099558,0.105706,0.095138,0.095079,0.096056
0.082231,0.088316,0.078777,0.080232,0.077380,0.078060,0.275343,0.078769,0.079574,0.081319
0.080631,0.081800,0.330967,0.067376,0.067418,0.080019,0.078007,0.068940,0.079714,0.065129
0.094944,0.121092,0.095252,0.095959,0.103739,0.095368,0.095725,0.102084,0.098734,0.097103
0.088799,0.333021,0.068270,0.065362,0.078756,0.079344,0.075644,0.067186,0.072903,0.070715
0.096550,0.106460,0.119848,0.095983,0.091686,0.112374,0.089781,0.096008,0.096036,0.095274
0.040483,0.037432,0.281458,0.043214,0.031598,0.377091,0.031782,0.038693,0.051171,0.067078
0.124315,0.111689,0.092080,0.092810,0.101707,0.093656,0.090008,0.109617,0.089889,0.094228
0.086198,0.102307,0.105075,0.094219,0.096581,0.096458,0.081907,0.090082,0.166606,0.080566
0.043621,0.039894,0.271120,0.044174,0.037685,0.398682,0.041354,0.037931,0.050987,0.034551
0.102322,0.117090,0.092995,0.104240,0.093101,0.103572,0.097717,0.100795,0.091396,0.096773
0.069212,0.076592,0.340070,0.068250,0.083293,0.081583,0.063764,0.063999,0.063574,0.089663
0.048588,0.047227,0.045916,0.054782,0.047298,0.044944,0.053236,0.050061,0.055147,0.552801
0.096970,0.108774,0.099870,0.094109,0.102834,0.095204,0.103971,0.100851,0.097206,0.100211
0.051258,0.053411,0.048690,0.073482,0.056044,0.053477,0.057000,0.056562,0.055968,0.494107
0.061232,0.039221,0.278629,0.034565,0.038613,0.393451,0.033430,0.041087,0.045389,0.034383
0.040918,0.439529,0.041889,0.041536,0.065489,0.044431,0.195314,0.045691,0.042171,0.043032
0.071662,0.075248,0.074499,0.069624,0.068415,0.348685,0.080134,0.073803,0.069381,0.068549
0.095320,0.114004,0.115771,0.093993,0.100323,0.092251,0.105802,0.097553,0.090690,0.094293
0.116635,0.099533,0.113814,0.091292,0.090439,0.085935,0.104220,0.102388,0.096891,0.098852
0.098843,0.077647,0.072319,0.074895,0.080681,0.078381,0.282829,0.088279,0.074946,0.071179
0.056696,0.466499,0.037875,0.045054,0.045038,0.036250,0.190679,0.037401,0.046610,0.037898
0.044074,0.440142,0.042401,0.040011,0.044578,0.042842,0.215933,0.050734,0.040417,0.038868
0.098371,0.103686,0.093982,0.098893,0.096704,0.093247,0.106075,0.103241,0.105092,0.100709
0.078830,0.078910,0.322620,0.068904,0.086241,0.068007,0.078781,0.073626,0.072070,0.072013
0.095984,0.115472,0.098077,0.094549,0.092311,0.100929,0.100952,0.098444,0.100127,0.103155
0.043707,0.056204,0.266315,0.044730,0.047397,0.353818,0.042623,0.052935,0.043884,0.048387
0.097835,0.103221,0.100666,0.095448,0.094284,0.108320,0.096526,0.099526,0.107372,0.096802
0.097420,0.101661,0.094606,0.097475,0.097980,0.093679,0.110757,0.104285,0.105865,0.096273
0.073135,0.429552,0.044080,0.039601,0.050967,0.039808,0.203697,0.041780,0.038761,0.038619
0.097823,0.107444,0.093867,0.095715,0.094145,0.092235,0.104106,0.109673,0.107379,0.097613
0.050127,0.061333,0.049131,0.088402,0.046922,0.056156,0.047938,0.047145,0.053105,0.499740
0.107784,0.102727,0.100100,0.096181,0.100511,0.096403,0.104745,0.094969,0.099146,0.097434
0.038496,0.040693,0.270847,0.045412,0.040245,0.403205,0.042025,0.040242,0.037047,0.041788
0.099525,0.101255,0.096192,0.095126,0.110122,0.107228,0.094507,0.100229,0.105312,0.090504
0.079576,0.091709,0.096266,0.075830,0.071797,0.073868,0.278976,0.080072,0.078143,0.073764
0.101522,0.111483,0.099253,0.096021,0.108519,0.104854,0.093947,0.094790,0.092377,0.097234
0.102008,0.100459,0.090809,0.095960,0.107380,0.105735,0.102735,0.099051,0.099009,0.096854
0.097919,0.112770,0.098522,0.096002,0.093052,0.110840,0.093308,0.099599,0.100296,0.097691
0.044522,0.050535,0.043616,0.067833,0.045740,0.047700,0.043257,0.055826,0.048805,0.552164
0.095899,0.105503,0.094115,0.103472,0.100735,0.102988,0.108590,0.100590,0.095679,0.092429
0.106870,0.116823,0.096524,0.092533,0.110000,0.091758,0.102647,0.091117,0.095546,0.096181
0.101993,0.117231,0.098077,0.102942,0.096675,0.091992,0.092724,0.101813,0.099150,0.097402
0.049785,0.054988,0.051643,0.064846,0.049064,0.058556,0.050286,0.054529,0.050075,0.516228
0.073412,0.077315,0.068941,0.067447,0.082038,0.353334,0.069395,0.067109,0.072242,0.068767
0.086342,0.095299,0.087953,0.089045,0.094280,0.097723,0.084158,0.102016,0.171442,0.091743
0.100900,0.100977,0.093128,0.105414,0.102721,0.111679,0.091984,0.099387,0.098529,0.095281
0.096901,0.110592,0.096570,0.094381,0.103262,0.102127,0.094443,0.092700,0.103652,0.105372
0.048345,0.450345,0.039619,0.048276,0.041410,0.050122,0.183872,0.060293,0.039818,0.037901
0.096283,0.112308,0.094094,0.094440,0.110476,0.100803,0.095410,0.098221,0.105491,0.092473
0.097782,0.104088,0.115012,0.110229,0.092025,0.092281,0.105792,0.099867,0.088008,0.094914
0.093796,0.103268,0.099935,0.112366,0.091526,0.101311,0.103663,0.099130,0.096909,0.098095
0.069077,0.069622,0.064229,0.083101,0.074711,0.359362,0.062384,0.081274,0.071260,0.064981
0.039635,0.445811,0.057113,0.050050,0.038562,0.038849,0.197034,0.041766,0.050636,0.040544
0.047510,0.057179,0.058983,0.078974,0.042047,0.052797,0.044459,0.055776,0.041153,0.521121
0.038250,0.040215,0.280016,0.035804,0.033721,0.404676,0.039542,0.041629,0.047033,0.039114
0.104209,0.106476,0.090951,0.091694,0.106677,0.106435,0.092334,0.108990,0.097779,0.094455
0.073282,0.332080,0.071355,0.072255,0.070854,0.083357,0.074269,0.076786,0.074929,0.070833
0.054397,0.048725,0.047759,0.065871,0.050580,0.052775,0.047941,0.047407,0.050708,0.533836
0.049396,0.053450,0.046033,0.061510,0.051234,0.050366,0.049744,0.058357,0.046592,0.533319
0.102796,0.102710,0.093551,0.101334,0.094803,0.104867,0.097580,0.100412,0.099505,0.102442
0.101094,0.101296,0.097942,0.095321,0.103636,0.095973,0.110224,0.101019,0.099166,0.094331
0.056412,0.047997,0.061024,0.074904,0.045074,0.045273,0.054625,0.044859,0.051991,0.517839
0.043590,0.042140,0.264363,0.039345,0.043859,0.397527,0.045348,0.040953,0.044531,0.038346
0.037340,0.484420,0.036968,0.039439,0.041194,0.036206,0.193443,0.049048,0.045309,0.036633
0.063986,0.065199,0.054853,0.091798,0.053737,0.054276,0.052678,0.062689,0.062474,0.438309
0.097700,0.113709,0.098474,0.096442,0.103632,0.104237,0.092173,0.094423,0.095551,0.103657
0.098922,0.103349,0.095967,0.091784,0.107843,0.087881,0.106683,0.105786,0.099070,0.102716
0.047882,0.433172,0.044304,0.052067,0.038225,0.045898,0.212339,0.036951,0.049971,0.039192
0.097590,0.103972,0.096257,0.102123,0.093245,0.104370,0.109246,0.100443,0.096726,0.096029
0.039410,0.428682,0.038921,0.040527,0.071905,0.054920,0.189460,0.057080,0.039861,0.039232
0.116937,0.098248,0.093886,0.092491,0.107836,0.091533,0.099878,0.097199,0.099737,0.102256
0.095206,0.105340,0.115328,0.092897,0.088658,0.112573,0.105912,0.098934,0.090640,0.094511
0.081020,0.084498,0.074978,0.087629,0.074971,0.080872,0.281655,0.080440,0.078956,0.074982
0.097332,0.119205,0.092614,0.095700,0.102956,0.102444,0.096504,0.099648,0.099649,0.093947
0.043995,0.431737,0.041934,0.041502,0.052610,0.043682,0.193269,0.047285,0.058596,0.045390
0.107653,0.105208,0.096812,0.095791,0.093057,0.094830,0.108157,0.104309,0.096503,0.097681
0.101602,0.101963,0.093296,0.100379,0.102476,0.094895,0.106977,0.097317,0.096928,0.104167
0.050444,0.048086,0.047166,0.064917,0.045335,0.050640,0.054581,0.051786,0.051834,0.535212
0.097194,0.105221,0.094751,0.096224,0.111083,0.096108,0.103502,0.100202,0.093966,0.101748
0.100176,0.105373,0.100850,0.102210,0.095620,0.093418,0.099788,0.104006,0.099614,0.098946
0.098278,0.106441,0.100453,0.096938,0.093815,0.104575,0.093833,0.105753,0.092329,0.107585
0.120290,0.100713,0.093970,0.095724,0.092202,0.090090,0.107835,0.102394,0.094437,0.102344
0.107545,0.103055,0.101469,0.097030,0.095373,0.097999,0.094043,0.101061,0.099735,0.102690
0.099435,0.102277,0.096346,0.098897,0.112528,0.099648,0.095687,0.097817,0.095686,0.101679
0.059479,0.445387,0.038060,0.047583,0.046997,0.038886,0.191236,0.048567,0.047368,0.036438
0.046905,0.444432,0.059334,0.044502,0.037886,0.042529,0.201778,0.041652,0.038168,0.042813
0.097987,0.100668,0.094388,0.097409,0.103383,0.115627,0.104573,0.097211,0.090840,0.097915
0.098135,0.108385,0.093899,0.097828,0.095131,0.107667,0.094917,0.111286,0.094062,0.098690
0.097979,0.112789,0.097330,0.100505,0.097134,0.094902,0.102306,0.098311,0.102053,0.096691
0.047285,0.040067,0.285386,0.033961,0.044323,0.395391,0.033479,0.043058,0.036849,0.040200
0.123454,0.100574,0.092715,0.093929,0.092341,0.107440,0.091570,0.103079,0.097907,0.096991
0.040450,0.049502,0.274602,0.039715,0.038607,0.377614,0.040582,0.050803,0.045735,0.042390
0.092743,0.117217,0.095677,0.112727,0.102283,0.089235,0.094380,0.101208,0.091510,0.103020
0.094882,0.112931,0.090470,0.103493,0.105362,0.110790,0.092890,0.101813,0.092521,0.094848
0.103952,0.113240,0.114860,0.091291,0.106789,0.091580,0.089827,0.096495,0.091017,0.100950
0.098128,0.105418,0.096491,0.100956,0.102122,0.095084,0.093444,0.113678,0.095535,0.099144
0.103150,0.105795,0.094730,0.106463,0.097745,0.102679,0.096958,0.100952,0.097792,0.093736
0.095281,0.100660,0.093627,0.105580,0.104760,0.103267,0.104713,0.099394,0.098547,0.094171
0.068615,0.361134,0.065793,0.071758,0.078620,0.066334,0.071376,0.073185,0.071070,0.072115
0.093701,0.108010,0.094419,0.098954,0.106617,0.105696,0.103283,0.097803,0.091320,0.100196
0.076676,0.081200,0.072907,0.078648,0.071682,0.087344,0.281572,0.090915,0.070368,0.088687
0.102372,0.114277,0.121777,0.100016,0.093019,0.091637,0.092312,0.094004,0.097447,0.093140
0.079784,0.090626,0.079038,0.072529,0.081265,0.086628,0.269119,0.079325,0.085360,0.076325
0.095872,0.101943,0.093371,0.094222,0.105883,0.113182,0.108070,0.098907,0.092011,0.096540
0.103092,0.101956,0.100130,0.097390,0.103299,0.105343,0.096085,0.101679,0.097461,0.093565
0.070859,0.082479,0.330303,0.067403,0.064963,0.081797,0.078910,0.065955,0.074250,0.083080
0.035627,0.039087,0.275664,0.045052,0.056878,0.393289,0.038317,0.029721,0.052636,0.033730
0.073309,0.339201,0.071011,0.071761,0.070788,0.077609,0.078518,0.076211,0.069148,0.072444
0.037963,0.460988,0.039453,0.038328,0.059447,0.038406,0.197466,0.052448,0.037210,0.038292
0.092042,0.102074,0.097840,0.093744,0.111205,0.105695,0.109143,0.096388,0.097841,0.094028
0.099090,0.116684,0.095555,0.092136,0.106913,0.108685,0.107812,0.091246,0.091375,0.090503
0.049578,0.049899,0.046463,0.072438,0.045719,0.054646,0.047969,0.050892,0.052440,0.529956
0.099103,0.102710,0.097251,0.098677,0.095921,0.110979,0.095865,0.104131,0.099734,0.095629
0.108029,0.102682,0.120745,0.093493,0.103384,0.092452,0.091673,0.091787,0.099094,0.096660
0.042653,0.039024,0.270526,0.036103,0.039257,0.391085,0.042471,0.043163,0.059673,0.036046
0.107177,0.100040,0.096053,0.094857,0.101757,0.112960,0.092981,0.103907,0.094242,0.096026
0.048461,0.055877,0.044288,0.064097,0.050101,0.054522,0.050410,0.044249,0.050271,0.537725
0.103176,0.113349,0.098885,0.095772,0.094491,0.091913,0.108036,0.099128,0.097359,0.097891
0.050271,0.053120,0.050932,0.083299,0.046410,0.048146,0.048054,0.046673,0.045846,0.527249
0.040894,0.034705,0.276426,0.046116,0.045149,0.395714,0.029540,0.038364,0.059153,0.033940
0.093696,0.112595,0.098333,0.093520,0.095375,0.089538,0.107285,0.111613,0.102264,0.095778
0.045396,0.445592,0.039343,0.044472,0.049225,0.040899,0.204060,0.048867,0.043731,0.038413
0.099476,0.100894,0.094961,0.100184,0.101188,0.107819,0.100241,0.100175,0.097172,0.097889
0.100224,0.098062,0.097420,0.096399,0.108380,0.104980,0.109626,0.092671,0.089759,0.102480
0.049032,0.058382,0.049052,0.073804,0.055151,0.044609,0.045997,0.050989,0.050227,0.522757
0.113200,0.102084,0.110988,0.089219,0.106290,0.101246,0.098336,0.090514,0.097806,0.090317
0.048065,0.056239,0.047229,0.066307,0.055887,0.045378,0.046684,0.049349,0.051044,0.533818
0.105464,0.101119,0.093638,0.102797,0.095073,0.104114,0.099614,0.099794,0.095588,0.102798
0.097152,0.101891,0.093177,0.096143,0.092628,0.103763,0.098263,0.112316,0.098760,0.105907
0.095295,0.114544,0.093813,0.111693,0.106165,0.105973,0.091195,0.098346,0.089440,0.093537
0.102834,0.116185,0.101378,0.094138,0.095516,0.094385,0.104964,0.102346,0.094504,0.093751
0.050993,0.048528,0.046893,0.077824,0.047402,0.047718,0.049372,0.050914,0.048897,0.531458
0.043106,0.041376,0.276488,0.050737,0.036641,0.396647,0.036681,0.043934,0.036756,0.037633
0.107054,0.099353,0.093556,0.113518,0.091873,0.103253,0.108619,0.092498,0.092435,0.097841
0.098548,0.101289,0.096671,0.093852,0.097609,0.102943,0.107970,0.097126,0.098404,0.105588
0.048891,0.408102,0.046949,0.046932,0.053649,0.045976,0.204520,0.053308,0.046152,0.045522
0.095490,0.101858,0.116010,0.092029,0.101797,0.105488,0.106072,0.091458,0.092538,0.097260
0.104245,0.102127,0.096407,0.093721,0.099149,0.092747,0.104856,0.105972,0.106559,0.094217
0.038860,0.462218,0.034222,0.049115,0.060303,0.041949,0.198103,0.042951,0.036293,0.035985
0.076917,0.082948,0.076953,0.089815,0.077419,0.085126,0.279910,0.076726,0.076561,0.077625
0.050438,0.052252,0.045740,0.081795,0.045393,0.045778,0.055212,0.045459,0.047423,0.530510
0.072329,0.077593,0.331960,0.081847,0.076740,0.080840,0.068744,0.075953,0.065073,0.068922
0.045984,0.422008,0.042350,0.041682,0.042272,0.042165,0.194257,0.049084,0.041262,0.078935
0.099292,0.103836,0.099794,0.096739,0.113842,0.093215,0.097849,0.103445,0.097458,0.094530
0.088451,0.076249,0.078691,0.078805,0.075664,0.081441,0.271416,0.090908,0.081158,0.077216
0.045164,0.460887,0.036762,0.046596,0.044742,0.043249,0.201628,0.043191,0.041356,0.036425
0.099574,0.115249,0.119855,0.095368,0.105313,0.091818,0.091236,0.091904,0.095320,0.094362
0.096487,0.104059,0.097776,0.095498,0.096188,0.094218,0.112964,0.096733,0.110579,0.095497
0.046403,0.064115,0.264227,0.038555,0.037421,0.367806,0.038484,0.045956,0.058237,0.038796
0.044728,0.035139,0.270534,0.035057,0.039227,0.392064,0.036596,0.039398,0.045357,0.061899
0.093450,0.106732,0.116302,0.102945,0.100929,0.106066,0.089825,0.092131,0.097223,0.094398
0.097835,0.101773,0.097840,0.104493,0.093804,0.105776,0.104119,0.104786,0.091484,0.098089
0.078102,0.084052,0.078058,0.076430,0.091112,0.073931,0.280918,0.081394,0.081943,0.074060
0.049124,0.048407,0.046503,0.062102,0.045881,0.054172,0.045950,0.052547,0.054696,0.540620
0.097116,0.101698,0.096731,0.099461,0.094406,0.110705,0.094320,0.107274,0.095195,0.103094
0.080906,0.082447,0.079933,0.072917,0.075985,0.081023,0.284001,0.076582,0.078058,0.088148
0.049273,0.455907,0.040452,0.046120,0.051397,0.040818,0.189700,0.039585,0.047342,0.039406
0.045840,0.429986,0.041326,0.041734,0.079078,0.043160,0.191258,0.042175,0.045934,0.039509
0.036795,0.043608,0.270869,0.048679,0.034838,0.394242,0.041032,0.033651,0.035982,0.060304
0.096030,0.100966,0.098406,0.093939,0.090887,0.105692,0.107784,0.110913,0.098316,0.097067
0.071362,0.323417,0.090133,0.071890,0.066608,0.076277,0.081604,0.074917,0.072441,0.071350
0.119247,0.101160,0.093534,0.094442,0.091721,0.102493,0.106403,0.098676,0.094032,0.098292
0.042810,0.461280,0.042235,0.037804,0.048214,0.036859,0.202092,0.044205,0.043111,0.041391
0.101910,0.099572,0.097648,0.095099,0.111122,0.103334,0.097013,0.112086,0.090218,0.091998
0.098716,0.104862,0.096501,0.092720,0.106768,0.107404,0.106508,0.090796,0.105687,0.090038
0.092984,0.098741,0.097479,0.110651,0.105666,0.101685,0.100674,0.097947,0.102264,0.091909
0.047000,0.049073,0.048114,0.062884,0.042610,0.044373,0.050869,0.043088,0.053117,0.558871
0.097228,0.107247,0.098137,0.093292,0.105100,0.095252,0.092238,0.112689,0.097379,0.101438
0.039708,0.042992,0.274976,0.046823,0.035975,0.383277,0.035497,0.039316,0.035761,0.065674
0.100326,0.105750,0.089775,0.095469,0.100516,0.112935,0.092672,0.102294,0.096848,0.103414
0.054233,0.052055,0.268514,0.040854,0.040570,0.374077,0.042386,0.045120,0.041829,0.040363
0.101275,0.113279,0.095880,0.094486,0.094810,0.096813,0.098357,0.102740,0.096587,0.105773
0.099101,0.102174,0.094816,0.095128,0.103621,0.106170,0.099158,0.111026,0.094540,0.094267
0.094645,0.100079,0.123831,0.100959,0.104265,0.094169,0.094347,0.095176,0.094946,0.097581
0.095863,0.100250,0.097390,0.095348,0.092846,0.103879,0.102108,0.111838,0.101341,0.099136
0.098014,0.114662,0.096932,0.094270,0.105038,0.109449,0.094115,0.094973,0.095935,0.096612
0.074591,0.078674,0.323765,0.088515,0.066895,0.069431,0.069376,0.075631,0.082012,0.071109
0.052888,0.055716,0.051062,0.069332,0.053487,0.060561,0.049795,0.056374,0.050928,0.499858
0.100808,0.097071,0.091205,0.099126,0.101432,0.084057,0.089649,0.089116,0.156078,0.091459
0.073598,0.331494,0.073233,0.081866,0.084159,0.067645,0.075042,0.068802,0.071074,0.073087
0.094687,0.100455,0.096710,0.094661,0.104032,0.094063,0.094470,0.112655,0.101236,0.107030
0.098022,0.103082,0.093914,0.114358,0.102968,0.095694,0.092141,0.097741,0.099459,0.102621
0.097109,0.112989,0.099369,0.094863,0.093319,0.101931,0.095791,0.103882,0.103713,0.097036
0.098516,0.100723,0.114264,0.094993,0.102500,0.102652,0.106888,0.090964,0.091394,0.097106
0.099589,0.103123,0.095690,0.094882,0.102844,0.109291,0.103626,0.100070,0.099811,0.091074
0.041484,0.044335,0.274285,0.046009,0.037489,0.381150,0.038770,0.040991,0.056762,0.038724
0.067452,0.073519,0.068383,0.064476,0.080874,0.383663,0.062940,0.069790,0.062072,0.066832
0.081286,0.082079,0.097939,0.075479,0.075207,0.076040,0.275669,0.074247,0.087612,0.074442
0.056074,0.064209,0.052311,0.074652,0.054596,0.051755,0.053632,0.052285,0.052791,0.487694
0.093654,0.113845,0.093021,0.095908,0.092552,0.107719,0.107528,0.098082,0.106329,0.091361
0.071091,0.077108,0.067563,0.085076,0.067925,0.346672,0.065866,0.066786,0.079959,0.071955
0.096541,0.116620,0.093067,0.095150,0.097146,0.103283,0.102183,0.110950,0.088886,0.096173
0.045965,0.438134,0.039132,0.039154,0.048012,0.052579,0.198115,0.038320,0.056872,0.043717
0.093286,0.105432,0.094050,0.099234,0.101490,0.107470,0.092467,0.103835,0.106420,0.096316
0.041787,0.460912,0.037406,0.036965,0.045394,0.041215,0.194658,0.051117,0.049113,0.041434
0.104252,0.103516,0.116338,0.094665,0.093297,0.106881,0.091228,0.092710,0.093870,0.103242
0.096215,0.115821,0.096220,0.095679,0.092036,0.105067,0.107749,0.096084,0.093695,0.101433
0.101940,0.103392,0.093973,0.096141,0.093938,0.095168,0.111695,0.101863,0.108259,0.093632
0.098697,0.104929,0.095548,0.107519,0.105351,0.095230,0.105808,0.094999,0.092476,0.099444
0.092831,0.113397,0.093930,0.090298,0.109658,0.091780,0.105724,0.100538,0.105669,0.096174
0.045628,0.454558,0.037905,0.048713,0.063204,0.039450,0.196834,0.040958,0.036189,0.036562
0.101068,0.117528,0.092965,0.096149,0.092254,0.109641,0.097214,0.096165,0.097055,0.099959
0.066629,0.082304,0.071912,0.071536,0.065469,0.367656,0.064961,0.066823,0.071300,0.071409
0.096796,0.109549,0.095016,0.096554,0.102095,0.116786,0.102958,0.098974,0.089389,0.091883
0.054164,0.055841,0.044312,0.064523,0.055025,0.048741,0.043614,0.056777,0.043951,0.533052
0.037728,0.455486,0.039628,0.042611,0.048748,0.041855,0.187606,0.041670,0.038939,0.065727
0.055305,0.052608,0.046767,0.082514,0.044170,0.054582,0.043887,0.058253,0.055963,0.505950
0.122065,0.099713,0.090610,0.091465,0.107920,0.099409,0.105871,0.098532,0.088210,0.096204
0.097887,0.110842,0.100218,0.095956,0.094157,0.105749,0.097033,0.101932,0.097886,0.098340
0.049378,0.059136,0.048099,0.083298,0.047391,0.050092,0.045090,0.048607,0.044554,0.524354
0.042138,0.039933,0.269317,0.039232,0.042652,0.392980,0.040376,0.049186,0.042354,0.041832
0.096540,0.111339,0.092034,0.091386,0.102576,0.091138,0.101728,0.108460,0.103774,0.101025
0.092640,0.116623,0.091394,0.104198,0.092341,0.100901,0.102690,0.099446,0.105646,0.094121
0.037859,0.040986,0.275902,0.045636,0.064331,0.392013,0.034579,0.036135,0.035908,0.036651
0.121102,0.103446,0.093073,0.092401,0.093598,0.100998,0.107821,0.099943,0.092126,0.095491
0.099350,0.102971,0.095421,0.095374,0.094332,0.115134,0.105091,0.099722,0.092986,0.099619
0.044328,0.451014,0.044566,0.039942,0.040080,0.041258,0.197931,0.046718,0.052238,0.041924
0.064436,0.039487,0.265081,0.040001,0.038043,0.393467,0.038544,0.042784,0.040484,0.037672
0.121010,0.101417,0.094126,0.099422,0.090262,0.092865,0.094054,0.110258,0.106437,0.090148
0.036836,0.449587,0.035484,0.049727,0.055175,0.061365,0.179440,0.034599,0.062745,0.035043
0.044403,0.429241,0.046375,0.041420,0.040495,0.046419,0.201769,0.051274,0.056413,0.042190
0.103593,0.109525,0.100728,0.096965,0.094668,0.097094,0.105082,0.095451,0.099788,0.097107
0.106666,0.107076,0.092288,0.099514,0.092055,0.108012,0.094835,0.112703,0.090574,0.096276
0.101604,0.108095,0.098675,0.095766,0.092691,0.095586,0.107561,0.103762,0.097989,0.098272
0.051075,0.374148,0.053612,0.052983,0.051890,0.052486,0.200158,0.058943,0.051137,0.053568
0.048577,0.399974,0.045435,0.047793,0.047611,0.054294,0.208754,0.054141,0.045418,0.048002
0.106359,0.108051,0.095607,0.094444,0.103853,0.102540,0.103710,0.092782,0.089781,0.102874
0.071946,0.073266,0.069611,0.067981,0.071373,0.354099,0.065580,0.084118,0.067429,0.074597
0.098937,0.108222,0.093984,0.095482,0.102195,0.109432,0.090943,0.109363,0.097221,0.094220
0.043138,0.048355,0.255006,0.041749,0.042608,0.387422,0.045025,0.046817,0.045952,0.043927
0.098852,0.109198,0.093746,0.094729,0.093844,0.105345,0.105070,0.094778,0.098693,0.105745
0.097278,0.108062,0.099961,0.093769,0.096572,0.114943,0.092241,0.113475,0.091267,0.092432
0.093946,0.104692,0.094876,0.105009,0.106921,0.104620,0.103746,0.094400,0.095235,0.096554
0.094991,0.101639,0.098757,0.098009,0.097630,0.109825,0.097004,0.102623,0.100186,0.099336
0.077022,0.079096,0.094480,0.073124,0.071556,0.086305,0.283352,0.078436,0.084142,0.072487
0.104884,0.105040,0.113031,0.090992,0.105761,0.099442,0.098770,0.098216,0.089165,0.094699
0.041280,0.060043,0.273083,0.048824,0.034087,0.394680,0.040421,0.034210,0.036015,0.037359
0.119491,0.102773,0.096426,0.096221,0.092599,0.090114,0.102862,0.100831,0.094834,0.103848
0.090847,0.096408,0.087498,0.092780,0.088551,0.106520,0.095440,0.096867,0.158389,0.086700
0.073991,0.309460,0.074162,0.074463,0.074472,0.085045,0.077070,0.079699,0.076278,0.075362
0.046849,0.044054,0.263822,0.053344,0.040646,0.394373,0.039379,0.037076,0.040184,0.040273
0.070556,0.089347,0.325430,0.069661,0.072021,0.077495,0.078762,0.075356,0.069625,0.071747
0.093737,0.107927,0.114766,0.091327,0.090635,0.109157,0.103506,0.095032,0.098265,0.095648
0.100363,0.100210,0.095826,0.109907,0.107854,0.103644,0.102115,0.092286,0.093478,0.094317
0.097452,0.104847,0.093213,0.096365,0.103000,0.103731,0.096355,0.101620,0.106742,0.096675
0.095667,0.108013,0.096799,0.094780,0.102770,0.093720,0.103500,0.111035,0.093487,0.100230
0.089905,0.111848,0.092794,0.102044,0.107892,0.105650,0.088966,0.095921,0.104796,0.100185
0.091029,0.078539,0.064245,0.064334,0.078050,0.348115,0.065503,0.075146,0.063993,0.071047
0.096606,0.101658,0.098130,0.096882,0.105731,0.094176,0.103123,0.112947,0.098078,0.092670
0.094536,0.109943,0.092775,0.092379,0.110487,0.099325,0.105214,0.109736,0.092983,0.092622
0.099448,0.108651,0.096556,0.108039,0.099407,0.098242,0.094664,0.100702,0.096063,0.098227
0.075243,0.074576,0.069934,0.088060,0.069146,0.330221,0.076154,0.077484,0.067933,0.071249
0.096447,0.103555,0.101128,0.098744,0.101936,0.098238,0.096073,0.097088,0.107814,0.098977
0.046502,0.412573,0.043263,0.043042,0.044990,0.047743,0.209629,0.051780,0.057917,0.042561
0.049225,0.454060,0.041061,0.040676,0.039277,0.048387,0.205374,0.038653,0.041089,0.042199
0.097575,0.098941,0.123488,0.104862,0.091938,0.102691,0.092508,0.104090,0.091002,0.092903
0.064791,0.046880,0.045052,0.066327,0.047348,0.044802,0.045650,0.050926,0.055088,0.533135
0.116602,0.110067,0.087355,0.088471,0.097757,0.087429,0.104091,0.107526,0.103306,0.097396
0.043042,0.457153,0.041565,0.048613,0.036923,0.040029,0.206790,0.045750,0.042918,0.037216
0.044642,0.049873,0.267276,0.040288,0.040387,0.381901,0.039820,0.044327,0.049253,0.042233
0.104694,0.113127,0.090568,0.112513,0.102175,0.110308,0.088594,0.094886,0.088196,0.094938
0.094775,0.100329,0.093157,0.113669,0.103110,0.108068,0.093146,0.097580,0.098840,0.097325
0.062120,0.056812,0.052109,0.074661,0.050839,0.061857,0.053088,0.051122,0.053095,0.484299
0.039196,0.045424,0.267984,0.038459,0.060282,0.383602,0.040150,0.047033,0.038237,0.039633
0.096620,0.101620,0.120102,0.091518,0.108540,0.113162,0.090701,0.091059,0.095617,0.091061
0.106616,0.099706,0.096419,0.104007,0.110197,0.092553,0.095600,0.109097,0.095013,0.090791
0.095766,0.099581,0.089679,0.093296,0.104511,0.114032,0.095876,0.112479,0.099267,0.095514
0.123506,0.105192,0.092619,0.093985,0.111401,0.095232,0.092020,0.092554,0.096482,0.097008
0.118619,0.101215,0.094832,0.097314,0.110751,0.088669,0.106632,0.091442,0.095645,0.094880
0.090009,0.102177,0.091881,0.090117,0.088913,0.098748,0.089004,0.095923,0.160167,0.093060
0.117064,0.110408,0.087574,0.101472,0.099097,0.089495,0.103998,0.098045,0.098386,0.094461
0.083130,0.040447,0.276597,0.037388,0.039333,0.380034,0.035426,0.035077,0.037101,0.035466
0.098176,0.103765,0.097342,0.105827,0.092751,0.103429,0.093396,0.103795,0.098238,0.103282
0.066014,0.044649,0.279028,0.038907,0.041088,0.360307,0.039122,0.044582,0.047098,0.039205
0.097346,0.116736,0.092130,0.114401,0.108240,0.092218,0.102972,0.092014,0.089533,0.094410
0.073551,0.076403,0.068274,0.068538,0.083792,0.334737,0.075696,0.067536,0.080269,0.071206
0.097750,0.117212,0.092842,0.105240,0.094319,0.095260,0.107994,0.097916,0.095099,0.096369
0.102328,0.111028,0.096622,0.097332,0.104762,0.096481,0.098388,0.102781,0.095457,0.094822
0.047921,0.417572,0.043495,0.043445,0.042390,0.049881,0.220106,0.050074,0.042024,0.043092
0.102345,0.109808,0.096163,0.095543,0.097686,0.110485,0.104919,0.094092,0.094958,0.094002
0.047598,0.049268,0.046157,0.057347,0.048726,0.053802,0.051371,0.045501,0.049180,0.551052
0.102036,0.108904,0.097766,0.098501,0.103239,0.094819,0.104073,0.100936,0.097665,0.092061
0.096486,0.106117,0.094885,0.092245,0.109839,0.103608,0.108958,0.099517,0.096425,0.091920
0.043028,0.056054,0.042191,0.074390,0.054201,0.043734,0.043827,0.045495,0.042715,0.554366
0.053530,0.388366,0.049283,0.051122,0.051049,0.049181,0.201326,0.055014,0.049403,0.051727
0.098175,0.111646,0.099287,0.099335,0.093463,0.107001,0.105914,0.098531,0.093065,0.093583
0.100144,0.106390,0.092926,0.104549,0.094694,0.113014,0.096215,0.102401,0.098692,0.090974
0.100278,0.102408,0.098795,0.106805,0.104640,0.097743,0.098555,0.095363,0.099995,0.095418
0.096740,0.103189,0.095373,0.101059,0.101179,0.107295,0.095348,0.100991,0.098180,0.100647
0.098719,0.105624,0.095405,0.098747,0.095043,0.107892,0.106019,0.100978,0.098446,0.093126
0.041568,0.045830,0.272312,0.034018,0.048698,0.374600,0.032437,0.055455,0.060502,0.034579
0.095559,0.103535,0.120030,0.094064,0.101891,0.104363,0.090756,0.103837,0.093797,0.092168
0.040820,0.039095,0.274860,0.041934,0.034005,0.385080,0.039315,0.037631,0.042976,0.064285
0.036658,0.451878,0.038722,0.048300,0.052672,0.048338,0.181209,0.047151,0.060916,0.034157
0.046847,0.041207,0.273772,0.048262,0.037269,0.392088,0.037645,0.040886,0.043926,0.038098
0.105985,0.100180,0.090763,0.099106,0.090216,0.111233,0.106672,0.098377,0.100586,0.096881
0.115137,0.108506,0.091832,0.107768,0.090932,0.103658,0.090364,0.097228,0.102457,0.092118
0.093459,0.072581,0.069589,0.070449,0.076886,0.325575,0.081066,0.075950,0.065579,0.068865
0.095554,0.100815,0.100600,0.097183,0.104185,0.108520,0.097694,0.099972,0.096333,0.099143
0.072352,0.077831,0.313733,0.075962,0.080962,0.072025,0.074865,0.072475,0.086958,0.072835
0.060854,0.429658,0.035825,0.052720,0.039217,0.048840,0.173086,0.048566,0.075022,0.036213
0.094619,0.105148,0.095945,0.098200,0.108278,0.092952,0.106187,0.098777,0.102223,0.097673
0.098671,0.109332,0.096152,0.099152,0.095062,0.092904,0.111397,0.103265,0.095369,0.098695
0.048524,0.056416,0.045410,0.069515,0.056165,0.053521,0.048399,0.049990,0.050598,0.521461
0.096155,0.112324,0.095368,0.111983,0.101358,0.102333,0.102094,0.092395,0.091737,0.094254
0.097695,0.100204,0.095257,0.101559,0.095243,0.103643,0.098007,0.103380,0.107044,0.097969
0.071132,0.080314,0.325266,0.090623,0.067381,0.077878,0.068460,0.075667,0.069790,0.073489
0.095018,0.101578,0.123202,0.096363,0.092697,0.095106,0.096478,0.104522,0.097074,0.097964
0.104448,0.100785,0.096087,0.113765,0.094294,0.092628,0.093621,0.112959,0.092927,0.098486
0.046226,0.045789,0.058015,0.077036,0.042046,0.050386,0.043561,0.048571,0.043199,0.545171
0.103647,0.106374,0.095390,0.099393,0.104755,0.094951,0.096577,0.098067,0.094162,0.106682
0.097153,0.103058,0.095726,0.092441,0.111797,0.093934,0.096539,0.100661,0.107772,0.100920
0.090657,0.108154,0.090324,0.088445,0.086239,0.099637,0.088419,0.091647,0.162022,0.094456
0.101792,0.102816,0.093939,0.095212,0.109243,0.112476,0.101403,0.092978,0.094070,0.096071
0.093063,0.101465,0.093627,0.113051,0.103408,0.102763,0.095236,0.100099,0.105424,0.091864
0.068493,0.414089,0.043040,0.042034,0.041206,0.053678,0.198003,0.040193,0.054028,0.045235
0.097195,0.098321,0.094898,0.104778,0.107344,0.091723,0.092515,0.112016,0.099786,0.101424
0.098565,0.112095,0.100263,0.097345,0.105060,0.096369,0.094307,0.103903,0.097111,0.094982
0.104933,0.114020,0.093089,0.102729,0.105043,0.105986,0.091288,0.099479,0.089799,0.093635
0.060870,0.050710,0.043629,0.062630,0.048861,0.050515,0.044059,0.047206,0.051908,0.539612
0.096500,0.104572,0.092844,0.096352,0.094532,0.108130,0.107502,0.100251,0.106802,0.092515
0.096858,0.112334,0.116578,0.098033,0.098639,0.103751,0.088041,0.099687,0.097273,0.088804
0.107416,0.108499,0.099000,0.097278,0.100727,0.097736,0.094103,0.096348,0.095703,0.103191
0.047961,0.423883,0.047340,0.042182,0.044720,0.047683,0.208116,0.041263,0.048873,0.047980
0.072039,0.092238,0.302672,0.073502,0.080715,0.071044,0.078545,0.080776,0.077072,0.071396
0.098495,0.109706,0.095531,0.096660,0.100112,0.108165,0.094896,0.095757,0.100258,0.100420
0.113585,0.109233,0.110090,0.092104,0.101381,0.101364,0.087409,0.105162,0.091568,0.088104
0.050407,0.059313,0.281415,0.044247,0.033386,0.382146,0.032139,0.030304,0.053933,0.032710
0.046981,0.057624,0.048997,0.055384,0.053859,0.047878,0.045666,0.047172,0.051558,0.544882
0.097031,0.097704,0.089806,0.108377,0.108063,0.104172,0.090740,0.108406,0.103767,0.091935
0.046997,0.049735,0.046658,0.062161,0.052049,0.044433,0.046037,0.047838,0.049794,0.554298
0.123148,0.100916,0.090391,0.102717,0.099432,0.099948,0.089733,0.097776,0.106436,0.089504
0.048386,0.051886,0.045225,0.053705,0.050814,0.049856,0.047097,0.057407,0.050350,0.545275
0.047217,0.051274,0.059306,0.069540,0.046093,0.053127,0.052869,0.046434,0.049557,0.524584
0.044304,0.455492,0.037350,0.046511,0.049851,0.050081,0.201638,0.035067,0.038025,0.041680
0.047525,0.040840,0.282794,0.045710,0.033509,0.386103,0.034220,0.040845,0.051342,0.037111
0.102242,0.101996,0.094245,0.100214,0.105595,0.096405,0.094056,0.107110,0.095082,0.103054
0.040447,0.446680,0.040281,0.052191,0.040990,0.045132,0.207477,0.044856,0.041361,0.040584
0.098173,0.105184,0.095580,0.099362,0.100656,0.097667,0.105892,0.101622,0.100887,0.094977
0.042470,0.453114,0.056519,0.033778,0.044072,0.036975,0.182714,0.040233,0.043102,0.067025
0.099083,0.107096,0.098567,0.094860,0.113968,0.096355,0.099796,0.096148,0.099109,0.095018
0.056463,0.053344,0.045536,0.058455,0.056273,0.050873,0.049706,0.058762,0.048248,0.522339
0.037120,0.038065,0.278177,0.043661,0.036210,0.398760,0.030467,0.037599,0.046398,0.053543
0.049819,0.052601,0.047105,0.064881,0.057757,0.046433,0.046242,0.051981,0.055043,0.528138
0.095291,0.102427,0.096634,0.098133,0.095222,0.109354,0.097808,0.100492,0.106857,0.097782
