0.087344,0.083670,0.120961,0.082891,0.061227,0.081797,0.043684,0.142741,0.228270,0.067415
0.107589,0.086575,0.115902,0.055322,0.082928,0.081927,0.036078,0.112182,0.136636,0.184861
0.032100,0.018869,0.012386,0.017396,0.021366,0.016213,0.009501,0.188924,0.655111,0.028135
0.091806,0.079863,0.044617,0.104130,0.216079,0.135831,0.045946,0.086972,0.080773,0.113983
0.094312,0.124234,0.059563,0.191611,0.034337,0.044871,0.137487,0.125359,0.087120,0.101107
0.063893,0.080569,0.056949,0.091095,0.083415,0.060735,0.071592,0.137030,0.278672,0.076052
0.052963,0.082027,0.088198,0.082080,0.096775,0.053335,0.131509,0.082976,0.222205,0.107931
0.031526,0.072919,0.032792,0.074426,0.050319,0.094568,0.065241,0.085304,0.410950,0.081954
0.066930,0.068926,0.064465,0.103479,0.206299,0.103635,0.120298,0.158579,0.037393,0.069999
0.027289,0.016978,0.007030,0.015459,0.004607,0.020698,0.005862,0.197339,0.699519,0.005219
0.020262,0.013572,0.626737,0.244270,0.016581,0.014206,0.010079,0.011133,0.027360,0.015800
0.017796,0.043826,0.018044,0.704218,0.035652,0.023629,0.025557,0.066079,0.035637,0.029562
0.022382,0.010278,0.572220,0.269895,0.018027,0.023505,0.011268,0.013032,0.050300,0.009092
0.072148,0.047734,0.151051,0.108672,0.118969,0.109989,0.040549,0.101311,0.103485,0.146092
0.138267,0.049215,0.085504,0.182496,0.137972,0.044062,0.053497,0.109167,0.103430,0.096389
0.017192,0.011442,0.022822,0.017360,0.018778,0.020711,0.025957,0.182069,0.666382,0.017286
0.122504,0.085765,0.046855,0.098397,0.091641,0.110912,0.047652,0.081425,0.278330,0.036520
0.107805,0.056573,0.033432,0.043793,0.047319,0.043224,0.101260,0.129850,0.400146,0.036598
0.010679,0.008567,0.584473,0.260937,0.053481,0.026461,0.010997,0.020850,0.008502,0.015053
0.022737,0.027520,0.565966,0.222715,0.021205,0.028769,0.020591,0.017867,0.051595,0.021035
0.030264,0.040581,0.029966,0.039188,0.166921,0.023851,0.090535,0.066800,0.463072,0.048823
0.028402,0.007641,0.027257,0.025780,0.012873,0.016868,0.010460,0.184243,0.675984,0.010491
0.157330,0.092729,0.172108,0.107263,0.071524,0.138734,0.107236,0.062086,0.050007,0.040983
0.178017,0.115113,0.062202,0.032025,0.168819,0.084376,0.056067,0.158724,0.075999,0.068658
0.059163,0.090185,0.053650,0.134496,0.110080,0.141597,0.166773,0.113120,0.040575,0.090363
0.085861,0.105039,0.151552,0.068252,0.121705,0.066951,0.162468,0.104348,0.097911,0.035914
0.104620,0.096809,0.089386,0.117662,0.055695,0.116411,0.114415,0.109907,0.125649,0.069445
0.024775,0.017703,0.011982,0.020866,0.017333,0.008635,0.024088,0.179872,0.679245,0.015501
0.107862,0.083666,0.093603,0.127573,0.061335,0.092160,0.035392,0.143652,0.074241,0.180516
0.068816,0.140956,0.059598,0.073993,0.037771,0.182273,0.148977,0.126650,0.048128,0.112839
0.007920,0.006701,0.007864,0.007952,0.013614,0.010563,0.027932,0.176940,0.735467,0.005047
0.018532,0.027395,0.528537,0.206457,0.061593,0.032576,0.018908,0.026946,0.057782,0.021275
0.157313,0.117770,0.052151,0.066951,0.094317,0.122997,0.045917,0.080962,0.203170,0.058453
0.105868,0.125163,0.064847,0.071290,0.083448,0.112071,0.034079,0.096521,0.130026,0.176686
0.154794,0.117631,0.055607,0.069532,0.076574,0.191670,0.049293,0.129226,0.052248,0.103426
0.068907,0.057239,0.149135,0.031594,0.151011,0.146575,0.061395,0.240006,0.046402,0.047737
0.056576,0.034355,0.174115,0.024287,0.352470,0.135834,0.083975,0.061288,0.045529,0.031572
0.086145,0.041214,0.032775,0.065843,0.047047,0.041357,0.025759,0.119840,0.487251,0.052771
0.022288,0.016027,0.589219,0.271136,0.007173,0.034864,0.011110,0.021363,0.017051,0.009769
0.063348,0.051273,0.046981,0.081971,0.057486,0.082223,0.057185,0.067472,0.427059,0.065003
0.020440,0.024990,0.523256,0.218428,0.055240,0.026580,0.044120,0.026678,0.023990,0.036278
0.177627,0.071917,0.130295,0.069184,0.076902,0.118779,0.130735,0.079271,0.050902,0.094388
0.136462,0.156412,0.047014,0.061344,0.062249,0.141109,0.071349,0.136541,0.149486,0.038034
0.126225,0.209574,0.055723,0.154618,0.077130,0.046122,0.054874,0.118705,0.068228,0.088800
0.051906,0.043681,0.046929,0.057104,0.118709,0.164318,0.071782,0.085343,0.286666,0.073561
0.058339,0.101494,0.122541,0.084206,0.075941,0.113609,0.066725,0.053129,0.134141,0.189875
0.054023,0.105831,0.152149,0.138785,0.071235,0.113539,0.127172,0.081018,0.097913,0.058336
0.139238,0.063403,0.140730,0.100707,0.114142,0.156416,0.040837,0.099273,0.091403,0.053850
0.134820,0.101710,0.047152,0.194637,0.082090,0.063418,0.048279,0.103320,0.171532,0.053043
0.009255,0.006614,0.021290,0.016977,0.011663,0.012598,0.007155,0.187085,0.704593,0.022771
0.075966,0.110824,0.055563,0.142880,0.035258,0.140570,0.124827,0.112799,0.112060,0.089253
0.016003,0.028930,0.018455,0.023189,0.059057,0.027180,0.010060,0.190340,0.591258,0.035527
0.022704,0.015697,0.008945,0.009900,0.005656,0.007254,0.017638,0.188400,0.716726,0.007080
0.086027,0.069952,0.082311,0.093013,0.036339,0.065614,0.072114,0.065614,0.377755,0.051260
0.007400,0.011028,0.549260,0.295034,0.004771,0.006509,0.010585,0.012123,0.097002,0.006287
0.073225,0.040820,0.043475,0.145065,0.078364,0.036059,0.135474,0.095164,0.275828,0.076525
0.051063,0.134039,0.084573,0.116037,0.060587,0.126596,0.177900,0.108691,0.046448,0.094066
0.069775,0.027242,0.032237,0.016256,0.044291,0.084841,0.098749,0.089652,0.484942,0.052015
0.118528,0.077574,0.046414,0.094224,0.113949,0.096636,0.132953,0.131782,0.155861,0.032078
0.074482,0.034814,0.050112,0.126633,0.355267,0.041538,0.045429,0.101386,0.085946,0.084392
0.156984,0.039452,0.065067,0.069484,0.131840,0.192276,0.047497,0.112511,0.089779,0.095110
0.114486,0.106785,0.040661,0.021995,0.074199,0.118678,0.105496,0.049013,0.293140,0.075548
0.149499,0.036394,0.151276,0.102648,0.119365,0.040825,0.074376,0.073119,0.036019,0.216478
0.143448,0.103501,0.120333,0.027236,0.124975,0.117247,0.041736,0.200892,0.038989,0.081644
0.123083,0.100894,0.125673,0.087386,0.214602,0.110524,0.047366,0.086211,0.032629,0.071631
0.052222,0.110160,0.047986,0.094318,0.060344,0.149172,0.134276,0.130568,0.143054,0.077900
0.121960,0.110688,0.131570,0.159141,0.070954,0.118527,0.036936,0.088319,0.088680,0.073225
0.051063,0.124609,0.048383,0.103979,0.074648,0.111440,0.126546,0.211129,0.109637,0.038566
0.014099,0.014604,0.024469,0.027110,0.021692,0.011399,0.032440,0.195908,0.628728,0.029552
0.108651,0.042518,0.116080,0.089111,0.091828,0.117632,0.123156,0.094629,0.033603,0.182793
0.018003,0.022608,0.022866,0.023308,0.054792,0.027973,0.013270,0.177813,0.605842,0.033523
0.030461,0.017018,0.546924,0.241710,0.053920,0.034929,0.009684,0.014197,0.032273,0.018884
0.119653,0.158509,0.113970,0.124516,0.064704,0.115964,0.117054,0.073197,0.058955,0.053479
0.126237,0.157160,0.142745,0.090727,0.063419,0.115003,0.072282,0.138814,0.059299,0.034315
0.052291,0.088688,0.050449,0.103968,0.068441,0.041173,0.166929,0.103386,0.080567,0.244106
0.066390,0.056718,0.046691,0.239968,0.102424,0.038379,0.165222,0.151356,0.045987,0.086865
0.046660,0.125799,0.062907,0.073315,0.201105,0.092002,0.043753,0.111131,0.135324,0.108005
0.121958,0.083702,0.053255,0.062082,0.099405,0.142699,0.104152,0.104045,0.146934,0.081767
0.138531,0.133356,0.065962,0.140012,0.033061,0.178984,0.052967,0.062628,0.109678,0.084822
0.033367,0.027911,0.030169,0.019393,0.023846,0.018890,0.044855,0.183670,0.598656,0.019243
0.012357,0.016841,0.007924,0.017343,0.005197,0.039176,0.009106,0.183374,0.696622,0.012059
0.154350,0.038000,0.164525,0.186349,0.074487,0.044855,0.054121,0.100121,0.086579,0.096613
0.067705,0.041907,0.039146,0.054685,0.146401,0.060465,0.026227,0.063979,0.371720,0.127764
0.063422,0.038858,0.061711,0.135165,0.034579,0.046225,0.091202,0.254273,0.238497,0.036068
0.018426,0.018496,0.010317,0.026539,0.018893,0.008497,0.010937,0.200465,0.671382,0.016048
0.018015,0.032779,0.032429,0.012975,0.024518,0.037211,0.052844,0.188641,0.568322,0.032267
0.114014,0.123064,0.117487,0.062441,0.031265,0.065930,0.148519,0.117362,0.078913,0.141005
0.055325,0.086126,0.053857,0.129741,0.105944,0.066061,0.050125,0.106604,0.307566,0.038650
0.025312,0.028893,0.015890,0.032142,0.022784,0.029498,0.022050,0.175039,0.614389,0.034003
0.076335,0.032142,0.056836,0.024287,0.252164,0.161765,0.070410,0.138709,0.151955,0.035398
0.070804,0.070380,0.067150,0.137403,0.083181,0.105888,0.062237,0.112986,0.221920,0.068051
0.034761,0.067964,0.041807,0.083773,0.043762,0.065994,0.069475,0.088213,0.371245,0.133006
0.108916,0.032906,0.141669,0.024852,0.106283,0.109967,0.047376,0.146986,0.044514,0.236529
0.061176,0.092508,0.122589,0.091239,0.093582,0.115405,0.130122,0.065970,0.152183,0.075228
0.141361,0.045275,0.048213,0.229596,0.090204,0.184398,0.050082,0.057692,0.099808,0.053372
0.052922,0.073350,0.078755,0.095136,0.071263,0.078346,0.065641,0.110246,0.350163,0.024177
0.145126,0.036785,0.055065,0.102856,0.068492,0.067160,0.167707,0.114592,0.186314,0.055903
0.018560,0.029493,0.561500,0.261819,0.023037,0.032253,0.016587,0.016773,0.020778,0.019199
0.057264,0.036465,0.154169,0.114364,0.071980,0.177244,0.051575,0.216100,0.080739,0.040101
0.076635,0.082928,0.133614,0.150212,0.083824,0.129701,0.046538,0.078491,0.091538,0.126521
0.075472,0.106207,0.104920,0.084338,0.078586,0.069774,0.038436,0.096118,0.289003,0.057144
0.144351,0.037652,0.089333,0.264402,0.033162,0.157263,0.083197,0.083065,0.050350,0.057225
0.012974,0.006689,0.010340,0.009870,0.016617,0.018822,0.012342,0.174155,0.730826,0.007364
0.092112,0.086621,0.112877,0.113995,0.056223,0.097466,0.039736,0.089184,0.211582,0.100204
0.076897,0.065419,0.099923,0.018223,0.078175,0.066220,0.096756,0.037312,0.411150,0.049926
0.105725,0.111403,0.040519,0.022465,0.025544,0.125707,0.043415,0.135779,0.315340,0.074104
0.123351,0.035697,0.048891,0.083385,0.079961,0.091253,0.096468,0.160698,0.085650,0.194647
0.030935,0.080536,0.110770,0.016729,0.040960,0.024455,0.073588,0.047259,0.541362,0.033406
0.042245,0.075247,0.105144,0.079602,0.094337,0.029566,0.037228,0.108731,0.323393,0.104506
0.119468,0.110785,0.086964,0.110997,0.096285,0.069909,0.054877,0.064559,0.199235,0.086919
0.111335,0.099873,0.069942,0.113357,0.057396,0.128140,0.037393,0.052420,0.134561,0.195583
0.046606,0.120977,0.044442,0.103018,0.028029,0.102907,0.142137,0.202342,0.180218,0.029324
0.014432,0.031381,0.561149,0.218626,0.023443,0.019040,0.031224,0.041129,0.024124,0.035452
0.030134,0.025013,0.557903,0.278029,0.014663,0.032395,0.012792,0.017778,0.021493,0.009799
0.076092,0.060840,0.072581,0.024495,0.027707,0.126750,0.134827,0.180796,0.166334,0.129578
0.117755,0.092933,0.044033,0.098232,0.067708,0.126470,0.045123,0.068009,0.291641,0.048096
0.130681,0.099157,0.049735,0.060819,0.117625,0.167330,0.039400,0.149002,0.099921,0.086331
0.026717,0.027259,0.012622,0.030961,0.021331,0.017798,0.010716,0.197284,0.637438,0.017872
0.125459,0.065057,0.138151,0.162176,0.102588,0.103297,0.047873,0.150543,0.073544,0.031312
0.031412,0.010878,0.496946,0.240919,0.016090,0.029921,0.030709,0.017744,0.106875,0.018506
0.028202,0.028284,0.545094,0.214781,0.026238,0.034734,0.036223,0.038717,0.026446,0.021280
0.144660,0.093432,0.058493,0.028318,0.135006,0.149226,0.126639,0.113333,0.065662,0.085230
0.122452,0.121272,0.050284,0.155606,0.111978,0.103359,0.142042,0.073335,0.037377,0.082295
0.046568,0.032493,0.045542,0.157498,0.122310,0.061080,0.040051,0.106387,0.306796,0.081275
0.154464,0.159491,0.048691,0.125920,0.064159,0.151629,0.041591,0.088055,0.087466,0.078534
0.027026,0.031112,0.572138,0.194131,0.023513,0.037292,0.022205,0.026430,0.035850,0.030303
0.134772,0.141414,0.144373,0.027409,0.129038,0.044302,0.054220,0.149471,0.087863,0.087138
0.016865,0.028969,0.581885,0.218303,0.021986,0.031071,0.010751,0.025306,0.035658,0.029207
0.078617,0.043611,0.045810,0.122755,0.114491,0.126538,0.042228,0.055870,0.296102,0.073978
0.115242,0.052946,0.044201,0.092044,0.095040,0.119282,0.098843,0.126968,0.052197,0.203237
0.072548,0.044428,0.041588,0.058152,0.077069,0.071818,0.048845,0.091824,0.405867,0.087859
0.050550,0.074269,0.098994,0.016960,0.067534,0.078735,0.046491,0.044975,0.497249,0.024243
0.121764,0.088023,0.119073,0.081624,0.218911,0.034597,0.126174,0.122912,0.040772,0.046150
0.086070,0.086060,0.103577,0.076824,0.092614,0.189526,0.063461,0.095062,0.140197,0.066610
0.024855,0.036468,0.028218,0.034817,0.065735,0.035017,0.034632,0.177004,0.530559,0.032695
0.024049,0.022372,0.011017,0.029178,0.020366,0.028868,0.009270,0.207901,0.629980,0.017000
0.015606,0.014765,0.578623,0.269382,0.017980,0.024218,0.022961,0.016371,0.028732,0.011362
0.025132,0.015127,0.540852,0.191899,0.059475,0.033649,0.016527,0.027271,0.058073,0.031995
0.053531,0.083013,0.133369,0.058812,0.120758,0.039972,0.147007,0.057273,0.090753,0.215512
0.012075,0.023133,0.549868,0.288826,0.018000,0.009300,0.035338,0.016306,0.035754,0.011401
0.159945,0.050859,0.155761,0.066454,0.072055,0.181095,0.117530,0.097388,0.039630,0.059283
0.055998,0.121819,0.043766,0.118679,0.084570,0.088284,0.113661,0.082053,0.125876,0.165294
0.136700,0.069516,0.144350,0.095451,0.068133,0.067555,0.110242,0.123672,0.097061,0.087319
0.059967,0.105098,0.180918,0.074002,0.151487,0.047531,0.045494,0.183213,0.044672,0.107617
0.110866,0.103042,0.043835,0.144521,0.054289,0.109330,0.034839,0.073039,0.141510,0.184729
0.138632,0.118107,0.160355,0.154410,0.027616,0.061368,0.160480,0.107890,0.036000,0.035142
0.051801,0.078059,0.107778,0.097811,0.059761,0.087633,0.113549,0.143762,0.231880,0.027965
0.014415,0.013932,0.555763,0.246868,0.017100,0.008776,0.017264,0.011137,0.099913,0.014830
0.118216,0.106672,0.043203,0.105871,0.071957,0.086807,0.034110,0.105346,0.257987,0.069830
0.016136,0.016650,0.549124,0.228719,0.019331,0.010083,0.027286,0.016813,0.098563,0.017295
0.073732,0.074393,0.045408,0.083154,0.073592,0.113973,0.122808,0.093767,0.133918,0.185254
0.077131,0.043148,0.024337,0.075020,0.045447,0.069181,0.019119,0.606393,0.021708,0.018516
0.012635,0.029362,0.024208,0.007308,0.063295,0.015774,0.012623,0.190135,0.635296,0.009364
0.086965,0.027009,0.073042,0.083637,0.067044,0.099089,0.070969,0.066740,0.370460,0.055046
0.088215,0.054675,0.063712,0.221329,0.035620,0.172510,0.051591,0.115762,0.130626,0.065961
0.044044,0.097107,0.043604,0.188942,0.027950,0.098369,0.036154,0.136304,0.296768,0.030760
0.025080,0.031640,0.552469,0.192539,0.018879,0.027478,0.032930,0.040407,0.054825,0.023753
0.014173,0.019678,0.009570,0.020135,0.012625,0.016384,0.010173,0.187638,0.694668,0.014957
0.058516,0.110295,0.121903,0.057307,0.107217,0.037839,0.099457,0.069069,0.141628,0.196768
0.043685,0.065577,0.274149,0.070458,0.079387,0.045995,0.074181,0.094736,0.198188,0.053644
0.039514,0.129490,0.041868,0.101525,0.059588,0.031837,0.032975,0.149674,0.234607,0.178922
0.137411,0.047171,0.050396,0.066331,0.108281,0.135815,0.175393,0.158955,0.039042,0.081205
0.121327,0.117790,0.109437,0.100399,0.118244,0.098498,0.073305,0.141380,0.078371,0.041250
0.024772,0.026639,0.011624,0.022344,0.014222,0.019636,0.020267,0.190091,0.657713,0.012692
0.074359,0.111394,0.134807,0.069659,0.136114,0.147478,0.123233,0.063586,0.054316,0.085054
0.015704,0.014867,0.009762,0.010424,0.006054,0.023292,0.034367,0.183884,0.688260,0.013387
0.052332,0.091886,0.050836,0.027106,0.075766,0.069707,0.126456,0.167822,0.061796,0.276293
0.055734,0.092285,0.090053,0.081009,0.199059,0.090721,0.133572,0.057684,0.133218,0.066666
0.085176,0.047864,0.050475,0.062248,0.112727,0.138174,0.116829,0.200905,0.105124,0.080479
0.109805,0.107408,0.059451,0.166689,0.102501,0.134603,0.042862,0.057469,0.186861,0.032351
0.126864,0.162153,0.050190,0.101138,0.102980,0.038253,0.071529,0.096567,0.173839,0.076486
0.013273,0.016232,0.016118,0.029809,0.019597,0.021376,0.012750,0.192198,0.668388,0.010258
0.032610,0.020898,0.491555,0.195189,0.024093,0.036739,0.031706,0.032855,0.104147,0.030208
0.119566,0.069292,0.041858,0.051192,0.023458,0.146876,0.029977,0.126473,0.361463,0.029845
0.118084,0.091636,0.131544,0.155919,0.067528,0.102446,0.047920,0.111086,0.141595,0.032242
0.042807,0.056493,0.073968,0.084801,0.055979,0.087230,0.072420,0.092226,0.409482,0.024595
0.025031,0.010429,0.024290,0.030546,0.022913,0.010079,0.044336,0.187738,0.631085,0.013553
0.082678,0.042060,0.033548,0.057369,0.020864,0.099539,0.088629,0.062688,0.426581,0.086045
0.079905,0.117686,0.065616,0.027954,0.079586,0.144124,0.109888,0.213688,0.066492,0.095061
0.020661,0.015043,0.541862,0.252242,0.007290,0.008992,0.008211,0.031582,0.097687,0.016431
0.056187,0.046578,0.164178,0.025463,0.061435,0.213310,0.124643,0.165430,0.049110,0.093666
0.098710,0.090410,0.102200,0.078591,0.197287,0.099703,0.109272,0.134186,0.058679,0.030962
0.149091,0.125124,0.051204,0.198340,0.108430,0.116036,0.038851,0.057459,0.101396,0.054069
0.163905,0.134766,0.086675,0.069671,0.031779,0.195470,0.053040,0.101723,0.065089,0.097882
0.119220,0.089310,0.126794,0.113256,0.096607,0.059424,0.134673,0.067863,0.160778,0.032076
0.182102,0.071426,0.086538,0.142582,0.071859,0.165445,0.054744,0.064265,0.102495,0.058545
0.028784,0.064293,0.219440,0.058777,0.034779,0.034291,0.025765,0.048024,0.445522,0.040326
0.138096,0.107403,0.079467,0.107116,0.084790,0.126429,0.074167,0.151159,0.078478,0.052894
0.085788,0.129709,0.063575,0.174082,0.088903,0.112790,0.170162,0.103139,0.040333,0.031518
0.159546,0.115956,0.056151,0.186255,0.133279,0.116779,0.051974,0.098639,0.048115,0.033306
0.068956,0.048646,0.147953,0.062290,0.110305,0.115322,0.106296,0.166197,0.036913,0.137122
0.047394,0.079355,0.123908,0.148928,0.105545,0.039084,0.090446,0.081512,0.085319,0.198509
0.022868,0.021115,0.568074,0.291242,0.016694,0.024671,0.011583,0.011580,0.016657,0.015516
0.022671,0.021217,0.517992,0.208605,0.022963,0.032671,0.015250,0.026278,0.112462,0.019891
0.076242,0.036970,0.052295,0.187103,0.127999,0.074615,0.054444,0.178375,0.043617,0.168339
0.042102,0.046686,0.017385,0.661472,0.036283,0.024623,0.070623,0.043687,0.026923,0.030219
0.118153,0.113818,0.151608,0.117769,0.028215,0.035800,0.137735,0.081476,0.166604,0.048823
0.127167,0.109830,0.147701,0.108225,0.069039,0.111440,0.111462,0.078064,0.049292,0.087780
0.065774,0.094082,0.067365,0.056194,0.046514,0.090927,0.095341,0.060173,0.389714,0.033916
0.121210,0.118945,0.053785,0.061610,0.102022,0.064933,0.117449,0.110106,0.171697,0.078244
0.159392,0.051295,0.054588,0.136746,0.133513,0.209491,0.055524,0.086801,0.070216,0.042433
0.152876,0.077498,0.071086,0.027816,0.032581,0.208724,0.136299,0.174041,0.085075,0.034004
0.086242,0.103258,0.144519,0.027796,0.067513,0.162343,0.077818,0.109178,0.165938,0.055396
0.123996,0.084473,0.140469,0.103285,0.106205,0.102020,0.048934,0.138868,0.074927,0.076824
0.134154,0.129129,0.147494,0.108413,0.066696,0.142108,0.039289,0.111645,0.039023,0.082049
0.019367,0.028783,0.572609,0.210628,0.021860,0.018278,0.031134,0.015611,0.053383,0.028347
0.112556,0.045094,0.104009,0.086962,0.113485,0.107261,0.112374,0.129022,0.155552,0.033686
0.033841,0.027768,0.019166,0.023591,0.061912,0.029924,0.042390,0.173857,0.557882,0.029668
0.134104,0.058023,0.047800,0.193843,0.113498,0.117155,0.039547,0.085239,0.177753,0.033037
0.138990,0.041755,0.069893,0.136630,0.109047,0.089131,0.094267,0.052493,0.237199,0.030596
0.060462,0.206501,0.089904,0.065713,0.139433,0.153945,0.133174,0.065829,0.049866,0.035172
0.023653,0.028046,0.013109,0.006467,0.022220,0.027183,0.010556,0.198556,0.662517,0.007692
0.022179,0.024020,0.026824,0.013075,0.019592,0.016455,0.020109,0.173977,0.674113,0.009657
0.111488,0.036682,0.145549,0.100484,0.109703,0.110311,0.040617,0.200178,0.062644,0.082344
0.082763,0.103811,0.079390,0.063791,0.072096,0.137061,0.049515,0.121053,0.045861,0.244659
0.071310,0.076416,0.032198,0.102228,0.075829,0.067415,0.033805,0.068256,0.446065,0.026478
0.031415,0.023075,0.013826,0.023615,0.020856,0.031579,0.015402,0.187034,0.642768,0.010431
0.105606,0.142124,0.060644,0.081852,0.085434,0.181260,0.063205,0.180584,0.053611,0.045679
0.157805,0.116930,0.058612,0.103390,0.063834,0.127785,0.048794,0.189099,0.057950,0.075802
0.056112,0.112966,0.157816,0.110252,0.118022,0.115729,0.054634,0.065512,0.172161,0.036796
0.117724,0.064383,0.122228,0.147020,0.033530,0.145230,0.100650,0.097342,0.093592,0.078303
0.086360,0.073995,0.037239,0.090516,0.022634,0.074564,0.034701,0.075657,0.476024,0.028310
0.124789,0.111634,0.098924,0.113280,0.095963,0.140320,0.098556,0.129471,0.036151,0.050912
0.080659,0.045971,0.052502,0.104462,0.115517,0.064238,0.049933,0.112441,0.289742,0.084536
0.140321,0.089075,0.125433,0.088568,0.093234,0.101445,0.144234,0.081752,0.057939,0.077998
0.059026,0.149788,0.072699,0.075095,0.142919,0.132642,0.059071,0.147426,0.122348,0.038987
0.020757,0.020429,0.527890,0.279097,0.052181,0.025825,0.023927,0.022764,0.014973,0.012157
0.064242,0.150486,0.198665,0.076444,0.081890,0.171553,0.056866,0.087749,0.075242,0.036862
0.071556,0.094487,0.158771,0.107521,0.034209,0.177916,0.042905,0.122112,0.103162,0.087362
0.081156,0.065743,0.114001,0.156687,0.103478,0.117387,0.051298,0.072909,0.152944,0.084397
0.010671,0.013779,0.601859,0.269872,0.017031,0.012153,0.010263,0.021460,0.012997,0.029915
0.135335,0.039946,0.149223,0.131582,0.147419,0.046510,0.058236,0.183578,0.070898,0.037273
0.139247,0.068672,0.054395,0.111718,0.076829,0.183957,0.050702,0.113304,0.049768,0.151408
0.105342,0.086648,0.112893,0.084597,0.221452,0.093834,0.102318,0.052530,0.067760,0.072624
0.027361,0.024332,0.528264,0.280948,0.007130,0.022050,0.033301,0.011388,0.049775,0.015451
0.033119,0.025717,0.554231,0.198348,0.023276,0.013350,0.022391,0.039215,0.054135,0.036218
0.049449,0.119181,0.049199,0.095656,0.064885,0.156460,0.119437,0.058762,0.153883,0.133086
0.027782,0.021153,0.622406,0.249868,0.018100,0.009511,0.011121,0.016139,0.008528,0.015392
0.145537,0.037505,0.162539,0.124831,0.077935,0.114983,0.128352,0.064409,0.047725,0.096183
0.053449,0.137581,0.174283,0.026947,0.115315,0.151952,0.083373,0.109626,0.049901,0.097573
0.103842,0.082187,0.042100,0.101998,0.024760,0.135537,0.040614,0.059900,0.338915,0.070148
0.111195,0.059413,0.139594,0.094134,0.030031,0.137017,0.097716,0.067811,0.141208,0.121880
0.021893,0.014030,0.552825,0.312929,0.012289,0.022961,0.013344,0.026985,0.015311,0.007433
0.023319,0.025737,0.556381,0.303914,0.016000,0.025963,0.008982,0.015684,0.016138,0.007882
0.080475,0.119436,0.133482,0.100053,0.097441,0.102042,0.050883,0.143005,0.037589,0.135593
0.070434,0.066795,0.150783,0.180586,0.099559,0.039380,0.053822,0.154288,0.101377,0.082976
0.025903,0.025793,0.015887,0.012691,0.007756,0.031456,0.008303,0.206920,0.649178,0.016113
0.022213,0.013646,0.588733,0.220758,0.021128,0.028314,0.016111,0.037874,0.032902,0.018321
0.008503,0.007904,0.020299,0.017963,0.010819,0.021151,0.007032,0.192238,0.701666,0.012425
0.074588,0.045190,0.425171,0.100538,0.046727,0.061906,0.092572,0.046522,0.032544,0.074243
0.122456,0.103830,0.044416,0.057845,0.091328,0.058434,0.045638,0.173762,0.086827,0.215465
0.074315,0.119665,0.065570,0.143136,0.072655,0.154339,0.041602,0.227563,0.066492,0.034663
0.042308,0.022407,0.073518,0.123027,0.047517,0.104938,0.024493,0.061277,0.478968,0.021548
0.065877,0.042350,0.045160,0.056823,0.086813,0.062752,0.119889,0.153094,0.337746,0.029496
0.157980,0.124497,0.148762,0.170843,0.069445,0.065583,0.123765,0.061091,0.037846,0.040188
0.051720,0.095976,0.123454,0.095323,0.068285,0.148330,0.067955,0.130332,0.142548,0.076075
0.120883,0.128467,0.064466,0.065584,0.061191,0.113262,0.077884,0.159099,0.176458,0.032706
0.073132,0.032619,0.084010,0.024025,0.060163,0.163694,0.184892,0.171852,0.043074,0.162539
0.068005,0.100544,0.085997,0.038732,0.075767,0.082581,0.025579,0.037266,0.431709,0.053822
0.024375,0.031870,0.030149,0.024936,0.020678,0.010344,0.013063,0.211242,0.622918,0.010424
0.065152,0.092879,0.049766,0.060939,0.264378,0.039106,0.047823,0.139833,0.157616,0.082508
0.080530,0.119964,0.051401,0.058344,0.101266,0.160467,0.036953,0.107889,0.043832,0.239354
0.063000,0.145895,0.049083,0.084978,0.109514,0.121034,0.051014,0.160252,0.089510,0.125720
0.016517,0.018294,0.557192,0.257309,0.057972,0.026017,0.015812,0.012919,0.020584,0.017384
0.132088,0.074777,0.150341,0.229524,0.068731,0.128260,0.053217,0.063076,0.042514,0.057472
0.043795,0.112183,0.072105,0.094134,0.064608,0.124035,0.092975,0.132957,0.040488,0.222720
0.140401,0.036115,0.051027,0.175256,0.109138,0.067753,0.051728,0.077608,0.039386,0.251587
0.131532,0.119608,0.118634,0.061567,0.069517,0.134908,0.047535,0.087096,0.178551,0.051054
0.084936,0.079913,0.117116,0.079945,0.187967,0.052180,0.109187,0.106948,0.118786,0.063022
0.025949,0.030645,0.503438,0.206130,0.054910,0.022211,0.014635,0.015930,0.104087,0.022065
0.077214,0.098947,0.073091,0.027446,0.032714,0.144876,0.205265,0.186839,0.049693,0.103916
0.078592,0.055978,0.155978,0.025532,0.062546,0.103835,0.105475,0.085226,0.289771,0.037067
0.026227,0.029629,0.564411,0.252233,0.017536,0.030228,0.016797,0.025682,0.021616,0.015640
0.019108,0.027694,0.600194,0.236422,0.020566,0.010906,0.009171,0.018145,0.037909,0.019884
0.012176,0.016113,0.604789,0.234147,0.019551,0.023023,0.012174,0.016162,0.035698,0.026167
0.012584,0.027690,0.011401,0.018819,0.018566,0.026347,0.024853,0.174052,0.669923,0.015766
0.009904,0.010156,0.592370,0.277083,0.012783,0.028493,0.013416,0.027800,0.018812,0.009182
0.059826,0.046498,0.109086,0.021330,0.185231,0.098120,0.029397,0.074592,0.213023,0.162896
0.095513,0.088388,0.098699,0.113796,0.075616,0.107060,0.103942,0.076920,0.197830,0.042236
0.012166,0.029725,0.015151,0.011835,0.062663,0.026659,0.008824,0.189652,0.628175,0.015151
0.190305,0.139978,0.170664,0.028272,0.032742,0.133620,0.041658,0.136956,0.066235,0.059570
0.024389,0.009791,0.560774,0.256819,0.019368,0.027365,0.025494,0.023308,0.035529,0.017163
0.138448,0.117528,0.047642,0.112812,0.070053,0.062852,0.075330,0.057308,0.058818,0.259209
0.138125,0.067768,0.144824,0.108830,0.123136,0.112413,0.050053,0.116382,0.050780,0.087688
0.066640,0.059290,0.083451,0.097090,0.041592,0.090895,0.088567,0.046912,0.398975,0.026587
0.027183,0.031167,0.017664,0.023389,0.020311,0.027112,0.029330,0.190690,0.614852,0.018302
0.119323,0.141869,0.129824,0.057095,0.081354,0.115844,0.037542,0.088457,0.153785,0.074905
0.021640,0.013125,0.008912,0.017384,0.017189,0.019098,0.007347,0.184356,0.701391,0.009560
0.097551,0.095302,0.109132,0.101594,0.199695,0.053205,0.087623,0.110286,0.039228,0.106383
0.023042,0.026153,0.546292,0.274694,0.056520,0.026209,0.011783,0.016549,0.009262,0.009495
0.026009,0.029034,0.559056,0.241908,0.022603,0.030140,0.021244,0.019749,0.021299,0.028957
0.129037,0.201935,0.052468,0.113007,0.033566,0.119684,0.054425,0.124875,0.084574,0.086429
0.119925,0.041028,0.125684,0.143634,0.236630,0.096163,0.044615,0.094153,0.068399,0.029770
0.115907,0.111161,0.130831,0.057710,0.110168,0.120615,0.140144,0.087882,0.045610,0.079973
0.076366,0.039743,0.092788,0.073828,0.151331,0.213818,0.145444,0.125490,0.043881,0.037311
0.011412,0.025393,0.012892,0.016157,0.019450,0.030596,0.009884,0.195282,0.662787,0.016147
0.054674,0.074500,0.053029,0.122235,0.126193,0.209825,0.054820,0.174852,0.087900,0.041972
0.028660,0.018698,0.013124,0.030937,0.008668,0.021699,0.015505,0.201377,0.632521,0.028812
0.130902,0.079137,0.072948,0.059909,0.079482,0.109282,0.099673,0.110088,0.046821,0.211758
0.066003,0.102249,0.141219,0.129684,0.068368,0.170938,0.124234,0.076822,0.037938,0.082545
0.052491,0.047580,0.022168,0.510216,0.033084,0.017023,0.020012,0.028048,0.210312,0.059067
0.072049,0.119271,0.051599,0.143052,0.077127,0.150264,0.040144,0.121490,0.185161,0.039844
0.048518,0.056697,0.134453,0.105681,0.103587,0.100114,0.137017,0.074776,0.052255,0.186903
0.160164,0.136524,0.044389,0.022434,0.073294,0.116587,0.035063,0.056766,0.039821,0.314959
0.011273,0.014319,0.014277,0.020253,0.053143,0.013945,0.033330,0.175390,0.649851,0.014219
0.071580,0.037278,0.050899,0.111488,0.091533,0.115934,0.078678,0.159839,0.193638,0.089132
0.081607,0.051456,0.177510,0.128259,0.125275,0.162931,0.043786,0.067408,0.071445,0.090323
0.110287,0.076948,0.125077,0.091464,0.091932,0.092373,0.106619,0.082755,0.150276,0.072269
0.020017,0.012567,0.583631,0.213675,0.023363,0.036313,0.032457,0.019955,0.038972,0.019050
0.042076,0.039023,0.228117,0.079708,0.106338,0.055452,0.093162,0.118946,0.049022,0.188157
0.045465,0.061827,0.075631,0.110981,0.044431,0.027847,0.027515,0.078707,0.471043,0.056552
0.043618,0.098741,0.120413,0.080253,0.090019,0.125416,0.044011,0.064963,0.144525,0.188041
0.024365,0.020355,0.012657,0.030946,0.022937,0.030329,0.016292,0.183520,0.639536,0.019063
0.008066,0.005803,0.019240,0.016513,0.015356,0.019868,0.008385,0.167705,0.732711,0.006353
0.011502,0.009282,0.011192,0.027447,0.056864,0.043170,0.014926,0.176819,0.632044,0.016753
0.116817,0.154383,0.072942,0.087765,0.076766,0.036576,0.092858,0.102912,0.045302,0.213678
0.036060,0.022807,0.031671,0.106527,0.043684,0.083554,0.099532,0.058928,0.495760,0.021477
0.123789,0.151909,0.130405,0.057913,0.060828,0.122447,0.036083,0.166982,0.071716,0.077927
0.119433,0.037612,0.106654,0.158612,0.111125,0.126682,0.135811,0.084838,0.037002,0.082230
0.029884,0.031409,0.027634,0.019847,0.060120,0.033266,0.035707,0.179008,0.545471,0.037654
0.013068,0.011294,0.567079,0.235318,0.058078,0.021395,0.012740,0.024432,0.038466,0.018129
0.130520,0.064643,0.059234,0.156718,0.031981,0.147899,0.038389,0.133916,0.157458,0.079242
0.022696,0.016575,0.638516,0.209142,0.019660,0.015028,0.018599,0.023291,0.016965,0.019528
0.077181,0.044879,0.049127,0.155139,0.111080,0.094386,0.037389,0.094639,0.261654,0.074525
0.132860,0.077678,0.129099,0.167641,0.096306,0.122212,0.147193,0.054740,0.034294,0.037979
0.020523,0.027366,0.594628,0.248421,0.020187,0.015717,0.018488,0.014892,0.022870,0.016908
0.055335,0.030725,0.111354,0.040493,0.048692,0.027261,0.033566,0.072183,0.521453,0.058938
0.018165,0.010558,0.025824,0.021373,0.013481,0.015771,0.008300,0.201145,0.668803,0.016579
0.016227,0.005933,0.588453,0.307820,0.005017,0.019735,0.008473,0.017712,0.024555,0.006075
0.132515,0.069824,0.136523,0.199087,0.067407,0.117476,0.050578,0.103852,0.040172,0.082567
0.087438,0.092102,0.064393,0.064443,0.077821,0.116065,0.162094,0.156235,0.084815,0.094593
0.092844,0.064725,0.038415,0.057597,0.154291,0.082885,0.026700,0.046863,0.400254,0.035426
0.022620,0.018201,0.010833,0.016837,0.018240,0.047336,0.009376,0.190676,0.649878,0.016003
0.051120,0.125046,0.119602,0.048559,0.195956,0.085702,0.111061,0.109221,0.121695,0.032039
0.017771,0.022212,0.570150,0.237995,0.021572,0.016374,0.039761,0.024206,0.032149,0.017809
0.029541,0.027054,0.015783,0.026086,0.065557,0.033801,0.024741,0.184426,0.561438,0.031573
0.064847,0.081357,0.306531,0.046709,0.086486,0.031737,0.122241,0.154545,0.037051,0.068495
0.027407,0.016329,0.498530,0.215770,0.024609,0.031968,0.018347,0.035698,0.111428,0.019914
0.023930,0.009274,0.026741,0.013049,0.019739,0.024216,0.014541,0.172744,0.679673,0.016094
0.087983,0.041351,0.050653,0.015101,0.017494,0.022928,0.028859,0.034905,0.606344,0.094382
0.089703,0.038160,0.104072,0.117591,0.087397,0.104510,0.041696,0.140204,0.121457,0.155210
0.136653,0.125658,0.049424,0.112022,0.114470,0.040322,0.119006,0.159846,0.060886,0.081714
0.050127,0.086738,0.124137,0.057777,0.093150,0.095487,0.066408,0.078513,0.153772,0.193891
0.031521,0.038676,0.029415,0.037008,0.025224,0.056710,0.020605,0.185293,0.542267,0.033281
0.045358,0.114467,0.032467,0.040603,0.071898,0.043069,0.028563,0.066916,0.504137,0.052523
0.027751,0.037502,0.575854,0.188462,0.023872,0.041452,0.011855,0.039687,0.021055,0.032510
0.022416,0.021003,0.026994,0.033255,0.023005,0.033423,0.010706,0.199747,0.609422,0.020030
0.179447,0.074529,0.137651,0.067878,0.147248,0.123463,0.042303,0.102211,0.066092,0.059179
0.012594,0.010934,0.022892,0.021978,0.019675,0.024691,0.014631,0.177904,0.678676,0.016024
0.026131,0.030363,0.017977,0.709226,0.031488,0.047087,0.054302,0.027319,0.028802,0.027303
0.030715,0.017515,0.023767,0.028950,0.056303,0.017513,0.027762,0.173683,0.612733,0.011060
0.120599,0.102955,0.112781,0.103742,0.089309,0.096733,0.042932,0.118759,0.033062,0.179127
0.127316,0.061696,0.144299,0.127093,0.106727,0.119568,0.042950,0.146719,0.036616,0.087017
0.011839,0.016679,0.010406,0.011320,0.006609,0.014693,0.028051,0.188332,0.696713,0.015358
0.085495,0.088849,0.068876,0.083672,0.037023,0.146145,0.213554,0.097438,0.078181,0.100766
0.110399,0.093393,0.101401,0.055593,0.052884,0.117585,0.143368,0.097076,0.153589,0.074711
0.097762,0.147222,0.038982,0.022134,0.068080,0.139028,0.032786,0.109438,0.279811,0.064757
0.090720,0.071197,0.049021,0.120236,0.124299,0.040571,0.184793,0.176103,0.046142,0.096917
0.122304,0.112038,0.072812,0.059282,0.093394,0.142675,0.100407,0.176269,0.089046,0.031773
0.130788,0.069207,0.054682,0.097991,0.061155,0.068869,0.051365,0.196624,0.187042,0.082276
0.064785,0.041972,0.148366,0.056360,0.027885,0.136295,0.035076,0.070542,0.344070,0.074649
0.109273,0.041543,0.044977,0.159413,0.230387,0.102393,0.046293,0.075954,0.154066,0.035702
0.040281,0.046573,0.024903,0.050609,0.015535,0.039772,0.027212,0.673343,0.042782,0.038991
0.025589,0.016400,0.012053,0.013081,0.056161,0.030960,0.021097,0.182764,0.632051,0.009845
0.053029,0.102973,0.058962,0.057223,0.070087,0.130943,0.146108,0.070029,0.177383,0.133265
0.112435,0.147930,0.046283,0.025043,0.108636,0.119686,0.034290,0.125972,0.156628,0.123096
0.093281,0.040711,0.029242,0.015430,0.069880,0.086530,0.046762,0.035266,0.563778,0.019120
0.049769,0.125692,0.053503,0.107656,0.104069,0.065768,0.050348,0.206231,0.182689,0.054275
0.051824,0.173731,0.083615,0.109944,0.069055,0.104861,0.159521,0.094189,0.063647,0.089613
0.055890,0.045824,0.048870,0.025630,0.117661,0.200244,0.129785,0.219805,0.062572,0.093721
0.012227,0.022002,0.597013,0.299968,0.005175,0.007494,0.009048,0.033203,0.006839,0.007031
0.093738,0.105673,0.113819,0.133669,0.088400,0.140482,0.138225,0.082298,0.033093,0.070602
0.135619,0.031906,0.047255,0.114601,0.096162,0.097393,0.037889,0.130525,0.273371,0.035279
0.102604,0.044544,0.147880,0.091887,0.069209,0.162604,0.145528,0.069442,0.089241,0.077060
0.071084,0.119137,0.153225,0.179805,0.129102,0.120276,0.053494,0.096334,0.040201,0.037342
0.044073,0.032573,0.052742,0.147880,0.097504,0.114692,0.141217,0.148560,0.148659,0.072100
0.075716,0.053555,0.078780,0.090589,0.047728,0.064511,0.045351,0.079959,0.344557,0.119254
0.112487,0.106288,0.051439,0.105469,0.064085,0.161612,0.048806,0.149809,0.057912,0.142093
0.060419,0.052878,0.055931,0.159576,0.069409,0.181002,0.056795,0.199910,0.052707,0.111374
0.071430,0.057032,0.060789,0.030142,0.036679,0.214492,0.056114,0.299353,0.050198,0.123770
0.082331,0.064418,0.031939,0.042255,0.055287,0.108492,0.032895,0.048482,0.482332,0.051570
0.069936,0.041328,0.105592,0.077616,0.095174,0.118257,0.126147,0.076837,0.122765,0.166349
0.083005,0.111267,0.049408,0.065105,0.072799,0.191004,0.166261,0.092666,0.079078,0.089407
0.101039,0.151555,0.056380,0.056639,0.029755,0.145227,0.068973,0.091837,0.090138,0.208457
0.032714,0.020647,0.512362,0.263964,0.021789,0.030171,0.043840,0.033787,0.020947,0.019779
0.051102,0.115110,0.056979,0.151842,0.054760,0.169703,0.069072,0.142600,0.056367,0.132465
0.125810,0.205039,0.050490,0.065321,0.031465,0.041102,0.169674,0.165708,0.061913,0.083478
0.083903,0.043472,0.094833,0.041881,0.073003,0.072157,0.067441,0.048990,0.419889,0.054431
0.062570,0.111008,0.042209,0.090483,0.252778,0.109787,0.033548,0.062228,0.161895,0.073493
0.050422,0.090281,0.081791,0.137479,0.285524,0.133648,0.050176,0.076973,0.060656,0.033050
0.087882,0.040397,0.094893,0.129481,0.084176,0.105697,0.097306,0.155301,0.138403,0.066463
0.090330,0.072749,0.030378,0.036565,0.043454,0.101583,0.022471,0.085932,0.470983,0.045554
0.055417,0.030987,0.047688,0.696012,0.034093,0.048931,0.021644,0.020969,0.014212,0.030047
0.139295,0.116407,0.049607,0.090201,0.082456,0.036759,0.036325,0.146025,0.163678,0.139245
0.055241,0.044410,0.040760,0.119241,0.043067,0.072679,0.092312,0.068380,0.440222,0.023686
0.079363,0.113570,0.111273,0.122112,0.101092,0.062223,0.049228,0.138814,0.146724,0.075600
0.088087,0.023395,0.034209,0.039415,0.068103,0.105062,0.099582,0.064259,0.443474,0.034415
0.008666,0.005523,0.579498,0.330946,0.015692,0.019653,0.008621,0.012216,0.011166,0.008019
0.123356,0.075205,0.045253,0.054961,0.215472,0.103929,0.046346,0.125205,0.135414,0.074860
0.061698,0.038192,0.101315,0.106475,0.168394,0.103679,0.090874,0.117311,0.116435,0.095627
0.105511,0.083554,0.324951,0.071835,0.021001,0.093837,0.049881,0.072875,0.123589,0.052967
0.020739,0.008792,0.564522,0.286520,0.021368,0.021807,0.030213,0.013977,0.019833,0.012230
0.026629,0.012725,0.028152,0.014007,0.020514,0.045762,0.013347,0.188653,0.632526,0.017686
0.011439,0.017194,0.015798,0.021809,0.018542,0.028333,0.040758,0.197799,0.632494,0.015836
0.020812,0.014153,0.599842,0.279947,0.015026,0.014115,0.013204,0.020626,0.013574,0.008699
0.081274,0.040383,0.057559,0.118654,0.131127,0.155663,0.045554,0.129716,0.201896,0.038175
0.024060,0.035599,0.573480,0.171169,0.064395,0.032966,0.023002,0.026924,0.026268,0.022137
0.108280,0.152923,0.107151,0.159190,0.032343,0.127200,0.039928,0.098025,0.094351,0.080611
0.035572,0.023593,0.044177,0.078621,0.050691,0.046434,0.035168,0.052312,0.611636,0.021797
0.010471,0.023440,0.602295,0.263632,0.016828,0.021483,0.010923,0.021231,0.014426,0.015270
0.084726,0.027243,0.029058,0.037011,0.161890,0.082538,0.023337,0.087225,0.443717,0.023253
0.113486,0.098842,0.066874,0.053844,0.069775,0.131505,0.032945,0.098487,0.136213,0.198030
0.025723,0.018596,0.573967,0.223197,0.022355,0.016678,0.031676,0.018102,0.055960,0.013746
0.100267,0.080149,0.109354,0.089953,0.098278,0.148414,0.146830,0.100280,0.046173,0.080302
0.043884,0.022697,0.398569,0.140948,0.079427,0.089625,0.032787,0.097756,0.039156,0.055152
0.050530,0.059946,0.102975,0.182712,0.076404,0.102258,0.152989,0.129672,0.094564,0.047948
0.055293,0.125386,0.145267,0.064298,0.105171,0.111908,0.043727,0.125627,0.078512,0.144809
0.120164,0.085745,0.086563,0.092805,0.098027,0.058343,0.063116,0.136929,0.144723,0.113585
0.014554,0.026417,0.014609,0.021895,0.021543,0.045464,0.030484,0.171991,0.634972,0.018073
0.149027,0.066551,0.122301,0.026928,0.087442,0.038851,0.075445,0.156653,0.190170,0.086631
0.026867,0.028825,0.023850,0.024787,0.020979,0.031711,0.009604,0.198486,0.622716,0.012174
0.100775,0.110964,0.127463,0.089212,0.094357,0.151507,0.099530,0.096430,0.050831,0.078931
0.058281,0.087221,0.042038,0.055158,0.094920,0.119100,0.107006,0.130192,0.277480,0.028605
0.133998,0.113831,0.055376,0.115226,0.126664,0.140621,0.052279,0.116479,0.062823,0.082701
0.022387,0.009685,0.013213,0.021048,0.014482,0.024183,0.019899,0.179004,0.670591,0.025508
0.065733,0.097970,0.029280,0.038012,0.050515,0.079701,0.029513,0.034710,0.441657,0.132909
0.024090,0.016342,0.568809,0.276868,0.019078,0.025683,0.024907,0.014345,0.017465,0.012414
0.020311,0.043219,0.052711,0.059160,0.043279,0.055175,0.073349,0.546163,0.025323,0.081309
0.029480,0.032433,0.033071,0.010574,0.023024,0.032921,0.030772,0.189196,0.587419,0.031111
0.170153,0.037060,0.052601,0.027430,0.148580,0.164202,0.053614,0.178953,0.067664,0.099743
0.129320,0.118172,0.142077,0.126306,0.064625,0.129555,0.042072,0.073005,0.089661,0.085207
0.019540,0.009939,0.012430,0.006630,0.017901,0.027633,0.014253,0.200843,0.674691,0.016139
0.023295,0.016428,0.543384,0.225741,0.019096,0.010420,0.015199,0.015062,0.099629,0.031744
0.053874,0.083493,0.107164,0.072189,0.200082,0.103906,0.113055,0.069939,0.030355,0.165943
0.061222,0.045217,0.123831,0.170383,0.097850,0.105058,0.113535,0.131143,0.073741,0.078020
0.016394,0.015355,0.010096,0.025720,0.017085,0.024579,0.008124,0.193028,0.674959,0.014660
0.167905,0.128926,0.056184,0.028316,0.129555,0.180827,0.051289,0.163143,0.051106,0.042750
0.023576,0.022365,0.016242,0.029491,0.019794,0.016751,0.010082,0.195825,0.653356,0.012517
0.050921,0.111586,0.133924,0.097977,0.059310,0.127232,0.038101,0.138888,0.170018,0.072044
0.143752,0.040044,0.056707,0.074068,0.143849,0.154473,0.118565,0.114552,0.109924,0.044066
0.076569,0.146820,0.047599,0.096291,0.093552,0.109015,0.098576,0.055741,0.073845,0.201992
0.014280,0.017238,0.588189,0.256778,0.019902,0.030151,0.012491,0.023523,0.019126,0.018321
0.109127,0.132457,0.044329,0.101295,0.087548,0.111064,0.101410,0.117688,0.082964,0.112119
0.014966,0.027437,0.599768,0.227652,0.020423,0.029946,0.012785,0.016427,0.033118,0.017479
