0.095067,0.083622,0.106736,0.079457,0.054958,0.079573,0.043651,0.149627,0.231223,0.076087
0.122439,0.089876,0.110228,0.055426,0.086963,0.084681,0.039968,0.090273,0.145800,0.174345
0.021073,0.013195,0.008550,0.014146,0.015832,0.011709,0.007415,0.160933,0.727446,0.019700
0.102567,0.079917,0.043856,0.110841,0.204892,0.144364,0.046278,0.085270,0.066477,0.115538
0.089737,0.122044,0.056839,0.190965,0.032638,0.053060,0.145117,0.119974,0.097820,0.091806
0.060021,0.067291,0.049618,0.101386,0.086951,0.055264,0.072971,0.133563,0.299191,0.073744
0.048847,0.080829,0.082618,0.077368,0.097528,0.048801,0.147771,0.077727,0.231501,0.107012
0.034401,0.070755,0.032950,0.081345,0.056286,0.093639,0.075915,0.087518,0.381450,0.085741
0.064003,0.059272,0.062087,0.107893,0.193271,0.110968,0.135413,0.168799,0.032604,0.065691
0.020252,0.013036,0.005542,0.012921,0.003582,0.019144,0.004621,0.174130,0.742450,0.004321
0.020900,0.011895,0.597520,0.273758,0.016574,0.014065,0.009031,0.011263,0.029489,0.015505
0.016189,0.036808,0.015495,0.749590,0.030764,0.019108,0.022810,0.058353,0.024426,0.026457
0.018498,0.009259,0.631390,0.235990,0.015224,0.020638,0.009434,0.010809,0.040894,0.007864
0.066900,0.049894,0.175489,0.102378,0.127925,0.106834,0.038426,0.103885,0.081831,0.146437
0.127205,0.052268,0.084032,0.190780,0.146794,0.054761,0.052712,0.114748,0.085581,0.091119
0.013096,0.009170,0.016923,0.014776,0.014669,0.015469,0.021553,0.162218,0.718873,0.013253
0.125722,0.085146,0.045781,0.086562,0.092031,0.100589,0.047247,0.096295,0.283306,0.037320
0.120915,0.049511,0.032744,0.042217,0.043555,0.040938,0.117909,0.137286,0.375683,0.039241
0.009364,0.007513,0.639885,0.229373,0.042535,0.025001,0.008408,0.017428,0.006089,0.014404
0.020127,0.022848,0.627182,0.187005,0.018248,0.026070,0.017746,0.017013,0.044633,0.019129
0.034446,0.039841,0.031052,0.040393,0.168334,0.030240,0.100560,0.068030,0.438264,0.048841
0.017849,0.005355,0.017136,0.019935,0.008430,0.012242,0.007211,0.158135,0.745856,0.007851
0.171927,0.079340,0.154228,0.120625,0.064256,0.149103,0.107221,0.065983,0.044824,0.042493
0.161097,0.097088,0.060113,0.030255,0.185943,0.079453,0.060098,0.149463,0.103130,0.073358
0.063356,0.074504,0.050007,0.135216,0.107290,0.143163,0.187273,0.105789,0.033778,0.099624
0.082150,0.104180,0.152212,0.064519,0.130228,0.062070,0.179947,0.107876,0.081009,0.035808
0.110698,0.089286,0.083654,0.127627,0.050470,0.110267,0.116519,0.106611,0.140942,0.063927
0.018964,0.012807,0.007936,0.014066,0.013160,0.007962,0.019454,0.153615,0.740345,0.011692
0.121032,0.085771,0.089223,0.133154,0.056492,0.086545,0.034334,0.157278,0.063888,0.172283
0.074758,0.137761,0.054902,0.069750,0.034797,0.186462,0.170571,0.129461,0.039462,0.102077
0.007222,0.006299,0.006277,0.006694,0.011867,0.008503,0.027902,0.163328,0.757259,0.004649
0.014759,0.020032,0.602882,0.193599,0.044260,0.026072,0.015142,0.021635,0.045379,0.016240
0.159246,0.116317,0.050332,0.063601,0.096721,0.118492,0.048468,0.078278,0.206884,0.061659
0.109826,0.132385,0.063756,0.080166,0.084593,0.109061,0.036820,0.082922,0.137603,0.162867
0.144638,0.126181,0.056577,0.069678,0.070868,0.195234,0.055880,0.132001,0.046875,0.102068
0.076746,0.060245,0.145923,0.029763,0.161167,0.131648,0.055831,0.252685,0.038345,0.047647
0.061314,0.033138,0.203283,0.022516,0.332510,0.130476,0.085502,0.062321,0.038332,0.030609
0.087112,0.041138,0.034829,0.069176,0.045389,0.041865,0.030398,0.141060,0.454170,0.054862
0.017892,0.012437,0.629453,0.261098,0.005523,0.026634,0.007787,0.016910,0.014643,0.007624
0.069648,0.052729,0.047363,0.084940,0.057945,0.093667,0.068351,0.093172,0.346293,0.085892
0.015410,0.019216,0.601674,0.200256,0.042260,0.020850,0.037602,0.020797,0.015726,0.026210
0.203673,0.065539,0.125562,0.066516,0.068905,0.117525,0.140969,0.078173,0.044627,0.088512
0.144377,0.159872,0.044209,0.056500,0.053540,0.132880,0.071239,0.127892,0.172168,0.037323
0.133639,0.208958,0.051030,0.152564,0.063785,0.054382,0.051649,0.115439,0.085142,0.083412
0.054930,0.043695,0.042929,0.051989,0.115664,0.169016,0.070086,0.096651,0.290569,0.064472
0.054474,0.093963,0.118664,0.091696,0.078792,0.114435,0.068172,0.054508,0.152873,0.172423
0.057450,0.106721,0.153384,0.144854,0.063626,0.112967,0.138002,0.079289,0.082084,0.061625
0.149780,0.057770,0.136809,0.095972,0.121660,0.163080,0.043488,0.100348,0.073823,0.057268
0.133340,0.098529,0.044991,0.214871,0.083583,0.057350,0.044601,0.095116,0.172338,0.055282
0.008080,0.005771,0.020646,0.014729,0.008978,0.009837,0.006001,0.170170,0.737293,0.018494
0.071990,0.112461,0.053954,0.153317,0.033835,0.133699,0.147147,0.118420,0.092029,0.083147
0.011775,0.021647,0.012253,0.015607,0.039500,0.019582,0.007814,0.161930,0.685581,0.024310
0.017720,0.011704,0.006634,0.007857,0.004418,0.007271,0.014499,0.164579,0.759343,0.005974
0.097305,0.068015,0.085571,0.099139,0.036907,0.072190,0.080204,0.060613,0.349127,0.050930
0.007199,0.008660,0.589605,0.280910,0.004476,0.007622,0.009790,0.011481,0.074264,0.005993
0.068642,0.041910,0.040238,0.141917,0.078040,0.041665,0.135731,0.087065,0.281766,0.083027
0.055085,0.129228,0.081607,0.110690,0.058215,0.121942,0.203794,0.111949,0.040169,0.087321
0.080541,0.029460,0.031613,0.015940,0.040422,0.090835,0.119122,0.091074,0.450944,0.050050
0.114429,0.067696,0.044799,0.086306,0.119790,0.097105,0.138956,0.132270,0.166681,0.031967
0.067606,0.036084,0.049133,0.110723,0.323660,0.052806,0.049718,0.124085,0.100830,0.085355
0.166976,0.038435,0.057909,0.065472,0.135545,0.192405,0.048854,0.107434,0.100154,0.086816
0.098999,0.102579,0.038853,0.020880,0.074797,0.126558,0.111487,0.050664,0.306083,0.069099
0.168881,0.037348,0.136248,0.094056,0.125523,0.049611,0.079406,0.073537,0.031964,0.203426
0.133976,0.102234,0.115820,0.025907,0.133530,0.127429,0.043876,0.210207,0.032401,0.074621
0.141329,0.095726,0.115068,0.081424,0.203298,0.116186,0.048453,0.086149,0.028942,0.083426
0.057231,0.104551,0.045810,0.088624,0.053095,0.153098,0.135979,0.125341,0.164209,0.072061
0.125751,0.101555,0.119198,0.191605,0.063681,0.124009,0.040639,0.093574,0.071164,0.068826
0.054153,0.114844,0.045619,0.116352,0.065370,0.119843,0.136287,0.224613,0.084400,0.038519
0.011183,0.012586,0.017747,0.026144,0.017701,0.010585,0.027809,0.173625,0.679913,0.022706
0.101652,0.044154,0.133817,0.080413,0.091566,0.127277,0.130812,0.086630,0.028765,0.174915
0.012595,0.016307,0.017019,0.015900,0.038636,0.022223,0.008374,0.156308,0.688284,0.024354
0.021933,0.011733,0.618963,0.222488,0.039192,0.025777,0.008050,0.011203,0.027400,0.013262
0.108140,0.167257,0.108704,0.127800,0.056492,0.107952,0.123484,0.070314,0.074786,0.055071
0.128817,0.161276,0.127329,0.100625,0.056339,0.103915,0.074655,0.134404,0.078008,0.034634
0.054964,0.074870,0.047240,0.114422,0.060014,0.048159,0.190997,0.090217,0.091660,0.227456
0.057044,0.054713,0.043595,0.261603,0.099354,0.044897,0.180352,0.141923,0.039062,0.077456
0.052433,0.131488,0.061188,0.081605,0.187510,0.084724,0.043387,0.109765,0.140105,0.107795
0.115893,0.070690,0.049998,0.058155,0.097493,0.137330,0.114055,0.097196,0.169227,0.089963
0.131867,0.136841,0.060226,0.155858,0.032007,0.186972,0.050997,0.067326,0.091604,0.086301
0.022822,0.019902,0.019411,0.015887,0.017411,0.012765,0.037035,0.160638,0.680968,0.013162
0.008311,0.011677,0.005402,0.011208,0.003432,0.024016,0.005222,0.156369,0.765889,0.008475
0.149696,0.035257,0.175129,0.175581,0.060807,0.051428,0.047252,0.110314,0.092780,0.101758
0.077914,0.040959,0.037538,0.064658,0.145709,0.063791,0.029830,0.065450,0.347068,0.127082
0.069512,0.037972,0.058527,0.115465,0.032636,0.055835,0.092058,0.260385,0.242370,0.035240
0.012664,0.013305,0.007457,0.020765,0.014629,0.007896,0.008003,0.170742,0.733264,0.011275
0.014256,0.024366,0.021004,0.009316,0.019056,0.028164,0.043026,0.166541,0.650933,0.023338
0.126162,0.117943,0.109773,0.058030,0.028940,0.060120,0.158515,0.109720,0.090480,0.140317
0.062514,0.074754,0.052917,0.138980,0.110519,0.062948,0.047323,0.111982,0.298748,0.039313
0.020127,0.021166,0.011287,0.025536,0.017454,0.022193,0.016907,0.152534,0.688806,0.023992
0.071201,0.030848,0.048623,0.022469,0.235113,0.174882,0.070759,0.132796,0.178621,0.034688
0.066899,0.060196,0.063373,0.153512,0.082054,0.107292,0.063215,0.109050,0.232461,0.061947
0.036544,0.069772,0.038130,0.088574,0.040561,0.066227,0.078902,0.088826,0.362377,0.130088
0.121968,0.032082,0.164091,0.023229,0.105478,0.106833,0.043591,0.143984,0.038420,0.220325
0.055778,0.089422,0.134908,0.084515,0.089684,0.114866,0.131412,0.062693,0.154733,0.081990
0.126190,0.046966,0.045791,0.261885,0.090099,0.189114,0.048127,0.058916,0.077561,0.055351
0.050683,0.071518,0.089486,0.096322,0.074720,0.080484,0.072644,0.111824,0.328001,0.024317
0.145305,0.034745,0.050629,0.110840,0.058292,0.060026,0.187987,0.103900,0.191412,0.056865
0.013467,0.022809,0.606006,0.255992,0.018434,0.026216,0.013200,0.012513,0.016967,0.014396
0.062502,0.035689,0.151376,0.108346,0.062845,0.171206,0.049911,0.227265,0.090874,0.039986
0.073723,0.082252,0.118076,0.172467,0.085457,0.134181,0.044337,0.092710,0.072243,0.124553
0.086908,0.116872,0.096746,0.091674,0.087249,0.070943,0.039910,0.099739,0.242327,0.067632
0.122907,0.034091,0.079513,0.325530,0.028946,0.156553,0.080677,0.074709,0.040874,0.056201
0.009544,0.005218,0.007048,0.007407,0.013423,0.013839,0.009831,0.156857,0.771015,0.005819
0.086826,0.081680,0.101886,0.120058,0.050776,0.102227,0.039347,0.086132,0.228800,0.102267
0.073024,0.068742,0.093164,0.017961,0.083396,0.068107,0.114308,0.040198,0.389769,0.051330
0.114983,0.103974,0.037230,0.020499,0.023298,0.131931,0.037689,0.127118,0.322096,0.081183
0.132742,0.035147,0.046482,0.091112,0.081776,0.089019,0.106896,0.167715,0.071143,0.177968
0.035868,0.084522,0.103080,0.017505,0.039341,0.032225,0.090927,0.049862,0.507876,0.038794
0.051608,0.081621,0.114750,0.083538,0.105740,0.039081,0.038323,0.116300,0.254023,0.115015
0.128936,0.105794,0.079963,0.119806,0.098304,0.062905,0.052585,0.064857,0.202956,0.083894
0.106860,0.094073,0.067929,0.118450,0.052142,0.123530,0.040751,0.055211,0.157950,0.183103
0.048801,0.115323,0.041366,0.095462,0.026318,0.109377,0.145107,0.205129,0.184719,0.028397
0.011465,0.022639,0.628754,0.200944,0.019676,0.013934,0.027057,0.033882,0.015861,0.025787
0.021217,0.017946,0.607083,0.274740,0.010201,0.025195,0.009428,0.013908,0.012853,0.007429
0.071767,0.053529,0.067855,0.022860,0.025842,0.135431,0.138735,0.185890,0.169648,0.128442
0.106590,0.093475,0.041567,0.094036,0.059489,0.132002,0.041484,0.065753,0.314764,0.050839
0.123639,0.100823,0.047614,0.058325,0.128803,0.170385,0.037953,0.149475,0.081844,0.101140
0.020646,0.019744,0.009544,0.031348,0.017050,0.012396,0.007826,0.175182,0.692928,0.013337
0.110489,0.056404,0.159126,0.163364,0.100533,0.109960,0.044570,0.144636,0.081605,0.029313
0.022999,0.008660,0.566454,0.226202,0.012001,0.025765,0.026760,0.015761,0.081028,0.014370
0.023283,0.021877,0.602798,0.203488,0.021775,0.029232,0.030811,0.030503,0.017516,0.018715
0.134250,0.076593,0.053894,0.025982,0.140794,0.157644,0.141681,0.105062,0.082458,0.081642
0.115544,0.112794,0.048345,0.160970,0.118874,0.092958,0.154462,0.070938,0.031346,0.093769
0.048954,0.031495,0.043060,0.159120,0.122960,0.056085,0.041232,0.103629,0.301681,0.091782
0.167227,0.162191,0.046413,0.128837,0.055640,0.153778,0.043049,0.099740,0.071673,0.071453
0.023035,0.023957,0.636058,0.171693,0.020318,0.030292,0.018360,0.021768,0.030754,0.023764
0.152537,0.130765,0.138159,0.026579,0.128336,0.054851,0.053656,0.131864,0.102588,0.080665
0.014469,0.022980,0.638360,0.196882,0.018009,0.026114,0.009176,0.021001,0.030266,0.022743
0.072804,0.044555,0.042303,0.123494,0.118973,0.131221,0.043325,0.056030,0.296465,0.070830
0.109422,0.053059,0.043028,0.082503,0.094555,0.128866,0.112478,0.121807,0.066390,0.187891
0.081818,0.040711,0.038098,0.065796,0.081009,0.069043,0.051867,0.091871,0.389752,0.090035
0.053802,0.075445,0.097177,0.017802,0.073945,0.079995,0.053465,0.048879,0.472501,0.026990
0.130300,0.087576,0.116595,0.090064,0.200286,0.042070,0.127829,0.118909,0.037287,0.049084
0.087216,0.081348,0.105299,0.076425,0.085443,0.216972,0.060988,0.096930,0.115191,0.074187
0.017973,0.023715,0.019566,0.026702,0.045629,0.026751,0.027089,0.154902,0.634232,0.023439
0.017773,0.014866,0.007421,0.021207,0.013764,0.021194,0.006669,0.169257,0.716600,0.011248
0.014202,0.011829,0.622453,0.236511,0.016139,0.022603,0.022360,0.015080,0.027704,0.011119
0.021225,0.011850,0.622497,0.167890,0.044935,0.026191,0.012077,0.021926,0.047037,0.024372
0.058070,0.069380,0.150207,0.055030,0.121641,0.047228,0.165765,0.057908,0.073921,0.200850
0.011812,0.019629,0.589436,0.259487,0.016432,0.010621,0.034850,0.015264,0.031196,0.011273
0.164958,0.051491,0.146438,0.061025,0.061116,0.184069,0.127375,0.110506,0.032668,0.060354
0.050980,0.124758,0.041997,0.130093,0.082744,0.079643,0.114946,0.081837,0.141475,0.151527
0.142405,0.062046,0.166663,0.105729,0.060021,0.061983,0.124391,0.114953,0.080265,0.081543
0.065024,0.090575,0.181946,0.072218,0.166982,0.058491,0.044704,0.179531,0.038647,0.101883
0.111643,0.098580,0.042138,0.158872,0.048731,0.110345,0.033255,0.084199,0.145192,0.167045
0.144056,0.114782,0.139056,0.159816,0.025995,0.056803,0.189980,0.104578,0.029907,0.035027
0.047344,0.073712,0.118667,0.095828,0.051545,0.092302,0.116510,0.141204,0.235995,0.026892
0.012555,0.011304,0.624278,0.209397,0.015485,0.009629,0.015674,0.010705,0.078453,0.012522
0.122485,0.105103,0.042172,0.114884,0.075527,0.075766,0.036885,0.086576,0.273174,0.067429
0.014254,0.014360,0.602157,0.203513,0.017816,0.011113,0.026176,0.014780,0.079629,0.016201
0.070660,0.063640,0.043160,0.089792,0.075585,0.121093,0.124564,0.088520,0.152693,0.170294
0.059473,0.030411,0.018951,0.093394,0.041307,0.064636,0.015616,0.645130,0.014362,0.016720
0.010846,0.023565,0.023250,0.005855,0.046878,0.011916,0.008507,0.174957,0.686382,0.007846
0.090603,0.027565,0.071538,0.087653,0.068631,0.107793,0.079759,0.063939,0.350396,0.052124
0.081518,0.058647,0.063098,0.232350,0.034630,0.157600,0.055357,0.141023,0.104682,0.071096
0.045900,0.093931,0.042206,0.204862,0.027064,0.093028,0.037825,0.126579,0.298110,0.030494
0.022205,0.025223,0.616280,0.169282,0.015048,0.022236,0.029113,0.034031,0.048110,0.018471
0.009675,0.013690,0.006582,0.013138,0.008205,0.011755,0.007044,0.157729,0.759921,0.012260
0.053193,0.103137,0.133336,0.052792,0.108308,0.042914,0.106471,0.064150,0.160072,0.175626
0.037124,0.056003,0.355976,0.058573,0.072262,0.037386,0.072644,0.083277,0.183484,0.043272
0.041766,0.132682,0.040820,0.105150,0.053800,0.038052,0.035310,0.153597,0.237593,0.161231
0.126445,0.049459,0.048245,0.063110,0.110284,0.128001,0.207810,0.158624,0.033244,0.074778
0.115199,0.111335,0.109420,0.093336,0.124537,0.093235,0.077748,0.141153,0.092368,0.041668
0.018288,0.020434,0.008415,0.015165,0.009640,0.014260,0.016222,0.164143,0.723673,0.009761
0.069247,0.108895,0.129299,0.065642,0.138978,0.158325,0.139205,0.065104,0.048088,0.077216
0.012895,0.010205,0.007161,0.008068,0.004526,0.018103,0.032019,0.169554,0.727724,0.009744
0.057155,0.078526,0.049129,0.026129,0.068898,0.065680,0.147934,0.165365,0.083574,0.257610
0.051722,0.087307,0.085660,0.073413,0.190381,0.084728,0.151501,0.057728,0.141662,0.075897
0.080818,0.048935,0.046816,0.058906,0.111570,0.149555,0.134170,0.213203,0.082905,0.073122
0.118522,0.104100,0.051523,0.164381,0.100202,0.140722,0.044352,0.058693,0.185673,0.031833
0.117692,0.168970,0.047796,0.095675,0.100811,0.045383,0.072534,0.097901,0.178324,0.074913
0.010571,0.010819,0.011448,0.030288,0.015585,0.015500,0.009426,0.165803,0.722700,0.007859
0.024706,0.014736,0.566437,0.189096,0.018991,0.028862,0.026666,0.025891,0.081161,0.023453
0.138722,0.065340,0.045040,0.054471,0.025255,0.181450,0.032168,0.138965,0.284901,0.033689
0.120123,0.091431,0.116405,0.175771,0.060547,0.093851,0.047657,0.098206,0.163372,0.032636
0.041223,0.050172,0.074017,0.089384,0.061518,0.092297,0.083438,0.093029,0.389804,0.025118
0.021620,0.009631,0.023556,0.031005,0.018846,0.010697,0.041381,0.168493,0.661798,0.012973
0.081337,0.039445,0.033380,0.065502,0.020866,0.109869,0.096040,0.066259,0.397912,0.089390
0.071788,0.118963,0.058652,0.026892,0.070213,0.129157,0.109576,0.238545,0.087261,0.088953
0.020814,0.012148,0.541013,0.275243,0.006699,0.009992,0.008103,0.026210,0.084556,0.015223
0.058329,0.046530,0.179424,0.023020,0.055400,0.212424,0.135214,0.148006,0.041244,0.100411
0.090610,0.086128,0.114292,0.073828,0.181321,0.104885,0.112458,0.139531,0.066269,0.030679
0.156175,0.116920,0.047818,0.226918,0.103994,0.120931,0.036166,0.057979,0.077414,0.055684
0.161692,0.119885,0.081313,0.064991,0.030951,0.176501,0.051746,0.118379,0.086092,0.108451
0.111306,0.085332,0.142892,0.112226,0.092490,0.053569,0.140648,0.063812,0.166585,0.031141
0.207863,0.065060,0.083578,0.149926,0.063754,0.163290,0.053405,0.066665,0.084475,0.061983
0.033688,0.064014,0.223398,0.056550,0.033041,0.034279,0.026747,0.062066,0.423735,0.042482
0.130858,0.110106,0.078031,0.096952,0.089890,0.118919,0.077815,0.149446,0.091627,0.056354
0.077979,0.121837,0.052414,0.176223,0.089955,0.120751,0.197174,0.102306,0.032402,0.028959
0.159422,0.111225,0.051473,0.183983,0.137198,0.123943,0.046280,0.113969,0.040696,0.031813
0.063926,0.051907,0.129769,0.060048,0.119117,0.107497,0.119620,0.178065,0.031320,0.138732
0.049501,0.068352,0.135818,0.158207,0.110813,0.045694,0.087876,0.094691,0.071151,0.177899
0.016968,0.015170,0.601225,0.296379,0.010574,0.019601,0.007454,0.008918,0.013345,0.010365
0.018894,0.015662,0.590063,0.186798,0.019415,0.028741,0.011857,0.021669,0.088653,0.018247
0.070895,0.036145,0.049266,0.199857,0.129566,0.070051,0.052965,0.179952,0.036398,0.174904
0.040251,0.039685,0.015892,0.673238,0.033276,0.021282,0.073613,0.041909,0.031832,0.029021
0.105966,0.109692,0.131306,0.122059,0.027544,0.042943,0.141340,0.095568,0.171679,0.051902
0.116389,0.111380,0.147792,0.104659,0.061467,0.110136,0.128209,0.075970,0.043790,0.100209
0.073480,0.100704,0.066365,0.063547,0.042738,0.088841,0.110076,0.062855,0.354629,0.036766
0.111892,0.117516,0.051109,0.057838,0.103686,0.060400,0.127928,0.105007,0.187772,0.076851
0.142947,0.055873,0.053006,0.122415,0.136157,0.206348,0.055942,0.087275,0.095902,0.044135
0.138791,0.067944,0.060674,0.025191,0.029209,0.206682,0.164490,0.176191,0.098904,0.031924
0.078647,0.098397,0.159613,0.025077,0.057001,0.156003,0.076547,0.101671,0.191562,0.055483
0.121323,0.074034,0.143194,0.095566,0.108619,0.110247,0.046085,0.138426,0.086125,0.076381
0.125690,0.128689,0.177390,0.099776,0.059876,0.152617,0.037580,0.108872,0.033429,0.076080
0.015880,0.023308,0.638608,0.178742,0.018433,0.014376,0.027750,0.013831,0.046125,0.022946
0.103492,0.046356,0.099367,0.095330,0.114720,0.099809,0.119750,0.125217,0.163413,0.032546
0.023592,0.020850,0.014028,0.019148,0.045559,0.026416,0.037288,0.151701,0.639039,0.022380
0.119221,0.056577,0.044909,0.209568,0.119337,0.103070,0.041035,0.098165,0.175689,0.032430
0.143843,0.041701,0.063645,0.132076,0.104308,0.092127,0.100894,0.051299,0.241057,0.029050
0.062847,0.210076,0.080683,0.058738,0.142134,0.159246,0.147868,0.064255,0.041217,0.032935
0.018261,0.018195,0.008147,0.004533,0.015578,0.021170,0.007539,0.175024,0.725799,0.005753
0.017269,0.017389,0.017088,0.009735,0.015151,0.011914,0.015735,0.150585,0.737520,0.007613
0.115896,0.034607,0.155229,0.104832,0.102578,0.100881,0.036991,0.195257,0.076582,0.077146
0.081548,0.108037,0.078372,0.062410,0.065339,0.154907,0.047061,0.120034,0.040951,0.241341
0.083277,0.074858,0.032985,0.110452,0.085730,0.065060,0.035491,0.069456,0.414293,0.028398
0.021040,0.016614,0.009095,0.016000,0.016017,0.024174,0.011904,0.162713,0.714711,0.007731
0.109218,0.155745,0.061730,0.083230,0.079571,0.180072,0.062456,0.170420,0.048803,0.048754
0.174258,0.110880,0.050882,0.089842,0.055091,0.134259,0.046554,0.197530,0.072044,0.068659
0.057086,0.105904,0.148339,0.116599,0.111016,0.119122,0.049044,0.064788,0.192726,0.035376
0.108567,0.056469,0.135288,0.160095,0.031690,0.148284,0.108683,0.090160,0.075218,0.085547
0.082845,0.079028,0.037982,0.100400,0.022867,0.078439,0.034356,0.077565,0.456729,0.029790
0.126805,0.108578,0.095464,0.117311,0.094871,0.135811,0.109817,0.126761,0.030329,0.054253
0.074919,0.047356,0.048817,0.096757,0.119459,0.058213,0.047809,0.109221,0.303481,0.093967
0.136697,0.079548,0.126935,0.087985,0.084713,0.100739,0.148732,0.086500,0.068699,0.079452
0.064959,0.152543,0.066155,0.073685,0.162484,0.136638,0.056291,0.146808,0.101350,0.039086
0.018943,0.017388,0.573458,0.255341,0.040932,0.024657,0.022539,0.019210,0.015927,0.011606
0.069157,0.140937,0.225456,0.070501,0.068948,0.153741,0.054040,0.083102,0.098419,0.035699
0.066833,0.082091,0.160252,0.122869,0.033320,0.198715,0.041566,0.118709,0.087686,0.087961
0.078897,0.059940,0.108527,0.159488,0.103570,0.107973,0.050409,0.071666,0.180303,0.079227
0.011077,0.011432,0.610991,0.267841,0.016553,0.010894,0.009878,0.020716,0.015349,0.025269
0.146805,0.039415,0.137585,0.113148,0.153570,0.056386,0.053362,0.170557,0.092146,0.037026
0.133138,0.065718,0.055583,0.108036,0.071085,0.188996,0.049424,0.118620,0.043832,0.165568
0.093486,0.082355,0.124167,0.089712,0.203668,0.097122,0.105268,0.051823,0.074062,0.078337
0.020225,0.017864,0.581699,0.260919,0.006016,0.018150,0.030535,0.009876,0.041636,0.013080
0.026307,0.020738,0.624536,0.173088,0.019569,0.012484,0.018726,0.031418,0.046264,0.026871
0.049958,0.110542,0.045782,0.099820,0.055228,0.158260,0.122258,0.058280,0.171499,0.128373
0.020645,0.016100,0.672513,0.226372,0.014763,0.009087,0.008139,0.012596,0.005685,0.014102
0.137381,0.036425,0.159540,0.110559,0.068739,0.123654,0.147510,0.065763,0.041516,0.108914
0.055569,0.129362,0.199191,0.024714,0.112183,0.136314,0.082737,0.109284,0.042584,0.108062
0.106289,0.094337,0.045715,0.122322,0.026699,0.150402,0.044420,0.066286,0.268404,0.075125
0.101798,0.053915,0.120221,0.089143,0.029145,0.144480,0.108862,0.065863,0.164553,0.122020
0.017839,0.010699,0.577164,0.311298,0.009553,0.020581,0.011406,0.023417,0.011592,0.006451
0.018756,0.018987,0.583466,0.300633,0.011372,0.024686,0.007383,0.013482,0.014392,0.006844
0.078451,0.117317,0.154685,0.090516,0.099445,0.100718,0.050021,0.139485,0.032251,0.137111
0.064409,0.061804,0.137990,0.218562,0.103626,0.047996,0.054032,0.148450,0.082772,0.080359
0.018726,0.018359,0.011276,0.009556,0.005774,0.023527,0.006783,0.179612,0.712468,0.013920
0.019276,0.011997,0.637967,0.200707,0.017690,0.024615,0.013736,0.030286,0.028800,0.014927
0.006640,0.006211,0.014527,0.011616,0.007279,0.017220,0.005425,0.161622,0.760249,0.009210
0.089578,0.043312,0.326565,0.126942,0.052874,0.062392,0.111541,0.060493,0.046181,0.080122
0.120101,0.100620,0.044468,0.057251,0.096095,0.056217,0.044862,0.195496,0.073032,0.211858
0.068552,0.117157,0.055896,0.145473,0.061952,0.157275,0.038639,0.235534,0.086167,0.033354
0.041477,0.023494,0.074282,0.150543,0.044503,0.105506,0.024822,0.066469,0.446087,0.022818
0.059940,0.042583,0.040521,0.051724,0.088005,0.056630,0.126690,0.144850,0.361447,0.027610
0.171787,0.120417,0.146846,0.173297,0.060518,0.060290,0.132716,0.062223,0.032163,0.039744
0.054644,0.090588,0.133168,0.086016,0.058806,0.148788,0.066589,0.120998,0.159041,0.081363
0.130036,0.113021,0.053353,0.059545,0.055392,0.119802,0.076955,0.152658,0.208347,0.030891
0.067165,0.031107,0.078264,0.021907,0.055615,0.167309,0.215936,0.164464,0.036042,0.162190
0.077006,0.108925,0.100397,0.038718,0.080656,0.091080,0.025460,0.040042,0.385588,0.052129
0.014977,0.018539,0.017733,0.014902,0.011019,0.008743,0.008279,0.174641,0.724334,0.006833
0.060584,0.090328,0.047802,0.057626,0.242889,0.047117,0.044698,0.133602,0.182719,0.092635
0.080141,0.121950,0.051062,0.057430,0.106524,0.163446,0.036779,0.106542,0.039640,0.236487
0.057663,0.151931,0.046860,0.092969,0.112160,0.123308,0.049071,0.168808,0.072382,0.124847
0.013379,0.014825,0.613044,0.233617,0.045317,0.022940,0.013464,0.011530,0.015698,0.016186
0.135705,0.061649,0.163925,0.250912,0.060385,0.129411,0.045862,0.061366,0.033097,0.057688
0.048473,0.113068,0.071817,0.087517,0.059531,0.139281,0.094417,0.134124,0.037095,0.214678
0.139637,0.035993,0.049869,0.186647,0.113662,0.064586,0.049217,0.077102,0.034051,0.249237
0.122712,0.115571,0.112139,0.058823,0.061882,0.138724,0.046867,0.103220,0.185669,0.054393
0.093721,0.080024,0.102530,0.076545,0.179227,0.048530,0.115105,0.105217,0.140330,0.058770
0.020731,0.020891,0.579949,0.203825,0.040530,0.016751,0.010253,0.012222,0.078447,0.016401
0.070772,0.084632,0.063927,0.025691,0.030773,0.147030,0.248716,0.188522,0.041841,0.098096
0.074960,0.055695,0.135189,0.024372,0.054955,0.099596,0.118734,0.099958,0.299250,0.037292
0.021038,0.023561,0.609263,0.241480,0.012906,0.025355,0.013977,0.020565,0.018704,0.013150
0.014443,0.021362,0.660992,0.212136,0.016564,0.009796,0.007549,0.013933,0.029478,0.013748
0.009654,0.011354,0.663281,0.209824,0.015932,0.017947,0.008970,0.014407,0.028506,0.020125
0.009898,0.018757,0.008065,0.015884,0.014401,0.021121,0.020443,0.151141,0.728161,0.012129
0.008681,0.009321,0.645370,0.248044,0.010038,0.023360,0.011555,0.023066,0.012552,0.008014
0.060536,0.044401,0.099324,0.021339,0.176858,0.108839,0.032652,0.074698,0.226586,0.154766
0.094610,0.083505,0.107478,0.110722,0.073087,0.110379,0.103526,0.070110,0.203003,0.043580
0.009974,0.023159,0.011046,0.009248,0.044112,0.022029,0.006734,0.167862,0.693692,0.012145
0.209105,0.130931,0.169258,0.027326,0.031785,0.120832,0.040439,0.118347,0.087558,0.064418
0.019216,0.008255,0.622213,0.225165,0.016325,0.024280,0.022575,0.018904,0.029375,0.013693
0.133463,0.113972,0.048728,0.103670,0.065012,0.061147,0.081869,0.062914,0.083069,0.246157
0.131968,0.062173,0.169647,0.107161,0.137080,0.113270,0.047102,0.103344,0.044027,0.084229
0.074054,0.059111,0.097152,0.099943,0.037844,0.091686,0.094559,0.046417,0.371968,0.027265
0.018246,0.018528,0.011098,0.014655,0.014272,0.018969,0.021031,0.157179,0.713941,0.012081
0.126175,0.142482,0.138953,0.053396,0.078775,0.114589,0.038747,0.088000,0.150362,0.068523
0.015934,0.008709,0.006712,0.013960,0.013843,0.014354,0.005417,0.161154,0.752215,0.007702
0.090516,0.093175,0.109676,0.104136,0.197304,0.049230,0.100313,0.111280,0.035047,0.109323
0.018476,0.018882,0.594957,0.263365,0.042829,0.023815,0.009494,0.013926,0.006311,0.007945
0.021074,0.021437,0.617219,0.226737,0.015354,0.024973,0.017499,0.015391,0.018284,0.022031
0.138687,0.206651,0.047061,0.119639,0.030288,0.121757,0.047384,0.115081,0.092436,0.081016
0.122928,0.042437,0.141578,0.143579,0.218963,0.092558,0.043053,0.088919,0.076902,0.029084
0.103858,0.099804,0.150959,0.054279,0.113639,0.127985,0.148074,0.090139,0.037908,0.073356
0.069286,0.037925,0.087216,0.068174,0.153971,0.235080,0.157769,0.118739,0.036133,0.035709
0.008377,0.017433,0.008384,0.013100,0.014760,0.022181,0.006795,0.167363,0.730002,0.011605
0.058783,0.067075,0.050484,0.107642,0.125341,0.223576,0.050668,0.172118,0.101862,0.042451
0.020277,0.011414,0.008963,0.023085,0.005821,0.014903,0.011621,0.178333,0.705475,0.020107
0.148568,0.069284,0.072080,0.058354,0.085494,0.104192,0.116816,0.100024,0.043005,0.202182
0.060167,0.098238,0.159039,0.129564,0.058400,0.181703,0.130624,0.071902,0.031268,0.079095
0.044315,0.044751,0.019377,0.572676,0.030942,0.018341,0.016612,0.029101,0.173932,0.049954
0.064877,0.115291,0.048229,0.144679,0.066036,0.157567,0.037862,0.111094,0.215163,0.039202
0.053296,0.051122,0.115831,0.108256,0.104363,0.091717,0.151726,0.087050,0.066496,0.170142
0.153786,0.131755,0.043702,0.022088,0.066624,0.136042,0.035901,0.062337,0.035105,0.312660
0.009069,0.009534,0.010190,0.013885,0.038607,0.009773,0.028832,0.154241,0.715883,0.009986
0.065812,0.037993,0.050891,0.109702,0.097170,0.103821,0.084911,0.156502,0.207296,0.085901
0.073758,0.054287,0.170270,0.119423,0.123202,0.172512,0.042027,0.069364,0.092922,0.082235
0.108281,0.067264,0.126023,0.084097,0.094398,0.099565,0.115069,0.075454,0.162428,0.067421
0.015655,0.010266,0.640114,0.191516,0.019664,0.029488,0.027892,0.015933,0.032209,0.017262
0.040284,0.037607,0.281328,0.079559,0.096212,0.046864,0.095019,0.106489,0.058317,0.158321
0.044500,0.065895,0.076228,0.133620,0.043336,0.034883,0.031266,0.071612,0.443004,0.055656
0.046946,0.093857,0.120546,0.090577,0.091143,0.121201,0.043018,0.064918,0.151521,0.176274
0.018740,0.014286,0.008607,0.023449,0.016363,0.022952,0.012336,0.154562,0.715246,0.013459
0.006954,0.004807,0.015931,0.012388,0.013083,0.016125,0.005795,0.152399,0.767148,0.005370
0.008471,0.006622,0.007623,0.021081,0.038201,0.028192,0.011073,0.150901,0.716075,0.011762
0.108176,0.166842,0.071686,0.099952,0.082025,0.044134,0.093058,0.091908,0.040927,0.201290
0.041177,0.023146,0.030789,0.113352,0.039753,0.081217,0.109483,0.072259,0.466977,0.021846
0.109836,0.153688,0.143386,0.052455,0.050596,0.126307,0.032456,0.169428,0.078442,0.083406
0.108033,0.035910,0.101769,0.172862,0.112365,0.124769,0.139454,0.095040,0.030343,0.079455
0.025252,0.025536,0.025641,0.015892,0.046102,0.026638,0.031433,0.161895,0.613202,0.028409
0.011010,0.009670,0.635207,0.203100,0.045610,0.016532,0.010064,0.019958,0.032064,0.016784
0.138146,0.057425,0.052566,0.172827,0.030867,0.131841,0.040351,0.128494,0.173755,0.073729
0.018628,0.013244,0.700125,0.171177,0.016632,0.012343,0.015896,0.019358,0.016930,0.015667
0.072331,0.045922,0.045738,0.174518,0.110504,0.088806,0.034653,0.087337,0.273634,0.066556
0.136251,0.064910,0.122693,0.178966,0.091860,0.125062,0.158945,0.055154,0.028766,0.037393
0.016638,0.018441,0.660670,0.223825,0.015229,0.011913,0.015143,0.011066,0.014412,0.012664
0.060779,0.037142,0.111071,0.044558,0.048805,0.037941,0.036069,0.079164,0.482130,0.062343
0.011791,0.007334,0.015790,0.013103,0.008287,0.011326,0.006035,0.166532,0.748889,0.010913
0.014546,0.005143,0.623480,0.285552,0.004264,0.017605,0.006239,0.014608,0.023197,0.005367
0.117899,0.058820,0.155032,0.238372,0.056937,0.122393,0.044198,0.102699,0.032069,0.071581
0.085658,0.079665,0.058480,0.062652,0.069798,0.117767,0.178089,0.159404,0.098124,0.090364
0.108502,0.067708,0.036393,0.067005,0.149344,0.092099,0.030010,0.048270,0.361039,0.039629
0.017591,0.013025,0.008131,0.013793,0.011509,0.031356,0.006680,0.163893,0.723068,0.010954
0.047560,0.129745,0.104298,0.046252,0.183901,0.092492,0.115512,0.105824,0.142256,0.032160
0.014199,0.017922,0.603520,0.232053,0.018266,0.014074,0.035057,0.021506,0.029042,0.014361
0.020936,0.018216,0.010536,0.016982,0.042995,0.024741,0.018880,0.158911,0.666169,0.021634
0.056838,0.074798,0.344193,0.040615,0.078450,0.035952,0.120129,0.146931,0.030537,0.071556
0.023146,0.014635,0.564886,0.195568,0.021338,0.028263,0.015446,0.029516,0.088702,0.018500
0.019374,0.007698,0.018796,0.010405,0.016362,0.019268,0.012066,0.154620,0.726793,0.014617
0.091482,0.041336,0.054138,0.016121,0.018797,0.031326,0.031590,0.040607,0.568238,0.106364
0.082879,0.039822,0.102780,0.118280,0.092685,0.103053,0.040840,0.145134,0.127688,0.146838
0.120286,0.115023,0.047389,0.106045,0.112457,0.049287,0.134934,0.154557,0.079269,0.080754
0.054897,0.084435,0.120804,0.054412,0.090827,0.101364,0.067762,0.090966,0.157457,0.177076
0.023061,0.024810,0.025669,0.028276,0.019610,0.038133,0.014241,0.159665,0.642959,0.023575
0.044888,0.128766,0.032753,0.040771,0.075753,0.042010,0.031405,0.071711,0.481047,0.050895
0.021671,0.024614,0.650240,0.172248,0.018484,0.030932,0.009795,0.029241,0.018963,0.023813
0.016530,0.015141,0.023745,0.025574,0.017729,0.025701,0.008596,0.170208,0.682071,0.014706
0.184671,0.063894,0.123241,0.062014,0.143208,0.127775,0.038930,0.114431,0.081737,0.060099
0.010069,0.008746,0.016929,0.015188,0.015538,0.018765,0.011380,0.156017,0.736267,0.011101
0.022893,0.026169,0.016199,0.720308,0.029323,0.047999,0.053821,0.027932,0.029747,0.025609
0.022163,0.012318,0.018293,0.028416,0.041992,0.012748,0.023976,0.155279,0.675935,0.008881
0.128608,0.093398,0.128391,0.107737,0.087928,0.101735,0.040375,0.116039,0.027927,0.167863
0.117995,0.062915,0.145481,0.137873,0.108883,0.114235,0.046880,0.148675,0.032789,0.084274
0.010796,0.012075,0.008161,0.009597,0.005375,0.011760,0.026606,0.179390,0.721751,0.014491
0.077022,0.077151,0.063681,0.076660,0.033526,0.158602,0.225466,0.091136,0.100306,0.096450
0.099754,0.091034,0.095685,0.051264,0.050085,0.118289,0.160278,0.092458,0.159026,0.082129
0.109449,0.155553,0.037113,0.021080,0.070474,0.129150,0.034300,0.089834,0.293546,0.059501
0.087687,0.064221,0.046871,0.114789,0.122746,0.050165,0.211843,0.172371,0.039990,0.089317
0.117701,0.110429,0.070613,0.056793,0.094976,0.140429,0.116083,0.188459,0.072802,0.031715
0.120913,0.061956,0.051991,0.110812,0.058368,0.063162,0.047483,0.210817,0.199480,0.075018
0.057119,0.041323,0.166666,0.050573,0.024611,0.142477,0.031733,0.064098,0.357136,0.064264
0.099187,0.043429,0.043197,0.182282,0.211341,0.093921,0.045095,0.088732,0.157141,0.035674
0.035720,0.040581,0.020576,0.046928,0.012791,0.035838,0.019923,0.704308,0.042302,0.041033
0.019632,0.010679,0.008736,0.009589,0.038212,0.022779,0.016712,0.158503,0.707848,0.007310
0.057618,0.101036,0.050801,0.053636,0.061012,0.133993,0.157854,0.066708,0.183884,0.133458
0.102933,0.155269,0.043670,0.023471,0.110536,0.122847,0.032415,0.122571,0.163543,0.122745
0.103785,0.039448,0.030420,0.015911,0.074688,0.101224,0.052103,0.039657,0.522330,0.020435
0.052886,0.121752,0.051283,0.095766,0.104642,0.061057,0.049470,0.214123,0.191581,0.057440
0.053525,0.175167,0.078494,0.095421,0.060392,0.091029,0.158267,0.107453,0.081941,0.098310
0.060027,0.046626,0.044615,0.024013,0.110952,0.199609,0.132786,0.222772,0.076768,0.081832
0.009530,0.015590,0.648688,0.272897,0.004168,0.007583,0.007340,0.023762,0.004544,0.005898
0.098936,0.092410,0.126667,0.131485,0.083614,0.129095,0.153004,0.081607,0.026920,0.076261
0.141477,0.030715,0.043966,0.115310,0.092685,0.101634,0.038828,0.122776,0.278021,0.034588
0.114076,0.047157,0.130677,0.102294,0.061916,0.172148,0.153908,0.068043,0.073020,0.076760
0.064568,0.114877,0.173636,0.179737,0.133986,0.104397,0.048576,0.111108,0.032815,0.036302
0.043591,0.031070,0.045158,0.156953,0.098761,0.115908,0.150854,0.148697,0.144340,0.064667
0.085034,0.054850,0.092424,0.095207,0.044787,0.062831,0.048896,0.081282,0.319462,0.115227
0.125398,0.107710,0.050500,0.095183,0.057729,0.152322,0.046766,0.144141,0.076761,0.143488
0.066036,0.056178,0.052536,0.167113,0.067037,0.167102,0.055636,0.194785,0.045547,0.128028
0.078872,0.059424,0.056303,0.028460,0.034558,0.217313,0.057383,0.316376,0.041448,0.109864
0.078685,0.068086,0.032484,0.042227,0.061780,0.125594,0.033833,0.049660,0.454036,0.053616
0.064013,0.041631,0.113352,0.080791,0.095351,0.111386,0.136984,0.071563,0.136340,0.148588
0.075190,0.104433,0.045100,0.058545,0.061333,0.190029,0.179996,0.103954,0.085902,0.095518
0.114770,0.165855,0.050225,0.054211,0.028130,0.142844,0.071822,0.095138,0.073128,0.203877
0.025094,0.016239,0.557643,0.256399,0.015824,0.026206,0.040296,0.028300,0.018912,0.015088
0.055409,0.108517,0.048843,0.152919,0.051000,0.176464,0.069459,0.136145,0.072070,0.129174
0.136616,0.207314,0.045471,0.059341,0.028550,0.046765,0.168923,0.152585,0.075641,0.078794
0.091653,0.042319,0.090015,0.042865,0.082949,0.071736,0.079983,0.051081,0.392239,0.055160
0.057688,0.113303,0.042380,0.091634,0.244741,0.103499,0.033449,0.064779,0.176453,0.072075
0.055627,0.077896,0.080298,0.145073,0.272370,0.125246,0.050686,0.076554,0.082475,0.033777
0.093737,0.040818,0.087723,0.126198,0.081443,0.110138,0.100727,0.156212,0.139180,0.063824
0.122962,0.087806,0.036008,0.043362,0.047164,0.120328,0.026598,0.106387,0.357436,0.051950
0.045313,0.026389,0.036213,0.740224,0.031442,0.047172,0.019080,0.019920,0.010066,0.024181
0.135981,0.103842,0.046687,0.096761,0.083912,0.043588,0.034625,0.135262,0.185841,0.133501
0.053443,0.040258,0.036535,0.143809,0.038834,0.079540,0.099708,0.066101,0.418434,0.023337
0.074613,0.108983,0.107514,0.123554,0.099783,0.056978,0.047543,0.134936,0.172157,0.073938
0.091213,0.023136,0.032797,0.037743,0.068225,0.115462,0.116823,0.065852,0.412204,0.036544
0.007645,0.004690,0.596238,0.327470,0.012866,0.019063,0.006149,0.010624,0.008138,0.007116
0.133776,0.064194,0.043140,0.052652,0.201808,0.095232,0.045409,0.122470,0.157649,0.083670
0.060546,0.040762,0.090668,0.116301,0.157200,0.097896,0.097817,0.124211,0.119931,0.094670
0.123230,0.086187,0.271073,0.072709,0.021707,0.106576,0.054746,0.075019,0.136574,0.052179
0.018133,0.007304,0.597429,0.278606,0.018027,0.016788,0.027348,0.011341,0.014365,0.010659
0.019342,0.009746,0.020665,0.010141,0.016160,0.031255,0.008571,0.160951,0.708327,0.014842
0.008501,0.010640,0.010733,0.014221,0.013919,0.021649,0.033183,0.170858,0.705738,0.010558
0.016733,0.009896,0.646384,0.256669,0.010799,0.011623,0.010970,0.016366,0.013490,0.007070
0.073015,0.039351,0.054386,0.130065,0.128569,0.138757,0.042840,0.120282,0.235453,0.037283
0.020516,0.027541,0.643097,0.149657,0.052056,0.026985,0.019620,0.022509,0.018246,0.019774
0.117519,0.155942,0.098663,0.175050,0.031147,0.127572,0.037614,0.091629,0.075745,0.089119
0.040937,0.024420,0.040398,0.079834,0.047365,0.045548,0.034307,0.053926,0.610552,0.022713
0.009268,0.018772,0.657506,0.227103,0.012847,0.017832,0.008575,0.018378,0.015040,0.014679
0.091639,0.029725,0.029114,0.036482,0.161414,0.089765,0.023298,0.089717,0.424561,0.024284
0.109150,0.094149,0.065485,0.052260,0.075187,0.128272,0.032029,0.091497,0.165530,0.186440
0.020793,0.013499,0.638835,0.195423,0.016222,0.013286,0.027471,0.016286,0.046917,0.011269
0.108324,0.068214,0.101902,0.098595,0.096738,0.154296,0.161232,0.095045,0.040853,0.074803
0.040840,0.023148,0.352086,0.169719,0.083987,0.097715,0.032938,0.095886,0.051171,0.052510
0.053347,0.051308,0.095248,0.206565,0.076726,0.106114,0.169616,0.121521,0.070971,0.048585
0.060697,0.120460,0.142431,0.060890,0.104666,0.119295,0.045530,0.112229,0.089470,0.144333
0.118960,0.088497,0.078569,0.090463,0.086889,0.074007,0.067813,0.168973,0.118657,0.107172
0.012046,0.019860,0.010281,0.017837,0.017330,0.035192,0.027471,0.155476,0.691395,0.013112
0.150668,0.058947,0.111135,0.025663,0.089789,0.045917,0.077089,0.148222,0.196297,0.096271
0.019721,0.021567,0.016711,0.016316,0.015398,0.023243,0.007624,0.168709,0.702427,0.008285
0.106186,0.098779,0.137735,0.093317,0.089914,0.150486,0.105652,0.087849,0.045346,0.084735
0.052967,0.084258,0.039202,0.050786,0.091698,0.126265,0.113375,0.123881,0.290112,0.027455
0.118367,0.113908,0.053469,0.102754,0.136068,0.149790,0.051035,0.111794,0.081757,0.081058
0.017055,0.007002,0.008649,0.014444,0.009763,0.017595,0.015318,0.155498,0.736393,0.018283
0.077611,0.110194,0.030325,0.039412,0.055745,0.091182,0.030021,0.038908,0.394672,0.131930
0.020099,0.011875,0.609694,0.259397,0.016052,0.022313,0.022149,0.011714,0.015816,0.010890
0.020907,0.040776,0.050643,0.059781,0.039797,0.052520,0.080303,0.562435,0.021596,0.071241
0.021943,0.024689,0.021144,0.007319,0.014273,0.027493,0.025018,0.166938,0.668815,0.022368
0.168397,0.035536,0.048101,0.025451,0.146135,0.163223,0.050948,0.165789,0.086959,0.109461
0.124820,0.117716,0.144892,0.137017,0.058770,0.138669,0.046426,0.073632,0.075618,0.082440
0.014624,0.007810,0.008072,0.004689,0.013666,0.023096,0.010890,0.178036,0.727721,0.011395
0.020398,0.012846,0.592068,0.214086,0.017186,0.011039,0.013718,0.013105,0.080338,0.025218
0.050229,0.082124,0.120779,0.078754,0.186289,0.105236,0.116273,0.080549,0.025986,0.153781
0.054593,0.044243,0.131115,0.182466,0.089692,0.106089,0.114103,0.117746,0.078850,0.081104
0.012960,0.010257,0.007355,0.021095,0.013638,0.021807,0.006494,0.173361,0.721418,0.011616
0.153893,0.134770,0.054938,0.026985,0.135057,0.196037,0.055574,0.153663,0.045298,0.043785
0.018670,0.016712,0.011731,0.029592,0.012969,0.012471,0.007517,0.170738,0.709094,0.010507
0.056504,0.101670,0.152460,0.086516,0.052555,0.135868,0.040569,0.132342,0.175282,0.066234
0.134493,0.039763,0.055308,0.071685,0.153863,0.167773,0.119727,0.121129,0.091606,0.044652
0.074201,0.153189,0.046332,0.092237,0.093780,0.100653,0.110654,0.057862,0.084700,0.186392
0.012207,0.012340,0.630517,0.244970,0.016320,0.024901,0.009209,0.019020,0.017056,0.013460
0.102419,0.140489,0.042222,0.106606,0.086948,0.118304,0.108439,0.116581,0.065753,0.112239
0.013636,0.022495,0.649052,0.204212,0.015557,0.024901,0.010214,0.013774,0.029795,0.016364
