0.085163,0.072423,0.120201,0.080807,0.055158,0.074112,0.036448,0.137660,0.271873,0.066155
0.115960,0.076815,0.118548,0.048047,0.079071,0.076567,0.031974,0.126141,0.158388,0.168488
0.028908,0.016662,0.010200,0.016198,0.018030,0.014045,0.008361,0.203292,0.659885,0.024420
0.091893,0.079795,0.038558,0.099176,0.246357,0.138712,0.039121,0.078965,0.074006,0.113417
0.092795,0.119549,0.055796,0.205629,0.028545,0.040757,0.149449,0.128479,0.089313,0.089689
0.062709,0.063197,0.044524,0.091570,0.074914,0.052794,0.062625,0.130420,0.351073,0.066174
0.051892,0.069905,0.080503,0.078525,0.088787,0.045908,0.137344,0.071679,0.270419,0.105039
0.026577,0.066832,0.026354,0.064461,0.041675,0.103184,0.065212,0.070972,0.460809,0.073924
0.060373,0.055565,0.058730,0.099961,0.242253,0.105669,0.125237,0.164202,0.030175,0.057834
0.029068,0.014449,0.006039,0.013829,0.003994,0.022057,0.005178,0.228204,0.672615,0.004567
0.020519,0.013635,0.584164,0.286888,0.015772,0.013235,0.009675,0.010885,0.029944,0.015282
0.014201,0.038910,0.013613,0.728673,0.029544,0.018874,0.019425,0.085209,0.028238,0.023314
0.023416,0.010479,0.549921,0.281941,0.017384,0.024050,0.011164,0.012526,0.059703,0.009415
0.075599,0.043416,0.170313,0.111087,0.118807,0.103456,0.034766,0.094353,0.097689,0.150514
0.151132,0.045920,0.082471,0.192642,0.145284,0.040210,0.046320,0.108494,0.102777,0.084750
0.016945,0.009725,0.020072,0.015432,0.015952,0.017715,0.023313,0.204737,0.661607,0.014503
0.131170,0.083654,0.039250,0.081854,0.084240,0.097321,0.038929,0.077763,0.334966,0.030852
0.102900,0.039797,0.023735,0.032387,0.038069,0.033290,0.094101,0.114189,0.492854,0.028678
0.011418,0.009320,0.545549,0.277288,0.067530,0.032547,0.011120,0.020120,0.008959,0.016148
0.022324,0.027940,0.532132,0.246834,0.020649,0.029863,0.020547,0.018324,0.058773,0.022615
0.023454,0.029704,0.021027,0.028347,0.168855,0.017024,0.082104,0.052329,0.541912,0.035245
0.024994,0.005823,0.022959,0.021430,0.009282,0.013918,0.007933,0.208224,0.676671,0.008767
0.181366,0.075247,0.187691,0.113851,0.057227,0.143790,0.106161,0.057163,0.041755,0.035750
0.184677,0.091676,0.050478,0.024853,0.176312,0.075048,0.049388,0.203045,0.081787,0.062736
0.054877,0.073417,0.045468,0.131973,0.107240,0.163638,0.186295,0.106875,0.035364,0.094852
0.079625,0.110785,0.154915,0.060026,0.125721,0.061144,0.183329,0.099170,0.093958,0.031328
0.106602,0.095537,0.080934,0.131557,0.044139,0.131231,0.115228,0.100713,0.135551,0.058509
0.022277,0.015678,0.009279,0.019091,0.014719,0.007416,0.022068,0.202534,0.673799,0.013141
0.123164,0.077551,0.092554,0.129021,0.060336,0.088540,0.031057,0.148460,0.073185,0.176133
0.063738,0.131150,0.050305,0.063441,0.029636,0.216637,0.184361,0.121378,0.041696,0.097658
0.006953,0.005667,0.006561,0.006389,0.011706,0.008848,0.029297,0.203839,0.716516,0.004225
0.018898,0.026346,0.490561,0.228831,0.071476,0.032542,0.018850,0.025755,0.066241,0.020500
0.179358,0.104055,0.042748,0.056442,0.085213,0.116232,0.040537,0.071739,0.250274,0.053402
0.109445,0.124942,0.057888,0.068938,0.080892,0.124309,0.029491,0.108227,0.142741,0.153127
0.164682,0.125769,0.045559,0.058177,0.059219,0.250786,0.044426,0.122247,0.042900,0.086234
0.062429,0.050783,0.150088,0.024749,0.151468,0.190286,0.049450,0.241119,0.038883,0.040745
0.047968,0.025986,0.194551,0.017686,0.406915,0.125752,0.071084,0.051768,0.034016,0.024276
0.076268,0.031111,0.024789,0.058370,0.037867,0.031981,0.019825,0.105553,0.576035,0.038201
0.026108,0.017125,0.549225,0.287094,0.007890,0.049647,0.011538,0.021008,0.019247,0.011118
0.042148,0.032551,0.027771,0.053274,0.038261,0.057736,0.037917,0.049820,0.611750,0.048772
0.020189,0.024732,0.497662,0.232644,0.066035,0.026710,0.050715,0.025165,0.023739,0.032408
0.209253,0.064630,0.134121,0.062221,0.073379,0.119428,0.137324,0.073729,0.043609,0.082306
0.146288,0.165159,0.037480,0.050455,0.046837,0.166813,0.061117,0.124804,0.169639,0.031409
0.133536,0.242895,0.047203,0.155727,0.061091,0.041145,0.046688,0.115218,0.075223,0.081273
0.044815,0.036983,0.036931,0.046181,0.111413,0.166916,0.060576,0.081839,0.354463,0.059883
0.056847,0.104512,0.121334,0.086141,0.069302,0.123908,0.060485,0.048593,0.152060,0.176819
0.052265,0.114860,0.161224,0.140713,0.058672,0.112478,0.132913,0.075873,0.094986,0.056016
0.153285,0.055673,0.141735,0.101942,0.115941,0.166425,0.036464,0.093163,0.085224,0.050148
0.144838,0.084950,0.036782,0.238916,0.071309,0.053200,0.037775,0.088945,0.197393,0.045892
0.008111,0.005437,0.022100,0.014860,0.008979,0.010707,0.006164,0.215961,0.686542,0.021140
0.080880,0.117615,0.047722,0.141518,0.028875,0.137637,0.148779,0.108381,0.109749,0.078845
0.013594,0.026552,0.015071,0.019336,0.058203,0.024358,0.008754,0.210762,0.594621,0.028749
0.021282,0.014348,0.007824,0.008606,0.005076,0.006677,0.017271,0.212756,0.699378,0.006783
0.086827,0.065693,0.075925,0.083854,0.031557,0.063343,0.066061,0.065499,0.420858,0.040383
0.007981,0.009932,0.533068,0.305006,0.004969,0.007348,0.010964,0.012318,0.101609,0.006806
0.064168,0.035004,0.034901,0.134500,0.067025,0.029660,0.137212,0.084446,0.339363,0.073721
0.048678,0.138394,0.079711,0.124733,0.056636,0.127161,0.199691,0.105279,0.039326,0.080391
0.062674,0.021384,0.024915,0.011527,0.035510,0.084034,0.092415,0.073712,0.555878,0.037952
0.118209,0.063505,0.039137,0.083167,0.114418,0.092919,0.140509,0.131271,0.189650,0.027215
0.072009,0.027623,0.040449,0.107599,0.423798,0.034792,0.039078,0.100643,0.080932,0.073076
0.182995,0.033021,0.054016,0.061269,0.134610,0.212407,0.042727,0.107769,0.089514,0.081672
0.111106,0.099478,0.031280,0.016450,0.062199,0.114748,0.099256,0.041191,0.366078,0.058214
0.168640,0.031158,0.164655,0.094325,0.122016,0.036357,0.069399,0.067375,0.031480,0.214595
0.149533,0.107287,0.119870,0.021914,0.126615,0.133092,0.036477,0.202258,0.033099,0.069853
0.125270,0.101366,0.125454,0.075872,0.239888,0.116517,0.040305,0.076810,0.027600,0.070919
0.047769,0.109105,0.041644,0.095212,0.047431,0.156729,0.143901,0.126359,0.167093,0.064758
0.131123,0.108310,0.129247,0.192808,0.064474,0.122697,0.032163,0.079910,0.078061,0.061207
0.047501,0.128719,0.040276,0.110918,0.068281,0.120327,0.128308,0.220193,0.102588,0.032889
0.012540,0.013521,0.022381,0.028042,0.019358,0.010108,0.033260,0.217238,0.616308,0.027244
0.111694,0.038010,0.124775,0.077279,0.092736,0.119166,0.128687,0.112139,0.028977,0.166537
0.014610,0.018330,0.020149,0.020714,0.053024,0.026640,0.010452,0.196333,0.612795,0.026953
0.032784,0.019567,0.499321,0.248553,0.066637,0.047647,0.011365,0.016064,0.038049,0.020013
0.124959,0.178062,0.111772,0.123034,0.051933,0.110054,0.119677,0.066844,0.063641,0.050025
0.139627,0.168379,0.148051,0.093078,0.050636,0.105007,0.065968,0.134319,0.064604,0.030332
0.050333,0.074756,0.043178,0.113307,0.055343,0.036085,0.183561,0.114638,0.080152,0.248646
0.064138,0.046913,0.036567,0.301556,0.095296,0.031543,0.174706,0.142687,0.037614,0.068979
0.041975,0.129550,0.055834,0.072217,0.219292,0.081825,0.036526,0.103776,0.154032,0.104971
0.119192,0.066706,0.045870,0.052838,0.093970,0.167049,0.113422,0.093935,0.165897,0.081122
0.144168,0.133441,0.052528,0.136971,0.025700,0.228318,0.043052,0.056120,0.103958,0.075746
0.032541,0.027199,0.026328,0.018708,0.022966,0.017249,0.049125,0.201862,0.587179,0.016843
0.009777,0.013263,0.006109,0.015437,0.004086,0.045102,0.006864,0.205763,0.683984,0.009615
0.175397,0.031536,0.185539,0.183076,0.057996,0.038963,0.044614,0.101226,0.083063,0.098589
0.062943,0.034289,0.030002,0.052044,0.151757,0.052883,0.021648,0.055083,0.427674,0.111677
0.056759,0.030981,0.053650,0.117877,0.026588,0.039220,0.080225,0.265871,0.299670,0.029159
0.020168,0.016761,0.008819,0.022900,0.016546,0.007473,0.009061,0.227107,0.658237,0.012927
0.016246,0.030693,0.028068,0.012126,0.021622,0.036160,0.054793,0.205122,0.566224,0.028946
0.115382,0.121397,0.111289,0.052535,0.024431,0.058447,0.157808,0.141509,0.075034,0.142168
0.037969,0.052144,0.035944,0.094387,0.077589,0.044929,0.031096,0.097541,0.503388,0.025013
0.023837,0.026820,0.013286,0.028499,0.019688,0.026747,0.020057,0.193026,0.619576,0.028464
0.065990,0.024974,0.043298,0.018372,0.284066,0.170263,0.059798,0.131747,0.172821,0.028672
0.061859,0.055534,0.059027,0.159454,0.076501,0.111171,0.053802,0.102301,0.263889,0.056462
0.029497,0.056537,0.031630,0.074852,0.032641,0.057797,0.070767,0.077065,0.450138,0.119078
0.113733,0.026992,0.165391,0.019830,0.113598,0.106450,0.039143,0.147166,0.037460,0.230238
0.060182,0.079450,0.127088,0.088281,0.090626,0.118887,0.132086,0.056762,0.173700,0.072937
0.137621,0.039009,0.038481,0.287742,0.077795,0.191369,0.040323,0.050118,0.090337,0.047205
0.044555,0.066014,0.077475,0.084588,0.065471,0.077460,0.065611,0.098018,0.401124,0.019684
0.158133,0.029393,0.046634,0.104370,0.052158,0.058337,0.174996,0.103404,0.222485,0.050090
0.017328,0.029911,0.530403,0.293323,0.022677,0.035952,0.016134,0.015485,0.020661,0.018125
0.051051,0.029242,0.155115,0.117533,0.055335,0.217802,0.042051,0.222325,0.075967,0.033581
0.068358,0.082855,0.135465,0.186703,0.073792,0.128857,0.038781,0.076645,0.082486,0.126059
0.061732,0.091555,0.087060,0.066372,0.064431,0.053449,0.027544,0.071715,0.428926,0.047216
0.140461,0.027815,0.074846,0.341009,0.023642,0.169563,0.068624,0.067500,0.038464,0.048075
0.010105,0.005031,0.007494,0.007498,0.013898,0.016320,0.010156,0.198331,0.725471,0.005696
0.088162,0.081949,0.107412,0.103025,0.049119,0.099056,0.032078,0.105208,0.240657,0.093335
0.069831,0.052464,0.094119,0.013185,0.068509,0.056354,0.090416,0.030102,0.484949,0.040072
0.102022,0.103122,0.031021,0.016757,0.018904,0.120456,0.032952,0.118764,0.385826,0.070177
0.137239,0.030553,0.042395,0.086686,0.074725,0.087218,0.108483,0.163720,0.082140,0.186839
0.023911,0.067231,0.097522,0.011305,0.026661,0.017734,0.071680,0.035079,0.623128,0.025749
0.029276,0.058054,0.079118,0.061040,0.068804,0.019497,0.023435,0.075341,0.506241,0.079195
0.120353,0.114191,0.079055,0.114847,0.086989,0.062225,0.046104,0.058458,0.239613,0.078166
0.109061,0.101704,0.064036,0.108687,0.045440,0.150792,0.033421,0.047481,0.153351,0.186028
0.040811,0.115418,0.034529,0.102141,0.020752,0.106476,0.148143,0.195030,0.213735,0.022965
0.014278,0.031332,0.526007,0.245194,0.023412,0.019157,0.031928,0.054299,0.023284,0.031108
0.032505,0.027516,0.535705,0.291951,0.014119,0.034816,0.013051,0.017986,0.021421,0.010930
0.067085,0.050181,0.064860,0.019073,0.021163,0.127410,0.144944,0.178255,0.197369,0.129661
0.113637,0.088641,0.033998,0.092765,0.057522,0.132049,0.034247,0.055434,0.350874,0.040832
0.133967,0.099499,0.041446,0.050594,0.115198,0.206934,0.032780,0.141466,0.091267,0.086848
0.028714,0.027077,0.011548,0.034922,0.019503,0.016330,0.010252,0.226695,0.609221,0.015739
0.129297,0.056336,0.158126,0.160407,0.099417,0.110869,0.039694,0.149810,0.070109,0.025935
0.032857,0.011528,0.475489,0.252811,0.015586,0.035367,0.034554,0.018127,0.105478,0.018204
0.031085,0.026843,0.514684,0.245185,0.025756,0.034207,0.036964,0.038377,0.025181,0.021717
0.141487,0.074556,0.051060,0.022666,0.138356,0.152059,0.145201,0.129360,0.069292,0.075963
0.125686,0.123307,0.042094,0.149465,0.109138,0.121068,0.151755,0.063768,0.031588,0.082130
0.034206,0.021204,0.029948,0.119918,0.093856,0.043029,0.028063,0.097045,0.467608,0.065122
0.170545,0.175500,0.040876,0.123683,0.050698,0.161421,0.036948,0.089021,0.082904,0.068404
0.031982,0.035511,0.514203,0.216594,0.025502,0.050863,0.023639,0.026734,0.043078,0.031894
0.137483,0.143113,0.139565,0.021709,0.135619,0.038316,0.044635,0.182990,0.083594,0.072976
0.018209,0.029573,0.535334,0.256866,0.021365,0.031949,0.011530,0.024651,0.040946,0.029579
0.068749,0.037624,0.036879,0.114016,0.113324,0.123516,0.036075,0.048485,0.357982,0.063351
0.116424,0.047460,0.037722,0.082249,0.100244,0.125652,0.114708,0.121370,0.056072,0.198100
0.067421,0.035845,0.031637,0.055200,0.069516,0.062219,0.041028,0.079532,0.476263,0.081338
0.040638,0.067639,0.090962,0.012353,0.062180,0.065973,0.037465,0.035344,0.568726,0.018720
0.131706,0.076248,0.114023,0.081404,0.245976,0.029414,0.129587,0.115578,0.034537,0.041526
0.095699,0.076907,0.098461,0.066508,0.088167,0.231761,0.053622,0.086823,0.138453,0.063598
0.026733,0.031550,0.025238,0.030555,0.067038,0.032056,0.031996,0.190978,0.534683,0.029174
0.019987,0.016985,0.008018,0.023523,0.015485,0.026682,0.007240,0.232086,0.637502,0.012491
0.022944,0.017531,0.536856,0.278522,0.019406,0.027939,0.027724,0.018682,0.036250,0.014145
0.028422,0.018247,0.489193,0.209333,0.072299,0.033490,0.020004,0.027001,0.068780,0.033232
0.049542,0.068483,0.154681,0.051151,0.122936,0.034922,0.161136,0.052564,0.087562,0.217023
0.014329,0.027858,0.515509,0.288054,0.019533,0.011657,0.047514,0.018314,0.043280,0.013951
0.176409,0.045472,0.155881,0.055981,0.056469,0.192967,0.132248,0.096747,0.033195,0.054631
0.056415,0.125388,0.037083,0.136741,0.083641,0.078914,0.118200,0.074855,0.141615,0.147148
0.148569,0.060177,0.156378,0.096080,0.053674,0.059808,0.120916,0.142261,0.089909,0.072226
0.059399,0.090891,0.200427,0.066289,0.169792,0.043646,0.039933,0.193037,0.040083,0.096503
0.118893,0.097949,0.036580,0.168254,0.041640,0.113775,0.028659,0.068885,0.161910,0.163455
0.154600,0.111746,0.156929,0.141593,0.020507,0.051868,0.166627,0.138578,0.029283,0.028270
0.048149,0.074153,0.110659,0.086198,0.052167,0.090285,0.113532,0.130219,0.271982,0.022657
0.014476,0.014897,0.533729,0.267985,0.016951,0.009419,0.017492,0.011679,0.098708,0.014665
0.123381,0.097384,0.033982,0.093844,0.060387,0.093195,0.027663,0.117365,0.299340,0.053459
0.016386,0.017138,0.523959,0.251432,0.019245,0.010981,0.030308,0.016081,0.096409,0.018061
0.068972,0.061953,0.038940,0.086687,0.068376,0.119039,0.130134,0.089089,0.156380,0.180430
0.069953,0.035965,0.018729,0.078831,0.036399,0.060707,0.015646,0.651523,0.017206,0.015042
0.011153,0.028175,0.025397,0.006367,0.067456,0.013758,0.010460,0.213782,0.615343,0.008108
0.085946,0.021793,0.063647,0.074277,0.059637,0.093624,0.071676,0.067972,0.416589,0.044839
0.096640,0.050622,0.057837,0.229269,0.028986,0.171947,0.047298,0.122268,0.131511,0.063622
0.036748,0.078142,0.033014,0.221141,0.020367,0.084551,0.028793,0.116997,0.356635,0.023612
0.028083,0.034932,0.494848,0.214940,0.019465,0.027981,0.037020,0.054031,0.063859,0.024840
0.010724,0.014900,0.007147,0.017222,0.008719,0.013207,0.007389,0.208913,0.699343,0.012435
0.056670,0.108085,0.132285,0.048677,0.106377,0.032558,0.109484,0.060646,0.161726,0.183492
0.021496,0.030214,0.655453,0.032627,0.035520,0.019619,0.037633,0.040224,0.105570,0.021645
0.034488,0.134646,0.034709,0.093368,0.053312,0.026008,0.027493,0.143454,0.289633,0.162888
0.150551,0.042343,0.041928,0.057303,0.106941,0.134990,0.201187,0.160781,0.034042,0.069934
0.127330,0.121614,0.107928,0.090209,0.117356,0.121390,0.066938,0.134181,0.076843,0.036214
0.026663,0.026250,0.010510,0.022075,0.012128,0.018090,0.020012,0.215073,0.636710,0.012491
0.074765,0.116948,0.135199,0.060443,0.134558,0.154138,0.145081,0.057560,0.047862,0.073446
0.019808,0.014026,0.008963,0.009475,0.005637,0.022795,0.039339,0.210711,0.657478,0.011766
0.049766,0.076179,0.043015,0.021738,0.071998,0.063832,0.153518,0.173040,0.069227,0.277687
0.053979,0.091808,0.081630,0.068151,0.217031,0.080526,0.139254,0.050406,0.152193,0.065021
0.078387,0.043139,0.042604,0.053536,0.120578,0.145545,0.137799,0.207685,0.100959,0.069769
0.112055,0.095381,0.047717,0.163695,0.099177,0.137470,0.038408,0.052104,0.226598,0.027394
0.125117,0.173459,0.042310,0.100024,0.102377,0.032176,0.061846,0.087177,0.208219,0.067295
0.011414,0.012285,0.013423,0.032421,0.016813,0.019252,0.010340,0.216789,0.658673,0.008591
0.034645,0.020943,0.458345,0.207773,0.025415,0.049059,0.036192,0.035601,0.100786,0.031240
0.082663,0.032758,0.021582,0.025745,0.011091,0.098155,0.014970,0.072643,0.625254,0.015138
0.122888,0.076984,0.126014,0.177219,0.059853,0.088654,0.039182,0.129750,0.152556,0.026900
0.038302,0.042046,0.064689,0.073368,0.047424,0.087387,0.073587,0.079201,0.474425,0.019569
0.023791,0.010619,0.026522,0.032870,0.023442,0.010145,0.052223,0.209871,0.596145,0.014372
0.074175,0.033364,0.026812,0.052997,0.015573,0.094260,0.084222,0.053089,0.487156,0.078352
0.088830,0.109983,0.054675,0.022948,0.077180,0.144247,0.111288,0.232728,0.075742,0.082379
0.022153,0.013739,0.512347,0.267484,0.007833,0.009983,0.008806,0.042618,0.097945,0.017093
0.049668,0.040743,0.181688,0.020008,0.054637,0.221289,0.141974,0.155400,0.040801,0.093792
0.094737,0.085974,0.108408,0.076245,0.219056,0.097480,0.111543,0.126830,0.053915,0.025813
0.154591,0.118601,0.041242,0.237743,0.105769,0.126379,0.031076,0.048402,0.089204,0.046994
0.177448,0.130749,0.075980,0.057584,0.025039,0.227027,0.043071,0.098121,0.068456,0.096525
0.116123,0.087214,0.135673,0.102839,0.094270,0.051769,0.139916,0.057962,0.187147,0.027087
0.205088,0.061643,0.079915,0.139370,0.056521,0.202814,0.045873,0.058121,0.096723,0.053931
0.015881,0.039327,0.485681,0.031214,0.016654,0.018650,0.013136,0.029373,0.328386,0.021699
0.150434,0.102898,0.078120,0.100627,0.082275,0.129072,0.070699,0.154119,0.080572,0.051184
0.078569,0.134024,0.050495,0.177527,0.081916,0.128146,0.190412,0.097837,0.035232,0.025841
0.180244,0.120480,0.048477,0.181527,0.135885,0.125003,0.041918,0.099042,0.039798,0.027625
0.073616,0.045312,0.152093,0.054390,0.108914,0.108964,0.120490,0.161575,0.032109,0.142538
0.044200,0.065310,0.136120,0.175211,0.107504,0.034019,0.087274,0.081543,0.080557,0.188263
0.025449,0.020671,0.542287,0.315504,0.016671,0.025427,0.011227,0.011355,0.017143,0.014267
0.031443,0.025052,0.487052,0.222671,0.023998,0.035248,0.017896,0.026526,0.108040,0.022074
0.083817,0.029968,0.043596,0.188504,0.143018,0.068372,0.045742,0.177845,0.038028,0.181110
0.037644,0.041069,0.013932,0.691531,0.032015,0.020908,0.075878,0.034561,0.027159,0.025304
0.118491,0.109192,0.152759,0.108228,0.021545,0.029300,0.142651,0.077500,0.197555,0.042779
0.132723,0.100794,0.152713,0.113556,0.055732,0.108879,0.129825,0.071262,0.042528,0.091989
0.059751,0.090192,0.058087,0.051860,0.039177,0.097252,0.090911,0.050844,0.433293,0.028633
0.124596,0.117313,0.046773,0.051800,0.098782,0.058033,0.117983,0.102427,0.212211,0.070083
0.161731,0.044884,0.044490,0.118022,0.137340,0.262393,0.045003,0.075158,0.075659,0.035319
0.154031,0.063255,0.053387,0.020578,0.023926,0.265254,0.157177,0.157917,0.078254,0.026222
0.074180,0.100323,0.151207,0.021401,0.049972,0.186065,0.065402,0.120667,0.182603,0.048181
0.128580,0.071880,0.149965,0.095912,0.115895,0.112732,0.041595,0.137362,0.074669,0.071410
0.144790,0.131284,0.174184,0.097423,0.051899,0.162982,0.032146,0.102366,0.033277,0.069649
0.019559,0.029286,0.528891,0.238740,0.021355,0.019530,0.034970,0.016508,0.062704,0.028456
0.113554,0.040865,0.099497,0.089611,0.111317,0.099765,0.111821,0.121019,0.183625,0.028925
0.032532,0.027303,0.017575,0.022128,0.067329,0.031683,0.045907,0.189059,0.538382,0.028102
0.127180,0.048629,0.038714,0.226200,0.110244,0.102903,0.033177,0.080793,0.205129,0.027030
0.141047,0.035829,0.060857,0.126738,0.100347,0.088547,0.099142,0.045096,0.277519,0.024878
0.053785,0.229985,0.080335,0.054516,0.142518,0.155850,0.155664,0.058282,0.040275,0.028790
0.020228,0.023349,0.009811,0.005261,0.021141,0.024384,0.008332,0.222045,0.659055,0.006394
0.019182,0.021960,0.022476,0.010956,0.016771,0.014179,0.018686,0.192957,0.674274,0.008559
0.112733,0.030641,0.162222,0.102914,0.112086,0.103696,0.034424,0.199297,0.067534,0.074452
0.076391,0.111343,0.073972,0.055752,0.066368,0.143256,0.041059,0.151896,0.038014,0.241950
0.064543,0.069454,0.024535,0.089131,0.068430,0.072404,0.025823,0.056325,0.508583,0.020772
0.028759,0.019085,0.010841,0.021563,0.017930,0.029877,0.013256,0.207499,0.642170,0.009019
0.101899,0.135433,0.051813,0.073894,0.069017,0.187733,0.053753,0.242597,0.044137,0.039724
0.182508,0.118477,0.048134,0.092822,0.050749,0.134604,0.041638,0.202750,0.061878,0.066440
0.051868,0.114332,0.155573,0.112143,0.117767,0.120649,0.044448,0.058405,0.193871,0.030944
0.119039,0.055159,0.128572,0.171691,0.027345,0.144465,0.106883,0.085827,0.085157,0.075863
0.077597,0.057859,0.028218,0.076216,0.015511,0.062335,0.024671,0.061589,0.575115,0.020887
0.133151,0.108721,0.091654,0.102321,0.094023,0.170391,0.104728,0.118295,0.030293,0.046424
0.069567,0.039696,0.043972,0.100455,0.110447,0.054940,0.040389,0.122433,0.336822,0.081278
0.143439,0.087797,0.129754,0.087026,0.086719,0.104303,0.146293,0.078788,0.059944,0.075937
0.055850,0.153497,0.059383,0.065963,0.150435,0.130725,0.049299,0.183695,0.118176,0.032977
0.022485,0.021728,0.499507,0.274825,0.065125,0.032711,0.027280,0.023048,0.019081,0.014211
0.059885,0.155454,0.240757,0.067602,0.064664,0.167637,0.048139,0.080151,0.084204,0.031508
0.071948,0.078505,0.165470,0.115664,0.027793,0.203235,0.036578,0.117486,0.102456,0.080865
0.076330,0.059140,0.113750,0.158513,0.110056,0.113230,0.044888,0.066873,0.184313,0.072907
0.010583,0.011554,0.576640,0.304112,0.016022,0.011893,0.009737,0.019452,0.014642,0.025364
0.145844,0.034918,0.150990,0.120645,0.161206,0.042975,0.050364,0.179352,0.080515,0.033192
0.145689,0.058126,0.046698,0.098290,0.068630,0.241936,0.040559,0.104411,0.040853,0.154810
0.102263,0.085870,0.117496,0.082948,0.239224,0.095178,0.097811,0.046286,0.062764,0.070161
0.029550,0.026466,0.504065,0.275411,0.008103,0.024219,0.041584,0.012637,0.060986,0.016978
0.034134,0.025775,0.508842,0.225930,0.023273,0.014593,0.022589,0.051066,0.061796,0.032001
0.045561,0.115914,0.040995,0.098459,0.050917,0.165749,0.118559,0.052831,0.176492,0.134523
0.029932,0.021069,0.585321,0.284240,0.017603,0.010146,0.011253,0.015386,0.008746,0.016304
0.145067,0.031027,0.166519,0.112352,0.071379,0.123361,0.151774,0.058691,0.039591,0.100239
0.050080,0.139275,0.206929,0.021539,0.112472,0.147094,0.075340,0.103089,0.041980,0.102201
0.077274,0.061947,0.026909,0.071013,0.014557,0.121721,0.024878,0.038703,0.520207,0.042790
0.111743,0.050361,0.137710,0.092431,0.024177,0.141992,0.105319,0.058711,0.158694,0.118862
0.025647,0.015817,0.530527,0.319127,0.012166,0.025164,0.014416,0.029594,0.019300,0.008242
0.028509,0.028323,0.525017,0.308360,0.018156,0.034814,0.011409,0.017180,0.018807,0.009425
0.075451,0.123614,0.153991,0.091055,0.096798,0.099601,0.044161,0.139231,0.033452,0.142645
0.072538,0.057996,0.155196,0.233701,0.094254,0.033667,0.044946,0.144830,0.094572,0.068298
0.026579,0.024406,0.013725,0.010883,0.007040,0.029965,0.007581,0.230483,0.634299,0.015039
0.021204,0.013733,0.542727,0.258019,0.019881,0.028026,0.015569,0.048610,0.035077,0.017153
0.006805,0.006135,0.016926,0.013399,0.007513,0.019761,0.005441,0.217406,0.697166,0.009446
0.031611,0.014548,0.767235,0.048423,0.016683,0.022362,0.038225,0.018127,0.013948,0.028838
0.129504,0.110546,0.037817,0.051254,0.091352,0.053653,0.038889,0.185430,0.084831,0.216722
0.078557,0.110055,0.053024,0.141346,0.057800,0.180805,0.035386,0.239120,0.074552,0.029355
0.037425,0.016451,0.061979,0.130639,0.038704,0.114074,0.018306,0.049197,0.516894,0.016329
0.063054,0.035162,0.034870,0.044461,0.074669,0.052560,0.113006,0.141167,0.418236,0.022816
0.183068,0.125977,0.153673,0.172564,0.055420,0.059328,0.127307,0.055580,0.032474,0.034610
0.047297,0.084861,0.135815,0.095715,0.063051,0.153344,0.060428,0.119360,0.163861,0.076267
0.124375,0.130713,0.050982,0.056378,0.055199,0.122728,0.069832,0.149279,0.213319,0.027195
0.078545,0.025289,0.074106,0.018039,0.052860,0.185441,0.199026,0.166523,0.034571,0.165600
0.061618,0.097910,0.085553,0.029990,0.066780,0.075465,0.019460,0.030378,0.492346,0.040502
0.029347,0.026982,0.025083,0.021168,0.017424,0.009649,0.010865,0.234184,0.616302,0.008996
0.062571,0.090635,0.041778,0.050372,0.296253,0.032943,0.038110,0.128353,0.178453,0.080534
0.073216,0.120815,0.044714,0.048897,0.098653,0.209148,0.030598,0.100818,0.036618,0.236522
0.063199,0.156320,0.042784,0.086102,0.106083,0.131446,0.043612,0.158239,0.084302,0.127913
0.015945,0.018603,0.532597,0.270240,0.066032,0.026372,0.015573,0.012856,0.023921,0.017861
0.126856,0.061266,0.161816,0.277049,0.058973,0.135378,0.040914,0.053523,0.034105,0.050120
0.041947,0.116201,0.069497,0.087169,0.061842,0.134001,0.094728,0.131608,0.034542,0.228465
0.151125,0.030614,0.044289,0.184388,0.112335,0.063689,0.044293,0.072338,0.035034,0.261895
0.129710,0.115153,0.112295,0.050958,0.062624,0.147390,0.038835,0.084112,0.213538,0.045385
0.083983,0.069623,0.116194,0.078023,0.208302,0.045804,0.112741,0.098584,0.133529,0.053216
0.028649,0.031106,0.473953,0.225584,0.064913,0.021960,0.014736,0.016229,0.100614,0.022256
0.084572,0.083849,0.060560,0.021594,0.025759,0.153407,0.243390,0.194733,0.041089,0.091048
0.067526,0.046383,0.153934,0.019457,0.046341,0.092753,0.113753,0.080560,0.349141,0.030152
0.030683,0.031069,0.530683,0.275581,0.017150,0.031671,0.017392,0.025030,0.023607,0.017132
0.027330,0.029713,0.551233,0.262540,0.021532,0.012835,0.010318,0.018411,0.044602,0.021485
0.012320,0.017286,0.564357,0.269161,0.019003,0.023142,0.012200,0.016514,0.039808,0.026208
0.009926,0.022220,0.008872,0.016296,0.014991,0.022377,0.021119,0.190588,0.681303,0.012308
0.010290,0.010705,0.568496,0.297776,0.012141,0.029840,0.013375,0.028954,0.018659,0.009766
0.051592,0.038220,0.106509,0.016764,0.199977,0.094688,0.024598,0.065422,0.257495,0.144735
0.099021,0.082412,0.100579,0.102165,0.071829,0.106338,0.102079,0.064925,0.233384,0.037268
0.010529,0.027745,0.012656,0.009689,0.066003,0.024572,0.007664,0.215827,0.612529,0.012787
0.199859,0.133836,0.158329,0.021246,0.024247,0.157910,0.032581,0.153918,0.066570,0.051503
0.026460,0.010519,0.535694,0.271032,0.019316,0.032157,0.027162,0.022049,0.038790,0.016821
0.145865,0.127326,0.041600,0.104691,0.067269,0.058725,0.070756,0.054474,0.067542,0.261753
0.137011,0.058967,0.163034,0.112457,0.127707,0.108158,0.041304,0.135163,0.042906,0.073293
0.060590,0.054856,0.082445,0.085098,0.030486,0.097036,0.083394,0.038395,0.446057,0.021642
0.026033,0.025614,0.014158,0.019226,0.016647,0.024220,0.025620,0.209042,0.624983,0.014456
0.125825,0.146425,0.138267,0.047912,0.070205,0.121151,0.032371,0.080095,0.177282,0.060468
0.022960,0.010358,0.007549,0.015812,0.015796,0.017808,0.006650,0.218406,0.675589,0.009071
0.097692,0.091088,0.107042,0.093213,0.228344,0.046302,0.096749,0.101222,0.033066,0.105281
0.027641,0.028475,0.505288,0.274469,0.076780,0.034254,0.013041,0.018117,0.010845,0.011091
0.030901,0.032499,0.519527,0.259009,0.026001,0.032414,0.023482,0.020574,0.024620,0.030973
0.134480,0.227966,0.043296,0.118868,0.026386,0.127186,0.044199,0.119199,0.081207,0.077214
0.129718,0.035928,0.135586,0.135962,0.264338,0.088298,0.036567,0.085326,0.063598,0.024679
0.119856,0.112813,0.149110,0.049041,0.107450,0.122268,0.154415,0.081035,0.037989,0.066024
0.075090,0.031963,0.083820,0.062583,0.147366,0.234685,0.146588,0.150152,0.037067,0.030688
0.009494,0.022744,0.009878,0.014526,0.016362,0.028407,0.008254,0.217139,0.660201,0.012995
0.051466,0.065705,0.044727,0.110446,0.138355,0.242231,0.045598,0.178344,0.087007,0.036120
0.029409,0.016495,0.011398,0.027593,0.007627,0.019358,0.013708,0.225965,0.622560,0.025886
0.146769,0.064167,0.067233,0.051521,0.073997,0.102796,0.113603,0.137433,0.040683,0.201798
0.064431,0.106736,0.160600,0.125415,0.054689,0.184979,0.127232,0.068843,0.032591,0.074482
0.044803,0.040198,0.017617,0.587565,0.025869,0.013754,0.015355,0.021911,0.190223,0.042705
0.076292,0.107111,0.041975,0.136984,0.070628,0.157630,0.033108,0.111893,0.231069,0.033311
0.045014,0.050287,0.142330,0.103697,0.103470,0.094632,0.147799,0.075909,0.056219,0.180644
0.170906,0.145800,0.035930,0.017020,0.066895,0.134256,0.029133,0.050773,0.032142,0.317145
0.009476,0.010589,0.011614,0.016324,0.054215,0.011430,0.033680,0.202077,0.639540,0.011054
0.071169,0.030309,0.041592,0.111374,0.082505,0.140334,0.069668,0.148414,0.232399,0.072237
0.083904,0.047401,0.180597,0.135064,0.123769,0.170945,0.037557,0.061982,0.079989,0.078791
0.107689,0.063498,0.126984,0.080169,0.090518,0.096673,0.106177,0.085227,0.179817,0.063246
0.019774,0.013452,0.536190,0.247125,0.023012,0.046004,0.034362,0.018806,0.041738,0.019537
0.025897,0.023436,0.510221,0.053670,0.066179,0.032742,0.067636,0.072073,0.034660,0.113485
0.040094,0.056583,0.063848,0.118666,0.032322,0.021743,0.021901,0.080534,0.520114,0.044197
0.040282,0.098769,0.117430,0.080936,0.089441,0.141882,0.036741,0.057501,0.165402,0.171616
0.021063,0.017943,0.010458,0.027043,0.020959,0.027574,0.014138,0.202465,0.642622,0.015733
0.007007,0.004732,0.017248,0.015316,0.013413,0.018519,0.006629,0.190241,0.721557,0.005338
0.009560,0.007447,0.009051,0.022996,0.054886,0.048982,0.012509,0.193619,0.627764,0.013186
0.119494,0.170911,0.067955,0.091767,0.070005,0.031549,0.090328,0.116167,0.038481,0.203343
0.028950,0.016514,0.023318,0.091994,0.030093,0.069301,0.094266,0.052207,0.577551,0.015807
0.123818,0.166505,0.146283,0.049199,0.046445,0.124883,0.029466,0.167838,0.067894,0.077669
0.120491,0.030892,0.101597,0.182520,0.106321,0.133045,0.141573,0.080994,0.030616,0.071950
0.030920,0.030266,0.028078,0.018377,0.062608,0.031424,0.036630,0.198487,0.530458,0.032752
0.013772,0.012655,0.530764,0.251209,0.069715,0.020953,0.014407,0.023680,0.043351,0.019495
0.133854,0.053547,0.045494,0.185049,0.024749,0.169302,0.031850,0.122057,0.171601,0.062499
0.024253,0.016490,0.601491,0.246898,0.018736,0.014062,0.018164,0.021992,0.018462,0.019452
0.065673,0.037767,0.040098,0.176391,0.100876,0.082517,0.029559,0.100978,0.306335,0.059805
0.140858,0.059375,0.123430,0.198464,0.094427,0.120675,0.155761,0.047235,0.028005,0.031771
0.020268,0.027735,0.572424,0.261721,0.021560,0.015269,0.019106,0.014861,0.030299,0.016757
0.044513,0.024289,0.104286,0.030348,0.039287,0.021151,0.024409,0.059629,0.608688,0.043401
0.019715,0.008797,0.022098,0.019402,0.010246,0.013607,0.007179,0.225122,0.660160,0.013676
0.016175,0.005986,0.568676,0.323550,0.004989,0.020332,0.008156,0.016620,0.029083,0.006433
0.134616,0.057927,0.150308,0.250218,0.050770,0.124693,0.039337,0.092575,0.032661,0.066896
0.084410,0.078245,0.054997,0.057755,0.075247,0.119841,0.192706,0.165911,0.086219,0.084670
0.090371,0.052381,0.028545,0.053581,0.157206,0.076109,0.021606,0.038156,0.452188,0.029858
0.019343,0.016047,0.008838,0.015151,0.015175,0.055208,0.008072,0.208150,0.641233,0.012782
0.048952,0.125775,0.114775,0.039198,0.212361,0.089176,0.111408,0.098543,0.133136,0.026677
0.017187,0.021476,0.537966,0.264700,0.021282,0.015834,0.045719,0.023049,0.035884,0.016903
0.029966,0.023318,0.013998,0.022972,0.068929,0.031397,0.023653,0.201637,0.555843,0.028287
0.025771,0.036868,0.698844,0.017494,0.039334,0.012605,0.058383,0.065311,0.014491,0.030899
0.030359,0.016784,0.480061,0.234830,0.024378,0.032002,0.018560,0.035794,0.106632,0.020598
0.023995,0.007914,0.022867,0.011067,0.017415,0.022444,0.012790,0.191874,0.674801,0.014835
0.073490,0.029089,0.038602,0.009721,0.011202,0.016231,0.019773,0.025588,0.695133,0.081171
0.088455,0.034197,0.101810,0.112337,0.087757,0.118402,0.035420,0.136950,0.139957,0.144715
0.140263,0.128553,0.040999,0.112355,0.116912,0.034842,0.135218,0.152540,0.065589,0.072729
0.045422,0.087624,0.121972,0.049338,0.092826,0.102456,0.058797,0.077188,0.183052,0.181324
0.031106,0.032505,0.028377,0.032110,0.021816,0.063676,0.017514,0.195903,0.548002,0.028989
0.041414,0.107839,0.022915,0.029119,0.064333,0.032772,0.021574,0.052677,0.589188,0.038169
0.029930,0.038875,0.533796,0.214549,0.023331,0.050497,0.012692,0.040389,0.023587,0.032355
0.024691,0.018884,0.026877,0.028881,0.020036,0.030550,0.009721,0.219359,0.604072,0.016930
0.203685,0.063642,0.134147,0.056833,0.144204,0.135472,0.034997,0.102271,0.070616,0.054133
0.010406,0.008883,0.020132,0.017439,0.016542,0.022007,0.012166,0.199638,0.680526,0.012259
0.018384,0.023092,0.012229,0.771338,0.022841,0.043479,0.046518,0.020368,0.022361,0.019389
0.028401,0.014045,0.022219,0.030349,0.057731,0.015527,0.026393,0.194066,0.601132,0.010135
0.130117,0.105559,0.124894,0.097645,0.090501,0.107523,0.035757,0.113633,0.028129,0.166242
0.139974,0.056612,0.149544,0.126144,0.113680,0.117319,0.039418,0.148852,0.032377,0.076081
0.010753,0.015040,0.009081,0.009699,0.005731,0.013080,0.030402,0.216303,0.675670,0.014240
0.086832,0.077747,0.060931,0.072698,0.028900,0.165709,0.242665,0.087358,0.086193,0.090967
0.107913,0.080254,0.093461,0.046268,0.047461,0.124498,0.145251,0.108160,0.174212,0.072522
0.089426,0.143705,0.029311,0.016390,0.054829,0.154339,0.025757,0.117522,0.319281,0.049440
0.083675,0.062581,0.040681,0.128644,0.138472,0.035707,0.209375,0.180732,0.038955,0.081179
0.121990,0.108914,0.064933,0.049837,0.087633,0.174404,0.111565,0.172322,0.081614,0.026788
0.134684,0.059318,0.047341,0.102086,0.055328,0.060990,0.041893,0.200157,0.228532,0.069671
0.059864,0.033843,0.156188,0.043031,0.019806,0.128403,0.026553,0.056362,0.418462,0.057488
0.104456,0.034565,0.036211,0.183047,0.247560,0.087745,0.036261,0.069266,0.172039,0.028850
0.039968,0.038111,0.018641,0.039819,0.011249,0.031738,0.019445,0.734616,0.034800,0.031613
0.024284,0.013034,0.010904,0.011280,0.058165,0.029659,0.020150,0.205714,0.617542,0.009269
0.046961,0.089713,0.045951,0.047246,0.062651,0.141960,0.158807,0.059974,0.213199,0.133539
0.112659,0.154028,0.038543,0.019718,0.099851,0.127294,0.027857,0.117307,0.182984,0.119760
0.091688,0.029720,0.020415,0.010453,0.062333,0.075052,0.035292,0.026728,0.634746,0.013573
0.045446,0.124975,0.046317,0.094987,0.100644,0.058667,0.042301,0.210125,0.227092,0.049445
0.048067,0.186354,0.077291,0.094700,0.054558,0.121558,0.165898,0.093435,0.067945,0.090194
0.050670,0.040683,0.040472,0.020362,0.125195,0.221042,0.131548,0.225835,0.067342,0.076850
0.012630,0.023232,0.568000,0.305069,0.005503,0.008750,0.009743,0.051630,0.007455,0.007989
0.089877,0.102806,0.120487,0.123213,0.085443,0.165514,0.144526,0.072626,0.027597,0.067910
0.140479,0.024630,0.038394,0.101762,0.093038,0.099564,0.031282,0.115318,0.327052,0.028480
0.103866,0.040923,0.154157,0.094874,0.064338,0.168241,0.157174,0.062586,0.083375,0.070466
0.069586,0.105750,0.170523,0.174019,0.127533,0.148608,0.043692,0.094747,0.033730,0.031811
0.038508,0.025928,0.040912,0.176305,0.093926,0.111338,0.143171,0.143338,0.168900,0.057674
0.076651,0.050863,0.080502,0.082437,0.042757,0.055655,0.039532,0.072310,0.395762,0.103530
0.117461,0.096552,0.046208,0.093836,0.051261,0.200227,0.041384,0.142341,0.062842,0.147890
0.060041,0.049595,0.048680,0.163214,0.066856,0.184463,0.049111,0.209760,0.045092,0.123188
0.065475,0.050905,0.050252,0.023203,0.028154,0.260842,0.049990,0.322880,0.043555,0.104745
0.074219,0.058836,0.023311,0.031952,0.043734,0.102129,0.024119,0.037899,0.563313,0.040488
0.062981,0.037194,0.108732,0.077060,0.093882,0.130828,0.127115,0.078257,0.132933,0.151019
0.076673,0.100381,0.041217,0.056826,0.067415,0.209227,0.183015,0.095104,0.076619,0.093522
0.103146,0.167975,0.045333,0.048154,0.023691,0.177372,0.061460,0.086168,0.083920,0.202782
0.035838,0.022241,0.483056,0.269332,0.023595,0.032281,0.053798,0.036874,0.023068,0.019916
0.047221,0.117281,0.046495,0.152929,0.050738,0.186568,0.063353,0.136186,0.061035,0.138194
0.132205,0.232001,0.041372,0.055109,0.024532,0.034842,0.183795,0.156663,0.065180,0.074301
0.083584,0.035758,0.088818,0.033582,0.066860,0.060992,0.067964,0.040481,0.479387,0.042573
0.062890,0.105982,0.033505,0.087693,0.286126,0.097231,0.026599,0.051803,0.191220,0.056949
0.047372,0.073576,0.075841,0.134323,0.336447,0.126833,0.042261,0.069283,0.066099,0.027964
0.088089,0.036498,0.089713,0.125234,0.080798,0.106922,0.096197,0.155495,0.160980,0.060073
0.049266,0.036201,0.013401,0.015810,0.020222,0.065494,0.009820,0.040942,0.729354,0.019490
0.048342,0.024602,0.035701,0.762119,0.025441,0.040258,0.015902,0.015806,0.010427,0.021401
0.155409,0.116047,0.042372,0.090011,0.074381,0.031407,0.030230,0.134312,0.188407,0.137426
0.043677,0.033538,0.028636,0.129634,0.029756,0.067914,0.085905,0.055182,0.508423,0.017336
0.072664,0.113306,0.111330,0.117103,0.106035,0.056516,0.042062,0.138092,0.173592,0.069300
0.084526,0.016808,0.025668,0.028908,0.060025,0.096867,0.093114,0.051316,0.515415,0.027353
0.010265,0.006408,0.550746,0.334626,0.020363,0.027836,0.009851,0.013791,0.016069,0.010044
0.133140,0.059771,0.037536,0.046045,0.242859,0.094866,0.038708,0.119400,0.153465,0.074212
0.053779,0.033466,0.096488,0.118340,0.175484,0.113610,0.085866,0.107837,0.126028,0.089103
0.050246,0.035239,0.704364,0.031286,0.007662,0.040722,0.019416,0.028853,0.062600,0.019613
0.021607,0.009612,0.533273,0.299106,0.022865,0.022705,0.036349,0.014253,0.026442,0.013787
0.024849,0.010532,0.024192,0.011162,0.016815,0.050681,0.010548,0.203603,0.632131,0.015486
0.009445,0.014021,0.012663,0.017714,0.015392,0.024980,0.040214,0.222882,0.630600,0.012088
0.023732,0.012754,0.572569,0.301969,0.016413,0.014001,0.013356,0.019567,0.016344,0.009293
0.083176,0.032852,0.047470,0.120802,0.138062,0.147550,0.038329,0.116375,0.243296,0.032087
0.033134,0.039760,0.518990,0.191556,0.077268,0.031852,0.024679,0.029449,0.028898,0.024414
0.107010,0.158742,0.099245,0.187783,0.026372,0.134396,0.033652,0.086711,0.086776,0.079313
0.027979,0.015952,0.029134,0.068363,0.038399,0.034634,0.024012,0.038745,0.707704,0.015077
0.011198,0.026359,0.575764,0.279764,0.018567,0.022269,0.011197,0.021240,0.017235,0.016406
0.082294,0.021016,0.020814,0.026842,0.161412,0.079624,0.016984,0.071171,0.502641,0.017203
0.109074,0.096881,0.058921,0.044428,0.061558,0.154774,0.026727,0.117631,0.153990,0.176015
0.029742,0.021440,0.524628,0.240621,0.025531,0.016653,0.037459,0.019460,0.068167,0.016299
0.103721,0.066132,0.106841,0.094441,0.102514,0.162773,0.160706,0.094191,0.040503,0.068177
0.020318,0.008794,0.723088,0.079482,0.034856,0.040561,0.012710,0.040251,0.019027,0.020913
0.044013,0.050031,0.097235,0.225132,0.066410,0.108579,0.159979,0.122069,0.084462,0.042091
0.049542,0.124052,0.143328,0.054875,0.100209,0.120552,0.037829,0.148013,0.074155,0.147447
0.123936,0.084312,0.076893,0.089461,0.083952,0.056165,0.062251,0.158469,0.155755,0.108807
0.012916,0.024639,0.011885,0.019316,0.018793,0.054113,0.031429,0.191447,0.620593,0.014869
0.170332,0.056796,0.114729,0.021797,0.077856,0.033126,0.066807,0.144512,0.227600,0.086446
0.027725,0.027306,0.021787,0.023152,0.018465,0.029785,0.008845,0.219230,0.612349,0.011357
0.100270,0.111395,0.137066,0.089204,0.088988,0.151988,0.108874,0.087582,0.045796,0.078837
0.057015,0.083638,0.032889,0.044252,0.092924,0.114913,0.101859,0.115004,0.334561,0.022944
0.142861,0.105905,0.050497,0.106003,0.137437,0.150664,0.045269,0.114458,0.069882,0.077026
0.018917,0.007773,0.010102,0.017334,0.010963,0.021356,0.018239,0.198115,0.675195,0.022007
0.060845,0.097492,0.022438,0.030014,0.040847,0.073899,0.022295,0.028500,0.509217,0.114453
0.025635,0.017266,0.537056,0.300874,0.018885,0.026987,0.026998,0.014214,0.018677,0.013409
0.016008,0.032382,0.043010,0.046599,0.038560,0.048537,0.071143,0.622777,0.021181,0.059802
0.030812,0.031944,0.029591,0.010030,0.020589,0.034696,0.030158,0.209452,0.573882,0.028845
0.189708,0.030044,0.043343,0.021719,0.142868,0.182316,0.044164,0.172462,0.072582,0.100795
0.133193,0.120590,0.149222,0.127399,0.052511,0.150116,0.039126,0.067774,0.086458,0.073611
0.023316,0.008367,0.009637,0.005512,0.015397,0.027973,0.012420,0.226140,0.658247,0.012991
0.024977,0.014475,0.515491,0.261890,0.018555,0.010742,0.014942,0.014436,0.096690,0.027804
0.052858,0.073336,0.112986,0.070784,0.224762,0.108538,0.116417,0.066928,0.025870,0.147521
0.058249,0.039808,0.129167,0.191228,0.095840,0.112209,0.109756,0.119544,0.069052,0.075147
0.019414,0.013695,0.008837,0.023135,0.015283,0.025832,0.007109,0.220279,0.653538,0.012878
0.166558,0.129676,0.043402,0.020790,0.119022,0.199529,0.043427,0.204110,0.039627,0.033860
0.021135,0.019623,0.014082,0.032273,0.017405,0.015025,0.009352,0.223059,0.636239,0.011806
0.046430,0.112874,0.150556,0.084789,0.046232,0.130232,0.033730,0.128029,0.205279,0.061849
0.153500,0.033133,0.047868,0.065025,0.145903,0.181670,0.117941,0.109852,0.107056,0.038053
0.071434,0.162101,0.040896,0.099247,0.091473,0.103081,0.112507,0.051531,0.073027,0.194702
0.014541,0.017907,0.550029,0.295792,0.018953,0.031552,0.012061,0.022073,0.019893,0.017198
0.110079,0.143341,0.038870,0.097170,0.089551,0.113539,0.102846,0.114695,0.076888,0.113020
0.015648,0.027687,0.554533,0.267043,0.021403,0.029710,0.012685,0.016098,0.037205,0.017988
