0.252962,0.072596,0.031863,0.031491,0.118970,0.088750,0.027783,0.096682,0.171125,0.107777
0.111045,0.024520,0.049367,0.015798,0.133252,0.029674,0.255143,0.205522,0.101673,0.074005
0.122748,0.126339,0.061141,0.073639,0.081842,0.119322,0.090202,0.132360,0.125035,0.067371
0.039607,0.013306,0.105692,0.113434,0.112714,0.036170,0.059549,0.155276,0.107369,0.256884
0.141909,0.016989,0.119612,0.139873,0.133605,0.049821,0.072660,0.146119,0.044524,0.134889
0.035221,0.197169,0.057965,0.111591,0.170969,0.004927,0.063189,0.150360,0.115348,0.093260
0.075379,0.041136,0.011529,0.074166,0.125295,0.005179,0.088945,0.176386,0.091499,0.310486
0.003934,0.036568,0.241184,0.213873,0.011728,0.123170,0.041045,0.054625,0.066206,0.207666
0.121645,0.056979,0.074697,0.134135,0.143147,0.042085,0.077479,0.201021,0.007947,0.140865
0.107910,0.169616,0.070455,0.067883,0.075798,0.072841,0.064588,0.130650,0.150471,0.089788
0.122983,0.127843,0.076746,0.142358,0.091703,0.116923,0.122020,0.061623,0.068278,0.069522
0.166196,0.171925,0.071859,0.047276,0.262628,0.018377,0.117639,0.061379,0.049149,0.033573
0.140486,0.073522,0.087972,0.148835,0.058376,0.127403,0.062255,0.092141,0.128964,0.080046
0.075488,0.037743,0.093537,0.061043,0.227365,0.025800,0.037868,0.137026,0.087668,0.216463
0.102397,0.064651,0.152637,0.135670,0.119545,0.017814,0.083302,0.034204,0.122324,0.167456
0.095209,0.067228,0.122219,0.084080,0.089622,0.074202,0.111387,0.146370,0.129910,0.079773
0.285807,0.083521,0.075431,0.119223,0.092012,0.062103,0.031712,0.039049,0.133590,0.077551
0.049110,0.296008,0.091430,0.089286,0.131789,0.015490,0.046009,0.101060,0.019322,0.160496
0.085728,0.135747,0.062875,0.147425,0.084980,0.062848,0.123808,0.109573,0.062318,0.124697
0.082055,0.087285,0.088946,0.149774,0.069561,0.115352,0.070613,0.141947,0.122594,0.071873
0.154209,0.045920,0.095481,0.025290,0.109026,0.083373,0.125566,0.090930,0.027561,0.242645
0.111302,0.160338,0.051098,0.068003,0.096328,0.124895,0.050488,0.082705,0.132566,0.122275
0.158335,0.104981,0.056007,0.177287,0.089222,0.068640,0.106335,0.120429,0.018056,0.100709
0.075185,0.094827,0.023492,0.077031,0.238103,0.003511,0.226228,0.191266,0.033810,0.036548
0.110801,0.076463,0.021912,0.143181,0.152438,0.068437,0.098065,0.168083,0.116692,0.043928
0.149088,0.072294,0.113504,0.034720,0.101840,0.004841,0.170899,0.244776,0.047316,0.060721
0.085031,0.134590,0.004971,0.162676,0.048615,0.245459,0.048452,0.025487,0.147781,0.096937
0.117283,0.147715,0.074919,0.057811,0.083035,0.119531,0.106741,0.088135,0.135247,0.069583
0.013971,0.001956,0.000534,0.153241,0.166515,0.192258,0.065021,0.166075,0.132927,0.107501
0.080868,0.002451,0.179291,0.124272,0.221533,0.068679,0.046466,0.036143,0.116657,0.123641
0.108785,0.067826,0.069170,0.073128,0.089762,0.176539,0.068712,0.138592,0.125902,0.081585
0.054318,0.135239,0.087006,0.139951,0.094041,0.117977,0.118216,0.066804,0.114753,0.071696
0.122290,0.064708,0.026597,0.067562,0.146126,0.037818,0.158118,0.269287,0.062722,0.044772
0.020028,0.017040,0.101273,0.249302,0.018002,0.136960,0.047359,0.189648,0.132839,0.087550
0.075749,0.027375,0.014582,0.110631,0.060634,0.241585,0.226749,0.115679,0.008912,0.118105
0.071308,0.035626,0.002463,0.120138,0.238434,0.137416,0.032436,0.155295,0.109583,0.097301
0.112848,0.040936,0.154295,0.120986,0.121096,0.048871,0.042998,0.147104,0.021571,0.189296
0.062349,0.011691,0.122356,0.083025,0.233643,0.000852,0.084710,0.231707,0.041308,0.128358
0.063474,0.141526,0.082260,0.149797,0.059758,0.090069,0.125901,0.111053,0.098524,0.077639
0.039983,0.174133,0.028104,0.017978,0.056927,0.210107,0.153468,0.065110,0.087882,0.166308
0.110770,0.161364,0.069268,0.159235,0.100618,0.065790,0.063795,0.128037,0.072285,0.068838
0.017537,0.074126,0.202361,0.044025,0.072326,0.075196,0.184609,0.218435,0.060684,0.050702
0.116840,0.184251,0.014987,0.011448,0.063247,0.167168,0.018423,0.183555,0.184046,0.056035
0.134903,0.180359,0.028948,0.069819,0.132266,0.098615,0.019231,0.213041,0.049410,0.073409
0.065808,0.026441,0.076567,0.086778,0.074719,0.022187,0.106284,0.064148,0.186682,0.290385
0.067090,0.138607,0.142202,0.193218,0.075358,0.063591,0.017412,0.108908,0.117565,0.076048
0.142906,0.043233,0.109661,0.065239,0.114029,0.030769,0.175132,0.227255,0.053165,0.038611
0.128497,0.079866,0.103941,0.026881,0.131435,0.014712,0.146006,0.225276,0.053601,0.089784
0.132449,0.168092,0.058489,0.095310,0.155689,0.008630,0.106332,0.088794,0.072793,0.113423
0.093564,0.149982,0.066692,0.060687,0.102018,0.168480,0.057038,0.109038,0.125461,0.067039
0.048077,0.029760,0.014516,0.083941,0.065657,0.065460,0.281382,0.157997,0.075816,0.177393
0.059691,0.127606,0.067321,0.094643,0.113019,0.069029,0.115004,0.118713,0.148639,0.086336
0.112179,0.119963,0.063411,0.095232,0.062602,0.106569,0.073447,0.173247,0.117100,0.076248
0.041909,0.061545,0.102645,0.139608,0.078098,0.115583,0.031793,0.222221,0.066692,0.139905
0.094206,0.120683,0.064052,0.154503,0.059343,0.123472,0.129522,0.106562,0.073489,0.074168
0.216811,0.027378,0.095725,0.085852,0.214514,0.076791,0.103305,0.078262,0.063582,0.037780
0.250717,0.055643,0.025078,0.020008,0.111456,0.110427,0.029027,0.288577,0.047327,0.061739
0.002190,0.118320,0.171058,0.103328,0.057785,0.151642,0.144787,0.013463,0.099272,0.138154
0.217561,0.087873,0.102735,0.128033,0.077662,0.031835,0.096798,0.070627,0.070952,0.115925
0.039805,0.049552,0.094067,0.110690,0.078831,0.123366,0.217107,0.033918,0.152360,0.100303
0.159597,0.032338,0.084494,0.020040,0.090439,0.028918,0.253423,0.124102,0.087910,0.118739
0.094963,0.014425,0.017310,0.131775,0.246119,0.052049,0.113313,0.128694,0.053283,0.148068
0.026915,0.057942,0.037555,0.122759,0.075147,0.143875,0.061889,0.346797,0.075603,0.051519
0.090937,0.009604,0.001568,0.157307,0.137361,0.059927,0.105482,0.223703,0.166749,0.047363
0.025407,0.260793,0.042323,0.120362,0.136549,0.068010,0.045454,0.115486,0.106250,0.079366
0.063522,0.014667,0.088703,0.041576,0.119145,0.020914,0.135707,0.103347,0.315487,0.096933
0.017677,0.040238,0.056914,0.214226,0.287882,0.120693,0.052629,0.040870,0.145662,0.023210
0.003451,0.022505,0.168252,0.161623,0.175843,0.073516,0.009826,0.185573,0.094066,0.105344
0.099301,0.069175,0.110717,0.070452,0.089814,0.112967,0.097649,0.152648,0.124273,0.073004
0.104195,0.062179,0.125116,0.162573,0.032087,0.022156,0.036851,0.212909,0.142597,0.099336
0.097420,0.137621,0.118269,0.053845,0.101245,0.063389,0.130816,0.078766,0.146321,0.072308
0.115035,0.131657,0.088436,0.139755,0.096111,0.088991,0.089695,0.064730,0.076767,0.108823
0.084194,0.247139,0.009610,0.126247,0.075443,0.055830,0.114510,0.223729,0.029565,0.033735
0.198814,0.252095,0.028628,0.113783,0.102868,0.044799,0.034538,0.088845,0.042053,0.093576
0.047999,0.078106,0.148311,0.179303,0.066444,0.061063,0.068936,0.216420,0.062194,0.071225
0.083993,0.016626,0.037674,0.121422,0.146541,0.192537,0.071391,0.184806,0.022231,0.122778
0.074543,0.020750,0.068241,0.211923,0.097930,0.127614,0.044996,0.024927,0.085148,0.243929
0.153878,0.044623,0.071777,0.092501,0.086963,0.183135,0.149357,0.095630,0.102224,0.019911
0.070587,0.001931,0.115054,0.101216,0.210814,0.135800,0.010900,0.107493,0.094860,0.151345
0.116399,0.115969,0.048108,0.070449,0.095520,0.179062,0.054625,0.084661,0.130105,0.105102
0.091765,0.124053,0.199549,0.052633,0.059054,0.078086,0.117888,0.080144,0.133079,0.063749
0.047451,0.104954,0.052254,0.054307,0.131057,0.158131,0.088355,0.046960,0.243381,0.073150
0.163759,0.040084,0.080619,0.146349,0.103653,0.038807,0.233317,0.109488,0.026529,0.057396
0.087553,0.021103,0.097098,0.154542,0.118867,0.072022,0.023010,0.167033,0.100288,0.158485
0.093606,0.167453,0.064505,0.075770,0.098890,0.130792,0.059024,0.087793,0.145839,0.076329
0.061286,0.152273,0.063660,0.087905,0.130694,0.074642,0.075099,0.088702,0.171303,0.094435
0.134944,0.048648,0.066677,0.042808,0.025389,0.005829,0.226233,0.132710,0.188206,0.128557
0.027244,0.200249,0.099572,0.047365,0.093970,0.010437,0.201721,0.094828,0.143506,0.081108
0.127764,0.142771,0.079769,0.076913,0.094136,0.073970,0.092747,0.084760,0.146476,0.080696
0.216358,0.031081,0.079903,0.088371,0.097214,0.020510,0.039824,0.096057,0.261238,0.069443
0.144701,0.065017,0.060479,0.127736,0.145476,0.074861,0.019444,0.212388,0.043434,0.106464
0.041254,0.021057,0.104797,0.120578,0.061593,0.029539,0.266474,0.247801,0.031632,0.075274
0.084530,0.104163,0.045628,0.040843,0.148280,0.115438,0.127163,0.251933,0.064794,0.017228
0.072625,0.025937,0.111940,0.056619,0.144184,0.074325,0.114235,0.263062,0.091351,0.045722
0.148886,0.074541,0.014909,0.168061,0.061088,0.056405,0.092909,0.182995,0.165309,0.034897
0.024834,0.001633,0.139957,0.158289,0.044972,0.108197,0.030505,0.218392,0.052812,0.220408
0.286410,0.038063,0.085328,0.149056,0.106738,0.004359,0.058574,0.120542,0.094928,0.056002
0.105859,0.100164,0.107465,0.144416,0.102670,0.065067,0.116312,0.085043,0.093275,0.079729
0.068207,0.039777,0.175694,0.040460,0.116022,0.183517,0.032667,0.117579,0.144761,0.081316
0.235540,0.043254,0.022495,0.086200,0.244760,0.071268,0.052753,0.017396,0.068751,0.157584
0.068812,0.057547,0.006263,0.018740,0.023939,0.256786,0.008547,0.050806,0.235705,0.272855
0.103118,0.033504,0.058163,0.127947,0.123250,0.074236,0.037047,0.373257,0.015333,0.054144
0.102253,0.170630,0.070916,0.068680,0.083565,0.066787,0.118689,0.097115,0.137559,0.083804
0.127046,0.017701,0.090611,0.165363,0.167837,0.109248,0.092584,0.094489,0.010062,0.125060
0.119948,0.002276,0.093052,0.169265,0.125698,0.006562,0.112572,0.159205,0.052040,0.159381
0.055904,0.107997,0.086267,0.029297,0.013001,0.201455,0.123844,0.086011,0.198902,0.097322
0.088971,0.015672,0.120441,0.151526,0.113889,0.020377,0.221259,0.129201,0.084411,0.054254
0.074148,0.011709,0.030909,0.112984,0.082276,0.071253,0.319481,0.230042,0.029869,0.037331
0.010212,0.212919,0.031765,0.012980,0.015485,0.155725,0.246784,0.069427,0.190437,0.054267
0.071461,0.013352,0.074521,0.296840,0.038105,0.001068,0.057311,0.141100,0.115698,0.190545
0.055181,0.049747,0.113315,0.185069,0.021920,0.156891,0.063956,0.185150,0.048689,0.120083
0.006595,0.002469,0.167227,0.053615,0.215552,0.067372,0.031638,0.214495,0.081548,0.159490
0.093979,0.107850,0.067403,0.144007,0.093339,0.184823,0.103048,0.077582,0.065322,0.062649
0.119902,0.160476,0.050191,0.163774,0.129678,0.065154,0.054906,0.117602,0.066686,0.071630
0.064302,0.012633,0.056695,0.128250,0.174447,0.020537,0.033881,0.187118,0.072886,0.249251
0.059697,0.042207,0.101640,0.031161,0.149870,0.051019,0.068068,0.363059,0.084621,0.048657
0.057695,0.017201,0.115229,0.087110,0.275420,0.256470,0.030626,0.052177,0.081003,0.027068
0.067569,0.136857,0.068204,0.071217,0.065111,0.190362,0.064144,0.126082,0.133708,0.076746
0.105811,0.018958,0.134722,0.147864,0.181219,0.071426,0.062492,0.039993,0.039176,0.198340
0.100574,0.140671,0.070546,0.133056,0.115914,0.062271,0.102834,0.135284,0.071093,0.067757
0.082428,0.128417,0.069276,0.143847,0.083014,0.118848,0.096310,0.091013,0.063682,0.123166
0.097874,0.032087,0.116253,0.120720,0.126446,0.017536,0.093429,0.211664,0.011022,0.172970
0.059198,0.147203,0.010060,0.098905,0.227697,0.168953,0.051962,0.126572,0.090437,0.019012
0.262082,0.051349,0.037507,0.077455,0.031672,0.007772,0.320728,0.084358,0.053431,0.073645
0.037627,0.167789,0.065104,0.077080,0.196092,0.015567,0.131622,0.050037,0.060311,0.198772
0.070871,0.133427,0.147436,0.130513,0.113346,0.090191,0.082536,0.072553,0.082607,0.076520
0.199435,0.175545,0.005067,0.073055,0.134181,0.049492,0.023388,0.132805,0.050348,0.156682
0.062474,0.114853,0.128516,0.151524,0.090932,0.121111,0.093412,0.071815,0.087550,0.077812
0.067016,0.040915,0.176807,0.128437,0.136843,0.022886,0.103992,0.125608,0.025689,0.171806
0.133671,0.008530,0.033389,0.079693,0.206205,0.100134,0.171269,0.174346,0.059459,0.033304
0.069427,0.019456,0.097968,0.197101,0.084986,0.096054,0.015347,0.161078,0.021967,0.236615
0.098350,0.121426,0.060430,0.159295,0.064246,0.176507,0.017261,0.115818,0.048012,0.138655
0.096355,0.152416,0.079244,0.075251,0.055514,0.117498,0.185801,0.112244,0.045242,0.080435
0.100868,0.031420,0.070446,0.119400,0.235511,0.090000,0.042770,0.165830,0.114463,0.029291
0.085662,0.098657,0.102755,0.070966,0.099087,0.107112,0.094276,0.152602,0.118095,0.070788
0.089551,0.119950,0.171109,0.070268,0.108058,0.061548,0.092108,0.097898,0.117770,0.071741
0.064436,0.141309,0.050434,0.163471,0.058349,0.125701,0.095283,0.101562,0.059826,0.139629
0.130366,0.157674,0.077543,0.137492,0.093034,0.075352,0.064841,0.069889,0.120143,0.073667
0.103605,0.018655,0.127392,0.153431,0.116155,0.024853,0.091699,0.144724,0.097596,0.121889
0.047353,0.152595,0.051822,0.174486,0.067382,0.131570,0.052379,0.116025,0.054390,0.151998
0.165023,0.033992,0.141784,0.084337,0.101836,0.023629,0.275860,0.026114,0.089792,0.057633
0.036241,0.184546,0.016082,0.065486,0.152704,0.053099,0.098152,0.149025,0.211752,0.032912
0.049517,0.013007,0.126368,0.226454,0.027817,0.001093,0.106263,0.207961,0.107418,0.134101
0.025000,0.049204,0.142540,0.097086,0.225657,0.049074,0.030132,0.188862,0.090283,0.102161
0.068554,0.008570,0.182112,0.199333,0.071495,0.121163,0.075306,0.016621,0.141491,0.115354
0.012159,0.001979,0.052622,0.139071,0.239792,0.000539,0.085336,0.173385,0.158645,0.136471
0.083867,0.011282,0.101278,0.108412,0.203999,0.063992,0.047184,0.188655,0.030554,0.160779
0.099370,0.143042,0.064956,0.157715,0.074320,0.126332,0.083889,0.061763,0.073483,0.115128
0.093677,0.005975,0.121890,0.111267,0.085570,0.114991,0.120075,0.211458,0.024822,0.110274
0.101985,0.149095,0.057702,0.154769,0.052518,0.123396,0.120768,0.097891,0.070227,0.071648
0.155394,0.065819,0.088652,0.103617,0.190442,0.042672,0.070087,0.070607,0.170374,0.042337
0.071528,0.015838,0.144877,0.154172,0.111749,0.024120,0.064404,0.038825,0.163354,0.211135
0.049924,0.099511,0.064173,0.072757,0.100236,0.186855,0.122943,0.082903,0.136766,0.083930
0.089674,0.019368,0.004788,0.127197,0.145442,0.034006,0.216069,0.215202,0.034334,0.113922
0.092746,0.050610,0.117032,0.128060,0.247739,0.166992,0.069827,0.004535,0.111965,0.010494
0.177094,0.047529,0.021736,0.076384,0.044885,0.031948,0.207428,0.250564,0.054762,0.087671
0.117350,0.116973,0.084067,0.128357,0.110782,0.060583,0.100517,0.074989,0.106466,0.099916
0.096093,0.135670,0.059240,0.051143,0.107667,0.136381,0.052295,0.088854,0.145250,0.127408
0.035872,0.007659,0.075582,0.072923,0.223249,0.046490,0.205587,0.142916,0.149424,0.040298
0.028745,0.151474,0.007308,0.020489,0.110701,0.008653,0.144326,0.131435,0.235442,0.161427
0.016693,0.054006,0.120730,0.128932,0.222322,0.032818,0.129972,0.199524,0.025832,0.069172
0.121874,0.060296,0.013560,0.010549,0.202904,0.168216,0.103553,0.051488,0.171208,0.096352
0.073193,0.176463,0.005937,0.128699,0.084062,0.191718,0.017773,0.192255,0.046439,0.083461
0.063198,0.100788,0.188645,0.055538,0.099385,0.066901,0.077428,0.096207,0.127629,0.124279
0.037225,0.055583,0.018145,0.024486,0.071366,0.079417,0.314998,0.080668,0.018895,0.299216
0.096923,0.131620,0.070371,0.076360,0.071583,0.068064,0.070638,0.158726,0.129545,0.126171
0.106420,0.081454,0.106586,0.103479,0.162819,0.001921,0.313425,0.054756,0.028405,0.040735
0.069187,0.179647,0.005140,0.132955,0.133451,0.110818,0.065882,0.176768,0.089960,0.036191
0.056337,0.053161,0.209581,0.142748,0.029427,0.018540,0.076105,0.255937,0.123618,0.034546
0.013693,0.002343,0.149317,0.164973,0.144636,0.007877,0.038716,0.150885,0.142124,0.185438
0.222554,0.143052,0.087389,0.036194,0.107205,0.059727,0.019995,0.132134,0.076172,0.115577
0.058707,0.170477,0.066693,0.071598,0.132053,0.075437,0.063873,0.132904,0.135934,0.092325
0.116491,0.123631,0.080914,0.135026,0.105964,0.088653,0.104572,0.095304,0.076009,0.073435
0.110316,0.113185,0.068687,0.140691,0.057080,0.009800,0.020507,0.291467,0.128317,0.059951
0.005636,0.001695,0.075588,0.172076,0.160115,0.199126,0.083025,0.091616,0.018255,0.192870
0.128578,0.034411,0.002124,0.178678,0.031561,0.113594,0.088811,0.110166,0.051601,0.260477
0.090759,0.146857,0.067668,0.067318,0.095984,0.109315,0.061804,0.115041,0.123766,0.121490
0.192451,0.043662,0.066684,0.121291,0.084567,0.018836,0.120493,0.189156,0.021825,0.141036
0.086839,0.001784,0.113528,0.117367,0.151525,0.148079,0.087989,0.160204,0.005262,0.127422
0.127258,0.135737,0.087007,0.135911,0.066623,0.115341,0.094543,0.083559,0.077744,0.076277
0.051978,0.031383,0.070800,0.087814,0.190967,0.018632,0.320124,0.142601,0.015407,0.070294
0.224914,0.015106,0.093185,0.038263,0.117978,0.076754,0.128656,0.131664,0.101289,0.072191
0.048910,0.003841,0.184064,0.201321,0.040974,0.117812,0.078390,0.157363,0.150194,0.017133
0.139519,0.140797,0.021078,0.098471,0.036104,0.144402,0.020155,0.080062,0.168410,0.151003
0.221277,0.020764,0.113086,0.118873,0.090154,0.001472,0.060476,0.146411,0.089381,0.138106
0.016595,0.051924,0.059583,0.119625,0.121563,0.311912,0.047169,0.110693,0.105278,0.055658
0.085328,0.261100,0.042089,0.141856,0.178441,0.008494,0.052162,0.054038,0.037773,0.138719
0.166381,0.056121,0.022811,0.096661,0.183958,0.038586,0.038820,0.236515,0.108295,0.051850
0.042595,0.002752,0.158815,0.157019,0.014730,0.093509,0.093912,0.041505,0.161459,0.233705
0.215603,0.099685,0.085118,0.093372,0.193514,0.029378,0.117884,0.036600,0.030258,0.098588
0.087306,0.048385,0.056792,0.002785,0.055759,0.162205,0.038210,0.211236,0.128222,0.209100
0.028859,0.066952,0.128433,0.104322,0.294761,0.059843,0.107013,0.014839,0.108644,0.086333
0.065393,0.133913,0.085359,0.142739,0.072558,0.119017,0.121398,0.062438,0.093812,0.103371
0.077527,0.134788,0.069738,0.136425,0.092183,0.120303,0.063420,0.109557,0.074239,0.121819
0.071393,0.009028,0.167422,0.127520,0.050454,0.000833,0.044553,0.125866,0.123502,0.279430
0.173783,0.168709,0.079324,0.043907,0.294561,0.008814,0.026496,0.076586,0.076612,0.051208
0.066463,0.032836,0.030756,0.101689,0.072425,0.201148,0.280045,0.040883,0.074417,0.099338
0.042510,0.130791,0.112824,0.019665,0.166383,0.078142,0.129928,0.203933,0.042091,0.073733
0.128252,0.099215,0.004803,0.175457,0.149380,0.242282,0.050556,0.103485,0.022805,0.023764
0.095202,0.006377,0.127850,0.135516,0.164002,0.001575,0.050817,0.144233,0.105411,0.169018
0.084403,0.041873,0.165532,0.134583,0.046919,0.254790,0.047512,0.088962,0.018992,0.116435
0.085804,0.006529,0.117260,0.139574,0.206133,0.145352,0.050257,0.059177,0.011133,0.178781
0.101635,0.013284,0.133323,0.132555,0.036911,0.226134,0.009792,0.238881,0.093721,0.013764
0.104224,0.144295,0.097103,0.068601,0.155124,0.014863,0.072002,0.138481,0.145904,0.059403
0.111113,0.005450,0.141774,0.175498,0.026669,0.085922,0.056869,0.194250,0.148480,0.053975
0.097681,0.090714,0.071551,0.146846,0.053600,0.172470,0.116854,0.061219,0.121482,0.067582
0.092945,0.048122,0.000868,0.200650,0.104574,0.167382,0.015827,0.059799,0.111414,0.198419
0.167695,0.137396,0.063231,0.063143,0.102276,0.067669,0.067216,0.117969,0.134746,0.078659
0.089997,0.015679,0.162534,0.089783,0.143857,0.114790,0.122116,0.008513,0.096570,0.156161
0.004499,0.061658,0.110487,0.143938,0.110233,0.091706,0.077190,0.147456,0.028363,0.224471
0.087078,0.059580,0.056088,0.126822,0.204930,0.028949,0.142481,0.120840,0.005272,0.167961
0.099344,0.106721,0.077710,0.078281,0.106828,0.117578,0.061501,0.142770,0.128787,0.080478
0.098119,0.137967,0.054574,0.073466,0.065595,0.153761,0.084814,0.102491,0.148608,0.080605
0.228904,0.031409,0.091620,0.123256,0.216385,0.037713,0.021896,0.104508,0.040909,0.103398
0.229136,0.093132,0.031235,0.051222,0.135792,0.145830,0.099417,0.148374,0.036013,0.029849
0.042859,0.076427,0.179795,0.126367,0.113517,0.076946,0.057746,0.163059,0.036114,0.127170
0.137644,0.150942,0.072382,0.056748,0.089462,0.060016,0.138514,0.067986,0.149912,0.076395
0.138016,0.182940,0.071677,0.067648,0.197512,0.030358,0.105889,0.106463,0.056961,0.042536
0.037450,0.057902,0.042422,0.076265,0.205758,0.194011,0.018187,0.064534,0.113910,0.189561
0.157397,0.038868,0.108369,0.094802,0.181306,0.022397,0.049237,0.053733,0.224226,0.069665
0.094849,0.017245,0.116866,0.121490,0.216386,0.038029,0.102599,0.160424,0.110105,0.022007
0.097240,0.034241,0.117846,0.126161,0.154094,0.058684,0.096321,0.159024,0.037640,0.118748
0.129465,0.003841,0.002837,0.113757,0.052893,0.243665,0.145537,0.139229,0.157791,0.010985
0.260407,0.029525,0.073094,0.035129,0.222815,0.003769,0.030519,0.149054,0.121870,0.073818
0.061191,0.217037,0.071232,0.082192,0.064954,0.020332,0.037095,0.090493,0.198428,0.157046
0.266084,0.025281,0.062563,0.027275,0.193027,0.042369,0.058976,0.157750,0.072279,0.094395
0.078506,0.125047,0.059112,0.141553,0.084176,0.057815,0.089223,0.104699,0.130715,0.129154
0.093009,0.019616,0.132790,0.020573,0.091744,0.071962,0.042350,0.327375,0.045955,0.154627
0.077147,0.034101,0.099293,0.194980,0.162537,0.032152,0.039622,0.129723,0.090359,0.140086
0.104520,0.018261,0.002673,0.188225,0.065478,0.151276,0.060973,0.106896,0.111970,0.189728
0.052178,0.144424,0.063182,0.156568,0.056319,0.204463,0.053316,0.064995,0.137652,0.066904
0.087601,0.073700,0.118486,0.086251,0.109924,0.147976,0.085887,0.141900,0.082769,0.065506
0.062147,0.028521,0.087036,0.109636,0.144853,0.228349,0.038080,0.100678,0.008069,0.192631
0.082933,0.046332,0.107860,0.181959,0.131859,0.050433,0.137531,0.103681,0.107160,0.050254
0.149902,0.118058,0.107839,0.139739,0.070191,0.065440,0.067320,0.068219,0.130781,0.082512
0.103575,0.131006,0.068412,0.144672,0.090510,0.117340,0.078546,0.080295,0.120041,0.065603
0.158382,0.020036,0.024049,0.098983,0.104279,0.014117,0.148422,0.065382,0.232896,0.133454
0.086676,0.127953,0.049353,0.155873,0.059834,0.118643,0.129354,0.084880,0.058881,0.128553
0.165378,0.053172,0.154019,0.107108,0.103678,0.023637,0.211943,0.076215,0.031313,0.073537
0.231244,0.046586,0.070037,0.060295,0.070634,0.037047,0.080685,0.291609,0.034614,0.077250
0.048700,0.008448,0.144361,0.053446,0.142127,0.273076,0.036026,0.203339,0.030536,0.059941
0.100796,0.012631,0.064979,0.084318,0.218234,0.035371,0.075853,0.062230,0.065266,0.280322
0.064991,0.120696,0.090477,0.128589,0.114659,0.107926,0.105002,0.086882,0.114316,0.066462
0.070663,0.129567,0.091162,0.157556,0.085216,0.075228,0.070771,0.122465,0.114802,0.082570
0.109908,0.007197,0.105739,0.133270,0.101571,0.020044,0.038818,0.168531,0.095522,0.219400
0.113495,0.014594,0.062125,0.142433,0.200149,0.032031,0.070685,0.105035,0.115254,0.144199
0.084889,0.128291,0.057692,0.118841,0.061742,0.073999,0.098457,0.103660,0.144287,0.128143
0.100563,0.072580,0.095899,0.151695,0.064470,0.122757,0.129202,0.092616,0.090322,0.079896
0.104466,0.067179,0.119793,0.086367,0.112158,0.068293,0.101720,0.133747,0.129303,0.076973
0.116811,0.078904,0.056330,0.099545,0.177087,0.092592,0.075602,0.017050,0.032966,0.253114
0.192231,0.197366,0.063779,0.060813,0.106235,0.009805,0.119538,0.115148,0.089223,0.045861
0.103829,0.006189,0.135680,0.133431,0.027185,0.080759,0.051717,0.247162,0.019232,0.194816
0.100259,0.005847,0.001772,0.139783,0.213636,0.228020,0.048104,0.058623,0.042405,0.161549
0.055097,0.031452,0.101468,0.071233,0.249782,0.003461,0.180575,0.109289,0.096060,0.101582
0.112916,0.011148,0.180631,0.143071,0.067370,0.002847,0.101070,0.119569,0.160032,0.101347
0.081156,0.021219,0.108574,0.054688,0.167976,0.026111,0.025698,0.269009,0.205679,0.039891
0.173009,0.150110,0.052580,0.011741,0.133687,0.022899,0.017253,0.191090,0.169970,0.077661
0.083555,0.013258,0.059041,0.136015,0.249925,0.075259,0.060316,0.060836,0.006780,0.255016
0.018884,0.016888,0.155570,0.186362,0.131848,0.017140,0.072277,0.163940,0.051225,0.185866
0.099212,0.119069,0.057064,0.087205,0.087699,0.140986,0.061502,0.092298,0.156951,0.098014
0.025963,0.124724,0.061903,0.056577,0.064093,0.175458,0.090886,0.170962,0.159299,0.070135
0.157331,0.010681,0.101550,0.106825,0.129215,0.256576,0.040899,0.119561,0.009326,0.068037
0.131508,0.004808,0.152621,0.078907,0.115761,0.087998,0.088402,0.117284,0.131642,0.091068
0.078294,0.116607,0.070412,0.142165,0.082297,0.112703,0.109463,0.058000,0.112862,0.117195
0.136575,0.030788,0.096477,0.123903,0.262390,0.055262,0.041418,0.095514,0.125790,0.031885
0.081121,0.014763,0.051787,0.141769,0.189502,0.066176,0.087143,0.298333,0.011929,0.057477
0.210917,0.035552,0.029961,0.107933,0.087425,0.003901,0.056492,0.321939,0.093937,0.051942
0.305042,0.038413,0.022638,0.049527,0.208610,0.071817,0.042053,0.044363,0.114823,0.102714
0.186901,0.033495,0.019258,0.024460,0.070174,0.002673,0.095825,0.191708,0.200423,0.175082
0.070289,0.132779,0.063307,0.170672,0.106744,0.072834,0.151677,0.066908,0.081386,0.083404
0.068188,0.071893,0.106750,0.110205,0.135865,0.029308,0.074309,0.258569,0.010841,0.134072
0.182579,0.010356,0.027557,0.055785,0.189451,0.084509,0.192617,0.048484,0.158046,0.050617
0.074832,0.071419,0.088747,0.135694,0.116174,0.109735,0.101885,0.096045,0.083076,0.122392
0.080955,0.110212,0.078558,0.155069,0.059954,0.126670,0.098260,0.105349,0.065808,0.119166
0.095808,0.142189,0.077673,0.154663,0.054156,0.061775,0.130085,0.151688,0.061378,0.070585
0.055417,0.109889,0.069449,0.084328,0.091874,0.122817,0.113167,0.137422,0.137175,0.078463
0.112078,0.073495,0.087511,0.139433,0.127250,0.079645,0.129820,0.099594,0.071826,0.079349
0.193027,0.038882,0.035879,0.094812,0.112012,0.061807,0.243719,0.102984,0.062670,0.054207
0.221429,0.021309,0.078720,0.086249,0.217906,0.016897,0.141482,0.081583,0.079602,0.054822
0.055237,0.116083,0.063451,0.126151,0.105508,0.126904,0.063886,0.122140,0.142872,0.077768
0.125555,0.178742,0.125614,0.078791,0.073039,0.201093,0.025527,0.125579,0.031923,0.034137
0.093451,0.182310,0.060036,0.168404,0.072361,0.062040,0.113181,0.123448,0.055967,0.068803
0.223536,0.206294,0.032813,0.138505,0.146729,0.004927,0.043846,0.101703,0.050889,0.050759
0.157457,0.087819,0.081802,0.026873,0.182443,0.081319,0.107762,0.153250,0.032829,0.088446
0.056203,0.013440,0.151920,0.175839,0.032628,0.256881,0.044431,0.073478,0.050084,0.145095
0.068808,0.114856,0.065845,0.088182,0.132931,0.068238,0.127992,0.108902,0.144980,0.079266
0.070644,0.070617,0.149540,0.008766,0.070354,0.086457,0.175521,0.083374,0.122057,0.162671
0.059211,0.148991,0.203022,0.060537,0.083142,0.063522,0.047800,0.067668,0.139269,0.126838
0.059121,0.012932,0.144741,0.089228,0.077101,0.002610,0.241415,0.202175,0.010161,0.160518
0.071445,0.138359,0.065795,0.172147,0.110360,0.078921,0.067928,0.132154,0.074451,0.088440
0.070291,0.130675,0.128073,0.133732,0.075130,0.114765,0.077540,0.107670,0.089688,0.072435
0.205204,0.210985,0.079617,0.102807,0.048295,0.021613,0.063320,0.080100,0.105772,0.082287
0.043268,0.055297,0.132957,0.141661,0.142467,0.022442,0.061057,0.166280,0.047018,0.187553
0.078579,0.216456,0.107348,0.022071,0.083236,0.068258,0.114908,0.178156,0.014085,0.116903
0.103196,0.012846,0.091261,0.012783,0.108504,0.034653,0.053251,0.247226,0.138832,0.197448
0.122173,0.158556,0.081308,0.089085,0.096847,0.072601,0.060912,0.079191,0.161545,0.077782
0.102849,0.100506,0.032583,0.042177,0.123529,0.007611,0.110489,0.203578,0.251727,0.024950
0.090230,0.124494,0.066858,0.076840,0.066934,0.072162,0.113884,0.187697,0.127103,0.073799
0.113823,0.072610,0.041735,0.015061,0.166753,0.080832,0.269876,0.178010,0.009539,0.051761
0.111482,0.016301,0.145300,0.150686,0.038103,0.036235,0.046525,0.089837,0.160541,0.204991
0.046280,0.076449,0.036413,0.141786,0.050337,0.187763,0.270297,0.155210,0.020043,0.015422
0.079309,0.020665,0.019107,0.125618,0.190369,0.057909,0.043681,0.160148,0.190350,0.112844
0.123374,0.043608,0.086319,0.165128,0.138692,0.136302,0.105937,0.026221,0.051302,0.123116
0.037440,0.039057,0.202186,0.150996,0.224006,0.084675,0.052933,0.120681,0.002483,0.085543
0.048828,0.141522,0.054783,0.074819,0.096560,0.193963,0.058409,0.075320,0.140427,0.115368
0.034698,0.027510,0.021901,0.029961,0.233843,0.231692,0.031627,0.238905,0.064904,0.084959
0.087626,0.052491,0.196994,0.079570,0.161202,0.067079,0.048556,0.117891,0.044791,0.143800
0.177473,0.061301,0.142266,0.104391,0.076123,0.029944,0.080685,0.144640,0.065365,0.117813
0.089119,0.144690,0.067818,0.143801,0.083955,0.084195,0.109664,0.091074,0.058158,0.127526
0.039005,0.042485,0.033104,0.174628,0.089590,0.002921,0.272754,0.244641,0.034167,0.066704
0.102548,0.020126,0.003435,0.194918,0.046764,0.043199,0.180416,0.261269,0.052168,0.095156
0.128273,0.117839,0.089675,0.075965,0.158753,0.122488,0.043757,0.201670,0.039751,0.021830
0.086866,0.118010,0.064090,0.072077,0.091621,0.101830,0.099487,0.175470,0.113007,0.077541
0.096693,0.180693,0.114984,0.050722,0.074718,0.058020,0.130726,0.063405,0.147405,0.082635
0.091179,0.137092,0.065147,0.071179,0.099081,0.080770,0.101011,0.165863,0.112412,0.076266
0.093777,0.048225,0.073793,0.226373,0.043368,0.037502,0.122095,0.258251,0.005681,0.090936
0.099099,0.026982,0.178216,0.143092,0.085530,0.124443,0.114779,0.021224,0.029726,0.176909
0.168482,0.227636,0.087244,0.026296,0.122161,0.086954,0.019805,0.090776,0.122069,0.048576
0.109965,0.010516,0.002095,0.151296,0.218431,0.089021,0.051550,0.007766,0.163498,0.195863
0.070577,0.130366,0.072200,0.078276,0.115235,0.076632,0.131957,0.076324,0.164348,0.084084
0.096373,0.156398,0.075157,0.150132,0.092898,0.059102,0.064111,0.113629,0.059298,0.132900
0.036974,0.009747,0.128263,0.163027,0.214711,0.168408,0.077819,0.016945,0.057478,0.126628
0.076642,0.124895,0.069107,0.154765,0.058254,0.107107,0.066390,0.107188,0.136353,0.099299
0.094178,0.061753,0.146018,0.143099,0.108850,0.020501,0.058375,0.261524,0.041859,0.063843
0.059614,0.041806,0.121178,0.151683,0.057452,0.028901,0.097950,0.142998,0.163514,0.134905
0.082884,0.111226,0.135422,0.130744,0.098362,0.102956,0.070654,0.073442,0.117403,0.076906
0.155271,0.055879,0.047611,0.110789,0.198639,0.079874,0.053556,0.134004,0.049828,0.114548
0.093679,0.067453,0.058784,0.062133,0.116343,0.145273,0.104634,0.139111,0.133161,0.079429
0.080990,0.143019,0.072804,0.158208,0.054038,0.122151,0.132266,0.109790,0.062209,0.064526
0.077179,0.037436,0.104269,0.125314,0.079323,0.055022,0.051251,0.164148,0.126364,0.179695
0.255517,0.102437,0.062041,0.067552,0.131927,0.030609,0.104946,0.071874,0.081816,0.091281
0.022020,0.072735,0.059667,0.104632,0.078028,0.101677,0.189311,0.286293,0.018944,0.066693
0.089502,0.132344,0.199702,0.070000,0.071576,0.075886,0.050745,0.076297,0.126654,0.107295
0.089924,0.088291,0.039380,0.099072,0.165245,0.075442,0.091877,0.067443,0.178871,0.104454
0.106611,0.133941,0.086812,0.146990,0.105406,0.133478,0.060974,0.068294,0.082165,0.075327
0.067899,0.139162,0.065498,0.084779,0.108693,0.117798,0.084177,0.124437,0.133512,0.074046
0.094223,0.135370,0.014685,0.041824,0.073443,0.119971,0.124155,0.046873,0.186726,0.162730
0.098083,0.071925,0.076259,0.145185,0.109852,0.126600,0.061101,0.101232,0.077718,0.132045
0.062727,0.187691,0.051501,0.065286,0.081622,0.059051,0.125667,0.088871,0.144673,0.132911
0.035393,0.009741,0.094797,0.151939,0.237150,0.021299,0.061489,0.117391,0.044827,0.225974
0.089091,0.051645,0.052107,0.122728,0.044537,0.141312,0.066216,0.216640,0.107338,0.108386
0.072161,0.165911,0.131502,0.039622,0.085029,0.051564,0.259773,0.044702,0.022265,0.127471
0.052477,0.158538,0.142449,0.079923,0.256823,0.023131,0.120714,0.066935,0.063096,0.035914
0.100438,0.109981,0.072946,0.078352,0.130353,0.090115,0.064392,0.138214,0.134885,0.080324
0.028732,0.142971,0.034190,0.046781,0.209007,0.004896,0.139426,0.200685,0.013731,0.179579
0.091357,0.113385,0.119822,0.131653,0.074511,0.087810,0.086531,0.095376,0.128825,0.070730
0.088132,0.137561,0.070806,0.074063,0.089514,0.110783,0.098041,0.128551,0.125267,0.077282
0.247721,0.118100,0.033682,0.104053,0.090632,0.041153,0.036727,0.063437,0.128845,0.135649
0.054975,0.064177,0.138968,0.088955,0.066937,0.065194,0.136937,0.106951,0.148315,0.128590
0.038989,0.202666,0.101128,0.062383,0.033996,0.014062,0.133577,0.079486,0.313109,0.020602
0.110241,0.112013,0.097049,0.064482,0.091006,0.147531,0.089794,0.095974,0.120256,0.071655
0.127340,0.210736,0.088674,0.091965,0.130408,0.055817,0.052173,0.073154,0.116296,0.053438
0.092443,0.017946,0.127779,0.121320,0.046744,0.155000,0.130235,0.042482,0.124367,0.141684
0.051526,0.121373,0.061791,0.100491,0.056463,0.158704,0.092752,0.121363,0.127632,0.107905
0.059423,0.044164,0.100720,0.021240,0.101697,0.042929,0.133593,0.328097,0.043786,0.124353
0.103567,0.013896,0.003260,0.142874,0.156501,0.092816,0.084398,0.266251,0.111543,0.024894
0.052059,0.040299,0.223494,0.170585,0.034928,0.157273,0.074115,0.195548,0.015109,0.036591
0.221044,0.058462,0.084687,0.026071,0.246515,0.119147,0.035693,0.116724,0.015600,0.076057
0.045535,0.002157,0.064979,0.003271,0.166243,0.133770,0.051668,0.233475,0.113630,0.185273
0.054649,0.059915,0.081781,0.127478,0.151934,0.003322,0.073666,0.100134,0.061438,0.285683
0.081579,0.049980,0.119561,0.126549,0.174135,0.055307,0.045768,0.181321,0.058560,0.107238
0.093630,0.061370,0.129311,0.123615,0.060538,0.204946,0.067312,0.003650,0.105352,0.150275
0.015601,0.177179,0.027228,0.033835,0.018298,0.159663,0.181545,0.004961,0.220399,0.161292
0.118256,0.132218,0.066736,0.116885,0.100130,0.072906,0.082807,0.100027,0.132814,0.077222
0.087955,0.002869,0.119167,0.131388,0.208514,0.073596,0.021311,0.034412,0.098861,0.221925
0.109454,0.006138,0.159637,0.178162,0.113416,0.098170,0.065642,0.010469,0.128858,0.130053
0.232912,0.039658,0.021135,0.126393,0.194433,0.063977,0.031189,0.109649,0.031743,0.148910
0.104670,0.022920,0.124037,0.171383,0.155475,0.004764,0.050183,0.180350,0.115787,0.070431
0.083608,0.079104,0.012183,0.057751,0.140153,0.098125,0.222808,0.065056,0.135081,0.106132
0.093868,0.054708,0.195778,0.147096,0.047061,0.034098,0.039565,0.226685,0.021553,0.139587
0.114700,0.124914,0.094430,0.152732,0.072371,0.128608,0.067554,0.089890,0.070264,0.084538
0.055874,0.088767,0.120643,0.141320,0.044019,0.249713,0.073874,0.063226,0.147076,0.015488
0.103034,0.019296,0.076581,0.085586,0.120371,0.032971,0.227592,0.216432,0.045500,0.072636
0.021141,0.057093,0.064134,0.217783,0.225656,0.036148,0.026094,0.036602,0.117133,0.198216
0.055239,0.018053,0.091320,0.102896,0.250522,0.220992,0.033873,0.009853,0.095881,0.121370
0.005041,0.007612,0.131214,0.129488,0.115442,0.018595,0.084674,0.238158,0.116936,0.152839
0.056637,0.014741,0.126341,0.148720,0.270883,0.198490,0.013103,0.032170,0.052028,0.086886
0.182962,0.027658,0.065388,0.087973,0.066848,0.159801,0.031138,0.208248,0.023547,0.146436
0.236643,0.028117,0.085690,0.073710,0.158327,0.061794,0.027289,0.208661,0.023606,0.096164
0.165797,0.109977,0.068006,0.114579,0.017082,0.153807,0.005872,0.045400,0.193755,0.125726
0.108422,0.053798,0.028927,0.027729,0.166686,0.039900,0.061626,0.293975,0.037866,0.181070
0.032681,0.052850,0.139908,0.198486,0.057827,0.121805,0.099417,0.148321,0.035735,0.112969
0.134223,0.170271,0.075738,0.070916,0.075035,0.012621,0.030142,0.057004,0.285169,0.088880
0.109262,0.076779,0.085812,0.110491,0.107891,0.250288,0.015327,0.095175,0.091895,0.057079
0.106640,0.130200,0.085957,0.137228,0.071875,0.118130,0.058687,0.092177,0.094076,0.105029
0.068779,0.011451,0.078038,0.102953,0.215752,0.019529,0.023057,0.250082,0.029837,0.200523
0.135260,0.116798,0.114321,0.097829,0.081634,0.042299,0.060402,0.214792,0.018187,0.118477
0.036999,0.019886,0.056201,0.147079,0.176132,0.158959,0.122158,0.094202,0.039158,0.149228
0.103128,0.002254,0.208433,0.088022,0.077553,0.189794,0.053575,0.041877,0.099962,0.135403
0.014287,0.058167,0.081202,0.148206,0.144976,0.139147,0.060923,0.129416,0.026532,0.197144
0.022184,0.059502,0.000958,0.156754,0.171760,0.012480,0.018349,0.234524,0.121723,0.201765
0.184221,0.062509,0.097208,0.040518,0.120892,0.177759,0.017911,0.068701,0.031326,0.198953
0.082446,0.144543,0.012128,0.097348,0.066644,0.278330,0.020081,0.029470,0.056302,0.212708
0.041747,0.077478,0.109402,0.222833,0.034052,0.027328,0.034804,0.106853,0.072512,0.272992
0.103485,0.023568,0.134346,0.149430,0.043312,0.084357,0.064307,0.167289,0.050127,0.179778
0.220877,0.016662,0.014988,0.082739,0.187854,0.003068,0.024517,0.067954,0.294117,0.087224
0.222446,0.033043,0.068052,0.070888,0.223238,0.019600,0.043841,0.229851,0.022921,0.066120
0.046540,0.124125,0.060130,0.152238,0.094429,0.054749,0.126145,0.096140,0.115229,0.130275
0.144904,0.106161,0.089756,0.064706,0.087830,0.065249,0.028841,0.097100,0.265735,0.049718
0.022472,0.077558,0.057664,0.191589,0.054714,0.092174,0.009344,0.208578,0.120663,0.165245
0.187441,0.029718,0.015736,0.036680,0.068167,0.143049,0.067494,0.092574,0.070381,0.288759
0.076035,0.132767,0.079913,0.147906,0.078016,0.051438,0.110107,0.073536,0.123473,0.126810
0.076476,0.058356,0.108488,0.111652,0.099133,0.082012,0.120788,0.079542,0.142232,0.121322
0.100364,0.132924,0.055776,0.076615,0.114478,0.121079,0.059009,0.087079,0.138564,0.114111
0.066830,0.119279,0.100342,0.133361,0.071323,0.108288,0.107609,0.099055,0.119948,0.073964
0.044264,0.036718,0.029648,0.128349,0.227383,0.055171,0.024847,0.099965,0.252748,0.100907
0.075882,0.146859,0.050360,0.162200,0.089283,0.068617,0.084686,0.111439,0.065669,0.145005
0.051215,0.041167,0.001983,0.154028,0.242696,0.091819,0.057640,0.200462,0.136179,0.022812
0.120253,0.032984,0.080109,0.038247,0.151864,0.003410,0.077677,0.359821,0.024983,0.110651
0.085289,0.120567,0.088781,0.138966,0.071587,0.061915,0.118126,0.065173,0.130799,0.118798
0.016266,0.093898,0.006084,0.178347,0.109987,0.130465,0.092128,0.104575,0.082922,0.185328
0.076329,0.068028,0.103520,0.007388,0.031141,0.216796,0.064383,0.266790,0.068623,0.097002
0.078926,0.125585,0.081805,0.137070,0.069364,0.101613,0.100641,0.128994,0.105782,0.070220
0.226545,0.112915,0.012375,0.127893,0.212869,0.024800,0.055814,0.102202,0.021089,0.103499
0.084212,0.023341,0.073683,0.122654,0.113888,0.058347,0.059630,0.273858,0.038700,0.151688
0.134766,0.035118,0.004307,0.215890,0.133184,0.093854,0.107462,0.067381,0.171188,0.036850
0.065042,0.014968,0.158536,0.016200,0.086159,0.027267,0.219914,0.155846,0.076092,0.179976
0.175421,0.008466,0.051085,0.030049,0.133914,0.109738,0.175511,0.027053,0.057382,0.231381
0.053894,0.146239,0.078228,0.062361,0.066349,0.090994,0.117889,0.098886,0.155004,0.130155
0.189483,0.042089,0.019227,0.086776,0.173784,0.078982,0.033412,0.274925,0.066435,0.034888
0.069384,0.120125,0.133795,0.064145,0.090446,0.078553,0.107522,0.116884,0.135994,0.083152
0.202327,0.154188,0.078225,0.103337,0.073394,0.021119,0.207837,0.084672,0.020287,0.054615
0.019705,0.090203,0.038856,0.039617,0.207483,0.120306,0.188648,0.144597,0.100771,0.049814
0.093538,0.011791,0.100696,0.151057,0.225928,0.037329,0.050131,0.154134,0.024642,0.150756
0.097541,0.163753,0.073433,0.087887,0.102874,0.062686,0.081379,0.128151,0.130642,0.071652
0.217377,0.209501,0.087198,0.022223,0.217200,0.068280,0.053220,0.066962,0.019055,0.038983
0.121895,0.125388,0.081231,0.136987,0.058991,0.110934,0.088380,0.068023,0.085095,0.123076
0.045754,0.030680,0.237687,0.171487,0.141017,0.105197,0.104544,0.034916,0.016002,0.112717
0.071457,0.126740,0.063792,0.085107,0.087571,0.073827,0.131673,0.132510,0.142775,0.084548
0.322949,0.037726,0.112650,0.092118,0.075117,0.053941,0.032723,0.137335,0.067136,0.068304
0.123868,0.006947,0.116099,0.141985,0.034422,0.071538,0.145663,0.088348,0.118727,0.152403
0.103069,0.071528,0.082320,0.083461,0.094792,0.074628,0.126699,0.154623,0.129537,0.079343
0.067564,0.140711,0.078484,0.150279,0.080593,0.122732,0.127551,0.089114,0.072923,0.070048
0.089147,0.016873,0.112526,0.228955,0.161464,0.082256,0.077274,0.013720,0.137458,0.080327
0.063408,0.041266,0.086317,0.112547,0.206261,0.049171,0.157754,0.106090,0.124132,0.053053
0.095059,0.117118,0.068638,0.074704,0.087392,0.070769,0.096746,0.195300,0.113558,0.080717
0.095239,0.016746,0.009148,0.135005,0.155834,0.079741,0.152860,0.234305,0.005227,0.115896
0.094622,0.137797,0.058938,0.067909,0.076417,0.132115,0.058764,0.111281,0.126869,0.135289
0.085412,0.116691,0.118746,0.141565,0.034431,0.026708,0.180748,0.125907,0.098918,0.070875
0.113432,0.034941,0.030173,0.024673,0.128862,0.073342,0.132115,0.201698,0.128195,0.132569
0.145526,0.103650,0.016014,0.055928,0.107302,0.079466,0.240415,0.114916,0.058343,0.078440
0.048214,0.144746,0.059557,0.164568,0.061171,0.065172,0.136346,0.115510,0.101336,0.103380
0.145682,0.081047,0.115468,0.115581,0.058244,0.024027,0.046366,0.027011,0.104291,0.282282
0.054075,0.100463,0.072103,0.167463,0.075779,0.073691,0.142142,0.089106,0.075980,0.149199
