0.207731,0.073321,0.025347,0.026863,0.081214,0.113264,0.022347,0.095611,0.242015,0.112288
0.167570,0.033698,0.036025,0.024005,0.096874,0.047425,0.298872,0.162604,0.083838,0.049090
0.129959,0.132317,0.059667,0.073131,0.081163,0.115859,0.091979,0.127941,0.125863,0.062121
0.054111,0.013374,0.101675,0.101683,0.129140,0.049243,0.055307,0.172883,0.105622,0.216962
0.184689,0.017223,0.093986,0.121259,0.124353,0.052703,0.088942,0.132103,0.068865,0.115876
0.027371,0.205563,0.041723,0.072652,0.126361,0.004047,0.061233,0.250203,0.153099,0.057748
0.075786,0.067035,0.019175,0.063834,0.116538,0.006358,0.079902,0.170044,0.185888,0.215441
0.005995,0.025376,0.170444,0.136078,0.016664,0.129251,0.055807,0.070571,0.056294,0.333519
0.160019,0.067748,0.066980,0.103974,0.133647,0.057811,0.068154,0.202077,0.013693,0.125898
0.106263,0.186816,0.064650,0.061826,0.078807,0.071025,0.063477,0.122808,0.154829,0.089497
0.123980,0.132779,0.076587,0.145851,0.085243,0.115011,0.123908,0.060985,0.069010,0.066647
0.117856,0.289963,0.052443,0.054528,0.236602,0.015146,0.122879,0.048789,0.038672,0.023122
0.142367,0.072075,0.089484,0.154259,0.056793,0.128900,0.059661,0.086557,0.129639,0.080265
0.074930,0.030301,0.077355,0.048460,0.271999,0.040501,0.031788,0.205591,0.074244,0.144830
0.103970,0.059189,0.133800,0.142891,0.120282,0.028175,0.072266,0.053102,0.121164,0.165160
0.099312,0.064746,0.132233,0.084159,0.084281,0.080089,0.110645,0.136379,0.132284,0.075873
0.174059,0.108800,0.064697,0.103599,0.074424,0.074980,0.027024,0.056986,0.243311,0.072121
0.036842,0.278908,0.078362,0.110278,0.099343,0.016279,0.042019,0.110178,0.019598,0.208191
0.088512,0.128938,0.071124,0.147043,0.091271,0.062500,0.123265,0.103378,0.062079,0.121890
0.085013,0.081568,0.089217,0.154248,0.069409,0.115735,0.072757,0.142290,0.121310,0.068452
0.208282,0.046330,0.058979,0.028179,0.087415,0.088301,0.143816,0.076053,0.023314,0.239331
0.118520,0.158265,0.050460,0.066832,0.097404,0.120957,0.048988,0.085036,0.132174,0.121364
0.179917,0.155017,0.036257,0.114343,0.132362,0.119269,0.067956,0.084508,0.037049,0.073322
0.066815,0.142548,0.021091,0.066969,0.185342,0.003727,0.258936,0.164348,0.042502,0.047723
0.102156,0.119716,0.021288,0.122366,0.127572,0.067429,0.090259,0.170860,0.115500,0.062855
0.104957,0.104859,0.089183,0.049509,0.065036,0.005855,0.249036,0.248450,0.034169,0.048947
0.079357,0.093399,0.004265,0.147273,0.046841,0.228909,0.049229,0.036538,0.186124,0.128066
0.119612,0.153412,0.073718,0.059874,0.077341,0.120018,0.103402,0.093520,0.131796,0.067307
0.020811,0.002619,0.000754,0.129536,0.183082,0.208743,0.047768,0.223515,0.105770,0.077402
0.069639,0.005094,0.118175,0.120900,0.192693,0.063073,0.139185,0.074877,0.106700,0.109665
0.113451,0.065582,0.067181,0.070686,0.084298,0.191154,0.068053,0.132864,0.125985,0.080745
0.053290,0.137389,0.086687,0.140121,0.096810,0.115100,0.122279,0.066274,0.111632,0.070419
0.085418,0.067810,0.019314,0.074809,0.156719,0.048102,0.212025,0.223616,0.062084,0.050104
0.046528,0.043109,0.067360,0.253102,0.022521,0.154878,0.047291,0.215913,0.094576,0.054720
0.065127,0.026563,0.010204,0.101776,0.071774,0.262109,0.241570,0.104114,0.016433,0.100330
0.054951,0.026014,0.003617,0.084041,0.234591,0.248858,0.045725,0.138841,0.087043,0.076319
0.097043,0.065605,0.130480,0.104629,0.114189,0.074709,0.052844,0.133280,0.045891,0.181329
0.075893,0.016604,0.112687,0.075760,0.181367,0.000938,0.110079,0.258248,0.043477,0.124947
0.064304,0.139569,0.101674,0.145563,0.062688,0.090690,0.122208,0.102132,0.091915,0.079256
0.036041,0.152561,0.024494,0.013388,0.038083,0.266118,0.123327,0.072064,0.105954,0.167970
0.109279,0.165254,0.075174,0.157345,0.105169,0.065121,0.064481,0.119959,0.070682,0.067535
0.012271,0.079382,0.246804,0.051496,0.043044,0.113232,0.140757,0.115206,0.157811,0.039996
0.135454,0.099482,0.014771,0.017589,0.100524,0.171892,0.026351,0.199820,0.191754,0.042363
0.106193,0.104170,0.027062,0.047957,0.176871,0.142815,0.015029,0.257390,0.072833,0.049681
0.060722,0.022084,0.055502,0.093252,0.073179,0.029184,0.099957,0.067761,0.244181,0.254178
0.061819,0.116146,0.159338,0.150051,0.123533,0.053274,0.018794,0.088988,0.174556,0.053501
0.102287,0.053338,0.102967,0.049974,0.157147,0.049583,0.218017,0.166561,0.045881,0.054247
0.139028,0.065030,0.100984,0.023687,0.115776,0.018603,0.180415,0.233232,0.047379,0.075866
0.089127,0.184073,0.045781,0.089322,0.163260,0.007957,0.118024,0.090496,0.072288,0.139672
0.100407,0.152370,0.062438,0.053909,0.103980,0.193904,0.054066,0.091114,0.127420,0.060394
0.041342,0.031807,0.010446,0.058088,0.057417,0.066372,0.248815,0.187326,0.058062,0.240326
0.059227,0.123631,0.068405,0.090465,0.118720,0.068706,0.119472,0.114159,0.151201,0.086013
0.112842,0.121935,0.061904,0.099960,0.063479,0.106533,0.074410,0.169669,0.114658,0.074610
0.050778,0.052607,0.121620,0.129459,0.117879,0.089675,0.042908,0.214464,0.060392,0.120217
0.094315,0.117176,0.065585,0.154236,0.060080,0.123639,0.133335,0.105287,0.073216,0.073129
0.205900,0.021178,0.064122,0.074233,0.228980,0.082780,0.124946,0.071222,0.087464,0.039175
0.180817,0.087139,0.022727,0.018242,0.106533,0.141579,0.025982,0.280970,0.080764,0.055247
0.002429,0.087381,0.172604,0.146322,0.120386,0.121694,0.112069,0.014992,0.078239,0.143885
0.209862,0.111711,0.065608,0.097188,0.064994,0.042420,0.122563,0.123337,0.061074,0.101241
0.037367,0.060102,0.060059,0.087378,0.068449,0.120694,0.242201,0.033678,0.216242,0.073830
0.154691,0.032187,0.074987,0.017549,0.078682,0.033629,0.277858,0.116779,0.109159,0.104480
0.078242,0.019662,0.011463,0.098675,0.305868,0.064290,0.128877,0.103215,0.068313,0.121396
0.022430,0.111931,0.033214,0.107164,0.071585,0.215239,0.088187,0.239659,0.069525,0.041065
0.104200,0.011650,0.002013,0.097933,0.238542,0.034876,0.124523,0.178715,0.114708,0.092841
0.015299,0.303806,0.035590,0.106152,0.129064,0.062204,0.039327,0.114019,0.098792,0.095747
0.054340,0.015863,0.071083,0.036276,0.110428,0.026694,0.127547,0.139905,0.328487,0.089375
0.044153,0.035337,0.050832,0.196984,0.254374,0.122340,0.061095,0.052242,0.139216,0.043426
0.008894,0.028416,0.114798,0.221158,0.150477,0.058902,0.020233,0.219366,0.084705,0.093051
0.107037,0.066714,0.120296,0.069514,0.083304,0.115973,0.099167,0.145375,0.124781,0.067839
0.100105,0.055017,0.110521,0.144126,0.051006,0.038565,0.055808,0.229626,0.133071,0.082155
0.096284,0.142923,0.123391,0.054082,0.104153,0.060464,0.130872,0.075558,0.141961,0.070312
0.119947,0.130218,0.094838,0.135865,0.098342,0.087723,0.090086,0.063651,0.074755,0.104575
0.061378,0.181962,0.011375,0.078346,0.097156,0.053765,0.160486,0.279863,0.035067,0.040601
0.082792,0.125099,0.019517,0.071961,0.191248,0.042956,0.056849,0.263641,0.075312,0.070625
0.123624,0.126579,0.072257,0.102480,0.109091,0.091428,0.044379,0.140414,0.149921,0.039828
0.076505,0.012508,0.022541,0.096739,0.110230,0.194168,0.057031,0.296645,0.033957,0.099675
0.066591,0.085168,0.060065,0.175672,0.112437,0.145845,0.038206,0.068459,0.080038,0.167520
0.135867,0.048086,0.057566,0.085372,0.065853,0.191922,0.181559,0.085586,0.130041,0.018147
0.072198,0.002736,0.113095,0.084792,0.231582,0.170696,0.012077,0.102789,0.088842,0.121193
0.120220,0.112030,0.046997,0.068885,0.096479,0.188272,0.054266,0.083882,0.125530,0.103438
0.091300,0.127711,0.203031,0.053867,0.059622,0.077862,0.115751,0.082818,0.127140,0.060899
0.026417,0.127573,0.040283,0.044241,0.126160,0.140810,0.077967,0.044835,0.303765,0.067950
0.230505,0.046561,0.065100,0.111672,0.087001,0.050886,0.251495,0.094055,0.022873,0.039852
0.076539,0.035298,0.082914,0.136291,0.112181,0.103980,0.031321,0.173083,0.096610,0.151783
0.098188,0.176475,0.058724,0.073792,0.097246,0.131887,0.056635,0.087947,0.144908,0.074197
0.062203,0.149067,0.064055,0.086087,0.132987,0.072011,0.077077,0.095876,0.173760,0.086876
0.074982,0.086943,0.080859,0.043808,0.019725,0.004640,0.245487,0.076498,0.310171,0.056887
0.020974,0.148049,0.073694,0.033317,0.067209,0.008267,0.265129,0.074477,0.243202,0.065683
0.128578,0.138402,0.078039,0.075175,0.093331,0.071777,0.093161,0.099947,0.139725,0.081865
0.214802,0.028856,0.081182,0.079373,0.095682,0.028953,0.027967,0.111219,0.265629,0.066337
0.156909,0.067238,0.048061,0.095295,0.101777,0.058258,0.017398,0.259699,0.053226,0.142139
0.065450,0.023606,0.074276,0.074750,0.077281,0.038488,0.292427,0.283935,0.025319,0.044469
0.073381,0.113926,0.035280,0.033610,0.142403,0.113663,0.101424,0.279362,0.094199,0.012753
0.067971,0.018851,0.087234,0.047871,0.128489,0.061715,0.102544,0.370712,0.079186,0.035426
0.128293,0.071082,0.010166,0.165245,0.080733,0.075801,0.085276,0.186955,0.161297,0.035152
0.035032,0.002180,0.107572,0.135370,0.079395,0.091386,0.047632,0.246779,0.044904,0.209750
0.164848,0.076139,0.075093,0.120817,0.205410,0.005438,0.051008,0.113577,0.088458,0.099212
0.107830,0.093169,0.102280,0.151877,0.103028,0.062546,0.127016,0.080661,0.093317,0.078275
0.040412,0.057119,0.123087,0.023425,0.171457,0.137926,0.018668,0.082666,0.293150,0.052090
0.223973,0.048763,0.021279,0.078478,0.253442,0.113724,0.062378,0.022349,0.063307,0.112307
0.062186,0.042532,0.005493,0.013589,0.019591,0.285505,0.007307,0.048563,0.230462,0.284772
0.085164,0.034053,0.049134,0.102109,0.117692,0.061090,0.030315,0.449394,0.022965,0.048083
0.104084,0.164334,0.069280,0.068975,0.082560,0.071188,0.122966,0.099128,0.135167,0.082318
0.095543,0.013016,0.057713,0.124596,0.186895,0.081588,0.059528,0.128411,0.013963,0.238749
0.119803,0.003090,0.080661,0.144594,0.122868,0.010388,0.110865,0.159152,0.051046,0.197534
0.054525,0.142370,0.048409,0.027784,0.015702,0.209136,0.100106,0.088728,0.228702,0.084536
0.120615,0.024087,0.062175,0.093673,0.220483,0.031775,0.257047,0.102800,0.055951,0.031395
0.086457,0.015363,0.021529,0.078367,0.083997,0.069331,0.298286,0.285986,0.023593,0.037092
0.008784,0.200230,0.031243,0.010847,0.013924,0.148680,0.254087,0.068211,0.229100,0.034893
0.146321,0.020881,0.066551,0.242932,0.092043,0.001324,0.050799,0.126192,0.107726,0.145231
0.057942,0.042930,0.103524,0.153630,0.028567,0.197608,0.072113,0.173682,0.075446,0.094558
0.017128,0.005607,0.124135,0.050202,0.208549,0.055905,0.065282,0.228428,0.083239,0.161525
0.093812,0.109922,0.066619,0.144424,0.093347,0.193287,0.100079,0.075749,0.062573,0.060189
0.129800,0.151174,0.058313,0.160925,0.127368,0.064822,0.053722,0.116200,0.064688,0.072988
0.100023,0.016609,0.054692,0.111399,0.180181,0.034129,0.049320,0.207738,0.072645,0.173263
0.061143,0.043621,0.077794,0.031957,0.115293,0.048673,0.073305,0.363882,0.128385,0.055948
0.054981,0.021135,0.079342,0.090080,0.237291,0.276299,0.026682,0.111299,0.070445,0.032446
0.064866,0.140506,0.062882,0.069436,0.062229,0.212691,0.061964,0.115818,0.135358,0.074249
0.100381,0.027478,0.113896,0.139621,0.143743,0.058186,0.051250,0.092678,0.086491,0.186275
0.106226,0.134407,0.073015,0.135294,0.115659,0.060335,0.102893,0.133552,0.071148,0.067470
0.078297,0.133031,0.072766,0.144422,0.087165,0.117326,0.095536,0.088442,0.062224,0.120790
0.105123,0.040974,0.078061,0.080166,0.220783,0.026853,0.143394,0.184957,0.013119,0.106569
0.048199,0.115023,0.006276,0.080970,0.180981,0.181619,0.057071,0.239837,0.072835,0.017190
0.201058,0.090794,0.026055,0.071365,0.027033,0.005869,0.350195,0.070942,0.071747,0.084942
0.019087,0.139929,0.040082,0.069456,0.221810,0.022436,0.183357,0.043620,0.060816,0.199407
0.069387,0.133558,0.146875,0.135111,0.116576,0.090331,0.083615,0.071846,0.081589,0.071110
0.198932,0.162399,0.004376,0.055154,0.137545,0.045675,0.018215,0.104872,0.070191,0.202640
0.061172,0.106848,0.121950,0.162125,0.090268,0.125170,0.099773,0.073321,0.087315,0.072058
0.102234,0.030100,0.108543,0.087599,0.259855,0.037728,0.120640,0.096960,0.043059,0.113283
0.121985,0.006709,0.031122,0.059925,0.194053,0.194048,0.138974,0.140403,0.090080,0.022702
0.139966,0.026581,0.078200,0.142652,0.069110,0.098466,0.019564,0.261029,0.019424,0.145009
0.113027,0.088368,0.041311,0.106828,0.076960,0.168139,0.015957,0.252655,0.036858,0.099897
0.097119,0.127517,0.071033,0.061078,0.049442,0.107486,0.178908,0.154492,0.073383,0.079543
0.101416,0.024940,0.064084,0.118573,0.165666,0.080156,0.031651,0.294189,0.096435,0.022891
0.087167,0.102326,0.108015,0.068506,0.101646,0.107394,0.092850,0.149716,0.116284,0.066095
0.090087,0.123069,0.173401,0.067944,0.106107,0.059773,0.091273,0.103368,0.115129,0.069850
0.065979,0.144776,0.053508,0.163527,0.059147,0.122799,0.094017,0.101387,0.059334,0.135526
0.130764,0.154431,0.083853,0.138705,0.097990,0.071874,0.064736,0.070282,0.119012,0.068354
0.102613,0.027016,0.117779,0.159999,0.117503,0.034282,0.091032,0.147866,0.095763,0.106147
0.047760,0.145305,0.056546,0.175028,0.068059,0.132468,0.053402,0.116335,0.056422,0.148675
0.177901,0.027505,0.140139,0.086160,0.105925,0.029041,0.271596,0.023704,0.084463,0.053566
0.034259,0.145571,0.010878,0.056000,0.174054,0.061159,0.116841,0.160520,0.216167,0.024550
0.207170,0.018320,0.077367,0.132258,0.044050,0.001218,0.215783,0.147555,0.068221,0.088057
0.041716,0.060525,0.143768,0.087213,0.209347,0.055501,0.024184,0.219815,0.074482,0.083449
0.182180,0.012579,0.144456,0.164894,0.093479,0.108720,0.061937,0.019683,0.123934,0.088138
0.046708,0.003969,0.040272,0.122764,0.248411,0.000729,0.071484,0.222614,0.134287,0.108761
0.093843,0.013060,0.095040,0.092101,0.158992,0.056400,0.063129,0.213448,0.047780,0.166207
0.099154,0.146573,0.064893,0.158783,0.073235,0.127019,0.084675,0.060902,0.073033,0.111734
0.200216,0.008278,0.075967,0.075943,0.106208,0.131403,0.112403,0.164892,0.035144,0.089545
0.102901,0.148750,0.064583,0.153306,0.052580,0.122594,0.119295,0.095868,0.071306,0.068817
0.167880,0.092350,0.050362,0.068096,0.159137,0.068780,0.099654,0.053731,0.213472,0.026537
0.076229,0.021049,0.116639,0.129267,0.209342,0.040466,0.051718,0.028277,0.140682,0.186331
0.049242,0.093543,0.061753,0.071024,0.103378,0.200177,0.122882,0.082529,0.132493,0.082977
0.171079,0.017904,0.003885,0.088269,0.107220,0.036886,0.237290,0.174131,0.028816,0.134521
0.093952,0.044338,0.103883,0.128650,0.220495,0.198682,0.089583,0.005727,0.101795,0.012895
0.181343,0.044800,0.013247,0.062303,0.044893,0.033457,0.239060,0.241970,0.063826,0.075100
0.117981,0.114620,0.086993,0.130612,0.110719,0.060055,0.100230,0.074818,0.105700,0.098272
0.098221,0.144239,0.054270,0.052301,0.108920,0.131785,0.049716,0.085230,0.145558,0.129759
0.032572,0.009375,0.056202,0.067382,0.169635,0.042434,0.197673,0.223067,0.173270,0.028389
0.027080,0.210371,0.005949,0.018473,0.084944,0.009938,0.119284,0.108559,0.294010,0.121392
0.025017,0.148539,0.097584,0.097611,0.153285,0.040361,0.136437,0.207282,0.040881,0.053004
0.099469,0.041951,0.012228,0.016645,0.134525,0.161546,0.076990,0.120553,0.133322,0.202772
0.057822,0.172824,0.006954,0.092282,0.064353,0.215552,0.018009,0.232808,0.074946,0.064448
0.061607,0.092209,0.198758,0.055497,0.098558,0.071437,0.077913,0.097270,0.125635,0.121115
0.035143,0.068004,0.027423,0.032958,0.058798,0.135826,0.263369,0.066374,0.045879,0.266227
0.099653,0.133096,0.068202,0.072495,0.072824,0.067012,0.070465,0.164001,0.125423,0.126828
0.186286,0.122964,0.058004,0.071536,0.092251,0.002292,0.271383,0.126606,0.041404,0.027276
0.061555,0.132023,0.005406,0.103546,0.110412,0.117804,0.052933,0.306239,0.076683,0.033398
0.086409,0.041826,0.131330,0.128525,0.044397,0.030687,0.131266,0.239966,0.097606,0.067988
0.022302,0.002878,0.133027,0.153411,0.163903,0.012578,0.046107,0.134122,0.126110,0.205562
0.203453,0.236016,0.062445,0.028920,0.119178,0.059186,0.018433,0.134858,0.060662,0.076850
0.057809,0.175755,0.067117,0.069683,0.134679,0.081404,0.061182,0.124421,0.136377,0.091573
0.124542,0.122774,0.087123,0.133797,0.106108,0.088359,0.101932,0.091989,0.076323,0.067053
0.092653,0.111792,0.065531,0.089660,0.062660,0.015275,0.019174,0.347282,0.137125,0.058849
0.012386,0.001963,0.051790,0.122693,0.186119,0.192648,0.059315,0.136455,0.025672,0.210960
0.122415,0.040392,0.002571,0.130769,0.049400,0.100409,0.129189,0.151121,0.047030,0.226705
0.093599,0.143443,0.066432,0.066327,0.098440,0.109107,0.062740,0.120847,0.120505,0.118559
0.212299,0.044930,0.059216,0.107372,0.085108,0.023788,0.136657,0.206935,0.020900,0.102795
0.085748,0.002362,0.103753,0.094919,0.144264,0.170880,0.075532,0.199782,0.006879,0.115881
0.125403,0.134839,0.093399,0.135268,0.067915,0.114435,0.095691,0.082460,0.077932,0.072657
0.042538,0.024606,0.057732,0.071230,0.191062,0.023373,0.306084,0.203326,0.021437,0.058612
0.238803,0.018626,0.075740,0.033758,0.100014,0.084911,0.126011,0.132501,0.126666,0.062969
0.059194,0.005023,0.173130,0.196087,0.052831,0.109334,0.074636,0.161952,0.148646,0.019168
0.079127,0.172697,0.018019,0.102507,0.037670,0.157469,0.016938,0.083474,0.182309,0.149790
0.198433,0.018200,0.078970,0.077840,0.090834,0.001088,0.066404,0.284525,0.070088,0.113620
0.008985,0.061030,0.050716,0.091811,0.161302,0.333308,0.039908,0.096505,0.089101,0.067332
0.062918,0.261399,0.025581,0.106218,0.287541,0.009630,0.038541,0.081654,0.031878,0.094641
0.170142,0.060263,0.020553,0.078340,0.158923,0.046644,0.036976,0.215052,0.159232,0.053875
0.075613,0.004657,0.149692,0.150372,0.028491,0.076479,0.084100,0.061608,0.150155,0.218833
0.139782,0.123857,0.074800,0.089707,0.166639,0.025554,0.153998,0.051674,0.072858,0.101132
0.069317,0.033414,0.036593,0.005608,0.153986,0.144651,0.104407,0.191541,0.094971,0.165512
0.043084,0.091847,0.109743,0.089363,0.316839,0.075428,0.088782,0.019284,0.093511,0.072120
0.064354,0.139145,0.089775,0.143258,0.069747,0.117278,0.121051,0.061973,0.090876,0.102544
0.079421,0.138706,0.074065,0.137312,0.086232,0.119614,0.062997,0.104430,0.075299,0.121924
0.069608,0.015144,0.108718,0.115289,0.095235,0.000894,0.035413,0.273459,0.108820,0.177419
0.174191,0.198422,0.064482,0.041723,0.305275,0.005956,0.024010,0.077202,0.073549,0.035190
0.067696,0.042576,0.029584,0.087637,0.082464,0.188445,0.290679,0.038721,0.078104,0.094094
0.035803,0.137967,0.101092,0.016656,0.169700,0.114871,0.112186,0.130665,0.092633,0.088427
0.184477,0.204527,0.005069,0.112683,0.083872,0.208151,0.034933,0.121450,0.018079,0.026759
0.098194,0.010996,0.116492,0.146094,0.145264,0.001661,0.079175,0.152556,0.106655,0.142911
0.062612,0.027324,0.089637,0.093161,0.076829,0.244708,0.030699,0.269057,0.025411,0.080564
0.076017,0.008051,0.103532,0.106359,0.177844,0.176858,0.083665,0.093081,0.020766,0.153825
0.136712,0.013831,0.099187,0.099319,0.042476,0.234790,0.010349,0.207790,0.140009,0.015537
0.100900,0.151659,0.084566,0.052149,0.148014,0.011707,0.071631,0.115347,0.221494,0.042532
0.106751,0.008472,0.124241,0.156657,0.040163,0.082116,0.048034,0.193126,0.138735,0.101706
0.098480,0.083690,0.068930,0.151142,0.051032,0.187743,0.117139,0.059654,0.120365,0.061827
0.083953,0.036910,0.001417,0.206905,0.091178,0.170050,0.027745,0.115746,0.095929,0.170167
0.181900,0.137719,0.063946,0.058092,0.104793,0.065280,0.067158,0.116726,0.132390,0.071997
0.096587,0.012320,0.103110,0.068238,0.238440,0.115710,0.146398,0.010180,0.080121,0.128896
0.002898,0.052321,0.095330,0.137257,0.102062,0.072929,0.143010,0.134960,0.049270,0.209964
0.051298,0.157192,0.036176,0.088417,0.240560,0.038250,0.194876,0.074818,0.008638,0.109776
0.099781,0.110099,0.075234,0.076120,0.107478,0.114446,0.059698,0.156073,0.122410,0.078660
0.100603,0.137883,0.054161,0.072745,0.064587,0.149786,0.087589,0.103602,0.147613,0.081430
0.211051,0.044339,0.074183,0.098560,0.260597,0.053677,0.018614,0.107927,0.052678,0.078375
0.184635,0.101790,0.027105,0.060453,0.092952,0.209615,0.110258,0.122527,0.065906,0.024758
0.069740,0.069964,0.113946,0.107734,0.215095,0.107475,0.042394,0.141711,0.031519,0.100421
0.143757,0.149835,0.070190,0.058101,0.088277,0.059038,0.139037,0.073732,0.142040,0.075992
0.106168,0.174629,0.062022,0.078981,0.178931,0.032752,0.115026,0.084341,0.132747,0.034402
0.024893,0.107162,0.032310,0.055532,0.189979,0.254488,0.013295,0.057861,0.137572,0.126907
0.170903,0.042152,0.103606,0.081051,0.204236,0.019169,0.054790,0.048719,0.207833,0.067542
0.094187,0.016354,0.104459,0.111711,0.214741,0.048228,0.124673,0.165259,0.101040,0.019349
0.096998,0.036851,0.106690,0.106985,0.157538,0.076369,0.103501,0.162100,0.037502,0.115468
0.179552,0.005302,0.002439,0.062755,0.054542,0.220035,0.178439,0.182200,0.103849,0.010889
0.214125,0.023548,0.056485,0.029145,0.168838,0.004425,0.025035,0.126772,0.244054,0.107573
0.039939,0.232487,0.056401,0.062943,0.046933,0.015297,0.030379,0.106448,0.236504,0.172671
0.233451,0.053440,0.061030,0.040282,0.157112,0.075072,0.078368,0.142757,0.064390,0.094098
0.079267,0.129350,0.066237,0.139588,0.087884,0.057344,0.088852,0.097649,0.129017,0.124813
0.065051,0.039475,0.093590,0.033612,0.155505,0.069755,0.028935,0.324012,0.071825,0.118241
0.083498,0.040367,0.121924,0.178949,0.159924,0.040247,0.036106,0.135372,0.085458,0.118154
0.117275,0.017055,0.002811,0.124174,0.072274,0.129012,0.036553,0.236337,0.141365,0.123144
0.049587,0.141709,0.060298,0.160738,0.053063,0.221018,0.049052,0.064640,0.138237,0.061658
0.070485,0.117282,0.134004,0.064453,0.083492,0.168910,0.093585,0.115407,0.093668,0.058714
0.062879,0.040376,0.082614,0.100738,0.116055,0.280919,0.051004,0.105955,0.018578,0.140884
0.069231,0.049660,0.082540,0.138869,0.109709,0.037346,0.187617,0.083411,0.185450,0.056168
0.158898,0.120284,0.111167,0.137573,0.071004,0.063962,0.066879,0.066451,0.126418,0.077364
0.108506,0.134925,0.070380,0.145526,0.083313,0.117625,0.079034,0.079421,0.117120,0.064150
0.160730,0.027528,0.016134,0.086157,0.118880,0.018990,0.184381,0.059586,0.233067,0.094547
0.091675,0.130921,0.055873,0.153351,0.061299,0.117388,0.126283,0.082580,0.057822,0.122808
0.173988,0.075068,0.147558,0.087856,0.078665,0.020791,0.201195,0.067832,0.061078,0.085970
0.153138,0.079113,0.058956,0.052879,0.055479,0.046101,0.083638,0.312231,0.075685,0.082780
0.034328,0.007795,0.099402,0.033651,0.111824,0.246846,0.026892,0.351735,0.042225,0.045300
0.088997,0.013717,0.048889,0.064751,0.190892,0.040669,0.108069,0.151132,0.087272,0.205611
0.062450,0.125479,0.087423,0.132681,0.113629,0.108243,0.111526,0.084100,0.108144,0.066325
0.069074,0.135013,0.096626,0.158437,0.080533,0.073409,0.069988,0.122309,0.111487,0.083125
0.178464,0.012266,0.082621,0.106015,0.077301,0.031636,0.030155,0.262936,0.080197,0.138407
0.118735,0.018687,0.052368,0.127295,0.175474,0.040882,0.058984,0.167907,0.105777,0.133890
0.082013,0.123762,0.059074,0.122244,0.064099,0.070391,0.099052,0.117879,0.137408,0.124078
0.101307,0.070031,0.094167,0.155215,0.061859,0.122220,0.136816,0.091190,0.088987,0.078207
0.112619,0.063955,0.131206,0.080757,0.115965,0.065528,0.106125,0.117308,0.134119,0.072416
0.134841,0.092727,0.041539,0.084959,0.243340,0.112404,0.064478,0.018664,0.035869,0.171179
0.186504,0.221760,0.056757,0.081606,0.081663,0.011204,0.142033,0.113040,0.072945,0.032486
0.107637,0.008666,0.125839,0.110591,0.044511,0.079741,0.045520,0.259417,0.027509,0.190570
0.107148,0.007013,0.002334,0.129359,0.162208,0.277500,0.043617,0.072018,0.043158,0.155645
0.045842,0.021929,0.059966,0.060749,0.210388,0.002729,0.215466,0.175567,0.126800,0.080566
0.140096,0.018510,0.178802,0.114563,0.090585,0.002772,0.152421,0.091972,0.127517,0.082762
0.075352,0.017280,0.098449,0.052528,0.133846,0.035905,0.021216,0.296119,0.234499,0.034806
0.185546,0.148782,0.042574,0.013804,0.112752,0.016576,0.018007,0.202945,0.195455,0.063558
0.092149,0.014691,0.056823,0.117812,0.295385,0.072025,0.057089,0.105318,0.010741,0.177968
0.028975,0.040989,0.135581,0.185010,0.127341,0.026359,0.065006,0.161474,0.051640,0.177624
0.104020,0.126795,0.056809,0.082932,0.082577,0.139469,0.059830,0.098352,0.151112,0.098104
0.029078,0.099420,0.059440,0.047110,0.068066,0.154830,0.078611,0.239605,0.158582,0.065258
0.228243,0.016144,0.081800,0.100221,0.101904,0.260979,0.034006,0.109781,0.017523,0.049398
0.102191,0.010086,0.091656,0.153312,0.080051,0.062058,0.050520,0.165745,0.088424,0.195956
0.080736,0.118033,0.073881,0.141400,0.086712,0.110576,0.112917,0.058180,0.104895,0.112670
0.188092,0.033240,0.079524,0.105971,0.279774,0.043709,0.042378,0.081442,0.111064,0.034807
0.128094,0.022414,0.045730,0.109489,0.128315,0.105487,0.063145,0.329421,0.023726,0.044178
0.225107,0.069061,0.031162,0.100761,0.073866,0.004714,0.083651,0.284349,0.087840,0.039488
0.330170,0.062378,0.024420,0.056984,0.148480,0.063751,0.037054,0.051832,0.105482,0.119448
0.187556,0.037218,0.015941,0.021436,0.061166,0.002594,0.118831,0.173980,0.187871,0.193407
0.068945,0.135212,0.072656,0.162846,0.110313,0.077708,0.145446,0.066657,0.082255,0.077963
0.066464,0.082065,0.095734,0.087449,0.126594,0.034856,0.063287,0.307613,0.018294,0.117643
0.135173,0.007739,0.019523,0.039916,0.190741,0.120191,0.142544,0.060416,0.245680,0.038077
0.069222,0.067796,0.085477,0.141928,0.116995,0.111797,0.110415,0.093114,0.081837,0.121418
0.083160,0.102235,0.088455,0.154071,0.059750,0.125887,0.100746,0.102841,0.067055,0.115802
0.099560,0.146295,0.076425,0.156880,0.052363,0.060683,0.131419,0.150229,0.061385,0.064760
0.054881,0.119046,0.068094,0.084967,0.086571,0.126969,0.113185,0.131661,0.139807,0.074818
0.111992,0.072077,0.095124,0.140499,0.125647,0.074859,0.134810,0.096435,0.069553,0.079003
0.200083,0.042897,0.026891,0.073472,0.093769,0.088334,0.256775,0.089232,0.090330,0.038216
0.209656,0.021900,0.086463,0.104245,0.195491,0.029028,0.126248,0.103001,0.080519,0.043447
0.054156,0.112766,0.063211,0.138567,0.109385,0.130605,0.062598,0.109549,0.145647,0.073517
0.132179,0.170604,0.122831,0.070943,0.078929,0.218607,0.022863,0.117512,0.031555,0.033977
0.089021,0.177652,0.063997,0.173512,0.074061,0.061109,0.114508,0.118980,0.057907,0.069253
0.226071,0.243834,0.033892,0.113704,0.106646,0.006320,0.064205,0.088974,0.078283,0.038073
0.164108,0.088556,0.067693,0.024853,0.151272,0.108591,0.112883,0.135870,0.067098,0.079075
0.072225,0.012775,0.107462,0.136955,0.035213,0.266218,0.050238,0.172830,0.038746,0.107337
0.066956,0.121903,0.066982,0.084159,0.135818,0.067497,0.124220,0.112707,0.142265,0.077493
0.077223,0.185760,0.099271,0.009872,0.109824,0.063213,0.159404,0.089848,0.089114,0.116470
0.056233,0.150583,0.221956,0.054380,0.079343,0.067804,0.045784,0.062708,0.136253,0.124956
0.053772,0.026152,0.140059,0.068735,0.075845,0.003010,0.263000,0.238811,0.024853,0.105763
0.069462,0.143596,0.074423,0.169486,0.113971,0.075793,0.064548,0.129609,0.072560,0.086552
0.068887,0.130758,0.133299,0.137828,0.072481,0.115385,0.079802,0.105045,0.088831,0.067684
0.170324,0.159069,0.051105,0.077729,0.047225,0.016586,0.088506,0.070665,0.258532,0.060259
0.107983,0.043890,0.106211,0.125087,0.133625,0.031156,0.048098,0.151540,0.087203,0.165207
0.062914,0.215189,0.078720,0.024602,0.065737,0.092577,0.136968,0.203362,0.026971,0.092961
0.108298,0.013760,0.083253,0.013946,0.102854,0.046146,0.060903,0.240996,0.134526,0.195318
0.127509,0.156497,0.079854,0.088714,0.096559,0.069717,0.060871,0.086435,0.156840,0.077005
0.088446,0.076820,0.023122,0.036333,0.145271,0.010563,0.086086,0.230853,0.279371,0.023135
0.088804,0.135062,0.062768,0.074855,0.069019,0.077897,0.127938,0.162232,0.132749,0.068677
0.126114,0.095275,0.029030,0.019044,0.224797,0.072881,0.259025,0.124501,0.018430,0.030902
0.115501,0.013489,0.126324,0.119221,0.037340,0.046709,0.048009,0.185939,0.148509,0.158958
0.049350,0.057304,0.025905,0.146239,0.040595,0.186513,0.281447,0.181212,0.017832,0.013603
0.080859,0.022407,0.013174,0.098463,0.143064,0.082639,0.039343,0.152734,0.265576,0.101741
0.108567,0.073730,0.071771,0.135613,0.129236,0.151608,0.093716,0.045506,0.089073,0.101180
0.049216,0.045821,0.177882,0.153662,0.205356,0.087800,0.057865,0.134427,0.006245,0.081726
0.047187,0.140619,0.053534,0.068762,0.098999,0.210444,0.057196,0.069644,0.137787,0.115828
0.036394,0.035355,0.016038,0.028949,0.228385,0.242060,0.031668,0.236085,0.063523,0.081542
0.076642,0.038637,0.182817,0.058187,0.114005,0.106069,0.036811,0.093106,0.054496,0.239230
0.181798,0.081795,0.126034,0.077481,0.055013,0.021889,0.116026,0.113755,0.052225,0.173984
0.091894,0.136721,0.072879,0.143593,0.088461,0.084687,0.109189,0.088601,0.059995,0.123981
0.125104,0.030492,0.018114,0.115639,0.066132,0.004332,0.274745,0.253987,0.069690,0.041763
0.096383,0.020843,0.003910,0.164578,0.054015,0.047115,0.181795,0.230627,0.045715,0.155019
0.142556,0.146598,0.083604,0.063619,0.176590,0.133440,0.046098,0.152788,0.036751,0.017957
0.088573,0.118923,0.062604,0.069425,0.093742,0.101528,0.103921,0.176009,0.110619,0.074656
0.100761,0.172643,0.118811,0.052798,0.074533,0.058097,0.131009,0.065483,0.142957,0.082909
0.096091,0.135064,0.063814,0.069063,0.102234,0.081055,0.106563,0.160304,0.111515,0.074297
0.083742,0.141652,0.062457,0.178960,0.079242,0.050597,0.094817,0.232223,0.011279,0.065031
0.080510,0.043552,0.114307,0.125629,0.130315,0.129082,0.170202,0.029222,0.024986,0.152194
0.141864,0.114235,0.057900,0.032099,0.154925,0.130628,0.013808,0.078195,0.223609,0.052736
0.097007,0.014438,0.002715,0.121125,0.336507,0.073876,0.067853,0.009248,0.136186,0.141046
0.069591,0.125310,0.071669,0.078527,0.120571,0.073792,0.131265,0.084314,0.159200,0.085761
0.098499,0.147375,0.080789,0.149148,0.097808,0.064052,0.064145,0.106952,0.060797,0.130436
0.036566,0.009361,0.127528,0.153972,0.225800,0.165185,0.062749,0.025669,0.073175,0.119995
0.072231,0.130564,0.073615,0.157139,0.059952,0.102863,0.068045,0.101406,0.138446,0.095738
0.134802,0.050031,0.116539,0.119322,0.095295,0.028429,0.048593,0.229284,0.066211,0.111494
0.072645,0.050614,0.141690,0.136936,0.071228,0.041921,0.085162,0.128568,0.151312,0.119924
0.085292,0.112469,0.135656,0.134273,0.100151,0.101240,0.072129,0.070210,0.113179,0.075401
0.195370,0.050138,0.043259,0.118609,0.154484,0.088490,0.054661,0.136909,0.047669,0.110411
0.098191,0.065504,0.057078,0.063250,0.119508,0.144501,0.108424,0.131219,0.136241,0.076082
0.084408,0.133954,0.082416,0.156613,0.057130,0.120005,0.130245,0.102927,0.063626,0.068678
0.059285,0.039870,0.072011,0.090118,0.097849,0.035713,0.051303,0.188077,0.093241,0.272533
0.233486,0.107525,0.057683,0.072446,0.093730,0.034888,0.107491,0.103530,0.107260,0.081961
0.013252,0.078051,0.056766,0.094099,0.074875,0.141503,0.236291,0.212203,0.018524,0.074436
0.089732,0.137485,0.202706,0.068837,0.067178,0.075445,0.050725,0.080101,0.120972,0.106818
0.076307,0.178690,0.028228,0.085825,0.128553,0.050741,0.088537,0.089773,0.196028,0.077318
0.107282,0.137090,0.086738,0.148886,0.106575,0.128420,0.060874,0.068708,0.081180,0.074248
0.065128,0.152646,0.060396,0.079098,0.114350,0.123098,0.088214,0.111226,0.137966,0.067878
0.084201,0.147349,0.008040,0.039240,0.072264,0.120553,0.122445,0.044313,0.184615,0.176980
0.094150,0.070413,0.078416,0.148206,0.110371,0.127069,0.058619,0.099802,0.078315,0.134639
0.061590,0.183078,0.051225,0.066136,0.081565,0.058044,0.132897,0.089470,0.142745,0.133251
0.034891,0.012427,0.084746,0.128809,0.281374,0.026716,0.054861,0.111612,0.044499,0.220064
0.072673,0.036495,0.073820,0.101125,0.103331,0.210219,0.045228,0.202578,0.083652,0.070879
0.066737,0.122244,0.086021,0.034459,0.103022,0.055546,0.334818,0.079783,0.024138,0.093232
0.036832,0.198611,0.113207,0.109820,0.204326,0.016235,0.153764,0.095504,0.048761,0.022940
0.097799,0.116327,0.070615,0.076084,0.134612,0.090776,0.062280,0.144199,0.132995,0.074313
0.028808,0.097086,0.023355,0.047381,0.229128,0.004247,0.175008,0.223106,0.013756,0.158124
0.086421,0.116358,0.122414,0.135372,0.074099,0.088287,0.089355,0.092505,0.129661,0.065528
0.090754,0.139008,0.068868,0.071818,0.087865,0.109666,0.097586,0.136286,0.122485,0.075665
0.246307,0.120381,0.040817,0.096763,0.074792,0.031862,0.029545,0.068768,0.141097,0.149668
0.052927,0.060157,0.150500,0.082405,0.064053,0.063432,0.149922,0.095867,0.150238,0.130500
0.035956,0.223650,0.072803,0.073381,0.027512,0.011119,0.123975,0.111370,0.304848,0.015386
0.113287,0.110064,0.100066,0.062603,0.092399,0.154357,0.087474,0.091452,0.117684,0.070612
0.141554,0.168604,0.078991,0.075014,0.152987,0.048188,0.052406,0.125749,0.111150,0.045358
0.080699,0.013889,0.148270,0.089393,0.065313,0.160181,0.143960,0.077458,0.104213,0.116624
0.049305,0.125223,0.059006,0.107499,0.056186,0.171580,0.091098,0.106936,0.125871,0.107296
0.053244,0.052736,0.076499,0.028039,0.094127,0.031244,0.179487,0.347175,0.053780,0.083669
0.093983,0.015544,0.004117,0.137626,0.238598,0.079598,0.072134,0.231451,0.099855,0.027093
0.071114,0.100560,0.118314,0.109657,0.051601,0.171605,0.070211,0.226873,0.021390,0.058675
0.176837,0.057026,0.054796,0.022315,0.248771,0.123343,0.029490,0.196033,0.027400,0.063991
0.055101,0.003564,0.051859,0.004939,0.130109,0.187549,0.095963,0.222986,0.090022,0.157907
0.051224,0.076773,0.069847,0.105983,0.147210,0.003494,0.092127,0.105603,0.058255,0.289483
0.068022,0.033866,0.080907,0.099689,0.136692,0.059952,0.032266,0.302076,0.063993,0.122536
0.092307,0.055276,0.110350,0.110940,0.081282,0.242541,0.057569,0.004731,0.101853,0.143152
0.016727,0.168227,0.026123,0.029834,0.021834,0.175428,0.178929,0.004721,0.231998,0.146179
0.120122,0.133095,0.062149,0.123002,0.103308,0.068373,0.084287,0.097626,0.131186,0.076854
0.079100,0.003369,0.116758,0.132256,0.160521,0.069713,0.029468,0.100803,0.094033,0.213979
0.097850,0.012651,0.126063,0.139266,0.098678,0.089680,0.053138,0.018793,0.110730,0.253150
0.280966,0.039065,0.014103,0.101353,0.207288,0.083089,0.029862,0.087720,0.028935,0.127619
0.189279,0.040376,0.098833,0.135800,0.117980,0.004920,0.040537,0.174445,0.100769,0.097062
0.064433,0.054999,0.011511,0.048921,0.146497,0.096096,0.208603,0.082524,0.160186,0.126229
0.087152,0.047246,0.148717,0.130176,0.073889,0.046093,0.055611,0.248941,0.027468,0.134706
0.112598,0.127946,0.102018,0.152118,0.073195,0.127681,0.063983,0.088356,0.068514,0.083590
0.078753,0.067707,0.100727,0.132140,0.054763,0.279566,0.063672,0.070457,0.136884,0.015331
0.107270,0.019874,0.062440,0.063142,0.122994,0.026586,0.236642,0.242414,0.056129,0.062509
0.025685,0.049633,0.055139,0.266729,0.178861,0.047631,0.030457,0.083222,0.106556,0.156086
0.055831,0.018063,0.080277,0.100141,0.238455,0.250853,0.035155,0.011022,0.089423,0.120780
0.008993,0.010245,0.113550,0.106116,0.199031,0.029187,0.071092,0.230430,0.101706,0.129650
0.075683,0.017729,0.117600,0.147809,0.200811,0.238045,0.015416,0.063510,0.049948,0.073450
0.158887,0.038556,0.056728,0.072644,0.107198,0.182769,0.041413,0.213770,0.034232,0.093802
0.225848,0.017973,0.045392,0.043770,0.115516,0.057684,0.018373,0.335491,0.042510,0.097444
0.098501,0.061675,0.168506,0.153724,0.038335,0.098897,0.007750,0.073696,0.146353,0.152563
0.085332,0.042169,0.016007,0.025365,0.200615,0.040831,0.043222,0.397970,0.029675,0.118816
0.048996,0.033683,0.088483,0.171566,0.110612,0.164577,0.064997,0.195767,0.056655,0.064664
0.135071,0.179569,0.045731,0.056499,0.062207,0.018179,0.029068,0.049871,0.347058,0.076746
0.156762,0.197880,0.059563,0.080916,0.080054,0.205738,0.015683,0.109173,0.060242,0.033989
0.115220,0.130077,0.100231,0.133139,0.068772,0.113750,0.059543,0.088237,0.088188,0.102842
0.059935,0.015190,0.074521,0.100212,0.213553,0.026625,0.022188,0.311101,0.031418,0.145257
0.156938,0.214280,0.063693,0.080518,0.070940,0.040779,0.065693,0.216405,0.017513,0.073242
0.079495,0.017986,0.028845,0.088676,0.210113,0.113872,0.152492,0.201465,0.023177,0.083878
0.099672,0.003437,0.141332,0.069853,0.102435,0.208064,0.044044,0.122122,0.090377,0.118663
0.024300,0.066215,0.059139,0.095237,0.109296,0.131103,0.041765,0.296674,0.028932,0.147340
0.044504,0.050629,0.001584,0.147015,0.164201,0.024624,0.031748,0.277342,0.109973,0.148380
0.175712,0.079093,0.073181,0.029759,0.075723,0.179136,0.014948,0.109719,0.039979,0.222751
0.086509,0.180656,0.010725,0.122140,0.053015,0.287608,0.017456,0.025539,0.048715,0.167637
0.100912,0.055515,0.094187,0.194060,0.050135,0.030548,0.031574,0.157090,0.101708,0.184270
0.150103,0.028627,0.118854,0.127216,0.059224,0.065946,0.086245,0.155482,0.045532,0.162771
0.188145,0.028615,0.017010,0.061037,0.214483,0.002866,0.021584,0.137049,0.265087,0.064124
0.252372,0.029134,0.068931,0.082775,0.200159,0.028103,0.045041,0.215764,0.024786,0.052936
0.046435,0.117356,0.062067,0.157085,0.099207,0.053973,0.128253,0.097602,0.108109,0.129914
0.146936,0.113718,0.062798,0.065417,0.076469,0.076100,0.024537,0.141754,0.246741,0.045531
0.033834,0.053917,0.038347,0.132453,0.065720,0.124907,0.012896,0.241686,0.086137,0.210103
0.192157,0.039420,0.013129,0.032497,0.070682,0.180663,0.062013,0.087342,0.065182,0.256915
0.078807,0.124996,0.086294,0.149425,0.081830,0.057070,0.110914,0.069775,0.115968,0.124921
0.072947,0.056180,0.109013,0.118657,0.103681,0.082755,0.120639,0.077717,0.138208,0.120202
0.104295,0.136908,0.055879,0.072091,0.114444,0.120199,0.059328,0.087090,0.135184,0.114580
0.064825,0.120304,0.100510,0.136399,0.068901,0.106653,0.114163,0.095381,0.120060,0.072804
0.043121,0.044740,0.021118,0.103376,0.260115,0.067105,0.020395,0.091707,0.256523,0.091799
0.079330,0.138921,0.059921,0.157664,0.094853,0.068392,0.085414,0.111102,0.064771,0.139631
0.081690,0.124068,0.002584,0.127945,0.212383,0.081993,0.046431,0.185345,0.111445,0.026115
0.171123,0.043398,0.080591,0.036857,0.117989,0.003153,0.082666,0.326232,0.026273,0.111718
0.088542,0.116790,0.097324,0.138499,0.069348,0.062134,0.116832,0.065854,0.129051,0.115628
0.032619,0.083732,0.004791,0.168051,0.119939,0.125708,0.078830,0.139974,0.079913,0.166443
0.072665,0.054949,0.082061,0.009100,0.051571,0.249859,0.051790,0.259520,0.099871,0.068614
0.075380,0.130134,0.082556,0.140004,0.067187,0.100122,0.101194,0.127295,0.105886,0.070243
0.211004,0.132369,0.012457,0.107262,0.234401,0.029931,0.048646,0.097311,0.032872,0.093748
0.079351,0.028293,0.050227,0.102213,0.096274,0.083425,0.046857,0.342110,0.043377,0.127874
0.097386,0.043860,0.005624,0.159423,0.232893,0.064625,0.080964,0.142983,0.125893,0.046349
0.048523,0.032233,0.139891,0.029499,0.062066,0.020495,0.228717,0.125108,0.205686,0.107782
0.145755,0.007219,0.043993,0.036282,0.173303,0.127244,0.188392,0.033407,0.047549,0.196854
0.054217,0.147069,0.076861,0.057998,0.065040,0.092612,0.118643,0.099793,0.153211,0.134557
0.125019,0.046464,0.020991,0.082608,0.190295,0.094024,0.037643,0.292266,0.069363,0.041328
0.067896,0.113946,0.137938,0.066451,0.083908,0.073184,0.105653,0.137844,0.130791,0.082389
0.197548,0.194934,0.067270,0.090598,0.061037,0.025487,0.205503,0.082720,0.027678,0.047225
0.018488,0.081956,0.025285,0.036382,0.216804,0.147717,0.162738,0.133067,0.131585,0.045977
0.083565,0.017667,0.082751,0.126398,0.278629,0.078903,0.039366,0.140001,0.039738,0.112981
0.101157,0.167871,0.073274,0.081911,0.105017,0.062382,0.084332,0.126158,0.132247,0.065650
0.235049,0.159800,0.060740,0.035279,0.193952,0.131686,0.075383,0.058877,0.018687,0.030546
0.121685,0.129131,0.085111,0.138427,0.059711,0.110246,0.088796,0.064420,0.082260,0.120213
0.081671,0.038279,0.233698,0.141412,0.197447,0.087426,0.083174,0.027290,0.030117,0.079487
0.069585,0.126297,0.063203,0.085117,0.085173,0.073385,0.135338,0.135284,0.146384,0.080235
0.209760,0.054235,0.072961,0.072195,0.062910,0.045154,0.026673,0.289756,0.085300,0.081054
0.115200,0.008938,0.125712,0.099716,0.038968,0.057460,0.135721,0.203566,0.091473,0.123246
0.107812,0.069930,0.079723,0.081882,0.089369,0.073117,0.134358,0.158033,0.128492,0.077285
0.065792,0.141556,0.074041,0.155640,0.079237,0.125514,0.136853,0.083080,0.071245,0.067042
0.093660,0.020612,0.104733,0.206927,0.163486,0.080494,0.110365,0.017926,0.132804,0.068993
0.060146,0.032013,0.066866,0.091782,0.195827,0.037421,0.155806,0.154196,0.161163,0.044780
0.098377,0.119630,0.066829,0.072187,0.082864,0.069474,0.097060,0.204073,0.111848,0.077658
0.097304,0.020143,0.007709,0.124076,0.140260,0.078923,0.179417,0.229113,0.010947,0.112108
0.097069,0.142674,0.060631,0.066274,0.073389,0.123873,0.059550,0.122599,0.122127,0.131814
0.063960,0.098571,0.088578,0.106024,0.040860,0.037526,0.184134,0.178658,0.081934,0.119755
0.094841,0.059545,0.028916,0.038220,0.105480,0.061467,0.095494,0.310714,0.100640,0.104683
0.186182,0.214582,0.011743,0.031370,0.055953,0.062612,0.231368,0.068116,0.098956,0.039120
0.049326,0.148738,0.066041,0.165441,0.063998,0.064507,0.136925,0.108577,0.097096,0.099349
0.132473,0.209232,0.094164,0.083902,0.070338,0.036977,0.059420,0.052751,0.085483,0.175261
0.055101,0.097130,0.082113,0.167051,0.073243,0.071860,0.142667,0.084012,0.078282,0.148541
