0.078241,0.073299,0.146410,0.177898,0.105975,0.045424,0.193900,0.080897,0.051053,0.046902
0.086158,0.076665,0.160245,0.062381,0.122896,0.053803,0.099684,0.085520,0.123007,0.129642
0.028439,0.019839,0.043216,0.041630,0.028797,0.014503,0.027812,0.735102,0.017385,0.043278
0.062405,0.053577,0.126498,0.097932,0.089275,0.144239,0.141828,0.085918,0.106805,0.091523
0.070184,0.076994,0.156021,0.132444,0.132773,0.069082,0.070472,0.111135,0.074662,0.106232
0.187344,0.058472,0.142921,0.139291,0.102844,0.049071,0.067161,0.071687,0.057663,0.123545
0.143701,0.072625,0.050133,0.166522,0.103084,0.047625,0.152020,0.101579,0.055178,0.107532
0.066071,0.081230,0.142775,0.117480,0.074093,0.090414,0.078775,0.080195,0.159345,0.109622
0.068262,0.056766,0.151967,0.116132,0.112905,0.078737,0.162473,0.092146,0.055348,0.105263
0.020201,0.017493,0.029588,0.038584,0.029891,0.041686,0.055166,0.721348,0.015851,0.030193
0.027938,0.022228,0.712689,0.017425,0.042008,0.017437,0.018225,0.050921,0.033624,0.057503
0.116419,0.069429,0.062837,0.057836,0.100369,0.053257,0.067228,0.116848,0.147398,0.208379
0.023549,0.055156,0.663819,0.016938,0.055699,0.021188,0.072222,0.031139,0.018902,0.041388
0.114713,0.146984,0.094844,0.125425,0.055916,0.046720,0.158375,0.058358,0.105966,0.092699
0.111046,0.139248,0.102695,0.110349,0.088599,0.061213,0.135960,0.060055,0.107003,0.083832
0.033097,0.051975,0.015754,0.034879,0.032116,0.034091,0.021834,0.716115,0.016980,0.043159
0.065286,0.054483,0.140184,0.083602,0.115457,0.133210,0.189329,0.049626,0.051455,0.117367
0.044279,0.061706,0.057701,0.063758,0.122972,0.051066,0.185152,0.095794,0.255153,0.062418
0.032091,0.021511,0.711076,0.016777,0.038093,0.072335,0.017913,0.021215,0.051683,0.017307
0.043144,0.044433,0.688229,0.017734,0.039391,0.024496,0.036138,0.019586,0.019920,0.066928
0.084851,0.071341,0.117012,0.061748,0.114745,0.068803,0.067556,0.120034,0.202434,0.091476
0.027865,0.015522,0.064962,0.036774,0.022104,0.014551,0.072775,0.709794,0.016935,0.018718
0.087810,0.059115,0.159311,0.127702,0.073546,0.076810,0.123719,0.107354,0.053954,0.130678
0.151779,0.070848,0.066835,0.179235,0.087497,0.060356,0.127496,0.100268,0.082660,0.073027
0.126538,0.052620,0.051651,0.101226,0.101304,0.153240,0.134990,0.091635,0.135674,0.051122
0.090726,0.083280,0.089717,0.081782,0.101535,0.065961,0.078460,0.088610,0.172498,0.147432
0.100914,0.108628,0.062085,0.174989,0.088116,0.106941,0.076040,0.082541,0.090037,0.109709
0.022575,0.019168,0.037453,0.061386,0.034321,0.020276,0.024736,0.714634,0.017594,0.047856
0.076331,0.063984,0.052426,0.118911,0.102642,0.105216,0.164730,0.084144,0.115983,0.115632
0.138971,0.062673,0.088733,0.078425,0.102496,0.152279,0.073832,0.064656,0.142153,0.095783
0.019101,0.043525,0.034534,0.026817,0.028542,0.012507,0.044362,0.744378,0.016176,0.030058
0.078046,0.025782,0.695143,0.017898,0.038768,0.022927,0.020712,0.038141,0.020217,0.042367
0.098158,0.101998,0.063825,0.105662,0.117559,0.058657,0.127378,0.114724,0.141200,0.070838
0.067004,0.071464,0.149400,0.117154,0.084573,0.090621,0.092352,0.079366,0.122636,0.125429
0.150148,0.070337,0.062452,0.101132,0.084160,0.107171,0.116118,0.129578,0.061039,0.117866
0.138656,0.165684,0.047949,0.127171,0.061968,0.069333,0.052055,0.081544,0.139347,0.116293
0.152450,0.057593,0.117046,0.151862,0.126453,0.053985,0.070121,0.107946,0.055262,0.107283
0.071963,0.067780,0.136886,0.148005,0.105146,0.047173,0.087678,0.083072,0.154267,0.098030
0.058459,0.019801,0.725544,0.015709,0.047617,0.028526,0.016508,0.019894,0.020501,0.047442
0.104431,0.077608,0.175028,0.183512,0.151794,0.058209,0.068150,0.061874,0.060925,0.058469
0.025087,0.021809,0.684985,0.017169,0.031222,0.048174,0.059961,0.020735,0.039638,0.051220
0.050351,0.098047,0.078743,0.079900,0.167209,0.063323,0.107022,0.142114,0.074058,0.139233
0.105043,0.120862,0.066252,0.072118,0.088905,0.113749,0.077493,0.100233,0.088347,0.166997
0.097386,0.085180,0.056209,0.115938,0.077613,0.068226,0.234914,0.070179,0.070697,0.123658
0.138987,0.180417,0.053733,0.084678,0.105346,0.178109,0.066248,0.054123,0.056014,0.082345
0.140616,0.086478,0.066063,0.117520,0.076051,0.162903,0.064283,0.101114,0.065179,0.119793
0.114443,0.075411,0.083254,0.137628,0.092169,0.061338,0.088380,0.118060,0.155481,0.073835
0.082085,0.071264,0.066961,0.181099,0.069118,0.188066,0.095268,0.066750,0.121392,0.057996
0.103804,0.093805,0.061655,0.167031,0.120111,0.053049,0.062230,0.133317,0.138096,0.066902
0.021335,0.014358,0.039343,0.038140,0.019225,0.012395,0.059464,0.743641,0.015975,0.036124
0.149913,0.058899,0.052466,0.113057,0.129000,0.139232,0.081377,0.066832,0.126391,0.082834
0.066957,0.023297,0.058435,0.037684,0.029835,0.046069,0.027022,0.649010,0.018673,0.043019
0.022335,0.019467,0.039427,0.016690,0.036913,0.019724,0.025464,0.766150,0.016883,0.036947
0.078001,0.080883,0.070065,0.126229,0.077290,0.157525,0.069127,0.083276,0.152599,0.105004
0.029614,0.021271,0.714594,0.017427,0.046250,0.021124,0.019872,0.024373,0.059403,0.046073
0.070192,0.199285,0.114046,0.139122,0.101678,0.070547,0.063570,0.126088,0.060316,0.055155
0.078581,0.046875,0.178779,0.201531,0.077252,0.043930,0.172097,0.060067,0.045849,0.095040
0.059485,0.118992,0.113587,0.099919,0.089534,0.124651,0.119174,0.068974,0.120459,0.085225
0.093479,0.063518,0.121574,0.110235,0.132604,0.059371,0.069004,0.084284,0.145171,0.120760
0.173239,0.057549,0.111998,0.099333,0.126195,0.068251,0.108287,0.056761,0.074809,0.123579
0.084956,0.055958,0.127821,0.061339,0.109324,0.182301,0.097261,0.107053,0.072678,0.101309
0.146800,0.060578,0.061366,0.165042,0.104016,0.087204,0.077696,0.118155,0.064420,0.114725
0.045879,0.056962,0.160849,0.096231,0.114997,0.068692,0.070603,0.096112,0.159745,0.129930
0.074675,0.058335,0.051584,0.138220,0.066769,0.201128,0.094476,0.086183,0.148838,0.079792
0.039506,0.074173,0.141157,0.084035,0.090774,0.138400,0.165743,0.091935,0.126887,0.047390
0.137809,0.048758,0.137170,0.163649,0.066148,0.174170,0.054461,0.064296,0.060378,0.093162
0.062257,0.074671,0.145394,0.134311,0.103101,0.144810,0.084042,0.064682,0.115668,0.071063
0.063402,0.077457,0.091011,0.109546,0.107413,0.162531,0.065282,0.085331,0.120025,0.118001
0.020595,0.049296,0.015293,0.034084,0.031520,0.018487,0.018482,0.759387,0.016099,0.036757
0.119979,0.152150,0.105565,0.086214,0.079379,0.069747,0.058521,0.076629,0.138094,0.113722
0.027993,0.022434,0.018770,0.071731,0.031673,0.057330,0.018019,0.684479,0.018413,0.049158
0.036168,0.022092,0.712087,0.018069,0.036300,0.030661,0.032273,0.049184,0.031558,0.031607
0.141640,0.090389,0.057261,0.121813,0.081954,0.182750,0.077409,0.104276,0.075542,0.066965
0.078797,0.083580,0.166035,0.130961,0.070490,0.168027,0.063522,0.068026,0.065013,0.105548
0.086057,0.060740,0.106909,0.132608,0.076230,0.070466,0.170594,0.087469,0.077136,0.131793
0.124962,0.201917,0.046708,0.130676,0.100745,0.057554,0.140859,0.060653,0.046109,0.089816
0.124104,0.059049,0.119043,0.097902,0.084859,0.101528,0.154858,0.060777,0.103274,0.094605
0.086119,0.062439,0.167608,0.095338,0.138667,0.104090,0.090549,0.121471,0.074620,0.059100
0.130734,0.055780,0.117920,0.113597,0.104652,0.092605,0.057162,0.099179,0.122915,0.105457
0.028879,0.018222,0.068647,0.040007,0.024332,0.013374,0.061878,0.698945,0.017614,0.028103
0.026411,0.021249,0.016386,0.069159,0.037832,0.028844,0.016867,0.712963,0.017410,0.052879
0.127662,0.075002,0.143809,0.167875,0.102768,0.081886,0.069534,0.071431,0.094873,0.065161
0.075180,0.066095,0.117399,0.114505,0.097457,0.049461,0.089978,0.098674,0.172319,0.118932
0.144307,0.054281,0.150417,0.091037,0.121609,0.066879,0.066137,0.086466,0.119209,0.099657
0.034041,0.018160,0.033964,0.035298,0.023877,0.019639,0.061629,0.720423,0.016976,0.035993
0.052530,0.020407,0.048986,0.033970,0.018570,0.059877,0.046297,0.667608,0.017251,0.034503
0.141577,0.065384,0.062905,0.071079,0.202515,0.055885,0.070312,0.101391,0.083502,0.145450
0.215174,0.053403,0.127539,0.132039,0.117594,0.042633,0.051544,0.093324,0.053740,0.113010
0.022729,0.016985,0.037234,0.035748,0.024399,0.062602,0.022876,0.719161,0.017257,0.041009
0.065758,0.053303,0.122033,0.136217,0.111289,0.187142,0.062398,0.067369,0.065929,0.128561
0.065219,0.056023,0.145889,0.156965,0.121309,0.171691,0.065304,0.079003,0.056706,0.081891
0.077274,0.074189,0.127020,0.114787,0.069922,0.054217,0.082928,0.081329,0.190664,0.127670
0.121909,0.060944,0.124298,0.167554,0.110861,0.052915,0.057957,0.074684,0.057628,0.171248
0.135213,0.065527,0.104792,0.160403,0.079728,0.151963,0.056939,0.081582,0.114204,0.049648
0.064251,0.146194,0.051304,0.136252,0.061407,0.146375,0.144797,0.086638,0.107990,0.054794
0.064589,0.054636,0.108409,0.123972,0.065024,0.156454,0.076677,0.086311,0.168904,0.095024
0.076690,0.056552,0.152041,0.129625,0.072716,0.050311,0.169900,0.111190,0.120101,0.060875
0.025820,0.034913,0.662179,0.017564,0.056026,0.083787,0.020623,0.034781,0.022877,0.041428
0.133871,0.048656,0.060454,0.166143,0.064154,0.084196,0.183660,0.078343,0.065266,0.115257
0.068587,0.061887,0.178618,0.157065,0.094684,0.075494,0.056649,0.055067,0.130788,0.121160
0.076681,0.076969,0.204361,0.119915,0.077520,0.038768,0.227085,0.092130,0.046035,0.040537
0.120261,0.050898,0.141217,0.149499,0.123962,0.164130,0.061078,0.084250,0.049370,0.055335
0.026117,0.017267,0.044965,0.035466,0.029996,0.042937,0.020117,0.724586,0.018582,0.039968
0.110110,0.073380,0.119709,0.110779,0.092199,0.138881,0.139950,0.069774,0.054240,0.090979
0.110973,0.061236,0.118552,0.115181,0.091706,0.053367,0.127172,0.085771,0.147607,0.088436
0.142303,0.063476,0.061199,0.178032,0.196205,0.083208,0.058780,0.099873,0.061906,0.055016
0.093448,0.057351,0.110189,0.136967,0.093624,0.053724,0.086930,0.094760,0.136489,0.136518
0.078500,0.054175,0.170583,0.137050,0.070348,0.066731,0.082795,0.091617,0.188189,0.060013
0.212618,0.052702,0.063044,0.184735,0.136316,0.055599,0.043956,0.091322,0.046115,0.113593
0.073643,0.057660,0.140039,0.112423,0.069401,0.049790,0.178512,0.096871,0.116371,0.105290
0.077550,0.089706,0.147241,0.117550,0.072667,0.096122,0.097777,0.105791,0.068745,0.126851
0.066421,0.051378,0.090557,0.156791,0.108053,0.170170,0.057369,0.083748,0.118806,0.096708
0.025831,0.027656,0.715596,0.017691,0.039253,0.015260,0.026812,0.033185,0.041406,0.057310
0.029240,0.017339,0.688751,0.016812,0.022213,0.064120,0.065614,0.020925,0.039162,0.035824
0.066466,0.070808,0.154852,0.134304,0.116903,0.070171,0.059516,0.087468,0.125859,0.113653
0.127089,0.055734,0.099995,0.192643,0.111182,0.168080,0.051461,0.085597,0.052595,0.055624
0.136007,0.059139,0.102909,0.087736,0.067657,0.091906,0.206702,0.069267,0.127000,0.051676
0.042641,0.015276,0.030315,0.034498,0.039842,0.012506,0.053270,0.722511,0.015944,0.033198
0.110220,0.065247,0.097150,0.109892,0.095856,0.155273,0.153982,0.061619,0.063262,0.087501
0.034200,0.018872,0.704155,0.017292,0.023388,0.067466,0.019943,0.018041,0.058511,0.038131
0.034176,0.025643,0.718502,0.017490,0.054710,0.022513,0.030372,0.034197,0.044865,0.017530
0.084349,0.061605,0.165056,0.157230,0.074996,0.083490,0.088785,0.088907,0.074280,0.121302
0.143673,0.103373,0.059034,0.140422,0.076487,0.085231,0.065688,0.100588,0.168531,0.056971
0.107030,0.068383,0.064299,0.149735,0.203169,0.052394,0.107898,0.121594,0.065035,0.060463
0.047967,0.087764,0.059695,0.117464,0.080217,0.203115,0.113115,0.059650,0.136079,0.094933
0.050558,0.017341,0.723333,0.016437,0.037965,0.027942,0.025747,0.033647,0.025593,0.041437
0.091768,0.091077,0.051311,0.143342,0.090467,0.065712,0.221242,0.086442,0.071466,0.087174
0.070933,0.029932,0.698315,0.016433,0.027946,0.021683,0.031144,0.034359,0.026033,0.043222
0.067303,0.184314,0.101928,0.116826,0.069425,0.079533,0.099839,0.106236,0.059548,0.115047
0.079683,0.248505,0.053625,0.093966,0.090122,0.073142,0.082116,0.080007,0.065231,0.133603
0.071920,0.067676,0.114155,0.109092,0.099398,0.122144,0.059970,0.072996,0.180137,0.102513
0.063241,0.074486,0.144127,0.123207,0.075271,0.114304,0.058181,0.079624,0.154351,0.113208
0.110935,0.103535,0.086947,0.171233,0.147946,0.078105,0.074810,0.082463,0.070336,0.073691
0.135023,0.067527,0.148192,0.080998,0.108168,0.151505,0.053269,0.081578,0.118591,0.055149
0.038173,0.024834,0.017814,0.037795,0.029861,0.020789,0.026378,0.744375,0.018140,0.041842
0.024437,0.020608,0.015913,0.036518,0.029819,0.051990,0.025655,0.740939,0.017690,0.036429
0.077307,0.023520,0.683473,0.018168,0.047732,0.024371,0.034762,0.028674,0.039449,0.022544
0.024409,0.018395,0.683138,0.017443,0.033172,0.064947,0.063374,0.034082,0.019335,0.041705
0.127697,0.056950,0.106446,0.080942,0.100038,0.070402,0.137253,0.092241,0.120788,0.107244
0.074104,0.018282,0.677287,0.016569,0.031177,0.020339,0.068681,0.022743,0.051098,0.019719
0.084027,0.169715,0.070362,0.086630,0.070375,0.176163,0.081932,0.055573,0.144724,0.060499
0.158632,0.079085,0.052765,0.154359,0.089233,0.143136,0.059247,0.066439,0.066426,0.130677
0.082313,0.082495,0.123809,0.138363,0.079032,0.055649,0.091122,0.092905,0.139504,0.114808
0.081011,0.060082,0.072400,0.090748,0.072015,0.072160,0.199691,0.086660,0.159093,0.106142
0.059248,0.048654,0.130472,0.133859,0.060588,0.142729,0.158321,0.048895,0.107014,0.110218
0.062241,0.052661,0.141696,0.119661,0.100196,0.048683,0.144579,0.077120,0.136915,0.116248
0.138579,0.057998,0.109464,0.110333,0.109080,0.176664,0.058026,0.086259,0.056325,0.097272
0.028468,0.022518,0.703695,0.017884,0.034272,0.021840,0.030483,0.049546,0.058968,0.032325
0.086385,0.063460,0.121473,0.132140,0.102172,0.092321,0.118652,0.096288,0.066686,0.120423
0.026374,0.020656,0.684227,0.017704,0.062329,0.021422,0.020389,0.040746,0.055319,0.050835
0.071583,0.060741,0.116739,0.145918,0.102525,0.086204,0.065631,0.130983,0.073760,0.145917
0.067046,0.065744,0.128763,0.132253,0.060989,0.064923,0.159560,0.100468,0.129956,0.090298
0.070309,0.024708,0.048037,0.035423,0.028759,0.013436,0.016669,0.712245,0.017299,0.033113
0.068734,0.054502,0.053354,0.109245,0.114314,0.171079,0.080186,0.080463,0.187744,0.080378
0.117665,0.146680,0.130771,0.111459,0.095963,0.105027,0.081795,0.049606,0.108436,0.052597
0.094113,0.087074,0.059278,0.168328,0.156114,0.055226,0.113055,0.086428,0.062393,0.117990
0.028731,0.020740,0.735332,0.017917,0.025377,0.058934,0.021850,0.035020,0.020452,0.035647
0.025799,0.022675,0.041612,0.076516,0.022959,0.015259,0.077990,0.684585,0.016982,0.015625
0.172699,0.058756,0.123588,0.095641,0.074412,0.073873,0.090144,0.099004,0.072868,0.139014
0.163435,0.054674,0.188581,0.201679,0.064638,0.043925,0.077451,0.073643,0.050154,0.081820
0.078110,0.077927,0.156641,0.117651,0.118043,0.069680,0.100060,0.091528,0.060509,0.129851
0.112420,0.154647,0.049312,0.054467,0.102029,0.119772,0.139087,0.063282,0.133892,0.071091
0.142244,0.103789,0.057585,0.103574,0.122928,0.085289,0.072666,0.088814,0.079754,0.143355
0.052650,0.027553,0.016137,0.067786,0.022705,0.040148,0.026839,0.709106,0.017707,0.019369
0.211085,0.068026,0.057417,0.065616,0.130632,0.081408,0.099516,0.120434,0.058569,0.107299
0.033342,0.019309,0.038017,0.028951,0.032835,0.041016,0.051736,0.714318,0.017332,0.023145
0.092050,0.063335,0.118344,0.154863,0.127792,0.051970,0.091045,0.074852,0.071118,0.154630
0.138912,0.082744,0.050165,0.091378,0.100784,0.124435,0.156612,0.083928,0.119301,0.051742
0.071648,0.178717,0.103684,0.089689,0.088985,0.075684,0.083488,0.092694,0.131572,0.083837
0.076545,0.069902,0.122342,0.126696,0.107545,0.076643,0.096649,0.102757,0.120029,0.100892
0.075608,0.074786,0.151152,0.178834,0.088845,0.065183,0.064362,0.066721,0.121251,0.113258
0.057433,0.014651,0.050276,0.038039,0.025438,0.033679,0.054679,0.676433,0.017550,0.031822
0.032006,0.018680,0.726158,0.017323,0.026356,0.028531,0.024528,0.029845,0.054545,0.042029
0.072976,0.049459,0.116773,0.047775,0.108072,0.206292,0.194199,0.055230,0.048308,0.100917
0.061555,0.064909,0.134659,0.143642,0.103183,0.103612,0.157786,0.077018,0.062041,0.091595
0.132934,0.055645,0.052947,0.108617,0.071841,0.156150,0.077113,0.078479,0.170501,0.095774
0.023932,0.014949,0.041990,0.036334,0.023011,0.019130,0.054331,0.752024,0.016567,0.017732
0.067014,0.064298,0.128761,0.104429,0.101797,0.158889,0.054526,0.060913,0.160628,0.098745
0.125489,0.063428,0.114301,0.131322,0.104736,0.112927,0.106035,0.083226,0.064788,0.093748
0.024018,0.018016,0.729156,0.017496,0.038327,0.020717,0.028253,0.030305,0.048474,0.045239
0.141091,0.158763,0.103935,0.126075,0.071529,0.173093,0.071041,0.061809,0.046253,0.046412
0.081314,0.052823,0.114343,0.202623,0.115987,0.073608,0.061256,0.092598,0.070918,0.134529
0.067897,0.049779,0.126715,0.127093,0.071470,0.146850,0.154817,0.093710,0.109287,0.052380
0.079331,0.084426,0.188147,0.052134,0.136041,0.083340,0.226742,0.047093,0.057818,0.044928
0.089441,0.068714,0.127328,0.127491,0.102635,0.057594,0.068879,0.100967,0.139466,0.117484
0.043082,0.070963,0.149886,0.110108,0.068405,0.087405,0.189360,0.102313,0.120788,0.057690
0.134831,0.079472,0.100466,0.086593,0.064650,0.047321,0.170056,0.051126,0.161619,0.103865
0.083679,0.085627,0.175618,0.096739,0.095741,0.174721,0.068061,0.083192,0.074919,0.061702
0.061063,0.052088,0.111637,0.118915,0.065372,0.156201,0.141213,0.062671,0.140711,0.090128
0.077644,0.060891,0.154804,0.131393,0.069743,0.237445,0.054730,0.053592,0.050792,0.108967
0.123929,0.150655,0.128202,0.053753,0.058594,0.108173,0.068919,0.076210,0.133953,0.097611
0.081536,0.059847,0.114839,0.167121,0.071877,0.071415,0.121471,0.059355,0.129216,0.123322
0.054897,0.024742,0.723009,0.016869,0.041279,0.021826,0.017428,0.045373,0.021726,0.032851
0.052639,0.020574,0.696232,0.017110,0.037205,0.021140,0.064743,0.021241,0.051805,0.017310
0.132001,0.050677,0.088517,0.116150,0.079121,0.045661,0.174946,0.073091,0.137251,0.102584
0.072770,0.077768,0.134354,0.051996,0.076805,0.044937,0.211221,0.106260,0.059456,0.164432
0.136033,0.055935,0.169004,0.117200,0.140514,0.069431,0.062660,0.057111,0.128511,0.063600
0.138185,0.099159,0.071916,0.237195,0.083186,0.053974,0.096257,0.107378,0.057506,0.055243
0.078136,0.074724,0.049523,0.122786,0.113053,0.087350,0.168379,0.065295,0.183646,0.057108
0.128975,0.057951,0.151113,0.085806,0.114634,0.054112,0.069233,0.104699,0.122419,0.111059
0.114510,0.153244,0.084668,0.081994,0.074348,0.081725,0.166686,0.077476,0.058631,0.106719
0.129681,0.071498,0.123156,0.137362,0.117541,0.089957,0.079160,0.078683,0.069525,0.103437
0.082070,0.074131,0.137167,0.173035,0.088771,0.109887,0.078446,0.101029,0.082989,0.072475
0.083800,0.059302,0.070258,0.098266,0.099854,0.246879,0.058453,0.085593,0.076336,0.121257
0.110806,0.051682,0.097312,0.080745,0.060710,0.147382,0.161783,0.088534,0.132265,0.068781
0.026499,0.033920,0.702892,0.017605,0.066859,0.016805,0.020080,0.048813,0.019329,0.047198
0.121187,0.162259,0.053082,0.104930,0.100162,0.111182,0.062605,0.078381,0.113925,0.092286
0.023361,0.017138,0.055015,0.042123,0.028526,0.047116,0.052297,0.677775,0.018142,0.038508
0.066438,0.200815,0.084242,0.146054,0.059962,0.109527,0.085936,0.051583,0.107210,0.088232
0.042999,0.156178,0.122827,0.116684,0.097507,0.159584,0.071841,0.090363,0.053562,0.088455
0.158331,0.078968,0.159421,0.089522,0.070639,0.083263,0.086045,0.108958,0.056086,0.108767
0.022943,0.022375,0.036066,0.033333,0.022050,0.019145,0.062068,0.731489,0.016866,0.033666
0.026245,0.017657,0.065369,0.033876,0.050213,0.015069,0.025620,0.712539,0.017340,0.036072
0.084850,0.054484,0.108386,0.127436,0.093205,0.051005,0.214848,0.085527,0.067776,0.112483
0.071226,0.064711,0.228417,0.062315,0.126450,0.077235,0.056384,0.090679,0.054665,0.167920
0.067555,0.077490,0.086378,0.114570,0.062364,0.068409,0.162169,0.090187,0.161063,0.109813
0.025578,0.022459,0.042373,0.060156,0.025421,0.075613,0.019915,0.673117,0.019011,0.036357
0.078859,0.103301,0.062544,0.069573,0.085596,0.218449,0.061171,0.097445,0.061960,0.161102
0.043987,0.057380,0.143621,0.098968,0.077257,0.077834,0.238320,0.095716,0.069043,0.097874
0.084047,0.061529,0.069146,0.131751,0.090965,0.216525,0.056795,0.109972,0.068869,0.110401
0.114717,0.067941,0.101809,0.140015,0.100969,0.150522,0.071667,0.089632,0.111201,0.051527
0.114907,0.063151,0.133119,0.103777,0.108834,0.049051,0.053156,0.091782,0.170306,0.111917
0.095831,0.062263,0.058086,0.135350,0.105829,0.105029,0.097811,0.096339,0.174822,0.068640
0.058987,0.164886,0.136697,0.174139,0.061910,0.045658,0.185869,0.073748,0.051148,0.046958
0.039949,0.057632,0.103269,0.124591,0.121677,0.226791,0.162925,0.051257,0.063702,0.048206
0.111073,0.064004,0.162244,0.072077,0.086095,0.058593,0.064714,0.100598,0.152181,0.128420
0.037282,0.026962,0.700222,0.017652,0.039593,0.080980,0.032542,0.022389,0.021302,0.021076
0.137872,0.050514,0.103383,0.058131,0.067247,0.143271,0.190891,0.085635,0.064350,0.098705
0.109547,0.052345,0.060312,0.093815,0.092321,0.147701,0.159684,0.087647,0.108305,0.088324
0.066075,0.073998,0.051180,0.126816,0.087754,0.136895,0.200993,0.088297,0.066491,0.101500
0.066796,0.017574,0.648332,0.017061,0.051362,0.015001,0.073533,0.034155,0.020478,0.055708
0.146786,0.071899,0.068622,0.121233,0.096949,0.082898,0.069629,0.111131,0.088270,0.142582
0.133865,0.074521,0.149803,0.095661,0.117186,0.091825,0.056470,0.110582,0.053267,0.116819
0.125967,0.058214,0.109825,0.120229,0.109527,0.190608,0.064502,0.101253,0.069005,0.050870
0.026316,0.024787,0.687253,0.017086,0.037181,0.048799,0.058264,0.038204,0.018490,0.043620
0.037021,0.026686,0.706854,0.018352,0.042324,0.021987,0.031429,0.032897,0.020154,0.062297
0.089617,0.057621,0.058132,0.135539,0.078319,0.201983,0.073446,0.110941,0.072471,0.121931
0.044175,0.029326,0.706349,0.017998,0.037252,0.021988,0.018772,0.049878,0.056227,0.018035
0.087199,0.058307,0.071617,0.101466,0.127116,0.239110,0.089868,0.112843,0.056397,0.056075
0.097701,0.056946,0.118071,0.154975,0.136971,0.183597,0.069487,0.071239,0.056406,0.054606
0.140133,0.049432,0.114913,0.121129,0.097437,0.075422,0.176373,0.069610,0.049563,0.105988
0.113971,0.070182,0.127918,0.132608,0.097112,0.154639,0.069817,0.078255,0.058672,0.096827
0.059943,0.023100,0.723537,0.018161,0.026534,0.023647,0.021342,0.035028,0.021423,0.047284
0.045250,0.023341,0.698501,0.015800,0.035092,0.050938,0.057362,0.019901,0.019719,0.034096
0.062700,0.052940,0.106708,0.088585,0.116905,0.051581,0.183599,0.078937,0.148661,0.109386
0.113017,0.064449,0.128553,0.130930,0.089490,0.059863,0.147248,0.069936,0.108049,0.088465
0.028274,0.017492,0.075994,0.016905,0.039039,0.072079,0.026842,0.691571,0.016699,0.015104
0.027779,0.058184,0.710243,0.017007,0.052747,0.021829,0.019224,0.029647,0.025796,0.037546
0.021158,0.050424,0.015675,0.037272,0.019278,0.047371,0.023894,0.724213,0.016823,0.043894
0.085803,0.057151,0.096589,0.157932,0.078295,0.133910,0.153841,0.056116,0.068635,0.111728
0.096691,0.107879,0.061853,0.068174,0.144575,0.054090,0.062333,0.103749,0.141131,0.159526
0.120445,0.060160,0.109586,0.103771,0.060725,0.147042,0.166772,0.079697,0.060766,0.091036
0.119621,0.049797,0.048555,0.129222,0.101237,0.082037,0.164542,0.063053,0.149020,0.092916
0.160964,0.186869,0.107408,0.092314,0.094948,0.049703,0.070034,0.070398,0.058112,0.109251
0.092759,0.059979,0.077534,0.138256,0.078963,0.055260,0.079104,0.117903,0.156463,0.143780
0.137239,0.069811,0.105469,0.153889,0.106899,0.168889,0.063986,0.077243,0.064157,0.052418
0.088887,0.089284,0.133714,0.058801,0.082897,0.226964,0.062944,0.079898,0.067908,0.108703
0.128018,0.046004,0.139196,0.120578,0.067877,0.144344,0.146364,0.060705,0.045993,0.100923
0.068702,0.066320,0.103966,0.079316,0.099650,0.073014,0.162347,0.092612,0.161361,0.092713
0.033541,0.023667,0.059389,0.037735,0.036508,0.019984,0.060263,0.679399,0.017748,0.031765
0.227485,0.067902,0.163768,0.063793,0.138696,0.068728,0.058043,0.072178,0.085264,0.054143
0.064140,0.052138,0.142455,0.082077,0.113040,0.088516,0.181975,0.103372,0.051416,0.120871
0.101867,0.056620,0.123298,0.088897,0.085398,0.139475,0.136885,0.074083,0.104687,0.088789
0.035272,0.026588,0.718994,0.018585,0.047338,0.024546,0.022325,0.062722,0.024201,0.019431
0.074407,0.066808,0.110000,0.138495,0.077244,0.181669,0.053594,0.103958,0.138221,0.055604
0.082311,0.054681,0.169795,0.097715,0.118643,0.076389,0.128797,0.083393,0.053699,0.134577
0.087072,0.059846,0.058903,0.136635,0.140140,0.053437,0.060323,0.101098,0.163033,0.139513
0.081676,0.052904,0.050872,0.059955,0.119042,0.178633,0.223104,0.053748,0.120728,0.059338
0.087062,0.078129,0.172176,0.194293,0.115215,0.050093,0.062875,0.082441,0.070669,0.087045
0.047925,0.024862,0.690249,0.017716,0.030825,0.039201,0.017849,0.041415,0.045812,0.044144
0.141104,0.054184,0.120104,0.138667,0.119257,0.051002,0.150085,0.077668,0.051939,0.095990
0.060630,0.227911,0.156081,0.135845,0.068571,0.046309,0.076107,0.050837,0.052333,0.125376
0.058258,0.063595,0.699044,0.018433,0.033630,0.026624,0.023164,0.026098,0.027515,0.023641
0.052717,0.028770,0.680017,0.017554,0.051883,0.020627,0.031111,0.039455,0.049381,0.028483
0.026316,0.019657,0.706841,0.015769,0.057470,0.050791,0.016317,0.016540,0.048641,0.041658
0.066854,0.022471,0.037478,0.035131,0.032173,0.019237,0.021987,0.703756,0.016666,0.044247
0.021992,0.050207,0.713394,0.016475,0.020431,0.059261,0.017891,0.025996,0.037359,0.036996
0.067478,0.068955,0.167278,0.132746,0.104591,0.069183,0.095332,0.107569,0.057395,0.129474
0.080735,0.056781,0.117672,0.134709,0.099005,0.201922,0.064311,0.120169,0.060549,0.064146
0.071496,0.024848,0.066805,0.017742,0.029396,0.020829,0.065109,0.638291,0.017779,0.047707
0.082900,0.087502,0.071809,0.139249,0.128513,0.078084,0.199724,0.086254,0.065940,0.060025
0.030479,0.018811,0.686983,0.016933,0.032685,0.070552,0.026618,0.021355,0.053702,0.041881
0.095711,0.109214,0.063267,0.109357,0.136063,0.056051,0.075469,0.122230,0.076810,0.155829
0.094001,0.086936,0.125113,0.235102,0.079017,0.054875,0.060875,0.092861,0.057977,0.113243
0.078010,0.061167,0.113425,0.127206,0.069725,0.091406,0.062814,0.088145,0.180249,0.127855
0.048359,0.024428,0.054522,0.036876,0.027595,0.043721,0.022022,0.687137,0.018098,0.037242
0.086629,0.077908,0.116259,0.062350,0.081742,0.172211,0.098778,0.070699,0.126816,0.106608
0.051735,0.016564,0.016598,0.042157,0.025544,0.040332,0.074341,0.694055,0.018483,0.020190
0.148778,0.062208,0.078754,0.128257,0.138913,0.058912,0.095505,0.094083,0.060827,0.133764
0.047970,0.023838,0.668085,0.017388,0.029630,0.048567,0.061700,0.022018,0.044388,0.036416
0.051812,0.017856,0.719498,0.016325,0.039341,0.021268,0.028167,0.041499,0.021032,0.043203
0.074897,0.067457,0.092422,0.116057,0.122072,0.211349,0.048929,0.099868,0.063767,0.103183
0.061758,0.155775,0.101570,0.115942,0.099004,0.049645,0.164512,0.092885,0.066952,0.091956
0.150660,0.106996,0.130647,0.069260,0.133260,0.085482,0.068628,0.077259,0.059971,0.117837
0.127504,0.051603,0.127832,0.058896,0.099143,0.164800,0.060881,0.074588,0.143491,0.091263
0.022094,0.016787,0.037272,0.035319,0.023346,0.064768,0.062927,0.684921,0.017083,0.035484
0.090165,0.067505,0.112178,0.099463,0.088136,0.212838,0.054040,0.066591,0.068187,0.140897
0.024946,0.019440,0.035240,0.035891,0.035827,0.036401,0.017152,0.739404,0.016425,0.039274
0.092953,0.058118,0.175473,0.064236,0.094850,0.152032,0.086028,0.086780,0.053660,0.135870
0.123761,0.056058,0.103620,0.105879,0.064706,0.162789,0.061575,0.081237,0.141303,0.099074
0.104206,0.095850,0.113829,0.048642,0.115353,0.059095,0.050061,0.051400,0.180657,0.180906
0.134908,0.067252,0.051835,0.107241,0.107644,0.069266,0.181368,0.097802,0.064460,0.118223
0.128325,0.071411,0.128009,0.101848,0.096521,0.116367,0.137504,0.051309,0.063071,0.105634
0.066285,0.075040,0.083951,0.119821,0.098103,0.148600,0.157960,0.090233,0.050381,0.109627
0.067588,0.016782,0.061685,0.039726,0.030647,0.014474,0.057094,0.667860,0.018247,0.025898
0.160362,0.054941,0.054750,0.188541,0.086225,0.078079,0.068204,0.083050,0.122704,0.103145
0.120078,0.146337,0.060120,0.135660,0.096061,0.063869,0.163045,0.089383,0.058065,0.067382
0.079006,0.060223,0.071406,0.096163,0.127537,0.197197,0.070261,0.085327,0.126928,0.085952
0.029198,0.021074,0.694928,0.018199,0.057508,0.032829,0.021620,0.049488,0.057175,0.017981
0.075828,0.170157,0.125961,0.121254,0.109915,0.048759,0.079534,0.078693,0.064779,0.125119
0.150123,0.062905,0.052921,0.147106,0.070494,0.068176,0.096124,0.087201,0.180439,0.084512
0.082160,0.090703,0.071400,0.136624,0.089239,0.092364,0.057950,0.096605,0.133607,0.149349
0.026031,0.019279,0.039444,0.036258,0.023208,0.019912,0.017508,0.764672,0.016867,0.036820
0.027583,0.017254,0.025630,0.072177,0.031234,0.050766,0.017877,0.700960,0.018435,0.038084
0.022253,0.015451,0.037946,0.035478,0.028540,0.025696,0.017525,0.764070,0.016952,0.036089
0.132423,0.073750,0.144105,0.122779,0.075399,0.071206,0.117747,0.082462,0.056403,0.123726
0.137663,0.052902,0.092512,0.120517,0.068189,0.125993,0.059053,0.053608,0.192867,0.096697
0.090766,0.095073,0.118370,0.065238,0.078609,0.080360,0.243090,0.096360,0.077141,0.054993
0.126459,0.054256,0.052284,0.157128,0.067613,0.167626,0.059954,0.054413,0.150141,0.110126
0.046882,0.022431,0.045566,0.031013,0.029572,0.060325,0.019727,0.686310,0.018193,0.039980
0.027513,0.018986,0.700481,0.016585,0.034374,0.046794,0.066387,0.020622,0.051837,0.016422
0.080220,0.070819,0.132107,0.148988,0.125703,0.090688,0.093838,0.070482,0.073052,0.114102
0.049249,0.027839,0.697953,0.017266,0.052747,0.018446,0.040456,0.024117,0.022623,0.049304
0.059211,0.154531,0.133365,0.141597,0.098248,0.048041,0.169325,0.072230,0.052912,0.070540
0.076919,0.055947,0.068351,0.141554,0.080463,0.069428,0.147647,0.101667,0.138287,0.119737
0.038177,0.032232,0.727331,0.017277,0.031599,0.017195,0.034051,0.036940,0.020511,0.044687
0.063120,0.150549,0.141326,0.079360,0.102766,0.063940,0.054646,0.094189,0.154112,0.095990
0.033811,0.050335,0.057154,0.054970,0.019351,0.013985,0.024230,0.687965,0.016896,0.041303
0.038340,0.021381,0.720163,0.016879,0.056201,0.022754,0.017815,0.021706,0.035397,0.049365
0.121445,0.066320,0.106556,0.136652,0.062698,0.177312,0.052969,0.064304,0.137124,0.074620
0.079705,0.066478,0.167786,0.112975,0.144831,0.059111,0.070909,0.085146,0.087798,0.125261
0.042753,0.075194,0.128297,0.127244,0.108150,0.068743,0.099508,0.094617,0.197924,0.057570
0.027053,0.020338,0.016163,0.041355,0.038384,0.029363,0.075786,0.707328,0.017873,0.026357
0.130075,0.068609,0.159686,0.081588,0.095591,0.164941,0.055788,0.063651,0.061137,0.118934
0.025128,0.024825,0.701284,0.017441,0.042856,0.016327,0.068138,0.035886,0.027944,0.040170
0.049436,0.020196,0.035381,0.040128,0.028756,0.020265,0.023504,0.725420,0.017278,0.039638
0.056546,0.051442,0.461481,0.080673,0.079137,0.053086,0.047794,0.085326,0.043643,0.040873
0.027284,0.052604,0.679941,0.017008,0.037181,0.021128,0.068982,0.029464,0.049875,0.016533
0.049653,0.015558,0.064572,0.031960,0.025988,0.048917,0.018510,0.712698,0.017042,0.015100
0.065767,0.066370,0.119848,0.116622,0.090998,0.061539,0.148385,0.090223,0.144986,0.095262
0.113330,0.147059,0.059157,0.111439,0.056466,0.084768,0.143144,0.077957,0.106651,0.100029
0.130481,0.085398,0.104057,0.202784,0.084663,0.063494,0.079645,0.067115,0.063074,0.119289
0.149096,0.057425,0.063782,0.057479,0.087946,0.225579,0.061737,0.051548,0.115561,0.129845
0.021679,0.022858,0.043103,0.034437,0.025848,0.025332,0.055477,0.717354,0.016923,0.036989
0.162767,0.086698,0.054373,0.091232,0.088542,0.047255,0.101464,0.069077,0.212106,0.086486
0.031449,0.028152,0.733503,0.016558,0.032894,0.029212,0.031078,0.031214,0.019935,0.046005
0.036324,0.018802,0.044656,0.036520,0.025442,0.020672,0.025665,0.738041,0.017370,0.036509
0.082296,0.069781,0.050291,0.089594,0.113645,0.216527,0.202711,0.053435,0.063877,0.057842
0.064715,0.057171,0.016012,0.036257,0.042478,0.044384,0.017476,0.680927,0.016888,0.023691
0.080183,0.063302,0.052770,0.048328,0.131964,0.269475,0.057820,0.053018,0.064395,0.178746
0.032710,0.020689,0.019362,0.041389,0.033177,0.015008,0.029024,0.750205,0.018978,0.039460
0.072939,0.077119,0.109106,0.111171,0.076696,0.174838,0.053273,0.063903,0.134905,0.126050
0.112152,0.194476,0.058970,0.099695,0.073220,0.101711,0.079725,0.061951,0.131524,0.086576
0.081565,0.019974,0.043307,0.017399,0.043028,0.013886,0.020993,0.726830,0.016975,0.016043
0.139443,0.062084,0.134618,0.051094,0.116407,0.197295,0.053812,0.081005,0.056082,0.108160
0.129723,0.072456,0.053911,0.085692,0.080023,0.159901,0.156025,0.081979,0.125464,0.054826
0.093464,0.084861,0.112228,0.160278,0.090741,0.103292,0.108726,0.090432,0.063118,0.092859
0.065141,0.069689,0.106188,0.210064,0.085836,0.062421,0.182940,0.065735,0.049967,0.102020
0.080285,0.057450,0.160040,0.063491,0.123669,0.097293,0.084776,0.092495,0.132513,0.107989
0.137038,0.072382,0.150556,0.134941,0.086711,0.048028,0.056454,0.096567,0.130366,0.086957
0.126675,0.153864,0.100228,0.075206,0.104948,0.065942,0.171852,0.078594,0.052991,0.069700
0.103709,0.125170,0.115485,0.121847,0.081043,0.084872,0.130812,0.048044,0.099978,0.089039
0.167646,0.054487,0.139078,0.102526,0.134790,0.043757,0.048587,0.200042,0.064029,0.045057
0.025107,0.018751,0.038234,0.018711,0.032194,0.068647,0.026553,0.714979,0.018634,0.038191
0.134109,0.063875,0.111902,0.077581,0.102649,0.152959,0.058323,0.082361,0.115601,0.100639
0.105971,0.056418,0.117770,0.107706,0.086535,0.132278,0.145752,0.060466,0.100516,0.086588
0.080382,0.071370,0.056442,0.139307,0.088169,0.072064,0.064940,0.112745,0.201336,0.113244
0.076934,0.054036,0.145800,0.093959,0.118862,0.049767,0.195300,0.086700,0.119388,0.059253
0.122894,0.109761,0.222648,0.107531,0.085192,0.091164,0.067807,0.061168,0.074896,0.056940
0.129147,0.150499,0.083792,0.121941,0.075178,0.153016,0.058749,0.078380,0.060020,0.089279
0.024425,0.024822,0.695926,0.017070,0.038168,0.020296,0.064668,0.030474,0.045745,0.038406
0.077231,0.084115,0.113105,0.125859,0.083698,0.089338,0.159001,0.068406,0.146050,0.053198
0.077309,0.052319,0.142163,0.109076,0.081846,0.195619,0.090300,0.075383,0.055629,0.120356
0.062575,0.144624,0.122964,0.094221,0.095307,0.149692,0.054951,0.076469,0.110091,0.089105
0.149636,0.076543,0.115390,0.130168,0.070582,0.078886,0.058725,0.056193,0.157045,0.106833
0.070035,0.055581,0.120411,0.153821,0.068169,0.073729,0.152249,0.087089,0.119418,0.099499
0.075870,0.057752,0.107501,0.119895,0.106333,0.118957,0.061184,0.066570,0.164825,0.121114
0.101993,0.087103,0.166685,0.105731,0.078971,0.102378,0.062084,0.090318,0.072375,0.132363
0.072176,0.166969,0.097949,0.105302,0.074511,0.130038,0.199303,0.061555,0.046070,0.046127
0.117771,0.127464,0.078804,0.106289,0.082392,0.130472,0.075384,0.074579,0.123038,0.083808
0.112207,0.053401,0.049402,0.054696,0.065366,0.156376,0.161783,0.078029,0.171914,0.096825
0.062659,0.164212,0.108039,0.108649,0.063150,0.092784,0.146178,0.076733,0.062358,0.115238
0.070135,0.094618,0.057337,0.064544,0.125559,0.212964,0.188925,0.057259,0.075547,0.053111
0.083537,0.076875,0.132261,0.087909,0.127298,0.095950,0.067682,0.069763,0.130329,0.128396
0.034903,0.020028,0.707964,0.016519,0.041259,0.021297,0.073957,0.031186,0.021172,0.031716
0.140585,0.051896,0.121249,0.121168,0.074876,0.179672,0.062473,0.076448,0.063874,0.107759
0.097257,0.088956,0.117759,0.097829,0.154403,0.074773,0.067867,0.092504,0.076425,0.132228
0.066128,0.073916,0.148895,0.082256,0.065690,0.123147,0.077523,0.084856,0.177959,0.099630
0.117684,0.049072,0.082224,0.132009,0.088177,0.100437,0.158023,0.075749,0.107843,0.088781
0.067955,0.055093,0.130971,0.107114,0.102860,0.120722,0.170946,0.083935,0.064975,0.095428
0.076185,0.167138,0.054454,0.126790,0.111118,0.075246,0.068551,0.088871,0.120608,0.111038
0.075678,0.061412,0.135683,0.055525,0.127445,0.090552,0.241382,0.064958,0.057089,0.090276
0.082102,0.050607,0.194384,0.044032,0.071280,0.057039,0.192842,0.105945,0.129142,0.072627
0.067476,0.085199,0.146212,0.117711,0.073620,0.065557,0.189576,0.078967,0.064903,0.110780
0.065487,0.065834,0.114173,0.133675,0.062705,0.156996,0.059394,0.092725,0.152113,0.096898
0.073357,0.058078,0.055112,0.124373,0.101106,0.053273,0.248277,0.074359,0.075410,0.136656
0.064288,0.049976,0.133725,0.078132,0.079043,0.163550,0.143045,0.063303,0.169676,0.055264
0.087791,0.022574,0.666136,0.016702,0.032130,0.088697,0.017804,0.025988,0.021318,0.020859
0.085867,0.056376,0.107226,0.092731,0.116438,0.141739,0.208895,0.069440,0.068855,0.052432
0.061509,0.141871,0.139385,0.129910,0.087808,0.082937,0.060073,0.081189,0.117432,0.097885
0.076704,0.048804,0.148276,0.183311,0.124108,0.066852,0.058872,0.102585,0.112610,0.077879
0.042143,0.021789,0.671746,0.017840,0.075584,0.067059,0.021870,0.038752,0.021395,0.021822
0.033286,0.069719,0.028946,0.018802,0.039865,0.031428,0.018228,0.724396,0.018174,0.017155
0.025101,0.021401,0.073943,0.044901,0.033590,0.021732,0.064966,0.666306,0.018747,0.029312
0.058925,0.022442,0.723779,0.017070,0.043712,0.016702,0.020331,0.021673,0.021184,0.054182
0.136678,0.049413,0.049232,0.113048,0.082178,0.128528,0.188464,0.097840,0.060640,0.093980
0.051854,0.018872,0.699478,0.017062,0.035053,0.068302,0.028180,0.023326,0.041063,0.016809
0.068927,0.066752,0.048466,0.138581,0.105459,0.148993,0.169964,0.090583,0.112210,0.050064
0.072695,0.052561,0.121185,0.173222,0.108673,0.047032,0.054441,0.084723,0.183685,0.101783
0.031405,0.019073,0.748809,0.015983,0.041386,0.054688,0.016830,0.036134,0.019515,0.016177
0.058961,0.136127,0.051460,0.077760,0.084814,0.131875,0.148672,0.072217,0.133052,0.105062
0.074972,0.086686,0.148902,0.060542,0.075637,0.091434,0.189946,0.080808,0.065227,0.125847
0.040995,0.022630,0.735798,0.017087,0.047343,0.018015,0.022495,0.019445,0.019983,0.056210
0.082659,0.055844,0.052196,0.123159,0.092518,0.178647,0.157304,0.107143,0.052638,0.097892
0.134591,0.050430,0.090988,0.145399,0.101296,0.069364,0.176790,0.074532,0.062341,0.094269
0.136905,0.064042,0.045999,0.132881,0.073879,0.168698,0.149861,0.062220,0.112747,0.052767
0.140893,0.051032,0.064330,0.058385,0.120612,0.211253,0.095258,0.078685,0.069235,0.110317
0.067230,0.244122,0.130550,0.059469,0.070812,0.064896,0.098779,0.053796,0.125719,0.084629
0.070395,0.016983,0.038171,0.043962,0.046097,0.027399,0.018728,0.697395,0.016770,0.024100
0.103489,0.084739,0.060970,0.168684,0.129825,0.075454,0.075268,0.096250,0.145506,0.059815
0.044628,0.021381,0.015363,0.049839,0.032122,0.060253,0.024285,0.703681,0.016934,0.031514
0.082670,0.091466,0.107786,0.125030,0.122274,0.177064,0.081038,0.107758,0.051967,0.052947
0.230154,0.070211,0.060835,0.066658,0.113279,0.081927,0.086849,0.097702,0.063026,0.129358
0.119736,0.068282,0.142474,0.087242,0.066279,0.071622,0.176724,0.096957,0.064587,0.106096
0.023939,0.014375,0.038498,0.035629,0.020622,0.044415,0.023164,0.744219,0.016745,0.038393
0.084723,0.081512,0.105464,0.059623,0.094367,0.072904,0.055212,0.105840,0.207753,0.132602
0.031773,0.023797,0.719877,0.018543,0.051283,0.024926,0.038231,0.042608,0.026007,0.022955
0.069372,0.068626,0.067154,0.120620,0.082701,0.151057,0.147115,0.120823,0.053691,0.118841
0.043949,0.020442,0.050360,0.031856,0.034064,0.042058,0.019447,0.706159,0.016699,0.034965
0.069078,0.050194,0.098686,0.135993,0.105810,0.164101,0.202470,0.064342,0.061925,0.047402
0.078832,0.058695,0.071339,0.115690,0.074276,0.175932,0.100669,0.092193,0.129286,0.103089
0.029745,0.046278,0.033202,0.031084,0.029032,0.040652,0.016605,0.723419,0.016626,0.033357
0.050575,0.018335,0.689338,0.017908,0.028401,0.021270,0.020723,0.032778,0.063361,0.057312
0.127770,0.063858,0.103945,0.108023,0.093418,0.145175,0.058067,0.051195,0.133000,0.115551
0.132541,0.155632,0.101766,0.131265,0.073435,0.178677,0.059929,0.059948,0.060848,0.045959
0.030456,0.018578,0.035784,0.033550,0.028999,0.040960,0.022807,0.733988,0.016725,0.038153
0.125734,0.059143,0.053914,0.136559,0.113830,0.161193,0.092702,0.080441,0.053329,0.123156
0.021979,0.018274,0.056133,0.033397,0.033333,0.013485,0.059125,0.731909,0.015881,0.016484
0.154238,0.090338,0.116344,0.098085,0.071894,0.076190,0.099541,0.083701,0.125405,0.084264
0.124644,0.053726,0.053714,0.061621,0.107119,0.168836,0.115275,0.066827,0.123664,0.124575
0.062183,0.072365,0.052568,0.177794,0.123367,0.142728,0.078504,0.099612,0.071920,0.118958
0.082883,0.021668,0.656595,0.016492,0.038322,0.085763,0.017385,0.021448,0.022490,0.036955
0.080902,0.080711,0.156726,0.119043,0.091344,0.076764,0.070171,0.073127,0.131984,0.119226
0.071234,0.028778,0.689946,0.015564,0.037641,0.069940,0.015937,0.029691,0.026357,0.014913
