0.000002,0.000024,0.000850,0.998486,0.000639
0.000049,0.000487,0.004798,0.948751,0.045915
0.000058,0.000173,0.003693,0.910703,0.085372
0.000025,0.000225,0.002518,0.981409,0.015823
0.000014,0.000138,0.001372,0.782131,0.216345
0.000002,0.000023,0.000516,0.779531,0.219928
0.000005,0.000037,0.000777,0.997291,0.001890
0.000026,0.000180,0.001732,0.562688,0.435374
0.000003,0.000034,0.000712,0.994569,0.004681
0.000028,0.000156,0.002494,0.941261,0.056060
0.000037,0.000271,0.004757,0.708679,0.286256
0.000023,0.000302,0.002429,0.562790,0.434456
0.000032,0.000242,0.004382,0.863489,0.131854
0.000001,0.000007,0.000183,0.456484,0.543325
0.000000,0.000006,0.000141,0.515511,0.484342
0.000047,0.000216,0.003615,0.940288,0.055834
0.000003,0.000027,0.000511,0.630723,0.368735
0.000018,0.000078,0.001479,0.690379,0.308046
0.000009,0.000095,0.002113,0.710986,0.286797
0.000008,0.000031,0.001424,0.912298,0.086239
0.000049,0.000286,0.003254,0.378066,0.618346
0.000060,0.000222,0.004951,0.904540,0.090226
0.000035,0.000263,0.004933,0.942190,0.052579
0.000000,0.000005,0.000134,0.734936,0.264925
0.000007,0.000056,0.001077,0.765165,0.233696
0.000000,0.000000,0.000004,0.903782,0.096213
0.000054,0.000270,0.002649,0.347210,0.649817
0.000032,0.000319,0.004569,0.760892,0.234188
0.000027,0.000317,0.002155,0.908094,0.089407
0.000006,0.000053,0.000752,0.717849,0.281340
0.000072,0.000794,0.008025,0.989276,0.001833
0.000034,0.000312,0.003977,0.640960,0.354717
0.000002,0.000024,0.000530,0.997178,0.002265
0.000027,0.000333,0.003065,0.802529,0.194046
0.000021,0.000202,0.002403,0.661932,0.335442
0.000011,0.000084,0.001014,0.635483,0.363407
0.000001,0.000009,0.000225,0.989730,0.010036
0.000020,0.000202,0.001986,0.589760,0.408033
0.000009,0.000080,0.001591,0.806248,0.192072
0.000025,0.000257,0.002160,0.297787,0.699771
0.000020,0.000288,0.004921,0.867911,0.126860
0.000002,0.000026,0.000572,0.975910,0.023490
0.000053,0.000352,0.003242,0.620284,0.376069
0.000001,0.000006,0.000245,0.975541,0.024207
0.000000,0.000003,0.000164,0.913865,0.085967
0.000009,0.000069,0.000941,0.849028,0.149954
0.000007,0.000055,0.001045,0.863563,0.135330
0.000026,0.000218,0.002957,0.904572,0.092227
0.000050,0.000344,0.003647,0.743435,0.252525
0.000093,0.000525,0.008501,0.987648,0.003233
0.000009,0.000082,0.000822,0.594496,0.404591
0.000068,0.000347,0.004778,0.780079,0.214729
0.000022,0.000217,0.002635,0.598162,0.398963
0.000087,0.000457,0.003819,0.658493,0.337144
0.000030,0.000230,0.002535,0.630665,0.366540
0.000001,0.000006,0.000149,0.482469,0.517375
0.000010,0.000153,0.002494,0.928226,0.069116
0.000031,0.000328,0.001441,0.358253,0.639946
0.000000,0.000000,0.000001,0.313351,0.686648
0.000027,0.000205,0.002440,0.814752,0.182576
0.000016,0.000170,0.002431,0.873329,0.124054
0.000000,0.000003,0.000071,0.992922,0.007004
0.000000,0.000000,0.000040,0.988905,0.011055
0.000025,0.000208,0.001411,0.591991,0.406365
0.000116,0.000946,0.008822,0.723301,0.266814
0.000001,0.000007,0.000252,0.949183,0.050557
0.000027,0.000344,0.001578,0.710970,0.287081
0.000021,0.000225,0.001773,0.688256,0.309725
0.000032,0.000276,0.003348,0.836675,0.159668
0.000007,0.000073,0.000982,0.902466,0.096472
0.000041,0.000272,0.003836,0.657562,0.338289
0.000028,0.000306,0.003900,0.682847,0.312920
0.000000,0.000004,0.000132,0.985934,0.013930
0.000009,0.000083,0.001851,0.929208,0.068850
0.000002,0.000023,0.000590,0.984833,0.014551
0.000045,0.000411,0.003341,0.774803,0.221401
0.000010,0.000081,0.001661,0.992422,0.005826
0.000004,0.000032,0.000625,0.434021,0.565319
0.000003,0.000053,0.000668,0.787590,0.211687
0.000085,0.000450,0.009278,0.985110,0.005076
0.000056,0.000273,0.005065,0.920768,0.073837
0.000003,0.000037,0.001099,0.873614,0.125248
0.000085,0.000519,0.004691,0.686031,0.308673
0.000000,0.000006,0.000195,0.906053,0.093746
0.000055,0.000217,0.004638,0.882754,0.112337
0.000032,0.000129,0.002730,0.950699,0.046411
0.000002,0.000020,0.000487,0.701046,0.298445
0.000020,0.000147,0.002374,0.843640,0.153819
0.000061,0.000378,0.005338,0.849720,0.144503
0.000020,0.000187,0.001102,0.876415,0.122276
0.000020,0.000135,0.001415,0.559806,0.438623
0.000071,0.000330,0.003624,0.742804,0.253172
0.000010,0.000109,0.001215,0.558647,0.440019
0.000022,0.000212,0.002126,0.902372,0.095268
0.000007,0.000059,0.000743,0.738388,0.260803
0.000015,0.000092,0.000888,0.611140,0.387866
0.000014,0.000116,0.001876,0.910926,0.087067
0.000015,0.000072,0.002010,0.906609,0.091294
0.000004,0.000044,0.001228,0.808938,0.189786
0.000003,0.000042,0.000529,0.907271,0.092155
0.000008,0.000070,0.001942,0.785988,0.211992
0.000007,0.000062,0.000624,0.932622,0.066685
0.000041,0.000177,0.002935,0.847853,0.148994
0.000003,0.000042,0.000567,0.892588,0.106800
0.000003,0.000032,0.000481,0.967664,0.031820
0.000021,0.000159,0.002092,0.653429,0.344299
0.000003,0.000039,0.000899,0.992884,0.006175
0.000061,0.000319,0.002972,0.617147,0.379501
0.000056,0.000548,0.007625,0.676033,0.315739
0.000000,0.000003,0.000153,0.991233,0.008610
0.000004,0.000050,0.000937,0.967588,0.031421
0.000006,0.000066,0.000934,0.961673,0.037321
0.000061,0.000854,0.010707,0.961100,0.027278
0.000036,0.000178,0.004120,0.945101,0.050565
0.000012,0.000153,0.001414,0.818762,0.179659
0.000001,0.000014,0.000308,0.886582,0.113095
0.000002,0.000029,0.000519,0.594246,0.405204
0.000066,0.000497,0.007468,0.990956,0.001012
0.000004,0.000058,0.000919,0.940424,0.058595
0.000064,0.000294,0.004414,0.797846,0.197380
0.000015,0.000131,0.002619,0.717754,0.279482
0.000001,0.000011,0.000224,0.801683,0.198081
0.000004,0.000047,0.000766,0.838080,0.161102
0.000028,0.000236,0.001626,0.419221,0.578889
0.000003,0.000026,0.000620,0.895575,0.103777
0.000031,0.000160,0.003853,0.931485,0.064470
0.000051,0.000468,0.003379,0.395770,0.600332
0.000014,0.000058,0.001806,0.951279,0.046844
0.000001,0.000006,0.000219,0.902725,0.097049
0.000033,0.000331,0.003570,0.611416,0.384651
0.000024,0.000136,0.001934,0.853400,0.144506
0.000054,0.000512,0.003033,0.616261,0.380140
0.000386,0.001382,0.010770,0.497519,0.489943
0.000011,0.000149,0.001085,0.876397,0.122359
0.000035,0.000409,0.004805,0.686611,0.308141
0.000136,0.000814,0.008806,0.923610,0.066633
0.000008,0.000062,0.001522,0.625037,0.373371
0.000078,0.000551,0.007800,0.876905,0.114666
0.000000,0.000000,0.000000,0.161514,0.838485
0.000016,0.000066,0.002933,0.927382,0.069603
0.000048,0.000275,0.003210,0.786862,0.209606
0.000010,0.000071,0.000705,0.536428,0.462786
0.000006,0.000062,0.001050,0.950488,0.048394
0.000001,0.000008,0.000239,0.878791,0.120961
0.000022,0.000175,0.001410,0.949248,0.049145
0.000018,0.000284,0.001517,0.913803,0.084379
0.000001,0.000016,0.000262,0.642301,0.357420
0.000025,0.000179,0.003305,0.728240,0.268249
0.000000,0.000000,0.000028,0.667700,0.332272
0.000049,0.000278,0.005141,0.804206,0.190326
0.000000,0.000000,0.000027,0.995440,0.004532
0.000024,0.000173,0.001869,0.787063,0.210871
0.000076,0.000836,0.010615,0.979389,0.009085
0.000036,0.000131,0.001764,0.706364,0.291704
0.000013,0.000176,0.000887,0.483819,0.515105
0.000072,0.000465,0.003207,0.624357,0.371899
0.000061,0.000299,0.004582,0.682617,0.312441
0.000026,0.000094,0.002567,0.775125,0.222188
0.000000,0.000000,0.000017,0.579595,0.420388
0.000002,0.000020,0.000510,0.918370,0.081098
0.000010,0.000157,0.001371,0.881562,0.116899
0.000016,0.000164,0.001744,0.710967,0.287108
0.000009,0.000103,0.001698,0.795522,0.202668
0.000074,0.000276,0.005164,0.934973,0.059513
0.000023,0.000191,0.002328,0.703632,0.293826
0.000023,0.000264,0.003720,0.800323,0.195670
0.000030,0.000311,0.002658,0.643574,0.353427
0.000102,0.000857,0.005642,0.861812,0.131588
0.000019,0.000156,0.001527,0.585482,0.412817
0.000012,0.000134,0.001225,0.905039,0.093589
0.000004,0.000049,0.000850,0.916396,0.082702
0.000179,0.000562,0.008445,0.978045,0.012769
0.000064,0.000363,0.005106,0.839630,0.154837
0.000028,0.000172,0.003391,0.786122,0.210286
0.000007,0.000065,0.000833,0.794213,0.204883
0.000033,0.000144,0.001536,0.617764,0.380524
0.000048,0.000324,0.004741,0.859642,0.135245
0.000018,0.000092,0.001533,0.732862,0.265495
0.000012,0.000155,0.001092,0.842964,0.155776
0.000174,0.001336,0.010375,0.799797,0.188317
0.000014,0.000120,0.001606,0.645809,0.352452
0.000029,0.000301,0.003068,0.874212,0.122390
0.000012,0.000151,0.001294,0.915562,0.082982
0.000036,0.000399,0.003841,0.431859,0.563864
0.000000,0.000004,0.000153,0.991096,0.008746
0.000015,0.000177,0.002911,0.937795,0.059102
0.000079,0.000409,0.005999,0.901548,0.091966
0.000008,0.000063,0.001214,0.987157,0.011558
0.000004,0.000051,0.000404,0.697296,0.302246
0.000000,0.000003,0.000085,0.631137,0.368774
0.000007,0.000070,0.000822,0.546400,0.452700
0.000001,0.000008,0.000204,0.978455,0.021332
0.000018,0.000162,0.002838,0.771839,0.225142
0.000012,0.000222,0.003809,0.828483,0.167474
0.000008,0.000090,0.001221,0.801151,0.197530
0.000014,0.000456,0.006031,0.815576,0.177924
0.000000,0.000005,0.000184,0.945204,0.054606
0.000006,0.000053,0.001556,0.991822,0.006562
0.000070,0.000312,0.003700,0.757066,0.238851
0.000006,0.000075,0.001132,0.771054,0.227734
0.000015,0.000141,0.001759,0.631350,0.366736
0.000009,0.000141,0.000782,0.528463,0.470605
0.000003,0.000035,0.000513,0.754548,0.244901
0.000002,0.000017,0.000552,0.598046,0.401384
0.000017,0.000141,0.001701,0.837205,0.160936
0.000024,0.000083,0.004068,0.995156,0.000669
0.000001,0.000012,0.000299,0.708450,0.291238
0.000123,0.000569,0.009459,0.954570,0.035279
0.000003,0.000029,0.000463,0.600729,0.398777
0.000000,0.000002,0.000067,0.715370,0.284560
0.000000,0.000000,0.000009,0.999810,0.000180
0.000013,0.000155,0.002659,0.707783,0.289390
0.000025,0.000093,0.003010,0.901926,0.094946
0.000013,0.000130,0.002291,0.796775,0.200791
0.000006,0.000098,0.001505,0.926426,0.071965
0.000066,0.000326,0.003467,0.716332,0.279809
0.000107,0.000507,0.006963,0.907076,0.085348
0.000101,0.000550,0.006151,0.706339,0.286859
0.000059,0.000484,0.005941,0.675078,0.318438
0.000020,0.000136,0.002282,0.797461,0.200101
0.000013,0.000178,0.001251,0.679187,0.319370
0.000033,0.000186,0.002248,0.889291,0.108242
0.000037,0.000295,0.002223,0.469890,0.527555
0.000000,0.000001,0.000033,0.796998,0.202968
0.000008,0.000075,0.001672,0.761214,0.237031
0.000002,0.000026,0.000388,0.828293,0.171291
0.000006,0.000069,0.001581,0.680076,0.318268
0.000001,0.000009,0.000313,0.993716,0.005962
0.000016,0.000122,0.001893,0.689703,0.308266
0.000007,0.000078,0.001054,0.925259,0.073602
0.000046,0.000269,0.007803,0.990631,0.001251
0.000000,0.000001,0.000046,0.873029,0.126925
0.000019,0.000192,0.002289,0.836704,0.160796
0.000006,0.000065,0.001051,0.941245,0.057633
0.000056,0.000358,0.006118,0.926658,0.066810
0.000042,0.000238,0.003969,0.782995,0.212756
0.000002,0.000017,0.000446,0.977605,0.021930
0.000024,0.000136,0.002614,0.713457,0.283770
0.000000,0.000000,0.000008,0.187612,0.812379
0.000046,0.000324,0.002743,0.625833,0.371054
0.000007,0.000091,0.001010,0.733800,0.265093
0.000001,0.000014,0.000360,0.965884,0.033741
0.000027,0.000252,0.003188,0.563500,0.433032
0.000015,0.000135,0.002648,0.936299,0.060904
0.000001,0.000008,0.000218,0.522806,0.476968
0.000019,0.000249,0.001983,0.561960,0.435788
0.000023,0.000136,0.002574,0.799694,0.197573
0.000032,0.000190,0.003563,0.889080,0.107135
0.000052,0.000365,0.003724,0.852430,0.143429
0.000007,0.000058,0.000868,0.967858,0.031208
0.000024,0.000225,0.002393,0.562695,0.434663
0.000014,0.000126,0.001486,0.909290,0.089084
0.000042,0.000216,0.002030,0.599588,0.398124
0.000002,0.000017,0.000362,0.806130,0.193490
0.000047,0.000339,0.003475,0.858867,0.137271
0.000000,0.000006,0.000220,0.998488,0.001285
0.000024,0.000262,0.002103,0.714959,0.282652
0.000024,0.000261,0.001952,0.849402,0.148360
0.000002,0.000014,0.000291,0.965831,0.033861
0.000036,0.000285,0.004131,0.742156,0.253392
0.000026,0.000193,0.001904,0.526849,0.471027
0.000032,0.000244,0.002541,0.649339,0.347845
0.000007,0.000060,0.000704,0.533337,0.465892
0.000017,0.000121,0.002025,0.435966,0.561870
0.000020,0.000225,0.001750,0.789625,0.208381
0.000020,0.000228,0.003540,0.972881,0.023332
0.000001,0.000013,0.000312,0.783965,0.215709
0.000008,0.000075,0.001137,0.902089,0.096692
0.000051,0.000444,0.004554,0.935017,0.059934
0.000044,0.000697,0.007657,0.836476,0.155126
0.000007,0.000096,0.000880,0.662545,0.336471
0.000004,0.000048,0.000849,0.889345,0.109754
0.000006,0.000036,0.000847,0.472933,0.526178
0.000035,0.000208,0.003332,0.843042,0.153383
0.000011,0.000113,0.002411,0.831075,0.166391
0.000012,0.000094,0.001995,0.791096,0.206803
0.000025,0.000379,0.003882,0.837164,0.158550
0.000087,0.001000,0.005038,0.681420,0.312454
0.000029,0.000273,0.002946,0.686495,0.310257
0.000029,0.000186,0.004052,0.834799,0.160935
0.000073,0.000525,0.004507,0.599181,0.395714
0.000011,0.000039,0.001592,0.922502,0.075856
0.000012,0.000141,0.001990,0.890257,0.107600
0.000000,0.000000,0.000012,0.999987,0.000000
0.000073,0.000373,0.002814,0.604144,0.392596
0.000058,0.000431,0.005307,0.749971,0.244233
0.000009,0.000106,0.001118,0.930277,0.068490
0.000034,0.000120,0.003235,0.981891,0.014720
0.000005,0.000046,0.001041,0.959546,0.039363
0.000017,0.000391,0.005096,0.904152,0.090345
0.000025,0.000146,0.003099,0.901051,0.095679
0.000004,0.000025,0.000662,0.732134,0.267175
0.000027,0.000226,0.002836,0.924026,0.072885
0.000005,0.000056,0.001241,0.942967,0.055731
0.000000,0.000003,0.000068,0.684506,0.315423
0.000040,0.000183,0.003529,0.930544,0.065704
0.000011,0.000091,0.000912,0.207032,0.791953
0.000021,0.000124,0.002193,0.816258,0.181405
0.000002,0.000029,0.000689,0.993925,0.005354
0.000003,0.000035,0.000552,0.843857,0.155553
0.000059,0.000329,0.005195,0.504299,0.490118
0.000034,0.000253,0.002650,0.876093,0.120969
0.000000,0.000001,0.000067,0.999930,0.000002
0.000016,0.000149,0.001341,0.876098,0.122396
0.000285,0.001162,0.019286,0.975532,0.003735
0.000000,0.000004,0.000145,0.853254,0.146598
0.000033,0.000235,0.003161,0.784840,0.211731
0.000000,0.000000,0.000026,0.460012,0.539962
0.000030,0.000120,0.003252,0.784785,0.211813
0.000024,0.000224,0.003358,0.907477,0.088917
0.000047,0.000247,0.002252,0.424163,0.573291
0.000099,0.000773,0.006177,0.436776,0.556175
0.000024,0.000208,0.003032,0.626970,0.369765
0.000078,0.000219,0.003503,0.782272,0.213928
0.000091,0.000763,0.007463,0.821360,0.170324
0.000000,0.000000,0.000003,0.412970,0.587027
0.000005,0.000022,0.000566,0.886227,0.113180
0.000008,0.000070,0.001395,0.885957,0.112569
0.000007,0.000050,0.000511,0.743263,0.256169
0.000051,0.000361,0.004800,0.729840,0.264948
0.000019,0.000157,0.003305,0.815356,0.181164
0.000014,0.000173,0.001094,0.415627,0.583092
0.000004,0.000019,0.000787,0.795691,0.203499
0.000005,0.000037,0.000519,0.610005,0.389433
0.000058,0.000475,0.003843,0.764327,0.231296
0.000026,0.000123,0.002681,0.748568,0.248602
0.000025,0.000165,0.001931,0.617726,0.380153
0.000063,0.000327,0.005152,0.949354,0.045105
0.000009,0.000044,0.001328,0.780827,0.217792
0.000013,0.000123,0.001380,0.696745,0.301739
0.000000,0.000000,0.000006,0.331223,0.668771
0.000048,0.000258,0.003589,0.663938,0.332167
0.000035,0.000156,0.004245,0.961007,0.034557
0.000048,0.000457,0.002655,0.852237,0.144603
0.000031,0.000165,0.004391,0.917517,0.077896
0.000036,0.000238,0.003371,0.724901,0.271454
0.000001,0.000024,0.000461,0.946615,0.052900
0.000031,0.000271,0.004498,0.865569,0.129631
0.000019,0.000097,0.002426,0.943523,0.053935
0.000021,0.000169,0.001874,0.691511,0.306426
0.000003,0.000034,0.000662,0.583924,0.415377
0.000038,0.000530,0.004772,0.550619,0.444041
0.000027,0.000277,0.004323,0.696305,0.299069
0.000043,0.000291,0.004374,0.761163,0.234128
0.000028,0.000136,0.001843,0.411356,0.586637
0.000022,0.000138,0.002594,0.802098,0.195149
0.000060,0.000379,0.005010,0.741377,0.253174
0.000085,0.000689,0.007127,0.434451,0.557649
0.000038,0.000181,0.003171,0.934586,0.062023
0.000021,0.000128,0.002502,0.629334,0.368015
0.000248,0.001474,0.012823,0.916426,0.069030
0.000036,0.000378,0.003594,0.370268,0.625724
0.000012,0.000152,0.001857,0.824704,0.173275
0.000031,0.000299,0.004752,0.933857,0.061062
0.000012,0.000137,0.001429,0.823732,0.174690
0.000003,0.000040,0.000458,0.985366,0.014133
0.000008,0.000092,0.000854,0.729417,0.269630
0.000043,0.000584,0.006227,0.717327,0.275819
0.000011,0.000149,0.001561,0.649209,0.349070
0.000017,0.000239,0.002621,0.855360,0.141764
0.000014,0.000117,0.001348,0.734109,0.264412
0.000037,0.000461,0.002757,0.869217,0.127528
0.000007,0.000071,0.001253,0.581045,0.417625
0.000099,0.000602,0.005632,0.694299,0.299367
0.000003,0.000033,0.000512,0.791691,0.207761
0.000005,0.000073,0.000577,0.706362,0.292983
0.000034,0.000223,0.002091,0.405417,0.592235
0.000028,0.000262,0.003202,0.939468,0.057039
0.000024,0.000184,0.002468,0.754860,0.242465
0.000009,0.000091,0.001095,0.722779,0.276025
0.000035,0.000397,0.005029,0.827351,0.167188
0.000045,0.000545,0.003146,0.649120,0.347143
0.000046,0.000410,0.003158,0.561816,0.434569
0.000008,0.000077,0.001016,0.821260,0.177639
0.000003,0.000030,0.000445,0.965863,0.033659
0.000009,0.000105,0.001009,0.893666,0.105210
0.000038,0.000335,0.002427,0.813451,0.183749
0.000050,0.000314,0.003405,0.770709,0.225522
0.000053,0.000351,0.005362,0.653301,0.340933
0.000007,0.000083,0.000571,0.204128,0.795212
0.000003,0.000019,0.000422,0.846719,0.152836
0.000001,0.000007,0.000226,0.524365,0.475401
0.000021,0.000199,0.003025,0.917845,0.078911
0.000009,0.000124,0.000990,0.758688,0.240189
0.000015,0.000112,0.002589,0.857066,0.140218
0.000003,0.000048,0.000733,0.925626,0.073590
0.000001,0.000014,0.000314,0.823957,0.175714
0.000010,0.000058,0.000959,0.867546,0.131427
0.000032,0.000303,0.002741,0.975612,0.021312
0.000005,0.000045,0.000828,0.996791,0.002330
0.000041,0.000322,0.002845,0.785599,0.211193
0.000004,0.000079,0.001674,0.627683,0.370559
0.000044,0.000481,0.006783,0.642531,0.350162
0.000014,0.000116,0.001646,0.808743,0.189481
0.000030,0.000172,0.002167,0.654260,0.343372
0.000005,0.000046,0.001038,0.932966,0.065945
0.000047,0.000247,0.002780,0.640455,0.356471
0.000012,0.000051,0.001616,0.743119,0.255202
0.000021,0.000141,0.002274,0.961119,0.036445
0.000069,0.000659,0.003977,0.793815,0.201480
0.000212,0.002005,0.015302,0.531679,0.450803
0.000013,0.000042,0.001538,0.834199,0.164208
0.000023,0.000101,0.001623,0.512941,0.485313
0.000021,0.000186,0.003165,0.633659,0.362968
0.000024,0.000165,0.002811,0.780759,0.216240
0.000015,0.000089,0.001449,0.630662,0.367785
0.000027,0.000226,0.004647,0.845594,0.149506
0.000057,0.000386,0.002309,0.874178,0.123070
0.000015,0.000101,0.001617,0.917061,0.081206
0.000014,0.000107,0.002297,0.750561,0.247020
0.000104,0.000622,0.004381,0.491611,0.503281
0.000007,0.000080,0.001177,0.920917,0.077819
0.000016,0.000082,0.002097,0.669876,0.327929
0.000035,0.000246,0.003912,0.781326,0.214482
0.000014,0.000124,0.001667,0.806047,0.192149
0.000012,0.000142,0.001499,0.895079,0.103267
0.000002,0.000019,0.000506,0.690710,0.308763
0.000021,0.000257,0.002314,0.657601,0.339807
0.000025,0.000107,0.002858,0.892103,0.104907
0.000019,0.000234,0.001884,0.822670,0.175193
0.000086,0.000426,0.005709,0.964734,0.029045
0.000049,0.000319,0.003847,0.692378,0.303407
0.000020,0.000168,0.001482,0.388920,0.609412
0.000009,0.000067,0.001220,0.984688,0.014017
0.000063,0.000209,0.003265,0.943989,0.052474
0.000016,0.000082,0.001664,0.875493,0.122745
0.000010,0.000092,0.001627,0.460660,0.537610
0.000119,0.000860,0.006337,0.879698,0.112986
0.000047,0.000341,0.004491,0.868905,0.126216
0.000005,0.000041,0.000824,0.716720,0.282410
0.000004,0.000031,0.000560,0.685871,0.313534
0.000024,0.000311,0.003399,0.892914,0.103351
0.000038,0.000211,0.003655,0.884993,0.111103
0.000061,0.000507,0.003522,0.873554,0.122356
0.000017,0.000147,0.001587,0.458885,0.539364
0.000026,0.000315,0.003965,0.828925,0.166769
0.000033,0.000308,0.001652,0.657841,0.340167
0.000026,0.000178,0.004064,0.931877,0.063855
0.000022,0.000203,0.002732,0.805798,0.191246
0.000000,0.000002,0.000073,0.769561,0.230363
0.000000,0.000000,0.000025,0.485562,0.514412
0.000006,0.000043,0.001334,0.819978,0.178638
0.000007,0.000074,0.000933,0.787839,0.211147
0.000010,0.000038,0.001862,0.957924,0.040167
0.000142,0.000767,0.009877,0.977592,0.011622
0.000012,0.000133,0.001775,0.753360,0.244720
0.000000,0.000001,0.000079,0.952199,0.047720
0.000000,0.000001,0.000070,0.933725,0.066203
0.000095,0.000348,0.004925,0.754675,0.239956
0.000022,0.000272,0.001922,0.504556,0.493228
0.000040,0.000460,0.002668,0.792027,0.204805
0.000017,0.000103,0.002793,0.944905,0.052182
0.000112,0.000633,0.005416,0.785700,0.208139
0.000025,0.000298,0.003499,0.681986,0.314193
0.000094,0.000486,0.004511,0.797554,0.197355
0.000024,0.000166,0.002874,0.849721,0.147215
0.000022,0.000248,0.001610,0.689914,0.308206
0.000019,0.000106,0.001712,0.533378,0.464785
0.000007,0.000153,0.001264,0.663260,0.335315
0.000022,0.000099,0.002608,0.814137,0.183134
0.000011,0.000052,0.001593,0.767233,0.231111
0.000015,0.000186,0.001838,0.851343,0.146618
0.000033,0.000259,0.004039,0.799962,0.195708
0.000034,0.000275,0.003573,0.733881,0.262237
0.000171,0.000693,0.005101,0.297791,0.696244
0.000011,0.000097,0.001206,0.733028,0.265658
0.000019,0.000182,0.003053,0.824103,0.172643
0.000035,0.000209,0.002617,0.916411,0.080729
0.000032,0.000242,0.002935,0.637636,0.359156
0.000053,0.000315,0.005005,0.931766,0.062860
0.000000,0.000000,0.000012,0.903066,0.096922
0.000022,0.000197,0.001863,0.392386,0.605532
0.000061,0.000581,0.002824,0.725002,0.271532
0.000123,0.000763,0.007512,0.792453,0.199149
0.000023,0.000152,0.002637,0.763611,0.233576
0.000040,0.000371,0.003429,0.938779,0.057381
0.000017,0.000168,0.001813,0.942422,0.055581
0.000004,0.000027,0.000485,0.814914,0.184571
0.000001,0.000005,0.000156,0.772629,0.227209
0.000000,0.000000,0.000000,0.026770,0.973230
0.000021,0.000165,0.003630,0.816433,0.179750
0.000019,0.000116,0.002540,0.721213,0.276112
0.000033,0.000322,0.002267,0.847204,0.150174
0.000075,0.000382,0.007440,0.987640,0.004463
0.000040,0.000270,0.002507,0.591666,0.405517
0.000000,0.000002,0.000051,0.640898,0.359049
0.000030,0.000240,0.003975,0.731178,0.264576
0.000008,0.000084,0.001227,0.896621,0.102059
0.000046,0.000405,0.004555,0.908223,0.086770
0.000020,0.000066,0.002012,0.837564,0.160338
0.000039,0.000237,0.003887,0.898721,0.097116
0.000010,0.000117,0.002237,0.740727,0.256909
0.000026,0.000196,0.002583,0.635125,0.362071
0.000000,0.000008,0.000242,0.998952,0.000798
0.000008,0.000073,0.001087,0.964043,0.034790
0.000033,0.000273,0.002628,0.775970,0.221096
0.000001,0.000011,0.000280,0.777542,0.222165
0.000007,0.000073,0.000710,0.638430,0.360779
0.000137,0.000636,0.009287,0.985916,0.004024
0.000043,0.000187,0.003667,0.794706,0.201399
0.000079,0.000519,0.005550,0.835305,0.158547
0.000001,0.000018,0.000330,0.979644,0.020006
0.000021,0.000173,0.002115,0.868438,0.129254
0.000009,0.000144,0.001416,0.965379,0.033052
0.000021,0.000247,0.001385,0.947689,0.050658
0.000031,0.000366,0.006336,0.831224,0.162043
0.000000,0.000006,0.000183,0.984396,0.015415
0.000000,0.000000,0.000012,0.360170,0.639818
0.000023,0.000162,0.002638,0.683603,0.313574
0.000019,0.000220,0.001070,0.776085,0.222606
0.000033,0.000309,0.002098,0.858746,0.138814
0.000027,0.000251,0.004039,0.524269,0.471414
0.000016,0.000135,0.001182,0.961643,0.037024
0.000028,0.000235,0.003095,0.938888,0.057755
0.000028,0.000219,0.002094,0.619322,0.378336
0.000019,0.000179,0.001475,0.552429,0.445899
0.000018,0.000174,0.001412,0.844513,0.153882
0.000178,0.000874,0.009106,0.955432,0.034410
0.000000,0.000000,0.000000,0.372281,0.627719
0.000000,0.000003,0.000080,0.559003,0.440914
0.000108,0.000838,0.008371,0.710651,0.280032
0.000017,0.000154,0.002629,0.978397,0.018803
0.000000,0.000002,0.000082,0.904408,0.095508
0.000000,0.000000,0.000008,0.737603,0.262389
0.000026,0.000290,0.003969,0.856157,0.139559
0.000046,0.000374,0.005138,0.852712,0.141730
0.000092,0.000613,0.005861,0.541193,0.452240
0.000000,0.000002,0.000102,0.488877,0.511018
0.000029,0.000247,0.002210,0.853813,0.143701
0.000037,0.000252,0.002606,0.895453,0.101652
0.000040,0.000318,0.004659,0.906267,0.088716
0.000017,0.000149,0.001388,0.646843,0.351604
0.000029,0.000161,0.002306,0.942161,0.055343
0.000026,0.000208,0.002450,0.335515,0.661802
0.000011,0.000079,0.000937,0.605499,0.393474
0.000036,0.000323,0.004418,0.823591,0.171632
0.000035,0.000143,0.003420,0.951296,0.045105
0.000016,0.000093,0.002388,0.929458,0.068046
0.000040,0.000266,0.004468,0.874557,0.120669
0.000012,0.000119,0.001593,0.605180,0.393096
0.000030,0.000134,0.003447,0.974555,0.021834
0.000019,0.000192,0.003880,0.921565,0.074345
0.000000,0.000001,0.000025,0.233679,0.766295
0.000011,0.000051,0.001282,0.861035,0.137621
0.000000,0.000003,0.000104,0.363219,0.636673
0.000015,0.000168,0.001357,0.873540,0.124920
0.000029,0.000228,0.001863,0.617338,0.380542
0.000040,0.000197,0.003055,0.808556,0.188152
0.000013,0.000170,0.001251,0.745147,0.253418
0.000020,0.000071,0.002651,0.967677,0.029581
0.000000,0.000002,0.000095,0.591426,0.408477
0.000003,0.000024,0.000466,0.973802,0.025705
0.000032,0.000179,0.001686,0.490289,0.507814
0.000014,0.000126,0.001125,0.957650,0.041085
0.000010,0.000114,0.001266,0.535427,0.463183
0.000019,0.000201,0.001536,0.855967,0.142278
0.000020,0.000104,0.002877,0.895017,0.101983
0.000029,0.000121,0.003060,0.931131,0.065660
0.000032,0.000336,0.001908,0.769827,0.227897
0.000010,0.000067,0.000885,0.619775,0.379264
0.000027,0.000355,0.003274,0.572141,0.424203
0.000004,0.000030,0.000668,0.970405,0.028893
0.000067,0.000260,0.004863,0.847535,0.147274
0.000047,0.000410,0.002719,0.708100,0.288725
0.000025,0.000245,0.002351,0.850967,0.146411
0.000020,0.000130,0.002707,0.889877,0.107266
0.000073,0.000846,0.005434,0.932394,0.061253
0.000013,0.000072,0.002692,0.947836,0.049387
0.000014,0.000078,0.002166,0.802298,0.195445
0.000024,0.000176,0.001955,0.841740,0.156105
0.000004,0.000036,0.000800,0.679489,0.319670
0.000011,0.000142,0.001085,0.753860,0.244903
0.000005,0.000033,0.000715,0.956875,0.042372
0.000023,0.000158,0.002797,0.955521,0.041502
0.000018,0.000215,0.002538,0.930101,0.067128
0.000035,0.000215,0.001782,0.518383,0.479585
0.000015,0.000159,0.001604,0.757662,0.240560
0.000023,0.000150,0.001698,0.676299,0.321830
0.000004,0.000042,0.001042,0.891246,0.107666
0.000097,0.000608,0.006986,0.928500,0.063809
0.000022,0.000195,0.003630,0.897550,0.098603
0.000018,0.000052,0.001900,0.880220,0.117811
0.000028,0.000207,0.002880,0.896521,0.100364
0.000016,0.000077,0.002113,0.859260,0.138535
0.000000,0.000001,0.000036,0.974594,0.025369
0.000017,0.000114,0.001534,0.660153,0.338182
0.000002,0.000031,0.000522,0.729974,0.269472
0.000000,0.000002,0.000074,0.448264,0.551660
0.000002,0.000044,0.000507,0.211400,0.788047
0.000019,0.000159,0.001820,0.792072,0.205931
0.000017,0.000136,0.001673,0.800797,0.197377
0.000051,0.000338,0.003049,0.506140,0.490422
0.000000,0.000000,0.000027,0.500807,0.499165
0.000051,0.000527,0.004249,0.888102,0.107070
0.000012,0.000116,0.002054,0.744987,0.252830
0.000005,0.000021,0.000569,0.605011,0.394394
0.000033,0.000228,0.002461,0.785553,0.211725
0.000048,0.000239,0.005627,0.916948,0.077137
0.000006,0.000076,0.000952,0.902970,0.095997
0.000024,0.000176,0.002576,0.768714,0.228510
0.000000,0.000000,0.000000,0.141727,0.858273
0.000000,0.000000,0.000015,0.527885,0.472100
0.000004,0.000067,0.000694,0.954297,0.044939
0.000014,0.000132,0.001779,0.936861,0.061213
0.000013,0.000068,0.001994,0.907322,0.090603
0.000004,0.000068,0.001093,0.953259,0.045576
0.000001,0.000004,0.000122,0.971262,0.028612
0.000099,0.000712,0.010037,0.967583,0.021569
0.000003,0.000030,0.000601,0.676232,0.323134
0.000007,0.000050,0.000869,0.636619,0.362456
0.000000,0.000005,0.000116,0.920088,0.079790
0.000010,0.000160,0.001275,0.528894,0.469661
0.000019,0.000086,0.002222,0.958128,0.039545
0.000054,0.000527,0.005703,0.845587,0.148129
0.000003,0.000032,0.000761,0.816032,0.183172
0.000000,0.000000,0.000015,0.595060,0.404925
0.000000,0.000000,0.000007,0.225561,0.774432
0.000090,0.000301,0.005795,0.870095,0.123719
0.000000,0.000000,0.000005,0.439825,0.560170
0.000029,0.000335,0.005191,0.987440,0.007006
0.000069,0.000788,0.010514,0.987190,0.001439
0.000028,0.000334,0.003353,0.800222,0.196064
0.000010,0.000145,0.001620,0.598754,0.399471
0.000095,0.000554,0.003067,0.413075,0.583210
0.000013,0.000105,0.000993,0.739222,0.259666
0.000013,0.000192,0.001718,0.395355,0.602721
0.000019,0.000179,0.001240,0.777367,0.221195
0.000060,0.000599,0.006559,0.744669,0.248113
0.000046,0.000321,0.003680,0.893743,0.102210
0.000016,0.000124,0.002578,0.764784,0.232499
0.000030,0.000201,0.002364,0.948138,0.049266
0.000013,0.000198,0.003230,0.758696,0.237863
0.000017,0.000203,0.001795,0.698306,0.299679
0.000013,0.000062,0.002397,0.955912,0.041616
0.000000,0.000002,0.000084,0.670841,0.329073
0.000021,0.000206,0.001668,0.584791,0.413313
0.000009,0.000178,0.002962,0.905393,0.091458
0.000015,0.000194,0.001506,0.537055,0.461229
0.000031,0.000256,0.004304,0.830049,0.165360
0.000009,0.000131,0.001735,0.823927,0.174198
0.000054,0.000248,0.005589,0.979745,0.014364
0.000020,0.000149,0.002060,0.717097,0.280673
0.000031,0.000266,0.002468,0.536450,0.460785
0.000019,0.000214,0.001651,0.939806,0.058309
0.000098,0.000363,0.004303,0.759485,0.235751
0.000120,0.000589,0.007832,0.986493,0.004966
0.000037,0.000266,0.003513,0.688950,0.307235
0.000074,0.000257,0.003121,0.382374,0.614174
0.000091,0.000579,0.006176,0.694967,0.298187
0.000151,0.000651,0.007656,0.907864,0.083679
0.000001,0.000019,0.000317,0.887094,0.112569
0.000000,0.000000,0.000007,0.162010,0.837982
0.000066,0.000530,0.005346,0.820752,0.173306
0.000056,0.000647,0.004302,0.873158,0.121837
0.000073,0.000576,0.006564,0.951768,0.041019
0.000020,0.000120,0.002813,0.914423,0.082624
0.000023,0.000405,0.001284,0.622489,0.375799
0.000002,0.000011,0.000241,0.608550,0.391196
0.000072,0.000606,0.004331,0.611478,0.383513
0.000002,0.000025,0.000316,0.960662,0.038996
0.000029,0.000246,0.002797,0.889570,0.107358
0.000029,0.000208,0.003883,0.722452,0.273428
0.000026,0.000222,0.002915,0.594993,0.401844
0.000067,0.000712,0.004410,0.878290,0.116521
0.000001,0.000005,0.000167,0.842661,0.157166
0.000020,0.000158,0.001405,0.482771,0.515646
0.000084,0.000408,0.005742,0.657147,0.336620
0.000014,0.000102,0.001358,0.830238,0.168289
0.000002,0.000026,0.000590,0.995299,0.004083
0.000043,0.000259,0.003296,0.859735,0.136668
0.000021,0.000134,0.001222,0.844403,0.154221
0.000014,0.000126,0.002291,0.666575,0.330994
0.000101,0.000307,0.003930,0.547257,0.448405
0.000001,0.000021,0.000354,0.595848,0.403775
0.000012,0.000137,0.000954,0.850942,0.147955
0.000029,0.000257,0.002457,0.726455,0.270802
0.000032,0.000218,0.003655,0.755052,0.241043
0.000040,0.000259,0.003703,0.863429,0.132569
0.000033,0.000136,0.003741,0.831215,0.164874
0.000008,0.000081,0.000874,0.985910,0.013127
0.000027,0.000196,0.003519,0.685352,0.310906
0.000038,0.000321,0.005029,0.842202,0.152410
0.000020,0.000226,0.003536,0.825497,0.170722
0.000027,0.000153,0.002563,0.556288,0.440970
0.000013,0.000050,0.002004,0.943740,0.054193
0.000001,0.000012,0.000273,0.998639,0.001075
0.000029,0.000221,0.002570,0.730511,0.266669
0.000014,0.000152,0.002019,0.762987,0.234828
0.000016,0.000109,0.001983,0.934106,0.063786
0.000015,0.000100,0.001334,0.812030,0.186521
0.000024,0.000125,0.002050,0.778745,0.219056
0.000026,0.000270,0.002588,0.290801,0.706315
0.000017,0.000174,0.001541,0.450378,0.547890
0.000012,0.000120,0.001633,0.987756,0.010478
0.000039,0.000398,0.005611,0.970959,0.022993
0.000000,0.000001,0.000044,0.519584,0.480371
0.000073,0.000503,0.005448,0.890146,0.103830
0.000004,0.000042,0.000734,0.779489,0.219730
0.000000,0.000003,0.000130,0.741921,0.257946
0.000016,0.000072,0.002087,0.904990,0.092835
0.000008,0.000027,0.000914,0.669678,0.329373
0.000063,0.000620,0.002793,0.907264,0.089260
0.000002,0.000027,0.000492,0.597861,0.401619
0.000036,0.000426,0.002467,0.829934,0.167137
0.000036,0.000197,0.004059,0.875813,0.119895
0.000000,0.000004,0.000110,0.844203,0.155683
0.000014,0.000091,0.001665,0.930834,0.067396
0.000032,0.000279,0.004284,0.800125,0.195280
0.000022,0.000217,0.002414,0.913585,0.083762
0.000020,0.000185,0.002011,0.894409,0.103376
0.000025,0.000318,0.003110,0.736429,0.260118
0.000053,0.000454,0.004884,0.721103,0.273506
0.000004,0.000039,0.000703,0.986216,0.013037
0.000004,0.000048,0.000882,0.947786,0.051278
0.000049,0.000527,0.003214,0.628633,0.367577
0.000034,0.000357,0.004347,0.710570,0.284692
0.000075,0.000335,0.005807,0.967135,0.026648
0.000005,0.000035,0.000842,0.934096,0.065023
0.000003,0.000040,0.000692,0.881938,0.117327
0.000000,0.000006,0.000151,0.532614,0.467229
0.000001,0.000008,0.000201,0.531033,0.468757
0.000000,0.000001,0.000098,0.932303,0.067598
0.000051,0.000161,0.002774,0.763599,0.233414
0.000016,0.000113,0.002332,0.675857,0.321682
0.000001,0.000019,0.000456,0.876930,0.122594
0.000003,0.000028,0.000520,0.690293,0.309156
0.000042,0.000453,0.004786,0.765980,0.228740
0.000096,0.000714,0.005197,0.645852,0.348140
0.000004,0.000035,0.000882,0.969074,0.030005
0.000034,0.000123,0.002284,0.831079,0.166480
0.000004,0.000059,0.000579,0.807827,0.191532
0.000012,0.000105,0.001722,0.933697,0.064463
0.000061,0.000700,0.005352,0.655694,0.338193
0.000026,0.000142,0.002130,0.898419,0.099283
0.000013,0.000051,0.000880,0.648653,0.350403
0.000001,0.000008,0.000189,0.999211,0.000592
0.000008,0.000067,0.001183,0.594194,0.404547
0.000065,0.000412,0.003499,0.750194,0.245830
0.000034,0.000375,0.004428,0.690082,0.305082
0.000015,0.000056,0.002528,0.916980,0.080421
0.000006,0.000041,0.000558,0.585429,0.413967
0.000018,0.000154,0.001611,0.902101,0.096116
0.000009,0.000081,0.001610,0.834629,0.163671
0.000082,0.000572,0.009848,0.971572,0.017925
0.000006,0.000062,0.001477,0.976228,0.022227
0.000021,0.000206,0.002574,0.665151,0.332048
0.000000,0.000000,0.000009,0.169605,0.830385
0.000000,0.000005,0.000161,0.999697,0.000137
0.000035,0.000136,0.002731,0.876456,0.120642
0.000000,0.000002,0.000100,0.880036,0.119862
0.000027,0.000207,0.002224,0.956429,0.041113
0.000022,0.000149,0.002527,0.727699,0.269603
0.000030,0.000098,0.002741,0.891179,0.105952
0.000044,0.000206,0.003325,0.862733,0.133692
0.000005,0.000053,0.000817,0.979955,0.019171
0.000015,0.000242,0.002997,0.582236,0.414511
0.000000,0.000006,0.000189,0.993207,0.006597
0.000071,0.000480,0.003328,0.634390,0.361731
0.000012,0.000091,0.002152,0.898571,0.099175
0.000013,0.000060,0.000910,0.314806,0.684211
0.000020,0.000284,0.003299,0.893915,0.102482
0.000049,0.000416,0.007186,0.764079,0.228270
0.000028,0.000238,0.002453,0.668865,0.328416
0.000002,0.000035,0.000365,0.712464,0.287133
0.000020,0.000211,0.002205,0.922118,0.075447
0.000057,0.000400,0.005313,0.921904,0.072326
0.000107,0.000349,0.006569,0.983722,0.009252
0.000000,0.000000,0.000010,0.354729,0.645262
0.000047,0.000421,0.004815,0.787837,0.206880
0.000025,0.000214,0.004137,0.917481,0.078143
0.000082,0.000691,0.005884,0.859674,0.133669
0.000001,0.000014,0.000344,0.988715,0.010926
0.000000,0.000000,0.000000,0.033075,0.966925
0.000004,0.000058,0.001037,0.728411,0.270489
0.000025,0.000319,0.003543,0.685600,0.310513
0.000010,0.000047,0.001907,0.948676,0.049361
0.000060,0.001038,0.010202,0.842929,0.145771
0.000004,0.000046,0.000729,0.943141,0.056080
0.000029,0.000329,0.003927,0.652546,0.343169
0.000000,0.000003,0.000152,0.992422,0.007423
0.000036,0.000354,0.003371,0.698538,0.297702
0.000013,0.000162,0.001697,0.608905,0.389223
0.000024,0.000169,0.001800,0.559892,0.438115
0.000014,0.000140,0.003211,0.965361,0.031274
0.000006,0.000059,0.000825,0.961937,0.037173
0.000022,0.000239,0.003387,0.763090,0.233262
0.000071,0.000258,0.003806,0.777369,0.218495
0.000009,0.000098,0.001246,0.882290,0.116358
0.000028,0.000318,0.001586,0.602014,0.396054
0.000041,0.000327,0.003840,0.675675,0.320117
0.000012,0.000116,0.002073,0.858470,0.139330
0.000000,0.000000,0.000003,0.982890,0.017107
0.000053,0.000208,0.002678,0.556782,0.440279
0.000024,0.000462,0.002683,0.558984,0.437848
0.000038,0.000235,0.004849,0.940918,0.053960
0.000024,0.000222,0.002148,0.473719,0.523887
0.000046,0.000352,0.004093,0.839571,0.155938
0.000038,0.000185,0.004126,0.802002,0.193650
0.000000,0.000002,0.000102,0.495951,0.503945
0.000001,0.000004,0.000160,0.999189,0.000646
0.000029,0.000135,0.002861,0.741157,0.255818
0.000079,0.000689,0.004854,0.676114,0.318264
0.000003,0.000034,0.000628,0.983511,0.015823
0.000041,0.000301,0.006061,0.860184,0.133414
0.000006,0.000060,0.001075,0.898107,0.100752
0.000010,0.000090,0.001133,0.900411,0.098355
0.000121,0.000585,0.009513,0.890496,0.099285
0.000001,0.000008,0.000335,0.998144,0.001513
0.000023,0.000167,0.002529,0.628587,0.368693
0.000043,0.000242,0.003479,0.913975,0.082261
0.000024,0.000327,0.002518,0.643968,0.353163
0.000064,0.000545,0.006187,0.758757,0.234447
0.000028,0.000271,0.002874,0.624894,0.371933
0.000009,0.000087,0.001278,0.941367,0.057260
0.000114,0.000372,0.006653,0.917490,0.075371
0.000014,0.000129,0.001548,0.702828,0.295481
0.000080,0.001039,0.005963,0.555298,0.437619
0.000074,0.000286,0.004392,0.791685,0.203562
0.000034,0.000223,0.003315,0.787910,0.208518
0.000003,0.000025,0.000472,0.854116,0.145384
0.000021,0.000127,0.002617,0.802315,0.194920
0.000026,0.000202,0.004655,0.929994,0.065122
0.000047,0.000396,0.003218,0.728974,0.267365
0.000000,0.000004,0.000112,0.990815,0.009069
0.000043,0.000245,0.004067,0.795855,0.199790
0.000022,0.000195,0.001713,0.975080,0.022990
0.000010,0.000049,0.000865,0.761758,0.237318
0.000080,0.000610,0.005884,0.804610,0.188816
0.000058,0.000190,0.004298,0.893770,0.101684
0.000056,0.000365,0.003210,0.612460,0.383908
0.000016,0.000181,0.002177,0.907170,0.090456
0.000105,0.001160,0.004490,0.371316,0.622929
0.000065,0.000555,0.004795,0.550747,0.443838
0.000078,0.000583,0.005492,0.774298,0.219548
0.000036,0.000498,0.002704,0.609475,0.387287
0.000012,0.000109,0.002846,0.880833,0.116201
0.000028,0.000077,0.001752,0.826136,0.172007
0.000013,0.000138,0.000862,0.696662,0.302324
0.000040,0.000182,0.004103,0.804925,0.190750
0.000121,0.000468,0.006504,0.735929,0.256979
0.000004,0.000048,0.000632,0.590920,0.408395
0.000024,0.000184,0.002833,0.746114,0.250845
0.000021,0.000195,0.002180,0.780476,0.217128
0.000078,0.000432,0.004312,0.831873,0.163305
0.000006,0.000064,0.000708,0.735586,0.263636
0.000023,0.000085,0.003110,0.969419,0.027363
0.000047,0.000295,0.004856,0.710471,0.284331
0.000032,0.000396,0.006910,0.946762,0.045901
0.000025,0.000253,0.003937,0.497472,0.498313
0.000065,0.000355,0.004864,0.825768,0.168948
0.000015,0.000054,0.001604,0.854161,0.144166
0.000001,0.000010,0.000283,0.723376,0.276329
0.000017,0.000069,0.001872,0.748175,0.249867
0.000044,0.000362,0.002340,0.557335,0.439918
0.000008,0.000038,0.001487,0.924893,0.073575
0.000009,0.000074,0.001060,0.889030,0.109827
0.000187,0.000644,0.012177,0.963840,0.023152
0.000008,0.000085,0.000814,0.869278,0.129815
0.000003,0.000027,0.000419,0.973508,0.026044
0.000000,0.000001,0.000033,0.577651,0.422315
0.000000,0.000000,0.000002,0.206610,0.793388
0.000021,0.000184,0.002458,0.902114,0.095222
0.000000,0.000002,0.000115,0.998680,0.001203
0.000054,0.000227,0.004094,0.895003,0.100622
0.000049,0.000437,0.005757,0.923731,0.070026
0.000134,0.000738,0.004827,0.768474,0.225827
0.000043,0.000377,0.004945,0.833099,0.161536
0.000023,0.000213,0.001809,0.873414,0.124541
0.000024,0.000180,0.003561,0.817687,0.178548
0.000014,0.000068,0.001612,0.775399,0.222907
0.000038,0.000288,0.003992,0.561326,0.434355
0.000001,0.000008,0.000253,0.936117,0.063621
0.000038,0.000285,0.003291,0.678450,0.317936
0.000020,0.000179,0.002024,0.926226,0.071551
0.000000,0.000001,0.000034,0.998986,0.000979
0.000070,0.000260,0.005045,0.951713,0.042912
0.000002,0.000018,0.000518,0.989745,0.009717
0.000089,0.000570,0.007792,0.929389,0.062159
0.000012,0.000147,0.001238,0.539166,0.459437
0.000035,0.000195,0.003790,0.884379,0.111600
0.000010,0.000078,0.000977,0.288451,0.710483
0.000020,0.000213,0.004032,0.845183,0.150552
0.000034,0.000130,0.001827,0.577981,0.420028
0.000058,0.000336,0.005967,0.834548,0.159092
0.000006,0.000034,0.000567,0.842993,0.156401
0.000030,0.000203,0.003063,0.775622,0.221082
0.000006,0.000066,0.000804,0.979864,0.019260
0.000048,0.000372,0.003513,0.457681,0.538386
