0.182720,0.316958,0.013264,0.004646,0.043236,0.116074,0.007095,0.028966,0.151288,0.135753
0.327989,0.196873,0.017622,0.052584,0.073105,0.088130,0.091454,0.085993,0.030464,0.035785
0.092524,0.270966,0.003658,0.006967,0.008314,0.289433,0.054834,0.004419,0.264016,0.004868
0.168105,0.099367,0.021621,0.042398,0.417978,0.028357,0.011287,0.125163,0.029089,0.056634
0.261549,0.177163,0.015653,0.023828,0.016180,0.138213,0.194204,0.085483,0.048202,0.039525
0.018123,0.385280,0.021614,0.027700,0.079351,0.090207,0.094069,0.103057,0.139893,0.040706
0.012079,0.375973,0.179136,0.002409,0.016791,0.132081,0.008772,0.053013,0.197147,0.022599
0.072550,0.173971,0.047542,0.093255,0.101340,0.143177,0.082018,0.108612,0.063826,0.113710
0.206755,0.237754,0.012627,0.027516,0.252719,0.104867,0.014434,0.029075,0.080616,0.033637
0.044141,0.569599,0.003292,0.002357,0.006501,0.003544,0.001254,0.003918,0.353779,0.011615
0.134443,0.188731,0.002928,0.378669,0.025410,0.109669,0.146872,0.002977,0.005779,0.004521
0.051285,0.167491,0.212846,0.143396,0.106038,0.168840,0.080292,0.038193,0.015247,0.016372
0.216105,0.005711,0.004985,0.443632,0.002640,0.149268,0.002080,0.025765,0.137686,0.012128
0.073547,0.017677,0.047787,0.010309,0.279116,0.163452,0.013505,0.285860,0.035263,0.073485
0.038102,0.029054,0.062348,0.050381,0.059708,0.252352,0.023859,0.342469,0.057104,0.084623
0.029187,0.003310,0.341987,0.016550,0.026675,0.009388,0.164964,0.006015,0.392664,0.009260
0.216963,0.196798,0.017037,0.118327,0.063548,0.017322,0.006754,0.119256,0.205658,0.038337
0.073949,0.373098,0.142253,0.056321,0.046380,0.095034,0.018153,0.033461,0.024431,0.136920
0.015833,0.163854,0.001992,0.433991,0.022038,0.002881,0.145363,0.059962,0.002988,0.151099
0.008425,0.007798,0.002627,0.499851,0.002229,0.111011,0.004329,0.281880,0.079318,0.002531
0.104774,0.098178,0.036747,0.033780,0.229056,0.113783,0.134686,0.089720,0.029125,0.130150
0.055588,0.416532,0.000925,0.006337,0.043772,0.155997,0.000876,0.003054,0.178825,0.138095
0.253726,0.234905,0.015474,0.030933,0.177362,0.099729,0.043401,0.030056,0.083114,0.031298
0.027782,0.298981,0.126533,0.029980,0.066165,0.072297,0.074760,0.074946,0.105380,0.123177
0.013469,0.386120,0.204512,0.032717,0.057378,0.010044,0.016426,0.082361,0.013672,0.183301
0.086132,0.151387,0.192077,0.085606,0.030727,0.143437,0.151271,0.113577,0.024293,0.021493
0.282113,0.192971,0.022994,0.025418,0.123061,0.073737,0.077136,0.028185,0.083329,0.091055
0.117316,0.350841,0.009696,0.002274,0.017115,0.149708,0.078634,0.004020,0.264776,0.005619
0.265733,0.108956,0.065101,0.059566,0.115520,0.088183,0.024661,0.101499,0.065489,0.105292
0.021137,0.196934,0.067795,0.077344,0.065453,0.019049,0.180466,0.272562,0.024576,0.074684
0.042585,0.001410,0.002546,0.003388,0.009068,0.841417,0.001482,0.002092,0.090814,0.005198
0.001319,0.185779,0.003580,0.404922,0.036539,0.121849,0.139048,0.004671,0.095688,0.006605
0.070503,0.365934,0.121912,0.024167,0.060194,0.094033,0.061586,0.061986,0.021686,0.117998
0.112626,0.133985,0.028060,0.100119,0.088210,0.129586,0.114666,0.175357,0.047518,0.069873
0.029542,0.128659,0.140195,0.039662,0.247138,0.066356,0.105990,0.082872,0.109727,0.049859
0.012963,0.012210,0.136828,0.041712,0.206502,0.303138,0.174340,0.036327,0.017245,0.058735
0.009022,0.198427,0.023463,0.017207,0.210863,0.164658,0.160393,0.021976,0.170216,0.023775
0.337302,0.144741,0.024834,0.007892,0.063830,0.074119,0.193383,0.057304,0.037210,0.059385
0.002349,0.200297,0.002672,0.496223,0.001864,0.017444,0.164531,0.067860,0.038672,0.008088
0.110470,0.226460,0.034825,0.049058,0.046634,0.102747,0.088830,0.051430,0.174671,0.114875
0.063341,0.287166,0.003618,0.470634,0.052237,0.003678,0.002695,0.104948,0.006281,0.005400
0.062325,0.228915,0.172671,0.050625,0.026327,0.105280,0.113545,0.041642,0.164087,0.034585
0.260120,0.094854,0.076584,0.029931,0.214108,0.056425,0.046387,0.088184,0.096296,0.037111
0.101638,0.096285,0.103368,0.030769,0.256528,0.141955,0.006174,0.142837,0.084656,0.035790
0.020379,0.016703,0.199258,0.044844,0.037406,0.029196,0.149424,0.111340,0.192812,0.198638
0.032142,0.175110,0.339512,0.045949,0.126312,0.014374,0.063714,0.037474,0.123420,0.041993
0.093837,0.086818,0.232294,0.028488,0.205635,0.062718,0.127298,0.062702,0.021179,0.079030
0.215168,0.134642,0.241889,0.004678,0.059395,0.015280,0.066949,0.137406,0.018949,0.105645
0.038359,0.292074,0.151645,0.013017,0.058256,0.089513,0.149921,0.040813,0.018874,0.147528
0.021710,0.207047,0.002271,0.001422,0.029075,0.645343,0.000775,0.002018,0.087752,0.002587
0.035849,0.130336,0.155704,0.039268,0.020735,0.026541,0.112098,0.233226,0.028036,0.218206
0.001886,0.163611,0.003442,0.028683,0.130187,0.005927,0.147878,0.010540,0.490953,0.016891
0.120825,0.269681,0.004174,0.150360,0.003843,0.141256,0.014404,0.005779,0.282001,0.007677
0.156169,0.126304,0.328470,0.029864,0.099334,0.021879,0.079951,0.086481,0.032414,0.039135
0.028498,0.118293,0.002648,0.493704,0.002494,0.132276,0.150994,0.055257,0.007128,0.008708
0.192706,0.021497,0.037622,0.032750,0.167378,0.121703,0.142725,0.106729,0.096526,0.080365
0.188289,0.179154,0.008356,0.004005,0.110236,0.120746,0.011162,0.196021,0.146125,0.035906
0.081042,0.070759,0.087980,0.153818,0.132747,0.050785,0.083693,0.079390,0.117536,0.142249
0.129459,0.232180,0.034395,0.085400,0.021721,0.114619,0.167832,0.158805,0.024038,0.031551
0.020024,0.144681,0.033019,0.112705,0.237120,0.189353,0.073608,0.078486,0.064216,0.046789
0.357196,0.159744,0.030481,0.070127,0.038683,0.030142,0.096576,0.089260,0.069244,0.058549
0.028465,0.113872,0.123312,0.035432,0.161836,0.133019,0.201093,0.033875,0.122085,0.047012
0.108002,0.177679,0.015081,0.111440,0.025363,0.245097,0.163875,0.101400,0.020941,0.031122
0.274704,0.073069,0.062625,0.045852,0.184721,0.014114,0.156463,0.039814,0.019701,0.128937
0.130629,0.183310,0.013162,0.103410,0.250870,0.011101,0.007761,0.094364,0.014461,0.190932
0.016413,0.115521,0.026130,0.007464,0.261645,0.038185,0.202610,0.097836,0.179182,0.055014
0.136258,0.220522,0.022398,0.035543,0.072526,0.020286,0.149518,0.163569,0.044513,0.134868
0.104664,0.219117,0.070849,0.111664,0.086384,0.030496,0.145464,0.069779,0.052725,0.108858
0.087261,0.003412,0.212817,0.009306,0.025079,0.197702,0.087695,0.005485,0.362566,0.008677
0.034879,0.027640,0.050225,0.169358,0.172005,0.128406,0.188015,0.144943,0.026893,0.057635
0.039854,0.224451,0.122993,0.001385,0.060710,0.003516,0.207055,0.003833,0.328857,0.007347
0.068932,0.252534,0.004441,0.474917,0.048477,0.026093,0.034998,0.004545,0.014709,0.070354
0.035882,0.153063,0.074333,0.047406,0.239619,0.021035,0.166246,0.106430,0.071545,0.084442
0.160601,0.165153,0.014170,0.031987,0.299573,0.016066,0.089600,0.095015,0.095296,0.032539
0.148712,0.258516,0.036495,0.036624,0.207758,0.128415,0.016950,0.082867,0.049847,0.033816
0.038890,0.005767,0.229150,0.021515,0.087056,0.243657,0.017508,0.147133,0.162160,0.047164
0.013525,0.196832,0.017239,0.062312,0.516568,0.029172,0.009181,0.074964,0.026014,0.054193
0.155628,0.219848,0.022804,0.041876,0.076611,0.077790,0.106454,0.097171,0.126178,0.075642
0.037744,0.162560,0.059294,0.063212,0.072969,0.179911,0.166897,0.068741,0.056582,0.132089
0.039042,0.064081,0.000522,0.003696,0.022558,0.736086,0.000979,0.002433,0.101029,0.029575
0.019311,0.088630,0.667556,0.001025,0.002612,0.008950,0.082325,0.002058,0.125140,0.002393
0.042378,0.118508,0.033717,0.024843,0.274805,0.186442,0.114919,0.055262,0.045638,0.103489
0.175466,0.135349,0.028505,0.040166,0.276133,0.104292,0.094371,0.087571,0.019778,0.038370
0.009218,0.269602,0.012170,0.109994,0.013598,0.297754,0.214475,0.025009,0.019112,0.029067
0.023107,0.496483,0.003340,0.009329,0.023887,0.170748,0.001493,0.003449,0.259803,0.008361
0.001731,0.259525,0.002109,0.025793,0.094244,0.006388,0.005221,0.005941,0.581057,0.017992
0.063230,0.174818,0.150508,0.051342,0.006908,0.117396,0.271783,0.084731,0.055803,0.023481
0.002355,0.344832,0.010387,0.006118,0.032382,0.153357,0.171414,0.025740,0.214212,0.039204
0.180694,0.352436,0.012428,0.012186,0.026512,0.005795,0.033031,0.004587,0.358576,0.013756
0.218404,0.112101,0.031445,0.031534,0.241807,0.026027,0.078248,0.083511,0.135016,0.041907
0.249890,0.247061,0.017112,0.021401,0.082421,0.015422,0.051345,0.117786,0.084885,0.112675
0.134103,0.166065,0.040325,0.056818,0.166459,0.078312,0.128831,0.146887,0.027600,0.054600
0.076119,0.165986,0.036691,0.029152,0.119664,0.121230,0.160792,0.107965,0.153276,0.029126
0.042789,0.228714,0.047922,0.006038,0.169067,0.015651,0.205388,0.137231,0.033149,0.114051
0.325684,0.010480,0.193939,0.017760,0.214029,0.023633,0.008526,0.038752,0.025401,0.141797
0.243735,0.073748,0.071403,0.052080,0.183131,0.029130,0.095883,0.089562,0.061875,0.099454
0.132363,0.156707,0.014167,0.025010,0.325649,0.102116,0.011767,0.061775,0.024148,0.146299
0.039099,0.026101,0.004981,0.599829,0.043219,0.003051,0.203986,0.018805,0.053124,0.007805
0.011207,0.156514,0.395190,0.003700,0.252653,0.055607,0.005592,0.025145,0.066473,0.027919
0.232193,0.132882,0.011588,0.021174,0.176565,0.152067,0.140745,0.072704,0.027348,0.032735
0.102261,0.109068,0.004560,0.011319,0.026995,0.186855,0.004681,0.064360,0.294699,0.195202
0.030238,0.229626,0.013065,0.016576,0.015555,0.011618,0.140933,0.181471,0.176732,0.184186
0.030220,0.584158,0.005261,0.004014,0.007567,0.003888,0.146047,0.002906,0.200964,0.014976
0.047813,0.161328,0.052858,0.050159,0.122134,0.028652,0.026968,0.267383,0.105821,0.136884
0.057317,0.185557,0.063231,0.094958,0.071863,0.124740,0.056107,0.095275,0.069010,0.181942
0.051630,0.162883,0.143907,0.023477,0.006885,0.147661,0.133549,0.078047,0.134549,0.117413
0.413573,0.102777,0.032167,0.034822,0.166522,0.080900,0.088166,0.028606,0.021220,0.031246
0.134224,0.075524,0.024633,0.060019,0.209087,0.130171,0.124056,0.115093,0.043883,0.083309
0.003228,0.172149,0.191287,0.005802,0.011968,0.251616,0.129413,0.049188,0.169209,0.016141
0.274767,0.137850,0.012836,0.055077,0.269619,0.124022,0.007727,0.033959,0.025654,0.058489
0.181793,0.168913,0.027759,0.054739,0.115557,0.119053,0.115991,0.054578,0.100578,0.061038
0.242642,0.184043,0.050259,0.005918,0.036536,0.019816,0.329300,0.048294,0.028535,0.054657
0.021476,0.037603,0.002085,0.215320,0.019952,0.657047,0.032068,0.008572,0.003294,0.002583
0.073587,0.274897,0.002658,0.434508,0.125564,0.006024,0.001745,0.068774,0.005356,0.006887
0.372015,0.141474,0.012790,0.033605,0.023028,0.111698,0.198501,0.036567,0.024066,0.046257
0.029684,0.147450,0.037856,0.006512,0.059508,0.016152,0.162895,0.198714,0.185723,0.155505
0.026520,0.180807,0.040048,0.041849,0.208157,0.119571,0.011262,0.150676,0.039214,0.181896
0.001490,0.105622,0.001839,0.003048,0.001439,0.795262,0.000910,0.001661,0.085736,0.002992
0.037023,0.311223,0.059185,0.035766,0.131913,0.017938,0.012277,0.200199,0.123824,0.070654
0.038102,0.240682,0.004355,0.299551,0.104317,0.004478,0.068466,0.223598,0.008531,0.007921
0.013126,0.141397,0.002568,0.461094,0.016357,0.121019,0.037196,0.025091,0.003848,0.178302
0.178337,0.191384,0.029256,0.049061,0.128083,0.075015,0.103225,0.115322,0.059092,0.071225
0.030443,0.208860,0.094176,0.032917,0.106907,0.159222,0.149759,0.117216,0.021006,0.079494
0.087868,0.133711,0.244075,0.025695,0.012660,0.082733,0.096537,0.040650,0.163216,0.112854
0.117087,0.092858,0.187543,0.032770,0.284993,0.018144,0.059986,0.102098,0.019124,0.085396
0.003867,0.349140,0.005859,0.482032,0.079609,0.026793,0.019968,0.006602,0.018493,0.007637
0.169522,0.195869,0.059594,0.038490,0.118684,0.116074,0.010230,0.112722,0.031173,0.147641
0.001049,0.040445,0.004692,0.695035,0.009800,0.187159,0.037947,0.004329,0.014034,0.005509
0.214249,0.028476,0.054472,0.046272,0.144310,0.116850,0.180446,0.045432,0.095876,0.073618
0.128948,0.007795,0.150384,0.139544,0.130641,0.130426,0.077713,0.103538,0.094609,0.036402
0.274201,0.162871,0.039322,0.064970,0.047596,0.032192,0.102588,0.189591,0.021712,0.064957
0.289087,0.219267,0.024116,0.040752,0.120370,0.030668,0.071608,0.115440,0.033516,0.055175
0.135732,0.149623,0.158567,0.021431,0.105548,0.115087,0.114898,0.051480,0.063818,0.083817
0.047259,0.244848,0.011162,0.036704,0.046755,0.012136,0.193015,0.194990,0.030132,0.182999
0.020239,0.070569,0.183078,0.011193,0.078439,0.186562,0.080222,0.007760,0.351921,0.010017
0.029753,0.127105,0.586705,0.008258,0.069227,0.003706,0.042765,0.003241,0.121659,0.007580
0.003215,0.187686,0.001524,0.479398,0.001813,0.101431,0.023738,0.032125,0.002308,0.166761
0.155924,0.359900,0.005359,0.308610,0.042534,0.008751,0.003864,0.007054,0.100202,0.007803
0.024570,0.325210,0.054026,0.063162,0.040222,0.269608,0.037494,0.056605,0.053605,0.075497
0.000590,0.163747,0.001662,0.463867,0.002755,0.110271,0.000925,0.042077,0.001330,0.212774
0.267346,0.011557,0.289767,0.032718,0.150470,0.022072,0.073106,0.052511,0.016460,0.083994
0.031931,0.200393,0.095434,0.023125,0.135851,0.020379,0.152714,0.156669,0.145971,0.037535
0.171851,0.134245,0.052291,0.053145,0.203891,0.061447,0.117494,0.111825,0.036298,0.057513
0.109886,0.181388,0.309583,0.033205,0.097375,0.091637,0.011571,0.105932,0.018944,0.040480
0.257890,0.207636,0.010106,0.010974,0.335147,0.006416,0.005387,0.129459,0.014917,0.022068
0.193589,0.133965,0.033439,0.052423,0.072286,0.094287,0.037541,0.242024,0.034771,0.105674
0.057620,0.172694,0.037551,0.037349,0.054155,0.015975,0.307144,0.038320,0.230688,0.048503
0.033833,0.244158,0.002500,0.493006,0.006070,0.136190,0.012899,0.003038,0.007066,0.061240
0.168462,0.073845,0.038362,0.036279,0.175046,0.152688,0.148560,0.083961,0.076894,0.045903
0.043056,0.249603,0.003566,0.414805,0.002380,0.131760,0.098738,0.039496,0.009657,0.006939
0.148575,0.179282,0.038009,0.043080,0.114114,0.133108,0.118770,0.096460,0.095565,0.033038
0.255351,0.121280,0.021120,0.021162,0.180797,0.093471,0.011875,0.224371,0.018112,0.052460
0.000542,0.020040,0.002233,0.005325,0.026651,0.738918,0.078600,0.001874,0.115875,0.009943
0.174049,0.100168,0.077031,0.057706,0.106428,0.043416,0.128347,0.128268,0.035755,0.148832
0.089934,0.024687,0.034601,0.046230,0.074517,0.061206,0.325501,0.117782,0.049314,0.176228
0.172584,0.274232,0.115102,0.014094,0.010624,0.091028,0.074558,0.099660,0.115931,0.032187
0.140395,0.151737,0.004505,0.373006,0.101938,0.003803,0.072361,0.013945,0.086697,0.051615
0.027925,0.193956,0.001842,0.000758,0.060168,0.238243,0.000702,0.003344,0.283894,0.189169
0.057294,0.103515,0.049672,0.042852,0.125005,0.154977,0.140535,0.130539,0.149779,0.045831
0.022972,0.195701,0.032951,0.004317,0.064998,0.166568,0.058698,0.091233,0.211374,0.151189
0.139017,0.233911,0.021165,0.044202,0.053500,0.138099,0.164885,0.040041,0.120232,0.044947
0.027759,0.011010,0.258025,0.113463,0.086108,0.025837,0.018153,0.167080,0.015772,0.276793
0.037859,0.184912,0.097700,0.157935,0.040461,0.166431,0.077105,0.138012,0.051822,0.047763
0.002493,0.029098,0.668967,0.001195,0.038694,0.004143,0.010872,0.002509,0.126279,0.115750
0.022152,0.158742,0.133325,0.060655,0.032469,0.171347,0.072044,0.041969,0.138721,0.168576
0.029895,0.356341,0.006989,0.011191,0.009384,0.004496,0.003795,0.006639,0.368695,0.202575
0.178407,0.407066,0.029663,0.031063,0.041377,0.056046,0.070928,0.075686,0.078248,0.031515
0.031976,0.200266,0.086806,0.115860,0.272829,0.019490,0.017441,0.118277,0.027979,0.109075
0.305169,0.023690,0.055236,0.056697,0.124474,0.091384,0.109894,0.053104,0.039634,0.140717
0.152576,0.117994,0.056572,0.051573,0.156589,0.080155,0.155251,0.078794,0.061483,0.089012
0.217463,0.203557,0.021107,0.007192,0.135493,0.116105,0.063923,0.150362,0.029301,0.055498
0.001386,0.540572,0.002598,0.008326,0.177316,0.008256,0.001956,0.005052,0.227764,0.026775
0.080888,0.209659,0.005590,0.452152,0.075124,0.030127,0.082418,0.043315,0.011141,0.009585
0.053369,0.526097,0.013780,0.077351,0.013250,0.014166,0.006138,0.091137,0.145966,0.058746
0.100163,0.076072,0.048140,0.050099,0.116795,0.081530,0.025185,0.268654,0.116975,0.116386
0.062225,0.280329,0.077300,0.057658,0.138547,0.020274,0.119768,0.142618,0.034908,0.066371
0.027049,0.470152,0.004139,0.006231,0.044606,0.096626,0.001883,0.003039,0.187181,0.159094
0.225904,0.168754,0.017729,0.043384,0.020175,0.023626,0.222789,0.216842,0.019208,0.041588
0.102012,0.127211,0.061720,0.079236,0.113352,0.077140,0.153475,0.093080,0.090060,0.102715
0.179175,0.236270,0.006068,0.348802,0.006856,0.133283,0.045992,0.021432,0.011989,0.010134
0.014065,0.019254,0.043422,0.039796,0.197136,0.032667,0.131211,0.155986,0.169332,0.197131
0.151694,0.107026,0.035172,0.004647,0.274167,0.115503,0.189617,0.029291,0.051996,0.040886
0.436790,0.137348,0.014835,0.016009,0.185023,0.012376,0.008374,0.028797,0.022178,0.138271
0.148240,0.241464,0.010604,0.075961,0.010241,0.080378,0.007793,0.096175,0.146983,0.182162
0.162618,0.103687,0.040273,0.038853,0.208607,0.082424,0.175088,0.121634,0.029875,0.036940
0.110893,0.222264,0.010266,0.031779,0.323319,0.071254,0.006207,0.029665,0.022824,0.171528
0.013646,0.162685,0.072310,0.105118,0.292410,0.149551,0.008613,0.125305,0.020884,0.049478
0.117482,0.268624,0.012876,0.134046,0.115948,0.014757,0.077758,0.102827,0.050541,0.105140
0.311251,0.118031,0.034474,0.031121,0.191813,0.017171,0.022155,0.196912,0.017664,0.059407
0.089455,0.226273,0.011386,0.019448,0.052287,0.006355,0.226681,0.125187,0.222339,0.020589
0.109737,0.036127,0.050441,0.058283,0.269311,0.071609,0.141533,0.102472,0.035561,0.124926
0.182096,0.290589,0.038650,0.022423,0.100743,0.166124,0.050836,0.082948,0.027998,0.037592
0.003061,0.167738,0.002350,0.453900,0.005926,0.121588,0.164464,0.002700,0.038592,0.039681
0.009020,0.200517,0.003431,0.365840,0.029983,0.121503,0.003468,0.075181,0.008383,0.182673
0.051736,0.198888,0.059947,0.037326,0.220977,0.100436,0.010783,0.228749,0.022820,0.068338
0.311539,0.143529,0.011547,0.131216,0.110028,0.136041,0.006675,0.014748,0.118160,0.016517
0.028075,0.155734,0.012393,0.035473,0.014897,0.219932,0.249208,0.087807,0.026529,0.169952
0.017191,0.288299,0.178054,0.003384,0.187514,0.077183,0.033115,0.044586,0.082022,0.088651
0.215088,0.226000,0.079269,0.045418,0.051820,0.078962,0.017796,0.177911,0.021869,0.085868
0.024451,0.187630,0.020245,0.037569,0.090221,0.143391,0.282721,0.129234,0.026651,0.057887
0.038341,0.019544,0.062343,0.218603,0.170766,0.117796,0.013557,0.173904,0.121036,0.064110
0.048628,0.132703,0.054028,0.071227,0.057555,0.159087,0.161070,0.179188,0.044843,0.091672
0.233322,0.064936,0.049666,0.046217,0.162915,0.095184,0.048606,0.106919,0.125648,0.066587
0.069086,0.277668,0.230356,0.078246,0.082497,0.007224,0.108632,0.063894,0.050460,0.031937
0.031015,0.157790,0.047194,0.170945,0.201127,0.015351,0.011993,0.147573,0.020467,0.196545
0.011124,0.008480,0.001385,0.194654,0.000706,0.703673,0.034599,0.001264,0.041752,0.002363
0.045575,0.029377,0.111747,0.122994,0.058224,0.064755,0.224078,0.193930,0.053783,0.095536
0.363081,0.296069,0.002293,0.003466,0.068469,0.005086,0.003386,0.006802,0.241249,0.010101
0.303141,0.008292,0.057027,0.026634,0.206190,0.037591,0.194404,0.067669,0.038396,0.060656
0.155738,0.028948,0.031489,0.038292,0.038942,0.030488,0.250100,0.058494,0.285269,0.082239
0.015440,0.236121,0.016932,0.039757,0.141416,0.203990,0.160451,0.037506,0.104012,0.044375
0.069123,0.089932,0.011613,0.018996,0.118730,0.236483,0.001741,0.006096,0.432649,0.014636
0.031328,0.220993,0.000605,0.004984,0.002407,0.427221,0.015373,0.003220,0.286498,0.007372
0.200103,0.174610,0.046385,0.038134,0.171557,0.141592,0.010593,0.035815,0.119857,0.061353
0.188143,0.141156,0.011766,0.066705,0.042503,0.179223,0.138886,0.082530,0.113614,0.035475
0.158984,0.165726,0.053414,0.035516,0.176409,0.154735,0.013218,0.154399,0.026893,0.060705
0.173122,0.284670,0.007765,0.002168,0.018958,0.002710,0.226788,0.003553,0.270107,0.010157
0.107524,0.241002,0.108335,0.043784,0.200332,0.009287,0.107832,0.060060,0.091687,0.030157
0.077334,0.144348,0.020978,0.108781,0.306560,0.128678,0.006692,0.024705,0.093134,0.088790
0.145271,0.088024,0.339240,0.029754,0.123745,0.008985,0.095154,0.026607,0.114779,0.028441
0.037447,0.196973,0.059274,0.026326,0.045160,0.042842,0.190777,0.190192,0.039053,0.171956
0.016319,0.365104,0.011238,0.025223,0.012981,0.212014,0.244387,0.075057,0.010560,0.027117
0.219997,0.069752,0.048693,0.053838,0.133127,0.101769,0.110233,0.164811,0.026081,0.071700
0.243297,0.019698,0.020289,0.004876,0.093560,0.171589,0.008814,0.086966,0.186729,0.164183
0.106407,0.212630,0.059973,0.046392,0.091744,0.015935,0.024472,0.102270,0.152922,0.187255
0.134171,0.215855,0.021918,0.081264,0.066826,0.148413,0.196447,0.083529,0.022546,0.029030
0.011179,0.115031,0.002168,0.427017,0.026667,0.002401,0.027900,0.058656,0.161736,0.167245
0.015594,0.167107,0.042379,0.078619,0.363809,0.014720,0.007409,0.133325,0.139326,0.037712
0.045760,0.232593,0.380892,0.056429,0.044507,0.025365,0.010667,0.109613,0.026975,0.067199
0.276212,0.126206,0.069114,0.032865,0.131628,0.025139,0.011427,0.115832,0.154329,0.057250
0.000783,0.078820,0.001703,0.160153,0.001291,0.666238,0.000845,0.002613,0.085006,0.002547
0.050125,0.130382,0.182090,0.077066,0.036519,0.195076,0.135594,0.059544,0.112961,0.020644
0.021469,0.235623,0.014684,0.127148,0.039862,0.064134,0.202108,0.085705,0.176905,0.032362
0.023738,0.127371,0.034081,0.039821,0.290651,0.012178,0.246445,0.030539,0.066040,0.129136
0.219003,0.119973,0.010936,0.438227,0.008363,0.004886,0.003929,0.006581,0.175872,0.012229
0.045120,0.198060,0.003349,0.445933,0.030309,0.134791,0.013415,0.015835,0.108443,0.004745
0.167159,0.100882,0.102329,0.032264,0.212659,0.021404,0.183756,0.032439,0.114578,0.032528
0.018586,0.117927,0.001847,0.438457,0.002672,0.107325,0.146864,0.018598,0.002703,0.145021
0.078958,0.170061,0.231307,0.076580,0.034510,0.009465,0.054066,0.022740,0.159243,0.163070
0.106255,0.172668,0.036186,0.024042,0.057425,0.010304,0.100160,0.200843,0.134800,0.157318
0.014301,0.264329,0.022359,0.012354,0.032902,0.107400,0.005700,0.228405,0.274340,0.037910
0.049385,0.165525,0.038897,0.012986,0.070857,0.059877,0.154175,0.147899,0.202048,0.098350
0.004073,0.171592,0.003525,0.341667,0.101428,0.099026,0.103183,0.023943,0.147125,0.004438
0.004329,0.124012,0.004646,0.650109,0.011220,0.005764,0.003319,0.108957,0.078349,0.009294
0.288612,0.118787,0.041536,0.132912,0.087869,0.104555,0.010149,0.147805,0.020753,0.047022
0.088735,0.183518,0.029627,0.031833,0.153551,0.191514,0.014394,0.198718,0.042491,0.065619
0.014401,0.185179,0.001051,0.158511,0.002985,0.003754,0.047653,0.007262,0.335068,0.244135
0.036307,0.004611,0.002980,0.515714,0.002356,0.162121,0.231789,0.017560,0.019277,0.007286
0.104590,0.003659,0.267484,0.019392,0.139026,0.005002,0.090263,0.007480,0.354680,0.008425
0.294801,0.252192,0.102207,0.015147,0.139543,0.015316,0.015983,0.053552,0.076121,0.035138
0.070227,0.101419,0.235369,0.099699,0.046569,0.161207,0.224880,0.020857,0.018534,0.021239
0.048955,0.285689,0.031603,0.051691,0.280528,0.013239,0.009990,0.050109,0.169606,0.058589
0.084470,0.162171,0.115649,0.034998,0.076602,0.135783,0.015110,0.264495,0.037191,0.073529
0.033377,0.016546,0.033516,0.029393,0.255691,0.091336,0.241684,0.104812,0.157104,0.036542
0.250240,0.077368,0.238664,0.023731,0.143392,0.052489,0.136911,0.025531,0.015760,0.035913
0.017931,0.244023,0.047960,0.007019,0.060156,0.031165,0.100081,0.161500,0.202167,0.127999
0.171874,0.207063,0.028492,0.040726,0.155148,0.013020,0.058918,0.121808,0.163277,0.039675
0.044773,0.230724,0.011930,0.037017,0.269929,0.012174,0.015679,0.149772,0.181010,0.046993
0.209019,0.233768,0.061486,0.075694,0.047599,0.162433,0.023092,0.063560,0.051870,0.071477
0.032718,0.102130,0.001397,0.019532,0.017851,0.304429,0.001849,0.005840,0.472806,0.041448
0.025671,0.132145,0.020468,0.040930,0.207111,0.207858,0.118348,0.081014,0.065548,0.100908
0.307988,0.171219,0.018830,0.035120,0.082621,0.075930,0.010802,0.115707,0.145333,0.036449
0.160294,0.160191,0.055128,0.159718,0.083015,0.029666,0.031987,0.120448,0.060727,0.138825
0.011175,0.102601,0.002791,0.430705,0.021668,0.105043,0.096391,0.002303,0.093790,0.133534
0.229149,0.192700,0.036866,0.020400,0.160495,0.011808,0.153979,0.031914,0.016792,0.145896
0.169775,0.142405,0.014078,0.136120,0.047591,0.149294,0.055730,0.130381,0.116033,0.038594
0.105271,0.177022,0.190847,0.027514,0.055605,0.108486,0.183312,0.102310,0.018768,0.030863
0.109560,0.222480,0.177140,0.096016,0.034724,0.009754,0.005155,0.114614,0.023469,0.207088
0.117426,0.141059,0.012831,0.005440,0.234449,0.041993,0.121063,0.093063,0.106464,0.126211
0.005505,0.118535,0.004261,0.525468,0.064920,0.005434,0.247613,0.005315,0.012024,0.010925
0.027988,0.443745,0.024931,0.025862,0.018137,0.137674,0.015393,0.121484,0.142229,0.042557
0.208716,0.008307,0.015676,0.032937,0.283614,0.106737,0.084925,0.078533,0.137292,0.043263
0.006164,0.004553,0.003565,0.479226,0.094924,0.098556,0.079609,0.048943,0.024828,0.159631
0.011137,0.051260,0.004322,0.567764,0.003070,0.177949,0.044160,0.044181,0.004236,0.091922
0.022876,0.184741,0.001764,0.383108,0.001079,0.001750,0.136138,0.263272,0.001817,0.003455
0.001005,0.088527,0.006037,0.014150,0.026751,0.241732,0.147351,0.005723,0.461248,0.007476
0.094733,0.006708,0.005068,0.432560,0.163598,0.009637,0.220070,0.045498,0.007768,0.014361
0.212167,0.104435,0.017446,0.031065,0.231418,0.088235,0.090691,0.089120,0.099103,0.036319
0.142890,0.104767,0.042510,0.033501,0.155368,0.028807,0.179718,0.092285,0.116878,0.103276
0.001242,0.080805,0.001997,0.263520,0.080953,0.198155,0.002351,0.010591,0.352851,0.007535
0.250613,0.121021,0.279030,0.026769,0.014280,0.100470,0.008958,0.067911,0.060221,0.070727
0.015143,0.384740,0.002194,0.472424,0.003738,0.002602,0.045350,0.068239,0.001429,0.004142
0.085395,0.108232,0.195138,0.111390,0.039708,0.123600,0.131384,0.033501,0.141979,0.029671
0.069573,0.337088,0.021886,0.002773,0.040218,0.134195,0.172415,0.050503,0.143476,0.027873
0.154358,0.077378,0.062352,0.046865,0.151396,0.122030,0.152733,0.107416,0.041673,0.083800
0.005269,0.103152,0.003014,0.021225,0.227992,0.005442,0.218138,0.007143,0.396756,0.011868
0.297924,0.152398,0.044705,0.034693,0.121061,0.016486,0.126021,0.123728,0.032725,0.050258
0.002465,0.118883,0.612317,0.002162,0.007749,0.003973,0.000984,0.002143,0.130265,0.119058
0.023881,0.112451,0.279302,0.031120,0.212356,0.078321,0.055445,0.086659,0.092003,0.028461
0.005827,0.139404,0.004816,0.606090,0.078215,0.008503,0.003333,0.129117,0.005979,0.018716
0.003366,0.281368,0.003660,0.475132,0.006669,0.138403,0.011539,0.028955,0.045814,0.005096
0.240071,0.280007,0.035422,0.037249,0.017796,0.010097,0.160954,0.095784,0.069693,0.052928
0.177230,0.016682,0.042703,0.027013,0.380956,0.111437,0.011101,0.118616,0.066458,0.047803
0.029024,0.186998,0.037772,0.055750,0.026317,0.133347,0.201878,0.186667,0.095149,0.047099
0.053961,0.218827,0.019962,0.131754,0.030967,0.030334,0.313347,0.127100,0.019613,0.054137
0.116078,0.410898,0.009578,0.012618,0.022440,0.004293,0.001653,0.003986,0.409549,0.008908
0.121908,0.191971,0.030677,0.129847,0.122663,0.022275,0.167041,0.110203,0.061498,0.041917
0.027786,0.303996,0.003002,0.007699,0.004611,0.005406,0.282816,0.004414,0.353612,0.006658
0.331734,0.217600,0.012734,0.035427,0.142009,0.016727,0.076979,0.077455,0.057566,0.031770
0.062068,0.130067,0.044022,0.044017,0.208891,0.032912,0.217077,0.165168,0.021701,0.074077
0.095733,0.048659,0.018362,0.197911,0.065665,0.226110,0.180290,0.125028,0.026274,0.015970
0.029862,0.221466,0.170414,0.041886,0.048866,0.144436,0.010293,0.093973,0.197516,0.041287
0.007881,0.436330,0.010139,0.021259,0.015491,0.012067,0.009650,0.184977,0.278235,0.023971
0.331408,0.235891,0.059157,0.051970,0.070601,0.023781,0.014992,0.053531,0.095248,0.063422
0.000647,0.100220,0.001013,0.005598,0.026647,0.715338,0.001438,0.002521,0.105338,0.041240
0.028230,0.155273,0.161372,0.006115,0.179856,0.148838,0.116034,0.123150,0.030122,0.051011
0.034344,0.012370,0.431510,0.006803,0.075436,0.118617,0.009968,0.037026,0.108894,0.165031
0.124027,0.159253,0.212053,0.082005,0.064571,0.017355,0.117117,0.065075,0.025495,0.133049
0.020746,0.242427,0.003430,0.410175,0.020170,0.020914,0.069329,0.027871,0.002711,0.182226
0.173673,0.023035,0.130036,0.059321,0.042685,0.090605,0.137976,0.174762,0.114573,0.053333
0.051343,0.079145,0.054515,0.032545,0.178605,0.125810,0.158854,0.119236,0.038799,0.161148
0.140705,0.132959,0.312078,0.026767,0.117954,0.050819,0.093264,0.080899,0.020118,0.024436
0.036021,0.284761,0.005117,0.008990,0.063791,0.134490,0.190646,0.004892,0.262533,0.008757
0.038862,0.533639,0.056525,0.001000,0.005776,0.002399,0.128352,0.002164,0.214688,0.016596
0.053579,0.534963,0.005008,0.007506,0.049174,0.017572,0.142282,0.004358,0.178217,0.007342
0.033400,0.203129,0.022308,0.070090,0.194487,0.164343,0.058216,0.104355,0.102295,0.047378
0.010969,0.192319,0.031284,0.020674,0.294843,0.017016,0.272886,0.111558,0.014706,0.033745
0.108697,0.140839,0.045546,0.046035,0.328250,0.121627,0.012382,0.034532,0.049001,0.113091
0.029100,0.180404,0.133977,0.022210,0.156121,0.014286,0.279833,0.096537,0.019109,0.068423
0.006227,0.140138,0.007506,0.013855,0.123325,0.009300,0.173201,0.006429,0.503513,0.016505
0.026496,0.292234,0.002479,0.397250,0.028225,0.001759,0.002219,0.064522,0.002057,0.182759
0.341266,0.092320,0.034783,0.023920,0.026056,0.105320,0.134305,0.054666,0.133513,0.053851
0.005726,0.091995,0.002067,0.596483,0.001268,0.054982,0.003067,0.049701,0.170153,0.024557
0.332657,0.018658,0.021637,0.021523,0.029900,0.108709,0.013118,0.129684,0.150742,0.173372
0.205889,0.200541,0.329795,0.014691,0.088056,0.068594,0.015651,0.030824,0.014142,0.031817
0.012574,0.070820,0.004953,0.535250,0.048771,0.114515,0.006462,0.009674,0.191141,0.005839
0.312309,0.018210,0.015003,0.036492,0.049971,0.180885,0.148408,0.167123,0.030494,0.041105
0.020570,0.003012,0.001199,0.002043,0.120588,0.507664,0.076754,0.006538,0.254161,0.007472
0.007528,0.168117,0.001796,0.506198,0.000976,0.105361,0.153440,0.052510,0.002094,0.001980
0.024143,0.150169,0.037782,0.020610,0.198756,0.011045,0.125223,0.215466,0.016861,0.199946
0.170805,0.283873,0.032230,0.026176,0.048647,0.077848,0.168572,0.088595,0.059068,0.044187
0.065175,0.279256,0.022995,0.029604,0.216969,0.114080,0.066745,0.077633,0.018466,0.109076
0.019840,0.119194,0.681372,0.004953,0.006843,0.009037,0.000989,0.002292,0.111192,0.044289
0.049837,0.180425,0.015487,0.034510,0.291871,0.021434,0.147437,0.073622,0.131603,0.053774
0.041241,0.225284,0.003551,0.443537,0.051620,0.208109,0.001826,0.005202,0.012842,0.006788
0.003667,0.354860,0.003569,0.013657,0.079674,0.173131,0.023032,0.004503,0.336266,0.007642
0.048291,0.159501,0.004581,0.006669,0.071463,0.136753,0.095366,0.009302,0.280200,0.187873
0.034055,0.006119,0.004526,0.442420,0.069801,0.148452,0.002335,0.041430,0.009734,0.241128
0.001969,0.551320,0.000527,0.002887,0.005534,0.001838,0.123636,0.002450,0.171809,0.138031
0.326131,0.127673,0.035166,0.065310,0.076622,0.134857,0.017372,0.069118,0.044839,0.102913
0.027139,0.018320,0.477716,0.031882,0.150768,0.117637,0.015167,0.059233,0.032758,0.069380
0.032235,0.334919,0.041977,0.007890,0.132563,0.129906,0.118692,0.064461,0.068952,0.068405
0.014440,0.155864,0.407952,0.061926,0.116866,0.009687,0.093284,0.078831,0.029067,0.032082
0.069083,0.116990,0.007554,0.014881,0.280512,0.036207,0.002506,0.007234,0.449914,0.015120
0.019808,0.125551,0.185212,0.029286,0.120785,0.106951,0.081416,0.189977,0.015814,0.125199
0.022705,0.087080,0.005779,0.522787,0.006380,0.023091,0.030560,0.035713,0.260256,0.005650
0.022205,0.426458,0.006088,0.010589,0.020122,0.152862,0.079668,0.005297,0.266744,0.009968
0.352243,0.150494,0.094266,0.045414,0.037594,0.014568,0.015840,0.070628,0.096250,0.122703
0.000822,0.002107,0.263633,0.013017,0.003193,0.002789,0.268827,0.003560,0.317526,0.124526
0.054586,0.191568,0.219709,0.138049,0.067730,0.012211,0.156602,0.080076,0.062463,0.017005
0.050196,0.070341,0.052758,0.005778,0.032927,0.607701,0.029130,0.003970,0.140464,0.006736
0.350963,0.227947,0.033498,0.030929,0.128754,0.013372,0.094797,0.070874,0.017198,0.031668
0.022899,0.005529,0.504349,0.036464,0.116371,0.031973,0.146546,0.076415,0.015961,0.043494
0.000445,0.095687,0.001814,0.054559,0.001160,0.615610,0.021807,0.003254,0.131861,0.073804
0.033224,0.199764,0.019906,0.068808,0.018399,0.013264,0.279171,0.176227,0.123527,0.067710
0.024767,0.284447,0.129573,0.036014,0.210299,0.014957,0.018181,0.105562,0.026743,0.149456
0.128519,0.125585,0.061237,0.062903,0.106669,0.115745,0.108958,0.150268,0.055714,0.084402
0.258200,0.139885,0.036037,0.005693,0.172738,0.156493,0.016298,0.079861,0.085629,0.049166
0.298151,0.081055,0.021494,0.039819,0.156544,0.129678,0.104428,0.057471,0.044762,0.066599
0.017548,0.267282,0.012022,0.026273,0.104727,0.152733,0.217765,0.018586,0.017742,0.165321
0.052778,0.021461,0.057077,0.058731,0.034598,0.153512,0.015319,0.194409,0.189655,0.222460
0.032478,0.025024,0.028283,0.025947,0.643960,0.056785,0.016185,0.065635,0.040469,0.065234
0.031999,0.187858,0.024574,0.045285,0.013917,0.142658,0.188263,0.105822,0.088682,0.170941
0.146588,0.241513,0.005677,0.197580,0.068994,0.006028,0.022871,0.008419,0.290483,0.011846
0.024384,0.183654,0.054197,0.078730,0.094899,0.021799,0.229974,0.167202,0.046652,0.098509
0.053354,0.300108,0.054673,0.098793,0.078557,0.029665,0.025437,0.115864,0.066556,0.176993
0.226909,0.135801,0.121713,0.042024,0.160540,0.111461,0.073940,0.049260,0.027920,0.050433
0.260468,0.202133,0.010868,0.088463,0.049906,0.159365,0.004298,0.020294,0.017759,0.186445
0.061039,0.051897,0.007017,0.080347,0.227631,0.057692,0.174666,0.081745,0.113777,0.144189
0.016689,0.016302,0.051977,0.044639,0.230069,0.035246,0.324245,0.049585,0.174089,0.057158
0.081413,0.120717,0.006604,0.547667,0.006874,0.187855,0.003014,0.023517,0.005502,0.016837
0.167214,0.233911,0.050864,0.036202,0.114503,0.101051,0.023053,0.166100,0.022128,0.084974
0.338729,0.093951,0.020260,0.045580,0.112312,0.013140,0.104388,0.130989,0.098145,0.042504
0.160071,0.033581,0.040355,0.131613,0.101207,0.064817,0.156894,0.115815,0.056661,0.138985
0.036417,0.294223,0.038064,0.030915,0.125022,0.164106,0.164868,0.088087,0.017864,0.040433
0.177998,0.177089,0.042836,0.025047,0.235489,0.149104,0.025567,0.056172,0.042190,0.068508
0.440675,0.124542,0.038941,0.029770,0.051852,0.029845,0.106510,0.108320,0.027069,0.042475
0.106335,0.213274,0.013975,0.108792,0.236773,0.045404,0.109927,0.074830,0.066956,0.023734
0.230577,0.018789,0.040858,0.041843,0.169748,0.017715,0.009115,0.135214,0.156537,0.179604
0.069497,0.085081,0.139520,0.160101,0.069090,0.051653,0.081010,0.100067,0.064941,0.179041
0.043441,0.135128,0.156772,0.078968,0.222392,0.043769,0.015460,0.175704,0.036389,0.091978
0.149244,0.040048,0.060923,0.112697,0.118945,0.142391,0.039030,0.167298,0.091650,0.077775
0.182477,0.368351,0.113489,0.040081,0.044409,0.025258,0.017943,0.054983,0.046201,0.106808
0.238935,0.244033,0.027779,0.041315,0.024157,0.077678,0.083474,0.192721,0.027383,0.042525
0.040686,0.204359,0.003953,0.479038,0.007038,0.138108,0.001664,0.029499,0.046515,0.049140
0.017482,0.186272,0.033474,0.033394,0.227931,0.027858,0.126326,0.157663,0.139229,0.050370
0.188008,0.211812,0.033359,0.037268,0.018582,0.120152,0.144856,0.126088,0.069039,0.050836
0.159086,0.147014,0.026693,0.064783,0.196575,0.041682,0.125089,0.122432,0.047311,0.069334
0.069429,0.089542,0.049134,0.008351,0.554582,0.033136,0.012914,0.106134,0.029297,0.047482
0.117615,0.256315,0.014602,0.033464,0.311390,0.019159,0.008569,0.112006,0.090251,0.036629
0.165569,0.030264,0.074755,0.047754,0.171765,0.100771,0.177252,0.071047,0.050081,0.110742
0.340367,0.122382,0.014590,0.055573,0.033459,0.054574,0.006614,0.061513,0.109487,0.201442
0.214856,0.157348,0.004869,0.181932,0.034167,0.190585,0.006761,0.014784,0.012430,0.182270
0.157231,0.205610,0.026687,0.067272,0.126476,0.090763,0.015586,0.118770,0.130270,0.061335
0.274503,0.131614,0.028789,0.020348,0.162519,0.015312,0.173937,0.125413,0.024278,0.043287
0.189421,0.122630,0.095727,0.035752,0.212611,0.096638,0.009794,0.091216,0.100583,0.045628
0.228118,0.126962,0.026769,0.050116,0.161301,0.034000,0.023706,0.209065,0.027459,0.112506
0.000631,0.096201,0.002220,0.469892,0.028643,0.001565,0.142813,0.029519,0.073852,0.154666
0.296560,0.222237,0.026342,0.021444,0.187483,0.012563,0.007283,0.062346,0.088799,0.074942
0.143793,0.037783,0.029565,0.039895,0.353026,0.102214,0.078002,0.075439,0.042268,0.098015
0.342828,0.122018,0.061152,0.005385,0.014364,0.112314,0.079960,0.083757,0.028202,0.150020
0.007278,0.151729,0.002821,0.476741,0.008947,0.000889,0.058740,0.006546,0.120398,0.165911
0.010250,0.002038,0.061642,0.130199,0.048859,0.016622,0.170246,0.003662,0.364415,0.192068
0.064534,0.247795,0.001497,0.013099,0.110737,0.154232,0.002300,0.005404,0.308790,0.091611
0.003401,0.097187,0.003298,0.416774,0.006264,0.107898,0.121210,0.064627,0.171964,0.007378
0.023817,0.189331,0.188931,0.042214,0.182370,0.018665,0.010304,0.092224,0.207569,0.044578
0.008067,0.195787,0.002195,0.464694,0.031592,0.006774,0.012370,0.058414,0.004506,0.215602
0.225297,0.284519,0.117481,0.017289,0.027318,0.011302,0.010079,0.134371,0.025892,0.146452
0.227081,0.178950,0.031678,0.005392,0.051941,0.102142,0.180664,0.156382,0.023709,0.042060
0.015101,0.114731,0.002361,0.405255,0.004847,0.001957,0.139272,0.002993,0.161950,0.151533
0.107343,0.022680,0.132143,0.048964,0.420309,0.016740,0.014769,0.142298,0.035310,0.059444
0.196492,0.173317,0.027473,0.033295,0.114674,0.124660,0.021459,0.146537,0.099795,0.062297
0.008287,0.179832,0.002759,0.424444,0.004949,0.060052,0.050266,0.204139,0.059384,0.005889
0.136931,0.326214,0.116986,0.033336,0.116900,0.023996,0.016855,0.070128,0.113790,0.044865
0.037607,0.183088,0.194475,0.020350,0.035197,0.161414,0.010221,0.156114,0.146987,0.054547
0.008545,0.212930,0.143880,0.013328,0.290177,0.007880,0.011058,0.132708,0.020164,0.159331
0.014920,0.153789,0.393636,0.070573,0.066651,0.010508,0.090808,0.092371,0.070446,0.036298
0.231967,0.008596,0.027839,0.046059,0.216779,0.139889,0.094329,0.054190,0.027046,0.153307
0.000673,0.316172,0.008506,0.001809,0.003039,0.021379,0.089644,0.003311,0.402981,0.152486
0.077155,0.175639,0.098977,0.025818,0.088507,0.208073,0.083144,0.091276,0.025114,0.126297
0.005512,0.125464,0.370385,0.003344,0.028404,0.006672,0.106619,0.006640,0.330772,0.016188
0.153786,0.149105,0.042507,0.034486,0.063431,0.026585,0.086194,0.079899,0.168535,0.195472
0.016145,0.142599,0.139374,0.047130,0.099679,0.139789,0.167309,0.082514,0.138236,0.027225
0.030713,0.242520,0.021549,0.141750,0.139093,0.138587,0.009560,0.100023,0.113976,0.062230
0.029349,0.680626,0.004741,0.009305,0.055314,0.002001,0.013273,0.002475,0.198696,0.004220
0.175864,0.218121,0.042768,0.050133,0.173324,0.117166,0.112082,0.040810,0.029603,0.040130
0.119693,0.172674,0.003048,0.408768,0.001905,0.092348,0.022634,0.005807,0.025039,0.148083
0.132104,0.159113,0.283602,0.026299,0.135663,0.014017,0.017719,0.095614,0.100272,0.035598
0.005591,0.166630,0.002159,0.025999,0.021434,0.007411,0.312091,0.006615,0.436244,0.015826
0.272425,0.172896,0.038826,0.036703,0.030676,0.015023,0.008445,0.123658,0.143649,0.157699
0.157302,0.063352,0.326060,0.039668,0.120255,0.016063,0.120575,0.082135,0.028394,0.046198
0.045924,0.004742,0.015801,0.026017,0.036696,0.008299,0.429833,0.006713,0.412787,0.013187
0.004255,0.190074,0.003802,0.446141,0.008836,0.136072,0.178685,0.020012,0.007590,0.004533
0.031534,0.222443,0.031295,0.038869,0.306480,0.010609,0.223392,0.089755,0.014139,0.031483
0.054624,0.029069,0.064430,0.032081,0.212114,0.022755,0.291319,0.102963,0.059379,0.131267
0.042025,0.365741,0.010250,0.015519,0.035605,0.008532,0.131535,0.008179,0.366501,0.016112
0.034515,0.142098,0.173158,0.044164,0.097405,0.017726,0.170279,0.135055,0.128186,0.057412
0.032407,0.208091,0.001301,0.006661,0.009375,0.325339,0.001326,0.002835,0.195128,0.217537
0.021203,0.187476,0.052045,0.149739,0.141237,0.066897,0.119192,0.117414,0.039151,0.105647
0.024731,0.230714,0.248203,0.149966,0.024035,0.012270,0.047005,0.207480,0.022494,0.033102
0.251930,0.209268,0.119282,0.006995,0.099732,0.025022,0.137283,0.042464,0.062795,0.045231
0.000570,0.202618,0.001862,0.521118,0.001840,0.003017,0.161057,0.053651,0.027262,0.027005
0.231190,0.216139,0.019186,0.040423,0.117241,0.083851,0.162018,0.059715,0.028694,0.041541
0.000678,0.016231,0.002004,0.544998,0.004993,0.004359,0.177531,0.011598,0.004867,0.232740
