0.077130,0.068118,0.152044,0.160493,0.102022,0.049439,0.191376,0.094419,0.055157,0.049802
0.088824,0.076394,0.168509,0.060392,0.117721,0.059630,0.089730,0.086426,0.116683,0.135690
0.029934,0.021311,0.042148,0.037866,0.041417,0.018653,0.026029,0.721427,0.020534,0.040681
0.069507,0.056916,0.117533,0.097587,0.087326,0.135611,0.143837,0.092423,0.109560,0.089698
0.076324,0.079171,0.144147,0.122257,0.127135,0.072411,0.073249,0.117801,0.075975,0.111530
0.191320,0.067047,0.151102,0.124432,0.086341,0.055961,0.067421,0.075256,0.065354,0.115766
0.147448,0.075220,0.055485,0.155238,0.104310,0.054960,0.136990,0.105806,0.062695,0.101849
0.070417,0.081284,0.129781,0.116055,0.067717,0.092211,0.081214,0.085865,0.169517,0.105939
0.070605,0.064684,0.150556,0.114787,0.103405,0.079355,0.145788,0.104457,0.059926,0.106437
0.026188,0.020382,0.040187,0.044942,0.032464,0.045504,0.061711,0.676814,0.019318,0.032491
0.029607,0.024435,0.691918,0.019777,0.042176,0.022151,0.021327,0.058433,0.034355,0.055822
0.107446,0.074668,0.065520,0.060221,0.091283,0.058272,0.068235,0.118609,0.159165,0.196580
0.026650,0.062826,0.651637,0.019006,0.053246,0.023810,0.070735,0.027669,0.022909,0.041511
0.106405,0.164169,0.090839,0.119684,0.062133,0.049452,0.159837,0.057108,0.105858,0.084515
0.109659,0.144429,0.104422,0.100195,0.090641,0.061094,0.132624,0.060689,0.108546,0.087702
0.033244,0.058374,0.019229,0.031686,0.033155,0.033016,0.022535,0.706016,0.019675,0.043070
0.076795,0.055664,0.128713,0.083542,0.114378,0.117752,0.202506,0.051643,0.057440,0.111566
0.048283,0.065411,0.055283,0.057738,0.114272,0.053011,0.166087,0.108366,0.266699,0.064851
0.033304,0.023615,0.705121,0.019121,0.036587,0.069932,0.021221,0.024315,0.045767,0.021016
0.036480,0.047013,0.673096,0.019207,0.054531,0.026072,0.035599,0.020458,0.023705,0.063837
0.083983,0.070561,0.130232,0.060412,0.098762,0.071123,0.072750,0.116920,0.204868,0.090389
0.029152,0.017391,0.081410,0.037059,0.025906,0.018726,0.078159,0.669724,0.020058,0.022414
0.092556,0.066436,0.163683,0.116045,0.080494,0.079408,0.109409,0.109449,0.058761,0.123759
0.149292,0.078925,0.068541,0.158184,0.101868,0.066057,0.111182,0.102067,0.083570,0.080313
0.115440,0.060495,0.057225,0.101760,0.111917,0.148526,0.121911,0.099644,0.125086,0.057997
0.093413,0.079562,0.091354,0.073602,0.121900,0.065684,0.078780,0.083580,0.172899,0.139224
0.104622,0.105326,0.067918,0.149724,0.093955,0.109550,0.082675,0.085472,0.094306,0.106452
0.025744,0.020328,0.037786,0.059570,0.036065,0.023005,0.025433,0.701918,0.020662,0.049488
0.079523,0.067529,0.057598,0.108123,0.104545,0.099914,0.158343,0.095632,0.117673,0.111121
0.123936,0.066058,0.106817,0.091948,0.098902,0.144021,0.077857,0.066568,0.124204,0.099689
0.023047,0.052249,0.034929,0.034978,0.031541,0.016088,0.046282,0.708878,0.019627,0.032380
0.072359,0.026274,0.686850,0.019491,0.034899,0.024796,0.021859,0.041259,0.024219,0.047994
0.119417,0.100737,0.066233,0.122355,0.098724,0.067713,0.108453,0.099910,0.137237,0.079221
0.076257,0.075813,0.149008,0.104593,0.081185,0.094000,0.083911,0.085758,0.119058,0.130417
0.143193,0.069942,0.064938,0.113161,0.089015,0.107196,0.101476,0.128722,0.064422,0.117934
0.121096,0.192108,0.051695,0.111588,0.072129,0.072897,0.055315,0.095506,0.118658,0.109008
0.139161,0.062928,0.117776,0.142446,0.118438,0.062741,0.071983,0.114468,0.062070,0.107990
0.075851,0.067688,0.124346,0.136194,0.103709,0.054689,0.079945,0.095640,0.160436,0.101501
0.059431,0.021221,0.710177,0.017885,0.049055,0.029765,0.019518,0.022683,0.022746,0.047519
0.110563,0.077627,0.167191,0.175095,0.136566,0.069573,0.069229,0.061886,0.066677,0.065594
0.025776,0.024201,0.669435,0.019395,0.031725,0.049988,0.057552,0.023672,0.042660,0.055596
0.057854,0.092751,0.087098,0.075238,0.169014,0.073186,0.098267,0.119986,0.078608,0.147997
0.109778,0.115943,0.067367,0.070333,0.094871,0.111304,0.077129,0.106334,0.091237,0.155704
0.095632,0.089600,0.056784,0.114095,0.082852,0.068664,0.237803,0.069898,0.070604,0.114068
0.117695,0.215456,0.053053,0.091206,0.099723,0.169811,0.061957,0.052698,0.058142,0.080258
0.139365,0.088582,0.075670,0.106184,0.071100,0.154695,0.066399,0.105240,0.070598,0.122167
0.116305,0.074355,0.087215,0.135236,0.096904,0.067023,0.085630,0.100097,0.157947,0.079287
0.085263,0.068942,0.072131,0.171578,0.079034,0.187512,0.083303,0.066767,0.122546,0.062925
0.126165,0.091799,0.063816,0.146393,0.100141,0.059945,0.067859,0.133702,0.134173,0.076006
0.026295,0.017740,0.046437,0.048225,0.024615,0.016425,0.072867,0.689212,0.020051,0.038134
0.148929,0.059966,0.056439,0.112894,0.129071,0.123473,0.085864,0.068203,0.129407,0.085754
0.061448,0.027297,0.056199,0.036988,0.030529,0.047179,0.025776,0.647994,0.021485,0.045104
0.025419,0.020360,0.038451,0.018825,0.038272,0.022349,0.027598,0.750016,0.019847,0.038864
0.081512,0.080838,0.078648,0.116299,0.080367,0.140634,0.068693,0.088389,0.154997,0.109622
0.032841,0.027803,0.667896,0.020399,0.051803,0.025175,0.022948,0.026531,0.073563,0.051041
0.072460,0.223522,0.123834,0.120147,0.080031,0.070143,0.066351,0.119599,0.065196,0.058717
0.077728,0.050364,0.180373,0.192846,0.080148,0.049000,0.163387,0.060107,0.048606,0.097442
0.065445,0.123504,0.105922,0.098953,0.094625,0.116648,0.108699,0.073820,0.121079,0.091305
0.091357,0.068708,0.137227,0.104650,0.127528,0.064026,0.071466,0.083897,0.135677,0.115465
0.182582,0.060469,0.130945,0.097961,0.113034,0.070408,0.094429,0.059443,0.075890,0.114839
0.090138,0.060285,0.131592,0.061108,0.109407,0.168535,0.092038,0.109477,0.074250,0.103170
0.146536,0.067227,0.065813,0.145827,0.090002,0.088733,0.078884,0.124641,0.072696,0.119643
0.052258,0.058889,0.172276,0.094169,0.114284,0.069349,0.069020,0.086004,0.137391,0.146360
0.079745,0.062499,0.057832,0.124004,0.080723,0.190468,0.087277,0.103999,0.129156,0.084296
0.046597,0.075433,0.150298,0.083448,0.084571,0.132760,0.166219,0.096073,0.111923,0.052678
0.124929,0.054719,0.126510,0.156873,0.073307,0.172929,0.060217,0.067966,0.064974,0.097577
0.070767,0.076673,0.154156,0.116975,0.104098,0.135351,0.077580,0.067916,0.120258,0.076226
0.067090,0.076702,0.110503,0.099157,0.106004,0.143881,0.064885,0.097427,0.122430,0.111920
0.024398,0.058587,0.019345,0.034246,0.033805,0.021382,0.022185,0.731067,0.019384,0.035601
0.117458,0.157823,0.105655,0.087636,0.077909,0.072551,0.063947,0.081856,0.121314,0.113851
0.030462,0.024867,0.022983,0.069516,0.032699,0.059222,0.021059,0.662725,0.021673,0.054793
0.034420,0.024043,0.712015,0.020188,0.034793,0.031152,0.028448,0.053990,0.031234,0.029716
0.140487,0.095089,0.063591,0.123586,0.090312,0.160634,0.078218,0.094853,0.078233,0.074996
0.093427,0.084539,0.181220,0.118399,0.077040,0.138569,0.063720,0.071708,0.066949,0.104429
0.087121,0.066707,0.121620,0.118710,0.081425,0.070379,0.152613,0.086937,0.076225,0.138263
0.109269,0.277244,0.047874,0.105385,0.092711,0.055589,0.120013,0.059101,0.046905,0.085909
0.114548,0.064630,0.125385,0.092433,0.087283,0.096113,0.160361,0.065466,0.102566,0.091216
0.086359,0.068822,0.149043,0.106074,0.132390,0.103622,0.092496,0.120300,0.076460,0.064434
0.126909,0.059913,0.120452,0.111642,0.100549,0.092197,0.061665,0.102458,0.124506,0.099708
0.030696,0.022340,0.088217,0.037414,0.026550,0.016951,0.065204,0.663734,0.021042,0.027852
0.028945,0.024179,0.018401,0.066830,0.039420,0.030968,0.020013,0.695511,0.020774,0.054960
0.164678,0.072433,0.137222,0.145910,0.103502,0.080506,0.069991,0.068706,0.089484,0.067567
0.077595,0.065855,0.117908,0.100406,0.088953,0.056039,0.080572,0.098901,0.193497,0.120275
0.130844,0.058520,0.140385,0.091811,0.122889,0.068139,0.066024,0.105280,0.115904,0.100204
0.034481,0.019921,0.045310,0.036036,0.032353,0.022867,0.062093,0.685077,0.020594,0.041268
0.052406,0.024989,0.059203,0.034054,0.025363,0.064234,0.047371,0.637879,0.020248,0.034251
0.124469,0.069211,0.069698,0.067303,0.210201,0.061336,0.074871,0.102362,0.082118,0.138430
0.196674,0.065729,0.114782,0.143397,0.112672,0.049015,0.056171,0.095573,0.058176,0.107811
0.026298,0.020805,0.037664,0.036419,0.032998,0.066519,0.026976,0.686784,0.020834,0.044702
0.072174,0.058193,0.125277,0.125316,0.101371,0.183326,0.064616,0.072323,0.071886,0.125518
0.070499,0.064004,0.156225,0.134774,0.117770,0.156132,0.065379,0.087246,0.064824,0.083147
0.073053,0.069531,0.123884,0.109297,0.071891,0.057392,0.082175,0.083661,0.202675,0.126443
0.109559,0.061460,0.125031,0.145825,0.097581,0.060435,0.061648,0.076672,0.061024,0.200766
0.132728,0.069465,0.106375,0.152979,0.079567,0.145072,0.063710,0.079814,0.113050,0.057240
0.067411,0.156274,0.055943,0.119745,0.059948,0.135874,0.142076,0.090767,0.110924,0.061038
0.066486,0.060023,0.107583,0.112417,0.074499,0.141024,0.078572,0.098938,0.165744,0.094713
0.090739,0.058291,0.140400,0.119886,0.079413,0.055991,0.158169,0.114592,0.115078,0.067439
0.028966,0.036817,0.680080,0.019452,0.036038,0.074923,0.022095,0.030695,0.024777,0.046156
0.116343,0.051118,0.065644,0.158140,0.069108,0.084462,0.189308,0.094756,0.064873,0.106248
0.074168,0.063235,0.200006,0.136047,0.081035,0.077310,0.060589,0.057438,0.134841,0.115330
0.067791,0.074756,0.224599,0.119249,0.097888,0.042298,0.208871,0.077097,0.045925,0.041526
0.119158,0.056542,0.157874,0.132203,0.117615,0.155587,0.062160,0.080376,0.055619,0.062866
0.028701,0.018823,0.045264,0.046288,0.040158,0.040463,0.022192,0.696167,0.021835,0.040110
0.108356,0.074974,0.117324,0.102514,0.099257,0.130634,0.137614,0.075016,0.061928,0.092383
0.108778,0.067176,0.115209,0.108804,0.094955,0.059979,0.113363,0.090439,0.151867,0.089429
0.121434,0.068886,0.062354,0.155259,0.207499,0.084412,0.063909,0.104732,0.070067,0.061448
0.093402,0.058648,0.122406,0.116869,0.075279,0.058730,0.087807,0.109613,0.134639,0.142606
0.075689,0.056579,0.186104,0.116702,0.073271,0.065813,0.082746,0.082048,0.197822,0.063225
0.203544,0.055042,0.076706,0.179533,0.135494,0.061619,0.050226,0.082484,0.051993,0.103358
0.079275,0.060494,0.148508,0.100416,0.065861,0.055925,0.173929,0.102072,0.112608,0.100913
0.079346,0.088687,0.145729,0.115248,0.079277,0.097002,0.087827,0.107840,0.071576,0.127468
0.067334,0.056243,0.108142,0.151299,0.099056,0.151085,0.061862,0.095966,0.114908,0.094104
0.030666,0.030035,0.678678,0.020598,0.035301,0.019149,0.027851,0.037369,0.049050,0.071303
0.032417,0.021787,0.639191,0.019748,0.026820,0.071264,0.074443,0.024462,0.047289,0.042579
0.071080,0.072210,0.152536,0.121543,0.108130,0.074324,0.066467,0.101994,0.123753,0.107964
0.125126,0.057094,0.117840,0.175863,0.110352,0.158400,0.055789,0.078113,0.059670,0.061753
0.126651,0.056865,0.114895,0.095494,0.074736,0.087620,0.200025,0.067002,0.122656,0.054054
0.043602,0.018819,0.038307,0.034036,0.042015,0.016079,0.055756,0.694695,0.019335,0.037356
0.109541,0.066488,0.098600,0.102267,0.102103,0.145926,0.156044,0.066641,0.065294,0.087096
0.038358,0.022477,0.659097,0.020187,0.028026,0.067264,0.024587,0.021146,0.071603,0.047254
0.042748,0.027918,0.704258,0.020217,0.040706,0.025949,0.029588,0.034093,0.052951,0.021572
0.087572,0.070284,0.150529,0.140859,0.087521,0.085649,0.093805,0.092500,0.077390,0.113891
0.143319,0.104280,0.064338,0.127811,0.090614,0.092997,0.072309,0.093074,0.146862,0.064394
0.105514,0.072537,0.069194,0.139097,0.187626,0.061427,0.096121,0.125794,0.072606,0.070085
0.053419,0.091995,0.059557,0.115422,0.085222,0.206251,0.097712,0.059396,0.135905,0.095122
0.050813,0.020049,0.725004,0.018279,0.028578,0.028419,0.026988,0.037024,0.026315,0.038532
0.092038,0.091863,0.057163,0.129738,0.088026,0.069069,0.220754,0.088891,0.072658,0.089800
0.066772,0.032884,0.683149,0.018604,0.036629,0.024364,0.027313,0.039714,0.028061,0.042510
0.067574,0.195354,0.111641,0.111162,0.077664,0.078649,0.087568,0.104275,0.064589,0.101525
0.072057,0.310428,0.049189,0.081270,0.076665,0.066011,0.076561,0.077848,0.058811,0.131160
0.075796,0.066372,0.114906,0.097344,0.098462,0.107087,0.059584,0.078388,0.207587,0.094475
0.067018,0.077208,0.145824,0.113531,0.074860,0.101545,0.059959,0.077554,0.172990,0.109511
0.114436,0.100802,0.097231,0.147437,0.127557,0.083535,0.082907,0.086953,0.075452,0.083690
0.122312,0.068458,0.143845,0.096269,0.106875,0.140012,0.058939,0.078483,0.122501,0.062305
0.037194,0.026720,0.021181,0.036936,0.030191,0.023174,0.025769,0.740089,0.020794,0.037951
0.027601,0.022983,0.018883,0.036447,0.027225,0.050193,0.025360,0.729911,0.021012,0.040385
0.072708,0.025761,0.654565,0.020663,0.066466,0.027133,0.033324,0.028928,0.043950,0.026503
0.028053,0.021117,0.657174,0.019865,0.033284,0.067103,0.068231,0.039059,0.024178,0.041936
0.117671,0.064000,0.105508,0.092496,0.102714,0.071291,0.121875,0.096196,0.122549,0.105699
0.079064,0.022822,0.618463,0.019332,0.051588,0.024226,0.077097,0.024644,0.058346,0.024418
0.083160,0.192162,0.073007,0.094728,0.071936,0.166543,0.081333,0.054740,0.119596,0.062796
0.154947,0.084991,0.057554,0.135187,0.087964,0.125113,0.066466,0.069782,0.072302,0.145694
0.091311,0.079408,0.120532,0.119827,0.083859,0.061301,0.093317,0.094307,0.140527,0.115611
0.080021,0.063388,0.075857,0.100297,0.079903,0.069753,0.204287,0.090134,0.131521,0.104838
0.067109,0.054521,0.120155,0.117027,0.068101,0.132932,0.163040,0.054547,0.107953,0.114615
0.070244,0.058874,0.150683,0.111992,0.099658,0.056674,0.133806,0.083385,0.120629,0.114056
0.126811,0.060911,0.109789,0.111622,0.109286,0.158686,0.063261,0.100596,0.063286,0.095754
0.030397,0.024520,0.666462,0.020071,0.045028,0.024576,0.030973,0.056981,0.070516,0.030477
0.096112,0.067622,0.137142,0.128752,0.085367,0.095240,0.101855,0.095071,0.072363,0.120475
0.028542,0.022830,0.654659,0.020421,0.061271,0.024809,0.024072,0.044927,0.068244,0.050225
0.075741,0.067967,0.129288,0.125804,0.084520,0.087554,0.070227,0.127010,0.076864,0.155025
0.070676,0.067294,0.119312,0.117413,0.071911,0.068785,0.157215,0.123726,0.114611,0.089057
0.070922,0.029556,0.053935,0.036640,0.031143,0.017377,0.020488,0.682487,0.021176,0.036275
0.074285,0.056238,0.054671,0.104439,0.109619,0.160830,0.080084,0.080524,0.199894,0.079416
0.118221,0.156399,0.120639,0.103493,0.094383,0.097800,0.077908,0.055900,0.114529,0.060728
0.097766,0.088024,0.062716,0.149244,0.153097,0.064163,0.099077,0.096984,0.070845,0.118083
0.030973,0.024311,0.711021,0.020424,0.029099,0.062630,0.025442,0.037956,0.025301,0.032844
0.028111,0.023979,0.055301,0.074255,0.025685,0.019053,0.079859,0.655267,0.019890,0.018600
0.158657,0.061909,0.117615,0.107086,0.084409,0.072759,0.090450,0.087341,0.073700,0.146074
0.136658,0.048702,0.280939,0.164650,0.068190,0.042278,0.068516,0.070786,0.049608,0.069672
0.078276,0.081596,0.140012,0.116281,0.116528,0.070683,0.089330,0.105577,0.067186,0.134530
0.111380,0.178130,0.055275,0.056264,0.106544,0.105056,0.126594,0.067669,0.118054,0.075034
0.137083,0.102441,0.062480,0.101821,0.121815,0.090879,0.072153,0.097270,0.080214,0.133844
0.053279,0.029965,0.018337,0.065806,0.025665,0.037195,0.028105,0.698488,0.020663,0.022497
0.204158,0.069587,0.061971,0.064876,0.128669,0.083430,0.098603,0.125527,0.062454,0.100725
0.031695,0.020767,0.035267,0.034349,0.031757,0.040777,0.047445,0.713960,0.019764,0.024221
0.088276,0.069274,0.133479,0.129919,0.121370,0.056293,0.091563,0.074975,0.070156,0.164694
0.141482,0.086897,0.056990,0.092942,0.098446,0.116592,0.146631,0.083450,0.116839,0.059731
0.069646,0.181461,0.112759,0.097457,0.078909,0.072729,0.080207,0.099499,0.127239,0.080095
0.082502,0.073866,0.126441,0.115207,0.113735,0.078414,0.089671,0.105681,0.113717,0.100765
0.080646,0.082095,0.139244,0.177696,0.087421,0.068388,0.065437,0.069567,0.119921,0.109584
0.052321,0.018860,0.047402,0.035714,0.024317,0.032117,0.051785,0.684973,0.020355,0.032156
0.034544,0.024843,0.689849,0.020267,0.028940,0.031616,0.026705,0.031763,0.068309,0.043164
0.084992,0.062043,0.104283,0.050580,0.101163,0.198609,0.189322,0.059499,0.054021,0.095487
0.068578,0.070005,0.132858,0.126282,0.107661,0.102476,0.150459,0.082273,0.065584,0.093825
0.125448,0.063723,0.057290,0.106309,0.065570,0.142442,0.079534,0.084126,0.182295,0.093262
0.026408,0.017207,0.045012,0.035125,0.025129,0.022268,0.054655,0.733044,0.019787,0.021364
0.069093,0.062805,0.117332,0.094340,0.099637,0.158720,0.057782,0.061033,0.185402,0.093856
0.122398,0.068458,0.118749,0.118183,0.106195,0.104251,0.098007,0.097345,0.068389,0.098024
0.028388,0.023156,0.694614,0.020248,0.040832,0.024068,0.028054,0.033193,0.061539,0.045909
0.124502,0.183306,0.102151,0.109076,0.074514,0.170541,0.073204,0.062897,0.049298,0.050510
0.085641,0.059217,0.114634,0.184996,0.101844,0.075951,0.067618,0.108161,0.072419,0.129520
0.075331,0.057388,0.118296,0.114186,0.072227,0.133491,0.151781,0.099653,0.116079,0.061567
0.089388,0.077988,0.202607,0.050178,0.130947,0.079539,0.213746,0.048588,0.057881,0.049138
0.094377,0.069584,0.126150,0.127743,0.099372,0.063550,0.073795,0.094500,0.133879,0.117051
0.048382,0.067282,0.154256,0.107288,0.071231,0.086159,0.180754,0.102681,0.120866,0.061100
0.112486,0.073655,0.139927,0.079353,0.065192,0.047781,0.163592,0.049493,0.178098,0.090423
0.084838,0.083228,0.209581,0.095039,0.081974,0.145557,0.066611,0.091693,0.073941,0.067538
0.067202,0.060616,0.120725,0.112244,0.065512,0.150634,0.134219,0.067751,0.126827,0.094271
0.095106,0.061183,0.136633,0.117608,0.084532,0.231423,0.057535,0.054301,0.054646,0.107032
0.119071,0.159622,0.127970,0.056445,0.068990,0.096890,0.072858,0.089576,0.116432,0.092146
0.082202,0.067530,0.113852,0.145374,0.083878,0.073194,0.111136,0.062828,0.133723,0.126283
0.054362,0.025201,0.713067,0.018505,0.040000,0.023694,0.019947,0.052800,0.023300,0.029123
0.049134,0.022356,0.676742,0.019000,0.037400,0.023542,0.066980,0.023635,0.061071,0.020139
0.128286,0.056264,0.106140,0.105542,0.077329,0.052561,0.175850,0.080523,0.119834,0.097669
0.079772,0.081391,0.125031,0.055473,0.078157,0.052209,0.201426,0.112148,0.062459,0.151935
0.130520,0.057241,0.192464,0.113800,0.131917,0.067365,0.064054,0.056248,0.120371,0.066020
0.142309,0.094510,0.077060,0.226527,0.088051,0.060639,0.098964,0.091812,0.060375,0.059751
0.080690,0.077558,0.053672,0.103064,0.109590,0.088547,0.147470,0.065423,0.212313,0.061674
0.126943,0.061388,0.133915,0.099872,0.114888,0.058805,0.069125,0.110075,0.119078,0.105911
0.107212,0.173042,0.097275,0.078979,0.069796,0.080830,0.163665,0.070336,0.059445,0.099420
0.128320,0.071996,0.128717,0.124142,0.108786,0.094309,0.084068,0.087078,0.070926,0.101658
0.087315,0.074232,0.133957,0.151437,0.094798,0.112474,0.077820,0.101840,0.086595,0.079532
0.083600,0.064498,0.074066,0.094745,0.093412,0.252094,0.060075,0.091949,0.073786,0.111775
0.109810,0.055947,0.097647,0.082433,0.066924,0.136396,0.166742,0.094978,0.116193,0.072931
0.030863,0.037010,0.671488,0.020199,0.067498,0.019382,0.024024,0.059586,0.024044,0.045907
0.117093,0.174012,0.056555,0.100768,0.101266,0.103543,0.063640,0.083729,0.108165,0.091227
0.025154,0.020349,0.055226,0.046071,0.029602,0.047883,0.051497,0.667258,0.020905,0.036053
0.066439,0.236415,0.095116,0.123241,0.067257,0.098253,0.077192,0.053604,0.098474,0.084010
0.051353,0.157213,0.123069,0.107389,0.101166,0.140370,0.074921,0.094614,0.061487,0.088419
0.136031,0.079725,0.162920,0.101408,0.080378,0.081669,0.086549,0.109672,0.059467,0.102181
0.025018,0.023870,0.034707,0.031383,0.023069,0.021197,0.058788,0.729307,0.019264,0.033396
0.026946,0.020738,0.076256,0.044045,0.048756,0.018338,0.027100,0.680830,0.020118,0.036872
0.086618,0.055289,0.102868,0.112043,0.085460,0.055028,0.232292,0.101835,0.066564,0.102001
0.075197,0.064790,0.214550,0.060108,0.120336,0.076209,0.059635,0.090121,0.056657,0.182397
0.070627,0.074556,0.097758,0.100579,0.068475,0.068984,0.153869,0.091788,0.172845,0.100518
0.027194,0.023589,0.040958,0.059844,0.033954,0.078310,0.021189,0.656904,0.021422,0.036638
0.087125,0.100535,0.064977,0.068927,0.093675,0.188298,0.066897,0.100831,0.067327,0.161408
0.047533,0.057394,0.145464,0.092059,0.077303,0.073309,0.243180,0.109629,0.065571,0.088557
0.087941,0.062742,0.076279,0.114563,0.087720,0.214429,0.060533,0.114259,0.073423,0.108112
0.113579,0.069142,0.102883,0.124091,0.097265,0.140967,0.077307,0.097846,0.117866,0.059055
0.110676,0.063638,0.120253,0.101284,0.101719,0.053292,0.055459,0.095589,0.192476,0.105613
0.105672,0.067549,0.064876,0.135625,0.096592,0.106616,0.099437,0.104149,0.144941,0.074543
0.061010,0.182785,0.120315,0.156947,0.070593,0.049458,0.179827,0.072712,0.055863,0.050491
0.045608,0.057956,0.102007,0.114975,0.121450,0.236214,0.152960,0.052170,0.064221,0.052439
0.106508,0.065454,0.158889,0.067097,0.099407,0.064042,0.066119,0.097548,0.152139,0.122797
0.035661,0.027479,0.697109,0.019976,0.037483,0.077740,0.031077,0.025407,0.023143,0.024925
0.124809,0.056991,0.103594,0.058244,0.075746,0.131313,0.201504,0.080973,0.067897,0.098929
0.110411,0.056896,0.065253,0.090358,0.089613,0.138468,0.163196,0.091405,0.108882,0.085518
0.072896,0.077703,0.059375,0.117405,0.088854,0.123106,0.195989,0.085866,0.073308,0.105498
0.065996,0.022387,0.609146,0.019574,0.054446,0.018317,0.078664,0.040617,0.023200,0.067654
0.134478,0.069976,0.076704,0.114830,0.113744,0.081344,0.070332,0.119016,0.084404,0.135173
0.132365,0.074338,0.137730,0.095594,0.117753,0.095157,0.061123,0.115582,0.057979,0.112377
0.125862,0.061186,0.111608,0.109178,0.099975,0.186729,0.067766,0.109075,0.071245,0.057375
0.028360,0.027747,0.669964,0.019708,0.037739,0.051053,0.056573,0.043889,0.022924,0.042043
0.038796,0.028395,0.675543,0.020831,0.042934,0.025476,0.032839,0.036431,0.025271,0.073483
0.093039,0.060766,0.059466,0.119991,0.083249,0.207464,0.072960,0.113238,0.075329,0.114499
0.047777,0.029228,0.667994,0.020760,0.057274,0.026058,0.022638,0.054896,0.050958,0.022416
0.085813,0.057826,0.075462,0.096546,0.123132,0.238907,0.091753,0.113689,0.058099,0.058772
0.102774,0.063860,0.121642,0.143977,0.137052,0.161362,0.070771,0.075250,0.061602,0.061710
0.135318,0.053004,0.104260,0.125990,0.094238,0.080934,0.167726,0.070968,0.055885,0.111677
0.112496,0.071450,0.128594,0.132625,0.097531,0.147283,0.075810,0.075408,0.064089,0.094715
0.059374,0.023863,0.715031,0.019576,0.027532,0.025162,0.022166,0.032803,0.022979,0.051513
0.047797,0.025987,0.678563,0.018238,0.036366,0.049523,0.061318,0.022712,0.022529,0.036968
0.066298,0.057476,0.105410,0.087987,0.119000,0.057497,0.189144,0.085709,0.129393,0.102086
0.108473,0.065094,0.128338,0.114152,0.094832,0.062407,0.144579,0.076800,0.112210,0.093114
0.034375,0.021172,0.076686,0.019074,0.040446,0.078762,0.024882,0.666448,0.019851,0.018303
0.027481,0.062598,0.699077,0.018731,0.050104,0.023795,0.020626,0.030703,0.025707,0.041179
0.025791,0.063825,0.020433,0.039498,0.024228,0.052623,0.024792,0.680116,0.020620,0.048074
0.092264,0.066900,0.117147,0.142728,0.076257,0.124161,0.139821,0.061019,0.072859,0.106845
0.093359,0.098019,0.060043,0.062877,0.129546,0.057391,0.063636,0.118685,0.138852,0.177592
0.116022,0.061984,0.112643,0.100958,0.064827,0.135309,0.168561,0.089805,0.061894,0.087997
0.113321,0.055487,0.054376,0.113862,0.100778,0.084936,0.163593,0.065429,0.156579,0.091638
0.141385,0.207011,0.118732,0.103776,0.076007,0.052404,0.066802,0.068778,0.062299,0.102806
0.096934,0.065487,0.086587,0.127332,0.085768,0.061519,0.080797,0.123828,0.135450,0.136297
0.123891,0.072463,0.105357,0.147505,0.108865,0.164328,0.064399,0.085006,0.069158,0.059028
0.088504,0.087758,0.134957,0.058371,0.086907,0.212047,0.063102,0.088165,0.073378,0.106810
0.121051,0.053530,0.144521,0.110049,0.074936,0.138476,0.139733,0.066145,0.053099,0.098460
0.072277,0.067623,0.101419,0.088899,0.099273,0.073547,0.150315,0.093695,0.159107,0.093844
0.034269,0.026218,0.068852,0.038521,0.035795,0.022493,0.061425,0.658510,0.020841,0.033077
0.209978,0.073374,0.153082,0.065498,0.119254,0.076507,0.066270,0.079145,0.093075,0.063818
0.065437,0.056021,0.125988,0.093295,0.108038,0.088017,0.183845,0.103230,0.054533,0.121598
0.103353,0.061930,0.113092,0.089114,0.088830,0.130406,0.132448,0.084971,0.107064,0.088792
0.040353,0.025619,0.701997,0.020302,0.041733,0.026589,0.023493,0.072072,0.025400,0.022444
0.080640,0.069646,0.113291,0.124631,0.084492,0.167539,0.060717,0.111314,0.123106,0.064625
0.080690,0.058637,0.171893,0.095050,0.113708,0.075352,0.113567,0.089024,0.057105,0.144974
0.091561,0.062575,0.062229,0.125123,0.139210,0.060301,0.065313,0.092424,0.142531,0.158733
0.085043,0.057882,0.055442,0.058990,0.117108,0.168932,0.218479,0.056424,0.115814,0.065887
0.086217,0.075323,0.190800,0.181224,0.098649,0.054254,0.066369,0.087693,0.073512,0.085960
0.048516,0.027608,0.668246,0.020093,0.031803,0.037710,0.021071,0.047194,0.055075,0.042685
0.139060,0.062094,0.124478,0.126572,0.113358,0.058054,0.134874,0.085255,0.057249,0.099005
0.058748,0.286712,0.150765,0.110105,0.066614,0.047231,0.072590,0.047196,0.052502,0.107539
0.063913,0.062804,0.695294,0.019673,0.031373,0.026183,0.023223,0.025860,0.025943,0.025734
0.048504,0.031467,0.675990,0.019911,0.052299,0.023641,0.027957,0.041619,0.049641,0.028971
0.028131,0.022255,0.686763,0.018335,0.059005,0.054286,0.019833,0.019002,0.050838,0.041552
0.063851,0.024980,0.036605,0.032645,0.033849,0.021967,0.022787,0.698750,0.019462,0.045105
0.025342,0.058042,0.682654,0.019181,0.024519,0.060099,0.020507,0.028024,0.042789,0.038844
0.072545,0.070453,0.173164,0.121046,0.095490,0.073131,0.085078,0.107995,0.065353,0.135746
0.090448,0.060806,0.115150,0.119504,0.091635,0.199607,0.068494,0.118778,0.066291,0.069287
0.065515,0.027406,0.063112,0.019491,0.030105,0.023425,0.067010,0.636791,0.020717,0.046430
0.085545,0.085759,0.077495,0.120665,0.119775,0.082814,0.209466,0.086837,0.066622,0.065021
0.038636,0.021699,0.632758,0.019685,0.051985,0.071493,0.027046,0.025038,0.060341,0.051319
0.094289,0.104988,0.063107,0.104190,0.131321,0.060532,0.072851,0.121812,0.075853,0.171056
0.091840,0.082880,0.121892,0.219872,0.092277,0.061372,0.063696,0.091755,0.059598,0.114818
0.081687,0.062811,0.111554,0.114677,0.075369,0.092885,0.067202,0.082323,0.191832,0.119661
0.048280,0.026557,0.054769,0.037721,0.026217,0.044550,0.023273,0.676736,0.020989,0.040907
0.093775,0.085360,0.116386,0.064331,0.077025,0.162214,0.092874,0.074085,0.123581,0.110370
0.056974,0.022058,0.019359,0.048575,0.036095,0.039785,0.084518,0.646377,0.021924,0.024334
0.146823,0.065627,0.085581,0.128362,0.118962,0.062680,0.099231,0.101658,0.063711,0.127364
0.048899,0.026922,0.657180,0.019837,0.031071,0.047924,0.063227,0.024697,0.041634,0.038608
0.051177,0.019942,0.719570,0.017783,0.038024,0.022843,0.027317,0.041206,0.022339,0.039799
0.078139,0.071123,0.107917,0.103819,0.116587,0.208498,0.053039,0.100470,0.064249,0.096159
0.067044,0.165738,0.099897,0.104901,0.092288,0.056445,0.160123,0.096838,0.067838,0.088888
0.145689,0.103916,0.128323,0.067684,0.131916,0.086192,0.073819,0.078371,0.063410,0.120679
0.123972,0.057478,0.133198,0.061073,0.104226,0.159254,0.063916,0.080991,0.123719,0.092173
0.025701,0.020609,0.038298,0.034032,0.033001,0.069489,0.068436,0.647795,0.020666,0.041972
0.085239,0.065880,0.137932,0.094880,0.081949,0.208464,0.057087,0.068004,0.067409,0.133156
0.028998,0.020918,0.044745,0.035087,0.034997,0.033819,0.018811,0.727724,0.019139,0.035761
0.094185,0.065695,0.184058,0.062557,0.080639,0.128973,0.089261,0.087236,0.058666,0.148731
0.123416,0.061233,0.105534,0.107988,0.072785,0.164066,0.064169,0.077663,0.124267,0.098879
0.095071,0.091161,0.135532,0.047321,0.103358,0.058912,0.051014,0.049043,0.182475,0.186112
0.129300,0.068012,0.056542,0.105253,0.106508,0.071481,0.184408,0.100361,0.067445,0.110689
0.118335,0.073112,0.131699,0.103312,0.101024,0.112398,0.126164,0.056616,0.068324,0.109016
0.068937,0.075241,0.098760,0.107244,0.099309,0.133672,0.155546,0.094887,0.055555,0.110849
0.070599,0.023419,0.067764,0.044391,0.032757,0.018285,0.061176,0.631130,0.022065,0.028413
0.162521,0.058283,0.058367,0.178135,0.077735,0.083661,0.067208,0.091557,0.117301,0.105233
0.113152,0.158500,0.065354,0.122640,0.095939,0.063953,0.162430,0.090021,0.059224,0.068787
0.079214,0.062547,0.074499,0.092808,0.126326,0.203815,0.068604,0.084275,0.120102,0.087811
0.034107,0.023879,0.682065,0.021070,0.041980,0.034974,0.025567,0.053872,0.060288,0.022198
0.070760,0.176329,0.156270,0.099782,0.102439,0.050861,0.077409,0.079396,0.062149,0.124606
0.140874,0.065390,0.058897,0.127589,0.077462,0.071163,0.088071,0.092426,0.189467,0.088661
0.086927,0.091576,0.077825,0.119567,0.087264,0.093824,0.061652,0.086879,0.126631,0.167856
0.025929,0.019508,0.036120,0.034574,0.023952,0.021763,0.018798,0.760112,0.019228,0.040016
0.030881,0.020088,0.031960,0.074663,0.045727,0.055480,0.021985,0.656292,0.022539,0.040385
0.025018,0.017607,0.036208,0.035029,0.028622,0.027594,0.019497,0.750551,0.019891,0.039983
0.130729,0.078732,0.151437,0.109915,0.071752,0.072908,0.107122,0.086456,0.061410,0.129539
0.118503,0.054533,0.105338,0.104621,0.071900,0.109715,0.060866,0.054500,0.228420,0.091605
0.085030,0.090346,0.110712,0.060175,0.080138,0.077516,0.252894,0.111120,0.073884,0.058184
0.127548,0.061523,0.059753,0.139598,0.082059,0.159347,0.067897,0.061825,0.133753,0.106697
0.048890,0.027692,0.050341,0.040430,0.031259,0.063124,0.023719,0.648264,0.021989,0.044293
0.029057,0.021167,0.686294,0.018701,0.033829,0.043277,0.071306,0.023487,0.053131,0.019752
0.087623,0.073697,0.133675,0.132879,0.114589,0.096710,0.087951,0.076265,0.078959,0.117652
0.058356,0.025192,0.674208,0.019086,0.075378,0.023221,0.038769,0.025075,0.023188,0.037527
0.062587,0.161196,0.120960,0.123422,0.100206,0.055855,0.163803,0.077109,0.060577,0.074285
0.085183,0.066113,0.078589,0.129223,0.081837,0.074962,0.135350,0.105896,0.124554,0.118293
0.034430,0.030245,0.726251,0.018821,0.028370,0.021390,0.033863,0.032814,0.022439,0.051377
0.061706,0.152850,0.141363,0.088534,0.097108,0.061951,0.055128,0.093972,0.152445,0.094943
0.033190,0.057196,0.065616,0.053440,0.022555,0.017217,0.023513,0.666992,0.019547,0.040735
0.034874,0.022821,0.701208,0.018814,0.058263,0.025072,0.020604,0.024314,0.037853,0.056178
0.123836,0.068356,0.109622,0.122752,0.072014,0.172065,0.059186,0.068488,0.122038,0.081643
0.081949,0.071512,0.157777,0.124212,0.134879,0.064890,0.073424,0.084144,0.084420,0.122794
0.049807,0.074970,0.130400,0.112644,0.097717,0.070805,0.085794,0.084806,0.229371,0.063686
0.027646,0.020876,0.018300,0.035683,0.036200,0.029895,0.074710,0.709576,0.020534,0.026579
0.120324,0.073555,0.166984,0.096654,0.089603,0.144864,0.061659,0.067584,0.065225,0.113548
0.027253,0.026602,0.692382,0.019650,0.031964,0.020658,0.066951,0.040266,0.029042,0.045232
0.052326,0.022876,0.048471,0.041258,0.030130,0.023475,0.027178,0.695221,0.020686,0.038379
0.044632,0.038190,0.579582,0.072258,0.052096,0.040317,0.038162,0.068100,0.033533,0.033129
0.031421,0.062535,0.654100,0.019102,0.029353,0.023817,0.070538,0.029108,0.060375,0.019651
0.052659,0.017186,0.077880,0.042572,0.036058,0.050169,0.020354,0.664870,0.019938,0.018314
0.068803,0.066630,0.120833,0.106390,0.089838,0.063385,0.144373,0.094855,0.150245,0.094650
0.108810,0.155143,0.064496,0.099875,0.063612,0.083350,0.138943,0.088210,0.099987,0.097573
0.130149,0.084625,0.124010,0.181322,0.080760,0.066697,0.083446,0.070505,0.065880,0.112605
0.133078,0.057364,0.067990,0.054583,0.083055,0.229760,0.059707,0.051664,0.109651,0.153146
0.026455,0.024856,0.044312,0.034059,0.024377,0.027376,0.054624,0.710469,0.019666,0.033806
0.157133,0.087674,0.054056,0.101666,0.082108,0.050881,0.083343,0.067990,0.230299,0.084851
0.037845,0.028618,0.709760,0.019046,0.047460,0.031111,0.027617,0.031366,0.022203,0.044974
0.035650,0.020188,0.046726,0.036282,0.033001,0.023538,0.025080,0.718164,0.020598,0.040773
0.084277,0.067705,0.053292,0.098521,0.108146,0.198945,0.206930,0.054719,0.064492,0.062972
0.061417,0.063792,0.019501,0.037282,0.044046,0.046420,0.019603,0.662359,0.019882,0.025698
0.093566,0.066018,0.057703,0.052588,0.128396,0.235868,0.067076,0.056290,0.068582,0.173913
0.035240,0.028851,0.025295,0.041933,0.035586,0.019335,0.030352,0.715199,0.023438,0.044773
0.079229,0.079336,0.111080,0.114517,0.076310,0.159660,0.058912,0.068300,0.118899,0.133756
0.105130,0.243471,0.064422,0.095205,0.069254,0.090615,0.071925,0.062816,0.110317,0.086845
0.081403,0.022625,0.043803,0.019846,0.047375,0.016905,0.024774,0.702724,0.020537,0.020009
0.143570,0.065402,0.127690,0.054150,0.114146,0.186027,0.062527,0.079051,0.062061,0.105375
0.126285,0.074298,0.058962,0.100086,0.082850,0.149259,0.141792,0.086343,0.118965,0.061160
0.096568,0.089042,0.130034,0.140929,0.079309,0.106556,0.097574,0.094101,0.071318,0.094567
0.070600,0.069851,0.121728,0.192231,0.082535,0.065468,0.168543,0.069283,0.053972,0.105789
0.080549,0.061654,0.160728,0.063111,0.114621,0.095388,0.084399,0.104812,0.132528,0.102211
0.138604,0.071147,0.137449,0.117735,0.092029,0.053785,0.060648,0.114052,0.125785,0.088765
0.119478,0.164724,0.096995,0.085737,0.095274,0.066484,0.169775,0.072603,0.058104,0.070825
0.103272,0.131687,0.109105,0.111313,0.081994,0.087558,0.130966,0.054761,0.096456,0.092889
0.153694,0.050471,0.118478,0.094376,0.125578,0.045825,0.047441,0.259900,0.058805,0.045431
0.029060,0.024626,0.050718,0.021354,0.033369,0.074555,0.029666,0.672845,0.022546,0.041259
0.122062,0.068237,0.118436,0.090509,0.105631,0.144566,0.063606,0.077543,0.110546,0.098863
0.106787,0.062727,0.111435,0.103210,0.091688,0.126414,0.143170,0.066057,0.098365,0.090148
0.088463,0.071240,0.059729,0.124089,0.084783,0.074361,0.064977,0.114122,0.210429,0.107807
0.076379,0.056697,0.129971,0.091261,0.113643,0.053649,0.199748,0.102364,0.112914,0.063374
0.107152,0.106688,0.265047,0.097837,0.083015,0.091583,0.066516,0.056850,0.068687,0.056624
0.114984,0.163002,0.098193,0.106271,0.070385,0.146550,0.058380,0.089201,0.061000,0.092033
0.025658,0.027465,0.686360,0.019378,0.038954,0.022946,0.065515,0.032053,0.041828,0.039842
0.084652,0.088185,0.115397,0.118081,0.084474,0.095601,0.148705,0.072635,0.130488,0.061781
0.083465,0.057191,0.131862,0.110044,0.080851,0.187470,0.084815,0.083545,0.063548,0.117210
0.068782,0.153025,0.121902,0.092087,0.097831,0.137823,0.059470,0.070357,0.111665,0.087058
0.147652,0.079297,0.116262,0.119148,0.083977,0.086614,0.063562,0.060266,0.137335,0.105888
0.070730,0.061155,0.124167,0.135130,0.079585,0.075926,0.136186,0.101023,0.113810,0.102289
0.081344,0.061507,0.109042,0.111841,0.106254,0.102432,0.062668,0.070508,0.170606,0.123798
0.101438,0.085719,0.151328,0.104593,0.085843,0.104350,0.066038,0.099715,0.073266,0.127710
0.070468,0.192233,0.107811,0.101223,0.074213,0.107608,0.188879,0.061299,0.047513,0.048754
0.107406,0.133643,0.092692,0.103937,0.079931,0.123960,0.070991,0.085302,0.111009,0.091130
0.107890,0.055234,0.052779,0.054736,0.061421,0.149993,0.161600,0.072509,0.193028,0.090810
0.064603,0.173616,0.105617,0.102895,0.072641,0.093904,0.129057,0.080019,0.064881,0.112767
0.076579,0.093408,0.059328,0.063137,0.126652,0.211137,0.174038,0.059597,0.076864,0.059260
0.084906,0.078478,0.131764,0.098090,0.118184,0.094429,0.064597,0.068649,0.128946,0.131958
0.034864,0.021305,0.706274,0.018533,0.040308,0.023669,0.072751,0.030115,0.023176,0.029003
0.126407,0.057482,0.127097,0.109997,0.081707,0.180796,0.062618,0.084834,0.066420,0.102642
0.093755,0.089776,0.133743,0.109600,0.137767,0.073332,0.070474,0.098303,0.073940,0.119309
0.070089,0.070522,0.149123,0.092042,0.073886,0.104849,0.077794,0.077198,0.186423,0.098074
0.111898,0.055325,0.096742,0.126332,0.087572,0.095988,0.155486,0.073372,0.104551,0.092733
0.070226,0.062782,0.138085,0.106252,0.097399,0.110589,0.172790,0.079548,0.068123,0.094206
0.079816,0.174742,0.058469,0.113984,0.109693,0.075042,0.067557,0.101538,0.115889,0.103270
0.081701,0.068512,0.123101,0.059465,0.116776,0.091756,0.240190,0.069608,0.063694,0.085197
0.074460,0.049499,0.218954,0.044791,0.085855,0.057936,0.182577,0.114600,0.102970,0.068359
0.077735,0.085611,0.134139,0.105245,0.068215,0.067653,0.199729,0.087092,0.069336,0.105245
0.068978,0.066984,0.115395,0.117898,0.069809,0.142311,0.065030,0.098140,0.161511,0.093945
0.079285,0.062346,0.061177,0.124980,0.094970,0.059915,0.236665,0.077053,0.079655,0.123955
0.071098,0.051435,0.118377,0.088368,0.074106,0.159402,0.130270,0.062029,0.186403,0.058511
0.092169,0.025237,0.636673,0.019662,0.032032,0.092946,0.021920,0.028179,0.025267,0.025913
0.088518,0.063573,0.118641,0.105012,0.101552,0.121379,0.198585,0.072338,0.072348,0.058054
0.064225,0.142984,0.144272,0.114733,0.086857,0.084937,0.061903,0.092167,0.111052,0.096869
0.078259,0.052331,0.188037,0.162566,0.112964,0.067013,0.057389,0.099937,0.104896,0.076609
0.039705,0.023930,0.689632,0.020123,0.053855,0.061036,0.024813,0.036454,0.024421,0.026029
0.041656,0.085381,0.037494,0.022024,0.034876,0.034263,0.022131,0.678487,0.022078,0.021611
0.028034,0.023675,0.075056,0.044958,0.029867,0.024822,0.064282,0.658862,0.022039,0.028405
0.059131,0.025368,0.713758,0.018741,0.042328,0.021024,0.021490,0.023887,0.022455,0.051817
0.137500,0.053374,0.053351,0.102217,0.080633,0.114735,0.202475,0.099756,0.064457,0.091501
0.052394,0.022725,0.672971,0.019585,0.035322,0.073013,0.030175,0.025466,0.047703,0.020645
0.074145,0.070937,0.054012,0.122554,0.098147,0.139144,0.168878,0.097253,0.117438,0.057492
0.073429,0.053777,0.119807,0.163267,0.105012,0.050736,0.056359,0.078334,0.202061,0.097220
0.031436,0.022249,0.727827,0.018148,0.041018,0.057301,0.019900,0.041144,0.021419,0.019556
0.063598,0.134295,0.057834,0.090013,0.082437,0.122832,0.138921,0.077861,0.131351,0.100859
0.078218,0.085459,0.144769,0.062710,0.069711,0.092978,0.182024,0.085923,0.069206,0.129001
0.049335,0.024581,0.708196,0.019421,0.046667,0.023263,0.025084,0.021144,0.024759,0.057551
0.089784,0.063956,0.056659,0.114134,0.090753,0.173916,0.142230,0.110482,0.057657,0.100429
0.129079,0.056365,0.101332,0.127054,0.102148,0.071777,0.168266,0.081413,0.066068,0.096497
0.127293,0.068436,0.054749,0.122873,0.069537,0.163367,0.139474,0.069275,0.122445,0.062551
0.128539,0.056877,0.073073,0.058436,0.121271,0.214343,0.088525,0.082206,0.071242,0.105487
0.065515,0.303659,0.121626,0.053016,0.069728,0.060387,0.079920,0.050639,0.116811,0.078700
0.067817,0.020361,0.037703,0.050249,0.047682,0.028712,0.022038,0.680250,0.019804,0.025384
0.122016,0.084507,0.066189,0.150418,0.103788,0.080137,0.075752,0.106518,0.143165,0.067510
0.045158,0.025180,0.018518,0.049826,0.032640,0.060682,0.023944,0.691996,0.019744,0.032313
0.087534,0.090644,0.105553,0.113613,0.120953,0.172913,0.085897,0.109013,0.056118,0.057762
0.228667,0.072076,0.062415,0.064891,0.099582,0.083185,0.084793,0.103849,0.071296,0.129247
0.116041,0.069462,0.130648,0.086217,0.075723,0.073105,0.180862,0.101820,0.066353,0.099768
0.026687,0.016806,0.039830,0.038244,0.024578,0.047657,0.026800,0.721950,0.019870,0.037577
0.082177,0.080341,0.114670,0.056941,0.075094,0.072044,0.057546,0.105669,0.217205,0.138313
0.032361,0.025085,0.702445,0.020288,0.069341,0.026575,0.033540,0.037798,0.026459,0.026109
0.070550,0.068318,0.071986,0.106295,0.078109,0.137609,0.131147,0.163592,0.055625,0.116770
0.043218,0.024487,0.056544,0.030652,0.032454,0.041718,0.020490,0.698938,0.019236,0.032262
0.078045,0.052489,0.112598,0.118693,0.104540,0.152996,0.196649,0.067053,0.064011,0.052927
0.081695,0.063213,0.078775,0.114022,0.081249,0.163940,0.092687,0.085756,0.132871,0.105794
0.029178,0.047442,0.032789,0.029930,0.029902,0.038525,0.018549,0.718387,0.019441,0.035858
0.054929,0.022822,0.645461,0.019919,0.038140,0.024122,0.022616,0.030446,0.073212,0.068333
0.126703,0.068830,0.106879,0.100897,0.091675,0.140732,0.065958,0.057709,0.120395,0.120222
0.127300,0.171507,0.105306,0.116291,0.073253,0.160310,0.063885,0.065005,0.063945,0.053199
0.029290,0.019999,0.033007,0.032142,0.029451,0.038448,0.022191,0.740568,0.019064,0.035840
0.125083,0.063690,0.060791,0.124535,0.116623,0.152696,0.088341,0.087095,0.059815,0.121332
0.024280,0.019734,0.053685,0.031455,0.031805,0.016486,0.059102,0.725984,0.018456,0.019012
0.138764,0.092411,0.115556,0.098598,0.080365,0.079116,0.093805,0.091323,0.121258,0.088804
0.122744,0.059209,0.059338,0.062425,0.109469,0.161530,0.105987,0.069892,0.128415,0.120991
0.068594,0.077662,0.058676,0.161148,0.122831,0.124998,0.085282,0.104271,0.074544,0.121995
0.079812,0.023347,0.633384,0.018589,0.057033,0.085492,0.020406,0.024122,0.024357,0.033457
0.083896,0.086157,0.142835,0.120797,0.088327,0.079216,0.071077,0.075875,0.137369,0.114452
0.069585,0.032881,0.670092,0.018095,0.039691,0.073415,0.019271,0.028285,0.029989,0.018696
