0.000000,0.000003,0.000305,0.993151,0.006541
0.000003,0.000060,0.001656,0.546177,0.452104
0.000001,0.000004,0.000329,0.856161,0.143505
0.000001,0.000014,0.000509,0.956848,0.042628
0.000000,0.000003,0.000122,0.829745,0.170129
0.000000,0.000002,0.000103,0.688584,0.311312
0.000000,0.000001,0.000064,0.999280,0.000656
0.000000,0.000002,0.000083,0.549664,0.450251
0.000001,0.000010,0.000510,0.940790,0.058688
0.000000,0.000002,0.000133,0.988208,0.011658
0.000001,0.000009,0.000584,0.741298,0.258108
0.000000,0.000005,0.000196,0.570258,0.429541
0.000000,0.000007,0.000496,0.929497,0.069999
0.000000,0.000000,0.000012,0.536620,0.463367
0.000000,0.000000,0.000021,0.866155,0.133823
0.000000,0.000003,0.000192,0.922165,0.077639
0.000000,0.000001,0.000063,0.730101,0.269836
0.000001,0.000007,0.000492,0.733616,0.265884
0.000000,0.000002,0.000147,0.750637,0.249214
0.000000,0.000001,0.000111,0.935000,0.064889
0.000000,0.000008,0.000328,0.260736,0.738927
0.000001,0.000008,0.000720,0.921428,0.077843
0.000005,0.000075,0.003638,0.718381,0.277901
0.000000,0.000001,0.000084,0.842140,0.157775
0.000000,0.000001,0.000040,0.906906,0.093053
0.000000,0.000000,0.000007,0.995641,0.004352
0.000000,0.000006,0.000166,0.229934,0.769894
0.000000,0.000012,0.000612,0.885913,0.113463
0.000000,0.000007,0.000160,0.872117,0.127716
0.000000,0.000001,0.000050,0.943895,0.056055
0.000001,0.000029,0.001401,0.998510,0.000059
0.000000,0.000008,0.000424,0.756892,0.242676
0.000000,0.000004,0.000224,0.982142,0.017630
0.000001,0.000011,0.000273,0.655362,0.344353
0.000001,0.000022,0.000601,0.502497,0.496879
0.000000,0.000001,0.000085,0.898511,0.101403
0.000000,0.000001,0.000063,0.977846,0.022090
0.000000,0.000002,0.000110,0.816900,0.182988
0.000000,0.000002,0.000145,0.898978,0.100875
0.000000,0.000001,0.000027,0.062361,0.937611
0.000000,0.000011,0.000624,0.943396,0.055968
0.000000,0.000001,0.000067,0.626327,0.373605
0.000001,0.000008,0.000213,0.285726,0.714053
0.000000,0.000004,0.000358,0.877085,0.122553
0.000000,0.000000,0.000052,0.916145,0.083803
0.000000,0.000005,0.000204,0.748300,0.251491
0.000001,0.000008,0.000333,0.629976,0.369682
0.000001,0.000022,0.000875,0.620255,0.378846
0.000001,0.000013,0.000457,0.547152,0.452376
0.000003,0.000033,0.002534,0.996643,0.000788
0.000000,0.000004,0.000135,0.660650,0.339211
0.000000,0.000005,0.000273,0.739156,0.260565
0.000000,0.000005,0.000231,0.677535,0.322229
0.000002,0.000021,0.000638,0.691287,0.308052
0.000000,0.000003,0.000179,0.720766,0.279052
0.000000,0.000001,0.000037,0.480278,0.519685
0.000001,0.000017,0.000808,0.783504,0.215670
0.000000,0.000001,0.000019,0.125605,0.874375
0.000000,0.000000,0.000000,0.249663,0.750337
0.000001,0.000010,0.000319,0.387248,0.612422
0.000001,0.000010,0.000381,0.343202,0.656406
0.000000,0.000002,0.000064,0.881241,0.118693
0.000000,0.000000,0.000030,0.965368,0.034602
0.000000,0.000005,0.000116,0.617623,0.382255
0.000002,0.000030,0.001068,0.469519,0.529381
0.000000,0.000001,0.000083,0.902238,0.097679
0.000000,0.000004,0.000078,0.670502,0.329416
0.000000,0.000002,0.000085,0.865170,0.134743
0.000000,0.000004,0.000197,0.758134,0.241665
0.000000,0.000003,0.000144,0.836899,0.162953
0.000000,0.000004,0.000228,0.518671,0.481097
0.000001,0.000015,0.000558,0.791664,0.207762
0.000000,0.000001,0.000042,0.978375,0.021582
0.000001,0.000008,0.000542,0.577667,0.421783
0.000001,0.000012,0.000820,0.837559,0.161608
0.000001,0.000018,0.000524,0.850760,0.148697
0.000000,0.000005,0.000297,0.973486,0.026212
0.000000,0.000001,0.000065,0.350798,0.649136
0.000000,0.000004,0.000156,0.763419,0.236420
0.000002,0.000032,0.002325,0.996861,0.000780
0.000002,0.000020,0.001294,0.996063,0.002622
0.000000,0.000003,0.000195,0.417006,0.582796
0.000001,0.000009,0.000336,0.482639,0.517017
0.000000,0.000000,0.000018,0.987069,0.012913
0.000001,0.000010,0.000715,0.976780,0.022494
0.000000,0.000001,0.000090,0.963776,0.036134
0.000000,0.000001,0.000058,0.551872,0.448069
0.000000,0.000004,0.000351,0.874744,0.124901
0.000001,0.000008,0.000362,0.816196,0.183434
0.000001,0.000010,0.000202,0.743611,0.256177
0.000001,0.000014,0.000397,0.639028,0.360559
0.000001,0.000010,0.000435,0.608523,0.391031
0.000000,0.000004,0.000121,0.310102,0.689774
0.000000,0.000004,0.000188,0.892725,0.107082
0.000000,0.000002,0.000095,0.958594,0.041309
0.000000,0.000002,0.000065,0.529200,0.470733
0.000000,0.000008,0.000450,0.922956,0.076586
0.000000,0.000002,0.000206,0.937371,0.062421
0.000000,0.000007,0.000693,0.825060,0.174239
0.000000,0.000003,0.000121,0.687405,0.312470
0.000000,0.000003,0.000412,0.533926,0.465658
0.000000,0.000001,0.000040,0.963419,0.036539
0.000001,0.000006,0.000404,0.964041,0.035549
0.000000,0.000001,0.000050,0.891250,0.108699
0.000000,0.000001,0.000035,0.996920,0.003045
0.000000,0.000003,0.000138,0.324716,0.675143
0.000000,0.000008,0.000429,0.892137,0.107425
0.000000,0.000005,0.000197,0.482631,0.517166
0.000001,0.000013,0.000726,0.392501,0.606760
0.000000,0.000001,0.000070,0.995660,0.004269
0.000000,0.000006,0.000281,0.882263,0.117449
0.000000,0.000001,0.000067,0.990470,0.009462
0.000001,0.000046,0.001965,0.991392,0.006596
0.000000,0.000004,0.000457,0.942254,0.057284
0.000000,0.000002,0.000087,0.749714,0.250197
0.000000,0.000001,0.000046,0.909818,0.090135
0.000000,0.000001,0.000078,0.724293,0.275628
0.000002,0.000033,0.002057,0.997836,0.000072
0.000000,0.000001,0.000063,0.881138,0.118798
0.000001,0.000010,0.000601,0.878322,0.121066
0.000000,0.000003,0.000211,0.735769,0.264017
0.000000,0.000001,0.000029,0.717986,0.281984
0.000000,0.000002,0.000099,0.751279,0.248620
0.000000,0.000004,0.000088,0.233131,0.766777
0.000000,0.000007,0.000414,0.729846,0.269733
0.000001,0.000006,0.000363,0.969882,0.029749
0.000000,0.000004,0.000101,0.134022,0.865873
0.000000,0.000001,0.000120,0.982383,0.017496
0.000000,0.000000,0.000016,0.953515,0.046468
0.000001,0.000016,0.000378,0.136686,0.862919
0.000000,0.000002,0.000119,0.657815,0.342064
0.000001,0.000009,0.000258,0.570855,0.428876
0.000003,0.000022,0.000501,0.251437,0.748037
0.000000,0.000002,0.000064,0.798321,0.201614
0.000000,0.000006,0.000243,0.499895,0.499854
0.000008,0.000099,0.003060,0.991733,0.005101
0.000000,0.000001,0.000103,0.620118,0.379778
0.000001,0.000017,0.000927,0.953046,0.046009
0.000000,0.000000,0.000000,0.638071,0.361929
0.000000,0.000001,0.000282,0.916200,0.083517
0.000002,0.000023,0.000800,0.597432,0.401744
0.000000,0.000003,0.000093,0.371493,0.628410
0.000000,0.000003,0.000168,0.898529,0.101299
0.000000,0.000002,0.000142,0.890810,0.109045
0.000000,0.000002,0.000088,0.944404,0.055506
0.000000,0.000005,0.000131,0.948728,0.051136
0.000000,0.000002,0.000065,0.833174,0.166759
0.000000,0.000004,0.000333,0.857213,0.142450
0.000000,0.000000,0.000038,0.866195,0.133767
0.000001,0.000013,0.000824,0.904593,0.094569
0.000000,0.000000,0.000003,0.946871,0.053127
0.000000,0.000003,0.000134,0.808857,0.191005
0.000002,0.000044,0.002183,0.996548,0.001223
0.000001,0.000006,0.000265,0.612578,0.387150
0.000000,0.000002,0.000043,0.524897,0.475058
0.000001,0.000007,0.000203,0.391497,0.608292
0.000001,0.000009,0.000462,0.690872,0.308655
0.000000,0.000001,0.000171,0.617706,0.382121
0.000000,0.000000,0.000006,0.672469,0.327525
0.000000,0.000007,0.000314,0.964351,0.035327
0.000000,0.000007,0.000178,0.782773,0.217042
0.000000,0.000003,0.000119,0.824330,0.175548
0.000000,0.000006,0.000248,0.291772,0.707973
0.000003,0.000021,0.001308,0.997309,0.001359
0.000000,0.000004,0.000138,0.374840,0.625018
0.000000,0.000005,0.000303,0.914965,0.084726
0.000001,0.000013,0.000391,0.577286,0.422308
0.000002,0.000027,0.000593,0.678330,0.321047
0.000000,0.000004,0.000143,0.515194,0.484659
0.000000,0.000005,0.000129,0.898818,0.101048
0.000000,0.000003,0.000179,0.834331,0.165487
0.000003,0.000018,0.000969,0.991444,0.007565
0.000001,0.000011,0.000513,0.892469,0.107006
0.000000,0.000002,0.000253,0.750459,0.249286
0.000000,0.000003,0.000116,0.665502,0.334379
0.000001,0.000006,0.000220,0.767257,0.232517
0.000001,0.000012,0.000616,0.942355,0.057016
0.000000,0.000002,0.000208,0.777805,0.221984
0.000000,0.000006,0.000106,0.617395,0.382493
0.000004,0.000055,0.001395,0.869177,0.129369
0.000000,0.000002,0.000145,0.500879,0.498973
0.000001,0.000016,0.000431,0.564979,0.434572
0.000000,0.000001,0.000060,0.961067,0.038871
0.000000,0.000004,0.000213,0.202996,0.796786
0.000000,0.000001,0.000076,0.970148,0.029775
0.000000,0.000008,0.000417,0.705306,0.294270
0.000006,0.000082,0.003282,0.550950,0.445681
0.000001,0.000009,0.000336,0.731211,0.268443
0.000000,0.000002,0.000046,0.909286,0.090666
0.000000,0.000000,0.000039,0.900376,0.099584
0.000000,0.000001,0.000035,0.321171,0.678794
0.000000,0.000000,0.000019,0.991817,0.008164
0.000000,0.000003,0.000240,0.844563,0.155194
0.000000,0.000009,0.000543,0.904382,0.095066
0.000000,0.000002,0.000125,0.900201,0.099671
0.000000,0.000013,0.000743,0.858699,0.140545
0.000000,0.000001,0.000107,0.943538,0.056355
0.000001,0.000017,0.001146,0.924106,0.074729
0.000001,0.000004,0.000204,0.630505,0.369287
0.000000,0.000005,0.000185,0.985439,0.014371
0.000000,0.000003,0.000171,0.494211,0.505614
0.000000,0.000001,0.000012,0.111652,0.888335
0.000000,0.000002,0.000084,0.628145,0.371768
0.000000,0.000003,0.000217,0.422912,0.576868
0.000000,0.000006,0.000223,0.904287,0.095484
0.000001,0.000006,0.001275,0.998399,0.000319
0.000000,0.000001,0.000085,0.884973,0.114941
0.000002,0.000018,0.001166,0.989444,0.009370
0.000000,0.000001,0.000053,0.786972,0.212974
0.000000,0.000000,0.000019,0.867012,0.132969
0.000000,0.000000,0.000004,0.996625,0.003371
0.000000,0.000003,0.000189,0.673124,0.326684
0.000000,0.000002,0.000218,0.890820,0.108960
0.000001,0.000013,0.000665,0.570086,0.429236
0.000001,0.000013,0.000532,0.472969,0.526485
0.000001,0.000007,0.000333,0.688099,0.311560
0.000002,0.000015,0.000915,0.894752,0.104316
0.000003,0.000024,0.000834,0.400647,0.598492
0.000001,0.000018,0.000628,0.234050,0.765303
0.000001,0.000011,0.000671,0.473322,0.525995
0.000000,0.000003,0.000081,0.522971,0.476945
0.000000,0.000002,0.000153,0.975957,0.023887
0.000000,0.000001,0.000043,0.154405,0.845550
0.000000,0.000000,0.000009,0.987851,0.012140
0.000000,0.000007,0.000498,0.567488,0.432007
0.000000,0.000004,0.000194,0.588165,0.411637
0.000000,0.000002,0.000142,0.731570,0.268286
0.000000,0.000001,0.000091,0.984473,0.015435
0.000000,0.000004,0.000212,0.833718,0.166066
0.000000,0.000001,0.000070,0.815275,0.184653
0.000003,0.000030,0.004345,0.994336,0.001286
0.000000,0.000001,0.000086,0.607337,0.392575
0.000000,0.000004,0.000179,0.882786,0.117030
0.000000,0.000006,0.000254,0.736507,0.263232
0.000002,0.000020,0.000969,0.973233,0.025777
0.000001,0.000007,0.000412,0.785902,0.213678
0.000001,0.000005,0.000357,0.839509,0.160128
0.000000,0.000002,0.000195,0.646834,0.352969
0.000000,0.000000,0.000011,0.448988,0.551001
0.000001,0.000006,0.000188,0.446509,0.553296
0.000000,0.000001,0.000043,0.822133,0.177823
0.000000,0.000000,0.000041,0.898405,0.101554
0.000000,0.000007,0.000334,0.611306,0.388352
0.000000,0.000002,0.000193,0.979786,0.020018
0.000000,0.000001,0.000069,0.647849,0.352080
0.000000,0.000004,0.000125,0.446857,0.553014
0.000000,0.000002,0.000156,0.681732,0.318109
0.000001,0.000005,0.000406,0.938277,0.061312
0.000000,0.000005,0.000215,0.688998,0.310782
0.000000,0.000006,0.000270,0.823818,0.175906
0.000001,0.000011,0.000364,0.672356,0.327268
0.000000,0.000002,0.000087,0.987036,0.012875
0.000000,0.000002,0.000121,0.803302,0.196574
0.000000,0.000003,0.000175,0.626786,0.373036
0.000002,0.000027,0.000810,0.673283,0.325877
0.000000,0.000001,0.000103,0.985076,0.014820
0.000000,0.000003,0.000102,0.235700,0.764195
0.000000,0.000006,0.000191,0.918571,0.081232
0.000000,0.000000,0.000032,0.973566,0.026402
0.000000,0.000005,0.000273,0.763872,0.235850
0.000000,0.000001,0.000052,0.161443,0.838504
0.000001,0.000009,0.000308,0.836187,0.163496
0.000000,0.000001,0.000052,0.465349,0.534598
0.000000,0.000003,0.000145,0.404864,0.594988
0.000000,0.000002,0.000079,0.547989,0.451929
0.000002,0.000033,0.001043,0.362235,0.636686
0.000000,0.000000,0.000033,0.946616,0.053351
0.000000,0.000004,0.000186,0.900759,0.099051
0.000001,0.000021,0.000585,0.688556,0.310836
0.000001,0.000022,0.000822,0.931888,0.067268
0.000000,0.000007,0.000227,0.868651,0.131114
0.000000,0.000004,0.000278,0.876179,0.123539
0.000000,0.000001,0.000059,0.494206,0.505734
0.000000,0.000006,0.000340,0.909483,0.090170
0.000000,0.000003,0.000307,0.901506,0.098185
0.000000,0.000001,0.000105,0.733271,0.266622
0.000000,0.000011,0.000515,0.930689,0.068784
0.000002,0.000042,0.000644,0.394195,0.605116
0.000001,0.000015,0.000462,0.536561,0.462961
0.000000,0.000005,0.000423,0.850722,0.148849
0.000002,0.000027,0.000808,0.448495,0.550668
0.000000,0.000001,0.000128,0.978191,0.021681
0.000001,0.000018,0.000590,0.652950,0.346440
0.000000,0.000000,0.000021,0.999631,0.000348
0.000001,0.000005,0.000144,0.330684,0.669167
0.000001,0.000011,0.000473,0.833420,0.166096
0.000000,0.000008,0.000271,0.815281,0.184439
0.000002,0.000009,0.001243,0.998138,0.000608
0.000001,0.000011,0.000473,0.893629,0.105886
0.000000,0.000009,0.000458,0.961973,0.037560
0.000000,0.000003,0.000207,0.949366,0.050424
0.000000,0.000001,0.000084,0.527835,0.472080
0.000001,0.000011,0.000502,0.869073,0.130413
0.000001,0.000012,0.000638,0.541792,0.457558
0.000000,0.000001,0.000036,0.927428,0.072535
0.000000,0.000002,0.000162,0.920834,0.079002
0.000000,0.000001,0.000025,0.089502,0.910472
0.000000,0.000002,0.000149,0.895467,0.104382
0.000001,0.000012,0.000510,0.843870,0.155607
0.000000,0.000003,0.000109,0.885106,0.114782
0.000001,0.000013,0.000945,0.395893,0.603149
0.000001,0.000009,0.000311,0.918443,0.081237
0.000000,0.000000,0.000026,0.999952,0.000021
0.000000,0.000004,0.000125,0.964666,0.035205
0.000007,0.000069,0.004851,0.993983,0.001090
0.000000,0.000001,0.000079,0.816128,0.183792
0.000001,0.000015,0.000765,0.794051,0.205168
0.000000,0.000000,0.000011,0.341518,0.658470
0.000001,0.000005,0.000355,0.839219,0.160422
0.000001,0.000013,0.000548,0.542908,0.456530
0.000000,0.000004,0.000154,0.298661,0.701180
0.000001,0.000017,0.000478,0.213129,0.786375
0.000000,0.000008,0.000381,0.761508,0.238102
0.000001,0.000005,0.000372,0.895268,0.104354
0.000002,0.000033,0.000980,0.960953,0.038033
0.000000,0.000000,0.000004,0.840002,0.159994
0.000000,0.000001,0.000093,0.919053,0.080854
0.000000,0.000005,0.000258,0.354216,0.645521
0.000000,0.000001,0.000031,0.917046,0.082922
0.000000,0.000005,0.000223,0.678332,0.321441
0.000000,0.000003,0.000276,0.897058,0.102662
0.000000,0.000001,0.000044,0.295672,0.704283
0.000000,0.000000,0.000045,0.840391,0.159564
0.000000,0.000002,0.000089,0.719852,0.280057
0.000001,0.000014,0.000451,0.815742,0.183791
0.000000,0.000002,0.000138,0.819476,0.180384
0.000000,0.000004,0.000203,0.678347,0.321445
0.000001,0.000008,0.000491,0.961669,0.037832
0.000000,0.000001,0.000086,0.824252,0.175661
0.000000,0.000002,0.000125,0.515007,0.484866
0.000000,0.000000,0.000002,0.182465,0.817533
0.000000,0.000005,0.000317,0.625777,0.373901
0.000001,0.000017,0.001318,0.997537,0.001126
0.000002,0.000026,0.000521,0.641315,0.358136
0.000001,0.000007,0.000568,0.930002,0.069422
0.000000,0.000004,0.000228,0.755857,0.243911
0.000000,0.000013,0.000530,0.845201,0.154255
0.000000,0.000009,0.000531,0.930223,0.069236
0.000000,0.000003,0.000425,0.985596,0.013976
0.000000,0.000003,0.000124,0.843954,0.155920
0.000000,0.000003,0.000170,0.803875,0.195953
0.000000,0.000005,0.000181,0.246898,0.752916
0.000001,0.000019,0.001059,0.509691,0.489230
0.000001,0.000008,0.000391,0.845862,0.153738
0.000000,0.000004,0.000213,0.535028,0.464756
0.000000,0.000003,0.000216,0.909623,0.090158
0.000001,0.000020,0.000761,0.885612,0.113605
0.000001,0.000015,0.000594,0.212893,0.786497
0.000000,0.000003,0.000252,0.918066,0.081679
0.000000,0.000003,0.000181,0.453855,0.545960
0.000005,0.000066,0.001888,0.977397,0.020643
0.000000,0.000008,0.000357,0.289955,0.709679
0.000001,0.000013,0.000519,0.871762,0.127705
0.000001,0.000012,0.000824,0.983459,0.015704
0.000000,0.000002,0.000102,0.773831,0.226065
0.000000,0.000001,0.000063,0.996814,0.003121
0.000001,0.000009,0.000173,0.528826,0.470991
0.000001,0.000023,0.001008,0.392269,0.606699
0.000000,0.000007,0.000182,0.510743,0.489068
0.000000,0.000004,0.000194,0.891900,0.107902
0.000000,0.000002,0.000119,0.566360,0.433518
0.000000,0.000004,0.000136,0.871549,0.128311
0.000000,0.000005,0.000264,0.547084,0.452647
0.000001,0.000013,0.000455,0.634517,0.365013
0.000000,0.000001,0.000038,0.972000,0.027961
0.000000,0.000001,0.000044,0.863052,0.136903
0.000000,0.000003,0.000130,0.344833,0.655034
0.000001,0.000018,0.000754,0.912303,0.086924
0.000001,0.000009,0.000295,0.304256,0.695439
0.000000,0.000002,0.000114,0.897000,0.102883
0.000001,0.000012,0.000529,0.929908,0.069550
0.000000,0.000004,0.000101,0.320406,0.679489
0.000001,0.000008,0.000269,0.270156,0.729566
0.000000,0.000003,0.000131,0.818503,0.181363
0.000000,0.000001,0.000040,0.990723,0.009236
0.000000,0.000002,0.000080,0.966148,0.033770
0.000000,0.000004,0.000120,0.744613,0.255263
0.000000,0.000006,0.000222,0.531361,0.468410
0.000001,0.000009,0.000671,0.405639,0.593679
0.000000,0.000000,0.000007,0.063661,0.936331
0.000000,0.000001,0.000087,0.888853,0.111058
0.000000,0.000000,0.000011,0.250961,0.749028
0.000001,0.000012,0.000545,0.551326,0.448117
0.000000,0.000004,0.000099,0.579071,0.420826
0.000000,0.000003,0.000259,0.917426,0.082311
0.000000,0.000004,0.000167,0.883664,0.116165
0.000000,0.000004,0.000166,0.614478,0.385352
0.000000,0.000001,0.000077,0.664046,0.335876
0.000001,0.000011,0.000372,0.926129,0.073487
0.000000,0.000006,0.000257,0.985894,0.013844
0.000001,0.000007,0.000220,0.773321,0.226451
0.000000,0.000001,0.000068,0.370607,0.629324
0.000001,0.000016,0.001003,0.466152,0.532829
0.000000,0.000004,0.000166,0.622408,0.377421
0.000000,0.000004,0.000232,0.703779,0.295985
0.000000,0.000003,0.000263,0.896823,0.102911
0.000001,0.000006,0.000360,0.540561,0.459072
0.000000,0.000000,0.000071,0.640722,0.359206
0.000001,0.000015,0.000667,0.838438,0.160879
0.000001,0.000009,0.000232,0.726023,0.273736
0.000003,0.000059,0.001405,0.206681,0.791852
0.000000,0.000001,0.000104,0.767176,0.232719
0.000000,0.000001,0.000050,0.279299,0.720651
0.000000,0.000006,0.000322,0.558494,0.441178
0.000000,0.000004,0.000266,0.776896,0.222834
0.000000,0.000004,0.000237,0.713093,0.286666
0.000000,0.000005,0.000345,0.885477,0.114173
0.000000,0.000005,0.000140,0.868282,0.131572
0.000000,0.000003,0.000226,0.900662,0.099109
0.000000,0.000002,0.000188,0.830393,0.169417
0.000001,0.000009,0.000351,0.729994,0.269646
0.000001,0.000012,0.000386,0.727179,0.272423
0.000000,0.000002,0.000163,0.727844,0.271991
0.000002,0.000018,0.000945,0.778398,0.220638
0.000001,0.000009,0.000337,0.567281,0.432373
0.000000,0.000002,0.000109,0.837841,0.162047
0.000000,0.000002,0.000164,0.721429,0.278405
0.000001,0.000019,0.000520,0.416391,0.583069
0.000000,0.000002,0.000175,0.829411,0.170412
0.000000,0.000005,0.000121,0.417659,0.582216
0.000001,0.000011,0.000520,0.957190,0.042278
0.000001,0.000011,0.000367,0.465897,0.533724
0.000000,0.000002,0.000056,0.130226,0.869716
0.000000,0.000003,0.000136,0.997486,0.002375
0.000000,0.000003,0.000222,0.994477,0.005297
0.000000,0.000003,0.000207,0.478389,0.521401
0.000000,0.000002,0.000130,0.488206,0.511662
0.000010,0.000122,0.002634,0.846392,0.150842
0.000000,0.000005,0.000276,0.934012,0.065707
0.000000,0.000002,0.000172,0.726490,0.273335
0.000000,0.000002,0.000130,0.806799,0.193068
0.000000,0.000006,0.000263,0.973299,0.026432
0.000001,0.000004,0.000406,0.917336,0.082253
0.000001,0.000012,0.000346,0.876720,0.122921
0.000000,0.000001,0.000081,0.288911,0.711007
0.000000,0.000010,0.000384,0.913815,0.085790
0.000001,0.000012,0.000219,0.831231,0.168537
0.000000,0.000006,0.000524,0.966486,0.032984
0.000000,0.000009,0.000276,0.225108,0.774606
0.000000,0.000000,0.000008,0.942814,0.057179
0.000000,0.000000,0.000004,0.390679,0.609317
0.000000,0.000001,0.000096,0.813529,0.186375
0.000000,0.000003,0.000111,0.692672,0.307214
0.000000,0.000001,0.000153,0.974951,0.024895
0.000002,0.000027,0.001804,0.993648,0.004518
0.000001,0.000014,0.000414,0.641715,0.357856
0.000000,0.000000,0.000018,0.991735,0.008247
0.000000,0.000001,0.000078,0.876979,0.122942
0.000001,0.000008,0.000362,0.655171,0.344457
0.000000,0.000004,0.000091,0.169350,0.830555
0.000000,0.000009,0.000214,0.532095,0.467682
0.000000,0.000002,0.000268,0.939778,0.059951
0.000003,0.000027,0.000751,0.611720,0.387498
0.000000,0.000007,0.000325,0.764804,0.234864
0.000002,0.000018,0.000603,0.726926,0.272452
0.000000,0.000006,0.000316,0.933422,0.066255
0.000000,0.000005,0.000120,0.509511,0.490365
0.000000,0.000001,0.000074,0.366319,0.633605
0.000000,0.000001,0.000046,0.821688,0.178265
0.000000,0.000002,0.000196,0.854907,0.144895
0.000000,0.000001,0.000087,0.754517,0.245395
0.000000,0.000005,0.000189,0.795534,0.204272
0.000000,0.000007,0.000361,0.749868,0.249764
0.000000,0.000005,0.000291,0.733930,0.265774
0.000001,0.000011,0.000217,0.169196,0.830575
0.000000,0.000003,0.000143,0.805515,0.194338
0.000000,0.000005,0.000276,0.922208,0.077511
0.000001,0.000012,0.000647,0.873466,0.125874
0.000000,0.000003,0.000163,0.398680,0.601153
0.000001,0.000012,0.000687,0.980575,0.018725
0.000000,0.000000,0.000007,0.960195,0.039798
0.000000,0.000002,0.000083,0.245764,0.754150
0.000001,0.000011,0.000171,0.426301,0.573516
0.000005,0.000065,0.001752,0.566422,0.431755
0.000000,0.000002,0.000203,0.810802,0.188992
0.000003,0.000051,0.001411,0.628684,0.369850
0.000000,0.000010,0.000331,0.670341,0.329318
0.000000,0.000002,0.000116,0.729413,0.270469
0.000000,0.000001,0.000051,0.942148,0.057801
0.000000,0.000000,0.000000,0.299247,0.700753
0.000000,0.000003,0.000283,0.719453,0.280261
0.000000,0.000002,0.000201,0.668989,0.330807
0.000001,0.000013,0.000276,0.505304,0.494406
0.000002,0.000021,0.002064,0.997458,0.000455
0.000000,0.000004,0.000149,0.283603,0.716243
0.000000,0.000001,0.000040,0.758135,0.241824
0.000000,0.000004,0.000333,0.727479,0.272184
0.000001,0.000010,0.000459,0.800548,0.198983
0.000000,0.000011,0.000443,0.956442,0.043103
0.000000,0.000001,0.000083,0.640442,0.359475
0.000000,0.000005,0.000279,0.957330,0.042386
0.000000,0.000004,0.000282,0.816044,0.183671
0.000000,0.000002,0.000109,0.242566,0.757322
0.000000,0.000001,0.000059,0.994515,0.005425
0.000000,0.000006,0.000339,0.926189,0.073466
0.000001,0.000011,0.000338,0.690200,0.309450
0.000000,0.000001,0.000050,0.886719,0.113230
0.000000,0.000002,0.000070,0.491405,0.508523
0.000005,0.000045,0.002052,0.997085,0.000813
0.000000,0.000004,0.000274,0.619299,0.380423
0.000001,0.000017,0.000732,0.825998,0.173251
0.000000,0.000002,0.000122,0.921502,0.078374
0.000001,0.000010,0.000406,0.968938,0.030645
0.000001,0.000017,0.000429,0.669116,0.330437
0.000001,0.000015,0.000276,0.854303,0.145405
0.000000,0.000004,0.000430,0.890248,0.109317
0.000000,0.000000,0.000043,0.968881,0.031076
0.000000,0.000000,0.000002,0.825614,0.174384
0.000000,0.000003,0.000146,0.683001,0.316851
0.000000,0.000005,0.000077,0.792586,0.207332
0.000000,0.000006,0.000145,0.882471,0.117378
0.000000,0.000007,0.000655,0.534861,0.464476
0.000000,0.000004,0.000104,0.984038,0.015854
0.000001,0.000009,0.000496,0.755134,0.244360
0.000001,0.000007,0.000245,0.489420,0.510327
0.000001,0.000010,0.000276,0.711708,0.288006
0.000000,0.000004,0.000138,0.727116,0.272741
0.000003,0.000024,0.000835,0.968824,0.030313
0.000000,0.000000,0.000000,0.673413,0.326586
0.000000,0.000000,0.000008,0.693535,0.306457
0.000001,0.000013,0.000341,0.284559,0.715086
0.000001,0.000029,0.001309,0.766344,0.232317
0.000000,0.000001,0.000065,0.883102,0.116832
0.000000,0.000000,0.000001,0.929127,0.070871
0.000000,0.000009,0.000395,0.948534,0.051062
0.000001,0.000012,0.000520,0.954598,0.044870
0.000001,0.000011,0.000526,0.432480,0.566983
0.000000,0.000001,0.000136,0.613546,0.386316
0.000000,0.000003,0.000152,0.914712,0.085133
0.000002,0.000017,0.000498,0.838277,0.161207
0.000001,0.000014,0.000765,0.968670,0.030550
0.000001,0.000008,0.000268,0.609744,0.389979
0.000000,0.000002,0.000169,0.960776,0.039053
0.000000,0.000000,0.000024,0.082665,0.917311
0.000000,0.000004,0.000161,0.735889,0.263946
0.000001,0.000012,0.000471,0.915309,0.084207
0.000000,0.000003,0.000317,0.984066,0.015614
0.000000,0.000002,0.000251,0.981470,0.018277
0.000000,0.000005,0.000411,0.955668,0.043916
0.000000,0.000005,0.000173,0.304902,0.694920
0.000000,0.000003,0.000282,0.993862,0.005852
0.000000,0.000005,0.000375,0.947865,0.051755
0.000000,0.000000,0.000002,0.245334,0.754664
0.000000,0.000000,0.000048,0.934415,0.065537
0.000000,0.000000,0.000016,0.708739,0.291244
0.000001,0.000008,0.000169,0.904492,0.095330
0.000000,0.000001,0.000035,0.293657,0.706308
0.000000,0.000005,0.000289,0.913404,0.086302
0.000000,0.000006,0.000177,0.841760,0.158056
0.000000,0.000002,0.000243,0.986247,0.013507
0.000000,0.000000,0.000019,0.610833,0.389147
0.000000,0.000003,0.000139,0.895850,0.104008
0.000000,0.000005,0.000161,0.694930,0.304904
0.000000,0.000005,0.000149,0.935708,0.064137
0.000000,0.000002,0.000093,0.507511,0.492394
0.000000,0.000003,0.000122,0.935933,0.063942
0.000000,0.000003,0.000294,0.936632,0.063072
0.000000,0.000002,0.000225,0.978883,0.020890
0.000000,0.000001,0.000043,0.723727,0.276228
0.000000,0.000001,0.000068,0.288554,0.711376
0.000000,0.000006,0.000206,0.269203,0.730584
0.000000,0.000001,0.000065,0.996768,0.003167
0.000001,0.000011,0.000599,0.964594,0.034794
0.000000,0.000006,0.000151,0.745279,0.254563
0.000000,0.000003,0.000132,0.959880,0.039983
0.000000,0.000004,0.000336,0.930052,0.069607
0.000001,0.000019,0.000483,0.887927,0.111570
0.000000,0.000003,0.000412,0.978741,0.020844
0.000000,0.000001,0.000121,0.648045,0.351833
0.000001,0.000008,0.000231,0.489369,0.510391
0.000000,0.000004,0.000305,0.746014,0.253677
0.000000,0.000003,0.000069,0.444915,0.555013
0.000000,0.000002,0.000144,0.957161,0.042693
0.000001,0.000010,0.000634,0.927772,0.071583
0.000000,0.000002,0.000136,0.984695,0.015166
0.000001,0.000006,0.000178,0.598077,0.401738
0.000000,0.000006,0.000178,0.541399,0.458417
0.000000,0.000003,0.000117,0.608332,0.391548
0.000000,0.000004,0.000281,0.517618,0.482096
0.000006,0.000056,0.002036,0.821988,0.175914
0.000000,0.000004,0.000318,0.959455,0.040223
0.000000,0.000001,0.000099,0.826310,0.173590
0.000000,0.000004,0.000228,0.971870,0.027898
0.000000,0.000001,0.000142,0.914843,0.085013
0.000000,0.000000,0.000048,0.967511,0.032441
0.000000,0.000006,0.000236,0.591487,0.408271
0.000000,0.000003,0.000123,0.630581,0.369293
0.000000,0.000000,0.000016,0.334373,0.665611
0.000000,0.000000,0.000009,0.066101,0.933890
0.000000,0.000003,0.000123,0.397966,0.601908
0.000001,0.000008,0.000228,0.371208,0.628555
0.000000,0.000005,0.000164,0.340238,0.659592
0.000000,0.000000,0.000008,0.608924,0.391069
0.000002,0.000036,0.000892,0.698098,0.300972
0.000000,0.000003,0.000199,0.831345,0.168454
0.000000,0.000001,0.000118,0.646867,0.353014
0.000001,0.000017,0.000529,0.624608,0.374845
0.000001,0.000005,0.000492,0.947924,0.051579
0.000000,0.000003,0.000137,0.682119,0.317740
0.000000,0.000003,0.000177,0.772650,0.227170
0.000000,0.000000,0.000000,0.692016,0.307984
0.000000,0.000000,0.000004,0.780057,0.219938
0.000000,0.000003,0.000093,0.976808,0.023096
0.000001,0.000009,0.000308,0.547080,0.452602
0.000000,0.000002,0.000209,0.928927,0.070862
0.000000,0.000009,0.000431,0.945649,0.053911
0.000000,0.000000,0.000039,0.913059,0.086902
0.000002,0.000033,0.001986,0.994408,0.003570
0.000000,0.000002,0.000102,0.316646,0.683250
0.000000,0.000002,0.000172,0.837835,0.161991
0.000000,0.000001,0.000035,0.673785,0.326179
0.000000,0.000004,0.000122,0.632082,0.367793
0.000000,0.000001,0.000138,0.976412,0.023449
0.000000,0.000012,0.000509,0.962063,0.037416
0.000000,0.000005,0.000220,0.807821,0.191953
0.000000,0.000000,0.000032,0.569616,0.430352
0.000000,0.000000,0.000007,0.333501,0.666493
0.000003,0.000022,0.001250,0.939722,0.059004
0.000000,0.000000,0.000006,0.971832,0.028161
0.000001,0.000019,0.001149,0.998204,0.000627
0.000002,0.000046,0.001897,0.998019,0.000036
0.000001,0.000012,0.000452,0.911394,0.088142
0.000000,0.000001,0.000049,0.448714,0.551236
0.000001,0.000008,0.000139,0.164370,0.835482
0.000000,0.000002,0.000079,0.455330,0.544589
0.000000,0.000003,0.000167,0.233581,0.766249
0.000000,0.000006,0.000123,0.600635,0.399236
0.000001,0.000026,0.000860,0.843632,0.155481
0.000002,0.000021,0.000691,0.611882,0.387404
0.000000,0.000001,0.000156,0.593792,0.406050
0.000001,0.000009,0.000334,0.893071,0.106585
0.000000,0.000005,0.000352,0.864893,0.134750
0.000001,0.000010,0.000406,0.557395,0.442188
0.000000,0.000002,0.000329,0.975131,0.024538
0.000000,0.000000,0.000010,0.536437,0.463553
0.000000,0.000002,0.000087,0.601517,0.398393
0.000000,0.000005,0.000342,0.967692,0.031961
0.000000,0.000003,0.000109,0.368159,0.631728
0.000000,0.000012,0.000649,0.896799,0.102540
0.000000,0.000002,0.000105,0.508298,0.491596
0.000001,0.000010,0.000944,0.996855,0.002190
0.000001,0.000006,0.000316,0.545045,0.454632
0.000000,0.000004,0.000161,0.350753,0.649081
0.000000,0.000001,0.000049,0.939164,0.060786
0.000001,0.000006,0.000283,0.585681,0.414029
0.000003,0.000037,0.001593,0.997522,0.000845
0.000001,0.000007,0.000305,0.589206,0.410480
0.000000,0.000002,0.000125,0.225366,0.774507
0.000002,0.000021,0.000654,0.416552,0.582771
0.000002,0.000014,0.000681,0.870704,0.128598
0.000000,0.000001,0.000038,0.891371,0.108590
0.000000,0.000000,0.000000,0.093098,0.906901
0.000001,0.000011,0.000426,0.700909,0.298654
0.000004,0.000095,0.001460,0.597244,0.401197
0.000001,0.000012,0.000666,0.979737,0.019584
0.000000,0.000003,0.000284,0.961268,0.038445
0.000000,0.000004,0.000055,0.407302,0.592638
0.000000,0.000001,0.000088,0.514810,0.485100
0.000001,0.000012,0.000245,0.292794,0.706948
0.000000,0.000001,0.000038,0.996273,0.003687
0.000001,0.000018,0.000711,0.751303,0.247966
0.000000,0.000010,0.000494,0.772324,0.227172
0.000001,0.000017,0.000648,0.372005,0.627330
0.000001,0.000012,0.000309,0.741206,0.258472
0.000000,0.000000,0.000041,0.702029,0.297930
0.000000,0.000001,0.000039,0.199575,0.800385
0.000000,0.000004,0.000322,0.610862,0.388811
0.000000,0.000003,0.000125,0.722470,0.277402
0.000000,0.000001,0.000094,0.973033,0.026871
0.000000,0.000005,0.000303,0.855832,0.143860
0.000000,0.000004,0.000150,0.875316,0.124530
0.000000,0.000003,0.000214,0.654849,0.344934
0.000002,0.000013,0.000577,0.481115,0.518292
0.000000,0.000001,0.000034,0.702942,0.297024
0.000000,0.000004,0.000098,0.745408,0.254490
0.000000,0.000007,0.000231,0.449189,0.550572
0.000001,0.000006,0.000363,0.653753,0.345877
0.000000,0.000008,0.000384,0.974376,0.025231
0.000001,0.000006,0.000525,0.875997,0.123471
0.000001,0.000009,0.000273,0.890495,0.109221
0.000000,0.000006,0.000414,0.725150,0.274430
0.000001,0.000007,0.000512,0.768176,0.231304
0.000000,0.000006,0.000385,0.910206,0.089402
0.000000,0.000003,0.000216,0.601800,0.397981
0.000000,0.000001,0.000170,0.983036,0.016793
0.000000,0.000001,0.000081,0.997589,0.002330
0.000000,0.000005,0.000234,0.897539,0.102222
0.000000,0.000001,0.000080,0.598218,0.401701
0.000001,0.000007,0.000419,0.685870,0.313703
0.000000,0.000002,0.000098,0.956844,0.043056
0.000001,0.000009,0.000621,0.625195,0.374174
0.000000,0.000002,0.000091,0.092524,0.907383
0.000000,0.000002,0.000091,0.309853,0.690054
0.000000,0.000006,0.000267,0.940158,0.059570
0.000002,0.000027,0.001378,0.850336,0.148257
0.000000,0.000000,0.000013,0.914798,0.085189
0.000003,0.000039,0.001302,0.636510,0.362146
0.000000,0.000003,0.000144,0.795584,0.204268
0.000000,0.000003,0.000234,0.693677,0.306086
0.000000,0.000001,0.000170,0.962727,0.037101
0.000000,0.000000,0.000027,0.737229,0.262744
0.000001,0.000018,0.000361,0.862529,0.137091
0.000000,0.000010,0.000401,0.606528,0.393060
0.000001,0.000015,0.000269,0.839477,0.160238
0.000001,0.000009,0.000638,0.934292,0.065060
0.000000,0.000000,0.000032,0.914678,0.085290
0.000001,0.000011,0.000543,0.885993,0.113451
0.000001,0.000013,0.000651,0.683850,0.315486
0.000000,0.000006,0.000245,0.869226,0.130523
0.000001,0.000010,0.000377,0.927057,0.072556
0.000001,0.000022,0.000512,0.389502,0.609964
0.000001,0.000016,0.000670,0.720548,0.278764
0.000001,0.000009,0.000492,0.921878,0.077620
0.000000,0.000006,0.000277,0.595841,0.403876
0.000000,0.000004,0.000114,0.256447,0.743434
0.000001,0.000014,0.000687,0.618583,0.380715
0.000001,0.000017,0.000965,0.992837,0.006179
0.000000,0.000003,0.000209,0.854145,0.145642
0.000000,0.000001,0.000069,0.930907,0.069024
0.000000,0.000001,0.000046,0.523553,0.476400
0.000000,0.000001,0.000036,0.812751,0.187212
0.000000,0.000003,0.000245,0.890473,0.109279
0.000001,0.000005,0.000310,0.962009,0.037675
0.000000,0.000003,0.000196,0.659459,0.340341
0.000000,0.000000,0.000035,0.900640,0.099324
0.000000,0.000003,0.000165,0.886951,0.112881
0.000001,0.000016,0.000739,0.887413,0.111831
0.000001,0.000014,0.000524,0.632425,0.367036
0.000001,0.000019,0.001400,0.876419,0.122161
0.000000,0.000002,0.000172,0.974954,0.024872
0.000000,0.000002,0.000068,0.537073,0.462857
0.000001,0.000012,0.000477,0.674418,0.325092
0.000001,0.000011,0.000409,0.549885,0.449694
0.000001,0.000010,0.000602,0.845027,0.154360
0.000000,0.000001,0.000126,0.755427,0.244445
0.000000,0.000001,0.000074,0.995766,0.004159
0.000000,0.000001,0.000080,0.409254,0.590664
0.000003,0.000024,0.000539,0.763908,0.235526
0.000001,0.000019,0.000694,0.805030,0.194257
0.000000,0.000002,0.000311,0.915425,0.084262
0.000000,0.000002,0.000082,0.666855,0.333061
0.000000,0.000001,0.000067,0.989346,0.010585
0.000000,0.000001,0.000115,0.933180,0.066703
0.000003,0.000042,0.002305,0.992645,0.005005
0.000000,0.000004,0.000319,0.921488,0.078189
0.000002,0.000028,0.000813,0.599209,0.399948
0.000000,0.000000,0.000002,0.268959,0.731039
0.000000,0.000000,0.000048,0.998553,0.001399
0.000000,0.000002,0.000130,0.817205,0.182663
0.000000,0.000001,0.000134,0.668444,0.331422
0.000000,0.000003,0.000140,0.973365,0.026492
0.000000,0.000004,0.000227,0.774308,0.225460
0.000000,0.000001,0.000172,0.962183,0.037644
0.000000,0.000002,0.000112,0.910593,0.089293
0.000000,0.000001,0.000057,0.991953,0.007988
0.000000,0.000004,0.000172,0.453723,0.546100
0.000000,0.000001,0.000048,0.998258,0.001693
0.000001,0.000006,0.000172,0.491372,0.508450
0.000000,0.000002,0.000190,0.966950,0.032858
0.000000,0.000000,0.000015,0.114451,0.885534
0.000000,0.000004,0.000191,0.957134,0.042671
0.000001,0.000012,0.001235,0.780638,0.218115
0.000000,0.000004,0.000189,0.431781,0.568025
0.000000,0.000001,0.000037,0.734155,0.265807
0.000000,0.000006,0.000238,0.852083,0.147672
0.000001,0.000013,0.000591,0.974634,0.024760
0.000004,0.000027,0.002164,0.997464,0.000340
0.000000,0.000000,0.000004,0.677064,0.322932
0.000003,0.000050,0.001457,0.978045,0.020445
0.000000,0.000008,0.000540,0.944253,0.055199
0.000005,0.000069,0.001678,0.758645,0.239603
0.000000,0.000002,0.000116,0.960549,0.039332
0.000000,0.000000,0.000000,0.006790,0.993210
0.000000,0.000003,0.000176,0.406080,0.593741
0.000000,0.000004,0.000190,0.739146,0.260659
0.000000,0.000002,0.000253,0.971602,0.028142
0.000001,0.000048,0.001461,0.923319,0.075171
0.000000,0.000002,0.000076,0.848846,0.151076
0.000000,0.000008,0.000385,0.636143,0.363464
0.000000,0.000000,0.000082,0.935213,0.064705
0.000001,0.000011,0.000317,0.415962,0.583710
0.000000,0.000001,0.000045,0.444204,0.555750
0.000000,0.000002,0.000106,0.702334,0.297558
0.000000,0.000005,0.000378,0.985218,0.014399
0.000000,0.000006,0.000214,0.903737,0.096043
0.000000,0.000011,0.000519,0.915578,0.083892
0.000002,0.000013,0.000800,0.527006,0.472178
0.000000,0.000003,0.000135,0.911487,0.088376
0.000000,0.000009,0.000165,0.735094,0.264732
0.000000,0.000006,0.000293,0.581072,0.418630
0.000000,0.000001,0.000110,0.763851,0.236038
0.000000,0.000000,0.000001,0.997566,0.002433
0.000001,0.000004,0.000206,0.558986,0.440803
0.000000,0.000003,0.000100,0.652338,0.347559
0.000001,0.000009,0.000529,0.989183,0.010279
0.000001,0.000008,0.000264,0.397907,0.601820
0.000000,0.000006,0.000230,0.683916,0.315848
0.000000,0.000005,0.000321,0.896744,0.102930
0.000000,0.000000,0.000044,0.507986,0.491971
0.000000,0.000000,0.000043,0.999695,0.000261
0.000000,0.000003,0.000247,0.691951,0.307798
0.000002,0.000031,0.000792,0.627004,0.372172
0.000001,0.000012,0.000412,0.937055,0.062520
0.000001,0.000016,0.000958,0.897346,0.101679
0.000000,0.000006,0.000336,0.875575,0.124082
0.000000,0.000002,0.000107,0.923119,0.076772
0.000006,0.000065,0.002370,0.950664,0.046895
0.000000,0.000001,0.000111,0.972083,0.027805
0.000000,0.000004,0.000209,0.768190,0.231597
0.000000,0.000002,0.000115,0.976300,0.023583
0.000000,0.000007,0.000217,0.552279,0.447498
0.000001,0.000024,0.000769,0.850305,0.148901
0.000000,0.000005,0.000179,0.347642,0.652174
0.000001,0.000014,0.000723,0.669261,0.330001
0.000003,0.000025,0.001355,0.985358,0.013258
0.000000,0.000002,0.000104,0.436107,0.563786
0.000001,0.000022,0.000413,0.213317,0.786246
0.000001,0.000004,0.000272,0.770589,0.229134
0.000000,0.000004,0.000304,0.764079,0.235613
0.000000,0.000001,0.000095,0.894365,0.105540
0.000000,0.000002,0.000194,0.885040,0.114764
0.000000,0.000006,0.000585,0.970336,0.029073
0.000000,0.000006,0.000248,0.840727,0.159019
0.000000,0.000002,0.000117,0.959469,0.040412
0.000001,0.000010,0.000484,0.958136,0.041369
0.000001,0.000021,0.000485,0.934953,0.064541
0.000000,0.000001,0.000058,0.831316,0.168625
0.000002,0.000033,0.001293,0.735480,0.263191
0.000001,0.000008,0.000539,0.945685,0.053767
0.000001,0.000011,0.000298,0.373517,0.626173
0.000001,0.000010,0.000321,0.971967,0.027701
0.000000,0.000011,0.000151,0.133451,0.866387
0.000001,0.000013,0.000508,0.446239,0.553239
0.000002,0.000026,0.000807,0.583345,0.415820
0.000001,0.000019,0.000351,0.569223,0.430405
0.000000,0.000003,0.000279,0.937402,0.062315
0.000000,0.000002,0.000168,0.808220,0.191610
0.000000,0.000003,0.000069,0.846564,0.153364
0.000000,0.000004,0.000319,0.825137,0.174540
0.000001,0.000014,0.000728,0.742958,0.256298
0.000000,0.000002,0.000106,0.885955,0.113937
0.000000,0.000006,0.000352,0.784464,0.215177
0.000000,0.000006,0.000198,0.251877,0.747919
0.000001,0.000010,0.000400,0.749552,0.250037
0.000000,0.000002,0.000057,0.491789,0.508152
0.000000,0.000002,0.000288,0.992791,0.006918
0.000000,0.000008,0.000471,0.746278,0.253243
0.000001,0.000030,0.001914,0.983301,0.014754
0.000000,0.000001,0.000109,0.198708,0.801182
0.000001,0.000008,0.000329,0.833473,0.166189
0.000000,0.000001,0.000088,0.885171,0.114741
0.000000,0.000002,0.000127,0.816744,0.183127
0.000000,0.000001,0.000124,0.720992,0.278882
0.000000,0.000006,0.000125,0.368351,0.631517
0.000000,0.000001,0.000115,0.927350,0.072534
0.000000,0.000002,0.000106,0.898564,0.101329
0.000020,0.000160,0.008330,0.987926,0.003564
0.000000,0.000003,0.000083,0.962306,0.037608
0.000000,0.000003,0.000125,0.933153,0.066719
0.000000,0.000000,0.000047,0.461502,0.538450
0.000000,0.000000,0.000001,0.697445,0.302554
0.000000,0.000006,0.000227,0.831250,0.168517
0.000000,0.000000,0.000025,0.989500,0.010474
0.000001,0.000011,0.000657,0.996237,0.003094
0.000001,0.000023,0.000692,0.977882,0.021403
0.000004,0.000033,0.000585,0.462590,0.536789
0.000000,0.000007,0.000374,0.855601,0.144018
0.000000,0.000005,0.000188,0.920578,0.079229
0.000000,0.000006,0.000409,0.867056,0.132529
0.000000,0.000001,0.000080,0.820564,0.179356
0.000000,0.000005,0.000322,0.548049,0.451624
0.000000,0.000000,0.000029,0.988102,0.011869
0.000002,0.000023,0.000713,0.483356,0.515907
0.000000,0.000006,0.000233,0.806543,0.193218
0.000000,0.000000,0.000005,0.999658,0.000337
0.000001,0.000007,0.000495,0.983522,0.015976
0.000000,0.000002,0.000130,0.987804,0.012064
0.000004,0.000058,0.002215,0.996071,0.001651
0.000000,0.000003,0.000091,0.520438,0.479469
0.000000,0.000004,0.000325,0.925053,0.074617
0.000000,0.000001,0.000026,0.127391,0.872582
0.000000,0.000012,0.000603,0.928346,0.071039
0.000000,0.000003,0.000191,0.473049,0.526756
0.000001,0.000012,0.000571,0.885466,0.113950
0.000000,0.000001,0.000046,0.971724,0.028229
0.000000,0.000004,0.000213,0.992221,0.007562
0.000000,0.000006,0.000166,0.932468,0.067359
0.000000,0.000003,0.000141,0.260832,0.739023
