0.200100,0.058987,0.055995,0.046199,0.122696,0.066504,0.043020,0.201097,0.127396,0.078006
0.074689,0.021291,0.064396,0.025399,0.126749,0.023456,0.237748,0.227611,0.113120,0.085541
0.109863,0.099540,0.065685,0.079573,0.102018,0.107892,0.075429,0.180982,0.106109,0.072908
0.013917,0.008825,0.113133,0.142255,0.070217,0.062695,0.082754,0.135774,0.145781,0.224650
0.115485,0.011444,0.095896,0.124415,0.130809,0.043008,0.084272,0.186202,0.053344,0.155124
0.043723,0.191892,0.069845,0.083565,0.100880,0.006245,0.077284,0.226689,0.115486,0.084392
0.102564,0.038230,0.013172,0.074446,0.148259,0.004736,0.085607,0.222277,0.083061,0.227649
0.005879,0.022528,0.175403,0.188192,0.046620,0.093889,0.047662,0.057884,0.079214,0.282728
0.139279,0.041564,0.080901,0.140238,0.073356,0.030505,0.070296,0.250694,0.014919,0.158248
0.099904,0.120515,0.075952,0.073695,0.079231,0.074497,0.073382,0.204990,0.110728,0.087106
0.112380,0.111388,0.105992,0.122715,0.089231,0.112118,0.111151,0.077520,0.080964,0.076541
0.129520,0.207010,0.090979,0.064618,0.190549,0.015913,0.131465,0.074241,0.063523,0.032181
0.124991,0.083886,0.116775,0.126751,0.068715,0.115068,0.072867,0.085435,0.121400,0.084111
0.104787,0.061647,0.131096,0.088376,0.094429,0.014220,0.055105,0.109337,0.137729,0.203273
0.111509,0.069644,0.127257,0.120167,0.134014,0.014801,0.082894,0.027437,0.131064,0.181212
0.096174,0.076814,0.111456,0.084143,0.083515,0.083114,0.092005,0.185019,0.106657,0.081101
0.275725,0.079499,0.077535,0.133541,0.095678,0.077078,0.045893,0.041063,0.085526,0.088462
0.009407,0.232971,0.069689,0.099792,0.149586,0.012658,0.065746,0.246847,0.033860,0.079445
0.093174,0.111617,0.096414,0.126372,0.098581,0.072920,0.113214,0.101957,0.072611,0.113139
0.090538,0.092554,0.110585,0.125819,0.093245,0.095526,0.082096,0.107858,0.122357,0.079422
0.179444,0.043620,0.121406,0.037485,0.059877,0.083157,0.098858,0.118191,0.033855,0.224106
0.106266,0.127375,0.072582,0.075820,0.087510,0.118598,0.066432,0.127721,0.116097,0.101598
0.121947,0.105694,0.073067,0.159246,0.066152,0.071541,0.098146,0.157864,0.034725,0.111618
0.104424,0.075539,0.020666,0.072119,0.241053,0.003371,0.197517,0.233071,0.030959,0.021281
0.106731,0.045185,0.015193,0.149480,0.165919,0.081552,0.087014,0.217522,0.106347,0.025056
0.183413,0.038394,0.148744,0.021007,0.234947,0.002078,0.070638,0.134267,0.070396,0.096115
0.072923,0.129896,0.006352,0.092866,0.041566,0.188324,0.049805,0.047637,0.187333,0.183298
0.109350,0.111808,0.080507,0.080863,0.083757,0.099684,0.092625,0.152098,0.110439,0.078869
0.015959,0.003092,0.001364,0.141254,0.194331,0.191364,0.067802,0.130750,0.152862,0.101223
0.069566,0.002820,0.205370,0.169024,0.155937,0.071599,0.062509,0.051116,0.083096,0.128963
0.096105,0.078566,0.073615,0.082169,0.084698,0.114462,0.078414,0.205439,0.102106,0.084426
0.067309,0.112714,0.107311,0.121756,0.097573,0.106023,0.107575,0.080919,0.114212,0.084608
0.188073,0.053146,0.025422,0.141552,0.114340,0.026952,0.144701,0.195543,0.081582,0.028690
0.032675,0.045444,0.073077,0.156410,0.034643,0.134649,0.136901,0.212710,0.097195,0.076297
0.091519,0.021626,0.010075,0.175966,0.024798,0.175862,0.190621,0.154448,0.012225,0.142860
0.074429,0.053519,0.003530,0.096149,0.156349,0.152056,0.030524,0.243731,0.091591,0.098121
0.105826,0.058206,0.156540,0.103570,0.073982,0.036682,0.041348,0.177277,0.035679,0.210891
0.074992,0.014648,0.100997,0.070346,0.155203,0.000867,0.183759,0.207579,0.049498,0.142112
0.078093,0.112565,0.143112,0.121042,0.075362,0.092806,0.108205,0.096815,0.088950,0.083050
0.056848,0.147698,0.035358,0.022576,0.046118,0.139870,0.150886,0.150747,0.103384,0.146513
0.106553,0.136471,0.095295,0.130524,0.105475,0.076872,0.075034,0.111245,0.082352,0.080179
0.006846,0.072341,0.119004,0.093003,0.075638,0.061254,0.188688,0.136989,0.152471,0.093766
0.103644,0.118552,0.022711,0.030054,0.065828,0.174017,0.032173,0.204483,0.201110,0.047428
0.146919,0.215719,0.024770,0.104937,0.056474,0.083886,0.032276,0.203890,0.040525,0.090602
0.086934,0.048464,0.039059,0.188564,0.118786,0.047027,0.048017,0.037279,0.077570,0.308301
0.074185,0.078479,0.111136,0.127401,0.206633,0.063287,0.018194,0.114342,0.135268,0.071074
0.118425,0.034421,0.139483,0.118175,0.044359,0.016798,0.178165,0.224382,0.107527,0.018263
0.091768,0.034222,0.153150,0.035987,0.218812,0.030367,0.151210,0.171843,0.084336,0.028305
0.200803,0.139637,0.051175,0.097701,0.125594,0.007171,0.073554,0.144217,0.096309,0.063838
0.092862,0.120733,0.080283,0.074447,0.092977,0.119363,0.070448,0.164189,0.109668,0.075032
0.065971,0.027738,0.012175,0.107768,0.099923,0.076303,0.211836,0.136543,0.106736,0.155006
0.071377,0.116435,0.082140,0.088548,0.107679,0.075745,0.093182,0.151664,0.122578,0.090651
0.103030,0.094081,0.069997,0.083276,0.072920,0.090712,0.078130,0.229721,0.096831,0.081302
0.029098,0.038246,0.074389,0.145913,0.090448,0.100668,0.054470,0.216236,0.076506,0.174026
0.091300,0.113550,0.117058,0.120040,0.074008,0.105335,0.108565,0.096720,0.091963,0.081461
0.218898,0.040633,0.149145,0.091528,0.140615,0.078851,0.093365,0.106927,0.050465,0.029573
0.158385,0.045861,0.037849,0.031131,0.145916,0.068808,0.039877,0.307004,0.065895,0.099274
0.002523,0.129963,0.160375,0.130288,0.096298,0.143215,0.114844,0.017271,0.089582,0.115641
0.192770,0.054277,0.157531,0.134811,0.100096,0.017003,0.061515,0.052433,0.083215,0.146349
0.062270,0.048789,0.162836,0.128497,0.053265,0.086733,0.196047,0.025727,0.126660,0.109176
0.067264,0.030807,0.113909,0.021317,0.105836,0.043876,0.220086,0.169565,0.082260,0.145080
0.102839,0.018532,0.020868,0.083065,0.192774,0.043166,0.183213,0.145486,0.047025,0.163033
0.005284,0.074282,0.065121,0.157766,0.119515,0.123301,0.047459,0.247443,0.075889,0.083940
0.121942,0.018687,0.002732,0.085502,0.109485,0.040009,0.201445,0.234666,0.088511,0.097022
0.004319,0.211074,0.060844,0.137436,0.098497,0.091209,0.060955,0.173509,0.106727,0.055431
0.070869,0.013843,0.082323,0.051374,0.058355,0.039955,0.110796,0.120679,0.315484,0.136324
0.022013,0.027088,0.067203,0.149913,0.215776,0.127121,0.131609,0.056794,0.167539,0.034945
0.005860,0.020621,0.189683,0.163049,0.153172,0.062737,0.028153,0.155787,0.120318,0.100621
0.093462,0.079487,0.101707,0.072726,0.084232,0.093635,0.089904,0.210920,0.100287,0.073640
0.120001,0.074048,0.135623,0.163672,0.035829,0.017150,0.030834,0.207207,0.113999,0.101638
0.100418,0.114887,0.113899,0.073952,0.103309,0.070322,0.108421,0.115497,0.117517,0.081779
0.106216,0.113622,0.121456,0.119344,0.101779,0.091251,0.084649,0.078470,0.083826,0.099386
0.086252,0.246035,0.008048,0.119127,0.040103,0.052141,0.171770,0.226155,0.029526,0.020843
0.155162,0.167128,0.036701,0.077084,0.102232,0.041828,0.060108,0.184354,0.078948,0.096456
0.048008,0.056970,0.203277,0.143782,0.032333,0.056543,0.065555,0.235149,0.076297,0.082087
0.101557,0.041187,0.026782,0.116524,0.153935,0.136758,0.076841,0.154055,0.029666,0.162695
0.084516,0.060883,0.088267,0.158003,0.077198,0.135950,0.059271,0.056423,0.101953,0.177535
0.118104,0.031779,0.073041,0.165265,0.092039,0.145679,0.119996,0.138551,0.102617,0.012930
0.093712,0.001976,0.139608,0.121407,0.155361,0.077126,0.007651,0.139697,0.120873,0.142589
0.109233,0.109915,0.070007,0.079050,0.088627,0.123548,0.071276,0.142260,0.109105,0.096980
0.100285,0.107634,0.131804,0.077572,0.072650,0.083433,0.101020,0.139494,0.110949,0.075158
0.139401,0.111669,0.112352,0.100888,0.119386,0.097801,0.049464,0.039429,0.188870,0.040739
0.175668,0.048821,0.102385,0.120557,0.073705,0.033984,0.190111,0.147102,0.041656,0.066012
0.080173,0.014715,0.082348,0.144590,0.124841,0.039004,0.011341,0.231646,0.102203,0.169138
0.093957,0.114997,0.074889,0.078596,0.109821,0.100754,0.071938,0.156565,0.113672,0.084811
0.074500,0.125699,0.080312,0.076014,0.133610,0.069876,0.080278,0.149798,0.124017,0.085896
0.079181,0.068247,0.039310,0.068263,0.044286,0.005771,0.189963,0.152601,0.244318,0.108060
0.032594,0.219243,0.100493,0.068922,0.101688,0.003970,0.131316,0.129016,0.119344,0.093414
0.106421,0.116176,0.079686,0.078512,0.102034,0.074676,0.089557,0.153174,0.111189,0.088574
0.206862,0.042640,0.104025,0.080800,0.061218,0.039350,0.034476,0.105349,0.249344,0.075935
0.153961,0.058119,0.068284,0.081816,0.108832,0.064388,0.023971,0.217030,0.038023,0.185575
0.054089,0.021144,0.154819,0.158116,0.035857,0.020919,0.208619,0.197133,0.051598,0.097708
0.078693,0.153576,0.068664,0.045990,0.139927,0.063307,0.085077,0.236025,0.094591,0.034152
0.084834,0.014948,0.118840,0.059726,0.133924,0.081775,0.077765,0.300496,0.100515,0.027177
0.075923,0.095504,0.008891,0.132763,0.088143,0.080449,0.103795,0.211226,0.190150,0.013155
0.056633,0.003337,0.144258,0.143528,0.051167,0.104110,0.060715,0.163400,0.052814,0.220037
0.259685,0.050030,0.094518,0.144147,0.057886,0.003542,0.065189,0.177912,0.113415,0.033675
0.119376,0.101409,0.118111,0.129238,0.091453,0.066082,0.108431,0.084228,0.091465,0.090206
0.060041,0.043258,0.183346,0.040077,0.049535,0.179346,0.036771,0.187292,0.146856,0.073477
0.261682,0.050187,0.045447,0.086356,0.168760,0.057397,0.042428,0.023250,0.111136,0.153357
0.090078,0.092472,0.017214,0.038441,0.076759,0.155583,0.017588,0.074274,0.225114,0.212477
0.122307,0.045264,0.084449,0.104927,0.135134,0.082262,0.035555,0.332930,0.025143,0.032030
0.111193,0.125107,0.073914,0.084702,0.103005,0.076121,0.097559,0.136274,0.113814,0.078311
0.119976,0.009739,0.079360,0.130676,0.174971,0.094527,0.083720,0.090635,0.008629,0.207766
0.128043,0.001767,0.092910,0.125019,0.145226,0.005188,0.097216,0.178136,0.053248,0.173246
0.052188,0.132972,0.096681,0.038229,0.034016,0.162365,0.100738,0.137944,0.164083,0.080783
0.052812,0.026357,0.142174,0.093914,0.147268,0.016952,0.193962,0.181863,0.088308,0.056389
0.083555,0.014560,0.054226,0.106087,0.051165,0.075991,0.259397,0.280696,0.045551,0.028773
0.016980,0.195857,0.070315,0.018155,0.024909,0.172399,0.198076,0.075883,0.178908,0.048518
0.052624,0.021045,0.091281,0.170361,0.159038,0.000923,0.060773,0.165500,0.116904,0.161552
0.056438,0.028131,0.113270,0.180065,0.012271,0.117387,0.122292,0.194931,0.061569,0.113646
0.009912,0.003619,0.211047,0.056037,0.152278,0.050956,0.037164,0.231537,0.088516,0.158935
0.095629,0.106255,0.104983,0.120793,0.093054,0.140248,0.094835,0.086757,0.078940,0.078507
0.111403,0.135370,0.101577,0.126792,0.106072,0.072430,0.071092,0.108740,0.079238,0.087285
0.132005,0.020076,0.059785,0.094979,0.142371,0.029418,0.051391,0.232325,0.081703,0.155948
0.088524,0.062729,0.176241,0.041642,0.135979,0.060917,0.059049,0.263672,0.074191,0.037057
0.078322,0.021139,0.178717,0.157988,0.153500,0.196406,0.037507,0.052361,0.107641,0.016418
0.076650,0.118078,0.076713,0.072586,0.076339,0.127437,0.073451,0.182675,0.110788,0.085283
0.114624,0.022181,0.129143,0.131383,0.159166,0.058383,0.063927,0.063488,0.075483,0.182222
0.100015,0.113556,0.113704,0.116186,0.105528,0.069842,0.103605,0.106973,0.086608,0.083984
0.093239,0.115074,0.101344,0.124152,0.086181,0.110132,0.094133,0.085485,0.078189,0.112071
0.121944,0.034142,0.094914,0.089750,0.105563,0.020052,0.126948,0.245242,0.015129,0.146317
0.084589,0.097227,0.012085,0.105262,0.164376,0.140279,0.052146,0.249747,0.077711,0.016578
0.201886,0.151905,0.049841,0.080875,0.034322,0.006188,0.226088,0.102462,0.072350,0.074084
0.003537,0.237451,0.024381,0.115432,0.052867,0.035050,0.161625,0.022358,0.103815,0.243483
0.078992,0.123547,0.148048,0.117969,0.102937,0.088815,0.089965,0.081766,0.090101,0.077860
0.138324,0.138490,0.006166,0.058339,0.160587,0.058487,0.028466,0.129587,0.090782,0.190772
0.073228,0.106149,0.155531,0.123407,0.105714,0.098732,0.078985,0.083971,0.095761,0.078523
0.092678,0.044146,0.196268,0.121338,0.095969,0.018777,0.154552,0.129093,0.021879,0.125300
0.185689,0.019898,0.020028,0.089175,0.149317,0.049369,0.194152,0.211353,0.036849,0.044171
0.094029,0.025413,0.119256,0.148000,0.100314,0.098862,0.021947,0.189973,0.035488,0.166717
0.119238,0.081203,0.054868,0.099455,0.097482,0.126149,0.020635,0.251410,0.049447,0.100112
0.129018,0.132323,0.127347,0.069378,0.042345,0.104752,0.137675,0.133282,0.071260,0.052621
0.080597,0.024786,0.061269,0.164462,0.139482,0.079269,0.027892,0.289999,0.114334,0.017910
0.089800,0.096770,0.100542,0.074215,0.101892,0.098183,0.086717,0.178458,0.100835,0.072589
0.098897,0.102539,0.122998,0.077402,0.099829,0.069183,0.081907,0.160230,0.104362,0.082653
0.073918,0.118442,0.083830,0.134231,0.084669,0.112404,0.094704,0.100315,0.078986,0.118502
0.116050,0.121364,0.119894,0.116666,0.099713,0.076736,0.075522,0.081804,0.114936,0.077316
0.108436,0.008453,0.127353,0.122946,0.142473,0.015059,0.078715,0.174336,0.108355,0.113874
0.065972,0.130197,0.096312,0.130578,0.097247,0.110226,0.069254,0.107000,0.076187,0.117027
0.081004,0.068442,0.149253,0.204564,0.040864,0.055914,0.240962,0.019809,0.114073,0.025115
0.042002,0.175288,0.018552,0.055147,0.137676,0.055011,0.086839,0.172147,0.215619,0.041719
0.079859,0.014941,0.120993,0.139712,0.021546,0.001327,0.134993,0.219443,0.121111,0.146075
0.016625,0.030849,0.090057,0.248230,0.096099,0.038884,0.056754,0.117964,0.109821,0.194717
0.087346,0.010437,0.157541,0.157456,0.044821,0.134695,0.089770,0.024549,0.162843,0.130542
0.027591,0.003925,0.067363,0.133759,0.210338,0.000764,0.080575,0.237236,0.117643,0.120806
0.078393,0.015375,0.114464,0.124361,0.150163,0.050863,0.038559,0.233641,0.023039,0.171142
0.103658,0.117611,0.094442,0.127216,0.091426,0.109327,0.089617,0.077559,0.088505,0.100640
0.070501,0.005762,0.147383,0.105278,0.157809,0.075268,0.114318,0.188378,0.018198,0.117106
0.107471,0.119067,0.095354,0.127950,0.066318,0.109045,0.112186,0.095898,0.088147,0.078564
0.170756,0.069852,0.112637,0.071192,0.111901,0.038503,0.080328,0.078015,0.219478,0.047337
0.114886,0.024888,0.129373,0.128441,0.113716,0.035079,0.070519,0.047426,0.130704,0.204969
0.066378,0.099426,0.076608,0.077795,0.105891,0.133565,0.104188,0.136278,0.112375,0.087497
0.061652,0.018272,0.004097,0.159055,0.161527,0.061765,0.139251,0.258145,0.047543,0.088694
0.111050,0.063584,0.101547,0.125843,0.177781,0.141079,0.129111,0.005627,0.137401,0.006976
0.159963,0.046197,0.022404,0.078647,0.073501,0.022981,0.182980,0.248711,0.044487,0.120129
0.108455,0.106326,0.127504,0.110181,0.102682,0.071238,0.095844,0.084246,0.103438,0.090087
0.106004,0.108187,0.072839,0.071947,0.096536,0.118441,0.066248,0.123207,0.122345,0.114245
0.044380,0.007488,0.092913,0.150749,0.128007,0.039715,0.134045,0.211042,0.131376,0.060287
0.033351,0.141489,0.016019,0.027081,0.188884,0.006099,0.146806,0.164463,0.140961,0.134849
0.014974,0.074695,0.094626,0.135080,0.158347,0.032875,0.172752,0.215991,0.019456,0.081204
0.127235,0.068895,0.019520,0.026681,0.165719,0.124713,0.082127,0.092602,0.114892,0.177613
0.099078,0.129598,0.006672,0.142152,0.108415,0.155878,0.019579,0.176561,0.068518,0.093549
0.075490,0.103942,0.136884,0.075661,0.091360,0.080440,0.087798,0.125946,0.116877,0.105603
0.042053,0.112020,0.029112,0.064794,0.074789,0.108707,0.205597,0.093690,0.064389,0.204849
0.096465,0.108552,0.074119,0.081656,0.078449,0.075601,0.077841,0.196375,0.105542,0.105399
0.136640,0.085899,0.141960,0.074783,0.116678,0.002814,0.251950,0.095817,0.041830,0.051629
0.083185,0.099727,0.006417,0.132196,0.085029,0.121623,0.065341,0.282093,0.096760,0.027629
0.071355,0.053228,0.207051,0.176246,0.039883,0.015343,0.081412,0.185645,0.120402,0.049436
0.014033,0.002317,0.160226,0.142861,0.131285,0.008014,0.070345,0.159876,0.126718,0.184324
0.183011,0.157681,0.080879,0.048720,0.102185,0.058749,0.018569,0.139271,0.092847,0.118088
0.070212,0.150422,0.080465,0.070586,0.107726,0.083796,0.072573,0.163568,0.114220,0.086433
0.108688,0.116223,0.136605,0.110978,0.093486,0.088204,0.094257,0.084300,0.091316,0.075943
0.139641,0.153473,0.070897,0.091845,0.073517,0.021961,0.027392,0.255841,0.097896,0.067537
0.010245,0.001991,0.076872,0.106359,0.189050,0.168057,0.080008,0.120451,0.032458,0.214510
0.123416,0.023174,0.002778,0.162700,0.108839,0.108693,0.089246,0.101526,0.056806,0.222822
0.099006,0.113430,0.078825,0.070875,0.087509,0.095722,0.075270,0.173921,0.105076,0.100368
0.144554,0.025868,0.094991,0.145032,0.146330,0.045648,0.061418,0.130265,0.041990,0.163904
0.106405,0.002469,0.138027,0.092058,0.155500,0.136066,0.086304,0.117852,0.007791,0.157526
0.111338,0.117189,0.143850,0.109084,0.076414,0.097683,0.083833,0.087064,0.093414,0.080131
0.057755,0.046983,0.088414,0.078724,0.206205,0.037056,0.279845,0.138626,0.026075,0.040316
0.222097,0.019008,0.096046,0.039621,0.054903,0.064515,0.112842,0.181277,0.140597,0.069095
0.042909,0.005340,0.154552,0.159526,0.077460,0.099062,0.082558,0.180806,0.181865,0.015923
0.131366,0.146845,0.031194,0.118156,0.055144,0.172797,0.026209,0.077055,0.158104,0.083131
0.107373,0.014997,0.133132,0.148867,0.047334,0.000755,0.034889,0.218016,0.107092,0.187544
0.002971,0.040622,0.074822,0.140195,0.064891,0.309063,0.055915,0.141210,0.136701,0.033609
0.116873,0.180827,0.074521,0.192157,0.067017,0.004657,0.082894,0.037030,0.065470,0.178554
0.204155,0.044420,0.045826,0.106177,0.117467,0.046636,0.034542,0.242829,0.127911,0.030037
0.078722,0.003975,0.164472,0.131230,0.075267,0.075156,0.082142,0.071189,0.109472,0.208375
0.222600,0.067343,0.067443,0.085808,0.295108,0.027764,0.054071,0.029771,0.032699,0.117394
0.092315,0.056199,0.061752,0.009512,0.072058,0.127109,0.090763,0.213728,0.092920,0.183644
0.024205,0.044810,0.184022,0.106815,0.133420,0.052178,0.127888,0.014568,0.180108,0.131986
0.078021,0.111608,0.118930,0.123863,0.082664,0.106208,0.113062,0.081116,0.090227,0.094300
0.084374,0.119439,0.100402,0.117597,0.091534,0.112208,0.074949,0.099496,0.092449,0.107552
0.088229,0.013972,0.222106,0.122155,0.073245,0.000792,0.050851,0.145812,0.096733,0.186104
0.161506,0.168661,0.074526,0.058108,0.240154,0.007810,0.033049,0.100802,0.111044,0.044341
0.137243,0.018077,0.079526,0.191876,0.148684,0.104082,0.120292,0.026681,0.140873,0.032665
0.069848,0.092647,0.181843,0.030123,0.120181,0.053412,0.168280,0.156740,0.070774,0.056152
0.116464,0.155430,0.004896,0.123777,0.125355,0.227116,0.052209,0.136438,0.038209,0.020107
0.109851,0.004098,0.095937,0.205704,0.137772,0.000790,0.042406,0.146267,0.110612,0.146563
0.086593,0.048350,0.188423,0.114617,0.043974,0.165521,0.046275,0.195712,0.013245,0.097289
0.094472,0.010499,0.132377,0.095172,0.147540,0.146371,0.090347,0.094762,0.030757,0.157703
0.128227,0.023241,0.128247,0.093487,0.029437,0.179853,0.014593,0.247079,0.142748,0.013089
0.182370,0.065470,0.135737,0.093882,0.113114,0.021946,0.030636,0.191073,0.087567,0.078205
0.136529,0.004488,0.152050,0.177359,0.011759,0.095418,0.063926,0.193912,0.120498,0.044061
0.112611,0.092805,0.105000,0.120045,0.067081,0.118494,0.112768,0.079443,0.120113,0.071640
0.108606,0.056118,0.001277,0.178702,0.125782,0.144592,0.025789,0.055913,0.111277,0.191943
0.131055,0.119300,0.079421,0.073058,0.099481,0.071325,0.076467,0.161021,0.110898,0.077976
0.056563,0.031614,0.229905,0.077964,0.056990,0.128134,0.128428,0.006717,0.107574,0.176111
0.001610,0.058653,0.101772,0.125493,0.130006,0.060882,0.128029,0.162957,0.031453,0.199145
0.069661,0.105658,0.063795,0.185527,0.125188,0.020414,0.133353,0.129968,0.011487,0.154950
0.101048,0.100438,0.079731,0.078025,0.093893,0.102149,0.071929,0.185619,0.104916,0.082252
0.097079,0.118270,0.072914,0.084905,0.075262,0.120421,0.085909,0.142882,0.116202,0.086156
0.178409,0.035636,0.107675,0.113451,0.150444,0.021607,0.033310,0.218850,0.032641,0.107976
0.214681,0.119565,0.033661,0.072424,0.099200,0.112051,0.080568,0.158211,0.067105,0.042533
0.030867,0.043811,0.238182,0.130558,0.069181,0.067579,0.064583,0.185341,0.048132,0.121767
0.119978,0.111215,0.076979,0.078306,0.116874,0.066023,0.116422,0.096738,0.128694,0.088773
0.154488,0.134507,0.068335,0.098516,0.159376,0.035386,0.078866,0.123442,0.099650,0.047434
0.006620,0.057957,0.070456,0.103552,0.138278,0.123283,0.031673,0.168074,0.096187,0.203921
0.092530,0.036582,0.159111,0.092053,0.139373,0.031657,0.032435,0.090393,0.217193,0.108672
0.112602,0.012941,0.124423,0.099045,0.178743,0.055961,0.082176,0.181663,0.139717,0.012730
0.119625,0.015130,0.112200,0.139176,0.163253,0.023202,0.038424,0.214512,0.049251,0.125228
0.164729,0.008572,0.003460,0.091655,0.104824,0.177826,0.184993,0.177895,0.073971,0.012076
0.234177,0.037233,0.062521,0.037977,0.288891,0.003162,0.035571,0.161092,0.087321,0.052055
0.010602,0.207892,0.117531,0.111004,0.094074,0.033516,0.058010,0.091475,0.176624,0.099272
0.137829,0.022783,0.078480,0.027525,0.283479,0.021624,0.031699,0.177256,0.097391,0.121935
0.090906,0.115560,0.097783,0.121416,0.096445,0.069159,0.090459,0.097587,0.106774,0.113911
0.086565,0.023725,0.135609,0.044226,0.062752,0.077836,0.052076,0.287374,0.059841,0.169994
0.115295,0.011350,0.039504,0.177930,0.157319,0.052744,0.052063,0.111447,0.126516,0.155832
0.145723,0.021783,0.004566,0.091347,0.106908,0.078673,0.038078,0.225630,0.171245,0.116046
0.067261,0.147362,0.094056,0.133982,0.072678,0.143371,0.066374,0.083928,0.108006,0.082981
0.090283,0.058239,0.018231,0.111399,0.257837,0.063988,0.032510,0.225655,0.034330,0.107528
0.083753,0.021205,0.087739,0.118657,0.129942,0.214784,0.024463,0.149023,0.012811,0.157623
0.099194,0.049082,0.117874,0.135195,0.070910,0.049709,0.178154,0.132916,0.130261,0.036704
0.122582,0.106033,0.148488,0.114992,0.077855,0.073195,0.076644,0.080563,0.116464,0.083185
0.097479,0.105693,0.099276,0.123639,0.084633,0.106911,0.087798,0.092553,0.119827,0.082192
0.076239,0.015436,0.018039,0.131369,0.043718,0.042077,0.156079,0.133165,0.209248,0.174631
0.090324,0.107160,0.091539,0.127453,0.089279,0.108643,0.116362,0.084795,0.067868,0.116576
0.204377,0.038952,0.157068,0.110416,0.096865,0.026015,0.211168,0.101536,0.025369,0.028235
0.177353,0.048985,0.091780,0.063453,0.076901,0.049981,0.077071,0.292562,0.065458,0.056458
0.045202,0.015767,0.101089,0.058434,0.119499,0.236015,0.036339,0.283697,0.034444,0.069515
0.110595,0.010382,0.069217,0.082155,0.170481,0.050093,0.070209,0.167210,0.068083,0.201575
0.075081,0.109893,0.096304,0.123221,0.106853,0.104691,0.105302,0.084560,0.114246,0.079849
0.080568,0.113176,0.143796,0.123869,0.087289,0.078134,0.079015,0.106180,0.098559,0.089413
0.125683,0.007445,0.122393,0.146540,0.107971,0.016981,0.051004,0.168263,0.081735,0.171985
0.115800,0.013868,0.067492,0.107857,0.182682,0.035673,0.072714,0.104120,0.137166,0.162629
0.093414,0.114922,0.074744,0.099670,0.074181,0.075766,0.084345,0.159316,0.116085,0.107557
0.103229,0.077084,0.124283,0.125107,0.075436,0.101021,0.107897,0.098422,0.096732,0.090789
0.096169,0.078343,0.106798,0.081614,0.095824,0.073210,0.084163,0.200484,0.103357,0.080039
0.055716,0.050925,0.075145,0.094256,0.274190,0.119122,0.080004,0.017038,0.027648,0.205955
0.224980,0.190500,0.033692,0.046844,0.087942,0.005216,0.047600,0.198920,0.109500,0.054806
0.123041,0.004094,0.155994,0.136927,0.012771,0.091830,0.056525,0.215745,0.013120,0.189955
0.116371,0.009143,0.002781,0.129996,0.174326,0.186321,0.062694,0.077890,0.061324,0.179154
0.053284,0.040968,0.144497,0.134546,0.137961,0.002234,0.209454,0.101600,0.054749,0.120707
0.079282,0.013935,0.158606,0.143751,0.046893,0.002913,0.165191,0.153892,0.127726,0.107811
0.100140,0.011381,0.145448,0.076138,0.174478,0.054058,0.021146,0.208281,0.182848,0.026084
0.124463,0.121366,0.064160,0.025869,0.122749,0.023534,0.025494,0.202452,0.202894,0.087018
0.086637,0.028383,0.068196,0.106507,0.260236,0.085940,0.064739,0.109084,0.019205,0.171073
0.015202,0.024570,0.142527,0.182544,0.143945,0.012237,0.067738,0.173913,0.049948,0.187375
0.100557,0.107608,0.074543,0.084137,0.084985,0.106279,0.073857,0.156804,0.118418,0.092812
0.027187,0.144855,0.054444,0.087232,0.033869,0.158039,0.073610,0.210538,0.153249,0.056977
0.152914,0.009241,0.084264,0.160981,0.110120,0.208202,0.045670,0.141367,0.016307,0.070935
0.115712,0.008840,0.097223,0.138023,0.113055,0.077074,0.071177,0.076006,0.123648,0.179240
0.096992,0.101265,0.098078,0.121148,0.090893,0.104324,0.101924,0.074617,0.104382,0.106377
0.184388,0.045706,0.101712,0.099314,0.228263,0.050318,0.049773,0.110391,0.095003,0.035133
0.070877,0.014607,0.070754,0.155913,0.157025,0.054033,0.084202,0.285354,0.024449,0.082785
0.272286,0.053718,0.027832,0.111694,0.093122,0.003512,0.043987,0.244274,0.080413,0.069164
0.337280,0.042939,0.019939,0.072555,0.161437,0.076919,0.050627,0.052615,0.122011,0.063678
0.157602,0.028320,0.039859,0.037836,0.049562,0.002645,0.081835,0.205706,0.217582,0.179052
0.078645,0.118529,0.099561,0.129576,0.107731,0.084213,0.120814,0.080287,0.097316,0.083327
0.093277,0.045677,0.144205,0.098263,0.148665,0.017999,0.075798,0.187281,0.015387,0.173447
0.238472,0.027679,0.046666,0.065758,0.114527,0.053358,0.231621,0.050491,0.104006,0.067422
0.085175,0.081960,0.093813,0.127936,0.108687,0.106071,0.102102,0.095974,0.086452,0.111831
0.084442,0.107854,0.127311,0.127113,0.074697,0.109998,0.086879,0.095905,0.082080,0.103720
0.095435,0.121214,0.115855,0.131253,0.069098,0.073546,0.118330,0.118924,0.079344,0.077001
0.068582,0.105976,0.074468,0.086815,0.087645,0.109303,0.095986,0.174949,0.114659,0.081617
0.100406,0.084828,0.135552,0.118218,0.111077,0.079226,0.113690,0.089494,0.082247,0.085262
0.209689,0.055018,0.045990,0.083777,0.070752,0.083675,0.186787,0.129329,0.073223,0.061760
0.216826,0.017643,0.120638,0.117473,0.175601,0.042902,0.086628,0.150469,0.045371,0.026448
0.067156,0.111634,0.076676,0.113582,0.105355,0.115013,0.073021,0.130979,0.125414,0.081170
0.066773,0.116145,0.127476,0.101219,0.133766,0.153189,0.048475,0.206157,0.027352,0.019447
0.101814,0.131255,0.102983,0.129394,0.097639,0.068948,0.102080,0.103462,0.076350,0.086074
0.271586,0.168189,0.024261,0.138201,0.129749,0.003644,0.032777,0.126417,0.040125,0.065051
0.178695,0.036309,0.085627,0.030686,0.269251,0.035566,0.051026,0.161800,0.043832,0.107208
0.050411,0.018638,0.143611,0.148239,0.020664,0.176095,0.040873,0.226131,0.054005,0.121333
0.076646,0.102049,0.081469,0.085770,0.109715,0.074643,0.099706,0.170785,0.113843,0.085374
0.032885,0.086167,0.113310,0.011150,0.195438,0.069570,0.176532,0.082051,0.094129,0.138767
0.069950,0.156038,0.142006,0.074135,0.110512,0.073924,0.057363,0.099465,0.117367,0.099241
0.098015,0.013068,0.133624,0.137359,0.056068,0.002200,0.197040,0.175517,0.018747,0.168363
0.079714,0.126142,0.106171,0.133137,0.111752,0.082482,0.078761,0.109962,0.080261,0.091616
0.079624,0.121591,0.155880,0.117458,0.082766,0.100151,0.087032,0.093275,0.085782,0.076442
0.144827,0.197072,0.113280,0.080773,0.061895,0.023148,0.048825,0.098441,0.155325,0.076413
0.059275,0.064085,0.132717,0.131106,0.080493,0.018340,0.064812,0.195046,0.071157,0.182970
0.098590,0.143967,0.123601,0.027814,0.107612,0.046992,0.088581,0.179777,0.026775,0.156290
0.098580,0.012920,0.097390,0.012361,0.128928,0.050477,0.057241,0.253366,0.094372,0.194365
0.103129,0.127321,0.081051,0.087406,0.110569,0.073184,0.070833,0.140393,0.120505,0.085608
0.124194,0.063621,0.069454,0.057031,0.163734,0.019445,0.059707,0.175885,0.230312,0.036618
0.095407,0.105153,0.075399,0.079115,0.075260,0.082265,0.102279,0.199040,0.110399,0.075683
0.084826,0.085946,0.053252,0.031666,0.153652,0.070018,0.246837,0.183861,0.026854,0.063086
0.121864,0.010804,0.149459,0.156817,0.011046,0.058476,0.039084,0.154403,0.115367,0.182681
0.063484,0.092380,0.062078,0.110215,0.053824,0.211813,0.185590,0.168670,0.027786,0.024161
0.098403,0.016122,0.015358,0.133910,0.157201,0.042103,0.053637,0.201252,0.172341,0.109672
0.116805,0.032634,0.093033,0.169411,0.159087,0.142373,0.093935,0.026261,0.041595,0.124865
0.048707,0.028494,0.242514,0.116056,0.176194,0.075834,0.062345,0.150974,0.006477,0.092405
0.066236,0.136671,0.073373,0.080266,0.097810,0.129909,0.072533,0.128220,0.114635,0.100348
0.054184,0.036557,0.019843,0.042340,0.168025,0.204925,0.025410,0.235601,0.086060,0.127055
0.112159,0.069969,0.146689,0.081847,0.165927,0.047016,0.059032,0.148681,0.035021,0.133659
0.085802,0.028988,0.081719,0.173974,0.120670,0.049734,0.060222,0.225445,0.117265,0.056181
0.105003,0.118544,0.091269,0.124431,0.084868,0.088164,0.108990,0.087585,0.074474,0.116671
0.059127,0.054016,0.038667,0.129352,0.105078,0.002867,0.247748,0.248051,0.040053,0.075040
0.094548,0.026544,0.004517,0.131266,0.030747,0.048470,0.252919,0.228577,0.053441,0.128970
0.079159,0.115699,0.124101,0.077643,0.129284,0.181367,0.028280,0.169077,0.056404,0.038986
0.095509,0.096338,0.070178,0.076115,0.084841,0.093792,0.092204,0.207962,0.099682,0.083378
0.089903,0.124670,0.117768,0.075599,0.098475,0.067626,0.106988,0.121428,0.115018,0.082526
0.087037,0.104289,0.069965,0.074793,0.101471,0.080297,0.090304,0.213997,0.095579,0.082269
0.099283,0.065948,0.086591,0.134935,0.134723,0.038149,0.098050,0.239488,0.010665,0.092168
0.100576,0.027106,0.247008,0.142954,0.030567,0.133027,0.065639,0.017014,0.039075,0.197036
0.187553,0.174617,0.089651,0.039573,0.068531,0.063899,0.025770,0.172154,0.147289,0.030961
0.145942,0.025925,0.004181,0.127706,0.184650,0.107015,0.066463,0.015376,0.134780,0.187963
0.077415,0.114828,0.081459,0.089598,0.105197,0.074269,0.112595,0.132041,0.121833,0.090766
0.097149,0.121110,0.106465,0.125862,0.101729,0.076261,0.075951,0.103225,0.075534,0.116714
0.033891,0.013807,0.113316,0.103424,0.134229,0.169127,0.188438,0.034211,0.099593,0.109963
0.092847,0.103231,0.119447,0.127107,0.086810,0.108187,0.080362,0.095694,0.100789,0.085524
0.146449,0.064930,0.109297,0.100306,0.119299,0.019256,0.056870,0.242307,0.040396,0.100888
0.048076,0.035104,0.111165,0.141794,0.084726,0.032959,0.091426,0.171482,0.143498,0.139771
0.092843,0.099661,0.153524,0.113247,0.088875,0.100966,0.080792,0.076189,0.108194,0.085709
0.098796,0.067830,0.060575,0.183724,0.158768,0.045623,0.022184,0.164895,0.052116,0.145489
0.094791,0.077207,0.073918,0.080872,0.099946,0.113021,0.086319,0.181263,0.110459,0.082203
0.092855,0.112108,0.120869,0.126057,0.069361,0.103809,0.113898,0.096319,0.081872,0.082853
0.097330,0.036517,0.114397,0.105471,0.047291,0.052817,0.040427,0.192512,0.100572,0.212667
0.207119,0.077562,0.077042,0.147721,0.111597,0.020286,0.079095,0.070085,0.082112,0.127381
0.006395,0.094855,0.099022,0.113603,0.068463,0.117219,0.193880,0.207429,0.038938,0.060197
0.101635,0.111397,0.139172,0.079695,0.079491,0.083651,0.066661,0.122242,0.111917,0.104140
0.077799,0.144497,0.045669,0.147844,0.082627,0.055073,0.081427,0.084390,0.194589,0.086085
0.113494,0.107027,0.105601,0.124724,0.094847,0.123191,0.070955,0.081265,0.091730,0.087166
0.076450,0.112483,0.074965,0.082114,0.107312,0.102716,0.088212,0.169061,0.111125,0.075564
0.097040,0.144469,0.006621,0.054150,0.048191,0.119562,0.150549,0.054839,0.172497,0.152081
0.100010,0.084265,0.111471,0.121221,0.097051,0.113598,0.072971,0.090207,0.094773,0.114432
0.074293,0.133614,0.073820,0.084220,0.106758,0.061866,0.099811,0.131143,0.117313,0.117161
0.038799,0.010839,0.102824,0.121839,0.208979,0.027340,0.075322,0.148278,0.056634,0.209146
0.124456,0.073672,0.042678,0.140044,0.033807,0.106490,0.085840,0.146152,0.126926,0.119936
0.075216,0.118253,0.149333,0.033726,0.134832,0.064344,0.228829,0.075444,0.028628,0.091395
0.060696,0.118656,0.199225,0.082244,0.232438,0.030215,0.078889,0.058267,0.082920,0.056449
0.098229,0.100141,0.079467,0.078968,0.108901,0.086476,0.073509,0.187093,0.109414,0.077803
0.043018,0.144467,0.022134,0.094633,0.176108,0.003080,0.134090,0.173493,0.022615,0.186362
0.096134,0.103399,0.177297,0.109224,0.090159,0.087513,0.080134,0.084004,0.097534,0.074601
0.089275,0.102425,0.079361,0.076758,0.099243,0.094255,0.080666,0.190393,0.103549,0.084076
0.232384,0.095945,0.031055,0.172556,0.105150,0.043879,0.047958,0.066697,0.124246,0.080130
0.069173,0.073566,0.127616,0.086899,0.077713,0.072268,0.115828,0.145043,0.122980,0.108914
0.049210,0.162065,0.121851,0.083826,0.028175,0.012200,0.133895,0.168883,0.220738,0.019156
0.103936,0.108960,0.096756,0.068913,0.096710,0.106612,0.085934,0.149878,0.101316,0.080985
0.089408,0.149562,0.103446,0.110331,0.174007,0.054848,0.043860,0.107973,0.099603,0.066963
0.108871,0.035350,0.073317,0.130315,0.040902,0.151105,0.156750,0.038522,0.101411,0.163458
0.067462,0.109424,0.071233,0.094405,0.071987,0.123933,0.095615,0.150903,0.113484,0.101554
0.069099,0.062818,0.086749,0.053398,0.106888,0.038924,0.165159,0.243885,0.071382,0.101698
0.110264,0.009058,0.003574,0.209557,0.136287,0.089385,0.072959,0.248588,0.104581,0.015747
0.066844,0.079133,0.148694,0.061327,0.154202,0.116330,0.127002,0.166258,0.015424,0.064787
0.175066,0.054223,0.105919,0.027040,0.184355,0.130823,0.034403,0.162144,0.038943,0.087084
0.080253,0.004414,0.067641,0.008050,0.121786,0.132143,0.091667,0.200738,0.124883,0.168425
0.071153,0.045306,0.077570,0.095120,0.167116,0.002416,0.048318,0.171801,0.071810,0.249390
0.086964,0.054748,0.111132,0.173183,0.140873,0.028612,0.046793,0.248263,0.028699,0.080734
0.112602,0.084445,0.117443,0.108940,0.061817,0.164566,0.081462,0.004728,0.109025,0.154972
0.034164,0.163780,0.051550,0.076517,0.051206,0.081355,0.122484,0.013696,0.313601,0.091648
0.104753,0.121619,0.075902,0.096826,0.100378,0.074865,0.086045,0.145793,0.109804,0.084015
0.086435,0.001662,0.143150,0.146907,0.158489,0.078453,0.013931,0.080286,0.097051,0.193638
0.114368,0.012510,0.118772,0.123432,0.122735,0.096637,0.063443,0.016537,0.112070,0.219496
0.223927,0.041972,0.023747,0.093801,0.234518,0.064302,0.037760,0.108948,0.037843,0.133181
0.065788,0.014495,0.109848,0.163214,0.137533,0.003070,0.059976,0.293435,0.122478,0.030163
0.102917,0.136636,0.033210,0.095646,0.110540,0.219807,0.150091,0.040174,0.068989,0.041989
0.089741,0.062724,0.240838,0.104779,0.036510,0.051896,0.036057,0.206665,0.011748,0.159042
0.108425,0.114825,0.127861,0.124982,0.081770,0.109157,0.077072,0.092032,0.076479,0.087399
0.063274,0.065325,0.133269,0.140468,0.071713,0.218444,0.073512,0.096779,0.121492,0.015724
0.061900,0.024635,0.082861,0.105852,0.130103,0.039614,0.223080,0.210077,0.033962,0.087917
0.007999,0.074865,0.080345,0.170012,0.185468,0.059736,0.015719,0.074138,0.143256,0.188462
0.097780,0.011467,0.139412,0.138862,0.143872,0.140145,0.024900,0.012295,0.101950,0.189318
0.009155,0.010697,0.172592,0.113522,0.068212,0.016619,0.085378,0.197407,0.132091,0.194329
0.060176,0.032008,0.144280,0.149010,0.193605,0.169336,0.023235,0.070875,0.059594,0.097881
0.165926,0.021696,0.079351,0.112807,0.032711,0.206992,0.021429,0.190302,0.021821,0.146966
0.172230,0.041439,0.123372,0.087855,0.160975,0.070440,0.034012,0.210571,0.042082,0.057023
0.117348,0.098910,0.079588,0.149402,0.068580,0.123756,0.026253,0.052337,0.135109,0.148717
0.109799,0.031347,0.015627,0.022115,0.231537,0.052524,0.060717,0.295930,0.038518,0.141886
0.058455,0.059172,0.132790,0.176876,0.050903,0.107523,0.080356,0.176796,0.057032,0.100098
0.221058,0.129853,0.051803,0.073579,0.101586,0.032577,0.045317,0.050277,0.241603,0.052346
0.070296,0.087216,0.110270,0.171747,0.119048,0.163500,0.012164,0.082990,0.113159,0.069612
0.103164,0.108671,0.139111,0.118664,0.081959,0.105387,0.073648,0.084884,0.088451,0.096062
0.075469,0.009426,0.116833,0.113828,0.216698,0.040726,0.019427,0.209519,0.025488,0.172585
0.098354,0.126194,0.178979,0.179418,0.094416,0.033710,0.040448,0.122178,0.013846,0.112457
0.047386,0.016863,0.053117,0.169390,0.097450,0.113746,0.118694,0.216663,0.035259,0.131432
0.084379,0.003220,0.203787,0.070460,0.068479,0.136586,0.049500,0.161289,0.089719,0.132582
0.014301,0.034675,0.096806,0.141140,0.073328,0.125602,0.063398,0.246226,0.019548,0.184975
0.027974,0.077797,0.002115,0.157681,0.179366,0.016198,0.045067,0.178748,0.136757,0.178298
0.146288,0.088295,0.074160,0.053296,0.071725,0.171868,0.023815,0.153131,0.052987,0.164434
0.082794,0.219204,0.020477,0.106363,0.112986,0.203350,0.025459,0.043388,0.047969,0.138010
0.042027,0.042072,0.108412,0.170883,0.137408,0.034821,0.051591,0.117063,0.091306,0.204416
0.131099,0.025504,0.141229,0.116090,0.031096,0.069311,0.061091,0.202177,0.056831,0.165572
0.204018,0.027367,0.014728,0.092433,0.163041,0.002876,0.029047,0.122274,0.270297,0.073919
0.100874,0.027930,0.124134,0.217625,0.135738,0.061596,0.083366,0.167245,0.054875,0.026616
0.064491,0.109181,0.100092,0.127077,0.091249,0.066521,0.115230,0.098165,0.113331,0.114664
0.099791,0.088674,0.123846,0.117662,0.050756,0.069684,0.035312,0.117523,0.259956,0.036796
0.043379,0.085775,0.066664,0.135037,0.062182,0.101803,0.023268,0.158474,0.105664,0.217753
0.152969,0.031845,0.026383,0.044180,0.089981,0.116535,0.067505,0.130843,0.086702,0.253059
0.089446,0.114839,0.099132,0.128955,0.078659,0.067057,0.113137,0.078140,0.121152,0.109483
0.087530,0.073507,0.109511,0.094686,0.098248,0.084377,0.100818,0.136689,0.112533,0.102102
0.100639,0.118150,0.071791,0.078168,0.101366,0.111940,0.072702,0.119864,0.120310,0.105069
0.077835,0.123236,0.129685,0.118250,0.080340,0.111805,0.097219,0.092092,0.094217,0.075322
0.066648,0.035573,0.020654,0.115633,0.164487,0.072356,0.035121,0.139482,0.224863,0.125182
0.085555,0.127990,0.085203,0.130097,0.098432,0.074652,0.093094,0.102640,0.079749,0.122588
0.056931,0.093932,0.003477,0.113563,0.176677,0.094692,0.058728,0.231954,0.149907,0.020138
0.066966,0.035021,0.131759,0.057321,0.157841,0.002372,0.041543,0.300864,0.042380,0.163933
0.087654,0.108498,0.151000,0.114011,0.080858,0.075111,0.102286,0.080029,0.099727,0.100825
0.021046,0.101041,0.006808,0.212598,0.101973,0.133885,0.085705,0.097874,0.086221,0.152849
0.085934,0.041952,0.077312,0.011944,0.149726,0.165819,0.051534,0.239490,0.094177,0.082111
0.090081,0.104497,0.128130,0.116095,0.078797,0.100019,0.100278,0.097907,0.107198,0.076998
0.175008,0.069460,0.008205,0.137935,0.160582,0.047053,0.065506,0.162415,0.022868,0.150969
0.094547,0.032532,0.065812,0.096004,0.125415,0.049868,0.060964,0.271485,0.037686,0.165686
0.085468,0.052158,0.009017,0.121120,0.262585,0.062951,0.070429,0.152138,0.144376,0.039759
0.063713,0.015914,0.172068,0.029575,0.085453,0.030202,0.168837,0.174184,0.122549,0.137505
0.188604,0.024916,0.095539,0.025833,0.049644,0.070155,0.196309,0.019424,0.107139,0.222436
0.069618,0.127075,0.079233,0.074203,0.077305,0.087791,0.109337,0.144529,0.122709,0.108198
0.197294,0.047179,0.021167,0.074601,0.100871,0.101761,0.048803,0.289894,0.081070,0.037360
0.076860,0.110427,0.117098,0.084076,0.079895,0.072935,0.083754,0.177321,0.110635,0.087000
0.159180,0.130327,0.096370,0.105948,0.086653,0.038202,0.208976,0.127517,0.019975,0.026851
0.027805,0.110596,0.040569,0.059369,0.170532,0.099037,0.163318,0.179156,0.077713,0.071905
0.120928,0.008759,0.102328,0.161857,0.126697,0.029061,0.063010,0.216069,0.021862,0.149428
0.102217,0.124437,0.077272,0.086821,0.088169,0.068822,0.086517,0.182372,0.108313,0.075060
0.175492,0.203319,0.131244,0.047909,0.124918,0.079782,0.058160,0.095939,0.027816,0.055421
0.113611,0.112359,0.103476,0.122737,0.080985,0.105947,0.089862,0.074768,0.085947,0.110309
0.039409,0.020664,0.166745,0.185497,0.125526,0.135176,0.111864,0.058219,0.023969,0.132933
0.077205,0.113391,0.078091,0.080509,0.084485,0.074823,0.102641,0.195108,0.112276,0.081471
0.231581,0.078073,0.133209,0.063885,0.076764,0.051096,0.034296,0.196308,0.081430,0.053358
0.071868,0.004845,0.063187,0.149294,0.012603,0.076679,0.137128,0.162797,0.143733,0.177866
0.100054,0.078733,0.081141,0.080793,0.085136,0.075687,0.105811,0.204720,0.105099,0.082826
0.077646,0.136421,0.100843,0.123902,0.101894,0.107749,0.106778,0.084742,0.076202,0.083823
0.112869,0.017705,0.137715,0.188070,0.110106,0.105696,0.083184,0.021855,0.125198,0.097602
0.057516,0.043579,0.078035,0.076539,0.203124,0.036255,0.190701,0.125327,0.155525,0.033399
0.096007,0.100950,0.072037,0.075785,0.083452,0.073615,0.082781,0.238048,0.096807,0.080519
0.104157,0.020488,0.009818,0.099879,0.137139,0.082483,0.208731,0.218562,0.010960,0.107784
0.099717,0.111573,0.075300,0.071453,0.080079,0.102598,0.071609,0.178051,0.104424,0.105196
0.095243,0.054719,0.145003,0.163232,0.016137,0.019681,0.198805,0.108286,0.123902,0.074991
0.123181,0.041313,0.023445,0.030603,0.137997,0.074688,0.100452,0.201497,0.146045,0.120779
0.170934,0.211470,0.021717,0.035839,0.060885,0.049997,0.192153,0.090791,0.111263,0.054952
0.065785,0.118329,0.093199,0.138382,0.092255,0.071212,0.126017,0.105835,0.096467,0.092518
0.124068,0.106100,0.101799,0.135086,0.064266,0.021171,0.071384,0.038689,0.136571,0.200867
0.069197,0.104881,0.113710,0.130854,0.082496,0.073767,0.120639,0.085235,0.092115,0.127106
