0.141182,0.368666,0.007985,0.003619,0.026232,0.125377,0.004188,0.025252,0.163232,0.134267
0.291743,0.252828,0.010822,0.071534,0.043299,0.123457,0.085072,0.072571,0.024611,0.024064
0.127068,0.326741,0.002486,0.005150,0.006235,0.226312,0.057739,0.003139,0.242968,0.002164
0.263767,0.148945,0.011382,0.020182,0.409104,0.015496,0.004989,0.085352,0.015729,0.025054
0.216042,0.216640,0.010313,0.017327,0.014860,0.160590,0.215736,0.058321,0.060307,0.029864
0.014976,0.351527,0.015851,0.019549,0.064598,0.106457,0.116810,0.118295,0.166184,0.025754
0.006548,0.431287,0.194043,0.001239,0.008709,0.150775,0.004233,0.026101,0.169324,0.007741
0.143710,0.184423,0.022741,0.038364,0.147661,0.129945,0.113585,0.138033,0.037281,0.044256
0.177487,0.271649,0.009345,0.015200,0.238561,0.128975,0.010376,0.024888,0.098649,0.024871
0.025357,0.678468,0.001187,0.000928,0.005480,0.001928,0.000706,0.002511,0.275234,0.008201
0.123526,0.206756,0.001874,0.405345,0.014021,0.090082,0.148870,0.002125,0.004762,0.002638
0.043312,0.173184,0.200150,0.177070,0.087896,0.174363,0.096978,0.027283,0.010045,0.009719
0.205279,0.003480,0.003418,0.508360,0.001639,0.134631,0.001121,0.013675,0.118918,0.009478
0.061005,0.010052,0.030461,0.006975,0.203730,0.268279,0.008056,0.356191,0.021777,0.033473
0.019501,0.011493,0.030890,0.026007,0.031345,0.355821,0.008253,0.444226,0.026921,0.045542
0.031614,0.001878,0.439131,0.011829,0.015409,0.011687,0.125449,0.004201,0.353900,0.004903
0.106752,0.273110,0.010367,0.082939,0.032766,0.019789,0.003385,0.166423,0.276033,0.028436
0.072143,0.307770,0.165126,0.078077,0.027247,0.119208,0.012079,0.027724,0.016676,0.173953
0.016093,0.124370,0.001515,0.488741,0.026691,0.001762,0.152234,0.041890,0.002123,0.144582
0.007616,0.003787,0.001771,0.567710,0.001589,0.095724,0.003925,0.255053,0.061490,0.001336
0.142861,0.117660,0.019941,0.047549,0.193684,0.139044,0.169175,0.057108,0.019412,0.093565
0.074599,0.416520,0.000617,0.004850,0.045231,0.136843,0.000533,0.002193,0.176661,0.141952
0.199088,0.284730,0.009787,0.021476,0.181169,0.117191,0.027845,0.022892,0.110351,0.025471
0.018681,0.274961,0.146873,0.019925,0.044332,0.097419,0.060285,0.055863,0.124314,0.157348
0.005713,0.424124,0.250352,0.012424,0.021964,0.004286,0.007400,0.042877,0.006169,0.224690
0.064008,0.185674,0.158585,0.125250,0.018182,0.209827,0.120509,0.088421,0.014445,0.015099
0.271620,0.170674,0.024051,0.018178,0.121718,0.067007,0.095990,0.035754,0.082975,0.112032
0.119870,0.424971,0.007287,0.001927,0.009850,0.148837,0.060272,0.002690,0.220940,0.003356
0.355733,0.179632,0.107079,0.035721,0.057870,0.085787,0.012632,0.069010,0.036367,0.060169
0.008038,0.325451,0.021206,0.041691,0.031043,0.007733,0.175379,0.344400,0.010098,0.034961
0.031650,0.000684,0.001297,0.002080,0.004170,0.899099,0.000849,0.001148,0.055846,0.003178
0.000942,0.193253,0.002528,0.417407,0.040105,0.101509,0.158582,0.004042,0.076473,0.005160
0.034652,0.417269,0.135231,0.018177,0.044095,0.119744,0.046531,0.029674,0.013898,0.140729
0.170496,0.197713,0.018118,0.064179,0.108096,0.113152,0.123165,0.125500,0.032430,0.047151
0.020847,0.143091,0.148521,0.034857,0.255699,0.057166,0.091812,0.055558,0.155132,0.037318
0.007902,0.006514,0.237857,0.025703,0.132220,0.240254,0.269542,0.028401,0.010923,0.040684
0.005804,0.204147,0.015028,0.011908,0.182846,0.174634,0.181946,0.014993,0.191021,0.017673
0.388391,0.188585,0.012040,0.004366,0.029370,0.102535,0.181986,0.037313,0.020653,0.034760
0.001497,0.210800,0.001932,0.525264,0.001577,0.015615,0.166499,0.043374,0.027314,0.006128
0.088116,0.245604,0.023505,0.026772,0.027239,0.124865,0.101371,0.052892,0.190991,0.118645
0.055631,0.310627,0.002469,0.488817,0.058225,0.002553,0.001969,0.071823,0.004306,0.003580
0.047965,0.253768,0.140952,0.064958,0.016183,0.129123,0.088440,0.022061,0.212156,0.024394
0.207427,0.044910,0.139022,0.064575,0.247380,0.046140,0.094740,0.059053,0.070018,0.026735
0.080920,0.051133,0.140048,0.017146,0.236723,0.206018,0.003284,0.136006,0.106903,0.021818
0.012123,0.008700,0.219343,0.035813,0.024782,0.018665,0.200934,0.132705,0.233022,0.113913
0.026721,0.191257,0.310543,0.032328,0.159255,0.010380,0.085118,0.027330,0.129044,0.028023
0.102633,0.120518,0.215622,0.015935,0.170615,0.099383,0.105890,0.035422,0.014319,0.119664
0.197265,0.150492,0.254261,0.003874,0.049508,0.012009,0.065811,0.135450,0.013782,0.117548
0.022119,0.287603,0.159911,0.008810,0.045370,0.102697,0.169146,0.026935,0.014364,0.163044
0.019202,0.134883,0.001227,0.000580,0.020818,0.764492,0.000438,0.000981,0.056386,0.000992
0.027371,0.181521,0.207823,0.020502,0.016580,0.028303,0.085026,0.243380,0.017345,0.172149
0.001401,0.114215,0.002842,0.020286,0.175342,0.004794,0.168181,0.008925,0.488851,0.015164
0.116980,0.290245,0.002893,0.192934,0.003566,0.135673,0.013495,0.004135,0.233611,0.006467
0.176802,0.131816,0.322535,0.020983,0.118457,0.013092,0.099800,0.064676,0.023926,0.027913
0.025961,0.094705,0.001797,0.512927,0.002078,0.129757,0.172110,0.048742,0.005281,0.006642
0.168844,0.014115,0.022383,0.024802,0.123540,0.160706,0.177329,0.079576,0.128765,0.099940
0.191942,0.202721,0.006255,0.003376,0.082416,0.136190,0.008427,0.161346,0.180376,0.026951
0.157347,0.050381,0.062291,0.120343,0.135715,0.038938,0.070268,0.133715,0.103912,0.127090
0.144747,0.229504,0.021073,0.067960,0.017857,0.123887,0.166244,0.180356,0.020538,0.027835
0.016953,0.164565,0.019650,0.088936,0.241644,0.211723,0.073283,0.079932,0.070962,0.032352
0.333040,0.195562,0.023532,0.081652,0.032676,0.023335,0.103893,0.072851,0.083684,0.049775
0.020516,0.134879,0.123923,0.026019,0.117442,0.171934,0.203932,0.024569,0.141215,0.035571
0.115413,0.221116,0.007600,0.068856,0.015752,0.276864,0.219696,0.046144,0.011843,0.016717
0.288122,0.088504,0.085041,0.029676,0.122672,0.007970,0.154158,0.032190,0.013190,0.178478
0.142026,0.200634,0.007734,0.077474,0.247169,0.007340,0.004240,0.065875,0.009989,0.237520
0.011083,0.136720,0.016652,0.005557,0.257791,0.024114,0.222953,0.114613,0.169320,0.041197
0.194541,0.202399,0.009402,0.017056,0.031419,0.009960,0.152871,0.184877,0.021659,0.175817
0.251547,0.274566,0.022918,0.049494,0.031483,0.010308,0.247364,0.036998,0.021266,0.054056
0.104690,0.002074,0.281455,0.006777,0.013858,0.199826,0.079500,0.003879,0.303970,0.003971
0.022424,0.014078,0.031164,0.113714,0.220622,0.182247,0.260090,0.105233,0.015911,0.034519
0.036235,0.263238,0.148516,0.001228,0.071205,0.002330,0.203094,0.002723,0.265538,0.005893
0.081938,0.260026,0.003000,0.473967,0.052301,0.023890,0.036405,0.003439,0.011906,0.053128
0.018023,0.061112,0.125527,0.019641,0.303545,0.015700,0.172868,0.047045,0.105254,0.131284
0.082215,0.081472,0.007949,0.019447,0.361101,0.016680,0.138387,0.143056,0.124764,0.024929
0.224205,0.284833,0.019080,0.021875,0.175940,0.129846,0.011157,0.061290,0.051118,0.020657
0.037218,0.003574,0.224923,0.015912,0.051707,0.254717,0.013459,0.163001,0.197680,0.037810
0.007150,0.315133,0.009855,0.033862,0.440268,0.029286,0.003751,0.124681,0.015821,0.020193
0.162366,0.286760,0.015530,0.037507,0.046328,0.070848,0.090281,0.072476,0.132193,0.085712
0.027268,0.273701,0.038717,0.032593,0.065029,0.155722,0.245274,0.049304,0.035229,0.077165
0.034608,0.040093,0.000306,0.002185,0.017493,0.821767,0.000611,0.001344,0.063160,0.018432
0.015533,0.088220,0.726525,0.000800,0.002150,0.007298,0.069466,0.001302,0.087369,0.001336
0.026340,0.145431,0.022956,0.016455,0.216564,0.214762,0.130717,0.059281,0.052988,0.114506
0.156428,0.175296,0.020294,0.028590,0.275009,0.145411,0.092550,0.065184,0.014861,0.026377
0.004508,0.304910,0.005809,0.059565,0.008880,0.301153,0.271065,0.016001,0.011207,0.016903
0.024056,0.574989,0.001349,0.006288,0.015930,0.158723,0.000822,0.002137,0.210295,0.005412
0.001227,0.207098,0.001467,0.021259,0.085857,0.004233,0.004323,0.004942,0.661033,0.008561
0.040956,0.231758,0.163193,0.059377,0.005589,0.125564,0.240946,0.060509,0.061257,0.010851
0.001822,0.325817,0.007674,0.003639,0.018157,0.169253,0.180982,0.020655,0.236931,0.035070
0.207612,0.363429,0.009968,0.009502,0.021194,0.004021,0.035883,0.003529,0.333058,0.011805
0.203596,0.127232,0.024511,0.024499,0.249970,0.019813,0.095216,0.101952,0.119319,0.033892
0.256211,0.286423,0.012292,0.013888,0.044408,0.009957,0.058268,0.091455,0.096216,0.130882
0.236572,0.201453,0.023725,0.027806,0.175024,0.100195,0.092352,0.094715,0.017372,0.030785
0.059879,0.177865,0.023454,0.020401,0.097235,0.133451,0.162760,0.115956,0.190371,0.018628
0.032843,0.258085,0.029329,0.004151,0.179809,0.009447,0.246768,0.090310,0.023132,0.126127
0.322617,0.004537,0.201679,0.008793,0.260778,0.011807,0.003409,0.021963,0.012338,0.152078
0.309872,0.096409,0.042193,0.031762,0.217151,0.016885,0.121334,0.061474,0.038594,0.064325
0.058428,0.231939,0.007599,0.013596,0.270549,0.152804,0.006501,0.036052,0.015709,0.206822
0.032637,0.011627,0.002750,0.628851,0.034374,0.001520,0.239113,0.008691,0.035467,0.004971
0.007625,0.169171,0.411399,0.002848,0.244051,0.048804,0.003094,0.021730,0.068793,0.022485
0.195923,0.160301,0.006623,0.013348,0.121104,0.207009,0.172513,0.090998,0.016520,0.015662
0.084459,0.056881,0.002586,0.005128,0.017720,0.220946,0.002430,0.044011,0.347425,0.218415
0.016495,0.261377,0.007330,0.008628,0.011725,0.005874,0.175936,0.073761,0.233752,0.205122
0.030861,0.537168,0.004301,0.003762,0.005814,0.005188,0.202501,0.002296,0.194448,0.013661
0.036557,0.259920,0.030245,0.036863,0.071816,0.019342,0.013892,0.262122,0.198641,0.070602
0.036519,0.362240,0.031476,0.056394,0.046076,0.226466,0.034093,0.062720,0.044180,0.099836
0.034213,0.198142,0.133278,0.014795,0.005269,0.158383,0.140316,0.046700,0.148517,0.120387
0.388933,0.158893,0.017961,0.024184,0.146618,0.130458,0.072518,0.025291,0.014527,0.020618
0.226651,0.103680,0.010371,0.030289,0.201303,0.149148,0.083309,0.077047,0.022530,0.095671
0.002569,0.190098,0.181982,0.005407,0.009224,0.234435,0.138546,0.040178,0.189286,0.008275
0.253896,0.171965,0.007042,0.028511,0.313334,0.162730,0.003225,0.018422,0.014748,0.026125
0.208843,0.174189,0.019109,0.030415,0.124568,0.100296,0.126459,0.038951,0.136890,0.040278
0.353583,0.219290,0.012659,0.002022,0.015304,0.005279,0.338989,0.020922,0.010827,0.021124
0.016548,0.032147,0.001158,0.183927,0.015769,0.720340,0.021214,0.005549,0.001880,0.001468
0.090743,0.229528,0.001688,0.487254,0.113388,0.003505,0.000951,0.064053,0.003370,0.005521
0.345247,0.167892,0.007149,0.017759,0.016018,0.144071,0.246389,0.024695,0.014204,0.016576
0.016673,0.187525,0.016148,0.003757,0.028028,0.008569,0.204537,0.089134,0.248002,0.197627
0.017545,0.234087,0.018678,0.034783,0.136247,0.094506,0.006239,0.208793,0.021924,0.227199
0.000790,0.068189,0.000702,0.001674,0.000794,0.872183,0.000483,0.000989,0.052516,0.001679
0.024533,0.376052,0.034250,0.022164,0.062756,0.008784,0.005326,0.257599,0.159538,0.048999
0.045135,0.195976,0.003076,0.350967,0.097709,0.002751,0.067804,0.223723,0.006635,0.006224
0.007534,0.154186,0.001711,0.496578,0.018285,0.104746,0.031118,0.018330,0.002557,0.164955
0.187033,0.253902,0.017673,0.031813,0.090808,0.117894,0.100382,0.081963,0.078132,0.040400
0.020985,0.225803,0.115981,0.022996,0.078177,0.133911,0.209318,0.075565,0.013978,0.103287
0.090014,0.150680,0.222183,0.017880,0.008632,0.093548,0.086339,0.029377,0.182189,0.119158
0.138695,0.056780,0.248102,0.019950,0.256468,0.012974,0.055974,0.139176,0.012648,0.059234
0.002545,0.300977,0.003864,0.549059,0.078596,0.024704,0.018281,0.005175,0.013375,0.003423
0.145406,0.197561,0.072530,0.028271,0.129478,0.147357,0.006077,0.096956,0.042057,0.134308
0.000559,0.016585,0.002770,0.768043,0.005895,0.154885,0.037222,0.003221,0.008868,0.001952
0.237634,0.017297,0.029450,0.024585,0.109136,0.177873,0.204977,0.030871,0.125068,0.043108
0.121895,0.004269,0.203281,0.096702,0.108416,0.190494,0.060448,0.069133,0.122584,0.022780
0.337849,0.223434,0.022856,0.036000,0.030677,0.030573,0.154224,0.123757,0.013030,0.027602
0.340065,0.194485,0.015030,0.029692,0.123299,0.036837,0.080010,0.112169,0.024247,0.044167
0.112655,0.158822,0.146889,0.015501,0.104200,0.120991,0.102677,0.059166,0.092265,0.086835
0.048880,0.285440,0.010409,0.038941,0.031076,0.009527,0.223506,0.125561,0.021801,0.204860
0.021375,0.094168,0.229441,0.008681,0.091303,0.171995,0.067497,0.006225,0.304102,0.005213
0.024450,0.125793,0.650343,0.005465,0.055646,0.002170,0.035948,0.002067,0.093156,0.004964
0.002640,0.207338,0.001026,0.517990,0.001384,0.084759,0.018678,0.028440,0.001725,0.136020
0.151559,0.335026,0.003902,0.350712,0.049752,0.005475,0.002681,0.006109,0.090677,0.004107
0.014035,0.377102,0.031822,0.044772,0.025054,0.377175,0.022282,0.035512,0.029694,0.042551
0.000395,0.124919,0.001230,0.520437,0.002055,0.116606,0.000652,0.039315,0.001085,0.193305
0.238671,0.007344,0.304293,0.030952,0.162983,0.016092,0.065508,0.061856,0.012035,0.100265
0.024062,0.106534,0.128094,0.014672,0.164523,0.020935,0.217152,0.189185,0.111086,0.023757
0.126350,0.204768,0.031491,0.031528,0.278574,0.100685,0.086376,0.079987,0.021188,0.039052
0.192908,0.229437,0.260788,0.026049,0.064632,0.111666,0.006690,0.068950,0.011678,0.027202
0.247474,0.245105,0.006868,0.007850,0.320594,0.004800,0.003784,0.135357,0.012327,0.015843
0.346118,0.223535,0.010928,0.023710,0.036675,0.151396,0.015654,0.124364,0.014984,0.052637
0.043232,0.198035,0.020830,0.015327,0.025531,0.007513,0.355829,0.027273,0.275515,0.030917
0.029278,0.258331,0.001541,0.511691,0.004391,0.131808,0.011423,0.002134,0.005117,0.044286
0.125121,0.110238,0.023903,0.022388,0.184505,0.154246,0.161362,0.070674,0.110010,0.037553
0.038490,0.261781,0.002480,0.435733,0.001568,0.130943,0.090235,0.027489,0.007228,0.004052
0.119375,0.197014,0.020394,0.029143,0.079890,0.255517,0.137242,0.067044,0.073856,0.020525
0.325223,0.160489,0.012989,0.014052,0.151557,0.133958,0.007305,0.142421,0.012231,0.039776
0.000332,0.009856,0.001272,0.003265,0.022968,0.824708,0.058787,0.001148,0.070894,0.006770
0.222464,0.120825,0.093160,0.032583,0.062300,0.028613,0.121342,0.103009,0.026325,0.189379
0.057621,0.012654,0.018954,0.029217,0.053563,0.065160,0.332320,0.166014,0.026158,0.238337
0.149171,0.310603,0.119680,0.008671,0.008578,0.112401,0.058789,0.062426,0.146973,0.022709
0.138495,0.127290,0.003060,0.433543,0.096941,0.002722,0.069560,0.011292,0.076427,0.040670
0.027758,0.257940,0.000844,0.000641,0.059627,0.186155,0.000412,0.002395,0.263913,0.200316
0.047700,0.157380,0.034764,0.039924,0.095420,0.217810,0.121315,0.097995,0.155116,0.032575
0.016128,0.260465,0.016065,0.002837,0.039941,0.246334,0.042567,0.056599,0.227771,0.091291
0.220499,0.214463,0.012912,0.022445,0.030338,0.150357,0.147761,0.032981,0.140367,0.027877
0.022082,0.006774,0.277768,0.136281,0.045688,0.029948,0.012734,0.202899,0.011087,0.254738
0.030042,0.182232,0.136870,0.131436,0.032864,0.155964,0.107421,0.108718,0.074529,0.039926
0.001365,0.012068,0.778065,0.000714,0.027579,0.003884,0.007722,0.001419,0.086362,0.080821
0.013168,0.175188,0.153352,0.077654,0.017763,0.208047,0.045794,0.023024,0.201985,0.084025
0.035507,0.416575,0.005183,0.009778,0.009756,0.003735,0.003254,0.005885,0.322886,0.187441
0.198084,0.436984,0.014447,0.018953,0.021971,0.066804,0.049720,0.092571,0.081426,0.019038
0.026350,0.227672,0.110984,0.088365,0.280400,0.022324,0.012604,0.070139,0.022448,0.138716
0.349046,0.012423,0.026145,0.042597,0.124434,0.101638,0.115592,0.038744,0.021532,0.167849
0.229930,0.175227,0.031485,0.030672,0.074770,0.123023,0.189288,0.048537,0.038972,0.058097
0.215456,0.143927,0.014114,0.005626,0.168440,0.144091,0.086887,0.164919,0.022561,0.033980
0.001002,0.571464,0.002096,0.006200,0.183637,0.010772,0.001271,0.003831,0.195821,0.023907
0.100770,0.195773,0.003774,0.485419,0.072429,0.027293,0.068682,0.032822,0.008409,0.004630
0.032064,0.513599,0.008551,0.092383,0.011074,0.008181,0.003931,0.111610,0.173472,0.045136
0.182015,0.127111,0.025101,0.031480,0.063327,0.092672,0.012818,0.201535,0.180946,0.082994
0.045172,0.339203,0.080581,0.028325,0.170802,0.012035,0.125820,0.129345,0.022865,0.045851
0.029595,0.477744,0.003188,0.005113,0.051172,0.103932,0.001654,0.002238,0.166729,0.158635
0.232592,0.189399,0.010808,0.028180,0.016958,0.014749,0.259388,0.215111,0.013606,0.019208
0.079753,0.248111,0.042720,0.054169,0.069421,0.091231,0.101357,0.079737,0.152946,0.080556
0.165623,0.232057,0.004204,0.376258,0.006270,0.135278,0.047392,0.017444,0.009337,0.006138
0.009566,0.011820,0.029570,0.028744,0.169795,0.021282,0.117470,0.183269,0.219236,0.209249
0.152990,0.118515,0.025941,0.003992,0.260342,0.121202,0.201275,0.027722,0.055056,0.032965
0.418915,0.177257,0.006753,0.007679,0.199795,0.005441,0.003840,0.016141,0.010811,0.153366
0.072977,0.252898,0.007758,0.096916,0.010066,0.074123,0.004772,0.112170,0.156627,0.211693
0.174568,0.119129,0.027631,0.021709,0.226169,0.096326,0.211780,0.069951,0.022919,0.029820
0.106499,0.250272,0.007265,0.016964,0.326365,0.060703,0.003356,0.021304,0.014036,0.193236
0.010190,0.180395,0.046443,0.085273,0.297948,0.174594,0.005443,0.148987,0.016302,0.034426
0.106562,0.332494,0.008751,0.091051,0.090650,0.015226,0.097562,0.067347,0.065459,0.124899
0.334064,0.151230,0.016054,0.015496,0.222851,0.006960,0.010275,0.203677,0.008278,0.031116
0.042622,0.238666,0.007074,0.013014,0.035056,0.003663,0.239303,0.132283,0.272972,0.015348
0.067360,0.016310,0.020426,0.124461,0.314466,0.067041,0.255776,0.068418,0.019568,0.046174
0.296939,0.276318,0.021738,0.012605,0.062185,0.179977,0.025070,0.089476,0.015040,0.020652
0.002116,0.187611,0.001603,0.473278,0.003588,0.103431,0.165717,0.002004,0.028846,0.031806
0.007778,0.220558,0.002250,0.398182,0.016963,0.107044,0.002221,0.052480,0.006262,0.186263
0.033006,0.302732,0.024935,0.020751,0.283438,0.152737,0.004052,0.142269,0.011517,0.024563
0.281191,0.153214,0.008335,0.158648,0.107552,0.142371,0.005261,0.013367,0.119128,0.010934
0.019789,0.175538,0.007731,0.019558,0.014202,0.232199,0.243639,0.091430,0.020462,0.175452
0.012334,0.284699,0.165161,0.002601,0.147473,0.102661,0.026934,0.025460,0.124471,0.108206
0.212461,0.163351,0.118815,0.030316,0.030832,0.068426,0.012180,0.223451,0.016813,0.123355
0.013945,0.277472,0.009668,0.025853,0.039859,0.208708,0.308300,0.073500,0.015384,0.027311
0.030252,0.011728,0.035726,0.172736,0.238764,0.112057,0.007234,0.179287,0.158590,0.053626
0.035190,0.166635,0.035083,0.044085,0.044442,0.136338,0.207837,0.199758,0.063386,0.067247
0.214717,0.082037,0.034122,0.033617,0.188981,0.081800,0.070429,0.082870,0.124761,0.086665
0.072010,0.293223,0.236756,0.057739,0.076152,0.004476,0.132211,0.046181,0.060572,0.020680
0.019284,0.234252,0.027752,0.111491,0.237832,0.008153,0.005760,0.092835,0.011216,0.251425
0.007728,0.003545,0.000723,0.157027,0.000349,0.779805,0.023787,0.000706,0.025434,0.000895
0.028349,0.012900,0.176548,0.063816,0.034745,0.059328,0.343733,0.189210,0.032855,0.058517
0.484821,0.245500,0.001829,0.001799,0.071631,0.003291,0.002607,0.004959,0.178920,0.004642
0.341928,0.005139,0.032180,0.018462,0.167187,0.045405,0.223700,0.089767,0.029969,0.046264
0.179102,0.015121,0.019898,0.025318,0.025986,0.015684,0.238831,0.038298,0.384223,0.057540
0.010635,0.218325,0.012679,0.035495,0.099264,0.292571,0.131796,0.027258,0.136590,0.035386
0.073092,0.136884,0.009679,0.015629,0.134707,0.227521,0.001273,0.005117,0.382797,0.013302
0.035293,0.232839,0.000445,0.004339,0.001863,0.404037,0.017820,0.002424,0.293994,0.006946
0.160388,0.234969,0.030758,0.024538,0.143371,0.193412,0.006362,0.030242,0.138680,0.037280
0.162264,0.145990,0.008714,0.076188,0.027653,0.200339,0.145066,0.067148,0.141045,0.025594
0.219386,0.191260,0.028562,0.024545,0.166411,0.194667,0.006833,0.104925,0.019364,0.044047
0.203194,0.304962,0.005759,0.001782,0.013690,0.001892,0.252735,0.002346,0.205548,0.008091
0.089021,0.212166,0.125007,0.059581,0.154582,0.008839,0.136856,0.046510,0.144284,0.023152
0.081226,0.228031,0.013856,0.078297,0.249440,0.163343,0.003633,0.021074,0.107636,0.053463
0.175380,0.117655,0.308995,0.020095,0.114998,0.005453,0.129442,0.018646,0.087282,0.022055
0.029686,0.251740,0.042478,0.017456,0.041192,0.028265,0.197893,0.145616,0.025276,0.220398
0.010137,0.395414,0.005745,0.011122,0.009597,0.240133,0.261287,0.043311,0.006248,0.017007
0.117720,0.134283,0.081285,0.028630,0.196454,0.092676,0.097579,0.120971,0.017624,0.112778
0.182299,0.010985,0.011861,0.003131,0.058538,0.248449,0.004459,0.059658,0.219041,0.201579
0.097156,0.240280,0.048125,0.035046,0.056919,0.011201,0.019692,0.115900,0.158912,0.216769
0.100432,0.264215,0.012324,0.105790,0.036222,0.181379,0.218426,0.051141,0.011849,0.018222
0.009529,0.126668,0.001590,0.466309,0.028664,0.001467,0.024074,0.039270,0.159514,0.142915
0.007261,0.243541,0.021262,0.107110,0.377615,0.011582,0.002750,0.050452,0.157234,0.021194
0.035469,0.355468,0.385464,0.036106,0.033889,0.015334,0.005836,0.077840,0.016070,0.038524
0.288150,0.142975,0.072452,0.023962,0.145922,0.028724,0.006465,0.091236,0.157279,0.042832
0.000417,0.052732,0.001014,0.134130,0.000679,0.745165,0.000388,0.001745,0.062498,0.001232
0.038883,0.150439,0.197660,0.053722,0.027226,0.209655,0.149666,0.041017,0.115199,0.016534
0.010996,0.285140,0.006638,0.067519,0.017280,0.043068,0.247718,0.046418,0.264091,0.011133
0.018128,0.135138,0.024161,0.028534,0.287380,0.007697,0.264958,0.023118,0.075635,0.135253
0.271607,0.131239,0.006682,0.426456,0.007640,0.003396,0.002860,0.004641,0.138645,0.006833
0.049472,0.213930,0.002175,0.471973,0.016291,0.133181,0.011711,0.012071,0.086094,0.003103
0.187232,0.142855,0.120357,0.020619,0.222606,0.013873,0.171462,0.021483,0.083807,0.015705
0.019391,0.128181,0.001322,0.460147,0.002107,0.104888,0.142266,0.012206,0.001880,0.127613
0.082382,0.187969,0.216217,0.053238,0.021581,0.006096,0.044838,0.016211,0.196731,0.174737
0.110729,0.200519,0.024380,0.018295,0.030940,0.011295,0.116814,0.155341,0.173553,0.158134
0.009115,0.326941,0.014355,0.005784,0.031246,0.100094,0.003418,0.140098,0.343187,0.025763
0.031873,0.208808,0.018752,0.008108,0.053114,0.031938,0.184749,0.177917,0.242810,0.041930
0.002544,0.194401,0.002169,0.388835,0.088519,0.086966,0.123463,0.017365,0.092089,0.003649
0.002652,0.137662,0.002930,0.683853,0.005821,0.003216,0.001972,0.098207,0.056385,0.007302
0.305418,0.201608,0.026821,0.097975,0.048123,0.166896,0.005043,0.112525,0.013231,0.022360
0.071084,0.261080,0.016321,0.019318,0.088648,0.276270,0.007124,0.184557,0.026930,0.048667
0.009708,0.163473,0.000822,0.229231,0.003061,0.002463,0.051680,0.005609,0.283877,0.250076
0.029977,0.002677,0.001805,0.530761,0.001453,0.133542,0.267651,0.012969,0.014149,0.005017
0.117334,0.002057,0.323649,0.011278,0.128429,0.002886,0.089400,0.005119,0.315399,0.004449
0.267178,0.321492,0.071065,0.010952,0.118660,0.019222,0.011661,0.068069,0.092601,0.019101
0.058808,0.084977,0.245523,0.114924,0.024695,0.176240,0.252612,0.017360,0.011942,0.012919
0.027011,0.365605,0.013948,0.018400,0.310013,0.005568,0.003809,0.028438,0.196108,0.031102
0.066550,0.213693,0.150835,0.020574,0.038881,0.104093,0.008455,0.322389,0.024989,0.049541
0.029237,0.010934,0.019412,0.027628,0.187294,0.104978,0.264472,0.131215,0.194552,0.030279
0.218193,0.106272,0.231729,0.018125,0.164762,0.067510,0.132807,0.019131,0.011666,0.029805
0.011960,0.305533,0.032177,0.005239,0.036223,0.020793,0.132064,0.120618,0.187961,0.147432
0.151939,0.237812,0.020734,0.074108,0.129774,0.008052,0.104369,0.095717,0.144237,0.033257
0.039505,0.271589,0.008467,0.023619,0.195587,0.007608,0.010248,0.182272,0.240767,0.020337
0.259545,0.286496,0.035832,0.054258,0.029905,0.204485,0.012007,0.040211,0.031691,0.045569
0.039935,0.156300,0.001056,0.012854,0.011112,0.318697,0.001248,0.004449,0.414094,0.040253
0.017682,0.130454,0.012858,0.048624,0.198840,0.215552,0.123601,0.098923,0.049796,0.103671
0.276741,0.237380,0.012370,0.031665,0.047980,0.067968,0.007177,0.084366,0.209636,0.024717
0.152086,0.310063,0.035565,0.151918,0.069555,0.020522,0.016733,0.113630,0.044101,0.085827
0.011434,0.111026,0.001909,0.463960,0.025164,0.092424,0.116045,0.001774,0.060434,0.115830
0.225818,0.222405,0.024584,0.013346,0.126067,0.006946,0.180715,0.022303,0.011231,0.166585
0.244951,0.173682,0.009060,0.089494,0.026509,0.164476,0.029114,0.086359,0.151292,0.025063
0.069816,0.228304,0.225468,0.012769,0.020049,0.158126,0.227450,0.037157,0.008230,0.012632
0.109253,0.247276,0.165302,0.105110,0.022570,0.007205,0.003378,0.114037,0.019830,0.206039
0.088992,0.208929,0.007183,0.003637,0.206736,0.066806,0.176824,0.063228,0.079581,0.098083
0.003959,0.132098,0.003152,0.516952,0.072465,0.006612,0.244735,0.004084,0.009509,0.006436
0.020015,0.497210,0.015454,0.015928,0.014606,0.149321,0.009715,0.082247,0.166235,0.029271
0.167464,0.005026,0.009220,0.023050,0.303173,0.131479,0.065781,0.093331,0.169220,0.032255
0.002701,0.002279,0.002061,0.552019,0.082197,0.086305,0.096516,0.030088,0.016575,0.129261
0.009887,0.027199,0.002880,0.622627,0.002032,0.182579,0.046948,0.030659,0.003214,0.071973
0.024460,0.198613,0.001204,0.396118,0.000736,0.001273,0.137140,0.237264,0.001471,0.001722
0.000695,0.140021,0.004095,0.011067,0.016229,0.247105,0.125112,0.004383,0.447090,0.004202
0.084772,0.003889,0.003132,0.457390,0.138397,0.005333,0.258724,0.032945,0.004756,0.010663
0.194201,0.122180,0.011200,0.023976,0.226171,0.111665,0.090077,0.066733,0.127607,0.026190
0.094553,0.133892,0.029766,0.024018,0.153826,0.020198,0.214045,0.068627,0.145156,0.115919
0.000919,0.051203,0.001539,0.343596,0.095054,0.183702,0.001690,0.008738,0.309114,0.004445
0.233205,0.140157,0.287347,0.021134,0.014146,0.096046,0.006758,0.059022,0.063280,0.078905
0.008455,0.319309,0.001575,0.574388,0.002817,0.001513,0.039776,0.048148,0.001084,0.002935
0.073625,0.087747,0.229517,0.074773,0.022575,0.148516,0.165606,0.022613,0.156943,0.018086
0.063296,0.374740,0.014489,0.002187,0.027937,0.136345,0.167524,0.037176,0.156674,0.019630
0.187698,0.081590,0.042548,0.033379,0.144754,0.102174,0.179917,0.134841,0.029661,0.063439
0.003744,0.153907,0.002567,0.014217,0.262487,0.004383,0.184894,0.005523,0.359151,0.009128
0.299781,0.150605,0.030647,0.041713,0.150166,0.011684,0.119616,0.132508,0.025102,0.038179
0.001453,0.091876,0.724144,0.000991,0.004556,0.004089,0.000600,0.001259,0.085816,0.085216
0.013397,0.176181,0.243180,0.014017,0.172795,0.119835,0.038113,0.052795,0.157850,0.011837
0.003608,0.152770,0.003337,0.624347,0.078940,0.004715,0.001686,0.113215,0.003912,0.013470
0.002192,0.243232,0.002574,0.552871,0.003762,0.125405,0.011288,0.021018,0.035370,0.002289
0.234472,0.167924,0.020208,0.026187,0.016493,0.005568,0.293221,0.073442,0.127631,0.034853
0.245299,0.009570,0.027511,0.018780,0.363090,0.131818,0.005806,0.083488,0.078931,0.035707
0.021701,0.183917,0.027469,0.058938,0.019943,0.143763,0.215373,0.176817,0.115364,0.036717
0.039246,0.251356,0.011587,0.168718,0.018318,0.016343,0.363481,0.084967,0.011262,0.034721
0.158839,0.418090,0.007574,0.010236,0.018192,0.002767,0.001155,0.002906,0.373490,0.006751
0.139401,0.206505,0.015983,0.090191,0.111325,0.015172,0.187588,0.129888,0.072526,0.031423
0.014471,0.333922,0.001186,0.005025,0.003821,0.006368,0.343561,0.002964,0.286245,0.002436
0.292448,0.301989,0.007687,0.058186,0.097468,0.016169,0.054711,0.054880,0.097352,0.019111
0.054832,0.158322,0.030553,0.023356,0.231900,0.020526,0.278116,0.143501,0.014305,0.044591
0.102833,0.031116,0.011284,0.232305,0.041299,0.229645,0.191418,0.126220,0.021427,0.012454
0.024734,0.270065,0.196667,0.022051,0.028673,0.189924,0.006463,0.068127,0.161465,0.031830
0.003963,0.461830,0.004454,0.009233,0.009140,0.010380,0.005048,0.203030,0.280706,0.012217
0.429398,0.274464,0.018590,0.020870,0.024233,0.007979,0.005080,0.022675,0.171649,0.025063
0.000393,0.073082,0.000631,0.002830,0.023227,0.800221,0.000923,0.001473,0.068364,0.028857
0.020366,0.209653,0.199065,0.004283,0.133382,0.120459,0.171432,0.083660,0.022115,0.035585
0.029313,0.008040,0.439832,0.005471,0.044272,0.138924,0.006917,0.028853,0.112317,0.186062
0.133910,0.202748,0.210918,0.062756,0.038257,0.011065,0.138782,0.052351,0.019629,0.129586
0.020682,0.190398,0.002455,0.472472,0.023216,0.020266,0.066987,0.020424,0.002301,0.180798
0.365080,0.010031,0.053642,0.030004,0.023211,0.149133,0.084750,0.097722,0.161041,0.025387
0.038752,0.091162,0.064842,0.021214,0.182721,0.148299,0.142243,0.094785,0.026684,0.189299
0.172309,0.137714,0.306430,0.018984,0.105381,0.044525,0.134604,0.045666,0.016271,0.018115
0.034544,0.306191,0.003585,0.006677,0.066032,0.119930,0.232639,0.003608,0.220388,0.006406
0.052675,0.500001,0.066302,0.001001,0.005031,0.002186,0.149429,0.001794,0.204415,0.017166
0.062523,0.505175,0.003779,0.006032,0.058631,0.017724,0.177947,0.003486,0.158774,0.005929
0.023330,0.206513,0.014904,0.046903,0.219976,0.210650,0.032923,0.077122,0.136936,0.030743
0.007136,0.212583,0.016124,0.014451,0.296536,0.018829,0.279806,0.120437,0.009990,0.024107
0.104100,0.073192,0.031350,0.057274,0.338443,0.156234,0.007395,0.029279,0.063278,0.139455
0.018391,0.214542,0.164433,0.012813,0.097924,0.008297,0.320253,0.117833,0.011311,0.034202
0.004683,0.111582,0.005617,0.012073,0.173138,0.006270,0.177850,0.004768,0.488698,0.015322
0.028918,0.235637,0.001840,0.456162,0.034639,0.002194,0.001590,0.047050,0.001797,0.190172
0.332868,0.103861,0.022481,0.015597,0.023152,0.089119,0.131472,0.069086,0.173269,0.039094
0.002549,0.099313,0.001310,0.647099,0.000895,0.037933,0.002455,0.028777,0.165552,0.014115
0.340147,0.010732,0.013039,0.013858,0.020306,0.121549,0.007936,0.094177,0.168558,0.209697
0.207225,0.248653,0.293301,0.009461,0.095520,0.082125,0.010258,0.020683,0.009254,0.023520
0.012033,0.078890,0.003246,0.618663,0.049460,0.094387,0.006118,0.005308,0.127646,0.004248
0.322650,0.011338,0.009664,0.034084,0.031071,0.228438,0.186697,0.121118,0.023417,0.031522
0.025062,0.002077,0.000868,0.001783,0.132931,0.480486,0.086615,0.005605,0.259878,0.004694
0.007615,0.120313,0.001244,0.574249,0.000919,0.096012,0.160200,0.035673,0.001813,0.001964
0.019255,0.166046,0.026441,0.014667,0.201437,0.006956,0.141351,0.229654,0.012121,0.182071
0.148645,0.283886,0.024932,0.025719,0.033210,0.089151,0.172548,0.111309,0.076304,0.034295
0.064766,0.337460,0.013910,0.017734,0.186350,0.144693,0.053946,0.039399,0.011101,0.130640
0.016006,0.121447,0.733903,0.003282,0.003765,0.007212,0.000628,0.001432,0.078938,0.033386
0.044972,0.190348,0.010231,0.032489,0.298513,0.014181,0.152531,0.077918,0.134742,0.044074
0.037271,0.245774,0.002169,0.481056,0.048740,0.164460,0.001338,0.004362,0.009891,0.004940
0.002261,0.428857,0.001518,0.007654,0.090148,0.155371,0.021417,0.003088,0.286574,0.003113
0.051367,0.182122,0.003428,0.008853,0.073868,0.149568,0.098264,0.010566,0.223455,0.198509
0.020884,0.003706,0.002928,0.483201,0.064510,0.131338,0.001286,0.031442,0.007188,0.253518
0.001405,0.509941,0.000378,0.002625,0.004341,0.001433,0.169976,0.001780,0.158976,0.149145
0.422231,0.182044,0.018671,0.033032,0.049739,0.188221,0.006771,0.037938,0.024368,0.036983
0.017395,0.008684,0.566282,0.019767,0.196753,0.086122,0.006435,0.039106,0.020455,0.039001
0.027601,0.300991,0.026318,0.006628,0.151704,0.154234,0.127527,0.084197,0.073622,0.047177
0.010791,0.172593,0.389127,0.075560,0.098699,0.006700,0.112205,0.087122,0.024735,0.022468
0.047897,0.173167,0.004966,0.010975,0.321098,0.035246,0.001593,0.005330,0.392780,0.006948
0.016273,0.064518,0.251952,0.027225,0.111897,0.159353,0.077644,0.184191,0.011949,0.094999
0.010808,0.090216,0.003436,0.565703,0.004249,0.019548,0.029766,0.024275,0.249636,0.002362
0.023640,0.486886,0.004231,0.007855,0.014740,0.140880,0.077828,0.004201,0.232288,0.007451
0.308855,0.165778,0.105742,0.045619,0.030775,0.010515,0.012016,0.080019,0.100789,0.139893
0.000516,0.001124,0.304766,0.007343,0.002135,0.001886,0.323738,0.002420,0.258401,0.097672
0.044579,0.208811,0.228114,0.186190,0.035135,0.006801,0.130494,0.093985,0.056342,0.009550
0.049316,0.052523,0.049355,0.003876,0.030509,0.686882,0.020129,0.002432,0.099899,0.005078
0.342035,0.237828,0.026833,0.019938,0.136457,0.009519,0.103405,0.083731,0.013839,0.026415
0.018556,0.003493,0.497680,0.021245,0.128846,0.039240,0.152938,0.092157,0.011608,0.034235
0.000283,0.084177,0.001059,0.056057,0.000872,0.699094,0.015421,0.001956,0.087953,0.053129
0.020688,0.253226,0.009364,0.101316,0.012560,0.005678,0.349970,0.069117,0.148326,0.029755
0.017408,0.358023,0.155055,0.030369,0.146354,0.009631,0.012166,0.077410,0.019182,0.174402
0.155332,0.165548,0.031375,0.039043,0.132799,0.088810,0.105100,0.101123,0.068717,0.112155
0.231937,0.145196,0.021070,0.004601,0.166362,0.169869,0.012240,0.095961,0.114358,0.038405
0.374864,0.124257,0.013187,0.059167,0.077039,0.099729,0.138843,0.043021,0.024893,0.044999
0.009335,0.324349,0.005725,0.013172,0.060939,0.200828,0.273989,0.012257,0.010430,0.088976
0.047413,0.013987,0.040405,0.055403,0.034759,0.173485,0.010514,0.148383,0.214450,0.261201
0.023530,0.013095,0.016067,0.015151,0.677550,0.068120,0.007671,0.101877,0.028983,0.047956
0.026812,0.192297,0.017237,0.027125,0.013749,0.163996,0.201287,0.077639,0.102132,0.177727
0.149064,0.231513,0.002978,0.247772,0.077704,0.004208,0.022133,0.005903,0.248660,0.010065
0.011443,0.278187,0.026935,0.052364,0.041575,0.010491,0.326820,0.191215,0.025688,0.035282
0.034344,0.492210,0.028856,0.059489,0.051530,0.017155,0.012862,0.184358,0.042952,0.076246
0.115757,0.179484,0.154021,0.026859,0.166633,0.163548,0.108018,0.031380,0.018509,0.035792
0.287157,0.235798,0.006441,0.056151,0.024310,0.166140,0.002223,0.015730,0.012576,0.193475
0.077143,0.030787,0.005646,0.061655,0.198889,0.051290,0.165096,0.099126,0.132292,0.178076
0.007741,0.006405,0.020193,0.021879,0.267687,0.015314,0.403505,0.030093,0.195801,0.031382
0.066445,0.131869,0.004097,0.574693,0.005632,0.182437,0.001542,0.017327,0.003613,0.012347
0.205745,0.216929,0.032935,0.025137,0.125513,0.084818,0.015299,0.186827,0.014619,0.092178
0.339966,0.108124,0.014555,0.028244,0.118913,0.008942,0.113727,0.108125,0.121816,0.037587
0.245338,0.017102,0.021437,0.087842,0.055374,0.034966,0.233499,0.191738,0.033767,0.078938
0.025202,0.390682,0.022238,0.019123,0.083429,0.121518,0.194788,0.105056,0.010565,0.027400
0.296463,0.200810,0.024649,0.014322,0.150618,0.185849,0.015244,0.040861,0.027498,0.043687
0.431118,0.148426,0.025648,0.019091,0.027826,0.031878,0.135391,0.137500,0.017036,0.026086
0.074090,0.297357,0.007558,0.065987,0.230349,0.033238,0.153792,0.043441,0.084645,0.009542
0.321411,0.009317,0.018111,0.018563,0.108158,0.017189,0.004335,0.142703,0.188527,0.171687
0.043692,0.045872,0.108801,0.097035,0.173970,0.030705,0.155403,0.171353,0.040296,0.132872
0.028464,0.164130,0.184548,0.109206,0.288105,0.025438,0.007288,0.119090,0.023255,0.050475
0.218000,0.023699,0.041785,0.076380,0.156364,0.138076,0.026384,0.131540,0.137058,0.050715
0.165366,0.384552,0.113995,0.047451,0.026682,0.017676,0.011942,0.059656,0.056315,0.116365
0.241332,0.199495,0.022154,0.039675,0.023596,0.073277,0.123399,0.224532,0.019970,0.032569
0.052108,0.229161,0.002672,0.499631,0.004152,0.116999,0.001159,0.021628,0.034376,0.038116
0.009874,0.289567,0.019471,0.020568,0.159551,0.016069,0.184072,0.105244,0.174173,0.021412
0.186814,0.139929,0.019787,0.035756,0.018234,0.168720,0.209583,0.096412,0.091651,0.033112
0.222819,0.162221,0.015000,0.052664,0.150738,0.045819,0.137410,0.129305,0.034030,0.049991
0.058869,0.137025,0.027375,0.006209,0.528953,0.042409,0.008318,0.131461,0.022821,0.036559
0.184207,0.292814,0.010355,0.018100,0.283336,0.021377,0.004643,0.067157,0.090890,0.027121
0.249224,0.012543,0.111748,0.024432,0.072400,0.151670,0.259505,0.042734,0.026836,0.048910
0.303741,0.153330,0.010216,0.063083,0.020286,0.049304,0.004976,0.077980,0.124923,0.192159
0.197689,0.187018,0.002804,0.237234,0.021912,0.214675,0.003628,0.009487,0.007746,0.117808
0.210247,0.178208,0.014045,0.039590,0.153434,0.100621,0.008111,0.113912,0.156509,0.025323
0.271621,0.157576,0.017985,0.012701,0.177672,0.008481,0.223465,0.082684,0.016496,0.031318
0.165874,0.167079,0.112264,0.018690,0.180027,0.120690,0.005221,0.124772,0.078732,0.026651
0.195338,0.149348,0.017135,0.044323,0.179585,0.022474,0.016614,0.228119,0.020354,0.126709
0.000398,0.060683,0.001547,0.553741,0.030130,0.000908,0.146270,0.026808,0.043912,0.135605
0.249429,0.274250,0.015707,0.020521,0.181629,0.014299,0.004489,0.079589,0.074048,0.086039
0.205846,0.016476,0.011458,0.018915,0.444989,0.098168,0.103617,0.044768,0.021542,0.034220
0.290454,0.178808,0.047605,0.004527,0.014465,0.148562,0.108693,0.061928,0.024138,0.120820
0.007081,0.106308,0.002003,0.575217,0.009421,0.001158,0.058218,0.003697,0.078713,0.158182
0.006825,0.001350,0.062127,0.185384,0.061591,0.016314,0.170934,0.002707,0.305079,0.187689
0.077890,0.292574,0.001230,0.008547,0.115880,0.144680,0.001959,0.004336,0.269747,0.083157
0.002184,0.087716,0.002229,0.451947,0.003812,0.089252,0.147815,0.043300,0.166085,0.005659
0.017686,0.270684,0.247630,0.025988,0.151159,0.021649,0.005873,0.062464,0.164023,0.032844
0.007354,0.161840,0.001556,0.502166,0.036719,0.003952,0.011940,0.056569,0.003087,0.214817
0.273069,0.286584,0.134331,0.010391,0.021576,0.006769,0.005720,0.085959,0.014751,0.160851
0.331820,0.210023,0.014667,0.002670,0.020969,0.126714,0.202739,0.056324,0.011635,0.022437
0.016045,0.091679,0.001602,0.435442,0.003026,0.001430,0.142175,0.002644,0.163265,0.142691
0.152541,0.014423,0.146417,0.041140,0.419445,0.011728,0.009792,0.130379,0.027113,0.047022
0.219369,0.167848,0.019212,0.042904,0.142802,0.107133,0.014123,0.112384,0.129874,0.044351
0.004601,0.203473,0.001769,0.459029,0.003019,0.048959,0.046030,0.179133,0.049318,0.004670
0.106865,0.367833,0.143342,0.021398,0.097462,0.015856,0.011161,0.048085,0.155894,0.032105
0.032352,0.228928,0.157333,0.014281,0.027850,0.200128,0.005923,0.127920,0.160727,0.044560
0.007180,0.218157,0.141314,0.011035,0.283665,0.005982,0.009787,0.147670,0.015555,0.159654
0.008300,0.220895,0.393823,0.091275,0.033314,0.005218,0.077596,0.068842,0.084707,0.016030
0.204828,0.005053,0.018257,0.066189,0.247236,0.189885,0.079328,0.071839,0.016920,0.100466
0.000528,0.324022,0.006948,0.000971,0.002369,0.022926,0.089183,0.002593,0.379876,0.170583
0.034894,0.203954,0.117876,0.016149,0.057234,0.240453,0.108439,0.055408,0.017142,0.148453
0.003390,0.078090,0.498379,0.002499,0.016362,0.003804,0.101341,0.004760,0.279188,0.012187
0.140310,0.153256,0.031061,0.024373,0.037553,0.019147,0.076574,0.060616,0.228854,0.228255
0.011003,0.154814,0.145651,0.059685,0.078693,0.171903,0.128508,0.050937,0.179447,0.019361
0.017248,0.353436,0.010378,0.085791,0.087715,0.205680,0.003780,0.057120,0.148468,0.030385
0.027114,0.723037,0.003437,0.004844,0.050841,0.001395,0.012224,0.001615,0.173841,0.001651
0.141844,0.108373,0.022638,0.103421,0.129530,0.221084,0.201306,0.027528,0.019036,0.025241
0.107214,0.193203,0.002064,0.450896,0.001462,0.079968,0.019779,0.003280,0.018090,0.124044
0.179130,0.160870,0.270651,0.020577,0.129833,0.010387,0.013565,0.069150,0.119875,0.025961
0.003734,0.133953,0.001537,0.021971,0.013690,0.005298,0.343113,0.005506,0.463192,0.008006
0.158207,0.228657,0.021609,0.025644,0.022440,0.010007,0.004753,0.168423,0.166056,0.194203
0.169711,0.082326,0.330193,0.023534,0.127470,0.011176,0.121270,0.078875,0.019328,0.036117
0.051458,0.002847,0.010772,0.017889,0.021736,0.005163,0.531949,0.004941,0.344197,0.009048
0.002801,0.167050,0.002403,0.463234,0.006254,0.132431,0.207524,0.010095,0.005352,0.002856
0.021775,0.285358,0.018902,0.022471,0.257195,0.006035,0.244925,0.116961,0.008291,0.018089
0.050909,0.019348,0.047472,0.023885,0.207220,0.015240,0.323118,0.117009,0.065506,0.130293
0.047928,0.425890,0.007029,0.011750,0.023558,0.005744,0.133012,0.007052,0.328603,0.009435
0.022197,0.187751,0.223139,0.026298,0.047394,0.009922,0.145612,0.094638,0.204542,0.038507
0.034547,0.269114,0.001118,0.005197,0.006078,0.282627,0.000994,0.002104,0.172255,0.225966
0.014967,0.186979,0.038824,0.120638,0.152623,0.085212,0.113449,0.111879,0.033048,0.142382
0.017409,0.259664,0.265427,0.181485,0.016896,0.008216,0.026781,0.184307,0.014601,0.025215
0.272835,0.167542,0.167228,0.005555,0.062355,0.032623,0.116731,0.033017,0.111005,0.031107
0.000366,0.222249,0.001225,0.546933,0.001437,0.001678,0.158171,0.032856,0.018507,0.016579
0.259743,0.168645,0.011880,0.020377,0.131873,0.107021,0.186333,0.076605,0.017852,0.019671
0.000424,0.009351,0.001325,0.557693,0.002770,0.002299,0.181433,0.006294,0.004192,0.234219
