0.125572,0.406663,0.007205,0.003467,0.024932,0.122765,0.003919,0.024322,0.151055,0.130100
0.293494,0.258774,0.011037,0.073070,0.042994,0.123734,0.080434,0.067344,0.021352,0.027767
0.159000,0.314382,0.002958,0.004465,0.007498,0.247422,0.051884,0.004090,0.206087,0.002214
0.278078,0.126735,0.010633,0.017595,0.427858,0.009452,0.005240,0.086242,0.018421,0.019748
0.200158,0.245444,0.010614,0.017449,0.014727,0.163066,0.193091,0.057316,0.065804,0.032332
0.016474,0.290479,0.017828,0.016087,0.065962,0.132558,0.145646,0.129725,0.163102,0.022139
0.008663,0.417503,0.190662,0.001562,0.008867,0.157719,0.003900,0.026501,0.177829,0.006795
0.147487,0.192048,0.020356,0.031293,0.171201,0.115200,0.122541,0.120926,0.046128,0.032819
0.161586,0.215686,0.011383,0.015036,0.279510,0.153473,0.010564,0.027874,0.098348,0.026542
0.034125,0.632886,0.002576,0.001313,0.007220,0.002863,0.001211,0.004369,0.300814,0.012623
0.122828,0.200995,0.002108,0.404942,0.015404,0.097692,0.147999,0.001881,0.004274,0.001878
0.044810,0.169874,0.187319,0.195319,0.064284,0.182553,0.109694,0.026074,0.012457,0.007616
0.219406,0.003692,0.004350,0.502830,0.001493,0.109999,0.001221,0.008440,0.138019,0.010552
0.087333,0.013943,0.026740,0.009126,0.184713,0.264333,0.010724,0.341503,0.031484,0.030101
0.019890,0.014546,0.032714,0.026567,0.032718,0.395191,0.008932,0.387376,0.033153,0.048913
0.039068,0.002559,0.472452,0.008707,0.019880,0.014293,0.117408,0.006352,0.314821,0.004460
0.109794,0.268111,0.010451,0.068512,0.039194,0.022190,0.003917,0.179877,0.267147,0.030806
0.077996,0.261890,0.164301,0.093682,0.031835,0.133502,0.011625,0.031313,0.020645,0.173211
0.017722,0.064776,0.001908,0.508232,0.031916,0.001825,0.160220,0.045838,0.001944,0.165619
0.012410,0.010538,0.002784,0.613822,0.002403,0.085387,0.006692,0.175158,0.089508,0.001298
0.125978,0.129429,0.021728,0.057792,0.192310,0.164818,0.169845,0.050283,0.021600,0.066216
0.103543,0.251444,0.000900,0.005219,0.048069,0.186943,0.000707,0.002702,0.194036,0.206437
0.235733,0.265358,0.009949,0.016595,0.166662,0.123080,0.020937,0.021696,0.112407,0.027582
0.018476,0.251729,0.136320,0.021153,0.046498,0.109345,0.067556,0.059723,0.136481,0.152719
0.004568,0.394523,0.253107,0.012349,0.028813,0.004598,0.007147,0.048457,0.006345,0.240092
0.073066,0.162841,0.147868,0.121842,0.021346,0.218260,0.128222,0.086613,0.020414,0.019528
0.297221,0.162967,0.032920,0.014668,0.149832,0.057906,0.103913,0.046196,0.060533,0.073843
0.138581,0.402220,0.008423,0.002502,0.012082,0.156193,0.057748,0.003782,0.215451,0.003018
0.371407,0.188459,0.109354,0.031711,0.056447,0.071142,0.013203,0.063104,0.037984,0.057189
0.006009,0.336880,0.028011,0.051312,0.027950,0.008206,0.195391,0.300357,0.009670,0.036214
0.036191,0.000883,0.001519,0.003204,0.005772,0.888462,0.000904,0.001643,0.057231,0.004191
0.000804,0.148209,0.003177,0.429011,0.048277,0.084513,0.180662,0.004708,0.094719,0.005920
0.041831,0.344980,0.152327,0.023328,0.046784,0.142477,0.051445,0.022556,0.014060,0.160213
0.188284,0.178594,0.019955,0.041023,0.140229,0.106956,0.139002,0.109770,0.027230,0.048957
0.019473,0.138390,0.137856,0.042448,0.246161,0.064546,0.093201,0.057320,0.160117,0.040489
0.005839,0.007529,0.248013,0.023977,0.109328,0.245221,0.274438,0.030798,0.009841,0.045016
0.004801,0.180139,0.012611,0.012802,0.216793,0.159417,0.198665,0.014477,0.180399,0.019897
0.347856,0.196233,0.013665,0.006336,0.038140,0.104077,0.178380,0.043508,0.030534,0.041272
0.001403,0.193730,0.002685,0.532338,0.001746,0.017977,0.171118,0.046636,0.026395,0.005971
0.102886,0.238526,0.024948,0.021187,0.028823,0.123316,0.104358,0.063493,0.177975,0.114488
0.060176,0.265118,0.003688,0.504102,0.073235,0.002807,0.001931,0.078182,0.006276,0.004485
0.046343,0.270013,0.153688,0.074294,0.020291,0.125447,0.080808,0.017276,0.185972,0.025867
0.219640,0.065538,0.141232,0.072889,0.198971,0.050492,0.109489,0.053621,0.060545,0.027583
0.103397,0.091929,0.116189,0.017407,0.215195,0.193724,0.004241,0.131185,0.106883,0.019850
0.009015,0.010182,0.210378,0.038787,0.023089,0.012271,0.245817,0.147690,0.214420,0.088349
0.032023,0.218341,0.284053,0.023775,0.164509,0.010939,0.100361,0.025785,0.108832,0.031382
0.123770,0.114363,0.217267,0.017084,0.159978,0.098732,0.109693,0.029262,0.019366,0.110486
0.225890,0.145595,0.243485,0.004795,0.048096,0.008865,0.068361,0.129561,0.017922,0.107430
0.028105,0.228187,0.171531,0.008738,0.043949,0.122572,0.185874,0.027404,0.013408,0.170231
0.023537,0.094463,0.000877,0.000535,0.019980,0.804962,0.000476,0.000942,0.053384,0.000844
0.035161,0.174299,0.190516,0.021016,0.019672,0.033563,0.116115,0.236951,0.024956,0.147752
0.001344,0.194523,0.003980,0.015927,0.197862,0.005509,0.135669,0.012732,0.415047,0.017406
0.142054,0.268957,0.003453,0.168860,0.004202,0.148704,0.017797,0.005442,0.231669,0.008863
0.194550,0.146450,0.285172,0.020431,0.111341,0.013486,0.104261,0.063834,0.030084,0.030392
0.030904,0.081609,0.002599,0.482929,0.002651,0.143845,0.190566,0.049038,0.007868,0.007991
0.144408,0.014864,0.024090,0.021268,0.088290,0.203545,0.170300,0.073153,0.142361,0.117721
0.188004,0.212477,0.007445,0.003808,0.089585,0.139985,0.008269,0.143102,0.179089,0.028235
0.210410,0.047585,0.051072,0.097129,0.127056,0.032901,0.055192,0.144412,0.115002,0.119239
0.142181,0.200043,0.029065,0.062063,0.018632,0.126017,0.156998,0.210612,0.020880,0.033510
0.019555,0.163802,0.024488,0.072193,0.269089,0.198775,0.077636,0.078384,0.070012,0.026066
0.363981,0.197018,0.022505,0.079104,0.030613,0.013587,0.101974,0.062856,0.081872,0.046488
0.017392,0.152012,0.123387,0.022124,0.089431,0.225022,0.175953,0.021458,0.140015,0.033206
0.116733,0.193941,0.006680,0.049017,0.013373,0.277296,0.287437,0.027734,0.009947,0.017842
0.268030,0.097839,0.098359,0.030025,0.113315,0.009425,0.155531,0.039625,0.013337,0.174513
0.160918,0.183639,0.007691,0.060019,0.252398,0.006527,0.004015,0.059223,0.008465,0.257105
0.007688,0.164517,0.014396,0.005442,0.288844,0.013633,0.214237,0.128835,0.124336,0.038072
0.196631,0.198801,0.011871,0.017081,0.038714,0.010806,0.143157,0.173273,0.027453,0.182213
0.249136,0.281688,0.032016,0.032948,0.037759,0.011890,0.224873,0.041681,0.027297,0.060711
0.106789,0.002539,0.288839,0.007081,0.016464,0.198898,0.095529,0.004526,0.275863,0.003471
0.020240,0.014783,0.024734,0.091147,0.241374,0.208250,0.247111,0.099378,0.014223,0.038761
0.043910,0.209245,0.175195,0.001863,0.088678,0.002836,0.209287,0.003678,0.258042,0.007267
0.078530,0.259438,0.004561,0.474791,0.062608,0.026624,0.035197,0.003447,0.010475,0.044328
0.017589,0.106077,0.113364,0.020004,0.278927,0.019500,0.169327,0.034733,0.113767,0.126714
0.080620,0.134591,0.008934,0.015339,0.289323,0.019063,0.150499,0.142805,0.130277,0.028549
0.258719,0.240003,0.022054,0.015948,0.180862,0.135992,0.009890,0.056130,0.057099,0.023304
0.035750,0.003478,0.207499,0.014722,0.054613,0.265470,0.011792,0.159796,0.209353,0.037527
0.004642,0.310981,0.010454,0.019732,0.453599,0.027305,0.003534,0.143703,0.011774,0.014275
0.154110,0.265041,0.016633,0.044876,0.054227,0.079691,0.106626,0.076859,0.111986,0.089950
0.023361,0.324950,0.039240,0.027165,0.048754,0.141189,0.258318,0.041815,0.038711,0.056496
0.044750,0.058752,0.000467,0.002025,0.016527,0.792990,0.000716,0.001829,0.064008,0.017937
0.020433,0.091005,0.684052,0.001106,0.002579,0.009780,0.085582,0.001801,0.102375,0.001286
0.032746,0.143991,0.020042,0.016665,0.206521,0.214306,0.127439,0.067186,0.059540,0.111563
0.165196,0.174881,0.020705,0.019850,0.270122,0.153228,0.087827,0.059993,0.019233,0.028966
0.003887,0.278560,0.006662,0.053448,0.010676,0.307161,0.286404,0.021418,0.010656,0.021127
0.028517,0.563304,0.002126,0.006069,0.013787,0.166617,0.000919,0.002979,0.209695,0.005986
0.001142,0.358630,0.002255,0.021044,0.081125,0.003310,0.004417,0.008024,0.513071,0.006981
0.055653,0.230344,0.139290,0.065308,0.007342,0.128146,0.236187,0.060987,0.065398,0.011344
0.001537,0.292787,0.007523,0.003573,0.020654,0.182094,0.192240,0.021633,0.242210,0.035748
0.210537,0.385324,0.010392,0.008579,0.018296,0.002724,0.041594,0.004213,0.306513,0.011829
0.183512,0.149169,0.023188,0.021860,0.250826,0.012711,0.117489,0.113133,0.094954,0.033159
0.234849,0.287090,0.014854,0.014814,0.049234,0.010640,0.078754,0.084905,0.108313,0.116547
0.234791,0.198186,0.025163,0.026113,0.169101,0.098086,0.105220,0.084275,0.023736,0.035328
0.072935,0.184109,0.020376,0.020138,0.083954,0.134399,0.159785,0.121669,0.179763,0.022872
0.030789,0.288818,0.018930,0.004008,0.172319,0.007277,0.262282,0.046520,0.016062,0.152995
0.292019,0.005972,0.198477,0.009202,0.287195,0.007842,0.003973,0.021979,0.016409,0.156931
0.330020,0.119746,0.032041,0.029274,0.160545,0.015968,0.146845,0.057231,0.048450,0.059880
0.076501,0.233646,0.008449,0.012113,0.253714,0.156190,0.007149,0.044949,0.015381,0.191910
0.038709,0.023720,0.003585,0.602602,0.031903,0.001693,0.252213,0.005536,0.034295,0.005745
0.006294,0.168180,0.396915,0.003808,0.235694,0.057023,0.003811,0.028083,0.074049,0.026143
0.205033,0.144876,0.008322,0.014784,0.125021,0.217996,0.153670,0.091537,0.022872,0.015889
0.109313,0.120177,0.004082,0.006290,0.021793,0.200248,0.003523,0.037712,0.302768,0.194093
0.008972,0.279066,0.005718,0.005587,0.007877,0.003598,0.204364,0.029044,0.254058,0.201714
0.048432,0.350205,0.006655,0.007225,0.008400,0.008092,0.297877,0.003392,0.249810,0.019910
0.031123,0.325097,0.026286,0.033738,0.073274,0.017750,0.013470,0.225815,0.204159,0.049289
0.029544,0.423346,0.025145,0.046626,0.041480,0.235890,0.026199,0.050783,0.052648,0.068340
0.039003,0.212827,0.131649,0.013743,0.006207,0.129920,0.147087,0.043109,0.148999,0.127456
0.417676,0.155355,0.021572,0.017274,0.112591,0.123752,0.081669,0.027799,0.018516,0.023797
0.229278,0.119365,0.010548,0.025258,0.204561,0.159672,0.087687,0.043740,0.026565,0.093327
0.002667,0.196028,0.173457,0.007458,0.009891,0.246705,0.138773,0.030314,0.186664,0.008043
0.274415,0.181763,0.008186,0.017691,0.265844,0.201134,0.003420,0.015884,0.012053,0.019610
0.178432,0.207154,0.020498,0.026428,0.129630,0.095420,0.132985,0.034316,0.131783,0.043355
0.389281,0.242001,0.014255,0.002198,0.011719,0.004840,0.287237,0.019622,0.008365,0.020481
0.019701,0.034178,0.001723,0.190135,0.016563,0.704057,0.022210,0.006532,0.002931,0.001969
0.086542,0.258901,0.002552,0.478256,0.095636,0.002380,0.001114,0.062417,0.004969,0.007233
0.293954,0.187966,0.008863,0.018382,0.016032,0.180186,0.240241,0.027365,0.012872,0.014140
0.009863,0.212931,0.014422,0.002746,0.022339,0.005700,0.224600,0.033640,0.254132,0.219628
0.015991,0.243918,0.023747,0.040022,0.100598,0.092483,0.007414,0.214870,0.027416,0.233540
0.000655,0.076301,0.000904,0.001511,0.000735,0.866666,0.000503,0.001108,0.049954,0.001661
0.021819,0.376996,0.027167,0.022035,0.068093,0.009114,0.005574,0.254209,0.164288,0.050705
0.056966,0.135519,0.004114,0.408752,0.097539,0.003131,0.084591,0.192265,0.009619,0.007503
0.008232,0.127752,0.002579,0.512357,0.019068,0.088071,0.032240,0.013886,0.004003,0.191814
0.170242,0.221725,0.018491,0.031983,0.085195,0.150706,0.119853,0.082132,0.083762,0.035910
0.016343,0.214578,0.147787,0.019555,0.061738,0.125559,0.224905,0.041280,0.011047,0.137207
0.091585,0.166745,0.212272,0.016175,0.007806,0.095094,0.076898,0.030897,0.182530,0.119998
0.124704,0.104728,0.213872,0.021972,0.246726,0.010395,0.067291,0.136990,0.017912,0.055409
0.002413,0.314371,0.005631,0.543060,0.066833,0.027042,0.021455,0.005788,0.010625,0.002782
0.159365,0.180343,0.094143,0.024893,0.107157,0.181600,0.006130,0.090750,0.058648,0.096972
0.000545,0.046567,0.004341,0.750309,0.007682,0.132673,0.041349,0.004682,0.009791,0.002062
0.225134,0.017913,0.033112,0.021950,0.092282,0.229941,0.195842,0.027921,0.121786,0.034118
0.136782,0.004375,0.180933,0.082542,0.098160,0.191792,0.086947,0.070441,0.118534,0.029495
0.341284,0.235096,0.022477,0.023121,0.028278,0.029918,0.178199,0.101556,0.018386,0.021685
0.328930,0.221809,0.014278,0.026832,0.139101,0.037153,0.094348,0.064335,0.028923,0.044291
0.129869,0.128320,0.141847,0.014014,0.109361,0.124530,0.111766,0.062093,0.096338,0.081863
0.043723,0.311348,0.011519,0.044048,0.033225,0.008780,0.246249,0.059890,0.025046,0.216172
0.026751,0.097896,0.259229,0.008969,0.107771,0.136668,0.071830,0.008089,0.277975,0.004823
0.031892,0.120617,0.624847,0.005672,0.059917,0.002441,0.037772,0.002761,0.108339,0.005742
0.003265,0.207321,0.001456,0.507611,0.001691,0.067375,0.018476,0.028480,0.002002,0.162323
0.179638,0.232839,0.005395,0.381640,0.063580,0.004078,0.003182,0.007423,0.118366,0.003858
0.012626,0.310724,0.029889,0.061195,0.029306,0.399376,0.023729,0.037919,0.042141,0.053096
0.000355,0.137925,0.001518,0.470055,0.002524,0.122954,0.000660,0.037691,0.001043,0.225277
0.258262,0.009029,0.276963,0.036627,0.160776,0.011459,0.076403,0.065588,0.011781,0.093111
0.025757,0.167032,0.128566,0.015002,0.126499,0.021921,0.209434,0.182744,0.093914,0.029131
0.122493,0.207125,0.025936,0.023100,0.272124,0.103828,0.102154,0.076714,0.026568,0.039959
0.238078,0.184602,0.248699,0.032493,0.061164,0.113883,0.009101,0.068739,0.012677,0.030563
0.222980,0.271668,0.007386,0.008117,0.300039,0.005253,0.004787,0.147554,0.011951,0.020265
0.340101,0.252302,0.011475,0.022238,0.030989,0.154938,0.013821,0.107602,0.013244,0.053291
0.044481,0.210039,0.016796,0.014645,0.029885,0.008310,0.329328,0.030174,0.282598,0.033744
0.033401,0.253215,0.002238,0.502815,0.004792,0.144810,0.013803,0.002153,0.007207,0.035567
0.119685,0.123857,0.031497,0.022915,0.145343,0.167898,0.164046,0.071465,0.111703,0.041590
0.039852,0.254153,0.003610,0.425245,0.001398,0.141120,0.092361,0.029763,0.009447,0.003051
0.124217,0.180478,0.024167,0.022239,0.083346,0.273527,0.128629,0.072177,0.065590,0.025631
0.303622,0.166833,0.013665,0.014801,0.132167,0.156726,0.008792,0.146274,0.011940,0.045180
0.000312,0.017326,0.001060,0.003334,0.027741,0.807397,0.063482,0.001278,0.070541,0.007528
0.203559,0.124318,0.094264,0.030696,0.069912,0.019756,0.138919,0.097158,0.036370,0.185048
0.064724,0.014031,0.017744,0.028895,0.045221,0.067187,0.303832,0.188115,0.032608,0.237641
0.154338,0.308588,0.112871,0.009205,0.009535,0.115034,0.060716,0.057539,0.146413,0.025762
0.140724,0.134286,0.003508,0.432424,0.084551,0.002784,0.072497,0.011697,0.089148,0.028381
0.034914,0.193493,0.001354,0.000885,0.054317,0.211841,0.000512,0.002685,0.261572,0.238427
0.051365,0.192140,0.026297,0.043210,0.076194,0.271143,0.131822,0.056741,0.115308,0.035781
0.020024,0.239295,0.022968,0.003908,0.041492,0.253519,0.059344,0.056363,0.226500,0.076585
0.242155,0.225115,0.011762,0.019294,0.031594,0.156016,0.118228,0.032831,0.134267,0.028739
0.023184,0.010203,0.279912,0.147984,0.059255,0.034762,0.014095,0.218807,0.012718,0.199079
0.025477,0.178573,0.151296,0.106095,0.032190,0.153935,0.127988,0.098142,0.087018,0.039285
0.001400,0.025437,0.701971,0.001007,0.027973,0.005077,0.011291,0.001780,0.105440,0.118622
0.014771,0.174540,0.155292,0.083679,0.018056,0.199673,0.061148,0.022169,0.208264,0.062410
0.044159,0.429629,0.006154,0.015265,0.010858,0.004615,0.003474,0.008784,0.321161,0.155902
0.201815,0.364292,0.020911,0.019835,0.028658,0.078869,0.067033,0.102802,0.091149,0.024638
0.029315,0.225967,0.132130,0.068946,0.289598,0.024180,0.010981,0.043558,0.018224,0.157102
0.313112,0.014320,0.032656,0.050712,0.127989,0.105755,0.119979,0.041213,0.027483,0.166781
0.275633,0.179284,0.028748,0.025600,0.067832,0.136855,0.169325,0.037829,0.028152,0.050743
0.189142,0.209822,0.014231,0.006664,0.157536,0.138836,0.083772,0.148745,0.021503,0.029749
0.000982,0.567809,0.003015,0.007118,0.173093,0.013230,0.001612,0.006011,0.199054,0.028076
0.118772,0.186292,0.006348,0.477505,0.061803,0.032263,0.073205,0.026699,0.012573,0.004540
0.037368,0.478440,0.009093,0.098864,0.012378,0.006132,0.004917,0.121376,0.183144,0.048288
0.185456,0.141588,0.024490,0.031224,0.068231,0.089427,0.013632,0.176463,0.185438,0.084050
0.051952,0.301548,0.079538,0.026761,0.195580,0.013069,0.136390,0.112740,0.032930,0.049491
0.042291,0.326624,0.002874,0.005880,0.050578,0.134471,0.001828,0.002873,0.193645,0.238937
0.250945,0.191063,0.010953,0.021073,0.018070,0.009734,0.249548,0.211303,0.020070,0.017240
0.081381,0.282501,0.044566,0.047780,0.071987,0.081574,0.069049,0.081849,0.161090,0.078223
0.181306,0.202338,0.006395,0.371862,0.006754,0.148237,0.046198,0.018927,0.012758,0.005225
0.007475,0.012956,0.022770,0.025984,0.177091,0.013538,0.129718,0.178141,0.230587,0.201741
0.134800,0.128238,0.021134,0.004747,0.272337,0.135565,0.179717,0.029725,0.059387,0.034351
0.420164,0.204731,0.006600,0.007339,0.178586,0.005323,0.004121,0.015229,0.013292,0.144615
0.079412,0.233592,0.008607,0.101342,0.010900,0.073456,0.004714,0.120372,0.150257,0.217347
0.184780,0.139373,0.023104,0.020775,0.189843,0.123991,0.215563,0.047210,0.020765,0.034596
0.118090,0.260639,0.009006,0.016299,0.296315,0.062159,0.003761,0.020569,0.018041,0.195120
0.008702,0.213312,0.077011,0.075539,0.261996,0.159936,0.006148,0.143976,0.023545,0.029835
0.093429,0.376021,0.010204,0.069236,0.078348,0.015827,0.107851,0.063225,0.069360,0.116498
0.289015,0.167395,0.020268,0.017156,0.257791,0.008868,0.010445,0.184587,0.009060,0.035414
0.047131,0.243222,0.006772,0.011665,0.032600,0.003821,0.235574,0.143281,0.259027,0.016907
0.085115,0.018758,0.020250,0.136994,0.252073,0.074053,0.281984,0.074746,0.019107,0.036921
0.349636,0.227750,0.018733,0.013314,0.058247,0.177224,0.019574,0.090856,0.019112,0.025553
0.001852,0.144531,0.002138,0.515702,0.004190,0.087547,0.186860,0.001957,0.029723,0.025500
0.008331,0.217445,0.002638,0.404387,0.019157,0.086842,0.002421,0.054525,0.008153,0.196102
0.044581,0.302921,0.036034,0.021967,0.272881,0.144050,0.005101,0.138164,0.011856,0.022444
0.277621,0.136877,0.007771,0.183031,0.079628,0.162779,0.004579,0.013490,0.126222,0.008000
0.014436,0.193125,0.006813,0.015006,0.011998,0.245681,0.208290,0.107376,0.014906,0.182369
0.012027,0.251166,0.165859,0.003259,0.141186,0.114528,0.038559,0.020143,0.133978,0.119295
0.221367,0.248847,0.092403,0.022206,0.034486,0.069240,0.012019,0.179723,0.024236,0.095473
0.014637,0.285403,0.010364,0.034392,0.047170,0.209254,0.283299,0.075861,0.015407,0.024214
0.027803,0.015042,0.048241,0.153184,0.282133,0.122643,0.008362,0.110215,0.167167,0.065212
0.029630,0.176667,0.036945,0.038212,0.035789,0.130078,0.242205,0.164316,0.078511,0.067648
0.195869,0.089299,0.027028,0.030465,0.223547,0.081969,0.087289,0.075722,0.097334,0.091479
0.085213,0.272069,0.243794,0.055046,0.078207,0.006400,0.119366,0.053227,0.066091,0.020586
0.019046,0.245974,0.024535,0.099675,0.239380,0.008719,0.007391,0.100871,0.011261,0.243148
0.009493,0.007114,0.000912,0.170286,0.000315,0.750660,0.026962,0.000708,0.032774,0.000777
0.024056,0.014516,0.218380,0.039785,0.033162,0.057648,0.369177,0.159444,0.025970,0.057862
0.441612,0.277868,0.002624,0.002184,0.087403,0.003989,0.002748,0.007045,0.170410,0.004118
0.307319,0.004991,0.043273,0.020842,0.153284,0.052898,0.238027,0.097700,0.027941,0.053724
0.201062,0.015239,0.020238,0.024900,0.026051,0.014828,0.229902,0.033029,0.380451,0.054300
0.007415,0.209696,0.012546,0.036363,0.071029,0.362061,0.126399,0.022021,0.119225,0.033246
0.097225,0.153442,0.012439,0.017145,0.114093,0.194102,0.001748,0.007820,0.383399,0.018586
0.042496,0.270540,0.000676,0.006384,0.001960,0.357372,0.022673,0.003438,0.285159,0.009303
0.207780,0.229862,0.025545,0.019695,0.118478,0.184103,0.008773,0.037549,0.136679,0.031535
0.150471,0.145180,0.008536,0.081541,0.029015,0.213191,0.141803,0.059121,0.145329,0.025813
0.255825,0.206198,0.034659,0.023833,0.126986,0.172185,0.007332,0.100530,0.026243,0.046209
0.216707,0.250680,0.006780,0.002371,0.014666,0.001429,0.285161,0.003352,0.208495,0.010360
0.100740,0.176763,0.127808,0.072044,0.142949,0.010664,0.145781,0.048544,0.149987,0.024721
0.094242,0.273596,0.014285,0.066874,0.216664,0.142632,0.003808,0.025385,0.116724,0.045789
0.196910,0.121416,0.300821,0.016810,0.097936,0.006833,0.132614,0.018991,0.080862,0.026808
0.024002,0.277397,0.030003,0.014947,0.030578,0.015085,0.196606,0.128741,0.027658,0.254984
0.009392,0.391284,0.005854,0.010923,0.009641,0.246127,0.253889,0.044626,0.009364,0.018899
0.106539,0.166095,0.088749,0.025173,0.190119,0.090944,0.108352,0.096178,0.015334,0.112517
0.161658,0.010871,0.011525,0.003419,0.049248,0.303052,0.004356,0.053255,0.203598,0.199017
0.099164,0.234430,0.038116,0.026201,0.060279,0.011174,0.017547,0.128662,0.165840,0.218586
0.097027,0.272442,0.012750,0.115981,0.032849,0.179212,0.209080,0.046581,0.014238,0.019840
0.012223,0.101632,0.002374,0.489452,0.036042,0.001679,0.024702,0.044984,0.112648,0.174264
0.004946,0.281715,0.015985,0.128238,0.320245,0.014393,0.002703,0.032036,0.177179,0.022560
0.049832,0.298713,0.411912,0.029393,0.035495,0.011541,0.007879,0.095001,0.022040,0.038193
0.265065,0.180845,0.090591,0.022419,0.182191,0.029716,0.006318,0.054524,0.127977,0.040355
0.000261,0.045549,0.001118,0.131228,0.000496,0.771053,0.000325,0.001650,0.047164,0.001156
0.052391,0.134354,0.172949,0.044458,0.027384,0.219775,0.146060,0.041329,0.142154,0.019147
0.011452,0.272446,0.007859,0.060966,0.023600,0.053044,0.237173,0.057357,0.264413,0.011690
0.016107,0.137671,0.019073,0.019654,0.313470,0.007893,0.243473,0.021445,0.082211,0.139004
0.260925,0.129302,0.010479,0.417407,0.007667,0.003658,0.002760,0.004809,0.157399,0.005594
0.048575,0.157233,0.002734,0.487266,0.018688,0.151501,0.014217,0.012685,0.103471,0.003631
0.212503,0.150733,0.116224,0.016761,0.210998,0.010002,0.169113,0.020964,0.077552,0.015150
0.018927,0.095061,0.001871,0.453907,0.002646,0.121568,0.149720,0.013411,0.001794,0.141095
0.102425,0.161477,0.231780,0.053632,0.032547,0.010102,0.071872,0.020081,0.167283,0.148802
0.106318,0.209289,0.020346,0.017260,0.033891,0.012453,0.132077,0.137475,0.174889,0.156001
0.006099,0.398067,0.010733,0.004149,0.022877,0.081991,0.002754,0.057889,0.394829,0.020613
0.027694,0.265292,0.018407,0.010460,0.051714,0.020086,0.211175,0.116210,0.243920,0.035042
0.002115,0.197304,0.002471,0.410234,0.073463,0.070261,0.139056,0.012320,0.088204,0.004571
0.002689,0.136961,0.005348,0.680684,0.007159,0.003682,0.002507,0.095253,0.055778,0.009938
0.275619,0.233362,0.022894,0.082390,0.060937,0.179129,0.005964,0.105834,0.013811,0.020061
0.071384,0.260805,0.016012,0.017895,0.092524,0.300237,0.007504,0.151197,0.031336,0.051105
0.010957,0.201537,0.000944,0.188476,0.003282,0.001767,0.046038,0.006264,0.268713,0.272022
0.033744,0.002854,0.002747,0.535808,0.001302,0.108495,0.285163,0.013205,0.011036,0.005647
0.131443,0.002600,0.373128,0.009191,0.110151,0.003445,0.078650,0.006897,0.280486,0.004008
0.310420,0.260264,0.086476,0.011776,0.120866,0.023067,0.010962,0.068919,0.090303,0.016948
0.060450,0.084659,0.231067,0.120749,0.027801,0.177246,0.244903,0.021502,0.015194,0.016429
0.041447,0.340142,0.021033,0.021971,0.296436,0.007738,0.006348,0.041306,0.179959,0.043619
0.079434,0.204895,0.138650,0.022374,0.047764,0.111339,0.011273,0.286868,0.038184,0.059221
0.027730,0.012144,0.023902,0.031869,0.132034,0.142450,0.229126,0.153349,0.215263,0.032133
0.227845,0.121419,0.214524,0.017288,0.161082,0.074126,0.124069,0.019485,0.011303,0.028859
0.008649,0.364230,0.024026,0.005811,0.038658,0.013083,0.157787,0.102917,0.142260,0.142580
0.160066,0.212902,0.020824,0.097067,0.132387,0.007907,0.142205,0.078024,0.113816,0.034802
0.041649,0.263893,0.010940,0.021654,0.209901,0.007598,0.009649,0.175053,0.242243,0.017420
0.293892,0.239852,0.027493,0.057974,0.028984,0.223624,0.012168,0.034236,0.038908,0.042870
0.050507,0.165094,0.001679,0.011048,0.012865,0.319510,0.001678,0.007242,0.385752,0.044625
0.017411,0.128700,0.012211,0.053032,0.199569,0.223235,0.123086,0.097001,0.043998,0.101756
0.241002,0.249446,0.012663,0.038242,0.052427,0.068981,0.008651,0.081778,0.218356,0.028455
0.185822,0.328648,0.033585,0.095619,0.075563,0.020741,0.017578,0.123606,0.052673,0.066165
0.015592,0.098700,0.002273,0.466892,0.029505,0.074394,0.130206,0.001783,0.057936,0.122718
0.219972,0.226556,0.019479,0.012663,0.126708,0.007166,0.190720,0.020827,0.010219,0.165690
0.264699,0.178082,0.010229,0.068677,0.029159,0.171924,0.019835,0.071209,0.158456,0.027730
0.076216,0.217483,0.214144,0.014010,0.025652,0.180775,0.220253,0.026355,0.008460,0.016652
0.109817,0.255167,0.166653,0.108300,0.027519,0.007476,0.003721,0.114645,0.017977,0.188725
0.114996,0.207066,0.008926,0.005008,0.230772,0.064401,0.154138,0.059006,0.074442,0.081245
0.003824,0.125873,0.005928,0.499202,0.085684,0.007572,0.249290,0.004241,0.013191,0.005195
0.026402,0.454726,0.018446,0.017765,0.016186,0.159837,0.009979,0.081096,0.182154,0.033409
0.171870,0.005233,0.010521,0.023293,0.269257,0.132034,0.083227,0.102209,0.165440,0.036917
0.002917,0.004529,0.002363,0.561408,0.068308,0.064690,0.107289,0.033029,0.016356,0.139111
0.011910,0.052254,0.005300,0.588529,0.002167,0.199546,0.044596,0.035113,0.003184,0.057401
0.029366,0.209070,0.001500,0.420651,0.000638,0.001306,0.152837,0.181895,0.001265,0.001471
0.000734,0.162498,0.005068,0.009088,0.022973,0.208952,0.140450,0.006936,0.439170,0.004130
0.083880,0.003973,0.004055,0.463270,0.116776,0.003221,0.282930,0.023971,0.006331,0.011594
0.182333,0.121035,0.011558,0.022808,0.230841,0.124810,0.085537,0.062012,0.129693,0.029373
0.089326,0.172324,0.023437,0.021316,0.104390,0.012738,0.218928,0.063022,0.167989,0.126530
0.000901,0.097688,0.002171,0.282473,0.127024,0.158595,0.002387,0.010407,0.314098,0.004257
0.245980,0.142926,0.271225,0.020634,0.015288,0.104431,0.008548,0.060756,0.060135,0.070078
0.010660,0.191501,0.002964,0.675837,0.003764,0.001943,0.046784,0.061377,0.001219,0.003952
0.079278,0.101537,0.204866,0.064937,0.028967,0.148626,0.171180,0.023486,0.153755,0.023368
0.054104,0.458131,0.010557,0.002215,0.023424,0.117041,0.143577,0.032247,0.140657,0.018048
0.250531,0.088357,0.031375,0.029639,0.161896,0.094134,0.174495,0.072900,0.035537,0.061136
0.004021,0.166988,0.003666,0.012355,0.249569,0.005222,0.184302,0.008844,0.353877,0.011155
0.318564,0.161497,0.024071,0.043673,0.151044,0.011137,0.108385,0.122778,0.021342,0.037510
0.001409,0.104325,0.658756,0.001006,0.005483,0.005057,0.000776,0.001433,0.095509,0.126246
0.014906,0.152113,0.234045,0.016076,0.215225,0.109428,0.057231,0.055888,0.131513,0.013574
0.003604,0.149685,0.007285,0.607640,0.096020,0.005307,0.002071,0.107965,0.004079,0.016344
0.002048,0.260795,0.003382,0.550080,0.004648,0.102788,0.014716,0.024362,0.035120,0.002063
0.243313,0.263672,0.026311,0.018437,0.016634,0.006720,0.216916,0.073317,0.107427,0.027252
0.219094,0.010239,0.022034,0.018592,0.389591,0.132390,0.005867,0.081918,0.083876,0.036399
0.019004,0.182844,0.021972,0.064972,0.019437,0.167461,0.194013,0.163602,0.129655,0.037039
0.045022,0.256662,0.014050,0.190225,0.020340,0.011213,0.329967,0.082504,0.011268,0.038749
0.171632,0.450285,0.008595,0.007474,0.018729,0.002004,0.001545,0.004149,0.328097,0.007490
0.127780,0.220693,0.021057,0.072493,0.082451,0.009908,0.209896,0.141903,0.082965,0.030852
0.016971,0.328736,0.002101,0.005115,0.004473,0.007730,0.360483,0.003764,0.268400,0.002227
0.324084,0.240941,0.009567,0.072041,0.084896,0.019556,0.066543,0.052461,0.106713,0.023199
0.071553,0.167997,0.026612,0.023329,0.263976,0.013685,0.287393,0.090331,0.013985,0.041139
0.085260,0.043486,0.013456,0.231541,0.045459,0.229370,0.184665,0.127300,0.026502,0.012961
0.032177,0.260786,0.179272,0.022772,0.035800,0.196455,0.008541,0.076789,0.148384,0.039024
0.002695,0.501300,0.004133,0.007750,0.008827,0.012011,0.004293,0.192873,0.252427,0.013691
0.368198,0.301627,0.026911,0.022122,0.031138,0.009628,0.006870,0.024003,0.177489,0.032015
0.000380,0.082425,0.000833,0.002657,0.028894,0.792605,0.000971,0.002056,0.064349,0.024830
0.026785,0.198811,0.172885,0.005697,0.124845,0.134748,0.193028,0.082726,0.021475,0.039000
0.035420,0.010280,0.412077,0.006869,0.052176,0.156056,0.008517,0.029137,0.113054,0.176414
0.148695,0.155402,0.220874,0.062619,0.055997,0.016014,0.121309,0.060851,0.022496,0.135744
0.026655,0.102261,0.003121,0.511634,0.022071,0.023730,0.076656,0.023929,0.002100,0.207843
0.372630,0.011629,0.067056,0.021691,0.023555,0.139137,0.102515,0.084418,0.147188,0.030182
0.038557,0.094103,0.072915,0.020523,0.192536,0.161214,0.131680,0.095596,0.033907,0.158971
0.199949,0.155845,0.298074,0.016275,0.092808,0.050398,0.113907,0.033079,0.015571,0.024092
0.042303,0.303993,0.003958,0.006722,0.055042,0.100902,0.256621,0.004473,0.218731,0.007255
0.081032,0.342370,0.085938,0.001870,0.007988,0.003188,0.204712,0.002856,0.245710,0.024337
0.081215,0.365772,0.004880,0.007163,0.081951,0.024544,0.232199,0.005423,0.188853,0.007999
0.021372,0.213607,0.015582,0.031707,0.207911,0.244353,0.022468,0.067432,0.142602,0.032966
0.005927,0.215032,0.021685,0.015340,0.288658,0.021725,0.261610,0.125619,0.016205,0.028199
0.100256,0.109784,0.025349,0.060191,0.299953,0.168234,0.009179,0.033461,0.064690,0.128901
0.015226,0.235645,0.177469,0.011740,0.081886,0.007670,0.299694,0.134509,0.009798,0.026363
0.004239,0.163869,0.004239,0.015711,0.182960,0.004340,0.186817,0.006229,0.416185,0.015411
0.034313,0.138257,0.002454,0.489956,0.044232,0.002888,0.001902,0.054639,0.001737,0.229622
0.368280,0.105772,0.022686,0.014762,0.019738,0.081443,0.127803,0.074565,0.146421,0.038531
0.003164,0.095960,0.002040,0.691031,0.001119,0.050550,0.003350,0.034627,0.108725,0.009434
0.319757,0.011617,0.013489,0.014639,0.021807,0.129428,0.009066,0.087049,0.172191,0.220958
0.211688,0.239256,0.285118,0.010103,0.097487,0.089721,0.010111,0.020591,0.009007,0.026918
0.017026,0.076263,0.004310,0.599318,0.039102,0.119803,0.009210,0.004105,0.125611,0.005253
0.278836,0.014360,0.011472,0.043605,0.037181,0.238761,0.183403,0.122900,0.033785,0.035699
0.031297,0.002697,0.001311,0.002492,0.121663,0.490073,0.079569,0.008083,0.258471,0.004344
0.011128,0.063417,0.001763,0.615173,0.001231,0.082373,0.176016,0.043288,0.002334,0.003277
0.016484,0.175494,0.020695,0.013769,0.223556,0.007102,0.153754,0.230009,0.010643,0.148493
0.143711,0.240415,0.027650,0.030408,0.039445,0.095090,0.154507,0.132314,0.099630,0.036831
0.068325,0.312731,0.015409,0.014026,0.213527,0.146789,0.060408,0.029979,0.015145,0.123661
0.023363,0.152252,0.678117,0.002998,0.004816,0.009730,0.000918,0.002166,0.090182,0.035457
0.043528,0.189707,0.010155,0.036381,0.307028,0.013082,0.154665,0.088982,0.113796,0.042675
0.042359,0.195314,0.003179,0.500035,0.045022,0.193090,0.001308,0.005123,0.008818,0.005751
0.002515,0.382904,0.002857,0.006634,0.121259,0.140902,0.033129,0.004701,0.301948,0.003152
0.055856,0.184163,0.004095,0.011389,0.063308,0.165778,0.103717,0.013196,0.191140,0.207357
0.021421,0.004177,0.004310,0.475893,0.059366,0.109489,0.001490,0.023147,0.010007,0.290701
0.001551,0.315319,0.000593,0.004402,0.005844,0.001773,0.241984,0.002225,0.195383,0.230925
0.400057,0.207381,0.018249,0.025849,0.034144,0.224610,0.006127,0.030257,0.028628,0.024697
0.017813,0.011821,0.542880,0.022288,0.189470,0.095985,0.007645,0.045742,0.019393,0.046964
0.021537,0.299677,0.030168,0.006547,0.159451,0.164941,0.122285,0.088109,0.074075,0.033210
0.008550,0.172760,0.366267,0.085940,0.080928,0.007045,0.131501,0.098872,0.021785,0.026353
0.054636,0.187102,0.004452,0.011513,0.296115,0.041744,0.002023,0.008053,0.388392,0.005971
0.020256,0.130546,0.203886,0.038662,0.094799,0.135645,0.084171,0.189441,0.019678,0.082916
0.013274,0.095871,0.004972,0.606511,0.005659,0.024632,0.033231,0.019240,0.194279,0.002330
0.029169,0.504428,0.003427,0.007769,0.015339,0.120678,0.073601,0.005398,0.231861,0.008329
0.303174,0.163710,0.117573,0.045163,0.026128,0.009150,0.011873,0.087256,0.102399,0.133575
0.000455,0.001324,0.340262,0.005471,0.002278,0.002046,0.334321,0.003200,0.231302,0.079341
0.051991,0.197907,0.213708,0.206551,0.037799,0.006586,0.123520,0.104346,0.050209,0.007384
0.056366,0.054196,0.063467,0.004512,0.039267,0.646067,0.023526,0.003196,0.102415,0.006989
0.346652,0.233556,0.020847,0.018108,0.136447,0.009201,0.106411,0.088752,0.011972,0.028053
0.017661,0.003341,0.464661,0.020097,0.151221,0.039259,0.154404,0.101175,0.011088,0.037094
0.000260,0.099794,0.001185,0.052409,0.001091,0.657245,0.021044,0.001918,0.096704,0.068349
0.018821,0.278019,0.007113,0.119422,0.010481,0.004542,0.345611,0.034788,0.162328,0.018876
0.015401,0.377890,0.153319,0.034605,0.149429,0.009157,0.010584,0.068597,0.015920,0.165098
0.187900,0.140603,0.034419,0.032795,0.147590,0.081788,0.106170,0.083535,0.066066,0.119132
0.193371,0.165794,0.021564,0.004274,0.115283,0.201851,0.009572,0.110424,0.143923,0.033945
0.308359,0.152497,0.015880,0.067981,0.079091,0.097737,0.153751,0.046100,0.030894,0.047710
0.008367,0.324421,0.005757,0.009698,0.072195,0.210014,0.275656,0.015529,0.009625,0.068738
0.056556,0.013953,0.030132,0.065286,0.032744,0.203210,0.010581,0.086560,0.227064,0.273915
0.018713,0.012123,0.013636,0.013396,0.677402,0.063383,0.007048,0.127026,0.021320,0.045954
0.027215,0.192271,0.016641,0.025333,0.014789,0.166101,0.198751,0.077144,0.105554,0.176199
0.169845,0.212178,0.004329,0.209052,0.095232,0.003231,0.028161,0.006699,0.258006,0.013266
0.011411,0.298585,0.039663,0.082585,0.059049,0.014136,0.304028,0.126654,0.027225,0.036663
0.023982,0.539238,0.019524,0.040962,0.042074,0.012007,0.010522,0.243298,0.026974,0.041419
0.108525,0.181855,0.157256,0.025437,0.123577,0.188125,0.122490,0.029637,0.023654,0.039444
0.265827,0.257902,0.005900,0.043541,0.025527,0.178883,0.002273,0.017155,0.010578,0.192415
0.087124,0.054433,0.007496,0.055377,0.184184,0.062162,0.186768,0.091965,0.120599,0.149893
0.006954,0.008832,0.030738,0.023749,0.270310,0.010688,0.386419,0.038274,0.185146,0.038890
0.069527,0.125423,0.006518,0.557133,0.005819,0.197548,0.001781,0.018396,0.003608,0.014247
0.236108,0.218472,0.025265,0.023512,0.129116,0.080255,0.013909,0.171276,0.013125,0.088960
0.342726,0.115966,0.013989,0.026085,0.119210,0.009366,0.115127,0.096330,0.120662,0.040539
0.325519,0.021051,0.021641,0.060207,0.062371,0.022262,0.236872,0.143231,0.040114,0.066732
0.029832,0.400263,0.018377,0.018986,0.074929,0.133131,0.179050,0.104735,0.010066,0.030631
0.302571,0.183321,0.029236,0.016455,0.141485,0.190023,0.015506,0.048644,0.024866,0.047894
0.419921,0.154887,0.018976,0.017146,0.028224,0.025865,0.149231,0.139785,0.019979,0.025985
0.118452,0.268259,0.009328,0.064140,0.219263,0.046848,0.133490,0.051406,0.076978,0.011836
0.280871,0.009907,0.021179,0.016751,0.109378,0.017349,0.004417,0.144462,0.213357,0.182329
0.028450,0.043341,0.121966,0.087845,0.184625,0.027560,0.180510,0.162716,0.034250,0.128736
0.021045,0.198184,0.215026,0.143155,0.276272,0.013650,0.006329,0.063578,0.027248,0.035514
0.222972,0.029280,0.036070,0.057716,0.151347,0.150821,0.025958,0.128385,0.139360,0.058091
0.186333,0.317384,0.118617,0.059583,0.033026,0.012468,0.011865,0.069874,0.064703,0.126148
0.226003,0.261140,0.022869,0.042311,0.020640,0.068117,0.116595,0.185041,0.023349,0.033935
0.056465,0.249962,0.004347,0.502811,0.005133,0.097152,0.001204,0.016431,0.034710,0.031784
0.007638,0.291577,0.021291,0.020210,0.176001,0.010210,0.192700,0.096516,0.165271,0.018584
0.184487,0.196107,0.024097,0.038245,0.016535,0.170114,0.174102,0.077043,0.094056,0.025213
0.227212,0.199740,0.014744,0.059134,0.122595,0.047092,0.160701,0.074998,0.045483,0.048300
0.066831,0.143101,0.033290,0.007644,0.564623,0.045059,0.009396,0.073074,0.019384,0.037597
0.217216,0.244373,0.011855,0.015970,0.318290,0.024383,0.004820,0.042444,0.092738,0.027910
0.294259,0.012393,0.112884,0.020814,0.067833,0.165017,0.234181,0.038900,0.020455,0.033264
0.296320,0.188034,0.009616,0.070232,0.019102,0.048185,0.005543,0.094629,0.140976,0.127362
0.184906,0.219816,0.002945,0.291425,0.021955,0.170554,0.003464,0.008076,0.006239,0.090622
0.189664,0.201222,0.013538,0.027173,0.179193,0.109300,0.009091,0.100251,0.149690,0.020878
0.248654,0.161739,0.019950,0.013043,0.192032,0.009081,0.218375,0.080394,0.022233,0.034501
0.163195,0.201066,0.124573,0.016414,0.124918,0.144790,0.004991,0.134320,0.065575,0.020158
0.205137,0.155819,0.017644,0.054971,0.177456,0.016006,0.016668,0.211813,0.029121,0.115365
0.000396,0.036668,0.002181,0.522581,0.025506,0.001179,0.152897,0.028997,0.051840,0.177754
0.262063,0.247543,0.017144,0.022769,0.186965,0.014889,0.004497,0.088355,0.058743,0.097033
0.239272,0.015382,0.010779,0.016004,0.448301,0.084817,0.104847,0.040523,0.016343,0.023732
0.285269,0.200122,0.054828,0.005281,0.014592,0.151428,0.121181,0.058008,0.020679,0.088614
0.010482,0.056103,0.002623,0.571136,0.010265,0.001704,0.062995,0.002908,0.082700,0.199083
0.008835,0.001837,0.060316,0.165418,0.058844,0.020307,0.175792,0.003679,0.288903,0.216068
0.097911,0.310632,0.001675,0.007883,0.110434,0.123080,0.002182,0.006021,0.267121,0.073060
0.001912,0.070758,0.002864,0.476993,0.004408,0.106827,0.166726,0.046835,0.116801,0.005876
0.026524,0.274486,0.229787,0.022264,0.141604,0.027586,0.008521,0.073297,0.155322,0.040609
0.008386,0.167647,0.002355,0.477246,0.042520,0.002770,0.014102,0.052582,0.004556,0.227836
0.301782,0.292492,0.130301,0.008547,0.015960,0.005693,0.005301,0.068648,0.015465,0.155812
0.329320,0.223366,0.014375,0.002836,0.022149,0.138201,0.200069,0.031565,0.015026,0.023092
0.018233,0.104218,0.002135,0.445694,0.003646,0.001579,0.150403,0.003149,0.113463,0.157481
0.165334,0.015533,0.130497,0.051258,0.420878,0.012197,0.010996,0.108597,0.034815,0.049894
0.181720,0.193098,0.020847,0.044719,0.166982,0.102051,0.015170,0.099516,0.128045,0.047851
0.004974,0.213275,0.002185,0.481210,0.003655,0.060035,0.051063,0.114815,0.063651,0.005137
0.143680,0.342376,0.140205,0.017617,0.087327,0.011118,0.011026,0.051887,0.160473,0.034290
0.038558,0.215522,0.192827,0.014767,0.028114,0.206944,0.006286,0.108274,0.144285,0.044421
0.006538,0.231395,0.151310,0.012531,0.232068,0.007693,0.010433,0.161359,0.022978,0.163693
0.007139,0.214507,0.379693,0.092986,0.039181,0.006263,0.088451,0.069542,0.086828,0.015410
0.216174,0.004859,0.020155,0.068371,0.228727,0.192218,0.087382,0.075529,0.021512,0.085074
0.000475,0.368518,0.007896,0.001114,0.002574,0.025952,0.107862,0.003662,0.344248,0.137698
0.032970,0.210703,0.122564,0.013425,0.044017,0.243388,0.123051,0.044712,0.014197,0.150973
0.003261,0.120406,0.485742,0.003151,0.018558,0.002562,0.086590,0.006093,0.258987,0.014649
0.145899,0.145304,0.023300,0.016746,0.038834,0.011636,0.082412,0.055777,0.241816,0.238276
0.011394,0.163425,0.148277,0.068711,0.061869,0.160304,0.125072,0.048318,0.189362,0.023269
0.017063,0.341355,0.011347,0.080563,0.089616,0.214817,0.004802,0.068671,0.142691,0.029076
0.050531,0.613473,0.005861,0.005119,0.066443,0.002346,0.025182,0.002761,0.226053,0.002232
0.149129,0.156978,0.026899,0.095924,0.108069,0.209894,0.172029,0.026057,0.025247,0.029774
0.117829,0.190847,0.002383,0.444282,0.001734,0.062430,0.019335,0.002549,0.018402,0.140207
0.182060,0.161691,0.260466,0.021179,0.120295,0.011130,0.013801,0.077005,0.121623,0.030752
0.004040,0.226623,0.002172,0.022126,0.014990,0.006369,0.303084,0.008546,0.405705,0.006345
0.137339,0.244768,0.026278,0.022542,0.021077,0.009599,0.004981,0.168475,0.169962,0.194980
0.156898,0.092543,0.328121,0.022225,0.143525,0.011363,0.129071,0.054225,0.024217,0.037812
0.059294,0.003433,0.012417,0.017730,0.026981,0.005834,0.532097,0.007225,0.324365,0.010624
0.002476,0.140431,0.002972,0.456182,0.006763,0.146969,0.226921,0.006613,0.007386,0.003288
0.021638,0.293651,0.014099,0.014205,0.254619,0.005470,0.237204,0.132980,0.007015,0.019119
0.045708,0.016854,0.033209,0.020203,0.214422,0.012683,0.320157,0.123402,0.074293,0.139069
0.054400,0.427735,0.007616,0.011721,0.031825,0.006435,0.117862,0.010245,0.324176,0.007985
0.019568,0.194094,0.218141,0.023835,0.049917,0.009544,0.129800,0.087214,0.228215,0.039671
0.043429,0.225640,0.001438,0.005592,0.006943,0.263287,0.001356,0.003087,0.174499,0.274728
0.012565,0.200344,0.033144,0.108683,0.141862,0.096236,0.127527,0.108918,0.029747,0.140974
0.018286,0.255407,0.241081,0.187729,0.019938,0.009674,0.022836,0.192178,0.021383,0.031490
0.217762,0.211632,0.157715,0.006224,0.066268,0.032812,0.117970,0.029891,0.125455,0.034272
0.000269,0.220433,0.001357,0.553009,0.001660,0.000930,0.158021,0.035276,0.018028,0.011018
0.218795,0.223497,0.010412,0.017658,0.128218,0.113751,0.175298,0.076071,0.020187,0.016113
0.000359,0.021960,0.001957,0.524283,0.003319,0.001546,0.180212,0.004118,0.004212,0.258034
