0.118553,0.055996,0.111265,0.130307,0.126593,0.061822,0.126708,0.130012,0.076932,0.061812
0.088073,0.055012,0.123287,0.049714,0.131325,0.060514,0.116720,0.126938,0.130321,0.118096
0.087032,0.077009,0.119635,0.112041,0.108230,0.075774,0.089877,0.134642,0.076490,0.119270
0.054926,0.036209,0.129305,0.113097,0.076095,0.108669,0.123446,0.106373,0.123481,0.128399
0.087241,0.044628,0.142767,0.136455,0.140962,0.061498,0.071005,0.124386,0.068107,0.122951
0.126132,0.091589,0.130671,0.137945,0.124495,0.028303,0.063458,0.095664,0.081902,0.119842
0.133118,0.054082,0.036900,0.143093,0.125281,0.027014,0.131161,0.130213,0.071033,0.148105
0.039241,0.059500,0.163831,0.147675,0.054025,0.097416,0.076836,0.082105,0.128627,0.150743
0.082902,0.064016,0.130102,0.126615,0.097457,0.063100,0.128884,0.142809,0.040036,0.124079
0.087206,0.068925,0.112191,0.114731,0.098689,0.109712,0.120958,0.119916,0.070543,0.097129
0.086000,0.082023,0.131572,0.074006,0.104779,0.085913,0.081824,0.121913,0.111406,0.120563
0.139137,0.100669,0.060372,0.060853,0.136053,0.041429,0.077897,0.123730,0.136216,0.123643
0.079412,0.114591,0.121012,0.070679,0.119287,0.081423,0.127430,0.099549,0.082417,0.104199
0.108628,0.114577,0.105137,0.118279,0.089572,0.043001,0.115190,0.068979,0.116267,0.120369
0.113531,0.118887,0.112443,0.116789,0.104792,0.041968,0.117661,0.049943,0.115695,0.108290
0.097660,0.122838,0.073162,0.103563,0.100925,0.103437,0.081963,0.130556,0.074206,0.111690
0.107104,0.058020,0.131708,0.099550,0.118165,0.123989,0.124186,0.047986,0.073251,0.116041
0.052835,0.117976,0.066306,0.073404,0.148443,0.041075,0.140799,0.149276,0.121565,0.088320
0.103209,0.086947,0.131186,0.074101,0.096950,0.124089,0.083067,0.093909,0.122828,0.083713
0.105591,0.110080,0.124121,0.070642,0.115066,0.085161,0.108421,0.077439,0.085389,0.118089
0.103873,0.064327,0.133378,0.056607,0.106442,0.079274,0.092349,0.126316,0.113269,0.124165
0.088498,0.071534,0.133751,0.110130,0.090799,0.078666,0.137745,0.129045,0.077637,0.082195
0.093624,0.081319,0.117064,0.138929,0.079221,0.077263,0.112375,0.122129,0.053188,0.124888
0.134716,0.092144,0.053309,0.141866,0.136865,0.032236,0.140617,0.131833,0.067572,0.068843
0.120651,0.060971,0.037087,0.112580,0.119815,0.129562,0.117048,0.114912,0.136491,0.050885
0.110712,0.081405,0.097586,0.066318,0.123802,0.034981,0.106398,0.118386,0.132876,0.127537
0.090063,0.096477,0.040461,0.170912,0.079373,0.129503,0.082530,0.077010,0.124065,0.109606
0.083968,0.075257,0.110330,0.125398,0.106841,0.081837,0.088824,0.131555,0.077654,0.118337
0.053215,0.029256,0.019711,0.142279,0.131676,0.112846,0.136500,0.113358,0.138982,0.122177
0.119198,0.027573,0.118590,0.109185,0.126308,0.126592,0.070461,0.058648,0.133571,0.109874
0.080943,0.119738,0.111036,0.105268,0.099720,0.057147,0.117985,0.130942,0.074995,0.102225
0.133082,0.084042,0.130988,0.073524,0.093905,0.085551,0.082837,0.115169,0.088150,0.112753
0.113466,0.071664,0.048358,0.120083,0.125163,0.063527,0.132101,0.138990,0.121460,0.065188
0.068511,0.067014,0.138702,0.134261,0.056534,0.100027,0.070494,0.115059,0.133365,0.116032
0.131762,0.056683,0.042420,0.130803,0.076384,0.135069,0.113577,0.134549,0.048694,0.130058
0.123289,0.116811,0.023589,0.122286,0.104503,0.081443,0.049483,0.128864,0.136654,0.113078
0.136266,0.058514,0.127207,0.140349,0.109856,0.060886,0.056174,0.125877,0.052509,0.132362
0.067097,0.042490,0.142795,0.146923,0.138336,0.017938,0.074049,0.129827,0.113698,0.126846
0.122897,0.080714,0.132031,0.071183,0.120360,0.099371,0.079457,0.090241,0.093969,0.109776
0.112156,0.086781,0.128968,0.110382,0.135450,0.104429,0.082653,0.071082,0.077869,0.090231
0.087135,0.078549,0.122577,0.071333,0.087999,0.118313,0.121602,0.086626,0.112842,0.113024
0.044454,0.076781,0.105578,0.068504,0.134903,0.084313,0.126335,0.147545,0.091771,0.119816
0.104899,0.127612,0.048931,0.052389,0.085252,0.141034,0.058903,0.132179,0.129127,0.119674
0.121322,0.117703,0.049741,0.117964,0.094123,0.082213,0.127929,0.105062,0.068810,0.115134
0.129661,0.125887,0.053478,0.118986,0.118750,0.115658,0.064761,0.056990,0.082445,0.133385
0.125282,0.079092,0.085052,0.134990,0.079145,0.136667,0.045783,0.118334,0.087446,0.108210
0.121573,0.066859,0.094608,0.119048,0.093708,0.065239,0.108410,0.134791,0.127963,0.067801
0.096569,0.061282,0.090478,0.125473,0.115185,0.106131,0.123042,0.094793,0.122967,0.064080
0.127919,0.083938,0.055476,0.151287,0.133828,0.033032,0.073248,0.132890,0.131163,0.077218
0.088471,0.071893,0.114106,0.123114,0.087005,0.060153,0.130506,0.129431,0.077318,0.118003
0.118591,0.049887,0.035821,0.117510,0.127915,0.124364,0.117242,0.083622,0.127660,0.097387
0.123988,0.086250,0.119420,0.097144,0.083375,0.113935,0.083605,0.116342,0.074247,0.101694
0.085825,0.078787,0.120656,0.078492,0.116335,0.083450,0.102576,0.141998,0.078007,0.113873
0.062393,0.063676,0.082353,0.138925,0.081499,0.137586,0.060857,0.123058,0.119432,0.130220
0.099812,0.087601,0.127892,0.074531,0.121576,0.085616,0.084727,0.093030,0.113404,0.111809
0.104280,0.122640,0.125360,0.131684,0.112880,0.072336,0.080751,0.119429,0.073051,0.057589
0.112557,0.057407,0.122888,0.127233,0.114275,0.066230,0.120690,0.108982,0.056105,0.113633
0.029512,0.125816,0.122108,0.100509,0.092216,0.136355,0.125807,0.050487,0.113691,0.103498
0.112937,0.076979,0.122803,0.104286,0.115723,0.059533,0.081099,0.084993,0.119300,0.122346
0.125433,0.062591,0.124060,0.108830,0.101091,0.077319,0.133713,0.053202,0.094110,0.119650
0.086139,0.053854,0.133232,0.045749,0.122047,0.115024,0.114817,0.126942,0.079361,0.122836
0.137695,0.050098,0.042879,0.151045,0.115943,0.073451,0.087250,0.134718,0.072827,0.134093
0.042625,0.068204,0.115202,0.107965,0.120394,0.083774,0.065671,0.137173,0.149581,0.109410
0.081992,0.043369,0.025438,0.138049,0.107042,0.134419,0.086863,0.146891,0.156435,0.079501
0.032922,0.085735,0.113038,0.103983,0.096465,0.132099,0.127440,0.113054,0.138523,0.056740
0.131653,0.039355,0.142973,0.136524,0.070306,0.113426,0.072017,0.074861,0.098539,0.120347
0.058206,0.054362,0.124002,0.149686,0.143888,0.147600,0.064451,0.061733,0.137888,0.058183
0.036880,0.051349,0.127579,0.119162,0.130002,0.125577,0.047044,0.122839,0.125363,0.114206
0.086219,0.125268,0.077079,0.110127,0.104713,0.080545,0.086306,0.137365,0.076383,0.115996
0.123902,0.123720,0.118449,0.105759,0.057312,0.052461,0.057986,0.107751,0.142059,0.110601
0.094136,0.082704,0.084011,0.130248,0.090120,0.122089,0.080401,0.125461,0.078810,0.112019
0.094854,0.081028,0.135205,0.074166,0.094306,0.100409,0.097278,0.121170,0.105459,0.096123
0.128863,0.127652,0.042417,0.127244,0.081609,0.136128,0.092701,0.138860,0.061381,0.063147
0.106121,0.114446,0.109557,0.131511,0.083090,0.124176,0.057662,0.089952,0.062806,0.120680
0.080880,0.078054,0.123285,0.135949,0.076894,0.072378,0.123575,0.115336,0.085908,0.107741
0.125198,0.113415,0.039143,0.145001,0.126176,0.073796,0.128010,0.083300,0.044057,0.121902
0.114848,0.058817,0.110978,0.118329,0.075587,0.118565,0.116406,0.056020,0.108323,0.122126
0.090955,0.065091,0.133450,0.115256,0.121384,0.115166,0.100633,0.118623,0.089345,0.050096
0.121770,0.025656,0.132266,0.118127,0.117434,0.087109,0.039911,0.116736,0.126639,0.114351
0.088448,0.082530,0.135991,0.112948,0.092081,0.061493,0.128613,0.126119,0.078796,0.092981
0.093291,0.082815,0.066291,0.128949,0.114727,0.102405,0.079768,0.131580,0.078500,0.121674
0.108187,0.088690,0.120165,0.133358,0.119916,0.091311,0.076696,0.066450,0.121463,0.073765
0.095434,0.055790,0.124871,0.131654,0.094090,0.057904,0.109048,0.116417,0.106998,0.107794
0.122460,0.044492,0.132993,0.099951,0.130436,0.061441,0.043970,0.130447,0.115250,0.118560
0.096457,0.070838,0.119536,0.104763,0.095825,0.078360,0.128295,0.125189,0.075045,0.105693
0.117598,0.079328,0.116607,0.096233,0.082818,0.111385,0.109396,0.113448,0.071044,0.102142
0.137729,0.074534,0.073512,0.062716,0.135045,0.032323,0.103517,0.121932,0.111093,0.147599
0.126890,0.091148,0.139012,0.125554,0.123437,0.026066,0.069829,0.116974,0.068180,0.112910
0.082253,0.076413,0.108508,0.107387,0.100170,0.118674,0.094612,0.129437,0.076557,0.105989
0.098728,0.052095,0.135249,0.134960,0.104681,0.114546,0.052066,0.078861,0.104769,0.124045
0.086242,0.067122,0.127611,0.150880,0.129059,0.142115,0.046090,0.102176,0.063458,0.085248
0.069590,0.051274,0.138567,0.132758,0.072821,0.059769,0.119420,0.118219,0.118553,0.119029
0.122733,0.076415,0.114129,0.124075,0.135074,0.076582,0.073923,0.106084,0.071953,0.099031
0.125398,0.042300,0.123510,0.141538,0.074156,0.140595,0.068774,0.107998,0.125073,0.050659
0.065895,0.134262,0.031482,0.147946,0.057623,0.120264,0.136783,0.124271,0.136023,0.045449
0.059423,0.026321,0.125347,0.138026,0.076538,0.145372,0.066547,0.115110,0.120954,0.126361
0.116973,0.058550,0.138637,0.139233,0.079016,0.027033,0.127095,0.125987,0.123782,0.063693
0.091444,0.103794,0.127396,0.071258,0.095786,0.124604,0.080219,0.103785,0.092743,0.108972
0.116379,0.051272,0.082505,0.121602,0.071846,0.122759,0.117864,0.120509,0.083643,0.111622
0.107870,0.056510,0.114549,0.148513,0.118415,0.073002,0.060513,0.045259,0.132379,0.142990
0.108705,0.102382,0.107413,0.112890,0.100074,0.078673,0.117714,0.117356,0.078010,0.076782
0.128396,0.047583,0.127427,0.152227,0.143591,0.142280,0.046244,0.117153,0.042346,0.052754
0.091465,0.070999,0.114409,0.112514,0.107257,0.111876,0.079616,0.130901,0.077571,0.103391
0.120087,0.042239,0.107397,0.125677,0.114226,0.134788,0.125066,0.080095,0.042233,0.108191
0.122608,0.026051,0.110679,0.126835,0.114169,0.036745,0.121421,0.115575,0.117647,0.108270
0.126565,0.083257,0.061287,0.125031,0.127244,0.099884,0.075548,0.131846,0.097263,0.072075
0.079919,0.048070,0.119863,0.131193,0.095131,0.052290,0.112368,0.130900,0.127418,0.102848
0.080025,0.047769,0.126689,0.141432,0.078716,0.075136,0.130901,0.137471,0.119161,0.062701
0.118948,0.070554,0.079886,0.112523,0.108316,0.101436,0.077414,0.124470,0.074984,0.131469
0.075069,0.042285,0.132165,0.145524,0.065345,0.018635,0.139414,0.126975,0.129422,0.125167
0.071076,0.066018,0.143064,0.139792,0.058376,0.104254,0.077549,0.138179,0.076868,0.124824
0.037892,0.027123,0.123602,0.129312,0.134617,0.122965,0.055118,0.131486,0.115731,0.122154
0.097568,0.091040,0.129574,0.074811,0.098621,0.066601,0.093784,0.105975,0.120285,0.121741
0.088445,0.078105,0.121827,0.072199,0.084721,0.114746,0.129100,0.086642,0.115175,0.109040
0.070092,0.041884,0.123818,0.128852,0.137838,0.051576,0.057432,0.134311,0.117702,0.136495
0.123206,0.048932,0.126820,0.130049,0.134104,0.138421,0.056758,0.122213,0.066530,0.052966
0.120283,0.041071,0.125236,0.117633,0.113968,0.117847,0.124419,0.066716,0.126397,0.046429
0.113659,0.072085,0.113432,0.105793,0.112832,0.056496,0.121260,0.125921,0.073745,0.104776
0.117171,0.041635,0.113393,0.126798,0.116855,0.123189,0.124485,0.058938,0.058279,0.119257
0.099518,0.082871,0.128444,0.075902,0.088699,0.124587,0.089585,0.082048,0.115126,0.113220
0.109877,0.087514,0.132121,0.074359,0.103675,0.087196,0.097002,0.102829,0.122661,0.082767
0.088488,0.065151,0.145755,0.137624,0.109939,0.060708,0.098470,0.120897,0.049145,0.123822
0.124325,0.089928,0.037504,0.136363,0.123241,0.101299,0.071266,0.115163,0.150235,0.050678
0.145154,0.077078,0.053011,0.145526,0.132318,0.034595,0.130029,0.135194,0.071390,0.075705
0.043314,0.119260,0.053779,0.120058,0.092152,0.110805,0.137171,0.055683,0.132295,0.135483
0.118112,0.074953,0.133390,0.069871,0.088771,0.095533,0.096993,0.109756,0.097902,0.114716
0.115559,0.101014,0.034545,0.134567,0.096006,0.068926,0.133402,0.124790,0.080400,0.110791
0.124538,0.095986,0.123052,0.067582,0.101720,0.079903,0.090179,0.108075,0.096137,0.112827
0.076592,0.125959,0.129016,0.122351,0.103627,0.059631,0.084244,0.120035,0.060296,0.118248
0.113335,0.103313,0.050017,0.099993,0.121044,0.087347,0.126357,0.126785,0.069927,0.101882
0.076979,0.047267,0.125254,0.130732,0.114405,0.126507,0.043379,0.095291,0.106427,0.133760
0.077358,0.071590,0.120845,0.134665,0.069327,0.142123,0.043467,0.099478,0.114738,0.126409
0.113510,0.093095,0.100558,0.135966,0.101865,0.088519,0.105281,0.100754,0.079186,0.081267
0.122163,0.044167,0.128226,0.122099,0.134878,0.137978,0.047505,0.090657,0.129104,0.043223
0.108629,0.090781,0.081746,0.113197,0.091441,0.084279,0.092474,0.138987,0.079251,0.119215
0.096694,0.081930,0.067838,0.112432,0.089020,0.125177,0.091825,0.141283,0.080449,0.113351
0.118788,0.082315,0.123059,0.073581,0.120390,0.087407,0.098117,0.094164,0.117007,0.085174
0.082805,0.077044,0.124074,0.073642,0.090541,0.114535,0.122697,0.111205,0.086406,0.117051
0.119713,0.047350,0.111088,0.108802,0.108126,0.053050,0.116071,0.109019,0.123876,0.102904
0.128529,0.080320,0.117360,0.070494,0.111475,0.081596,0.125878,0.087440,0.116721,0.080187
0.088118,0.125818,0.097165,0.124150,0.073978,0.114428,0.122275,0.047818,0.145466,0.060784
0.118208,0.114768,0.038527,0.138111,0.089246,0.129369,0.077555,0.085386,0.106494,0.102335
0.103164,0.050073,0.126220,0.143893,0.064495,0.021922,0.103684,0.125008,0.135355,0.126185
0.060669,0.065072,0.086995,0.118200,0.114229,0.065013,0.123115,0.106357,0.143035,0.117315
0.069030,0.032037,0.143607,0.146147,0.057102,0.142131,0.130255,0.036623,0.126827,0.116242
0.058071,0.028425,0.117424,0.136500,0.130639,0.016886,0.129540,0.107585,0.149671,0.125258
0.116500,0.036134,0.113961,0.116119,0.127870,0.126757,0.056810,0.132509,0.052533,0.120808
0.093821,0.080477,0.126477,0.072990,0.112322,0.083754,0.103789,0.118885,0.112083,0.095402
0.110091,0.041653,0.130957,0.126118,0.090096,0.096917,0.094901,0.121209,0.064500,0.123558
0.092408,0.081175,0.124866,0.074465,0.125083,0.085097,0.086083,0.101749,0.112581,0.116492
0.095577,0.075683,0.114992,0.126725,0.112621,0.074107,0.078675,0.114974,0.107576,0.099070
0.064127,0.043912,0.137929,0.140760,0.085997,0.053216,0.126766,0.077269,0.143591,0.126434
0.135500,0.098257,0.117434,0.108005,0.089539,0.062451,0.079914,0.128651,0.078669,0.101580
0.093452,0.047713,0.029643,0.131854,0.134069,0.120752,0.104488,0.127037,0.122503,0.088487
0.116079,0.117873,0.130921,0.127126,0.124392,0.124238,0.066180,0.029988,0.125328,0.037875
0.102058,0.063522,0.044816,0.146235,0.133995,0.058865,0.125519,0.123699,0.071028,0.130262
0.088632,0.086681,0.135784,0.075926,0.090943,0.128674,0.091207,0.109055,0.091644,0.101454
0.090853,0.080505,0.124120,0.129046,0.088152,0.077708,0.135003,0.121932,0.075796,0.076886
0.123616,0.040684,0.116514,0.116431,0.117332,0.064623,0.106790,0.113258,0.096391,0.104360
0.116813,0.077680,0.074668,0.125044,0.110111,0.031832,0.125409,0.123748,0.096297,0.118396
0.051371,0.085275,0.144077,0.125999,0.137959,0.058702,0.084772,0.142020,0.058674,0.111149
0.124665,0.125496,0.034363,0.037725,0.125249,0.134459,0.126922,0.066634,0.146855,0.077631
0.128659,0.104536,0.038397,0.113631,0.125828,0.109954,0.052172,0.116109,0.080619,0.130094
0.120108,0.097096,0.064874,0.128998,0.088957,0.109409,0.099936,0.132103,0.077719,0.080800
0.132156,0.067422,0.051543,0.055300,0.129047,0.082928,0.152715,0.128142,0.059668,0.141079
0.095969,0.073568,0.109612,0.102950,0.101384,0.113898,0.117039,0.130779,0.073398,0.081404
0.093240,0.081638,0.132167,0.137308,0.140275,0.024892,0.135056,0.083188,0.060190,0.112047
0.124829,0.080333,0.030561,0.109680,0.101296,0.139746,0.126386,0.110543,0.123602,0.053023
0.072416,0.124761,0.134357,0.125862,0.060485,0.054005,0.083340,0.141514,0.134682,0.068578
0.056290,0.030905,0.141320,0.141563,0.124830,0.048137,0.070263,0.128365,0.131536,0.126791
0.094847,0.107501,0.143803,0.132411,0.082114,0.065465,0.047033,0.082675,0.124025,0.120125
0.122301,0.065972,0.117109,0.105339,0.076602,0.099791,0.121994,0.124045,0.073560,0.093287
0.094067,0.082257,0.130664,0.074388,0.093272,0.100440,0.091413,0.099824,0.114060,0.119615
0.119412,0.086883,0.133927,0.056559,0.126612,0.102972,0.117671,0.085940,0.063751,0.106272
0.046874,0.027924,0.120929,0.152086,0.130001,0.110031,0.140600,0.093971,0.058085,0.119498
0.134606,0.058056,0.025501,0.133970,0.062560,0.150340,0.083349,0.087561,0.124787,0.139270
0.095816,0.071517,0.117102,0.112785,0.090954,0.083628,0.127880,0.140734,0.078301,0.081283
0.087399,0.050491,0.127020,0.124796,0.125611,0.103204,0.070132,0.079342,0.104149,0.127858
0.117874,0.026711,0.128011,0.123195,0.124301,0.113087,0.104455,0.108679,0.036998,0.116690
0.084694,0.080134,0.131715,0.075028,0.114592,0.084863,0.095622,0.103398,0.113166,0.116787
0.127537,0.117876,0.116240,0.127454,0.115985,0.107368,0.115267,0.077799,0.040295,0.054179
0.107680,0.043840,0.122948,0.137586,0.102489,0.069513,0.077376,0.138632,0.079397,0.120538
0.055075,0.027431,0.145038,0.145715,0.053820,0.135190,0.131859,0.130054,0.135317,0.040502
0.115028,0.116010,0.120882,0.059884,0.132425,0.132942,0.128300,0.056561,0.070908,0.067061
0.105825,0.052246,0.131800,0.133374,0.086086,0.022417,0.075387,0.120863,0.132560,0.139442
0.030900,0.054119,0.129886,0.128230,0.071496,0.130773,0.137042,0.126034,0.136000,0.055521
0.136740,0.106059,0.090436,0.112261,0.085485,0.030104,0.138315,0.057429,0.118904,0.124266
0.120405,0.065939,0.114283,0.105377,0.120062,0.127762,0.057718,0.134300,0.090033,0.064122
0.063352,0.028499,0.135799,0.132056,0.048410,0.134886,0.123835,0.060347,0.147240,0.125576
0.118880,0.062278,0.142147,0.131670,0.121365,0.129295,0.066105,0.048405,0.053070,0.126786
0.110341,0.112465,0.103548,0.029803,0.077126,0.120771,0.069304,0.119476,0.131880,0.125286
0.058546,0.069995,0.124719,0.151219,0.117600,0.067514,0.113315,0.045273,0.136704,0.115116
0.120220,0.083392,0.134184,0.071966,0.115324,0.084378,0.079498,0.120084,0.093879,0.097073
0.114907,0.080946,0.130547,0.074205,0.103311,0.085448,0.125279,0.091943,0.112215,0.081198
0.120543,0.038518,0.126712,0.132755,0.065557,0.016637,0.128098,0.088432,0.143761,0.138987
0.095451,0.108217,0.146034,0.053621,0.106712,0.029849,0.130150,0.140418,0.063331,0.126217
0.132000,0.050698,0.121655,0.131379,0.151319,0.078991,0.088687,0.049826,0.130413,0.065032
0.115876,0.088424,0.091547,0.125558,0.103625,0.075267,0.129736,0.130118,0.070233,0.069616
0.092997,0.105577,0.031860,0.139023,0.132007,0.127062,0.125109,0.081577,0.112322,0.052465
0.126362,0.034844,0.141991,0.123351,0.126488,0.019556,0.062550,0.119624,0.124013,0.121221
0.116341,0.117233,0.120254,0.098887,0.061875,0.109032,0.123535,0.091992,0.044713,0.116139
0.125124,0.038555,0.134624,0.131040,0.138732,0.094490,0.076395,0.079086,0.052357,0.129597
0.102334,0.053650,0.140194,0.153075,0.074707,0.125826,0.050025,0.138706,0.105506,0.055978
0.109126,0.084472,0.085597,0.096021,0.117648,0.114435,0.066357,0.124210,0.095989,0.106145
0.121373,0.030880,0.117437,0.103623,0.049235,0.133891,0.123990,0.113848,0.140990,0.064732
0.094068,0.105198,0.126982,0.072642,0.126538,0.065584,0.085238,0.119129,0.085953,0.118668
0.120869,0.123454,0.020445,0.123273,0.114466,0.129700,0.049679,0.077144,0.119131,0.121837
0.072943,0.072725,0.120911,0.116081,0.083896,0.113218,0.116473,0.120767,0.074708,0.108279
0.069720,0.104419,0.120299,0.138286,0.091721,0.126203,0.080482,0.036401,0.115251,0.117218
0.022528,0.123417,0.122753,0.128979,0.114393,0.129122,0.070727,0.115615,0.051512,0.120954
0.127678,0.087998,0.122358,0.117205,0.109667,0.060916,0.095963,0.116811,0.037552,0.123851
0.090533,0.084524,0.108621,0.102386,0.084767,0.079415,0.132213,0.136977,0.075128,0.105436
0.092687,0.076548,0.132035,0.108589,0.115837,0.072473,0.096186,0.126199,0.074492,0.104954
0.114247,0.054595,0.117760,0.133752,0.099175,0.057909,0.118155,0.130716,0.058514,0.115176
0.119584,0.072071,0.134534,0.062330,0.146374,0.089522,0.073510,0.127259,0.062891,0.111925
0.062538,0.062540,0.123265,0.126632,0.087003,0.071008,0.126172,0.112585,0.110545,0.117712
0.080605,0.078596,0.111090,0.122182,0.099181,0.123516,0.077592,0.124511,0.077230,0.105497
0.110768,0.105707,0.065701,0.072092,0.114809,0.133773,0.079047,0.118348,0.082378,0.117375
0.045642,0.069705,0.123890,0.104088,0.101086,0.094783,0.124523,0.127425,0.076127,0.132732
0.093347,0.056307,0.090774,0.131133,0.095118,0.122292,0.060650,0.115250,0.114345,0.120784
0.119252,0.040617,0.115080,0.135286,0.130681,0.108817,0.073707,0.108525,0.125322,0.042713
0.119722,0.042504,0.132993,0.118935,0.131902,0.052192,0.057061,0.115792,0.110298,0.118599
0.135259,0.040632,0.032710,0.141471,0.080549,0.122971,0.114093,0.114188,0.167417,0.050711
0.100017,0.119941,0.135539,0.132427,0.116496,0.023770,0.126600,0.110356,0.075342,0.059511
0.049142,0.082287,0.123862,0.138404,0.125388,0.127663,0.128851,0.065625,0.083457,0.075321
0.122571,0.057048,0.132724,0.053766,0.126163,0.063408,0.064182,0.119307,0.132857,0.127973
0.111183,0.088995,0.131971,0.075033,0.097293,0.127939,0.099787,0.095382,0.086121,0.086296
0.129140,0.048827,0.120443,0.047522,0.074004,0.132960,0.130064,0.132059,0.059482,0.125498
0.109413,0.048728,0.067862,0.117475,0.117020,0.102834,0.114210,0.104722,0.115732,0.102003
0.084285,0.049731,0.028504,0.146370,0.076275,0.148980,0.138816,0.105978,0.090284,0.130777
0.124774,0.076604,0.116933,0.071193,0.117623,0.062384,0.128159,0.109832,0.080421,0.112076
0.122724,0.078484,0.081977,0.103892,0.116126,0.088243,0.073713,0.136130,0.076489,0.122222
0.117840,0.050247,0.135038,0.102561,0.127661,0.121617,0.053452,0.115784,0.039641,0.136158
0.123491,0.053878,0.120375,0.136251,0.101637,0.128256,0.079115,0.120725,0.080566,0.055706
0.080716,0.083658,0.120498,0.071089,0.106338,0.118179,0.119982,0.110676,0.080556,0.108309
0.097949,0.085870,0.130051,0.074995,0.105223,0.085767,0.106703,0.104701,0.088586,0.120154
0.098439,0.052932,0.045396,0.137680,0.082986,0.111771,0.092895,0.119811,0.117394,0.140695
0.103416,0.088719,0.126781,0.075044,0.119474,0.087012,0.083658,0.107425,0.123873,0.084596
0.117253,0.061555,0.091505,0.103104,0.127921,0.126325,0.134330,0.115746,0.057849,0.064414
0.127650,0.064636,0.120438,0.128720,0.121544,0.133954,0.066754,0.106529,0.063931,0.065845
0.115434,0.028333,0.134599,0.118942,0.124553,0.108921,0.123865,0.092458,0.045538,0.107359
0.119418,0.041156,0.108850,0.132057,0.132160,0.109661,0.073838,0.081206,0.068423,0.133232
0.124799,0.083470,0.137325,0.075555,0.089677,0.088672,0.086534,0.104607,0.087459,0.121902
0.113482,0.082352,0.121599,0.068930,0.107389,0.112281,0.118518,0.082751,0.087577,0.105120
0.080483,0.036936,0.115152,0.101327,0.119634,0.048953,0.124102,0.098599,0.140941,0.133872
0.113483,0.039377,0.110121,0.132255,0.115783,0.049631,0.126286,0.075059,0.122131,0.115873
0.104435,0.081163,0.133350,0.078512,0.114449,0.120951,0.091130,0.121613,0.077102,0.077296
0.095229,0.118357,0.131196,0.070805,0.120614,0.082264,0.077611,0.098609,0.096977,0.108337
0.085678,0.123977,0.076880,0.104667,0.084061,0.118968,0.087376,0.126452,0.076568,0.115372
0.081857,0.071420,0.088446,0.148751,0.096456,0.139315,0.128317,0.045529,0.055806,0.144101
0.131579,0.132446,0.055552,0.062049,0.127424,0.034186,0.072565,0.137919,0.135050,0.111229
0.119674,0.030455,0.129604,0.118293,0.048952,0.132216,0.122830,0.131891,0.042632,0.123451
0.123295,0.033268,0.023732,0.142849,0.136537,0.098621,0.129501,0.065649,0.115396,0.131152
0.125940,0.122448,0.128380,0.121470,0.108715,0.023721,0.086154,0.081608,0.073898,0.127665
0.086643,0.047710,0.102102,0.145051,0.076850,0.026698,0.089774,0.135564,0.159142,0.130465
0.135744,0.044095,0.125986,0.142467,0.138495,0.118767,0.046597,0.102642,0.092152,0.053057
0.108161,0.090815,0.126735,0.044711,0.114671,0.119929,0.048310,0.115861,0.106311,0.124497
0.121399,0.035961,0.125904,0.131238,0.088837,0.137525,0.123426,0.063524,0.032806,0.139380
0.049951,0.054593,0.119597,0.118999,0.118953,0.048734,0.128633,0.120075,0.119065,0.121402
0.095464,0.083113,0.126156,0.100170,0.103795,0.077028,0.126123,0.120864,0.074265,0.093024
0.128823,0.077618,0.147729,0.063281,0.109504,0.087775,0.072449,0.101089,0.142903,0.068828
0.084141,0.038313,0.136330,0.117777,0.121161,0.117781,0.123376,0.114829,0.039291,0.106999
0.104173,0.038063,0.122156,0.085552,0.102291,0.125330,0.116851,0.088407,0.116451,0.100726
0.107750,0.090253,0.134773,0.076577,0.102143,0.090435,0.089421,0.128431,0.092866,0.087352
0.081627,0.048682,0.121772,0.142066,0.105213,0.128725,0.052606,0.124132,0.145444,0.049733
0.078893,0.045935,0.135283,0.116027,0.145286,0.073790,0.119258,0.122525,0.046811,0.116193
0.127523,0.061747,0.049067,0.137528,0.130345,0.028685,0.065501,0.140087,0.148837,0.110681
0.139033,0.056379,0.043081,0.055652,0.149631,0.151529,0.145025,0.053891,0.136987,0.068792
0.117145,0.060204,0.114925,0.134628,0.101493,0.027004,0.084671,0.127903,0.120023,0.112002
0.114534,0.084634,0.120487,0.072584,0.087651,0.111705,0.078452,0.113418,0.106224,0.110311
0.121906,0.062226,0.129783,0.128502,0.134619,0.048762,0.121290,0.096625,0.040229,0.116057
0.098886,0.107185,0.111459,0.126037,0.095413,0.070738,0.128730,0.058155,0.087608,0.115790
0.119282,0.123778,0.129985,0.074136,0.090288,0.088718,0.088514,0.096575,0.101696,0.087028
0.109629,0.096714,0.125519,0.071506,0.118913,0.080989,0.092580,0.098899,0.114329,0.090922
0.093111,0.077517,0.127263,0.070437,0.124166,0.120795,0.077935,0.075853,0.116194,0.116728
0.129656,0.083182,0.111346,0.103791,0.100118,0.077997,0.082099,0.126762,0.073198,0.111851
0.086898,0.117261,0.130106,0.072378,0.082804,0.114693,0.078424,0.095452,0.115593,0.106391
0.100858,0.058521,0.117051,0.131594,0.102358,0.072918,0.110874,0.120500,0.073640,0.111687
0.127360,0.048672,0.127420,0.140017,0.096134,0.116907,0.082306,0.128084,0.072378,0.060722
0.126483,0.090610,0.123730,0.074826,0.084303,0.080018,0.122184,0.111874,0.075280,0.110694
0.083203,0.090781,0.095028,0.130241,0.137131,0.106090,0.123563,0.121411,0.055809,0.056744
0.101482,0.076436,0.117469,0.070482,0.110405,0.118528,0.089559,0.089243,0.117645,0.108752
0.137502,0.134291,0.053612,0.118438,0.141349,0.032679,0.065832,0.130911,0.070043,0.115342
0.121808,0.068544,0.120401,0.133243,0.121683,0.069424,0.070384,0.115850,0.060030,0.118632
0.076583,0.045594,0.134400,0.147154,0.061158,0.112171,0.067919,0.099394,0.123357,0.132271
0.115261,0.083514,0.121462,0.100748,0.079637,0.114857,0.080320,0.123854,0.074818,0.105529
0.074354,0.096735,0.128527,0.041258,0.083261,0.145590,0.093983,0.078044,0.129669,0.128579
0.117963,0.073873,0.064313,0.118773,0.102029,0.108201,0.132714,0.123337,0.077548,0.081247
0.126480,0.052123,0.101535,0.128119,0.107229,0.027221,0.134009,0.126072,0.051418,0.145794
0.112782,0.082527,0.116390,0.070987,0.085312,0.110284,0.123101,0.083856,0.113627,0.101134
0.117785,0.075944,0.133995,0.069655,0.112716,0.081601,0.099942,0.101486,0.089873,0.117003
0.101190,0.100425,0.108119,0.118864,0.114646,0.112202,0.057352,0.105545,0.079520,0.102138
0.067767,0.121983,0.116416,0.129771,0.087773,0.047151,0.126848,0.114950,0.065144,0.122197
0.132941,0.108272,0.130660,0.053057,0.130841,0.078196,0.085928,0.097209,0.053207,0.129691
0.125338,0.036869,0.125578,0.037745,0.118074,0.114631,0.057030,0.112069,0.147206,0.125459
0.081710,0.073840,0.105907,0.103576,0.096684,0.115603,0.124308,0.119694,0.074342,0.104335
0.112714,0.067248,0.113294,0.099594,0.124641,0.101396,0.070191,0.099200,0.105209,0.106513
0.096125,0.074335,0.118917,0.106203,0.107277,0.105550,0.073111,0.132752,0.072974,0.112756
0.088624,0.077122,0.126181,0.049428,0.112482,0.142635,0.124763,0.120519,0.047790,0.110456
0.126117,0.039194,0.124162,0.125243,0.053464,0.116633,0.056593,0.085271,0.150924,0.122399
0.102876,0.122499,0.120230,0.067591,0.110867,0.105814,0.088973,0.071995,0.104082,0.105073
0.127709,0.043575,0.037029,0.124861,0.134411,0.064302,0.127670,0.124673,0.090460,0.125311
0.127992,0.053922,0.113643,0.119185,0.116996,0.134120,0.123847,0.045359,0.056198,0.108738
0.053580,0.051981,0.128028,0.127259,0.129675,0.128943,0.125222,0.118676,0.028961,0.107676
0.130943,0.076185,0.127666,0.105862,0.088194,0.062443,0.122529,0.119089,0.078191,0.088897
0.126163,0.053462,0.042502,0.131120,0.113417,0.114508,0.053184,0.124882,0.121648,0.119113
0.118397,0.121339,0.081564,0.133157,0.118789,0.061335,0.121588,0.115319,0.050512,0.078001
0.096688,0.070151,0.087073,0.099376,0.122566,0.124816,0.079294,0.108164,0.114197,0.097676
0.099675,0.083804,0.130525,0.075729,0.103332,0.103715,0.089969,0.107271,0.122859,0.083122
0.074651,0.125009,0.086351,0.138715,0.124180,0.026836,0.125990,0.122733,0.062598,0.112937
0.143716,0.053279,0.032229,0.165390,0.069577,0.067493,0.101091,0.143244,0.127857,0.096123
0.088190,0.095688,0.087447,0.123092,0.092260,0.123774,0.059030,0.124268,0.110246,0.096005
0.097347,0.077876,0.119500,0.112840,0.090442,0.083811,0.078499,0.147674,0.078020,0.113992
0.092354,0.073569,0.085973,0.128931,0.109706,0.122177,0.081118,0.125643,0.079163,0.101368
0.089636,0.071711,0.118254,0.112783,0.091207,0.100080,0.079118,0.144839,0.078856,0.113518
0.129015,0.084731,0.128649,0.142111,0.071813,0.063586,0.110461,0.117714,0.039786,0.112133
0.130193,0.049230,0.126294,0.133428,0.068480,0.134642,0.073203,0.044079,0.114359,0.126092
0.123563,0.121799,0.120067,0.055365,0.086079,0.082830,0.117260,0.131049,0.098992,0.062995
0.133491,0.041515,0.025392,0.156346,0.107034,0.148140,0.064793,0.036811,0.157633,0.128844
0.114661,0.088243,0.111280,0.105075,0.085097,0.113974,0.082433,0.119994,0.075973,0.103272
0.095565,0.079233,0.128393,0.072109,0.092673,0.120520,0.123779,0.090022,0.118899,0.078808
0.061593,0.042453,0.144963,0.154560,0.153074,0.098253,0.074926,0.058173,0.078850,0.133155
0.113091,0.086441,0.123973,0.071144,0.122585,0.089931,0.113445,0.093338,0.083498,0.102553
0.069862,0.124270,0.139112,0.143446,0.117200,0.044697,0.125805,0.111366,0.057175,0.067066
0.065619,0.059088,0.079490,0.145384,0.066349,0.056471,0.129067,0.125704,0.147008,0.125820
0.107035,0.090452,0.135502,0.071626,0.093907,0.084347,0.109380,0.110396,0.083135,0.114219
0.074779,0.121283,0.112470,0.116588,0.127793,0.059371,0.051346,0.108250,0.112088,0.116032
0.097035,0.119185,0.126494,0.119751,0.080042,0.069616,0.083587,0.121572,0.073901,0.108817
0.106688,0.082999,0.128873,0.071054,0.123443,0.084921,0.079272,0.091192,0.114285,0.117273
0.122772,0.051032,0.120975,0.139922,0.066292,0.127764,0.055298,0.080629,0.143472,0.091844
0.105784,0.078385,0.135833,0.120122,0.136739,0.057834,0.079696,0.081801,0.084108,0.119697
0.040409,0.067322,0.128714,0.137097,0.097412,0.080312,0.134999,0.139958,0.106547,0.067229
0.095873,0.077783,0.065117,0.112845,0.110695,0.102557,0.134846,0.131545,0.078798,0.089942
0.121236,0.083927,0.113499,0.118989,0.092772,0.128010,0.067789,0.068729,0.086476,0.118574
0.090481,0.082468,0.130076,0.072220,0.092573,0.079708,0.127690,0.112867,0.101630,0.110287
0.117963,0.076625,0.120643,0.105045,0.085513,0.080608,0.095443,0.128017,0.075437,0.114706
0.092426,0.097723,0.093047,0.111510,0.111044,0.096613,0.093770,0.118625,0.091229,0.094012
0.098651,0.116852,0.124241,0.072466,0.090729,0.083391,0.130254,0.096186,0.109287,0.077942
0.117220,0.068066,0.131038,0.109222,0.103839,0.119508,0.076870,0.124105,0.075126,0.075007
0.052839,0.038949,0.125346,0.127457,0.113053,0.048888,0.130370,0.119460,0.112372,0.131266
0.111900,0.117631,0.059942,0.118089,0.066764,0.086796,0.117481,0.114116,0.109875,0.097406
0.133991,0.080001,0.139496,0.142303,0.076911,0.064046,0.109662,0.071504,0.050599,0.131487
0.130095,0.078436,0.094982,0.066192,0.140315,0.125417,0.073321,0.063386,0.121031,0.106825
0.090429,0.082486,0.111237,0.104169,0.078484,0.093445,0.126502,0.130934,0.073706,0.108610
0.117553,0.119743,0.046830,0.116199,0.111384,0.028103,0.129560,0.099804,0.105089,0.125736
0.104240,0.087615,0.131433,0.070965,0.114024,0.098475,0.095359,0.097846,0.080037,0.120006
0.103129,0.074316,0.115593,0.109460,0.102885,0.082683,0.088222,0.136494,0.077182,0.110035
0.116680,0.071897,0.052439,0.135679,0.136792,0.137702,0.133843,0.061572,0.076177,0.077220
0.127090,0.121520,0.072889,0.099905,0.111412,0.115642,0.073444,0.120962,0.073482,0.083654
0.107788,0.094701,0.064577,0.064672,0.111142,0.116393,0.117737,0.073713,0.134086,0.115191
0.096308,0.090304,0.090795,0.119307,0.097144,0.069649,0.100109,0.136040,0.083875,0.116469
0.073779,0.078126,0.124019,0.128341,0.076703,0.130506,0.056310,0.072652,0.147037,0.112528
0.119819,0.107395,0.074329,0.116266,0.060221,0.126880,0.075730,0.062826,0.141017,0.115517
0.139404,0.081920,0.122961,0.082750,0.122808,0.066134,0.093722,0.127374,0.079784,0.083142
0.122903,0.052716,0.140240,0.044184,0.138026,0.125699,0.075788,0.125524,0.053424,0.121496
0.132287,0.041812,0.027718,0.128538,0.091039,0.147599,0.131804,0.121912,0.129043,0.048247
0.084750,0.092512,0.139063,0.144656,0.076528,0.112370,0.086239,0.123971,0.059111,0.080800
0.111869,0.060842,0.130260,0.137152,0.098455,0.075777,0.127515,0.087009,0.048481,0.122639
0.069637,0.031101,0.133039,0.034967,0.130822,0.100405,0.082704,0.140932,0.139189,0.137203
0.118564,0.056294,0.135443,0.132824,0.114833,0.022602,0.059565,0.131798,0.118073,0.110005
0.118016,0.118292,0.114577,0.114099,0.131869,0.057392,0.120028,0.096375,0.058388,0.070964
0.113291,0.112273,0.123249,0.125178,0.061458,0.094379,0.118888,0.027337,0.111424,0.112525
0.116989,0.080770,0.128842,0.112847,0.126429,0.081381,0.081880,0.067759,0.125906,0.077197
0.086475,0.081403,0.121941,0.080594,0.091040,0.121390,0.101411,0.124602,0.080388,0.110756
0.121052,0.026625,0.126210,0.110853,0.123654,0.131712,0.048702,0.070171,0.114747,0.126274
0.114102,0.037358,0.124579,0.117140,0.105952,0.127126,0.118254,0.042479,0.111833,0.101176
0.128819,0.058370,0.044003,0.143633,0.096419,0.073021,0.054814,0.136345,0.120103,0.144475
0.074891,0.046837,0.144047,0.113962,0.127805,0.024827,0.136276,0.141822,0.128596,0.060937
0.115435,0.112925,0.109694,0.099792,0.111513,0.121089,0.109204,0.065676,0.080769,0.073903
0.125808,0.119879,0.124426,0.125022,0.056176,0.107597,0.051425,0.131413,0.042214,0.116042
0.086816,0.084319,0.123952,0.070980,0.109049,0.080255,0.126438,0.098246,0.115964,0.103983
0.074447,0.070732,0.129660,0.142682,0.067190,0.108452,0.133219,0.071757,0.155597,0.046263
0.077882,0.048375,0.139639,0.125264,0.082730,0.126461,0.104515,0.106101,0.065747,0.123286
0.048735,0.126224,0.111619,0.109815,0.129503,0.111624,0.050854,0.069068,0.127405,0.115152
0.123915,0.044798,0.120959,0.132690,0.115157,0.097162,0.053647,0.038513,0.146270,0.126889
0.037079,0.038144,0.133921,0.144704,0.090559,0.052231,0.126143,0.131847,0.123440,0.121932
0.064921,0.043172,0.127796,0.139796,0.140718,0.143712,0.041378,0.062821,0.118075,0.117609
0.119626,0.056126,0.132032,0.103681,0.075874,0.134206,0.057705,0.127987,0.055164,0.137599
0.087599,0.114240,0.119045,0.116838,0.112263,0.130280,0.124460,0.088475,0.046929,0.059871
0.123965,0.117721,0.099181,0.109765,0.062818,0.132094,0.039628,0.076266,0.135091,0.103471
0.134320,0.053981,0.040533,0.046661,0.086080,0.123394,0.142888,0.117581,0.125824,0.128736
0.063074,0.125476,0.114841,0.124773,0.081680,0.095130,0.120775,0.101928,0.066878,0.105446
0.116255,0.102395,0.063742,0.069447,0.137921,0.118368,0.131792,0.066212,0.119435,0.074433
0.083830,0.090659,0.125049,0.112781,0.128675,0.116955,0.042817,0.074696,0.124582,0.099955
0.096105,0.080078,0.131837,0.071945,0.115444,0.084143,0.131521,0.099298,0.092992,0.096636
0.129542,0.040072,0.131826,0.134085,0.110082,0.111182,0.045437,0.105841,0.050430,0.141503
0.093195,0.107570,0.127312,0.121179,0.139059,0.062229,0.070809,0.109370,0.049531,0.119745
0.071973,0.047151,0.112926,0.117912,0.100687,0.134528,0.088723,0.096391,0.111666,0.118043
0.112203,0.025303,0.122604,0.130082,0.069310,0.118566,0.119383,0.073205,0.115282,0.114061
0.048272,0.063160,0.123618,0.122182,0.096598,0.136838,0.130518,0.101308,0.050801,0.126704
0.063163,0.132802,0.022795,0.144026,0.132165,0.052591,0.056295,0.132772,0.132888,0.130503
0.090015,0.071486,0.148140,0.054385,0.137533,0.138943,0.122587,0.078946,0.058331,0.099633
0.094079,0.062637,0.111141,0.056481,0.111603,0.088521,0.119764,0.110101,0.132399,0.113274
0.079160,0.067168,0.144767,0.141280,0.065547,0.056699,0.127561,0.091980,0.080340,0.145498
0.076548,0.046434,0.132029,0.139146,0.057764,0.127789,0.065091,0.115830,0.111183,0.128187
0.121793,0.055830,0.048287,0.136486,0.106828,0.028551,0.141139,0.090032,0.139183,0.131870
0.104316,0.047975,0.139532,0.122315,0.084989,0.114020,0.127184,0.086663,0.115717,0.057289
0.134428,0.090449,0.122330,0.073317,0.097577,0.127174,0.082610,0.094899,0.091323,0.085892
0.083907,0.073341,0.121601,0.116288,0.099075,0.134626,0.124692,0.079955,0.110004,0.056512
0.057148,0.122934,0.116665,0.140634,0.068432,0.084272,0.043175,0.111701,0.124808,0.130232
0.094499,0.051049,0.081210,0.137900,0.136300,0.080984,0.059163,0.120543,0.122728,0.115624
0.109911,0.084607,0.128088,0.072972,0.107010,0.127275,0.087582,0.112029,0.086160,0.084365
0.112469,0.131930,0.092776,0.084613,0.095055,0.105179,0.084566,0.128644,0.080715,0.084053
0.089629,0.079779,0.132233,0.107440,0.087048,0.084022,0.126448,0.123585,0.078592,0.091224
0.123480,0.086611,0.136402,0.073674,0.118048,0.085528,0.084052,0.092568,0.084494,0.115144
0.119152,0.051081,0.040994,0.127784,0.092670,0.121968,0.115440,0.115406,0.099597,0.115907
0.113060,0.082837,0.126286,0.073745,0.093895,0.115629,0.104675,0.090478,0.118719,0.080677
0.063235,0.071025,0.022766,0.143614,0.139041,0.138286,0.125713,0.118710,0.132218,0.045391
0.076141,0.050871,0.134596,0.139373,0.137167,0.023305,0.061179,0.130770,0.114432,0.132166
0.101292,0.084822,0.136142,0.072493,0.117463,0.126157,0.080796,0.117089,0.082856,0.080890
0.050039,0.127663,0.028618,0.127547,0.072554,0.141890,0.132376,0.077190,0.116676,0.125448
0.076286,0.070743,0.146652,0.041778,0.069146,0.111505,0.145836,0.129544,0.083981,0.124528
0.114277,0.083468,0.133136,0.074383,0.119844,0.091425,0.091731,0.083446,0.092465,0.115825
0.114641,0.078305,0.038901,0.135721,0.101996,0.112614,0.123460,0.124012,0.051997,0.118355
0.126697,0.045616,0.086190,0.146889,0.122365,0.063539,0.133662,0.099597,0.052410,0.123035
0.144495,0.049866,0.027706,0.156476,0.081213,0.140135,0.136994,0.069915,0.142352,0.050848
0.124145,0.047985,0.091074,0.047668,0.117391,0.119721,0.121558,0.110892,0.084828,0.134738
0.104357,0.105291,0.126560,0.055298,0.086710,0.079118,0.133126,0.053717,0.128370,0.127454
0.129191,0.074346,0.106344,0.120758,0.112908,0.094868,0.081863,0.124138,0.073159,0.082426
0.134576,0.062882,0.049945,0.142613,0.138712,0.077143,0.059928,0.141490,0.131803,0.060910
0.115145,0.086348,0.071080,0.119401,0.100442,0.117373,0.084332,0.129553,0.074499,0.101828
0.106195,0.099214,0.111940,0.126522,0.113950,0.104270,0.120309,0.114263,0.047455,0.055882
0.120438,0.074790,0.052821,0.059990,0.132355,0.088866,0.122429,0.136662,0.085961,0.125688
0.122896,0.040662,0.136527,0.105351,0.110155,0.063477,0.129974,0.122234,0.051719,0.117006
0.091801,0.066267,0.110953,0.104418,0.085585,0.120126,0.096056,0.134347,0.074887,0.115560
0.113850,0.119097,0.122542,0.051476,0.119559,0.075789,0.063964,0.117626,0.109741,0.106357
0.087912,0.083307,0.131915,0.074670,0.127253,0.088709,0.100823,0.117521,0.100891,0.086999
0.067601,0.053655,0.099900,0.144917,0.088363,0.150469,0.137951,0.085380,0.049117,0.122647
0.112266,0.083032,0.121576,0.096241,0.100974,0.109828,0.074730,0.124581,0.071889,0.104884
0.116118,0.050487,0.124370,0.129444,0.118041,0.135302,0.128942,0.082269,0.058252,0.056775
0.084825,0.039401,0.084799,0.126942,0.062470,0.144141,0.091059,0.101316,0.139035,0.126011
0.092989,0.117243,0.103704,0.097568,0.097017,0.109693,0.071374,0.132935,0.073243,0.104233
0.116917,0.079478,0.124102,0.073083,0.107820,0.083177,0.081630,0.104245,0.113121,0.116426
0.121446,0.040721,0.119652,0.134317,0.090071,0.134626,0.066798,0.039202,0.142111,0.111056
0.123867,0.121506,0.121930,0.143578,0.080356,0.127819,0.075623,0.075327,0.077007,0.052988
0.095841,0.074172,0.109668,0.104572,0.098666,0.112259,0.082500,0.139948,0.074040,0.108334
0.130704,0.045437,0.034147,0.137991,0.131963,0.143724,0.087075,0.122070,0.037729,0.129161
0.091159,0.075767,0.128425,0.107774,0.107197,0.071712,0.129413,0.137420,0.075491,0.075643
0.135054,0.082789,0.126136,0.112833,0.063590,0.062596,0.101152,0.099952,0.126971,0.088928
0.126209,0.053918,0.043846,0.048409,0.121704,0.141901,0.110493,0.087595,0.136768,0.129156
0.086529,0.099995,0.039040,0.129915,0.118675,0.127839,0.108106,0.111845,0.075394,0.102661
0.130038,0.079625,0.120745,0.070995,0.116130,0.116591,0.079195,0.091261,0.095951,0.099468
0.083884,0.095492,0.147367,0.126692,0.071298,0.058979,0.066299,0.065355,0.136542,0.148092
0.127264,0.100210,0.123637,0.069174,0.110947,0.113785,0.076067,0.101534,0.102639,0.074742
