0.078017,0.073591,0.149733,0.163172,0.102427,0.047499,0.189311,0.095263,0.053416,0.047570
0.089597,0.078443,0.164850,0.061976,0.122352,0.056207,0.088281,0.085522,0.123809,0.128964
0.027794,0.020715,0.042495,0.041112,0.038675,0.017506,0.025639,0.722703,0.019933,0.043429
0.066715,0.052853,0.119744,0.098128,0.084253,0.150133,0.141974,0.088158,0.105295,0.092747
0.072311,0.081817,0.148716,0.125827,0.133785,0.068466,0.069824,0.114986,0.075811,0.108457
0.182040,0.064353,0.147842,0.138807,0.087933,0.053369,0.066478,0.073623,0.062332,0.123223
0.139973,0.076060,0.052780,0.154350,0.104715,0.051746,0.148190,0.104369,0.059639,0.108178
0.067973,0.081603,0.133660,0.118040,0.067434,0.090685,0.078825,0.083943,0.167106,0.110729
0.067761,0.060042,0.148221,0.115825,0.103399,0.082856,0.155868,0.104010,0.056695,0.105323
0.026449,0.020929,0.037553,0.045233,0.034199,0.046960,0.058485,0.679026,0.018982,0.032184
0.031265,0.024552,0.675056,0.019518,0.045075,0.021371,0.021010,0.063008,0.037312,0.061832
0.109690,0.072788,0.063704,0.059652,0.096982,0.057254,0.067667,0.118946,0.145691,0.207625
0.027091,0.064007,0.639503,0.018937,0.057251,0.024986,0.070753,0.032632,0.022492,0.042348
0.104994,0.159003,0.099259,0.122837,0.062532,0.047063,0.151700,0.056068,0.104312,0.092233
0.111120,0.149109,0.105236,0.103089,0.089533,0.057701,0.136190,0.057179,0.105489,0.085352
0.034157,0.062592,0.019101,0.037213,0.035746,0.035281,0.023123,0.685111,0.019867,0.047809
0.074620,0.053698,0.134096,0.085196,0.117817,0.119796,0.192682,0.050440,0.054721,0.116934
0.045380,0.063915,0.054062,0.060790,0.114542,0.051570,0.174208,0.108086,0.265313,0.062133
0.034889,0.024856,0.695671,0.018770,0.038116,0.072598,0.020714,0.024024,0.050294,0.020067
0.037195,0.036341,0.683965,0.018807,0.050106,0.027126,0.035001,0.020807,0.022535,0.068118
0.085222,0.069913,0.124528,0.062013,0.101701,0.068651,0.069102,0.115526,0.210822,0.092522
0.027749,0.018103,0.070804,0.038128,0.026328,0.017665,0.073901,0.686343,0.019552,0.021427
0.090757,0.062033,0.157492,0.125349,0.078752,0.080162,0.114985,0.109774,0.054552,0.126143
0.155477,0.076059,0.065328,0.165971,0.102388,0.063187,0.110265,0.101113,0.084452,0.075760
0.124384,0.055335,0.051872,0.101041,0.109627,0.152049,0.128767,0.095661,0.129225,0.052039
0.093808,0.080257,0.092495,0.078858,0.122651,0.066307,0.077040,0.084104,0.163852,0.140628
0.103807,0.107202,0.064721,0.155884,0.094974,0.107010,0.078213,0.083665,0.095518,0.109006
0.026463,0.020664,0.039865,0.063819,0.039053,0.022658,0.026083,0.686460,0.020732,0.054204
0.080057,0.066620,0.054994,0.113635,0.103108,0.101264,0.156884,0.094382,0.115795,0.113260
0.135431,0.065002,0.098709,0.086191,0.102426,0.148966,0.073331,0.062614,0.129894,0.097436
0.023233,0.054522,0.037078,0.033908,0.033030,0.015434,0.049984,0.700628,0.019584,0.032599
0.080240,0.027330,0.676557,0.019264,0.035898,0.025953,0.021735,0.042104,0.023361,0.047558
0.113646,0.104787,0.062718,0.117495,0.100632,0.063242,0.105967,0.112484,0.144746,0.074284
0.074290,0.068030,0.148419,0.114690,0.085468,0.092022,0.082643,0.081979,0.125966,0.126494
0.151627,0.068056,0.061248,0.110664,0.091507,0.106033,0.100941,0.129737,0.061512,0.118676
0.133904,0.183930,0.048155,0.114250,0.070141,0.068511,0.051742,0.093645,0.125031,0.110691
0.152259,0.060592,0.123608,0.143512,0.116888,0.057222,0.069136,0.115072,0.057219,0.104492
0.072038,0.067119,0.128402,0.139916,0.103860,0.050793,0.078890,0.093447,0.164690,0.100845
0.061554,0.021198,0.705930,0.017523,0.051020,0.030210,0.019084,0.022414,0.022955,0.048112
0.107324,0.078086,0.166353,0.182050,0.139269,0.066173,0.068532,0.064390,0.064992,0.062831
0.026676,0.025314,0.659804,0.019261,0.032692,0.053880,0.063032,0.023693,0.041629,0.054020
0.053981,0.094882,0.083442,0.079088,0.162128,0.069153,0.099577,0.137401,0.076102,0.144246
0.111701,0.105560,0.064819,0.071771,0.095655,0.110057,0.075326,0.105433,0.092911,0.166769
0.097669,0.081180,0.054265,0.117538,0.085516,0.066728,0.232606,0.068442,0.072214,0.123843
0.130079,0.199516,0.049267,0.087158,0.099381,0.187469,0.060429,0.051021,0.054845,0.080837
0.133302,0.088972,0.071013,0.117255,0.069599,0.160197,0.063989,0.106705,0.068879,0.120088
0.115475,0.072758,0.086098,0.137548,0.099180,0.063802,0.084196,0.114231,0.151215,0.075497
0.084742,0.068438,0.068986,0.170392,0.080101,0.204900,0.081472,0.064530,0.117519,0.058920
0.120264,0.095299,0.061803,0.152214,0.102553,0.057341,0.065452,0.131551,0.142131,0.071392
0.024869,0.017502,0.048870,0.045822,0.023954,0.015222,0.061670,0.703779,0.019056,0.039256
0.143483,0.058982,0.054077,0.116765,0.133078,0.127747,0.083648,0.067183,0.126145,0.088892
0.069182,0.025332,0.059267,0.039535,0.031305,0.051012,0.026541,0.631615,0.021457,0.044754
0.025878,0.020649,0.040772,0.019086,0.040958,0.021935,0.028273,0.744389,0.019736,0.038325
0.081029,0.081587,0.074620,0.119287,0.076240,0.147977,0.066453,0.085049,0.159763,0.107994
0.033429,0.027512,0.672195,0.019906,0.052607,0.024175,0.022468,0.026527,0.071556,0.049624
0.071090,0.222163,0.120070,0.129450,0.084570,0.068494,0.063384,0.122278,0.062785,0.055716
0.081304,0.048831,0.178152,0.189169,0.077320,0.047429,0.172338,0.059763,0.047603,0.098093
0.061205,0.126016,0.107252,0.098050,0.090470,0.122851,0.112852,0.070701,0.123777,0.086825
0.090227,0.066427,0.129502,0.108505,0.131676,0.060035,0.067881,0.083204,0.146546,0.115998
0.172759,0.061730,0.122343,0.101857,0.116750,0.068860,0.094403,0.059402,0.077310,0.124586
0.088641,0.057416,0.128320,0.060563,0.107095,0.193403,0.086607,0.105951,0.071828,0.100177
0.151183,0.062140,0.061047,0.153936,0.089566,0.092905,0.076107,0.126803,0.068353,0.117958
0.048030,0.058906,0.167172,0.096188,0.115087,0.066816,0.068231,0.095544,0.147847,0.136181
0.075221,0.058063,0.054083,0.128890,0.078795,0.193631,0.085405,0.102824,0.137970,0.085117
0.042890,0.076747,0.144777,0.085181,0.084657,0.139278,0.164132,0.093592,0.119154,0.049594
0.136624,0.049084,0.127530,0.154606,0.071706,0.186097,0.054369,0.064001,0.062161,0.093822
0.069755,0.077160,0.148329,0.122941,0.103390,0.142576,0.076782,0.065809,0.116593,0.076666
0.066307,0.077414,0.103172,0.108629,0.105958,0.148811,0.062836,0.095202,0.118641,0.113029
0.024659,0.060772,0.019168,0.036165,0.035952,0.020973,0.021527,0.721995,0.019260,0.039528
0.118760,0.159241,0.110210,0.086753,0.079046,0.072937,0.058117,0.076625,0.126921,0.111391
0.030677,0.026002,0.022571,0.071133,0.033458,0.061419,0.020866,0.659692,0.021521,0.052661
0.034290,0.024298,0.698779,0.020075,0.036118,0.032388,0.028913,0.057964,0.034690,0.032485
0.147135,0.086566,0.059811,0.125228,0.091595,0.160350,0.075659,0.104376,0.078712,0.070566
0.091714,0.076419,0.174794,0.133669,0.078673,0.139463,0.062962,0.070322,0.067775,0.104208
0.086237,0.063512,0.112972,0.131543,0.081986,0.067562,0.164908,0.085867,0.075987,0.129427
0.108810,0.268362,0.044367,0.110247,0.096486,0.053129,0.131255,0.057597,0.044136,0.085612
0.123476,0.056894,0.120371,0.100521,0.083508,0.095885,0.153390,0.062673,0.107563,0.095720
0.084055,0.066113,0.157009,0.104055,0.138446,0.102634,0.089350,0.122088,0.076681,0.059568
0.129908,0.055666,0.119201,0.112650,0.104200,0.090961,0.057227,0.104789,0.120537,0.104861
0.028579,0.021113,0.074040,0.040921,0.027321,0.016159,0.065017,0.676941,0.020598,0.029311
0.028822,0.025007,0.017892,0.067826,0.041371,0.031337,0.019588,0.690308,0.020380,0.057469
0.146217,0.074736,0.148945,0.154033,0.106337,0.077596,0.067854,0.069186,0.091081,0.064016
0.076760,0.065224,0.118480,0.113516,0.089204,0.053175,0.078751,0.097940,0.188305,0.118645
0.141434,0.054679,0.142339,0.091226,0.124008,0.064103,0.063577,0.100571,0.121715,0.096349
0.035087,0.019877,0.041944,0.037834,0.034014,0.022213,0.064621,0.682564,0.020232,0.041614
0.058502,0.022363,0.054013,0.035063,0.024944,0.066582,0.049311,0.632189,0.019787,0.037245
0.127364,0.066980,0.067265,0.070720,0.204401,0.059926,0.071620,0.102527,0.083866,0.145332
0.211115,0.061397,0.117235,0.139432,0.114989,0.046067,0.053753,0.093312,0.056052,0.106649
0.026731,0.020252,0.039047,0.038119,0.034305,0.073072,0.026299,0.677416,0.020519,0.044238
0.067792,0.056120,0.122912,0.127050,0.100856,0.198279,0.061746,0.068908,0.069626,0.126711
0.067087,0.060288,0.149950,0.141237,0.121887,0.166516,0.063997,0.083842,0.060463,0.084733
0.073899,0.072220,0.124478,0.111670,0.073653,0.054775,0.080129,0.082527,0.203334,0.123315
0.111459,0.063175,0.135095,0.153210,0.106020,0.056710,0.059381,0.075029,0.058927,0.180993
0.125507,0.068895,0.111444,0.150466,0.081051,0.149579,0.058640,0.084049,0.118511,0.051859
0.062848,0.155742,0.050992,0.123931,0.057497,0.151980,0.143915,0.091328,0.106267,0.055501
0.063529,0.055126,0.112866,0.115881,0.072821,0.148856,0.075218,0.095231,0.169492,0.090981
0.084129,0.057548,0.142256,0.129406,0.078146,0.052347,0.163621,0.109981,0.120569,0.061997
0.029161,0.032579,0.671713,0.019381,0.038454,0.078361,0.022293,0.036197,0.025419,0.046443
0.130013,0.049664,0.062107,0.154843,0.069465,0.082838,0.181913,0.091974,0.064863,0.112320
0.072237,0.062255,0.186945,0.144238,0.081005,0.082391,0.059563,0.057645,0.131175,0.122546
0.073732,0.068176,0.204062,0.125691,0.098988,0.042648,0.208975,0.088294,0.047573,0.041861
0.122902,0.053658,0.147631,0.136321,0.121270,0.162119,0.060471,0.085351,0.052042,0.058234
0.028718,0.019958,0.045966,0.043573,0.039985,0.042018,0.022110,0.695187,0.021645,0.040840
0.110303,0.074633,0.118753,0.105630,0.094567,0.136939,0.138311,0.070949,0.056807,0.093108
0.110074,0.063729,0.116634,0.110961,0.092215,0.054283,0.120292,0.089669,0.153202,0.088940
0.125752,0.065664,0.060740,0.164741,0.201778,0.089559,0.061716,0.105133,0.066896,0.058023
0.095460,0.057971,0.115934,0.133290,0.077333,0.055345,0.085213,0.110444,0.131742,0.137268
0.076719,0.054029,0.175927,0.123553,0.075386,0.064624,0.081080,0.089912,0.198129,0.060640
0.214046,0.052621,0.072482,0.170980,0.139168,0.057175,0.047275,0.087094,0.049392,0.109767
0.076892,0.057041,0.141758,0.111839,0.064314,0.052874,0.169576,0.102693,0.118138,0.104875
0.075503,0.090287,0.146744,0.117198,0.079865,0.095733,0.086798,0.110990,0.070948,0.125935
0.068312,0.051702,0.101138,0.151841,0.106450,0.156289,0.057161,0.093494,0.121441,0.092173
0.031502,0.031671,0.685774,0.020230,0.036437,0.018491,0.027748,0.037173,0.045542,0.065430
0.031061,0.020768,0.648092,0.019016,0.026964,0.076215,0.071381,0.023580,0.043246,0.039676
0.067298,0.069987,0.150329,0.123140,0.112861,0.074752,0.060733,0.099395,0.129287,0.112217
0.130697,0.055048,0.109075,0.176085,0.109527,0.166372,0.053360,0.085219,0.056546,0.058072
0.136109,0.055924,0.111415,0.095776,0.077227,0.089540,0.192207,0.067999,0.122378,0.051425
0.046015,0.018265,0.036696,0.035810,0.043754,0.015261,0.054414,0.693063,0.018994,0.037728
0.110499,0.063573,0.101734,0.103331,0.102022,0.151148,0.157052,0.062588,0.063263,0.084791
0.034958,0.022828,0.667788,0.019517,0.027998,0.067226,0.023107,0.020920,0.069576,0.046082
0.042435,0.028402,0.705479,0.019661,0.042227,0.026814,0.030016,0.036148,0.048423,0.020395
0.083044,0.066136,0.155933,0.146046,0.085392,0.088775,0.088583,0.089646,0.076966,0.119481
0.147587,0.105475,0.058597,0.132346,0.089095,0.087575,0.066568,0.099939,0.154836,0.057980
0.107375,0.075778,0.065624,0.142446,0.198635,0.057741,0.094483,0.123103,0.069453,0.065362
0.049198,0.081554,0.056703,0.115354,0.085878,0.227353,0.096736,0.058432,0.131899,0.096893
0.055416,0.020064,0.703630,0.018417,0.031548,0.030257,0.027747,0.039335,0.029581,0.044005
0.090773,0.093689,0.054059,0.135004,0.092925,0.066212,0.214876,0.087946,0.073088,0.091429
0.073611,0.027205,0.680701,0.018061,0.035416,0.025090,0.026976,0.039261,0.029061,0.044618
0.065038,0.194137,0.106141,0.113256,0.076294,0.081727,0.086628,0.107680,0.060848,0.108250
0.069305,0.319883,0.046432,0.083548,0.080766,0.068851,0.073498,0.075851,0.059052,0.122816
0.073706,0.065307,0.113818,0.108804,0.098169,0.109337,0.057626,0.075649,0.197048,0.100537
0.065185,0.076855,0.142904,0.115608,0.077072,0.103380,0.058237,0.082815,0.166971,0.110973
0.113870,0.103740,0.094364,0.164693,0.130374,0.079181,0.077560,0.084424,0.073334,0.078461
0.121714,0.068017,0.145552,0.091948,0.106583,0.148068,0.056343,0.084984,0.118316,0.058476
0.037562,0.027460,0.020847,0.039213,0.030907,0.024429,0.025949,0.730300,0.020799,0.042535
0.027653,0.024023,0.017909,0.038308,0.028029,0.053236,0.025662,0.723354,0.020858,0.040968
0.067407,0.025442,0.662623,0.020064,0.062548,0.028360,0.033934,0.029136,0.045085,0.025402
0.028143,0.021659,0.652273,0.019531,0.033925,0.072202,0.064169,0.039626,0.023305,0.045167
0.127290,0.057841,0.110822,0.086727,0.100234,0.067128,0.129710,0.096498,0.119121,0.104630
0.083105,0.021711,0.621606,0.018676,0.046893,0.022996,0.077457,0.024385,0.059971,0.023200
0.082748,0.186300,0.068605,0.090024,0.072269,0.184861,0.077590,0.052711,0.126614,0.058277
0.152186,0.078036,0.054413,0.142650,0.094061,0.132260,0.063272,0.068523,0.073185,0.141414
0.088281,0.078901,0.127365,0.133730,0.084375,0.057766,0.089171,0.092025,0.134386,0.114000
0.083393,0.061690,0.073579,0.098626,0.080285,0.068649,0.193510,0.089528,0.144553,0.106187
0.065934,0.050787,0.123972,0.122436,0.068091,0.139834,0.152796,0.051296,0.113400,0.111453
0.068990,0.054818,0.143393,0.114643,0.101806,0.052665,0.140166,0.079640,0.127741,0.116137
0.126473,0.056945,0.117183,0.112660,0.108809,0.164965,0.059034,0.099287,0.059629,0.095014
0.030892,0.024800,0.658009,0.019851,0.045432,0.024020,0.032160,0.060261,0.071085,0.033489
0.096169,0.064506,0.131058,0.133218,0.088588,0.093965,0.104466,0.095943,0.070159,0.121929
0.029388,0.022775,0.643695,0.020076,0.066140,0.024088,0.023202,0.044213,0.070051,0.056373
0.073163,0.065104,0.123036,0.141643,0.085099,0.091874,0.066687,0.128285,0.076796,0.148313
0.066282,0.065780,0.121849,0.121163,0.070285,0.069743,0.150414,0.126276,0.120985,0.087224
0.074711,0.026365,0.057020,0.037303,0.030818,0.016239,0.019605,0.681661,0.020466,0.035813
0.071710,0.052718,0.051183,0.104477,0.112351,0.179440,0.075707,0.076965,0.196416,0.079035
0.114994,0.159377,0.126055,0.106826,0.097856,0.099806,0.076257,0.052627,0.110323,0.055879
0.097863,0.091997,0.059572,0.155578,0.157949,0.060498,0.097469,0.094827,0.067655,0.116592
0.032533,0.023805,0.704151,0.020110,0.030431,0.065311,0.024497,0.038192,0.024528,0.036442
0.028110,0.025427,0.049716,0.073851,0.027247,0.018454,0.077719,0.661803,0.019677,0.017997
0.155828,0.058225,0.127939,0.104219,0.084665,0.071027,0.087777,0.095614,0.074030,0.140675
0.135382,0.049363,0.270516,0.164781,0.070907,0.042504,0.069738,0.072622,0.049158,0.075029
0.080936,0.074212,0.146945,0.118823,0.116727,0.068906,0.089758,0.106752,0.064283,0.132657
0.112598,0.173021,0.049387,0.054297,0.107353,0.108460,0.133796,0.063930,0.123169,0.073989
0.142391,0.104837,0.058219,0.102860,0.121583,0.086014,0.070054,0.093365,0.079518,0.141159
0.055723,0.027267,0.017577,0.066098,0.026875,0.038766,0.028318,0.697102,0.020365,0.021909
0.197252,0.067306,0.059916,0.066579,0.130433,0.087570,0.095851,0.128831,0.060574,0.105687
0.032595,0.021245,0.038203,0.033788,0.034771,0.044393,0.052463,0.697052,0.019965,0.025525
0.091064,0.068491,0.126683,0.139858,0.123001,0.054817,0.090814,0.075247,0.072251,0.157773
0.132388,0.086761,0.053811,0.094065,0.095232,0.116351,0.154545,0.088352,0.123390,0.055106
0.068628,0.183504,0.107990,0.094275,0.084645,0.076618,0.079088,0.099631,0.123682,0.081938
0.080229,0.072228,0.123719,0.118120,0.114861,0.079794,0.086742,0.106962,0.120002,0.097343
0.077111,0.072637,0.143914,0.175826,0.092102,0.065280,0.063980,0.066904,0.126507,0.115739
0.060875,0.017908,0.051444,0.038663,0.024909,0.034520,0.055134,0.662114,0.020528,0.033905
0.032394,0.023616,0.691317,0.019680,0.029741,0.031706,0.026043,0.033202,0.066239,0.046062
0.084733,0.058265,0.108635,0.050540,0.105238,0.212478,0.172959,0.058320,0.052556,0.096276
0.067039,0.068930,0.135056,0.133032,0.104762,0.102639,0.153992,0.079024,0.064679,0.090848
0.124251,0.059341,0.054601,0.108908,0.065772,0.152028,0.077263,0.082569,0.182516,0.092751
0.026258,0.017818,0.049838,0.036661,0.025905,0.021322,0.057109,0.725358,0.019361,0.020371
0.064605,0.061189,0.118382,0.103225,0.100917,0.170420,0.053603,0.058140,0.171742,0.097776
0.120918,0.066876,0.117287,0.122855,0.104701,0.106102,0.103043,0.093978,0.067239,0.097002
0.028644,0.022474,0.689144,0.019864,0.043316,0.023286,0.028235,0.033329,0.061345,0.050363
0.137719,0.174097,0.106427,0.111568,0.068717,0.182417,0.068661,0.059713,0.045157,0.045524
0.080990,0.054790,0.121768,0.185680,0.103473,0.078551,0.063352,0.107261,0.072078,0.132056
0.073644,0.053535,0.121873,0.118414,0.074077,0.139035,0.149028,0.102215,0.111893,0.056286
0.088583,0.081905,0.199432,0.052753,0.132924,0.080737,0.208551,0.048795,0.059276,0.047044
0.088163,0.066265,0.132743,0.127132,0.103089,0.059870,0.068748,0.100611,0.140501,0.112876
0.045102,0.068423,0.154559,0.109357,0.073522,0.086082,0.180430,0.106393,0.117691,0.058441
0.125476,0.076655,0.122968,0.082930,0.067394,0.047228,0.159901,0.049710,0.170335,0.097402
0.083942,0.090457,0.187562,0.099394,0.085294,0.153515,0.067497,0.090574,0.076662,0.065103
0.063517,0.054865,0.118094,0.115390,0.063681,0.154086,0.142282,0.063735,0.133534,0.090816
0.092423,0.059608,0.143152,0.124259,0.084795,0.228259,0.055767,0.054189,0.051801,0.105748
0.114212,0.161201,0.128349,0.054209,0.066898,0.098855,0.069160,0.086215,0.123320,0.097581
0.082699,0.064023,0.120144,0.152013,0.081700,0.070098,0.117790,0.059943,0.128999,0.122591
0.057592,0.026256,0.702515,0.018155,0.041107,0.024713,0.019431,0.054850,0.023496,0.031884
0.047936,0.022385,0.676772,0.018820,0.039994,0.024589,0.064393,0.023559,0.062091,0.019462
0.124430,0.053882,0.098847,0.110330,0.080502,0.049354,0.172775,0.077955,0.127826,0.104101
0.077175,0.080038,0.126016,0.053263,0.079024,0.048475,0.203932,0.111479,0.061394,0.159204
0.135898,0.054473,0.179945,0.115738,0.139356,0.065604,0.061086,0.055558,0.129172,0.063169
0.147701,0.098606,0.074783,0.219452,0.089336,0.056768,0.094932,0.104045,0.058376,0.056002
0.079885,0.069621,0.051110,0.117014,0.109244,0.087494,0.161434,0.064160,0.201313,0.058726
0.128282,0.057148,0.139320,0.094002,0.118833,0.055131,0.066068,0.106499,0.124311,0.110405
0.112068,0.165845,0.091237,0.080599,0.072473,0.079490,0.160772,0.076104,0.058688,0.102723
0.132598,0.070402,0.125821,0.128419,0.117336,0.091058,0.080196,0.083720,0.070181,0.100269
0.083708,0.071777,0.143168,0.158206,0.096029,0.109736,0.076334,0.100334,0.086106,0.074601
0.081602,0.062392,0.072137,0.097476,0.099848,0.243407,0.058305,0.090126,0.075403,0.119305
0.111476,0.051960,0.102164,0.081676,0.066874,0.143567,0.156886,0.091085,0.122938,0.071374
0.030651,0.032674,0.666739,0.019771,0.072044,0.019798,0.023014,0.062273,0.023103,0.049933
0.119779,0.173186,0.052471,0.108158,0.099335,0.105274,0.058537,0.080010,0.114750,0.088501
0.024967,0.020034,0.057504,0.047246,0.030517,0.050572,0.055680,0.651708,0.021044,0.040728
0.061434,0.254269,0.087589,0.125815,0.064411,0.098576,0.074126,0.049461,0.103066,0.081253
0.045405,0.164553,0.123576,0.109829,0.098696,0.148510,0.071557,0.095898,0.056343,0.085633
0.151896,0.071607,0.160178,0.097140,0.079197,0.085900,0.083404,0.112900,0.056282,0.101497
0.025401,0.024707,0.036483,0.033544,0.024451,0.022471,0.060838,0.718806,0.019418,0.033880
0.028850,0.020612,0.072275,0.042998,0.053361,0.018338,0.028238,0.677276,0.020289,0.037762
0.085712,0.055417,0.111905,0.126109,0.091850,0.052401,0.198539,0.100631,0.068145,0.109290
0.074778,0.064382,0.217848,0.063357,0.122452,0.082253,0.058896,0.090887,0.056186,0.168963
0.069732,0.075674,0.092832,0.105032,0.068659,0.066289,0.156376,0.089708,0.171068,0.104632
0.026117,0.024497,0.042169,0.060527,0.034150,0.086602,0.020946,0.647365,0.021061,0.036565
0.084578,0.104114,0.062907,0.071265,0.094487,0.187328,0.064450,0.099522,0.065359,0.165989
0.044896,0.055503,0.144891,0.095143,0.079569,0.078914,0.230447,0.108630,0.067392,0.094615
0.086900,0.060543,0.072867,0.127386,0.092315,0.205427,0.058255,0.117233,0.072778,0.106294
0.114388,0.066243,0.106306,0.126176,0.101487,0.158248,0.072224,0.091835,0.110657,0.052437
0.113832,0.064532,0.123664,0.101784,0.106567,0.049373,0.052629,0.092589,0.186892,0.108140
0.105862,0.063120,0.060647,0.137316,0.103115,0.104470,0.096610,0.102337,0.156295,0.070226
0.059697,0.181762,0.127553,0.158361,0.071368,0.047862,0.178637,0.073188,0.053714,0.047857
0.041658,0.055054,0.107283,0.125198,0.122488,0.224731,0.159850,0.050974,0.064082,0.048683
0.109638,0.063861,0.160649,0.070436,0.101624,0.061217,0.064774,0.098243,0.147230,0.122329
0.037135,0.028501,0.692440,0.019579,0.038659,0.078914,0.031982,0.025074,0.023718,0.023997
0.136679,0.052271,0.109169,0.058864,0.074735,0.127746,0.192248,0.085715,0.066608,0.095965
0.106027,0.053450,0.061816,0.097507,0.091830,0.153511,0.151810,0.089048,0.106324,0.088678
0.069516,0.076305,0.055346,0.122024,0.092204,0.124822,0.192197,0.091086,0.071651,0.104850
0.072035,0.021562,0.614736,0.018886,0.055749,0.017459,0.075348,0.040137,0.023087,0.061000
0.135480,0.071952,0.072368,0.119188,0.114004,0.078858,0.068365,0.118508,0.086801,0.134475
0.136957,0.073529,0.141157,0.097416,0.115733,0.092600,0.058065,0.111758,0.054614,0.118171
0.127310,0.057221,0.116375,0.119662,0.099413,0.185808,0.063520,0.109033,0.069577,0.052081
0.027386,0.028737,0.651108,0.019561,0.040944,0.054733,0.061672,0.046641,0.022442,0.046775
0.037642,0.029836,0.676408,0.020557,0.046031,0.024804,0.033980,0.037149,0.024459,0.069134
0.088994,0.055587,0.054536,0.129338,0.081957,0.218406,0.068482,0.112928,0.072393,0.117380
0.044290,0.031112,0.676307,0.020042,0.053826,0.024629,0.021839,0.051941,0.054864,0.021149
0.085059,0.059357,0.073547,0.100565,0.123909,0.236537,0.089494,0.118529,0.056750,0.056254
0.104861,0.060050,0.127475,0.147727,0.139882,0.163002,0.068662,0.071713,0.059487,0.057142
0.137088,0.049178,0.107485,0.126454,0.098030,0.078636,0.165278,0.074415,0.053425,0.110011
0.113483,0.068452,0.126502,0.128223,0.096134,0.163563,0.069443,0.077667,0.060019,0.096514
0.062766,0.023783,0.711124,0.019140,0.029061,0.026221,0.021900,0.035227,0.022790,0.047987
0.051155,0.026879,0.671619,0.017993,0.037929,0.052654,0.059752,0.022513,0.022855,0.036652
0.062706,0.053067,0.111045,0.088406,0.121101,0.052433,0.184410,0.082025,0.137041,0.107765
0.107003,0.063897,0.130574,0.119285,0.096721,0.059285,0.148600,0.074058,0.108419,0.092158
0.034783,0.020354,0.078308,0.019237,0.042892,0.084385,0.025086,0.657910,0.019474,0.017571
0.029009,0.066324,0.681780,0.018695,0.055001,0.025338,0.020864,0.031754,0.028937,0.042299
0.025379,0.064319,0.019525,0.041177,0.024627,0.053208,0.024801,0.676620,0.020188,0.050156
0.093081,0.063144,0.109126,0.146163,0.073367,0.124064,0.148466,0.058053,0.072304,0.112233
0.092145,0.105283,0.059213,0.066260,0.137780,0.055740,0.062420,0.119015,0.135360,0.166784
0.114314,0.061873,0.111766,0.103561,0.066174,0.143789,0.160253,0.088489,0.061674,0.088107
0.112177,0.053725,0.052266,0.120597,0.102518,0.084881,0.158290,0.064393,0.158753,0.092400
0.144154,0.206968,0.114457,0.102169,0.079086,0.051419,0.067294,0.069614,0.060757,0.104081
0.096426,0.061020,0.081694,0.131230,0.086202,0.058065,0.077651,0.124928,0.143797,0.138988
0.132401,0.071782,0.108497,0.144534,0.103946,0.180692,0.060898,0.079474,0.065459,0.052316
0.087417,0.090566,0.135482,0.059696,0.082859,0.217501,0.061784,0.086177,0.072914,0.105603
0.117899,0.050385,0.140283,0.114193,0.069803,0.144738,0.145831,0.064075,0.049719,0.103075
0.070151,0.061612,0.107204,0.083991,0.097677,0.075348,0.151762,0.095622,0.164003,0.092630
0.034478,0.026980,0.064880,0.040801,0.037469,0.021926,0.062757,0.656091,0.020641,0.033977
0.205401,0.071459,0.158909,0.067687,0.124058,0.073188,0.063898,0.077468,0.097822,0.060110
0.064737,0.053125,0.133861,0.091252,0.114853,0.088427,0.176107,0.103683,0.052439,0.121517
0.099282,0.056170,0.117118,0.093469,0.086804,0.136388,0.134225,0.081686,0.104678,0.090180
0.039203,0.026060,0.696780,0.020129,0.043903,0.028050,0.023554,0.075162,0.025325,0.021835
0.078538,0.067172,0.118333,0.127305,0.078745,0.173055,0.056591,0.112328,0.128978,0.058954
0.081662,0.055377,0.171185,0.097302,0.114081,0.079621,0.122392,0.088051,0.054675,0.135654
0.087535,0.062609,0.057938,0.129587,0.142973,0.056713,0.061996,0.101085,0.151020,0.148545
0.081386,0.054786,0.053133,0.061230,0.116652,0.177564,0.213060,0.055717,0.123906,0.062566
0.087068,0.080029,0.179536,0.181115,0.102923,0.052800,0.064242,0.087825,0.074642,0.089820
0.052140,0.028507,0.650419,0.019887,0.032783,0.040268,0.020701,0.050915,0.056336,0.048045
0.135442,0.058077,0.123253,0.130558,0.119361,0.053477,0.145810,0.082354,0.053789,0.097879
0.056749,0.289298,0.144841,0.115597,0.068220,0.044921,0.069697,0.047256,0.050416,0.113005
0.062415,0.048795,0.706576,0.019416,0.033771,0.028509,0.023242,0.025734,0.026339,0.025201
0.048727,0.028634,0.668212,0.019697,0.056073,0.023058,0.028404,0.040916,0.055282,0.030996
0.028288,0.021786,0.679905,0.017701,0.061289,0.055226,0.018949,0.018796,0.054087,0.043973
0.070529,0.025382,0.038431,0.036851,0.035264,0.022883,0.022716,0.680601,0.019288,0.048055
0.025347,0.059406,0.675502,0.018701,0.024804,0.067178,0.020057,0.029543,0.040305,0.039158
0.071379,0.070719,0.170561,0.126780,0.097540,0.076518,0.084491,0.107316,0.063091,0.131604
0.087714,0.055426,0.120003,0.122473,0.095501,0.215588,0.062916,0.115182,0.061480,0.063717
0.071923,0.025496,0.065043,0.019901,0.030491,0.024482,0.063584,0.629157,0.020416,0.049507
0.087034,0.088974,0.075937,0.129149,0.128157,0.080430,0.192251,0.087743,0.068015,0.062310
0.038252,0.022565,0.634963,0.019172,0.048124,0.072256,0.027518,0.024604,0.063083,0.049464
0.093151,0.108576,0.061440,0.108649,0.130537,0.058680,0.072820,0.127151,0.077525,0.161471
0.090126,0.084159,0.131292,0.217171,0.093551,0.057747,0.061349,0.091378,0.058745,0.114483
0.079514,0.058626,0.118061,0.118440,0.075479,0.089994,0.062703,0.088178,0.187765,0.121240
0.051653,0.027826,0.057595,0.040238,0.026685,0.048574,0.023578,0.661462,0.021019,0.041370
0.093028,0.075047,0.122485,0.064021,0.076061,0.170279,0.090263,0.070597,0.129936,0.108283
0.056476,0.020459,0.018015,0.048223,0.035000,0.039945,0.074421,0.663477,0.021058,0.022927
0.150999,0.062501,0.082229,0.129353,0.123166,0.061124,0.095638,0.099694,0.061895,0.133401
0.052792,0.027693,0.641069,0.019657,0.032061,0.051759,0.065237,0.024637,0.045285,0.039810
0.054490,0.019687,0.709328,0.017689,0.039558,0.024166,0.028252,0.040118,0.022843,0.043869
0.076712,0.063442,0.099960,0.117307,0.120759,0.203846,0.050769,0.099884,0.064677,0.102645
0.066705,0.167282,0.105399,0.108043,0.090093,0.051271,0.161895,0.094473,0.066901,0.087937
0.151326,0.105713,0.135646,0.067962,0.131322,0.088248,0.067825,0.074063,0.059981,0.117914
0.121765,0.052832,0.131686,0.059356,0.101316,0.177229,0.059207,0.075609,0.131534,0.089466
0.025429,0.019855,0.039174,0.037988,0.033054,0.074682,0.063853,0.644499,0.020255,0.041211
0.087138,0.064524,0.117983,0.096639,0.085362,0.225510,0.054289,0.065731,0.067035,0.135789
0.029629,0.021170,0.040179,0.036740,0.036996,0.035241,0.018714,0.722936,0.018963,0.039432
0.097823,0.063577,0.184721,0.065297,0.081400,0.135639,0.087271,0.087574,0.056364,0.140333
0.115741,0.055197,0.108411,0.105634,0.070805,0.176564,0.058718,0.080536,0.128369,0.100024
0.094334,0.084140,0.125851,0.047942,0.113308,0.058618,0.051460,0.052040,0.190082,0.182225
0.127593,0.070342,0.053870,0.108897,0.106756,0.074647,0.172936,0.099990,0.068121,0.116848
0.127828,0.071635,0.129273,0.103233,0.098719,0.111312,0.133476,0.052671,0.066361,0.105491
0.065873,0.076371,0.093741,0.112793,0.099121,0.139879,0.152051,0.097721,0.052508,0.109943
0.073600,0.021398,0.065141,0.043963,0.032622,0.017504,0.062032,0.633094,0.021521,0.029125
0.159740,0.057567,0.055156,0.180835,0.077589,0.080790,0.066903,0.089610,0.126163,0.105648
0.111848,0.157374,0.062511,0.126646,0.099096,0.066813,0.154634,0.092785,0.059180,0.069113
0.075687,0.059906,0.071159,0.094767,0.131787,0.200667,0.066011,0.083428,0.127596,0.088991
0.033743,0.025245,0.677138,0.020626,0.044407,0.035615,0.024575,0.052143,0.065302,0.021207
0.071247,0.175152,0.156343,0.112760,0.102953,0.048270,0.074629,0.077877,0.062211,0.118558
0.140483,0.062637,0.055855,0.133706,0.078500,0.068421,0.086996,0.089888,0.194384,0.089130
0.083180,0.090827,0.074894,0.130349,0.089522,0.091433,0.059206,0.095329,0.134928,0.150332
0.026554,0.019683,0.038483,0.036673,0.025252,0.023076,0.018859,0.751606,0.019264,0.040551
0.030747,0.020707,0.030766,0.071601,0.043036,0.055661,0.021181,0.664497,0.021931,0.039871
0.025384,0.018309,0.038691,0.037231,0.029603,0.028133,0.019547,0.742625,0.019899,0.040578
0.133635,0.070384,0.149476,0.125054,0.070628,0.069653,0.114411,0.083191,0.057241,0.126327
0.132583,0.052856,0.099839,0.110688,0.073413,0.113887,0.057685,0.052295,0.215133,0.091620
0.085799,0.084330,0.123127,0.064327,0.084155,0.084313,0.226995,0.113980,0.076674,0.056301
0.129717,0.057022,0.055047,0.143993,0.078674,0.165921,0.061816,0.056924,0.140673,0.110213
0.051948,0.025767,0.056198,0.039116,0.031910,0.069036,0.022913,0.636956,0.021600,0.044556
0.030226,0.022219,0.682518,0.018482,0.034898,0.044852,0.067087,0.023306,0.057492,0.018920
0.086097,0.071794,0.132440,0.136566,0.123908,0.093864,0.085751,0.073585,0.078815,0.117179
0.055788,0.024947,0.679657,0.018602,0.068156,0.022091,0.038837,0.024643,0.024050,0.043230
0.060109,0.167191,0.126465,0.130098,0.099663,0.051017,0.160801,0.073817,0.056670,0.074170
0.081944,0.061528,0.073180,0.130751,0.082435,0.075047,0.141293,0.106559,0.129335,0.117928
0.035577,0.032628,0.716841,0.018733,0.031805,0.020488,0.033866,0.037582,0.022260,0.050219
0.060821,0.156192,0.141660,0.085445,0.098204,0.060222,0.053316,0.092432,0.156643,0.095066
0.034048,0.060258,0.061873,0.055753,0.023630,0.016716,0.024225,0.659166,0.019536,0.044794
0.036072,0.024102,0.702538,0.018630,0.058019,0.026259,0.020374,0.024169,0.039180,0.050657
0.125914,0.065624,0.114305,0.124327,0.070710,0.173570,0.054727,0.064170,0.127136,0.079517
0.080432,0.069551,0.164011,0.122408,0.137045,0.061693,0.070020,0.083796,0.086492,0.124552
0.046192,0.075861,0.129160,0.125254,0.097615,0.073303,0.083644,0.093152,0.216006,0.059814
0.028595,0.021003,0.017610,0.041077,0.038223,0.030779,0.070122,0.704253,0.020530,0.027808
0.120721,0.067610,0.166573,0.093604,0.089562,0.154442,0.058812,0.066459,0.066154,0.116063
0.027715,0.028242,0.678985,0.019519,0.034178,0.019925,0.072482,0.041687,0.031767,0.045500
0.053039,0.023345,0.042569,0.043400,0.030292,0.024292,0.026439,0.694814,0.020206,0.041604
0.044702,0.037853,0.581209,0.068791,0.057171,0.039261,0.036507,0.069431,0.033438,0.031637
0.032722,0.063513,0.647986,0.018863,0.031211,0.024848,0.069877,0.031345,0.060811,0.018825
0.053513,0.018008,0.069328,0.039751,0.035240,0.051886,0.020119,0.675239,0.019550,0.017364
0.064533,0.065376,0.119944,0.110042,0.092023,0.060175,0.145389,0.095937,0.149654,0.096926
0.111424,0.155788,0.059371,0.102694,0.061576,0.081341,0.140241,0.084333,0.106781,0.096452
0.134531,0.085714,0.114362,0.184771,0.084778,0.063169,0.080204,0.068213,0.064946,0.119313
0.147654,0.055648,0.066545,0.056667,0.087642,0.220350,0.059175,0.051659,0.116640,0.138021
0.026885,0.026024,0.050135,0.036296,0.024971,0.027867,0.057010,0.692585,0.019738,0.038489
0.153737,0.080489,0.053417,0.100300,0.089193,0.049917,0.085137,0.068174,0.230654,0.088981
0.036989,0.029684,0.710014,0.018388,0.044026,0.030897,0.027313,0.032821,0.022233,0.047633
0.035461,0.019903,0.052372,0.037853,0.033777,0.024503,0.025144,0.710093,0.020252,0.040642
0.087387,0.068828,0.052908,0.098119,0.113173,0.207814,0.189981,0.055319,0.065904,0.060566
0.067963,0.065071,0.018904,0.039435,0.045181,0.048481,0.019375,0.649866,0.019573,0.026151
0.089803,0.064279,0.054681,0.050268,0.132649,0.237204,0.062257,0.056259,0.067616,0.184985
0.033729,0.027489,0.024169,0.043210,0.035583,0.018350,0.030420,0.721874,0.022771,0.042405
0.076813,0.078348,0.116459,0.113717,0.077975,0.162871,0.055463,0.065604,0.124586,0.128163
0.105730,0.251793,0.058912,0.094140,0.070398,0.091808,0.068894,0.059597,0.114981,0.083748
0.085586,0.022282,0.044194,0.019780,0.047370,0.016512,0.023629,0.701919,0.019858,0.018871
0.132660,0.063790,0.131032,0.054361,0.117770,0.185027,0.058323,0.084409,0.060647,0.111982
0.128484,0.075289,0.054952,0.094097,0.078011,0.156375,0.149947,0.082031,0.125269,0.055545
0.096906,0.081183,0.123507,0.150782,0.081692,0.106629,0.098439,0.093237,0.068369,0.099255
0.068049,0.069932,0.114455,0.191821,0.088176,0.062974,0.179753,0.067863,0.051956,0.105022
0.078013,0.057593,0.166003,0.062791,0.122367,0.094847,0.082892,0.104538,0.128483,0.102474
0.140539,0.069506,0.139600,0.129294,0.084869,0.049953,0.057165,0.109566,0.131353,0.088155
0.115031,0.163345,0.104372,0.081798,0.100403,0.069278,0.160353,0.078611,0.055704,0.071106
0.104741,0.133450,0.111166,0.113075,0.077940,0.085432,0.130671,0.050098,0.101623,0.091805
0.148201,0.049986,0.123554,0.096971,0.128447,0.043853,0.046441,0.258754,0.060389,0.043403
0.029169,0.023768,0.046206,0.021567,0.033912,0.080266,0.029784,0.673067,0.021990,0.040270
0.130917,0.065716,0.113206,0.083998,0.101670,0.147683,0.057680,0.081324,0.116798,0.101008
0.107504,0.055820,0.114406,0.104883,0.088731,0.131669,0.141113,0.062458,0.103706,0.089712
0.087167,0.069810,0.055529,0.128134,0.087980,0.076252,0.063117,0.117226,0.207998,0.106786
0.076688,0.053756,0.135227,0.093064,0.117547,0.051225,0.192480,0.100826,0.119355,0.059833
0.116332,0.096963,0.246424,0.104877,0.088923,0.091882,0.065398,0.059662,0.073447,0.056091
0.123456,0.158510,0.090048,0.108879,0.071741,0.161262,0.053958,0.084673,0.058668,0.088802
0.026581,0.028724,0.671004,0.019358,0.042758,0.022648,0.067881,0.032986,0.046314,0.041746
0.081107,0.086461,0.120184,0.119999,0.085586,0.090774,0.157018,0.068257,0.135302,0.055311
0.082549,0.055675,0.136163,0.111049,0.084044,0.186965,0.082618,0.080845,0.060161,0.119931
0.065322,0.149598,0.121191,0.095263,0.094017,0.150580,0.053796,0.074347,0.107347,0.088538
0.143920,0.081000,0.123006,0.123308,0.081478,0.081191,0.059928,0.056585,0.145551,0.104032
0.069431,0.057137,0.120372,0.138280,0.076602,0.077211,0.143997,0.096471,0.120368,0.100132
0.080014,0.057306,0.114119,0.113932,0.104935,0.107249,0.060239,0.067867,0.173370,0.120970
0.099509,0.087309,0.155547,0.106232,0.085990,0.100959,0.062804,0.096082,0.073035,0.132534
0.073156,0.187583,0.103705,0.104720,0.072885,0.114834,0.188464,0.061387,0.046535,0.046730
0.116172,0.135627,0.085303,0.101824,0.082011,0.128890,0.068221,0.080845,0.115517,0.085590
0.109779,0.050613,0.048070,0.053462,0.058895,0.165480,0.158254,0.076077,0.185767,0.093601
0.060895,0.170221,0.111606,0.109254,0.070060,0.091164,0.137670,0.075403,0.062549,0.111179
0.071838,0.093556,0.054962,0.063138,0.120004,0.231698,0.179897,0.056944,0.074370,0.053593
0.085477,0.072126,0.132999,0.096662,0.127324,0.095102,0.064880,0.068132,0.126735,0.130562
0.032743,0.020881,0.699606,0.018141,0.041100,0.024616,0.075930,0.032121,0.023368,0.031494
0.135639,0.051705,0.121370,0.111118,0.074171,0.198206,0.059153,0.079156,0.063820,0.105664
0.094949,0.081292,0.126112,0.107241,0.149748,0.071420,0.067104,0.096872,0.075672,0.129591
0.070094,0.070875,0.148581,0.088579,0.073285,0.108266,0.075328,0.083623,0.182625,0.098743
0.109116,0.051914,0.092191,0.128389,0.086150,0.095951,0.151474,0.078856,0.113354,0.092604
0.071058,0.059322,0.134317,0.108498,0.096560,0.112643,0.170892,0.085325,0.068061,0.093325
0.077350,0.173832,0.054247,0.116824,0.112142,0.076400,0.063628,0.096800,0.121433,0.107345
0.082832,0.067025,0.130803,0.059883,0.123025,0.092615,0.220787,0.069803,0.063048,0.090179
0.073093,0.049574,0.195350,0.045026,0.086833,0.061854,0.178361,0.123081,0.115093,0.071736
0.075591,0.086624,0.138381,0.118434,0.067708,0.065336,0.181809,0.084730,0.068971,0.112417
0.066707,0.065315,0.114716,0.121900,0.069750,0.148503,0.060787,0.095144,0.163667,0.093510
0.076675,0.059365,0.058072,0.127110,0.102308,0.057518,0.228722,0.076116,0.079968,0.134146
0.068386,0.049187,0.121214,0.083604,0.076450,0.171604,0.137132,0.059543,0.178573,0.054308
0.094850,0.026915,0.641569,0.018833,0.033946,0.086859,0.020895,0.027432,0.024313,0.024389
0.090156,0.061636,0.114648,0.102594,0.104892,0.127867,0.199215,0.071273,0.072920,0.054799
0.062112,0.146039,0.140276,0.119149,0.084317,0.082926,0.057459,0.089540,0.119234,0.098948
0.078751,0.049484,0.178258,0.160583,0.117924,0.069979,0.056741,0.098125,0.111663,0.078492
0.039916,0.025147,0.688680,0.019694,0.053120,0.059703,0.024114,0.040629,0.023834,0.025162
0.041251,0.085790,0.035806,0.021818,0.035786,0.034443,0.021480,0.681795,0.021442,0.020387
0.028195,0.023896,0.074672,0.046852,0.030829,0.026031,0.067453,0.649757,0.021847,0.030468
0.063004,0.025901,0.707860,0.018443,0.043758,0.020053,0.021443,0.023710,0.023183,0.052645
0.134804,0.053039,0.051267,0.116032,0.085838,0.118707,0.181643,0.100954,0.065096,0.092618
0.051023,0.022167,0.671586,0.019142,0.036447,0.079531,0.030908,0.025055,0.044516,0.019625
0.073908,0.064513,0.051643,0.128828,0.106081,0.148482,0.163166,0.095719,0.114032,0.053629
0.073952,0.054501,0.120455,0.161927,0.105769,0.049408,0.055546,0.085781,0.195700,0.096962
0.032862,0.021717,0.724571,0.017837,0.041822,0.059610,0.019419,0.041522,0.021964,0.018675
0.063569,0.138516,0.053403,0.084832,0.080350,0.128423,0.138981,0.075165,0.133818,0.102943
0.075332,0.088757,0.149775,0.062598,0.071245,0.093093,0.178118,0.083730,0.069600,0.127752
0.048622,0.024590,0.711874,0.019008,0.047023,0.022145,0.024452,0.021651,0.023777,0.056857
0.083654,0.058506,0.051772,0.121093,0.091530,0.190414,0.148463,0.105575,0.052514,0.096478
0.126088,0.053169,0.101820,0.132414,0.101654,0.074157,0.171118,0.078888,0.065045,0.095646
0.138758,0.066232,0.050643,0.125096,0.068981,0.163192,0.148392,0.066159,0.115151,0.057394
0.141690,0.052485,0.068252,0.059294,0.123436,0.208682,0.085431,0.080087,0.070323,0.110320
0.062746,0.311955,0.120916,0.054656,0.070615,0.058000,0.078330,0.050053,0.112619,0.080111
0.076445,0.019876,0.039544,0.051053,0.049988,0.029782,0.021350,0.665805,0.019615,0.026542
0.120114,0.083180,0.064897,0.156609,0.108456,0.075681,0.073610,0.104075,0.150891,0.062487
0.048553,0.023620,0.018447,0.052620,0.035249,0.068787,0.024484,0.675515,0.019696,0.033029
0.082777,0.089107,0.108778,0.122870,0.119533,0.190360,0.078645,0.104412,0.051509,0.052008
0.221427,0.069947,0.060863,0.067453,0.107892,0.088126,0.083466,0.104891,0.068441,0.127493
0.119092,0.069032,0.134311,0.086707,0.073522,0.074721,0.176088,0.098221,0.065032,0.103272
0.026434,0.016803,0.039610,0.039991,0.024951,0.048288,0.025683,0.718474,0.019445,0.040321
0.082778,0.074274,0.110535,0.059258,0.076817,0.076362,0.056137,0.110236,0.220450,0.133153
0.032608,0.024707,0.704528,0.019798,0.063762,0.027736,0.033936,0.041732,0.026198,0.024994
0.069865,0.069864,0.068792,0.110547,0.081536,0.144166,0.138277,0.150009,0.053268,0.113678
0.045840,0.022644,0.055224,0.032766,0.034487,0.044421,0.020707,0.687815,0.019199,0.036897
0.076725,0.051767,0.105019,0.125088,0.105695,0.162599,0.194974,0.065263,0.063879,0.048992
0.077594,0.059612,0.074825,0.115647,0.082372,0.172676,0.091364,0.092127,0.128683,0.105099
0.030003,0.052649,0.034807,0.032386,0.032172,0.042337,0.018725,0.699769,0.019639,0.037512
0.057597,0.022322,0.646906,0.019519,0.037940,0.023308,0.022369,0.034871,0.072226,0.062943
0.121113,0.068251,0.111089,0.111304,0.087743,0.144655,0.060596,0.053648,0.125195,0.116406
0.122551,0.172186,0.110540,0.119292,0.075470,0.166061,0.060460,0.062107,0.062682,0.048652
0.030880,0.020694,0.036517,0.035228,0.032090,0.043004,0.023216,0.717942,0.019474,0.040954
0.128247,0.059064,0.055522,0.128779,0.120047,0.160420,0.085707,0.083033,0.055407,0.123776
0.024553,0.020823,0.055853,0.033606,0.033657,0.016205,0.057073,0.721153,0.018422,0.018654
0.147789,0.090228,0.119616,0.097249,0.078003,0.079670,0.088829,0.086227,0.125813,0.086577
0.124813,0.056184,0.054028,0.062618,0.108014,0.168538,0.111526,0.065798,0.122878,0.125603
0.065728,0.070335,0.054036,0.168048,0.127552,0.130887,0.081125,0.107047,0.074573,0.120668
0.085948,0.022872,0.625702,0.017831,0.052148,0.093147,0.019543,0.023204,0.023801,0.035804
0.080531,0.076481,0.148258,0.122090,0.093714,0.082670,0.068987,0.074702,0.131613,0.120953
0.076128,0.027854,0.661457,0.017488,0.039561,0.078530,0.018562,0.031928,0.031023,0.017467
