0.106845,0.063247,0.116769,0.139858,0.129373,0.055491,0.130800,0.132918,0.066080,0.058619
0.087175,0.057937,0.127656,0.048789,0.129910,0.054783,0.113783,0.121263,0.134441,0.124263
0.090787,0.077962,0.120345,0.111541,0.108805,0.075276,0.093100,0.131875,0.075992,0.114317
0.056412,0.040920,0.131004,0.116343,0.082904,0.110753,0.126684,0.103683,0.125870,0.105427
0.076973,0.051202,0.145048,0.138506,0.144428,0.062329,0.066524,0.124294,0.063509,0.127186
0.134121,0.079851,0.136943,0.141667,0.128742,0.033075,0.066536,0.081866,0.071595,0.125603
0.135835,0.056893,0.035316,0.150192,0.129193,0.030600,0.134132,0.127814,0.060889,0.139135
0.040159,0.073858,0.167040,0.150888,0.052524,0.102818,0.075662,0.082405,0.136832,0.117814
0.071913,0.058069,0.135109,0.128612,0.103691,0.064735,0.132970,0.142145,0.035649,0.127108
0.085922,0.069981,0.108145,0.113529,0.102770,0.109206,0.121003,0.119801,0.070095,0.099547
0.085933,0.082814,0.128857,0.075110,0.101710,0.085494,0.083258,0.124491,0.114014,0.118317
0.139890,0.084083,0.067173,0.058855,0.130020,0.046445,0.077809,0.128006,0.139079,0.128641
0.079604,0.113211,0.119827,0.072489,0.122968,0.081186,0.125804,0.096397,0.082069,0.106445
0.111862,0.120747,0.110796,0.127525,0.071662,0.040847,0.120771,0.063605,0.119753,0.112433
0.115864,0.119244,0.113996,0.116319,0.108363,0.042098,0.117934,0.047536,0.115173,0.103473
0.100980,0.120587,0.075222,0.102510,0.098869,0.109402,0.081467,0.128579,0.073543,0.108841
0.090694,0.057107,0.136192,0.103774,0.119436,0.131035,0.129265,0.047161,0.062992,0.122343
0.058559,0.099662,0.070306,0.072359,0.148846,0.044949,0.144916,0.149289,0.126351,0.084763
0.104810,0.084712,0.128737,0.075397,0.101185,0.121314,0.084464,0.091559,0.123274,0.084548
0.107208,0.106174,0.123232,0.072328,0.116818,0.084804,0.111509,0.076952,0.084805,0.116170
0.095783,0.067939,0.138473,0.057551,0.111893,0.079694,0.088719,0.127529,0.119500,0.112919
0.091725,0.070587,0.134685,0.111580,0.091179,0.078110,0.136555,0.126714,0.076819,0.082047
0.093931,0.069323,0.123329,0.140579,0.076840,0.073947,0.118014,0.128145,0.044161,0.131730
0.141166,0.078352,0.056887,0.147816,0.127912,0.037100,0.140383,0.130118,0.071293,0.068973
0.122457,0.053900,0.040809,0.113540,0.118692,0.131095,0.119737,0.114673,0.136074,0.049024
0.114935,0.075790,0.102925,0.066743,0.131686,0.040361,0.089160,0.100054,0.142603,0.135743
0.095144,0.109892,0.044458,0.167604,0.082389,0.132745,0.081833,0.071395,0.111904,0.102636
0.085038,0.076420,0.111454,0.129404,0.104637,0.083660,0.088907,0.127332,0.076559,0.116588
0.055937,0.033209,0.021518,0.140234,0.107321,0.117944,0.144557,0.107430,0.142627,0.129223
0.126988,0.030665,0.114087,0.115340,0.110461,0.132158,0.062111,0.055126,0.137155,0.115910
0.081978,0.117358,0.110290,0.110056,0.097544,0.058854,0.118619,0.127506,0.073834,0.103961
0.133679,0.083249,0.127682,0.074100,0.096699,0.083785,0.083605,0.116845,0.086690,0.113666
0.116602,0.081023,0.053590,0.124805,0.125866,0.058529,0.135557,0.111229,0.125904,0.066896
0.056750,0.053137,0.150835,0.119457,0.062071,0.103322,0.078041,0.101942,0.144485,0.129960
0.134589,0.057011,0.046993,0.134667,0.075882,0.132165,0.114739,0.132005,0.040233,0.131716
0.130532,0.124351,0.024661,0.127074,0.081634,0.073586,0.048958,0.131247,0.139183,0.118775
0.140504,0.050993,0.130626,0.143695,0.113928,0.054246,0.059102,0.129462,0.043069,0.134376
0.070219,0.046080,0.141795,0.153087,0.120699,0.021804,0.077525,0.122480,0.117451,0.128860
0.122654,0.081240,0.125956,0.072732,0.123126,0.100601,0.081348,0.088181,0.093327,0.110835
0.117127,0.090962,0.133006,0.116818,0.139968,0.090955,0.086541,0.067849,0.071654,0.085122
0.088419,0.078062,0.119239,0.072589,0.091776,0.118057,0.121737,0.084219,0.112995,0.112908
0.050068,0.085984,0.098804,0.070676,0.144758,0.074014,0.128152,0.151271,0.068966,0.127306
0.108317,0.120752,0.055853,0.055155,0.086363,0.145479,0.063448,0.119363,0.109298,0.135971
0.124176,0.110963,0.053073,0.123469,0.091904,0.077069,0.135617,0.090432,0.072002,0.121296
0.133847,0.132874,0.057522,0.124628,0.123884,0.117441,0.069847,0.056703,0.072120,0.111134
0.129094,0.091211,0.077604,0.132509,0.067943,0.140316,0.049797,0.122845,0.074512,0.114169
0.132178,0.067886,0.097867,0.127111,0.095251,0.060171,0.096418,0.115713,0.137668,0.069736
0.098643,0.067504,0.090293,0.130241,0.111849,0.105420,0.118129,0.089118,0.122417,0.066386
0.128213,0.087201,0.060617,0.149027,0.129576,0.037423,0.071093,0.129500,0.132115,0.075236
0.091904,0.071121,0.115500,0.121476,0.087659,0.062846,0.131171,0.128392,0.076513,0.113418
0.125382,0.050243,0.040606,0.121371,0.134333,0.130684,0.103531,0.076465,0.132230,0.085156
0.124787,0.082812,0.119315,0.096439,0.086653,0.114212,0.084781,0.115291,0.072698,0.103012
0.085538,0.078768,0.119764,0.081347,0.119120,0.084139,0.104174,0.134893,0.076383,0.115874
0.066252,0.074295,0.079924,0.138926,0.076841,0.139174,0.059408,0.109015,0.123646,0.132518
0.100000,0.087260,0.125605,0.074866,0.123090,0.086205,0.085264,0.093308,0.112022,0.112379
0.092607,0.132952,0.134215,0.139470,0.101669,0.074006,0.075780,0.123550,0.067134,0.058617
0.112862,0.050538,0.130342,0.139116,0.114702,0.059999,0.127451,0.097813,0.047912,0.119266
0.033214,0.131987,0.112476,0.095290,0.081301,0.140972,0.127540,0.055137,0.121982,0.100102
0.107827,0.064073,0.132761,0.110531,0.125389,0.053192,0.070086,0.076097,0.129777,0.130267
0.129610,0.056770,0.126997,0.111000,0.105018,0.075903,0.134979,0.053675,0.084451,0.121597
0.090210,0.051279,0.133172,0.048493,0.124282,0.114449,0.117290,0.124171,0.073621,0.123033
0.144197,0.046124,0.048628,0.155611,0.103069,0.076304,0.079850,0.141256,0.065296,0.139664
0.047189,0.056995,0.122081,0.112919,0.127544,0.078249,0.069152,0.112990,0.155415,0.117466
0.081040,0.044680,0.026688,0.144922,0.088090,0.145815,0.088742,0.148702,0.160706,0.070616
0.040097,0.092496,0.113334,0.103248,0.097404,0.130395,0.125106,0.108256,0.134551,0.055112
0.136436,0.038826,0.143408,0.145103,0.074737,0.112071,0.069099,0.069352,0.087327,0.123639
0.050726,0.066449,0.130746,0.151107,0.121574,0.148765,0.070826,0.063335,0.139887,0.056586
0.036923,0.061576,0.124154,0.104538,0.114608,0.135122,0.047311,0.118009,0.133285,0.124474
0.089491,0.123500,0.080021,0.111918,0.102578,0.082671,0.088483,0.133987,0.075787,0.111563
0.128067,0.127587,0.122958,0.099825,0.060310,0.053456,0.055280,0.093746,0.142560,0.116210
0.095284,0.082236,0.085313,0.133248,0.092970,0.119316,0.079888,0.122899,0.076180,0.112665
0.096711,0.081023,0.128244,0.074871,0.096939,0.100717,0.099692,0.122264,0.106108,0.093430
0.144213,0.104533,0.044172,0.140855,0.085833,0.152870,0.085152,0.106316,0.068830,0.067226
0.105598,0.097202,0.120031,0.138329,0.078191,0.136139,0.058579,0.073296,0.062931,0.129704
0.072766,0.066337,0.134047,0.142204,0.074514,0.067835,0.134085,0.115731,0.073327,0.119154
0.127919,0.119975,0.045599,0.144494,0.122794,0.072328,0.130965,0.072731,0.038881,0.124315
0.124430,0.044442,0.121220,0.106936,0.079355,0.127293,0.123694,0.050672,0.118271,0.103688
0.090943,0.059725,0.138839,0.122879,0.123877,0.119202,0.094147,0.121781,0.077402,0.051206
0.124887,0.026001,0.130652,0.119539,0.115585,0.089227,0.041694,0.119661,0.126202,0.106552
0.090853,0.081465,0.137623,0.111855,0.093157,0.063668,0.129853,0.123062,0.077171,0.091293
0.095027,0.083003,0.066474,0.131971,0.117702,0.103161,0.080148,0.127179,0.076465,0.118871
0.120895,0.077017,0.128591,0.140571,0.121096,0.090046,0.074874,0.066343,0.110022,0.070546
0.084190,0.058217,0.126573,0.128992,0.098044,0.055044,0.108133,0.115334,0.111911,0.113563
0.125183,0.039236,0.133336,0.099832,0.132494,0.057762,0.046176,0.128685,0.118195,0.119101
0.100252,0.071597,0.114843,0.106743,0.095374,0.079574,0.127075,0.123218,0.074180,0.107144
0.119748,0.077365,0.118325,0.097581,0.082948,0.111943,0.110775,0.112927,0.070721,0.097669
0.144385,0.061309,0.068028,0.064457,0.147977,0.037956,0.090970,0.132028,0.096020,0.156871
0.132824,0.086485,0.138542,0.127759,0.120611,0.031907,0.065996,0.119451,0.060549,0.115876
0.082932,0.076656,0.108990,0.108944,0.100006,0.118100,0.097267,0.123942,0.075717,0.107445
0.092773,0.052079,0.135387,0.137283,0.107818,0.114175,0.059969,0.075223,0.097618,0.127675
0.079148,0.063464,0.135893,0.154521,0.130199,0.148019,0.051682,0.097374,0.059300,0.080401
0.065442,0.054788,0.143744,0.137762,0.071894,0.057098,0.107280,0.106198,0.126623,0.129171
0.127564,0.068725,0.122791,0.133566,0.136425,0.071454,0.073929,0.094805,0.060630,0.110111
0.126378,0.049599,0.125674,0.147131,0.078532,0.140882,0.066583,0.085053,0.127642,0.052524
0.069790,0.134344,0.037248,0.144332,0.054405,0.118071,0.135013,0.123998,0.133157,0.049640
0.055573,0.027652,0.133167,0.143866,0.066873,0.150727,0.064525,0.113540,0.129747,0.114330
0.099230,0.052467,0.143518,0.141215,0.076317,0.031822,0.134306,0.127792,0.130573,0.062760
0.094012,0.099839,0.125279,0.073010,0.098577,0.122838,0.082692,0.100996,0.092159,0.110598
0.122291,0.044217,0.077413,0.132682,0.066821,0.121902,0.122978,0.124209,0.069271,0.118217
0.096341,0.059433,0.122478,0.151359,0.106301,0.073626,0.061239,0.047124,0.137469,0.144630
0.110023,0.102313,0.115398,0.117305,0.105722,0.067506,0.123037,0.115668,0.070479,0.072550
0.133531,0.046729,0.134147,0.153962,0.148587,0.146099,0.051976,0.090475,0.038062,0.056431
0.092469,0.068538,0.113602,0.116732,0.105522,0.116540,0.080634,0.126766,0.075417,0.103782
0.129007,0.055963,0.116757,0.129870,0.095042,0.140753,0.132221,0.073899,0.041302,0.085186
0.128410,0.031519,0.117303,0.118212,0.119525,0.036999,0.126213,0.109959,0.124206,0.087654
0.128287,0.073243,0.069572,0.131648,0.135812,0.100202,0.076213,0.127844,0.086134,0.071046
0.083282,0.043901,0.129007,0.135719,0.077687,0.047842,0.097193,0.136309,0.135265,0.113795
0.081055,0.046374,0.138122,0.149683,0.081417,0.077200,0.124177,0.107281,0.128787,0.065904
0.125113,0.073473,0.082971,0.121129,0.112887,0.097271,0.073392,0.118422,0.066444,0.128897
0.069773,0.042987,0.140590,0.126388,0.056513,0.022946,0.143984,0.133388,0.136752,0.126680
0.071081,0.078081,0.143077,0.135544,0.059932,0.102839,0.081190,0.135436,0.066209,0.126611
0.036913,0.026041,0.124748,0.138970,0.128600,0.126837,0.050468,0.122308,0.121695,0.123421
0.097836,0.091464,0.126553,0.075502,0.100502,0.067511,0.092935,0.106921,0.119748,0.121028
0.090801,0.076940,0.118534,0.074134,0.084365,0.113531,0.126855,0.088260,0.115336,0.111243
0.064604,0.046873,0.130128,0.131885,0.140096,0.052558,0.055637,0.133779,0.124242,0.120199
0.129212,0.051906,0.132287,0.140422,0.136583,0.143247,0.057567,0.091904,0.060211,0.056661
0.126817,0.042838,0.129688,0.125571,0.092413,0.115856,0.131130,0.059248,0.129625,0.046814
0.114231,0.071355,0.108961,0.106518,0.116424,0.058310,0.120356,0.125110,0.072654,0.106081
0.120667,0.045687,0.116509,0.126901,0.113346,0.126809,0.126706,0.052312,0.052841,0.118221
0.102509,0.080787,0.126412,0.077475,0.087935,0.122000,0.091604,0.081512,0.114646,0.115121
0.106109,0.087777,0.129322,0.075764,0.108191,0.086423,0.097655,0.102003,0.123061,0.083695
0.089182,0.060901,0.156331,0.148982,0.092456,0.064198,0.092546,0.108641,0.055886,0.130879
0.133435,0.110508,0.044285,0.142294,0.106406,0.098390,0.067446,0.089432,0.155338,0.052466
0.141102,0.065063,0.060419,0.145823,0.138960,0.041382,0.130481,0.138261,0.066161,0.072349
0.051284,0.114574,0.060318,0.119826,0.095611,0.110877,0.129848,0.058182,0.132854,0.126625
0.118520,0.074154,0.127892,0.071895,0.090710,0.097128,0.099041,0.111680,0.099236,0.109744
0.106904,0.112396,0.037081,0.138944,0.098108,0.069777,0.137993,0.126986,0.073491,0.098320
0.125814,0.091131,0.121736,0.069396,0.101728,0.079851,0.093459,0.111379,0.097454,0.108052
0.065850,0.134677,0.133447,0.128216,0.083306,0.061891,0.090548,0.127687,0.053790,0.120588
0.114520,0.110758,0.052510,0.103236,0.115266,0.079425,0.125050,0.122464,0.068387,0.108384
0.068009,0.050844,0.129213,0.128831,0.122123,0.131517,0.046319,0.086444,0.114680,0.122022
0.070962,0.080518,0.125837,0.137216,0.068309,0.144403,0.046698,0.077003,0.118975,0.130082
0.112955,0.101359,0.105977,0.139364,0.109234,0.089747,0.100731,0.090708,0.067295,0.082629
0.122038,0.050147,0.130919,0.125537,0.132068,0.137574,0.051297,0.074096,0.128302,0.048022
0.111265,0.093740,0.083759,0.114645,0.094887,0.083247,0.092429,0.134283,0.077801,0.113945
0.097700,0.082410,0.068649,0.113713,0.090592,0.123273,0.094110,0.136459,0.079066,0.114027
0.119728,0.082360,0.121808,0.074185,0.121332,0.085830,0.097630,0.094694,0.118960,0.083473
0.082844,0.076210,0.121255,0.075570,0.094768,0.113916,0.122077,0.113900,0.086232,0.113227
0.123036,0.040620,0.113147,0.105677,0.111349,0.051828,0.119209,0.106488,0.125147,0.103500
0.129482,0.077523,0.116405,0.070953,0.111503,0.082337,0.125790,0.087800,0.119499,0.078708
0.090868,0.129109,0.092638,0.127566,0.074955,0.114471,0.112714,0.050354,0.143408,0.063918
0.127780,0.088084,0.045515,0.144977,0.094941,0.137998,0.073029,0.082228,0.092278,0.113171
0.073510,0.056686,0.139033,0.142072,0.066604,0.027153,0.094275,0.114894,0.147153,0.138620
0.061326,0.059568,0.081407,0.128288,0.094860,0.065781,0.133839,0.099862,0.149430,0.125639
0.055566,0.031740,0.142461,0.144661,0.058557,0.142089,0.133978,0.038695,0.130400,0.121852
0.046668,0.028355,0.127470,0.142549,0.116391,0.020945,0.138034,0.092259,0.154948,0.132380
0.118142,0.038303,0.117686,0.117789,0.124499,0.129157,0.053721,0.131411,0.048243,0.121048
0.095033,0.080560,0.124153,0.073722,0.112187,0.084619,0.104739,0.120956,0.111174,0.092856
0.086231,0.040298,0.142080,0.135188,0.086188,0.095210,0.107515,0.115004,0.058787,0.133497
0.093671,0.081335,0.121788,0.075610,0.128054,0.086628,0.087251,0.100003,0.111661,0.113999
0.084827,0.066619,0.130179,0.138957,0.099989,0.078365,0.071281,0.125568,0.090118,0.114097
0.066827,0.047890,0.137313,0.141030,0.073476,0.052708,0.131308,0.085387,0.143030,0.121031
0.136513,0.094683,0.117929,0.108642,0.092522,0.064061,0.080114,0.126157,0.076381,0.102999
0.076797,0.049404,0.033905,0.137390,0.135319,0.124171,0.102398,0.122361,0.131332,0.086923
0.116465,0.121774,0.130312,0.127209,0.111120,0.127549,0.067831,0.031998,0.125081,0.040661
0.096942,0.068032,0.051161,0.148667,0.138218,0.056447,0.129461,0.112900,0.065196,0.132975
0.088739,0.085237,0.132250,0.077730,0.090791,0.129216,0.093232,0.111660,0.091479,0.099667
0.093295,0.081033,0.120077,0.133646,0.088197,0.076151,0.134216,0.121062,0.074591,0.077732
0.134612,0.039509,0.127526,0.128857,0.104885,0.067542,0.105011,0.090164,0.085034,0.116860
0.122713,0.071544,0.082036,0.133503,0.112937,0.035392,0.126301,0.121292,0.077586,0.116695
0.054393,0.065077,0.146878,0.130015,0.136361,0.059400,0.091537,0.143313,0.053863,0.119164
0.129105,0.131738,0.038318,0.037365,0.124566,0.136791,0.131704,0.056833,0.146278,0.067302
0.134183,0.112562,0.037316,0.116193,0.131988,0.099683,0.055721,0.103966,0.072043,0.136345
0.120317,0.092265,0.066124,0.131305,0.088456,0.114907,0.101319,0.129117,0.076338,0.079852
0.144289,0.068896,0.050443,0.057801,0.141097,0.081498,0.146171,0.139132,0.049955,0.120718
0.098532,0.073764,0.108494,0.107199,0.103610,0.114177,0.117247,0.125708,0.071684,0.079585
0.088219,0.073181,0.142060,0.145173,0.146923,0.028465,0.119979,0.070944,0.061019,0.124036
0.127360,0.091152,0.031410,0.111388,0.102154,0.140849,0.130445,0.084417,0.127288,0.053537
0.066394,0.131772,0.137041,0.133592,0.062380,0.054147,0.077171,0.135779,0.138667,0.063057
0.055778,0.036994,0.146093,0.141791,0.109972,0.051105,0.076459,0.128424,0.137262,0.116121
0.094727,0.078553,0.147702,0.142718,0.086801,0.065197,0.051965,0.077103,0.130909,0.124325
0.122472,0.066672,0.116592,0.105177,0.077669,0.104391,0.119500,0.121371,0.071892,0.094264
0.096961,0.083732,0.126425,0.076319,0.094206,0.102049,0.092018,0.099597,0.113673,0.115020
0.115988,0.087995,0.131708,0.065308,0.127480,0.098807,0.121609,0.079841,0.063498,0.107768
0.042229,0.034569,0.132992,0.155683,0.109586,0.124008,0.150024,0.085923,0.055645,0.109340
0.138779,0.056281,0.027156,0.137353,0.057718,0.153549,0.079124,0.085552,0.133069,0.131418
0.097173,0.070977,0.118164,0.113926,0.092571,0.085380,0.129359,0.134255,0.076817,0.081377
0.089500,0.055719,0.127159,0.121216,0.126984,0.103229,0.067671,0.076757,0.108568,0.123197
0.121349,0.030951,0.130764,0.125876,0.103275,0.120366,0.108467,0.104769,0.041229,0.112955
0.084105,0.081092,0.126271,0.076393,0.117053,0.086449,0.097901,0.104969,0.112091,0.113677
0.132746,0.122580,0.120431,0.130322,0.111044,0.106917,0.109840,0.071653,0.037616,0.056851
0.108484,0.040803,0.125628,0.144938,0.105201,0.068715,0.072668,0.137037,0.072792,0.123735
0.058825,0.028857,0.140555,0.141818,0.056750,0.133421,0.132778,0.129813,0.132797,0.044387
0.114305,0.110898,0.125922,0.060358,0.137219,0.127026,0.131392,0.056334,0.071560,0.064986
0.106555,0.054704,0.136941,0.136556,0.094958,0.028486,0.069235,0.092023,0.138346,0.142196
0.038272,0.058002,0.131678,0.126603,0.070026,0.123501,0.135510,0.126849,0.133494,0.056064
0.137378,0.107510,0.096463,0.112724,0.078089,0.033005,0.137216,0.053557,0.120642,0.123414
0.119564,0.071298,0.122030,0.109191,0.116744,0.133634,0.061704,0.119465,0.081232,0.065138
0.056740,0.028784,0.138651,0.136174,0.045453,0.141143,0.130922,0.058382,0.150279,0.113473
0.119918,0.061710,0.143924,0.133453,0.123424,0.134688,0.062854,0.047725,0.043221,0.129083
0.120339,0.125812,0.116452,0.031367,0.064767,0.130542,0.062021,0.108176,0.142075,0.098449
0.062558,0.062354,0.130050,0.154839,0.097471,0.066557,0.118244,0.045923,0.140903,0.121101
0.120989,0.083983,0.130686,0.073356,0.113430,0.083659,0.081348,0.123240,0.093115,0.096195
0.117151,0.082060,0.128180,0.076157,0.101038,0.085130,0.124533,0.090081,0.112176,0.083492
0.126548,0.038257,0.130539,0.136434,0.067483,0.021204,0.133895,0.081969,0.146213,0.117458
0.093068,0.111631,0.142227,0.054104,0.104266,0.035044,0.130867,0.136129,0.064926,0.127738
0.133962,0.045969,0.125651,0.131514,0.153719,0.077535,0.079777,0.050950,0.133175,0.067748
0.123654,0.094665,0.096611,0.138791,0.100064,0.066133,0.132702,0.126849,0.055321,0.065210
0.086893,0.077595,0.034597,0.142887,0.138364,0.126464,0.135681,0.078359,0.123561,0.055598
0.129326,0.033169,0.140527,0.127202,0.121592,0.024194,0.058604,0.117098,0.127466,0.120822
0.122614,0.123591,0.123620,0.100466,0.061788,0.103562,0.127730,0.067217,0.047368,0.122044
0.131291,0.043447,0.136713,0.135155,0.134778,0.096611,0.071408,0.075785,0.049346,0.125466
0.090435,0.056686,0.149232,0.160588,0.079332,0.129996,0.056121,0.126089,0.091360,0.060161
0.111823,0.073125,0.088614,0.099892,0.122575,0.122555,0.064162,0.121572,0.085478,0.110204
0.125970,0.030802,0.121858,0.097129,0.051275,0.136138,0.129970,0.104664,0.141447,0.060747
0.095907,0.100866,0.126013,0.073823,0.129018,0.067372,0.086223,0.121479,0.084895,0.114404
0.129785,0.132779,0.021443,0.102093,0.124006,0.131953,0.046479,0.073071,0.128176,0.110215
0.075880,0.072647,0.122245,0.115214,0.087978,0.112342,0.117910,0.118528,0.073751,0.103505
0.067005,0.112283,0.121948,0.139474,0.073423,0.129838,0.080358,0.036860,0.120585,0.118225
0.028599,0.125646,0.126250,0.128792,0.119422,0.130506,0.064518,0.118338,0.046501,0.111428
0.140187,0.062439,0.135783,0.129520,0.086079,0.064733,0.087828,0.127796,0.033174,0.132462
0.091675,0.088155,0.109130,0.103553,0.085957,0.078809,0.131041,0.130209,0.074022,0.107449
0.093208,0.075420,0.132399,0.111925,0.117638,0.070803,0.097820,0.121887,0.072623,0.106276
0.101088,0.050030,0.122652,0.134119,0.101296,0.053104,0.124838,0.132734,0.061547,0.118593
0.117550,0.071769,0.140281,0.063177,0.148171,0.086616,0.070469,0.130730,0.053130,0.118107
0.058692,0.072537,0.124284,0.128481,0.073072,0.068124,0.129801,0.106164,0.117169,0.121677
0.082823,0.078171,0.111041,0.124539,0.098278,0.123669,0.078851,0.120306,0.075325,0.106996
0.116395,0.106382,0.067803,0.071344,0.108255,0.141516,0.075295,0.124064,0.062639,0.126306
0.051264,0.057709,0.129469,0.109224,0.095841,0.087756,0.130946,0.132067,0.075796,0.129929
0.092080,0.057417,0.089802,0.131756,0.098340,0.129426,0.060096,0.120533,0.095893,0.124659
0.121306,0.046729,0.116997,0.133754,0.126435,0.108517,0.071440,0.104257,0.124541,0.046024
0.121135,0.046727,0.131157,0.118210,0.131107,0.049805,0.057362,0.112343,0.112881,0.119273
0.103301,0.040147,0.037661,0.151043,0.088022,0.129483,0.110906,0.109963,0.173634,0.055840
0.084251,0.126912,0.140528,0.143274,0.110633,0.028038,0.131526,0.115046,0.063774,0.056018
0.053840,0.077907,0.126290,0.137396,0.124965,0.132878,0.132246,0.062280,0.082385,0.069813
0.115702,0.048824,0.137718,0.054280,0.129674,0.056124,0.061769,0.124323,0.138545,0.133041
0.111931,0.089276,0.130048,0.076575,0.101003,0.125625,0.100954,0.093025,0.086137,0.085425
0.138964,0.042543,0.129411,0.047178,0.071682,0.143801,0.139361,0.092428,0.060876,0.133757
0.113534,0.047261,0.064769,0.106592,0.116780,0.106395,0.120341,0.102910,0.119455,0.101963
0.075360,0.057650,0.029553,0.152690,0.080615,0.156900,0.148098,0.081472,0.078579,0.139081
0.124926,0.076366,0.117880,0.071678,0.119147,0.063486,0.125522,0.111472,0.079410,0.110114
0.127884,0.064767,0.077065,0.109312,0.122347,0.083649,0.069669,0.135264,0.081468,0.128575
0.121572,0.055603,0.135112,0.105396,0.127330,0.118385,0.053672,0.115306,0.034650,0.132975
0.127445,0.054485,0.124061,0.133986,0.105603,0.132625,0.070892,0.125050,0.071573,0.054279
0.082595,0.085550,0.114106,0.072790,0.109206,0.118119,0.119951,0.112773,0.079727,0.105183
0.100349,0.085877,0.127497,0.076118,0.101750,0.087277,0.107773,0.106320,0.087311,0.119729
0.103399,0.049832,0.052832,0.139064,0.086576,0.114561,0.085463,0.125541,0.101315,0.141418
0.105234,0.088387,0.124150,0.075659,0.119614,0.088312,0.084361,0.105541,0.123883,0.084860
0.119626,0.054583,0.090830,0.107046,0.132185,0.134387,0.131864,0.120855,0.047706,0.060919
0.132575,0.055905,0.126743,0.136128,0.124640,0.140531,0.069756,0.098159,0.051376,0.064188
0.120877,0.032108,0.133312,0.123454,0.127046,0.107776,0.127388,0.072344,0.043852,0.111843
0.129051,0.050403,0.118540,0.147021,0.130681,0.114022,0.071657,0.065877,0.063221,0.109528
0.124730,0.084527,0.134688,0.077079,0.088892,0.087908,0.088466,0.104191,0.084114,0.125405
0.114310,0.084346,0.118315,0.070872,0.105017,0.110484,0.117567,0.084575,0.086938,0.107576
0.069633,0.035167,0.123210,0.105069,0.123547,0.046447,0.131583,0.091516,0.146348,0.127480
0.114843,0.043926,0.114120,0.132172,0.100871,0.051670,0.128018,0.073024,0.123133,0.118222
0.102266,0.080627,0.133176,0.082033,0.118371,0.119430,0.093701,0.115927,0.075794,0.078674
0.095093,0.115800,0.127730,0.071918,0.122541,0.081406,0.079081,0.099689,0.097710,0.109034
0.088178,0.122085,0.078729,0.104705,0.084183,0.117370,0.089596,0.126492,0.075802,0.112861
0.085866,0.064992,0.096631,0.150078,0.084977,0.142332,0.133067,0.046566,0.059925,0.135566
0.129399,0.126965,0.058003,0.059539,0.127122,0.036664,0.068609,0.138736,0.137805,0.117158
0.120967,0.034209,0.129331,0.119122,0.049192,0.133163,0.126950,0.120827,0.045709,0.120530
0.124704,0.035047,0.025363,0.142348,0.124139,0.099026,0.134008,0.065422,0.120158,0.129784
0.131550,0.129411,0.133513,0.130110,0.096149,0.028683,0.079113,0.072225,0.066550,0.132697
0.089601,0.043922,0.094486,0.147158,0.076120,0.031589,0.081089,0.140946,0.159268,0.135822
0.136554,0.052606,0.126534,0.146883,0.134836,0.116191,0.052524,0.098217,0.081695,0.053961
0.098502,0.102515,0.133133,0.046797,0.110325,0.129607,0.052553,0.104830,0.091001,0.130737
0.123849,0.037238,0.130960,0.133258,0.084415,0.139688,0.127693,0.059055,0.031355,0.132488
0.049428,0.044652,0.122465,0.114911,0.123764,0.051405,0.132981,0.120002,0.123486,0.116906
0.098594,0.086385,0.127039,0.099533,0.101115,0.077925,0.124486,0.117045,0.072752,0.095126
0.130569,0.081749,0.147314,0.067074,0.112772,0.088829,0.073565,0.089781,0.139848,0.068499
0.073059,0.036344,0.138069,0.124263,0.120194,0.115055,0.128906,0.115226,0.034798,0.114086
0.106489,0.033293,0.126478,0.077134,0.109966,0.132507,0.125245,0.086695,0.123769,0.078421
0.110441,0.090388,0.130369,0.077131,0.105540,0.088892,0.090808,0.130184,0.089367,0.086879
0.076685,0.052822,0.124386,0.140123,0.097827,0.131458,0.054425,0.127070,0.142942,0.052261
0.078789,0.043426,0.140258,0.119627,0.146293,0.072533,0.123910,0.111160,0.040764,0.123240
0.125146,0.055016,0.053854,0.145532,0.136545,0.034623,0.064046,0.106711,0.156291,0.122237
0.135102,0.049605,0.043736,0.056716,0.150103,0.153492,0.147991,0.053469,0.141072,0.068715
0.109012,0.067058,0.125359,0.148625,0.109772,0.032117,0.080840,0.118839,0.104468,0.103911
0.113990,0.085168,0.115669,0.073152,0.090450,0.115878,0.079148,0.115051,0.104742,0.106752
0.125189,0.056658,0.130872,0.131958,0.137467,0.046391,0.125756,0.090596,0.035252,0.119862
0.096394,0.116653,0.118416,0.133446,0.091556,0.061440,0.129888,0.055638,0.072774,0.123795
0.115797,0.122379,0.129362,0.076392,0.090965,0.089291,0.091855,0.095094,0.101816,0.087047
0.111292,0.091859,0.120847,0.072869,0.121641,0.082871,0.095487,0.097473,0.116243,0.089417
0.094540,0.077743,0.124967,0.071070,0.126933,0.120790,0.078919,0.074735,0.118210,0.112094
0.132242,0.087227,0.111397,0.103446,0.098501,0.077790,0.082103,0.125179,0.072664,0.109452
0.087652,0.115028,0.125762,0.074341,0.082395,0.113985,0.080445,0.095728,0.116051,0.108614
0.087918,0.062569,0.122046,0.134887,0.106562,0.070079,0.112290,0.119639,0.065902,0.118108
0.113147,0.048903,0.128802,0.138337,0.109982,0.115075,0.082242,0.124585,0.070534,0.068392
0.128948,0.087293,0.124073,0.076471,0.087829,0.078777,0.121794,0.112811,0.073709,0.108295
0.084647,0.101328,0.088465,0.128989,0.135132,0.100103,0.125937,0.118918,0.058231,0.058251
0.098251,0.074355,0.117831,0.071816,0.111972,0.116912,0.089856,0.086986,0.121411,0.110610
0.129341,0.133336,0.055251,0.118930,0.141072,0.035378,0.065121,0.132374,0.069141,0.120058
0.121610,0.078093,0.123583,0.141833,0.123155,0.060100,0.065746,0.118044,0.046652,0.121184
0.073269,0.048766,0.140050,0.149571,0.063713,0.112882,0.065746,0.077524,0.130858,0.137622
0.115294,0.086417,0.121846,0.100155,0.081544,0.115549,0.079682,0.119817,0.073393,0.106303
0.080299,0.070569,0.135009,0.043656,0.072543,0.151127,0.100615,0.074473,0.137284,0.134426
0.118143,0.074731,0.065550,0.116233,0.100699,0.113395,0.132207,0.123130,0.075660,0.080253
0.135982,0.048056,0.096210,0.136066,0.116154,0.033687,0.122534,0.115138,0.044708,0.151464
0.112919,0.083882,0.113693,0.072568,0.088527,0.107624,0.119676,0.084885,0.113922,0.102304
0.119219,0.075651,0.130909,0.072093,0.111335,0.081988,0.103674,0.101391,0.090355,0.113386
0.089441,0.076919,0.117022,0.124296,0.124450,0.122816,0.056091,0.109863,0.069640,0.109461
0.054431,0.127385,0.121195,0.132102,0.091023,0.045416,0.130654,0.113898,0.060046,0.123850
0.137095,0.120681,0.134770,0.054405,0.135688,0.077189,0.076570,0.087227,0.043569,0.132807
0.127316,0.037477,0.129918,0.041083,0.123229,0.115024,0.055629,0.099687,0.146463,0.124175
0.084832,0.073806,0.106589,0.103147,0.097054,0.115136,0.123639,0.116716,0.073391,0.105690
0.116718,0.074504,0.115762,0.102083,0.119296,0.101703,0.072889,0.089025,0.096859,0.111161
0.093271,0.075349,0.114125,0.107983,0.110860,0.112117,0.075191,0.131861,0.072172,0.107071
0.093931,0.068376,0.139137,0.051258,0.092854,0.153901,0.111223,0.124192,0.041196,0.123933
0.128234,0.044095,0.127615,0.126749,0.059305,0.116588,0.056955,0.069696,0.149381,0.121382
0.104443,0.119998,0.121913,0.066790,0.109763,0.103169,0.086839,0.069705,0.107301,0.110078
0.129068,0.048868,0.043415,0.124381,0.131382,0.063512,0.129951,0.122453,0.079521,0.127449
0.127623,0.057194,0.114030,0.117613,0.118234,0.133193,0.124080,0.042229,0.055916,0.109890
0.057840,0.063130,0.116076,0.129396,0.110771,0.130881,0.129267,0.121644,0.027222,0.113773
0.132113,0.076725,0.127220,0.104756,0.091125,0.063710,0.122761,0.118310,0.076099,0.087179
0.132966,0.049163,0.047385,0.141693,0.097902,0.106082,0.058594,0.113850,0.128452,0.123912
0.120050,0.124416,0.075652,0.139290,0.116191,0.058412,0.125046,0.118492,0.052415,0.070036
0.093460,0.061319,0.082459,0.106130,0.126995,0.136585,0.070462,0.110460,0.124516,0.087613
0.101362,0.080844,0.126166,0.076603,0.106455,0.104291,0.090846,0.105017,0.125114,0.083302
0.064741,0.135300,0.099370,0.143944,0.134770,0.030126,0.103655,0.102693,0.061116,0.124286
0.146269,0.056724,0.034139,0.164438,0.070964,0.069573,0.104647,0.132057,0.133313,0.087877
0.086539,0.107113,0.087984,0.124564,0.093813,0.121674,0.059296,0.098845,0.116292,0.103880
0.098845,0.078516,0.119378,0.114612,0.091935,0.083103,0.080949,0.140810,0.076933,0.114919
0.094501,0.070811,0.087274,0.132046,0.108905,0.122624,0.080900,0.123713,0.076658,0.102567
0.091512,0.070520,0.117326,0.114004,0.094403,0.101161,0.080757,0.138892,0.077295,0.114129
0.141743,0.063325,0.143143,0.135933,0.064597,0.064285,0.120503,0.105293,0.035994,0.125184
0.133918,0.044092,0.128808,0.134007,0.066122,0.137286,0.065089,0.043238,0.120210,0.127229
0.127103,0.113365,0.127849,0.055884,0.084443,0.080100,0.127459,0.136953,0.085747,0.061097
0.140091,0.040316,0.026832,0.159261,0.089889,0.152711,0.061583,0.039300,0.159718,0.130301
0.114714,0.086028,0.112019,0.108859,0.088341,0.112472,0.083297,0.115485,0.074323,0.104463
0.096367,0.076445,0.124108,0.072810,0.095806,0.125712,0.121602,0.087071,0.120909,0.079169
0.066284,0.047386,0.140810,0.150663,0.150054,0.101018,0.082559,0.054704,0.073729,0.132794
0.109364,0.087679,0.123066,0.072924,0.125723,0.090084,0.116393,0.091184,0.083814,0.099769
0.063203,0.130898,0.141853,0.146598,0.125438,0.043766,0.132573,0.099500,0.052815,0.063356
0.068684,0.056475,0.075979,0.143578,0.068925,0.056262,0.131345,0.126514,0.144453,0.127785
0.108666,0.092054,0.130203,0.073309,0.095053,0.084519,0.112248,0.107751,0.080813,0.115384
0.068236,0.121886,0.115183,0.119815,0.124965,0.060141,0.052753,0.105789,0.114055,0.117177
0.099797,0.117056,0.127679,0.122611,0.079849,0.068538,0.085171,0.120293,0.072924,0.106081
0.107730,0.080278,0.123690,0.071900,0.126495,0.083910,0.079983,0.088638,0.117229,0.120147
0.127459,0.054338,0.124858,0.139969,0.064956,0.132145,0.056107,0.076159,0.142963,0.081044
0.096290,0.070434,0.143424,0.131148,0.144233,0.054684,0.074313,0.076140,0.081384,0.127949
0.049494,0.071136,0.131650,0.136170,0.102561,0.077326,0.133134,0.117856,0.111889,0.068784
0.097498,0.079264,0.065925,0.112263,0.109138,0.104633,0.135080,0.128816,0.077646,0.089737
0.124535,0.065433,0.120318,0.126664,0.099312,0.132829,0.065450,0.063464,0.078291,0.123705
0.091572,0.081929,0.125188,0.073219,0.094036,0.078460,0.127783,0.114578,0.102433,0.110802
0.118993,0.077726,0.116659,0.105328,0.089629,0.080461,0.097917,0.128594,0.074788,0.109905
0.093111,0.093746,0.103940,0.119599,0.108590,0.093986,0.091828,0.122184,0.083887,0.089128
0.096165,0.115505,0.122658,0.074405,0.092942,0.083351,0.128987,0.096209,0.109695,0.080083
0.117154,0.066063,0.131785,0.114255,0.103202,0.119669,0.078191,0.120730,0.073369,0.075583
0.058546,0.044082,0.129957,0.130759,0.107804,0.051506,0.133885,0.123657,0.118250,0.101553
0.118524,0.122807,0.055329,0.121354,0.053585,0.083650,0.121948,0.101383,0.116631,0.104791
0.135187,0.091433,0.138977,0.147637,0.077376,0.063449,0.099691,0.062407,0.053130,0.130714
0.135725,0.071572,0.098776,0.062073,0.131614,0.132018,0.070613,0.057380,0.126293,0.113935
0.088967,0.086475,0.112465,0.106126,0.081296,0.095429,0.125862,0.126356,0.073165,0.103860
0.122781,0.114646,0.053978,0.121992,0.111161,0.032290,0.124843,0.094573,0.110722,0.113013
0.099862,0.089974,0.127133,0.073178,0.115070,0.100650,0.099283,0.097947,0.080907,0.115997
0.106011,0.074608,0.116459,0.110797,0.101744,0.081763,0.090191,0.131584,0.075895,0.110948
0.111256,0.074306,0.049405,0.138841,0.139626,0.140069,0.136751,0.059862,0.075144,0.074740
0.128195,0.118780,0.073898,0.099152,0.114340,0.116017,0.074668,0.121028,0.072050,0.081873
0.113040,0.094748,0.073101,0.062991,0.112106,0.121794,0.117213,0.069210,0.114799,0.121000
0.098110,0.090146,0.091683,0.119340,0.099825,0.070708,0.099068,0.131715,0.081510,0.117895
0.075922,0.088741,0.123957,0.126197,0.077368,0.129174,0.057575,0.064275,0.141510,0.115280
0.123026,0.113769,0.068068,0.117043,0.061024,0.128385,0.077123,0.055383,0.138676,0.117504
0.140721,0.081729,0.121497,0.084693,0.124864,0.067189,0.094073,0.124774,0.077608,0.082853
0.129834,0.056621,0.144371,0.045167,0.144202,0.133129,0.071575,0.092579,0.056017,0.126505
0.136026,0.047644,0.028552,0.133305,0.081884,0.148275,0.136209,0.105956,0.133517,0.048632
0.083898,0.072437,0.151880,0.157791,0.072014,0.118936,0.097521,0.111175,0.056471,0.077878
0.099612,0.067131,0.133990,0.146646,0.101278,0.074183,0.133212,0.075626,0.041615,0.126706
0.072025,0.031096,0.144512,0.037357,0.119482,0.102302,0.077231,0.135468,0.145449,0.135080
0.122865,0.059695,0.137235,0.131906,0.112926,0.026423,0.058972,0.132714,0.122979,0.094285
0.121085,0.123212,0.119361,0.120429,0.134970,0.058371,0.125026,0.075356,0.054542,0.067650
0.114654,0.112296,0.121616,0.123489,0.063545,0.098978,0.118460,0.029600,0.112720,0.104643
0.122803,0.081229,0.131972,0.114858,0.132841,0.073994,0.079676,0.075035,0.113288,0.074304
0.086392,0.082560,0.117476,0.082548,0.093926,0.121504,0.102802,0.121498,0.078840,0.112453
0.131748,0.033719,0.132205,0.119167,0.111253,0.138984,0.049362,0.058126,0.125259,0.100177
0.120595,0.033669,0.126912,0.109728,0.113515,0.130847,0.124945,0.041892,0.118005,0.079894
0.098409,0.063265,0.051529,0.146168,0.098201,0.071532,0.058781,0.140785,0.125628,0.145703
0.070154,0.042331,0.144961,0.116137,0.126036,0.028872,0.138795,0.140237,0.132104,0.060374
0.125696,0.114767,0.117977,0.103732,0.107488,0.120985,0.095398,0.062890,0.082169,0.068898
0.127806,0.121805,0.122399,0.124565,0.057597,0.106050,0.050464,0.126139,0.045959,0.117215
0.087443,0.085857,0.117928,0.072546,0.110933,0.081903,0.122728,0.099567,0.116142,0.104952
0.069514,0.082507,0.129838,0.139343,0.069140,0.107856,0.134671,0.068833,0.150750,0.047548
0.080519,0.047648,0.138556,0.124815,0.085631,0.128574,0.109990,0.097751,0.060557,0.125958
0.053376,0.134690,0.121610,0.103893,0.116407,0.115552,0.052763,0.060125,0.134285,0.107298
0.128098,0.052679,0.125508,0.133937,0.097165,0.092505,0.054481,0.040262,0.146586,0.128781
0.037627,0.037541,0.135498,0.146859,0.077595,0.052925,0.132203,0.125373,0.129087,0.125291
0.066622,0.045163,0.130395,0.138613,0.128808,0.144641,0.044563,0.056457,0.121603,0.123136
0.110437,0.061913,0.138432,0.110092,0.075285,0.133708,0.058669,0.112445,0.058572,0.140447
0.081764,0.120616,0.124454,0.121283,0.112995,0.136668,0.129589,0.074612,0.039916,0.058103
0.131910,0.131210,0.084452,0.099708,0.059804,0.144594,0.045074,0.077682,0.128183,0.097383
0.139639,0.057515,0.047837,0.049906,0.077651,0.124604,0.146902,0.091355,0.133014,0.131578
0.055572,0.139916,0.128404,0.109012,0.067454,0.098647,0.134918,0.087579,0.058762,0.119735
0.114209,0.110639,0.069681,0.073502,0.135821,0.116171,0.132830,0.066670,0.108419,0.072058
0.076315,0.064860,0.130988,0.122228,0.135515,0.113645,0.046724,0.068914,0.130634,0.110178
0.100144,0.081967,0.126038,0.074063,0.113703,0.083973,0.132048,0.099415,0.092945,0.095704
0.134750,0.039305,0.133601,0.135359,0.098972,0.112408,0.051644,0.099807,0.056530,0.137623
0.089618,0.079821,0.135886,0.131122,0.146839,0.063628,0.066412,0.104177,0.055536,0.126961
0.056558,0.053580,0.124506,0.129368,0.084769,0.144439,0.081610,0.074214,0.122880,0.128077
0.113872,0.025458,0.109878,0.137066,0.071610,0.125108,0.123702,0.057448,0.119436,0.116421
0.046700,0.057997,0.131147,0.126510,0.099301,0.141648,0.135538,0.076982,0.054347,0.129831
0.061672,0.143182,0.024804,0.151003,0.115336,0.054692,0.055820,0.128143,0.143188,0.122159
0.091568,0.068196,0.150359,0.061285,0.140027,0.136425,0.130348,0.070991,0.056726,0.094075
0.094307,0.062543,0.116570,0.054813,0.114067,0.081797,0.121483,0.116029,0.133315,0.105075
0.066009,0.086807,0.150106,0.138302,0.063179,0.060682,0.137066,0.091196,0.075080,0.131574
0.070916,0.049963,0.131191,0.138595,0.057988,0.130580,0.063165,0.113279,0.115447,0.128876
0.110849,0.051766,0.051699,0.144216,0.116453,0.035905,0.149710,0.081208,0.118047,0.140145
0.085440,0.049282,0.137842,0.125256,0.092574,0.112421,0.129273,0.086318,0.118744,0.062850
0.136810,0.087479,0.122797,0.074490,0.099091,0.125939,0.083688,0.096453,0.088161,0.085092
0.088845,0.067212,0.125550,0.122881,0.103479,0.138426,0.129155,0.072069,0.095502,0.056882
0.054363,0.130322,0.126289,0.144013,0.074069,0.086217,0.044044,0.107742,0.133571,0.099372
0.094476,0.046538,0.089181,0.145750,0.138794,0.077626,0.062166,0.118018,0.125715,0.101736
0.110935,0.081683,0.124400,0.074028,0.110287,0.134560,0.088650,0.108947,0.083079,0.083431
0.109824,0.129593,0.094775,0.087422,0.098498,0.105983,0.084636,0.126511,0.078529,0.084229
0.092165,0.080218,0.132709,0.106750,0.088939,0.082782,0.127899,0.121934,0.076757,0.089847
0.123638,0.087806,0.133188,0.075172,0.116290,0.085688,0.086113,0.090347,0.084635,0.117122
0.123581,0.047606,0.045830,0.126253,0.093910,0.126225,0.121129,0.115025,0.082429,0.118013
0.113878,0.081016,0.122212,0.074950,0.097541,0.112492,0.106117,0.091674,0.118555,0.081565
0.061259,0.055201,0.024538,0.146840,0.141046,0.142298,0.133485,0.111752,0.135982,0.047599
0.075625,0.049752,0.137168,0.149752,0.138848,0.028124,0.063069,0.101182,0.120757,0.135723
0.103367,0.083288,0.130360,0.073888,0.115363,0.126295,0.082456,0.119816,0.083065,0.082102
0.043858,0.127338,0.033828,0.128819,0.074942,0.138755,0.133786,0.074995,0.118034,0.125643
0.078385,0.084463,0.152357,0.043898,0.061272,0.111872,0.151650,0.110347,0.073271,0.132485
0.110682,0.084592,0.130376,0.076082,0.118598,0.091899,0.093967,0.082837,0.092516,0.118451
0.104343,0.070230,0.040125,0.136773,0.108921,0.115485,0.129783,0.125295,0.045814,0.123230
0.127455,0.043435,0.093382,0.144526,0.124954,0.062279,0.133522,0.091352,0.055413,0.123682
0.149355,0.053095,0.028575,0.155152,0.071423,0.144469,0.141949,0.060762,0.143088,0.052132
0.132372,0.042313,0.084704,0.047188,0.121820,0.129679,0.117776,0.114187,0.072357,0.137603
0.099423,0.116495,0.133693,0.056587,0.085748,0.077657,0.132814,0.053514,0.135412,0.108657
0.130995,0.073664,0.106532,0.118783,0.115811,0.096118,0.082851,0.121494,0.071730,0.082022
0.134416,0.069116,0.052013,0.144906,0.135537,0.076414,0.063452,0.128618,0.135341,0.060186
0.115606,0.084124,0.074021,0.122203,0.098489,0.117149,0.086706,0.123469,0.074152,0.104081
0.100688,0.111526,0.115240,0.125307,0.114446,0.106023,0.112115,0.114156,0.043029,0.057471
0.127721,0.075832,0.059524,0.062650,0.134802,0.086119,0.114679,0.132232,0.076404,0.130036
0.128594,0.045383,0.139447,0.105257,0.087679,0.061073,0.134361,0.123302,0.054076,0.120828
0.093356,0.066630,0.112696,0.103120,0.086514,0.122230,0.098743,0.131823,0.074503,0.110385
0.104066,0.096167,0.133011,0.053753,0.104833,0.075092,0.064565,0.128555,0.120952,0.119006
0.087679,0.084392,0.129244,0.076139,0.129617,0.088188,0.102450,0.115516,0.100238,0.086538
0.063610,0.057462,0.089577,0.145571,0.087869,0.151816,0.141413,0.092409,0.042329,0.127943
0.113405,0.082027,0.124214,0.098682,0.099618,0.109912,0.076067,0.123445,0.071682,0.100949
0.092572,0.047377,0.130995,0.135885,0.126299,0.141326,0.135217,0.071867,0.062308,0.056154
0.085244,0.038051,0.078840,0.131334,0.066239,0.149105,0.098336,0.078556,0.143087,0.131208
0.096839,0.115321,0.104279,0.098672,0.095492,0.108423,0.073573,0.128885,0.072681,0.105834
0.117566,0.080266,0.123494,0.073995,0.108060,0.084389,0.082736,0.100309,0.112746,0.116437
0.122082,0.045059,0.121848,0.128003,0.089130,0.135021,0.063292,0.040605,0.139766,0.115195
0.126038,0.123987,0.125379,0.142586,0.083104,0.130105,0.074196,0.067915,0.071353,0.055336
0.099613,0.075547,0.109716,0.106951,0.097490,0.111086,0.085123,0.135090,0.073664,0.105721
0.134066,0.047788,0.039844,0.139305,0.130110,0.145306,0.092061,0.105750,0.033617,0.132153
0.093446,0.076976,0.130279,0.109800,0.105595,0.071883,0.129340,0.131662,0.074888,0.076133
0.138453,0.092488,0.128697,0.111605,0.064143,0.061722,0.102671,0.091582,0.130590,0.078050
0.129860,0.046309,0.045709,0.047756,0.125137,0.144413,0.113128,0.075090,0.138927,0.133671
0.072359,0.068354,0.042802,0.147719,0.126378,0.141072,0.094385,0.123231,0.068515,0.115186
0.132386,0.080304,0.119174,0.072189,0.118779,0.115682,0.080786,0.088952,0.094843,0.096905
0.090768,0.075647,0.151657,0.133048,0.080046,0.061603,0.065313,0.060849,0.142431,0.138639
0.128697,0.097507,0.120189,0.070808,0.109378,0.112406,0.078178,0.099724,0.106573,0.076538
