0.116992,0.070134,0.110546,0.125862,0.125695,0.060996,0.123247,0.130090,0.076926,0.059512
0.091305,0.061842,0.118057,0.057531,0.123457,0.058188,0.125071,0.126828,0.125071,0.112649
0.084886,0.075561,0.117622,0.113659,0.107800,0.074011,0.089252,0.140916,0.076467,0.119826
0.053548,0.034020,0.130176,0.116175,0.074720,0.108311,0.121128,0.106109,0.124302,0.131512
0.089242,0.053649,0.136170,0.130575,0.133778,0.061912,0.073773,0.123664,0.078029,0.119209
0.122748,0.095173,0.127315,0.133035,0.122330,0.028778,0.066372,0.102101,0.082461,0.119688
0.131458,0.058639,0.036154,0.138625,0.126989,0.024147,0.129028,0.135958,0.067892,0.151110
0.040048,0.059317,0.159598,0.144657,0.056214,0.099052,0.075484,0.086731,0.116845,0.162055
0.083623,0.061914,0.122493,0.127938,0.099129,0.073348,0.123083,0.142779,0.041560,0.124133
0.087477,0.069980,0.107973,0.115388,0.099466,0.109484,0.118566,0.123720,0.071509,0.096435
0.085437,0.081357,0.129499,0.074395,0.103335,0.084921,0.082018,0.123173,0.112169,0.123697
0.135160,0.103256,0.063715,0.062276,0.142324,0.042856,0.080773,0.121228,0.131192,0.117221
0.078911,0.113357,0.119309,0.071308,0.120925,0.082694,0.125439,0.103598,0.081322,0.103137
0.108532,0.110817,0.107594,0.116056,0.093273,0.039374,0.114614,0.067840,0.117646,0.124255
0.113939,0.113180,0.108458,0.117891,0.105014,0.044712,0.115902,0.053784,0.117036,0.110084
0.095942,0.120625,0.072342,0.106899,0.099586,0.102361,0.082918,0.130304,0.074854,0.114170
0.112209,0.057215,0.132162,0.102530,0.113965,0.121346,0.122170,0.052400,0.071671,0.114333
0.047837,0.122891,0.068493,0.087275,0.146915,0.041337,0.135956,0.150331,0.113543,0.085422
0.101799,0.091274,0.130610,0.074447,0.096277,0.123854,0.082833,0.092754,0.123450,0.082702
0.102907,0.103075,0.129251,0.071359,0.114912,0.086419,0.105218,0.079781,0.084247,0.122831
0.114549,0.066467,0.127834,0.065335,0.096629,0.079586,0.090882,0.121606,0.100147,0.136963
0.086986,0.075739,0.131623,0.111062,0.090178,0.076980,0.135728,0.134790,0.077590,0.079323
0.093511,0.079206,0.114793,0.134887,0.084747,0.087970,0.112004,0.120883,0.052842,0.119158
0.131814,0.090655,0.051991,0.137250,0.138426,0.031240,0.147392,0.133360,0.074225,0.063647
0.122273,0.061378,0.036713,0.116580,0.117072,0.127633,0.115920,0.119213,0.134932,0.048286
0.111963,0.078568,0.100259,0.074201,0.127561,0.035024,0.096782,0.115694,0.132313,0.127635
0.086351,0.099983,0.039881,0.150098,0.082580,0.128842,0.075367,0.076259,0.133321,0.127316
0.083270,0.075518,0.109647,0.123365,0.105825,0.081798,0.089902,0.132255,0.077887,0.120532
0.052821,0.031710,0.020523,0.136504,0.134276,0.125579,0.129315,0.120304,0.134153,0.114816
0.116503,0.031036,0.121381,0.108670,0.127338,0.122057,0.072346,0.060430,0.130761,0.109479
0.080739,0.118733,0.110815,0.103488,0.098643,0.057478,0.119348,0.133978,0.075535,0.101241
0.135507,0.085371,0.131537,0.073905,0.093114,0.086928,0.081408,0.113660,0.086279,0.112291
0.114742,0.084744,0.047514,0.117819,0.122218,0.059303,0.137748,0.138323,0.116434,0.061155
0.072023,0.056040,0.125215,0.143074,0.068875,0.105904,0.076198,0.117665,0.125115,0.109889
0.125848,0.054694,0.041548,0.126534,0.083753,0.138755,0.120315,0.132740,0.049729,0.126084
0.120761,0.111435,0.025026,0.121581,0.114746,0.083314,0.049634,0.129861,0.134380,0.109261
0.133998,0.065696,0.127105,0.138191,0.103421,0.058654,0.058470,0.125580,0.054649,0.134238
0.069255,0.044203,0.142214,0.138516,0.137172,0.016069,0.080336,0.139565,0.105701,0.126968
0.124507,0.080661,0.133936,0.071505,0.119664,0.098004,0.079183,0.088927,0.093098,0.110515
0.102895,0.092833,0.119398,0.102816,0.125506,0.105439,0.087090,0.090428,0.081822,0.091773
0.087953,0.079638,0.122562,0.072242,0.087714,0.118239,0.122799,0.086211,0.110092,0.112550
0.040869,0.082743,0.101927,0.083631,0.128686,0.080077,0.129319,0.142146,0.092847,0.117754
0.106229,0.122207,0.049781,0.061222,0.095088,0.136748,0.060466,0.135687,0.125858,0.106713
0.115157,0.119328,0.048602,0.119015,0.102782,0.078765,0.121231,0.104494,0.076048,0.114577
0.128186,0.119299,0.053977,0.118966,0.117840,0.113197,0.066596,0.061731,0.082125,0.138084
0.121536,0.084301,0.084013,0.132575,0.084271,0.130689,0.046046,0.116819,0.094602,0.105147
0.122418,0.063271,0.097529,0.122543,0.099412,0.059136,0.106949,0.137818,0.129301,0.061624
0.098334,0.064556,0.090677,0.117877,0.116555,0.103056,0.128214,0.098709,0.121100,0.060922
0.127148,0.096323,0.055943,0.149638,0.132432,0.032318,0.071963,0.134655,0.127143,0.072436
0.085165,0.073133,0.117665,0.122537,0.085497,0.058794,0.126571,0.136637,0.076581,0.117421
0.116475,0.047289,0.034932,0.119597,0.127775,0.120534,0.112973,0.083289,0.127069,0.110067
0.126405,0.082269,0.117053,0.100731,0.082912,0.113404,0.084964,0.115206,0.075315,0.101742
0.085134,0.078924,0.119769,0.079012,0.116340,0.082955,0.100431,0.147489,0.078036,0.111910
0.064516,0.069191,0.084144,0.136815,0.081269,0.133025,0.064093,0.127719,0.110779,0.128449
0.098541,0.089644,0.129777,0.075437,0.120945,0.085205,0.083626,0.093512,0.111579,0.111733
0.106782,0.113350,0.125117,0.127752,0.121035,0.075482,0.081195,0.117667,0.074630,0.056992
0.121551,0.055980,0.114125,0.120815,0.119800,0.065700,0.114919,0.115376,0.058548,0.113187
0.029078,0.118193,0.131482,0.111722,0.096983,0.129975,0.118990,0.053832,0.103454,0.106292
0.118975,0.076611,0.124643,0.104827,0.114113,0.056136,0.076926,0.089464,0.115620,0.122684
0.121553,0.067400,0.127186,0.108718,0.094522,0.073886,0.134456,0.054250,0.098412,0.119617
0.089523,0.059947,0.125195,0.054084,0.114118,0.106335,0.121423,0.123978,0.088881,0.116517
0.128896,0.049500,0.044080,0.140431,0.131138,0.089012,0.091369,0.126476,0.071543,0.127555
0.036146,0.074693,0.115037,0.109924,0.120924,0.082264,0.066490,0.140363,0.145911,0.108248
0.083123,0.041832,0.025647,0.132041,0.115401,0.124554,0.093324,0.142318,0.148457,0.093303
0.028306,0.093162,0.111845,0.105898,0.094100,0.130653,0.125206,0.117561,0.138562,0.054707
0.124385,0.039682,0.136060,0.125551,0.082606,0.107748,0.071546,0.082342,0.114350,0.115730
0.060328,0.055583,0.118657,0.149739,0.141652,0.142962,0.068024,0.062485,0.136361,0.064209
0.037889,0.052192,0.128153,0.129328,0.126795,0.120366,0.046280,0.126642,0.122146,0.110209
0.085769,0.123807,0.076219,0.110027,0.103943,0.080309,0.085033,0.140431,0.076665,0.117796
0.121692,0.116423,0.116306,0.104701,0.068126,0.060467,0.055119,0.112345,0.138855,0.105966
0.094237,0.083974,0.083187,0.127628,0.089820,0.121632,0.080682,0.127183,0.079498,0.112158
0.094638,0.080218,0.135557,0.074181,0.093460,0.098848,0.096722,0.122346,0.106755,0.097273
0.126789,0.118581,0.040482,0.129295,0.089319,0.129348,0.092675,0.147376,0.067834,0.058301
0.107114,0.114497,0.104778,0.124492,0.092779,0.116538,0.058418,0.092727,0.070593,0.118065
0.082372,0.075719,0.126010,0.131631,0.082384,0.069604,0.117756,0.117576,0.091932,0.105015
0.123134,0.108893,0.041672,0.143044,0.119685,0.077644,0.122509,0.092431,0.049849,0.121138
0.116326,0.048610,0.108235,0.121341,0.076146,0.119556,0.115830,0.059393,0.108695,0.125868
0.093885,0.064434,0.128805,0.113354,0.113068,0.121665,0.102250,0.118266,0.097880,0.046391
0.117318,0.024654,0.128537,0.116818,0.134302,0.092877,0.038262,0.112199,0.122533,0.112500
0.086947,0.079653,0.132671,0.114332,0.092576,0.061340,0.128404,0.131678,0.078765,0.093633
0.093223,0.082845,0.067626,0.126676,0.113836,0.100152,0.079409,0.133918,0.078538,0.123777
0.106355,0.100345,0.115331,0.127952,0.119867,0.086741,0.073079,0.071430,0.131025,0.067874
0.102323,0.059296,0.122982,0.128276,0.090460,0.057596,0.117635,0.118213,0.099099,0.104120
0.120813,0.047659,0.131708,0.100665,0.130565,0.060009,0.043722,0.131048,0.113333,0.120479
0.095339,0.070960,0.114723,0.106117,0.098279,0.078213,0.127300,0.127377,0.075371,0.106321
0.120043,0.075364,0.113862,0.095890,0.083674,0.113672,0.109694,0.112032,0.071844,0.103926
0.128755,0.071747,0.069694,0.074096,0.131962,0.032132,0.097775,0.124926,0.122548,0.146362
0.120892,0.095692,0.139352,0.125874,0.118445,0.025561,0.071626,0.118675,0.071752,0.112130
0.081360,0.075499,0.107250,0.107968,0.100946,0.122290,0.092522,0.129686,0.076553,0.105927
0.103793,0.061317,0.128511,0.127846,0.095724,0.108239,0.054718,0.085649,0.119231,0.114972
0.089723,0.068238,0.116732,0.142816,0.118665,0.131632,0.047987,0.115034,0.062608,0.106565
0.072811,0.057052,0.135151,0.131062,0.079003,0.056983,0.119356,0.127570,0.107276,0.113735
0.113557,0.092691,0.110602,0.119109,0.134886,0.073740,0.074086,0.112641,0.074333,0.094354
0.119567,0.045792,0.118847,0.129695,0.086689,0.132335,0.064533,0.137512,0.118340,0.046690
0.069238,0.128149,0.032336,0.148486,0.063365,0.119384,0.133643,0.124378,0.136946,0.044077
0.064405,0.027074,0.118727,0.130987,0.087769,0.135228,0.071957,0.129544,0.106407,0.127902
0.123291,0.062549,0.138698,0.137062,0.082628,0.024010,0.123184,0.128430,0.122844,0.057304
0.091828,0.097692,0.127915,0.071997,0.097092,0.123823,0.079283,0.108650,0.092506,0.109214
0.114567,0.054687,0.083247,0.115214,0.077309,0.124936,0.113133,0.119728,0.090126,0.107052
0.104203,0.053033,0.112479,0.148181,0.119119,0.082007,0.057245,0.047270,0.132682,0.143783
0.107827,0.104464,0.103573,0.113878,0.101297,0.078421,0.112553,0.120574,0.082296,0.075117
0.125489,0.052346,0.119538,0.146999,0.139339,0.134930,0.046392,0.142676,0.043670,0.048621
0.091481,0.075812,0.112633,0.110112,0.107402,0.110182,0.078399,0.133403,0.077858,0.102718
0.117917,0.043045,0.104508,0.122980,0.116832,0.129568,0.120153,0.079445,0.039899,0.125652
0.122891,0.028901,0.110197,0.127670,0.114419,0.035634,0.118702,0.116066,0.108485,0.117033
0.114699,0.083068,0.065289,0.118458,0.120325,0.122305,0.076625,0.129697,0.098647,0.070888
0.081520,0.053311,0.121714,0.125397,0.105890,0.049402,0.111701,0.128268,0.123670,0.099128
0.084353,0.046581,0.120292,0.136854,0.086065,0.074453,0.131989,0.152642,0.107591,0.059180
0.112306,0.075768,0.079387,0.103766,0.103335,0.106547,0.082439,0.126144,0.082321,0.127987
0.075442,0.041534,0.126287,0.147038,0.069632,0.017462,0.137029,0.128254,0.128621,0.128702
0.069677,0.069147,0.132258,0.138961,0.062719,0.109372,0.081910,0.134302,0.081829,0.119825
0.045645,0.027975,0.126702,0.122056,0.135584,0.119224,0.055258,0.132096,0.112646,0.122814
0.096070,0.091261,0.132923,0.075384,0.099534,0.066835,0.094241,0.106321,0.116556,0.120876
0.088673,0.076718,0.123761,0.072397,0.085374,0.120019,0.127441,0.087058,0.111490,0.107069
0.075994,0.045245,0.115059,0.126469,0.137057,0.061524,0.056771,0.133595,0.113049,0.135236
0.121408,0.049273,0.129973,0.122702,0.130972,0.132774,0.056542,0.139539,0.065927,0.050892
0.116448,0.041332,0.126458,0.115615,0.118711,0.125710,0.118659,0.070231,0.123337,0.043499
0.115307,0.071366,0.109356,0.105816,0.114026,0.056647,0.119090,0.129102,0.074125,0.105164
0.114664,0.047124,0.111319,0.123497,0.111235,0.116430,0.118628,0.067080,0.071862,0.118162
0.097498,0.085660,0.131662,0.075593,0.088928,0.123875,0.088575,0.082690,0.112478,0.113042
0.109206,0.088060,0.134848,0.074332,0.104023,0.088140,0.096940,0.105005,0.118300,0.081146
0.086666,0.062281,0.141347,0.132959,0.113714,0.069056,0.096104,0.122118,0.052965,0.122791
0.116604,0.100707,0.037694,0.127730,0.122002,0.104294,0.069191,0.135012,0.138779,0.047985
0.136148,0.101465,0.054696,0.135110,0.118331,0.035520,0.144550,0.126366,0.073385,0.074429
0.036576,0.121068,0.052186,0.120256,0.099031,0.105338,0.137946,0.058231,0.130633,0.138735
0.119021,0.074504,0.132015,0.070222,0.090250,0.094147,0.095082,0.108074,0.100414,0.116271
0.115237,0.105636,0.034381,0.120946,0.113757,0.065207,0.117383,0.115814,0.086114,0.125525
0.128449,0.088682,0.125567,0.068204,0.101740,0.080698,0.089091,0.106003,0.097571,0.113994
0.075832,0.116605,0.130043,0.121562,0.108701,0.067727,0.088999,0.116535,0.056274,0.117721
0.113420,0.094394,0.047580,0.097586,0.128736,0.098314,0.121444,0.127230,0.075153,0.096145
0.081242,0.050471,0.123839,0.128413,0.112043,0.121688,0.044598,0.106965,0.097646,0.133095
0.078944,0.072707,0.114042,0.128552,0.080208,0.133565,0.043143,0.127440,0.103295,0.118106
0.108477,0.111745,0.097399,0.126558,0.093725,0.089039,0.103493,0.106545,0.083225,0.079795
0.119426,0.046301,0.116799,0.118733,0.130261,0.130618,0.047120,0.124596,0.124893,0.041253
0.106154,0.090148,0.079675,0.113752,0.090843,0.085521,0.091920,0.142484,0.079021,0.120483
0.094669,0.082109,0.068516,0.112767,0.090014,0.123673,0.091610,0.144235,0.079606,0.112803
0.116905,0.081896,0.124099,0.074193,0.119739,0.088887,0.099003,0.094762,0.116686,0.083829
0.082077,0.079672,0.123466,0.073969,0.089544,0.118990,0.120712,0.109555,0.084408,0.117606
0.120248,0.044053,0.111820,0.110785,0.109483,0.052232,0.114054,0.110652,0.123385,0.103289
0.130388,0.079389,0.116999,0.071290,0.110295,0.081019,0.125740,0.088220,0.118170,0.078489
0.091301,0.118125,0.097323,0.122015,0.083218,0.110679,0.125580,0.052603,0.140816,0.058340
0.113312,0.102037,0.039281,0.133061,0.110805,0.121918,0.074804,0.089335,0.118451,0.096995
0.104822,0.051793,0.123936,0.140104,0.070119,0.020606,0.103259,0.126396,0.133603,0.125363
0.064093,0.062659,0.083821,0.118512,0.118217,0.062836,0.119830,0.112847,0.139601,0.117583
0.074863,0.031482,0.142080,0.145281,0.062827,0.137888,0.128456,0.039516,0.123862,0.113746
0.062370,0.027707,0.113904,0.134057,0.145528,0.015356,0.122744,0.111027,0.146645,0.120663
0.116389,0.037341,0.113705,0.118513,0.127044,0.121925,0.055935,0.133696,0.052961,0.122492
0.094029,0.080510,0.125968,0.073946,0.112293,0.083580,0.102231,0.120649,0.109620,0.097173
0.111712,0.038979,0.129636,0.123579,0.100586,0.094172,0.102327,0.120055,0.059883,0.119072
0.092690,0.080732,0.123604,0.074738,0.127668,0.084290,0.086358,0.100755,0.109233,0.119930
0.096383,0.073000,0.116605,0.121251,0.112118,0.085273,0.073492,0.112474,0.113944,0.095458
0.064773,0.045849,0.135798,0.138811,0.094836,0.060956,0.123075,0.069258,0.140735,0.125909
0.136774,0.092551,0.121018,0.108083,0.088734,0.062342,0.079345,0.131435,0.078695,0.101022
0.098300,0.052244,0.030817,0.130884,0.126225,0.116373,0.106655,0.127012,0.110495,0.100994
0.115120,0.112354,0.130045,0.126997,0.129901,0.122612,0.070434,0.031665,0.125649,0.035223
0.105748,0.073044,0.044157,0.139250,0.126459,0.055159,0.129825,0.132275,0.068559,0.125525
0.088161,0.085681,0.136800,0.076202,0.091459,0.127701,0.090984,0.109414,0.089849,0.103748
0.091075,0.082095,0.120466,0.127352,0.089263,0.077461,0.133649,0.125431,0.076675,0.076535
0.115595,0.038030,0.111340,0.112537,0.118325,0.063270,0.106770,0.131786,0.103709,0.098637
0.115476,0.078946,0.066665,0.120238,0.114428,0.031590,0.124973,0.128780,0.094928,0.123975
0.058494,0.072370,0.142368,0.127834,0.136439,0.059204,0.094334,0.142255,0.057706,0.108995
0.121189,0.116585,0.036774,0.047942,0.117171,0.125994,0.119230,0.075020,0.140064,0.100032
0.121136,0.116264,0.038697,0.107901,0.117962,0.110425,0.052632,0.126848,0.088979,0.119155
0.122553,0.092330,0.067067,0.127581,0.090296,0.108796,0.098141,0.135847,0.078168,0.079222
0.122287,0.067795,0.052155,0.065620,0.121625,0.099755,0.144089,0.121000,0.062095,0.143579
0.094886,0.073627,0.109273,0.100967,0.101738,0.113568,0.118016,0.130809,0.073761,0.083355
0.099278,0.083244,0.132535,0.132852,0.135028,0.023783,0.135150,0.085304,0.066118,0.106709
0.121533,0.082545,0.030942,0.108327,0.097037,0.133639,0.119786,0.137269,0.119686,0.049236
0.073655,0.114844,0.132426,0.121090,0.071635,0.060347,0.083309,0.138100,0.128955,0.075641
0.059185,0.034477,0.136873,0.136420,0.125205,0.055721,0.075157,0.122678,0.124278,0.130006
0.099832,0.087303,0.141417,0.125746,0.103904,0.065947,0.048607,0.085956,0.120653,0.120636
0.124990,0.067491,0.114752,0.104970,0.078295,0.099122,0.120646,0.122239,0.074330,0.093166
0.092260,0.083188,0.133777,0.074339,0.093984,0.098645,0.090871,0.101394,0.111394,0.120147
0.118215,0.088195,0.131662,0.062889,0.123989,0.099091,0.113203,0.091737,0.067033,0.103986
0.048724,0.030106,0.115299,0.146362,0.132155,0.120271,0.132557,0.093547,0.060856,0.120123
0.132159,0.057597,0.026891,0.134540,0.068438,0.144309,0.085671,0.096991,0.113850,0.139554
0.093014,0.074322,0.120543,0.111736,0.091114,0.082143,0.127678,0.143667,0.077538,0.078245
0.086728,0.052576,0.128576,0.124543,0.127794,0.103335,0.067553,0.082237,0.097446,0.129212
0.114294,0.029400,0.125098,0.119750,0.121787,0.120253,0.101188,0.114540,0.039593,0.114097
0.083818,0.081604,0.133634,0.075062,0.113797,0.083692,0.094756,0.103589,0.110460,0.119589
0.121304,0.110710,0.112628,0.123236,0.118152,0.103801,0.124546,0.086573,0.045502,0.053547
0.114562,0.044133,0.118717,0.126437,0.095139,0.083902,0.077618,0.134217,0.091735,0.113539
0.056273,0.027635,0.144048,0.145942,0.065097,0.131762,0.129224,0.127559,0.133910,0.038550
0.113686,0.115684,0.110409,0.070331,0.128485,0.136082,0.121249,0.061366,0.079562,0.063146
0.098535,0.047931,0.126963,0.132234,0.097927,0.020179,0.067509,0.145670,0.125744,0.137309
0.027368,0.057970,0.121040,0.129336,0.081444,0.139170,0.131186,0.124062,0.134859,0.053565
0.140174,0.102666,0.085061,0.117716,0.086730,0.025814,0.139310,0.056602,0.114477,0.131450
0.122162,0.079495,0.108572,0.103046,0.116027,0.118920,0.057698,0.136792,0.097985,0.059304
0.069757,0.029360,0.133900,0.128835,0.058113,0.128201,0.117533,0.065419,0.143495,0.125388
0.120657,0.060896,0.140989,0.130635,0.125263,0.122984,0.064519,0.053664,0.052853,0.127540
0.107230,0.106431,0.101105,0.034957,0.084009,0.116650,0.071538,0.123275,0.128588,0.126217
0.062722,0.067807,0.124607,0.148074,0.122020,0.065794,0.113245,0.046704,0.136410,0.112618
0.121695,0.084306,0.134496,0.071749,0.112946,0.085122,0.078551,0.120709,0.092265,0.098161
0.113803,0.081212,0.132006,0.074844,0.103138,0.087469,0.124464,0.091387,0.110758,0.080918
0.117526,0.040181,0.129783,0.130929,0.073539,0.014141,0.122444,0.091621,0.140374,0.139461
0.097186,0.114823,0.138372,0.054106,0.126263,0.028603,0.118007,0.132768,0.071777,0.118096
0.132481,0.049264,0.120708,0.135638,0.150529,0.079244,0.085467,0.054885,0.129369,0.062417
0.112848,0.102997,0.091568,0.117315,0.113288,0.070807,0.125320,0.129241,0.070713,0.065905
0.099219,0.086226,0.031929,0.141815,0.135679,0.136563,0.123124,0.087142,0.107243,0.051059
0.125935,0.034680,0.140731,0.124573,0.122359,0.018551,0.064546,0.123812,0.121876,0.122937
0.112482,0.108084,0.120086,0.095907,0.068524,0.109413,0.115598,0.115354,0.045499,0.109055
0.116835,0.040790,0.127347,0.123785,0.132342,0.103023,0.081358,0.090737,0.060355,0.123429
0.102728,0.053166,0.130821,0.142416,0.083247,0.132379,0.051193,0.134831,0.116148,0.053071
0.111598,0.080364,0.085773,0.095397,0.127938,0.106577,0.061471,0.126157,0.099471,0.105254
0.121548,0.029299,0.117293,0.103952,0.053068,0.130073,0.121449,0.114415,0.139178,0.069726
0.094162,0.098900,0.126944,0.073105,0.129508,0.065887,0.085747,0.120834,0.084875,0.120037
0.119210,0.116184,0.021498,0.130172,0.112634,0.126159,0.049204,0.086976,0.115745,0.122217
0.073850,0.072448,0.118057,0.116211,0.083527,0.112088,0.117250,0.120189,0.075783,0.110597
0.068493,0.098974,0.123033,0.134326,0.097879,0.122140,0.085817,0.037971,0.113069,0.118300
0.020897,0.118608,0.116799,0.128574,0.114319,0.125723,0.081621,0.115751,0.054101,0.123608
0.124929,0.071611,0.115076,0.117889,0.117848,0.073190,0.098136,0.116357,0.039546,0.125417
0.088850,0.084305,0.107684,0.103109,0.086377,0.080870,0.130045,0.140044,0.075079,0.103636
0.092029,0.076327,0.129885,0.107406,0.118416,0.073728,0.094931,0.127746,0.075401,0.104132
0.107392,0.057101,0.116924,0.129981,0.113162,0.051796,0.115480,0.130738,0.061562,0.115864
0.115706,0.073402,0.122012,0.073292,0.138748,0.106848,0.073057,0.126332,0.064286,0.106316
0.064572,0.066584,0.125670,0.124951,0.096488,0.071068,0.121418,0.115111,0.100453,0.113684
0.080743,0.079436,0.109892,0.119955,0.099599,0.127675,0.076828,0.124184,0.077536,0.104152
0.106244,0.117091,0.066485,0.084591,0.119736,0.121247,0.077754,0.115174,0.083692,0.107986
0.038481,0.063745,0.119335,0.102771,0.107431,0.109110,0.117664,0.124558,0.082927,0.133977
0.093914,0.053127,0.090596,0.126060,0.111621,0.115751,0.057969,0.112204,0.119522,0.119237
0.116717,0.043805,0.112923,0.132943,0.130103,0.105506,0.079751,0.113350,0.123326,0.041578
0.120085,0.048757,0.132887,0.120991,0.132031,0.051124,0.056845,0.119364,0.101689,0.116229
0.133126,0.039150,0.031327,0.131891,0.097742,0.126502,0.116455,0.125617,0.151611,0.046577
0.104239,0.116488,0.135902,0.127563,0.122281,0.022470,0.124315,0.115907,0.074009,0.056826
0.043411,0.082672,0.124884,0.136519,0.121097,0.123003,0.125228,0.072936,0.096914,0.073336
0.131071,0.055934,0.126542,0.063052,0.125686,0.060081,0.062851,0.119420,0.129858,0.125503
0.108593,0.090450,0.133372,0.075392,0.097090,0.127923,0.100289,0.093958,0.088142,0.084789
0.125905,0.044362,0.118411,0.055069,0.079737,0.124744,0.124602,0.137467,0.064613,0.125090
0.109188,0.044249,0.062649,0.120458,0.120632,0.103001,0.113477,0.102970,0.117267,0.106110
0.083723,0.050729,0.028493,0.134224,0.089814,0.134140,0.126287,0.134556,0.095796,0.122238
0.127254,0.077997,0.117172,0.071097,0.119240,0.061742,0.126317,0.107550,0.080564,0.111068
0.116179,0.087118,0.070734,0.105045,0.119678,0.083916,0.070097,0.139295,0.084770,0.123168
0.116319,0.051891,0.134055,0.102488,0.125397,0.125961,0.051475,0.116878,0.040593,0.134943
0.122097,0.054922,0.119112,0.132542,0.096469,0.123132,0.084266,0.118893,0.094009,0.054558
0.080421,0.083166,0.119213,0.071566,0.105910,0.116865,0.120417,0.111810,0.079542,0.111090
0.098078,0.087521,0.131269,0.075433,0.104649,0.085214,0.104644,0.105974,0.087389,0.119827
0.100913,0.049504,0.044226,0.132467,0.091454,0.108075,0.093300,0.117363,0.124580,0.138117
0.103914,0.089960,0.128874,0.075004,0.117801,0.085974,0.083190,0.107322,0.124453,0.083508
0.122151,0.067656,0.093922,0.104892,0.126042,0.120013,0.133352,0.115450,0.057153,0.059368
0.124995,0.066990,0.117166,0.124520,0.113801,0.125406,0.072634,0.116322,0.071511,0.066655
0.109241,0.027803,0.129203,0.113948,0.119808,0.115245,0.113835,0.122658,0.046329,0.101929
0.116283,0.042650,0.105048,0.122386,0.130769,0.104702,0.072697,0.103755,0.070509,0.131201
0.126570,0.082387,0.139515,0.075165,0.090567,0.089687,0.084249,0.106682,0.086924,0.118255
0.115378,0.082860,0.122179,0.069627,0.106292,0.112324,0.117120,0.083510,0.087178,0.103532
0.082965,0.036037,0.115221,0.101993,0.113423,0.047501,0.120438,0.111455,0.137016,0.133951
0.112793,0.042186,0.106459,0.131883,0.112420,0.051278,0.120742,0.086090,0.121217,0.114932
0.103347,0.079553,0.131343,0.079482,0.114112,0.124495,0.091428,0.122507,0.077313,0.076420
0.093472,0.116807,0.130124,0.070989,0.122688,0.082982,0.076320,0.099295,0.099438,0.107886
0.084074,0.121843,0.074776,0.107348,0.084286,0.117567,0.087334,0.129324,0.076489,0.116958
0.082250,0.069125,0.084406,0.149315,0.095674,0.136938,0.127396,0.046902,0.060151,0.147843
0.135952,0.132707,0.056298,0.071419,0.121011,0.033582,0.071265,0.136294,0.134385,0.107087
0.118010,0.032192,0.129532,0.119393,0.051872,0.128097,0.119970,0.132907,0.043870,0.124156
0.123164,0.036188,0.024509,0.143602,0.136274,0.102980,0.127047,0.066859,0.107321,0.132056
0.121148,0.113265,0.127369,0.117938,0.120107,0.023823,0.092128,0.086442,0.072861,0.124919
0.090779,0.047491,0.103240,0.141365,0.085991,0.026610,0.094727,0.130742,0.153259,0.125796
0.130663,0.051000,0.122782,0.132961,0.133564,0.113653,0.047749,0.115755,0.101690,0.050184
0.110694,0.100059,0.115412,0.052003,0.110174,0.106446,0.048714,0.126589,0.114991,0.114919
0.121030,0.041924,0.118803,0.131577,0.087021,0.134898,0.119307,0.068848,0.036455,0.140138
0.052364,0.048977,0.120036,0.120428,0.119551,0.057214,0.126950,0.121066,0.110151,0.123262
0.094235,0.082888,0.123394,0.103807,0.103483,0.077222,0.124371,0.122406,0.074745,0.093450
0.119037,0.084344,0.139439,0.078030,0.098087,0.090759,0.075208,0.110248,0.135475,0.069374
0.089209,0.038017,0.132981,0.116640,0.114456,0.127378,0.118827,0.115846,0.043054,0.103593
0.098965,0.030939,0.118547,0.107770,0.098452,0.117661,0.110438,0.089692,0.112329,0.115207
0.105789,0.090682,0.135500,0.077056,0.101319,0.091959,0.087917,0.129705,0.093174,0.086898
0.094409,0.053443,0.117544,0.138607,0.111200,0.121411,0.054968,0.118978,0.139664,0.049776
0.081851,0.043375,0.124258,0.114048,0.139920,0.084881,0.116457,0.134711,0.048676,0.111823
0.132768,0.070084,0.048613,0.136297,0.123666,0.026995,0.064343,0.143319,0.145445,0.108471
0.143119,0.054681,0.044040,0.065718,0.146810,0.146913,0.140179,0.058572,0.134716,0.065252
0.115337,0.066927,0.110125,0.124948,0.095364,0.024499,0.078643,0.134190,0.124431,0.125535
0.116005,0.085032,0.118252,0.073248,0.087239,0.110025,0.078396,0.114634,0.103879,0.113290
0.119576,0.061647,0.129416,0.126879,0.133827,0.046045,0.117220,0.106835,0.041718,0.116838
0.100387,0.102167,0.109373,0.123299,0.107936,0.068417,0.127178,0.063976,0.086489,0.110778
0.119943,0.116765,0.134936,0.074660,0.092363,0.091157,0.087185,0.095572,0.101144,0.086275
0.108346,0.090881,0.126754,0.071869,0.121233,0.080456,0.092464,0.098630,0.116703,0.092664
0.090567,0.076554,0.127693,0.070371,0.126027,0.119759,0.077096,0.076807,0.117978,0.117148
0.130834,0.082036,0.109679,0.105632,0.098020,0.078903,0.081706,0.126718,0.073279,0.113193
0.086058,0.116410,0.130922,0.072134,0.083305,0.120258,0.076677,0.097261,0.111623,0.105352
0.103617,0.060841,0.111616,0.127096,0.096377,0.083746,0.118228,0.120146,0.071919,0.106415
0.122755,0.048949,0.121512,0.133029,0.125376,0.109874,0.081283,0.124714,0.072705,0.059803
0.128807,0.086200,0.121431,0.076888,0.083580,0.081726,0.119446,0.112811,0.076143,0.112969
0.082952,0.095447,0.094119,0.129812,0.136236,0.103235,0.121372,0.124179,0.060219,0.052431
0.100799,0.080339,0.116857,0.070924,0.109504,0.117098,0.089578,0.087756,0.118793,0.108352
0.141683,0.138862,0.052209,0.117808,0.138266,0.031188,0.064628,0.127923,0.075887,0.111545
0.125681,0.074720,0.118096,0.124585,0.123617,0.065707,0.068957,0.117706,0.063377,0.117553
0.079226,0.044474,0.126381,0.137665,0.067188,0.117878,0.065074,0.131825,0.108500,0.121787
0.115939,0.083037,0.118441,0.103596,0.080752,0.113943,0.080871,0.123211,0.075045,0.105165
0.077585,0.080290,0.125722,0.048478,0.094038,0.138169,0.103164,0.081216,0.124772,0.126565
0.119187,0.075676,0.065888,0.120206,0.101999,0.106015,0.128224,0.126911,0.077636,0.078257
0.126289,0.048822,0.101522,0.130957,0.103130,0.026193,0.129621,0.134228,0.052885,0.146353
0.114536,0.083217,0.113632,0.071868,0.085339,0.110319,0.121594,0.084607,0.114060,0.100827
0.119774,0.075461,0.135841,0.070120,0.110887,0.082876,0.097639,0.099910,0.089241,0.118251
0.100663,0.090230,0.111589,0.117245,0.115297,0.107170,0.056268,0.107281,0.089874,0.104384
0.076980,0.114729,0.114642,0.126527,0.089171,0.045298,0.121403,0.115666,0.073805,0.121778
0.123483,0.119528,0.122043,0.061637,0.121734,0.091991,0.081952,0.099681,0.055580,0.122370
0.123387,0.042192,0.116878,0.045420,0.115931,0.111971,0.058992,0.116152,0.143883,0.125195
0.080634,0.072894,0.104676,0.105680,0.096606,0.119472,0.120938,0.120101,0.074691,0.104308
0.109263,0.070937,0.110052,0.095191,0.124425,0.095162,0.070655,0.105709,0.119997,0.098608
0.095702,0.074020,0.113873,0.107221,0.107126,0.104570,0.072458,0.137158,0.073402,0.114471
0.094044,0.078187,0.113751,0.058516,0.121955,0.130359,0.127510,0.119132,0.051584,0.104962
0.120858,0.036250,0.120359,0.123804,0.057432,0.111847,0.053723,0.110204,0.145233,0.120290
0.101966,0.122175,0.117103,0.070274,0.102833,0.109668,0.093325,0.089400,0.094172,0.099085
0.124706,0.047148,0.035141,0.125436,0.132358,0.070279,0.123949,0.126710,0.094416,0.119858
0.128175,0.056085,0.113054,0.121936,0.116882,0.129491,0.121054,0.045718,0.059959,0.107646
0.055159,0.055377,0.131149,0.127297,0.128847,0.125586,0.122380,0.117642,0.030911,0.105652
0.132051,0.076283,0.124062,0.107945,0.086836,0.061920,0.122113,0.120579,0.078497,0.089713
0.119970,0.059716,0.042233,0.121980,0.118506,0.113631,0.053993,0.135148,0.117279,0.117545
0.117204,0.115970,0.080326,0.127649,0.115678,0.069692,0.119603,0.114721,0.053922,0.085236
0.092912,0.066581,0.087613,0.102814,0.118686,0.120888,0.075499,0.113662,0.114702,0.106645
0.098547,0.088446,0.129981,0.075672,0.103713,0.101667,0.089717,0.105352,0.124724,0.082180
0.079089,0.120038,0.076424,0.135891,0.122857,0.024741,0.126464,0.135082,0.069165,0.110250
0.137370,0.052953,0.033918,0.160093,0.076076,0.067283,0.108631,0.140244,0.114021,0.109413
0.083431,0.094811,0.087567,0.119704,0.102879,0.127484,0.056006,0.127868,0.107111,0.093138
0.095316,0.077012,0.118192,0.113284,0.091353,0.084800,0.076961,0.151972,0.077471,0.113640
0.090333,0.077595,0.087634,0.125858,0.108814,0.120792,0.080563,0.128149,0.079432,0.100829
0.088561,0.074493,0.116963,0.113304,0.090713,0.098068,0.077585,0.148791,0.078325,0.113198
0.128274,0.072646,0.122033,0.140603,0.081465,0.065734,0.112299,0.122705,0.043133,0.111107
0.128634,0.054007,0.130713,0.132633,0.074815,0.131025,0.069330,0.046122,0.104744,0.127976
0.123200,0.120432,0.114597,0.061701,0.091395,0.093657,0.110106,0.125423,0.103203,0.056287
0.130743,0.046980,0.026752,0.153211,0.117996,0.141471,0.062189,0.039862,0.152571,0.128225
0.115724,0.084427,0.114889,0.103197,0.084253,0.117335,0.082081,0.118464,0.076384,0.103247
0.094319,0.083140,0.129010,0.072741,0.092188,0.118056,0.122307,0.089080,0.121122,0.078038
0.062866,0.043817,0.136915,0.147041,0.144546,0.106080,0.082070,0.061345,0.090968,0.124350
0.112336,0.086457,0.126026,0.071589,0.121919,0.087887,0.110798,0.091759,0.085545,0.105685
0.074418,0.117659,0.136670,0.140475,0.115249,0.043483,0.122146,0.114896,0.056885,0.078120
0.065324,0.057927,0.078805,0.143744,0.076947,0.063887,0.123117,0.123618,0.144932,0.121697
0.103997,0.090817,0.137815,0.072286,0.095560,0.082467,0.105869,0.113787,0.083368,0.114034
0.081249,0.116362,0.109824,0.117405,0.127754,0.061741,0.052280,0.112066,0.104506,0.116813
0.095671,0.117561,0.123916,0.118214,0.081021,0.069829,0.084678,0.122936,0.074628,0.111546
0.103835,0.087979,0.131095,0.071653,0.121890,0.086315,0.079463,0.089953,0.113871,0.113946
0.117532,0.053369,0.115760,0.135253,0.074906,0.119409,0.054909,0.085062,0.136716,0.107083
0.107008,0.081132,0.128104,0.117244,0.129203,0.056577,0.077974,0.088401,0.097684,0.116673
0.034869,0.074521,0.127924,0.134380,0.093788,0.091456,0.137513,0.142223,0.100301,0.063025
0.094141,0.077289,0.066706,0.115398,0.110049,0.100928,0.131243,0.133853,0.079112,0.091281
0.118283,0.076759,0.108907,0.117495,0.095862,0.122641,0.068088,0.074513,0.101982,0.115470
0.090733,0.083004,0.129481,0.072485,0.093625,0.078458,0.128035,0.110824,0.103437,0.109919
0.118784,0.076749,0.115009,0.108577,0.084805,0.081528,0.092234,0.131537,0.075336,0.115441
0.092817,0.099367,0.087655,0.110297,0.110860,0.096738,0.096636,0.115678,0.093867,0.096085
0.098698,0.116172,0.123877,0.073162,0.091792,0.084893,0.128507,0.098753,0.107124,0.077022
0.118333,0.072521,0.128096,0.107062,0.103496,0.118343,0.075378,0.127802,0.075289,0.073680
0.054009,0.040970,0.117569,0.125987,0.134171,0.049537,0.124324,0.116451,0.102952,0.134029
0.110744,0.110139,0.057856,0.116074,0.072778,0.094713,0.113536,0.121763,0.107004,0.095392
0.123536,0.088483,0.132635,0.125610,0.096779,0.063876,0.115056,0.075674,0.056195,0.122155
0.126815,0.075026,0.095938,0.076135,0.144396,0.119366,0.072092,0.067409,0.118724,0.104098
0.089618,0.081637,0.114270,0.104494,0.079604,0.091852,0.124001,0.130396,0.073736,0.110391
0.113353,0.117899,0.046702,0.113329,0.127836,0.026283,0.131766,0.100165,0.094327,0.128339
0.102913,0.087515,0.135009,0.070981,0.111971,0.096628,0.093994,0.099730,0.080732,0.120526
0.100222,0.073098,0.119227,0.109573,0.102397,0.082920,0.087665,0.138898,0.076571,0.109430
0.119412,0.074765,0.054406,0.133705,0.133141,0.130260,0.130022,0.066571,0.084686,0.073033
0.128772,0.119044,0.071566,0.103134,0.111634,0.114296,0.072494,0.120816,0.073853,0.084391
0.095936,0.106819,0.071102,0.066636,0.096392,0.102676,0.114676,0.092684,0.149041,0.104036
0.095652,0.091463,0.088260,0.118775,0.096484,0.069376,0.099627,0.141966,0.083729,0.114668
0.075565,0.085281,0.118609,0.124551,0.094114,0.122486,0.056545,0.077538,0.139805,0.105507
0.116714,0.100623,0.073437,0.115619,0.073551,0.122054,0.083045,0.066478,0.135350,0.113128
0.141019,0.081057,0.121744,0.083701,0.121040,0.067163,0.092003,0.130515,0.079897,0.081862
0.117229,0.054535,0.135748,0.051608,0.132949,0.118442,0.073556,0.139324,0.058646,0.117963
0.131430,0.048891,0.029592,0.129238,0.091126,0.143117,0.126509,0.127223,0.126225,0.046647
0.087810,0.075488,0.133537,0.132989,0.086733,0.116487,0.092742,0.122486,0.055719,0.096008
0.106486,0.065423,0.125577,0.123059,0.126029,0.076611,0.114872,0.093207,0.053228,0.115507
0.077204,0.032691,0.117877,0.042584,0.120690,0.111706,0.090202,0.141936,0.132971,0.132138
0.115318,0.058494,0.132440,0.126570,0.118491,0.020898,0.058638,0.129207,0.113214,0.126729
0.113119,0.111251,0.112136,0.112230,0.130101,0.061464,0.115793,0.117800,0.053129,0.072977
0.112498,0.107766,0.122892,0.124740,0.061591,0.106927,0.115526,0.028627,0.108712,0.110721
0.112878,0.083009,0.126679,0.114121,0.123136,0.079491,0.082951,0.061503,0.141055,0.075177
0.085731,0.082914,0.118252,0.081858,0.090306,0.125444,0.099301,0.127111,0.080502,0.108580
0.117825,0.028293,0.125013,0.109333,0.121433,0.126682,0.043858,0.089164,0.110569,0.127830
0.111979,0.033991,0.123868,0.116098,0.103179,0.123040,0.113573,0.045053,0.107809,0.121408
0.134369,0.060122,0.044019,0.135311,0.116244,0.084009,0.055545,0.127330,0.106280,0.136770
0.078977,0.045859,0.145154,0.116343,0.124782,0.023802,0.133609,0.144702,0.128540,0.058229
0.113686,0.115402,0.103258,0.100250,0.115218,0.126072,0.099510,0.069756,0.088954,0.067894
0.122341,0.113520,0.125972,0.122907,0.067531,0.105313,0.050468,0.131426,0.045683,0.114840
0.087435,0.084745,0.123262,0.071655,0.109149,0.079902,0.125022,0.099128,0.116280,0.103421
0.079132,0.076380,0.122931,0.134791,0.082066,0.116704,0.121674,0.075182,0.146922,0.044219
0.075971,0.052171,0.134751,0.123043,0.096092,0.118830,0.107208,0.113697,0.062026,0.116211
0.046595,0.115793,0.106803,0.127085,0.124930,0.107560,0.045646,0.088445,0.122793,0.114351
0.120331,0.051872,0.119075,0.130270,0.120926,0.095605,0.052060,0.041495,0.141773,0.126593
0.039075,0.039503,0.133178,0.141849,0.093580,0.058197,0.119807,0.133907,0.119693,0.121211
0.071639,0.046632,0.125574,0.137049,0.138545,0.140996,0.045442,0.071328,0.108782,0.114012
0.113625,0.060931,0.130087,0.102541,0.079304,0.135005,0.054405,0.130768,0.058534,0.134800
0.097964,0.107343,0.119564,0.116311,0.116067,0.123361,0.117689,0.093824,0.051101,0.056775
0.116590,0.107699,0.097636,0.116395,0.078521,0.123873,0.041981,0.082360,0.128436,0.106508
0.129538,0.051853,0.039919,0.054552,0.091295,0.117756,0.134301,0.143336,0.111526,0.125924
0.063469,0.116118,0.112582,0.127216,0.086407,0.101842,0.114765,0.103992,0.070570,0.103040
0.109277,0.117392,0.062918,0.081937,0.127148,0.108173,0.119107,0.072076,0.131889,0.070082
0.089049,0.075292,0.124030,0.113730,0.128602,0.124545,0.044351,0.077715,0.124478,0.098208
0.094844,0.078553,0.134796,0.071819,0.113186,0.084850,0.131886,0.101182,0.091164,0.097719
0.124995,0.038876,0.129041,0.130520,0.107411,0.106747,0.046591,0.119635,0.057218,0.138966
0.101236,0.089487,0.127897,0.118974,0.133981,0.062598,0.068453,0.123034,0.056359,0.117981
0.076052,0.048146,0.106390,0.113702,0.105793,0.126733,0.087664,0.122861,0.098978,0.113681
0.108502,0.024313,0.122698,0.121136,0.068944,0.122118,0.114448,0.096393,0.109736,0.111713
0.049607,0.059189,0.117247,0.122652,0.092049,0.130890,0.125447,0.123168,0.052598,0.127153
0.067385,0.123890,0.024676,0.139686,0.124690,0.062111,0.058138,0.143996,0.126582,0.128847
0.092673,0.071410,0.137977,0.058570,0.127005,0.135314,0.112462,0.084491,0.060745,0.119353
0.094774,0.063630,0.105866,0.057085,0.110898,0.103664,0.113785,0.105899,0.129017,0.115384
0.077365,0.067436,0.143404,0.139553,0.066117,0.054288,0.125071,0.096945,0.084240,0.145582
0.083740,0.049614,0.129285,0.136507,0.066531,0.122441,0.065889,0.117222,0.101960,0.126812
0.118600,0.052014,0.045876,0.133652,0.130727,0.026657,0.131527,0.091565,0.142503,0.126879
0.104992,0.052984,0.138547,0.121812,0.099295,0.112344,0.121664,0.088830,0.106435,0.053095
0.136211,0.093808,0.123054,0.073619,0.098025,0.125204,0.082283,0.094587,0.089857,0.083352
0.088781,0.076834,0.121854,0.113774,0.092887,0.125866,0.118092,0.085565,0.121756,0.054591
0.060230,0.115170,0.110796,0.137844,0.067426,0.090051,0.042334,0.122265,0.117919,0.135966
0.096908,0.049687,0.072091,0.127807,0.130924,0.093891,0.060093,0.119568,0.118288,0.130744
0.106184,0.089208,0.130519,0.073157,0.107089,0.123367,0.087748,0.114850,0.085862,0.082016
0.110971,0.129975,0.094806,0.084840,0.096225,0.103406,0.084271,0.131833,0.080983,0.082690
0.087966,0.079247,0.129197,0.109567,0.088039,0.085307,0.125948,0.123603,0.078754,0.092372
0.125639,0.089065,0.138459,0.073602,0.116063,0.083550,0.082108,0.090918,0.085669,0.114927
0.114205,0.052493,0.037874,0.125280,0.103258,0.118003,0.112799,0.117394,0.101431,0.117262
0.111834,0.082220,0.127005,0.074429,0.093799,0.121081,0.102884,0.091224,0.115448,0.080077
0.067696,0.060645,0.024802,0.144377,0.141542,0.135158,0.125109,0.123295,0.133815,0.043561
0.074765,0.056075,0.134954,0.133172,0.136090,0.021241,0.058239,0.146263,0.105907,0.133294
0.100112,0.083777,0.139472,0.072981,0.116110,0.126140,0.080590,0.116046,0.084670,0.080102
0.056869,0.123251,0.029400,0.127032,0.074342,0.138902,0.130255,0.086845,0.110041,0.123063
0.076322,0.075557,0.131351,0.046808,0.077055,0.117753,0.137012,0.130590,0.090613,0.116939
0.114192,0.082728,0.136155,0.074806,0.118277,0.089633,0.091728,0.085986,0.090618,0.115879
0.111715,0.076039,0.037801,0.131788,0.121201,0.108892,0.118588,0.124418,0.051745,0.117813
0.122641,0.049183,0.075825,0.143389,0.119933,0.073033,0.127734,0.109846,0.056357,0.122060
0.137906,0.054021,0.031205,0.153208,0.096906,0.133294,0.128285,0.076596,0.138687,0.049892
0.120170,0.045364,0.090454,0.055709,0.111021,0.113530,0.125871,0.111902,0.093392,0.132587
0.102125,0.096759,0.121790,0.063530,0.094681,0.077044,0.132862,0.056944,0.124416,0.129848
0.131530,0.073359,0.105087,0.120584,0.113768,0.093386,0.081168,0.123932,0.073645,0.083541
0.129206,0.069019,0.055966,0.135166,0.131751,0.079842,0.064929,0.149763,0.123138,0.061218
0.116449,0.082653,0.070830,0.117762,0.099536,0.122146,0.085021,0.129964,0.074892,0.100746
0.109282,0.111110,0.109867,0.121046,0.107184,0.100603,0.120679,0.113622,0.051400,0.055208
0.109927,0.073891,0.053226,0.068556,0.137947,0.103252,0.119522,0.133051,0.082907,0.117720
0.121383,0.041778,0.134133,0.104417,0.111040,0.069590,0.124059,0.123606,0.052962,0.117031
0.089194,0.068861,0.108805,0.108322,0.085089,0.118063,0.092258,0.138400,0.074929,0.116079
0.118459,0.113518,0.122047,0.061199,0.117863,0.089713,0.063873,0.113734,0.098219,0.101376
0.087159,0.082545,0.134803,0.074797,0.125395,0.090170,0.101029,0.119469,0.099346,0.085287
0.068290,0.058255,0.097269,0.143809,0.101201,0.146572,0.133250,0.079683,0.050709,0.120962
0.113095,0.079017,0.119821,0.096940,0.100784,0.108921,0.075633,0.125727,0.072410,0.107653
0.115376,0.061000,0.124198,0.124792,0.114156,0.127624,0.121181,0.089257,0.067945,0.054470
0.079512,0.035796,0.078906,0.127352,0.065215,0.137159,0.091421,0.123114,0.136562,0.124962
0.092158,0.116640,0.103446,0.098891,0.096347,0.109848,0.071221,0.133398,0.073589,0.104463
0.118623,0.081426,0.124441,0.073329,0.107330,0.082125,0.079941,0.107749,0.109428,0.115609
0.120610,0.046495,0.118879,0.133220,0.092388,0.131448,0.065793,0.042744,0.140179,0.108243
0.116436,0.111555,0.115270,0.136701,0.101284,0.118491,0.080658,0.080645,0.088187,0.050772
0.094745,0.073891,0.109322,0.105521,0.097053,0.111840,0.083401,0.139205,0.074011,0.111010
0.127920,0.046791,0.036090,0.134699,0.125420,0.137651,0.099859,0.125841,0.042296,0.123433
0.090004,0.076947,0.127004,0.108233,0.107012,0.072038,0.126612,0.142316,0.075626,0.074208
0.130778,0.080837,0.124236,0.111046,0.064444,0.067933,0.098886,0.103444,0.123455,0.094941
0.124671,0.060136,0.043404,0.057670,0.119621,0.135791,0.109405,0.090747,0.134701,0.123854
0.094096,0.091633,0.041210,0.122137,0.110993,0.119936,0.118221,0.110340,0.091335,0.100100
0.131925,0.078494,0.119874,0.070876,0.113701,0.121320,0.078871,0.089513,0.094490,0.100937
0.082956,0.072951,0.146563,0.129253,0.085069,0.066572,0.064970,0.065911,0.136836,0.148920
0.130069,0.092784,0.122957,0.069487,0.108787,0.117936,0.076013,0.104934,0.103248,0.073783
