0.113360,0.058369,0.119119,0.136684,0.129899,0.051996,0.137078,0.133007,0.065098,0.055390
0.073816,0.047162,0.125550,0.049885,0.135438,0.045329,0.140889,0.130268,0.131534,0.120129
0.085179,0.075562,0.123847,0.115013,0.094870,0.064738,0.096944,0.149982,0.070377,0.123488
0.037182,0.032440,0.136172,0.122584,0.070873,0.120934,0.130716,0.088715,0.130962,0.129422
0.078055,0.039439,0.144099,0.139418,0.141446,0.059164,0.072066,0.133908,0.067350,0.125053
0.138834,0.081918,0.136106,0.140879,0.116582,0.027608,0.066726,0.096244,0.070287,0.124816
0.142867,0.047455,0.030103,0.142993,0.128668,0.022071,0.133614,0.142529,0.055618,0.154082
0.035164,0.055894,0.163896,0.150988,0.069936,0.093093,0.072136,0.078477,0.123506,0.156911
0.083787,0.053963,0.130385,0.136121,0.100306,0.059297,0.132679,0.134123,0.039094,0.130244
0.078089,0.062580,0.102040,0.115970,0.098556,0.114808,0.126097,0.139482,0.064968,0.097410
0.082342,0.078528,0.145795,0.070279,0.106140,0.075955,0.076981,0.123352,0.111700,0.128928
0.139690,0.092237,0.067948,0.060499,0.138756,0.037186,0.079132,0.124064,0.136424,0.124064
0.074028,0.113425,0.129248,0.066628,0.126887,0.076084,0.131722,0.102262,0.073128,0.106589
0.114230,0.120384,0.111589,0.122113,0.059515,0.031468,0.121771,0.063990,0.125564,0.129375
0.116236,0.119766,0.106838,0.120054,0.104410,0.039938,0.120867,0.047019,0.120542,0.104331
0.094891,0.121385,0.063671,0.104823,0.099307,0.103803,0.084578,0.143405,0.068693,0.115444
0.089637,0.057001,0.139598,0.105767,0.123698,0.126356,0.132249,0.045769,0.056917,0.123007
0.033594,0.101538,0.068547,0.082160,0.157139,0.039121,0.151250,0.162043,0.130587,0.074020
0.100161,0.084638,0.141543,0.070007,0.096177,0.134635,0.077741,0.089163,0.129046,0.076888
0.105236,0.108528,0.136705,0.068160,0.107506,0.082892,0.108125,0.078289,0.077519,0.127041
0.106830,0.062250,0.139781,0.060632,0.093285,0.077982,0.082788,0.133709,0.109339,0.133404
0.087366,0.067589,0.137870,0.114865,0.085768,0.067403,0.145708,0.147199,0.071305,0.074926
0.082892,0.068333,0.127134,0.149245,0.065529,0.069296,0.124027,0.131432,0.047420,0.134692
0.145543,0.076090,0.052050,0.150575,0.121455,0.029408,0.163377,0.139477,0.066606,0.055419
0.127738,0.045739,0.033053,0.119394,0.123612,0.138435,0.118958,0.116712,0.137374,0.038985
0.112727,0.071702,0.103959,0.063875,0.138242,0.028273,0.083167,0.107123,0.151910,0.139021
0.084593,0.107970,0.037285,0.160366,0.071262,0.131446,0.075695,0.077295,0.124861,0.129227
0.077623,0.072973,0.110658,0.126435,0.104001,0.079315,0.089994,0.146234,0.071053,0.121715
0.046795,0.026075,0.018392,0.144998,0.131224,0.129085,0.140548,0.095840,0.144175,0.122869
0.124557,0.023321,0.113422,0.105012,0.128658,0.133855,0.064442,0.058582,0.134242,0.113909
0.075799,0.119116,0.113186,0.098012,0.098129,0.050687,0.121847,0.151747,0.069350,0.102126
0.144115,0.082084,0.143428,0.070394,0.095482,0.082099,0.079533,0.112140,0.078752,0.111972
0.118216,0.072256,0.049485,0.123188,0.119862,0.049455,0.145788,0.143682,0.123279,0.054789
0.054927,0.061409,0.126004,0.139090,0.063802,0.100564,0.101770,0.112623,0.125998,0.113812
0.136700,0.052803,0.040047,0.131223,0.059149,0.121348,0.138916,0.145941,0.041616,0.132258
0.132907,0.127514,0.020534,0.131629,0.076278,0.078229,0.044120,0.126114,0.142438,0.120237
0.143836,0.055820,0.133026,0.148438,0.101501,0.047717,0.055294,0.129967,0.046814,0.137585
0.070376,0.041538,0.144524,0.141478,0.134895,0.014660,0.102916,0.110150,0.110790,0.128673
0.128444,0.077887,0.145083,0.066549,0.123650,0.096177,0.073104,0.084585,0.089237,0.115284
0.106646,0.091210,0.130125,0.115914,0.132928,0.084157,0.089862,0.088461,0.074733,0.085964
0.084929,0.072628,0.133271,0.067589,0.085746,0.119691,0.127001,0.082061,0.111137,0.115947
0.031717,0.083013,0.086394,0.086674,0.138070,0.066900,0.133940,0.152726,0.090394,0.130170
0.098659,0.124530,0.052260,0.061363,0.077993,0.140674,0.061971,0.134759,0.128260,0.119531
0.118454,0.123179,0.048192,0.131514,0.071924,0.075975,0.139079,0.101750,0.064385,0.125548
0.140596,0.137334,0.049947,0.124435,0.124965,0.129463,0.058619,0.050471,0.062139,0.122031
0.125392,0.075773,0.073645,0.132419,0.104813,0.140359,0.043218,0.116175,0.081502,0.106704
0.114336,0.063119,0.094538,0.139750,0.073965,0.047656,0.110561,0.152252,0.150793,0.053029
0.079687,0.056948,0.089356,0.130245,0.106207,0.120350,0.136861,0.093963,0.135343,0.051040
0.131830,0.083412,0.056081,0.160554,0.132277,0.029435,0.063671,0.146868,0.133576,0.062297
0.082741,0.063945,0.118027,0.122712,0.078930,0.051946,0.137530,0.155242,0.069930,0.118997
0.127240,0.047058,0.034884,0.125078,0.135752,0.124062,0.099483,0.080732,0.135633,0.090078
0.130965,0.077818,0.118008,0.101731,0.080452,0.112853,0.088141,0.118531,0.068484,0.103016
0.080860,0.078147,0.123071,0.074323,0.117472,0.081198,0.097720,0.161216,0.071898,0.114095
0.054645,0.060919,0.071935,0.144788,0.081114,0.148182,0.066800,0.116243,0.119278,0.136096
0.096696,0.080009,0.147521,0.070323,0.124693,0.082122,0.078345,0.091202,0.112671,0.116419
0.095107,0.129772,0.135936,0.137994,0.119772,0.071425,0.072125,0.130682,0.058383,0.048803
0.110290,0.046720,0.123107,0.132341,0.116424,0.053868,0.127093,0.117610,0.052484,0.120062
0.023837,0.127109,0.132602,0.108134,0.090996,0.139633,0.124977,0.050246,0.105212,0.097254
0.113857,0.060875,0.139791,0.113517,0.123415,0.044949,0.069418,0.077036,0.125759,0.131382
0.132801,0.056300,0.135342,0.112612,0.089734,0.071476,0.143965,0.047055,0.086559,0.124156
0.070365,0.048299,0.134504,0.046299,0.118167,0.119667,0.133346,0.133813,0.074640,0.120901
0.138970,0.042860,0.046012,0.151427,0.129281,0.068993,0.097116,0.132082,0.059826,0.133434
0.023864,0.060245,0.121885,0.115136,0.126261,0.076765,0.059646,0.144768,0.156177,0.115253
0.086974,0.045588,0.022577,0.139039,0.081811,0.137281,0.123558,0.127683,0.152629,0.082859
0.018648,0.081230,0.116701,0.109430,0.087754,0.141688,0.132785,0.122821,0.142007,0.046935
0.137483,0.032457,0.149103,0.136331,0.059379,0.125436,0.066143,0.073235,0.097175,0.123259
0.044803,0.050480,0.121563,0.152120,0.137145,0.149555,0.087386,0.063139,0.139694,0.054115
0.032016,0.049538,0.117378,0.132185,0.129805,0.133680,0.052796,0.101311,0.132123,0.119166
0.081367,0.125107,0.066650,0.113745,0.103477,0.078364,0.081110,0.159852,0.070291,0.120037
0.129293,0.128803,0.123320,0.111092,0.057856,0.044288,0.049122,0.098868,0.144779,0.112579
0.091208,0.077292,0.074448,0.133324,0.088773,0.130105,0.075453,0.139851,0.073087,0.116460
0.094519,0.076719,0.145445,0.069685,0.093551,0.097625,0.102916,0.120818,0.104376,0.094345
0.136607,0.123465,0.034765,0.136924,0.067215,0.135952,0.101115,0.150740,0.061377,0.051838
0.105810,0.114766,0.112315,0.131743,0.073362,0.122979,0.060633,0.088914,0.067730,0.121749
0.069960,0.061571,0.141272,0.147144,0.058732,0.066951,0.131520,0.126986,0.079472,0.116391
0.126784,0.124307,0.037761,0.151580,0.128431,0.067938,0.128003,0.071713,0.038636,0.124848
0.120232,0.050877,0.109385,0.119055,0.074505,0.116620,0.120666,0.053030,0.109455,0.126176
0.092722,0.053617,0.140433,0.119175,0.128155,0.111629,0.094979,0.133009,0.084592,0.041689
0.124341,0.020092,0.133616,0.123111,0.119047,0.081427,0.033894,0.115902,0.131153,0.117417
0.086499,0.073021,0.139422,0.114708,0.090247,0.054618,0.134353,0.143350,0.072308,0.091475
0.090542,0.075840,0.063843,0.132818,0.115828,0.098988,0.074044,0.148012,0.072009,0.128077
0.123368,0.087465,0.136590,0.153781,0.099616,0.086193,0.066994,0.064857,0.119502,0.061634
0.087247,0.054557,0.127578,0.130896,0.085656,0.046414,0.129606,0.123943,0.105310,0.108793
0.130196,0.037109,0.141032,0.105907,0.138068,0.055149,0.038122,0.110724,0.119633,0.124061
0.095555,0.068805,0.111045,0.108828,0.084485,0.076692,0.134671,0.143948,0.068737,0.107234
0.122705,0.071321,0.115366,0.098908,0.069724,0.121765,0.111834,0.120084,0.066025,0.102266
0.124093,0.066360,0.056671,0.074579,0.146179,0.031396,0.096738,0.128968,0.117398,0.157618
0.134109,0.069919,0.148276,0.136019,0.131344,0.018425,0.059566,0.124642,0.057536,0.120165
0.077058,0.067977,0.110116,0.110704,0.087441,0.130648,0.089487,0.147219,0.070192,0.109159
0.095436,0.053386,0.136899,0.138571,0.092799,0.122884,0.052675,0.077881,0.104006,0.125462
0.083573,0.058718,0.126079,0.152682,0.129729,0.147391,0.047796,0.103582,0.052501,0.097949
0.069432,0.048695,0.152660,0.147970,0.059369,0.047381,0.110187,0.109297,0.125063,0.129946
0.112704,0.082376,0.120350,0.132597,0.144075,0.060143,0.067796,0.104522,0.068549,0.106886
0.125888,0.036306,0.124223,0.136377,0.079269,0.145310,0.060336,0.126228,0.123748,0.042314
0.060318,0.134893,0.029002,0.150762,0.062561,0.127850,0.138658,0.122505,0.138685,0.034767
0.064470,0.024085,0.129399,0.142090,0.063978,0.150912,0.071218,0.102963,0.115946,0.134940
0.099282,0.054699,0.151207,0.149718,0.061866,0.022970,0.134883,0.143263,0.131802,0.050309
0.084193,0.097284,0.130316,0.066680,0.108088,0.135796,0.075686,0.106522,0.089174,0.106263
0.125124,0.046754,0.076624,0.124101,0.054822,0.127370,0.125590,0.122972,0.078878,0.117764
0.094979,0.055827,0.119489,0.156687,0.123488,0.063303,0.052087,0.043314,0.141075,0.149752
0.104718,0.105753,0.114171,0.123245,0.103026,0.058761,0.125645,0.128498,0.069359,0.066824
0.129866,0.045667,0.124929,0.152025,0.140244,0.146918,0.044774,0.135641,0.037188,0.042748
0.088202,0.068931,0.117677,0.108392,0.096264,0.116744,0.076119,0.147442,0.072123,0.108105
0.123168,0.039108,0.109395,0.129081,0.107943,0.139539,0.129198,0.074006,0.032929,0.115635
0.128393,0.021336,0.115416,0.132191,0.118851,0.028965,0.123884,0.112432,0.113143,0.105389
0.114031,0.079450,0.072769,0.131931,0.136309,0.101025,0.073397,0.136736,0.087042,0.067312
0.069192,0.047001,0.128783,0.131279,0.113210,0.040569,0.103224,0.128712,0.132558,0.105473
0.079748,0.040579,0.133830,0.149458,0.065872,0.074579,0.123619,0.157730,0.120698,0.053887
0.123290,0.076428,0.080324,0.105279,0.110832,0.105299,0.069388,0.129591,0.066845,0.132725
0.058529,0.042698,0.129603,0.144863,0.084063,0.014784,0.141755,0.126515,0.128991,0.128199
0.071901,0.063553,0.137864,0.143476,0.045995,0.101523,0.103258,0.135923,0.072377,0.124130
0.035438,0.022153,0.131614,0.129592,0.139836,0.133607,0.050002,0.111144,0.119901,0.126713
0.091409,0.086946,0.147567,0.070350,0.104010,0.059794,0.094226,0.104324,0.116860,0.124515
0.086180,0.067380,0.138944,0.067041,0.079247,0.126788,0.132707,0.083292,0.111712,0.106708
0.076048,0.043883,0.118918,0.132447,0.139731,0.049865,0.055746,0.125248,0.118883,0.139232
0.125979,0.052655,0.133052,0.126230,0.128804,0.146054,0.051112,0.136102,0.054017,0.045995
0.127463,0.044390,0.137824,0.120257,0.084872,0.114170,0.131214,0.063111,0.137019,0.039680
0.117789,0.063489,0.104934,0.109129,0.115947,0.049212,0.126289,0.141735,0.067258,0.104219
0.119022,0.040609,0.113530,0.127423,0.118553,0.124012,0.124706,0.055070,0.059562,0.117512
0.097441,0.077319,0.147891,0.071127,0.083129,0.137393,0.083215,0.076863,0.113626,0.111996
0.102838,0.083042,0.147692,0.069938,0.115084,0.081690,0.098348,0.106482,0.119297,0.075588
0.094636,0.056132,0.154374,0.145792,0.087142,0.056877,0.097752,0.124403,0.050312,0.132579
0.131963,0.092879,0.039720,0.143274,0.096738,0.096178,0.064368,0.139159,0.151841,0.043879
0.142258,0.082105,0.055713,0.144697,0.129601,0.028621,0.155913,0.132554,0.063742,0.064795
0.024527,0.123720,0.049188,0.132964,0.069764,0.124617,0.147483,0.049125,0.147056,0.131556
0.121245,0.067929,0.143068,0.066086,0.096927,0.093155,0.092891,0.105294,0.095337,0.118066
0.111702,0.103415,0.030360,0.130168,0.107249,0.067597,0.129669,0.119180,0.082762,0.117898
0.135293,0.090088,0.134906,0.064080,0.090810,0.075595,0.097477,0.102872,0.092795,0.116083
0.073303,0.129293,0.137169,0.127878,0.077565,0.052158,0.113367,0.120488,0.046741,0.122039
0.123692,0.116580,0.045917,0.109339,0.114936,0.068884,0.125650,0.124307,0.061548,0.109147
0.068614,0.046691,0.129824,0.133461,0.116588,0.124452,0.043099,0.092961,0.106303,0.138009
0.077396,0.070473,0.119094,0.132491,0.076144,0.132282,0.042932,0.119284,0.107777,0.122127
0.116612,0.102075,0.106774,0.138033,0.095212,0.090183,0.099556,0.102118,0.077391,0.072045
0.120379,0.044076,0.119838,0.118112,0.127201,0.140438,0.043670,0.117601,0.130229,0.038457
0.106992,0.087766,0.072599,0.117062,0.090219,0.079464,0.094861,0.153134,0.073853,0.124049
0.087558,0.074393,0.062708,0.114093,0.093238,0.132103,0.095775,0.156409,0.072138,0.111587
0.126488,0.079161,0.137416,0.069645,0.113968,0.082917,0.100560,0.094474,0.115518,0.079854
0.077756,0.072174,0.135594,0.069748,0.089276,0.126263,0.128178,0.106538,0.075861,0.118613
0.129068,0.033243,0.117094,0.091211,0.112738,0.047810,0.119421,0.111169,0.131797,0.106448
0.139196,0.071128,0.134641,0.066411,0.098671,0.078483,0.132468,0.086048,0.119858,0.073097
0.076016,0.142279,0.087229,0.136447,0.059668,0.134289,0.110494,0.045232,0.158642,0.049705
0.121124,0.107539,0.040690,0.141613,0.099080,0.125233,0.068783,0.090250,0.102323,0.103364
0.079858,0.049394,0.135547,0.150710,0.054419,0.019937,0.099711,0.126889,0.147842,0.135694
0.052218,0.052786,0.076951,0.134337,0.082370,0.063564,0.142720,0.096957,0.161757,0.136339
0.055137,0.026425,0.147950,0.152513,0.045725,0.149354,0.136736,0.036360,0.130101,0.119700
0.046392,0.023123,0.121075,0.141119,0.140837,0.013544,0.130527,0.103903,0.150893,0.128586
0.120957,0.039070,0.119262,0.124410,0.128323,0.134483,0.051486,0.113892,0.043229,0.124888
0.091931,0.077698,0.144068,0.070118,0.104939,0.082367,0.102243,0.121246,0.109984,0.095405
0.079917,0.032975,0.136589,0.128052,0.117798,0.088017,0.126642,0.118504,0.049601,0.121906
0.088444,0.077342,0.137554,0.069384,0.135625,0.081320,0.081414,0.099990,0.106574,0.122353
0.091390,0.064134,0.126719,0.130838,0.111253,0.067703,0.071720,0.127007,0.104665,0.104570
0.069978,0.043531,0.142173,0.146874,0.069005,0.048909,0.132138,0.072856,0.145467,0.129069
0.145527,0.088989,0.122423,0.110373,0.086508,0.054595,0.073075,0.145566,0.071727,0.101216
0.069636,0.045028,0.026351,0.144313,0.144407,0.136853,0.096309,0.127493,0.125849,0.083762
0.118400,0.117582,0.130321,0.127012,0.124210,0.117550,0.081868,0.027021,0.126625,0.029411
0.099432,0.061279,0.046316,0.153076,0.139051,0.046338,0.144807,0.117693,0.058305,0.133703
0.085424,0.080919,0.154885,0.072727,0.086717,0.134070,0.088344,0.110113,0.082593,0.104208
0.088467,0.077900,0.121038,0.136437,0.084706,0.068945,0.143883,0.137740,0.070310,0.070575
0.130338,0.033769,0.122585,0.120582,0.090828,0.064899,0.101655,0.133302,0.091631,0.110412
0.127822,0.077626,0.068868,0.127191,0.113975,0.027200,0.122095,0.130269,0.074422,0.130533
0.048117,0.074481,0.149809,0.134449,0.137780,0.058250,0.115124,0.119111,0.046712,0.116168
0.127833,0.127751,0.035756,0.041758,0.127669,0.127176,0.125088,0.063330,0.144226,0.079413
0.136853,0.104885,0.032328,0.118586,0.128805,0.101505,0.051236,0.108957,0.080343,0.136502
0.125554,0.090535,0.063149,0.133684,0.085396,0.113126,0.096441,0.146022,0.071515,0.074578
0.135214,0.075678,0.046867,0.066152,0.126593,0.080615,0.137158,0.125029,0.060305,0.146388
0.094634,0.070229,0.112421,0.096643,0.102805,0.114321,0.121839,0.139015,0.068406,0.079688
0.095910,0.071231,0.142024,0.141924,0.137760,0.023173,0.129370,0.080333,0.061622,0.116652
0.126335,0.076842,0.026933,0.113875,0.092347,0.137409,0.127518,0.127781,0.125534,0.045425
0.074683,0.129221,0.139821,0.125924,0.069131,0.048911,0.083676,0.118263,0.139133,0.071236
0.046571,0.026825,0.145021,0.145734,0.114692,0.042703,0.088274,0.130353,0.133247,0.126580
0.095586,0.088240,0.149082,0.133747,0.087723,0.064592,0.045469,0.084586,0.125921,0.125054
0.128646,0.056540,0.115919,0.108360,0.080071,0.099157,0.124010,0.127081,0.067459,0.092756
0.091115,0.074009,0.150250,0.069990,0.091341,0.097346,0.091124,0.101381,0.111183,0.122262
0.115292,0.070289,0.138087,0.057259,0.130379,0.113761,0.123437,0.083825,0.057554,0.110117
0.038213,0.023828,0.121912,0.154963,0.127936,0.119994,0.143378,0.090138,0.056276,0.123362
0.134762,0.045963,0.022389,0.138466,0.082267,0.153713,0.078977,0.084337,0.119147,0.139981
0.087885,0.065664,0.121657,0.117589,0.088816,0.080080,0.133383,0.160765,0.071283,0.072878
0.077348,0.044271,0.134322,0.127613,0.131705,0.115656,0.056378,0.073995,0.104074,0.134640
0.124282,0.023449,0.130282,0.126136,0.122303,0.123497,0.107132,0.088878,0.035440,0.118601
0.079110,0.071934,0.149498,0.070989,0.115320,0.081658,0.099598,0.101917,0.108322,0.121655
0.130700,0.124040,0.118909,0.133338,0.111435,0.118100,0.106437,0.072861,0.038596,0.045584
0.121793,0.039791,0.124532,0.133951,0.090436,0.068381,0.075337,0.134245,0.088551,0.122985
0.048408,0.022914,0.145470,0.148886,0.059959,0.139951,0.134643,0.127381,0.137762,0.034624
0.107392,0.118233,0.120365,0.067393,0.135285,0.133555,0.129408,0.056640,0.074864,0.056864
0.093705,0.048022,0.139885,0.145754,0.082631,0.017590,0.061311,0.125876,0.138036,0.147191
0.019335,0.053295,0.132766,0.138307,0.060749,0.128120,0.143300,0.130346,0.146183,0.047599
0.152504,0.087118,0.090596,0.125677,0.059634,0.022283,0.151812,0.046705,0.124040,0.139630
0.127994,0.065280,0.122801,0.110849,0.114344,0.128050,0.058267,0.125073,0.093016,0.054326
0.061648,0.022402,0.134513,0.131431,0.062861,0.135179,0.122002,0.061953,0.143612,0.124399
0.114619,0.061585,0.148227,0.139399,0.119230,0.136484,0.056407,0.047105,0.045823,0.131122
0.119110,0.119559,0.109043,0.032857,0.061219,0.120402,0.068984,0.098821,0.135786,0.134220
0.054276,0.054954,0.136649,0.164790,0.083578,0.063577,0.124848,0.041021,0.153373,0.122933
0.125707,0.081671,0.146602,0.068246,0.114850,0.080409,0.074050,0.118460,0.091087,0.098917
0.117411,0.077606,0.143983,0.071105,0.103627,0.081173,0.131633,0.088315,0.108990,0.076157
0.124779,0.034661,0.131394,0.134869,0.066692,0.013231,0.130138,0.081047,0.141416,0.141774
0.085867,0.108218,0.145267,0.054584,0.118187,0.026561,0.129194,0.135898,0.068362,0.127863
0.144415,0.037511,0.130112,0.145207,0.164056,0.072482,0.071976,0.045422,0.138050,0.050769
0.128772,0.091340,0.099315,0.133775,0.089767,0.059456,0.130506,0.141124,0.065091,0.060855
0.083596,0.092733,0.026937,0.146471,0.138531,0.126945,0.132109,0.088869,0.117181,0.046627
0.134236,0.026540,0.148146,0.116707,0.129393,0.015869,0.060729,0.111029,0.128934,0.128419
0.120230,0.119411,0.124552,0.101344,0.059466,0.096342,0.124480,0.098734,0.038187,0.117255
0.125477,0.038830,0.133310,0.131057,0.136370,0.095936,0.077070,0.080266,0.055900,0.125785
0.097253,0.057961,0.143659,0.157155,0.066871,0.128291,0.052169,0.141530,0.105610,0.049500
0.120204,0.066162,0.087109,0.106283,0.113943,0.126184,0.055030,0.119804,0.087931,0.117350
0.130196,0.023704,0.123887,0.109802,0.036398,0.144097,0.130964,0.100290,0.144842,0.055822
0.088818,0.100470,0.143067,0.068490,0.138468,0.060085,0.080685,0.119707,0.076191,0.124018
0.125968,0.127795,0.017196,0.124331,0.116013,0.126800,0.049104,0.070002,0.120833,0.121959
0.071092,0.064927,0.119875,0.116843,0.081959,0.117217,0.119764,0.128242,0.069572,0.110510
0.062928,0.116637,0.119661,0.145270,0.061578,0.126241,0.092917,0.031209,0.119933,0.123626
0.014927,0.127384,0.118754,0.133346,0.115301,0.134523,0.073917,0.115707,0.043257,0.122884
0.137704,0.082411,0.126124,0.123142,0.084680,0.057621,0.096098,0.123257,0.037224,0.131739
0.083442,0.081437,0.109793,0.106541,0.083598,0.074307,0.136552,0.149088,0.069318,0.105924
0.087632,0.069488,0.135970,0.105345,0.124651,0.065053,0.092920,0.142546,0.069440,0.106953
0.098301,0.051965,0.123779,0.139899,0.104883,0.043835,0.124870,0.133975,0.056413,0.122080
0.112715,0.081130,0.130264,0.071951,0.140896,0.086623,0.068946,0.128342,0.062483,0.116649
0.050877,0.062260,0.128107,0.136935,0.067897,0.069382,0.135384,0.112027,0.111410,0.125720
0.080224,0.075911,0.114058,0.123526,0.086115,0.135796,0.074606,0.131346,0.072327,0.106090
0.109069,0.112041,0.068490,0.083317,0.100892,0.133051,0.071742,0.122279,0.076605,0.122514
0.027673,0.057939,0.135157,0.114418,0.084978,0.083803,0.135973,0.136837,0.075958,0.147265
0.083044,0.055262,0.087737,0.136758,0.098687,0.133312,0.052495,0.121632,0.102654,0.128420
0.122726,0.037979,0.117345,0.139363,0.131331,0.117367,0.067891,0.101471,0.129423,0.035105
0.125910,0.034703,0.137505,0.125669,0.135274,0.038615,0.046543,0.125084,0.107994,0.122703
0.114739,0.038610,0.029041,0.142383,0.101372,0.128154,0.122264,0.119516,0.157588,0.046333
0.095383,0.129849,0.145645,0.136040,0.108971,0.020669,0.135386,0.117940,0.059710,0.050408
0.028168,0.080569,0.131819,0.147338,0.136674,0.137174,0.134911,0.061205,0.081076,0.061066
0.118947,0.047651,0.140742,0.057339,0.123766,0.047527,0.055316,0.126815,0.146966,0.134931
0.106018,0.084958,0.144639,0.070741,0.097318,0.140962,0.101110,0.090433,0.084244,0.079576
0.135806,0.037343,0.124138,0.051004,0.058356,0.129689,0.137082,0.140027,0.057655,0.128901
0.118731,0.034247,0.053468,0.114253,0.112196,0.116681,0.123506,0.088034,0.126919,0.111965
0.084343,0.049821,0.026070,0.137496,0.087373,0.133442,0.133060,0.133827,0.092025,0.122542
0.133166,0.068430,0.128402,0.066110,0.122426,0.055975,0.133128,0.102988,0.076584,0.112791
0.125040,0.073313,0.050049,0.117691,0.133487,0.080142,0.061612,0.149048,0.073155,0.136464
0.124054,0.045612,0.139946,0.107211,0.126644,0.110603,0.044265,0.125965,0.034412,0.141288
0.128262,0.053332,0.123836,0.136623,0.091793,0.136036,0.082001,0.121591,0.079422,0.047103
0.078319,0.079273,0.131729,0.066569,0.107167,0.119224,0.124844,0.109071,0.071241,0.112563
0.099558,0.083402,0.147444,0.070879,0.107929,0.082604,0.103213,0.103344,0.078435,0.123191
0.083443,0.040990,0.044584,0.150288,0.066146,0.130576,0.093267,0.130395,0.103878,0.156432
0.107224,0.086783,0.144229,0.070618,0.109079,0.083249,0.077415,0.111907,0.132896,0.076600
0.123616,0.056694,0.090420,0.112199,0.132909,0.138014,0.124000,0.122169,0.048477,0.051502
0.129094,0.053750,0.125294,0.134675,0.127857,0.132904,0.067983,0.111263,0.059842,0.057338
0.115184,0.030178,0.131870,0.120405,0.120966,0.106961,0.120256,0.107516,0.039157,0.107505
0.122365,0.038448,0.109266,0.126149,0.132126,0.118280,0.065747,0.090424,0.061541,0.135654
0.129926,0.081652,0.148122,0.072164,0.087149,0.085595,0.083699,0.108707,0.082229,0.120758
0.115414,0.077996,0.132493,0.064225,0.104458,0.119164,0.122583,0.079668,0.081392,0.102607
0.072132,0.028187,0.120802,0.107071,0.125431,0.037849,0.131012,0.091772,0.144132,0.141612
0.115110,0.036670,0.110316,0.136514,0.109729,0.048789,0.128088,0.071849,0.126216,0.116717
0.095687,0.072379,0.138048,0.074805,0.116134,0.132553,0.096357,0.133643,0.070712,0.069683
0.088900,0.119925,0.144639,0.067017,0.128423,0.078174,0.073497,0.097427,0.094694,0.107303
0.079361,0.121549,0.064836,0.110296,0.075438,0.123966,0.090743,0.146622,0.069376,0.117811
0.068031,0.056660,0.084338,0.157193,0.113872,0.139129,0.133617,0.041861,0.052474,0.152825
0.137032,0.130983,0.051561,0.061332,0.132532,0.028178,0.058098,0.139862,0.144895,0.115526
0.130508,0.025296,0.136793,0.128850,0.037610,0.143562,0.129965,0.099836,0.038048,0.129533
0.122507,0.031785,0.020712,0.148295,0.134232,0.096091,0.134351,0.067750,0.111479,0.132800
0.127500,0.127532,0.135298,0.120772,0.118309,0.019683,0.092115,0.074417,0.056374,0.127999
0.078417,0.039844,0.092245,0.155974,0.065125,0.023848,0.096370,0.142748,0.165225,0.140204
0.143321,0.038103,0.131070,0.142981,0.138443,0.131365,0.045259,0.098436,0.086439,0.044583
0.104741,0.097786,0.126197,0.050257,0.107338,0.122238,0.049577,0.116506,0.104404,0.120956
0.118567,0.038176,0.118473,0.132591,0.092318,0.142452,0.121884,0.063646,0.033352,0.138541
0.042801,0.049830,0.126679,0.105101,0.124731,0.044222,0.136735,0.125221,0.117533,0.127147
0.091481,0.077893,0.127194,0.105696,0.104183,0.074704,0.128287,0.130080,0.068000,0.092483
0.126731,0.090385,0.146039,0.078464,0.091558,0.093086,0.070171,0.106689,0.133038,0.063841
0.080270,0.030221,0.139199,0.117785,0.123354,0.113028,0.126426,0.123605,0.036806,0.109306
0.102313,0.032131,0.124405,0.092067,0.102189,0.127772,0.119053,0.072135,0.119147,0.108789
0.102473,0.092009,0.149724,0.073503,0.104995,0.086726,0.086555,0.131907,0.089902,0.082206
0.079406,0.050283,0.121917,0.145161,0.111250,0.132726,0.049887,0.121760,0.142482,0.045129
0.074874,0.037079,0.136939,0.123005,0.146261,0.067016,0.127026,0.119261,0.044219,0.124320
0.125575,0.057278,0.046683,0.144009,0.135694,0.024290,0.054721,0.145641,0.151034,0.115076
0.144388,0.047735,0.037490,0.062047,0.146375,0.162383,0.149760,0.053629,0.137812,0.058382
0.111410,0.058558,0.126565,0.142138,0.097323,0.024186,0.078597,0.125980,0.114699,0.120544
0.118999,0.080878,0.131727,0.068892,0.085262,0.112105,0.073361,0.112914,0.100721,0.115141
0.129518,0.049598,0.136311,0.135380,0.140104,0.037452,0.124191,0.091108,0.035085,0.121253
0.103678,0.123383,0.120580,0.140411,0.077296,0.053258,0.132756,0.054560,0.067307,0.126770
0.117764,0.123118,0.138943,0.071450,0.089916,0.087442,0.088942,0.095696,0.103162,0.083569
0.111792,0.088671,0.133531,0.066354,0.123655,0.076779,0.097336,0.098436,0.116097,0.087350
0.089502,0.072200,0.140226,0.064999,0.131480,0.123097,0.070678,0.070783,0.118562,0.118473
0.137886,0.078006,0.112050,0.103079,0.097068,0.071657,0.083245,0.136042,0.066876,0.114090
0.082842,0.116918,0.145025,0.067369,0.076647,0.126223,0.071522,0.094746,0.111142,0.107565
0.099581,0.058635,0.117169,0.132629,0.090121,0.067981,0.135482,0.125453,0.061355,0.111595
0.104723,0.042080,0.133243,0.148303,0.112768,0.129219,0.074378,0.143183,0.059530,0.052572
0.135553,0.083512,0.125627,0.072235,0.081620,0.074756,0.126222,0.116416,0.069603,0.114457
0.071583,0.088677,0.084806,0.143168,0.149677,0.095765,0.135001,0.131232,0.053493,0.046598
0.093352,0.072721,0.134459,0.066633,0.099578,0.129664,0.089645,0.083829,0.121438,0.108681
0.139098,0.126764,0.050779,0.125859,0.144708,0.027506,0.060458,0.136168,0.066164,0.122496
0.130913,0.067524,0.125549,0.134904,0.125989,0.052728,0.061536,0.121055,0.056094,0.123708
0.066094,0.047646,0.138475,0.150437,0.050740,0.110441,0.061505,0.118918,0.120685,0.135061
0.117914,0.078471,0.119172,0.104552,0.081913,0.113506,0.080151,0.131428,0.068449,0.104443
0.059955,0.076503,0.126285,0.040612,0.104973,0.147475,0.116927,0.075954,0.125470,0.125847
0.123301,0.065626,0.062552,0.121383,0.088289,0.111095,0.141616,0.139647,0.071962,0.074530
0.143578,0.042034,0.092179,0.146382,0.106097,0.024251,0.118055,0.115637,0.047649,0.164138
0.115742,0.077420,0.121549,0.066832,0.081739,0.114959,0.123493,0.082007,0.116068,0.100189
0.122320,0.069563,0.144123,0.066271,0.111616,0.078014,0.097267,0.102967,0.087239,0.120620
0.090302,0.095542,0.113995,0.119610,0.119190,0.115031,0.048969,0.113459,0.078851,0.105051
0.056260,0.125957,0.119704,0.133709,0.086327,0.037438,0.130541,0.120482,0.065094,0.124487
0.138939,0.110257,0.135698,0.055773,0.133656,0.069396,0.074902,0.097993,0.049018,0.134369
0.127160,0.034301,0.121485,0.037691,0.117911,0.124677,0.057854,0.104756,0.148431,0.125733
0.077819,0.065205,0.106884,0.103399,0.082118,0.127964,0.130359,0.134074,0.067903,0.104275
0.117678,0.062890,0.119783,0.101359,0.128875,0.108017,0.059696,0.090852,0.102384,0.108466
0.088291,0.071201,0.112108,0.109926,0.110262,0.107992,0.068878,0.146955,0.067263,0.117124
0.082912,0.067188,0.127299,0.055363,0.122730,0.138147,0.122576,0.122769,0.046317,0.114698
0.127697,0.035248,0.125312,0.129734,0.038048,0.126259,0.053285,0.090468,0.149352,0.124597
0.107206,0.122507,0.127805,0.064595,0.112095,0.104642,0.079010,0.076229,0.100568,0.105342
0.132097,0.038893,0.036422,0.130761,0.131528,0.055264,0.129981,0.133693,0.084931,0.126430
0.134915,0.048768,0.116294,0.125701,0.118780,0.131271,0.125838,0.039212,0.049532,0.109691
0.056161,0.050433,0.114633,0.131242,0.127696,0.134123,0.129593,0.118888,0.027518,0.109713
0.138957,0.065824,0.128338,0.110826,0.085664,0.054650,0.126311,0.131997,0.071670,0.085763
0.139236,0.051754,0.043159,0.132685,0.115965,0.102901,0.052032,0.114927,0.124008,0.123334
0.127589,0.126811,0.070685,0.134144,0.125271,0.051978,0.127224,0.118248,0.046124,0.071927
0.082621,0.050852,0.073420,0.115370,0.141229,0.143038,0.070661,0.116721,0.129214,0.076875
0.093734,0.081205,0.142733,0.071196,0.113973,0.100821,0.085471,0.107443,0.127296,0.076128
0.069124,0.137372,0.083440,0.147683,0.132036,0.022197,0.113897,0.114423,0.058858,0.120970
0.141290,0.053996,0.028498,0.165065,0.057171,0.066409,0.134657,0.136893,0.121463,0.094558
0.076636,0.089906,0.084076,0.128077,0.093371,0.124110,0.050691,0.132786,0.116019,0.104329
0.091251,0.077629,0.123686,0.116581,0.090009,0.078804,0.073797,0.162976,0.071640,0.113626
0.089965,0.069363,0.084054,0.134181,0.098291,0.126157,0.074658,0.145522,0.072675,0.105135
0.086146,0.066286,0.121247,0.116013,0.090400,0.097049,0.073696,0.163229,0.072469,0.113466
0.132045,0.069565,0.126582,0.142839,0.088843,0.061697,0.114330,0.114598,0.036056,0.113445
0.139353,0.044339,0.139801,0.142057,0.050321,0.136710,0.060352,0.039334,0.114466,0.133267
0.129573,0.124699,0.124847,0.062511,0.074289,0.075552,0.122549,0.134067,0.099329,0.052584
0.140267,0.042427,0.022875,0.163459,0.082947,0.159138,0.058662,0.036990,0.158812,0.134423
0.117979,0.078891,0.114723,0.097589,0.082737,0.124551,0.076457,0.132938,0.069548,0.104588
0.092145,0.075919,0.139360,0.068347,0.091488,0.122709,0.129176,0.085274,0.123283,0.072299
0.056106,0.042126,0.135543,0.148126,0.142390,0.102561,0.109887,0.057999,0.081636,0.123626
0.109911,0.089566,0.136650,0.067861,0.116857,0.078943,0.113944,0.090303,0.084905,0.111061
0.071506,0.127434,0.141982,0.147508,0.118129,0.036245,0.128984,0.113815,0.046727,0.067668
0.057898,0.048725,0.072667,0.153643,0.072187,0.051512,0.131745,0.130369,0.151555,0.129699
0.104609,0.090403,0.147579,0.069174,0.095953,0.074636,0.108003,0.115559,0.079658,0.114427
0.070911,0.125524,0.114604,0.118418,0.128374,0.057173,0.043667,0.110028,0.109626,0.121675
0.095038,0.117586,0.128527,0.120898,0.073693,0.061510,0.089136,0.132854,0.068463,0.112293
0.103820,0.082204,0.144064,0.067405,0.129377,0.080797,0.074339,0.087150,0.112574,0.118270
0.129334,0.048164,0.125270,0.147218,0.052081,0.134936,0.047962,0.082291,0.145257,0.087488
0.101313,0.069683,0.143511,0.126139,0.137985,0.047353,0.075332,0.081992,0.089993,0.126700
0.026269,0.068556,0.137327,0.141789,0.091861,0.075419,0.143970,0.145176,0.110353,0.059280
0.088785,0.076689,0.062091,0.115668,0.112265,0.099877,0.143048,0.141695,0.072516,0.087366
0.120476,0.079753,0.114575,0.118283,0.090723,0.134367,0.063987,0.068293,0.089053,0.120489
0.086499,0.078488,0.142919,0.068194,0.102219,0.069646,0.134473,0.108445,0.099561,0.109556
0.122922,0.070646,0.112357,0.112652,0.084110,0.075087,0.089604,0.145773,0.069295,0.117552
0.089456,0.108457,0.073614,0.107718,0.122241,0.104110,0.099166,0.116075,0.090740,0.088424
0.092079,0.115679,0.136949,0.068951,0.098590,0.078403,0.134423,0.098685,0.104786,0.071454
0.123049,0.065385,0.134846,0.104942,0.091076,0.125938,0.073323,0.143860,0.069913,0.067668
0.053547,0.036628,0.120800,0.129083,0.119795,0.048530,0.131655,0.118000,0.106660,0.135302
0.122960,0.127200,0.050988,0.128844,0.048116,0.082511,0.128269,0.088332,0.118014,0.104766
0.129212,0.086131,0.137735,0.130886,0.091492,0.065700,0.110938,0.071190,0.051869,0.124847
0.137064,0.070480,0.097849,0.065447,0.139273,0.133189,0.064474,0.055838,0.124498,0.111888
0.081332,0.077872,0.114791,0.105920,0.081718,0.090035,0.128532,0.140942,0.067502,0.111355
0.123962,0.118714,0.045741,0.118116,0.112401,0.023208,0.134218,0.096674,0.102779,0.124188
0.096678,0.085839,0.147682,0.067373,0.102386,0.096307,0.101566,0.100765,0.077318,0.124086
0.101917,0.072192,0.120181,0.112525,0.089582,0.076783,0.093512,0.153044,0.070503,0.109761
0.107416,0.071851,0.046000,0.139446,0.141390,0.146805,0.141607,0.061411,0.078246,0.065829
0.134929,0.121473,0.062936,0.104470,0.114001,0.116362,0.067712,0.131239,0.066812,0.080065
0.093464,0.109016,0.072880,0.063638,0.102898,0.113814,0.108517,0.084577,0.140804,0.110392
0.095408,0.082190,0.079385,0.125782,0.096737,0.063085,0.101738,0.159518,0.077924,0.118233
0.065208,0.079495,0.124935,0.131339,0.084703,0.135550,0.050334,0.069962,0.144537,0.113939
0.123028,0.115807,0.059924,0.121541,0.056770,0.123328,0.089145,0.052554,0.140436,0.117467
0.151627,0.077439,0.126368,0.079608,0.124616,0.060516,0.087934,0.143675,0.073177,0.075041
0.123000,0.051707,0.139036,0.048299,0.134982,0.127488,0.068725,0.133804,0.053536,0.119423
0.138232,0.036872,0.024367,0.131133,0.088202,0.156658,0.133864,0.118207,0.131896,0.040570
0.078489,0.081916,0.130621,0.130619,0.109834,0.107140,0.117573,0.114385,0.046265,0.083158
0.103233,0.061571,0.132552,0.129815,0.116766,0.078320,0.122890,0.086752,0.049041,0.119060
0.080298,0.028252,0.128254,0.039021,0.134221,0.104710,0.086073,0.118108,0.144697,0.136365
0.124239,0.053775,0.140969,0.132916,0.114827,0.018540,0.051766,0.131749,0.119959,0.111261
0.121403,0.122233,0.117404,0.113787,0.132767,0.048588,0.123393,0.108911,0.044629,0.066884
0.114925,0.114255,0.125160,0.127942,0.059346,0.092592,0.121225,0.024601,0.111060,0.108893
0.128546,0.080962,0.142155,0.125504,0.139016,0.060995,0.071627,0.064756,0.122554,0.063885
0.082286,0.073128,0.117096,0.077537,0.090521,0.133884,0.097130,0.142574,0.074402,0.111441
0.129225,0.021629,0.131398,0.094388,0.118891,0.140640,0.040603,0.077516,0.118269,0.127440
0.113923,0.032982,0.125528,0.117975,0.103510,0.128892,0.118363,0.038755,0.109592,0.110480
0.112205,0.059743,0.047863,0.144843,0.114167,0.069692,0.057497,0.134791,0.116906,0.142295
0.065209,0.035125,0.153873,0.122291,0.136580,0.021125,0.145233,0.138032,0.134842,0.047690
0.132804,0.124467,0.122013,0.112152,0.087838,0.137303,0.090098,0.059456,0.076342,0.057527
0.133362,0.126736,0.118618,0.131893,0.056824,0.121096,0.051236,0.100999,0.037440,0.121795
0.083732,0.080210,0.132458,0.066970,0.109403,0.077585,0.128687,0.097068,0.119642,0.104246
0.065481,0.070620,0.132329,0.144868,0.073815,0.108868,0.132132,0.076770,0.154257,0.040860
0.064107,0.044725,0.141227,0.128411,0.085912,0.130153,0.131495,0.100167,0.050195,0.123610
0.033390,0.129863,0.114591,0.109311,0.119441,0.124227,0.041741,0.075268,0.134574,0.117595
0.139842,0.039166,0.131097,0.145135,0.083412,0.086694,0.046891,0.037610,0.153581,0.136572
0.037997,0.036396,0.146179,0.157630,0.068900,0.047019,0.133464,0.106550,0.132700,0.133165
0.061193,0.047966,0.129802,0.141813,0.137021,0.140916,0.043599,0.064565,0.113951,0.119174
0.113723,0.052675,0.149374,0.118346,0.061126,0.130362,0.050769,0.114044,0.054156,0.155425
0.082861,0.120727,0.128658,0.123790,0.111371,0.129273,0.128213,0.081676,0.043925,0.049506
0.126747,0.117911,0.076893,0.118064,0.074659,0.133700,0.053392,0.066882,0.133306,0.098445
0.134683,0.047984,0.037169,0.044536,0.096883,0.129470,0.140859,0.122978,0.117933,0.127505
0.062158,0.130814,0.121310,0.133812,0.061301,0.093532,0.124848,0.097917,0.064059,0.110249
0.114284,0.099102,0.062855,0.076547,0.138371,0.129357,0.135038,0.064124,0.118046,0.062277
0.070458,0.074711,0.134222,0.117618,0.137730,0.108174,0.041119,0.074243,0.134990,0.106736
0.095791,0.077908,0.141426,0.067148,0.114085,0.078699,0.138159,0.101737,0.088776,0.096272
0.134962,0.030849,0.138105,0.139700,0.097551,0.122728,0.043249,0.097878,0.048257,0.146721
0.088733,0.094561,0.141260,0.125967,0.147430,0.061868,0.062481,0.101336,0.049734,0.126629
0.061155,0.047329,0.117589,0.121411,0.078459,0.134858,0.088265,0.116486,0.110856,0.123593
0.110641,0.020618,0.114263,0.124314,0.071515,0.121387,0.121389,0.088741,0.113433,0.113699
0.042516,0.049467,0.126816,0.130195,0.091187,0.134016,0.136695,0.111297,0.046573,0.131238
0.054119,0.141071,0.021411,0.151782,0.133059,0.048760,0.063462,0.109178,0.138326,0.138832
0.085174,0.067407,0.144273,0.058009,0.130246,0.133947,0.123161,0.083360,0.056457,0.117966
0.096312,0.072205,0.111307,0.055056,0.109664,0.079661,0.120622,0.110046,0.133677,0.111450
0.057641,0.063848,0.148078,0.140420,0.088250,0.056215,0.132745,0.087871,0.075718,0.149214
0.076471,0.044690,0.134602,0.143581,0.047786,0.134294,0.059040,0.121652,0.108741,0.129143
0.114234,0.049391,0.041266,0.141298,0.127419,0.024515,0.142147,0.089604,0.137191,0.132935
0.070406,0.044632,0.152476,0.131030,0.084248,0.131700,0.134730,0.084856,0.119983,0.045939
0.145576,0.085406,0.135145,0.068708,0.096620,0.139611,0.075999,0.092751,0.082187,0.077998
0.080571,0.066899,0.132213,0.119320,0.090908,0.133424,0.130361,0.081367,0.113803,0.051134
0.056759,0.125539,0.116800,0.145112,0.067359,0.083314,0.046680,0.097285,0.123920,0.137233
0.087154,0.043180,0.076905,0.135172,0.139742,0.074791,0.060176,0.130641,0.123854,0.128386
0.105186,0.082298,0.135201,0.068432,0.121278,0.132959,0.082597,0.115180,0.079185,0.077683
0.105820,0.135044,0.092221,0.080588,0.102272,0.103246,0.078985,0.150748,0.074739,0.076336
0.085082,0.074556,0.135040,0.113531,0.091970,0.077596,0.130498,0.131027,0.071810,0.088889
0.129540,0.082059,0.148834,0.070008,0.118497,0.074165,0.081019,0.089053,0.083851,0.122974
0.125907,0.045545,0.038357,0.129712,0.091137,0.119455,0.118564,0.124514,0.088804,0.118005
0.114093,0.075089,0.139807,0.069818,0.092703,0.127762,0.100354,0.090161,0.116258,0.073956
0.055639,0.065903,0.021021,0.147732,0.139761,0.144364,0.129487,0.119408,0.137407,0.039278
0.064436,0.047707,0.142970,0.142107,0.138558,0.019144,0.051428,0.140490,0.114902,0.138257
0.101010,0.078787,0.154791,0.069087,0.119143,0.130840,0.075700,0.114799,0.081087,0.074756
0.043881,0.131641,0.029566,0.114932,0.076690,0.146410,0.137862,0.077888,0.113631,0.127499
0.079914,0.069651,0.132412,0.042849,0.097121,0.111496,0.142251,0.124103,0.080620,0.119584
0.111822,0.081082,0.152579,0.071067,0.123014,0.081039,0.088725,0.083247,0.083090,0.124334
0.093505,0.062433,0.030995,0.144991,0.102816,0.126270,0.129876,0.139531,0.043394,0.126190
0.132512,0.044086,0.076945,0.152161,0.123448,0.057263,0.137320,0.100445,0.050757,0.125063
0.138609,0.048930,0.025764,0.151327,0.121744,0.137353,0.127062,0.068546,0.137083,0.043582
0.127817,0.035182,0.079413,0.048208,0.121982,0.124366,0.133189,0.112629,0.079197,0.138017
0.095526,0.121963,0.140925,0.052325,0.065317,0.070700,0.146823,0.045829,0.144705,0.115887
0.138673,0.065670,0.107279,0.120937,0.117087,0.091485,0.076235,0.136370,0.066625,0.079640
0.132492,0.066322,0.046392,0.147140,0.130257,0.080475,0.065377,0.143961,0.131802,0.055781
0.117866,0.077724,0.061418,0.117778,0.099397,0.128101,0.089243,0.140106,0.067919,0.100447
0.091805,0.095997,0.118181,0.133308,0.121939,0.116092,0.107335,0.127378,0.041343,0.046622
0.125094,0.079679,0.055930,0.067708,0.142641,0.080753,0.119633,0.135580,0.069346,0.123637
0.133466,0.033985,0.146047,0.113614,0.078535,0.052654,0.138812,0.130325,0.046580,0.125982
0.084151,0.060704,0.112710,0.110125,0.079421,0.122358,0.090169,0.153113,0.068800,0.118450
0.110524,0.118906,0.130378,0.057332,0.117515,0.070245,0.058132,0.118720,0.108394,0.109853
0.085078,0.081270,0.145516,0.071513,0.120035,0.085655,0.106213,0.122667,0.099850,0.082202
0.056682,0.044479,0.085338,0.156481,0.086449,0.165617,0.144508,0.085756,0.043474,0.131217
0.115267,0.074065,0.120852,0.098220,0.101306,0.112795,0.074624,0.130677,0.066372,0.105822
0.102246,0.055730,0.128648,0.131967,0.117313,0.141607,0.129313,0.082028,0.061758,0.049390
0.077061,0.029138,0.069078,0.134829,0.046035,0.153425,0.106582,0.106971,0.146075,0.130806
0.089917,0.117330,0.103149,0.100036,0.095287,0.115227,0.065943,0.142833,0.067071,0.103208
0.121501,0.072967,0.140972,0.070167,0.095878,0.080928,0.077804,0.107079,0.113852,0.118852
0.123865,0.035986,0.122611,0.134755,0.088889,0.141311,0.059682,0.038135,0.142157,0.112610
0.119232,0.120965,0.119003,0.143073,0.090100,0.128404,0.083142,0.072244,0.078906,0.044931
0.091706,0.069548,0.110637,0.105873,0.094947,0.116110,0.086581,0.146666,0.067718,0.110214
0.129543,0.043125,0.033093,0.135233,0.128870,0.145289,0.109915,0.114854,0.033792,0.126287
0.084542,0.070506,0.132332,0.112570,0.108993,0.063787,0.136024,0.152686,0.069455,0.069105
0.145464,0.074131,0.135082,0.120676,0.047371,0.052164,0.119671,0.091078,0.134264,0.080100
0.129638,0.046612,0.039372,0.046861,0.120313,0.150411,0.111530,0.082532,0.141619,0.131112
0.083039,0.096845,0.042502,0.127385,0.120219,0.122802,0.110032,0.111033,0.083389,0.102754
0.140121,0.076116,0.130320,0.066231,0.104426,0.130541,0.072970,0.086105,0.091892,0.101279
0.086560,0.080247,0.148538,0.133229,0.076290,0.051330,0.070057,0.060640,0.142159,0.150950
0.137332,0.091948,0.135075,0.064294,0.108988,0.125918,0.069807,0.102587,0.097372,0.066679
