0.133464,0.454498,0.010309,0.004707,0.030136,0.095539,0.006102,0.045397,0.114170,0.105678
0.315576,0.242329,0.015793,0.080671,0.049603,0.104833,0.059288,0.070388,0.029763,0.031757
0.104950,0.187299,0.004802,0.008021,0.026751,0.373057,0.030925,0.007439,0.252842,0.003913
0.183665,0.076210,0.021160,0.030446,0.485910,0.018477,0.012940,0.104366,0.031390,0.035436
0.232145,0.183904,0.019687,0.026702,0.030708,0.138492,0.176412,0.069842,0.071666,0.050441
0.018988,0.272991,0.026744,0.025552,0.050471,0.100085,0.178306,0.150458,0.146797,0.029608
0.010345,0.441156,0.172835,0.002562,0.012861,0.121628,0.006578,0.030821,0.190064,0.011150
0.088067,0.142584,0.033481,0.049703,0.173434,0.131667,0.120960,0.107356,0.101559,0.051189
0.142562,0.123565,0.018369,0.023695,0.329853,0.171469,0.018161,0.055569,0.077964,0.038793
0.073922,0.592013,0.007581,0.002781,0.012661,0.004367,0.002142,0.007713,0.283804,0.013014
0.150822,0.191637,0.003160,0.323628,0.017585,0.152744,0.145993,0.004012,0.007298,0.003121
0.046067,0.209269,0.163615,0.191338,0.076212,0.129492,0.116264,0.036313,0.019067,0.012364
0.244145,0.007408,0.005874,0.381105,0.002039,0.163027,0.001938,0.011956,0.171358,0.011150
0.082860,0.035004,0.051397,0.016513,0.280887,0.168070,0.019085,0.253740,0.045615,0.046829
0.061873,0.072021,0.094361,0.065958,0.081331,0.194276,0.036194,0.199269,0.079359,0.115358
0.040337,0.005758,0.537099,0.013689,0.022457,0.015682,0.063104,0.009652,0.285273,0.006950
0.234571,0.199466,0.020903,0.081848,0.062056,0.030389,0.009442,0.128272,0.187907,0.045146
0.060272,0.294119,0.131345,0.097221,0.048268,0.089341,0.020121,0.071877,0.046988,0.140449
0.027419,0.090404,0.003001,0.423195,0.040363,0.002533,0.169505,0.060105,0.003227,0.180248
0.016319,0.010013,0.003956,0.501564,0.008036,0.164280,0.010130,0.151257,0.131896,0.002549
0.127103,0.111977,0.038186,0.052284,0.198237,0.145595,0.155064,0.051316,0.039300,0.080939
0.060788,0.244022,0.001517,0.006128,0.068374,0.238757,0.001104,0.003388,0.193477,0.182444
0.252589,0.200989,0.012614,0.023010,0.166578,0.156584,0.019276,0.028595,0.108678,0.031088
0.038515,0.213106,0.101813,0.038702,0.111241,0.074979,0.079419,0.091008,0.128726,0.122490
0.012507,0.381874,0.184108,0.029181,0.063849,0.013943,0.018517,0.083294,0.017213,0.195513
0.117691,0.119982,0.170528,0.109322,0.064544,0.143407,0.094460,0.098076,0.045123,0.036869
0.260105,0.149976,0.038789,0.018884,0.118808,0.075221,0.110232,0.057674,0.088456,0.081855
0.214783,0.270567,0.012766,0.004919,0.020379,0.133274,0.052335,0.007455,0.277506,0.006017
0.279264,0.151222,0.084516,0.045166,0.080324,0.083298,0.023886,0.127894,0.054198,0.070231
0.017284,0.180832,0.079338,0.118514,0.064855,0.025409,0.214574,0.201337,0.025455,0.072400
0.053226,0.002437,0.002796,0.007135,0.008699,0.833739,0.001867,0.002989,0.081353,0.005759
0.001457,0.160503,0.004017,0.346018,0.049682,0.135102,0.151603,0.010012,0.131642,0.009965
0.079255,0.419039,0.108166,0.036968,0.034409,0.097315,0.041422,0.031979,0.021980,0.129467
0.153508,0.165153,0.028607,0.057267,0.145263,0.122204,0.123887,0.111715,0.040877,0.051518
0.035938,0.131875,0.104641,0.080528,0.189055,0.103277,0.084219,0.075324,0.130122,0.065021
0.013147,0.022129,0.132892,0.036902,0.247138,0.223953,0.158483,0.083400,0.020333,0.061623
0.008831,0.149122,0.024026,0.020531,0.248724,0.127816,0.218732,0.026356,0.148290,0.027570
0.273610,0.168762,0.028056,0.014339,0.067216,0.057791,0.125140,0.108689,0.083865,0.072532
0.002711,0.155275,0.004245,0.493525,0.003647,0.028794,0.199132,0.065854,0.039303,0.007513
0.117761,0.227271,0.032651,0.023987,0.035894,0.107838,0.108982,0.071392,0.161128,0.113096
0.062984,0.323269,0.003912,0.413690,0.079721,0.005389,0.003165,0.092834,0.008831,0.006206
0.040787,0.330520,0.146845,0.087256,0.026410,0.095880,0.061328,0.023574,0.155201,0.032200
0.233796,0.060206,0.090379,0.058896,0.215542,0.065845,0.092334,0.068816,0.080100,0.034087
0.140205,0.098488,0.081639,0.026790,0.231963,0.157464,0.008420,0.117513,0.106806,0.030711
0.015844,0.025011,0.155348,0.069598,0.034160,0.021708,0.252406,0.122188,0.170079,0.133658
0.036976,0.232192,0.255761,0.036821,0.103550,0.019025,0.110989,0.039388,0.126800,0.038497
0.159327,0.094404,0.219547,0.028169,0.171647,0.064163,0.107855,0.047125,0.030362,0.077401
0.268366,0.127032,0.215964,0.008313,0.098928,0.015597,0.057398,0.113672,0.027178,0.067551
0.065218,0.275773,0.150465,0.011805,0.033216,0.091028,0.168856,0.031790,0.022225,0.149624
0.028789,0.122706,0.001768,0.001116,0.035380,0.736011,0.000716,0.001412,0.070598,0.001505
0.040741,0.143693,0.120647,0.033973,0.038920,0.042588,0.155021,0.202383,0.037113,0.184920
0.002627,0.183870,0.007383,0.017586,0.203897,0.011714,0.076469,0.025541,0.449796,0.021118
0.196255,0.167014,0.005892,0.182193,0.008644,0.121181,0.028037,0.009772,0.269999,0.011013
0.145716,0.129076,0.235207,0.030966,0.128262,0.020636,0.109175,0.085621,0.066420,0.048921
0.043401,0.136288,0.004464,0.414561,0.005523,0.125925,0.192318,0.049570,0.017429,0.010521
0.180023,0.031092,0.044250,0.031285,0.066526,0.191852,0.153268,0.084041,0.116185,0.101478
0.225640,0.198685,0.011765,0.005891,0.103196,0.121599,0.013264,0.117444,0.164288,0.038227
0.123517,0.077205,0.059075,0.099143,0.130016,0.050089,0.067253,0.084392,0.182846,0.126464
0.159560,0.129812,0.060159,0.079861,0.031479,0.088152,0.128261,0.230922,0.041047,0.050749
0.023907,0.137060,0.038773,0.069663,0.277349,0.188748,0.057790,0.080348,0.093015,0.033348
0.380147,0.149137,0.032125,0.086402,0.035988,0.018737,0.073865,0.065538,0.101628,0.056433
0.025856,0.139222,0.106868,0.029988,0.057658,0.321818,0.131012,0.032412,0.112422,0.042743
0.088004,0.157310,0.012684,0.056853,0.020708,0.244682,0.327163,0.047135,0.018710,0.026751
0.211303,0.089022,0.071381,0.041337,0.187395,0.016193,0.103265,0.092603,0.023841,0.163660
0.138942,0.191010,0.012843,0.063725,0.269658,0.011557,0.007010,0.061638,0.013050,0.230568
0.013092,0.147031,0.023822,0.008957,0.255843,0.021419,0.173183,0.151047,0.152386,0.053219
0.187331,0.180678,0.023570,0.023921,0.061346,0.021640,0.135496,0.172249,0.041155,0.152613
0.133514,0.202309,0.078627,0.067335,0.069734,0.022440,0.188184,0.106534,0.048447,0.082876
0.110330,0.005583,0.378568,0.008558,0.019672,0.125334,0.083455,0.007040,0.256236,0.005224
0.038524,0.037613,0.050795,0.106581,0.219350,0.171332,0.165644,0.125043,0.028543,0.056577
0.045277,0.221611,0.224861,0.002783,0.080157,0.003593,0.170045,0.005305,0.238372,0.007996
0.058365,0.276785,0.005572,0.448398,0.069139,0.037571,0.024913,0.006653,0.017078,0.055526
0.029333,0.101174,0.096198,0.030422,0.281612,0.024304,0.140377,0.053186,0.124461,0.118933
0.126329,0.086896,0.013006,0.023583,0.283325,0.017197,0.155755,0.142332,0.121151,0.030427
0.282125,0.160605,0.040930,0.030159,0.157893,0.132607,0.016997,0.069726,0.076672,0.032284
0.038103,0.008237,0.172970,0.016335,0.060421,0.255503,0.016520,0.179079,0.206134,0.046700
0.008925,0.232253,0.017716,0.036313,0.474889,0.037900,0.007474,0.139508,0.022140,0.022883
0.148153,0.147217,0.029283,0.078819,0.073774,0.110482,0.138899,0.086741,0.122172,0.064462
0.048816,0.163944,0.074960,0.049984,0.095085,0.201218,0.127911,0.082666,0.064168,0.091249
0.034427,0.083294,0.000856,0.003426,0.022445,0.744392,0.001205,0.002911,0.085381,0.021663
0.032819,0.171404,0.477515,0.002324,0.005807,0.018622,0.119255,0.004017,0.165496,0.002742
0.074637,0.105413,0.037416,0.026721,0.295464,0.161406,0.088080,0.055664,0.075856,0.079343
0.196827,0.185965,0.027902,0.028237,0.231073,0.151120,0.057069,0.054434,0.034300,0.033073
0.016054,0.149199,0.026668,0.104568,0.049201,0.237043,0.223169,0.099339,0.040360,0.054399
0.042876,0.392064,0.007637,0.010695,0.065444,0.148297,0.002247,0.007199,0.311611,0.011931
0.003014,0.264483,0.005415,0.026591,0.229247,0.005260,0.008641,0.016955,0.426755,0.013640
0.072464,0.228594,0.131206,0.084707,0.015395,0.092511,0.193912,0.072810,0.088833,0.019568
0.002501,0.403507,0.010233,0.006286,0.023842,0.110189,0.165603,0.027665,0.213043,0.037133
0.219506,0.367594,0.011874,0.010058,0.052439,0.003668,0.045932,0.006499,0.269244,0.013186
0.181374,0.106397,0.035327,0.029240,0.254053,0.019344,0.108232,0.108657,0.114232,0.043146
0.245610,0.204324,0.022076,0.020388,0.061823,0.018213,0.089349,0.110679,0.093752,0.133786
0.183695,0.178058,0.041284,0.040610,0.122811,0.086913,0.130995,0.115604,0.052509,0.047521
0.092970,0.162746,0.036020,0.027049,0.100627,0.114096,0.137166,0.139179,0.160755,0.029390
0.035619,0.249672,0.036115,0.007202,0.190179,0.014618,0.229884,0.068447,0.029890,0.138374
0.273123,0.024296,0.141255,0.021222,0.287692,0.020316,0.013189,0.056731,0.036609,0.125568
0.224746,0.087384,0.057316,0.042093,0.139257,0.031530,0.138050,0.108292,0.103586,0.067745
0.169470,0.173145,0.017095,0.026550,0.267999,0.094225,0.014361,0.057656,0.030681,0.148818
0.061580,0.024106,0.006177,0.566812,0.012791,0.002158,0.256545,0.009928,0.049719,0.010185
0.011822,0.126509,0.342544,0.007282,0.202894,0.088280,0.008416,0.070590,0.101405,0.040258
0.195457,0.159899,0.012299,0.017504,0.065006,0.259658,0.143074,0.097261,0.028104,0.021738
0.132876,0.090845,0.005995,0.009476,0.050216,0.182254,0.004956,0.038865,0.288932,0.195586
0.019463,0.240458,0.012213,0.010455,0.019098,0.008990,0.220008,0.051848,0.237111,0.180356
0.056453,0.335248,0.009668,0.012466,0.027033,0.009551,0.247014,0.005515,0.275783,0.021269
0.054425,0.238060,0.045696,0.051348,0.104866,0.038811,0.027527,0.241098,0.125054,0.073113
0.062948,0.183253,0.054898,0.086703,0.074735,0.100086,0.056327,0.101693,0.163687,0.115671
0.054303,0.201547,0.105491,0.021792,0.014198,0.197106,0.116020,0.062563,0.121136,0.105843
0.461477,0.109728,0.036634,0.028795,0.063323,0.090802,0.095655,0.058604,0.026382,0.028599
0.192237,0.119532,0.020779,0.035352,0.147155,0.159850,0.118651,0.066202,0.056963,0.083279
0.003909,0.226245,0.176235,0.010757,0.012096,0.185436,0.146839,0.031786,0.195492,0.011205
0.387960,0.143952,0.019104,0.043086,0.162895,0.129440,0.009818,0.036740,0.028638,0.038368
0.146381,0.214637,0.031043,0.038331,0.100632,0.123888,0.126849,0.054619,0.110158,0.053462
0.288212,0.175497,0.060240,0.009901,0.046603,0.016314,0.226669,0.091305,0.034489,0.050770
0.031049,0.049922,0.002005,0.180441,0.012055,0.687102,0.020660,0.009190,0.004604,0.002973
0.066049,0.348412,0.003037,0.367775,0.136899,0.003291,0.002031,0.055521,0.007783,0.009204
0.255053,0.192950,0.016944,0.027853,0.030363,0.168034,0.194015,0.063228,0.026385,0.025174
0.020760,0.218712,0.035077,0.005605,0.039830,0.013397,0.197825,0.056087,0.216256,0.196451
0.033212,0.141217,0.056596,0.080400,0.220175,0.134364,0.016747,0.152649,0.044708,0.119932
0.001202,0.106504,0.002282,0.002139,0.001183,0.814765,0.000818,0.002076,0.066183,0.002848
0.033609,0.327391,0.046250,0.029784,0.086020,0.014821,0.011276,0.223126,0.169915,0.057809
0.042670,0.166636,0.004807,0.335765,0.138879,0.003524,0.092715,0.184594,0.018324,0.012087
0.020066,0.155673,0.002755,0.416832,0.009475,0.151355,0.027643,0.015673,0.006432,0.194097
0.147909,0.134675,0.032394,0.046876,0.114495,0.151437,0.143396,0.099839,0.075749,0.053229
0.032080,0.248734,0.078798,0.031996,0.143266,0.150837,0.141417,0.068852,0.022878,0.081141
0.088079,0.190229,0.203674,0.018466,0.009454,0.073558,0.050656,0.037513,0.192934,0.135437
0.076959,0.117742,0.143426,0.035663,0.309014,0.020282,0.069469,0.103585,0.031638,0.092222
0.004484,0.382161,0.006047,0.467331,0.032895,0.038429,0.031981,0.012262,0.019588,0.004821
0.177804,0.164398,0.077517,0.030248,0.116236,0.156706,0.010118,0.095484,0.066299,0.105190
0.001204,0.037941,0.007462,0.621645,0.026640,0.245373,0.024343,0.012103,0.019172,0.004117
0.201896,0.037657,0.058988,0.034858,0.135183,0.216614,0.121022,0.048251,0.095864,0.049667
0.129281,0.013605,0.102294,0.093454,0.140971,0.160451,0.122142,0.110261,0.085761,0.041778
0.345334,0.191651,0.033068,0.035839,0.034541,0.034366,0.141979,0.112168,0.041112,0.029942
0.277656,0.198845,0.021829,0.033312,0.140824,0.041697,0.095759,0.079216,0.058369,0.052495
0.139688,0.147029,0.143119,0.023498,0.119636,0.108665,0.105055,0.065807,0.086121,0.061384
0.045485,0.297671,0.019216,0.079172,0.050262,0.016836,0.204374,0.081641,0.035483,0.169860
0.025367,0.100260,0.284889,0.009919,0.093965,0.176128,0.044962,0.009972,0.248225,0.006313
0.056747,0.197697,0.489320,0.008016,0.041313,0.003345,0.028058,0.004664,0.161631,0.009210
0.003399,0.210863,0.002067,0.432639,0.005490,0.128980,0.018327,0.027439,0.004458,0.166337
0.206004,0.229634,0.007444,0.301680,0.069740,0.005171,0.004557,0.014324,0.154982,0.006465
0.039560,0.102116,0.084201,0.151562,0.067297,0.191077,0.066802,0.096054,0.097356,0.103975
0.000832,0.216392,0.002819,0.386694,0.012008,0.102664,0.001500,0.037461,0.002822,0.236807
0.252015,0.022271,0.270442,0.065554,0.113049,0.020216,0.107809,0.054785,0.021120,0.072738
0.033287,0.144327,0.099521,0.021444,0.166151,0.029133,0.176445,0.161135,0.130614,0.037942
0.196667,0.200477,0.042068,0.036538,0.175750,0.059640,0.116621,0.083455,0.035956,0.052828
0.188016,0.104169,0.201641,0.077400,0.097956,0.100061,0.023927,0.112117,0.032488,0.062226
0.306976,0.252117,0.008901,0.008307,0.234462,0.007544,0.006161,0.137932,0.017248,0.020353
0.302849,0.213287,0.023972,0.036378,0.059056,0.098848,0.026851,0.137178,0.026092,0.075490
0.080999,0.163056,0.051124,0.038315,0.071028,0.022839,0.228327,0.105057,0.176817,0.062438
0.045853,0.270375,0.003139,0.443064,0.015971,0.126196,0.022108,0.005288,0.018756,0.049250
0.187379,0.104155,0.056177,0.035132,0.093955,0.169678,0.126343,0.086293,0.081861,0.059027
0.056014,0.212130,0.004525,0.424236,0.002067,0.130308,0.107182,0.034573,0.023608,0.005357
0.124472,0.115628,0.037644,0.032935,0.053742,0.350209,0.101795,0.074263,0.079751,0.029560
0.223616,0.158530,0.017540,0.016454,0.194720,0.139609,0.011712,0.178770,0.015959,0.043089
0.000557,0.020768,0.002073,0.004600,0.035036,0.762993,0.071491,0.002351,0.090561,0.009571
0.175740,0.088614,0.069710,0.044727,0.086937,0.030478,0.157509,0.109556,0.076376,0.160352
0.084337,0.043512,0.037752,0.051476,0.093545,0.108244,0.212579,0.140062,0.062037,0.166456
0.165174,0.285625,0.104777,0.013460,0.018394,0.109243,0.049608,0.084583,0.134123,0.035012
0.163488,0.148789,0.005336,0.324322,0.118178,0.005042,0.070704,0.015681,0.116907,0.031553
0.035675,0.190045,0.002896,0.001281,0.073783,0.242329,0.000852,0.003989,0.249531,0.199619
0.070251,0.104391,0.051194,0.077714,0.115716,0.167568,0.164723,0.087190,0.110826,0.050428
0.025335,0.210230,0.045359,0.006535,0.090197,0.172132,0.087500,0.088714,0.178031,0.095967
0.198551,0.200373,0.025991,0.037484,0.059234,0.138663,0.103182,0.089064,0.098326,0.049132
0.034643,0.022706,0.201780,0.142234,0.073381,0.043034,0.021531,0.215709,0.019996,0.224984
0.037042,0.202818,0.093273,0.099191,0.040051,0.152505,0.115426,0.121541,0.087902,0.050251
0.003120,0.035166,0.513062,0.001970,0.062533,0.007522,0.020651,0.003217,0.181672,0.171087
0.015903,0.176250,0.133189,0.086041,0.021513,0.221966,0.070451,0.032448,0.178430,0.063810
0.046488,0.377469,0.009238,0.026341,0.017822,0.009157,0.005764,0.015291,0.340019,0.152409
0.194085,0.297983,0.039239,0.025891,0.042151,0.062792,0.092393,0.122878,0.091975,0.030614
0.036353,0.225207,0.107921,0.069713,0.295398,0.030264,0.017138,0.058862,0.028527,0.130617
0.223343,0.032936,0.060243,0.085633,0.121671,0.087437,0.130472,0.085977,0.042777,0.129511
0.203817,0.115470,0.058649,0.046516,0.111808,0.104576,0.149716,0.075479,0.058086,0.075884
0.164098,0.174345,0.023586,0.010632,0.202637,0.127075,0.096401,0.123300,0.034976,0.042950
0.001675,0.653848,0.004589,0.008055,0.078441,0.014660,0.002549,0.010418,0.197521,0.028244
0.085311,0.249484,0.007030,0.411556,0.080059,0.043482,0.060453,0.030482,0.024781,0.007362
0.072813,0.493517,0.011900,0.082880,0.017676,0.007583,0.006433,0.116977,0.146479,0.043742
0.151537,0.130974,0.038251,0.042362,0.090157,0.106305,0.023687,0.179820,0.149185,0.087723
0.062130,0.182576,0.067554,0.041842,0.192720,0.026320,0.155159,0.132030,0.078695,0.060974
0.058229,0.348262,0.004996,0.006752,0.057112,0.097257,0.002883,0.004437,0.206242,0.213829
0.222655,0.172552,0.019793,0.041732,0.037846,0.017562,0.209880,0.195769,0.050783,0.031428
0.078901,0.185974,0.065837,0.061030,0.092586,0.092706,0.067152,0.146109,0.112630,0.097074
0.215384,0.252476,0.007833,0.303577,0.011903,0.116890,0.032624,0.023965,0.027241,0.008108
0.012623,0.027404,0.039270,0.032506,0.173021,0.020204,0.150461,0.185348,0.194393,0.164769
0.100470,0.124417,0.033046,0.007032,0.262567,0.144126,0.154663,0.057010,0.076932,0.039737
0.359648,0.211125,0.012492,0.011757,0.201329,0.008768,0.008332,0.033645,0.022334,0.130571
0.158934,0.187699,0.013214,0.100241,0.018712,0.088511,0.007855,0.109011,0.127182,0.188640
0.171812,0.101288,0.044289,0.034404,0.284645,0.068347,0.131832,0.077567,0.038159,0.047657
0.100440,0.285697,0.013091,0.022914,0.270692,0.075377,0.006236,0.032933,0.024195,0.168424
0.011649,0.216962,0.101668,0.070229,0.244174,0.127066,0.008936,0.135295,0.048208,0.035813
0.087230,0.362599,0.015317,0.068112,0.062314,0.020049,0.119277,0.083955,0.084823,0.096323
0.273331,0.133776,0.044365,0.032435,0.229549,0.019653,0.024251,0.165093,0.021632,0.055915
0.176698,0.184602,0.022892,0.030238,0.118376,0.013194,0.152907,0.103870,0.159464,0.037759
0.066198,0.037325,0.029808,0.096402,0.251333,0.076844,0.235120,0.130765,0.029104,0.047101
0.295276,0.167863,0.039241,0.023144,0.132290,0.161338,0.029080,0.077223,0.033682,0.040862
0.003562,0.162443,0.003041,0.412901,0.007303,0.149895,0.188812,0.004833,0.038689,0.028519
0.009155,0.212836,0.003785,0.336879,0.023116,0.143233,0.003757,0.065309,0.018039,0.183892
0.047524,0.215720,0.072508,0.032981,0.289528,0.085958,0.010834,0.184941,0.022241,0.037765
0.299667,0.159592,0.011855,0.168220,0.094847,0.112723,0.007522,0.025612,0.108048,0.011913
0.021274,0.187042,0.011347,0.020872,0.022641,0.230814,0.188919,0.114641,0.023121,0.179329
0.019890,0.312996,0.143141,0.005350,0.197878,0.071753,0.052400,0.029874,0.087898,0.078820
0.280648,0.186332,0.074778,0.033889,0.046480,0.083345,0.019121,0.148763,0.051049,0.075594
0.045612,0.150487,0.033799,0.104573,0.109772,0.076020,0.225603,0.137629,0.050494,0.066009
0.044611,0.035785,0.086636,0.144360,0.206377,0.148857,0.016593,0.135623,0.103226,0.077932
0.040839,0.144606,0.049980,0.042735,0.052101,0.136417,0.220562,0.166015,0.078513,0.068232
0.202089,0.081944,0.046204,0.040915,0.153913,0.109279,0.085759,0.089578,0.120193,0.070126
0.101609,0.155297,0.237427,0.071850,0.143367,0.014782,0.074286,0.093465,0.070505,0.037413
0.042183,0.185074,0.057832,0.133421,0.157477,0.023655,0.018557,0.134363,0.026644,0.220793
0.015714,0.007837,0.001631,0.155405,0.000542,0.728934,0.032619,0.001715,0.054177,0.001425
0.053041,0.051028,0.097875,0.091797,0.060056,0.100670,0.206431,0.194319,0.059540,0.085242
0.285573,0.361000,0.005163,0.004476,0.103180,0.006431,0.005165,0.013364,0.208031,0.007618
0.225861,0.017067,0.092472,0.034371,0.176196,0.083621,0.175087,0.064815,0.054983,0.075527
0.137676,0.042062,0.037268,0.041579,0.043381,0.025605,0.274875,0.063985,0.263803,0.069764
0.013208,0.144556,0.019856,0.058290,0.090568,0.386878,0.139407,0.036249,0.071893,0.039096
0.106528,0.143324,0.013091,0.015845,0.103722,0.245911,0.002476,0.009580,0.343682,0.015841
0.054103,0.272929,0.001348,0.009460,0.002515,0.362791,0.027382,0.004981,0.255532,0.008960
0.236107,0.145836,0.045083,0.037194,0.151497,0.119911,0.016485,0.085700,0.116920,0.045268
0.143143,0.138540,0.012698,0.087678,0.040604,0.249637,0.110737,0.062241,0.126091,0.028631
0.212899,0.155470,0.067626,0.035010,0.150796,0.133616,0.014593,0.106172,0.063754,0.060064
0.133571,0.300127,0.009800,0.004185,0.050748,0.002597,0.249460,0.004384,0.232693,0.012436
0.123632,0.210045,0.089345,0.063479,0.191010,0.014069,0.100564,0.060058,0.115249,0.032551
0.064929,0.214596,0.022108,0.063923,0.243834,0.178280,0.006482,0.053584,0.098049,0.054215
0.207990,0.091653,0.253740,0.030323,0.139848,0.012263,0.083519,0.034788,0.110144,0.035730
0.043400,0.195798,0.059805,0.024617,0.061123,0.026679,0.249319,0.137384,0.045931,0.155945
0.025549,0.316074,0.016174,0.027645,0.029284,0.211192,0.224701,0.072503,0.037966,0.038911
0.169497,0.146472,0.068672,0.035548,0.160443,0.098984,0.111786,0.105354,0.022299,0.080946
0.213288,0.034351,0.026640,0.008177,0.131399,0.185912,0.011591,0.082340,0.160720,0.145581
0.090734,0.239477,0.046304,0.033358,0.058865,0.012484,0.019754,0.129525,0.172867,0.196633
0.169927,0.199589,0.031898,0.104967,0.096405,0.112995,0.139070,0.076103,0.031640,0.037406
0.018555,0.132400,0.003244,0.420603,0.042620,0.002051,0.024669,0.058370,0.112582,0.184905
0.007717,0.221337,0.025730,0.140582,0.335372,0.016596,0.004950,0.042731,0.178826,0.026159
0.081626,0.153121,0.274327,0.077159,0.085205,0.029477,0.021892,0.148343,0.048413,0.080437
0.224512,0.199742,0.080692,0.027098,0.181045,0.031172,0.009703,0.063236,0.133176,0.049623
0.000463,0.066828,0.001319,0.127540,0.000776,0.743215,0.000563,0.003876,0.053550,0.001870
0.088832,0.102087,0.113791,0.061600,0.068918,0.190168,0.105207,0.079042,0.157506,0.032849
0.025286,0.253743,0.017590,0.082343,0.045760,0.090541,0.176593,0.075139,0.207291,0.025714
0.024725,0.131120,0.031646,0.032793,0.324607,0.012237,0.189570,0.035069,0.103492,0.114740
0.169769,0.165111,0.011630,0.390939,0.012767,0.006690,0.004350,0.009378,0.220920,0.008446
0.036965,0.200044,0.003409,0.404833,0.021191,0.127848,0.022133,0.018946,0.158514,0.006117
0.276286,0.109680,0.076901,0.030650,0.171329,0.018040,0.148028,0.036495,0.106686,0.025905
0.016561,0.123922,0.002485,0.383007,0.009810,0.107905,0.167782,0.013250,0.002850,0.172429
0.125792,0.104457,0.235784,0.073484,0.060060,0.022481,0.125673,0.042629,0.109119,0.100522
0.132398,0.191176,0.035626,0.024127,0.042937,0.016507,0.138539,0.129921,0.153311,0.135457
0.012330,0.327754,0.018429,0.010463,0.042473,0.114134,0.006306,0.098187,0.335146,0.034779
0.042437,0.246951,0.029287,0.017895,0.077220,0.028934,0.192462,0.140391,0.175550,0.048872
0.003875,0.184252,0.002741,0.336304,0.101236,0.117806,0.120434,0.015368,0.111774,0.006210
0.005597,0.192937,0.007612,0.586883,0.012722,0.005157,0.004104,0.089547,0.082156,0.013285
0.274439,0.165375,0.043487,0.093489,0.090320,0.118436,0.012534,0.141983,0.025724,0.034213
0.078217,0.195299,0.030251,0.025933,0.119864,0.221548,0.016095,0.189905,0.045955,0.076933
0.026479,0.233517,0.001671,0.170992,0.006180,0.002601,0.026903,0.009326,0.273635,0.248694
0.054930,0.006661,0.003663,0.443043,0.002160,0.185288,0.254794,0.018777,0.020681,0.010002
0.116757,0.005543,0.419296,0.008319,0.148456,0.004289,0.037348,0.009442,0.244747,0.005802
0.356521,0.183378,0.112676,0.017962,0.086793,0.030856,0.016933,0.069106,0.100403,0.025373
0.084499,0.124618,0.182966,0.123153,0.045611,0.108201,0.205888,0.066394,0.028593,0.030078
0.061871,0.244584,0.053329,0.049439,0.194830,0.024428,0.019060,0.131043,0.144926,0.076488
0.082736,0.160313,0.115898,0.028436,0.067128,0.132262,0.018243,0.248457,0.079663,0.066863
0.036763,0.026202,0.044606,0.058656,0.079748,0.136634,0.188504,0.196905,0.191452,0.040530
0.265489,0.109101,0.207347,0.023511,0.135503,0.053542,0.118211,0.032491,0.017443,0.037363
0.013334,0.332299,0.037716,0.009033,0.050906,0.019452,0.163067,0.122047,0.147940,0.104206
0.180962,0.191982,0.031095,0.075451,0.137788,0.011915,0.114940,0.092764,0.123900,0.039203
0.043247,0.226780,0.017290,0.027025,0.190793,0.014225,0.015531,0.201641,0.237415,0.026054
0.196308,0.145536,0.058355,0.106141,0.049453,0.162110,0.027532,0.066162,0.116750,0.071652
0.061487,0.212797,0.003379,0.012658,0.017046,0.212066,0.003277,0.014442,0.412781,0.050067
0.020408,0.132708,0.018786,0.056946,0.207155,0.193567,0.102621,0.105103,0.071485,0.091221
0.250527,0.177782,0.022681,0.072532,0.072695,0.098767,0.016578,0.091797,0.155476,0.041166
0.148853,0.192657,0.045772,0.130953,0.087127,0.037685,0.029131,0.183075,0.065614,0.079132
0.026889,0.074032,0.003500,0.389901,0.034094,0.135099,0.119675,0.003844,0.073878,0.139088
0.259458,0.221107,0.029812,0.014320,0.120097,0.009016,0.163259,0.031394,0.013942,0.137594
0.286462,0.148008,0.013969,0.061939,0.037648,0.193740,0.019785,0.083468,0.126140,0.028841
0.107737,0.203584,0.178670,0.027752,0.051527,0.123513,0.197337,0.056679,0.020172,0.033029
0.093349,0.255551,0.158540,0.122765,0.036988,0.012766,0.006275,0.114189,0.027887,0.171690
0.149944,0.167746,0.016349,0.008957,0.238694,0.039843,0.108580,0.078731,0.095045,0.096112
0.006592,0.160658,0.005769,0.423548,0.100194,0.010711,0.244729,0.008787,0.030584,0.008428
0.038903,0.332772,0.037680,0.031724,0.037210,0.143176,0.020493,0.129065,0.171553,0.057423
0.190767,0.013102,0.017677,0.032889,0.272172,0.102192,0.105779,0.089287,0.127360,0.048776
0.007080,0.004759,0.003096,0.480129,0.091337,0.116462,0.085226,0.040480,0.020473,0.150958
0.013386,0.057678,0.007432,0.577854,0.003424,0.180348,0.031904,0.035365,0.006426,0.086183
0.034498,0.222139,0.002208,0.381851,0.001022,0.002445,0.169397,0.181094,0.002733,0.002612
0.001267,0.172407,0.006967,0.014069,0.025414,0.290239,0.071354,0.010167,0.401738,0.006379
0.096079,0.008184,0.004923,0.394382,0.171142,0.004369,0.266481,0.030611,0.009850,0.013979
0.163116,0.163082,0.014413,0.023583,0.203895,0.151965,0.053199,0.052751,0.144518,0.029477
0.183004,0.137005,0.043512,0.031383,0.131832,0.022459,0.170328,0.070488,0.115325,0.094664
0.001410,0.076903,0.003115,0.238117,0.118548,0.229038,0.003267,0.014656,0.308963,0.005982
0.205097,0.152250,0.269037,0.027943,0.027956,0.118238,0.014484,0.077183,0.051537,0.056275
0.034884,0.245292,0.004306,0.552669,0.016183,0.003054,0.044923,0.086490,0.003532,0.008666
0.092540,0.147218,0.145249,0.077217,0.047038,0.096293,0.176483,0.042418,0.140325,0.035219
0.055759,0.549731,0.020780,0.004303,0.051310,0.069348,0.094029,0.041100,0.085500,0.028141
0.239622,0.082897,0.053899,0.038859,0.102838,0.112009,0.138073,0.093357,0.071205,0.067241
0.007676,0.233127,0.007620,0.015882,0.147968,0.011777,0.129243,0.019164,0.409412,0.018131
0.300514,0.167957,0.041462,0.054083,0.115855,0.021283,0.088152,0.122189,0.035399,0.053105
0.003632,0.189454,0.432387,0.002788,0.025514,0.008891,0.001761,0.002987,0.149805,0.182782
0.027987,0.104233,0.215667,0.027832,0.271411,0.065798,0.089965,0.085487,0.085960,0.025659
0.006519,0.206947,0.008468,0.522620,0.120838,0.007620,0.004067,0.093519,0.006791,0.022611
0.003879,0.294800,0.005265,0.432420,0.007962,0.167052,0.020347,0.020629,0.043940,0.003704
0.272707,0.176564,0.045445,0.032146,0.028341,0.010494,0.186083,0.074781,0.136403,0.037037
0.217179,0.021478,0.036294,0.024979,0.363455,0.106902,0.010311,0.080591,0.096687,0.042123
0.027744,0.197548,0.034466,0.076715,0.025014,0.194486,0.154038,0.133719,0.108721,0.047549
0.084559,0.153923,0.036382,0.166354,0.044549,0.028964,0.251320,0.134343,0.031650,0.067957
0.145191,0.442292,0.010765,0.012461,0.064581,0.002836,0.002374,0.006759,0.301805,0.010936
0.123331,0.189931,0.040471,0.080092,0.099166,0.016098,0.165511,0.149622,0.098143,0.037634
0.040743,0.309894,0.005203,0.007137,0.007520,0.009242,0.297149,0.006551,0.312740,0.003821
0.392106,0.166121,0.013284,0.089857,0.052686,0.023355,0.082421,0.057638,0.096167,0.026366
0.087398,0.132056,0.057936,0.043675,0.175253,0.028504,0.228398,0.143262,0.030418,0.073101
0.071632,0.048294,0.022888,0.235116,0.049996,0.193867,0.180858,0.133380,0.045032,0.018937
0.033869,0.238850,0.143721,0.031902,0.049141,0.195372,0.013747,0.075320,0.171974,0.046106
0.005451,0.533014,0.008078,0.012958,0.014040,0.019915,0.008515,0.141189,0.237456,0.019382
0.264978,0.266106,0.074166,0.043512,0.063937,0.021515,0.018363,0.059556,0.131945,0.055920
0.000746,0.128901,0.001557,0.003389,0.035255,0.711318,0.001760,0.003807,0.081158,0.032109
0.036701,0.131626,0.121632,0.010206,0.100366,0.165004,0.208166,0.127540,0.039139,0.059621
0.033835,0.019954,0.359451,0.009724,0.062479,0.161194,0.012763,0.044013,0.109388,0.187198
0.121138,0.085330,0.154860,0.093696,0.112015,0.034887,0.098108,0.100253,0.049681,0.150032
0.041028,0.140628,0.004017,0.431561,0.013022,0.034486,0.084744,0.024618,0.004299,0.221595
0.313524,0.026436,0.103611,0.038413,0.033828,0.082769,0.127149,0.112868,0.120806,0.040597
0.044459,0.109162,0.074681,0.025347,0.137945,0.167497,0.090639,0.111039,0.063423,0.175808
0.164673,0.161023,0.270671,0.027228,0.112847,0.068611,0.087991,0.049172,0.027133,0.030653
0.060678,0.170509,0.005689,0.008817,0.065838,0.171957,0.230159,0.007337,0.267614,0.011401
0.078302,0.334837,0.082140,0.003026,0.024721,0.005653,0.187267,0.005335,0.255229,0.023490
0.082123,0.370433,0.006709,0.009108,0.082650,0.031389,0.194840,0.008375,0.202844,0.011529
0.046831,0.178019,0.034652,0.075857,0.161940,0.207014,0.036380,0.105496,0.096910,0.056901
0.013391,0.169278,0.051811,0.027498,0.247943,0.037261,0.239876,0.112930,0.055280,0.044732
0.086559,0.085476,0.038848,0.071802,0.252875,0.188010,0.014209,0.069670,0.085591,0.106961
0.027674,0.184524,0.132594,0.017184,0.186099,0.015391,0.264283,0.112483,0.017786,0.041981
0.007619,0.166144,0.008813,0.028602,0.175946,0.006006,0.172656,0.010931,0.403051,0.020232
0.046913,0.173222,0.003696,0.408559,0.054231,0.004207,0.003127,0.070421,0.003757,0.231867
0.282299,0.111279,0.036164,0.019392,0.032922,0.102345,0.089354,0.088250,0.181563,0.056433
0.009769,0.063732,0.004391,0.617419,0.004564,0.123740,0.006426,0.050092,0.107859,0.012009
0.291644,0.026289,0.022033,0.021426,0.032061,0.115313,0.015334,0.100782,0.150097,0.225020
0.197952,0.192100,0.277981,0.014413,0.117391,0.097060,0.016082,0.035308,0.014730,0.036983
0.022775,0.097321,0.007035,0.456941,0.051637,0.192692,0.013803,0.007426,0.140825,0.009545
0.253252,0.036152,0.024431,0.085083,0.060313,0.156791,0.108085,0.133206,0.083527,0.059160
0.033175,0.006184,0.002387,0.004147,0.172523,0.474872,0.040357,0.012289,0.247278,0.006786
0.015713,0.080243,0.003048,0.494174,0.002443,0.155413,0.184132,0.055539,0.004931,0.004364
0.027433,0.189041,0.038727,0.018178,0.163716,0.011040,0.144521,0.206718,0.017100,0.183525
0.161791,0.145193,0.048930,0.055376,0.060067,0.070186,0.122399,0.152251,0.127654,0.056153
0.080083,0.299685,0.020774,0.020041,0.175128,0.169279,0.038885,0.036566,0.026206,0.133353
0.046334,0.127779,0.572015,0.006104,0.007923,0.017930,0.001507,0.004356,0.158305,0.057748
0.047791,0.171604,0.016449,0.057590,0.294650,0.016767,0.126962,0.091865,0.125367,0.050955
0.048542,0.234042,0.003382,0.389589,0.020386,0.268521,0.002143,0.010148,0.014523,0.008724
0.004024,0.354155,0.006421,0.006636,0.106301,0.193914,0.038433,0.006565,0.278756,0.004795
0.082610,0.162737,0.014112,0.030268,0.126973,0.162137,0.117707,0.037758,0.141643,0.124056
0.045546,0.009640,0.005605,0.402537,0.030118,0.180061,0.002627,0.027104,0.023525,0.273236
0.003310,0.305667,0.001461,0.008802,0.022999,0.003926,0.207673,0.003628,0.217035,0.225499
0.264322,0.164281,0.042142,0.049015,0.073742,0.175856,0.017680,0.071714,0.089847,0.051402
0.040769,0.040207,0.314670,0.042305,0.147490,0.155536,0.021066,0.118233,0.045678,0.074047
0.030589,0.262005,0.048071,0.008811,0.158658,0.155818,0.129756,0.096673,0.067798,0.041821
0.013623,0.161725,0.309847,0.091487,0.111186,0.011387,0.141845,0.089377,0.034436,0.035087
0.110741,0.222515,0.008550,0.015285,0.146492,0.055195,0.003712,0.013754,0.414148,0.009608
0.027102,0.128020,0.156202,0.073725,0.125721,0.084389,0.068393,0.181028,0.045325,0.110095
0.036571,0.134170,0.009310,0.515308,0.019896,0.038648,0.024290,0.025471,0.191623,0.004714
0.034647,0.303293,0.007265,0.011420,0.053435,0.219004,0.046570,0.010124,0.300156,0.014087
0.302074,0.164762,0.110743,0.070523,0.033544,0.012782,0.016789,0.082346,0.093795,0.112644
0.000845,0.002888,0.412140,0.006053,0.003142,0.003716,0.250380,0.005139,0.236049,0.079649
0.080156,0.167632,0.184345,0.204746,0.041847,0.007786,0.130234,0.109858,0.061836,0.011559
0.045907,0.081322,0.107895,0.005660,0.044865,0.561669,0.021663,0.004727,0.118087,0.008204
0.289706,0.223215,0.034987,0.026783,0.146179,0.011393,0.109576,0.107918,0.016901,0.033343
0.031468,0.010933,0.376890,0.033070,0.168008,0.060919,0.129747,0.109407,0.020720,0.058838
0.000452,0.104104,0.001882,0.055472,0.002133,0.610548,0.025107,0.003088,0.117694,0.079518
0.022557,0.273663,0.013202,0.119737,0.021197,0.007430,0.313983,0.055228,0.141731,0.031273
0.033335,0.294708,0.107976,0.075370,0.187082,0.025311,0.024188,0.098502,0.035270,0.118257
0.219211,0.135567,0.051763,0.038756,0.102223,0.099125,0.088077,0.085384,0.058760,0.121134
0.178752,0.172098,0.034053,0.006354,0.125739,0.182166,0.014209,0.115487,0.128298,0.042844
0.206155,0.108946,0.027925,0.057071,0.095331,0.128566,0.172750,0.098551,0.045814,0.058890
0.020512,0.304486,0.013958,0.023293,0.116133,0.124637,0.216470,0.050658,0.023537,0.106316
0.052567,0.030039,0.051873,0.101978,0.050539,0.186906,0.018168,0.106664,0.166955,0.234310
0.034761,0.031835,0.024943,0.022053,0.603056,0.088142,0.016464,0.071880,0.039919,0.066946
0.032418,0.191205,0.024828,0.035992,0.026633,0.132670,0.161940,0.120254,0.125631,0.148429
0.184588,0.244168,0.008650,0.173490,0.088978,0.004484,0.034420,0.009273,0.238528,0.013420
0.025752,0.156462,0.072117,0.157078,0.094987,0.036090,0.158450,0.177351,0.057749,0.063964
0.056528,0.347626,0.044433,0.077481,0.080444,0.035939,0.027374,0.184282,0.064756,0.081137
0.175633,0.155229,0.114432,0.032308,0.122410,0.149047,0.111500,0.048515,0.043871,0.047054
0.327285,0.205158,0.014702,0.066481,0.047306,0.100482,0.006658,0.058185,0.026323,0.147420
0.102041,0.059912,0.012937,0.063839,0.251528,0.081009,0.163084,0.069183,0.092719,0.103748
0.022079,0.037455,0.093499,0.052215,0.206708,0.029912,0.238466,0.127808,0.106925,0.084932
0.082094,0.176098,0.008143,0.506120,0.011860,0.161375,0.003454,0.025229,0.006123,0.019504
0.254393,0.182223,0.042281,0.030117,0.124293,0.096413,0.021803,0.149549,0.020201,0.078727
0.305365,0.120780,0.019570,0.034678,0.141897,0.012114,0.076482,0.117450,0.124919,0.046744
0.205303,0.057864,0.043204,0.110938,0.095939,0.040456,0.128207,0.154693,0.063104,0.100292
0.035205,0.304030,0.037973,0.029273,0.170204,0.155950,0.125252,0.079614,0.019643,0.042858
0.202252,0.117271,0.048968,0.026540,0.198806,0.154654,0.027848,0.106263,0.046188,0.071210
0.347764,0.144264,0.036573,0.024908,0.043597,0.032741,0.140325,0.146523,0.047852,0.035453
0.163271,0.224411,0.019653,0.082124,0.150325,0.077635,0.100021,0.090223,0.066959,0.025377
0.260614,0.018744,0.034478,0.023048,0.120658,0.020363,0.006898,0.157457,0.195410,0.162331
0.038357,0.071411,0.154083,0.087490,0.153797,0.041752,0.128471,0.151066,0.043829,0.129744
0.041895,0.164395,0.144100,0.129358,0.214927,0.028044,0.015993,0.109923,0.088596,0.062770
0.162995,0.056808,0.059775,0.086134,0.109114,0.174041,0.039832,0.136652,0.106048,0.068601
0.186625,0.368083,0.082016,0.059517,0.046084,0.020867,0.019374,0.055769,0.074553,0.087110
0.277238,0.180618,0.037555,0.069699,0.039311,0.094372,0.094172,0.127349,0.035475,0.044212
0.040164,0.164599,0.005804,0.489170,0.008309,0.183385,0.001982,0.019798,0.048223,0.038565
0.013841,0.206802,0.037356,0.029351,0.204634,0.018798,0.183194,0.132310,0.142291,0.031423
0.245883,0.146738,0.047885,0.065941,0.035682,0.122690,0.103986,0.110966,0.080381,0.039847
0.157650,0.168994,0.023480,0.083658,0.135157,0.050270,0.147259,0.086873,0.085823,0.060836
0.064193,0.110764,0.057691,0.012815,0.510476,0.054852,0.015526,0.090257,0.032633,0.050793
0.197842,0.156137,0.019780,0.025258,0.365059,0.035654,0.009641,0.062821,0.091436,0.036372
0.247340,0.035405,0.069678,0.038070,0.098557,0.124644,0.181322,0.099543,0.046181,0.059260
0.310380,0.176336,0.013127,0.066352,0.023597,0.057156,0.007592,0.100696,0.127005,0.117760
0.111634,0.205265,0.005941,0.252628,0.056824,0.234654,0.006083,0.016692,0.009743,0.100537
0.156481,0.196993,0.023716,0.047409,0.177688,0.104983,0.017057,0.110567,0.131302,0.033806
0.259606,0.155630,0.032167,0.018208,0.139058,0.013402,0.204095,0.084359,0.048950,0.044523
0.164644,0.181257,0.108936,0.024361,0.148927,0.110802,0.008568,0.143082,0.081621,0.027802
0.225618,0.117124,0.025691,0.084532,0.173534,0.023218,0.025279,0.175888,0.058715,0.090399
0.000813,0.063147,0.003652,0.421447,0.037261,0.001572,0.166332,0.029937,0.086905,0.188935
0.290419,0.165240,0.029688,0.038616,0.202660,0.019621,0.007868,0.093177,0.075121,0.077591
0.161520,0.033340,0.021550,0.023827,0.423268,0.096336,0.096917,0.073847,0.031185,0.038211
0.272416,0.193306,0.065291,0.006859,0.020453,0.152412,0.123348,0.050586,0.028306,0.087024
0.015823,0.081310,0.003556,0.478952,0.004896,0.002166,0.073457,0.005349,0.117540,0.216951
0.021265,0.004456,0.060314,0.159197,0.036524,0.028646,0.172274,0.005955,0.299301,0.212068
0.093274,0.285720,0.002301,0.007193,0.050822,0.191961,0.003027,0.007791,0.287240,0.070670
0.003679,0.089610,0.004186,0.382226,0.007357,0.185312,0.147517,0.058036,0.114831,0.007246
0.031284,0.200955,0.165923,0.039945,0.184555,0.036409,0.015002,0.080813,0.194011,0.051103
0.010563,0.227751,0.002809,0.392461,0.052377,0.003880,0.023113,0.047187,0.007564,0.232294
0.350486,0.252449,0.102954,0.013597,0.030048,0.012228,0.010395,0.072968,0.025398,0.129478
0.320250,0.186974,0.029776,0.006407,0.041891,0.098051,0.175963,0.058692,0.045232,0.036765
0.024837,0.135725,0.003926,0.375992,0.006074,0.003358,0.161264,0.007542,0.114002,0.167280
0.131502,0.031874,0.087009,0.087393,0.368827,0.023498,0.018632,0.118813,0.070634,0.061818
0.146318,0.220945,0.029386,0.048430,0.153788,0.122753,0.022278,0.100264,0.103674,0.052164
0.012180,0.209551,0.003920,0.391217,0.005858,0.109900,0.057831,0.104223,0.098687,0.006634
0.208590,0.249586,0.101530,0.033482,0.126817,0.019672,0.019367,0.064966,0.123588,0.052401
0.036294,0.170659,0.184793,0.019039,0.033104,0.227597,0.009790,0.120776,0.144490,0.053457
0.008100,0.286755,0.173109,0.012598,0.100618,0.008166,0.012664,0.199165,0.025005,0.173820
0.012532,0.182332,0.332109,0.107215,0.056938,0.011263,0.073692,0.081715,0.116241,0.025963
0.258317,0.012763,0.036118,0.064793,0.164115,0.166060,0.075486,0.062614,0.034699,0.125034
0.000895,0.395213,0.009277,0.002273,0.003488,0.031645,0.095484,0.005640,0.332266,0.123819
0.085835,0.210359,0.101588,0.022351,0.037862,0.203250,0.123958,0.071226,0.027522,0.116050
0.004882,0.102416,0.562783,0.005018,0.019415,0.003243,0.041045,0.008382,0.238891,0.013926
0.207925,0.174558,0.044005,0.034204,0.057585,0.021834,0.118014,0.068107,0.138973,0.134797
0.013765,0.171399,0.119597,0.072338,0.072371,0.193793,0.105565,0.068256,0.152265,0.030650
0.029767,0.256294,0.021023,0.088166,0.173095,0.186454,0.010245,0.078296,0.112240,0.044419
0.070048,0.537448,0.007854,0.006643,0.100677,0.004501,0.032137,0.004777,0.232016,0.003900
0.160705,0.105107,0.038028,0.116669,0.056976,0.251584,0.160837,0.035160,0.045145,0.029787
0.141588,0.182084,0.002920,0.373854,0.005186,0.110069,0.015431,0.004333,0.023055,0.141480
0.155882,0.153291,0.235752,0.024828,0.137210,0.016708,0.018546,0.108166,0.115022,0.034594
0.008092,0.237606,0.005412,0.030468,0.022308,0.011062,0.197936,0.021914,0.451881,0.013319
0.230041,0.175232,0.044840,0.028208,0.027629,0.016976,0.009011,0.170644,0.146568,0.150850
0.153937,0.087601,0.268127,0.040116,0.107241,0.025685,0.116064,0.093217,0.042886,0.065126
0.063125,0.007564,0.017479,0.021835,0.031391,0.007829,0.456630,0.013326,0.364298,0.016523
0.005815,0.195004,0.004122,0.377847,0.026294,0.128211,0.223472,0.013617,0.018701,0.006917
0.028119,0.240271,0.028146,0.027455,0.266231,0.011432,0.237462,0.119985,0.012775,0.028124
0.043982,0.028226,0.050274,0.021928,0.191552,0.014639,0.303213,0.130068,0.088833,0.127285
0.064845,0.399462,0.011539,0.015906,0.039447,0.009161,0.068872,0.019067,0.358693,0.013007
0.037847,0.176636,0.157452,0.038609,0.080476,0.021229,0.110980,0.125792,0.190625,0.060353
0.054922,0.233581,0.002113,0.006113,0.008026,0.289018,0.001782,0.004701,0.179934,0.219810
0.018142,0.208102,0.050312,0.104431,0.110420,0.104079,0.093265,0.124440,0.043845,0.142964
0.029944,0.214454,0.201761,0.202826,0.031125,0.018787,0.029323,0.191686,0.033480,0.046614
0.204857,0.166193,0.117255,0.009809,0.087826,0.040046,0.141892,0.045922,0.144507,0.041693
0.000617,0.231973,0.002281,0.479072,0.007167,0.001531,0.183474,0.050381,0.027870,0.015634
0.166862,0.194650,0.019692,0.030064,0.155942,0.114616,0.171699,0.085669,0.032313,0.028493
0.000763,0.023966,0.003034,0.465051,0.006150,0.002280,0.200451,0.008244,0.009948,0.280113
