0.072151,0.028712,0.012883,0.101422,0.017702,0.245622,0.253942,0.202459,0.016536,0.048570
0.071605,0.156778,0.054187,0.063843,0.106190,0.177315,0.087051,0.030917,0.108916,0.143198
0.026285,0.073167,0.031922,0.036072,0.015256,0.281539,0.294757,0.106984,0.057099,0.076919
0.074441,0.065851,0.043241,0.078842,0.022050,0.231674,0.234160,0.143273,0.021825,0.084642
0.049891,0.233854,0.063478,0.079118,0.218350,0.085477,0.103016,0.062541,0.041433,0.062842
0.083737,0.039781,0.062474,0.050856,0.184247,0.031567,0.210890,0.094569,0.198878,0.043002
0.029630,0.050742,0.111693,0.085875,0.018359,0.249395,0.259569,0.024218,0.033085,0.137433
0.142105,0.088154,0.038018,0.056950,0.112284,0.061742,0.117489,0.083867,0.063824,0.235566
0.107994,0.037160,0.083613,0.080227,0.015905,0.210614,0.214995,0.181261,0.016172,0.052059
0.024026,0.046125,0.007408,0.015019,0.016617,0.306820,0.320066,0.140106,0.031028,0.092786
0.038326,0.040559,0.117016,0.050270,0.160740,0.203140,0.085815,0.036659,0.045018,0.222457
0.083176,0.030590,0.039966,0.036089,0.101524,0.483791,0.063176,0.073686,0.062894,0.025109
0.073251,0.054007,0.011141,0.100315,0.022941,0.287144,0.296828,0.025241,0.022508,0.106624
0.039974,0.034888,0.082397,0.054603,0.152601,0.165827,0.130111,0.046654,0.100761,0.192185
0.048439,0.200806,0.053722,0.181333,0.089680,0.049620,0.099052,0.036862,0.102073,0.138413
0.046236,0.085192,0.057124,0.053080,0.158416,0.176311,0.112020,0.222043,0.046790,0.042788
0.085015,0.040642,0.096462,0.065417,0.071321,0.281412,0.158198,0.059666,0.051473,0.090395
0.034828,0.019633,0.046296,0.084571,0.022225,0.263498,0.271447,0.118692,0.071315,0.067495
0.089237,0.052144,0.144331,0.052119,0.169475,0.136359,0.083943,0.036359,0.093142,0.142890
0.168724,0.044269,0.058777,0.064490,0.174726,0.082218,0.060405,0.056555,0.123588,0.166248
0.099026,0.042737,0.073288,0.082516,0.226950,0.088813,0.185794,0.062644,0.081544,0.056689
0.025741,0.073877,0.005676,0.064008,0.016109,0.240590,0.249688,0.198221,0.062014,0.064076
0.048702,0.097661,0.170433,0.042831,0.130982,0.204371,0.162533,0.033023,0.064473,0.044990
0.019578,0.075164,0.039842,0.046347,0.019796,0.233373,0.239389,0.104143,0.077000,0.145368
0.054770,0.080721,0.008161,0.049591,0.020341,0.264379,0.273982,0.118801,0.019126,0.110128
0.085672,0.033131,0.070619,0.033915,0.028046,0.068347,0.135688,0.470036,0.042620,0.031926
0.017745,0.020028,0.088575,0.024123,0.016698,0.303727,0.315710,0.113145,0.029545,0.070706
0.085736,0.039951,0.159600,0.050140,0.039684,0.078532,0.107422,0.188189,0.070507,0.180239
0.023263,0.079839,0.011442,0.041133,0.014823,0.288343,0.299179,0.143262,0.014783,0.083934
0.101866,0.102181,0.047031,0.085887,0.037951,0.077303,0.283081,0.066358,0.050976,0.147365
0.127419,0.024831,0.014288,0.078951,0.021562,0.275845,0.281581,0.042792,0.027072,0.105659
0.086246,0.072345,0.100173,0.066045,0.038318,0.087105,0.178731,0.221280,0.045099,0.104658
0.087295,0.154306,0.039997,0.068182,0.158074,0.084981,0.115785,0.126822,0.058173,0.106384
0.195756,0.037507,0.065532,0.045021,0.221240,0.067605,0.103441,0.062505,0.142367,0.059025
0.036849,0.052414,0.009311,0.095642,0.022769,0.267570,0.276253,0.129179,0.021223,0.088790
0.127201,0.013584,0.055516,0.059483,0.017477,0.273323,0.279607,0.038675,0.065856,0.069277
0.073094,0.112517,0.118125,0.054592,0.254495,0.124924,0.078858,0.064885,0.059497,0.059013
0.076051,0.136745,0.064271,0.024150,0.023214,0.237695,0.240328,0.030438,0.026114,0.140994
0.229286,0.038734,0.043982,0.058939,0.238322,0.071016,0.120627,0.067654,0.084140,0.047299
0.107337,0.116679,0.133381,0.051048,0.104034,0.034600,0.079252,0.069496,0.056382,0.247793
0.021683,0.058699,0.040657,0.096724,0.018968,0.316196,0.326099,0.021433,0.039999,0.059542
0.008382,0.044758,0.012912,0.044869,0.016278,0.316915,0.315576,0.159533,0.036298,0.044479
0.091027,0.116491,0.073427,0.076133,0.177220,0.075138,0.151232,0.105572,0.076147,0.057611
0.069152,0.093402,0.180277,0.049730,0.113187,0.085590,0.186684,0.037638,0.059627,0.124712
0.129422,0.113919,0.094886,0.043190,0.021769,0.209096,0.207471,0.034783,0.091706,0.053758
0.044196,0.175191,0.061750,0.047144,0.129817,0.105659,0.069130,0.058662,0.049898,0.258553
0.113506,0.025189,0.091991,0.015970,0.021050,0.249335,0.259078,0.020351,0.064460,0.139070
0.086574,0.088082,0.073946,0.128739,0.210408,0.098312,0.084203,0.068640,0.061561,0.099537
0.045732,0.091209,0.091342,0.060506,0.159514,0.177501,0.124366,0.056911,0.104120,0.088799
0.128865,0.079627,0.123615,0.058040,0.155688,0.031078,0.115601,0.202559,0.036680,0.068247
0.094056,0.220729,0.073417,0.071065,0.110510,0.087066,0.154372,0.042437,0.058327,0.088022
0.101807,0.059954,0.164179,0.081969,0.206088,0.101413,0.091961,0.074388,0.052089,0.066152
0.133593,0.031542,0.034683,0.058327,0.092047,0.053707,0.071574,0.231609,0.031768,0.261150
0.033532,0.021990,0.076940,0.065523,0.024900,0.244072,0.247349,0.138122,0.028739,0.118832
0.060291,0.137163,0.085557,0.057125,0.104764,0.095780,0.182165,0.068948,0.101677,0.106529
0.076180,0.113209,0.060952,0.063546,0.131828,0.100620,0.084852,0.051729,0.260495,0.056588
0.075657,0.166979,0.037621,0.060291,0.135809,0.063156,0.064910,0.055891,0.067783,0.271903
0.060883,0.038352,0.069999,0.071182,0.097033,0.076840,0.155787,0.194649,0.053612,0.181663
0.006540,0.071472,0.017757,0.062121,0.015615,0.279721,0.292745,0.114468,0.056037,0.083523
0.088956,0.102850,0.046022,0.076745,0.142034,0.080907,0.112157,0.061005,0.080614,0.208710
0.030178,0.073261,0.046831,0.042856,0.018596,0.296258,0.301676,0.021616,0.067378,0.101350
0.005138,0.015796,0.094454,0.074281,0.018480,0.236282,0.242945,0.201834,0.060090,0.050701
0.046626,0.074500,0.105901,0.103648,0.022415,0.222750,0.223330,0.116771,0.024984,0.059074
0.140736,0.054460,0.056803,0.089195,0.158131,0.111415,0.118307,0.093284,0.112237,0.065432
0.022808,0.042701,0.105455,0.058604,0.016326,0.309990,0.320600,0.017531,0.019304,0.086682
0.096694,0.089126,0.172513,0.066968,0.110161,0.087820,0.159752,0.071332,0.064058,0.081577
0.058022,0.109962,0.107741,0.070733,0.193293,0.098182,0.142322,0.054599,0.071872,0.093273
0.049340,0.094381,0.061407,0.107396,0.039098,0.078717,0.146937,0.085773,0.109407,0.227543
0.050549,0.032125,0.041543,0.052761,0.182993,0.043126,0.038181,0.200246,0.030133,0.328342
0.083491,0.096403,0.068612,0.061169,0.147315,0.110024,0.075329,0.204627,0.066420,0.086610
0.044137,0.046846,0.066547,0.054281,0.091334,0.364149,0.060935,0.064567,0.055413,0.151791
0.090280,0.088585,0.073823,0.073458,0.221858,0.081186,0.182539,0.039149,0.048966,0.100156
0.045212,0.042071,0.108818,0.148290,0.179350,0.033814,0.194573,0.141140,0.052902,0.053829
0.038177,0.040152,0.066940,0.053280,0.296181,0.124674,0.050939,0.193017,0.038967,0.097673
0.114320,0.098869,0.114842,0.070044,0.017354,0.191764,0.191158,0.114727,0.021938,0.064985
0.070648,0.148853,0.062908,0.104747,0.019749,0.229292,0.230091,0.027904,0.025043,0.080766
0.080774,0.113440,0.121981,0.050328,0.147783,0.083445,0.079573,0.034326,0.053518,0.234832
0.061208,0.024067,0.110553,0.108060,0.023420,0.251659,0.259603,0.034041,0.028918,0.098470
0.030602,0.087296,0.038970,0.120527,0.017263,0.297976,0.304933,0.020803,0.028535,0.053096
0.054644,0.049486,0.057202,0.069447,0.035938,0.179300,0.142619,0.270532,0.062717,0.078115
0.165096,0.126417,0.040480,0.045552,0.200241,0.054686,0.086487,0.058009,0.127446,0.095587
0.047472,0.108374,0.084530,0.061186,0.121910,0.077188,0.055050,0.149320,0.041444,0.253526
0.039469,0.084957,0.101318,0.056837,0.118980,0.029749,0.089305,0.105000,0.044891,0.329494
0.021829,0.016922,0.043610,0.133333,0.019806,0.295224,0.300282,0.028867,0.028323,0.111804
0.063271,0.035833,0.058471,0.056812,0.134152,0.184660,0.115131,0.056028,0.049032,0.246611
0.043367,0.094813,0.169399,0.054604,0.089882,0.064362,0.096533,0.051670,0.039097,0.296274
0.067471,0.064537,0.085581,0.076843,0.101297,0.128029,0.179798,0.081589,0.059770,0.155085
0.151979,0.050073,0.060189,0.078556,0.249302,0.039816,0.113462,0.132857,0.067044,0.056721
0.081607,0.096372,0.062739,0.065764,0.183841,0.097461,0.095889,0.094361,0.067651,0.154315
0.054097,0.165631,0.196833,0.053021,0.165969,0.123727,0.078828,0.041558,0.057799,0.062538
0.038943,0.032716,0.035626,0.055940,0.183835,0.099083,0.153399,0.051145,0.045179,0.304133
0.069346,0.090589,0.058073,0.043251,0.174961,0.042417,0.153954,0.054815,0.036032,0.276562
0.101524,0.116002,0.198067,0.058837,0.084117,0.124115,0.112998,0.064608,0.083483,0.056250
0.036897,0.034868,0.007155,0.070492,0.017354,0.293208,0.304415,0.136066,0.027785,0.071760
0.077044,0.037552,0.087756,0.073303,0.065356,0.040035,0.096338,0.056741,0.142356,0.323519
0.004862,0.017459,0.135565,0.109593,0.019167,0.248087,0.256422,0.115057,0.019836,0.073953
0.041051,0.131480,0.052105,0.040060,0.193364,0.038502,0.059939,0.028444,0.123901,0.291154
0.037562,0.079441,0.103767,0.072879,0.021909,0.207293,0.206559,0.191953,0.024162,0.054474
0.074585,0.037208,0.038569,0.076043,0.139615,0.069527,0.134614,0.059531,0.051956,0.318350
0.133446,0.138261,0.055816,0.056894,0.037034,0.062714,0.062378,0.195716,0.098493,0.159249
0.086285,0.115650,0.046405,0.063460,0.153208,0.286629,0.066400,0.067646,0.057036,0.057282
0.061958,0.033006,0.016658,0.046460,0.020020,0.348699,0.354359,0.026935,0.037286,0.054619
0.080758,0.104833,0.138301,0.079043,0.138844,0.089158,0.103234,0.175489,0.042629,0.047710
0.083232,0.048565,0.038650,0.141780,0.231215,0.075146,0.199458,0.064303,0.055407,0.062244
0.092144,0.098872,0.077775,0.064616,0.238151,0.086926,0.126055,0.062462,0.059373,0.093625
0.064645,0.027991,0.075325,0.022418,0.027882,0.258762,0.266394,0.122264,0.032990,0.101330
0.047081,0.081049,0.106698,0.066205,0.018396,0.270419,0.282701,0.022856,0.017936,0.086659
0.053463,0.039318,0.208624,0.138671,0.105675,0.049889,0.174724,0.065608,0.043549,0.120478
0.005519,0.084621,0.144888,0.022291,0.021195,0.242156,0.251137,0.126905,0.023260,0.078029
0.058802,0.045121,0.041514,0.102257,0.194359,0.053737,0.145547,0.048720,0.248090,0.061853
0.044185,0.078607,0.096090,0.043583,0.019120,0.262631,0.273426,0.106383,0.023378,0.052597
0.078179,0.154498,0.064048,0.057041,0.073275,0.086517,0.150207,0.224047,0.054028,0.058160
0.006874,0.076249,0.141486,0.099803,0.019918,0.273732,0.281298,0.024627,0.019145,0.056868
0.185106,0.090678,0.119901,0.076102,0.119189,0.106261,0.065196,0.070611,0.065277,0.101680
0.059675,0.141546,0.042166,0.118082,0.132781,0.114330,0.103472,0.096656,0.082259,0.109033
0.008180,0.037484,0.126497,0.018175,0.019655,0.307142,0.317532,0.025987,0.082393,0.056956
0.083661,0.191388,0.045825,0.072694,0.042699,0.052789,0.162730,0.235257,0.061354,0.051604
0.086772,0.089796,0.053493,0.070826,0.181813,0.030668,0.083381,0.313656,0.046117,0.043478
0.086650,0.135838,0.038676,0.076828,0.115409,0.200780,0.065389,0.051882,0.035281,0.193267
0.094780,0.145593,0.213769,0.066699,0.170725,0.053285,0.085267,0.037280,0.080377,0.052225
0.054263,0.094516,0.110199,0.065597,0.246741,0.101441,0.119908,0.054364,0.051358,0.101613
0.058756,0.121978,0.118271,0.062323,0.103511,0.074912,0.117944,0.111105,0.059495,0.171703
0.050441,0.046333,0.068047,0.031182,0.049147,0.023717,0.559833,0.044854,0.095467,0.030978
0.081877,0.101150,0.161256,0.081049,0.094635,0.077548,0.058984,0.245773,0.053325,0.044404
0.021123,0.019439,0.014619,0.095728,0.019951,0.269277,0.277553,0.132583,0.069902,0.079826
0.065312,0.030465,0.111841,0.060540,0.021238,0.297301,0.307517,0.026812,0.019969,0.059004
0.069908,0.077053,0.058053,0.117663,0.173877,0.081354,0.122194,0.178148,0.047442,0.074307
0.055558,0.109072,0.087636,0.085774,0.019697,0.233576,0.233594,0.058165,0.039259,0.077668
0.044560,0.035395,0.032868,0.051294,0.107338,0.421266,0.065806,0.147863,0.028283,0.065327
0.066000,0.028214,0.018995,0.101966,0.025470,0.271325,0.275624,0.035043,0.024138,0.153224
0.028344,0.067962,0.103439,0.058522,0.019365,0.254158,0.260715,0.097879,0.024199,0.085417
0.131354,0.131806,0.087951,0.059556,0.107064,0.077320,0.087456,0.074515,0.060607,0.182371
0.066745,0.133410,0.095478,0.057416,0.124681,0.032957,0.136415,0.152425,0.050149,0.150324
0.038806,0.239473,0.054621,0.076370,0.127548,0.030277,0.102393,0.246843,0.035762,0.047906
0.051133,0.043402,0.141870,0.025121,0.066377,0.023586,0.502405,0.078250,0.023412,0.044444
0.044648,0.144297,0.039714,0.099884,0.151751,0.065934,0.086752,0.220924,0.101600,0.044497
0.052334,0.143270,0.165608,0.072388,0.149384,0.069195,0.072995,0.053881,0.119037,0.101909
0.047220,0.119940,0.132958,0.093297,0.257815,0.048107,0.080988,0.065377,0.044475,0.109824
0.055531,0.031826,0.091768,0.037784,0.075813,0.050861,0.552353,0.033971,0.024368,0.045725
0.080000,0.078952,0.139855,0.071630,0.176444,0.078650,0.101072,0.064095,0.053709,0.155593
0.191874,0.205111,0.065439,0.066447,0.078699,0.106684,0.106858,0.058641,0.039742,0.080505
0.071824,0.033415,0.054962,0.107095,0.131742,0.190483,0.113504,0.030109,0.034878,0.231987
0.037669,0.015711,0.108054,0.071958,0.018281,0.188203,0.187443,0.179010,0.080208,0.113463
0.066331,0.027258,0.263121,0.036635,0.024901,0.032879,0.031339,0.376515,0.031502,0.109521
0.046247,0.113286,0.038031,0.143628,0.213306,0.073338,0.076514,0.065026,0.183990,0.046635
0.075212,0.052752,0.123225,0.110569,0.172419,0.071290,0.064404,0.205497,0.060730,0.063901
0.150779,0.106820,0.058791,0.057083,0.036136,0.065846,0.054531,0.153165,0.048941,0.267908
0.040907,0.088769,0.053154,0.048203,0.116084,0.026969,0.162570,0.036884,0.033046,0.393415
0.069730,0.044214,0.069856,0.052244,0.196143,0.089010,0.081056,0.271154,0.057760,0.068833
0.071899,0.157931,0.150884,0.061912,0.123229,0.046925,0.068101,0.060462,0.065828,0.192829
0.090869,0.122455,0.180503,0.076197,0.044466,0.092117,0.070440,0.217474,0.047511,0.057969
0.077542,0.102662,0.107135,0.078683,0.143109,0.253304,0.073233,0.065253,0.053389,0.045691
0.243107,0.051007,0.047518,0.074961,0.194333,0.130410,0.066353,0.045794,0.089299,0.057218
0.082527,0.102301,0.045214,0.058781,0.199274,0.113178,0.145441,0.115318,0.075593,0.062373
0.152961,0.128357,0.075306,0.068499,0.100606,0.079656,0.130641,0.070356,0.060425,0.133195
0.058323,0.133067,0.138724,0.080720,0.129235,0.092276,0.094771,0.080816,0.053684,0.138386
0.088603,0.093423,0.181376,0.075127,0.158541,0.036299,0.189049,0.062392,0.062403,0.052787
0.005553,0.018025,0.083350,0.088516,0.021298,0.238716,0.240737,0.136063,0.073998,0.093744
0.056422,0.048522,0.129357,0.059310,0.125648,0.076718,0.122952,0.059947,0.129114,0.192010
0.048173,0.077856,0.093024,0.064421,0.185538,0.086021,0.058440,0.249563,0.044544,0.092422
0.075917,0.135886,0.062174,0.055408,0.125299,0.045573,0.140998,0.037795,0.052471,0.268478
0.034756,0.125965,0.046268,0.044996,0.054577,0.028733,0.043853,0.301990,0.141796,0.177066
0.051663,0.092992,0.044895,0.096666,0.021151,0.237198,0.241252,0.103562,0.034299,0.076323
0.072246,0.081689,0.067785,0.072639,0.080207,0.080493,0.154525,0.160100,0.069871,0.160444
0.075595,0.092469,0.147206,0.057138,0.160095,0.185075,0.127182,0.049761,0.049818,0.055660
0.143050,0.127189,0.040724,0.061113,0.116675,0.101213,0.125131,0.140688,0.050755,0.093461
0.018327,0.066579,0.012506,0.098885,0.018284,0.238332,0.244872,0.200529,0.016822,0.084863
0.030347,0.084250,0.126995,0.075064,0.018189,0.280146,0.287143,0.020079,0.026505,0.051281
0.084389,0.042201,0.072661,0.064015,0.170533,0.081836,0.154649,0.062091,0.074223,0.193401
0.072357,0.054357,0.071727,0.063464,0.141148,0.120735,0.150091,0.160489,0.071526,0.094107
0.044932,0.165567,0.061684,0.046300,0.143148,0.099639,0.096409,0.058207,0.067987,0.216126
0.050578,0.039594,0.211277,0.139017,0.037821,0.259110,0.066418,0.058931,0.040467,0.096788
0.057745,0.178050,0.146570,0.073881,0.033103,0.036513,0.151945,0.064255,0.199888,0.058050
0.088393,0.045114,0.142888,0.046601,0.155480,0.075740,0.136128,0.121877,0.143867,0.043912
0.048058,0.135021,0.215554,0.088154,0.037197,0.090604,0.065132,0.200493,0.044320,0.075467
0.060610,0.104009,0.014574,0.083746,0.019016,0.226890,0.232173,0.099867,0.086281,0.072834
0.088009,0.149596,0.106382,0.066846,0.099434,0.074555,0.065270,0.173895,0.127298,0.048713
0.101835,0.074321,0.046450,0.080031,0.206651,0.049081,0.096729,0.251465,0.045316,0.048120
0.082201,0.087611,0.037522,0.046573,0.217621,0.062648,0.137658,0.067058,0.037382,0.223727
0.070699,0.072871,0.083091,0.067800,0.075919,0.197691,0.049383,0.183819,0.123991,0.074738
0.211843,0.092775,0.039572,0.064557,0.247877,0.084228,0.081966,0.068389,0.057708,0.051084
0.104115,0.049712,0.143730,0.081557,0.133353,0.110736,0.217497,0.042187,0.054333,0.062781
0.033419,0.024008,0.076469,0.040034,0.022094,0.272066,0.279389,0.108793,0.058558,0.085170
0.020555,0.045841,0.055992,0.079507,0.077580,0.019930,0.610034,0.017815,0.020173,0.052574
0.034715,0.030562,0.014072,0.067529,0.018978,0.287232,0.295737,0.131544,0.066876,0.052753
0.040855,0.033583,0.019258,0.056061,0.020586,0.328559,0.326244,0.020961,0.018753,0.135140
0.073549,0.026900,0.016961,0.019627,0.024075,0.263763,0.269762,0.131476,0.030423,0.143464
0.064467,0.127310,0.150998,0.047074,0.085233,0.067551,0.130529,0.150017,0.108877,0.067944
0.069045,0.104529,0.116421,0.079696,0.081231,0.082515,0.114652,0.205475,0.079250,0.067186
0.048269,0.042609,0.046097,0.028068,0.082543,0.041589,0.500264,0.128853,0.043042,0.038666
0.106049,0.204704,0.079435,0.088387,0.119192,0.036287,0.177078,0.071933,0.063679,0.053257
0.113410,0.096519,0.075728,0.074225,0.019063,0.193150,0.188774,0.112883,0.057268,0.068980
0.109511,0.045756,0.047924,0.069855,0.148361,0.125793,0.058186,0.164686,0.173337,0.056591
0.067603,0.100441,0.046800,0.055994,0.029918,0.162998,0.050393,0.208223,0.097527,0.180103
0.079175,0.149096,0.067981,0.052421,0.154772,0.086883,0.075193,0.096821,0.073421,0.164237
0.062699,0.104783,0.139899,0.061590,0.034557,0.089543,0.101218,0.148349,0.121628,0.135733
0.104240,0.100366,0.079666,0.079699,0.187376,0.037465,0.077753,0.046251,0.226054,0.061131
0.099237,0.105568,0.141091,0.086476,0.046711,0.098253,0.213599,0.077492,0.067059,0.064514
0.118485,0.053368,0.092105,0.073055,0.018338,0.251239,0.259482,0.024283,0.063661,0.045982
0.018375,0.084906,0.099827,0.111763,0.018688,0.246164,0.255573,0.022167,0.056633,0.085904
0.044149,0.041757,0.035131,0.060620,0.184066,0.068175,0.142591,0.203027,0.035869,0.184615
0.066273,0.021466,0.031384,0.022627,0.015178,0.019108,0.591242,0.172909,0.025204,0.034612
0.061838,0.150530,0.032910,0.057920,0.067538,0.078889,0.051032,0.224926,0.048577,0.225839
0.056275,0.087880,0.016215,0.085509,0.023863,0.257493,0.264027,0.056398,0.078829,0.073512
0.062356,0.036629,0.051607,0.077275,0.025409,0.281479,0.288135,0.058320,0.033434,0.085356
0.082620,0.186972,0.093503,0.041639,0.112741,0.063155,0.083073,0.040238,0.046103,0.249957
0.005697,0.090837,0.011933,0.020187,0.021004,0.234123,0.240731,0.204903,0.067580,0.103005
0.057982,0.049252,0.048005,0.097278,0.022012,0.258721,0.264653,0.027556,0.074668,0.099873
0.073641,0.125056,0.067683,0.067557,0.092183,0.116648,0.072843,0.263719,0.070629,0.050040
0.085532,0.049425,0.126210,0.051584,0.175046,0.267928,0.077818,0.062679,0.055905,0.047872
0.056458,0.037861,0.111747,0.041989,0.090192,0.068111,0.129097,0.059457,0.154660,0.250428
0.082474,0.035796,0.046985,0.049484,0.024860,0.224186,0.224290,0.207698,0.042090,0.062138
0.049491,0.037869,0.158674,0.055864,0.141699,0.084865,0.056488,0.053181,0.149089,0.212781
0.075615,0.181324,0.064629,0.044305,0.154301,0.047948,0.138220,0.168579,0.066141,0.058938
0.049582,0.109344,0.038128,0.047500,0.250828,0.091913,0.080238,0.035823,0.195867,0.100777
0.082436,0.051814,0.075900,0.061220,0.035671,0.068856,0.125248,0.070766,0.124382,0.303707
0.119823,0.037060,0.045339,0.074931,0.016535,0.286140,0.295529,0.020821,0.024884,0.078937
0.113569,0.061590,0.090479,0.180364,0.048614,0.060677,0.147011,0.074945,0.068395,0.154356
0.053254,0.138806,0.136407,0.113149,0.132015,0.050381,0.099496,0.146851,0.044085,0.085555
0.080397,0.048444,0.097153,0.056286,0.073383,0.105172,0.094190,0.039410,0.150370,0.255196
0.005561,0.073069,0.123401,0.078504,0.020186,0.242856,0.251032,0.126277,0.026016,0.053099
0.082763,0.041867,0.068171,0.061304,0.139717,0.087684,0.171316,0.063126,0.122149,0.161902
0.053706,0.043750,0.042947,0.044370,0.018443,0.295848,0.304299,0.116350,0.034479,0.045807
0.020437,0.018580,0.072624,0.116433,0.018729,0.299017,0.304749,0.024061,0.069768,0.055601
0.081172,0.098654,0.102927,0.114437,0.155139,0.108103,0.134254,0.059155,0.059492,0.086668
0.021057,0.025121,0.123002,0.051118,0.019603,0.297210,0.304570,0.038836,0.034756,0.084726
0.070734,0.038489,0.064363,0.065345,0.130745,0.074845,0.100072,0.098402,0.072469,0.284537
0.055640,0.085678,0.046081,0.076809,0.020219,0.262787,0.273592,0.028496,0.061437,0.089260
0.055653,0.019291,0.089724,0.062176,0.024151,0.258754,0.266502,0.109072,0.036610,0.078067
0.065925,0.082182,0.063328,0.093185,0.024796,0.224584,0.220940,0.141706,0.025225,0.058128
0.054410,0.081463,0.066558,0.052389,0.159135,0.093435,0.104138,0.255883,0.070577,0.062013
0.081338,0.108664,0.070728,0.067708,0.104047,0.083633,0.181761,0.175893,0.075599,0.050629
0.050531,0.104562,0.044428,0.067263,0.141966,0.088073,0.147882,0.067242,0.123839,0.164215
0.046878,0.106129,0.110237,0.051779,0.218087,0.060642,0.143694,0.135328,0.038674,0.088554
0.076288,0.104439,0.156990,0.073547,0.134993,0.076176,0.073358,0.062993,0.053050,0.188166
0.084752,0.205291,0.059828,0.054210,0.130960,0.030520,0.147110,0.060444,0.038547,0.188337
0.163541,0.043300,0.043327,0.062177,0.025889,0.045349,0.036142,0.479140,0.033222,0.067913
0.066981,0.085759,0.130171,0.064687,0.121351,0.077689,0.060651,0.039414,0.038231,0.315066
0.079054,0.097873,0.055510,0.047657,0.029400,0.035446,0.121634,0.414508,0.083372,0.035546
0.053703,0.151284,0.045108,0.143437,0.040809,0.091434,0.179165,0.044379,0.201724,0.048957
0.077079,0.146630,0.042873,0.046712,0.198229,0.122073,0.075371,0.061771,0.176394,0.052869
0.055583,0.194266,0.080952,0.091440,0.184252,0.103077,0.131237,0.048844,0.051311,0.059037
0.078149,0.048495,0.096322,0.074519,0.216950,0.081058,0.070727,0.181474,0.053853,0.098453
0.025621,0.020603,0.018981,0.054511,0.023162,0.270121,0.276408,0.127402,0.022882,0.160308
0.068241,0.124734,0.100829,0.072094,0.085232,0.073876,0.054567,0.273228,0.051339,0.095859
0.133861,0.132857,0.127058,0.045877,0.114813,0.078542,0.111915,0.046867,0.059834,0.148377
0.040751,0.035723,0.181118,0.067114,0.123944,0.041668,0.055616,0.037147,0.067612,0.349307
0.083174,0.097366,0.050444,0.101269,0.106845,0.110917,0.250408,0.078927,0.050171,0.070478
0.151325,0.037458,0.089561,0.063682,0.110721,0.094404,0.118492,0.050853,0.048574,0.234930
0.092942,0.083609,0.008123,0.078095,0.018577,0.279482,0.288921,0.027072,0.018016,0.105163
0.032059,0.078698,0.006967,0.047140,0.017202,0.273375,0.281176,0.153499,0.038640,0.071244
0.079025,0.176763,0.062608,0.117298,0.037887,0.045838,0.131541,0.032910,0.153734,0.162396
0.080806,0.040724,0.144719,0.118029,0.078348,0.073431,0.074517,0.252068,0.085987,0.051371
0.066456,0.033119,0.036482,0.050001,0.181694,0.095195,0.115087,0.055005,0.067831,0.299131
0.080842,0.033843,0.031729,0.047749,0.116370,0.028280,0.076654,0.180957,0.132517,0.271060
0.075987,0.056281,0.105354,0.103551,0.054152,0.204647,0.189804,0.046302,0.081274,0.082647
0.068510,0.031660,0.009564,0.070472,0.023476,0.263265,0.270827,0.121475,0.032808,0.107943
0.059093,0.040202,0.148412,0.077663,0.197802,0.071119,0.074482,0.056158,0.163431,0.111638
0.049658,0.016496,0.136001,0.158766,0.017834,0.244500,0.251664,0.030954,0.020222,0.073906
0.044510,0.132477,0.113465,0.093989,0.105592,0.044578,0.113631,0.176822,0.122655,0.052281
0.085113,0.202743,0.068920,0.044654,0.097096,0.226171,0.066055,0.039862,0.054633,0.114752
0.233946,0.121507,0.075732,0.050739,0.196317,0.052396,0.069652,0.071790,0.059712,0.068208
0.090696,0.036895,0.120739,0.091410,0.021655,0.251707,0.261434,0.025823,0.021281,0.078362
0.100751,0.046407,0.043036,0.105137,0.175657,0.097357,0.128911,0.163397,0.089254,0.050093
0.095395,0.178694,0.078113,0.060181,0.165733,0.100141,0.122724,0.066752,0.062805,0.069463
0.097216,0.055642,0.052000,0.070920,0.115776,0.097191,0.188095,0.038330,0.080214,0.204618
0.058600,0.117249,0.039650,0.064673,0.158899,0.063642,0.081419,0.275104,0.068713,0.072051
0.050376,0.086688,0.091899,0.050515,0.221675,0.042733,0.054239,0.057556,0.073002,0.271317
0.065959,0.114405,0.059432,0.061306,0.106673,0.068211,0.113540,0.124774,0.123445,0.162257
0.075764,0.197496,0.036080,0.126573,0.201370,0.045128,0.132479,0.059130,0.051603,0.074376
0.065772,0.107236,0.165199,0.068019,0.141306,0.071399,0.166966,0.064697,0.059040,0.090366
0.036589,0.065917,0.115519,0.096793,0.018599,0.231198,0.237007,0.123628,0.018592,0.056159
0.101674,0.155082,0.044729,0.084279,0.085741,0.082979,0.145608,0.031162,0.049409,0.219337
0.017425,0.070877,0.105368,0.056336,0.016642,0.289170,0.299911,0.015330,0.054862,0.074079
0.113762,0.185015,0.048606,0.100833,0.152499,0.085274,0.079691,0.054165,0.041902,0.138253
0.076169,0.111131,0.039934,0.071362,0.109159,0.093329,0.188319,0.061709,0.133552,0.115337
0.082124,0.118333,0.067915,0.065404,0.179755,0.071839,0.141006,0.061044,0.161580,0.051000
0.068656,0.094186,0.175761,0.118452,0.119411,0.030084,0.151466,0.030918,0.035970,0.175096
0.091120,0.042690,0.073360,0.071983,0.097066,0.335237,0.134993,0.045732,0.058072,0.049747
0.080702,0.224503,0.033947,0.042569,0.032104,0.061156,0.098608,0.222292,0.163744,0.040375
0.175239,0.029101,0.032945,0.041939,0.025617,0.148211,0.076053,0.287457,0.026038,0.157401
0.089647,0.144926,0.223246,0.067553,0.030600,0.038987,0.099334,0.084359,0.037123,0.184226
0.053015,0.085794,0.045155,0.161272,0.020866,0.249594,0.256722,0.034717,0.022980,0.069886
0.081277,0.215545,0.041587,0.067031,0.039539,0.245233,0.077417,0.040136,0.072910,0.119325
0.056282,0.183141,0.055773,0.083261,0.186569,0.095190,0.076411,0.040984,0.099764,0.122624
0.080350,0.165869,0.140103,0.045454,0.132259,0.086257,0.130718,0.062279,0.057055,0.099655
0.094713,0.040969,0.072224,0.072834,0.253596,0.033391,0.217448,0.065635,0.084357,0.064833
0.032149,0.018127,0.075339,0.124446,0.017556,0.307989,0.316333,0.021909,0.025946,0.060206
0.086176,0.034600,0.048297,0.055679,0.061749,0.213709,0.044682,0.232595,0.032209,0.190303
0.032725,0.057386,0.077522,0.089313,0.085722,0.431214,0.086332,0.045855,0.057839,0.036092
0.080591,0.045159,0.046174,0.049569,0.181706,0.315357,0.108404,0.032309,0.086754,0.053976
0.082987,0.050288,0.043333,0.060870,0.144487,0.118082,0.147337,0.066133,0.083872,0.202610
0.047633,0.103514,0.125585,0.057362,0.085640,0.178189,0.092144,0.049805,0.063089,0.197041
0.097728,0.151434,0.040513,0.074665,0.160930,0.083757,0.121777,0.119689,0.097064,0.052444
0.078430,0.113363,0.070092,0.051274,0.223866,0.074590,0.155063,0.036064,0.141267,0.055991
0.205060,0.109953,0.040152,0.079938,0.149996,0.092747,0.080074,0.045487,0.079727,0.116866
0.051451,0.046443,0.029702,0.037876,0.118033,0.043085,0.571200,0.032616,0.041085,0.028508
0.086610,0.108724,0.038403,0.130266,0.098138,0.078802,0.141488,0.060615,0.076960,0.179994
0.069319,0.099887,0.046861,0.066534,0.134048,0.088818,0.151374,0.188812,0.070880,0.083466
0.104259,0.041313,0.203039,0.087497,0.110623,0.106084,0.086097,0.068679,0.044337,0.148070
0.079179,0.105991,0.046701,0.063213,0.102183,0.088373,0.137098,0.036722,0.124196,0.216344
0.053991,0.035905,0.039694,0.047627,0.138221,0.220528,0.050237,0.191811,0.045034,0.176953
0.038832,0.031913,0.140594,0.036988,0.149828,0.182560,0.075811,0.249122,0.057939,0.036413
0.101868,0.105277,0.146359,0.081243,0.094664,0.144887,0.130045,0.069706,0.050205,0.075746
0.082013,0.048930,0.096876,0.059930,0.122320,0.059704,0.212307,0.188775,0.070099,0.059046
0.065921,0.072374,0.160381,0.051223,0.171110,0.053408,0.127004,0.178289,0.046355,0.073935
0.056762,0.036925,0.188089,0.060841,0.090428,0.111740,0.056729,0.040174,0.051047,0.307265
0.124414,0.064868,0.008576,0.075663,0.019098,0.228245,0.234565,0.137397,0.023401,0.083774
0.060020,0.028883,0.033201,0.048460,0.101601,0.024262,0.078920,0.280390,0.028857,0.315406
0.080829,0.085877,0.050753,0.048662,0.025143,0.225065,0.223865,0.115374,0.033290,0.111142
0.077467,0.094673,0.064391,0.108854,0.122973,0.105734,0.129413,0.146376,0.052545,0.097576
0.108305,0.136519,0.086139,0.091047,0.185886,0.113791,0.078749,0.069009,0.070210,0.060346
0.054724,0.042747,0.040497,0.075848,0.018173,0.206536,0.205630,0.197480,0.081636,0.076729
0.122261,0.158006,0.062157,0.085914,0.038186,0.124734,0.054674,0.036936,0.070685,0.246447
0.084111,0.195852,0.122669,0.057087,0.045171,0.094633,0.192932,0.057058,0.095616,0.054871
0.037335,0.108656,0.038045,0.036191,0.071735,0.045644,0.409497,0.036663,0.045623,0.170609
0.060866,0.122219,0.045690,0.038831,0.064684,0.125431,0.443535,0.042215,0.031131,0.025399
0.099471,0.115689,0.091435,0.058553,0.139877,0.108878,0.089082,0.086208,0.073864,0.136943
0.036830,0.037552,0.037789,0.046634,0.156840,0.109499,0.107509,0.320066,0.034115,0.113166
0.062198,0.024418,0.058135,0.101246,0.022135,0.273925,0.278848,0.027466,0.088029,0.063600
0.075560,0.045266,0.070324,0.079555,0.096384,0.147836,0.234926,0.035165,0.104976,0.110010
0.046931,0.045001,0.171886,0.066592,0.142183,0.044181,0.057028,0.104032,0.152663,0.169505
0.076616,0.037376,0.132746,0.057161,0.121899,0.104469,0.093753,0.056655,0.051045,0.268280
0.101048,0.111319,0.050861,0.086810,0.187014,0.121820,0.145286,0.080771,0.048995,0.066076
0.028366,0.017049,0.086387,0.070367,0.019059,0.254890,0.262967,0.142939,0.066846,0.051130
0.070675,0.091307,0.056219,0.046480,0.129839,0.058542,0.094388,0.368995,0.035872,0.047683
0.084793,0.173132,0.166608,0.069615,0.144435,0.087031,0.061041,0.044089,0.075123,0.094133
0.040575,0.077663,0.036229,0.047855,0.134106,0.159494,0.114973,0.082425,0.097953,0.208726
0.048797,0.095066,0.057492,0.056962,0.025239,0.281478,0.287421,0.030231,0.032234,0.085079
0.060272,0.098150,0.064745,0.058331,0.131781,0.202855,0.057635,0.063340,0.055820,0.207071
0.069108,0.141740,0.074733,0.144031,0.111134,0.079587,0.153767,0.043600,0.059261,0.123039
0.098644,0.127701,0.072522,0.077210,0.201143,0.038870,0.068266,0.145233,0.061668,0.108742
0.073967,0.044475,0.099288,0.046139,0.019312,0.256271,0.265393,0.049911,0.072474,0.072769
0.129597,0.057637,0.105557,0.121025,0.049840,0.044277,0.181607,0.086357,0.058016,0.166086
0.051728,0.101250,0.057840,0.054248,0.155115,0.255871,0.093910,0.032115,0.148708,0.049214
0.065041,0.036140,0.058364,0.052888,0.175292,0.096893,0.155239,0.049986,0.047498,0.262659
0.055441,0.171577,0.071698,0.067533,0.155347,0.091457,0.069695,0.061289,0.060398,0.195565
0.063560,0.124812,0.056004,0.058708,0.118020,0.152357,0.116501,0.111877,0.057743,0.140419
0.123226,0.102248,0.073017,0.121740,0.037875,0.095681,0.156059,0.037911,0.124567,0.127675
0.111994,0.201900,0.043147,0.069851,0.117009,0.035760,0.072001,0.084105,0.099964,0.164268
0.047788,0.109721,0.205173,0.061707,0.088268,0.106006,0.086404,0.200264,0.046009,0.048661
0.218732,0.098935,0.080878,0.079945,0.097664,0.057548,0.077613,0.073999,0.083845,0.130841
0.063033,0.031552,0.091594,0.037826,0.103542,0.031799,0.040361,0.207323,0.031054,0.361916
0.077383,0.049571,0.181098,0.066381,0.138032,0.119292,0.140366,0.041588,0.126086,0.060205
0.064459,0.042791,0.170192,0.067016,0.141186,0.094743,0.105014,0.162739,0.058480,0.093380
0.066319,0.095184,0.064673,0.061649,0.093270,0.103715,0.141965,0.142144,0.042941,0.188139
0.006963,0.033217,0.075158,0.095214,0.018681,0.286581,0.297528,0.048434,0.017367,0.120857
0.102931,0.180356,0.064732,0.088273,0.035453,0.084025,0.086340,0.060391,0.054097,0.243401
0.047027,0.036138,0.186692,0.125385,0.074886,0.227318,0.067652,0.057898,0.133402,0.043601
0.073359,0.179953,0.062332,0.120857,0.090279,0.206475,0.127238,0.032991,0.049424,0.057091
0.037930,0.082762,0.051502,0.049386,0.108068,0.189266,0.129816,0.248636,0.034602,0.068033
0.007510,0.046756,0.007818,0.061694,0.016543,0.308403,0.318003,0.138448,0.039199,0.055625
0.025079,0.014981,0.060418,0.064474,0.017499,0.225317,0.230722,0.182026,0.057576,0.121908
0.084518,0.134999,0.086541,0.060849,0.206959,0.117435,0.085109,0.084584,0.071230,0.067775
0.069365,0.133270,0.033273,0.055139,0.060622,0.096984,0.146885,0.042737,0.035909,0.325816
0.169058,0.048943,0.064964,0.062845,0.039562,0.072119,0.157943,0.268231,0.069597,0.046739
0.061491,0.049010,0.052442,0.083460,0.209029,0.172437,0.150531,0.051935,0.104083,0.065582
0.079809,0.084893,0.054209,0.076775,0.119018,0.031712,0.075244,0.228380,0.048236,0.201724
0.098808,0.074759,0.035636,0.070946,0.049735,0.043373,0.396042,0.161355,0.031944,0.037401
0.053661,0.019278,0.113494,0.081510,0.020172,0.235327,0.239605,0.146635,0.020586,0.069732
0.088842,0.132884,0.084636,0.081215,0.051668,0.151607,0.132487,0.072394,0.088049,0.116218
0.056498,0.081903,0.044138,0.132060,0.021817,0.240752,0.245867,0.061394,0.023410,0.092161
0.068029,0.095467,0.015986,0.097987,0.020218,0.294973,0.297973,0.026072,0.020127,0.063167
0.051344,0.048813,0.040868,0.036011,0.019611,0.404981,0.030644,0.210119,0.091842,0.065766
0.026648,0.064683,0.038792,0.056451,0.019455,0.244647,0.251111,0.098082,0.062014,0.138117
0.041448,0.035691,0.059922,0.126847,0.033858,0.070652,0.064020,0.328531,0.164769,0.074263
0.070109,0.040451,0.052843,0.050609,0.115074,0.053529,0.055990,0.281941,0.034798,0.244656
0.060773,0.059314,0.076732,0.073253,0.207053,0.099735,0.171456,0.075560,0.075870,0.100253
0.036626,0.098564,0.118032,0.036067,0.091027,0.149475,0.046436,0.185230,0.042213,0.196329
0.115820,0.022932,0.034546,0.058979,0.018945,0.234630,0.238789,0.131903,0.062004,0.081453
0.062804,0.022089,0.013030,0.086929,0.024894,0.251773,0.255629,0.146121,0.030291,0.106439
0.075431,0.137056,0.162633,0.112319,0.036362,0.063643,0.056034,0.031497,0.049923,0.275102
0.057700,0.137548,0.044006,0.041334,0.135926,0.361678,0.047790,0.043747,0.099223,0.031048
0.030349,0.022027,0.050639,0.063129,0.019033,0.286778,0.294863,0.115574,0.068581,0.049027
0.079911,0.129539,0.064045,0.106310,0.134889,0.066392,0.137731,0.054459,0.142049,0.084675
0.049312,0.266602,0.074020,0.049831,0.040466,0.089238,0.169096,0.061372,0.058984,0.141079
0.073238,0.125578,0.079992,0.089769,0.173838,0.142780,0.127371,0.067233,0.063936,0.056266
0.043401,0.044935,0.111237,0.061458,0.139019,0.075132,0.105019,0.181136,0.119325,0.119339
0.044930,0.042091,0.013070,0.091287,0.020132,0.228746,0.233730,0.193021,0.054134,0.078859
0.050976,0.107156,0.043465,0.058812,0.213499,0.094076,0.247950,0.048685,0.062109,0.073272
0.048554,0.037462,0.154934,0.057873,0.121357,0.067704,0.135927,0.152270,0.076913,0.147007
0.072015,0.114867,0.087359,0.045522,0.153557,0.057666,0.062188,0.194062,0.046906,0.165856
0.071221,0.077346,0.042847,0.044600,0.126684,0.077812,0.156554,0.179998,0.049371,0.173567
0.145498,0.089720,0.093305,0.105116,0.120964,0.083283,0.127636,0.135594,0.052448,0.046436
0.086650,0.106345,0.070999,0.071781,0.209747,0.083244,0.063718,0.036803,0.174300,0.096413
0.096630,0.043751,0.271378,0.080753,0.042839,0.086409,0.216323,0.036591,0.063601,0.061725
0.194582,0.087735,0.167496,0.061740,0.149299,0.096447,0.068632,0.035095,0.056669,0.082303
0.080637,0.106516,0.141190,0.069820,0.078191,0.093899,0.057787,0.204489,0.068877,0.098593
0.098367,0.169861,0.169746,0.096987,0.035468,0.088111,0.049522,0.054459,0.164780,0.072698
0.049071,0.147317,0.145006,0.064917,0.152856,0.050060,0.102312,0.056958,0.070010,0.161492
0.082196,0.090655,0.054841,0.110059,0.373769,0.035143,0.108002,0.031362,0.040408,0.073565
0.037787,0.099186,0.045390,0.201889,0.033703,0.116251,0.128420,0.055675,0.206013,0.075687
0.079634,0.107142,0.069835,0.127857,0.133646,0.113458,0.075583,0.104653,0.077404,0.110787
0.081438,0.249678,0.075898,0.081034,0.037969,0.032304,0.080434,0.058662,0.162069,0.140514
0.069708,0.040301,0.083169,0.059309,0.202397,0.064259,0.048606,0.039413,0.124673,0.268165
0.046343,0.180037,0.039937,0.048838,0.178059,0.080841,0.176998,0.137883,0.054806,0.056256
0.034183,0.094685,0.030344,0.030802,0.078674,0.021779,0.582122,0.033915,0.056619,0.036875
0.075324,0.197626,0.188727,0.044637,0.133780,0.112057,0.072444,0.053744,0.075688,0.045974
0.067285,0.042377,0.047085,0.051975,0.158343,0.047027,0.197497,0.047776,0.057260,0.283376
0.075054,0.110613,0.070928,0.073724,0.166266,0.079141,0.143196,0.156913,0.059646,0.064519
0.066845,0.038311,0.061089,0.109765,0.144988,0.070060,0.150371,0.234973,0.066307,0.057290
0.111827,0.197276,0.161314,0.071876,0.100873,0.041021,0.097329,0.072747,0.066217,0.079522
0.075894,0.193861,0.101518,0.058804,0.193232,0.046760,0.095434,0.105446,0.042164,0.086887
0.055304,0.086621,0.117483,0.020253,0.026039,0.245442,0.251166,0.029802,0.031187,0.136702
0.035865,0.091235,0.061856,0.091981,0.023484,0.263273,0.267866,0.029196,0.029242,0.106000
0.182327,0.086448,0.071655,0.048066,0.149855,0.094244,0.173247,0.062738,0.076047,0.055373
0.069325,0.123943,0.124562,0.059392,0.128787,0.072112,0.093267,0.137619,0.135398,0.055595
0.060407,0.102258,0.147883,0.050508,0.128520,0.086739,0.097635,0.222669,0.054102,0.049279
0.065142,0.124730,0.104018,0.052381,0.165196,0.050039,0.142390,0.055627,0.055770,0.184707
0.084176,0.147614,0.038808,0.061622,0.075482,0.064248,0.147600,0.128269,0.153329,0.098851
0.068199,0.042064,0.183008,0.052523,0.033542,0.101086,0.094216,0.051669,0.035966,0.337727
0.022542,0.054618,0.050924,0.084351,0.022674,0.266278,0.273902,0.116629,0.028560,0.079520
0.090356,0.088959,0.070305,0.064195,0.086130,0.097946,0.169828,0.061010,0.080217,0.191055
0.088361,0.200363,0.064156,0.105848,0.083330,0.135656,0.059942,0.095217,0.044073,0.123055
0.029332,0.015665,0.039513,0.081270,0.018962,0.251337,0.254467,0.222796,0.032051,0.054607
0.034157,0.025230,0.032097,0.056237,0.019414,0.308953,0.318063,0.023677,0.067554,0.114618
0.046581,0.171627,0.043685,0.048350,0.148028,0.081162,0.077808,0.134223,0.185260,0.063275
0.071082,0.089953,0.094256,0.065776,0.127857,0.044797,0.067532,0.100626,0.040138,0.297985
0.048566,0.080048,0.037489,0.069616,0.016525,0.303300,0.312467,0.018971,0.025208,0.087810
0.059517,0.077093,0.087305,0.074666,0.024013,0.242208,0.245859,0.022852,0.036463,0.130024
0.023756,0.013705,0.086462,0.097164,0.014008,0.312322,0.328083,0.019569,0.014746,0.090185
0.006312,0.012290,0.135607,0.064513,0.014085,0.310188,0.321078,0.017847,0.033155,0.084924
0.060556,0.050948,0.044017,0.088227,0.020842,0.272815,0.280741,0.059336,0.020277,0.102243
0.106204,0.155893,0.046752,0.090648,0.045551,0.130374,0.212501,0.084864,0.069305,0.057908
0.064152,0.072248,0.034688,0.067614,0.163923,0.186164,0.068724,0.207673,0.052718,0.082095
0.072882,0.057695,0.098623,0.112510,0.133021,0.041100,0.053089,0.039750,0.146688,0.244642
0.065083,0.051484,0.043416,0.046226,0.144861,0.089940,0.142867,0.055884,0.075495,0.284745
0.080406,0.099529,0.065317,0.065035,0.187108,0.076861,0.135568,0.062704,0.070644,0.156829
0.005214,0.134403,0.028309,0.024113,0.019059,0.231314,0.234447,0.223005,0.023687,0.076450
0.058063,0.167479,0.035198,0.055546,0.145237,0.074148,0.097132,0.060135,0.040096,0.266966
0.055503,0.015811,0.135023,0.050322,0.018760,0.292458,0.296482,0.050476,0.029255,0.055910
0.038375,0.048447,0.105686,0.081698,0.016222,0.244392,0.252408,0.108033,0.029637,0.075104
0.067876,0.034512,0.041848,0.051043,0.188155,0.060223,0.063630,0.279125,0.144777,0.068810
0.047176,0.198242,0.034103,0.046794,0.176905,0.211724,0.060124,0.116892,0.069648,0.038393
0.069033,0.083297,0.017038,0.055637,0.022700,0.299184,0.306963,0.024963,0.022010,0.099174
0.036741,0.064422,0.041297,0.072738,0.022863,0.223960,0.224969,0.203188,0.025367,0.084455
0.208318,0.088832,0.037556,0.080838,0.150860,0.032181,0.113176,0.043812,0.191624,0.052803
0.098062,0.101777,0.110712,0.054897,0.030763,0.071717,0.051480,0.029869,0.036867,0.413854
0.070877,0.043865,0.100074,0.064683,0.152770,0.090146,0.149562,0.208911,0.067582,0.051530
0.030087,0.029183,0.137520,0.045200,0.016439,0.295599,0.306554,0.022914,0.063370,0.053135
0.091509,0.104486,0.064270,0.072480,0.142568,0.074281,0.061297,0.062381,0.042429,0.284298
0.019420,0.017081,0.101896,0.083227,0.020068,0.221477,0.225326,0.205167,0.020407,0.085930
0.041637,0.087445,0.050545,0.090807,0.019692,0.269288,0.276241,0.063915,0.022082,0.078348
0.171156,0.056635,0.147930,0.047660,0.166616,0.095022,0.107928,0.054485,0.060847,0.091721
