0.062356,0.025870,0.019948,0.089868,0.019963,0.248933,0.234519,0.236273,0.015347,0.046924
0.079365,0.121985,0.051489,0.055618,0.118965,0.208528,0.075438,0.029441,0.087309,0.171861
0.033433,0.089043,0.030572,0.053798,0.018459,0.261091,0.244369,0.098582,0.057489,0.113164
0.056968,0.079038,0.035844,0.085361,0.022507,0.233655,0.217653,0.158060,0.019160,0.091753
0.052746,0.190073,0.063323,0.100359,0.210038,0.096094,0.111889,0.060179,0.046161,0.069139
0.070775,0.046258,0.064289,0.054459,0.196318,0.037573,0.216577,0.085905,0.176074,0.051772
0.029995,0.034311,0.119658,0.076515,0.021516,0.253127,0.238115,0.024580,0.063316,0.138867
0.145250,0.079193,0.039606,0.055764,0.126617,0.052949,0.105379,0.076690,0.068009,0.250543
0.109253,0.043678,0.057719,0.073490,0.017870,0.226655,0.211481,0.209209,0.015074,0.035571
0.026482,0.058099,0.007121,0.017248,0.020886,0.287519,0.275779,0.132030,0.035951,0.138886
0.034100,0.038339,0.125873,0.045365,0.136167,0.221702,0.070310,0.034345,0.046492,0.247307
0.078908,0.026020,0.028291,0.029018,0.115468,0.503403,0.068724,0.063775,0.065724,0.020669
0.081204,0.061578,0.009890,0.109740,0.024592,0.280398,0.269945,0.026475,0.021601,0.114577
0.032787,0.032257,0.066899,0.044684,0.166412,0.186273,0.103779,0.040288,0.078687,0.247933
0.046073,0.227161,0.055921,0.139457,0.124435,0.056040,0.108112,0.035286,0.080724,0.126791
0.045591,0.094428,0.049196,0.049964,0.163181,0.186420,0.083398,0.230822,0.052936,0.044064
0.076135,0.038211,0.082370,0.058735,0.090866,0.328808,0.135568,0.053284,0.053938,0.082086
0.044801,0.021048,0.042688,0.075566,0.025607,0.264037,0.246616,0.112043,0.072448,0.095146
0.067508,0.049210,0.188701,0.050360,0.179050,0.108528,0.100680,0.033320,0.101744,0.120900
0.164587,0.044210,0.054514,0.063575,0.163168,0.080473,0.068782,0.051282,0.100687,0.208723
0.113897,0.041478,0.069928,0.083627,0.215619,0.111386,0.174375,0.060583,0.069298,0.059808
0.032912,0.074307,0.004356,0.047864,0.017751,0.239433,0.224141,0.226369,0.061693,0.071174
0.048093,0.083914,0.172697,0.041914,0.142880,0.236023,0.143114,0.031146,0.053582,0.046638
0.022350,0.091682,0.037033,0.063908,0.023304,0.234636,0.218048,0.096922,0.075968,0.136150
0.046220,0.103811,0.007275,0.069433,0.023206,0.264618,0.251440,0.120875,0.018353,0.094769
0.098511,0.035765,0.064276,0.028550,0.031841,0.055542,0.096667,0.504464,0.050197,0.034188
0.018033,0.018446,0.076560,0.024133,0.018946,0.296441,0.285865,0.119000,0.032928,0.109648
0.077685,0.039354,0.177404,0.044076,0.037299,0.090050,0.089325,0.176519,0.055636,0.212650
0.025773,0.094028,0.018644,0.059176,0.017909,0.249442,0.233701,0.167681,0.016059,0.117587
0.077563,0.106465,0.051348,0.089608,0.035628,0.057357,0.259367,0.081671,0.052047,0.188944
0.141299,0.028392,0.021160,0.080189,0.025107,0.279117,0.265301,0.039523,0.024797,0.095115
0.085642,0.070735,0.094986,0.064700,0.037567,0.094794,0.165559,0.235485,0.046751,0.103781
0.082498,0.169490,0.037000,0.062953,0.164223,0.098348,0.111050,0.105558,0.064908,0.103972
0.198265,0.039888,0.055661,0.044661,0.268069,0.056654,0.108110,0.050360,0.115283,0.063048
0.045074,0.059516,0.008253,0.105689,0.024916,0.265289,0.252396,0.121667,0.019478,0.097720
0.142336,0.015136,0.029806,0.048287,0.020128,0.284793,0.267689,0.036123,0.070519,0.085183
0.066024,0.135063,0.111072,0.055433,0.244534,0.105052,0.094807,0.063862,0.059733,0.064421
0.075054,0.154049,0.095139,0.026004,0.026993,0.227738,0.208504,0.035513,0.025398,0.125608
0.248691,0.039446,0.049556,0.046765,0.242055,0.058227,0.110766,0.056080,0.096678,0.051736
0.107608,0.090387,0.149922,0.045849,0.100420,0.034668,0.081862,0.057622,0.058318,0.273344
0.023443,0.039629,0.038361,0.094357,0.022211,0.305877,0.290690,0.024391,0.076743,0.084298
0.006745,0.052044,0.017141,0.062609,0.018964,0.281242,0.268583,0.190716,0.067293,0.034663
0.112291,0.111749,0.076421,0.083696,0.181876,0.068829,0.126965,0.102521,0.071615,0.064038
0.060171,0.092148,0.218264,0.049403,0.118990,0.068177,0.171680,0.036194,0.071730,0.113242
0.129288,0.126103,0.070155,0.051697,0.026306,0.211907,0.193982,0.036128,0.093253,0.061181
0.037373,0.138885,0.057647,0.040323,0.129803,0.081308,0.069978,0.048186,0.053151,0.343346
0.121718,0.024135,0.072062,0.017327,0.023833,0.259906,0.246245,0.023661,0.064950,0.146163
0.072295,0.087613,0.067169,0.110706,0.234948,0.103825,0.093981,0.057690,0.071942,0.099831
0.044070,0.083328,0.089606,0.056295,0.181623,0.207418,0.113860,0.049103,0.089343,0.085354
0.121462,0.063180,0.120807,0.064925,0.173818,0.029571,0.096159,0.232398,0.033112,0.064567
0.094450,0.183443,0.081986,0.071942,0.123974,0.114444,0.123065,0.046419,0.073663,0.086615
0.073315,0.053669,0.217531,0.070574,0.215672,0.071445,0.113292,0.067501,0.048053,0.068949
0.125685,0.031197,0.034681,0.067122,0.094586,0.061206,0.067632,0.239646,0.031173,0.247073
0.041563,0.023812,0.057621,0.061252,0.027888,0.245606,0.229838,0.162467,0.031996,0.117958
0.058641,0.150984,0.066275,0.056737,0.139191,0.115524,0.130896,0.065483,0.113116,0.103155
0.064175,0.108981,0.050844,0.056695,0.134806,0.122105,0.085705,0.052249,0.264891,0.059549
0.072370,0.142943,0.040213,0.075823,0.124591,0.050714,0.071614,0.049846,0.072227,0.299658
0.050324,0.035003,0.054490,0.082444,0.092823,0.086456,0.132532,0.187183,0.058963,0.219782
0.006048,0.086275,0.025504,0.055029,0.017644,0.275933,0.263236,0.115233,0.053019,0.102079
0.079952,0.109648,0.046778,0.090552,0.131014,0.059076,0.092850,0.055012,0.081119,0.253999
0.039523,0.097148,0.025558,0.062772,0.021043,0.295318,0.279131,0.021731,0.068267,0.089510
0.005737,0.017110,0.073014,0.056645,0.021417,0.245822,0.232023,0.235118,0.063488,0.049625
0.048248,0.087340,0.106645,0.090596,0.024790,0.224033,0.208105,0.121972,0.020970,0.067301
0.140678,0.059329,0.061347,0.071136,0.174826,0.097520,0.143823,0.086892,0.090557,0.073893
0.025438,0.055619,0.083241,0.058448,0.020259,0.297457,0.282718,0.022173,0.018593,0.136055
0.102176,0.086029,0.199063,0.053650,0.113502,0.103526,0.135293,0.063827,0.069690,0.073245
0.059123,0.098117,0.124467,0.065083,0.215420,0.100129,0.110965,0.056576,0.076736,0.093384
0.052014,0.088555,0.061796,0.096124,0.039950,0.089315,0.142872,0.081460,0.097675,0.250239
0.054312,0.031046,0.037521,0.050554,0.209683,0.032321,0.037254,0.186775,0.028859,0.331673
0.086258,0.109052,0.064207,0.049939,0.134248,0.087811,0.080495,0.236325,0.068637,0.083027
0.038754,0.044419,0.056322,0.047482,0.114076,0.413095,0.056662,0.054509,0.057019,0.117661
0.088591,0.089608,0.064634,0.066488,0.268434,0.065997,0.170912,0.036407,0.046958,0.101970
0.044873,0.046999,0.107498,0.132396,0.181940,0.038207,0.190867,0.138240,0.054780,0.064202
0.033447,0.037529,0.050035,0.051517,0.375805,0.092054,0.046890,0.176688,0.036666,0.099370
0.105317,0.093734,0.141319,0.070111,0.017661,0.187096,0.170923,0.113863,0.019339,0.080636
0.069001,0.161174,0.092867,0.104706,0.023556,0.202535,0.182487,0.033704,0.024943,0.105028
0.058521,0.088290,0.147493,0.045260,0.149794,0.058085,0.084816,0.030371,0.053909,0.283460
0.054177,0.021715,0.087176,0.112212,0.026440,0.267408,0.252258,0.032135,0.027604,0.118875
0.042317,0.114739,0.037828,0.114028,0.021431,0.292468,0.275529,0.025104,0.023593,0.052963
0.058280,0.052586,0.060965,0.071266,0.037289,0.138151,0.179823,0.228932,0.072764,0.099943
0.162274,0.143634,0.041538,0.041841,0.236596,0.045659,0.087582,0.051787,0.100422,0.088669
0.046142,0.121757,0.075154,0.059900,0.116493,0.079667,0.053163,0.151310,0.039589,0.256825
0.036950,0.094820,0.119150,0.052198,0.129637,0.031316,0.088664,0.087886,0.043097,0.316281
0.026022,0.020602,0.044268,0.137411,0.025585,0.285734,0.268534,0.031133,0.035510,0.125201
0.059544,0.037547,0.057278,0.056749,0.127593,0.216914,0.090869,0.052314,0.049012,0.252178
0.038631,0.081911,0.180630,0.041640,0.092276,0.050879,0.096453,0.048315,0.039018,0.330246
0.066710,0.059264,0.086938,0.069883,0.145759,0.133842,0.150651,0.075051,0.059829,0.152073
0.134640,0.047739,0.062204,0.077569,0.274853,0.043399,0.126425,0.112073,0.062101,0.058997
0.089768,0.082799,0.064060,0.064733,0.208405,0.080440,0.083270,0.082010,0.057613,0.186902
0.057053,0.155405,0.207358,0.050825,0.158661,0.107643,0.092213,0.042980,0.058670,0.069193
0.033985,0.030094,0.036651,0.048836,0.222987,0.078989,0.131579,0.047542,0.040091,0.329246
0.068814,0.080168,0.055480,0.040822,0.198569,0.047582,0.140665,0.050559,0.038392,0.278948
0.108774,0.102477,0.197251,0.055110,0.115535,0.102837,0.122854,0.066364,0.069262,0.059535
0.036874,0.032326,0.006137,0.051674,0.019326,0.302249,0.290020,0.139843,0.021552,0.100000
0.066976,0.036019,0.075247,0.081133,0.082735,0.041636,0.078252,0.048682,0.101671,0.387648
0.005341,0.021851,0.126405,0.121215,0.025443,0.239029,0.224109,0.107208,0.021845,0.107553
0.039902,0.108917,0.051884,0.037759,0.206577,0.041191,0.063709,0.026677,0.092558,0.330826
0.034397,0.053144,0.106280,0.060941,0.023890,0.219273,0.203857,0.210056,0.021509,0.066652
0.066687,0.034781,0.036661,0.068753,0.137373,0.051484,0.103833,0.047704,0.044072,0.408651
0.129780,0.110189,0.049600,0.050758,0.035568,0.050816,0.068031,0.223041,0.081118,0.201100
0.075913,0.119996,0.046989,0.060241,0.138074,0.319792,0.062581,0.057587,0.062978,0.055850
0.059752,0.031376,0.053971,0.045771,0.023301,0.338995,0.324670,0.030854,0.039194,0.052116
0.078477,0.092120,0.167130,0.071503,0.139761,0.092231,0.093471,0.170092,0.043893,0.051321
0.083195,0.048792,0.035151,0.116448,0.288540,0.060150,0.180069,0.058255,0.062843,0.066556
0.093827,0.099634,0.062852,0.065964,0.235330,0.108893,0.111432,0.061745,0.066735,0.093589
0.072854,0.032070,0.043969,0.023606,0.030687,0.267130,0.253573,0.124168,0.029780,0.122164
0.044554,0.103946,0.077412,0.059345,0.022058,0.265216,0.249188,0.028166,0.020030,0.130085
0.056474,0.038390,0.226954,0.119164,0.117112,0.058043,0.170764,0.055340,0.045026,0.112733
0.004455,0.100176,0.176223,0.023735,0.025420,0.225705,0.210391,0.106447,0.022946,0.104502
0.055581,0.045258,0.037734,0.099976,0.205803,0.056536,0.134482,0.049191,0.246904,0.068533
0.038940,0.097226,0.071494,0.062349,0.022024,0.260878,0.245282,0.107177,0.020466,0.074163
0.085521,0.121956,0.061957,0.048022,0.095457,0.086930,0.135351,0.250406,0.052875,0.061526
0.007515,0.056862,0.148814,0.119269,0.024041,0.275613,0.263260,0.028288,0.019259,0.057078
0.185381,0.091470,0.115504,0.069801,0.125829,0.108347,0.076698,0.060227,0.064431,0.102312
0.055006,0.137953,0.044875,0.104911,0.156541,0.103188,0.110856,0.087880,0.094356,0.104434
0.008485,0.036238,0.116351,0.020499,0.023457,0.323797,0.313313,0.026185,0.085038,0.046637
0.082550,0.181472,0.051978,0.075666,0.046217,0.063946,0.128947,0.234378,0.075021,0.059824
0.094004,0.072845,0.043477,0.082663,0.159684,0.031450,0.082350,0.338045,0.050532,0.044950
0.073648,0.142060,0.037488,0.089264,0.101999,0.199819,0.063102,0.046155,0.033231,0.213236
0.088856,0.156900,0.213287,0.052253,0.184069,0.057750,0.093119,0.035077,0.064305,0.054383
0.050224,0.099717,0.103980,0.060639,0.244292,0.110913,0.113167,0.054741,0.050779,0.111547
0.056584,0.102760,0.126459,0.063947,0.116255,0.077324,0.114623,0.113554,0.052581,0.175914
0.040457,0.045790,0.072680,0.027041,0.044140,0.023099,0.618792,0.034439,0.064020,0.029542
0.078320,0.110309,0.179617,0.095240,0.095871,0.057160,0.058824,0.218807,0.059844,0.046009
0.022576,0.017400,0.022727,0.097494,0.022444,0.267818,0.251836,0.145888,0.066402,0.085415
0.078334,0.030043,0.092940,0.050823,0.024334,0.299823,0.286904,0.031470,0.021034,0.084295
0.059619,0.079236,0.056703,0.101823,0.177291,0.084881,0.115663,0.191997,0.057294,0.075494
0.052176,0.112068,0.073794,0.084200,0.022067,0.265010,0.246179,0.055502,0.029308,0.059696
0.030069,0.035878,0.033566,0.059646,0.112619,0.426091,0.070428,0.132954,0.027054,0.071695
0.058244,0.029993,0.028760,0.114846,0.028660,0.273062,0.257239,0.033963,0.022955,0.152277
0.037529,0.079499,0.112450,0.052317,0.022769,0.256124,0.238674,0.097582,0.028704,0.074353
0.131221,0.109468,0.099615,0.055032,0.122143,0.082647,0.079922,0.067950,0.063920,0.188080
0.062931,0.116224,0.085009,0.053540,0.130461,0.033224,0.121623,0.153733,0.055578,0.187677
0.037272,0.205228,0.052394,0.101170,0.128080,0.033592,0.092462,0.257207,0.037929,0.054667
0.043890,0.043728,0.123295,0.019232,0.064437,0.021698,0.559216,0.059647,0.021905,0.042953
0.044840,0.119877,0.035265,0.085561,0.147589,0.081470,0.077741,0.273670,0.088400,0.045587
0.055388,0.138082,0.178963,0.076321,0.145972,0.062397,0.085533,0.056266,0.103040,0.098039
0.040414,0.092741,0.176255,0.115249,0.226620,0.048347,0.083938,0.060443,0.042594,0.113398
0.045685,0.026583,0.110580,0.030442,0.069763,0.044462,0.581486,0.028625,0.022418,0.039956
0.073133,0.074013,0.150718,0.068799,0.153200,0.089948,0.099699,0.056598,0.059884,0.174008
0.208141,0.188667,0.055179,0.062816,0.109176,0.095024,0.098020,0.059059,0.042393,0.081525
0.076982,0.029962,0.042082,0.081368,0.113577,0.219833,0.080164,0.026569,0.033530,0.295933
0.033623,0.016517,0.140280,0.062489,0.020424,0.189281,0.172758,0.186817,0.074833,0.102978
0.064095,0.027901,0.247796,0.038411,0.026935,0.022122,0.030009,0.376908,0.032752,0.133072
0.043098,0.131794,0.035933,0.122509,0.213303,0.058391,0.088199,0.052074,0.205707,0.048992
0.068076,0.055670,0.113911,0.142323,0.175831,0.057987,0.068389,0.174107,0.069125,0.074580
0.150351,0.121567,0.052965,0.052184,0.033300,0.051113,0.062648,0.154728,0.044772,0.276374
0.041990,0.103407,0.049887,0.048357,0.116386,0.028810,0.143677,0.036995,0.034978,0.395512
0.063445,0.047942,0.076392,0.053364,0.185963,0.070561,0.095143,0.265458,0.066547,0.075183
0.061461,0.123316,0.153781,0.057228,0.123646,0.052679,0.077579,0.056823,0.068628,0.224858
0.086678,0.102437,0.204309,0.066660,0.042610,0.109299,0.079783,0.203662,0.046005,0.058558
0.058951,0.109488,0.092453,0.087837,0.144811,0.276024,0.076982,0.049127,0.058375,0.045951
0.250220,0.052813,0.052449,0.070907,0.182116,0.110964,0.068991,0.048700,0.099890,0.062950
0.086237,0.126649,0.050208,0.050594,0.202524,0.102702,0.139659,0.103813,0.067624,0.069991
0.165349,0.119479,0.070926,0.060547,0.141342,0.061232,0.135301,0.065661,0.058986,0.121177
0.053705,0.155798,0.130739,0.077199,0.137985,0.074608,0.109544,0.073383,0.053279,0.133759
0.084971,0.090171,0.208264,0.066972,0.153516,0.038681,0.171308,0.059865,0.069961,0.056292
0.005786,0.019650,0.056069,0.090116,0.024862,0.247484,0.230540,0.155761,0.084453,0.085279
0.051298,0.048706,0.138965,0.057014,0.120989,0.082631,0.110442,0.055590,0.136338,0.198026
0.041456,0.074162,0.079424,0.056699,0.166383,0.085268,0.064824,0.306323,0.041099,0.084363
0.074669,0.126000,0.066692,0.046492,0.140573,0.051044,0.133666,0.038486,0.058641,0.263737
0.030129,0.132016,0.042782,0.039584,0.064356,0.028486,0.039822,0.295425,0.128870,0.198529
0.055653,0.096309,0.035001,0.099687,0.023745,0.238708,0.222407,0.099298,0.028310,0.100883
0.065164,0.077895,0.064191,0.071912,0.101835,0.094784,0.139446,0.146236,0.058510,0.180027
0.084441,0.079723,0.147167,0.054920,0.147118,0.215398,0.110198,0.046979,0.056361,0.057695
0.147709,0.123775,0.043681,0.058418,0.121739,0.089895,0.117049,0.144709,0.061807,0.091217
0.019089,0.077814,0.018608,0.085026,0.020213,0.232585,0.217109,0.222441,0.015345,0.091770
0.040662,0.107102,0.129846,0.071633,0.022149,0.273878,0.256858,0.024430,0.022718,0.050723
0.084712,0.044051,0.063506,0.062889,0.162845,0.066558,0.139325,0.062361,0.062479,0.251274
0.069605,0.054069,0.076365,0.052966,0.167350,0.101585,0.132977,0.169125,0.079137,0.096822
0.042376,0.135332,0.059143,0.043294,0.135635,0.086462,0.086814,0.048442,0.072095,0.290408
0.047846,0.039140,0.208266,0.106973,0.034855,0.297379,0.078176,0.055176,0.039961,0.092228
0.051025,0.214162,0.173019,0.071790,0.035642,0.040654,0.132543,0.051836,0.156508,0.072821
0.107152,0.049624,0.184286,0.048552,0.157256,0.062836,0.109721,0.108397,0.121864,0.050311
0.046400,0.111276,0.255368,0.088859,0.038395,0.115585,0.068487,0.149731,0.047895,0.078004
0.056084,0.091417,0.007764,0.082006,0.022042,0.236881,0.220890,0.099143,0.082895,0.100879
0.104741,0.142458,0.102779,0.062739,0.109203,0.061641,0.067453,0.184954,0.111542,0.052489
0.115299,0.086285,0.039618,0.101186,0.190326,0.039368,0.085593,0.239070,0.050032,0.053223
0.079626,0.083625,0.035411,0.043196,0.200881,0.043752,0.112585,0.062700,0.036069,0.302155
0.066900,0.069257,0.073851,0.080714,0.076949,0.238733,0.048521,0.176711,0.097732,0.070633
0.205673,0.090289,0.035336,0.051055,0.282802,0.065252,0.092593,0.054213,0.069015,0.053772
0.100181,0.050997,0.171624,0.075227,0.135294,0.114822,0.196526,0.039182,0.051113,0.065033
0.039737,0.024869,0.062451,0.055142,0.023203,0.272803,0.259207,0.114227,0.056083,0.092278
0.017372,0.041211,0.068254,0.055384,0.059663,0.019225,0.650390,0.015312,0.018780,0.054409
0.031443,0.025705,0.018995,0.045026,0.019360,0.306852,0.292926,0.143130,0.067991,0.048572
0.050406,0.034437,0.021057,0.071228,0.024734,0.322824,0.311386,0.025436,0.018850,0.119642
0.067016,0.029024,0.024895,0.020685,0.027418,0.265354,0.251017,0.144758,0.025354,0.144480
0.063774,0.122453,0.166400,0.044928,0.093094,0.056045,0.129454,0.160473,0.096471,0.066907
0.058406,0.112591,0.130831,0.093094,0.102920,0.061927,0.097033,0.194534,0.080251,0.068413
0.043390,0.046196,0.039703,0.023102,0.069963,0.047086,0.545505,0.106512,0.042453,0.036089
0.106030,0.194341,0.079096,0.080065,0.134793,0.041197,0.164481,0.072651,0.066134,0.061212
0.111615,0.092262,0.054083,0.067517,0.020453,0.206937,0.189481,0.118494,0.061844,0.077315
0.131434,0.048523,0.052136,0.068774,0.178444,0.106445,0.062568,0.143227,0.143616,0.064832
0.070085,0.083328,0.045260,0.060544,0.027997,0.177473,0.052150,0.211923,0.074100,0.197141
0.077434,0.135365,0.059692,0.048558,0.143704,0.092830,0.083475,0.084164,0.076460,0.198317
0.049598,0.118224,0.140940,0.072511,0.031280,0.072494,0.074688,0.148700,0.122702,0.168863
0.096108,0.096081,0.079165,0.068935,0.196327,0.038764,0.091954,0.046773,0.223611,0.062282
0.098416,0.104208,0.131097,0.107075,0.046303,0.121917,0.195489,0.062402,0.064708,0.068384
0.124919,0.029386,0.072721,0.090078,0.020456,0.274093,0.258989,0.022433,0.063002,0.043923
0.018978,0.087869,0.148823,0.100061,0.019731,0.234997,0.218401,0.024662,0.054303,0.092174
0.041206,0.039438,0.032163,0.053485,0.165826,0.079028,0.121896,0.198949,0.034562,0.233447
0.062101,0.019155,0.022193,0.016738,0.013437,0.019063,0.657925,0.134996,0.024053,0.030339
0.057125,0.116711,0.029339,0.049887,0.082903,0.074676,0.056893,0.260620,0.044262,0.227585
0.057333,0.104894,0.026273,0.083952,0.026510,0.253800,0.236011,0.055676,0.079220,0.076331
0.072094,0.036389,0.043759,0.071399,0.027977,0.277370,0.262139,0.055876,0.037477,0.115520
0.086466,0.135925,0.106372,0.039142,0.122095,0.048177,0.083297,0.037591,0.049421,0.291514
0.006829,0.068075,0.007403,0.021077,0.024337,0.241642,0.230253,0.232750,0.071607,0.096026
0.052905,0.051362,0.045378,0.088935,0.025516,0.275059,0.256380,0.033708,0.083461,0.087295
0.056351,0.138159,0.052710,0.078698,0.086989,0.091123,0.074799,0.296189,0.073937,0.051046
0.078726,0.048457,0.137426,0.046331,0.149025,0.291252,0.083752,0.055072,0.060488,0.049472
0.046159,0.035944,0.121590,0.039047,0.086732,0.051874,0.103352,0.049751,0.145768,0.319784
0.069025,0.032164,0.041012,0.054685,0.027094,0.220797,0.204099,0.216243,0.069755,0.065127
0.043439,0.032993,0.154895,0.039629,0.118668,0.075187,0.062031,0.046243,0.142466,0.284449
0.068746,0.152107,0.068420,0.047841,0.158688,0.058711,0.137185,0.177537,0.062169,0.068595
0.041388,0.113161,0.033882,0.044253,0.284348,0.087646,0.081097,0.031023,0.186859,0.096344
0.051990,0.044357,0.057685,0.051917,0.035308,0.069401,0.104360,0.054282,0.094451,0.436249
0.129327,0.026478,0.026304,0.092963,0.019832,0.273778,0.258667,0.021552,0.029857,0.121243
0.132458,0.066073,0.080841,0.150617,0.052030,0.072432,0.133999,0.078205,0.088863,0.144480
0.054230,0.128704,0.163212,0.097425,0.130263,0.055593,0.089901,0.148959,0.045868,0.085846
0.088922,0.046803,0.090049,0.044941,0.094921,0.086787,0.083172,0.039299,0.155353,0.269753
0.006064,0.091703,0.123573,0.067856,0.022950,0.247680,0.233328,0.134148,0.023097,0.049601
0.080930,0.037918,0.059724,0.049986,0.156781,0.093144,0.158792,0.052568,0.102877,0.207281
0.057106,0.052471,0.068001,0.063337,0.020729,0.270345,0.254268,0.110492,0.064466,0.038785
0.024335,0.017405,0.042603,0.112830,0.022137,0.315476,0.300097,0.029967,0.077789,0.057361
0.084611,0.124017,0.104644,0.107230,0.158187,0.097050,0.113047,0.059150,0.061109,0.090956
0.021795,0.024906,0.124431,0.060189,0.023449,0.267699,0.252481,0.037995,0.064918,0.122137
0.067375,0.040661,0.069083,0.059958,0.131883,0.060324,0.106365,0.087532,0.076377,0.300443
0.058673,0.094028,0.036164,0.072687,0.023242,0.255979,0.239496,0.028461,0.063228,0.128041
0.052302,0.020532,0.068809,0.052009,0.026782,0.264598,0.249694,0.109893,0.067017,0.088365
0.062684,0.092408,0.088387,0.081998,0.026734,0.217013,0.197663,0.146471,0.026930,0.059711
0.055090,0.080775,0.060108,0.048758,0.148908,0.094840,0.092955,0.292890,0.060011,0.065666
0.080979,0.097338,0.076810,0.066672,0.112014,0.103429,0.161025,0.167042,0.079356,0.055335
0.045647,0.090653,0.046617,0.062329,0.158351,0.091882,0.127316,0.059400,0.104996,0.212810
0.048871,0.096705,0.158132,0.041489,0.224108,0.049278,0.112557,0.132656,0.042109,0.094096
0.057012,0.106959,0.165711,0.083950,0.133959,0.055008,0.074691,0.055979,0.046400,0.220331
0.094471,0.168170,0.052690,0.051984,0.138854,0.031426,0.129060,0.055551,0.037069,0.240725
0.188030,0.041054,0.047114,0.071357,0.028607,0.043538,0.031425,0.434198,0.032018,0.082659
0.053395,0.094115,0.147267,0.063017,0.128052,0.075606,0.066506,0.038438,0.037081,0.296522
0.088137,0.086335,0.046408,0.050106,0.033226,0.041145,0.113702,0.430518,0.071634,0.038789
0.053117,0.177867,0.047559,0.118085,0.039381,0.096226,0.163716,0.045077,0.207654,0.051319
0.076069,0.172801,0.045479,0.045440,0.187347,0.098711,0.081282,0.053739,0.182040,0.057092
0.051053,0.176488,0.068151,0.091794,0.207083,0.108584,0.134017,0.048351,0.051865,0.062612
0.074204,0.047774,0.087583,0.083872,0.231965,0.083923,0.076509,0.165867,0.057981,0.090321
0.030533,0.025534,0.034604,0.069780,0.030957,0.264161,0.247333,0.118819,0.025957,0.152321
0.051728,0.133160,0.110495,0.080794,0.080533,0.071432,0.050756,0.285241,0.051025,0.084835
0.135134,0.110410,0.135534,0.045418,0.119961,0.083214,0.092272,0.048564,0.054651,0.174843
0.038066,0.037189,0.182232,0.066969,0.120346,0.045931,0.055732,0.037502,0.072276,0.343758
0.070731,0.101072,0.052538,0.104938,0.148990,0.082753,0.218794,0.079028,0.051749,0.089408
0.143021,0.034866,0.073136,0.073092,0.096249,0.070699,0.091035,0.044502,0.046580,0.326820
0.084745,0.109755,0.006171,0.059745,0.021502,0.281298,0.267606,0.025935,0.017258,0.125984
0.030677,0.085860,0.004609,0.062185,0.019002,0.241976,0.226721,0.166628,0.068929,0.093414
0.088406,0.140676,0.068538,0.098713,0.039018,0.052254,0.119035,0.032693,0.160323,0.200343
0.072957,0.035770,0.157674,0.093091,0.096359,0.055815,0.077091,0.274652,0.087028,0.049564
0.051929,0.030948,0.037596,0.048328,0.218749,0.079655,0.084871,0.050382,0.071635,0.325909
0.082264,0.030115,0.028867,0.043450,0.096693,0.027290,0.068242,0.162032,0.125271,0.335775
0.078009,0.062905,0.098667,0.103210,0.052954,0.180248,0.173886,0.045328,0.105459,0.099333
0.066202,0.031104,0.009718,0.065594,0.026552,0.272151,0.260220,0.127336,0.039367,0.101756
0.049938,0.039393,0.173258,0.076983,0.213439,0.056437,0.080113,0.049482,0.160011,0.100946
0.051190,0.019493,0.165366,0.145590,0.022406,0.227565,0.209159,0.033229,0.020980,0.105023
0.041897,0.106060,0.130797,0.081382,0.113541,0.047803,0.098744,0.201506,0.123718,0.054550
0.093813,0.158381,0.059539,0.044684,0.103815,0.263649,0.078882,0.040237,0.054026,0.102975
0.230384,0.143001,0.064094,0.051792,0.183418,0.060840,0.072848,0.059353,0.059810,0.074460
0.079655,0.034326,0.170267,0.093843,0.023183,0.233415,0.217249,0.028689,0.019129,0.100244
0.098443,0.045531,0.042435,0.089456,0.203765,0.106760,0.115708,0.141663,0.102231,0.054008
0.090864,0.157573,0.080304,0.055238,0.178417,0.105081,0.124827,0.062129,0.072582,0.072984
0.106567,0.051575,0.042834,0.063585,0.112926,0.097304,0.163346,0.034291,0.064820,0.262751
0.042576,0.138153,0.040424,0.081408,0.143737,0.059587,0.068005,0.297738,0.057825,0.070548
0.052625,0.089853,0.076608,0.037471,0.231354,0.043057,0.049987,0.048001,0.055301,0.315743
0.064673,0.104668,0.063083,0.056444,0.106828,0.081349,0.102453,0.116919,0.124863,0.178721
0.076971,0.170172,0.033392,0.106896,0.255502,0.050205,0.120894,0.054588,0.059310,0.072069
0.059977,0.098518,0.182522,0.082220,0.144464,0.064321,0.160384,0.056344,0.059492,0.091758
0.033338,0.078879,0.108271,0.094445,0.020737,0.229052,0.212636,0.130035,0.016567,0.076040
0.106759,0.160880,0.043520,0.096740,0.077940,0.073981,0.114087,0.027841,0.049078,0.249174
0.016800,0.083930,0.119828,0.052474,0.017903,0.272862,0.259022,0.017357,0.051650,0.108173
0.129094,0.169358,0.050841,0.081895,0.181245,0.064898,0.093911,0.053444,0.045313,0.130001
0.075917,0.105504,0.038567,0.069201,0.122940,0.106246,0.187398,0.060031,0.119097,0.115099
0.083688,0.140852,0.061304,0.061819,0.178849,0.061338,0.128544,0.052256,0.175430,0.055918
0.055434,0.082233,0.181541,0.095838,0.119518,0.031215,0.135215,0.029905,0.037580,0.231521
0.067335,0.042763,0.064698,0.065927,0.127160,0.376747,0.107463,0.043592,0.053558,0.050758
0.080568,0.192050,0.033430,0.043320,0.032624,0.051550,0.103263,0.232818,0.185938,0.044440
0.152201,0.025939,0.026476,0.032954,0.023985,0.160849,0.045552,0.319996,0.023815,0.188232
0.074654,0.171244,0.199824,0.056668,0.029942,0.025186,0.083185,0.085263,0.035095,0.238939
0.053619,0.108770,0.044407,0.154611,0.026477,0.246445,0.228137,0.037030,0.023753,0.076750
0.080590,0.170317,0.044413,0.065803,0.039919,0.298449,0.089391,0.041298,0.061237,0.108584
0.049220,0.241841,0.059522,0.075783,0.177500,0.070272,0.071948,0.037084,0.085791,0.131038
0.080080,0.135650,0.170855,0.046521,0.155341,0.094223,0.103733,0.053867,0.064066,0.095663
0.104633,0.042070,0.064997,0.063461,0.288044,0.034983,0.185432,0.060874,0.088578,0.066927
0.033584,0.018456,0.048089,0.124848,0.022227,0.308788,0.293189,0.027479,0.026669,0.096671
0.087313,0.033402,0.042933,0.049290,0.076116,0.233849,0.042898,0.188432,0.032491,0.213275
0.030163,0.054613,0.097858,0.071186,0.087397,0.458112,0.070684,0.044743,0.046554,0.038690
0.062056,0.045812,0.047172,0.047271,0.162805,0.374137,0.106378,0.031271,0.065310,0.057788
0.066986,0.050111,0.046281,0.060780,0.143168,0.101431,0.111345,0.061572,0.089630,0.268696
0.044925,0.102216,0.133070,0.050615,0.082432,0.182082,0.087023,0.046373,0.049396,0.221868
0.093248,0.188097,0.037054,0.065829,0.177304,0.064461,0.105902,0.112859,0.102638,0.052608
0.076939,0.101211,0.074387,0.048930,0.281738,0.060937,0.139983,0.034917,0.121637,0.059320
0.195532,0.120090,0.037160,0.095007,0.139512,0.094103,0.086088,0.045078,0.083291,0.104138
0.043131,0.039050,0.026124,0.032655,0.090409,0.037178,0.637573,0.026010,0.040516,0.027355
0.090654,0.120413,0.034223,0.102329,0.099935,0.092272,0.119971,0.056807,0.077925,0.205469
0.065225,0.089329,0.047177,0.063336,0.133510,0.094456,0.140730,0.224316,0.060975,0.080947
0.094833,0.039045,0.228318,0.112789,0.106209,0.099685,0.091492,0.057708,0.043625,0.126296
0.077669,0.091382,0.040373,0.059738,0.105047,0.092328,0.103892,0.034040,0.105828,0.289703
0.045337,0.035482,0.039282,0.036795,0.119552,0.249666,0.049405,0.169346,0.048369,0.206765
0.037866,0.031942,0.133800,0.035131,0.130206,0.202807,0.074790,0.258686,0.057755,0.037016
0.095785,0.099967,0.165318,0.072488,0.126254,0.114589,0.131680,0.063482,0.052473,0.077963
0.073045,0.053806,0.079683,0.061377,0.176563,0.069549,0.187996,0.163485,0.068925,0.065572
0.055944,0.074168,0.170793,0.051106,0.168550,0.045410,0.124714,0.182455,0.052901,0.073958
0.045633,0.032455,0.175822,0.051400,0.086446,0.082388,0.052036,0.037317,0.051105,0.385398
0.121143,0.080266,0.005186,0.063361,0.021044,0.227764,0.213062,0.154827,0.020269,0.093079
0.056138,0.027417,0.033401,0.043274,0.105855,0.024911,0.065400,0.298891,0.028792,0.315921
0.075264,0.105082,0.045994,0.059043,0.028575,0.234328,0.215609,0.106941,0.035032,0.094132
0.078781,0.088558,0.064097,0.098452,0.143636,0.093220,0.120127,0.154638,0.063690,0.094800
0.099795,0.149645,0.070844,0.105998,0.174046,0.116939,0.089042,0.065675,0.065832,0.062184
0.050038,0.051075,0.030690,0.065827,0.020687,0.222351,0.204910,0.218523,0.075863,0.060035
0.069864,0.112886,0.083250,0.081143,0.042052,0.095750,0.050810,0.034959,0.082571,0.346714
0.073022,0.163030,0.145984,0.054308,0.046026,0.104911,0.182133,0.060831,0.109873,0.059882
0.028558,0.090311,0.029393,0.030916,0.066971,0.031754,0.482422,0.028621,0.036233,0.174821
0.059543,0.087476,0.036674,0.035168,0.062045,0.130486,0.500523,0.035212,0.029712,0.023160
0.089815,0.112236,0.085408,0.057990,0.145681,0.132491,0.091867,0.077152,0.071533,0.135828
0.034175,0.037854,0.040496,0.046074,0.148590,0.083530,0.099578,0.360476,0.036226,0.113001
0.065090,0.024148,0.090786,0.107732,0.026001,0.259874,0.241310,0.033096,0.091122,0.060839
0.096948,0.046225,0.060714,0.077631,0.127770,0.113483,0.199653,0.033031,0.131484,0.113061
0.046448,0.044572,0.168211,0.065466,0.127647,0.047884,0.056456,0.086668,0.153012,0.203637
0.081889,0.037095,0.151010,0.052344,0.128394,0.085877,0.090416,0.049522,0.053710,0.269743
0.085088,0.116900,0.058676,0.082504,0.197482,0.129552,0.133367,0.068289,0.055283,0.072859
0.036722,0.014670,0.061945,0.060931,0.021379,0.257213,0.240488,0.170129,0.066591,0.069933
0.054372,0.103697,0.051664,0.040809,0.141171,0.046867,0.092702,0.382664,0.036720,0.049334
0.083352,0.139471,0.175528,0.063727,0.160277,0.104532,0.070811,0.044003,0.063804,0.094495
0.040945,0.069185,0.037812,0.046548,0.129871,0.197250,0.107506,0.073013,0.082771,0.215100
0.052369,0.080541,0.053056,0.075547,0.030771,0.291948,0.276783,0.036471,0.033223,0.069291
0.049635,0.080663,0.053481,0.045060,0.137747,0.213153,0.062460,0.053342,0.056611,0.247850
0.063523,0.172636,0.082535,0.125321,0.124493,0.068973,0.122971,0.047196,0.074375,0.117976
0.099984,0.115190,0.073758,0.076524,0.196402,0.042882,0.072982,0.132971,0.072571,0.116737
0.070596,0.054016,0.072548,0.065733,0.021909,0.258014,0.240897,0.047583,0.068480,0.100223
0.127967,0.060010,0.087572,0.125280,0.050375,0.047298,0.184945,0.085372,0.061058,0.170124
0.057679,0.087321,0.054869,0.054624,0.143236,0.305568,0.095837,0.031273,0.116401,0.053192
0.056580,0.033214,0.051146,0.044894,0.186430,0.070961,0.118527,0.042221,0.047685,0.348342
0.052241,0.144368,0.063331,0.061034,0.160906,0.091563,0.066103,0.057392,0.062850,0.240213
0.062883,0.100411,0.054989,0.059862,0.111923,0.167115,0.110326,0.111140,0.059650,0.161701
0.122908,0.096221,0.071495,0.163931,0.035104,0.117091,0.131752,0.035803,0.097434,0.128261
0.105124,0.250554,0.042105,0.066468,0.115644,0.038247,0.067650,0.086530,0.081169,0.146509
0.044635,0.102299,0.234418,0.054214,0.119794,0.103730,0.094061,0.149903,0.046033,0.050912
0.216091,0.099537,0.071438,0.073833,0.137166,0.065502,0.081812,0.061619,0.071300,0.121703
0.060514,0.029956,0.116238,0.035111,0.110703,0.034130,0.039325,0.192349,0.030198,0.351477
0.079007,0.051881,0.193013,0.062578,0.161889,0.104302,0.130857,0.043153,0.106920,0.066400
0.055950,0.043178,0.180863,0.062047,0.154881,0.094205,0.093464,0.166761,0.055464,0.093188
0.063123,0.082040,0.064294,0.056206,0.094087,0.082072,0.128658,0.144797,0.040147,0.244576
0.006826,0.029882,0.118715,0.095548,0.021616,0.287181,0.274924,0.042665,0.016946,0.105696
0.112726,0.140436,0.052995,0.104261,0.030837,0.057518,0.097219,0.054137,0.054150,0.295721
0.046701,0.035054,0.180142,0.097459,0.096410,0.268342,0.074597,0.052223,0.103548,0.045522
0.064526,0.147057,0.063884,0.103641,0.103770,0.252573,0.103274,0.033861,0.063348,0.064065
0.031499,0.064945,0.046445,0.044284,0.109264,0.221867,0.104615,0.282351,0.031516,0.063214
0.007271,0.056869,0.007515,0.056590,0.020558,0.287457,0.276461,0.136604,0.072633,0.078044
0.029301,0.011372,0.072629,0.068907,0.017742,0.225093,0.208993,0.203472,0.052761,0.109729
0.070198,0.148144,0.087611,0.057592,0.213269,0.120153,0.093124,0.066328,0.075770,0.067812
0.059225,0.135102,0.029546,0.046364,0.068253,0.064874,0.107274,0.040642,0.030920,0.417800
0.164148,0.047361,0.055699,0.059765,0.037895,0.057296,0.143557,0.312749,0.073104,0.048426
0.060472,0.050054,0.053995,0.079385,0.228154,0.138417,0.144972,0.052625,0.117690,0.074234
0.071561,0.093470,0.051016,0.085763,0.112957,0.033067,0.075257,0.192770,0.052918,0.231222
0.087514,0.060242,0.029784,0.053302,0.045413,0.030797,0.466506,0.161812,0.030319,0.034312
0.046087,0.022587,0.116254,0.074075,0.022283,0.246505,0.230133,0.171321,0.020125,0.050631
0.089309,0.125991,0.079381,0.080759,0.052843,0.134714,0.128452,0.077628,0.103882,0.127042
0.059123,0.101467,0.039992,0.115523,0.024452,0.246950,0.230720,0.054647,0.023191,0.103935
0.065221,0.124213,0.028984,0.087673,0.024447,0.286147,0.266924,0.032484,0.020395,0.063511
0.032112,0.048404,0.029339,0.034649,0.016356,0.474837,0.026439,0.187101,0.088392,0.062373
0.027046,0.083956,0.030641,0.050992,0.022387,0.249981,0.234765,0.100591,0.062044,0.137597
0.034862,0.034658,0.049692,0.101190,0.028680,0.050564,0.079014,0.384388,0.166778,0.070174
0.060018,0.036417,0.048989,0.043688,0.112298,0.039525,0.058990,0.284727,0.032793,0.282555
0.063321,0.060622,0.076450,0.073213,0.202885,0.109862,0.153998,0.070778,0.085014,0.103858
0.032532,0.083690,0.113907,0.034096,0.092570,0.168544,0.043505,0.202010,0.043009,0.186139
0.119125,0.021856,0.027721,0.051685,0.021418,0.240909,0.225152,0.157873,0.062706,0.071554
0.069499,0.024405,0.008477,0.081502,0.029463,0.253954,0.238308,0.162575,0.036766,0.095051
0.074335,0.128128,0.173645,0.095636,0.036653,0.054740,0.067197,0.030962,0.049488,0.289217
0.052746,0.115210,0.035045,0.038035,0.152319,0.393330,0.049673,0.033750,0.099585,0.030309
0.030399,0.027502,0.026003,0.055196,0.021545,0.302796,0.288520,0.131598,0.068950,0.047490
0.089679,0.126890,0.063053,0.096621,0.131935,0.060363,0.135348,0.051956,0.154319,0.089836
0.047455,0.275789,0.071037,0.054268,0.039393,0.073790,0.161739,0.064723,0.070368,0.141439
0.065733,0.113424,0.077983,0.094765,0.201468,0.124700,0.117291,0.063896,0.079044,0.061696
0.038203,0.041954,0.120472,0.058289,0.125225,0.070228,0.077809,0.208789,0.118136,0.140894
0.045654,0.046209,0.018322,0.073823,0.020587,0.229043,0.213632,0.213539,0.052033,0.087159
0.049500,0.107280,0.041692,0.055850,0.196799,0.121821,0.220523,0.050874,0.075963,0.079698
0.045960,0.033836,0.156129,0.052406,0.127313,0.052996,0.120719,0.150273,0.078789,0.181577
0.072597,0.094215,0.088994,0.039224,0.156991,0.045373,0.062039,0.204251,0.049012,0.187303
0.057811,0.074479,0.043480,0.042985,0.136209,0.081638,0.137059,0.169454,0.047288,0.209597
0.142689,0.100849,0.103516,0.090269,0.121866,0.084529,0.115164,0.133371,0.058305,0.049442
0.081641,0.090045,0.059641,0.081226,0.221913,0.094803,0.074436,0.034213,0.168148,0.093934
0.099530,0.047368,0.297672,0.074295,0.041972,0.070101,0.204198,0.035423,0.061205,0.068235
0.191707,0.082874,0.185220,0.057359,0.152800,0.090008,0.080921,0.031678,0.049762,0.077671
0.074662,0.089063,0.140976,0.060552,0.095243,0.094108,0.062875,0.225829,0.068228,0.088463
0.102590,0.136560,0.169189,0.127584,0.037624,0.084387,0.044572,0.048807,0.155953,0.092735
0.045795,0.132446,0.170193,0.062217,0.139970,0.054259,0.090128,0.051953,0.058245,0.194794
0.053573,0.098765,0.050319,0.131044,0.412766,0.033797,0.088632,0.027815,0.036949,0.066339
0.038619,0.110430,0.047307,0.172096,0.037932,0.086255,0.168349,0.060473,0.180329,0.098210
0.069696,0.131819,0.063740,0.112331,0.140288,0.104559,0.090106,0.095305,0.085730,0.106425
0.084312,0.241388,0.062620,0.114397,0.035806,0.035970,0.093678,0.058021,0.141289,0.132518
0.066105,0.040582,0.075642,0.058797,0.215320,0.077532,0.049794,0.036675,0.091653,0.287901
0.044769,0.168454,0.039185,0.050937,0.173204,0.106099,0.171274,0.128693,0.054353,0.063032
0.026314,0.101326,0.028274,0.027626,0.058998,0.020206,0.623903,0.030641,0.042378,0.040334
0.061944,0.171132,0.205070,0.045063,0.151911,0.098152,0.082132,0.051453,0.084655,0.048487
0.055976,0.042590,0.047119,0.048403,0.146311,0.051770,0.166306,0.044588,0.063727,0.333210
0.075046,0.105476,0.074546,0.081276,0.168604,0.069573,0.119220,0.168898,0.063466,0.073896
0.062770,0.035715,0.055724,0.094960,0.138541,0.058017,0.143104,0.279578,0.070377,0.061212
0.097134,0.205443,0.177043,0.052400,0.126205,0.040864,0.100066,0.064426,0.059110,0.077308
0.074695,0.154304,0.125733,0.060729,0.187762,0.055074,0.108598,0.094533,0.046330,0.092243
0.057905,0.102977,0.118736,0.023546,0.031801,0.239239,0.222918,0.036656,0.034862,0.131360
0.044739,0.106451,0.092528,0.084440,0.027841,0.246590,0.227940,0.034173,0.026443,0.108855
0.177650,0.085373,0.063007,0.048056,0.168260,0.099339,0.157861,0.062651,0.080137,0.057666
0.067694,0.112015,0.140818,0.057036,0.119173,0.085125,0.096244,0.128364,0.134822,0.058709
0.051195,0.108853,0.146327,0.045168,0.119991,0.081732,0.096224,0.253535,0.049353,0.047622
0.057058,0.139864,0.096193,0.049095,0.151731,0.054964,0.106895,0.053601,0.061705,0.228893
0.084498,0.183860,0.038440,0.059187,0.102317,0.052015,0.129257,0.117640,0.127073,0.105712
0.064415,0.043767,0.188383,0.053347,0.034610,0.088192,0.098985,0.052199,0.039048,0.337054
0.023772,0.037450,0.073412,0.099470,0.024201,0.266381,0.251321,0.112767,0.022218,0.089008
0.097346,0.082146,0.062160,0.059331,0.105278,0.091307,0.145033,0.054831,0.078628,0.223941
0.067292,0.174563,0.066587,0.138262,0.116978,0.105589,0.060857,0.087432,0.046152,0.136288
0.038862,0.017654,0.030482,0.079230,0.023006,0.243312,0.226247,0.238149,0.025404,0.077654
0.041652,0.026315,0.071975,0.044771,0.021111,0.311307,0.295634,0.022339,0.065667,0.099230
0.043933,0.153755,0.046939,0.047943,0.166866,0.062798,0.088434,0.121107,0.200634,0.067593
0.066157,0.102707,0.087405,0.066545,0.138358,0.049102,0.074590,0.086568,0.039830,0.288737
0.044661,0.098489,0.036151,0.062259,0.019937,0.284092,0.265910,0.023680,0.029438,0.135384
0.053343,0.080693,0.062528,0.086707,0.025330,0.244808,0.228749,0.024971,0.064048,0.128823
0.025844,0.013893,0.146128,0.098238,0.017447,0.271890,0.256752,0.023969,0.016375,0.129463
0.005959,0.013699,0.135411,0.075020,0.018763,0.274577,0.261962,0.020898,0.067041,0.126671
0.067820,0.061948,0.040742,0.067936,0.023765,0.281535,0.264870,0.053090,0.018800,0.119495
0.085327,0.183523,0.045474,0.084760,0.044515,0.134370,0.190330,0.082967,0.086104,0.062629
0.057395,0.067678,0.030462,0.064282,0.143651,0.204287,0.071107,0.236063,0.047597,0.077479
0.066116,0.053416,0.109326,0.087081,0.115359,0.043036,0.051264,0.038008,0.143156,0.293239
0.059253,0.054135,0.047004,0.047658,0.148080,0.101265,0.112584,0.056699,0.079998,0.293324
0.076180,0.086453,0.061816,0.058386,0.197891,0.090843,0.117167,0.056648,0.071942,0.182674
0.004189,0.150014,0.014436,0.026576,0.023725,0.221779,0.205628,0.222826,0.023645,0.107183
0.053094,0.139769,0.033233,0.047092,0.141801,0.094139,0.106027,0.056721,0.041030,0.287094
0.047382,0.017178,0.141986,0.074196,0.021568,0.294531,0.278122,0.046928,0.022801,0.055308
0.031678,0.029314,0.107707,0.068842,0.018032,0.241844,0.225896,0.113811,0.055235,0.107641
0.062078,0.032699,0.033391,0.045516,0.214084,0.042518,0.063883,0.302700,0.139506,0.063625
0.056444,0.166094,0.032275,0.035971,0.164141,0.262878,0.067010,0.100543,0.075059,0.039585
0.070940,0.094818,0.025143,0.076533,0.025501,0.286627,0.271209,0.028143,0.022573,0.098514
0.034807,0.081921,0.031834,0.062157,0.025465,0.230226,0.214860,0.221258,0.022520,0.074952
0.204144,0.084266,0.035921,0.104121,0.151109,0.033990,0.093778,0.049319,0.184877,0.058474
0.093062,0.070611,0.122613,0.046364,0.025660,0.074324,0.043290,0.024650,0.031456,0.467972
0.066836,0.039658,0.090141,0.059198,0.140681,0.092371,0.134760,0.256263,0.068777,0.051315
0.040932,0.029337,0.143179,0.068531,0.019883,0.291519,0.275523,0.023951,0.061989,0.045156
0.094483,0.079973,0.052983,0.064749,0.142854,0.051806,0.053478,0.045710,0.037090,0.376876
0.020870,0.018235,0.138319,0.082244,0.023207,0.215698,0.198316,0.214373,0.019141,0.069598
0.039898,0.117537,0.042813,0.089948,0.023619,0.277263,0.259991,0.061172,0.023824,0.063934
0.168709,0.055704,0.175400,0.047605,0.154550,0.100033,0.095708,0.054681,0.058574,0.089036
