0.065512,0.026461,0.015352,0.100905,0.019711,0.243315,0.229089,0.229614,0.017085,0.052954
0.073464,0.145447,0.051194,0.058237,0.112397,0.192938,0.080055,0.028888,0.101377,0.156004
0.030495,0.080350,0.033313,0.045842,0.017839,0.278052,0.262315,0.094744,0.057684,0.099366
0.064298,0.069479,0.041219,0.076338,0.023370,0.236147,0.221155,0.156977,0.021621,0.089396
0.049909,0.225933,0.060402,0.085928,0.221084,0.088538,0.103320,0.059107,0.040845,0.064933
0.075605,0.038834,0.059789,0.052361,0.194525,0.032937,0.206340,0.095651,0.199296,0.044663
0.029942,0.044680,0.115082,0.084728,0.021488,0.261406,0.246647,0.026019,0.043375,0.126633
0.140964,0.082494,0.035863,0.054551,0.112363,0.054168,0.109701,0.081783,0.066436,0.261678
0.109461,0.038307,0.063253,0.081723,0.017491,0.220024,0.206208,0.202250,0.016251,0.045032
0.027238,0.052797,0.007904,0.017519,0.020179,0.296980,0.286747,0.131132,0.035890,0.123615
0.034974,0.038396,0.122818,0.046083,0.151807,0.214124,0.076372,0.033973,0.044036,0.237417
0.086528,0.029419,0.034479,0.034425,0.107255,0.478335,0.066599,0.076476,0.063805,0.022679
0.073441,0.059284,0.011842,0.107088,0.025970,0.283458,0.273709,0.028362,0.024482,0.112365
0.035631,0.031288,0.074451,0.048489,0.159423,0.179302,0.115446,0.041089,0.094159,0.220722
0.046862,0.216056,0.052255,0.172827,0.106362,0.051529,0.102672,0.035056,0.088363,0.128018
0.044785,0.088780,0.052349,0.047952,0.157896,0.182488,0.097370,0.239544,0.047026,0.041810
0.078435,0.038417,0.088766,0.061452,0.078074,0.311224,0.147778,0.057574,0.051011,0.087268
0.040388,0.021487,0.047013,0.084879,0.025247,0.270480,0.253111,0.105901,0.075107,0.076388
0.077316,0.050244,0.165910,0.051235,0.175532,0.131100,0.087751,0.033473,0.100064,0.127377
0.167551,0.043077,0.054278,0.064642,0.172752,0.082409,0.062360,0.051973,0.116285,0.184674
0.104415,0.040159,0.069098,0.084820,0.229304,0.094969,0.182230,0.061895,0.072483,0.060627
0.029199,0.079748,0.004716,0.056974,0.017601,0.238601,0.223904,0.222642,0.061466,0.065148
0.048520,0.092025,0.170496,0.042494,0.139347,0.221043,0.152659,0.031213,0.057060,0.045142
0.020863,0.082495,0.040292,0.055581,0.022488,0.243038,0.228170,0.096199,0.083537,0.127337
0.056765,0.090448,0.007794,0.061271,0.023252,0.268186,0.255049,0.110087,0.020426,0.106722
0.090390,0.031402,0.068251,0.030420,0.027756,0.060979,0.116778,0.500002,0.042660,0.031362
0.019387,0.021242,0.079412,0.026210,0.019327,0.298298,0.288344,0.118673,0.033426,0.095681
0.079208,0.036544,0.171926,0.045055,0.037334,0.080455,0.096530,0.197220,0.060121,0.195606
0.026134,0.086363,0.013993,0.051492,0.017512,0.264996,0.250289,0.166997,0.016646,0.105578
0.089120,0.107822,0.046812,0.086708,0.034514,0.061424,0.267033,0.074763,0.051098,0.180706
0.138169,0.027073,0.017090,0.087584,0.024700,0.273088,0.259045,0.044251,0.026921,0.102078
0.083164,0.071724,0.095920,0.060155,0.035671,0.088619,0.168383,0.254619,0.043004,0.098742
0.085207,0.164014,0.036532,0.064103,0.162048,0.086934,0.110044,0.123268,0.057930,0.109920
0.201069,0.035559,0.061248,0.044818,0.242965,0.059073,0.102705,0.055751,0.136238,0.060574
0.043240,0.056553,0.009420,0.099398,0.025885,0.270106,0.257613,0.120641,0.022471,0.094673
0.138878,0.014911,0.042631,0.055579,0.019633,0.281469,0.262998,0.039714,0.068663,0.075524
0.067686,0.122262,0.113893,0.054397,0.254709,0.119795,0.082983,0.064317,0.056953,0.063006
0.082066,0.157662,0.079875,0.026933,0.025834,0.233276,0.214885,0.033542,0.027525,0.118402
0.243721,0.036823,0.043397,0.051066,0.248578,0.060415,0.114094,0.060825,0.093801,0.047279
0.106356,0.103576,0.146931,0.048475,0.098763,0.033527,0.079418,0.064049,0.055823,0.263081
0.024282,0.053726,0.043203,0.107491,0.022673,0.308420,0.293977,0.025160,0.052750,0.068318
0.008433,0.049713,0.015007,0.056390,0.019324,0.291159,0.279948,0.190669,0.047664,0.041692
0.097592,0.114766,0.072478,0.079924,0.184569,0.068707,0.141493,0.107635,0.070576,0.062261
0.064016,0.094427,0.204580,0.050042,0.112971,0.077330,0.181430,0.035781,0.062895,0.116529
0.130951,0.126896,0.074679,0.048273,0.024089,0.211651,0.194960,0.035373,0.097877,0.055251
0.040564,0.161564,0.059711,0.042471,0.131495,0.099437,0.069116,0.052466,0.049827,0.293349
0.122707,0.024465,0.077627,0.017947,0.023698,0.263000,0.250094,0.023350,0.066036,0.131077
0.078866,0.087993,0.069845,0.125716,0.221714,0.099165,0.087635,0.062062,0.063383,0.103620
0.044098,0.087823,0.089988,0.057427,0.169438,0.196133,0.119662,0.052106,0.100354,0.082970
0.124850,0.070724,0.119929,0.058189,0.162500,0.028789,0.101775,0.232190,0.033439,0.067615
0.092129,0.214282,0.077568,0.070077,0.113822,0.095947,0.141950,0.042725,0.062785,0.088714
0.087868,0.057063,0.193031,0.075215,0.209555,0.086954,0.100568,0.068245,0.050537,0.070964
0.125061,0.028473,0.032071,0.059303,0.090306,0.053205,0.065287,0.235694,0.030247,0.280352
0.038250,0.023234,0.063276,0.067450,0.027800,0.249243,0.233753,0.157271,0.031775,0.107948
0.059816,0.145978,0.077531,0.057405,0.119334,0.101298,0.158706,0.063226,0.111249,0.105458
0.069936,0.115176,0.054457,0.059066,0.131595,0.108074,0.085854,0.051921,0.266859,0.057062
0.069228,0.156326,0.035611,0.062443,0.127784,0.051960,0.064345,0.049496,0.069659,0.313148
0.053793,0.034810,0.062536,0.073643,0.091238,0.077359,0.143647,0.208421,0.053596,0.200958
0.006941,0.079574,0.018415,0.065101,0.017799,0.281631,0.270402,0.108837,0.055747,0.095554
0.082568,0.105823,0.044170,0.079993,0.137553,0.070179,0.101605,0.059371,0.084344,0.234394
0.035824,0.083602,0.036445,0.053993,0.021036,0.297674,0.280609,0.022770,0.069060,0.098988
0.005636,0.017080,0.076468,0.067680,0.020824,0.238870,0.224795,0.229509,0.063699,0.055440
0.042051,0.078852,0.103230,0.098912,0.024526,0.229461,0.214751,0.121147,0.023371,0.063698
0.141696,0.053830,0.057301,0.081462,0.166953,0.102498,0.134668,0.091221,0.101239,0.069132
0.025897,0.048928,0.088621,0.064016,0.019643,0.303639,0.289383,0.021320,0.021513,0.117039
0.099425,0.088466,0.190470,0.059406,0.109070,0.092028,0.149591,0.066455,0.066004,0.079084
0.057280,0.104682,0.115724,0.066355,0.201590,0.099716,0.128286,0.054633,0.075351,0.096383
0.048964,0.089776,0.058482,0.104154,0.037638,0.080345,0.138203,0.084422,0.103625,0.254392
0.051334,0.029496,0.035999,0.052029,0.182084,0.033251,0.034842,0.195188,0.027842,0.357934
0.082054,0.100656,0.063212,0.053416,0.140523,0.100574,0.075188,0.231210,0.067197,0.085968
0.040328,0.044932,0.058863,0.052193,0.102258,0.402769,0.057188,0.057964,0.055009,0.128497
0.087767,0.089930,0.070193,0.069182,0.239504,0.074087,0.179606,0.036676,0.047724,0.105332
0.043929,0.040378,0.106912,0.146827,0.184315,0.034023,0.186668,0.145392,0.051582,0.059975
0.034975,0.038328,0.059358,0.047641,0.325503,0.118538,0.048178,0.194085,0.037685,0.095709
0.111049,0.101751,0.131409,0.064662,0.017731,0.192453,0.177322,0.113568,0.020322,0.069733
0.072289,0.163163,0.077340,0.107886,0.022094,0.214419,0.194646,0.030524,0.026167,0.091474
0.068686,0.101995,0.135817,0.048395,0.150010,0.070648,0.081122,0.031229,0.052361,0.259738
0.063041,0.023457,0.090489,0.117508,0.026082,0.261178,0.246202,0.034334,0.028923,0.108785
0.036637,0.098491,0.040939,0.127960,0.020603,0.289410,0.271401,0.024468,0.029974,0.060117
0.054999,0.046556,0.055257,0.063112,0.034924,0.168620,0.153462,0.266120,0.065120,0.091830
0.167457,0.135094,0.038735,0.042077,0.218148,0.047210,0.084523,0.056367,0.121688,0.088701
0.044230,0.111603,0.076544,0.059325,0.114242,0.074286,0.050797,0.154389,0.038339,0.276245
0.035845,0.085771,0.108321,0.050916,0.118702,0.028462,0.082385,0.097410,0.040719,0.351468
0.024067,0.019569,0.046425,0.145913,0.023732,0.287188,0.269413,0.031382,0.033074,0.119237
0.059359,0.032864,0.054408,0.053696,0.130132,0.197199,0.101030,0.051337,0.045817,0.274158
0.038671,0.085526,0.170074,0.045136,0.084626,0.052321,0.090308,0.045723,0.035530,0.352086
0.066669,0.060878,0.086272,0.074019,0.119354,0.130574,0.164212,0.076471,0.056674,0.164877
0.142208,0.049103,0.059150,0.071359,0.258315,0.041405,0.120528,0.140337,0.062002,0.055592
0.083638,0.090779,0.063440,0.066412,0.192457,0.094104,0.088357,0.091714,0.060209,0.168891
0.054475,0.159575,0.201765,0.049998,0.165332,0.123315,0.084288,0.040857,0.055929,0.064465
0.033762,0.028792,0.032823,0.048667,0.191920,0.089236,0.133639,0.048121,0.038879,0.354160
0.068281,0.083657,0.053798,0.039558,0.180149,0.042162,0.142290,0.050436,0.034389,0.305280
0.103896,0.110958,0.197797,0.055106,0.097220,0.121591,0.116176,0.064127,0.073390,0.059739
0.037742,0.034174,0.007025,0.065217,0.020100,0.300700,0.288770,0.131660,0.027656,0.086956
0.071977,0.033751,0.080186,0.073959,0.070813,0.038639,0.085557,0.053442,0.127945,0.363731
0.005440,0.020530,0.126793,0.123855,0.023294,0.249038,0.234845,0.103709,0.022258,0.090239
0.040500,0.120180,0.052267,0.039092,0.198132,0.038873,0.060120,0.026803,0.112726,0.311307
0.033227,0.066675,0.099819,0.068666,0.023671,0.215855,0.201439,0.208153,0.023029,0.059467
0.071727,0.033791,0.035641,0.076130,0.142891,0.058939,0.121522,0.053271,0.047569,0.358520
0.130898,0.125665,0.051143,0.052123,0.034581,0.055838,0.062756,0.221533,0.090764,0.174699
0.082255,0.117132,0.044572,0.056704,0.146252,0.315927,0.061596,0.060383,0.056236,0.058943
0.062159,0.033686,0.026700,0.052042,0.023666,0.338757,0.326820,0.031890,0.040882,0.063399
0.076848,0.099101,0.152363,0.072350,0.138748,0.091017,0.096161,0.184381,0.041440,0.047592
0.084858,0.047914,0.035194,0.138770,0.257811,0.064514,0.189790,0.059824,0.057393,0.063933
0.094661,0.101010,0.071407,0.060008,0.247267,0.093329,0.117593,0.058634,0.061294,0.094796
0.063759,0.030740,0.062455,0.024698,0.030800,0.267842,0.254044,0.118274,0.032726,0.114662
0.050991,0.090542,0.084588,0.067224,0.021340,0.270520,0.255353,0.027286,0.020293,0.111863
0.054677,0.037402,0.217468,0.137521,0.108315,0.052079,0.174849,0.060124,0.044185,0.113379
0.004655,0.092439,0.167357,0.024319,0.024175,0.238442,0.224111,0.109642,0.024500,0.090359
0.056699,0.042410,0.037774,0.107955,0.196665,0.052846,0.138816,0.048782,0.248637,0.069415
0.047126,0.088111,0.078306,0.054844,0.022198,0.271162,0.255677,0.098501,0.024455,0.059620
0.079068,0.140854,0.060163,0.050747,0.080588,0.086590,0.139103,0.254782,0.050790,0.057314
0.007874,0.070709,0.139112,0.104957,0.024005,0.274842,0.262782,0.028810,0.021408,0.065499
0.189470,0.091726,0.117946,0.071690,0.118343,0.108959,0.068376,0.064482,0.062508,0.106500
0.055645,0.137008,0.041093,0.116168,0.143493,0.115160,0.104231,0.096736,0.086907,0.103559
0.008890,0.037524,0.117626,0.020581,0.022998,0.315907,0.306386,0.027810,0.087413,0.054865
0.082243,0.183684,0.045463,0.071121,0.041931,0.054518,0.146239,0.257179,0.064888,0.052732
0.087194,0.080658,0.047194,0.072064,0.173500,0.029350,0.078766,0.342283,0.044641,0.044350
0.078856,0.140145,0.036486,0.083042,0.106340,0.204132,0.064622,0.047246,0.032974,0.206157
0.090136,0.155112,0.214286,0.058874,0.181621,0.053751,0.089041,0.035109,0.069797,0.052273
0.050688,0.097609,0.107149,0.060311,0.254110,0.104457,0.114373,0.051920,0.049500,0.109881
0.056044,0.113504,0.118755,0.062296,0.103066,0.074943,0.113779,0.116834,0.053060,0.187718
0.045720,0.047521,0.075459,0.029542,0.046062,0.023457,0.571531,0.043079,0.084866,0.032762
0.079679,0.104145,0.171551,0.084849,0.089850,0.065528,0.056443,0.252885,0.052180,0.042891
0.022241,0.018883,0.017282,0.102721,0.022362,0.267161,0.251904,0.142198,0.074424,0.080825
0.067939,0.031071,0.098905,0.060156,0.024703,0.303078,0.290688,0.032134,0.022616,0.068711
0.062899,0.077128,0.054409,0.113985,0.176398,0.083170,0.116721,0.193891,0.047932,0.073466
0.058583,0.121818,0.070122,0.088045,0.021390,0.245367,0.225945,0.059640,0.037128,0.071962
0.038622,0.036069,0.033346,0.060232,0.106767,0.404807,0.068374,0.149181,0.028297,0.074304
0.069731,0.030571,0.022983,0.103612,0.028994,0.276581,0.260913,0.036579,0.025825,0.144212
0.032975,0.081106,0.104310,0.058278,0.022000,0.258038,0.241278,0.092121,0.027119,0.082775
0.129740,0.121462,0.091901,0.055158,0.112213,0.076854,0.080711,0.072346,0.061836,0.197778
0.064319,0.123128,0.089682,0.051931,0.127717,0.031982,0.128868,0.164473,0.050297,0.167602
0.036375,0.229773,0.050498,0.081901,0.125781,0.030041,0.094259,0.264582,0.035260,0.051530
0.049283,0.045158,0.135110,0.022671,0.066222,0.022880,0.511719,0.077174,0.022480,0.047304
0.043053,0.132858,0.035449,0.095290,0.149754,0.067771,0.079385,0.255987,0.095330,0.045123
0.053028,0.139938,0.172121,0.075782,0.151422,0.062822,0.078047,0.054901,0.115729,0.096212
0.041980,0.106432,0.155392,0.100929,0.251918,0.045518,0.080731,0.059249,0.040745,0.117108
0.052304,0.030218,0.109125,0.034611,0.071560,0.050337,0.551470,0.031412,0.023030,0.045933
0.074583,0.076836,0.147583,0.071184,0.170502,0.080715,0.097879,0.058715,0.054067,0.167935
0.199600,0.205410,0.060295,0.062680,0.089014,0.105382,0.099962,0.058913,0.038141,0.080603
0.072718,0.030325,0.048545,0.099721,0.126571,0.207113,0.098161,0.027339,0.032152,0.257356
0.031602,0.015945,0.126165,0.067550,0.019402,0.192470,0.177448,0.191293,0.080832,0.097293
0.063817,0.025960,0.251228,0.032826,0.023685,0.024283,0.029987,0.390261,0.030600,0.127353
0.043860,0.123010,0.035160,0.141617,0.219843,0.062936,0.080754,0.058099,0.188417,0.046305
0.069993,0.052702,0.118023,0.122356,0.174007,0.059758,0.063715,0.204851,0.062510,0.072085
0.146269,0.111351,0.051915,0.051287,0.032251,0.056136,0.054604,0.159612,0.043401,0.293174
0.038391,0.089940,0.046680,0.041898,0.109863,0.025560,0.141867,0.034335,0.030353,0.441112
0.064113,0.041395,0.070721,0.051746,0.193553,0.078423,0.084287,0.287619,0.058489,0.069656
0.065867,0.144965,0.152137,0.058293,0.123436,0.047598,0.071196,0.056941,0.068454,0.211112
0.089291,0.111977,0.192222,0.069416,0.041897,0.094810,0.071490,0.223678,0.045452,0.059768
0.067214,0.106697,0.100486,0.082242,0.141069,0.274110,0.074554,0.056353,0.052883,0.044391
0.245552,0.050561,0.046430,0.070522,0.192226,0.126279,0.064974,0.045007,0.096591,0.061859
0.084532,0.113146,0.044210,0.053272,0.203728,0.112712,0.142063,0.114257,0.067756,0.064324
0.162448,0.127824,0.071022,0.062674,0.119543,0.065617,0.134995,0.068088,0.058181,0.129608
0.055909,0.146720,0.138032,0.078506,0.131282,0.084503,0.102053,0.076555,0.053840,0.132601
0.088020,0.092229,0.197767,0.069716,0.156573,0.036241,0.181029,0.061038,0.064306,0.053079
0.005958,0.019222,0.070333,0.092470,0.023775,0.243840,0.225928,0.148537,0.078732,0.091205
0.051751,0.047126,0.131966,0.054169,0.123319,0.076753,0.115139,0.055628,0.128419,0.215730
0.042839,0.075053,0.084285,0.058100,0.178673,0.083222,0.058222,0.296824,0.040725,0.082058
0.071771,0.126921,0.062452,0.048958,0.125723,0.045315,0.134892,0.036293,0.053351,0.294324
0.031169,0.128379,0.043520,0.040651,0.057577,0.027608,0.040172,0.313221,0.130153,0.187549
0.046890,0.103310,0.039797,0.103226,0.023703,0.241220,0.225730,0.094585,0.034046,0.087492
0.068197,0.079977,0.063612,0.072779,0.087852,0.083334,0.147317,0.163975,0.061562,0.171396
0.078414,0.086357,0.147572,0.051858,0.158502,0.205938,0.118535,0.047870,0.049876,0.055077
0.145893,0.123134,0.039626,0.058109,0.118004,0.100690,0.120503,0.152606,0.053085,0.088349
0.018888,0.068899,0.014415,0.095563,0.020062,0.233959,0.218982,0.222759,0.017159,0.089314
0.036098,0.094411,0.120825,0.079752,0.021492,0.278030,0.260122,0.023642,0.027671,0.057956
0.086272,0.039849,0.069003,0.059366,0.172798,0.074297,0.149410,0.060830,0.066101,0.222074
0.069275,0.052468,0.071770,0.056051,0.151886,0.115281,0.138479,0.172393,0.075298,0.097100
0.042947,0.156100,0.058368,0.042668,0.142495,0.097059,0.089991,0.052286,0.071518,0.246567
0.048114,0.036055,0.208502,0.129289,0.034745,0.281928,0.068982,0.056854,0.037592,0.097938
0.053259,0.189742,0.161820,0.078037,0.032376,0.037270,0.138736,0.057746,0.185874,0.065141
0.092533,0.045991,0.162038,0.046800,0.159702,0.069209,0.123848,0.118641,0.135810,0.045427
0.044967,0.122361,0.239125,0.091404,0.035347,0.095691,0.063184,0.189713,0.042378,0.075830
0.062480,0.101064,0.010494,0.085430,0.021205,0.235609,0.220423,0.088555,0.090471,0.084269
0.093844,0.143416,0.103290,0.062745,0.098980,0.067207,0.063683,0.193387,0.125106,0.048343
0.106017,0.077934,0.041829,0.085132,0.202248,0.040390,0.088288,0.261193,0.045251,0.051718
0.080835,0.086980,0.034646,0.045249,0.216320,0.049978,0.125131,0.067809,0.035447,0.257605
0.068301,0.070818,0.077388,0.070841,0.072742,0.213239,0.046993,0.192490,0.115549,0.071638
0.213421,0.093408,0.036065,0.057522,0.263738,0.075395,0.087178,0.061108,0.060655,0.051510
0.100195,0.047193,0.158500,0.077696,0.132734,0.112355,0.212239,0.039695,0.053039,0.066355
0.038255,0.025286,0.066395,0.049168,0.024254,0.277552,0.264113,0.104335,0.058779,0.091862
0.018968,0.045193,0.064524,0.071359,0.071020,0.019414,0.617118,0.016262,0.018717,0.057425
0.033469,0.028000,0.016225,0.059340,0.020740,0.291466,0.277553,0.143342,0.071743,0.058122
0.047915,0.035390,0.019737,0.070337,0.024509,0.317260,0.307038,0.025420,0.021533,0.130861
0.070799,0.029025,0.020111,0.021658,0.027029,0.267741,0.253869,0.144288,0.030615,0.134864
0.062609,0.123889,0.155805,0.044103,0.086270,0.061700,0.130400,0.163044,0.105299,0.066881
0.061632,0.106999,0.124759,0.081007,0.087507,0.071000,0.103155,0.216658,0.081180,0.066104
0.041812,0.040002,0.038640,0.022606,0.069813,0.038087,0.562776,0.112775,0.039951,0.033538
0.105453,0.202863,0.077479,0.083828,0.123698,0.037913,0.175269,0.074275,0.063393,0.055829
0.112063,0.100053,0.059242,0.071989,0.019803,0.204711,0.187974,0.114757,0.057493,0.071915
0.117504,0.045741,0.046588,0.067347,0.154056,0.121075,0.058415,0.160892,0.165482,0.062900
0.067055,0.089726,0.045136,0.055439,0.027671,0.170351,0.049469,0.220712,0.088057,0.186383
0.078946,0.140328,0.063727,0.048604,0.152151,0.088113,0.078079,0.094224,0.076647,0.179180
0.055161,0.110192,0.139488,0.064433,0.031654,0.084607,0.087991,0.157970,0.118472,0.150032
0.098388,0.099510,0.080041,0.073361,0.197016,0.037532,0.081958,0.045778,0.221181,0.065236
0.101264,0.106477,0.138028,0.091755,0.045846,0.105374,0.206767,0.069673,0.064306,0.070509
0.124923,0.042510,0.074087,0.078164,0.020683,0.267808,0.252561,0.024643,0.064023,0.050598
0.018233,0.093174,0.128081,0.109569,0.019805,0.238776,0.223823,0.024466,0.055605,0.088468
0.041953,0.039625,0.031694,0.055229,0.177536,0.069542,0.132039,0.214483,0.034147,0.203750
0.065909,0.020429,0.027587,0.019759,0.014094,0.018877,0.607939,0.166824,0.024769,0.033814
0.056230,0.132823,0.028328,0.050421,0.069308,0.074307,0.049753,0.251038,0.042485,0.245309
0.051110,0.094800,0.019225,0.087993,0.026331,0.259813,0.242783,0.058252,0.085224,0.074468
0.061507,0.035910,0.049752,0.079478,0.028818,0.280754,0.265085,0.061408,0.037682,0.099607
0.082807,0.169253,0.102093,0.039994,0.118450,0.054563,0.080723,0.037600,0.046545,0.267972
0.006556,0.083219,0.009096,0.021851,0.023663,0.233663,0.222030,0.227105,0.071836,0.100984
0.057023,0.047625,0.048527,0.098050,0.024755,0.266386,0.247125,0.032117,0.080590,0.097803
0.064045,0.128755,0.060947,0.068138,0.086451,0.108841,0.072821,0.284125,0.073074,0.052804
0.082671,0.047901,0.134973,0.046575,0.164992,0.282511,0.079014,0.058329,0.056202,0.046830
0.050162,0.034527,0.120387,0.040496,0.086240,0.059414,0.117339,0.053570,0.148100,0.289764
0.072850,0.032552,0.045582,0.054544,0.026971,0.224620,0.209093,0.221694,0.049287,0.062808
0.046216,0.034114,0.158272,0.046953,0.134896,0.082271,0.057678,0.047440,0.144313,0.247847
0.070273,0.173459,0.062864,0.044921,0.158177,0.049772,0.135391,0.184388,0.060229,0.060526
0.044312,0.111984,0.034223,0.046041,0.270169,0.088813,0.079812,0.031911,0.188773,0.103963
0.068041,0.048199,0.069873,0.057691,0.034104,0.070085,0.119883,0.062570,0.107911,0.361644
0.129511,0.033374,0.036964,0.080907,0.019472,0.279863,0.264410,0.022657,0.028779,0.104064
0.122541,0.063619,0.087497,0.177688,0.049163,0.064202,0.139804,0.075080,0.074966,0.145440
0.052280,0.130485,0.148579,0.109262,0.129748,0.050326,0.092153,0.157166,0.042074,0.087927
0.081288,0.045887,0.091330,0.048444,0.078897,0.099695,0.084497,0.037286,0.145286,0.287389
0.006177,0.079316,0.116916,0.077598,0.022755,0.247197,0.233211,0.134209,0.025490,0.057132
0.080463,0.038454,0.064912,0.055243,0.145156,0.089712,0.165033,0.057609,0.118272,0.185145
0.052018,0.049335,0.057619,0.057089,0.021537,0.290742,0.274801,0.105651,0.045504,0.045705
0.022848,0.018744,0.060737,0.123530,0.021746,0.299492,0.283001,0.029054,0.077002,0.063845
0.079899,0.109900,0.102393,0.114896,0.158654,0.105971,0.124579,0.055201,0.057744,0.090763
0.022716,0.026041,0.123414,0.060470,0.023168,0.281176,0.266730,0.041764,0.044903,0.109618
0.066088,0.035481,0.064990,0.060047,0.128200,0.065826,0.098137,0.093250,0.074876,0.313105
0.050343,0.098313,0.041333,0.078826,0.022843,0.259887,0.244277,0.029878,0.063698,0.110601
0.053349,0.021237,0.075131,0.060460,0.027076,0.269281,0.254675,0.106930,0.046543,0.085319
0.068099,0.083953,0.075399,0.091159,0.026523,0.222484,0.203374,0.146128,0.026122,0.056759
0.052862,0.079901,0.061389,0.047327,0.155668,0.093191,0.095137,0.292421,0.061425,0.060678
0.082197,0.103425,0.073006,0.065474,0.103771,0.088605,0.168178,0.184153,0.079840,0.051352
0.047630,0.098438,0.042844,0.063915,0.153163,0.088537,0.138654,0.062023,0.118870,0.185926
0.047357,0.102460,0.130174,0.045886,0.225311,0.052301,0.130680,0.138547,0.037604,0.089681
0.065748,0.106195,0.165135,0.077272,0.129725,0.065168,0.073111,0.061496,0.047887,0.208263
0.088262,0.196807,0.053966,0.048859,0.135260,0.029957,0.138846,0.058564,0.037205,0.212274
0.179005,0.042421,0.043375,0.065966,0.025705,0.043458,0.035223,0.457878,0.032338,0.074632
0.056710,0.085684,0.133385,0.063501,0.119400,0.074322,0.059537,0.036754,0.036018,0.334690
0.082484,0.092429,0.051555,0.044392,0.029068,0.036444,0.119974,0.435162,0.072778,0.035712
0.053156,0.165983,0.043769,0.138482,0.039215,0.092996,0.173523,0.043549,0.200273,0.049054
0.075522,0.155205,0.041744,0.046456,0.196282,0.117731,0.077541,0.056446,0.174977,0.058097
0.052474,0.184127,0.075184,0.094640,0.200262,0.104088,0.129903,0.047352,0.049269,0.062701
0.076597,0.047165,0.091270,0.076355,0.224141,0.081058,0.072095,0.187185,0.054400,0.089733
0.028803,0.024399,0.024889,0.067677,0.028502,0.274702,0.258747,0.117000,0.026522,0.148759
0.057764,0.131187,0.107467,0.074388,0.078148,0.069837,0.049996,0.296780,0.049157,0.085277
0.136050,0.124882,0.130134,0.043384,0.117460,0.081064,0.103844,0.046840,0.054853,0.161489
0.036390,0.031996,0.173205,0.065389,0.115951,0.039479,0.051081,0.034633,0.068405,0.383470
0.075449,0.101637,0.049212,0.108585,0.123863,0.097712,0.237276,0.075215,0.047816,0.083235
0.148341,0.033865,0.081568,0.066901,0.103770,0.087321,0.105733,0.045525,0.046956,0.280019
0.087863,0.094382,0.006656,0.072256,0.021118,0.282609,0.269333,0.027825,0.018929,0.119029
0.032664,0.079839,0.005764,0.056531,0.019473,0.258461,0.243463,0.173461,0.048274,0.082070
0.082374,0.165428,0.064902,0.113420,0.037317,0.047056,0.125997,0.031547,0.151939,0.180018
0.073884,0.035875,0.150482,0.108471,0.083957,0.063515,0.073641,0.274181,0.084665,0.051329
0.055363,0.029524,0.033731,0.042984,0.188180,0.087571,0.095928,0.051397,0.069124,0.346200
0.080509,0.030905,0.028743,0.041392,0.106753,0.026711,0.068774,0.185234,0.124479,0.306501
0.077252,0.054525,0.099758,0.100966,0.052945,0.206859,0.178916,0.044402,0.088396,0.095981
0.066707,0.031522,0.010612,0.072815,0.026682,0.268777,0.256779,0.118870,0.038225,0.109011
0.053366,0.037438,0.164966,0.080831,0.206860,0.063240,0.077149,0.050742,0.160352,0.105057
0.051215,0.018216,0.151967,0.158099,0.020599,0.238178,0.220630,0.032355,0.021560,0.087181
0.041934,0.122528,0.121278,0.090452,0.103533,0.043715,0.104458,0.202409,0.118078,0.051614
0.088118,0.190225,0.064830,0.044303,0.096988,0.248766,0.069682,0.038715,0.052447,0.105926
0.239108,0.130829,0.069514,0.051128,0.196650,0.053529,0.068160,0.064418,0.056741,0.069924
0.082277,0.034192,0.151882,0.088756,0.023417,0.248002,0.232860,0.028921,0.021459,0.088234
0.097260,0.044330,0.041013,0.096301,0.183495,0.100830,0.121661,0.165383,0.099404,0.050322
0.092857,0.171907,0.079865,0.056969,0.172133,0.102880,0.123488,0.062766,0.065697,0.071438
0.101848,0.053595,0.046281,0.063886,0.112794,0.096959,0.180799,0.035237,0.070901,0.237701
0.049747,0.123905,0.037424,0.068534,0.155476,0.062599,0.073316,0.299299,0.060047,0.069651
0.051983,0.088474,0.084270,0.042673,0.228208,0.041105,0.050741,0.051423,0.062037,0.299086
0.065688,0.107760,0.060361,0.057562,0.106204,0.071213,0.107800,0.128903,0.120352,0.174158
0.077113,0.190952,0.032923,0.123715,0.219226,0.045956,0.127849,0.055649,0.053870,0.072748
0.061697,0.104344,0.176393,0.071403,0.144539,0.065238,0.163794,0.059911,0.057320,0.095363
0.035469,0.069806,0.107475,0.100817,0.020606,0.235779,0.220573,0.129808,0.018727,0.060940
0.105957,0.158670,0.042286,0.089867,0.079117,0.080351,0.130436,0.028209,0.048813,0.236295
0.018183,0.075921,0.113535,0.061936,0.018567,0.278356,0.264817,0.017662,0.055949,0.095073
0.122833,0.179942,0.047333,0.091049,0.170444,0.074815,0.086593,0.053025,0.041745,0.132222
0.076699,0.110228,0.037895,0.069595,0.112857,0.098377,0.189098,0.058085,0.134288,0.112879
0.081043,0.131500,0.064762,0.062484,0.184174,0.066638,0.135334,0.056254,0.162561,0.055251
0.061222,0.088953,0.179133,0.113976,0.120320,0.029517,0.141240,0.029172,0.034474,0.201991
0.077838,0.039379,0.066179,0.066787,0.109680,0.374506,0.119978,0.043852,0.053495,0.048305
0.076952,0.219264,0.031630,0.042173,0.030391,0.052154,0.095771,0.244779,0.166885,0.040001
0.164304,0.025624,0.028535,0.036243,0.023268,0.158328,0.054400,0.312990,0.023532,0.172775
0.080107,0.158250,0.214584,0.067894,0.028714,0.029626,0.089651,0.085086,0.035751,0.210336
0.054946,0.094995,0.046667,0.164687,0.024438,0.249853,0.232194,0.036791,0.024921,0.070508
0.081894,0.203213,0.040482,0.065097,0.038371,0.275035,0.082422,0.039180,0.064482,0.109823
0.051375,0.215357,0.054747,0.077824,0.185105,0.083119,0.072152,0.037299,0.090249,0.132774
0.078204,0.156006,0.156688,0.045835,0.145572,0.088674,0.119218,0.057216,0.059081,0.093506
0.099318,0.038596,0.066679,0.067424,0.271358,0.033309,0.201880,0.064530,0.091192,0.065715
0.034870,0.019282,0.064115,0.132653,0.021347,0.308344,0.292548,0.026430,0.027778,0.072633
0.086149,0.031387,0.042806,0.051854,0.066385,0.222395,0.041466,0.226280,0.029980,0.201298
0.029773,0.053490,0.084591,0.079106,0.078925,0.472436,0.074852,0.043423,0.047196,0.036209
0.070192,0.044971,0.044100,0.048589,0.178416,0.349303,0.103684,0.030602,0.071779,0.058363
0.073714,0.049074,0.042204,0.055436,0.143873,0.114231,0.130513,0.064705,0.090110,0.236140
0.045411,0.105212,0.131036,0.050998,0.081279,0.183523,0.087751,0.047768,0.053912,0.213111
0.094744,0.169823,0.037106,0.069768,0.164236,0.075220,0.113690,0.122974,0.100520,0.051918
0.077150,0.109013,0.072482,0.048202,0.244834,0.065488,0.150095,0.034455,0.137403,0.060877
0.205317,0.116037,0.036967,0.084912,0.146340,0.092651,0.082370,0.044334,0.084446,0.106627
0.045016,0.041075,0.025309,0.035099,0.101060,0.037817,0.620514,0.026995,0.039795,0.027321
0.087442,0.114832,0.034705,0.122437,0.095022,0.081455,0.130712,0.059027,0.080499,0.193867
0.065954,0.094405,0.043826,0.060170,0.132585,0.088849,0.146257,0.221714,0.062873,0.083368
0.098160,0.039156,0.224416,0.099913,0.105162,0.105594,0.088507,0.061554,0.041927,0.135611
0.079849,0.099827,0.042026,0.057403,0.100055,0.088799,0.123372,0.033912,0.120972,0.253787
0.047668,0.032430,0.036917,0.039865,0.129606,0.235857,0.046825,0.195573,0.044227,0.191032
0.037328,0.029038,0.133764,0.035197,0.141617,0.190882,0.072267,0.266330,0.058302,0.035276
0.100755,0.103522,0.161399,0.074951,0.105979,0.136196,0.126351,0.066785,0.048143,0.075919
0.076048,0.046775,0.089901,0.061070,0.145005,0.061826,0.202199,0.189647,0.067191,0.060337
0.059132,0.072838,0.163334,0.048642,0.173237,0.045745,0.124464,0.192667,0.047014,0.072927
0.049135,0.032908,0.183024,0.053825,0.084312,0.101326,0.052048,0.037724,0.049034,0.356664
0.124734,0.068956,0.006299,0.073164,0.020874,0.228770,0.214894,0.151255,0.022296,0.088758
0.055341,0.025960,0.029937,0.042606,0.094159,0.022564,0.067102,0.289187,0.025620,0.347523
0.084464,0.091974,0.049779,0.055647,0.027752,0.231504,0.213584,0.101976,0.035817,0.107504
0.075683,0.091323,0.061833,0.108240,0.127106,0.104323,0.124245,0.160335,0.054915,0.091997
0.103120,0.145340,0.079153,0.096520,0.183942,0.114911,0.082964,0.068075,0.066014,0.059960
0.055494,0.043248,0.033092,0.072336,0.019854,0.212752,0.196249,0.213978,0.083099,0.069899
0.098198,0.135503,0.067120,0.086007,0.037114,0.108323,0.055903,0.034339,0.070581,0.306912
0.077921,0.187030,0.136101,0.053664,0.044052,0.097579,0.184706,0.058279,0.101788,0.058881
0.032363,0.103298,0.032695,0.031262,0.066449,0.038517,0.432098,0.031708,0.039939,0.191671
0.061225,0.111380,0.041585,0.039815,0.061395,0.127387,0.461787,0.041692,0.029606,0.024128
0.095969,0.116891,0.086387,0.058776,0.139071,0.115952,0.089648,0.080441,0.070827,0.146038
0.033735,0.036062,0.036185,0.045738,0.153348,0.101130,0.099827,0.358012,0.032026,0.103936
0.057164,0.025012,0.074885,0.096901,0.025391,0.269960,0.250688,0.032273,0.097932,0.069795
0.087269,0.042816,0.063457,0.077319,0.110874,0.139734,0.213015,0.032942,0.121551,0.111024
0.046090,0.044254,0.169413,0.067695,0.138262,0.044303,0.055398,0.100355,0.148594,0.185635
0.075692,0.033814,0.138371,0.050249,0.121966,0.097576,0.087074,0.050259,0.050049,0.294951
0.092150,0.116512,0.051503,0.083395,0.194369,0.128263,0.138342,0.074283,0.047971,0.073210
0.033340,0.015871,0.068541,0.068732,0.021461,0.260751,0.244167,0.164795,0.067500,0.054841
0.060447,0.095805,0.051167,0.041414,0.134375,0.048798,0.089348,0.395060,0.033790,0.049796
0.082572,0.164020,0.172959,0.065797,0.149336,0.092122,0.064011,0.042634,0.067566,0.098984
0.039251,0.072240,0.034210,0.044859,0.131672,0.172426,0.106797,0.079169,0.091250,0.228126
0.049423,0.092526,0.055746,0.070003,0.030150,0.283349,0.266683,0.035732,0.034056,0.082331
0.053538,0.089379,0.058891,0.050551,0.137050,0.212036,0.057968,0.057056,0.055097,0.228434
0.065673,0.158221,0.079274,0.143588,0.114519,0.072338,0.141356,0.043604,0.064084,0.117343
0.095345,0.121939,0.068933,0.074893,0.203845,0.038641,0.066769,0.150226,0.063317,0.116092
0.069373,0.047622,0.078748,0.056217,0.021451,0.265012,0.248684,0.051359,0.076828,0.084705
0.130417,0.054195,0.097603,0.128959,0.047908,0.044433,0.177923,0.082950,0.056215,0.179398
0.054116,0.094437,0.054024,0.049572,0.152636,0.283037,0.091089,0.030278,0.138329,0.052482
0.061101,0.032387,0.054255,0.045361,0.182940,0.089065,0.135860,0.043847,0.045830,0.309354
0.052990,0.159676,0.065457,0.061125,0.156100,0.090727,0.066358,0.060181,0.060732,0.226654
0.062841,0.113894,0.053121,0.058616,0.116015,0.159830,0.112348,0.116447,0.058861,0.148027
0.126662,0.101582,0.073421,0.139271,0.035977,0.103058,0.145307,0.036168,0.107983,0.130571
0.108171,0.231052,0.041180,0.062850,0.113053,0.036621,0.068704,0.092866,0.090499,0.155004
0.044870,0.105971,0.222729,0.054965,0.100797,0.107253,0.087972,0.182359,0.045040,0.048044
0.225028,0.101524,0.077531,0.076614,0.114301,0.059661,0.078731,0.067809,0.075619,0.123181
0.058451,0.028802,0.100179,0.034689,0.097203,0.029800,0.036514,0.201860,0.028704,0.383797
0.078742,0.049758,0.185933,0.063156,0.144003,0.118593,0.136068,0.040722,0.121061,0.061965
0.058637,0.039597,0.175756,0.060439,0.143144,0.095797,0.097660,0.177332,0.054996,0.096641
0.063456,0.088662,0.064154,0.057638,0.090693,0.097389,0.135462,0.150913,0.040963,0.210669
0.007292,0.031427,0.099910,0.104822,0.021540,0.281529,0.270470,0.049300,0.018723,0.114985
0.110347,0.160846,0.056406,0.096160,0.031809,0.069767,0.092286,0.055126,0.053411,0.273842
0.046131,0.033993,0.182712,0.117403,0.082495,0.248440,0.069615,0.053470,0.122585,0.043155
0.067817,0.171936,0.060478,0.118002,0.091829,0.231361,0.115776,0.031662,0.052592,0.058547
0.033620,0.073819,0.048108,0.042856,0.104426,0.205912,0.114185,0.280321,0.031937,0.064817
0.008438,0.053556,0.008965,0.062985,0.020266,0.301598,0.293087,0.134164,0.052138,0.064803
0.028048,0.013040,0.061488,0.063609,0.018645,0.233902,0.219731,0.202282,0.055251,0.104004
0.076847,0.143709,0.087727,0.059875,0.207542,0.118609,0.087435,0.074738,0.072731,0.070786
0.064984,0.134790,0.029948,0.049989,0.063801,0.085391,0.125769,0.040752,0.033276,0.371300
0.164745,0.046675,0.059158,0.058937,0.036935,0.063326,0.148054,0.305072,0.071691,0.045407
0.060339,0.045977,0.050380,0.080472,0.212377,0.167096,0.144873,0.051192,0.113732,0.073562
0.075565,0.087532,0.049675,0.078142,0.114760,0.030843,0.073915,0.226428,0.046667,0.216473
0.093286,0.065067,0.031196,0.063890,0.044972,0.036608,0.431699,0.167798,0.030044,0.035439
0.055122,0.020382,0.106613,0.083084,0.022284,0.239908,0.223138,0.164537,0.021609,0.063322
0.088268,0.129478,0.081934,0.075586,0.050127,0.151532,0.127492,0.072483,0.097728,0.125372
0.050726,0.089363,0.043685,0.129512,0.024052,0.247019,0.231328,0.061404,0.024241,0.098670
0.074399,0.107761,0.020373,0.098565,0.023652,0.285088,0.265512,0.031259,0.022173,0.071217
0.043332,0.050840,0.036534,0.037366,0.017939,0.419112,0.029953,0.211971,0.088751,0.064202
0.027664,0.074019,0.036301,0.057131,0.022423,0.258718,0.244161,0.092257,0.062959,0.124366
0.037012,0.032124,0.052569,0.118773,0.030061,0.059848,0.066423,0.373315,0.158978,0.070896
0.062385,0.037659,0.050188,0.045357,0.114251,0.043541,0.055226,0.301438,0.031770,0.258184
0.060789,0.058908,0.073950,0.071611,0.210545,0.102152,0.163208,0.071320,0.081751,0.105765
0.032830,0.087037,0.112099,0.034081,0.085918,0.156208,0.042433,0.200728,0.040331,0.208334
0.118699,0.021107,0.031005,0.057843,0.021219,0.238349,0.223097,0.148692,0.061774,0.078215
0.059644,0.023977,0.010387,0.087903,0.028188,0.254698,0.238108,0.158772,0.034662,0.103661
0.071203,0.128692,0.162507,0.107121,0.034871,0.055487,0.057728,0.029455,0.047136,0.305800
0.051658,0.126382,0.038023,0.037146,0.134831,0.408500,0.045939,0.036662,0.092267,0.028592
0.030858,0.025479,0.038398,0.063559,0.021742,0.297653,0.282409,0.113497,0.070582,0.055823
0.084047,0.127063,0.061724,0.106687,0.136171,0.060527,0.137238,0.050708,0.145197,0.090638
0.047191,0.287619,0.069553,0.052026,0.038268,0.081627,0.167071,0.058685,0.062024,0.135936
0.068606,0.121090,0.077196,0.095834,0.183180,0.144203,0.121353,0.062654,0.068400,0.057484
0.040112,0.042536,0.115809,0.060210,0.133567,0.073273,0.091707,0.202691,0.113269,0.126826
0.040152,0.042728,0.014653,0.084253,0.021365,0.230576,0.215925,0.211754,0.054660,0.083934
0.049242,0.109982,0.040954,0.055157,0.215677,0.102621,0.236603,0.048670,0.064606,0.076489
0.047244,0.034148,0.154520,0.052369,0.121433,0.060483,0.129989,0.160261,0.078545,0.161007
0.071014,0.102959,0.088539,0.040604,0.154336,0.048464,0.060930,0.211431,0.045587,0.176136
0.063141,0.076066,0.040709,0.043478,0.126382,0.077946,0.143804,0.190056,0.046177,0.192242
0.143597,0.093849,0.097682,0.100841,0.119849,0.083561,0.119726,0.141839,0.053038,0.046019
0.082850,0.099149,0.066360,0.074469,0.218888,0.086247,0.067003,0.034285,0.170287,0.100461
0.100046,0.041969,0.283462,0.076930,0.042186,0.075904,0.213396,0.035148,0.061511,0.069448
0.195755,0.085979,0.179613,0.055132,0.151826,0.095470,0.072129,0.031980,0.051228,0.080889
0.075233,0.098305,0.139173,0.063650,0.083767,0.092098,0.057543,0.232174,0.069378,0.088679
0.101937,0.152716,0.171623,0.110008,0.035312,0.089023,0.047286,0.050452,0.154096,0.087547
0.046918,0.139974,0.160215,0.062524,0.151073,0.050252,0.095211,0.051736,0.062135,0.179962
0.067006,0.094125,0.051209,0.121647,0.400061,0.033636,0.092593,0.028577,0.038238,0.072909
0.038221,0.103717,0.047013,0.188918,0.033770,0.109512,0.136773,0.054940,0.202039,0.085097
0.073196,0.116854,0.066403,0.124724,0.134778,0.113714,0.080256,0.103882,0.082801,0.103393
0.082500,0.254814,0.069638,0.093058,0.035241,0.032886,0.084963,0.054676,0.160729,0.131495
0.068130,0.039549,0.078648,0.060188,0.207843,0.067317,0.047509,0.036813,0.112696,0.281308
0.044739,0.171451,0.037585,0.049707,0.179973,0.087098,0.173297,0.140689,0.052462,0.062997
0.030300,0.098766,0.028777,0.027307,0.071627,0.020903,0.599487,0.031603,0.049722,0.041508
0.067882,0.190747,0.195368,0.044584,0.136802,0.111167,0.076142,0.049441,0.082013,0.045854
0.060572,0.039256,0.044709,0.050695,0.154827,0.047523,0.186390,0.044939,0.056826,0.314263
0.073528,0.107514,0.069037,0.076280,0.170479,0.073486,0.132001,0.173816,0.058006,0.065853
0.062762,0.034261,0.056345,0.105122,0.142367,0.062552,0.140337,0.271919,0.068321,0.056016
0.101969,0.208090,0.175933,0.059836,0.110250,0.039579,0.096917,0.069534,0.060027,0.077866
0.073874,0.183040,0.112707,0.056680,0.193215,0.047580,0.096567,0.104169,0.040695,0.091473
0.052987,0.094989,0.117730,0.023569,0.030081,0.250678,0.235962,0.035343,0.034603,0.124058
0.040588,0.097598,0.077479,0.093343,0.026802,0.256978,0.238221,0.032697,0.028169,0.108125
0.180706,0.085936,0.066923,0.047877,0.159546,0.094904,0.165458,0.061074,0.079675,0.057900
0.069243,0.116573,0.134193,0.054875,0.126130,0.075068,0.092641,0.143353,0.132084,0.055840
0.053486,0.105068,0.145084,0.045073,0.122868,0.083874,0.093116,0.253755,0.049054,0.048623
0.059725,0.134537,0.099810,0.048461,0.162974,0.050190,0.126330,0.054388,0.056834,0.206751
0.084112,0.163623,0.036525,0.058031,0.084612,0.054438,0.136751,0.130018,0.146576,0.105314
0.063418,0.040259,0.177931,0.046869,0.031220,0.095544,0.088998,0.047935,0.033814,0.374012
0.024749,0.049712,0.064807,0.088565,0.025852,0.270153,0.254443,0.108729,0.028896,0.084094
0.093081,0.086627,0.063915,0.057480,0.092565,0.096590,0.158124,0.058361,0.082809,0.210448
0.075556,0.183358,0.062694,0.117989,0.094049,0.128061,0.057178,0.099731,0.042193,0.139190
0.034502,0.017612,0.034945,0.085055,0.022220,0.244933,0.226679,0.242122,0.031980,0.059952
0.039438,0.026714,0.046877,0.054545,0.021853,0.308877,0.294609,0.024728,0.070962,0.111396
0.044812,0.162828,0.043159,0.049020,0.151918,0.072504,0.082529,0.137979,0.189715,0.065536
0.066150,0.092477,0.087567,0.065611,0.124080,0.043550,0.067521,0.095155,0.038437,0.319452
0.052242,0.100619,0.039035,0.071105,0.019280,0.286031,0.267549,0.022608,0.027700,0.113831
0.055546,0.085763,0.071230,0.078652,0.026251,0.253672,0.238886,0.025478,0.045305,0.119217
0.026272,0.014437,0.125574,0.104709,0.016608,0.286457,0.272403,0.023269,0.016605,0.113665
0.006698,0.013483,0.135876,0.073123,0.017616,0.292227,0.281760,0.020691,0.045071,0.113453
0.057526,0.054994,0.044551,0.081698,0.023390,0.280697,0.263306,0.060482,0.020888,0.112469
0.095307,0.171436,0.044026,0.086328,0.042978,0.136892,0.204591,0.087933,0.072492,0.058017
0.058634,0.068991,0.030625,0.065720,0.154789,0.191996,0.067566,0.232756,0.047769,0.081154
0.066989,0.054814,0.105787,0.104310,0.126342,0.039821,0.050260,0.037709,0.140632,0.273337
0.058770,0.050386,0.041080,0.045251,0.141850,0.090755,0.124928,0.054317,0.077692,0.314970
0.076715,0.094030,0.061842,0.061017,0.193520,0.080423,0.127797,0.058495,0.074032,0.172129
0.004203,0.150868,0.021131,0.026323,0.021773,0.224199,0.208058,0.229128,0.024592,0.089726
0.052717,0.155315,0.031726,0.048980,0.142255,0.077073,0.096015,0.055365,0.038776,0.301779
0.058854,0.017656,0.127943,0.063727,0.021725,0.290106,0.271859,0.054624,0.029985,0.063521
0.038848,0.040339,0.102708,0.078556,0.018191,0.246211,0.231047,0.113840,0.036885,0.093376
0.065029,0.031158,0.036290,0.044330,0.199105,0.047976,0.062647,0.307911,0.139868,0.065686
0.050446,0.188224,0.031343,0.040179,0.173030,0.230700,0.061693,0.112694,0.074072,0.037618
0.065388,0.100128,0.020401,0.068340,0.025985,0.291725,0.277082,0.028755,0.024466,0.097729
0.033715,0.068973,0.035639,0.069630,0.025176,0.227571,0.212787,0.219853,0.024273,0.082384
0.210785,0.088233,0.035113,0.090449,0.147627,0.032635,0.102147,0.046128,0.187960,0.058921
0.096449,0.086130,0.118835,0.046358,0.026698,0.069740,0.045467,0.025934,0.033465,0.450923
0.067473,0.039119,0.093034,0.059148,0.149071,0.088341,0.137857,0.248534,0.068223,0.049200
0.036414,0.028596,0.134010,0.057919,0.019366,0.296231,0.280701,0.024930,0.069909,0.051923
0.093184,0.093708,0.056768,0.070822,0.140657,0.062777,0.055926,0.053258,0.039308,0.333590
0.019513,0.018052,0.116218,0.085361,0.022041,0.218188,0.202192,0.219361,0.020707,0.078368
0.042552,0.099880,0.046013,0.095883,0.022961,0.272768,0.253995,0.066426,0.024251,0.075271
0.171235,0.054944,0.162235,0.047019,0.164612,0.095273,0.099992,0.054068,0.057432,0.093192
