0.011931,0.145603,0.842467
0.237724,0.759787,0.002489
0.011360,0.184925,0.803714
0.012420,0.253553,0.734027
0.694792,0.304585,0.000623
0.670499,0.328073,0.001428
0.012395,0.131034,0.856571
0.572597,0.423933,0.003469
0.019359,0.174520,0.806121
0.010060,0.100793,0.889147
0.619798,0.375006,0.005196
0.055897,0.629785,0.314318
0.010041,0.156258,0.833701
0.464678,0.526569,0.008753
0.675397,0.324419,0.000184
0.658129,0.338904,0.002967
0.687783,0.311210,0.001007
0.008350,0.263845,0.727805
0.640057,0.359228,0.000715
0.425060,0.572533,0.002406
0.673842,0.325892,0.000266
0.013018,0.183735,0.803248
0.715066,0.284071,0.000863
0.009385,0.177293,0.813322
0.011634,0.177516,0.810851
0.584609,0.393079,0.022312
0.013034,0.170642,0.816324
0.614826,0.384017,0.001157
0.012648,0.124515,0.862837
0.769027,0.230716,0.000258
0.012191,0.195405,0.792403
0.757731,0.242023,0.000246
0.686811,0.312605,0.000584
0.521838,0.475351,0.002811
0.009248,0.235431,0.755322
0.014328,0.281007,0.704665
0.777527,0.222304,0.000169
0.012607,0.140218,0.847175
0.672363,0.326610,0.001027
0.631109,0.367851,0.001040
0.007861,0.163214,0.828924
0.006912,0.107456,0.885632
0.718980,0.280904,0.000116
0.833702,0.166145,0.000153
0.016839,0.207701,0.775461
0.710859,0.285945,0.003196
0.016376,0.245558,0.738066
0.732724,0.267128,0.000148
0.544095,0.454999,0.000906
0.604775,0.391303,0.003922
0.736766,0.263010,0.000225
0.781478,0.218401,0.000121
0.400426,0.542459,0.057115
0.014819,0.219414,0.765766
0.765421,0.234387,0.000192
0.784575,0.215257,0.000168
0.531352,0.462474,0.006174
0.552605,0.444697,0.002698
0.015907,0.157714,0.826379
0.662641,0.336390,0.000969
0.010519,0.370378,0.619103
0.011192,0.142247,0.846561
0.013431,0.213656,0.772913
0.819525,0.180439,0.000036
0.011839,0.141023,0.847138
0.751132,0.248516,0.000352
0.737956,0.261861,0.000182
0.666784,0.332242,0.000974
0.289197,0.618882,0.091922
0.774933,0.224722,0.000345
0.695515,0.303344,0.001141
0.809662,0.190190,0.000148
0.761449,0.238199,0.000352
0.436596,0.552671,0.010734
0.014558,0.185531,0.799911
0.012713,0.147272,0.840015
0.605483,0.393262,0.001255
0.011755,0.221020,0.767225
0.007071,0.174104,0.818825
0.575648,0.423686,0.000667
0.419080,0.575308,0.005613
0.708698,0.290408,0.000894
0.607492,0.384026,0.008483
0.006550,0.130404,0.863046
0.564635,0.431945,0.003421
0.745629,0.251324,0.003047
0.858780,0.141207,0.000014
0.763520,0.236367,0.000113
0.445960,0.553330,0.000710
0.768091,0.231520,0.000390
0.565551,0.419191,0.015258
0.641430,0.354756,0.003814
0.752251,0.247638,0.000111
0.008678,0.145545,0.845776
0.648925,0.344195,0.006880
0.013582,0.093537,0.892881
0.548904,0.443985,0.007112
0.016218,0.169090,0.814692
0.751143,0.244668,0.004188
0.640846,0.354539,0.004615
0.661888,0.337489,0.000623
0.011041,0.123898,0.865061
0.712933,0.286738,0.000330
0.714012,0.284994,0.000994
0.652262,0.347177,0.000561
0.011169,0.325233,0.663598
0.016294,0.147930,0.835776
0.789741,0.209883,0.000375
0.009231,0.121186,0.869583
0.818042,0.181683,0.000275
0.009969,0.230952,0.759078
0.744722,0.254564,0.000714
0.009841,0.090391,0.899768
0.801681,0.198235,0.000085
0.606891,0.391972,0.001137
0.011786,0.135018,0.853195
0.720310,0.279428,0.000262
0.581772,0.414290,0.003938
0.316157,0.657486,0.026357
0.805192,0.194614,0.000193
0.814041,0.185908,0.000050
0.428123,0.570311,0.001566
0.288820,0.225925,0.485255
0.714626,0.283534,0.001840
0.009359,0.155225,0.835415
0.014102,0.173168,0.812730
0.413462,0.583726,0.002812
0.015452,0.312450,0.672098
0.049566,0.407400,0.543035
0.007990,0.127541,0.864469
0.014268,0.226950,0.758782
0.563140,0.435684,0.001175
0.562388,0.436172,0.001441
0.560048,0.436934,0.003018
0.190794,0.213766,0.595440
0.538271,0.454391,0.007338
0.755974,0.243615,0.000410
0.669805,0.329138,0.001058
0.088788,0.243669,0.667543
0.679508,0.319803,0.000689
0.700946,0.297369,0.001685
0.539765,0.454476,0.005759
0.015437,0.146595,0.837968
0.362095,0.510442,0.127463
0.722192,0.276675,0.001133
0.718450,0.281362,0.000188
0.618140,0.377290,0.004569
0.757063,0.235495,0.007443
0.720915,0.278614,0.000472
0.678720,0.320224,0.001056
0.758318,0.241458,0.000224
0.674183,0.324640,0.001177
0.694809,0.304652,0.000539
0.599405,0.400025,0.000570
0.616106,0.383721,0.000173
0.869490,0.130467,0.000044
0.821238,0.178589,0.000173
0.011708,0.225272,0.763020
0.695650,0.303535,0.000816
0.763331,0.236310,0.000359
0.761141,0.237732,0.001127
0.629805,0.358821,0.011373
0.011879,0.194879,0.793242
0.591243,0.408227,0.000529
0.550360,0.448574,0.001066
0.621210,0.377762,0.001028
0.009675,0.154274,0.836052
0.008393,0.160293,0.831314
0.733444,0.266128,0.000429
0.699268,0.300289,0.000443
0.697318,0.301006,0.001676
0.706778,0.291752,0.001470
0.578749,0.417975,0.003275
0.548462,0.450545,0.000993
0.761452,0.238242,0.000306
0.016302,0.155780,0.827918
0.624980,0.374531,0.000488
0.488840,0.505835,0.005326
0.539521,0.455444,0.005035
0.225830,0.768956,0.005214
0.779021,0.220524,0.000455
0.877756,0.122200,0.000044
0.014058,0.397604,0.588338
0.157222,0.154826,0.687952
0.008641,0.209162,0.782197
0.008853,0.137780,0.853367
0.008836,0.159856,0.831308
0.488913,0.509128,0.001960
0.716540,0.283075,0.000385
0.328333,0.329357,0.342310
0.804013,0.195816,0.000171
0.019305,0.379824,0.600871
0.343735,0.655233,0.001033
0.316357,0.668677,0.014966
0.648697,0.350840,0.000463
0.305378,0.684194,0.010428
0.766165,0.233716,0.000119
0.824742,0.175168,0.000090
0.013107,0.212816,0.774077
0.010089,0.201240,0.788672
0.546532,0.448689,0.004779
0.103045,0.124022,0.772933
0.574067,0.418645,0.007288
0.015151,0.210968,0.773880
0.010393,0.224694,0.764913
0.561340,0.434224,0.004436
0.011422,0.108724,0.879853
0.008828,0.234409,0.756763
0.667183,0.327863,0.004954
0.710327,0.288789,0.000884
0.733504,0.263492,0.003005
0.011372,0.274971,0.713657
0.722934,0.275797,0.001269
0.600140,0.399067,0.000793
0.765039,0.234462,0.000499
0.434729,0.561800,0.003471
0.011275,0.126800,0.861926
0.792979,0.206955,0.000065
0.753245,0.246382,0.000373
0.680948,0.317758,0.001294
0.010022,0.174033,0.815944
0.751924,0.247821,0.000255
0.006596,0.149759,0.843646
0.007679,0.229205,0.763116
0.818512,0.181367,0.000121
0.009832,0.153827,0.836341
0.600433,0.397872,0.001696
0.013708,0.180464,0.805828
0.013924,0.336117,0.649959
0.011094,0.211883,0.777024
0.769473,0.230014,0.000513
0.759113,0.240613,0.000274
0.709436,0.290190,0.000374
0.633765,0.365002,0.001233
0.732483,0.265655,0.001862
0.584739,0.412446,0.002815
0.177300,0.754399,0.068301
0.632636,0.361198,0.006166
0.562085,0.428255,0.009660
0.772486,0.227214,0.000300
0.470156,0.528200,0.001644
0.838683,0.161225,0.000092
0.565164,0.434052,0.000785
0.008759,0.105802,0.885439
0.614648,0.381160,0.004192
0.650829,0.348222,0.000949
0.659938,0.334749,0.005313
0.801659,0.198220,0.000121
0.678600,0.315414,0.005986
0.010223,0.137853,0.851924
0.007479,0.166587,0.825933
0.623219,0.375709,0.001072
0.803742,0.195543,0.000715
0.388306,0.598575,0.013119
0.434929,0.545015,0.020056
0.889310,0.110671,0.000018
0.014620,0.242800,0.742580
0.671060,0.327423,0.001517
0.009477,0.112153,0.878370
0.650227,0.347147,0.002626
0.512603,0.486064,0.001334
0.806587,0.193090,0.000323
0.011528,0.178997,0.809475
0.662701,0.337091,0.000208
0.814526,0.185404,0.000070
0.753637,0.246121,0.000242
0.206979,0.769990,0.023031
0.741278,0.256961,0.001762
0.584951,0.413419,0.001629
0.578106,0.419099,0.002795
0.811576,0.188264,0.000159
0.012237,0.152764,0.834999
0.411547,0.582933,0.005519
0.010198,0.154300,0.835502
0.518530,0.480716,0.000754
0.774160,0.225662,0.000178
0.727681,0.271816,0.000503
0.638988,0.359084,0.001927
0.746355,0.252893,0.000752
0.605458,0.390398,0.004144
0.142129,0.560016,0.297855
0.299038,0.633940,0.067022
0.010135,0.140319,0.849546
0.558246,0.441094,0.000661
0.763288,0.236623,0.000089
0.762735,0.237029,0.000237
0.666115,0.333185,0.000700
0.008820,0.174137,0.817043
0.274817,0.716362,0.008821
0.437971,0.411584,0.150445
0.550307,0.448634,0.001060
0.636171,0.362940,0.000888
0.707194,0.290161,0.002645
0.756746,0.242932,0.000322
0.667167,0.332394,0.000439
0.772714,0.226949,0.000337
0.152929,0.317489,0.529581
0.669908,0.328744,0.001348
0.764338,0.235499,0.000163
0.703673,0.295409,0.000918
0.784296,0.215316,0.000387
0.405065,0.590040,0.004895
0.470770,0.515023,0.014207
0.790531,0.209336,0.000133
0.809925,0.189975,0.000101
0.496488,0.500750,0.002762
0.681361,0.314518,0.004121
0.012094,0.214178,0.773728
0.440218,0.511400,0.048382
0.011347,0.211905,0.776748
0.655703,0.343521,0.000776
0.858742,0.141219,0.000039
0.011238,0.173669,0.815093
0.427782,0.561589,0.010629
0.825839,0.174016,0.000145
0.189898,0.347878,0.462224
0.166194,0.439536,0.394270
0.766640,0.233272,0.000088
0.553479,0.438584,0.007937
0.011528,0.163227,0.825246
0.694165,0.305078,0.000757
0.610969,0.387404,0.001626
0.577100,0.411613,0.011287
0.752437,0.247468,0.000096
0.014138,0.317165,0.668697
0.769961,0.225985,0.004054
0.677202,0.322620,0.000178
0.280099,0.713555,0.006346
0.012545,0.158140,0.829315
0.727869,0.271128,0.001003
0.770711,0.229106,0.000184
0.750553,0.249320,0.000126
0.013987,0.262713,0.723300
0.851569,0.148391,0.000040
0.595700,0.402514,0.001785
0.612009,0.379246,0.008745
0.790362,0.209327,0.000311
0.483539,0.513647,0.002814
0.538182,0.461573,0.000246
0.729421,0.269979,0.000599
0.752918,0.246814,0.000268
0.805623,0.194275,0.000101
0.345070,0.610008,0.044922
0.629897,0.369333,0.000770
0.722505,0.277100,0.000396
0.732203,0.266944,0.000853
0.014955,0.120006,0.865039
0.498699,0.498913,0.002388
0.577676,0.420485,0.001839
0.562390,0.436123,0.001487
0.656825,0.335963,0.007212
0.009253,0.121262,0.869485
0.011821,0.186958,0.801221
0.842341,0.157638,0.000021
0.676026,0.309921,0.014053
0.808260,0.190519,0.001221
0.763238,0.236569,0.000193
0.358873,0.637643,0.003484
0.234403,0.301233,0.464364
0.015007,0.159678,0.825315
0.806092,0.193849,0.000059
0.014231,0.211049,0.774720
0.009002,0.130605,0.860393
0.122627,0.344638,0.532735
0.010887,0.171812,0.817301
0.645867,0.344953,0.009180
0.752987,0.241441,0.005572
0.811705,0.188200,0.000094
0.392844,0.588456,0.018700
0.014192,0.242715,0.743093
0.009993,0.178364,0.811643
0.694882,0.303056,0.002062
0.279956,0.545415,0.174629
0.014117,0.290071,0.695812
0.667749,0.331571,0.000680
0.773721,0.225812,0.000468
0.812180,0.187720,0.000099
0.574164,0.422331,0.003505
0.010611,0.227317,0.762071
0.804569,0.195282,0.000148
0.649597,0.348650,0.001753
0.538762,0.457585,0.003653
0.574228,0.424479,0.001293
0.682484,0.316620,0.000896
0.660063,0.339329,0.000608
0.841785,0.157988,0.000227
0.738293,0.260950,0.000757
0.803482,0.196393,0.000125
0.464553,0.531243,0.004204
0.759192,0.240435,0.000373
0.469375,0.524024,0.006601
0.306712,0.685973,0.007315
0.662542,0.336752,0.000706
0.495389,0.502644,0.001967
0.511565,0.484261,0.004174
0.729131,0.270285,0.000584
0.089518,0.193367,0.717115
0.588044,0.409875,0.002081
0.627653,0.371383,0.000964
0.729343,0.270433,0.000224
0.719299,0.279260,0.001441
0.820398,0.179503,0.000099
0.587776,0.411530,0.000694
0.013538,0.140413,0.846049
0.009194,0.206021,0.784786
0.800837,0.199001,0.000162
0.634992,0.363989,0.001018
0.741354,0.257805,0.000841
0.759613,0.240067,0.000320
0.649969,0.349136,0.000895
0.627824,0.366081,0.006095
0.008354,0.169164,0.822482
0.688990,0.310516,0.000494
0.720078,0.279186,0.000736
0.007753,0.140812,0.851435
0.009919,0.165922,0.824159
0.588852,0.410530,0.000618
0.660672,0.337312,0.002016
0.011222,0.145479,0.843300
0.012799,0.298704,0.688497
0.015020,0.101721,0.883259
0.011082,0.082931,0.905986
0.011674,0.207255,0.781071
0.842189,0.157721,0.000089
0.616764,0.381045,0.002192
0.600931,0.395321,0.003748
0.712696,0.286806,0.000498
0.576654,0.422509,0.000837
0.009046,0.105760,0.885194
0.739576,0.259007,0.001418
0.007392,0.151748,0.840860
0.013067,0.153623,0.833310
0.531983,0.449548,0.018469
0.322848,0.666057,0.011095
0.011657,0.168011,0.820333
0.012913,0.234030,0.753058
0.633393,0.364757,0.001850
0.744396,0.251643,0.003961
0.827733,0.172104,0.000163
0.009591,0.133626,0.856783
0.755103,0.243889,0.001008
0.009120,0.111897,0.878983
0.014697,0.171024,0.814279
0.831875,0.167999,0.000126
0.707303,0.292144,0.000553
0.684587,0.314362,0.001051
0.793850,0.202680,0.003470
0.619357,0.379729,0.000914
0.009685,0.233496,0.756819
0.013830,0.131696,0.854474
0.652452,0.347071,0.000477
0.884093,0.115883,0.000024
0.008957,0.213995,0.777048
0.703539,0.295916,0.000545
0.510846,0.488430,0.000724
0.499463,0.495376,0.005161
0.015004,0.116486,0.868510
0.753893,0.242991,0.003116
0.554237,0.443034,0.002729
0.813477,0.186417,0.000106
0.484682,0.514055,0.001262
0.010117,0.148377,0.841506
0.013416,0.243277,0.743306
0.555109,0.430906,0.013985
0.345841,0.408244,0.245915
0.631868,0.365913,0.002219
0.596113,0.402680,0.001207
0.498534,0.500302,0.001165
0.792713,0.206106,0.001181
0.011156,0.159981,0.828862
0.013208,0.215496,0.771296
0.797778,0.202009,0.000213
0.739102,0.260776,0.000122
0.770349,0.229339,0.000313
0.549995,0.445287,0.004718
0.432521,0.554698,0.012781
0.379483,0.618342,0.002175
0.010736,0.206923,0.782342
0.011093,0.185626,0.803281
0.011706,0.386495,0.601799
0.739566,0.260210,0.000225
0.717670,0.281906,0.000424
0.709754,0.289618,0.000628
0.832817,0.167088,0.000096
0.657455,0.339591,0.002954
0.010191,0.376976,0.612833
0.840483,0.159491,0.000026
0.016492,0.202772,0.780736
0.663996,0.334528,0.001476
0.008660,0.134316,0.857024
0.539348,0.458524,0.002128
0.009082,0.152494,0.838425
0.740848,0.257431,0.001720
0.676578,0.322833,0.000589
0.010879,0.100043,0.889077
0.813924,0.185857,0.000220
0.701543,0.297711,0.000746
0.010414,0.172797,0.816789
0.614972,0.376107,0.008922
0.550731,0.441552,0.007717
0.727170,0.272283,0.000547
0.850119,0.149590,0.000291
0.627246,0.316216,0.056538
0.009006,0.198441,0.792553
0.010052,0.214265,0.775683
0.008561,0.112327,0.879112
0.015092,0.140328,0.844580
0.713608,0.283564,0.002828
0.012539,0.211027,0.776434
0.012137,0.176279,0.811584
0.669191,0.330479,0.000330
0.015313,0.160779,0.823908
0.753829,0.245856,0.000315
0.533233,0.465400,0.001367
0.706709,0.292575,0.000716
0.756454,0.243296,0.000251
0.550366,0.370742,0.078892
0.744121,0.255281,0.000599
0.103008,0.521374,0.375618
0.737165,0.262536,0.000300
0.678723,0.320438,0.000839
0.713976,0.284650,0.001374
0.012210,0.180843,0.806947
0.011425,0.217992,0.770583
0.811385,0.188469,0.000147
0.014893,0.295368,0.689739
0.008632,0.081770,0.909598
0.011100,0.150756,0.838144
0.634469,0.364946,0.000585
0.629095,0.370428,0.000477
0.676390,0.322401,0.001208
0.171770,0.350649,0.477581
0.670959,0.320254,0.008786
0.724038,0.274653,0.001310
0.649801,0.349316,0.000883
0.165697,0.506914,0.327389
0.530035,0.467087,0.002877
0.009374,0.126153,0.864473
0.697232,0.301824,0.000943
0.550764,0.447879,0.001357
0.017387,0.175090,0.807522
0.012278,0.305978,0.681744
0.426622,0.565944,0.007434
0.008273,0.124767,0.866960
0.013927,0.163589,0.822483
0.010660,0.208674,0.780666
0.752087,0.247653,0.000260
0.576185,0.410577,0.013238
0.830031,0.169838,0.000130
0.723891,0.274755,0.001354
0.814960,0.184933,0.000107
0.809503,0.190431,0.000066
0.774895,0.224916,0.000188
0.610025,0.388971,0.001004
0.010382,0.177554,0.812064
0.852399,0.147428,0.000173
0.338734,0.656735,0.004530
0.756580,0.243247,0.000172
0.007011,0.126211,0.866778
0.711185,0.287880,0.000936
0.723031,0.275469,0.001500
0.032310,0.244170,0.723521
0.686970,0.312163,0.000867
0.011514,0.185977,0.802508
0.456344,0.541098,0.002558
0.805601,0.194308,0.000091
0.103646,0.481882,0.414473
0.018544,0.355575,0.625882
0.679035,0.320514,0.000451
0.010600,0.131206,0.858194
0.013116,0.340670,0.646214
0.009741,0.131173,0.859086
0.623228,0.375382,0.001390
0.828653,0.171295,0.000051
0.781639,0.218036,0.000325
0.564717,0.415993,0.019290
0.021712,0.231764,0.746523
0.777979,0.220813,0.001208
0.572271,0.424608,0.003121
0.814122,0.185595,0.000282
0.622373,0.376701,0.000926
0.548870,0.450355,0.000775
0.745695,0.253367,0.000938
0.634127,0.365252,0.000620
0.846689,0.153230,0.000081
0.651142,0.348587,0.000271
0.008789,0.246133,0.745077
0.582215,0.412734,0.005051
0.775817,0.224158,0.000025
0.635539,0.363164,0.001297
0.586852,0.412585,0.000563
0.814923,0.184893,0.000185
0.586148,0.412173,0.001680
0.613365,0.384177,0.002458
0.790855,0.209013,0.000132
0.640772,0.356479,0.002749
0.079617,0.419692,0.500690
0.783279,0.216524,0.000197
0.699524,0.300092,0.000384
0.499312,0.482145,0.018543
0.676614,0.321281,0.002105
0.013967,0.141053,0.844980
0.491344,0.502102,0.006553
0.008751,0.218849,0.772400
0.683753,0.315209,0.001038
0.009363,0.163140,0.827497
0.008929,0.124017,0.867054
0.857508,0.142395,0.000096
0.830356,0.169589,0.000055
0.835131,0.163198,0.001670
0.456884,0.539814,0.003302
0.760770,0.238786,0.000444
0.676126,0.323439,0.000434
0.686008,0.312680,0.001312
0.010801,0.288829,0.700370
0.645297,0.354112,0.000591
0.012029,0.125999,0.861971
0.330441,0.651396,0.018163
0.726346,0.273231,0.000423
0.016540,0.235425,0.748035
0.847668,0.152316,0.000016
0.689660,0.309900,0.000440
0.836512,0.163441,0.000047
0.675612,0.321400,0.002988
0.009496,0.120834,0.869670
0.014760,0.142841,0.842398
0.747225,0.252582,0.000192
0.006002,0.236801,0.757197
0.007318,0.175662,0.817021
0.008134,0.170030,0.821836
0.601841,0.397938,0.000220
0.448781,0.506373,0.044846
0.470235,0.523246,0.006519
0.305651,0.481938,0.212411
0.006349,0.144285,0.849367
0.698905,0.296816,0.004279
0.700989,0.298148,0.000863
0.654278,0.344804,0.000918
0.468837,0.530206,0.000957
0.007952,0.116211,0.875837
0.741095,0.258713,0.000192
0.011542,0.140965,0.847493
0.696847,0.302727,0.000426
0.815037,0.184718,0.000245
0.008658,0.153054,0.838287
0.820235,0.179677,0.000088
0.614107,0.385055,0.000838
0.501610,0.494430,0.003960
0.622035,0.376697,0.001268
0.013026,0.121050,0.865924
0.007992,0.392427,0.599581
0.578829,0.420275,0.000896
0.699426,0.292141,0.008433
0.680389,0.319297,0.000313
0.594087,0.405502,0.000411
0.011033,0.287932,0.701035
0.609687,0.387892,0.002421
0.014588,0.128238,0.857174
0.781066,0.218482,0.000453
0.009649,0.154228,0.836122
0.008361,0.132136,0.859504
0.011114,0.179558,0.809328
0.669169,0.330212,0.000619
0.613080,0.381085,0.005835
0.017251,0.212949,0.769800
0.010274,0.186647,0.803079
0.740469,0.256860,0.002671
0.722284,0.277599,0.000117
0.010851,0.167222,0.821927
0.758566,0.240790,0.000645
0.013012,0.161792,0.825196
0.744049,0.255704,0.000247
0.018394,0.134302,0.847304
0.818971,0.180754,0.000275
0.579789,0.417259,0.002953
0.728255,0.270443,0.001302
0.006870,0.207000,0.786130
0.011462,0.445880,0.542659
0.828082,0.171738,0.000180
0.741633,0.258120,0.000247
0.663479,0.334853,0.001668
0.329048,0.670117,0.000835
0.379160,0.582108,0.038732
0.787044,0.212882,0.000075
0.553595,0.445120,0.001285
0.345615,0.653068,0.001317
0.448632,0.502851,0.048517
0.012876,0.214389,0.772735
0.009990,0.165794,0.824217
0.818606,0.181248,0.000146
0.712294,0.287156,0.000551
0.832821,0.167105,0.000074
0.013902,0.171874,0.814224
0.010325,0.227455,0.762219
0.007950,0.298297,0.693753
0.009330,0.124105,0.866564
0.850327,0.149634,0.000039
0.760867,0.238802,0.000331
0.125395,0.535579,0.339026
0.012637,0.159374,0.827989
0.658188,0.335749,0.006063
0.587384,0.410177,0.002439
0.223397,0.643846,0.132757
0.440458,0.551903,0.007639
0.751026,0.248520,0.000454
0.360206,0.634344,0.005450
0.396081,0.599921,0.003998
0.352376,0.425190,0.222434
0.475785,0.522314,0.001901
0.681326,0.315961,0.002713
0.849977,0.149977,0.000046
0.755956,0.243600,0.000444
0.542178,0.455186,0.002636
0.404421,0.587577,0.008002
0.638707,0.360092,0.001201
0.015782,0.189869,0.794349
0.007969,0.128880,0.863151
0.578470,0.421136,0.000394
0.673673,0.326056,0.000271
0.277135,0.718470,0.004395
0.778976,0.220687,0.000337
0.552220,0.438260,0.009520
0.676134,0.321992,0.001874
0.732089,0.267236,0.000676
0.006501,0.129832,0.863667
0.767472,0.232427,0.000101
0.011052,0.211302,0.777646
0.703515,0.295649,0.000836
0.013402,0.169015,0.817583
0.353858,0.639226,0.006917
0.671566,0.324347,0.004087
0.012977,0.190394,0.796629
0.016459,0.427233,0.556307
0.653840,0.344376,0.001784
0.696987,0.302161,0.000852
0.793724,0.203725,0.002551
0.771905,0.227048,0.001048
0.710040,0.286322,0.003637
0.016312,0.186268,0.797419
0.645935,0.351062,0.003003
0.803040,0.196896,0.000064
0.870098,0.129845,0.000056
0.044193,0.593605,0.362202
0.587719,0.411664,0.000617
0.527927,0.469977,0.002096
0.007783,0.187064,0.805153
0.559511,0.434702,0.005787
0.010350,0.214436,0.775214
0.669961,0.328551,0.001488
0.248817,0.749240,0.001943
0.651278,0.345644,0.003078
0.009605,0.096258,0.894137
0.625696,0.369378,0.004926
0.008411,0.147036,0.844553
0.503963,0.494448,0.001590
0.017785,0.297208,0.685007
0.819329,0.180445,0.000226
0.009334,0.126941,0.863725
0.018719,0.365148,0.616133
0.703138,0.295818,0.001044
0.009249,0.150771,0.839980
0.767791,0.230845,0.001364
0.731909,0.267593,0.000498
0.476504,0.517209,0.006288
0.844252,0.155677,0.000071
0.604152,0.394077,0.001771
0.757055,0.242719,0.000227
0.816338,0.183284,0.000378
0.138889,0.397150,0.463961
0.660336,0.339268,0.000396
0.635211,0.363239,0.001550
0.008397,0.103260,0.888343
0.461220,0.536452,0.002328
0.821069,0.178809,0.000122
0.013092,0.446451,0.540457
0.011910,0.172601,0.815489
0.581756,0.415829,0.002416
0.010772,0.140260,0.848968
0.633775,0.365610,0.000615
0.009203,0.186565,0.804232
0.010654,0.097278,0.892068
0.015627,0.175361,0.809013
0.010836,0.282866,0.706297
0.839117,0.160804,0.000079
0.009864,0.149988,0.840148
0.757882,0.241450,0.000668
0.654253,0.339812,0.005935
0.742469,0.257114,0.000417
0.839519,0.160400,0.000081
0.767226,0.232545,0.000230
0.751793,0.247778,0.000429
0.774764,0.225034,0.000202
0.338144,0.281657,0.380198
0.761434,0.238039,0.000527
0.008883,0.172543,0.818574
0.011528,0.158857,0.829614
0.134007,0.407277,0.458715
0.658250,0.341120,0.000630
0.009801,0.162413,0.827787
0.009923,0.194554,0.795524
0.726296,0.273343,0.000361
0.322545,0.622420,0.055035
0.604649,0.393862,0.001489
0.265392,0.731250,0.003358
0.014993,0.183143,0.801864
0.485731,0.512660,0.001609
0.800863,0.198715,0.000422
0.015344,0.160698,0.823958
0.781028,0.218737,0.000235
0.621732,0.374907,0.003361
0.738920,0.261039,0.000041
0.085443,0.260007,0.654550
0.632683,0.363657,0.003661
0.698788,0.296434,0.004777
0.445310,0.551781,0.002909
0.727979,0.271733,0.000288
0.013477,0.231745,0.754778
0.697770,0.299052,0.003178
0.722212,0.277318,0.000470
0.765938,0.233013,0.001048
0.683772,0.314386,0.001842
0.718652,0.279225,0.002123
0.673051,0.326762,0.000187
0.584385,0.414350,0.001265
0.838148,0.161826,0.000026
0.713034,0.284910,0.002056
0.746700,0.253040,0.000259
0.538755,0.457131,0.004114
0.501749,0.488872,0.009379
0.010528,0.157930,0.831543
0.562141,0.436400,0.001459
0.697825,0.301894,0.000281
0.753995,0.245761,0.000244
0.012600,0.264702,0.722697
0.013012,0.156224,0.830763
0.552715,0.444734,0.002551
0.589984,0.409724,0.000292
0.696204,0.301833,0.001963
0.772696,0.227070,0.000234
0.592501,0.405944,0.001555
0.651936,0.345366,0.002698
0.548124,0.447978,0.003899
0.159464,0.815143,0.025392
0.008589,0.133287,0.858124
0.009065,0.171160,0.819775
0.015145,0.184460,0.800395
0.703606,0.294042,0.002352
0.784171,0.215655,0.000173
0.011884,0.157056,0.831060
0.594845,0.402790,0.002364
0.378464,0.619532,0.002004
0.819941,0.179967,0.000092
0.739802,0.258823,0.001375
0.014716,0.226548,0.758736
0.842384,0.157574,0.000043
0.124230,0.209290,0.666480
0.010899,0.215323,0.773778
0.689868,0.301956,0.008176
0.504242,0.493894,0.001865
0.827644,0.172193,0.000163
0.816543,0.183381,0.000077
0.009112,0.203142,0.787746
0.735938,0.263058,0.001005
0.617941,0.380535,0.001524
0.655090,0.344198,0.000712
0.749740,0.249081,0.001180
0.007846,0.224670,0.767484
0.765764,0.234015,0.000221
0.744630,0.254947,0.000423
0.665944,0.325000,0.009057
0.436217,0.428256,0.135528
0.015250,0.149721,0.835029
0.527904,0.468183,0.003913
0.888459,0.111469,0.000072
0.483153,0.483247,0.033601
0.566609,0.433053,0.000338
0.651161,0.347878,0.000960
0.395207,0.600772,0.004021
0.832459,0.167466,0.000074
0.811058,0.188839,0.000103
0.626350,0.348452,0.025198
0.589750,0.409421,0.000829
0.012384,0.151715,0.835901
0.719495,0.280159,0.000346
0.658788,0.340382,0.000829
0.010295,0.164397,0.825308
0.360902,0.601403,0.037695
0.145271,0.290777,0.563952
0.664026,0.334696,0.001278
0.010703,0.210007,0.779290
0.805894,0.194063,0.000043
0.013396,0.269804,0.716800
0.673795,0.324857,0.001348
0.010870,0.195870,0.793260
0.590912,0.407968,0.001120
0.013655,0.211669,0.774676
0.790736,0.209222,0.000042
0.578454,0.420727,0.000819
0.685829,0.312139,0.002032
0.011185,0.208801,0.780014
0.704962,0.294514,0.000524
0.764218,0.234443,0.001338
0.450821,0.544679,0.004499
0.653262,0.343414,0.003324
0.778017,0.221318,0.000666
0.710659,0.287287,0.002054
0.630166,0.368775,0.001060
0.659863,0.334585,0.005552
0.560072,0.432288,0.007640
0.012485,0.149380,0.838135
0.650719,0.348629,0.000652
0.665225,0.332225,0.002550
0.583211,0.415747,0.001041
0.105666,0.367841,0.526494
0.011462,0.282332,0.706206
0.569644,0.428840,0.001516
0.014518,0.201279,0.784203
0.010653,0.142284,0.847063
0.747253,0.252492,0.000255
0.733354,0.266149,0.000497
0.516053,0.480940,0.003007
0.731540,0.263095,0.005365
0.703399,0.296306,0.000295
0.663919,0.335335,0.000746
0.674354,0.325198,0.000448
0.637630,0.361156,0.001214
0.343513,0.645993,0.010494
0.512468,0.485809,0.001722
0.737493,0.253894,0.008613
0.687297,0.311032,0.001671
0.009400,0.148405,0.842194
0.011736,0.207507,0.780756
0.720250,0.279337,0.000413
0.778864,0.221047,0.000089
0.652094,0.345736,0.002169
0.573297,0.425289,0.001414
0.007815,0.124124,0.868061
0.344398,0.644017,0.011584
0.794078,0.205889,0.000033
0.007233,0.096123,0.896643
0.584803,0.414520,0.000677
0.419151,0.579052,0.001796
0.009541,0.168822,0.821637
0.008656,0.113350,0.877995
0.663378,0.295507,0.041115
0.690884,0.308842,0.000274
0.012503,0.244510,0.742987
0.567622,0.432019,0.000358
0.013475,0.173911,0.812614
0.613794,0.384294,0.001912
0.784573,0.214025,0.001402
0.013078,0.188916,0.798006
0.010563,0.235555,0.753882
0.530293,0.456379,0.013328
0.475262,0.520545,0.004194
0.431969,0.563245,0.004786
0.589960,0.403039,0.007001
0.012210,0.122786,0.865004
0.671312,0.321936,0.006752
0.678742,0.320325,0.000933
0.828928,0.171026,0.000046
0.010574,0.323805,0.665620
0.705778,0.293978,0.000244
0.006881,0.095462,0.897657
0.015976,0.167186,0.816838
0.011785,0.153608,0.834607
0.009234,0.197233,0.793533
0.335683,0.648005,0.016312
0.012467,0.152862,0.834671
0.502809,0.492824,0.004367
0.573136,0.424911,0.001954
0.012632,0.174304,0.813063
0.011227,0.175936,0.812836
0.688818,0.309966,0.001216
0.011158,0.145194,0.843649
0.692986,0.306526,0.000488
0.802479,0.197428,0.000093
0.686638,0.312314,0.001049
0.668257,0.330633,0.001110
0.008193,0.092397,0.899409
0.368774,0.628763,0.002462
0.729311,0.270331,0.000358
0.349626,0.647991,0.002384
0.400047,0.595059,0.004894
0.602563,0.395461,0.001976
0.570508,0.422695,0.006797
0.704454,0.295192,0.000354
0.535981,0.455288,0.008731
0.689371,0.305843,0.004786
0.817646,0.182271,0.000083
0.658129,0.333622,0.008250
0.665177,0.330003,0.004820
0.749584,0.249966,0.000450
0.010755,0.177258,0.811987
0.762173,0.236908,0.000919
0.820223,0.179685,0.000092
0.010720,0.089181,0.900100
0.782686,0.217164,0.000150
0.009890,0.120922,0.869188
0.758160,0.241459,0.000382
0.014008,0.275272,0.710720
0.554492,0.268060,0.177448
0.787136,0.212637,0.000227
0.612505,0.386929,0.000565
0.255838,0.385164,0.358998
0.804573,0.195387,0.000040
0.657819,0.341050,0.001131
0.599471,0.398134,0.002395
0.390253,0.607150,0.002597
0.695459,0.303179,0.001362
0.012147,0.293357,0.694496
0.706170,0.278929,0.014900
0.738284,0.261442,0.000274
0.823686,0.176158,0.000156
0.015149,0.181093,0.803758
0.833886,0.165985,0.000130
0.561511,0.437643,0.000845
0.007250,0.156329,0.836421
0.500271,0.493031,0.006698
0.013179,0.164908,0.821913
0.647698,0.348621,0.003681
0.009129,0.184882,0.805989
0.010180,0.162635,0.827185
0.644360,0.349801,0.005839
0.754897,0.244836,0.000267
0.010807,0.159222,0.829971
0.628638,0.370714,0.000647
0.693740,0.305512,0.000748
0.007323,0.162563,0.830114
0.713904,0.283271,0.002825
0.772493,0.227378,0.000129
0.009829,0.192864,0.797307
0.689299,0.310074,0.000627
0.637836,0.360765,0.001399
0.008349,0.201359,0.790292
0.863975,0.135991,0.000034
0.668448,0.330368,0.001183
0.208710,0.461532,0.329758
0.012425,0.146847,0.840728
0.682068,0.316074,0.001858
0.647720,0.349537,0.002743
0.629250,0.369850,0.000900
0.880261,0.119685,0.000053
0.795080,0.204617,0.000303
0.872100,0.127892,0.000008
0.631781,0.366910,0.001310
0.743367,0.256401,0.000232
0.614739,0.383317,0.001944
0.042559,0.260496,0.696944
0.750076,0.249848,0.000076
0.008110,0.141444,0.850446
0.539565,0.459261,0.001174
0.157286,0.281411,0.561302
0.641508,0.357159,0.001334
0.013788,0.255444,0.730769
0.872879,0.127095,0.000026
0.538879,0.460442,0.000679
0.013610,0.137301,0.849089
0.010650,0.185959,0.803391
0.878049,0.121937,0.000014
0.731994,0.265930,0.002076
0.512364,0.328467,0.159169
0.632075,0.367129,0.000796
0.671116,0.325255,0.003628
0.659370,0.339960,0.000670
0.646746,0.351916,0.001338
0.815242,0.184711,0.000047
0.013112,0.135146,0.851742
0.010151,0.120407,0.869442
0.009332,0.134017,0.856651
0.022177,0.250115,0.727708
0.680093,0.318749,0.001158
0.681893,0.317248,0.000860
0.006470,0.163468,0.830061
0.788638,0.211118,0.000245
0.772603,0.227025,0.000373
0.537859,0.461052,0.001089
0.772292,0.227153,0.000556
0.826940,0.172963,0.000097
0.754326,0.245378,0.000295
0.787557,0.211024,0.001420
0.714364,0.284887,0.000748
0.446268,0.547055,0.006677
0.010818,0.205713,0.783469
0.624588,0.372603,0.002809
0.433130,0.554092,0.012779
0.748141,0.251730,0.000128
0.011624,0.140269,0.848107
0.613479,0.368262,0.018259
0.842730,0.157201,0.000069
0.795780,0.203826,0.000394
0.762907,0.236722,0.000371
0.819981,0.179921,0.000097
0.468038,0.515886,0.016076
0.426020,0.570314,0.003666
0.617241,0.381047,0.001713
0.620307,0.376391,0.003302
0.491942,0.504905,0.003153
0.509495,0.481427,0.009078
0.460736,0.531183,0.008081
0.014927,0.100960,0.884113
0.839251,0.160485,0.000264
0.773963,0.225860,0.000178
0.020785,0.196960,0.782255
0.689939,0.292468,0.017593
0.866411,0.133519,0.000070
0.009046,0.121452,0.869502
0.804455,0.195419,0.000125
0.809671,0.189967,0.000362
0.749063,0.249782,0.001155
0.508540,0.486849,0.004611
0.801721,0.197752,0.000527
0.722240,0.273051,0.004710
0.758735,0.240908,0.000358
0.232631,0.230738,0.536631
0.306864,0.690601,0.002535
0.413435,0.565494,0.021070
0.787740,0.212048,0.000212
0.822156,0.177720,0.000124
0.729232,0.270523,0.000245
0.566404,0.419781,0.013815
0.586120,0.413007,0.000873
0.534362,0.464223,0.001414
0.008722,0.115051,0.876226
0.813416,0.186418,0.000167
0.802161,0.197603,0.000236
0.007789,0.180843,0.811367
0.343432,0.652915,0.003653
0.783122,0.216336,0.000542
0.162436,0.834458,0.003106
0.832621,0.167290,0.000090
0.806725,0.193185,0.000089
0.009512,0.126684,0.863804
0.008077,0.278616,0.713307
0.016077,0.172945,0.810978
0.014484,0.370478,0.615038
0.703731,0.296160,0.000108
0.688466,0.311167,0.000367
0.009828,0.146823,0.843349
0.008494,0.193562,0.797944
0.807564,0.191326,0.001109
0.649190,0.349862,0.000948
0.775589,0.224069,0.000342
0.797348,0.202541,0.000111
0.613075,0.386114,0.000811
0.646648,0.352861,0.000491
0.671652,0.327375,0.000973
0.688394,0.311019,0.000587
0.756703,0.243109,0.000188
0.013415,0.137800,0.848785
0.688900,0.295389,0.015711
0.601221,0.397298,0.001481
0.117824,0.535596,0.346580
0.261519,0.227348,0.511133
0.642395,0.355969,0.001636
0.015646,0.237783,0.746571
0.460035,0.538494,0.001471
0.723052,0.276473,0.000475
0.743904,0.255991,0.000105
0.543505,0.450645,0.005850
0.752023,0.247878,0.000099
0.008791,0.132673,0.858536
0.810579,0.189153,0.000268
0.789694,0.210228,0.000078
0.715037,0.283361,0.001602
0.014714,0.213313,0.771973
0.550602,0.447745,0.001653
0.807925,0.191720,0.000355
0.011166,0.201703,0.787131
0.829279,0.170665,0.000056
0.011865,0.202398,0.785737
0.342726,0.627626,0.029648
0.406475,0.588952,0.004573
0.471133,0.520576,0.008290
0.156107,0.361919,0.481974
0.680331,0.318487,0.001182
0.580274,0.417199,0.002528
0.011473,0.186423,0.802104
0.538754,0.458298,0.002948
0.823955,0.176000,0.000044
0.202733,0.791282,0.005985
0.722948,0.276600,0.000452
0.620211,0.377534,0.002255
0.432559,0.563430,0.004011
0.715537,0.282611,0.001852
0.571731,0.427160,0.001109
0.828462,0.171429,0.000109
0.007962,0.217800,0.774239
0.618787,0.380372,0.000841
0.009195,0.181998,0.808808
0.786756,0.212663,0.000581
0.632507,0.365210,0.002283
0.750321,0.248792,0.000887
0.620269,0.378635,0.001096
0.673545,0.261399,0.065056
0.693739,0.305701,0.000559
0.738146,0.260758,0.001096
0.635963,0.362848,0.001189
0.061576,0.155939,0.782485
0.568073,0.429249,0.002679
0.014042,0.178139,0.807819
0.762970,0.236683,0.000347
0.545820,0.450652,0.003529
0.776784,0.222952,0.000264
0.487979,0.504502,0.007519
0.544883,0.448758,0.006359
0.197329,0.243822,0.558850
0.019338,0.151885,0.828778
0.824520,0.175368,0.000112
0.677520,0.322079,0.000401
0.805110,0.193377,0.001513
0.744764,0.255037,0.000199
0.747709,0.251884,0.000407
0.737049,0.262745,0.000206
0.793530,0.206156,0.000313
0.009555,0.192767,0.797678
0.746971,0.252474,0.000555
0.012422,0.192388,0.795190
0.056863,0.129763,0.813374
0.612710,0.385121,0.002169
0.399093,0.598799,0.002108
0.012872,0.139192,0.847936
0.779355,0.219728,0.000917
0.811741,0.188150,0.000109
0.698638,0.299571,0.001791
0.781221,0.218635,0.000144
0.010929,0.167555,0.821516
0.378611,0.610044,0.011346
0.765989,0.233511,0.000500
0.012750,0.355347,0.631904
0.013302,0.131553,0.855145
0.719198,0.237966,0.042836
0.715248,0.284261,0.000491
0.722661,0.271945,0.005394
0.509076,0.478232,0.012692
0.842305,0.157674,0.000020
0.007758,0.173029,0.819213
0.014803,0.124747,0.860450
0.577662,0.411487,0.010851
0.579133,0.419314,0.001553
0.812908,0.186794,0.000299
0.014532,0.181840,0.803629
0.815791,0.184035,0.000174
0.679926,0.312769,0.007306
0.842439,0.157454,0.000107
0.463540,0.525710,0.010750
0.661994,0.334682,0.003324
0.723205,0.276195,0.000599
0.013622,0.348510,0.637868
0.814573,0.185134,0.000293
0.580662,0.418556,0.000783
0.009148,0.169319,0.821533
0.008891,0.119441,0.871668
0.210311,0.649678,0.140012
0.700919,0.297469,0.001612
0.015817,0.142818,0.841366
0.440087,0.558424,0.001489
0.726320,0.272750,0.000930
0.010717,0.101435,0.887848
0.644252,0.355330,0.000418
0.009885,0.149736,0.840380
0.011890,0.160233,0.827877
0.556673,0.440756,0.002572
0.487585,0.507692,0.004724
0.747999,0.251354,0.000647
0.585332,0.407054,0.007615
0.011270,0.166836,0.821894
0.808462,0.191467,0.000071
0.610629,0.387218,0.002153
0.540044,0.459262,0.000694
0.524464,0.473359,0.002176
0.526021,0.466879,0.007100
0.737615,0.262036,0.000349
0.780348,0.219401,0.000251
0.034065,0.697759,0.268176
0.496873,0.502780,0.000348
0.649506,0.349117,0.001376
0.609044,0.369687,0.021268
0.754106,0.245263,0.000631
0.741490,0.257594,0.000915
0.692178,0.307219,0.000603
0.008863,0.114002,0.877136
0.030258,0.123924,0.845818
0.008794,0.124943,0.866263
0.814462,0.185453,0.000085
0.791382,0.208511,0.000107
0.092670,0.361661,0.545669
0.729272,0.270371,0.000357
0.743311,0.256395,0.000294
0.539007,0.459177,0.001816
0.120555,0.651354,0.228091
0.633166,0.365408,0.001426
0.679315,0.319137,0.001547
0.775280,0.224662,0.000058
0.762757,0.237082,0.000162
0.009390,0.205160,0.785449
0.012046,0.140950,0.847004
0.724601,0.274948,0.000451
0.010673,0.342994,0.646333
0.703828,0.290996,0.005176
0.695340,0.303073,0.001587
0.801636,0.198115,0.000249
0.787561,0.212313,0.000126
0.704285,0.294349,0.001366
0.774484,0.225373,0.000143
0.792006,0.207767,0.000227
0.626878,0.370861,0.002261
0.478880,0.512880,0.008240
0.011618,0.135139,0.853243
0.746711,0.253184,0.000106
0.700562,0.299199,0.000239
0.526782,0.467158,0.006060
0.010269,0.127878,0.861853
0.832401,0.167536,0.000063
0.672732,0.322943,0.004325
0.753787,0.245850,0.000363
0.008331,0.202290,0.789379
0.853650,0.146309,0.000042
0.757292,0.238281,0.004426
0.419252,0.577983,0.002765
0.009815,0.113520,0.876666
0.245806,0.750623,0.003571
0.010088,0.150401,0.839511
0.772187,0.227710,0.000104
0.520378,0.453295,0.026327
0.774638,0.223558,0.001803
0.009443,0.132313,0.858243
0.800956,0.198929,0.000116
0.010593,0.241819,0.747589
0.632164,0.364910,0.002927
0.715577,0.284357,0.000066
0.663258,0.335037,0.001704
0.470660,0.527262,0.002078
0.011650,0.173983,0.814367
0.009762,0.168140,0.822098
0.752260,0.246343,0.001396
0.781052,0.218729,0.000219
0.008581,0.325962,0.665457
0.734151,0.265335,0.000514
0.011960,0.197153,0.790887
0.857467,0.142454,0.000080
0.782135,0.217628,0.000237
0.799376,0.200488,0.000136
0.712571,0.287193,0.000236
0.011178,0.139106,0.849716
0.795064,0.204739,0.000198
0.682993,0.316309,0.000698
0.581535,0.417466,0.000999
0.747064,0.252653,0.000283
0.706783,0.292466,0.000751
0.811695,0.188231,0.000074
0.768718,0.230373,0.000909
0.284637,0.708769,0.006594
0.009188,0.151699,0.839114
0.781439,0.216957,0.001604
0.745288,0.254088,0.000624
0.802794,0.196848,0.000358
0.707570,0.290290,0.002139
0.008954,0.129477,0.861570
0.784235,0.215230,0.000535
0.754518,0.242371,0.003111
0.765606,0.233741,0.000653
0.396482,0.601273,0.002246
0.752238,0.247115,0.000647
0.695130,0.304369,0.000502
0.333707,0.662554,0.003740
0.653613,0.345527,0.000860
0.011973,0.160837,0.827190
0.742248,0.256330,0.001422
0.014256,0.161988,0.823756
0.157002,0.200687,0.642311
0.647945,0.344900,0.007155
0.012988,0.178919,0.808093
0.754895,0.245040,0.000065
0.357323,0.588737,0.053940
0.856068,0.143883,0.000049
0.761181,0.237772,0.001047
0.441628,0.550927,0.007445
0.381582,0.560751,0.057667
0.652648,0.346962,0.000390
0.012848,0.127006,0.860145
0.690643,0.308788,0.000569
0.735220,0.264472,0.000308
0.782903,0.216690,0.000407
0.700184,0.299359,0.000457
0.651502,0.347928,0.000571
0.863348,0.136632,0.000020
0.741258,0.257952,0.000790
0.609122,0.389410,0.001468
0.728956,0.270300,0.000744
0.273998,0.701428,0.024574
0.184216,0.262153,0.553631
0.012095,0.159107,0.828798
0.017055,0.179645,0.803300
0.009213,0.168401,0.822386
0.712831,0.285445,0.001724
0.836868,0.163057,0.000075
0.713449,0.284796,0.001755
0.010906,0.209755,0.779339
0.698306,0.301198,0.000496
0.689647,0.309670,0.000683
0.008607,0.413557,0.577836
0.011876,0.228958,0.759166
0.737780,0.262079,0.000141
0.332611,0.660318,0.007071
0.010849,0.270269,0.718883
0.651002,0.332892,0.016106
0.823676,0.176216,0.000108
0.085154,0.139161,0.775685
0.013789,0.215840,0.770371
0.008429,0.188739,0.802832
0.742374,0.257101,0.000525
0.749377,0.250043,0.000580
0.530695,0.464245,0.005060
0.733761,0.265937,0.000302
0.695745,0.304110,0.000146
0.709783,0.288446,0.001771
0.487549,0.511521,0.000930
0.558294,0.435911,0.005795
0.720267,0.279029,0.000705
0.826083,0.172256,0.001660
0.728331,0.271006,0.000664
0.631197,0.368300,0.000503
0.011172,0.194518,0.794311
0.507205,0.489855,0.002940
0.687266,0.311213,0.001520
0.725664,0.273704,0.000632
0.362995,0.632150,0.004855
0.784270,0.215172,0.000559
0.798081,0.201281,0.000638
0.282028,0.713959,0.004013
0.297500,0.700706,0.001794
0.674554,0.305398,0.020048
0.012136,0.163155,0.824709
0.681645,0.315649,0.002706
0.793560,0.206038,0.000402
0.798334,0.201453,0.000213
0.452356,0.544776,0.002869
0.623103,0.375870,0.001028
0.707426,0.292354,0.000220
0.011660,0.198208,0.790132
0.792655,0.207282,0.000063
0.155695,0.311755,0.532551
0.763540,0.233523,0.002937
0.563806,0.434124,0.002070
0.636774,0.359433,0.003793
0.015079,0.230828,0.754093
0.666218,0.333083,0.000699
0.675041,0.324651,0.000308
0.829202,0.170690,0.000108
0.519907,0.478602,0.001491
0.008328,0.182301,0.809371
0.703210,0.295803,0.000987
0.529792,0.468775,0.001433
0.503977,0.488335,0.007689
0.723988,0.274972,0.001041
0.012213,0.262953,0.724834
0.823135,0.176776,0.000089
0.559458,0.437213,0.003328
0.011255,0.169693,0.819052
0.646054,0.346579,0.007367
0.011184,0.156908,0.831909
0.007701,0.141185,0.851114
0.009863,0.207004,0.783132
0.800135,0.199319,0.000546
0.728359,0.265291,0.006350
0.250214,0.559127,0.190659
0.016547,0.121739,0.861713
0.672272,0.326938,0.000790
0.596056,0.379909,0.024035
0.014289,0.257369,0.728342
0.009125,0.115284,0.875592
0.703457,0.296244,0.000298
0.607784,0.384231,0.007985
0.009876,0.256672,0.733453
0.008512,0.143723,0.847765
0.011977,0.147453,0.840570
0.704617,0.292627,0.002756
0.551112,0.447222,0.001666
0.638595,0.360905,0.000499
0.008679,0.131165,0.860156
