0.077450,0.036414,0.014614,0.107075,0.019840,0.235576,0.235678,0.198328,0.020050,0.054975
0.069194,0.167003,0.057615,0.076571,0.091664,0.163570,0.087314,0.030006,0.118189,0.138874
0.027926,0.074625,0.036207,0.035971,0.016602,0.274488,0.277854,0.116703,0.065328,0.074295
0.082907,0.070921,0.050585,0.078700,0.024746,0.217090,0.215218,0.141732,0.026690,0.091412
0.046812,0.236594,0.070027,0.075558,0.212136,0.080823,0.112298,0.063205,0.042026,0.060521
0.089057,0.036956,0.069250,0.047926,0.176312,0.029900,0.209325,0.094404,0.203976,0.042892
0.034899,0.064968,0.110974,0.095870,0.020268,0.237863,0.240906,0.028044,0.032217,0.133990
0.145133,0.094437,0.038677,0.059237,0.098949,0.067323,0.123992,0.085774,0.059603,0.226874
0.115719,0.041508,0.086351,0.085386,0.017690,0.199050,0.199674,0.176044,0.019540,0.059039
0.031979,0.051563,0.009326,0.018389,0.018670,0.290938,0.297964,0.156002,0.033452,0.091716
0.040986,0.041510,0.117196,0.055354,0.167877,0.192011,0.091289,0.038724,0.046685,0.208369
0.090393,0.034625,0.046592,0.039360,0.104597,0.440962,0.064904,0.085156,0.064709,0.028703
0.079610,0.062258,0.014105,0.106844,0.026360,0.272939,0.276022,0.031175,0.027949,0.102739
0.042512,0.034956,0.087757,0.056113,0.149253,0.157525,0.141406,0.051547,0.106644,0.172286
0.047933,0.186745,0.052559,0.192206,0.081379,0.047378,0.087652,0.035494,0.120372,0.148281
0.043879,0.080456,0.054708,0.056048,0.158866,0.171279,0.123289,0.223321,0.045111,0.043044
0.091787,0.042902,0.105368,0.067104,0.070554,0.260553,0.162091,0.058336,0.052675,0.088630
0.036426,0.023257,0.053207,0.096659,0.024489,0.245443,0.244836,0.121288,0.083726,0.070669
0.098704,0.051644,0.135676,0.050821,0.155787,0.148551,0.077974,0.036161,0.086984,0.157699
0.171839,0.042959,0.064845,0.065876,0.173682,0.078771,0.055563,0.057320,0.131483,0.157661
0.094056,0.045073,0.082166,0.084617,0.224743,0.081101,0.181968,0.060112,0.093435,0.052727
0.027135,0.085876,0.011278,0.089461,0.018470,0.222409,0.223767,0.192992,0.068397,0.060215
0.046090,0.105996,0.171190,0.041711,0.116267,0.194247,0.172398,0.032562,0.074237,0.045303
0.022216,0.076460,0.045975,0.046954,0.021884,0.223399,0.225809,0.116439,0.082160,0.138704
0.065446,0.086595,0.013985,0.050918,0.022861,0.250943,0.251622,0.124033,0.023330,0.110267
0.071062,0.028666,0.065592,0.031110,0.024501,0.065266,0.138443,0.508224,0.037428,0.029710
0.020907,0.025335,0.091866,0.031994,0.018624,0.284856,0.291116,0.136050,0.031768,0.067485
0.088344,0.038432,0.148208,0.051328,0.038427,0.070683,0.107194,0.205651,0.081334,0.170398
0.029151,0.083347,0.012752,0.041158,0.016149,0.283527,0.288191,0.145203,0.017245,0.083277
0.108065,0.097870,0.045476,0.081955,0.038952,0.092953,0.290660,0.059528,0.051201,0.133339
0.136865,0.026937,0.016338,0.087433,0.023784,0.258517,0.258567,0.049182,0.033713,0.108664
0.085482,0.071202,0.102360,0.070059,0.038803,0.082333,0.180962,0.214805,0.046263,0.107732
0.089351,0.147349,0.041259,0.074055,0.145081,0.080166,0.130405,0.126543,0.057629,0.108163
0.194928,0.035494,0.061707,0.042586,0.205783,0.076160,0.112073,0.065254,0.149228,0.056787
0.039185,0.059397,0.017047,0.098534,0.025823,0.254234,0.254443,0.139889,0.026555,0.084893
0.134146,0.016999,0.077078,0.085352,0.020092,0.243451,0.242180,0.044911,0.072743,0.063048
0.078349,0.105858,0.123302,0.052606,0.256976,0.135088,0.071523,0.062585,0.059282,0.054431
0.081420,0.142039,0.062581,0.028230,0.026097,0.229924,0.226947,0.035003,0.031238,0.136522
0.227121,0.039582,0.041825,0.062988,0.229289,0.082230,0.121340,0.071259,0.076251,0.048115
0.104624,0.131491,0.126215,0.050229,0.105813,0.035237,0.079551,0.067576,0.057775,0.241489
0.025162,0.077962,0.047528,0.109558,0.021292,0.292852,0.295998,0.026066,0.038554,0.065028
0.009805,0.051685,0.015188,0.046506,0.018084,0.303958,0.300869,0.164659,0.035618,0.053628
0.084953,0.119778,0.076889,0.074998,0.169043,0.080434,0.156245,0.103068,0.082389,0.052203
0.074643,0.089427,0.172298,0.048489,0.111079,0.089117,0.185181,0.037141,0.057277,0.135348
0.133245,0.118412,0.097268,0.043877,0.023681,0.199432,0.195910,0.038324,0.096342,0.053510
0.044752,0.192843,0.055709,0.049248,0.117835,0.114050,0.067337,0.059962,0.048283,0.249981
0.122673,0.031902,0.095914,0.019082,0.023735,0.236090,0.238825,0.024083,0.073259,0.134437
0.091909,0.083794,0.070321,0.135738,0.207657,0.095322,0.082044,0.071784,0.059896,0.101535
0.046199,0.095637,0.091888,0.059579,0.153326,0.165748,0.128483,0.058609,0.107932,0.092599
0.131664,0.089416,0.122428,0.058208,0.145070,0.033215,0.127248,0.180436,0.040096,0.072220
0.097810,0.235177,0.063465,0.072235,0.104801,0.076868,0.167538,0.042978,0.054176,0.084951
0.114213,0.061525,0.156368,0.090815,0.184186,0.108479,0.081808,0.083424,0.056002,0.063180
0.138353,0.031108,0.034863,0.057830,0.086061,0.050242,0.081448,0.230824,0.033104,0.256166
0.035230,0.023781,0.082795,0.075741,0.027057,0.233367,0.233491,0.137600,0.031131,0.119807
0.057399,0.133467,0.083437,0.055580,0.100812,0.086857,0.206508,0.075274,0.095252,0.105413
0.084258,0.108394,0.064584,0.067010,0.129891,0.091480,0.084866,0.054651,0.257465,0.057400
0.078330,0.174695,0.037391,0.059733,0.135895,0.069706,0.061748,0.056311,0.062653,0.263538
0.064408,0.040424,0.067289,0.071338,0.093713,0.069716,0.151314,0.216595,0.051316,0.173885
0.007752,0.078126,0.021375,0.071648,0.017785,0.260635,0.265122,0.119378,0.065589,0.092591
0.095437,0.099692,0.045422,0.075528,0.143009,0.086354,0.116855,0.060676,0.075918,0.201109
0.032535,0.080118,0.072396,0.044555,0.021730,0.271544,0.270034,0.026375,0.077915,0.102798
0.005931,0.019049,0.096521,0.100301,0.020812,0.217603,0.216664,0.195268,0.070211,0.057640
0.051000,0.075667,0.106252,0.111004,0.024265,0.213351,0.212421,0.115906,0.030645,0.059488
0.142113,0.051185,0.054897,0.090478,0.146190,0.122268,0.108046,0.091532,0.129963,0.063328
0.030419,0.048475,0.112254,0.070461,0.018366,0.292552,0.295865,0.020941,0.025601,0.085066
0.096671,0.085289,0.166437,0.070976,0.108882,0.081891,0.171759,0.073567,0.064072,0.080456
0.055169,0.117584,0.104662,0.070606,0.188859,0.095060,0.154158,0.051578,0.067562,0.094763
0.046069,0.098795,0.065178,0.110812,0.037928,0.074233,0.150487,0.086346,0.113703,0.216448
0.048065,0.032298,0.046016,0.053765,0.174670,0.050659,0.038998,0.219208,0.031506,0.304815
0.084692,0.091102,0.074297,0.064100,0.148756,0.118008,0.074185,0.192600,0.063075,0.089185
0.045625,0.046477,0.077715,0.054051,0.087963,0.332888,0.062004,0.067052,0.055088,0.171136
0.094331,0.084603,0.070663,0.073975,0.219158,0.083067,0.181720,0.039113,0.051046,0.102324
0.044847,0.039718,0.110121,0.155255,0.175950,0.032931,0.200843,0.140218,0.051630,0.048487
0.039677,0.040428,0.066145,0.058583,0.283723,0.135879,0.052525,0.189591,0.040917,0.092533
0.121156,0.108535,0.100625,0.073496,0.020225,0.185614,0.183266,0.114929,0.025762,0.066392
0.086718,0.151614,0.060333,0.111999,0.021840,0.215820,0.211218,0.031692,0.030026,0.078742
0.090107,0.127842,0.113373,0.049574,0.135109,0.090338,0.074585,0.034409,0.053519,0.231142
0.070379,0.030684,0.111975,0.113736,0.026297,0.233257,0.234452,0.039748,0.035304,0.104168
0.032479,0.088667,0.045649,0.131290,0.019260,0.280069,0.279212,0.024709,0.038023,0.060642
0.050913,0.048085,0.057188,0.075580,0.035355,0.197186,0.128097,0.279510,0.061666,0.066420
0.164144,0.116916,0.039823,0.046610,0.185975,0.062443,0.094697,0.056313,0.132630,0.100449
0.046047,0.103626,0.089561,0.064242,0.121524,0.075744,0.057451,0.158737,0.043912,0.239155
0.040938,0.083450,0.097426,0.057118,0.108665,0.030160,0.100797,0.107372,0.045504,0.328571
0.025382,0.020712,0.050899,0.142753,0.022201,0.276244,0.275793,0.033631,0.031402,0.120984
0.062315,0.034765,0.063543,0.058651,0.135258,0.174864,0.125178,0.056900,0.048370,0.240157
0.045246,0.100970,0.162177,0.058054,0.087804,0.071711,0.104518,0.056211,0.040664,0.272647
0.065243,0.067970,0.077429,0.078033,0.096408,0.126385,0.187230,0.085676,0.062965,0.152661
0.166484,0.053024,0.060008,0.088830,0.220384,0.040057,0.111694,0.128490,0.070586,0.060441
0.078985,0.102350,0.056508,0.066980,0.176534,0.103137,0.096618,0.095668,0.076777,0.146443
0.050475,0.171896,0.193656,0.054283,0.165382,0.128986,0.075016,0.042895,0.056452,0.060959
0.040949,0.035193,0.035695,0.056706,0.175746,0.106844,0.164944,0.049235,0.046565,0.288123
0.069684,0.096269,0.063629,0.044400,0.168042,0.041575,0.158851,0.055443,0.036691,0.265416
0.097042,0.120861,0.190824,0.060333,0.075913,0.128691,0.117616,0.063295,0.094722,0.050702
0.044205,0.045158,0.013898,0.101956,0.020094,0.261495,0.262223,0.138174,0.039696,0.073099
0.077341,0.037549,0.094717,0.074021,0.063843,0.040998,0.101910,0.056727,0.158131,0.294763
0.006479,0.020072,0.132186,0.115571,0.020657,0.243133,0.243153,0.122325,0.023214,0.073210
0.037927,0.140636,0.045594,0.039214,0.193071,0.036951,0.057825,0.027568,0.140181,0.281033
0.043847,0.088369,0.102243,0.084345,0.024679,0.195420,0.191797,0.185959,0.030084,0.053257
0.077788,0.037025,0.039645,0.078725,0.127581,0.079771,0.145628,0.062181,0.052674,0.298982
0.137997,0.145934,0.053334,0.056790,0.036548,0.063995,0.060400,0.191220,0.104663,0.149119
0.086439,0.114129,0.046972,0.069294,0.157921,0.275466,0.067878,0.071082,0.056439,0.054380
0.073286,0.038845,0.023963,0.060747,0.023397,0.322269,0.322484,0.031022,0.042413,0.061572
0.081582,0.109324,0.127389,0.089111,0.132261,0.083665,0.101949,0.184810,0.042857,0.047053
0.083106,0.045979,0.039538,0.147872,0.219798,0.083112,0.204115,0.063748,0.052771,0.059960
0.094386,0.094401,0.075983,0.070086,0.237093,0.079684,0.130604,0.068040,0.059235,0.090489
0.066528,0.029079,0.096632,0.026653,0.031333,0.237556,0.238651,0.127664,0.039866,0.106037
0.053617,0.082403,0.108065,0.081595,0.020134,0.261969,0.264841,0.024318,0.020423,0.082634
0.049885,0.041228,0.204784,0.146218,0.101186,0.048645,0.168110,0.068901,0.043952,0.127091
0.008447,0.087721,0.130768,0.027304,0.024135,0.237284,0.238424,0.138153,0.028733,0.079033
0.056591,0.044584,0.043830,0.104636,0.172818,0.054498,0.165963,0.051283,0.248912,0.056885
0.052745,0.079894,0.100656,0.044231,0.021156,0.249298,0.251901,0.112456,0.030503,0.057160
0.076961,0.161121,0.068598,0.058893,0.068157,0.083139,0.157080,0.215733,0.053042,0.057276
0.008271,0.091952,0.138077,0.101935,0.022743,0.258240,0.258980,0.029800,0.024038,0.065964
0.190138,0.086482,0.123292,0.076394,0.117178,0.103320,0.060779,0.074015,0.064783,0.103619
0.062397,0.143269,0.042126,0.120562,0.116399,0.117596,0.109245,0.096767,0.079922,0.111717
0.009926,0.048963,0.129263,0.022526,0.022694,0.284326,0.290252,0.031012,0.094433,0.066605
0.078180,0.192950,0.044250,0.073683,0.040922,0.050779,0.171336,0.238836,0.058413,0.050652
0.083478,0.098869,0.052411,0.069816,0.183541,0.030943,0.093572,0.300914,0.045909,0.040549
0.093068,0.132254,0.040114,0.076479,0.109607,0.195854,0.066671,0.057586,0.037998,0.190369
0.099834,0.141427,0.215554,0.070821,0.151579,0.053172,0.082925,0.036920,0.095104,0.052664
0.057105,0.087964,0.116178,0.069014,0.240033,0.098518,0.120032,0.055592,0.053947,0.101617
0.058039,0.125389,0.115900,0.063692,0.091811,0.072527,0.115714,0.120291,0.066865,0.169772
0.053911,0.046408,0.063286,0.033855,0.049851,0.023994,0.551355,0.043563,0.105423,0.028353
0.081695,0.096209,0.150604,0.077937,0.090661,0.079969,0.058642,0.268860,0.051092,0.044331
0.024744,0.024277,0.016754,0.104610,0.022352,0.258224,0.257686,0.134033,0.076943,0.080378
0.069791,0.037926,0.114013,0.077902,0.023569,0.280238,0.282292,0.028688,0.023111,0.062471
0.073352,0.071403,0.063107,0.121875,0.168255,0.076500,0.122922,0.188085,0.044871,0.069630
0.060758,0.117126,0.086756,0.094099,0.022144,0.211503,0.207105,0.064944,0.050877,0.084688
0.050925,0.035842,0.033401,0.052290,0.111206,0.382036,0.064841,0.176342,0.029931,0.063186
0.077715,0.031104,0.021847,0.104471,0.028808,0.257664,0.255632,0.040703,0.029634,0.152422
0.029631,0.072503,0.100168,0.076732,0.021278,0.237541,0.239222,0.108399,0.026297,0.088230
0.135507,0.138608,0.087147,0.059809,0.095783,0.075378,0.089491,0.077254,0.057837,0.183186
0.065219,0.139617,0.098535,0.062025,0.112265,0.033801,0.134835,0.162535,0.048873,0.142295
0.038728,0.237735,0.059965,0.071829,0.122442,0.029289,0.101350,0.260410,0.035697,0.042555
0.054870,0.044894,0.147510,0.027725,0.065039,0.024489,0.489215,0.081219,0.024968,0.040072
0.041446,0.150187,0.040196,0.105374,0.151263,0.059146,0.087593,0.217038,0.106638,0.041120
0.048827,0.146285,0.160890,0.072080,0.147483,0.074297,0.069215,0.050541,0.124353,0.106029
0.051134,0.131288,0.123485,0.087842,0.246881,0.050364,0.080978,0.071334,0.047951,0.108743
0.060619,0.034736,0.086189,0.042788,0.074678,0.052933,0.535903,0.037299,0.026873,0.047979
0.084079,0.075701,0.135292,0.073972,0.179287,0.073351,0.109804,0.065793,0.052051,0.150671
0.193780,0.206518,0.063262,0.066666,0.075644,0.111647,0.108779,0.056217,0.040712,0.076775
0.068785,0.035219,0.054105,0.116972,0.136040,0.178516,0.126780,0.030276,0.035870,0.217438
0.043496,0.019452,0.094224,0.082484,0.021012,0.183605,0.180896,0.176474,0.087668,0.110688
0.064125,0.026188,0.236576,0.036918,0.023244,0.043187,0.031145,0.417374,0.029806,0.091437
0.047313,0.108246,0.039601,0.150002,0.208322,0.084361,0.073075,0.069005,0.172713,0.047362
0.080156,0.051490,0.128301,0.104725,0.167941,0.084352,0.064070,0.202959,0.058850,0.057155
0.152083,0.101742,0.064989,0.060371,0.036231,0.067297,0.050061,0.165321,0.049261,0.252646
0.039902,0.087507,0.061845,0.052650,0.116847,0.027477,0.176228,0.037709,0.034490,0.365344
0.072406,0.041096,0.058883,0.049065,0.191706,0.090990,0.074718,0.301801,0.054063,0.065271
0.076311,0.167663,0.152118,0.061815,0.122271,0.046395,0.065634,0.061346,0.062574,0.183875
0.091352,0.131973,0.171613,0.075868,0.044021,0.084267,0.063529,0.234464,0.049101,0.053812
0.086389,0.101085,0.115186,0.080657,0.129116,0.242441,0.072698,0.071809,0.053258,0.047361
0.251413,0.049066,0.046343,0.074013,0.196059,0.137788,0.065640,0.046512,0.081176,0.051989
0.081390,0.096183,0.043979,0.061468,0.192524,0.118513,0.148656,0.112516,0.084532,0.060240
0.147953,0.121765,0.083768,0.071300,0.093514,0.096318,0.121999,0.075532,0.059458,0.128393
0.059736,0.123509,0.140866,0.084401,0.124845,0.092907,0.090918,0.082362,0.055433,0.145023
0.092473,0.090852,0.177034,0.076180,0.160253,0.036879,0.190182,0.061155,0.061625,0.053368
0.006791,0.022697,0.101147,0.100217,0.024594,0.220601,0.217277,0.134448,0.080189,0.092039
0.059339,0.047946,0.125911,0.063573,0.124765,0.074531,0.129200,0.061341,0.125698,0.187697
0.051725,0.075351,0.100698,0.066718,0.188636,0.085990,0.055318,0.227019,0.047670,0.100874
0.079739,0.145157,0.056330,0.058438,0.111629,0.045345,0.140832,0.039711,0.052381,0.270438
0.036278,0.123362,0.042875,0.048595,0.052621,0.028970,0.045401,0.303271,0.143107,0.175520
0.055324,0.098938,0.047608,0.100577,0.023123,0.221761,0.221676,0.112137,0.043737,0.075119
0.070795,0.077095,0.073064,0.073768,0.074583,0.073971,0.150497,0.173315,0.079619,0.153292
0.074230,0.098704,0.144880,0.060881,0.160766,0.175620,0.134132,0.047382,0.048252,0.055152
0.140095,0.127423,0.040445,0.059234,0.111229,0.103131,0.126735,0.148128,0.047971,0.095609
0.021175,0.073001,0.014300,0.107078,0.020358,0.227192,0.226368,0.196756,0.020515,0.093255
0.032271,0.085964,0.124755,0.088093,0.020261,0.266405,0.264310,0.024042,0.035339,0.058559
0.084282,0.040628,0.068298,0.067288,0.168621,0.082758,0.159263,0.061957,0.085338,0.181568
0.070930,0.053425,0.064583,0.066030,0.123086,0.128260,0.159342,0.173208,0.065958,0.095178
0.045227,0.172688,0.066820,0.047377,0.143914,0.103460,0.097660,0.061057,0.063386,0.198411
0.049889,0.039270,0.215437,0.152934,0.039018,0.243652,0.060635,0.057883,0.042687,0.098596
0.061533,0.162071,0.134845,0.072002,0.031894,0.035871,0.161772,0.067981,0.223461,0.048569
0.082015,0.042586,0.133082,0.044404,0.152235,0.078453,0.145813,0.124643,0.153440,0.043329
0.049975,0.149974,0.202536,0.090960,0.037463,0.081963,0.067137,0.199592,0.046333,0.074067
0.067139,0.108888,0.027872,0.092614,0.021242,0.208103,0.207916,0.100512,0.093781,0.071932
0.082463,0.151577,0.107215,0.065456,0.094686,0.074295,0.064699,0.182772,0.128523,0.048313
0.094336,0.070645,0.045985,0.075778,0.200707,0.057061,0.095120,0.273834,0.044121,0.042412
0.078141,0.083678,0.039103,0.045192,0.217118,0.076827,0.148556,0.064636,0.038975,0.207774
0.068913,0.068185,0.085038,0.066688,0.073411,0.181462,0.049196,0.202927,0.132198,0.071981
0.220477,0.087828,0.040858,0.067333,0.240766,0.087349,0.077517,0.072574,0.054362,0.050937
0.109160,0.049093,0.139923,0.086441,0.132061,0.107982,0.217478,0.042101,0.056958,0.058803
0.036073,0.026479,0.080528,0.041444,0.024812,0.259176,0.259222,0.117306,0.067770,0.087190
0.021704,0.043811,0.051430,0.087112,0.081823,0.020409,0.603723,0.018066,0.021411,0.050512
0.041314,0.039860,0.016189,0.095053,0.021777,0.257959,0.257386,0.131330,0.078972,0.060160
0.044430,0.038635,0.023042,0.056754,0.022911,0.312647,0.309914,0.024748,0.023146,0.143773
0.080620,0.029801,0.019645,0.023610,0.027288,0.251667,0.251415,0.133806,0.039194,0.142955
0.062572,0.129159,0.146608,0.047737,0.081008,0.067671,0.124644,0.161902,0.113696,0.065003
0.073477,0.099164,0.110625,0.078017,0.077019,0.084880,0.116570,0.220532,0.073828,0.065887
0.049920,0.041339,0.048980,0.029265,0.084294,0.038407,0.480047,0.148273,0.040446,0.039030
0.106683,0.203672,0.085160,0.103318,0.109903,0.035631,0.176782,0.066713,0.060619,0.051518
0.117571,0.103975,0.079833,0.082514,0.021357,0.178857,0.172756,0.110085,0.060407,0.072645
0.106193,0.044231,0.047668,0.068368,0.128515,0.136879,0.057531,0.170984,0.189187,0.050443
0.066985,0.108039,0.042979,0.057184,0.029768,0.155827,0.048476,0.210241,0.107127,0.173376
0.080514,0.157481,0.065075,0.054123,0.157136,0.083594,0.072844,0.100825,0.068931,0.159476
0.066176,0.099208,0.134706,0.060369,0.034824,0.095112,0.107329,0.158149,0.117137,0.126989
0.114868,0.099576,0.073389,0.082547,0.174664,0.038758,0.074427,0.049647,0.234059,0.058064
0.102838,0.101772,0.148376,0.088226,0.045660,0.089501,0.213525,0.083697,0.066669,0.059735
0.127901,0.071381,0.094657,0.072822,0.020878,0.228655,0.230907,0.029406,0.070415,0.052978
0.021562,0.091263,0.085139,0.116998,0.021335,0.235767,0.239573,0.024330,0.069044,0.094989
0.041817,0.040821,0.035950,0.060217,0.184260,0.061793,0.140303,0.222920,0.036960,0.174959
0.065607,0.022446,0.032025,0.025111,0.015852,0.019637,0.556490,0.200854,0.026598,0.035380
0.062015,0.160492,0.033930,0.058303,0.063832,0.077028,0.047541,0.223814,0.048416,0.224628
0.060442,0.089326,0.018237,0.095485,0.026292,0.244657,0.244402,0.062936,0.085249,0.072974
0.067773,0.046253,0.054391,0.087622,0.028042,0.264743,0.262678,0.067029,0.036024,0.085444
0.081037,0.201328,0.089517,0.041271,0.103679,0.066816,0.093632,0.042059,0.046610,0.234051
0.007809,0.103047,0.024819,0.025099,0.024210,0.218043,0.217648,0.201203,0.078678,0.099445
0.073514,0.056192,0.054731,0.106635,0.024406,0.234612,0.232697,0.028820,0.084046,0.104348
0.079401,0.122627,0.066184,0.068975,0.092018,0.126177,0.071788,0.259839,0.065934,0.047057
0.089808,0.049282,0.121588,0.054107,0.185855,0.252592,0.077268,0.063415,0.056251,0.049834
0.061528,0.037828,0.109151,0.041828,0.090388,0.070620,0.140020,0.062243,0.154547,0.231849
0.090640,0.043760,0.054089,0.050698,0.027504,0.215078,0.212895,0.201729,0.040703,0.062904
0.047976,0.040959,0.161213,0.059513,0.146305,0.083472,0.053161,0.058829,0.149421,0.199153
0.076891,0.181298,0.067788,0.041375,0.146776,0.045344,0.136688,0.175188,0.072830,0.055821
0.053139,0.107604,0.039972,0.047004,0.242815,0.092132,0.081222,0.036700,0.194700,0.104712
0.093200,0.052616,0.079291,0.059296,0.034267,0.065364,0.125423,0.073108,0.139135,0.278301
0.129629,0.049253,0.067163,0.076506,0.018675,0.265695,0.265875,0.024556,0.026783,0.075865
0.107517,0.058210,0.084384,0.193215,0.046206,0.058328,0.148743,0.075184,0.063504,0.164709
0.050334,0.142750,0.127513,0.117281,0.129136,0.049669,0.099714,0.153810,0.044621,0.085171
0.079222,0.048484,0.101453,0.060060,0.070225,0.112799,0.096545,0.041445,0.146778,0.242989
0.006493,0.078739,0.121051,0.090615,0.022458,0.229568,0.229784,0.128233,0.032039,0.061022
0.085877,0.044875,0.065515,0.064268,0.122744,0.085002,0.180769,0.066129,0.129653,0.155169
0.061676,0.050168,0.042161,0.045478,0.020361,0.282973,0.283848,0.127614,0.033732,0.051987
0.023698,0.023325,0.097226,0.121629,0.021351,0.271030,0.270436,0.026065,0.082839,0.062400
0.081867,0.090137,0.102774,0.116381,0.151096,0.110882,0.140569,0.061923,0.057994,0.086376
0.024511,0.029386,0.123053,0.052213,0.021282,0.291850,0.295344,0.044152,0.034254,0.083955
0.069465,0.036970,0.056917,0.064693,0.129456,0.077429,0.107497,0.103636,0.067929,0.286009
0.059670,0.092384,0.048590,0.086294,0.022212,0.248125,0.251398,0.032219,0.073127,0.085981
0.062431,0.023183,0.093440,0.083715,0.026890,0.239842,0.241533,0.118609,0.035591,0.074764
0.071931,0.084015,0.062414,0.103273,0.027703,0.214783,0.209573,0.139041,0.028498,0.058769
0.051740,0.078026,0.063452,0.054187,0.161876,0.090795,0.106782,0.251272,0.080275,0.061594
0.081118,0.114714,0.062148,0.069140,0.099320,0.075537,0.189227,0.189763,0.069261,0.049770
0.051769,0.111209,0.045175,0.070434,0.124279,0.085142,0.155978,0.068766,0.130674,0.156574
0.044340,0.114102,0.098249,0.054888,0.210697,0.070576,0.154522,0.130795,0.038753,0.083078
0.084479,0.104218,0.154943,0.074488,0.122964,0.081668,0.073125,0.063195,0.054626,0.186294
0.081419,0.212680,0.069337,0.059956,0.121030,0.031353,0.147092,0.059169,0.040944,0.177021
0.144708,0.040410,0.037969,0.050875,0.022383,0.040177,0.035456,0.543564,0.030698,0.053760
0.073242,0.084904,0.126935,0.067685,0.112533,0.076481,0.057294,0.041298,0.040403,0.319224
0.067037,0.098643,0.048773,0.046625,0.026670,0.032855,0.115148,0.442555,0.087603,0.034091
0.051597,0.146160,0.045133,0.154007,0.040894,0.089408,0.179002,0.046173,0.197772,0.049854
0.074780,0.140981,0.042632,0.045225,0.201374,0.132870,0.074128,0.064230,0.174940,0.048841
0.057955,0.204840,0.078659,0.093895,0.160514,0.100596,0.143872,0.051191,0.053343,0.055133
0.077871,0.047474,0.098787,0.073312,0.203923,0.077441,0.068696,0.194881,0.053534,0.104080
0.029046,0.023687,0.020532,0.055553,0.024993,0.262580,0.262574,0.134666,0.026686,0.159682
0.075500,0.118581,0.100784,0.071254,0.087804,0.075044,0.058575,0.253350,0.053799,0.105309
0.136213,0.138475,0.125227,0.046141,0.111323,0.074769,0.118443,0.044343,0.065417,0.139649
0.042637,0.034990,0.182965,0.069892,0.125218,0.042232,0.057491,0.038501,0.063703,0.342372
0.090494,0.096371,0.051292,0.100275,0.101827,0.115678,0.244116,0.084229,0.052389,0.063327
0.151607,0.037493,0.096413,0.062830,0.113167,0.104047,0.129692,0.056202,0.050813,0.197737
0.098817,0.084976,0.015845,0.108975,0.021288,0.253346,0.252651,0.032726,0.022853,0.108521
0.046033,0.086099,0.013818,0.049193,0.019388,0.260352,0.258819,0.155402,0.037874,0.073024
0.075900,0.188987,0.055310,0.124954,0.036352,0.044379,0.136552,0.031729,0.148742,0.157094
0.084933,0.043714,0.139165,0.126532,0.073921,0.075970,0.072912,0.248176,0.086097,0.048580
0.072401,0.035373,0.036434,0.054553,0.174438,0.102328,0.126206,0.053009,0.063273,0.281985
0.079048,0.036229,0.032507,0.053594,0.119726,0.029127,0.088958,0.196015,0.132521,0.232275
0.070187,0.054108,0.118668,0.106466,0.052136,0.211010,0.193299,0.044931,0.075830,0.073366
0.077707,0.039904,0.013997,0.084607,0.026490,0.243299,0.244457,0.127628,0.034571,0.107341
0.063626,0.039858,0.139803,0.078945,0.194830,0.072327,0.072977,0.061400,0.159162,0.117071
0.064498,0.020102,0.118535,0.163455,0.020356,0.239426,0.237940,0.035791,0.025204,0.074695
0.045951,0.140213,0.109307,0.099071,0.094810,0.044699,0.120938,0.170456,0.122182,0.052373
0.082736,0.219809,0.066410,0.043324,0.094456,0.213260,0.061034,0.041309,0.053907,0.123755
0.244014,0.114626,0.071999,0.048461,0.198984,0.051133,0.068615,0.076610,0.058974,0.066585
0.099061,0.046632,0.103959,0.093243,0.025232,0.247174,0.249080,0.028976,0.026580,0.080061
0.105953,0.048654,0.043711,0.127450,0.150854,0.093863,0.131909,0.164662,0.081723,0.051220
0.099511,0.189188,0.070701,0.062914,0.145559,0.096940,0.132679,0.072735,0.060861,0.068911
0.095515,0.054425,0.053350,0.076627,0.113079,0.093430,0.184957,0.037780,0.094537,0.196300
0.064482,0.110042,0.039334,0.062511,0.159335,0.062455,0.082909,0.271765,0.077763,0.069404
0.049838,0.084110,0.097551,0.054328,0.218491,0.042998,0.055672,0.060159,0.086709,0.250145
0.066136,0.117783,0.053438,0.069371,0.103364,0.062791,0.116234,0.137875,0.118988,0.154019
0.075917,0.204634,0.036889,0.132457,0.192358,0.043520,0.134645,0.058656,0.049218,0.071707
0.068879,0.112314,0.156487,0.067545,0.136694,0.076321,0.168435,0.066388,0.057595,0.089340
0.047293,0.071280,0.112981,0.101827,0.020453,0.219832,0.221447,0.122742,0.022503,0.059642
0.100207,0.152023,0.045066,0.084277,0.086663,0.081918,0.148667,0.031059,0.050204,0.219916
0.020354,0.080326,0.103033,0.061897,0.018226,0.277720,0.279538,0.017744,0.069041,0.072121
0.107837,0.186698,0.048055,0.123409,0.130652,0.087505,0.074743,0.056393,0.041861,0.142847
0.073050,0.115512,0.040051,0.069565,0.104466,0.088706,0.189648,0.065572,0.135561,0.117868
0.085087,0.114874,0.065108,0.065152,0.180886,0.072726,0.148634,0.063739,0.156444,0.047352
0.073534,0.101404,0.168682,0.124508,0.116835,0.029946,0.157777,0.030544,0.036248,0.160522
0.101315,0.041667,0.085478,0.077145,0.093338,0.301635,0.141290,0.046927,0.059440,0.051765
0.082190,0.219508,0.034037,0.039943,0.031740,0.069219,0.106963,0.226389,0.149567,0.040444
0.175253,0.029059,0.038145,0.043751,0.025666,0.129339,0.115079,0.272811,0.026809,0.144088
0.096616,0.131690,0.218358,0.069011,0.030573,0.052381,0.103706,0.083405,0.037594,0.176666
0.066820,0.086399,0.051911,0.162639,0.022882,0.237975,0.237196,0.038709,0.027489,0.067980
0.081708,0.224016,0.041375,0.068777,0.038251,0.222850,0.073041,0.041035,0.083866,0.125082
0.058548,0.166929,0.054733,0.083415,0.183522,0.098419,0.078465,0.040828,0.113257,0.121883
0.082986,0.173747,0.132858,0.044124,0.115539,0.082667,0.141453,0.064845,0.056267,0.105514
0.091442,0.039581,0.080555,0.072011,0.248500,0.033608,0.231157,0.062684,0.077042,0.063419
0.044742,0.023262,0.103690,0.135614,0.019968,0.275190,0.274608,0.026264,0.031843,0.064819
0.082141,0.033605,0.053631,0.055073,0.058437,0.194294,0.044689,0.262289,0.032519,0.183322
0.031793,0.054944,0.072918,0.096829,0.078058,0.426516,0.092899,0.044455,0.068106,0.033482
0.088277,0.043328,0.046017,0.048694,0.181436,0.283826,0.122522,0.031492,0.105266,0.049142
0.088613,0.048263,0.042729,0.063418,0.141762,0.121300,0.160447,0.064292,0.077812,0.191365
0.046330,0.103003,0.121956,0.062535,0.085584,0.172003,0.101250,0.048532,0.074114,0.184693
0.103571,0.147886,0.042235,0.075352,0.141737,0.087552,0.125485,0.125818,0.097089,0.053274
0.075086,0.120477,0.060760,0.051458,0.214992,0.081699,0.159721,0.034585,0.150706,0.050516
0.209795,0.105517,0.041296,0.078515,0.149683,0.090014,0.078280,0.046238,0.074505,0.126157
0.049973,0.044344,0.030004,0.038917,0.121620,0.042699,0.574182,0.033993,0.037799,0.026468
0.085356,0.104979,0.039759,0.140830,0.096435,0.072464,0.150552,0.059310,0.072130,0.178185
0.068985,0.105790,0.048426,0.071562,0.132607,0.086057,0.148573,0.171981,0.079889,0.086131
0.109317,0.044085,0.190719,0.084138,0.109625,0.103205,0.084005,0.071796,0.046421,0.156689
0.079916,0.112787,0.047355,0.066767,0.098587,0.084241,0.147557,0.036065,0.130983,0.195742
0.057669,0.034754,0.039399,0.050135,0.138333,0.201790,0.050156,0.213376,0.044584,0.169804
0.037420,0.030974,0.143423,0.036049,0.154273,0.170546,0.084259,0.250365,0.055225,0.037466
0.102445,0.098239,0.135953,0.081219,0.090500,0.156138,0.144371,0.065791,0.051513,0.073830
0.088882,0.046827,0.091737,0.056947,0.114062,0.058628,0.223607,0.189876,0.069754,0.059679
0.070026,0.067126,0.154587,0.053527,0.166427,0.060992,0.122360,0.189904,0.045593,0.069459
0.063396,0.040503,0.187714,0.063533,0.093088,0.125174,0.061140,0.042692,0.053592,0.269168
0.132197,0.068047,0.018481,0.087557,0.021158,0.210487,0.210213,0.134454,0.028373,0.089033
0.064320,0.031107,0.033630,0.051196,0.094832,0.025275,0.086047,0.283320,0.031202,0.299072
0.085754,0.086212,0.057958,0.049601,0.027893,0.211564,0.207307,0.120861,0.037183,0.115667
0.077655,0.097510,0.067980,0.109615,0.104708,0.108248,0.131552,0.153241,0.049890,0.099601
0.116437,0.132452,0.084456,0.092309,0.188768,0.111576,0.073193,0.067368,0.071388,0.062052
0.059965,0.046535,0.043455,0.085580,0.020425,0.194250,0.190173,0.189096,0.088033,0.082487
0.142155,0.181523,0.058126,0.081695,0.036081,0.131575,0.056355,0.035613,0.067381,0.209497
0.088087,0.202529,0.117011,0.058623,0.044223,0.090421,0.201740,0.053471,0.093568,0.050326
0.041181,0.112059,0.044037,0.040501,0.066495,0.048240,0.392589,0.039529,0.052334,0.163036
0.060038,0.130901,0.048961,0.039847,0.059798,0.120474,0.440268,0.041562,0.031760,0.026392
0.098804,0.110648,0.103795,0.057277,0.137964,0.100055,0.089121,0.089207,0.073840,0.139289
0.036874,0.037038,0.037158,0.044111,0.152491,0.112319,0.104597,0.325872,0.034170,0.115369
0.066803,0.029540,0.056663,0.100913,0.024601,0.265155,0.261268,0.029526,0.093875,0.071656
0.068628,0.043573,0.079796,0.077978,0.089578,0.156607,0.251491,0.034587,0.092624,0.105138
0.044792,0.044188,0.173706,0.068514,0.145490,0.043803,0.057537,0.107965,0.149294,0.164711
0.075797,0.036785,0.124873,0.061628,0.110770,0.111825,0.102167,0.058057,0.051382,0.266715
0.109519,0.105695,0.049968,0.086557,0.184787,0.117510,0.149374,0.086558,0.049083,0.060949
0.029905,0.021914,0.091949,0.083658,0.021204,0.238689,0.239045,0.142248,0.074331,0.057057
0.076711,0.086936,0.062786,0.048388,0.114170,0.068242,0.105070,0.357353,0.036608,0.043738
0.088102,0.181289,0.165278,0.069952,0.127232,0.081479,0.057360,0.046559,0.086436,0.096312
0.039042,0.083662,0.036320,0.050231,0.134828,0.148265,0.121250,0.083459,0.104001,0.198941
0.056506,0.104829,0.060982,0.057422,0.028364,0.261779,0.258948,0.035804,0.039464,0.095901
0.066188,0.108982,0.064048,0.062829,0.120469,0.201156,0.055174,0.067018,0.057413,0.196724
0.071763,0.132708,0.064557,0.150048,0.104090,0.086012,0.163495,0.044028,0.054874,0.128425
0.100681,0.136010,0.081056,0.076070,0.195788,0.038863,0.069913,0.134034,0.061454,0.106131
0.081326,0.050177,0.102017,0.047248,0.021663,0.243657,0.245741,0.057167,0.078050,0.072955
0.127940,0.054242,0.099476,0.119362,0.050048,0.044040,0.199460,0.086520,0.059233,0.159679
0.049470,0.109273,0.062972,0.056379,0.153833,0.229427,0.101568,0.031499,0.160496,0.045083
0.064317,0.036133,0.053780,0.058127,0.175872,0.105468,0.167397,0.055333,0.046703,0.236870
0.053566,0.184151,0.080940,0.073603,0.138286,0.089706,0.071021,0.059239,0.060849,0.188638
0.064361,0.130955,0.059648,0.059499,0.118364,0.146354,0.113579,0.120460,0.054797,0.131982
0.117297,0.114328,0.063011,0.116485,0.036220,0.082799,0.158254,0.036691,0.153349,0.121566
0.115254,0.180528,0.043874,0.076860,0.115306,0.036228,0.075164,0.075065,0.110762,0.170959
0.049604,0.104457,0.198336,0.066112,0.084400,0.103372,0.085802,0.209187,0.048209,0.050521
0.222757,0.092489,0.075375,0.078372,0.089245,0.055915,0.075667,0.077121,0.095703,0.137357
0.064637,0.032753,0.084021,0.037219,0.093458,0.032142,0.042325,0.231671,0.032533,0.349240
0.077941,0.048051,0.179306,0.065681,0.120100,0.125654,0.146299,0.043472,0.134395,0.059099
0.068857,0.042354,0.165844,0.072427,0.123772,0.091779,0.106377,0.175425,0.058285,0.094880
0.065490,0.101413,0.058946,0.064659,0.091789,0.110593,0.140210,0.153126,0.044930,0.168844
0.008886,0.043855,0.066687,0.105963,0.021469,0.272184,0.277098,0.056989,0.021564,0.125306
0.096626,0.193064,0.075803,0.085095,0.036664,0.088674,0.077162,0.065799,0.054898,0.226216
0.044430,0.037626,0.185730,0.135874,0.071381,0.210525,0.065227,0.059061,0.145992,0.044154
0.076516,0.188060,0.066673,0.127277,0.084286,0.189267,0.135696,0.031506,0.045713,0.055004
0.040239,0.092118,0.048518,0.054530,0.098011,0.177945,0.142970,0.241944,0.036812,0.066912
0.008035,0.052836,0.009780,0.078628,0.018360,0.290682,0.297989,0.144568,0.037961,0.061161
0.028011,0.020631,0.061743,0.068238,0.020648,0.214782,0.217090,0.180646,0.066829,0.121382
0.095889,0.133160,0.079739,0.062166,0.192532,0.118470,0.083160,0.095356,0.073607,0.065921
0.073753,0.127803,0.034780,0.057708,0.061789,0.111870,0.168077,0.043615,0.039161,0.281443
0.176913,0.047907,0.061919,0.065649,0.038998,0.074610,0.156601,0.264639,0.065593,0.047172
0.058658,0.048094,0.053075,0.088540,0.184173,0.186946,0.171099,0.054328,0.094988,0.060099
0.077492,0.078206,0.057593,0.074204,0.114312,0.030713,0.069075,0.258803,0.046217,0.193385
0.101884,0.080011,0.040894,0.076526,0.050878,0.046456,0.376272,0.155953,0.033127,0.037998
0.061276,0.021107,0.110955,0.091754,0.022649,0.223849,0.222951,0.144027,0.024727,0.076707
0.086271,0.140356,0.078878,0.086826,0.051378,0.157707,0.131462,0.071868,0.079868,0.115388
0.059902,0.082210,0.050416,0.136254,0.023815,0.226591,0.227146,0.068432,0.027161,0.098073
0.075523,0.095575,0.017311,0.123001,0.022352,0.273292,0.271539,0.027866,0.024110,0.069431
0.059765,0.048698,0.041665,0.037896,0.020586,0.366076,0.033092,0.236385,0.090793,0.065044
0.034676,0.069956,0.041032,0.064585,0.021276,0.230807,0.233345,0.103410,0.069436,0.131476
0.042913,0.034758,0.068501,0.136224,0.034155,0.074720,0.058010,0.319622,0.158903,0.072195
0.076186,0.040989,0.049041,0.054982,0.106714,0.063209,0.052699,0.288012,0.036768,0.231400
0.057238,0.057863,0.082000,0.075670,0.204616,0.095317,0.180214,0.076686,0.069792,0.100605
0.038817,0.107220,0.120950,0.035788,0.084347,0.142067,0.048911,0.180141,0.043583,0.198175
0.123487,0.028841,0.036708,0.067127,0.020916,0.220161,0.220797,0.130789,0.068098,0.083077
0.066081,0.026352,0.025407,0.100876,0.027751,0.236871,0.234106,0.145961,0.032548,0.104046
0.077781,0.141672,0.160571,0.118360,0.035117,0.069399,0.050910,0.030615,0.048675,0.266898
0.061184,0.143825,0.044267,0.044282,0.133661,0.347443,0.047837,0.046982,0.098050,0.032469
0.035376,0.023202,0.073808,0.074963,0.021841,0.260704,0.260338,0.117452,0.076941,0.055375
0.078351,0.131608,0.068420,0.108358,0.132526,0.070755,0.132910,0.058029,0.134588,0.084454
0.049195,0.260245,0.081172,0.046282,0.039004,0.088617,0.170441,0.064545,0.056564,0.143935
0.077670,0.132947,0.086949,0.089594,0.147896,0.148448,0.126348,0.072799,0.061071,0.056278
0.044526,0.044374,0.107459,0.063155,0.142060,0.073359,0.114258,0.176985,0.117690,0.116135
0.048852,0.047241,0.014955,0.102530,0.022317,0.213300,0.213779,0.187483,0.064155,0.085388
0.051406,0.099747,0.044338,0.061162,0.213929,0.082982,0.265854,0.049976,0.059458,0.071149
0.046333,0.039925,0.154321,0.062060,0.107353,0.068933,0.134040,0.168766,0.076669,0.141602
0.071616,0.124074,0.088026,0.048124,0.150431,0.065511,0.062787,0.187369,0.046835,0.155227
0.075719,0.072521,0.042682,0.043003,0.110312,0.074214,0.165557,0.200565,0.048755,0.166671
0.147379,0.083429,0.090145,0.109497,0.117138,0.079077,0.131125,0.145387,0.050968,0.045854
0.090467,0.115413,0.068598,0.073500,0.207600,0.078387,0.059073,0.036626,0.172087,0.098249
0.099393,0.042136,0.271054,0.080466,0.041274,0.099021,0.212514,0.035527,0.062453,0.056163
0.209207,0.085944,0.165398,0.066940,0.137152,0.095752,0.064365,0.034950,0.057424,0.082869
0.084109,0.115207,0.141317,0.070876,0.074139,0.091858,0.055766,0.195894,0.066336,0.104499
0.093721,0.184895,0.168619,0.093542,0.034669,0.087055,0.051975,0.056826,0.166554,0.062145
0.049988,0.151290,0.135123,0.067335,0.151597,0.049764,0.102350,0.061350,0.079852,0.151350
0.091980,0.086366,0.054033,0.102564,0.349582,0.034854,0.136883,0.030997,0.041292,0.071449
0.033813,0.091489,0.038547,0.219537,0.031643,0.123851,0.116415,0.055808,0.223238,0.065660
0.083754,0.099888,0.066076,0.134765,0.130541,0.117098,0.071652,0.107927,0.071599,0.116702
0.076087,0.250480,0.072840,0.077238,0.037709,0.032571,0.076651,0.062988,0.167421,0.146014
0.071608,0.039920,0.087387,0.060943,0.200178,0.058778,0.049036,0.041846,0.137758,0.252547
0.046685,0.191189,0.041338,0.046889,0.180409,0.072233,0.173348,0.142193,0.054526,0.051190
0.038515,0.092521,0.031498,0.035673,0.084287,0.023049,0.558743,0.037617,0.066816,0.031280
0.080711,0.209010,0.186177,0.043297,0.117781,0.118767,0.069803,0.058363,0.069875,0.046217
0.073773,0.041247,0.047176,0.051330,0.158294,0.046132,0.196112,0.050541,0.055863,0.279532
0.071846,0.114308,0.073980,0.072602,0.160760,0.077725,0.149340,0.160386,0.057073,0.061980
0.066108,0.040473,0.057700,0.115666,0.146386,0.071487,0.156830,0.226285,0.062404,0.056660
0.120598,0.187247,0.155476,0.079864,0.098654,0.042329,0.097526,0.069912,0.068976,0.079417
0.072404,0.191422,0.097123,0.063289,0.190567,0.047752,0.104575,0.101476,0.043873,0.087518
0.059700,0.089030,0.115913,0.022968,0.028128,0.241141,0.241786,0.031475,0.034739,0.135119
0.037888,0.092304,0.060957,0.104111,0.025919,0.249825,0.246443,0.034027,0.036187,0.112338
0.196923,0.084914,0.070440,0.047774,0.136965,0.093558,0.178339,0.064799,0.073423,0.052865
0.069054,0.126660,0.116546,0.062421,0.126715,0.066599,0.098346,0.149938,0.129356,0.054365
0.064546,0.100345,0.148123,0.052368,0.128129,0.084926,0.104774,0.215978,0.054189,0.046623
0.069356,0.117070,0.108458,0.054261,0.165107,0.049809,0.154441,0.053239,0.055493,0.172765
0.084432,0.133382,0.039084,0.066379,0.072821,0.075130,0.155939,0.119979,0.154894,0.097961
0.065516,0.041953,0.177533,0.057464,0.034053,0.109033,0.104700,0.053052,0.037677,0.319021
0.025911,0.070923,0.051582,0.086202,0.025758,0.249031,0.249475,0.125690,0.038898,0.076531
0.088781,0.086504,0.079816,0.069807,0.083447,0.097067,0.171374,0.060014,0.076288,0.186902
0.096102,0.210529,0.058029,0.100898,0.077578,0.147894,0.061164,0.086147,0.045454,0.116206
0.030936,0.019173,0.043261,0.093087,0.021042,0.237493,0.233689,0.218031,0.042896,0.060391
0.037019,0.027940,0.034588,0.079956,0.022954,0.282028,0.283695,0.028827,0.083024,0.119968
0.048046,0.184239,0.043653,0.047062,0.131820,0.085194,0.076155,0.138102,0.182959,0.062770
0.070727,0.088111,0.100693,0.069042,0.115622,0.045756,0.068037,0.102946,0.042747,0.296318
0.057553,0.086273,0.043631,0.092160,0.018639,0.283218,0.283940,0.022345,0.028090,0.084151
0.066306,0.086000,0.092772,0.077089,0.027143,0.229726,0.230188,0.027543,0.036341,0.126890
0.029932,0.017137,0.068650,0.095618,0.015739,0.316066,0.325303,0.022136,0.017644,0.091776
0.007554,0.015150,0.136528,0.066330,0.015228,0.308200,0.313541,0.020037,0.032205,0.085227
0.062251,0.055654,0.050512,0.115007,0.023127,0.248505,0.247350,0.067289,0.024623,0.105682
0.114545,0.149629,0.048443,0.089918,0.045513,0.124688,0.221849,0.081008,0.065473,0.058934
0.065073,0.070011,0.036024,0.069897,0.169674,0.182382,0.068413,0.200132,0.053383,0.085010
0.077889,0.060728,0.095714,0.121622,0.137814,0.041851,0.055190,0.041282,0.143695,0.224216
0.069397,0.049894,0.043573,0.044755,0.144202,0.086178,0.157591,0.053128,0.070731,0.280551
0.083293,0.106088,0.070963,0.064427,0.182813,0.070783,0.141964,0.063686,0.065711,0.150271
0.008250,0.143916,0.048967,0.028985,0.021551,0.217851,0.213319,0.211583,0.029521,0.076056
0.061086,0.172541,0.035719,0.057478,0.144279,0.067724,0.102811,0.060742,0.041200,0.256420
0.067526,0.019736,0.130596,0.052031,0.021531,0.272484,0.270763,0.060188,0.040096,0.065047
0.045623,0.059168,0.105641,0.086370,0.017730,0.235070,0.239936,0.108518,0.028663,0.073280
0.070708,0.034314,0.044964,0.055955,0.179954,0.071662,0.063628,0.269206,0.142654,0.066956
0.044477,0.209190,0.035224,0.050059,0.180745,0.197837,0.058475,0.120021,0.064527,0.039445
0.076442,0.093182,0.019751,0.056957,0.025678,0.283866,0.287049,0.029926,0.026646,0.100503
0.042715,0.069440,0.045051,0.083885,0.025422,0.210785,0.208067,0.197221,0.031405,0.086009
0.216939,0.086121,0.039916,0.079079,0.137284,0.033231,0.119955,0.044808,0.192453,0.050214
0.098515,0.120258,0.109751,0.064756,0.033429,0.070114,0.057160,0.031567,0.040943,0.373509
0.071072,0.047532,0.102989,0.067967,0.153882,0.087952,0.155671,0.195732,0.064614,0.052588
0.032801,0.038529,0.136001,0.046305,0.018588,0.284563,0.287287,0.026590,0.069085,0.060250
0.089462,0.117724,0.075106,0.077209,0.129034,0.079915,0.065774,0.068395,0.045916,0.251464
0.023024,0.021180,0.087747,0.094679,0.023216,0.215596,0.215452,0.202141,0.025804,0.091161
0.054666,0.087265,0.053241,0.100965,0.021791,0.250285,0.248244,0.071842,0.025805,0.085897
0.177084,0.055828,0.141545,0.047018,0.169618,0.092107,0.110704,0.051683,0.060461,0.093952
