0.002245,0.072875,0.924880
0.101677,0.896375,0.001949
0.002461,0.100547,0.896993
0.002237,0.153765,0.843998
0.678799,0.320854,0.000348
0.622335,0.375296,0.002369
0.002184,0.073420,0.924396
0.588672,0.410243,0.001086
0.003055,0.076525,0.920421
0.001820,0.050623,0.947557
0.643310,0.355455,0.001235
0.019777,0.711279,0.268944
0.001938,0.100771,0.897292
0.463146,0.535184,0.001671
0.635402,0.364505,0.000093
0.649874,0.348992,0.001134
0.770114,0.229720,0.000166
0.001453,0.169489,0.829058
0.658624,0.341193,0.000183
0.357474,0.640960,0.001565
0.657341,0.342558,0.000100
0.002118,0.116137,0.881746
0.702147,0.297526,0.000327
0.001380,0.095871,0.902749
0.002205,0.109487,0.888309
0.440401,0.430441,0.129158
0.003563,0.106476,0.889961
0.556389,0.443105,0.000507
0.003020,0.058597,0.938382
0.840023,0.159938,0.000039
0.002532,0.114772,0.882696
0.769473,0.230460,0.000067
0.720459,0.279429,0.000112
0.404043,0.592557,0.003399
0.001536,0.162442,0.836022
0.003185,0.205948,0.790867
0.816899,0.183058,0.000043
0.001790,0.070420,0.927790
0.687171,0.312202,0.000626
0.686575,0.313200,0.000225
0.001352,0.104773,0.893875
0.001398,0.055769,0.942833
0.688722,0.311217,0.000062
0.864473,0.135498,0.000029
0.002232,0.100012,0.897756
0.649716,0.348754,0.001530
0.003608,0.167399,0.828994
0.738929,0.261045,0.000026
0.491715,0.507930,0.000355
0.719844,0.279800,0.000356
0.709052,0.290788,0.000160
0.850952,0.149039,0.000009
0.378372,0.590662,0.030966
0.002912,0.137743,0.859345
0.806681,0.193271,0.000048
0.799743,0.200218,0.000039
0.522280,0.475180,0.002540
0.466912,0.531799,0.001289
0.003347,0.087762,0.908892
0.732368,0.267368,0.000264
0.002353,0.342474,0.655173
0.001684,0.070392,0.927925
0.002421,0.112614,0.884965
0.806198,0.193787,0.000015
0.002445,0.077872,0.919683
0.778207,0.221712,0.000081
0.806896,0.193080,0.000024
0.637505,0.362074,0.000421
0.200886,0.713804,0.085310
0.829187,0.170779,0.000034
0.709589,0.290054,0.000357
0.853370,0.146611,0.000019
0.779521,0.220311,0.000169
0.348936,0.642327,0.008737
0.001930,0.088438,0.909633
0.001698,0.065334,0.932968
0.634627,0.365050,0.000323
0.001996,0.134186,0.863818
0.001183,0.100810,0.898007
0.508576,0.490986,0.000437
0.283721,0.709816,0.006463
0.739493,0.260351,0.000156
0.594726,0.400849,0.004425
0.001071,0.075647,0.923282
0.536142,0.462533,0.001325
0.738536,0.260774,0.000689
0.912218,0.087781,0.000001
0.825081,0.174904,0.000015
0.366705,0.632972,0.000323
0.743198,0.256626,0.000177
0.604534,0.391527,0.003939
0.593786,0.404416,0.001798
0.700054,0.299891,0.000055
0.001518,0.089657,0.908825
0.706862,0.291831,0.001307
0.002337,0.038723,0.958940
0.452784,0.541330,0.005885
0.002322,0.093779,0.903900
0.748738,0.250275,0.000987
0.640916,0.357433,0.001652
0.664948,0.334924,0.000128
0.003098,0.084572,0.912331
0.705868,0.293967,0.000165
0.700744,0.298689,0.000567
0.673574,0.326231,0.000195
0.002298,0.256354,0.741348
0.003236,0.077108,0.919656
0.769735,0.230083,0.000182
0.001205,0.056138,0.942657
0.866802,0.133153,0.000044
0.001886,0.132067,0.866047
0.780057,0.219784,0.000159
0.001496,0.045544,0.952960
0.854215,0.145776,0.000009
0.484271,0.514951,0.000778
0.002393,0.086275,0.911332
0.715990,0.283876,0.000134
0.596582,0.402192,0.001226
0.363071,0.631636,0.005292
0.801919,0.198033,0.000048
0.858366,0.141628,0.000006
0.313150,0.686291,0.000559
0.417860,0.239632,0.342508
0.725808,0.273150,0.001042
0.001512,0.084390,0.914098
0.003237,0.097402,0.899361
0.305607,0.691670,0.002724
0.002813,0.198918,0.798269
0.022127,0.331265,0.646608
0.001383,0.081988,0.916629
0.002658,0.134093,0.863249
0.571737,0.427968,0.000294
0.509228,0.490308,0.000465
0.553524,0.444010,0.002466
0.200940,0.229585,0.569474
0.502900,0.491735,0.005365
0.745692,0.254123,0.000185
0.761524,0.238377,0.000098
0.091480,0.313189,0.595330
0.668532,0.331246,0.000222
0.764867,0.234547,0.000585
0.492253,0.505311,0.002435
0.002041,0.073773,0.924186
0.159373,0.508823,0.331805
0.722853,0.276540,0.000607
0.712934,0.286991,0.000075
0.669909,0.328871,0.001220
0.768302,0.229617,0.002082
0.731824,0.267853,0.000323
0.647295,0.352242,0.000463
0.795622,0.204326,0.000052
0.658521,0.341178,0.000301
0.717009,0.282765,0.000226
0.498788,0.500828,0.000384
0.561087,0.438837,0.000076
0.895737,0.104256,0.000008
0.859727,0.140237,0.000036
0.001825,0.124478,0.873697
0.670135,0.329636,0.000229
0.828150,0.171823,0.000026
0.766121,0.233530,0.000349
0.711908,0.285261,0.002831
0.002093,0.094728,0.903179
0.538800,0.461009,0.000191
0.544599,0.455026,0.000375
0.538309,0.461099,0.000592
0.001593,0.081790,0.916618
0.001333,0.082682,0.915984
0.708117,0.291694,0.000189
0.727855,0.272044,0.000101
0.672396,0.326889,0.000715
0.780470,0.219292,0.000238
0.586374,0.411548,0.002078
0.444862,0.553735,0.001402
0.803998,0.195937,0.000065
0.002529,0.083708,0.913763
0.608078,0.391682,0.000240
0.476792,0.518290,0.004917
0.611872,0.386618,0.001510
0.161461,0.835306,0.003233
0.800584,0.199261,0.000155
0.907145,0.092850,0.000005
0.003789,0.329740,0.666471
0.305822,0.209434,0.484744
0.001595,0.136500,0.861905
0.002093,0.075107,0.922801
0.001643,0.106632,0.891725
0.386746,0.611816,0.001438
0.803615,0.196324,0.000062
0.405390,0.417816,0.176794
0.807703,0.192195,0.000102
0.003146,0.207355,0.789500
0.209326,0.789817,0.000857
0.257735,0.735456,0.006810
0.625917,0.373940,0.000144
0.201796,0.790928,0.007276
0.800899,0.199082,0.000019
0.850183,0.149797,0.000019
0.002218,0.128644,0.869139
0.001573,0.114194,0.884233
0.536218,0.461141,0.002641
0.087082,0.117581,0.795337
0.659375,0.339262,0.001364
0.003019,0.120469,0.876512
0.002125,0.133249,0.864626
0.495820,0.501680,0.002500
0.001469,0.060487,0.938043
0.001540,0.143586,0.854874
0.702583,0.296395,0.001022
0.739045,0.260722,0.000233
0.759536,0.239950,0.000514
0.001921,0.170617,0.827462
0.743518,0.256276,0.000206
0.482088,0.517180,0.000732
0.836429,0.163522,0.000049
0.277120,0.720487,0.002392
0.002099,0.075729,0.922173
0.795330,0.204643,0.000027
0.785800,0.214125,0.000075
0.697130,0.302598,0.000272
0.001495,0.094486,0.904019
0.750967,0.248970,0.000063
0.001063,0.066341,0.932596
0.001391,0.161802,0.836807
0.838948,0.161026,0.000026
0.002124,0.084585,0.913291
0.602697,0.396569,0.000734
0.002691,0.099340,0.897969
0.002779,0.224053,0.773169
0.001817,0.130865,0.867318
0.800077,0.199835,0.000088
0.777711,0.222190,0.000099
0.704714,0.295182,0.000104
0.614868,0.384248,0.000884
0.802250,0.197418,0.000331
0.586236,0.412643,0.001121
0.070217,0.637816,0.291967
0.637327,0.360752,0.001921
0.490240,0.479025,0.030735
0.783911,0.216003,0.000087
0.430761,0.568560,0.000680
0.848901,0.151078,0.000020
0.513344,0.486340,0.000315
0.001466,0.051430,0.947104
0.686567,0.312868,0.000565
0.572027,0.427322,0.000651
0.705463,0.293242,0.001296
0.887842,0.112148,0.000010
0.718137,0.281022,0.000841
0.001734,0.090626,0.907640
0.001335,0.105602,0.893063
0.575585,0.423733,0.000681
0.852277,0.147631,0.000092
0.390416,0.605411,0.004173
0.403331,0.590140,0.006529
0.916918,0.083079,0.000003
0.002891,0.155985,0.841123
0.685845,0.313846,0.000310
0.001448,0.056046,0.942506
0.673272,0.326111,0.000617
0.425570,0.573738,0.000692
0.832531,0.167331,0.000137
0.002055,0.106201,0.891744
0.701759,0.298181,0.000060
0.821616,0.178368,0.000016
0.753445,0.246496,0.000059
0.173343,0.813055,0.013602
0.750174,0.249462,0.000364
0.464819,0.534008,0.001173
0.528696,0.468760,0.002544
0.837461,0.162507,0.000032
0.001958,0.073796,0.924245
0.373539,0.624385,0.002076
0.002179,0.085617,0.912204
0.362114,0.637270,0.000616
0.795014,0.204941,0.000046
0.743516,0.256334,0.000149
0.608911,0.389815,0.001274
0.775558,0.224264,0.000178
0.562285,0.433382,0.004333
0.043960,0.521266,0.434773
0.139180,0.783334,0.077486
0.001529,0.071352,0.927119
0.452445,0.547268,0.000288
0.830377,0.169612,0.000011
0.756034,0.243883,0.000083
0.718716,0.281076,0.000208
0.001548,0.107250,0.891202
0.225710,0.767230,0.007060
0.504918,0.422116,0.072966
0.377390,0.621915,0.000695
0.619852,0.379711,0.000437
0.709628,0.289709,0.000664
0.818219,0.181724,0.000057
0.643651,0.356117,0.000232
0.833843,0.166096,0.000060
0.273636,0.450728,0.275636
0.713450,0.286122,0.000428
0.797218,0.202764,0.000018
0.747483,0.252324,0.000192
0.796989,0.202914,0.000098
0.354671,0.642708,0.002622
0.469349,0.521028,0.009623
0.837631,0.162343,0.000026
0.848190,0.151784,0.000026
0.415134,0.582484,0.002382
0.674727,0.324575,0.000698
0.001875,0.122574,0.875551
0.539460,0.449577,0.010964
0.001607,0.109166,0.889227
0.592116,0.407459,0.000425
0.904050,0.095945,0.000004
0.001624,0.092252,0.906125
0.412422,0.581608,0.005970
0.849891,0.150072,0.000037
0.273042,0.483013,0.243945
0.164837,0.530283,0.304880
0.806521,0.193467,0.000012
0.558527,0.435021,0.006452
0.001975,0.088856,0.909169
0.773886,0.225913,0.000202
0.598519,0.400753,0.000728
0.490652,0.501668,0.007680
0.772530,0.227438,0.000032
0.002680,0.198907,0.798413
0.752571,0.245297,0.002132
0.647773,0.352188,0.000039
0.215060,0.781582,0.003359
0.001897,0.100286,0.897817
0.751633,0.248226,0.000140
0.735911,0.263979,0.000111
0.808184,0.191788,0.000028
0.002407,0.155331,0.842262
0.886353,0.113640,0.000007
0.554090,0.444765,0.001144
0.584792,0.413409,0.001799
0.827417,0.172530,0.000053
0.409977,0.588541,0.001482
0.496200,0.503679,0.000121
0.803586,0.196284,0.000130
0.785559,0.214383,0.000058
0.820798,0.179171,0.000031
0.314227,0.656347,0.029426
0.532992,0.466553,0.000456
0.753989,0.245946,0.000065
0.731220,0.268542,0.000238
0.003002,0.060610,0.936388
0.529836,0.469614,0.000550
0.520737,0.478174,0.001088
0.413004,0.585365,0.001631
0.737326,0.261486,0.001188
0.001617,0.063861,0.934522
0.001773,0.110859,0.887368
0.878918,0.121080,0.000002
0.752293,0.246212,0.001495
0.857363,0.142428,0.000209
0.795146,0.204813,0.000041
0.231618,0.765158,0.003224
0.351001,0.391172,0.257827
0.002655,0.081904,0.915440
0.857657,0.142336,0.000007
0.002731,0.110385,0.886884
0.001430,0.065880,0.932690
0.063058,0.280205,0.656737
0.002217,0.097191,0.900592
0.706839,0.290561,0.002601
0.787419,0.211368,0.001212
0.851031,0.148955,0.000014
0.422073,0.572266,0.005661
0.003014,0.136092,0.860894
0.001748,0.111665,0.886587
0.659198,0.339831,0.000971
0.241354,0.646352,0.112294
0.003379,0.248676,0.747945
0.629457,0.370314,0.000229
0.790474,0.209297,0.000229
0.829867,0.170113,0.000020
0.577856,0.421174,0.000970
0.001956,0.121021,0.877023
0.824155,0.175798,0.000047
0.624769,0.374533,0.000698
0.516661,0.482557,0.000783
0.541485,0.457942,0.000574
0.667672,0.331872,0.000456
0.684796,0.315088,0.000116
0.858268,0.141652,0.000080
0.796308,0.203541,0.000152
0.861916,0.138074,0.000010
0.537660,0.461425,0.000915
0.767568,0.232347,0.000084
0.298883,0.694750,0.006367
0.147751,0.832182,0.020067
0.611130,0.388451,0.000420
0.481014,0.518038,0.000948
0.390043,0.607651,0.002306
0.764473,0.235294,0.000233
0.122469,0.303050,0.574481
0.535474,0.463501,0.001025
0.540834,0.458764,0.000402
0.741091,0.258820,0.000089
0.757453,0.242236,0.000311
0.892220,0.107773,0.000007
0.612875,0.386928,0.000197
0.002423,0.072809,0.924768
0.001479,0.133804,0.864717
0.843428,0.156548,0.000024
0.560700,0.438727,0.000574
0.771531,0.228313,0.000156
0.795939,0.203981,0.000080
0.724490,0.275324,0.000186
0.570293,0.426754,0.002953
0.001472,0.105860,0.892669
0.758484,0.241425,0.000092
0.795000,0.204845,0.000155
0.001155,0.075449,0.923396
0.001895,0.115846,0.882259
0.577247,0.422534,0.000219
0.693970,0.305628,0.000402
0.002196,0.086780,0.911024
0.002262,0.210374,0.787364
0.003165,0.044190,0.952645
0.002214,0.033661,0.964125
0.002251,0.132768,0.864981
0.890933,0.109048,0.000019
0.705225,0.294542,0.000233
0.578399,0.420479,0.001122
0.737324,0.262550,0.000125
0.565697,0.434031,0.000273
0.001216,0.056332,0.942451
0.738081,0.261416,0.000503
0.001278,0.086082,0.912640
0.002364,0.081534,0.916102
0.590911,0.404076,0.005013
0.304224,0.687479,0.008297
0.002326,0.089773,0.907901
0.002202,0.160913,0.836884
0.766907,0.232847,0.000246
0.793201,0.206486,0.000313
0.879629,0.120359,0.000012
0.001702,0.070124,0.928174
0.808100,0.191808,0.000092
0.001168,0.051945,0.946887
0.002596,0.089213,0.908191
0.889594,0.110393,0.000013
0.710776,0.289091,0.000132
0.719703,0.279840,0.000456
0.851470,0.147900,0.000631
0.593740,0.405985,0.000276
0.002092,0.130964,0.866944
0.002528,0.063674,0.933798
0.576775,0.423058,0.000168
0.920527,0.079469,0.000004
0.001630,0.140772,0.857598
0.727636,0.272187,0.000177
0.502155,0.497607,0.000238
0.431850,0.564865,0.003285
0.003357,0.056243,0.940399
0.786754,0.212711,0.000535
0.534556,0.464821,0.000623
0.838339,0.161628,0.000033
0.359946,0.639380,0.000674
0.001417,0.069318,0.929265
0.002106,0.146683,0.851211
0.415652,0.549502,0.034846
0.441895,0.439350,0.118755
0.601108,0.398188,0.000705
0.571789,0.427875,0.000336
0.371133,0.628079,0.000788
0.847085,0.152778,0.000137
0.001599,0.080330,0.918071
0.002875,0.146499,0.850626
0.796728,0.203205,0.000067
0.741212,0.258738,0.000050
0.801203,0.198695,0.000101
0.572196,0.426288,0.001515
0.398461,0.595767,0.005772
0.328129,0.670685,0.001186
0.001909,0.113741,0.884351
0.002291,0.107381,0.890329
0.002046,0.296119,0.701834
0.832637,0.167345,0.000019
0.702439,0.297376,0.000185
0.750717,0.249151,0.000132
0.878980,0.121006,0.000013
0.626126,0.372608,0.001266
0.002191,0.312736,0.685073
0.889423,0.110574,0.000003
0.002675,0.116808,0.880517
0.564913,0.434265,0.000822
0.001518,0.069771,0.928711
0.493567,0.504834,0.001599
0.001868,0.096174,0.901958
0.860629,0.139299,0.000072
0.651916,0.347769,0.000315
0.001940,0.063702,0.934358
0.827972,0.171979,0.000049
0.703606,0.296200,0.000194
0.001933,0.082204,0.915863
0.655431,0.340628,0.003942
0.482058,0.514163,0.003779
0.773308,0.226486,0.000206
0.863632,0.136294,0.000074
0.705196,0.285592,0.009213
0.001634,0.121035,0.877331
0.001705,0.153154,0.845141
0.001415,0.062384,0.936201
0.002725,0.070168,0.927107
0.753973,0.245368,0.000659
0.002019,0.147026,0.850955
0.001795,0.087608,0.910597
0.628858,0.371062,0.000080
0.002318,0.084081,0.913601
0.770774,0.229093,0.000133
0.433336,0.564927,0.001738
0.741275,0.258489,0.000236
0.794941,0.205002,0.000057
0.674438,0.318505,0.007057
0.764337,0.235409,0.000254
0.043751,0.556246,0.400003
0.774073,0.225866,0.000061
0.704223,0.295474,0.000303
0.750840,0.248718,0.000443
0.002449,0.101958,0.895593
0.001944,0.146778,0.851277
0.823177,0.176777,0.000046
0.002931,0.170859,0.826210
0.001586,0.039513,0.958901
0.002637,0.088462,0.908901
0.641896,0.357949,0.000156
0.614518,0.385240,0.000242
0.683934,0.315647,0.000419
0.119618,0.528090,0.352293
0.735626,0.262306,0.002067
0.723365,0.276193,0.000442
0.688954,0.310706,0.000339
0.158836,0.543986,0.297178
0.411498,0.587428,0.001074
0.001521,0.082282,0.916197
0.693717,0.305939,0.000344
0.469604,0.528860,0.001536
0.002940,0.086458,0.910602
0.002134,0.193975,0.803891
0.359450,0.635116,0.005434
0.001301,0.084881,0.913818
0.002500,0.088033,0.909468
0.001785,0.112301,0.885914
0.796735,0.203196,0.000070
0.521228,0.474791,0.003980
0.839010,0.160937,0.000052
0.770884,0.228906,0.000210
0.824513,0.175437,0.000049
0.806250,0.193733,0.000017
0.802461,0.197480,0.000059
0.639061,0.360777,0.000162
0.001970,0.114422,0.883608
0.873586,0.126386,0.000028
0.151968,0.840583,0.007448
0.758620,0.241303,0.000077
0.001091,0.067660,0.931249
0.760743,0.239046,0.000210
0.756435,0.243121,0.000444
0.012109,0.212814,0.775077
0.781549,0.218316,0.000135
0.002082,0.103367,0.894551
0.403184,0.596186,0.000630
0.806046,0.193927,0.000026
0.064359,0.513349,0.422292
0.003866,0.225987,0.770147
0.682633,0.317251,0.000116
0.002403,0.079841,0.917757
0.002558,0.237106,0.760336
0.001677,0.080015,0.918308
0.565954,0.433201,0.000845
0.872748,0.127247,0.000005
0.786210,0.213694,0.000096
0.531662,0.459538,0.008800
0.004104,0.121331,0.874565
0.818856,0.180917,0.000227
0.551014,0.447904,0.001083
0.817615,0.182275,0.000110
0.463786,0.533731,0.002483
0.563433,0.436291,0.000275
0.763124,0.236492,0.000384
0.610769,0.388966,0.000266
0.880037,0.119945,0.000018
0.636341,0.363522,0.000137
0.001496,0.162132,0.836372
0.462263,0.531783,0.005954
0.797264,0.202732,0.000004
0.572793,0.426338,0.000869
0.391394,0.606366,0.002240
0.830719,0.169209,0.000072
0.633778,0.365829,0.000393
0.626565,0.372648,0.000787
0.825388,0.174591,0.000020
0.684479,0.314769,0.000752
0.063853,0.463764,0.472383
0.798390,0.201565,0.000045
0.737306,0.262640,0.000054
0.444064,0.528831,0.027105
0.730236,0.269436,0.000329
0.002292,0.062247,0.935462
0.513689,0.482785,0.003527
0.001375,0.123397,0.875228
0.653294,0.346046,0.000660
0.001882,0.088802,0.909316
0.002018,0.066729,0.931253
0.899622,0.100363,0.000015
0.883739,0.116255,0.000006
0.859374,0.140408,0.000218
0.389833,0.608276,0.001890
0.771296,0.228578,0.000126
0.654955,0.344934,0.000111
0.704898,0.294793,0.000309
0.001747,0.180519,0.817734
0.660154,0.339610,0.000236
0.002153,0.059461,0.938387
0.232447,0.753435,0.014118
0.708130,0.291638,0.000232
0.003100,0.145790,0.851110
0.873162,0.126835,0.000003
0.675037,0.324794,0.000169
0.854502,0.145487,0.000010
0.672725,0.326264,0.001011
0.001844,0.069907,0.928249
0.004263,0.073992,0.921746
0.747463,0.252482,0.000055
0.001002,0.159743,0.839255
0.001320,0.110242,0.888439
0.001265,0.090284,0.908451
0.604560,0.395391,0.000050
0.528262,0.463242,0.008496
0.389289,0.608736,0.001974
0.392394,0.540776,0.066829
0.001251,0.114331,0.884418
0.772925,0.226662,0.000412
0.714147,0.285331,0.000523
0.649557,0.350141,0.000302
0.359864,0.639268,0.000869
0.001299,0.057940,0.940761
0.785919,0.214057,0.000024
0.002407,0.091683,0.905910
0.706333,0.293471,0.000196
0.826393,0.173490,0.000117
0.001604,0.084449,0.913947
0.825395,0.174578,0.000028
0.579558,0.419428,0.001015
0.473331,0.524700,0.001969
0.612301,0.387301,0.000398
0.002665,0.057372,0.939964
0.001490,0.278656,0.719854
0.579593,0.419955,0.000451
0.773174,0.225387,0.001439
0.613528,0.386193,0.000279
0.445770,0.553922,0.000308
0.002852,0.267803,0.729345
0.588592,0.410287,0.001122
0.002980,0.064315,0.932705
0.800645,0.199250,0.000105
0.001392,0.101507,0.897101
0.001711,0.075060,0.923229
0.002491,0.127245,0.870264
0.639398,0.360283,0.000319
0.634790,0.364043,0.001166
0.003183,0.131196,0.865620
0.001607,0.110628,0.887765
0.790166,0.209475,0.000358
0.744289,0.255684,0.000026
0.002181,0.086491,0.911327
0.808008,0.191892,0.000100
0.002059,0.077997,0.919944
0.759304,0.240605,0.000091
0.002410,0.055923,0.941667
0.854423,0.145503,0.000074
0.514432,0.483826,0.001743
0.758784,0.240860,0.000356
0.001143,0.121801,0.877056
0.002248,0.330326,0.667426
0.846409,0.153551,0.000040
0.784334,0.215625,0.000041
0.692886,0.306584,0.000530
0.236966,0.762741,0.000293
0.360005,0.631366,0.008628
0.839013,0.160971,0.000016
0.543466,0.456128,0.000405
0.267467,0.731111,0.001422
0.350822,0.595667,0.053511
0.002959,0.143454,0.853588
0.001948,0.078830,0.919222
0.840150,0.159823,0.000027
0.740025,0.259863,0.000112
0.859231,0.140750,0.000019
0.002156,0.087146,0.910698
0.001721,0.147735,0.850544
0.001468,0.249422,0.749111
0.001889,0.077390,0.920721
0.895732,0.104263,0.000005
0.787197,0.212742,0.000060
0.051028,0.602281,0.346691
0.001934,0.091885,0.906181
0.716067,0.282462,0.001471
0.535140,0.464006,0.000854
0.165160,0.743494,0.091346
0.450920,0.545798,0.003283
0.816591,0.183365,0.000044
0.320042,0.677676,0.002282
0.352024,0.645950,0.002026
0.580771,0.396749,0.022480
0.396432,0.601379,0.002189
0.638842,0.360078,0.001079
0.891168,0.108824,0.000008
0.782900,0.216997,0.000104
0.360031,0.636003,0.003966
0.329607,0.666200,0.004192
0.653915,0.345753,0.000331
0.003086,0.106974,0.889940
0.001303,0.060122,0.938575
0.598210,0.401697,0.000093
0.611757,0.388131,0.000112
0.209414,0.784453,0.006133
0.781559,0.218301,0.000140
0.581006,0.415485,0.003509
0.669504,0.329936,0.000560
0.775926,0.223969,0.000105
0.001202,0.075055,0.923742
0.817563,0.182418,0.000019
0.001982,0.178116,0.819902
0.733616,0.266160,0.000224
0.002412,0.098484,0.899104
0.300228,0.696870,0.002902
0.708143,0.290422,0.001435
0.001938,0.098719,0.899343
0.003061,0.310755,0.686185
0.643721,0.355582,0.000697
0.694217,0.305392,0.000391
0.860044,0.139634,0.000321
0.795883,0.203923,0.000193
0.772241,0.227164,0.000595
0.001951,0.073807,0.924242
0.645992,0.352487,0.001520
0.796618,0.203347,0.000035
0.903836,0.096155,0.000009
0.019747,0.652010,0.328243
0.580314,0.419317,0.000369
0.421003,0.575984,0.003014
0.001352,0.098166,0.900482
0.517638,0.479215,0.003147
0.001777,0.139452,0.858771
0.609352,0.390209,0.000439
0.141154,0.858012,0.000834
0.641507,0.357725,0.000768
0.001633,0.052930,0.945437
0.664171,0.334414,0.001415
0.001359,0.092448,0.906193
0.509245,0.490348,0.000407
0.004112,0.181885,0.814002
0.841754,0.158203,0.000043
0.001535,0.073607,0.924858
0.004329,0.276245,0.719426
0.702522,0.297206,0.000272
0.001659,0.071604,0.926737
0.796662,0.203166,0.000171
0.698953,0.300672,0.000374
0.349223,0.647968,0.002809
0.889586,0.110406,0.000008
0.575663,0.423137,0.001199
0.812689,0.187290,0.000021
0.839310,0.160577,0.000113
0.110535,0.424022,0.465443
0.686526,0.313395,0.000079
0.662534,0.336674,0.000792
0.001180,0.050331,0.948490
0.404283,0.594599,0.001119
0.829477,0.170499,0.000024
0.002464,0.339983,0.657553
0.001958,0.092049,0.905993
0.568388,0.430769,0.000843
0.001659,0.067530,0.930811
0.604356,0.395445,0.000199
0.001492,0.122826,0.875683
0.001948,0.047613,0.950439
0.002222,0.090427,0.907351
0.001878,0.195550,0.802572
0.879609,0.120377,0.000015
0.001490,0.075730,0.922780
0.789017,0.210846,0.000137
0.575847,0.423061,0.001092
0.751436,0.248444,0.000121
0.876594,0.123385,0.000021
0.784624,0.215295,0.000081
0.716625,0.283023,0.000353
0.741113,0.258773,0.000114
0.629177,0.325149,0.045674
0.752878,0.246947,0.000176
0.001805,0.104264,0.893931
0.002216,0.086699,0.911085
0.110532,0.519930,0.369538
0.582989,0.416618,0.000393
0.001754,0.086008,0.912239
0.001914,0.116945,0.881141
0.744125,0.255777,0.000097
0.134693,0.748486,0.116821
0.529642,0.469152,0.001206
0.184908,0.813342,0.001751
0.003112,0.098673,0.898214
0.437857,0.561373,0.000770
0.819796,0.180113,0.000091
0.003170,0.083283,0.913547
0.837484,0.162479,0.000036
0.569353,0.429417,0.001230
0.715549,0.284442,0.000009
0.078897,0.266915,0.654189
0.751406,0.248232,0.000362
0.674841,0.323368,0.001791
0.334516,0.664052,0.001432
0.696241,0.303637,0.000122
0.002452,0.126900,0.870648
0.752639,0.246843,0.000517
0.731885,0.267960,0.000155
0.815576,0.184311,0.000113
0.741111,0.258477,0.000413
0.764428,0.235244,0.000329
0.705545,0.294405,0.000050
0.652099,0.347602,0.000299
0.854083,0.145912,0.000005
0.747654,0.252036,0.000310
0.793962,0.205908,0.000130
0.557500,0.441566,0.000934
0.456960,0.538841,0.004199
0.002156,0.096922,0.900922
0.709843,0.289968,0.000189
0.647713,0.352164,0.000123
0.746715,0.253199,0.000086
0.002822,0.180101,0.817077
0.001735,0.078353,0.919912
0.502780,0.496212,0.001008
0.570196,0.429742,0.000063
0.713269,0.286144,0.000587
0.778067,0.221838,0.000095
0.529047,0.470097,0.000856
0.705375,0.294178,0.000446
0.484779,0.510871,0.004350
0.064742,0.894635,0.040623
0.001194,0.074226,0.924580
0.001599,0.099622,0.898779
0.002589,0.088014,0.909397
0.714701,0.284817,0.000482
0.814356,0.185589,0.000054
0.002018,0.093615,0.904367
0.499495,0.498309,0.002196
0.297627,0.700170,0.002203
0.873077,0.126912,0.000011
0.801017,0.198737,0.000245
0.002528,0.142514,0.854957
0.861098,0.138893,0.000009
0.122283,0.311068,0.566649
0.001893,0.134266,0.863841
0.702483,0.295810,0.001707
0.537119,0.462431,0.000450
0.876985,0.122981,0.000033
0.842118,0.157865,0.000017
0.001748,0.136341,0.861911
0.723345,0.276193,0.000461
0.589508,0.410010,0.000482
0.641724,0.357859,0.000417
0.805942,0.193929,0.000129
0.001427,0.137525,0.861048
0.771035,0.228888,0.000077
0.755735,0.244139,0.000126
0.685793,0.310634,0.003573
0.450199,0.484840,0.064961
0.002033,0.064325,0.933642
0.514821,0.483371,0.001808
0.920345,0.079639,0.000016
0.535998,0.455183,0.008819
0.586433,0.413470,0.000097
0.652432,0.347281,0.000287
0.241622,0.755601,0.002777
0.859759,0.140224,0.000016
0.852446,0.147534,0.000020
0.661886,0.325145,0.012970
0.570397,0.429230,0.000373
0.002294,0.085994,0.911712
0.726191,0.273703,0.000105
0.700902,0.298935,0.000164
0.002121,0.088632,0.909247
0.193932,0.719211,0.086857
0.127005,0.367953,0.505042
0.689077,0.310713,0.000210
0.001805,0.113099,0.885096
0.837235,0.162757,0.000008
0.002547,0.174460,0.822993
0.687727,0.311641,0.000632
0.002452,0.119936,0.877612
0.563467,0.436205,0.000327
0.001970,0.124016,0.874014
0.785995,0.213991,0.000014
0.598581,0.401221,0.000198
0.693319,0.306142,0.000539
0.002060,0.124447,0.873492
0.687137,0.312661,0.000202
0.791093,0.208611,0.000296
0.344801,0.652559,0.002639
0.608834,0.389641,0.001525
0.836971,0.162963,0.000067
0.761418,0.238150,0.000432
0.590298,0.409014,0.000688
0.656784,0.341243,0.001973
0.598496,0.399364,0.002140
0.002765,0.086421,0.910814
0.683217,0.316606,0.000178
0.695565,0.303524,0.000911
0.554384,0.445370,0.000246
0.083294,0.492006,0.424700
0.001840,0.182775,0.815385
0.582974,0.416497,0.000529
0.002338,0.102921,0.894741
0.001560,0.071739,0.926701
0.700195,0.299655,0.000150
0.747508,0.252317,0.000175
0.451922,0.546290,0.001788
0.718904,0.280046,0.001050
0.726887,0.273052,0.000061
0.692414,0.307467,0.000119
0.638563,0.361342,0.000095
0.642218,0.357431,0.000351
0.297068,0.697712,0.005219
0.407625,0.591463,0.000913
0.797669,0.201730,0.000601
0.698058,0.301460,0.000483
0.001754,0.086485,0.911761
0.002262,0.115748,0.881990
0.684885,0.314893,0.000222
0.846631,0.153360,0.000009
0.627034,0.371888,0.001078
0.516050,0.483444,0.000506
0.001295,0.068589,0.930116
0.289358,0.703601,0.007041
0.774220,0.225764,0.000016
0.001221,0.054822,0.943957
0.552101,0.447701,0.000197
0.293139,0.705890,0.000972
0.001409,0.085397,0.913194
0.001383,0.059032,0.939585
0.712847,0.280221,0.006932
0.708980,0.290914,0.000106
0.002353,0.139024,0.858622
0.582190,0.417732,0.000077
0.002567,0.115126,0.882307
0.614093,0.385079,0.000828
0.833083,0.166736,0.000182
0.002015,0.095348,0.902637
0.001492,0.135581,0.862927
0.620504,0.376884,0.002612
0.384962,0.611946,0.003092
0.346440,0.652371,0.001189
0.551908,0.445334,0.002757
0.002247,0.057869,0.939884
0.676057,0.322542,0.001401
0.721020,0.278743,0.000237
0.834040,0.165946,0.000014
0.002073,0.289090,0.708837
0.748009,0.251941,0.000051
0.000979,0.045861,0.953160
0.003685,0.101620,0.894694
0.002163,0.082849,0.914988
0.001525,0.133874,0.864601
0.255769,0.732004,0.012227
0.002464,0.077236,0.920300
0.522336,0.475765,0.001899
0.556820,0.442401,0.000779
0.002193,0.097017,0.900790
0.002473,0.109582,0.887945
0.681167,0.318472,0.000361
0.001953,0.081585,0.916463
0.702101,0.297757,0.000143
0.850318,0.149664,0.000018
0.655626,0.343782,0.000593
0.673200,0.326495,0.000304
0.001163,0.040779,0.958058
0.198747,0.796682,0.004570
0.826243,0.173737,0.000020
0.208758,0.789875,0.001367
0.362688,0.634876,0.002436
0.635048,0.364564,0.000388
0.539382,0.457406,0.003211
0.643818,0.355940,0.000242
0.471481,0.521954,0.006564
0.685410,0.313415,0.001175
0.837277,0.162679,0.000044
0.698086,0.300502,0.001411
0.750840,0.247974,0.001186
0.789976,0.209947,0.000076
0.001552,0.115494,0.882954
0.794481,0.205292,0.000226
0.833529,0.166450,0.000021
0.002374,0.040877,0.956749
0.807907,0.192072,0.000021
0.002083,0.067055,0.930862
0.843431,0.156536,0.000034
0.002542,0.165167,0.832291
0.745392,0.246653,0.007956
0.793312,0.206604,0.000083
0.597933,0.401849,0.000218
0.360135,0.444356,0.195509
0.817157,0.182836,0.000007
0.649550,0.349904,0.000545
0.594375,0.404516,0.001109
0.389993,0.609611,0.000396
0.742396,0.257305,0.000299
0.002121,0.200761,0.797118
0.648896,0.347576,0.003528
0.788101,0.211833,0.000065
0.868409,0.131560,0.000031
0.002820,0.088560,0.908620
0.858699,0.141265,0.000036
0.490006,0.509267,0.000727
0.001155,0.097401,0.901444
0.450641,0.537005,0.012353
0.002337,0.094319,0.903345
0.626031,0.373048,0.000921
0.001599,0.121187,0.877215
0.001439,0.079172,0.919389
0.674075,0.324116,0.001810
0.779297,0.220648,0.000055
0.001618,0.084381,0.914001
0.629650,0.370173,0.000177
0.694688,0.305135,0.000177
0.001051,0.082291,0.916658
0.756969,0.242154,0.000877
0.767643,0.232285,0.000071
0.001718,0.107690,0.890592
0.679516,0.320303,0.000180
0.692979,0.306620,0.000401
0.001478,0.143897,0.854624
0.888835,0.111159,0.000007
0.624287,0.375090,0.000623
0.309073,0.461047,0.229880
0.002315,0.066261,0.931424
0.708489,0.291138,0.000373
0.672848,0.326604,0.000548
0.633355,0.366476,0.000169
0.919331,0.080662,0.000007
0.804506,0.195341,0.000153
0.900769,0.099230,0.000001
0.612562,0.387045,0.000393
0.786326,0.213632,0.000042
0.592821,0.406561,0.000617
0.012783,0.202479,0.784738
0.774265,0.225719,0.000017
0.001128,0.082713,0.916159
0.364636,0.633024,0.002340
0.224791,0.376067,0.399142
0.617080,0.382328,0.000592
0.002431,0.149111,0.848458
0.895880,0.104113,0.000007
0.523551,0.476155,0.000294
0.002712,0.068941,0.928347
0.002058,0.125367,0.872575
0.900748,0.099250,0.000002
0.768577,0.231039,0.000384
0.064218,0.117250,0.818531
0.594963,0.404568,0.000470
0.615229,0.383779,0.000993
0.641565,0.358172,0.000263
0.628895,0.370650,0.000454
0.823541,0.176448,0.000010
0.001907,0.063590,0.934502
0.001979,0.066357,0.931664
0.001427,0.071357,0.927216
0.004217,0.125008,0.870776
0.721358,0.278210,0.000432
0.667971,0.331641,0.000388
0.001207,0.109905,0.888887
0.804188,0.195694,0.000118
0.774447,0.225438,0.000115
0.448505,0.550559,0.000936
0.785031,0.214833,0.000136
0.853567,0.146418,0.000015
0.765925,0.233976,0.000099
0.834203,0.165430,0.000367
0.761200,0.238506,0.000294
0.374724,0.622086,0.003190
0.001701,0.107638,0.890661
0.614015,0.385221,0.000763
0.476571,0.518169,0.005261
0.739626,0.260328,0.000046
0.001757,0.067210,0.931033
0.698340,0.298288,0.003372
0.874606,0.125384,0.000010
0.868261,0.131693,0.000046
0.824719,0.175253,0.000028
0.843841,0.156139,0.000020
0.353734,0.618317,0.027949
0.412093,0.586549,0.001358
0.611853,0.387400,0.000747
0.557194,0.441949,0.000857
0.488398,0.509432,0.002170
0.374661,0.619134,0.006206
0.437635,0.558969,0.003396
0.003739,0.049794,0.946467
0.874654,0.125300,0.000046
0.813071,0.186890,0.000039
0.003161,0.091950,0.904889
0.794829,0.203753,0.001419
0.880953,0.119028,0.000020
0.001398,0.064091,0.934511
0.858384,0.141599,0.000017
0.838431,0.161511,0.000058
0.754211,0.245334,0.000454
0.501663,0.495999,0.002338
0.841895,0.157994,0.000112
0.798182,0.201311,0.000508
0.785159,0.214759,0.000081
0.335405,0.360273,0.304323
0.125115,0.868797,0.006088
0.280376,0.700441,0.019183
0.799610,0.200352,0.000037
0.872802,0.127182,0.000017
0.772804,0.227134,0.000062
0.509372,0.475608,0.015020
0.589879,0.409536,0.000585
0.487775,0.511549,0.000676
0.001522,0.062835,0.935643
0.830103,0.169864,0.000033
0.842397,0.157545,0.000059
0.001575,0.109935,0.888490
0.255139,0.742423,0.002438
0.808399,0.191419,0.000182
0.072608,0.926477,0.000915
0.885635,0.114355,0.000010
0.861437,0.138555,0.000008
0.001440,0.062525,0.936035
0.001513,0.196041,0.802446
0.002447,0.085864,0.911689
0.002614,0.233594,0.763791
0.745044,0.254928,0.000028
0.691125,0.308759,0.000116
0.001396,0.078964,0.919639
0.001286,0.110746,0.887968
0.840472,0.159327,0.000200
0.671779,0.328077,0.000144
0.822441,0.177494,0.000065
0.863494,0.136494,0.000012
0.691574,0.308275,0.000151
0.595719,0.403890,0.000391
0.594016,0.405625,0.000358
0.686569,0.313262,0.000168
0.847220,0.152756,0.000023
0.002736,0.078887,0.918377
0.774144,0.223607,0.002250
0.552962,0.446359,0.000680
0.066260,0.549876,0.383864
0.384088,0.294091,0.321821
0.655833,0.343716,0.000451
0.002423,0.131937,0.865640
0.322903,0.675623,0.001475
0.737124,0.262720,0.000156
0.765508,0.234457,0.000035
0.505782,0.491182,0.003036
0.769265,0.230716,0.000018
0.001428,0.075720,0.922852
0.851122,0.148826,0.000053
0.838646,0.161343,0.000011
0.758406,0.241312,0.000281
0.002569,0.106291,0.891140
0.619032,0.380841,0.000127
0.850515,0.149425,0.000060
0.001698,0.107114,0.891188
0.873126,0.126864,0.000010
0.002015,0.134842,0.863143
0.230071,0.755587,0.014342
0.326392,0.670498,0.003110
0.522191,0.476076,0.001733
0.148347,0.406896,0.444757
0.695879,0.303844,0.000277
0.567994,0.431115,0.000891
0.002390,0.106956,0.890654
0.525986,0.472729,0.001285
0.892178,0.107818,0.000004
0.094830,0.899155,0.006015
0.684584,0.315188,0.000228
0.587482,0.411089,0.001429
0.473708,0.525401,0.000891
0.751802,0.247699,0.000498
0.562309,0.437263,0.000428
0.844039,0.155923,0.000038
0.001255,0.125514,0.873231
0.700839,0.299014,0.000147
0.001633,0.094248,0.904119
0.828806,0.171106,0.000088
0.605998,0.392628,0.001374
0.801729,0.198185,0.000086
0.600821,0.398604,0.000575
0.758185,0.232434,0.009381
0.675337,0.324556,0.000107
0.792358,0.207471,0.000170
0.647745,0.351908,0.000347
0.042978,0.177266,0.779756
0.546038,0.453152,0.000810
0.002121,0.081876,0.916003
0.830059,0.169910,0.000031
0.582272,0.416649,0.001079
0.834486,0.165460,0.000053
0.520278,0.477598,0.002124
0.509644,0.485072,0.005284
0.164056,0.276111,0.559833
0.002306,0.064788,0.932906
0.851888,0.148089,0.000022
0.683753,0.316158,0.000089
0.828139,0.171501,0.000359
0.808241,0.191740,0.000020
0.798406,0.201539,0.000055
0.757102,0.242839,0.000059
0.832955,0.166973,0.000071
0.001884,0.124763,0.873354
0.769772,0.230146,0.000082
0.002401,0.112121,0.885478
0.056613,0.131932,0.811455
0.604877,0.393949,0.001175
0.236430,0.759699,0.003871
0.001830,0.060014,0.938156
0.803503,0.196283,0.000214
0.854242,0.145740,0.000018
0.733835,0.265721,0.000444
0.792221,0.207727,0.000052
0.001820,0.108602,0.889578
0.334660,0.660964,0.004376
0.750664,0.249135,0.000200
0.002666,0.279137,0.718197
0.003472,0.068454,0.928074
0.766088,0.224826,0.009086
0.729691,0.270176,0.000132
0.683454,0.313822,0.002724
0.488438,0.509600,0.001962
0.841605,0.158381,0.000014
0.001433,0.112995,0.885572
0.002589,0.057593,0.939818
0.595395,0.402068,0.002538
0.433879,0.564994,0.001128
0.869040,0.130934,0.000025
0.002126,0.086274,0.911601
0.804661,0.195267,0.000072
0.671703,0.325899,0.002398
0.870115,0.129869,0.000016
0.517536,0.479982,0.002483
0.674008,0.324729,0.001263
0.795220,0.204716,0.000065
0.002820,0.271748,0.725432
0.882433,0.117549,0.000018
0.566350,0.433180,0.000470
0.001723,0.099272,0.899004
0.001169,0.056669,0.942162
0.151882,0.755443,0.092675
0.699355,0.300221,0.000424
0.002096,0.067648,0.930256
0.305397,0.693999,0.000603
0.793296,0.206478,0.000226
0.002266,0.047904,0.949829
0.574101,0.425457,0.000443
0.001605,0.075660,0.922734
0.001587,0.073093,0.925320
0.489866,0.508373,0.001761
0.495176,0.503381,0.001443
0.716122,0.283353,0.000525
0.508311,0.486825,0.004864
0.002382,0.089270,0.908349
0.822319,0.177659,0.000022
0.664818,0.334816,0.000366
0.469077,0.530605,0.000317
0.511492,0.487438,0.001070
0.526591,0.471595,0.001814
0.740927,0.258975,0.000098
0.821662,0.178290,0.000048
0.008503,0.767208,0.224289
0.411855,0.588003,0.000142
0.695268,0.304428,0.000304
0.605770,0.389384,0.004847
0.750630,0.249230,0.000140
0.773563,0.226078,0.000359
0.738643,0.261222,0.000135
0.002399,0.087532,0.910069
0.009058,0.087834,0.903107
0.001534,0.074058,0.924407
0.845356,0.154621,0.000023
0.822740,0.177222,0.000038
0.044025,0.371324,0.584651
0.698032,0.301825,0.000143
0.730177,0.269715,0.000108
0.552353,0.446477,0.001170
0.048157,0.677018,0.274825
0.649461,0.349894,0.000644
0.663092,0.336388,0.000520
0.815772,0.184220,0.000008
0.773963,0.225968,0.000069
0.001997,0.131404,0.866599
0.002566,0.072602,0.924831
0.703543,0.296265,0.000192
0.001972,0.253649,0.744379
0.719179,0.279846,0.000974
0.694418,0.305149,0.000433
0.826832,0.173098,0.000070
0.832941,0.167033,0.000026
0.724706,0.274750,0.000544
0.791762,0.208198,0.000040
0.822504,0.177434,0.000062
0.595189,0.403755,0.001056
0.425326,0.570986,0.003688
0.002056,0.072843,0.925101
0.791480,0.208504,0.000016
0.692796,0.307146,0.000058
0.480388,0.516324,0.003288
0.001959,0.063829,0.934212
0.852688,0.147293,0.000018
0.665353,0.333347,0.001300
0.746970,0.252808,0.000222
0.001301,0.124991,0.873708
0.893116,0.106878,0.000005
0.766310,0.232602,0.001088
0.313875,0.684838,0.001287
0.002177,0.050485,0.947338
0.124434,0.872277,0.003289
0.001433,0.078049,0.920518
0.761832,0.238121,0.000048
0.589146,0.405440,0.005414
0.822551,0.177178,0.000271
0.001570,0.061969,0.936462
0.820246,0.179722,0.000032
0.001752,0.147183,0.851065
0.706450,0.292829,0.000720
0.759640,0.240355,0.000006
0.691291,0.308313,0.000396
0.446180,0.552773,0.001047
0.001535,0.082947,0.915519
0.001759,0.105487,0.892753
0.750956,0.248621,0.000423
0.760852,0.238979,0.000169
0.001397,0.206823,0.791780
0.763884,0.235765,0.000351
0.002723,0.153076,0.844201
0.887567,0.112421,0.000012
0.859425,0.140564,0.000010
0.832527,0.167442,0.000030
0.722680,0.277272,0.000048
0.002058,0.080894,0.917048
0.779027,0.220827,0.000146
0.707646,0.292133,0.000221
0.528555,0.471019,0.000426
0.755246,0.244677,0.000077
0.670449,0.329289,0.000262
0.810565,0.189416,0.000019
0.804659,0.195200,0.000141
0.192323,0.804672,0.003005
0.001407,0.104481,0.894112
0.830490,0.169348,0.000161
0.761073,0.238731,0.000196
0.807736,0.192155,0.000109
0.759499,0.239985,0.000516
0.001445,0.086664,0.911890
0.817008,0.182858,0.000134
0.819935,0.179800,0.000265
0.816645,0.183231,0.000125
0.242728,0.754974,0.002298
0.771534,0.228293,0.000173
0.747816,0.252079,0.000104
0.187480,0.809695,0.002825
0.635886,0.363484,0.000630
0.002007,0.090810,0.907184
0.737969,0.261403,0.000628
0.003744,0.086698,0.909557
0.201289,0.195492,0.603218
0.653520,0.343524,0.002957
0.001669,0.087897,0.910434
0.783653,0.216328,0.000018
0.199805,0.758822,0.041374
0.908611,0.091384,0.000005
0.751908,0.247749,0.000343
0.392426,0.602994,0.004580
0.321018,0.625727,0.053255
0.702253,0.297582,0.000165
0.002524,0.070053,0.927423
0.694646,0.305196,0.000157
0.769980,0.229948,0.000072
0.797560,0.202087,0.000353
0.774663,0.225274,0.000063
0.632174,0.367547,0.000279
0.877608,0.122388,0.000004
0.744293,0.255404,0.000303
0.542620,0.456823,0.000557
0.782727,0.217137,0.000136
0.178797,0.806297,0.014906
0.216681,0.276161,0.507157
0.001844,0.079387,0.918769
0.003067,0.094084,0.902849
0.001242,0.117837,0.880920
0.757070,0.242468,0.000462
0.889704,0.110291,0.000005
0.745770,0.253833,0.000398
0.002142,0.129242,0.868616
0.665066,0.334647,0.000287
0.675004,0.324769,0.000227
0.001759,0.301761,0.696481
0.001880,0.121580,0.876540
0.786471,0.213496,0.000032
0.266795,0.729117,0.004088
0.002064,0.156612,0.841324
0.597357,0.396225,0.006418
0.854275,0.145701,0.000023
0.079232,0.260079,0.660689
0.002038,0.118506,0.879455
0.001426,0.122560,0.876014
0.794704,0.205163,0.000133
0.831201,0.168767,0.000032
0.474852,0.523472,0.001675
0.759238,0.240632,0.000130
0.752308,0.247668,0.000024
0.748611,0.250972,0.000417
0.346581,0.652934,0.000485
0.442868,0.553854,0.003279
0.706895,0.292768,0.000336
0.840467,0.159230,0.000302
0.783011,0.216857,0.000133
0.611484,0.388220,0.000297
0.001709,0.128106,0.870185
0.477143,0.521588,0.001270
0.746508,0.253150,0.000343
0.724004,0.275858,0.000138
0.292642,0.704601,0.002757
0.830716,0.169198,0.000086
0.830730,0.169139,0.000130
0.115239,0.881668,0.003093
0.145355,0.853095,0.001550
0.663516,0.322933,0.013550
0.002006,0.102753,0.895241
0.767316,0.232421,0.000263
0.854778,0.145164,0.000058
0.805698,0.194242,0.000059
0.404272,0.592987,0.002742
0.653143,0.346422,0.000435
0.733857,0.266101,0.000042
0.001568,0.097280,0.901153
0.790396,0.209578,0.000026
0.159855,0.365888,0.474257
0.817155,0.182595,0.000250
0.502327,0.496891,0.000782
0.602832,0.395722,0.001447
0.002774,0.130127,0.867098
0.699540,0.300329,0.000131
0.636757,0.363138,0.000105
0.856239,0.143737,0.000025
0.427272,0.571998,0.000730
0.001419,0.101109,0.897472
0.762429,0.237421,0.000149
0.505045,0.494506,0.000449
0.485297,0.512251,0.002452
0.732230,0.267529,0.000241
0.002196,0.180772,0.817032
0.872141,0.127849,0.000009
0.554033,0.443325,0.002642
0.001992,0.098111,0.899896
0.670942,0.327800,0.001258
0.001826,0.079021,0.919153
0.001764,0.085802,0.912434
0.002026,0.130511,0.867463
0.848232,0.151724,0.000043
0.793435,0.205703,0.000862
0.238970,0.627153,0.133877
0.003784,0.060503,0.935713
0.697103,0.302672,0.000225
0.603261,0.388167,0.008572
0.002656,0.149257,0.848087
0.001281,0.065657,0.933062
0.689132,0.310712,0.000157
0.559955,0.437081,0.002964
0.001628,0.147115,0.851257
0.001311,0.082255,0.916434
0.002738,0.098522,0.898740
0.698305,0.300769,0.000926
0.508085,0.491096,0.000819
0.541394,0.458396,0.000210
0.001848,0.067437,0.930716
