0.119323,0.135932,0.118671,0.128619,0.054757,0.085502,0.063075,0.064270,0.138979,0.090871
0.080220,0.075671,0.053268,0.110452,0.081754,0.113981,0.065333,0.261072,0.083875,0.074373
0.089888,0.081609,0.114320,0.077495,0.064007,0.115217,0.076199,0.261692,0.069903,0.049670
0.026982,0.022748,0.026998,0.025474,0.398736,0.081570,0.338730,0.015491,0.035322,0.027948
0.101932,0.074853,0.112184,0.059333,0.068682,0.076819,0.114984,0.261568,0.073832,0.055815
0.057704,0.075734,0.043620,0.039986,0.259662,0.089149,0.245395,0.093574,0.043625,0.051550
0.119190,0.135487,0.089084,0.098594,0.088176,0.097093,0.068557,0.071029,0.086618,0.146172
0.081315,0.109347,0.109169,0.083453,0.045449,0.084064,0.117770,0.173588,0.127992,0.067852
0.105458,0.153679,0.100575,0.107608,0.094293,0.104798,0.097858,0.073595,0.088251,0.073884
0.034680,0.049275,0.029592,0.022192,0.364092,0.074028,0.312708,0.045706,0.044505,0.023222
0.102058,0.148576,0.077001,0.070585,0.071340,0.099771,0.066831,0.079232,0.198728,0.085878
0.067234,0.067929,0.046771,0.045271,0.295894,0.081563,0.265689,0.035230,0.070541,0.023877
0.023960,0.026822,0.039647,0.041492,0.391219,0.066664,0.324243,0.025217,0.034493,0.026244
0.105118,0.100709,0.063295,0.131685,0.089722,0.133301,0.120935,0.060473,0.088006,0.106755
0.036432,0.053391,0.052231,0.025210,0.356940,0.064905,0.304723,0.023500,0.059572,0.023095
0.117537,0.138628,0.090815,0.079758,0.072845,0.115359,0.087246,0.088143,0.137040,0.072629
0.104013,0.116438,0.076871,0.072474,0.072795,0.094787,0.120810,0.072193,0.180674,0.088944
0.084408,0.115570,0.098193,0.066253,0.066655,0.125498,0.149948,0.053763,0.078563,0.161148
0.086011,0.158301,0.065782,0.139115,0.086789,0.084752,0.066679,0.083466,0.151495,0.077610
0.036260,0.034000,0.066871,0.056234,0.318460,0.091562,0.283701,0.037285,0.035082,0.040545
0.035798,0.065126,0.053997,0.031420,0.302140,0.077098,0.270132,0.033935,0.059658,0.070696
0.041100,0.039167,0.036079,0.029906,0.373702,0.066510,0.316299,0.031017,0.042406,0.023813
0.158163,0.075026,0.088146,0.124184,0.069493,0.180345,0.114899,0.051852,0.083219,0.054673
0.038843,0.041661,0.038150,0.027662,0.318786,0.098422,0.285628,0.057611,0.056583,0.036654
0.030244,0.048736,0.040410,0.037934,0.355894,0.075178,0.307543,0.039073,0.029913,0.035076
0.071567,0.101165,0.122758,0.084903,0.073220,0.099935,0.121091,0.045218,0.214763,0.065381
0.141997,0.130298,0.047914,0.079586,0.067732,0.098832,0.052316,0.235732,0.065366,0.080227
0.027031,0.024820,0.021094,0.031886,0.406587,0.065609,0.340452,0.020250,0.026501,0.035770
0.088401,0.139126,0.138542,0.091758,0.069301,0.074194,0.086252,0.095975,0.136845,0.079606
0.092020,0.139704,0.157639,0.108344,0.093896,0.086554,0.097198,0.059356,0.092055,0.073234
0.096128,0.174888,0.130289,0.060751,0.050008,0.071182,0.092953,0.070428,0.163880,0.089492
0.101273,0.140809,0.088606,0.095657,0.083225,0.116457,0.089745,0.094514,0.136006,0.053706
0.033444,0.063334,0.037025,0.051739,0.313360,0.095606,0.285378,0.041336,0.044973,0.033805
0.061310,0.044161,0.029559,0.062129,0.339345,0.063468,0.290496,0.019350,0.057249,0.032934
0.091084,0.088564,0.088525,0.127514,0.089310,0.117319,0.067451,0.096993,0.086398,0.146842
0.083418,0.127879,0.108535,0.089181,0.085097,0.074317,0.095462,0.064421,0.207228,0.064461
0.092414,0.124055,0.132878,0.124450,0.064649,0.105125,0.100522,0.098871,0.072381,0.084654
0.138875,0.091493,0.092725,0.072550,0.058806,0.072202,0.108694,0.045705,0.233285,0.085664
0.100261,0.082504,0.122222,0.100621,0.088317,0.086440,0.120396,0.098473,0.132011,0.068756
0.123127,0.133967,0.085260,0.050425,0.069328,0.092162,0.062082,0.159030,0.172525,0.052094
0.118053,0.162864,0.114613,0.063475,0.089224,0.076273,0.134136,0.080567,0.106985,0.053810
0.103759,0.085883,0.073436,0.089767,0.079124,0.087317,0.086435,0.101237,0.181913,0.111128
0.128131,0.129044,0.101152,0.138593,0.075940,0.087364,0.083000,0.070985,0.078723,0.107069
0.093064,0.142340,0.056160,0.145123,0.089670,0.113845,0.137057,0.091457,0.073111,0.058173
0.036149,0.050841,0.040048,0.059859,0.324479,0.088013,0.285485,0.041032,0.033754,0.040339
0.161127,0.082036,0.120274,0.101098,0.081717,0.102907,0.072496,0.057866,0.114475,0.106004
0.036162,0.083236,0.022096,0.034987,0.354712,0.067893,0.302309,0.023313,0.053437,0.021855
0.097922,0.129639,0.065322,0.077715,0.083912,0.106057,0.064899,0.107833,0.120483,0.146217
0.089920,0.084085,0.089717,0.071069,0.077087,0.210626,0.102649,0.113554,0.085485,0.075809
0.120849,0.102564,0.087451,0.115908,0.087710,0.079782,0.112043,0.108170,0.131106,0.054417
0.040645,0.080788,0.053984,0.042559,0.307778,0.071815,0.271330,0.034958,0.058620,0.037524
0.093917,0.128405,0.097170,0.148323,0.088459,0.087817,0.081390,0.106624,0.089080,0.078814
0.125433,0.132727,0.122932,0.079847,0.088133,0.103217,0.117010,0.058183,0.079161,0.093357
0.043922,0.065742,0.055956,0.060964,0.275759,0.094168,0.252942,0.041151,0.062694,0.046702
0.096494,0.117977,0.134094,0.090642,0.057891,0.108263,0.130575,0.074790,0.130018,0.059256
0.044756,0.066456,0.034958,0.033521,0.349947,0.072092,0.300474,0.023092,0.048119,0.026585
0.030870,0.044724,0.029073,0.031074,0.370339,0.071587,0.312040,0.030151,0.047779,0.032362
0.093494,0.155135,0.061166,0.090716,0.090752,0.124033,0.060323,0.119362,0.114098,0.090922
0.098519,0.108310,0.142567,0.084511,0.094603,0.120335,0.119201,0.096196,0.079526,0.056232
0.175785,0.084702,0.114256,0.068109,0.058956,0.083404,0.066366,0.089998,0.159969,0.098456
0.062175,0.057987,0.047090,0.069481,0.262574,0.099874,0.240420,0.058197,0.053678,0.048522
0.096229,0.125537,0.134038,0.078511,0.078689,0.073493,0.110056,0.097244,0.133660,0.072542
0.063864,0.077066,0.047638,0.061297,0.275492,0.089579,0.245873,0.043050,0.053711,0.042429
0.043422,0.071127,0.061769,0.034588,0.340258,0.063408,0.288974,0.018743,0.045871,0.031839
0.082367,0.091237,0.077566,0.094568,0.072982,0.099868,0.126139,0.084848,0.183307,0.087118
0.078157,0.136320,0.102341,0.144133,0.077006,0.076182,0.087941,0.083370,0.067859,0.146690
0.090899,0.125627,0.114325,0.125921,0.068046,0.074174,0.061801,0.106628,0.082583,0.149997
0.111788,0.176883,0.080792,0.107546,0.075217,0.104322,0.052467,0.044690,0.167142,0.079152
0.103764,0.134463,0.154644,0.086539,0.071490,0.085458,0.124933,0.098701,0.085492,0.054516
0.078775,0.123912,0.044288,0.163611,0.043668,0.067300,0.077458,0.266848,0.062126,0.072013
0.063279,0.074553,0.060043,0.040132,0.294693,0.070288,0.258781,0.035259,0.033361,0.069610
0.029032,0.024081,0.020540,0.044972,0.386140,0.076352,0.330920,0.032231,0.024855,0.030877
0.081060,0.194019,0.060173,0.172827,0.057277,0.073855,0.073845,0.084661,0.130443,0.071839
0.103236,0.088473,0.075952,0.077108,0.071256,0.093228,0.114626,0.060321,0.143352,0.172448
0.084137,0.151500,0.116956,0.077916,0.072461,0.067413,0.061508,0.204548,0.093152,0.070410
0.083483,0.146922,0.088232,0.173976,0.055080,0.121261,0.065339,0.090628,0.074447,0.100632
0.118494,0.121554,0.115472,0.126187,0.065471,0.081875,0.077307,0.090723,0.103808,0.099109
0.035330,0.054245,0.039151,0.031487,0.315148,0.094056,0.302701,0.055544,0.033619,0.038720
0.029252,0.072793,0.026485,0.030830,0.378584,0.057020,0.313536,0.027671,0.026070,0.037757
0.061880,0.138519,0.047958,0.117124,0.062392,0.086428,0.107261,0.175491,0.129551,0.073396
0.032438,0.040722,0.061708,0.034009,0.353101,0.061947,0.297326,0.033164,0.046712,0.038873
0.078483,0.092427,0.076796,0.109853,0.055901,0.144198,0.097217,0.087931,0.182059,0.075136
0.045058,0.051939,0.052507,0.044463,0.299862,0.088188,0.268291,0.084152,0.034084,0.031456
0.066995,0.062357,0.070103,0.039538,0.313241,0.058683,0.271278,0.034728,0.033184,0.049894
0.091131,0.126717,0.061689,0.176652,0.071972,0.074484,0.088592,0.076432,0.182399,0.049931
0.028556,0.042800,0.017464,0.042349,0.360536,0.078564,0.310946,0.029022,0.036659,0.053105
0.095693,0.144984,0.102883,0.073545,0.075490,0.119329,0.071061,0.102537,0.132999,0.081479
0.155535,0.133313,0.131714,0.119902,0.048358,0.070943,0.130106,0.080369,0.077008,0.052753
0.053450,0.074980,0.077790,0.052697,0.265026,0.079643,0.245275,0.032067,0.065465,0.053607
0.095144,0.105123,0.085308,0.119123,0.063653,0.083623,0.114374,0.103397,0.124298,0.105957
0.078019,0.105185,0.081258,0.137514,0.073100,0.094642,0.112012,0.187369,0.069458,0.061445
0.143802,0.104263,0.067807,0.079042,0.066432,0.117308,0.078801,0.081892,0.139532,0.121119
0.037324,0.078402,0.022029,0.034539,0.321528,0.089766,0.287807,0.034645,0.053922,0.040038
0.097613,0.078611,0.119604,0.063022,0.063507,0.081793,0.140174,0.082434,0.169950,0.103292
0.091013,0.084841,0.071205,0.106602,0.090489,0.088208,0.099120,0.132203,0.174834,0.061486
0.090940,0.117615,0.116005,0.116846,0.058032,0.102121,0.112648,0.101792,0.129045,0.054957
0.093756,0.129284,0.112956,0.106823,0.067289,0.112474,0.097802,0.098437,0.082591,0.098589
0.055050,0.065044,0.043677,0.034659,0.265349,0.087877,0.242682,0.080931,0.054384,0.070347
0.175882,0.133458,0.108746,0.067870,0.065372,0.121022,0.075961,0.121690,0.079018,0.050981
0.090364,0.125834,0.131302,0.116459,0.058580,0.121599,0.066089,0.110109,0.082709,0.096954
0.082587,0.115052,0.078013,0.113287,0.066371,0.163618,0.068356,0.089250,0.091117,0.132347
0.106402,0.157857,0.080736,0.112779,0.083065,0.090867,0.090311,0.109591,0.090357,0.078035
0.112151,0.124658,0.098845,0.068048,0.051407,0.072634,0.137429,0.062326,0.175519,0.096983
0.089655,0.114326,0.104691,0.110441,0.068439,0.075148,0.107782,0.104061,0.081690,0.143767
0.078039,0.122607,0.048797,0.136850,0.055393,0.098356,0.054435,0.208475,0.114522,0.082525
0.092441,0.128738,0.111489,0.062036,0.082187,0.076027,0.065023,0.096549,0.190003,0.095507
0.158792,0.129130,0.081152,0.091752,0.070300,0.101119,0.094841,0.094288,0.098628,0.079997
0.043084,0.033918,0.049304,0.026673,0.305415,0.095541,0.273785,0.086301,0.050546,0.035434
0.037090,0.059549,0.035035,0.051316,0.322331,0.083717,0.286934,0.033991,0.054177,0.035860
0.122393,0.108728,0.091874,0.065029,0.084069,0.078378,0.120919,0.115106,0.109000,0.104504
0.112047,0.076482,0.108353,0.125811,0.065424,0.177121,0.104561,0.094105,0.066481,0.069614
0.096104,0.147007,0.056539,0.065892,0.091239,0.119086,0.091317,0.084769,0.177632,0.070415
0.098428,0.086907,0.090188,0.143681,0.062652,0.083476,0.065277,0.082378,0.210086,0.076928
0.031965,0.048844,0.021198,0.036154,0.356238,0.081450,0.306421,0.038660,0.052140,0.026931
0.078967,0.080178,0.133123,0.066997,0.085309,0.074390,0.131896,0.077585,0.209600,0.061955
0.100736,0.170673,0.058657,0.083556,0.068820,0.129920,0.072948,0.090638,0.139216,0.084837
0.092933,0.103036,0.118854,0.106775,0.085385,0.082826,0.104810,0.094994,0.117209,0.093177
0.101927,0.134686,0.107258,0.132680,0.069839,0.096073,0.072985,0.101500,0.083678,0.099374
0.079773,0.080793,0.074961,0.100291,0.085816,0.098460,0.107893,0.098851,0.131785,0.141377
0.045513,0.046572,0.023507,0.061050,0.335339,0.062875,0.281319,0.062890,0.048168,0.032769
0.176748,0.149536,0.063627,0.078644,0.078130,0.077933,0.151199,0.048717,0.113157,0.062307
0.065287,0.092527,0.105001,0.089102,0.064141,0.088318,0.110075,0.146058,0.162720,0.076771
0.039736,0.064557,0.044835,0.033887,0.310097,0.094340,0.283900,0.037303,0.066440,0.024905
0.097123,0.084219,0.092718,0.126875,0.096875,0.105250,0.084666,0.087687,0.163468,0.061119
0.026467,0.037803,0.018945,0.018266,0.407609,0.070902,0.342890,0.026334,0.023838,0.026947
0.133876,0.144566,0.097011,0.078537,0.073488,0.091210,0.142590,0.075064,0.087699,0.075959
0.040217,0.043232,0.050189,0.062482,0.296261,0.097800,0.275297,0.059408,0.035053,0.040062
0.116118,0.124808,0.113666,0.124876,0.067837,0.074060,0.074182,0.048503,0.170009,0.085940
0.086470,0.113371,0.093571,0.066904,0.088407,0.082676,0.141238,0.097551,0.077467,0.152346
0.091944,0.126668,0.143682,0.067881,0.079958,0.073087,0.086976,0.100908,0.141408,0.087487
0.048889,0.053700,0.038162,0.039680,0.317310,0.082402,0.280358,0.052616,0.049293,0.037590
0.098827,0.119660,0.084346,0.124383,0.083948,0.082815,0.098555,0.051878,0.158315,0.097272
0.115703,0.099699,0.130742,0.113593,0.087428,0.111027,0.063797,0.102817,0.125630,0.049565
0.080470,0.121680,0.103791,0.145445,0.086709,0.076061,0.064734,0.063499,0.110370,0.147241
0.112867,0.085279,0.116839,0.088394,0.072831,0.086142,0.149726,0.099885,0.120604,0.067433
0.093515,0.122961,0.105964,0.074865,0.083055,0.117909,0.124818,0.093271,0.115216,0.068426
0.075497,0.110628,0.108784,0.066480,0.074156,0.091064,0.081763,0.142074,0.168666,0.080888
0.096108,0.082999,0.145959,0.105379,0.082237,0.121871,0.141966,0.056783,0.107956,0.058742
0.023304,0.042955,0.035117,0.016783,0.398144,0.071606,0.331213,0.032751,0.032490,0.015638
0.079500,0.131055,0.130137,0.118194,0.068664,0.077430,0.128641,0.090655,0.123499,0.052224
0.080775,0.140257,0.052726,0.127915,0.084156,0.113352,0.059190,0.101604,0.139306,0.100720
0.084860,0.132453,0.107487,0.099118,0.089685,0.079590,0.066362,0.095063,0.141337,0.104044
0.026506,0.026899,0.032741,0.048276,0.382890,0.056695,0.315008,0.028994,0.054440,0.027552
0.057949,0.059524,0.069555,0.085274,0.206670,0.105572,0.195247,0.088903,0.074688,0.056618
0.175456,0.083359,0.059320,0.118845,0.082961,0.106724,0.064585,0.088760,0.109397,0.110593
0.100122,0.134795,0.122521,0.069533,0.090724,0.106798,0.071803,0.088609,0.122722,0.092372
0.119873,0.083014,0.136911,0.127431,0.061016,0.113570,0.090479,0.099792,0.083837,0.084076
0.104134,0.087144,0.102191,0.081540,0.085868,0.087191,0.100948,0.076273,0.157435,0.117276
0.078269,0.080988,0.084118,0.122081,0.060659,0.170116,0.100380,0.087406,0.117790,0.098193
0.050077,0.064088,0.037644,0.065134,0.316149,0.074969,0.278062,0.037145,0.033428,0.043306
0.029764,0.076133,0.050341,0.022040,0.349255,0.075549,0.302612,0.030689,0.028832,0.034786
0.081543,0.071128,0.131175,0.239726,0.058671,0.066292,0.085271,0.068552,0.149649,0.047993
0.144173,0.094284,0.068062,0.121230,0.083096,0.136800,0.123592,0.062651,0.090375,0.075736
0.026312,0.042901,0.016851,0.048047,0.382292,0.071217,0.327294,0.027832,0.025626,0.031629
0.123463,0.096158,0.064976,0.070800,0.063014,0.177113,0.050836,0.174632,0.138668,0.040340
0.107703,0.114244,0.105009,0.111819,0.074008,0.100212,0.098651,0.074407,0.088160,0.125787
0.054015,0.082585,0.071053,0.074766,0.231536,0.100510,0.215168,0.060645,0.066994,0.042729
0.079092,0.161738,0.048114,0.082325,0.071730,0.174257,0.056750,0.076776,0.117938,0.131280
0.109703,0.118456,0.058068,0.138783,0.093675,0.082317,0.123377,0.087555,0.078405,0.109660
0.084653,0.127126,0.126668,0.062169,0.084075,0.163681,0.094646,0.064826,0.097334,0.094820
0.045257,0.057170,0.025848,0.028488,0.276324,0.100383,0.275571,0.096701,0.064999,0.029260
0.067196,0.053891,0.049736,0.070023,0.235342,0.102279,0.219212,0.085624,0.062549,0.054148
0.120136,0.184840,0.086440,0.078304,0.063389,0.075597,0.063328,0.089559,0.085243,0.153164
0.094458,0.170212,0.100732,0.074413,0.061898,0.129846,0.089820,0.094429,0.097675,0.086516
0.083606,0.130422,0.052216,0.120286,0.078967,0.186601,0.072815,0.075863,0.114717,0.084507
0.088827,0.101979,0.127274,0.078392,0.080419,0.106345,0.134766,0.087968,0.097582,0.096447
0.051447,0.063983,0.048836,0.092231,0.222451,0.120067,0.245850,0.042961,0.062524,0.049651
0.032955,0.035256,0.044897,0.052298,0.335707,0.088536,0.295253,0.034390,0.045623,0.035085
0.096088,0.129093,0.149244,0.076555,0.072337,0.081409,0.124319,0.055148,0.150881,0.064925
0.086660,0.142993,0.102997,0.072505,0.076535,0.088807,0.071233,0.173115,0.094755,0.090400
0.107416,0.099200,0.112923,0.113552,0.075171,0.112506,0.091005,0.078856,0.089905,0.119467
0.157010,0.101175,0.050835,0.120039,0.063250,0.106839,0.084410,0.095908,0.080979,0.139555
0.142623,0.067738,0.078245,0.112542,0.077520,0.067303,0.098760,0.212184,0.065529,0.077557
0.034215,0.071394,0.046746,0.041285,0.337212,0.073483,0.297048,0.025245,0.032883,0.040489
0.061074,0.063209,0.046373,0.065036,0.257083,0.092489,0.242279,0.044224,0.058847,0.069387
0.034590,0.056217,0.033025,0.029064,0.350612,0.071992,0.304589,0.033810,0.062098,0.024003
0.090245,0.115979,0.076979,0.121532,0.059461,0.089685,0.128044,0.104382,0.131402,0.082292
0.097503,0.145777,0.150002,0.086664,0.082411,0.127670,0.065268,0.066997,0.084369,0.093337
0.099592,0.089990,0.094056,0.085207,0.058423,0.106354,0.120671,0.097957,0.139235,0.108516
0.053073,0.070499,0.074254,0.053347,0.249227,0.083368,0.233833,0.042868,0.063698,0.075833
0.109579,0.083150,0.113615,0.110724,0.058196,0.088231,0.083925,0.104473,0.149984,0.098123
0.082029,0.095909,0.079466,0.098124,0.075966,0.147364,0.092118,0.084242,0.117158,0.127623
0.119681,0.131445,0.111990,0.083081,0.081072,0.125715,0.114154,0.067797,0.094852,0.070214
0.093525,0.148096,0.086547,0.100030,0.084769,0.088001,0.117637,0.090596,0.132196,0.058603
0.092905,0.130719,0.145745,0.080044,0.075203,0.122930,0.076765,0.065453,0.121532,0.088705
0.105152,0.115376,0.065357,0.092843,0.073253,0.089112,0.116051,0.104846,0.122702,0.115307
0.076039,0.112738,0.059691,0.135412,0.060661,0.191855,0.110511,0.102359,0.070523,0.080211
0.109134,0.153011,0.098460,0.107083,0.079421,0.083103,0.080698,0.106609,0.089243,0.093237
0.103453,0.141736,0.122660,0.111341,0.073790,0.079248,0.082434,0.105489,0.075579,0.104270
0.043007,0.076016,0.028015,0.062482,0.284173,0.098449,0.260375,0.057400,0.053756,0.036327
0.165586,0.147501,0.088283,0.066841,0.086568,0.080067,0.066496,0.094700,0.127127,0.076831
0.052947,0.062087,0.049547,0.032733,0.318649,0.070510,0.281151,0.026805,0.063117,0.042454
0.029197,0.026966,0.047643,0.047287,0.366800,0.077905,0.319052,0.028004,0.027896,0.029250
0.029782,0.036329,0.035687,0.019467,0.391497,0.062972,0.327627,0.019760,0.042459,0.034420
0.045367,0.067261,0.020197,0.035275,0.357018,0.061198,0.304322,0.022547,0.051950,0.034865
0.101283,0.094007,0.095199,0.141505,0.061267,0.125513,0.070826,0.101322,0.143339,0.065739
0.128176,0.084982,0.080993,0.124384,0.066213,0.093329,0.080982,0.177884,0.103518,0.059539
0.077333,0.158944,0.083911,0.108012,0.069317,0.065524,0.053628,0.200338,0.108002,0.074991
0.054534,0.062409,0.027138,0.041178,0.324184,0.076009,0.284968,0.034923,0.066730,0.027927
0.084055,0.116679,0.064989,0.104221,0.079573,0.078363,0.132490,0.087069,0.117975,0.134585
0.119915,0.138655,0.072652,0.107482,0.081303,0.088708,0.087051,0.102154,0.081354,0.120727
0.112649,0.111107,0.111555,0.103519,0.075454,0.090918,0.095085,0.053885,0.152995,0.092833
0.032719,0.052071,0.042708,0.046376,0.337197,0.096224,0.302621,0.018325,0.053101,0.018658
0.091890,0.081214,0.136381,0.126920,0.067537,0.077691,0.113617,0.088617,0.129993,0.086141
0.101896,0.150311,0.098856,0.124571,0.055519,0.120196,0.121955,0.052940,0.077967,0.095788
0.164227,0.111583,0.136806,0.058108,0.050729,0.074067,0.055365,0.095770,0.170680,0.082666
0.100291,0.102093,0.139572,0.126454,0.069883,0.112476,0.076707,0.099871,0.116347,0.056304
0.137568,0.119745,0.049312,0.052304,0.047719,0.099440,0.061451,0.229504,0.157528,0.045429
0.036649,0.052483,0.050681,0.039738,0.317630,0.064450,0.274803,0.025312,0.064329,0.073925
0.084476,0.134816,0.107070,0.059156,0.066735,0.075712,0.112338,0.239633,0.067270,0.052793
0.043094,0.026990,0.063064,0.025780,0.347527,0.063642,0.295329,0.021759,0.047906,0.064908
0.090195,0.148421,0.060530,0.153956,0.073839,0.099204,0.075094,0.111436,0.133982,0.053344
0.048174,0.046228,0.069135,0.060507,0.277270,0.094444,0.250791,0.043940,0.063079,0.046432
0.028510,0.081003,0.027925,0.024897,0.379245,0.069832,0.323007,0.018040,0.027771,0.019771
0.129816,0.176400,0.059140,0.085061,0.087718,0.092066,0.098369,0.131798,0.074975,0.064656
0.029061,0.026452,0.041277,0.025225,0.360323,0.076487,0.311640,0.043329,0.026677,0.059529
0.089916,0.115388,0.102574,0.066544,0.083178,0.073053,0.088297,0.086170,0.212111,0.082769
0.087523,0.164981,0.132269,0.090558,0.084546,0.108847,0.073542,0.087706,0.107118,0.062909
0.092130,0.141857,0.106466,0.143694,0.070729,0.097715,0.063492,0.064557,0.131640,0.087721
0.092308,0.143682,0.086264,0.070336,0.054603,0.074205,0.060276,0.102553,0.235376,0.080397
0.075173,0.197153,0.049933,0.211901,0.060335,0.063402,0.061047,0.103673,0.127096,0.050287
0.039797,0.046228,0.031892,0.020882,0.378275,0.075337,0.326603,0.017821,0.027852,0.035312
0.088041,0.164935,0.132047,0.071596,0.083602,0.082564,0.064634,0.089383,0.124710,0.098488
0.123784,0.129446,0.091814,0.076935,0.089828,0.102065,0.068383,0.100436,0.111833,0.105475
0.090646,0.119107,0.112261,0.109841,0.067828,0.094409,0.068226,0.088801,0.152084,0.096797
0.038163,0.075293,0.026220,0.039826,0.325908,0.072659,0.282901,0.077622,0.034565,0.026844
0.089584,0.131183,0.127174,0.141077,0.070474,0.082591,0.103289,0.054260,0.145761,0.054606
0.104533,0.095558,0.074909,0.129435,0.061447,0.112353,0.073038,0.057633,0.192285,0.098810
0.119403,0.102989,0.115695,0.119876,0.071676,0.100581,0.067991,0.108293,0.128587,0.064909
0.081244,0.074572,0.083147,0.128834,0.058918,0.104874,0.102379,0.099999,0.219387,0.046645
0.076820,0.130009,0.127181,0.109094,0.068506,0.101950,0.100012,0.070586,0.148753,0.067090
0.134826,0.146579,0.114633,0.065604,0.053705,0.084629,0.095058,0.042715,0.137212,0.125038
0.135559,0.131319,0.063339,0.114883,0.072911,0.088775,0.089029,0.104346,0.096711,0.103128
0.157319,0.079786,0.086187,0.109009,0.067389,0.114447,0.085764,0.087921,0.161020,0.051158
0.098032,0.146659,0.096344,0.074069,0.093368,0.121038,0.076090,0.101101,0.082254,0.111045
0.116817,0.130111,0.108880,0.099127,0.101558,0.095092,0.077410,0.060800,0.088053,0.122152
0.029809,0.055893,0.018915,0.029693,0.359452,0.081257,0.307089,0.035318,0.049706,0.032868
0.162257,0.138655,0.087713,0.087069,0.087054,0.097638,0.067174,0.068599,0.135423,0.068419
0.085284,0.075179,0.106991,0.089070,0.068524,0.076527,0.130173,0.071839,0.245168,0.051244
0.032471,0.026260,0.040755,0.035152,0.394177,0.070750,0.333827,0.017899,0.026754,0.021955
0.124447,0.186560,0.111743,0.072025,0.064180,0.103519,0.117411,0.053202,0.075303,0.091609
0.083944,0.182590,0.096945,0.060190,0.063672,0.212982,0.056767,0.070314,0.127178,0.045419
0.112392,0.122169,0.131853,0.147124,0.072572,0.077128,0.096238,0.083910,0.074571,0.082044
0.098078,0.112666,0.101860,0.106739,0.066122,0.091324,0.070934,0.109845,0.148303,0.094130
0.082881,0.177142,0.064364,0.111548,0.067734,0.114881,0.059780,0.091567,0.166805,0.063296
0.089817,0.131561,0.108061,0.105905,0.086226,0.071111,0.088770,0.187246,0.081523,0.049779
0.043203,0.069181,0.027190,0.038433,0.275054,0.109055,0.303900,0.058114,0.035222,0.040647
0.082271,0.129749,0.086871,0.107927,0.050106,0.105044,0.082326,0.047770,0.251363,0.056574
0.128505,0.133768,0.065608,0.086137,0.079154,0.085990,0.154182,0.051187,0.154498,0.060971
0.062494,0.150739,0.044749,0.049962,0.060260,0.058457,0.057558,0.194070,0.198439,0.123272
0.085722,0.117968,0.080254,0.110379,0.052768,0.081861,0.115168,0.096186,0.118986,0.140707
0.085505,0.129455,0.143534,0.067405,0.088584,0.086513,0.121101,0.085000,0.134854,0.058049
0.026827,0.023869,0.036849,0.045267,0.371244,0.070400,0.314906,0.068560,0.024455,0.017623
0.090189,0.140449,0.108212,0.138304,0.073097,0.079558,0.114775,0.068254,0.119471,0.067691
0.142328,0.109739,0.094834,0.085403,0.059549,0.180869,0.068909,0.071370,0.120494,0.066505
0.103959,0.122450,0.101732,0.110781,0.073279,0.099156,0.058813,0.082931,0.194806,0.052094
0.092909,0.127520,0.091357,0.109110,0.057783,0.101027,0.138895,0.100075,0.079358,0.101967
0.035610,0.040560,0.040205,0.042783,0.327043,0.085299,0.293808,0.033928,0.061665,0.039100
0.081641,0.091974,0.120756,0.110752,0.056608,0.068364,0.056746,0.215898,0.065710,0.131551
0.092858,0.097911,0.098445,0.094794,0.094734,0.087413,0.099780,0.076537,0.157012,0.100515
0.085111,0.070955,0.062436,0.088818,0.051916,0.105687,0.111469,0.103599,0.227766,0.092242
0.087682,0.156444,0.056475,0.110003,0.081374,0.085082,0.097669,0.110709,0.157387,0.057174
0.087105,0.177532,0.086912,0.064092,0.057266,0.106245,0.082949,0.084267,0.109584,0.144049
0.088427,0.130069,0.100763,0.119198,0.072752,0.169184,0.058084,0.086522,0.080409,0.094591
0.076682,0.103267,0.092320,0.075602,0.050362,0.077566,0.085507,0.307641,0.071507,0.059545
0.095572,0.077227,0.092653,0.144845,0.082611,0.097414,0.113932,0.095413,0.109820,0.090513
0.096160,0.202355,0.105319,0.073730,0.058575,0.081519,0.080665,0.099075,0.145440,0.057161
0.084782,0.107449,0.090986,0.137585,0.089563,0.117815,0.104482,0.054989,0.133807,0.078542
0.032918,0.053695,0.055937,0.039508,0.331450,0.080879,0.292950,0.042057,0.032014,0.038591
0.093327,0.134642,0.107752,0.068667,0.073400,0.234812,0.054805,0.101282,0.068097,0.063215
0.034888,0.053044,0.033230,0.029499,0.328136,0.073118,0.287229,0.056147,0.032753,0.071957
0.035629,0.034208,0.044430,0.054682,0.336123,0.089780,0.294477,0.035336,0.055413,0.019924
0.079167,0.099376,0.133977,0.123500,0.078911,0.099880,0.086494,0.099620,0.096229,0.102846
0.081576,0.136707,0.105419,0.058721,0.059831,0.069809,0.102258,0.250443,0.072023,0.063212
0.101293,0.108707,0.112321,0.132307,0.089982,0.106217,0.064987,0.098976,0.124114,0.061096
0.031444,0.061028,0.044828,0.050862,0.319791,0.073169,0.278104,0.071386,0.042793,0.026594
0.076891,0.115983,0.047861,0.093343,0.075745,0.149507,0.048146,0.169740,0.102391,0.120393
0.084202,0.121450,0.086045,0.123322,0.068209,0.211998,0.116918,0.062245,0.070383,0.055229
0.047673,0.066246,0.054179,0.050259,0.276662,0.083921,0.251457,0.084317,0.039990,0.045296
0.136166,0.103613,0.118363,0.053113,0.069784,0.095196,0.050256,0.085204,0.238469,0.049836
0.089952,0.183599,0.085577,0.069928,0.069397,0.116128,0.078142,0.093316,0.146684,0.067278
0.071478,0.119340,0.117321,0.097824,0.049990,0.100826,0.087918,0.174492,0.105829,0.074981
0.038407,0.048165,0.038838,0.065434,0.308476,0.095990,0.274011,0.044543,0.054458,0.031677
0.036640,0.033464,0.042341,0.022240,0.330629,0.099802,0.322212,0.018909,0.056940,0.036824
0.090002,0.133299,0.133659,0.091020,0.066886,0.072188,0.059149,0.089338,0.167811,0.096648
0.071880,0.111231,0.109423,0.089138,0.044961,0.157418,0.118633,0.080073,0.176363,0.040880
0.137596,0.150456,0.072328,0.060001,0.074103,0.102963,0.096404,0.076494,0.143321,0.086333
0.125729,0.202857,0.122369,0.071329,0.055218,0.083914,0.118006,0.049849,0.119307,0.051422
0.034937,0.046267,0.020570,0.055060,0.334501,0.078349,0.296330,0.049901,0.059628,0.024456
0.093233,0.102770,0.090727,0.116932,0.089246,0.096545,0.118107,0.092596,0.123299,0.076544
0.024860,0.038487,0.018531,0.047178,0.401690,0.058654,0.334652,0.015498,0.041477,0.018974
0.082313,0.092583,0.094977,0.112731,0.058191,0.101256,0.058855,0.205416,0.146927,0.046750
0.095551,0.122574,0.149405,0.133811,0.083966,0.120704,0.080282,0.070023,0.077597,0.066089
0.033847,0.057209,0.022470,0.037159,0.348695,0.072579,0.303575,0.032006,0.066659,0.025800
0.089469,0.074401,0.090135,0.060459,0.063551,0.193383,0.062028,0.107079,0.164086,0.095410
0.064969,0.075263,0.045019,0.068186,0.289926,0.072484,0.255844,0.048961,0.051115,0.028233
0.078228,0.095849,0.113854,0.095559,0.078420,0.071851,0.079499,0.083244,0.180165,0.123330
0.172835,0.129907,0.156928,0.091746,0.055989,0.072179,0.068425,0.046563,0.148947,0.056482
0.089751,0.117001,0.080817,0.117066,0.077587,0.104143,0.082774,0.088255,0.108480,0.134127
0.058759,0.058653,0.017730,0.050622,0.359034,0.061963,0.302155,0.027911,0.040118,0.023055
0.110587,0.136094,0.076900,0.074619,0.071166,0.109733,0.088057,0.091201,0.130794,0.110848
0.074733,0.077325,0.134756,0.153546,0.048776,0.073012,0.086260,0.084353,0.170636,0.096605
0.095157,0.088274,0.060424,0.100653,0.094582,0.198950,0.091122,0.070950,0.128932,0.070957
0.089358,0.092398,0.071411,0.084538,0.084694,0.080423,0.115480,0.110887,0.106076,0.164735
0.130145,0.152561,0.058424,0.079409,0.069541,0.120469,0.111109,0.087845,0.079981,0.110516
0.042677,0.052000,0.024911,0.044526,0.307370,0.100276,0.286761,0.044295,0.055948,0.041236
0.083061,0.109288,0.069529,0.114675,0.084915,0.108749,0.134054,0.093571,0.137314,0.064843
0.031328,0.034123,0.024281,0.037064,0.405322,0.067470,0.328910,0.024518,0.031984,0.015000
0.044225,0.055067,0.064087,0.044520,0.285259,0.082542,0.260084,0.056111,0.036821,0.071284
0.104665,0.087516,0.118061,0.081448,0.096403,0.140822,0.072903,0.137217,0.087717,0.073249
0.038574,0.074075,0.025323,0.038934,0.337149,0.070124,0.292440,0.032039,0.054570,0.036772
0.081106,0.144702,0.142904,0.115873,0.083165,0.080966,0.077263,0.102668,0.084274,0.087079
0.051298,0.069001,0.060502,0.055525,0.255614,0.089497,0.240285,0.061279,0.065068,0.051931
0.099711,0.147107,0.095562,0.104605,0.074035,0.084516,0.143435,0.097616,0.081156,0.072256
0.082915,0.109977,0.084897,0.085264,0.066664,0.104095,0.056005,0.044206,0.227403,0.138575
0.094550,0.122795,0.119840,0.071404,0.097016,0.129868,0.067860,0.112886,0.084265,0.099516
0.103335,0.112744,0.091766,0.073718,0.089685,0.067855,0.043893,0.103433,0.228898,0.084672
0.093155,0.143531,0.120973,0.078882,0.084445,0.133915,0.086944,0.108501,0.082336,0.067318
0.104683,0.086718,0.145353,0.138180,0.095182,0.109528,0.113179,0.060801,0.083247,0.063130
0.097055,0.166338,0.100805,0.122971,0.084907,0.110943,0.097990,0.050404,0.081843,0.086744
0.089602,0.157949,0.128953,0.111790,0.091912,0.084284,0.097942,0.087696,0.083213,0.066660
0.088275,0.099144,0.054925,0.089039,0.079173,0.213302,0.092310,0.061462,0.125948,0.096422
0.091047,0.109797,0.144836,0.088171,0.084833,0.081625,0.067418,0.090821,0.142589,0.098863
0.099187,0.131180,0.049508,0.169040,0.054937,0.110013,0.104309,0.106125,0.093081,0.082620
0.098054,0.095943,0.122876,0.155648,0.062278,0.117447,0.107074,0.057105,0.082086,0.101490
0.058154,0.030124,0.039560,0.019810,0.366757,0.072992,0.312012,0.030168,0.039476,0.030946
0.123159,0.175474,0.068400,0.130222,0.064450,0.103691,0.061153,0.053844,0.128165,0.091442
0.032541,0.051116,0.020119,0.033351,0.358802,0.079316,0.314765,0.029754,0.045966,0.034270
0.088008,0.119214,0.104202,0.119963,0.088109,0.175862,0.065845,0.089673,0.075169,0.073954
0.040774,0.057172,0.040126,0.077029,0.306080,0.086320,0.272253,0.038423,0.051057,0.030767
0.038389,0.047657,0.054436,0.054911,0.323957,0.081374,0.288010,0.020314,0.062950,0.028002
0.085200,0.082900,0.050109,0.154783,0.067262,0.112975,0.131913,0.097897,0.134820,0.082140
0.065750,0.056317,0.057705,0.067137,0.273591,0.096342,0.247178,0.040624,0.063178,0.032177
0.051179,0.080281,0.032972,0.041649,0.325736,0.067140,0.282408,0.058442,0.033970,0.026224
0.088842,0.122598,0.112227,0.108307,0.067700,0.107145,0.133064,0.078105,0.128244,0.053767
0.104273,0.086678,0.155872,0.112936,0.075062,0.087579,0.072826,0.123447,0.083868,0.097458
0.122249,0.080759,0.091674,0.132898,0.069378,0.085449,0.140323,0.082949,0.133878,0.060443
0.079377,0.076587,0.076815,0.114330,0.059653,0.180547,0.106039,0.102653,0.122745,0.081255
0.153998,0.077474,0.066159,0.068270,0.084785,0.078060,0.101366,0.079920,0.236726,0.053241
0.092218,0.137005,0.060041,0.077363,0.088866,0.105494,0.109487,0.087319,0.184028,0.058180
0.096597,0.090553,0.095846,0.152813,0.060548,0.083893,0.103129,0.108774,0.094036,0.113810
0.099671,0.120071,0.150685,0.084610,0.076424,0.084289,0.111240,0.087130,0.092441,0.093439
0.090865,0.084694,0.073211,0.132076,0.097820,0.089915,0.110754,0.071824,0.188277,0.060564
0.092695,0.128632,0.116878,0.126390,0.084177,0.112191,0.067019,0.067100,0.113727,0.091192
0.080495,0.130786,0.084816,0.134801,0.082549,0.108280,0.097677,0.079988,0.111640,0.088968
0.086338,0.069711,0.089073,0.108459,0.051117,0.077951,0.113096,0.104257,0.250708,0.049289
0.083529,0.081356,0.138449,0.094609,0.078704,0.204941,0.062265,0.077374,0.080797,0.097975
0.101648,0.104463,0.099572,0.081896,0.062956,0.097737,0.087120,0.164496,0.109975,0.090137
0.096521,0.214028,0.058219,0.194247,0.061522,0.081714,0.065851,0.094314,0.073012,0.060571
0.091529,0.126064,0.098218,0.091934,0.077874,0.113895,0.071334,0.082887,0.188334,0.057931
0.084846,0.153867,0.063581,0.060630,0.076924,0.105689,0.118295,0.087924,0.119387,0.128856
0.027402,0.041136,0.027746,0.042232,0.383864,0.069946,0.321453,0.031835,0.023529,0.030857
0.076469,0.143501,0.143008,0.092815,0.066484,0.217174,0.056303,0.074645,0.071696,0.057905
0.042423,0.051719,0.025912,0.067185,0.295805,0.099000,0.267439,0.044900,0.036749,0.068869
0.083494,0.077241,0.104469,0.096944,0.065023,0.183892,0.136357,0.068155,0.084559,0.099866
0.084241,0.122189,0.086841,0.138510,0.055578,0.187973,0.101320,0.096419,0.073341,0.053588
0.101235,0.131052,0.111680,0.133556,0.058734,0.103903,0.069182,0.086404,0.124109,0.080145
0.176708,0.152455,0.125659,0.067309,0.058964,0.106671,0.069183,0.071180,0.078348,0.093523
0.095230,0.082896,0.099669,0.085218,0.076565,0.083016,0.099466,0.110871,0.200252,0.066817
0.076627,0.114970,0.083418,0.109060,0.052487,0.181601,0.105017,0.100662,0.095539,0.080619
0.089495,0.128640,0.099069,0.173176,0.083109,0.084532,0.077538,0.050561,0.139078,0.074802
0.088399,0.079864,0.062536,0.151126,0.063456,0.207352,0.073914,0.087704,0.114381,0.071268
0.089764,0.216478,0.057088,0.067491,0.093816,0.086039,0.072306,0.090395,0.124151,0.102473
0.121152,0.108604,0.056999,0.103660,0.070670,0.099602,0.131584,0.084653,0.076238,0.146838
0.038997,0.069206,0.037619,0.039541,0.332547,0.079238,0.293496,0.020773,0.049938,0.038646
0.162059,0.103112,0.139179,0.066572,0.069859,0.083893,0.061596,0.077347,0.139623,0.096759
0.067694,0.066962,0.043011,0.061365,0.309851,0.076381,0.278902,0.021406,0.034036,0.040392
0.094428,0.113051,0.108599,0.090150,0.057235,0.112042,0.062512,0.095718,0.205996,0.060269
0.040687,0.062864,0.067386,0.073691,0.240579,0.082268,0.224094,0.079875,0.059150,0.069406
0.042196,0.080295,0.036601,0.037965,0.297271,0.089636,0.270360,0.055648,0.050334,0.039694
0.099657,0.101455,0.069632,0.084530,0.092143,0.140159,0.080554,0.109340,0.158308,0.064223
0.093826,0.104321,0.106110,0.116093,0.085816,0.083557,0.113033,0.111057,0.133310,0.052876
0.103246,0.130343,0.109061,0.116052,0.085300,0.079474,0.066851,0.093432,0.138612,0.077630
0.069226,0.058346,0.072394,0.075817,0.270597,0.078275,0.244881,0.042795,0.039470,0.048198
0.104087,0.110034,0.072762,0.141748,0.092791,0.081723,0.124168,0.100513,0.112891,0.059284
0.123782,0.086509,0.152496,0.103676,0.085667,0.126378,0.067165,0.107727,0.086043,0.060558
0.090557,0.118446,0.110568,0.101941,0.079904,0.074381,0.127950,0.087752,0.122708,0.085793
0.087785,0.129832,0.070412,0.098908,0.087579,0.087943,0.119289,0.096948,0.153402,0.067902
0.040073,0.056613,0.050898,0.061962,0.319771,0.098618,0.284763,0.022780,0.033276,0.031246
0.073991,0.107950,0.078444,0.085131,0.054774,0.154312,0.093316,0.081501,0.139328,0.131253
0.098037,0.113370,0.111849,0.068444,0.087027,0.083257,0.120032,0.082815,0.168636,0.066531
0.084065,0.129286,0.081526,0.057622,0.075923,0.078404,0.111157,0.082203,0.231715,0.068098
0.083687,0.143626,0.094753,0.117442,0.087105,0.079822,0.066994,0.115169,0.132990,0.078412
0.099819,0.082262,0.070823,0.131365,0.076153,0.087337,0.070396,0.098630,0.187674,0.095541
0.094919,0.142463,0.145208,0.117844,0.054633,0.120083,0.090182,0.094668,0.076090,0.063909
0.077857,0.132586,0.057899,0.155118,0.072976,0.102586,0.107919,0.044307,0.167907,0.080845
0.080759,0.101677,0.076859,0.069002,0.077671,0.172676,0.067512,0.204461,0.073479,0.075904
0.036057,0.034317,0.069452,0.026805,0.363468,0.071429,0.311657,0.034819,0.030333,0.021664
0.078234,0.166569,0.071906,0.081782,0.064404,0.195482,0.098256,0.054906,0.111837,0.076625
0.087225,0.125665,0.084515,0.068884,0.067845,0.094283,0.067515,0.235790,0.078642,0.089635
0.075846,0.100621,0.107533,0.079799,0.071986,0.128795,0.084540,0.079522,0.156265,0.115093
0.089874,0.122203,0.119177,0.126176,0.058795,0.121864,0.067358,0.106520,0.099580,0.088453
0.094852,0.121262,0.118543,0.079674,0.053134,0.216991,0.065060,0.102738,0.086044,0.061702
0.160638,0.123786,0.115110,0.118945,0.081247,0.114452,0.062845,0.063521,0.071553,0.087903
0.104632,0.105002,0.089572,0.147733,0.058989,0.081767,0.142041,0.097373,0.073327,0.099564
0.150704,0.119533,0.105331,0.061451,0.075326,0.207790,0.069084,0.083812,0.075122,0.051848
0.132850,0.107305,0.063958,0.144083,0.063326,0.097231,0.080623,0.113357,0.089454,0.107813
0.075972,0.096903,0.112927,0.055913,0.071217,0.165338,0.062453,0.089581,0.200618,0.069078
0.090170,0.115500,0.093329,0.068943,0.081953,0.094543,0.111523,0.090259,0.165742,0.088038
0.094400,0.122736,0.135788,0.114449,0.071133,0.114038,0.063500,0.101698,0.130210,0.052047
0.098011,0.127660,0.072435,0.086064,0.088961,0.104055,0.071950,0.114288,0.130500,0.106077
0.026002,0.053520,0.038630,0.018620,0.370610,0.066335,0.317792,0.024850,0.050990,0.032651
0.088352,0.149002,0.115395,0.082723,0.092028,0.086032,0.062608,0.101121,0.138659,0.084079
0.093289,0.074876,0.104843,0.168468,0.062870,0.112080,0.112454,0.112476,0.070779,0.087865
0.031996,0.059286,0.058873,0.030074,0.346572,0.067149,0.298346,0.030066,0.041225,0.036412
0.030791,0.031513,0.031288,0.051808,0.364413,0.070079,0.311507,0.029467,0.055136,0.023997
0.107184,0.098793,0.062450,0.091938,0.070784,0.116051,0.158043,0.126473,0.098858,0.069426
0.084035,0.127758,0.109848,0.131728,0.063895,0.103499,0.083710,0.050515,0.108032,0.136980
0.107079,0.109912,0.050696,0.089835,0.075139,0.075675,0.102783,0.230635,0.068866,0.089378
0.045950,0.062176,0.058033,0.048580,0.255982,0.101272,0.244199,0.056451,0.058740,0.068617
0.090272,0.146064,0.143437,0.094090,0.053212,0.079116,0.112890,0.085481,0.139219,0.056219
0.038698,0.039225,0.040508,0.056579,0.318772,0.088696,0.288350,0.042254,0.060684,0.026234
0.043085,0.040187,0.047816,0.060688,0.318538,0.087056,0.281340,0.026776,0.053150,0.041364
0.100180,0.084875,0.124839,0.150273,0.057804,0.091230,0.065037,0.082293,0.189331,0.054138
0.040054,0.056283,0.023942,0.043265,0.330091,0.085661,0.295567,0.035962,0.052371,0.036804
0.089095,0.202912,0.082319,0.093670,0.080393,0.080933,0.141903,0.101719,0.070520,0.056535
0.084535,0.092186,0.072738,0.091702,0.069209,0.160550,0.054076,0.230092,0.061230,0.083682
0.102157,0.110649,0.075523,0.136208,0.072167,0.066132,0.049160,0.055278,0.200610,0.132114
0.023302,0.045377,0.037639,0.039196,0.405277,0.059261,0.313103,0.023240,0.034501,0.019103
0.050363,0.084173,0.077885,0.041464,0.242912,0.094188,0.231679,0.062891,0.064391,0.050055
0.024009,0.033719,0.021581,0.042419,0.422527,0.055172,0.314590,0.026119,0.035479,0.024385
0.086820,0.097197,0.107993,0.087282,0.064231,0.106842,0.085877,0.086546,0.214854,0.062359
0.077117,0.125523,0.133209,0.134990,0.082525,0.096734,0.106765,0.099863,0.085283,0.057991
0.087664,0.105337,0.066572,0.063773,0.067352,0.113965,0.067038,0.091333,0.247139,0.089827
0.148501,0.136901,0.076881,0.077463,0.061489,0.200390,0.081519,0.059531,0.067879,0.089445
0.121410,0.167206,0.064755,0.093048,0.088763,0.092522,0.089666,0.076785,0.146321,0.059525
0.083570,0.113389,0.077354,0.138075,0.081658,0.174200,0.089539,0.059839,0.121984,0.060392
0.042459,0.060962,0.060595,0.047056,0.280671,0.089035,0.259926,0.055042,0.034913,0.069341
0.027865,0.058069,0.041951,0.030141,0.360015,0.058807,0.300051,0.030676,0.057076,0.035350
0.096042,0.076852,0.099181,0.090379,0.070805,0.107336,0.059138,0.223218,0.117532,0.059517
0.040713,0.063565,0.023653,0.027715,0.345255,0.090606,0.336874,0.019482,0.030956,0.021181
0.164708,0.126508,0.053978,0.063088,0.081717,0.109679,0.112675,0.089190,0.135659,0.062797
0.027665,0.043006,0.026817,0.033507,0.393379,0.067009,0.331807,0.028153,0.026933,0.021724
0.125567,0.082018,0.091254,0.124255,0.075381,0.123166,0.106654,0.120004,0.089179,0.062521
0.100084,0.120808,0.122404,0.081262,0.061272,0.086409,0.056031,0.097954,0.207841,0.065936
0.034869,0.072858,0.038753,0.042769,0.310907,0.079673,0.277656,0.054246,0.058915,0.029353
0.148453,0.127195,0.108941,0.117679,0.079223,0.073534,0.106352,0.088914,0.079252,0.070458
0.083202,0.097202,0.097236,0.092842,0.067684,0.073806,0.069667,0.269029,0.068592,0.080740
0.093275,0.112128,0.071969,0.063251,0.055576,0.091414,0.092413,0.193507,0.107357,0.119110
0.023696,0.020777,0.031932,0.026890,0.406120,0.067213,0.322993,0.023383,0.031823,0.045172
0.085536,0.133840,0.093238,0.106284,0.055836,0.093625,0.067696,0.122640,0.149915,0.091391
0.137075,0.117981,0.100970,0.082625,0.078037,0.086364,0.119683,0.088045,0.138925,0.050295
0.066052,0.083323,0.070847,0.088454,0.069556,0.140683,0.054253,0.171801,0.173139,0.081893
0.098759,0.130757,0.142830,0.187165,0.071181,0.112214,0.053226,0.046157,0.071471,0.086240
