0.118754,0.154277,0.128401,0.110351,0.057729,0.082382,0.066321,0.061138,0.120378,0.100269
0.090544,0.079668,0.054817,0.101464,0.081621,0.123758,0.068837,0.238285,0.083747,0.077258
0.094597,0.090180,0.121774,0.076496,0.061456,0.128350,0.077796,0.221444,0.074632,0.053276
0.025657,0.021022,0.024261,0.022096,0.423640,0.063678,0.348175,0.013133,0.033287,0.025051
0.102157,0.076785,0.120894,0.065838,0.070712,0.083355,0.118138,0.229951,0.077807,0.054363
0.051457,0.072328,0.042412,0.035397,0.285527,0.076564,0.263896,0.081419,0.040588,0.050412
0.117767,0.133028,0.093261,0.097049,0.089491,0.098565,0.069933,0.066150,0.084652,0.150104
0.081959,0.119232,0.114511,0.086346,0.045896,0.083516,0.112519,0.156429,0.129365,0.070228
0.102795,0.146167,0.098809,0.117206,0.105478,0.105381,0.095296,0.066665,0.091034,0.071169
0.030535,0.045810,0.027442,0.020646,0.388353,0.059147,0.327385,0.041566,0.039256,0.019859
0.097275,0.145933,0.075416,0.066770,0.077855,0.097106,0.066125,0.080096,0.211687,0.081738
0.062454,0.066065,0.048824,0.048507,0.312700,0.071866,0.277893,0.032572,0.056867,0.022253
0.021899,0.024766,0.029734,0.027748,0.432417,0.052995,0.336434,0.022066,0.029515,0.022426
0.100764,0.107253,0.061401,0.114958,0.089603,0.160874,0.108591,0.056915,0.089623,0.110016
0.035177,0.053813,0.054434,0.025442,0.366308,0.055163,0.310419,0.020745,0.056662,0.021836
0.113631,0.131436,0.100820,0.077272,0.075479,0.119445,0.084903,0.090491,0.134017,0.072506
0.098313,0.109877,0.076851,0.068222,0.071388,0.108874,0.121712,0.069047,0.191553,0.084162
0.087633,0.122387,0.097715,0.069680,0.066178,0.127961,0.140626,0.051087,0.080284,0.156449
0.091840,0.145568,0.063879,0.140004,0.095947,0.088030,0.067022,0.080146,0.150795,0.076767
0.038991,0.034618,0.069115,0.048506,0.324281,0.078205,0.288877,0.037884,0.035988,0.043536
0.034122,0.063531,0.054260,0.029055,0.314003,0.068387,0.281445,0.031610,0.055891,0.067696
0.034868,0.030716,0.035033,0.025313,0.403896,0.053803,0.328163,0.028408,0.038593,0.021206
0.146411,0.072408,0.093008,0.121193,0.067906,0.204393,0.117993,0.047221,0.076338,0.053128
0.037314,0.044519,0.039158,0.028332,0.328255,0.086628,0.294959,0.057145,0.050641,0.033048
0.031140,0.048083,0.038762,0.041073,0.361232,0.064054,0.309542,0.042289,0.027891,0.035934
0.074829,0.104268,0.124877,0.078598,0.079163,0.096033,0.118821,0.041492,0.218897,0.063022
0.139622,0.141385,0.047501,0.079211,0.079607,0.104336,0.054959,0.202169,0.069717,0.081495
0.027181,0.023799,0.019420,0.028507,0.420164,0.053952,0.348152,0.017414,0.025143,0.036266
0.086241,0.129574,0.144362,0.086709,0.071048,0.077905,0.082434,0.105383,0.134854,0.081488
0.097826,0.141981,0.145672,0.116665,0.104575,0.084623,0.093878,0.055848,0.088533,0.070400
0.096639,0.172220,0.138317,0.058366,0.051367,0.077417,0.084718,0.069994,0.163615,0.087346
0.102131,0.133154,0.087598,0.091927,0.093528,0.120446,0.086696,0.094311,0.135455,0.054752
0.033824,0.050742,0.034228,0.048790,0.335013,0.080021,0.303243,0.042605,0.042280,0.029255
0.053225,0.030809,0.025652,0.039894,0.390769,0.050508,0.316892,0.014850,0.050028,0.027373
0.086282,0.094281,0.088123,0.126023,0.085353,0.136226,0.065310,0.094220,0.080115,0.144067
0.088661,0.122054,0.113124,0.092422,0.084611,0.073971,0.087577,0.058902,0.215676,0.063002
0.088507,0.121905,0.133015,0.123253,0.058584,0.120798,0.089703,0.106443,0.072414,0.085378
0.134101,0.086188,0.093611,0.072686,0.056910,0.068978,0.116043,0.045844,0.240856,0.084782
0.105769,0.081594,0.125512,0.105282,0.096899,0.077306,0.129312,0.096235,0.117292,0.064799
0.119770,0.134313,0.085403,0.053771,0.066190,0.091447,0.063189,0.148318,0.185804,0.051795
0.111648,0.158960,0.118190,0.065854,0.086235,0.080273,0.135939,0.077343,0.111074,0.054483
0.102176,0.085383,0.070620,0.086328,0.079650,0.093592,0.085747,0.104026,0.185855,0.106623
0.120337,0.139187,0.109169,0.137223,0.075889,0.091430,0.081619,0.063073,0.080721,0.101353
0.093036,0.149818,0.052613,0.143351,0.085613,0.126354,0.133345,0.091059,0.072985,0.051826
0.035284,0.051721,0.042145,0.049295,0.335787,0.073948,0.294170,0.044149,0.032059,0.041442
0.153108,0.080330,0.123821,0.104595,0.080851,0.100315,0.075459,0.053450,0.119914,0.108157
0.033777,0.079334,0.019421,0.030887,0.372726,0.057493,0.314808,0.019923,0.051650,0.019982
0.097161,0.131746,0.063296,0.074547,0.078731,0.109858,0.065224,0.112917,0.121507,0.145013
0.085560,0.089001,0.086254,0.064592,0.075975,0.239137,0.090547,0.115985,0.079929,0.073019
0.116704,0.095362,0.087510,0.116334,0.087710,0.079152,0.119668,0.114010,0.131456,0.052095
0.039087,0.062371,0.053593,0.037667,0.331997,0.064302,0.291410,0.031814,0.055576,0.032183
0.089696,0.127834,0.104285,0.145168,0.086369,0.092005,0.079549,0.115000,0.083731,0.076363
0.120144,0.133744,0.127855,0.074731,0.087564,0.101467,0.123478,0.054793,0.081294,0.094929
0.047230,0.064762,0.055831,0.053757,0.284376,0.083100,0.262701,0.039947,0.061413,0.046883
0.093946,0.119051,0.139011,0.084843,0.056788,0.121844,0.129180,0.071417,0.126800,0.057120
0.037966,0.062915,0.031052,0.028789,0.372948,0.061141,0.317434,0.019113,0.044523,0.024119
0.027941,0.041384,0.027429,0.026613,0.398182,0.057834,0.323569,0.027856,0.040261,0.028931
0.097533,0.153892,0.059794,0.087603,0.092097,0.120686,0.064580,0.128208,0.105776,0.089832
0.096081,0.100158,0.144288,0.081730,0.092371,0.123496,0.125269,0.097001,0.082366,0.057238
0.170896,0.096384,0.128203,0.065564,0.061215,0.078855,0.073511,0.093886,0.133118,0.098369
0.058452,0.046361,0.041576,0.057106,0.299016,0.080826,0.268172,0.056936,0.048639,0.042916
0.095610,0.127765,0.124742,0.075957,0.078360,0.072653,0.114599,0.106293,0.132658,0.071363
0.059327,0.071744,0.047981,0.051085,0.298798,0.074886,0.263514,0.041988,0.050451,0.040225
0.037484,0.064926,0.059905,0.035159,0.365393,0.053174,0.298741,0.015716,0.040638,0.028864
0.076888,0.099321,0.075743,0.082014,0.069476,0.111867,0.124831,0.081071,0.192452,0.086336
0.084865,0.128504,0.102408,0.138798,0.086730,0.070916,0.085605,0.085690,0.072056,0.144428
0.091838,0.125787,0.118880,0.125119,0.066504,0.077139,0.061232,0.111023,0.077463,0.145015
0.107580,0.169981,0.080717,0.092657,0.084436,0.123145,0.053963,0.042505,0.163430,0.081587
0.098303,0.135576,0.157864,0.082292,0.065596,0.088799,0.131469,0.097534,0.086534,0.056032
0.085077,0.127002,0.047905,0.130033,0.049024,0.079949,0.081342,0.247776,0.070370,0.081521
0.056391,0.067378,0.044958,0.033225,0.331479,0.058066,0.282587,0.031655,0.029438,0.064824
0.026629,0.021779,0.017543,0.031080,0.414491,0.061064,0.343695,0.032168,0.022480,0.029070
0.089903,0.194604,0.062451,0.172979,0.059012,0.070746,0.076022,0.088266,0.111730,0.074287
0.107401,0.089909,0.075462,0.073382,0.072242,0.087540,0.105462,0.058997,0.156806,0.172798
0.087446,0.152503,0.112541,0.078417,0.075160,0.076304,0.065493,0.191157,0.085324,0.075654
0.093591,0.141232,0.093749,0.138038,0.057698,0.128538,0.068309,0.096171,0.080725,0.101950
0.114479,0.123694,0.121626,0.128212,0.060745,0.087718,0.078214,0.093344,0.095381,0.096586
0.032395,0.052303,0.035709,0.028020,0.343778,0.078390,0.309634,0.052105,0.031650,0.036016
0.028142,0.070174,0.027851,0.028902,0.386450,0.047061,0.316863,0.027767,0.026350,0.040440
0.068692,0.141876,0.048506,0.099902,0.064449,0.088313,0.111344,0.168272,0.134438,0.074207
0.029899,0.032584,0.061754,0.035413,0.373310,0.051690,0.302565,0.031568,0.042295,0.038922
0.073271,0.094718,0.074790,0.106774,0.052873,0.155891,0.095532,0.091169,0.181620,0.073363
0.040587,0.040940,0.050137,0.044698,0.330312,0.073174,0.288024,0.071951,0.031838,0.028339
0.062930,0.060133,0.070491,0.035965,0.325355,0.049542,0.278786,0.034094,0.030876,0.051827
0.092820,0.135574,0.063177,0.147158,0.076719,0.076136,0.088429,0.077908,0.188509,0.053570
0.028700,0.041916,0.015931,0.040442,0.375198,0.063809,0.319848,0.028242,0.035644,0.050269
0.093076,0.137769,0.111523,0.076144,0.068977,0.118279,0.070985,0.101974,0.141037,0.080237
0.148441,0.142527,0.136827,0.120095,0.048437,0.075564,0.124470,0.081716,0.073357,0.048566
0.049596,0.073069,0.078066,0.044532,0.282927,0.069681,0.259751,0.027112,0.062041,0.053227
0.092909,0.097988,0.088301,0.103979,0.063713,0.078140,0.121523,0.114028,0.129186,0.110235
0.076318,0.108937,0.090007,0.144247,0.069621,0.095612,0.114294,0.172969,0.067173,0.060823
0.140364,0.115545,0.067041,0.085008,0.067674,0.118283,0.080722,0.075445,0.131356,0.118560
0.033485,0.068704,0.018566,0.028696,0.357129,0.073184,0.306313,0.031493,0.044991,0.037440
0.093323,0.077550,0.125109,0.066344,0.063358,0.087746,0.139627,0.079575,0.169167,0.098200
0.095742,0.084066,0.068203,0.113373,0.099911,0.080048,0.094577,0.137026,0.170439,0.056615
0.086195,0.116970,0.119779,0.117437,0.056342,0.099934,0.118544,0.109652,0.125447,0.049700
0.091967,0.124432,0.117976,0.096343,0.062061,0.133275,0.090476,0.107746,0.079915,0.095811
0.045958,0.062190,0.038273,0.029597,0.298775,0.072898,0.267219,0.070228,0.048576,0.066286
0.166061,0.134208,0.116661,0.064269,0.060748,0.122761,0.075860,0.126027,0.080814,0.052590
0.092115,0.128754,0.130875,0.119156,0.055908,0.131094,0.065198,0.103184,0.080130,0.093587
0.078484,0.112959,0.082018,0.111100,0.065026,0.183688,0.065620,0.094333,0.079606,0.127165
0.109111,0.150679,0.077975,0.120218,0.084661,0.089398,0.090233,0.108819,0.093683,0.075224
0.108388,0.128248,0.098747,0.064639,0.051529,0.071977,0.141366,0.056540,0.175383,0.103184
0.085999,0.115665,0.102701,0.114347,0.067974,0.072945,0.113698,0.108250,0.077783,0.140637
0.084980,0.135970,0.050067,0.112566,0.054981,0.106108,0.058537,0.190831,0.120605,0.085355
0.087554,0.121668,0.115151,0.064086,0.076476,0.073829,0.063605,0.102610,0.198401,0.096620
0.150654,0.136331,0.082940,0.086768,0.072080,0.114646,0.085582,0.102490,0.087093,0.081417
0.040309,0.032166,0.048303,0.026285,0.326661,0.080539,0.290675,0.076536,0.048039,0.030488
0.034112,0.057363,0.031825,0.046805,0.349852,0.068368,0.304795,0.031904,0.042465,0.032512
0.117931,0.099800,0.100232,0.069510,0.084362,0.078015,0.129689,0.119082,0.100221,0.101156
0.105194,0.081006,0.111411,0.102289,0.063782,0.193889,0.108262,0.100327,0.066671,0.067169
0.098511,0.140955,0.055369,0.069419,0.090049,0.127137,0.090622,0.083269,0.176166,0.068503
0.096091,0.097041,0.092719,0.145556,0.062150,0.077658,0.066103,0.079532,0.206667,0.076484
0.028802,0.045446,0.018175,0.031404,0.378841,0.069207,0.320600,0.038585,0.044418,0.024523
0.084180,0.086288,0.122666,0.061906,0.080110,0.078624,0.126733,0.074719,0.224434,0.060340
0.104076,0.181707,0.057577,0.079021,0.068510,0.137185,0.079519,0.088278,0.119827,0.084300
0.089831,0.109719,0.123408,0.097085,0.086562,0.086135,0.095624,0.096048,0.119116,0.096472
0.099024,0.146719,0.116119,0.112103,0.068484,0.087632,0.077116,0.102824,0.085983,0.103996
0.086588,0.080076,0.071304,0.094571,0.085278,0.096079,0.114351,0.097013,0.131743,0.142999
0.036217,0.038877,0.019407,0.039694,0.381948,0.053165,0.308650,0.054888,0.039454,0.027701
0.170413,0.163945,0.064231,0.077627,0.081441,0.084047,0.145248,0.047648,0.101724,0.063675
0.070815,0.095251,0.098015,0.080347,0.072023,0.091845,0.111865,0.133704,0.170385,0.075749
0.041451,0.065868,0.042693,0.031702,0.320868,0.082352,0.293114,0.035012,0.063087,0.023853
0.093500,0.083326,0.093369,0.137942,0.094068,0.103168,0.083073,0.083945,0.166779,0.060831
0.025200,0.036879,0.016710,0.017458,0.423463,0.057424,0.351944,0.025102,0.021169,0.024651
0.128384,0.149077,0.100304,0.074440,0.073343,0.089545,0.149339,0.068868,0.092450,0.074248
0.039500,0.047511,0.053097,0.061148,0.301354,0.085385,0.279937,0.059417,0.035713,0.036939
0.111376,0.124711,0.119181,0.125865,0.068897,0.072962,0.074856,0.046374,0.164361,0.091418
0.092519,0.103412,0.092377,0.070954,0.087498,0.081730,0.141754,0.099157,0.079159,0.151440
0.086718,0.131796,0.147617,0.062119,0.087433,0.069831,0.081432,0.108150,0.134594,0.090310
0.040437,0.048286,0.032715,0.032943,0.353081,0.067247,0.302130,0.046939,0.043370,0.032852
0.100736,0.123841,0.087718,0.127891,0.084578,0.078175,0.091071,0.050741,0.159808,0.095440
0.110174,0.091067,0.135012,0.119391,0.080129,0.114022,0.068320,0.108751,0.121887,0.051247
0.086145,0.123566,0.103011,0.153978,0.085499,0.074804,0.069262,0.057413,0.100372,0.145950
0.115175,0.088207,0.118864,0.088133,0.069724,0.087867,0.148997,0.103547,0.114144,0.065342
0.091000,0.139590,0.103974,0.069454,0.081897,0.119952,0.130392,0.093406,0.104459,0.065876
0.079466,0.107337,0.103405,0.066709,0.075498,0.095861,0.076750,0.135161,0.179451,0.080362
0.093736,0.083634,0.138361,0.113507,0.083497,0.127813,0.142490,0.053865,0.103318,0.059780
0.020061,0.033285,0.028495,0.015300,0.434888,0.053964,0.342868,0.029168,0.028464,0.013507
0.084374,0.140090,0.119459,0.121480,0.069682,0.070851,0.126231,0.088383,0.125986,0.053466
0.085855,0.132248,0.050365,0.128084,0.091472,0.110265,0.058930,0.109920,0.136692,0.096169
0.090214,0.134319,0.105678,0.094086,0.087454,0.077436,0.065600,0.096951,0.139390,0.108871
0.023499,0.027609,0.032722,0.035167,0.411282,0.048023,0.331513,0.027065,0.037970,0.025152
0.051644,0.055443,0.071969,0.067613,0.243655,0.090448,0.225269,0.081204,0.062116,0.050640
0.173572,0.085736,0.059676,0.110499,0.086438,0.108783,0.070211,0.089312,0.106545,0.109227
0.100117,0.143693,0.126650,0.071759,0.083801,0.102434,0.070346,0.084870,0.124150,0.092180
0.113425,0.087978,0.137667,0.127064,0.060529,0.115737,0.085350,0.108344,0.078686,0.085220
0.107761,0.088426,0.101563,0.077321,0.087646,0.086319,0.098107,0.069223,0.158617,0.125017
0.080569,0.084741,0.088909,0.102615,0.059287,0.190474,0.089308,0.087227,0.117050,0.099821
0.041130,0.060000,0.032202,0.055391,0.348403,0.061552,0.299717,0.033420,0.028168,0.040018
0.027608,0.066222,0.038170,0.019890,0.383805,0.059130,0.320736,0.027328,0.025263,0.031848
0.085450,0.082679,0.152185,0.231337,0.058582,0.064062,0.085507,0.069819,0.123622,0.046756
0.138716,0.095742,0.067444,0.116003,0.078894,0.163243,0.112872,0.061273,0.095299,0.070513
0.023197,0.037581,0.013269,0.030612,0.423368,0.053514,0.346353,0.023459,0.021450,0.027198
0.117571,0.096155,0.065875,0.074396,0.069319,0.199959,0.052795,0.150277,0.133919,0.039734
0.103545,0.113872,0.110010,0.112640,0.074109,0.098849,0.105520,0.072245,0.083979,0.125232
0.053739,0.080373,0.072609,0.064681,0.248100,0.088077,0.230856,0.060232,0.063409,0.037924
0.075717,0.154643,0.044366,0.076377,0.077364,0.197898,0.058452,0.075355,0.113913,0.125915
0.105611,0.125857,0.055982,0.148268,0.085224,0.085878,0.119936,0.083717,0.079471,0.110054
0.082964,0.136053,0.117654,0.064537,0.083108,0.187966,0.086698,0.058850,0.090881,0.091289
0.038604,0.051831,0.020890,0.024864,0.329909,0.078151,0.294782,0.078636,0.058110,0.024222
0.061725,0.057124,0.050804,0.060165,0.252929,0.088738,0.235703,0.078682,0.061673,0.052457
0.116439,0.185611,0.086809,0.076386,0.059293,0.081401,0.064826,0.092543,0.082729,0.153964
0.099910,0.179965,0.100306,0.077247,0.060785,0.128962,0.088368,0.090245,0.090665,0.083547
0.079223,0.120560,0.048938,0.118074,0.084198,0.207825,0.070905,0.071458,0.112841,0.085979
0.090586,0.110938,0.119515,0.074272,0.088424,0.106007,0.137135,0.089275,0.091135,0.092712
0.048198,0.062974,0.044980,0.079499,0.270382,0.095824,0.256358,0.038134,0.057879,0.045772
0.034570,0.037685,0.046235,0.044305,0.347891,0.073169,0.302806,0.034071,0.044633,0.034636
0.098277,0.136598,0.154667,0.072536,0.067137,0.080330,0.127384,0.052983,0.150379,0.059710
0.088156,0.143212,0.107997,0.070374,0.073849,0.087712,0.071204,0.163749,0.100445,0.093302
0.104183,0.107580,0.123128,0.106660,0.073532,0.110092,0.089353,0.069993,0.091475,0.124003
0.152968,0.094634,0.050893,0.124108,0.059722,0.106731,0.083121,0.107906,0.079133,0.140783
0.138071,0.067915,0.085259,0.115720,0.072844,0.071846,0.107998,0.190087,0.067559,0.082701
0.033119,0.067463,0.042297,0.034891,0.359960,0.059783,0.312467,0.020735,0.030467,0.038818
0.051705,0.061148,0.041997,0.059045,0.284221,0.075977,0.263421,0.041394,0.054910,0.066183
0.035107,0.059527,0.035237,0.028471,0.350721,0.063933,0.308538,0.034817,0.059953,0.023696
0.096711,0.106515,0.074505,0.107545,0.059310,0.094734,0.137848,0.103713,0.138054,0.081064
0.095748,0.136654,0.138540,0.083217,0.082801,0.153356,0.066385,0.061503,0.081817,0.099979
0.100143,0.096106,0.091744,0.080229,0.057092,0.103177,0.127119,0.096705,0.136966,0.110719
0.047620,0.068469,0.073170,0.045499,0.273773,0.069628,0.251835,0.037258,0.060205,0.072542
0.108189,0.081450,0.110343,0.117525,0.056874,0.093364,0.081723,0.100626,0.147631,0.102275
0.079091,0.105180,0.080010,0.087224,0.074832,0.167093,0.083037,0.083944,0.114835,0.124755
0.117415,0.123493,0.115113,0.089144,0.082734,0.124454,0.110106,0.065418,0.098939,0.073183
0.092378,0.137767,0.089089,0.107337,0.094269,0.092980,0.128305,0.091065,0.112727,0.054083
0.094677,0.131206,0.149833,0.075981,0.076293,0.144082,0.076363,0.058656,0.103542,0.089367
0.109467,0.110102,0.065618,0.092115,0.075317,0.089482,0.107919,0.107222,0.130475,0.112282
0.079761,0.116040,0.057141,0.124930,0.055317,0.206803,0.104588,0.105333,0.070278,0.079809
0.104635,0.140592,0.106372,0.112631,0.079016,0.084121,0.078810,0.114499,0.083271,0.096053
0.102720,0.134977,0.127638,0.100091,0.074249,0.078356,0.082482,0.114043,0.077864,0.107581
0.041471,0.058908,0.025272,0.055596,0.313689,0.085230,0.284408,0.055020,0.049676,0.030731
0.155318,0.153433,0.088779,0.068304,0.093925,0.077124,0.066596,0.094882,0.127240,0.074399
0.047565,0.059857,0.046609,0.029951,0.334282,0.063168,0.295349,0.023250,0.056928,0.043042
0.028108,0.026748,0.042019,0.045554,0.379628,0.068351,0.328476,0.026513,0.027680,0.026923
0.025701,0.027847,0.031321,0.017909,0.421641,0.049591,0.340975,0.015765,0.036808,0.032442
0.035376,0.046789,0.015971,0.027645,0.402665,0.050588,0.331790,0.017304,0.041152,0.030720
0.097755,0.101212,0.095180,0.140699,0.059043,0.122791,0.069648,0.101967,0.151614,0.060092
0.128686,0.082239,0.091140,0.104151,0.078723,0.100709,0.077795,0.163589,0.110100,0.062868
0.077165,0.156668,0.090445,0.109787,0.078170,0.064560,0.054346,0.177692,0.110979,0.080189
0.046780,0.058713,0.024611,0.035257,0.348369,0.064868,0.303025,0.031065,0.062651,0.024662
0.081546,0.118415,0.061472,0.092744,0.087456,0.081273,0.135323,0.088401,0.119276,0.134094
0.115940,0.139330,0.070393,0.111160,0.079876,0.091693,0.085154,0.100282,0.083934,0.122238
0.112212,0.103166,0.111897,0.109881,0.077730,0.084669,0.092984,0.053072,0.154318,0.100072
0.029759,0.048630,0.039705,0.041297,0.371667,0.071333,0.320631,0.015238,0.045179,0.016560
0.090417,0.087875,0.125082,0.124500,0.062419,0.081837,0.117186,0.089292,0.130425,0.090967
0.098837,0.141542,0.108584,0.107240,0.055864,0.123305,0.132473,0.050102,0.080640,0.101412
0.154374,0.118646,0.139972,0.061771,0.051060,0.072359,0.058246,0.093307,0.165884,0.084381
0.100407,0.094823,0.129021,0.128732,0.071117,0.116619,0.077825,0.110572,0.118113,0.052771
0.138658,0.128833,0.051577,0.052055,0.049558,0.103802,0.064203,0.206081,0.160058,0.045175
0.031490,0.038888,0.048636,0.034043,0.346795,0.055146,0.294897,0.020885,0.059629,0.069592
0.087693,0.128692,0.116542,0.066138,0.070919,0.073603,0.121591,0.209201,0.074630,0.050991
0.038017,0.025623,0.062982,0.023232,0.367158,0.054552,0.306669,0.018637,0.043558,0.059572
0.086052,0.155395,0.058629,0.155063,0.073820,0.098012,0.073359,0.116072,0.132741,0.050859
0.048270,0.050785,0.061695,0.054352,0.287525,0.082673,0.261767,0.044616,0.061548,0.046768
0.027018,0.077292,0.028044,0.022849,0.393979,0.058582,0.330904,0.015903,0.026981,0.018447
0.124375,0.185791,0.057891,0.082987,0.088578,0.086999,0.094619,0.137665,0.079863,0.061231
0.027149,0.025416,0.041427,0.022971,0.375834,0.063890,0.319214,0.042260,0.026110,0.055730
0.087751,0.115632,0.100852,0.061698,0.078183,0.076611,0.084309,0.085976,0.224989,0.083999
0.091501,0.166840,0.124520,0.088704,0.084964,0.114074,0.075481,0.091968,0.099632,0.062317
0.088975,0.149898,0.102972,0.152683,0.070171,0.095196,0.063780,0.057006,0.128042,0.091278
0.088171,0.130631,0.091628,0.066858,0.054711,0.078620,0.059984,0.107069,0.241878,0.080449
0.079743,0.205350,0.053490,0.161554,0.065901,0.063853,0.065107,0.114872,0.137054,0.053077
0.034158,0.042849,0.027977,0.019645,0.404659,0.058649,0.338878,0.014853,0.024031,0.034302
0.086893,0.165703,0.124312,0.068250,0.084318,0.088089,0.065397,0.091424,0.129468,0.096146
0.119870,0.133769,0.093945,0.072309,0.088062,0.101696,0.071456,0.099886,0.107657,0.111351
0.089867,0.121852,0.118213,0.099007,0.063089,0.094627,0.072522,0.090775,0.154886,0.095160
0.033977,0.053678,0.022089,0.032322,0.369297,0.060054,0.310507,0.066491,0.029404,0.022181
0.094648,0.132656,0.132579,0.140504,0.065570,0.087920,0.096346,0.052059,0.140553,0.057167
0.108165,0.104775,0.073184,0.114872,0.062074,0.112015,0.074337,0.055027,0.193969,0.101583
0.113939,0.095172,0.120570,0.121569,0.072901,0.098958,0.072609,0.114256,0.126112,0.063915
0.078012,0.080210,0.089130,0.106151,0.053372,0.111248,0.108174,0.103076,0.223629,0.046999
0.080300,0.123416,0.118431,0.108874,0.070863,0.105875,0.107711,0.069500,0.147542,0.067488
0.130506,0.145704,0.120206,0.063266,0.049543,0.084572,0.102210,0.040585,0.138777,0.124631
0.128642,0.140817,0.060829,0.120610,0.071224,0.086082,0.087935,0.105566,0.091202,0.107094
0.147747,0.085938,0.092182,0.094120,0.066943,0.136531,0.080684,0.088434,0.157017,0.050405
0.093555,0.154914,0.095667,0.075063,0.093092,0.120696,0.078740,0.099889,0.083331,0.105053
0.114099,0.120234,0.108864,0.096549,0.114973,0.094473,0.079385,0.059440,0.093619,0.118365
0.026538,0.052013,0.016226,0.025108,0.386265,0.066118,0.321718,0.034835,0.042092,0.029088
0.162527,0.134530,0.091738,0.085068,0.087825,0.098850,0.071465,0.063306,0.137524,0.067167
0.080511,0.080363,0.109750,0.093639,0.068286,0.081010,0.123137,0.067681,0.248016,0.047606
0.031950,0.026329,0.045954,0.039273,0.399263,0.058569,0.334248,0.016381,0.027296,0.020737
0.119176,0.185589,0.110249,0.067131,0.063869,0.102487,0.126951,0.050191,0.077495,0.096862
0.078661,0.178031,0.092867,0.054405,0.062145,0.243966,0.056685,0.065824,0.123052,0.044365
0.107729,0.128696,0.136427,0.140500,0.075017,0.072289,0.087300,0.085649,0.078527,0.087866
0.099170,0.101175,0.109985,0.110225,0.064737,0.082610,0.075129,0.118446,0.145297,0.093225
0.086890,0.173186,0.062098,0.096598,0.068439,0.134791,0.061085,0.091004,0.164779,0.061132
0.089761,0.127026,0.116212,0.112380,0.082387,0.076915,0.086783,0.176102,0.079805,0.052629
0.037181,0.051229,0.022432,0.030563,0.346771,0.083148,0.314584,0.049409,0.030211,0.034473
0.081345,0.124606,0.095801,0.094705,0.050815,0.104909,0.080675,0.045602,0.269485,0.052059
0.128956,0.144756,0.069278,0.086949,0.085387,0.084513,0.155277,0.051871,0.132418,0.060595
0.068455,0.147088,0.043719,0.047913,0.068702,0.062117,0.058552,0.174131,0.206844,0.122480
0.083363,0.118061,0.081229,0.094459,0.051888,0.075467,0.121765,0.104413,0.123962,0.145394
0.089715,0.128417,0.128415,0.069523,0.094865,0.089833,0.126272,0.081265,0.133366,0.058328
0.023813,0.021508,0.035137,0.032504,0.404861,0.056174,0.330974,0.057439,0.022151,0.015439
0.095373,0.133410,0.107620,0.135137,0.074535,0.078827,0.122268,0.061879,0.124929,0.066022
0.134536,0.110620,0.093191,0.081050,0.054771,0.201539,0.068932,0.069466,0.120380,0.065513
0.098115,0.112709,0.104403,0.109245,0.079286,0.107904,0.061421,0.080455,0.199979,0.046483
0.090468,0.130299,0.090671,0.100279,0.057066,0.099898,0.144832,0.099239,0.081109,0.106139
0.036476,0.042685,0.037654,0.038493,0.341496,0.071610,0.304305,0.031357,0.058909,0.037016
0.083269,0.087500,0.130571,0.115998,0.055248,0.070044,0.059864,0.193424,0.069823,0.134260
0.099640,0.107413,0.099981,0.090917,0.094091,0.085570,0.095837,0.068460,0.155985,0.102106
0.085714,0.070066,0.059523,0.083426,0.050713,0.106685,0.115410,0.106428,0.234543,0.087492
0.094125,0.146824,0.055225,0.103652,0.082855,0.090610,0.093214,0.121398,0.154142,0.057956
0.085073,0.181425,0.098642,0.060917,0.056606,0.106046,0.080492,0.086690,0.098888,0.145220
0.085850,0.122707,0.098741,0.117361,0.072813,0.192495,0.058436,0.086542,0.075703,0.089354
0.088135,0.098240,0.107013,0.077513,0.053984,0.089071,0.086192,0.258530,0.078203,0.063120
0.093213,0.077644,0.102726,0.127091,0.082349,0.097067,0.125206,0.095041,0.103137,0.096526
0.097361,0.204596,0.115835,0.068627,0.057384,0.078876,0.079614,0.096768,0.143770,0.057169
0.093307,0.100379,0.093177,0.147504,0.085936,0.117627,0.095919,0.053164,0.134466,0.078520
0.031185,0.048688,0.043559,0.032894,0.360629,0.065700,0.310774,0.041788,0.028609,0.036175
0.089243,0.130265,0.101705,0.061364,0.071369,0.263013,0.052795,0.106398,0.066843,0.057005
0.033307,0.051388,0.033401,0.027278,0.339722,0.062728,0.297939,0.054961,0.030391,0.068884
0.035515,0.035865,0.044940,0.045833,0.357699,0.074251,0.307382,0.034982,0.044672,0.018861
0.082841,0.103968,0.133712,0.121434,0.074496,0.112624,0.081164,0.105465,0.088360,0.095935
0.082396,0.146856,0.116350,0.057823,0.057705,0.067377,0.115518,0.218283,0.072451,0.065241
0.098526,0.101662,0.111447,0.134015,0.089434,0.104729,0.069001,0.099694,0.128895,0.062596
0.027183,0.055023,0.040651,0.043604,0.355542,0.060524,0.295478,0.061624,0.037065,0.023308
0.079981,0.111318,0.047229,0.090242,0.075928,0.165307,0.051075,0.155650,0.103894,0.119375
0.079322,0.119661,0.080785,0.120277,0.066469,0.244097,0.116316,0.053731,0.070466,0.048876
0.046098,0.064173,0.052590,0.054838,0.289147,0.073958,0.262286,0.075392,0.037687,0.043830
0.128761,0.104716,0.122993,0.050258,0.070331,0.097134,0.050360,0.093629,0.232246,0.049572
0.088612,0.184123,0.088583,0.066441,0.065131,0.119484,0.078853,0.096384,0.146815,0.065573
0.079596,0.116950,0.112633,0.101448,0.052487,0.102043,0.082784,0.159659,0.112432,0.079968
0.035260,0.040485,0.035991,0.054284,0.335370,0.079658,0.294549,0.045341,0.049379,0.029683
0.031097,0.030999,0.037723,0.019616,0.391749,0.069714,0.325896,0.015109,0.045178,0.032920
0.087880,0.126218,0.139371,0.087373,0.068663,0.071541,0.062474,0.089379,0.164902,0.102198
0.068184,0.117409,0.113253,0.080792,0.044702,0.166842,0.113017,0.086820,0.171385,0.037596
0.129313,0.146003,0.072711,0.054865,0.071891,0.120287,0.101705,0.075773,0.139540,0.087911
0.120754,0.197442,0.129214,0.067830,0.056086,0.091592,0.129420,0.048179,0.105575,0.053907
0.030373,0.033189,0.016080,0.045289,0.381643,0.060248,0.318923,0.042079,0.052492,0.019684
0.090687,0.095522,0.095554,0.119406,0.087259,0.094993,0.124846,0.092636,0.124192,0.074905
0.020954,0.034002,0.015810,0.031869,0.434460,0.049437,0.350128,0.012636,0.034740,0.015964
0.086291,0.086786,0.095289,0.115870,0.055430,0.114354,0.065036,0.183601,0.147519,0.049824
0.097053,0.129688,0.135707,0.132771,0.082813,0.139656,0.079931,0.062800,0.078714,0.060865
0.030857,0.054334,0.019732,0.032344,0.369526,0.061497,0.317816,0.028858,0.062108,0.022927
0.084562,0.071378,0.095243,0.061473,0.056232,0.216402,0.060104,0.108900,0.157017,0.088690
0.056866,0.057112,0.040226,0.054864,0.332075,0.062173,0.284539,0.045601,0.043491,0.023054
0.075079,0.100574,0.115844,0.095250,0.076050,0.074687,0.075493,0.080774,0.186040,0.120209
0.170333,0.137741,0.146928,0.091275,0.057461,0.070123,0.070307,0.045936,0.153929,0.055967
0.086136,0.118226,0.081503,0.117120,0.075895,0.108482,0.078798,0.086861,0.113928,0.133051
0.048068,0.050121,0.013954,0.032114,0.404213,0.050016,0.325327,0.023701,0.033368,0.019117
0.111350,0.137418,0.074298,0.077574,0.070410,0.108013,0.086877,0.087974,0.140006,0.106080
0.081741,0.085332,0.141886,0.121871,0.049022,0.077867,0.082824,0.087038,0.170899,0.101521
0.093128,0.091872,0.055575,0.102621,0.088859,0.226296,0.084691,0.060797,0.131418,0.064744
0.094580,0.099662,0.070214,0.082260,0.086712,0.086067,0.104170,0.110468,0.100147,0.165720
0.124051,0.143395,0.057895,0.073946,0.069441,0.146731,0.100359,0.085891,0.082696,0.115595
0.038393,0.040665,0.021142,0.043727,0.343819,0.079169,0.303183,0.043482,0.047322,0.039098
0.089855,0.100951,0.067342,0.101405,0.081184,0.126280,0.138320,0.096655,0.137434,0.060573
0.025947,0.030332,0.020706,0.025426,0.444394,0.050450,0.339899,0.021949,0.028027,0.012870
0.039294,0.052198,0.049883,0.037626,0.315915,0.068226,0.281673,0.054437,0.033243,0.067505
0.101828,0.082819,0.121717,0.073071,0.102320,0.160220,0.069607,0.135923,0.085360,0.067137
0.034578,0.055448,0.022365,0.033164,0.369716,0.059754,0.313741,0.028074,0.049975,0.033185
0.085448,0.149321,0.142441,0.097534,0.090253,0.083706,0.075854,0.109844,0.078388,0.087211
0.049276,0.064956,0.057845,0.059687,0.265885,0.079067,0.248383,0.060367,0.061236,0.053299
0.099572,0.141209,0.095837,0.101338,0.069618,0.084819,0.149405,0.100366,0.085639,0.072197
0.079968,0.110979,0.093397,0.080391,0.067500,0.100609,0.055729,0.041343,0.235613,0.134472
0.100253,0.110224,0.117289,0.074521,0.105505,0.125938,0.070991,0.109823,0.085078,0.100378
0.096740,0.113185,0.096988,0.068703,0.085383,0.070547,0.048362,0.104540,0.233278,0.082274
0.097675,0.144428,0.116481,0.072600,0.083162,0.152053,0.084471,0.104558,0.083352,0.061220
0.101621,0.086247,0.151005,0.140389,0.103359,0.108020,0.103350,0.057045,0.085305,0.063659
0.096194,0.160527,0.099080,0.122810,0.082907,0.133822,0.088544,0.047651,0.077316,0.091149
0.095477,0.145933,0.133575,0.118807,0.101032,0.081973,0.093802,0.084232,0.085008,0.060162
0.084066,0.088760,0.051662,0.083601,0.085575,0.241074,0.082559,0.054781,0.126703,0.101219
0.089699,0.100220,0.153375,0.084297,0.095671,0.076026,0.072349,0.092120,0.139850,0.096393
0.102770,0.147596,0.051074,0.128935,0.060125,0.117829,0.097823,0.115763,0.089463,0.088622
0.101567,0.101804,0.119594,0.159992,0.062086,0.112668,0.099874,0.053862,0.083879,0.104673
0.049479,0.028803,0.036714,0.018142,0.397043,0.058426,0.321136,0.027346,0.034165,0.028745
0.118978,0.172360,0.066553,0.132144,0.064912,0.102836,0.064370,0.051313,0.130631,0.095902
0.030358,0.049780,0.017982,0.029472,0.376953,0.065815,0.327247,0.027052,0.043207,0.032134
0.083027,0.116294,0.100306,0.115678,0.084175,0.198866,0.067358,0.088587,0.075461,0.070249
0.036470,0.042053,0.035443,0.061354,0.349838,0.070923,0.303300,0.031392,0.044075,0.025151
0.032447,0.035051,0.041591,0.045757,0.373081,0.066888,0.320684,0.016166,0.044420,0.023915
0.083877,0.090659,0.049535,0.125972,0.068134,0.119237,0.133011,0.109532,0.134861,0.085182
0.061979,0.054696,0.053042,0.053160,0.302780,0.078748,0.269245,0.036718,0.060328,0.029304
0.046200,0.075829,0.033024,0.044957,0.337643,0.057050,0.291465,0.057402,0.032555,0.023875
0.084983,0.122713,0.115556,0.093705,0.067669,0.126251,0.136525,0.074737,0.125052,0.052811
0.101661,0.086805,0.145098,0.122168,0.069302,0.086242,0.073391,0.130923,0.085750,0.098658
0.118932,0.082390,0.091689,0.136047,0.065968,0.080773,0.138668,0.082239,0.146329,0.056966
0.074359,0.080376,0.075905,0.110522,0.051712,0.201480,0.105216,0.102579,0.115342,0.082509
0.148123,0.078158,0.065475,0.064605,0.084949,0.077363,0.092553,0.078743,0.253889,0.056142
0.101574,0.140205,0.059241,0.073183,0.089117,0.105266,0.099693,0.085898,0.185728,0.060095
0.100225,0.096204,0.093116,0.155280,0.060125,0.087563,0.096605,0.104924,0.088500,0.117457
0.103172,0.131066,0.141121,0.083636,0.077702,0.089749,0.101566,0.086240,0.089301,0.096446
0.100394,0.087789,0.073483,0.118007,0.099327,0.098419,0.103503,0.067238,0.193829,0.058011
0.094770,0.131141,0.122472,0.127409,0.082297,0.110929,0.070923,0.060297,0.103389,0.096372
0.087653,0.127358,0.088235,0.116380,0.084399,0.110641,0.090666,0.079669,0.119550,0.095449
0.082792,0.069375,0.096263,0.092501,0.050486,0.071200,0.118293,0.109017,0.260232,0.049841
0.086489,0.086674,0.123780,0.086560,0.076667,0.230931,0.060605,0.073285,0.074927,0.100081
0.099638,0.108014,0.105710,0.080535,0.065827,0.102192,0.081033,0.150769,0.111577,0.094703
0.103312,0.221098,0.058376,0.160030,0.063915,0.083692,0.069712,0.100503,0.078947,0.060415
0.091724,0.127742,0.105212,0.086544,0.086767,0.114993,0.071281,0.083920,0.177837,0.053979
0.082054,0.156952,0.060144,0.062254,0.072331,0.109538,0.121664,0.086373,0.118697,0.129993
0.024694,0.035908,0.023298,0.028703,0.419751,0.053610,0.334426,0.030792,0.020369,0.028448
0.080644,0.148701,0.126533,0.085597,0.064698,0.242274,0.056368,0.070758,0.071789,0.052638
0.038922,0.042189,0.022624,0.053539,0.328866,0.080170,0.291939,0.045315,0.033170,0.063265
0.087924,0.075380,0.101052,0.089645,0.062204,0.215352,0.136688,0.059459,0.078354,0.093942
0.089617,0.123095,0.086808,0.116603,0.054887,0.216379,0.090023,0.093240,0.075034,0.054314
0.097394,0.133692,0.109929,0.134735,0.058265,0.102290,0.068884,0.083569,0.132705,0.078537
0.167156,0.162220,0.130091,0.070932,0.058314,0.103805,0.068858,0.064008,0.080205,0.094411
0.097505,0.082150,0.109558,0.080924,0.075378,0.081278,0.093946,0.121261,0.196058,0.061942
0.079880,0.118210,0.083377,0.099285,0.051324,0.192527,0.108943,0.102812,0.081349,0.082292
0.085759,0.132945,0.107129,0.163951,0.090684,0.089221,0.076017,0.046912,0.134581,0.072800
0.091092,0.087467,0.060491,0.125278,0.058462,0.241161,0.074148,0.089869,0.101088,0.070945
0.096210,0.209565,0.056247,0.072315,0.087133,0.092174,0.078600,0.088235,0.112763,0.106757
0.117806,0.100853,0.056075,0.112497,0.065068,0.099554,0.137196,0.083317,0.078943,0.148692
0.033141,0.050499,0.031459,0.031825,0.374097,0.064899,0.319732,0.016571,0.042775,0.035002
0.154790,0.095785,0.144701,0.063655,0.072104,0.092110,0.063154,0.077025,0.141724,0.094953
0.059687,0.062862,0.040366,0.053186,0.341801,0.061725,0.296615,0.017259,0.028924,0.037574
0.091887,0.114425,0.111975,0.084816,0.056677,0.106143,0.066418,0.102296,0.206602,0.058761
0.037883,0.057445,0.064587,0.049130,0.281167,0.069304,0.251809,0.069046,0.054332,0.065298
0.037890,0.071417,0.034115,0.031896,0.329115,0.072513,0.292791,0.050034,0.044881,0.035348
0.103783,0.107107,0.065928,0.077251,0.090798,0.139781,0.084567,0.106590,0.159384,0.064812
0.093116,0.097845,0.106799,0.103832,0.084247,0.079170,0.125112,0.120177,0.134359,0.055344
0.104334,0.134156,0.109723,0.103736,0.086519,0.079577,0.068089,0.096190,0.139699,0.077978
0.062234,0.044315,0.070104,0.061297,0.311058,0.063791,0.271866,0.037146,0.034569,0.043619
0.107775,0.104978,0.073145,0.127410,0.093771,0.082900,0.135981,0.102730,0.108971,0.062338
0.112401,0.090637,0.154866,0.107477,0.090569,0.136688,0.062088,0.112329,0.078015,0.054930
0.092167,0.118621,0.116050,0.091955,0.076718,0.073028,0.131783,0.089253,0.119926,0.090499
0.090712,0.130712,0.066604,0.093082,0.095086,0.089790,0.126604,0.095024,0.148671,0.063715
0.039669,0.056255,0.050839,0.049483,0.340528,0.079643,0.300493,0.020188,0.033064,0.029838
0.076994,0.106434,0.076204,0.086937,0.052583,0.173352,0.081480,0.080350,0.137908,0.127758
0.095922,0.103809,0.111408,0.064781,0.098723,0.077436,0.131559,0.081374,0.169363,0.065624
0.082433,0.135044,0.080089,0.060802,0.075177,0.072753,0.114164,0.082643,0.230001,0.066895
0.088577,0.150421,0.100867,0.100301,0.085698,0.082581,0.066880,0.117764,0.129788,0.077122
0.099087,0.084863,0.070486,0.115215,0.079430,0.082252,0.076861,0.100566,0.192274,0.098965
0.100534,0.139736,0.138304,0.106062,0.056645,0.127538,0.090120,0.099961,0.081201,0.059900
0.082685,0.144647,0.057972,0.121169,0.074808,0.103903,0.115962,0.043379,0.166904,0.088572
0.079077,0.109957,0.075646,0.066017,0.075957,0.198129,0.066849,0.181795,0.069683,0.076893
0.035463,0.037865,0.072054,0.025335,0.369831,0.060364,0.313597,0.035752,0.028991,0.020748
0.079254,0.161079,0.073341,0.077200,0.064841,0.218670,0.104864,0.048725,0.092029,0.079996
0.086910,0.131322,0.088353,0.066669,0.063887,0.095968,0.073175,0.219510,0.082477,0.091729
0.072586,0.100039,0.099673,0.075238,0.069160,0.148762,0.075702,0.077507,0.167571,0.113764
0.093288,0.129174,0.116286,0.108888,0.057826,0.141588,0.068866,0.106467,0.092135,0.085482
0.088922,0.122513,0.119916,0.072506,0.051084,0.239003,0.062701,0.108191,0.078844,0.056320
0.153702,0.126279,0.121096,0.102755,0.091229,0.116375,0.065178,0.058004,0.075890,0.089492
0.105864,0.098444,0.090128,0.159844,0.059942,0.076269,0.138706,0.095954,0.078083,0.096764
0.140020,0.121531,0.105885,0.054971,0.081181,0.233999,0.066643,0.080505,0.069657,0.045608
0.129364,0.115422,0.062943,0.124046,0.064290,0.104764,0.081011,0.114883,0.092621,0.110654
0.070946,0.100110,0.113106,0.050008,0.065296,0.180723,0.060523,0.091213,0.199530,0.068544
0.085219,0.122764,0.097219,0.061583,0.087295,0.090476,0.116672,0.088520,0.160860,0.089390
0.091174,0.124014,0.138038,0.099985,0.071557,0.116895,0.063576,0.110862,0.130282,0.053617
0.099754,0.129372,0.069849,0.082492,0.087758,0.102260,0.076187,0.118100,0.132599,0.101629
0.022168,0.040547,0.034923,0.016605,0.413707,0.052979,0.334754,0.020881,0.033409,0.030026
0.090643,0.157353,0.113105,0.077465,0.085762,0.090148,0.065360,0.100489,0.137429,0.082245
0.090990,0.074875,0.103638,0.133530,0.058209,0.129398,0.123443,0.118454,0.073310,0.094153
0.030835,0.049049,0.061007,0.026401,0.367450,0.055596,0.306293,0.028371,0.038667,0.036330
0.032065,0.034748,0.030848,0.041014,0.373944,0.061076,0.319666,0.030016,0.052767,0.023856
0.109788,0.107095,0.060360,0.088088,0.070571,0.114682,0.154680,0.135577,0.094300,0.064858
0.083662,0.124044,0.117073,0.111323,0.059865,0.120906,0.082416,0.049209,0.114237,0.137266
0.102172,0.118203,0.048568,0.096022,0.082905,0.080106,0.110486,0.204922,0.070764,0.085852
0.040201,0.058474,0.051972,0.039208,0.293717,0.077730,0.270384,0.053804,0.050479,0.064032
0.088848,0.133932,0.152432,0.089155,0.052664,0.083121,0.123161,0.086571,0.137072,0.053044
0.036585,0.040269,0.040950,0.052734,0.335402,0.073680,0.297043,0.044518,0.055506,0.023313
0.039793,0.040632,0.043787,0.055592,0.339337,0.075117,0.296778,0.022643,0.045698,0.040622
0.100384,0.090349,0.129642,0.146433,0.057414,0.098057,0.065120,0.078183,0.183353,0.051066
0.041235,0.059945,0.023573,0.049660,0.322559,0.080471,0.293718,0.037816,0.055579,0.035443
0.091257,0.198720,0.084983,0.089631,0.079759,0.076156,0.139060,0.111496,0.074135,0.054801
0.084095,0.099160,0.073306,0.081195,0.069942,0.183462,0.054732,0.203358,0.063172,0.087577
0.100683,0.115137,0.076982,0.111184,0.074311,0.066973,0.052037,0.052104,0.217577,0.133012
0.020516,0.043977,0.030088,0.028623,0.434312,0.048843,0.323327,0.021955,0.030709,0.017650
0.048430,0.074464,0.080206,0.038050,0.255921,0.088726,0.244768,0.062749,0.061706,0.044979
0.021577,0.031302,0.020817,0.031110,0.446465,0.044468,0.326204,0.024437,0.031556,0.022063
0.088630,0.089320,0.111734,0.090853,0.059238,0.108646,0.082634,0.088248,0.219959,0.060738
0.082526,0.127437,0.138412,0.116813,0.080583,0.094834,0.112923,0.109001,0.079894,0.057576
0.089301,0.094098,0.064145,0.066737,0.061464,0.123481,0.071226,0.091591,0.245727,0.092230
0.139545,0.143839,0.077821,0.072575,0.055443,0.225330,0.077265,0.053103,0.070070,0.085009
0.120467,0.158454,0.063738,0.090987,0.091195,0.098535,0.090978,0.070770,0.152309,0.062567
0.085303,0.115839,0.079133,0.118944,0.079881,0.207494,0.080818,0.053896,0.121071,0.057620
0.042310,0.061488,0.053851,0.050514,0.290390,0.076709,0.268709,0.054231,0.035006,0.066793
0.023471,0.044986,0.038749,0.025517,0.399610,0.049729,0.320718,0.027239,0.036780,0.033200
0.093497,0.083108,0.096898,0.096112,0.071069,0.120787,0.058588,0.203375,0.119305,0.057260
0.035559,0.058613,0.020605,0.023644,0.387936,0.072918,0.339157,0.016233,0.026735,0.018600
0.155969,0.126454,0.051434,0.065550,0.079967,0.128387,0.116321,0.088545,0.130687,0.056687
0.030084,0.045188,0.028736,0.038734,0.391246,0.058176,0.329701,0.029219,0.027841,0.021076
0.123627,0.084818,0.095998,0.110985,0.079066,0.129418,0.099463,0.129699,0.088193,0.058734
0.102346,0.109439,0.121335,0.080584,0.064380,0.094890,0.061245,0.101105,0.202812,0.061865
0.034174,0.061169,0.037822,0.047599,0.317134,0.073361,0.287189,0.054301,0.058128,0.029123
0.142251,0.121028,0.113462,0.118481,0.086871,0.071706,0.113537,0.088078,0.075569,0.069016
0.089311,0.091492,0.099970,0.102503,0.071733,0.083412,0.072603,0.226848,0.073241,0.088885
0.090692,0.120976,0.080728,0.061904,0.056989,0.094915,0.097543,0.171477,0.106710,0.118065
0.022935,0.020448,0.032734,0.029291,0.419024,0.053353,0.324278,0.023159,0.030926,0.043851
0.091437,0.137467,0.091528,0.099830,0.056580,0.087715,0.068443,0.127268,0.147430,0.092303
0.129864,0.125347,0.104418,0.085634,0.075208,0.084290,0.118052,0.094863,0.137191,0.045133
0.070412,0.076582,0.075938,0.079971,0.066131,0.157074,0.058257,0.150558,0.180151,0.084927
0.103275,0.140316,0.138971,0.146512,0.076828,0.114747,0.058717,0.046539,0.077228,0.096867
