0.100715,0.102588,0.100100,0.101423,0.100464,0.097752,0.098926,0.098749,0.100152,0.099130
0.100158,0.099816,0.100068,0.100329,0.102442,0.099736,0.098342,0.099829,0.099834,0.099446
0.101706,0.098987,0.100379,0.099126,0.100191,0.103096,0.099994,0.100918,0.098404,0.097199
0.097882,0.097379,0.096099,0.095862,0.111368,0.101981,0.109863,0.095393,0.097011,0.097163
0.100711,0.100383,0.100139,0.099542,0.099580,0.097131,0.104272,0.100711,0.100428,0.097104
0.097948,0.098580,0.096685,0.095067,0.109147,0.102262,0.108721,0.099746,0.096021,0.095825
0.100089,0.100835,0.099756,0.099269,0.102000,0.100908,0.098422,0.098357,0.099832,0.100532
0.100432,0.100175,0.100245,0.095061,0.100185,0.101949,0.102852,0.100538,0.099145,0.099417
0.099595,0.101574,0.099748,0.099164,0.099296,0.101451,0.101568,0.098731,0.100527,0.098344
0.096649,0.098910,0.097324,0.096238,0.110176,0.101843,0.108822,0.096486,0.098364,0.095189
0.100625,0.100750,0.099623,0.099232,0.099338,0.101747,0.099797,0.099598,0.099367,0.099923
0.097608,0.097511,0.098451,0.096708,0.110156,0.102304,0.109102,0.096214,0.097831,0.094114
0.096975,0.096171,0.098270,0.098350,0.109620,0.101240,0.108288,0.096436,0.098186,0.096463
0.100466,0.098632,0.100700,0.100782,0.100063,0.102505,0.100948,0.098686,0.098300,0.098918
0.096881,0.097612,0.099187,0.096662,0.109555,0.102288,0.108396,0.096190,0.098458,0.094771
0.100392,0.101324,0.100380,0.098591,0.099738,0.099798,0.101458,0.099144,0.099428,0.099746
0.099983,0.100734,0.099694,0.098277,0.102014,0.101571,0.101690,0.098811,0.097927,0.099299
0.100381,0.101813,0.100640,0.099293,0.097028,0.100350,0.103069,0.098081,0.098032,0.101312
0.100518,0.102325,0.099035,0.101337,0.099641,0.097334,0.099240,0.099835,0.100287,0.100449
0.096945,0.097209,0.097989,0.095716,0.110348,0.102247,0.108990,0.097518,0.096630,0.096408
0.097173,0.097466,0.097410,0.095537,0.110021,0.102115,0.108675,0.096302,0.097082,0.098220
0.097897,0.096722,0.098390,0.096003,0.109636,0.101718,0.108376,0.096762,0.097513,0.096984
0.099365,0.099933,0.100214,0.100445,0.099262,0.101457,0.103457,0.098575,0.100132,0.097160
0.097245,0.096059,0.097352,0.096343,0.110582,0.102636,0.109732,0.096701,0.097153,0.096196
0.096924,0.096109,0.098217,0.096837,0.110318,0.102057,0.108954,0.097280,0.096950,0.096356
0.099656,0.101644,0.099840,0.099514,0.098882,0.101521,0.102248,0.098187,0.098771,0.099737
0.099781,0.100717,0.100972,0.099773,0.099075,0.100055,0.098734,0.100964,0.100220,0.099710
0.097010,0.097283,0.096074,0.097064,0.110179,0.102208,0.108922,0.096148,0.096967,0.098146
0.099676,0.101821,0.100234,0.099975,0.100142,0.096769,0.102018,0.100177,0.099717,0.099470
0.100041,0.099887,0.101552,0.099212,0.099344,0.100691,0.101557,0.099059,0.100340,0.098317
0.101003,0.101268,0.100427,0.098263,0.100827,0.097325,0.101439,0.099525,0.099810,0.100114
0.100551,0.101637,0.099410,0.099760,0.099161,0.100051,0.101733,0.100704,0.099774,0.097218
0.096674,0.098433,0.095507,0.097595,0.110874,0.102111,0.109468,0.096913,0.096306,0.096120
0.097797,0.096763,0.097447,0.098868,0.109317,0.101892,0.108118,0.095464,0.097318,0.097017
0.100027,0.098445,0.099812,0.100232,0.100231,0.101818,0.098500,0.100250,0.099976,0.100708
0.101296,0.101390,0.099803,0.099030,0.100666,0.100536,0.100727,0.098707,0.099450,0.098395
0.100637,0.098144,0.099776,0.100442,0.099652,0.102170,0.100707,0.099711,0.099685,0.099076
0.099571,0.099485,0.101176,0.099183,0.100393,0.097718,0.103742,0.099089,0.099965,0.099678
0.101848,0.100654,0.100295,0.099470,0.099602,0.098146,0.100224,0.100872,0.100283,0.098607
0.099433,0.100305,0.100969,0.099344,0.102563,0.101471,0.099513,0.099635,0.098750,0.098016
0.100862,0.100629,0.100210,0.099794,0.100993,0.097395,0.102725,0.099626,0.100087,0.097679
0.101394,0.100866,0.099349,0.099685,0.100093,0.097824,0.100271,0.100093,0.100005,0.100421
0.100863,0.102436,0.100954,0.100993,0.099747,0.097460,0.099933,0.098917,0.098620,0.100078
0.100344,0.100577,0.100959,0.095806,0.101002,0.102823,0.102862,0.099725,0.098531,0.097371
0.097069,0.098555,0.097666,0.095554,0.110046,0.101441,0.108630,0.096899,0.096638,0.097501
0.099699,0.100231,0.099960,0.099149,0.100082,0.101474,0.099740,0.098906,0.099757,0.101002
0.096680,0.099598,0.097941,0.096169,0.110017,0.102127,0.108800,0.096067,0.098142,0.094459
0.099874,0.099753,0.098372,0.098433,0.102696,0.102238,0.098442,0.098688,0.100644,0.100859
0.100533,0.098630,0.099540,0.097998,0.100155,0.102156,0.101009,0.099418,0.100431,0.100129
0.101331,0.100051,0.099895,0.095802,0.101597,0.101323,0.100425,0.099805,0.102140,0.097632
0.096878,0.098598,0.098631,0.096721,0.109410,0.102089,0.108181,0.096089,0.097672,0.095731
0.100824,0.098878,0.100983,0.096070,0.101280,0.100503,0.099969,0.100410,0.100703,0.100380
0.100299,0.098317,0.099657,0.097783,0.102339,0.101210,0.103188,0.098364,0.099693,0.099151
0.096757,0.097534,0.098019,0.096648,0.109861,0.102293,0.108577,0.096289,0.097168,0.096854
0.100567,0.098642,0.100338,0.100018,0.097257,0.102776,0.102821,0.099522,0.099885,0.098173
0.097834,0.097935,0.096281,0.095981,0.110318,0.102006,0.108997,0.096199,0.097567,0.096883
0.097804,0.096475,0.097680,0.096405,0.109939,0.101718,0.108689,0.096787,0.097273,0.097229
0.100998,0.098877,0.100755,0.099009,0.100460,0.102352,0.098158,0.100449,0.098655,0.100289
0.101061,0.099744,0.100317,0.099389,0.101024,0.100176,0.100001,0.099766,0.100733,0.097789
0.100214,0.099030,0.101979,0.098325,0.100987,0.097998,0.100293,0.099815,0.101262,0.100097
0.097579,0.096468,0.096051,0.097058,0.110722,0.102232,0.109734,0.096472,0.096761,0.096923
0.099836,0.099253,0.100903,0.098347,0.100336,0.099992,0.103247,0.099517,0.099122,0.099447
0.097248,0.098644,0.098048,0.095940,0.109628,0.101570,0.108304,0.096313,0.098169,0.096136
0.097705,0.098839,0.097719,0.096620,0.109084,0.101447,0.107869,0.095426,0.098457,0.096835
0.099981,0.100595,0.099391,0.099515,0.099932,0.101276,0.101387,0.099901,0.097929,0.100094
0.100264,0.101995,0.101601,0.096404,0.099404,0.097996,0.102068,0.099776,0.098711,0.101781
0.100539,0.100318,0.100414,0.101174,0.099644,0.097062,0.099147,0.099341,0.100741,0.101620
0.100833,0.100846,0.099275,0.101018,0.099257,0.102786,0.098544,0.098562,0.099317,0.099562
0.100382,0.099391,0.101051,0.099818,0.101048,0.097945,0.100675,0.100330,0.101372,0.097988
0.100675,0.101615,0.100516,0.099678,0.099826,0.096347,0.101749,0.100894,0.099674,0.099025
0.097363,0.098623,0.097971,0.096818,0.109297,0.101501,0.107994,0.096109,0.096322,0.098002
0.097471,0.097021,0.095936,0.098317,0.110599,0.101819,0.109313,0.096931,0.096389,0.096204
0.100909,0.102306,0.099561,0.097618,0.098072,0.098517,0.100530,0.100372,0.101157,0.100957
0.100582,0.100869,0.099348,0.098550,0.098037,0.098297,0.101478,0.099685,0.101050,0.102104
0.100244,0.100632,0.101287,0.099547,0.100472,0.099881,0.099361,0.100254,0.099072,0.099252
0.100149,0.101788,0.100496,0.100099,0.100293,0.100311,0.098958,0.099543,0.098333,0.100030
0.100850,0.098776,0.100199,0.100916,0.100208,0.100193,0.099945,0.099685,0.099125,0.100103
0.097224,0.098945,0.095669,0.095513,0.110870,0.102605,0.110278,0.096251,0.096465,0.096180
0.097418,0.099118,0.097375,0.096965,0.108802,0.101535,0.107663,0.097464,0.095520,0.098138
0.099562,0.100443,0.098424,0.099353,0.100340,0.101271,0.102119,0.100027,0.099010,0.099452
0.096709,0.096666,0.097807,0.096655,0.109227,0.101493,0.108016,0.096699,0.098684,0.098043
0.100139,0.101378,0.099836,0.100307,0.096848,0.100926,0.103474,0.099673,0.098400,0.099018
0.098058,0.096280,0.097268,0.096617,0.110023,0.102173,0.108924,0.099381,0.094747,0.096529
0.097721,0.097420,0.097992,0.096881,0.108576,0.101841,0.107467,0.097249,0.096838,0.098015
0.099869,0.100209,0.098976,0.100536,0.100324,0.101043,0.102034,0.099599,0.100059,0.097351
0.097120,0.095899,0.097346,0.097719,0.109937,0.101464,0.108533,0.097499,0.096344,0.098138
0.100120,0.101165,0.100227,0.099166,0.099744,0.101334,0.098551,0.100295,0.099677,0.099721
0.100051,0.100497,0.100452,0.101079,0.100337,0.096932,0.103071,0.099619,0.100587,0.097375
0.096736,0.097814,0.098132,0.095952,0.109875,0.102863,0.109047,0.096052,0.097159,0.096370
0.099809,0.099816,0.100408,0.101247,0.097846,0.098134,0.100109,0.100407,0.100713,0.101512
0.099237,0.099563,0.100315,0.095907,0.102363,0.101267,0.102055,0.099823,0.099908,0.099562
0.100880,0.099016,0.100848,0.099644,0.100360,0.101761,0.098982,0.098871,0.099588,0.100052
0.097583,0.098634,0.097429,0.095244,0.110231,0.101744,0.109563,0.096049,0.096085,0.097438
0.099895,0.100555,0.100328,0.099681,0.097272,0.100129,0.102913,0.099630,0.099385,0.100214
0.100438,0.100772,0.099150,0.099517,0.099607,0.098035,0.102021,0.100232,0.102710,0.097517
0.101182,0.099235,0.100683,0.096285,0.100855,0.102320,0.100469,0.100703,0.100444,0.097823
0.099106,0.100912,0.099420,0.100077,0.099674,0.101729,0.100300,0.099517,0.099899,0.099365
0.097315,0.097024,0.095487,0.095360,0.109784,0.101690,0.108475,0.099214,0.097876,0.097776
0.100356,0.100374,0.101752,0.098283,0.100431,0.100607,0.100078,0.099949,0.100779,0.097392
0.099943,0.101844,0.100038,0.099221,0.099973,0.102579,0.098258,0.100754,0.098067,0.099323
0.100701,0.099703,0.100177,0.100502,0.099799,0.100707,0.099524,0.099769,0.098227,0.100893
0.100167,0.101628,0.098994,0.099266,0.099676,0.100761,0.099826,0.100717,0.100520,0.098445
0.100348,0.099625,0.100933,0.097799,0.099947,0.100395,0.102270,0.098471,0.099455,0.100757
0.100012,0.098959,0.101757,0.095813,0.099894,0.101120,0.100197,0.099649,0.100866,0.101732
0.099905,0.100217,0.100587,0.099751,0.099694,0.099936,0.098618,0.100349,0.101281,0.099662
0.100603,0.101210,0.099632,0.099030,0.102438,0.100264,0.098450,0.099633,0.098092,0.100649
0.099495,0.099910,0.100170,0.099684,0.099923,0.102305,0.100866,0.099843,0.098516,0.099288
0.097653,0.096763,0.097088,0.095933,0.109855,0.101990,0.108796,0.099152,0.096977,0.095793
0.096959,0.097237,0.095752,0.097691,0.110557,0.101753,0.109080,0.097452,0.096609,0.096910
0.100272,0.099150,0.100211,0.099164,0.100506,0.100324,0.103354,0.098862,0.098620,0.099537
0.100875,0.098876,0.100158,0.099629,0.099675,0.101767,0.099969,0.100300,0.098463,0.100288
0.099708,0.101261,0.100483,0.099294,0.100440,0.101399,0.101328,0.099030,0.099107,0.097951
0.100357,0.099500,0.101100,0.101665,0.097808,0.098305,0.099567,0.100055,0.100810,0.100832
0.097225,0.096017,0.097647,0.096965,0.110527,0.101782,0.109159,0.097212,0.096650,0.096816
0.100235,0.099043,0.101880,0.098260,0.103173,0.097303,0.102863,0.099637,0.099267,0.098339
0.101280,0.100618,0.100901,0.097972,0.097035,0.103167,0.099961,0.099528,0.099387,0.100152
0.100001,0.100858,0.099490,0.099970,0.102120,0.099471,0.100382,0.099042,0.100048,0.098618
0.100949,0.102356,0.101024,0.101216,0.097357,0.097859,0.099925,0.099689,0.100408,0.099218
0.099457,0.099404,0.098147,0.099018,0.101708,0.100692,0.102444,0.099925,0.099069,0.100137
0.097817,0.096273,0.096259,0.098837,0.108609,0.101381,0.107486,0.098574,0.097832,0.096933
0.100599,0.101124,0.099355,0.099483,0.100884,0.097389,0.103735,0.099058,0.099754,0.098620
0.099847,0.098547,0.101341,0.100566,0.099168,0.099862,0.102267,0.099637,0.099023,0.099742
0.097021,0.097853,0.096259,0.095731,0.110928,0.103240,0.110251,0.096520,0.097910,0.094289
0.100795,0.100593,0.100497,0.097430,0.101076,0.101775,0.100050,0.099730,0.099859,0.098196
0.097649,0.098856,0.096013,0.096345,0.110190,0.101664,0.108827,0.096563,0.096960,0.096934
0.101004,0.099305,0.100594,0.098602,0.098121,0.101145,0.104020,0.099119,0.099264,0.098826
0.097072,0.095868,0.098646,0.097750,0.110483,0.102903,0.109861,0.096333,0.094583,0.096500
0.100893,0.100119,0.100236,0.100922,0.099529,0.100928,0.099934,0.098661,0.099515,0.099263
0.099757,0.099241,0.098808,0.099137,0.100631,0.100463,0.102454,0.099226,0.099490,0.100793
0.099493,0.102399,0.100117,0.097901,0.099066,0.100654,0.101695,0.100085,0.099655,0.098935
0.097896,0.096172,0.096082,0.097174,0.110713,0.102266,0.109294,0.096582,0.097336,0.096484
0.100558,0.098684,0.100235,0.100749,0.102801,0.097829,0.100913,0.098928,0.099449,0.099855
0.101112,0.099826,0.100539,0.095565,0.103331,0.102898,0.100062,0.099349,0.100081,0.097238
0.100211,0.100089,0.101455,0.096380,0.100919,0.100903,0.099982,0.098979,0.099577,0.101506
0.100380,0.100322,0.101466,0.098820,0.099863,0.100774,0.102839,0.099468,0.098974,0.097095
0.100420,0.101734,0.100819,0.097719,0.100510,0.099563,0.103330,0.099103,0.098993,0.097810
0.099776,0.101240,0.101315,0.099072,0.100532,0.099708,0.100649,0.099171,0.098940,0.099598
0.100634,0.100371,0.101680,0.099308,0.100165,0.100189,0.102670,0.098740,0.098944,0.097298
0.097490,0.098812,0.098390,0.096557,0.109921,0.101276,0.108544,0.096381,0.098137,0.094492
0.100191,0.100622,0.101803,0.096673,0.099777,0.098054,0.102669,0.100944,0.101513,0.097753
0.099780,0.101410,0.100356,0.100535,0.099008,0.101668,0.098122,0.099844,0.099515,0.099762
0.099854,0.099749,0.101059,0.099680,0.100514,0.100525,0.098747,0.099371,0.099655,0.100845
0.097389,0.096190,0.098283,0.098652,0.109057,0.101375,0.107854,0.096749,0.097466,0.096985
0.096079,0.095779,0.097304,0.098086,0.108758,0.102159,0.108433,0.099637,0.097963,0.095802
0.099765,0.100327,0.100632,0.100701,0.100092,0.101642,0.098590,0.099436,0.098845,0.099970
0.099985,0.099690,0.099853,0.099192,0.102551,0.101427,0.098605,0.099239,0.100287,0.099170
0.100820,0.098792,0.100214,0.100901,0.097108,0.100115,0.101962,0.100101,0.100495,0.099490
0.100025,0.100274,0.099570,0.098065,0.100125,0.100661,0.101660,0.098655,0.099800,0.101165
0.100901,0.098575,0.100331,0.099240,0.097087,0.101304,0.100974,0.099385,0.101139,0.101064
0.097644,0.097330,0.095813,0.098533,0.109745,0.101692,0.108394,0.096454,0.096741,0.097653
0.096775,0.098916,0.098182,0.096243,0.110265,0.101913,0.108863,0.096150,0.096447,0.096245
0.101206,0.099085,0.100872,0.098623,0.100856,0.098004,0.102333,0.099676,0.101811,0.097535
0.100851,0.100407,0.100852,0.099928,0.099985,0.102811,0.101069,0.098602,0.098377,0.097119
0.096752,0.098678,0.097519,0.098409,0.110532,0.101849,0.109086,0.096147,0.094815,0.096213
0.100023,0.099948,0.100311,0.099293,0.099346,0.102718,0.099940,0.100637,0.100239,0.097546
0.100004,0.097891,0.099330,0.099998,0.102059,0.101056,0.102906,0.098824,0.097703,0.100230
0.096620,0.099062,0.097481,0.097305,0.109258,0.102080,0.108470,0.096241,0.097394,0.096089
0.100450,0.100595,0.100353,0.099490,0.098907,0.101307,0.099421,0.099103,0.099412,0.100964
0.100445,0.102065,0.100410,0.094793,0.102955,0.096675,0.104163,0.099217,0.098075,0.101202
0.100105,0.100025,0.101150,0.099337,0.100404,0.101600,0.100452,0.098463,0.099023,0.099441
0.097288,0.098268,0.097052,0.095736,0.109679,0.101986,0.109279,0.099449,0.096815,0.094449
0.097386,0.095801,0.096923,0.097140,0.109481,0.102264,0.108384,0.099594,0.096863,0.096163
0.101181,0.101106,0.099614,0.099212,0.100169,0.097200,0.099139,0.099905,0.100739,0.101734
0.099833,0.100280,0.100147,0.099262,0.100005,0.101669,0.099559,0.099205,0.100193,0.099847
0.100218,0.101284,0.100470,0.100438,0.098922,0.101530,0.099440,0.099083,0.099882,0.098733
0.099744,0.101223,0.101079,0.098643,0.098909,0.101308,0.102003,0.099128,0.098409,0.099555
0.096721,0.096833,0.095307,0.099514,0.110225,0.102353,0.110244,0.095831,0.097024,0.095948
0.097073,0.096294,0.097554,0.095143,0.110426,0.101896,0.109031,0.097667,0.098367,0.096548
0.099789,0.102087,0.099976,0.097724,0.099798,0.100384,0.103581,0.098453,0.101398,0.096811
0.099839,0.099913,0.099594,0.098676,0.102317,0.101164,0.099389,0.099146,0.099326,0.100637
0.100891,0.098895,0.100872,0.099894,0.097507,0.101622,0.099816,0.098829,0.100469,0.101205
0.099109,0.098911,0.099956,0.100173,0.099425,0.101268,0.101206,0.099488,0.099856,0.100610
0.099725,0.100290,0.100607,0.100725,0.103021,0.096576,0.099745,0.100450,0.099849,0.099014
0.096917,0.097925,0.098237,0.097093,0.110374,0.102565,0.109196,0.096155,0.095123,0.096415
0.097531,0.096889,0.095454,0.098445,0.109757,0.101801,0.108371,0.097122,0.096899,0.097732
0.097733,0.097914,0.097626,0.095803,0.110072,0.102709,0.108879,0.096693,0.097761,0.094810
0.100551,0.099102,0.098329,0.100247,0.099779,0.099627,0.103079,0.100164,0.099521,0.099601
0.099350,0.101445,0.101350,0.098844,0.100637,0.102367,0.098616,0.098465,0.100096,0.098828
0.100192,0.098821,0.099429,0.099023,0.100333,0.101752,0.099856,0.099571,0.099825,0.101198
0.096505,0.097165,0.097649,0.096869,0.109802,0.102261,0.108711,0.095982,0.097172,0.097883
0.100292,0.100200,0.101252,0.099182,0.100064,0.099897,0.099676,0.100665,0.099743,0.099029
0.099864,0.101000,0.099618,0.099848,0.100250,0.100725,0.100225,0.098927,0.099109,0.100433
0.101216,0.099916,0.100560,0.099728,0.097586,0.101939,0.102008,0.099003,0.100480,0.097563
0.100978,0.101922,0.100495,0.099427,0.099448,0.100418,0.100109,0.099686,0.100094,0.097423
0.100274,0.098699,0.100361,0.099147,0.100318,0.102931,0.099903,0.098887,0.099702,0.099778
0.100263,0.099770,0.100872,0.099444,0.097705,0.100868,0.101096,0.099785,0.100132,0.100065
0.099848,0.102244,0.098397,0.095267,0.099908,0.101730,0.104123,0.099112,0.100056,0.099314
0.100727,0.101937,0.100858,0.099362,0.100293,0.097059,0.099832,0.100322,0.100499,0.099110
0.100017,0.101276,0.099540,0.100160,0.099103,0.100283,0.099368,0.099699,0.099770,0.100785
0.096881,0.098537,0.095813,0.097630,0.110424,0.102382,0.109384,0.096210,0.096594,0.096145
0.099829,0.100578,0.100346,0.099707,0.099390,0.100814,0.099124,0.099682,0.100349,0.100182
0.098541,0.097325,0.097928,0.095291,0.109607,0.102194,0.108416,0.095834,0.098689,0.096177
0.097184,0.097092,0.098302,0.097799,0.110200,0.102037,0.108826,0.096387,0.096444,0.095728
0.096606,0.096555,0.098145,0.096488,0.109608,0.101550,0.108355,0.096078,0.098641,0.097974
0.097582,0.098644,0.097599,0.096780,0.109097,0.101753,0.107902,0.095951,0.098492,0.096200
0.100950,0.099020,0.100450,0.100927,0.100363,0.101954,0.098996,0.099702,0.100317,0.097319
0.099576,0.099369,0.100945,0.099861,0.099118,0.099906,0.100785,0.100188,0.100325,0.099925
0.100452,0.100913,0.100803,0.100454,0.099046,0.100509,0.098632,0.100249,0.100064,0.098880
0.097937,0.097715,0.096207,0.096176,0.110413,0.102751,0.109214,0.096482,0.097822,0.095282
0.100144,0.099527,0.098651,0.100319,0.099030,0.099701,0.102008,0.099237,0.100656,0.100728
0.101586,0.099301,0.099280,0.099652,0.100372,0.098046,0.100273,0.100197,0.099209,0.102083
0.100914,0.099535,0.101310,0.099035,0.099711,0.097694,0.101763,0.099074,0.102097,0.098866
0.097560,0.097295,0.097446,0.097878,0.111736,0.102166,0.110322,0.095079,0.096277,0.094240
0.100915,0.098762,0.101732,0.096566,0.100368,0.097576,0.103827,0.099627,0.101597,0.099030
0.099517,0.101528,0.100748,0.100898,0.100214,0.101732,0.099735,0.098523,0.098161,0.098943
0.099821,0.102057,0.100217,0.099404,0.100102,0.100788,0.098245,0.100858,0.099156,0.099352
0.100656,0.099584,0.101799,0.100895,0.099588,0.100086,0.099791,0.100221,0.100213,0.097168
0.100331,0.103159,0.098947,0.098216,0.097369,0.102269,0.099990,0.101834,0.100408,0.097478
0.097199,0.096543,0.098527,0.096841,0.109163,0.101878,0.107974,0.096050,0.097436,0.098389
0.100788,0.101827,0.100033,0.099644,0.099699,0.097736,0.103933,0.100586,0.098533,0.097221
0.097696,0.097091,0.097819,0.095525,0.109214,0.101611,0.108007,0.096104,0.098522,0.098412
0.100357,0.101384,0.099349,0.096738,0.100724,0.102481,0.100445,0.100125,0.100581,0.097816
0.096726,0.096092,0.098392,0.096368,0.110114,0.102211,0.108789,0.097376,0.097444,0.096487
0.097487,0.099736,0.097514,0.095585,0.110654,0.102483,0.109343,0.095493,0.097063,0.094641
0.101073,0.101226,0.101562,0.099145,0.101381,0.097802,0.102347,0.099809,0.098331,0.097323
0.097424,0.097319,0.097562,0.095657,0.110601,0.102101,0.109188,0.096529,0.095131,0.098488
0.101053,0.098695,0.101445,0.098143,0.103015,0.097211,0.101915,0.099618,0.099239,0.099666
0.100003,0.100762,0.101524,0.099797,0.100684,0.099982,0.099704,0.099572,0.099559,0.098412
0.101214,0.100803,0.101627,0.096625,0.099896,0.101964,0.099193,0.099097,0.100168,0.099412
0.101574,0.102508,0.101228,0.099014,0.097338,0.100381,0.099254,0.099432,0.099450,0.099821
0.100939,0.102539,0.098924,0.101780,0.100277,0.097937,0.099929,0.099876,0.100160,0.097638
0.097849,0.097515,0.096063,0.096385,0.110653,0.102227,0.109252,0.095108,0.096984,0.097963
0.100175,0.100240,0.101183,0.097910,0.102387,0.099829,0.098617,0.099244,0.100824,0.099592
0.100472,0.098571,0.100122,0.098045,0.102486,0.101352,0.098656,0.100537,0.098953,0.100806
0.100599,0.099695,0.099831,0.100501,0.099992,0.101269,0.099638,0.099388,0.099367,0.099721
0.097008,0.098757,0.095902,0.096848,0.109697,0.102144,0.108468,0.099327,0.096778,0.095071
0.100695,0.099170,0.100765,0.101592,0.100586,0.097528,0.102625,0.099014,0.100481,0.097544
0.100492,0.099116,0.099055,0.101225,0.100549,0.102023,0.099128,0.098868,0.099695,0.099851
0.101224,0.100151,0.100572,0.096645,0.099980,0.102157,0.100308,0.099842,0.100371,0.098750
0.100781,0.098921,0.100871,0.099898,0.100308,0.102845,0.100021,0.099483,0.099494,0.097379
0.101242,0.101929,0.101872,0.095288,0.100319,0.100229,0.100004,0.099526,0.099374,0.100215
0.099758,0.100497,0.100186,0.098896,0.100068,0.101787,0.099820,0.098598,0.099166,0.101223
0.100792,0.102008,0.100724,0.099298,0.097284,0.100787,0.099833,0.099616,0.100468,0.099190
0.099630,0.098701,0.100716,0.100853,0.099566,0.102486,0.101673,0.099536,0.099359,0.097480
0.100066,0.099786,0.099870,0.099121,0.102222,0.101248,0.099356,0.099121,0.099706,0.099504
0.100301,0.100243,0.100113,0.099710,0.099835,0.101490,0.099459,0.099314,0.098957,0.100580
0.097292,0.097420,0.097606,0.095650,0.110806,0.101614,0.109362,0.097114,0.096236,0.096900
0.099693,0.101373,0.100213,0.099093,0.102625,0.101420,0.098815,0.098774,0.099767,0.098226
0.099967,0.099094,0.100426,0.099602,0.100379,0.100422,0.103113,0.099671,0.099863,0.097464
0.096977,0.097570,0.099166,0.096970,0.110705,0.102609,0.109407,0.095611,0.095495,0.095493
0.101175,0.101128,0.101786,0.098473,0.097619,0.102135,0.100307,0.099094,0.098772,0.099510
0.099827,0.101564,0.101646,0.098231,0.099905,0.102621,0.099167,0.099569,0.100026,0.097444
0.100858,0.102816,0.100420,0.096433,0.100442,0.097983,0.101298,0.099761,0.100815,0.099173
0.101770,0.099800,0.101174,0.099470,0.097389,0.097930,0.100116,0.100459,0.102032,0.099860
0.101122,0.100726,0.098731,0.100784,0.099413,0.102379,0.098756,0.100570,0.099406,0.098111
0.101177,0.101919,0.100262,0.095913,0.103128,0.097372,0.102001,0.100059,0.100707,0.097461
0.096990,0.098502,0.096068,0.095162,0.110943,0.102732,0.110906,0.096112,0.096407,0.096177
0.100229,0.101349,0.100402,0.100608,0.100033,0.101511,0.101439,0.098444,0.099093,0.096892
0.101481,0.099253,0.099284,0.099637,0.100736,0.098222,0.103584,0.099123,0.100962,0.097718
0.100149,0.101477,0.101092,0.098208,0.099249,0.097182,0.099827,0.101295,0.099743,0.101778
0.100253,0.099248,0.099678,0.100345,0.099865,0.097428,0.102958,0.099646,0.099685,0.100894
0.099863,0.098583,0.101486,0.099433,0.099122,0.100055,0.103576,0.099262,0.101258,0.097362
0.097488,0.097286,0.097441,0.098535,0.109631,0.101526,0.108337,0.098628,0.096698,0.094432
0.101565,0.101757,0.101385,0.096839,0.099796,0.100830,0.100023,0.098909,0.100395,0.098500
0.099426,0.098398,0.101026,0.099551,0.099984,0.101798,0.099463,0.099107,0.101366,0.099881
0.100537,0.101379,0.099887,0.100547,0.099139,0.102279,0.099604,0.100572,0.098904,0.097152
0.100155,0.098372,0.099076,0.100103,0.099788,0.101198,0.101999,0.100434,0.098239,0.100636
0.096937,0.096208,0.096086,0.097239,0.110739,0.102586,0.109435,0.096479,0.097291,0.097000
0.100667,0.099249,0.099975,0.100554,0.099595,0.100447,0.098579,0.100228,0.099689,0.101016
0.099863,0.098721,0.100174,0.098866,0.102723,0.100544,0.101479,0.098606,0.099664,0.099360
0.099863,0.100108,0.098684,0.099618,0.100236,0.099826,0.103466,0.099287,0.099255,0.099659
0.099918,0.101727,0.100517,0.099804,0.099954,0.099810,0.101853,0.100052,0.099657,0.096709
0.099560,0.100932,0.100791,0.097997,0.097126,0.101776,0.101695,0.099448,0.099317,0.101357
0.100879,0.101575,0.101234,0.096013,0.100118,0.101684,0.098728,0.099462,0.100449,0.099857
0.099932,0.099340,0.101032,0.098741,0.100267,0.100042,0.101745,0.100927,0.100193,0.097778
0.099515,0.100157,0.100477,0.099637,0.100646,0.101421,0.099684,0.100543,0.098917,0.099003
0.100243,0.101287,0.101095,0.098197,0.100406,0.100852,0.099860,0.100728,0.099968,0.097363
0.100714,0.099529,0.100290,0.095714,0.102800,0.101788,0.100879,0.098518,0.099778,0.099991
0.096796,0.096042,0.098252,0.097080,0.110553,0.102149,0.109188,0.097140,0.096520,0.096279
0.101903,0.100453,0.101896,0.098260,0.100451,0.102017,0.098533,0.100645,0.098276,0.097565
0.097457,0.096276,0.097394,0.095599,0.110003,0.102231,0.108725,0.096801,0.096939,0.098575
0.097473,0.096458,0.097738,0.095668,0.111311,0.102299,0.109866,0.096938,0.097647,0.094604
0.099237,0.100679,0.099363,0.099999,0.102187,0.101677,0.100983,0.099189,0.097373,0.099313
0.099364,0.102951,0.101560,0.097861,0.100166,0.097483,0.099870,0.100781,0.100033,0.099930
0.100763,0.099469,0.101101,0.100593,0.100769,0.101465,0.098519,0.099419,0.100552,0.097349
0.096999,0.097206,0.097121,0.097518,0.109128,0.101217,0.107824,0.098523,0.097881,0.096582
0.099904,0.101506,0.100499,0.095249,0.100698,0.101547,0.098484,0.099693,0.101287,0.101132
0.100385,0.099658,0.099530,0.100656,0.099568,0.102390,0.103739,0.098544,0.098456,0.097073
0.096817,0.097200,0.097753,0.096444,0.109480,0.102037,0.108372,0.099418,0.096330,0.096150
0.100116,0.100194,0.100568,0.098427,0.101456,0.100395,0.099373,0.100588,0.100401,0.098482
0.100433,0.101126,0.100167,0.098227,0.100360,0.100067,0.099709,0.099639,0.101850,0.098422
0.099758,0.101375,0.101385,0.095284,0.100002,0.101585,0.100752,0.099624,0.100949,0.099287
0.097381,0.096520,0.096106,0.096317,0.111051,0.101906,0.109882,0.097262,0.096598,0.096977
0.097340,0.096033,0.097296,0.096385,0.111014,0.102020,0.110363,0.095246,0.096491,0.097813
0.099428,0.101447,0.099983,0.099658,0.099385,0.100526,0.098657,0.100554,0.099412,0.100950
0.099870,0.100650,0.100462,0.095838,0.100535,0.101951,0.103139,0.100462,0.099636,0.097456
0.099252,0.100338,0.099897,0.097823,0.102426,0.102012,0.099400,0.099124,0.099066,0.100664
0.101319,0.101450,0.100641,0.098425,0.100860,0.100638,0.100404,0.098993,0.099816,0.097455
0.097119,0.096368,0.097852,0.097834,0.110694,0.102277,0.109278,0.096337,0.097162,0.095079
0.100312,0.099201,0.100048,0.096864,0.100294,0.100940,0.102846,0.099202,0.100549,0.099745
0.097520,0.097547,0.096329,0.099037,0.109336,0.101657,0.108143,0.095857,0.098969,0.095605
0.100084,0.099455,0.101261,0.100728,0.099872,0.102507,0.099687,0.100172,0.099255,0.096978
0.099729,0.101759,0.101208,0.100379,0.100496,0.102195,0.099344,0.098328,0.099776,0.096785
0.097309,0.097576,0.097976,0.095931,0.110331,0.102522,0.109172,0.096404,0.097606,0.095173
0.100858,0.100256,0.100635,0.099419,0.099941,0.101596,0.098790,0.099239,0.099378,0.099887
0.097359,0.098320,0.097980,0.098618,0.109276,0.101562,0.107989,0.096958,0.096933,0.095003
0.100306,0.101734,0.099823,0.095705,0.100581,0.099890,0.101493,0.100590,0.098877,0.101001
0.101140,0.100988,0.102658,0.100778,0.097933,0.098431,0.099942,0.099304,0.100799,0.098026
0.099108,0.098227,0.099729,0.100148,0.100346,0.101121,0.101054,0.100199,0.099406,0.100663
0.097415,0.097592,0.097606,0.098424,0.109379,0.101309,0.108103,0.096245,0.097170,0.096758
0.100774,0.100153,0.099177,0.099890,0.097778,0.101847,0.100061,0.099725,0.100400,0.100194
0.100270,0.098927,0.100413,0.099925,0.100588,0.096981,0.102246,0.099683,0.099483,0.101485
0.099755,0.098505,0.100541,0.098870,0.102380,0.101942,0.101241,0.098504,0.100069,0.098192
0.101301,0.099151,0.099050,0.099248,0.100608,0.097050,0.101575,0.101281,0.098977,0.101759
0.100625,0.101654,0.100660,0.097889,0.097063,0.102561,0.100993,0.099268,0.098187,0.101100
0.097094,0.096283,0.097561,0.096767,0.110497,0.102128,0.109967,0.097080,0.096493,0.096130
0.099667,0.099212,0.098503,0.100354,0.102461,0.102028,0.102133,0.099178,0.099464,0.097001
0.098148,0.096302,0.096465,0.098669,0.110013,0.101378,0.108634,0.096974,0.098603,0.094815
0.096629,0.096027,0.098146,0.096999,0.110302,0.102162,0.108918,0.096330,0.096369,0.098118
0.100266,0.100535,0.101383,0.098132,0.099373,0.102922,0.098970,0.099680,0.100538,0.098201
0.096698,0.098865,0.095988,0.096962,0.109880,0.102213,0.108622,0.096355,0.097890,0.096527
0.099993,0.100231,0.100141,0.100818,0.099150,0.100002,0.099757,0.100054,0.100391,0.099463
0.096830,0.097395,0.097875,0.096699,0.109924,0.102475,0.109104,0.096296,0.097286,0.096115
0.100767,0.101476,0.099322,0.099686,0.099956,0.100533,0.102383,0.099396,0.098381,0.098100
0.099717,0.098670,0.100917,0.099971,0.100209,0.102013,0.098895,0.098662,0.099421,0.101524
0.100815,0.099414,0.101283,0.099305,0.099066,0.101846,0.098307,0.100705,0.099929,0.099329
0.101095,0.102964,0.100936,0.099096,0.101927,0.096639,0.098083,0.100791,0.098695,0.099775
0.100393,0.098968,0.101727,0.098292,0.100374,0.103121,0.100064,0.101030,0.098609,0.097423
0.100861,0.100234,0.100170,0.100728,0.099252,0.101572,0.100872,0.098789,0.100122,0.097400
0.099931,0.099856,0.100734,0.100206,0.100250,0.101892,0.100454,0.098294,0.099927,0.098456
0.100088,0.101748,0.100135,0.099290,0.099260,0.100795,0.101786,0.099408,0.100283,0.097207
0.099203,0.099243,0.100647,0.099420,0.098961,0.102369,0.100504,0.098392,0.100378,0.100883
0.100884,0.100009,0.100659,0.099805,0.099690,0.098240,0.100280,0.099965,0.100274,0.100194
0.100581,0.100118,0.100734,0.099710,0.097008,0.103078,0.101625,0.099139,0.098440,0.099567
0.101541,0.099125,0.101894,0.095458,0.100610,0.102271,0.102355,0.098799,0.098550,0.099397
0.097585,0.096180,0.097436,0.096607,0.110162,0.101754,0.108790,0.096621,0.098444,0.096421
0.101062,0.100838,0.099092,0.101091,0.097466,0.101990,0.098780,0.098851,0.101433,0.099397
0.097143,0.097391,0.097575,0.095419,0.110390,0.102138,0.109216,0.096289,0.098250,0.096189
0.100556,0.098766,0.101283,0.096425,0.100841,0.102030,0.099803,0.099575,0.100510,0.100212
0.096888,0.096616,0.097332,0.099458,0.110109,0.102227,0.108809,0.096360,0.096978,0.095223
0.096649,0.096358,0.098290,0.097783,0.110571,0.102221,0.109126,0.094911,0.097374,0.096716
0.100519,0.098737,0.100551,0.099517,0.099155,0.100073,0.102685,0.099925,0.099604,0.099234
0.097691,0.096163,0.098240,0.096896,0.110313,0.102391,0.109261,0.096343,0.097492,0.095210
0.097786,0.099351,0.097319,0.096708,0.109592,0.102110,0.108363,0.096776,0.096780,0.095215
0.100650,0.099704,0.099819,0.100441,0.099163,0.102159,0.102235,0.099248,0.099580,0.097001
0.100893,0.100253,0.101594,0.099229,0.099863,0.100676,0.098788,0.099237,0.100018,0.099448
0.100891,0.100472,0.099570,0.100971,0.100168,0.097860,0.102795,0.099554,0.100420,0.097298
0.100075,0.098391,0.099846,0.100288,0.099722,0.101385,0.103377,0.098944,0.099349,0.098623
0.100078,0.100711,0.099208,0.098437,0.101417,0.101099,0.101372,0.099729,0.099931,0.098018
0.101220,0.099958,0.100767,0.098074,0.100993,0.101735,0.101058,0.099446,0.099525,0.097224
0.101726,0.098974,0.099718,0.095656,0.100622,0.097300,0.102328,0.101195,0.100801,0.101680
0.100135,0.102130,0.101759,0.098929,0.099532,0.096978,0.101118,0.099374,0.100484,0.099561
0.100484,0.100813,0.099328,0.101621,0.101209,0.098063,0.101369,0.099149,0.100252,0.097711
0.099920,0.099729,0.099833,0.100439,0.102568,0.101468,0.099560,0.098632,0.098897,0.098954
0.099488,0.100927,0.099822,0.099198,0.102200,0.101171,0.100347,0.098959,0.099229,0.098659
0.099449,0.100206,0.100843,0.100966,0.100418,0.097690,0.103680,0.099482,0.099774,0.097492
0.100939,0.098296,0.101272,0.099372,0.100544,0.101479,0.098402,0.098907,0.100003,0.100786
0.100368,0.098545,0.099761,0.099645,0.099412,0.099812,0.100721,0.099496,0.101295,0.100946
0.100876,0.101843,0.101507,0.100850,0.097541,0.101494,0.099398,0.100185,0.098606,0.097700
0.101512,0.102405,0.101242,0.099812,0.099113,0.100139,0.099631,0.099309,0.099767,0.097070
0.100239,0.099714,0.098260,0.098793,0.102072,0.099556,0.101779,0.100141,0.099173,0.100274
0.097082,0.095859,0.095925,0.098250,0.110640,0.101457,0.109183,0.097102,0.096749,0.097753
0.100112,0.100740,0.101864,0.100008,0.099646,0.101926,0.098633,0.099439,0.100387,0.097244
0.096521,0.096249,0.097350,0.096558,0.110400,0.102013,0.109295,0.096945,0.096616,0.098051
0.100641,0.099984,0.100961,0.099538,0.097101,0.101269,0.102182,0.098537,0.100159,0.099627
0.101187,0.098705,0.100362,0.099820,0.100337,0.101816,0.101070,0.100855,0.098500,0.097349
0.099614,0.098589,0.101264,0.100748,0.100114,0.101623,0.098817,0.099391,0.099825,0.100013
0.100131,0.100665,0.100406,0.099767,0.100514,0.102022,0.099116,0.099020,0.098550,0.099808
0.101291,0.100376,0.100847,0.098745,0.099394,0.100842,0.101974,0.100160,0.099306,0.097064
0.100678,0.102998,0.101170,0.095916,0.097620,0.102041,0.100582,0.099819,0.099464,0.099711
0.100850,0.102701,0.101224,0.096116,0.099463,0.100402,0.100020,0.098798,0.100094,0.100332
0.100215,0.098881,0.098843,0.100111,0.100262,0.102237,0.099844,0.099648,0.099739,0.100220
0.099964,0.100729,0.100530,0.099255,0.103157,0.099659,0.099681,0.099322,0.098626,0.099077
0.100277,0.099144,0.099980,0.098849,0.099451,0.101193,0.102047,0.099018,0.099405,0.100635
0.096652,0.098696,0.095935,0.097035,0.110402,0.102287,0.109237,0.095003,0.098501,0.096253
0.099955,0.099797,0.100473,0.098295,0.099877,0.100582,0.099111,0.099582,0.102218,0.100109
0.097617,0.097357,0.098351,0.097687,0.110233,0.102320,0.108915,0.094752,0.096635,0.096132
0.101055,0.099114,0.100410,0.100262,0.097742,0.102325,0.100203,0.100613,0.099636,0.098640
0.096146,0.097870,0.097074,0.097702,0.109208,0.101369,0.107830,0.098973,0.096505,0.097324
0.096714,0.098842,0.097194,0.095311,0.110209,0.101956,0.109486,0.096056,0.098104,0.096127
0.100553,0.099254,0.101391,0.098480,0.100635,0.100678,0.100290,0.100027,0.100934,0.097759
0.099806,0.099736,0.101455,0.101046,0.103095,0.097969,0.100016,0.099487,0.099963,0.097427
0.100353,0.098509,0.101229,0.100655,0.100862,0.100579,0.098747,0.099414,0.099678,0.099973
0.097646,0.096414,0.097848,0.099542,0.109599,0.102260,0.108309,0.097221,0.094900,0.096260
0.100436,0.099444,0.098662,0.099625,0.100605,0.100468,0.103501,0.100530,0.099232,0.097497
0.100953,0.099005,0.100530,0.099483,0.099447,0.103035,0.099154,0.100436,0.100576,0.097381
0.099623,0.098260,0.099712,0.100137,0.102406,0.100339,0.102092,0.099173,0.099419,0.098839
0.100393,0.100230,0.099297,0.100192,0.099712,0.098072,0.100310,0.100924,0.102192,0.098678
0.097297,0.097700,0.097669,0.096494,0.110919,0.102638,0.109754,0.095338,0.095223,0.096968
0.100296,0.098933,0.099710,0.099559,0.097544,0.101704,0.101408,0.099833,0.099470,0.101543
0.099980,0.100022,0.101653,0.098480,0.099707,0.098220,0.100388,0.099735,0.103070,0.098745
0.100584,0.100277,0.099433,0.099287,0.100744,0.097507,0.103600,0.099271,0.099376,0.099921
0.100132,0.100325,0.100763,0.101013,0.101205,0.096795,0.098891,0.099250,0.101499,0.100128
0.099851,0.100608,0.099130,0.101502,0.099851,0.098049,0.100066,0.100813,0.100194,0.099935
0.099809,0.101282,0.101260,0.100526,0.099941,0.099776,0.101391,0.099199,0.099863,0.096954
0.100873,0.099993,0.098264,0.099383,0.100550,0.101518,0.103716,0.098081,0.099013,0.098609
0.100514,0.101855,0.099048,0.098552,0.100419,0.101451,0.099314,0.099634,0.100052,0.099163
0.097062,0.096443,0.098511,0.095788,0.110731,0.102809,0.109453,0.097046,0.097288,0.094869
0.099830,0.101103,0.100043,0.099661,0.099985,0.102373,0.099670,0.098601,0.099893,0.098840
0.100416,0.099951,0.100241,0.098100,0.100020,0.101464,0.099725,0.100206,0.100251,0.099627
0.099804,0.099105,0.100682,0.099119,0.101817,0.100639,0.100138,0.100089,0.098272,0.100337
0.100079,0.101271,0.100844,0.100115,0.099528,0.102021,0.097752,0.098997,0.099885,0.099508
0.100986,0.102292,0.100093,0.098676,0.100093,0.101508,0.098753,0.100204,0.100368,0.097027
0.099995,0.099028,0.100319,0.101455,0.099612,0.102070,0.099506,0.099106,0.098917,0.099992
0.101164,0.100013,0.099973,0.096517,0.100818,0.098128,0.103065,0.101178,0.098870,0.100274
0.099947,0.102469,0.099976,0.098094,0.099228,0.102486,0.099682,0.100602,0.100312,0.097204
0.100756,0.099013,0.101094,0.101344,0.100545,0.100342,0.099041,0.099817,0.098278,0.099770
0.099385,0.102043,0.099915,0.097753,0.102903,0.101397,0.099526,0.098876,0.099011,0.099192
0.100723,0.101912,0.100677,0.098115,0.099235,0.101464,0.099795,0.099491,0.099543,0.099046
0.099919,0.098951,0.100481,0.101199,0.099889,0.100359,0.099159,0.100432,0.101934,0.097677
0.100155,0.098785,0.098945,0.099200,0.100946,0.101585,0.099838,0.099440,0.101153,0.099954
0.097168,0.098593,0.097234,0.096333,0.109870,0.101499,0.108461,0.096318,0.096854,0.097669
0.100541,0.099984,0.101187,0.097742,0.102817,0.099699,0.098030,0.099277,0.100927,0.099795
0.099651,0.100333,0.101385,0.099848,0.099916,0.102718,0.099825,0.099153,0.098091,0.099080
0.097473,0.098557,0.097564,0.095486,0.109465,0.101347,0.108138,0.097401,0.096866,0.097702
0.097242,0.096204,0.096171,0.098649,0.109768,0.101775,0.108475,0.097550,0.097264,0.096902
0.100585,0.099200,0.100908,0.099109,0.097320,0.102159,0.103165,0.099428,0.100711,0.097414
0.099987,0.101017,0.099427,0.099070,0.099502,0.101843,0.101159,0.098108,0.099251,0.100634
0.100388,0.101922,0.100598,0.098959,0.098943,0.099859,0.099579,0.100153,0.099997,0.099603
0.096541,0.096780,0.097142,0.097026,0.110601,0.102146,0.109696,0.095887,0.096521,0.097660
0.101237,0.102184,0.100637,0.100256,0.100618,0.097389,0.100241,0.099777,0.100166,0.097493
0.097481,0.095889,0.098114,0.097578,0.110492,0.102130,0.109544,0.096886,0.096988,0.094899
0.097208,0.095925,0.098132,0.097792,0.110393,0.102123,0.109416,0.096048,0.096783,0.096181
0.101536,0.099995,0.101549,0.097410,0.098100,0.101501,0.100029,0.100592,0.100889,0.098398
0.096885,0.098814,0.097180,0.096486,0.110101,0.101890,0.108778,0.097062,0.097075,0.095729
0.100193,0.101620,0.100407,0.099982,0.101036,0.097813,0.102824,0.100323,0.098490,0.097311
0.099993,0.101650,0.098701,0.100107,0.100496,0.100765,0.098132,0.099875,0.099597,0.100684
0.100816,0.100069,0.099474,0.099776,0.101114,0.100766,0.098561,0.098915,0.099081,0.101428
0.097314,0.097687,0.098272,0.098254,0.108236,0.100639,0.106992,0.097539,0.098096,0.096970
0.096860,0.098578,0.097950,0.095157,0.109792,0.102900,0.108895,0.096397,0.096926,0.096544
0.097776,0.096602,0.097698,0.098959,0.108348,0.100992,0.107194,0.097168,0.097968,0.097294
0.100187,0.099772,0.100088,0.099305,0.100586,0.100168,0.101755,0.099762,0.099807,0.098570
0.099853,0.099329,0.099592,0.099032,0.102135,0.101049,0.103005,0.099466,0.099869,0.096670
0.101274,0.099644,0.098776,0.099549,0.100063,0.102725,0.099823,0.099617,0.099389,0.099140
0.099527,0.100697,0.099967,0.099097,0.100266,0.102429,0.101478,0.098499,0.098475,0.099565
0.101206,0.102282,0.101218,0.099480,0.100641,0.097632,0.100093,0.098992,0.100841,0.097614
0.099804,0.099594,0.099979,0.099790,0.102383,0.101691,0.100488,0.098589,0.099572,0.098111
0.097254,0.097433,0.098040,0.096758,0.110441,0.102176,0.109011,0.096203,0.094689,0.097995
0.097276,0.098698,0.097362,0.096913,0.109043,0.101342,0.107804,0.096566,0.097140,0.097854
0.100624,0.098701,0.101272,0.099133,0.100124,0.102576,0.098802,0.100282,0.100365,0.098122
0.098908,0.098163,0.096046,0.095568,0.111115,0.102984,0.110471,0.095212,0.097079,0.094454
0.099390,0.098153,0.100229,0.099041,0.102488,0.102096,0.103364,0.099024,0.099386,0.096829
0.097355,0.096641,0.097709,0.096993,0.109796,0.102202,0.108602,0.097757,0.097260,0.095687
0.100661,0.100337,0.100299,0.100959,0.099527,0.100124,0.100897,0.099467,0.100403,0.097327
0.102185,0.100231,0.102504,0.099384,0.097551,0.100839,0.098750,0.100304,0.100187,0.098064
0.097214,0.098705,0.095898,0.096752,0.110215,0.102154,0.108836,0.096405,0.097110,0.096710
0.099438,0.101163,0.099716,0.100392,0.099026,0.100373,0.099531,0.100429,0.100145,0.099787
0.101265,0.099283,0.101274,0.099113,0.099873,0.099891,0.099567,0.100851,0.100024,0.098860
0.100138,0.099774,0.100149,0.098343,0.098889,0.099559,0.103333,0.099912,0.099161,0.100740
0.097620,0.097323,0.097431,0.096801,0.109067,0.100956,0.107738,0.096534,0.098109,0.098422
0.100150,0.102668,0.099318,0.100067,0.100350,0.097800,0.098853,0.099351,0.101841,0.099602
0.099648,0.100066,0.099943,0.099215,0.100670,0.101583,0.102429,0.099960,0.099164,0.097323
0.100389,0.098969,0.099925,0.100073,0.102332,0.100805,0.099261,0.099357,0.098341,0.100550
0.100495,0.100081,0.101623,0.099909,0.100118,0.102049,0.098217,0.098294,0.100136,0.099078
