0.116055,0.140380,0.119638,0.122578,0.055616,0.081692,0.063910,0.061110,0.141059,0.097962
0.087725,0.077564,0.055750,0.110005,0.081607,0.121648,0.067460,0.240029,0.083123,0.075088
0.095950,0.088404,0.117316,0.079989,0.063441,0.119991,0.076974,0.232975,0.073700,0.051261
0.030071,0.024063,0.028584,0.026980,0.400085,0.072413,0.332990,0.015778,0.039559,0.029476
0.103393,0.076634,0.116595,0.062751,0.070973,0.083159,0.115018,0.238787,0.076890,0.055800
0.061848,0.077707,0.044472,0.039142,0.264428,0.081245,0.245028,0.085657,0.044591,0.055883
0.118325,0.133256,0.090394,0.099305,0.087482,0.097726,0.069909,0.068668,0.085426,0.149508
0.081001,0.115836,0.115830,0.088675,0.045367,0.081576,0.114552,0.158768,0.130007,0.068388
0.105241,0.148544,0.101107,0.108880,0.099913,0.104998,0.097332,0.070215,0.090963,0.072808
0.035241,0.051200,0.030144,0.022564,0.365400,0.065633,0.310702,0.049625,0.046425,0.023066
0.098357,0.149346,0.075930,0.070303,0.073509,0.097540,0.065709,0.079177,0.206402,0.083728
0.067056,0.069939,0.052839,0.048020,0.296050,0.074481,0.261920,0.036343,0.068749,0.024604
0.025526,0.029297,0.038048,0.040679,0.397889,0.060771,0.317871,0.026179,0.036666,0.027074
0.101535,0.105315,0.063681,0.126466,0.089041,0.143451,0.112419,0.058179,0.088762,0.111151
0.038794,0.057999,0.058912,0.026906,0.346705,0.059305,0.295273,0.023648,0.068514,0.023945
0.114443,0.132254,0.096377,0.080933,0.074322,0.120066,0.085724,0.089085,0.135163,0.071634
0.100817,0.112060,0.076095,0.072334,0.071115,0.100750,0.121733,0.071078,0.186460,0.087558
0.088299,0.117440,0.095999,0.066361,0.066648,0.128893,0.145189,0.052312,0.080168,0.158690
0.089048,0.149520,0.064524,0.140382,0.091091,0.088520,0.067471,0.082081,0.150830,0.076533
0.041610,0.037868,0.072615,0.053649,0.306008,0.086460,0.272679,0.041163,0.039524,0.048424
0.036634,0.066739,0.056209,0.031449,0.303392,0.071027,0.269492,0.034527,0.059352,0.071180
0.042218,0.039432,0.040558,0.031540,0.369892,0.060451,0.310644,0.033367,0.047237,0.024660
0.153513,0.073704,0.091942,0.123361,0.069101,0.190143,0.115552,0.049824,0.079333,0.053527
0.040595,0.046909,0.040558,0.029452,0.315598,0.092711,0.281859,0.061536,0.053574,0.037208
0.032641,0.050453,0.042525,0.040373,0.351512,0.069226,0.300588,0.042832,0.030433,0.039418
0.072793,0.101511,0.128980,0.081599,0.075084,0.097292,0.120348,0.043086,0.216339,0.062968
0.143057,0.138967,0.049341,0.079880,0.073083,0.104113,0.053755,0.208613,0.067529,0.081664
0.029739,0.026530,0.022074,0.033617,0.401858,0.061018,0.334943,0.020449,0.028470,0.041302
0.086760,0.130927,0.148155,0.089186,0.069978,0.077341,0.083568,0.098842,0.134736,0.080506
0.095746,0.141489,0.150942,0.108986,0.099373,0.086614,0.096229,0.058306,0.090207,0.072107
0.095269,0.172484,0.139463,0.058225,0.050443,0.075152,0.087256,0.069553,0.164185,0.087970
0.102165,0.134445,0.088735,0.094476,0.087673,0.121176,0.088086,0.093765,0.135731,0.053748
0.035854,0.059543,0.038400,0.054062,0.314233,0.088287,0.282754,0.044113,0.049318,0.033435
0.061284,0.043344,0.030749,0.060566,0.344765,0.058225,0.290066,0.019395,0.057379,0.034228
0.088711,0.093592,0.087345,0.127143,0.087727,0.124619,0.066793,0.095207,0.082647,0.146217
0.089509,0.123563,0.109990,0.088374,0.085451,0.074893,0.091361,0.061613,0.211326,0.063919
0.090029,0.121831,0.138649,0.124149,0.061657,0.110251,0.094304,0.101541,0.072483,0.085107
0.137160,0.090191,0.093260,0.074553,0.057835,0.070161,0.110914,0.045854,0.234354,0.085718
0.106273,0.081223,0.121093,0.098138,0.091232,0.080655,0.123798,0.096099,0.135428,0.066060
0.122586,0.135737,0.085645,0.051494,0.067738,0.091372,0.062193,0.152276,0.179165,0.051793
0.113203,0.161879,0.114314,0.063551,0.087377,0.079225,0.135070,0.078488,0.113765,0.053129
0.101766,0.084675,0.070970,0.090082,0.078959,0.091714,0.084908,0.101785,0.186459,0.108681
0.122995,0.131085,0.106806,0.138081,0.076206,0.091656,0.081451,0.066369,0.080538,0.104814
0.091308,0.147175,0.055301,0.152041,0.086468,0.116579,0.134244,0.089929,0.072719,0.054236
0.037553,0.054875,0.043706,0.054044,0.323547,0.080861,0.280362,0.044928,0.034528,0.045595
0.157628,0.080624,0.120238,0.099313,0.081187,0.100324,0.073996,0.055590,0.122303,0.108799
0.038091,0.082826,0.023263,0.036732,0.349310,0.062106,0.299545,0.023258,0.062439,0.022429
0.096877,0.129822,0.063697,0.077906,0.080521,0.107421,0.065167,0.112385,0.120671,0.145534
0.088105,0.088833,0.088712,0.067626,0.077314,0.219053,0.096345,0.117563,0.082381,0.074068
0.116256,0.099121,0.086262,0.122429,0.087596,0.078420,0.114096,0.112630,0.130591,0.052598
0.043029,0.075340,0.059562,0.043756,0.304642,0.066913,0.267841,0.035866,0.065806,0.037243
0.091109,0.126635,0.100414,0.152980,0.088331,0.090540,0.079576,0.109081,0.085029,0.076304
0.122906,0.132958,0.125098,0.077148,0.086621,0.102389,0.119550,0.057032,0.081050,0.095247
0.049208,0.066370,0.061511,0.058154,0.269657,0.089413,0.247065,0.043877,0.063888,0.050857
0.094881,0.116359,0.142866,0.087814,0.057456,0.112081,0.129955,0.072877,0.128026,0.057686
0.044671,0.067946,0.035883,0.034496,0.349167,0.065608,0.299830,0.022613,0.052871,0.026915
0.031934,0.046205,0.030345,0.032441,0.372276,0.066784,0.309398,0.031623,0.045177,0.033818
0.097343,0.150800,0.061866,0.091063,0.091169,0.119450,0.063097,0.120347,0.116263,0.088603
0.095771,0.104602,0.148038,0.084553,0.092541,0.122759,0.121033,0.095053,0.080402,0.055248
0.172112,0.091080,0.119637,0.064533,0.059121,0.078548,0.068648,0.089889,0.159180,0.097252
0.062902,0.058472,0.049159,0.065289,0.267820,0.092241,0.243795,0.058792,0.050982,0.050549
0.096096,0.126296,0.127467,0.079654,0.080127,0.073528,0.111561,0.100943,0.132811,0.071515
0.064792,0.076992,0.053243,0.055888,0.273023,0.083367,0.242586,0.046633,0.058015,0.045460
0.044582,0.070519,0.065244,0.037088,0.338559,0.058307,0.283386,0.019104,0.049555,0.033654
0.079407,0.092607,0.075807,0.090910,0.072424,0.104601,0.125887,0.082633,0.187131,0.088592
0.081200,0.129182,0.101882,0.148419,0.080711,0.072527,0.085804,0.084067,0.070744,0.145464
0.090618,0.125020,0.114420,0.125428,0.067312,0.077107,0.061692,0.111682,0.078828,0.147891
0.107630,0.175109,0.080224,0.102663,0.078296,0.112150,0.053276,0.043178,0.167517,0.079956
0.099918,0.132934,0.162173,0.086130,0.068239,0.088065,0.126373,0.096946,0.085056,0.054165
0.082222,0.124267,0.048140,0.148053,0.047055,0.075843,0.079789,0.250559,0.066827,0.077245
0.062141,0.072460,0.055555,0.039871,0.304110,0.063687,0.262907,0.035791,0.033819,0.069659
0.032403,0.025673,0.021083,0.045253,0.383818,0.070000,0.323862,0.035974,0.026685,0.035249
0.083095,0.190495,0.059031,0.184887,0.056934,0.069863,0.072222,0.084003,0.129400,0.070069
0.104164,0.088220,0.074964,0.074231,0.071851,0.089385,0.108444,0.059682,0.157050,0.172008
0.085357,0.152657,0.112408,0.078218,0.073482,0.072285,0.062639,0.193697,0.096434,0.072822
0.088092,0.140751,0.088802,0.159398,0.056429,0.127390,0.066799,0.092663,0.077743,0.101934
0.114816,0.121073,0.116440,0.126649,0.062733,0.085159,0.076511,0.091419,0.107325,0.097876
0.035212,0.056176,0.039557,0.030741,0.329415,0.082878,0.295317,0.057377,0.034286,0.039039
0.031511,0.073410,0.028861,0.033005,0.372624,0.052437,0.304935,0.029868,0.028781,0.044567
0.064715,0.141272,0.047435,0.111427,0.063899,0.086613,0.109463,0.167615,0.133616,0.073944
0.034369,0.041274,0.066259,0.036681,0.344661,0.056628,0.288690,0.035932,0.050482,0.045024
0.075938,0.093527,0.074646,0.108607,0.054866,0.149429,0.096425,0.088682,0.183096,0.074783
0.048625,0.049736,0.053722,0.045379,0.308905,0.078996,0.271012,0.077195,0.035332,0.031099
0.066932,0.063271,0.072656,0.041565,0.308414,0.054188,0.263847,0.036890,0.034415,0.057823
0.091775,0.129767,0.061642,0.165016,0.074280,0.075170,0.087822,0.076843,0.186910,0.050776
0.031525,0.044551,0.018504,0.045337,0.360268,0.070647,0.301689,0.030256,0.040383,0.056841
0.094026,0.138808,0.107345,0.073686,0.072308,0.118442,0.071201,0.101589,0.142737,0.079857
0.152205,0.139133,0.139818,0.118538,0.048049,0.074021,0.125835,0.079396,0.073096,0.049908
0.056060,0.075506,0.080212,0.054991,0.261258,0.073284,0.240975,0.031692,0.065395,0.060625
0.092948,0.101668,0.084357,0.113835,0.062953,0.078872,0.116460,0.106201,0.133430,0.109276
0.077172,0.106320,0.085949,0.148753,0.071150,0.095110,0.112952,0.174753,0.067513,0.060326
0.138996,0.110435,0.068595,0.079669,0.066450,0.114923,0.079009,0.076980,0.145910,0.119033
0.038854,0.075331,0.022250,0.034494,0.332856,0.079273,0.288638,0.035246,0.049162,0.043896
0.095255,0.077801,0.120976,0.063672,0.063826,0.085732,0.137950,0.081105,0.172498,0.101186
0.093485,0.084123,0.069168,0.105338,0.094271,0.083477,0.096483,0.139708,0.174987,0.058959
0.088038,0.116295,0.115954,0.124370,0.057344,0.099212,0.114865,0.104389,0.127511,0.052021
0.093334,0.125758,0.114593,0.105073,0.064850,0.121184,0.093843,0.102405,0.080788,0.098174
0.053047,0.066019,0.043245,0.033265,0.277443,0.079383,0.248583,0.074154,0.054543,0.070319
0.172219,0.132182,0.112964,0.064572,0.062702,0.123984,0.074589,0.126662,0.079457,0.050670
0.091898,0.127486,0.130513,0.113578,0.058355,0.124505,0.067377,0.106848,0.083167,0.096273
0.079801,0.113427,0.080186,0.112061,0.065585,0.170190,0.066149,0.090481,0.092176,0.129945
0.108042,0.153138,0.079388,0.113365,0.084949,0.091191,0.090289,0.109538,0.093185,0.076915
0.109160,0.125702,0.098948,0.065420,0.051660,0.072488,0.138129,0.059003,0.176819,0.102671
0.087176,0.113396,0.103033,0.118450,0.067522,0.073507,0.109465,0.107684,0.078092,0.141676
0.080806,0.131214,0.050621,0.126311,0.055072,0.104124,0.056550,0.192878,0.117916,0.084508
0.090006,0.123986,0.112390,0.062527,0.079617,0.075506,0.064915,0.098596,0.193959,0.098499
0.154933,0.134354,0.080019,0.088999,0.070869,0.105759,0.088875,0.096481,0.099265,0.080445
0.046329,0.035190,0.051345,0.027784,0.306976,0.087422,0.273195,0.080682,0.055915,0.035162
0.038037,0.061160,0.036039,0.053807,0.326630,0.074998,0.284437,0.034837,0.053252,0.036804
0.117865,0.104691,0.096020,0.065420,0.084539,0.077373,0.122136,0.118180,0.111516,0.102262
0.107678,0.080623,0.108604,0.116706,0.064516,0.183855,0.106522,0.096187,0.067631,0.067678
0.097422,0.140477,0.058017,0.067163,0.091293,0.120875,0.090074,0.084569,0.180627,0.069483
0.097102,0.093797,0.089488,0.144379,0.062631,0.079737,0.066045,0.080829,0.210327,0.075665
0.032087,0.049047,0.021581,0.036162,0.362101,0.074961,0.307837,0.040786,0.048577,0.026862
0.081664,0.084981,0.126154,0.063963,0.082716,0.077904,0.130047,0.076416,0.214978,0.061177
0.103296,0.175769,0.059212,0.078648,0.068188,0.130976,0.075485,0.088123,0.138161,0.082142
0.090837,0.105772,0.119493,0.104763,0.084067,0.085094,0.099133,0.094994,0.118438,0.097409
0.099357,0.136641,0.112459,0.126215,0.068999,0.090171,0.074835,0.101398,0.084764,0.105162
0.085658,0.080281,0.073093,0.098025,0.084267,0.096719,0.109902,0.097564,0.131846,0.142645
0.045482,0.047936,0.023831,0.059103,0.336881,0.058258,0.280257,0.059655,0.054542,0.034055
0.171821,0.156841,0.062179,0.079066,0.078549,0.081206,0.146426,0.047586,0.114716,0.061609
0.067764,0.093232,0.099999,0.087032,0.067412,0.091481,0.111692,0.138345,0.166716,0.076328
0.042668,0.067390,0.046480,0.034031,0.310760,0.086798,0.281295,0.038101,0.066990,0.025488
0.094526,0.083007,0.090888,0.139152,0.095035,0.102439,0.082695,0.085278,0.167290,0.059689
0.029540,0.040573,0.019276,0.019039,0.407621,0.064384,0.339356,0.027820,0.024173,0.028218
0.130669,0.145903,0.097785,0.076181,0.074256,0.091340,0.144516,0.071917,0.092091,0.075343
0.041962,0.049338,0.055625,0.067799,0.290068,0.088342,0.266651,0.060827,0.038410,0.040980
0.112212,0.124392,0.114408,0.125032,0.068125,0.073345,0.073337,0.047216,0.170024,0.091909
0.089155,0.109516,0.093163,0.067685,0.088963,0.082408,0.139805,0.097815,0.078440,0.153050
0.088616,0.127266,0.153001,0.063179,0.082619,0.071166,0.083176,0.102584,0.136490,0.091903
0.048577,0.053133,0.038785,0.039800,0.320987,0.072829,0.278356,0.056568,0.052870,0.038097
0.099922,0.121350,0.084762,0.126485,0.082479,0.080251,0.094393,0.051678,0.161494,0.097187
0.110125,0.095273,0.136660,0.121769,0.082153,0.111026,0.065182,0.106996,0.121942,0.048874
0.081917,0.119859,0.101773,0.154846,0.084651,0.074376,0.065909,0.058930,0.113102,0.144637
0.112488,0.085291,0.116803,0.089516,0.070441,0.086068,0.147996,0.100160,0.125675,0.065561
0.091350,0.126966,0.104668,0.070874,0.083367,0.120698,0.125199,0.092615,0.117681,0.066583
0.077220,0.107391,0.104873,0.068623,0.074942,0.095052,0.078809,0.138638,0.173371,0.081082
0.094363,0.082801,0.139607,0.105162,0.083012,0.126972,0.141217,0.055331,0.113063,0.058471
0.023192,0.040035,0.033355,0.016992,0.409871,0.064433,0.329778,0.033824,0.032944,0.015576
0.081529,0.136784,0.122063,0.125080,0.069162,0.073481,0.126389,0.088324,0.125016,0.052173
0.083340,0.134139,0.053121,0.128713,0.087023,0.111682,0.059762,0.104716,0.138188,0.099317
0.087138,0.132422,0.106435,0.097047,0.088298,0.078502,0.065963,0.095330,0.139933,0.108932
0.029125,0.032033,0.039039,0.051426,0.371222,0.052838,0.302463,0.032756,0.058257,0.030839
0.060657,0.060246,0.073227,0.077478,0.213141,0.099813,0.198907,0.084456,0.073202,0.058874
0.173121,0.082887,0.060286,0.116873,0.083436,0.104923,0.067274,0.087591,0.114993,0.108615
0.099578,0.141850,0.123203,0.069825,0.087232,0.103423,0.071426,0.087007,0.123899,0.092557
0.114609,0.086117,0.142978,0.126484,0.060505,0.116609,0.086920,0.102115,0.079606,0.084056
0.105309,0.087298,0.102058,0.078374,0.086907,0.086904,0.099218,0.072265,0.157533,0.124134
0.081395,0.083997,0.086451,0.113691,0.059981,0.176791,0.093242,0.086750,0.117343,0.100359
0.049259,0.065130,0.038117,0.060753,0.321791,0.067597,0.278855,0.037995,0.032889,0.047613
0.031306,0.073936,0.047266,0.022309,0.355637,0.067758,0.302729,0.031494,0.029583,0.037982
0.079211,0.075299,0.143790,0.247457,0.055954,0.061739,0.081006,0.065951,0.144557,0.045035
0.140449,0.094752,0.070103,0.119613,0.081042,0.147393,0.117468,0.062093,0.093894,0.073192
0.027727,0.045386,0.017459,0.046456,0.386432,0.062536,0.324330,0.028506,0.026676,0.034491
0.123540,0.096649,0.064943,0.070626,0.066462,0.186340,0.052448,0.158962,0.140099,0.039931
0.104759,0.112880,0.106222,0.112451,0.072683,0.098487,0.100791,0.073431,0.092055,0.126240
0.058992,0.082454,0.075212,0.069698,0.227940,0.095299,0.211781,0.064548,0.069599,0.044478
0.077186,0.159329,0.047770,0.080268,0.074405,0.181586,0.057967,0.076176,0.116131,0.129182
0.106765,0.120059,0.058594,0.146166,0.088357,0.085666,0.117816,0.085533,0.079779,0.111264
0.083347,0.132812,0.120020,0.062519,0.083402,0.173606,0.089656,0.061239,0.100243,0.093155
0.045119,0.057505,0.025143,0.027277,0.306830,0.085777,0.275372,0.085819,0.063341,0.027816
0.067672,0.060765,0.053059,0.065461,0.235534,0.096851,0.218394,0.080989,0.063858,0.057417
0.116777,0.185421,0.086550,0.079145,0.061205,0.079800,0.064265,0.090546,0.082776,0.153514
0.097435,0.178946,0.099361,0.074857,0.061911,0.128244,0.088655,0.092735,0.093536,0.084320
0.080636,0.122712,0.051738,0.118464,0.080362,0.194349,0.070777,0.073215,0.119790,0.087957
0.088739,0.104844,0.120819,0.077975,0.083269,0.104337,0.136201,0.087958,0.101283,0.094575
0.051880,0.064799,0.048939,0.089871,0.251049,0.104871,0.236318,0.041927,0.060921,0.049423
0.036774,0.040492,0.048879,0.048711,0.330171,0.082222,0.287982,0.036981,0.049732,0.038056
0.096498,0.129641,0.158666,0.073493,0.069560,0.080778,0.124504,0.054077,0.150569,0.062213
0.087196,0.143855,0.103948,0.072987,0.074133,0.087060,0.070295,0.165768,0.101447,0.093311
0.104744,0.104949,0.118574,0.110155,0.074258,0.109687,0.089046,0.073417,0.090704,0.124465
0.155776,0.099125,0.052179,0.122024,0.061201,0.106130,0.083407,0.100485,0.079211,0.140462
0.142038,0.067534,0.082122,0.114341,0.075206,0.070952,0.103146,0.195387,0.066464,0.082809
0.037080,0.072648,0.048965,0.042069,0.335074,0.066329,0.293123,0.024769,0.034881,0.045061
0.059681,0.064686,0.047230,0.060141,0.265935,0.084274,0.244329,0.044772,0.059001,0.069951
0.036571,0.060963,0.035439,0.030036,0.345351,0.067669,0.300187,0.036123,0.062688,0.024972
0.095711,0.111769,0.074148,0.116581,0.059046,0.091896,0.129188,0.102252,0.139629,0.079780
0.096943,0.138264,0.141757,0.087270,0.084168,0.138391,0.066265,0.064021,0.082391,0.100530
0.099053,0.094392,0.092645,0.084512,0.057967,0.103149,0.123001,0.096199,0.137642,0.111439
0.054528,0.071380,0.076129,0.053960,0.253416,0.074966,0.233044,0.042995,0.063509,0.076071
0.109414,0.081933,0.112470,0.109074,0.058079,0.091934,0.082320,0.101971,0.148648,0.104158
0.080642,0.097840,0.078887,0.095758,0.076698,0.155159,0.087301,0.084179,0.116605,0.126930
0.118517,0.129497,0.112519,0.085074,0.082506,0.124544,0.112393,0.066702,0.097459,0.070789
0.092033,0.139263,0.086015,0.098747,0.088514,0.091579,0.122951,0.090232,0.134806,0.055861
0.091780,0.127094,0.152499,0.079342,0.074624,0.130637,0.074549,0.060439,0.121197,0.087841
0.105917,0.113248,0.066604,0.093605,0.073705,0.088644,0.109909,0.104530,0.130824,0.113014
0.077157,0.112571,0.057659,0.136979,0.057798,0.195837,0.106230,0.106266,0.069910,0.079594
0.107286,0.144646,0.103286,0.105501,0.080045,0.085700,0.079482,0.109866,0.085700,0.098488
0.102899,0.136344,0.123699,0.109420,0.073956,0.079058,0.081740,0.108265,0.076410,0.108210
0.044564,0.071108,0.028149,0.064121,0.290616,0.092956,0.263090,0.058284,0.051421,0.035691
0.160508,0.152163,0.086140,0.066093,0.088612,0.078033,0.067059,0.093752,0.133813,0.073827
0.057531,0.065338,0.051566,0.032753,0.312642,0.065282,0.275388,0.026350,0.065944,0.047206
0.030517,0.028591,0.046319,0.050345,0.366557,0.072697,0.316230,0.029169,0.029792,0.029782
0.030262,0.035194,0.036669,0.019978,0.392684,0.056577,0.327271,0.019152,0.044122,0.038091
0.043987,0.060595,0.020522,0.034976,0.364824,0.056314,0.307042,0.021607,0.052532,0.037601
0.097998,0.098895,0.092655,0.140258,0.059840,0.123163,0.069798,0.100423,0.154582,0.062388
0.128953,0.084261,0.085799,0.116157,0.071085,0.097983,0.077931,0.165959,0.112234,0.059638
0.076227,0.158853,0.087520,0.108351,0.072661,0.064770,0.053732,0.182525,0.115419,0.079942
0.054238,0.064698,0.027756,0.042492,0.324982,0.070230,0.284710,0.035497,0.067209,0.028188
0.082104,0.116990,0.062356,0.101190,0.082602,0.080097,0.133511,0.087097,0.119375,0.134678
0.117877,0.138018,0.071255,0.105237,0.080787,0.092189,0.085681,0.100721,0.084124,0.124112
0.112016,0.108818,0.111687,0.102716,0.076534,0.086930,0.093452,0.053515,0.154410,0.099922
0.034737,0.056036,0.043429,0.046993,0.346716,0.084087,0.301940,0.018073,0.049229,0.018761
0.089815,0.085542,0.127208,0.130367,0.064435,0.080670,0.113376,0.087853,0.130053,0.090681
0.099787,0.142898,0.104719,0.119568,0.055574,0.118227,0.126794,0.051063,0.079168,0.102202
0.159385,0.113114,0.143443,0.058590,0.050897,0.072778,0.057362,0.092977,0.168699,0.082755
0.099940,0.099078,0.131449,0.126843,0.070213,0.116435,0.076052,0.103507,0.122488,0.053995
0.141920,0.123757,0.050365,0.051870,0.049443,0.102589,0.062947,0.209077,0.162862,0.045169
0.037329,0.050795,0.055186,0.040575,0.319421,0.059521,0.273960,0.024836,0.064514,0.073863
0.087065,0.130695,0.111831,0.063060,0.070233,0.075355,0.117635,0.218189,0.073285,0.052652
0.043667,0.028264,0.066649,0.026092,0.344454,0.058660,0.290977,0.021672,0.051166,0.068400
0.086222,0.152404,0.057807,0.167295,0.072547,0.094912,0.071913,0.115122,0.130773,0.051004
0.051726,0.052443,0.068696,0.056581,0.273853,0.088636,0.247140,0.046718,0.064605,0.049603
0.029731,0.081103,0.029540,0.025268,0.380145,0.064521,0.321482,0.018399,0.029486,0.020325
0.124172,0.182363,0.059975,0.086167,0.088505,0.087673,0.094661,0.137008,0.077475,0.062002
0.029878,0.027580,0.043756,0.025403,0.358704,0.068611,0.306458,0.047995,0.028599,0.063014
0.088672,0.115088,0.102322,0.063829,0.080793,0.076439,0.086219,0.085989,0.216705,0.083945
0.088056,0.166304,0.125329,0.089394,0.083866,0.112252,0.073200,0.088623,0.111487,0.061489
0.088828,0.146818,0.103508,0.153377,0.070109,0.093884,0.064099,0.059563,0.128167,0.091646
0.089344,0.133869,0.089046,0.070922,0.054955,0.077006,0.060444,0.107855,0.236388,0.080170
0.076294,0.200728,0.050873,0.190246,0.062971,0.062815,0.062014,0.111835,0.130923,0.051301
0.039338,0.047452,0.032337,0.021207,0.382965,0.066954,0.325561,0.017600,0.027480,0.039106
0.087432,0.166280,0.126397,0.069409,0.082749,0.086003,0.065401,0.090399,0.127837,0.098094
0.120422,0.129400,0.091110,0.073683,0.087473,0.100635,0.070230,0.099323,0.117171,0.110552
0.089518,0.119897,0.113422,0.107166,0.065063,0.093321,0.070365,0.089253,0.155558,0.096437
0.038784,0.067113,0.025973,0.039467,0.338272,0.067122,0.289666,0.072520,0.034769,0.026313
0.092077,0.130668,0.128392,0.141105,0.068508,0.087492,0.099213,0.053613,0.143479,0.055454
0.104934,0.101494,0.072726,0.125422,0.061594,0.109817,0.073367,0.055833,0.195495,0.099320
0.114528,0.099772,0.115523,0.127618,0.071779,0.097543,0.069747,0.113032,0.126964,0.063494
0.079024,0.078778,0.086338,0.119808,0.055988,0.106038,0.104426,0.103794,0.219662,0.046143
0.080283,0.123297,0.119712,0.114418,0.069467,0.105375,0.102867,0.069623,0.148977,0.065980
0.132448,0.145932,0.121088,0.065938,0.051129,0.082582,0.097059,0.041375,0.138385,0.124063
0.131332,0.135012,0.064202,0.113730,0.072554,0.087887,0.088023,0.104981,0.093245,0.109033
0.152149,0.084251,0.089805,0.104350,0.066751,0.123204,0.082162,0.087112,0.160587,0.049631
0.095882,0.153875,0.094854,0.073879,0.091629,0.118853,0.077898,0.100425,0.083553,0.109152
0.114588,0.126671,0.108223,0.099902,0.106839,0.094325,0.078357,0.059781,0.091217,0.120098
0.029979,0.060619,0.019370,0.029943,0.363616,0.073915,0.305920,0.037441,0.045969,0.033227
0.164519,0.134604,0.088564,0.088481,0.086106,0.097439,0.070290,0.065659,0.136826,0.067514
0.083080,0.079762,0.107168,0.087856,0.069041,0.080051,0.127875,0.070140,0.245336,0.049689
0.034933,0.028202,0.047653,0.038407,0.388550,0.064250,0.326916,0.018644,0.029486,0.022960
0.120337,0.187406,0.110976,0.068588,0.064229,0.101456,0.121230,0.051663,0.076920,0.097195
0.082090,0.181705,0.095740,0.057033,0.063755,0.222326,0.058108,0.068769,0.125644,0.044829
0.107678,0.120860,0.138626,0.150180,0.073031,0.073168,0.089811,0.083713,0.075804,0.087129
0.102543,0.108114,0.105867,0.104051,0.065953,0.086021,0.073289,0.112748,0.147574,0.093840
0.087639,0.175159,0.062088,0.106388,0.067936,0.122774,0.060839,0.089645,0.166200,0.061332
0.089691,0.127944,0.111162,0.114187,0.084383,0.075724,0.087888,0.177950,0.080243,0.050826
0.042300,0.061798,0.025876,0.037036,0.309511,0.092533,0.298942,0.057871,0.034597,0.039536
0.081471,0.125125,0.092318,0.104615,0.050639,0.104599,0.081141,0.046536,0.259301,0.054256
0.125847,0.135862,0.065851,0.088462,0.081467,0.083450,0.152778,0.051293,0.155413,0.059576
0.065556,0.150743,0.045722,0.048397,0.063847,0.062017,0.057562,0.179930,0.202430,0.123796
0.083702,0.117033,0.079195,0.104427,0.052469,0.077516,0.116482,0.098646,0.127503,0.143026
0.088114,0.128700,0.134514,0.068206,0.091125,0.089502,0.122451,0.083652,0.135809,0.057927
0.027774,0.025007,0.039238,0.045289,0.375583,0.064396,0.313402,0.065391,0.025849,0.018072
0.094730,0.132596,0.106365,0.142882,0.072908,0.078177,0.116230,0.063434,0.127197,0.065481
0.140015,0.109765,0.094496,0.084089,0.057601,0.187375,0.068778,0.070866,0.121438,0.065576
0.100821,0.116444,0.102431,0.111001,0.076201,0.102310,0.060745,0.081753,0.198734,0.049561
0.091212,0.127365,0.090956,0.107446,0.057647,0.099228,0.141365,0.098717,0.080469,0.105594
0.039132,0.045939,0.042695,0.044892,0.322092,0.078585,0.287609,0.035437,0.062000,0.041619
0.081914,0.091113,0.131711,0.113582,0.055846,0.069284,0.058589,0.196737,0.067609,0.133615
0.096095,0.104713,0.097469,0.095360,0.092515,0.086574,0.097452,0.071800,0.156495,0.101526
0.084607,0.069993,0.060093,0.086322,0.051338,0.107872,0.111765,0.107366,0.230764,0.089879
0.090811,0.148985,0.057933,0.107720,0.082775,0.089246,0.095307,0.114889,0.155295,0.057040
0.085148,0.179060,0.092184,0.060705,0.056536,0.104553,0.080418,0.084293,0.113374,0.143730
0.086738,0.124290,0.099962,0.122299,0.072995,0.178272,0.059221,0.086512,0.077139,0.092573
0.082781,0.103279,0.101111,0.079342,0.052750,0.084917,0.086177,0.273449,0.074916,0.061278
0.092975,0.075967,0.096845,0.137670,0.082391,0.094620,0.117422,0.092818,0.113919,0.095373
0.096371,0.204446,0.111659,0.070289,0.058484,0.080633,0.079565,0.097366,0.144712,0.056474
0.091286,0.104730,0.090327,0.146327,0.087081,0.116630,0.098880,0.053768,0.133743,0.077229
0.034551,0.053995,0.051982,0.039510,0.335743,0.073062,0.291511,0.044860,0.032735,0.042051
0.094963,0.132983,0.105866,0.064955,0.073692,0.238513,0.055394,0.103527,0.069637,0.060472
0.035582,0.052870,0.034472,0.029541,0.329267,0.067100,0.287028,0.058995,0.032862,0.072284
0.039428,0.039907,0.049105,0.051077,0.329866,0.084253,0.287809,0.039191,0.057899,0.021465
0.080008,0.100624,0.137950,0.121418,0.075069,0.104897,0.082695,0.100505,0.098173,0.098661
0.083528,0.141460,0.112717,0.058510,0.060228,0.069472,0.110942,0.225599,0.072796,0.064749
0.099064,0.106214,0.112132,0.133193,0.090807,0.104311,0.067771,0.098800,0.126637,0.061071
0.031268,0.061664,0.045548,0.051605,0.329368,0.066493,0.278211,0.066405,0.043097,0.026338
0.077875,0.111339,0.048670,0.097672,0.075601,0.155029,0.050264,0.159714,0.103799,0.120036
0.082017,0.120440,0.084248,0.122503,0.068160,0.223951,0.116364,0.057841,0.072183,0.052294
0.048882,0.066382,0.056196,0.052597,0.280844,0.077633,0.252620,0.078563,0.039978,0.046306
0.133014,0.103235,0.126043,0.050752,0.070803,0.097595,0.050645,0.087753,0.230873,0.049289
0.088780,0.185337,0.085558,0.067332,0.066888,0.120075,0.077838,0.094461,0.147771,0.065962
0.075454,0.116496,0.113504,0.105516,0.051480,0.100772,0.084752,0.164019,0.110276,0.077728
0.039456,0.048307,0.040367,0.059973,0.313164,0.089243,0.277188,0.047655,0.052122,0.032525
0.035400,0.034415,0.041232,0.021308,0.366389,0.084047,0.311773,0.017805,0.050327,0.037302
0.088254,0.126206,0.141204,0.089117,0.067487,0.071515,0.060878,0.087989,0.166205,0.101145
0.068783,0.115674,0.115267,0.089975,0.044348,0.158322,0.115156,0.081422,0.172330,0.038722
0.134206,0.149171,0.071445,0.056756,0.071799,0.110306,0.098504,0.075927,0.142798,0.089088
0.120886,0.200221,0.122765,0.067942,0.055505,0.087981,0.122426,0.048785,0.122068,0.051420
0.035924,0.044113,0.020834,0.056219,0.340776,0.068784,0.295620,0.054049,0.059628,0.024054
0.091205,0.100171,0.093552,0.122349,0.088127,0.094598,0.119669,0.092152,0.123636,0.074540
0.025661,0.040648,0.019045,0.046272,0.403123,0.054457,0.331885,0.015723,0.043840,0.019346
0.084513,0.091635,0.096146,0.115250,0.057350,0.105142,0.062598,0.189187,0.150173,0.048006
0.096343,0.125115,0.140954,0.134254,0.085144,0.130144,0.079867,0.066185,0.078662,0.063334
0.034801,0.060590,0.023552,0.038614,0.348897,0.066411,0.301018,0.032776,0.067201,0.026139
0.086239,0.072417,0.092999,0.060084,0.059862,0.201199,0.061358,0.110688,0.162594,0.092559
0.063454,0.070885,0.048116,0.064089,0.297163,0.065452,0.257641,0.051537,0.054022,0.027641
0.076033,0.096570,0.118237,0.098619,0.076794,0.073605,0.076634,0.080753,0.181437,0.121318
0.174070,0.132717,0.148611,0.092575,0.057277,0.070862,0.070304,0.046839,0.151002,0.055742
0.087947,0.116214,0.079892,0.116981,0.077755,0.104028,0.080451,0.086956,0.116104,0.133672
0.057394,0.062700,0.018121,0.048295,0.364337,0.055460,0.299620,0.028441,0.042660,0.022973
0.110654,0.135744,0.074593,0.074823,0.070789,0.107161,0.086384,0.089070,0.142305,0.108478
0.076469,0.081197,0.142971,0.139632,0.048027,0.075631,0.082200,0.083660,0.170746,0.099468
0.093715,0.092200,0.059692,0.098207,0.090293,0.208139,0.087658,0.065334,0.137210,0.067551
0.093060,0.095927,0.069333,0.084627,0.085037,0.083843,0.107221,0.108290,0.109555,0.163108
0.126197,0.145576,0.060192,0.075988,0.070184,0.131434,0.105102,0.087262,0.082204,0.115863
0.043019,0.049766,0.025134,0.044976,0.321039,0.090091,0.284680,0.045848,0.051147,0.044300
0.086060,0.106535,0.067455,0.112477,0.082991,0.114976,0.135055,0.094537,0.137304,0.062609
0.031806,0.035227,0.025114,0.036781,0.411416,0.061337,0.323167,0.025793,0.033981,0.015380
0.044566,0.054075,0.059088,0.044194,0.294669,0.073818,0.262754,0.057995,0.037270,0.071571
0.102512,0.084581,0.121286,0.075858,0.098167,0.149418,0.071402,0.140402,0.086866,0.069509
0.039861,0.068304,0.025684,0.039570,0.339953,0.064597,0.291813,0.032554,0.059809,0.037855
0.082304,0.149242,0.148233,0.108812,0.084855,0.082421,0.074678,0.104017,0.079144,0.086295
0.053118,0.067836,0.063688,0.058592,0.254316,0.081252,0.234996,0.063671,0.064496,0.058036
0.099440,0.141935,0.096322,0.103783,0.072034,0.084969,0.146360,0.098779,0.084309,0.072069
0.081513,0.109510,0.089798,0.083399,0.067343,0.101818,0.056316,0.043040,0.230027,0.137235
0.100224,0.117977,0.118702,0.071504,0.100302,0.127254,0.069877,0.110437,0.084333,0.099389
0.099769,0.110936,0.094886,0.073113,0.088555,0.071329,0.047340,0.101615,0.228977,0.083478
0.096037,0.143040,0.119578,0.075097,0.084592,0.141223,0.085653,0.106435,0.084141,0.064204
0.102330,0.086084,0.153692,0.139366,0.098272,0.107542,0.107314,0.058740,0.084271,0.062388
0.096313,0.164490,0.100140,0.122882,0.083951,0.120130,0.092384,0.048967,0.078607,0.092135
0.093557,0.150895,0.130640,0.111468,0.096469,0.084240,0.096701,0.086891,0.085305,0.063833
0.085737,0.094785,0.054451,0.086445,0.081087,0.222331,0.086116,0.057249,0.132215,0.099584
0.089092,0.105706,0.155203,0.087720,0.088466,0.077257,0.068989,0.090284,0.139964,0.097319
0.099327,0.140583,0.051069,0.147062,0.057121,0.111928,0.098395,0.112118,0.097840,0.084558
0.101359,0.099006,0.119429,0.165015,0.061427,0.111139,0.100802,0.054637,0.082426,0.104761
0.057949,0.033667,0.042478,0.020905,0.364561,0.066049,0.305528,0.032061,0.041880,0.034924
0.119378,0.175449,0.066569,0.130770,0.064701,0.101347,0.063272,0.052305,0.130144,0.096067
0.033257,0.053469,0.021104,0.034248,0.359905,0.071683,0.312862,0.030366,0.047663,0.035442
0.085250,0.117153,0.102239,0.123318,0.086040,0.183627,0.066739,0.088951,0.075543,0.071140
0.042293,0.055087,0.040677,0.074143,0.313815,0.079431,0.277771,0.038168,0.048153,0.030461
0.038325,0.044994,0.049693,0.055113,0.336943,0.073287,0.293817,0.019729,0.060606,0.027492
0.083846,0.087446,0.051110,0.140548,0.067551,0.118318,0.132199,0.101936,0.133736,0.083309
0.066763,0.056203,0.061377,0.058907,0.278537,0.088468,0.249548,0.042032,0.064790,0.033376
0.052435,0.080067,0.035138,0.045085,0.321884,0.062198,0.278441,0.061247,0.036476,0.027028
0.086701,0.122448,0.112584,0.104870,0.068095,0.114798,0.134065,0.076676,0.127122,0.052641
0.102878,0.086761,0.148830,0.113263,0.072583,0.087438,0.073842,0.130603,0.085083,0.098719
0.118778,0.080562,0.091632,0.134013,0.067264,0.081890,0.138592,0.082010,0.147043,0.058217
0.076425,0.080305,0.074960,0.112214,0.055421,0.187439,0.104438,0.104909,0.119051,0.084839
0.152249,0.077754,0.065771,0.066086,0.086521,0.078181,0.096439,0.079664,0.243225,0.054110
0.099676,0.137132,0.061462,0.074201,0.090198,0.103946,0.103445,0.086466,0.185207,0.058268
0.100541,0.094011,0.093240,0.157783,0.059979,0.086478,0.097688,0.104542,0.088905,0.116832
0.101209,0.124197,0.143580,0.086465,0.077401,0.088772,0.105808,0.087108,0.090192,0.095267
0.094842,0.085244,0.072182,0.128275,0.097947,0.095537,0.105408,0.068319,0.193406,0.058840
0.092392,0.128487,0.116970,0.126070,0.081094,0.110644,0.068401,0.062458,0.117084,0.096401
0.083536,0.126534,0.084775,0.127730,0.081547,0.107833,0.093004,0.079501,0.120610,0.094931
0.084338,0.069110,0.093517,0.103205,0.050952,0.073466,0.114050,0.109637,0.253082,0.048643
0.088305,0.085998,0.128483,0.091042,0.079037,0.210868,0.061865,0.075620,0.077074,0.101708
0.099751,0.105642,0.101259,0.081761,0.064538,0.101600,0.083413,0.156062,0.111814,0.094160
0.098150,0.217408,0.059718,0.180294,0.062536,0.081880,0.067474,0.096078,0.076312,0.060150
0.095705,0.124364,0.102133,0.088704,0.080811,0.116386,0.069810,0.082251,0.184358,0.055476
0.083176,0.155996,0.061535,0.060559,0.074653,0.109538,0.119471,0.086788,0.118562,0.129722
0.028461,0.041312,0.028081,0.040606,0.389407,0.062199,0.317634,0.034053,0.024113,0.034133
0.079117,0.149994,0.132939,0.090025,0.066006,0.223561,0.057580,0.073247,0.072266,0.055264
0.043868,0.051108,0.026926,0.060829,0.302530,0.091050,0.269077,0.047677,0.037029,0.069905
0.088735,0.076067,0.103215,0.093793,0.063964,0.195950,0.136350,0.063405,0.080711,0.097810
0.090421,0.121868,0.085700,0.129191,0.055864,0.197987,0.095352,0.094586,0.075292,0.053739
0.098902,0.130054,0.110879,0.133929,0.058731,0.101774,0.069187,0.084870,0.133418,0.078255
0.173452,0.160159,0.125816,0.068179,0.058945,0.103578,0.069223,0.066968,0.079883,0.093795
0.099045,0.081621,0.104537,0.085021,0.075653,0.081758,0.095357,0.113976,0.199495,0.063539
0.076284,0.113322,0.079970,0.111813,0.051090,0.181797,0.105262,0.102801,0.095166,0.082495
0.086412,0.128323,0.102656,0.179076,0.085115,0.087185,0.075219,0.048409,0.135613,0.071992
0.088324,0.084898,0.060380,0.140513,0.060312,0.218563,0.072620,0.087772,0.117189,0.069428
0.091135,0.211370,0.057494,0.067424,0.088822,0.088253,0.074430,0.087772,0.126715,0.106583
0.119007,0.106400,0.058133,0.104482,0.067927,0.099090,0.134076,0.084414,0.077631,0.148839
0.039356,0.063060,0.037787,0.039172,0.340333,0.071679,0.295991,0.020344,0.050543,0.041734
0.158280,0.100043,0.146906,0.063532,0.070216,0.088030,0.061909,0.076155,0.139707,0.095221
0.066486,0.068010,0.047001,0.063599,0.312126,0.067992,0.275564,0.021224,0.033691,0.044306
0.093622,0.113765,0.109318,0.088286,0.057531,0.108404,0.065059,0.098203,0.206052,0.059760
0.042404,0.066006,0.069544,0.070218,0.249804,0.073903,0.226065,0.073706,0.058780,0.069568
0.042622,0.077969,0.037003,0.037973,0.304433,0.078578,0.272847,0.057410,0.051168,0.039997
0.100131,0.104914,0.069134,0.078820,0.090508,0.141213,0.081665,0.105956,0.164778,0.062881
0.093065,0.102268,0.106204,0.112771,0.083510,0.080115,0.118007,0.117631,0.133504,0.052926
0.103303,0.130445,0.109324,0.112848,0.087003,0.079570,0.067712,0.094148,0.138890,0.076757
0.069080,0.057169,0.074509,0.071268,0.274983,0.070292,0.244809,0.043523,0.041457,0.052910
0.104916,0.108384,0.071799,0.135218,0.092673,0.081822,0.127097,0.100025,0.118542,0.059524
0.116498,0.090513,0.162401,0.100130,0.087050,0.131779,0.065517,0.108479,0.080641,0.056994
0.091178,0.116831,0.111472,0.099815,0.077399,0.073605,0.129453,0.088021,0.121223,0.091002
0.089113,0.129338,0.067743,0.096574,0.090555,0.090812,0.122952,0.095139,0.152410,0.065365
0.042695,0.060595,0.053924,0.056016,0.320541,0.090614,0.283094,0.023524,0.036459,0.032539
0.075691,0.106985,0.077828,0.083538,0.054363,0.161984,0.087030,0.081275,0.140880,0.130425
0.097152,0.110395,0.111786,0.065853,0.091698,0.079750,0.125807,0.082145,0.169659,0.065755
0.083104,0.134438,0.081236,0.058841,0.076896,0.075215,0.112003,0.082714,0.228583,0.066969
0.084662,0.148368,0.097230,0.110972,0.086345,0.082170,0.066452,0.117781,0.130244,0.075776
0.099072,0.082793,0.069710,0.126709,0.077791,0.083574,0.073270,0.098341,0.191988,0.096750
0.096935,0.138641,0.139729,0.115510,0.055860,0.126441,0.089752,0.096787,0.078580,0.061764
0.082277,0.139867,0.056582,0.138742,0.073953,0.101036,0.109561,0.043393,0.167452,0.087136
0.080367,0.104884,0.077343,0.070228,0.077756,0.183636,0.067435,0.189085,0.071590,0.077675
0.039005,0.039854,0.074881,0.027853,0.355682,0.066066,0.303815,0.038358,0.031752,0.022735
0.077746,0.164570,0.070955,0.079632,0.064347,0.199533,0.100834,0.050992,0.110529,0.080861
0.087838,0.129105,0.085867,0.067667,0.066909,0.095114,0.071160,0.222748,0.081756,0.091835
0.074697,0.100436,0.102866,0.078738,0.070301,0.136647,0.080402,0.078824,0.161922,0.115167
0.094030,0.124302,0.117897,0.121253,0.058648,0.128924,0.068695,0.105902,0.094683,0.085667
0.092369,0.121696,0.118571,0.079162,0.053120,0.222907,0.065049,0.105295,0.082423,0.059407
0.158606,0.123768,0.116018,0.114456,0.085242,0.113102,0.065234,0.059967,0.074920,0.088688
0.104788,0.102666,0.089424,0.158666,0.059226,0.077875,0.138277,0.095154,0.075864,0.098061
0.148592,0.120257,0.104953,0.058190,0.078576,0.216986,0.068176,0.082649,0.072364,0.049258
0.129038,0.112328,0.064886,0.137589,0.063552,0.100605,0.080347,0.112153,0.091368,0.108134
0.073418,0.097308,0.117828,0.052310,0.067700,0.169915,0.060796,0.092802,0.198925,0.068997
0.087008,0.116293,0.096465,0.064328,0.083962,0.091298,0.113846,0.089095,0.165757,0.091947
0.091739,0.121160,0.141642,0.109505,0.070485,0.116431,0.063162,0.103924,0.130296,0.051657
0.098028,0.127379,0.070433,0.086009,0.089250,0.101602,0.073969,0.117594,0.131919,0.103816
0.026160,0.049719,0.039636,0.018733,0.377573,0.059651,0.316740,0.024965,0.050900,0.035921
0.091428,0.154986,0.114074,0.078743,0.088168,0.088668,0.064815,0.100120,0.137063,0.081934
0.091134,0.073612,0.103345,0.153213,0.059747,0.118263,0.117209,0.117647,0.072089,0.093740
0.036624,0.057499,0.065200,0.031406,0.342722,0.060096,0.288594,0.031359,0.044834,0.041665
0.034015,0.036476,0.034017,0.053336,0.358082,0.065625,0.304798,0.031916,0.056168,0.025567
0.106847,0.103899,0.062934,0.091773,0.070694,0.113127,0.155651,0.133454,0.094854,0.066767
0.083533,0.123602,0.111885,0.122612,0.061651,0.111081,0.082592,0.049710,0.115864,0.137468
0.104758,0.112389,0.051717,0.090223,0.079052,0.079573,0.107833,0.214631,0.070626,0.089196
0.046183,0.063274,0.058792,0.047636,0.267036,0.087854,0.248166,0.055446,0.056690,0.068922
0.088310,0.135863,0.155643,0.091157,0.052815,0.082517,0.117593,0.084997,0.136887,0.054219
0.042054,0.043681,0.044565,0.060559,0.316552,0.078788,0.279597,0.046965,0.060696,0.026543
0.044694,0.044358,0.050136,0.064141,0.316621,0.079789,0.278534,0.026379,0.049277,0.046070
0.097202,0.087611,0.122869,0.159900,0.056921,0.093858,0.064289,0.078592,0.187023,0.051736
0.042298,0.060717,0.025529,0.046342,0.322687,0.079492,0.288553,0.037949,0.059365,0.037067
0.089565,0.202019,0.082209,0.092302,0.081395,0.077866,0.140608,0.105010,0.073402,0.055625
0.084569,0.095104,0.073513,0.089564,0.071056,0.168795,0.055070,0.211731,0.062584,0.088013
0.100320,0.112406,0.076520,0.124916,0.074298,0.066540,0.051017,0.053306,0.207685,0.132993
0.024029,0.050442,0.036360,0.038655,0.407185,0.054994,0.307648,0.024310,0.036698,0.019678
0.051450,0.080156,0.080604,0.041567,0.245733,0.088721,0.231205,0.065955,0.064611,0.049998
0.026078,0.037340,0.023607,0.044355,0.408614,0.050504,0.311239,0.029048,0.042351,0.026865
0.087350,0.094858,0.108491,0.086511,0.061912,0.109747,0.084040,0.087361,0.218438,0.061291
0.082270,0.125753,0.140419,0.126451,0.079991,0.094915,0.108280,0.103171,0.081713,0.057038
0.091661,0.100946,0.064638,0.064228,0.064255,0.115347,0.069200,0.091116,0.244842,0.093768
0.145187,0.141785,0.076054,0.077077,0.058385,0.208863,0.078884,0.055840,0.070181,0.087743
0.119328,0.158264,0.065827,0.093781,0.089588,0.096757,0.088942,0.072771,0.154809,0.059933
0.084466,0.114729,0.077535,0.131932,0.079916,0.188058,0.085177,0.056843,0.122292,0.059051
0.045754,0.062595,0.058180,0.049192,0.282726,0.079656,0.257685,0.056811,0.037236,0.070166
0.028779,0.055603,0.044353,0.031239,0.360717,0.054608,0.296304,0.032500,0.055756,0.040142
0.094996,0.081997,0.098365,0.089644,0.071212,0.113234,0.059320,0.207812,0.124986,0.058434
0.042029,0.066662,0.023085,0.026534,0.362076,0.079468,0.330754,0.018873,0.029831,0.020687
0.162788,0.125045,0.054635,0.063840,0.079656,0.118059,0.113481,0.088899,0.133623,0.059976
0.030901,0.046033,0.029211,0.037059,0.386862,0.062925,0.324148,0.030412,0.029587,0.022861
0.122772,0.082646,0.091512,0.120780,0.077163,0.128380,0.101672,0.127480,0.087168,0.060427
0.103103,0.115064,0.120611,0.082806,0.062281,0.090172,0.058740,0.097867,0.206071,0.063286
0.036009,0.068483,0.040429,0.045363,0.311419,0.074510,0.277777,0.056901,0.058964,0.030144
0.147221,0.122802,0.110252,0.118802,0.082895,0.073278,0.109971,0.088444,0.077021,0.069314
0.089982,0.096626,0.099691,0.094144,0.070432,0.080011,0.071059,0.238348,0.071169,0.088539
0.091148,0.118852,0.077014,0.064733,0.056462,0.095324,0.094330,0.176092,0.106939,0.119106
0.024975,0.022201,0.034505,0.029203,0.404368,0.061973,0.314037,0.025033,0.034661,0.049044
0.087828,0.133614,0.092347,0.103107,0.056431,0.089518,0.068207,0.128328,0.148777,0.091844
0.134356,0.124034,0.101349,0.081298,0.076713,0.084311,0.119762,0.090495,0.139932,0.047750
0.070417,0.080878,0.073642,0.086531,0.067602,0.146933,0.056250,0.157298,0.175602,0.084848
0.100708,0.134952,0.137905,0.168256,0.074092,0.112315,0.056407,0.046380,0.074119,0.094866
