0.123809,0.153134,0.136020,0.112766,0.059333,0.078911,0.068056,0.058417,0.106063,0.103491
0.089904,0.083934,0.052909,0.103952,0.083618,0.122296,0.069599,0.234850,0.081547,0.077391
0.090201,0.093298,0.124763,0.074420,0.059802,0.146547,0.077133,0.206290,0.074456,0.053091
0.024346,0.021658,0.023537,0.021495,0.439058,0.051543,0.349951,0.012270,0.031755,0.024387
0.097789,0.081717,0.127818,0.067987,0.071857,0.085364,0.122000,0.220270,0.077301,0.047897
0.044668,0.067613,0.041271,0.031449,0.313193,0.065918,0.278482,0.071510,0.037502,0.048394
0.120705,0.129992,0.095008,0.095706,0.092318,0.099223,0.070143,0.062501,0.082224,0.152181
0.078408,0.129170,0.119257,0.079384,0.046730,0.084731,0.115614,0.149812,0.126679,0.070215
0.100076,0.143945,0.098822,0.119033,0.113372,0.107821,0.093863,0.063302,0.090038,0.069727
0.027885,0.042594,0.026514,0.019752,0.411462,0.049847,0.330879,0.036037,0.036761,0.018269
0.099492,0.144776,0.074565,0.065337,0.081719,0.099430,0.066769,0.081064,0.206366,0.080482
0.059772,0.064998,0.050491,0.047306,0.328757,0.061963,0.284541,0.031246,0.048867,0.022059
0.022927,0.025325,0.027798,0.026940,0.451640,0.042964,0.330610,0.021584,0.028580,0.021631
0.098465,0.109016,0.057465,0.113093,0.088827,0.182945,0.099817,0.053783,0.088204,0.108385
0.034220,0.050274,0.056245,0.025723,0.377849,0.046963,0.314340,0.019471,0.053194,0.021722
0.117264,0.128230,0.106521,0.077216,0.077857,0.117475,0.083005,0.090237,0.129668,0.072528
0.098463,0.105057,0.076493,0.066045,0.071314,0.122205,0.124891,0.065579,0.188779,0.081175
0.086528,0.125209,0.098192,0.070887,0.065354,0.124612,0.142920,0.049624,0.080537,0.156139
0.098978,0.138698,0.063804,0.144937,0.101682,0.088355,0.067599,0.077593,0.142392,0.075961
0.043296,0.037658,0.070380,0.042118,0.329337,0.067754,0.288445,0.038857,0.036290,0.045865
0.033646,0.061961,0.056769,0.026827,0.327912,0.057929,0.285642,0.029995,0.053459,0.065860
0.036615,0.030683,0.036768,0.025697,0.412114,0.046803,0.322444,0.029587,0.037734,0.021555
0.139188,0.073434,0.093906,0.121033,0.065704,0.225558,0.115347,0.043743,0.071299,0.050788
0.035200,0.043380,0.037609,0.026605,0.356550,0.072178,0.309273,0.049811,0.044385,0.025009
0.033566,0.047672,0.039178,0.040435,0.367438,0.054259,0.306666,0.047089,0.027241,0.036457
0.079181,0.103661,0.127157,0.076079,0.082169,0.096330,0.121811,0.039324,0.212602,0.061687
0.138037,0.151051,0.045417,0.079176,0.085225,0.102997,0.056284,0.191154,0.068691,0.081968
0.029776,0.025178,0.019108,0.027140,0.429467,0.044241,0.348565,0.016130,0.024145,0.036249
0.083686,0.125745,0.149446,0.085432,0.073705,0.078269,0.079956,0.113969,0.128549,0.081243
0.105571,0.136763,0.141784,0.118019,0.111994,0.084647,0.091960,0.053870,0.086637,0.068755
0.092587,0.174023,0.145777,0.055744,0.052764,0.079998,0.081243,0.069678,0.160265,0.087920
0.098658,0.130755,0.088565,0.092374,0.101194,0.119507,0.085407,0.095157,0.132185,0.056200
0.034092,0.045667,0.031756,0.047417,0.358628,0.065909,0.313342,0.043124,0.038064,0.022002
0.048922,0.028215,0.025045,0.036670,0.419430,0.041663,0.318422,0.013173,0.043138,0.025322
0.083810,0.095840,0.086991,0.126582,0.082325,0.153923,0.063459,0.090790,0.075276,0.141003
0.089480,0.120727,0.118916,0.092254,0.085576,0.074643,0.084468,0.056226,0.215700,0.062009
0.084593,0.117220,0.133364,0.124807,0.056815,0.136990,0.083084,0.111061,0.069527,0.082538
0.133933,0.086851,0.095640,0.073627,0.057624,0.065652,0.118760,0.045070,0.237814,0.085029
0.102899,0.086515,0.131216,0.104963,0.103296,0.072231,0.137444,0.095128,0.103838,0.062469
0.118974,0.135078,0.085798,0.054299,0.067471,0.093112,0.064116,0.145863,0.184951,0.050337
0.112701,0.157092,0.120951,0.065661,0.084400,0.080134,0.141608,0.074313,0.109042,0.054097
0.100114,0.090109,0.070095,0.084951,0.079847,0.094406,0.086677,0.105717,0.182926,0.105160
0.122144,0.136963,0.112512,0.140727,0.075571,0.090767,0.082127,0.058623,0.081470,0.099096
0.095195,0.157812,0.049465,0.127385,0.084177,0.141610,0.135283,0.091204,0.073032,0.044837
0.035718,0.051365,0.044194,0.042638,0.342920,0.064112,0.295142,0.049025,0.032014,0.042872
0.150738,0.083468,0.127357,0.102487,0.081525,0.099838,0.077437,0.050704,0.118664,0.107781
0.032098,0.075371,0.017620,0.030670,0.389362,0.048761,0.319693,0.018241,0.048686,0.019497
0.093219,0.123430,0.062967,0.073589,0.079748,0.124583,0.065844,0.108405,0.121315,0.146900
0.084507,0.091061,0.083901,0.058860,0.076458,0.266423,0.083772,0.108053,0.075930,0.071034
0.122267,0.095403,0.088632,0.108632,0.088885,0.080412,0.127828,0.110600,0.130893,0.046447
0.038427,0.054823,0.050805,0.034348,0.357733,0.055269,0.304799,0.029145,0.050074,0.024577
0.090014,0.125017,0.109155,0.133644,0.085621,0.097374,0.080160,0.122984,0.080686,0.075344
0.122549,0.131887,0.132086,0.069959,0.089888,0.101666,0.126009,0.052642,0.079830,0.093483
0.050705,0.063139,0.055698,0.045646,0.298406,0.071760,0.269228,0.038698,0.059942,0.046777
0.087508,0.115692,0.140829,0.082199,0.055479,0.140547,0.134714,0.068611,0.119370,0.055052
0.039004,0.060962,0.030520,0.028534,0.385161,0.052898,0.318565,0.017736,0.042453,0.024166
0.026873,0.039976,0.027298,0.025747,0.423988,0.047469,0.319015,0.027131,0.034368,0.028136
0.097442,0.150809,0.057877,0.086489,0.094524,0.122087,0.065896,0.138755,0.095947,0.090175
0.093817,0.099160,0.147664,0.080669,0.091546,0.121641,0.131557,0.095880,0.080693,0.057372
0.170652,0.103123,0.137281,0.062555,0.063053,0.075040,0.079704,0.094522,0.115481,0.098588
0.056424,0.043309,0.039032,0.047246,0.328818,0.068752,0.280960,0.050855,0.043704,0.040901
0.092403,0.120893,0.121861,0.076768,0.078909,0.073373,0.119352,0.115464,0.129036,0.071942
0.057069,0.068370,0.048354,0.043297,0.315746,0.064712,0.271383,0.042548,0.049293,0.039228
0.038756,0.062241,0.059744,0.034478,0.380296,0.046017,0.296241,0.014867,0.038759,0.028602
0.073114,0.098583,0.074772,0.080804,0.067149,0.125195,0.128183,0.078101,0.189649,0.084451
0.092150,0.124986,0.103736,0.129864,0.092962,0.066231,0.083904,0.085678,0.074025,0.146464
0.095334,0.117135,0.124343,0.130104,0.067287,0.077880,0.061828,0.105873,0.075088,0.145126
0.108930,0.163408,0.079022,0.092088,0.087120,0.141665,0.053620,0.040539,0.154007,0.079602
0.093472,0.132677,0.163617,0.080754,0.064586,0.089554,0.138350,0.096102,0.084156,0.056731
0.087176,0.127852,0.047856,0.120763,0.051886,0.082568,0.081764,0.244510,0.071630,0.083995
0.052600,0.062762,0.039399,0.029939,0.361064,0.047713,0.287652,0.029762,0.026874,0.062235
0.025249,0.022451,0.016815,0.030219,0.426064,0.050716,0.343305,0.034825,0.021555,0.028801
0.099688,0.201123,0.064689,0.162499,0.060295,0.067169,0.079159,0.090023,0.099877,0.075477
0.112009,0.096320,0.076610,0.069635,0.071901,0.082806,0.100423,0.057146,0.156888,0.176262
0.085294,0.154549,0.110632,0.079562,0.077062,0.083150,0.068771,0.185324,0.078117,0.077540
0.101743,0.137596,0.096972,0.126397,0.058930,0.126140,0.069697,0.096910,0.083518,0.102097
0.116529,0.121299,0.125446,0.131819,0.059866,0.091708,0.078838,0.094066,0.085642,0.094787
0.030341,0.046573,0.032763,0.024374,0.372253,0.066126,0.321353,0.044850,0.028580,0.032786
0.027469,0.065516,0.028177,0.026513,0.409095,0.037985,0.314740,0.026271,0.025275,0.038959
0.074543,0.141444,0.048833,0.092063,0.064569,0.090476,0.118366,0.163561,0.131802,0.074342
0.029617,0.032812,0.062325,0.035715,0.381074,0.045182,0.299706,0.032454,0.041286,0.039828
0.072232,0.095062,0.075298,0.109011,0.050547,0.164773,0.093679,0.095294,0.173171,0.070933
0.038327,0.040052,0.053065,0.043628,0.345210,0.062232,0.293208,0.063981,0.032060,0.028236
0.059608,0.056527,0.069470,0.033860,0.343549,0.041273,0.282086,0.033136,0.029421,0.051071
0.092765,0.132259,0.065972,0.138356,0.081348,0.078273,0.088110,0.078455,0.188497,0.055965
0.027092,0.040396,0.014571,0.040964,0.395701,0.052549,0.318036,0.027268,0.033916,0.049508
0.093234,0.134221,0.116855,0.076622,0.068119,0.120418,0.071129,0.100457,0.139261,0.079683
0.144075,0.149496,0.139387,0.123375,0.048066,0.074551,0.128468,0.080531,0.070370,0.041680
0.047286,0.071050,0.077228,0.044508,0.297520,0.059303,0.264329,0.024960,0.060600,0.053215
0.088846,0.096528,0.089733,0.104392,0.062761,0.072875,0.127410,0.121611,0.125678,0.110164
0.074189,0.104503,0.095964,0.140723,0.071045,0.098386,0.117377,0.171459,0.065775,0.060579
0.145367,0.122770,0.064702,0.087434,0.068924,0.120446,0.082342,0.071647,0.118245,0.118124
0.031075,0.063539,0.016565,0.026983,0.384458,0.059231,0.313957,0.030017,0.038262,0.035912
0.088638,0.080547,0.128657,0.066180,0.061672,0.091697,0.146260,0.075933,0.164775,0.095640
0.103855,0.090418,0.069145,0.113465,0.107423,0.076013,0.092661,0.129559,0.166748,0.050712
0.086654,0.115266,0.125145,0.108825,0.056596,0.100816,0.124554,0.117318,0.121127,0.043698
0.087103,0.119466,0.119988,0.095832,0.060556,0.150853,0.084449,0.112814,0.076209,0.092730
0.046836,0.060733,0.037112,0.027161,0.318539,0.060802,0.274928,0.062333,0.047072,0.064486
0.166301,0.128900,0.124154,0.062014,0.061709,0.121798,0.079092,0.121039,0.080524,0.054470
0.095992,0.127028,0.131812,0.112797,0.054418,0.149200,0.063509,0.097494,0.078443,0.089309
0.074489,0.101643,0.082270,0.112005,0.064459,0.210608,0.064142,0.097929,0.068421,0.124033
0.113210,0.147323,0.078348,0.120339,0.085334,0.089290,0.091810,0.108478,0.092557,0.073311
0.112022,0.122237,0.099940,0.061479,0.052305,0.072229,0.148698,0.053501,0.172458,0.105130
0.083573,0.114814,0.104000,0.109667,0.069483,0.073245,0.121105,0.104920,0.076329,0.142862
0.089491,0.147007,0.048612,0.105177,0.055837,0.105524,0.060074,0.182048,0.120134,0.086097
0.084981,0.118128,0.118850,0.064183,0.076505,0.072764,0.063203,0.108416,0.196417,0.096554
0.143754,0.142327,0.083386,0.083396,0.072845,0.130856,0.079938,0.107659,0.076228,0.079611
0.037139,0.032902,0.049312,0.025717,0.346552,0.068506,0.301316,0.069267,0.045172,0.024116
0.031081,0.054977,0.029791,0.046228,0.376410,0.055473,0.310674,0.030113,0.034573,0.030682
0.121529,0.099494,0.105355,0.071179,0.084457,0.078356,0.133352,0.114440,0.091515,0.100323
0.103768,0.081274,0.111535,0.091772,0.061718,0.208129,0.109367,0.103346,0.065384,0.063705
0.102435,0.135326,0.053574,0.070875,0.090550,0.134765,0.088868,0.081652,0.175049,0.066907
0.093006,0.103409,0.095855,0.152191,0.062539,0.073311,0.067289,0.077590,0.198778,0.076031
0.028264,0.043961,0.016485,0.029649,0.397276,0.056964,0.324319,0.041044,0.037966,0.024072
0.090326,0.090486,0.118689,0.058024,0.080795,0.079358,0.129602,0.072254,0.221867,0.058599
0.100345,0.192936,0.054193,0.072141,0.066938,0.160738,0.083247,0.084391,0.102414,0.082657
0.088494,0.112074,0.126105,0.097177,0.087628,0.088595,0.089642,0.096013,0.117894,0.096379
0.096921,0.144926,0.122345,0.113167,0.066755,0.081666,0.080822,0.104258,0.084057,0.105083
0.085142,0.083443,0.070003,0.092385,0.087156,0.095986,0.116529,0.095699,0.128746,0.144912
0.036733,0.037852,0.018899,0.038410,0.404210,0.044051,0.306736,0.048983,0.037047,0.027079
0.167793,0.176863,0.064532,0.076576,0.083196,0.084155,0.148801,0.046187,0.089238,0.062659
0.075788,0.093997,0.094618,0.080998,0.076215,0.090987,0.115704,0.130733,0.165694,0.075266
0.043560,0.060952,0.041088,0.029035,0.340321,0.069256,0.300941,0.033001,0.058532,0.023314
0.092910,0.086759,0.094253,0.144122,0.092435,0.102600,0.082958,0.080644,0.163069,0.060250
0.023792,0.035610,0.016033,0.017167,0.440230,0.048437,0.349424,0.025165,0.020183,0.023958
0.131535,0.147856,0.103336,0.070876,0.073034,0.089431,0.151678,0.065488,0.094069,0.072698
0.036775,0.046438,0.050373,0.059460,0.327050,0.072973,0.293329,0.052588,0.033921,0.027095
0.114117,0.116807,0.123837,0.130486,0.069408,0.072579,0.076162,0.044921,0.158836,0.092848
0.097974,0.100403,0.090411,0.070802,0.085654,0.079778,0.148790,0.099454,0.076497,0.150236
0.083586,0.127197,0.153801,0.058148,0.092292,0.069497,0.079005,0.116559,0.128307,0.091606
0.037922,0.043323,0.029200,0.028849,0.387684,0.052596,0.314197,0.039138,0.037903,0.029188
0.097027,0.124062,0.090691,0.134233,0.088462,0.074667,0.087425,0.049721,0.158310,0.095402
0.111388,0.088930,0.138802,0.112235,0.079463,0.127863,0.070760,0.102950,0.116744,0.050865
0.093899,0.118696,0.104713,0.151088,0.086256,0.075373,0.073937,0.054280,0.091789,0.149969
0.111689,0.094567,0.122082,0.088843,0.071237,0.089587,0.156052,0.104494,0.103715,0.057732
0.090959,0.143047,0.106432,0.066489,0.082948,0.120019,0.135494,0.094285,0.095052,0.065275
0.083247,0.106246,0.101551,0.067426,0.076543,0.096472,0.074089,0.135575,0.178173,0.080679
0.094576,0.088046,0.134849,0.114165,0.085249,0.126488,0.149362,0.052200,0.094839,0.060226
0.019233,0.029926,0.026039,0.014814,0.468452,0.043838,0.331401,0.026388,0.026978,0.012932
0.089007,0.147849,0.113403,0.123645,0.069244,0.065194,0.128850,0.086199,0.123348,0.053261
0.091301,0.126765,0.047407,0.131389,0.094968,0.110727,0.058267,0.116414,0.128919,0.093841
0.097324,0.127535,0.106417,0.093028,0.087437,0.077259,0.066184,0.099235,0.135488,0.110093
0.023353,0.028682,0.032925,0.034353,0.429593,0.040676,0.329029,0.026830,0.029846,0.024714
0.049547,0.054132,0.072908,0.058149,0.263455,0.080540,0.237195,0.075382,0.059450,0.049242
0.173321,0.090886,0.057624,0.113260,0.088997,0.110378,0.071149,0.087401,0.098373,0.108611
0.101644,0.151471,0.129536,0.071287,0.083009,0.101320,0.069290,0.080920,0.121945,0.089578
0.114855,0.090910,0.139185,0.130215,0.058816,0.112629,0.081212,0.114308,0.074850,0.083019
0.112115,0.094176,0.101309,0.073669,0.090192,0.086414,0.095765,0.065284,0.154509,0.126568
0.078985,0.086700,0.091209,0.096827,0.057176,0.206316,0.083217,0.087199,0.113787,0.098584
0.040374,0.057125,0.029982,0.050714,0.371736,0.051126,0.302917,0.032255,0.025895,0.037876
0.028219,0.061577,0.034661,0.019172,0.405026,0.048016,0.323075,0.026082,0.023513,0.030658
0.089144,0.091362,0.169087,0.219695,0.060322,0.062479,0.086567,0.070882,0.107196,0.043266
0.140290,0.099166,0.063683,0.111956,0.077841,0.185160,0.105599,0.058816,0.095739,0.061750
0.023651,0.035562,0.011846,0.028889,0.440957,0.043323,0.347079,0.022247,0.020517,0.025928
0.113282,0.088705,0.065795,0.070945,0.071466,0.229754,0.054507,0.140836,0.126255,0.038456
0.104605,0.111353,0.112669,0.115133,0.075801,0.102329,0.107519,0.069311,0.076137,0.125143
0.052886,0.076375,0.071309,0.055235,0.273304,0.077584,0.247147,0.059268,0.057209,0.029682
0.071756,0.148388,0.040473,0.072476,0.079111,0.227547,0.059731,0.072087,0.105685,0.122745
0.101494,0.131041,0.054723,0.139402,0.086959,0.086396,0.123719,0.082128,0.081282,0.112857
0.082457,0.145977,0.112138,0.064333,0.081957,0.205477,0.081579,0.054615,0.082482,0.088985
0.035629,0.049017,0.018839,0.024088,0.353754,0.066878,0.305559,0.069339,0.054241,0.022655
0.063278,0.059340,0.051633,0.051182,0.269248,0.077250,0.244514,0.071947,0.060598,0.051009
0.119507,0.183784,0.086454,0.074856,0.058808,0.081964,0.065275,0.094226,0.080145,0.154982
0.104678,0.188017,0.099268,0.076338,0.059515,0.133115,0.087411,0.085290,0.085616,0.080751
0.077780,0.114402,0.045531,0.119673,0.085814,0.228091,0.070189,0.067558,0.106241,0.084718
0.092909,0.112488,0.114371,0.072707,0.092385,0.108905,0.143217,0.090124,0.082038,0.090856
0.045536,0.062518,0.043630,0.066744,0.296069,0.082208,0.267590,0.036025,0.056023,0.043659
0.037776,0.040238,0.049405,0.038505,0.356031,0.063683,0.300143,0.034553,0.044787,0.034880
0.102474,0.137280,0.162092,0.068889,0.067326,0.080758,0.127700,0.051675,0.148794,0.053012
0.084373,0.143555,0.111982,0.069441,0.075267,0.088127,0.072035,0.161527,0.099826,0.093867
0.101827,0.112589,0.128853,0.104800,0.072203,0.110508,0.090346,0.065355,0.089075,0.124443
0.150149,0.092958,0.048482,0.128047,0.058821,0.109542,0.080226,0.114713,0.076012,0.141049
0.135663,0.070134,0.088838,0.118901,0.071925,0.071447,0.112660,0.182006,0.065182,0.083244
0.034908,0.064171,0.040588,0.031524,0.379171,0.047913,0.317117,0.018386,0.029149,0.037072
0.051884,0.059617,0.040121,0.056531,0.305487,0.063389,0.268011,0.039742,0.050852,0.064367
0.033422,0.053516,0.034687,0.026004,0.369885,0.053382,0.316581,0.033631,0.056179,0.022711
0.095517,0.104748,0.073588,0.108211,0.059296,0.100590,0.140432,0.101974,0.135441,0.080202
0.091849,0.131281,0.131792,0.082389,0.081668,0.177157,0.066415,0.057449,0.079224,0.100776
0.102360,0.099681,0.090447,0.078676,0.056784,0.102440,0.132973,0.094916,0.131296,0.110428
0.044704,0.066825,0.071934,0.042473,0.293646,0.058462,0.259864,0.035045,0.056095,0.070953
0.102544,0.086136,0.110326,0.116170,0.057145,0.099412,0.082812,0.098899,0.142731,0.103824
0.077823,0.105209,0.079983,0.086973,0.073231,0.184804,0.077506,0.081639,0.109079,0.123754
0.115602,0.123436,0.117503,0.091219,0.082366,0.126646,0.107757,0.063771,0.097758,0.073942
0.092054,0.134275,0.092496,0.107280,0.101000,0.098898,0.136882,0.091383,0.097958,0.047773
0.096460,0.126821,0.152811,0.073902,0.076930,0.166678,0.076511,0.053925,0.088884,0.087078
0.113991,0.110515,0.063785,0.092292,0.074925,0.089809,0.103794,0.107335,0.131751,0.111802
0.085870,0.116418,0.056755,0.106517,0.054522,0.227653,0.105199,0.099873,0.068773,0.078419
0.098727,0.135445,0.111141,0.109793,0.081011,0.084051,0.079375,0.122844,0.080410,0.097204
0.097413,0.130827,0.131412,0.100990,0.074282,0.077337,0.083171,0.120845,0.076716,0.107006
0.040177,0.051427,0.023297,0.053556,0.344321,0.071546,0.300984,0.047809,0.044095,0.022789
0.150914,0.161512,0.089586,0.068172,0.098130,0.075773,0.065631,0.095290,0.122026,0.072967
0.040386,0.053481,0.044557,0.026921,0.358340,0.054598,0.306973,0.020924,0.051999,0.041821
0.027455,0.027344,0.039157,0.045986,0.394832,0.058500,0.334439,0.024959,0.026321,0.021007
0.024318,0.026725,0.030528,0.017660,0.437440,0.041367,0.341231,0.014374,0.034559,0.031797
0.034178,0.041354,0.013925,0.024835,0.426080,0.041585,0.337368,0.015155,0.036594,0.028926
0.095795,0.106531,0.097262,0.145962,0.058955,0.124163,0.070269,0.103362,0.144728,0.052973
0.128866,0.082610,0.095968,0.100624,0.084743,0.100853,0.074793,0.160472,0.107292,0.063779
0.076251,0.154203,0.093554,0.114017,0.082802,0.064380,0.055013,0.171955,0.106075,0.081750
0.048222,0.054198,0.024330,0.035467,0.363277,0.055165,0.307804,0.029751,0.058124,0.023662
0.080863,0.111228,0.059996,0.092755,0.091222,0.084131,0.139997,0.088933,0.116610,0.134264
0.109992,0.137634,0.070987,0.108721,0.081201,0.093568,0.086822,0.100558,0.086728,0.123790
0.107611,0.104160,0.114549,0.109536,0.079686,0.080619,0.092289,0.052379,0.155891,0.103279
0.027446,0.049364,0.039516,0.040712,0.395199,0.057592,0.321700,0.013892,0.038724,0.015855
0.089606,0.092094,0.120867,0.124405,0.062245,0.082440,0.117293,0.088964,0.129251,0.092834
0.093318,0.135015,0.113716,0.107041,0.055646,0.127665,0.137816,0.047527,0.081040,0.101218
0.151991,0.120734,0.145348,0.062814,0.051792,0.071879,0.058966,0.091583,0.161060,0.083833
0.095987,0.094324,0.125067,0.134439,0.072447,0.116232,0.079739,0.119074,0.115788,0.046902
0.140394,0.130052,0.053788,0.050303,0.051094,0.108668,0.067062,0.201551,0.157452,0.039636
0.030903,0.037230,0.048203,0.031897,0.363783,0.046330,0.300950,0.018959,0.054561,0.067183
0.087853,0.125489,0.123009,0.068385,0.072157,0.070609,0.124214,0.204826,0.077127,0.046331
0.040114,0.027328,0.063274,0.022159,0.373899,0.046711,0.304560,0.017604,0.042300,0.062051
0.085251,0.168632,0.060728,0.141262,0.078251,0.101920,0.076459,0.112557,0.129990,0.044949
0.047552,0.054155,0.059951,0.048404,0.298912,0.073593,0.266875,0.045080,0.058716,0.046762
0.025689,0.071378,0.027004,0.020263,0.414904,0.047685,0.336764,0.014140,0.024898,0.017275
0.129435,0.200259,0.056000,0.083871,0.089496,0.082722,0.092915,0.130267,0.082899,0.052136
0.026341,0.025812,0.042793,0.020883,0.390786,0.052513,0.321604,0.038347,0.025594,0.055327
0.087197,0.115081,0.102535,0.058269,0.079952,0.077597,0.082763,0.086168,0.226458,0.083980
0.095792,0.169584,0.120991,0.088811,0.085722,0.114231,0.077654,0.094900,0.090750,0.061566
0.087705,0.161851,0.103583,0.144978,0.070910,0.096337,0.063951,0.053634,0.124070,0.092980
0.087677,0.127104,0.095307,0.066240,0.055467,0.085294,0.061587,0.103034,0.237862,0.080427
0.084059,0.208392,0.058025,0.145006,0.072373,0.065121,0.070805,0.112677,0.136649,0.046894
0.034088,0.038665,0.026414,0.019050,0.423262,0.047510,0.341946,0.013506,0.022362,0.033197
0.087626,0.166256,0.120775,0.064829,0.086479,0.092581,0.065994,0.091081,0.128942,0.095436
0.123703,0.133718,0.096398,0.068581,0.090863,0.103089,0.071752,0.099770,0.098932,0.113194
0.088220,0.116964,0.123016,0.100301,0.062274,0.095248,0.075887,0.090023,0.153973,0.094093
0.034439,0.048891,0.021004,0.029934,0.391107,0.049968,0.318535,0.058058,0.027427,0.020637
0.101123,0.130314,0.137307,0.144805,0.064645,0.087300,0.092023,0.049933,0.135105,0.057445
0.111451,0.109367,0.072908,0.115686,0.062321,0.112458,0.074761,0.052819,0.188387,0.099843
0.116478,0.093840,0.125032,0.122599,0.073147,0.099441,0.075696,0.109354,0.122263,0.062149
0.077687,0.083415,0.091027,0.097447,0.052602,0.126815,0.112707,0.097130,0.213826,0.047343
0.081122,0.121511,0.116732,0.100428,0.074600,0.106821,0.115758,0.069074,0.145526,0.068426
0.128598,0.144881,0.123760,0.062258,0.048796,0.084783,0.107419,0.038729,0.135398,0.125378
0.131795,0.143875,0.058032,0.119082,0.069710,0.085186,0.088579,0.107214,0.088023,0.108503
0.141629,0.087835,0.094221,0.092597,0.065474,0.155586,0.076225,0.087795,0.149528,0.049110
0.091552,0.162916,0.095057,0.073734,0.094404,0.124038,0.080030,0.096855,0.080103,0.101310
0.109603,0.119116,0.108382,0.095986,0.122209,0.094099,0.080604,0.057656,0.095166,0.117179
0.026412,0.054067,0.015032,0.024585,0.401261,0.054819,0.321609,0.037405,0.036084,0.028725
0.163611,0.132483,0.094524,0.085187,0.090604,0.100651,0.071616,0.059996,0.135574,0.065756
0.077817,0.085266,0.115365,0.092010,0.070540,0.086278,0.125863,0.065848,0.239794,0.041220
0.032348,0.029065,0.050643,0.040605,0.400493,0.050124,0.331043,0.016026,0.028782,0.020870
0.121421,0.183347,0.109752,0.062556,0.062788,0.102418,0.133035,0.048097,0.078641,0.097944
0.072896,0.169655,0.089758,0.048634,0.060571,0.284753,0.055242,0.061767,0.113347,0.043378
0.111204,0.129821,0.141917,0.134959,0.077918,0.067469,0.083044,0.085637,0.078063,0.089968
0.097725,0.099210,0.115685,0.106838,0.063434,0.076157,0.078690,0.127065,0.143204,0.091992
0.084869,0.169012,0.060630,0.096340,0.067971,0.155692,0.060601,0.088648,0.157578,0.058658
0.088619,0.124114,0.121988,0.113469,0.083653,0.077893,0.084563,0.175055,0.077610,0.053036
0.032875,0.044219,0.020382,0.027805,0.381573,0.067405,0.325682,0.042048,0.026985,0.031025
0.082741,0.122551,0.101768,0.096727,0.051944,0.108235,0.079539,0.044165,0.266435,0.045896
0.136710,0.146510,0.072426,0.088877,0.090187,0.081703,0.162888,0.051546,0.115789,0.053363
0.075243,0.148273,0.041905,0.045680,0.074568,0.063795,0.060804,0.165844,0.199033,0.124856
0.081410,0.111473,0.082115,0.095165,0.052061,0.071025,0.124474,0.111334,0.121677,0.149266
0.095073,0.125496,0.122074,0.069942,0.099255,0.093336,0.127458,0.078575,0.130485,0.058306
0.023671,0.022836,0.038153,0.033085,0.419900,0.047270,0.324817,0.052802,0.021933,0.015533
0.094960,0.130708,0.109272,0.134555,0.075604,0.079331,0.129372,0.058815,0.122538,0.064844
0.130367,0.106767,0.092082,0.078567,0.053040,0.223802,0.068666,0.066400,0.116556,0.063753
0.098823,0.107287,0.106751,0.111066,0.082067,0.119193,0.063145,0.078253,0.193096,0.040319
0.089620,0.127686,0.089283,0.100814,0.056421,0.099244,0.152615,0.097034,0.081451,0.105832
0.037432,0.042449,0.035440,0.035097,0.361455,0.058084,0.310616,0.028965,0.055314,0.035148
0.081750,0.086637,0.135761,0.120509,0.054756,0.069488,0.060361,0.187339,0.068457,0.134942
0.106823,0.112964,0.101720,0.090102,0.096310,0.084790,0.092503,0.063766,0.150872,0.100150
0.089320,0.074493,0.060013,0.082955,0.051310,0.106107,0.117495,0.102141,0.228916,0.087249
0.101357,0.141455,0.052839,0.100268,0.084270,0.095800,0.089929,0.129932,0.145855,0.058295
0.082976,0.183784,0.105844,0.057575,0.056301,0.109520,0.078829,0.089385,0.087088,0.148697
0.083395,0.118057,0.098278,0.108702,0.073648,0.214887,0.057014,0.086472,0.072533,0.087014
0.095114,0.097103,0.113337,0.077322,0.054493,0.094424,0.083470,0.246705,0.076773,0.061258
0.089977,0.082138,0.108720,0.120007,0.081841,0.097922,0.133071,0.094412,0.093391,0.098522
0.100574,0.204118,0.121476,0.064770,0.057445,0.078332,0.080749,0.095756,0.139471,0.057310
0.092857,0.099632,0.095481,0.152053,0.087693,0.120402,0.091061,0.051376,0.131294,0.078152
0.031520,0.045561,0.039010,0.029683,0.381013,0.053391,0.315567,0.043645,0.026232,0.034378
0.083196,0.116250,0.099281,0.055025,0.071083,0.303598,0.050702,0.111272,0.065220,0.044373
0.031236,0.048296,0.032335,0.024455,0.362922,0.052235,0.306972,0.047217,0.028156,0.066178
0.036920,0.037717,0.047104,0.038773,0.371050,0.063418,0.311360,0.035789,0.038742,0.019127
0.086225,0.104067,0.132324,0.121765,0.074017,0.126686,0.076312,0.109234,0.077790,0.091581
0.080625,0.145392,0.124209,0.054771,0.057651,0.063335,0.124444,0.211964,0.071818,0.065790
0.096373,0.100786,0.111797,0.138503,0.088772,0.105273,0.068638,0.098806,0.128688,0.062364
0.027264,0.054626,0.042958,0.045565,0.371802,0.050710,0.292019,0.055276,0.036482,0.023298
0.083126,0.108555,0.045400,0.082320,0.076221,0.182232,0.051099,0.146426,0.103409,0.121212
0.077663,0.109248,0.077556,0.121296,0.064479,0.277663,0.112520,0.048876,0.069141,0.041558
0.043954,0.061909,0.052353,0.053909,0.305133,0.065374,0.269557,0.068301,0.036676,0.042833
0.127773,0.100284,0.128534,0.047839,0.071181,0.097229,0.051209,0.102344,0.224181,0.049426
0.089844,0.184507,0.091141,0.063279,0.064840,0.118110,0.080421,0.098530,0.145111,0.064215
0.086251,0.114973,0.110226,0.100565,0.053719,0.105116,0.079258,0.156611,0.113206,0.080077
0.035761,0.040257,0.036010,0.047412,0.349978,0.069824,0.297518,0.048918,0.044478,0.029846
0.028502,0.030785,0.037730,0.019003,0.415418,0.055657,0.329218,0.013830,0.038026,0.031832
0.085256,0.123254,0.146148,0.086768,0.069606,0.071674,0.062945,0.089296,0.161459,0.103593
0.064681,0.123950,0.115959,0.068932,0.044956,0.183605,0.115824,0.092360,0.157974,0.031760
0.125365,0.141953,0.072803,0.050615,0.072872,0.137242,0.105163,0.073880,0.133697,0.086412
0.123564,0.193871,0.134265,0.063908,0.056659,0.097174,0.136500,0.046757,0.092624,0.054678
0.029353,0.029913,0.013788,0.043310,0.408424,0.049188,0.326801,0.035565,0.046100,0.017559
0.088337,0.093812,0.099503,0.123564,0.086259,0.094869,0.124986,0.090677,0.124266,0.073729
0.020575,0.031391,0.015357,0.030721,0.452231,0.042611,0.348141,0.011776,0.032020,0.015176
0.087492,0.084327,0.093564,0.117704,0.053688,0.129852,0.066910,0.175590,0.141847,0.049027
0.099272,0.128193,0.128784,0.135794,0.081356,0.159709,0.080387,0.058299,0.076006,0.052200
0.030522,0.050210,0.017896,0.032186,0.387099,0.052053,0.323725,0.027369,0.057195,0.021746
0.080694,0.072944,0.096523,0.060010,0.053454,0.243871,0.058572,0.100559,0.148365,0.085009
0.052601,0.050238,0.037908,0.050693,0.358588,0.051630,0.291286,0.046562,0.039523,0.020970
0.075290,0.102935,0.118068,0.089357,0.075881,0.079094,0.073416,0.079660,0.184971,0.121328
0.174055,0.134900,0.146718,0.094889,0.060484,0.069423,0.072783,0.046179,0.151533,0.049036
0.082513,0.116484,0.082415,0.120718,0.074890,0.112988,0.076159,0.085627,0.111974,0.136232
0.045540,0.052019,0.012658,0.030609,0.422551,0.042526,0.321275,0.022928,0.031323,0.018573
0.107722,0.133023,0.075543,0.079892,0.070540,0.110497,0.089294,0.086809,0.140175,0.106506
0.088755,0.090115,0.146874,0.110280,0.049492,0.078194,0.079949,0.089013,0.164911,0.102418
0.092483,0.092056,0.050844,0.098342,0.085511,0.261595,0.079622,0.054361,0.125418,0.059769
0.094459,0.105570,0.070810,0.081910,0.089350,0.086989,0.099831,0.110070,0.091265,0.169746
0.125644,0.137338,0.055226,0.068618,0.067786,0.170495,0.093900,0.082586,0.083297,0.115111
0.035972,0.039075,0.019358,0.041839,0.364454,0.066332,0.307473,0.045796,0.040972,0.038729
0.094747,0.098153,0.065426,0.100669,0.080555,0.140616,0.139501,0.096384,0.131515,0.052434
0.026524,0.029465,0.020074,0.024822,0.466383,0.040968,0.329899,0.022040,0.027210,0.012614
0.035331,0.048920,0.044412,0.033697,0.344662,0.056511,0.294938,0.046574,0.030143,0.064813
0.103014,0.085498,0.123021,0.067437,0.105428,0.178401,0.068580,0.124469,0.080504,0.063648
0.031894,0.049721,0.021207,0.030474,0.392143,0.050029,0.322090,0.025889,0.045523,0.031031
0.088866,0.154075,0.140698,0.094956,0.091097,0.085293,0.074633,0.113674,0.073534,0.083174
0.045398,0.061635,0.054831,0.056060,0.289749,0.067829,0.259954,0.056657,0.056621,0.051266
0.097989,0.137713,0.095546,0.100030,0.069736,0.084647,0.156372,0.099973,0.087245,0.070749
0.077365,0.109500,0.097246,0.079444,0.069691,0.102524,0.056300,0.040079,0.232804,0.135048
0.098581,0.108700,0.117870,0.075253,0.110668,0.128074,0.070589,0.107927,0.083436,0.098901
0.091651,0.115596,0.100339,0.067660,0.085549,0.069637,0.049765,0.112956,0.225134,0.081712
0.102920,0.139127,0.113955,0.066833,0.083611,0.173239,0.083922,0.100602,0.083764,0.052026
0.098408,0.089038,0.155972,0.144095,0.107929,0.107591,0.097054,0.054371,0.082775,0.062768
0.090267,0.156703,0.098694,0.125131,0.081395,0.154502,0.082761,0.045580,0.073956,0.091010
0.103044,0.141326,0.140044,0.118277,0.107070,0.081554,0.091104,0.081778,0.082901,0.052901
0.080915,0.087854,0.049386,0.082543,0.090674,0.255817,0.078560,0.051586,0.123172,0.099492
0.089821,0.098279,0.160783,0.082737,0.101216,0.071035,0.076352,0.090659,0.134560,0.094558
0.099722,0.161545,0.050484,0.114889,0.062215,0.129670,0.095591,0.113078,0.082692,0.090114
0.101436,0.106741,0.121408,0.148579,0.063862,0.114924,0.097655,0.052639,0.085757,0.106999
0.047307,0.029302,0.038237,0.017810,0.413511,0.047019,0.318467,0.027288,0.032739,0.028320
0.121746,0.170239,0.065959,0.136537,0.063700,0.103368,0.063922,0.049318,0.128177,0.097035
0.029538,0.046395,0.016582,0.029117,0.391600,0.056191,0.331565,0.025744,0.042195,0.031072
0.081639,0.110700,0.098876,0.109481,0.082132,0.220861,0.068724,0.087520,0.072475,0.067591
0.036977,0.039080,0.034310,0.055603,0.374435,0.057712,0.312098,0.028795,0.037838,0.023152
0.029860,0.032804,0.038006,0.045395,0.395033,0.056417,0.328641,0.014692,0.036236,0.022916
0.084900,0.095711,0.047760,0.112092,0.069124,0.117006,0.141525,0.118298,0.128549,0.085034
0.059852,0.052874,0.051859,0.044549,0.324857,0.067315,0.278209,0.035248,0.057028,0.028207
0.045728,0.070989,0.032443,0.042299,0.359156,0.047940,0.299847,0.050163,0.029366,0.022070
0.081288,0.113761,0.117659,0.092869,0.066607,0.144376,0.141219,0.071301,0.119342,0.051579
0.100729,0.091985,0.142511,0.123352,0.069776,0.086865,0.075097,0.126718,0.084754,0.098213
0.122290,0.087613,0.090899,0.141845,0.065637,0.076546,0.142166,0.080047,0.142221,0.050736
0.072901,0.081561,0.075706,0.111621,0.049572,0.222707,0.102686,0.094375,0.107628,0.081244
0.148604,0.084016,0.066845,0.061805,0.085645,0.078019,0.088774,0.077752,0.250318,0.058222
0.103028,0.136274,0.058366,0.070914,0.090960,0.108900,0.096972,0.085719,0.186569,0.062297
0.100646,0.102141,0.094291,0.144536,0.062097,0.088897,0.095029,0.104599,0.087355,0.120410
0.107507,0.136226,0.137403,0.083646,0.078685,0.091609,0.096696,0.084509,0.086849,0.096871
0.108422,0.093603,0.073886,0.119523,0.099145,0.099893,0.098271,0.063457,0.191287,0.052513
0.097553,0.124116,0.127340,0.132294,0.083939,0.114146,0.074261,0.056011,0.092627,0.097712
0.093851,0.124314,0.089911,0.110302,0.087009,0.115101,0.086287,0.077617,0.118737,0.096871
0.080197,0.074192,0.102037,0.094115,0.051373,0.067255,0.120041,0.104661,0.255332,0.050797
0.082722,0.088144,0.115258,0.082719,0.074408,0.259098,0.059152,0.069311,0.071064,0.098123
0.102581,0.107278,0.110142,0.080307,0.066511,0.101654,0.077641,0.147994,0.110847,0.095044
0.110695,0.221516,0.056899,0.144205,0.066118,0.085871,0.073193,0.105672,0.083102,0.052728
0.089267,0.129053,0.109707,0.087082,0.093690,0.114078,0.074480,0.085310,0.171237,0.046098
0.079959,0.157735,0.059217,0.062706,0.072770,0.107655,0.126421,0.085247,0.116171,0.132118
0.024852,0.033656,0.021792,0.027067,0.439148,0.043223,0.331850,0.032252,0.018859,0.027301
0.083807,0.152127,0.116326,0.080720,0.062908,0.274050,0.054025,0.066060,0.067458,0.042518
0.038134,0.042122,0.021347,0.046056,0.339852,0.069696,0.295511,0.049330,0.032862,0.065089
0.082988,0.076581,0.098090,0.085163,0.058541,0.245656,0.136786,0.053450,0.073256,0.089489
0.086861,0.119424,0.087383,0.108334,0.054503,0.240152,0.083902,0.090420,0.075244,0.053776
0.094033,0.132688,0.110459,0.140044,0.058803,0.103147,0.069372,0.081166,0.132058,0.078230
0.162771,0.171088,0.133481,0.071119,0.057875,0.102935,0.068462,0.059512,0.080581,0.092177
0.096278,0.086305,0.115516,0.079827,0.075894,0.081272,0.091438,0.131362,0.189474,0.052633
0.085810,0.116499,0.085225,0.083749,0.050559,0.213738,0.113309,0.097319,0.070696,0.083096
0.087445,0.134961,0.112802,0.144930,0.097256,0.095973,0.078034,0.045619,0.129904,0.073077
0.092388,0.089299,0.058554,0.113500,0.055985,0.273494,0.073225,0.089040,0.085826,0.068688
0.103615,0.207468,0.053665,0.073276,0.087752,0.097970,0.082677,0.084968,0.100450,0.108157
0.120164,0.099603,0.053604,0.111554,0.064268,0.099981,0.142226,0.080283,0.077592,0.150725
0.029543,0.044157,0.028740,0.028348,0.400858,0.053207,0.328683,0.014683,0.039105,0.032675
0.152046,0.095120,0.150400,0.060342,0.072771,0.097310,0.063915,0.075608,0.138248,0.094240
0.054799,0.059849,0.039434,0.053260,0.361716,0.050711,0.301760,0.015585,0.026782,0.036104
0.086931,0.112057,0.116175,0.083266,0.055737,0.107127,0.069055,0.108864,0.203662,0.057125
0.040370,0.056627,0.064043,0.048127,0.298894,0.059061,0.256614,0.061594,0.050770,0.063900
0.033143,0.064191,0.031684,0.028744,0.364279,0.058611,0.305184,0.042312,0.040352,0.031500
0.111116,0.111861,0.062505,0.072409,0.092573,0.136592,0.088693,0.105282,0.153556,0.065414
0.090095,0.097618,0.107634,0.105733,0.087142,0.074982,0.133215,0.115939,0.131643,0.055998
0.100745,0.133234,0.111539,0.106576,0.087202,0.080275,0.069203,0.096784,0.135797,0.078644
0.057196,0.040307,0.067533,0.054215,0.338400,0.052108,0.282780,0.034205,0.032364,0.040892
0.104779,0.106142,0.074684,0.125013,0.095218,0.084254,0.141186,0.103949,0.100618,0.064157
0.111439,0.092625,0.156209,0.102510,0.092341,0.151034,0.058554,0.116495,0.073179,0.045614
0.087604,0.116333,0.119491,0.092503,0.077891,0.071917,0.137437,0.089824,0.115962,0.091038
0.096457,0.123467,0.065654,0.091400,0.100584,0.090074,0.133116,0.093408,0.144346,0.061494
0.041281,0.053827,0.053300,0.041252,0.354440,0.067549,0.305481,0.019215,0.033717,0.029938
0.081238,0.102411,0.074531,0.082605,0.050541,0.193553,0.075202,0.079992,0.132672,0.127255
0.092741,0.103184,0.112211,0.061428,0.106361,0.072932,0.140290,0.079607,0.167061,0.064185
0.081114,0.144741,0.079761,0.061823,0.074895,0.068119,0.116342,0.082004,0.224718,0.066483
0.094341,0.159040,0.103029,0.100146,0.084259,0.080845,0.066281,0.110482,0.125821,0.075756
0.095455,0.090526,0.070652,0.116791,0.079834,0.077301,0.081650,0.099693,0.190007,0.098092
0.105485,0.138082,0.135980,0.108904,0.057974,0.127047,0.089041,0.103158,0.080833,0.053496
0.081700,0.154513,0.058325,0.109009,0.074928,0.109702,0.119564,0.042384,0.159769,0.090108
0.076336,0.108270,0.073729,0.063581,0.074489,0.225016,0.066437,0.171119,0.066492,0.074531
0.034476,0.039987,0.072385,0.023874,0.379077,0.050609,0.313701,0.036997,0.028299,0.020595
0.079514,0.153575,0.072690,0.073417,0.064428,0.250359,0.106955,0.044019,0.076622,0.078420
0.088598,0.126484,0.091336,0.063593,0.063729,0.097890,0.077286,0.218871,0.081435,0.090779
0.071889,0.094469,0.095819,0.073411,0.068278,0.167248,0.070910,0.075826,0.167560,0.114589
0.090794,0.129768,0.113332,0.107433,0.056435,0.161664,0.067376,0.104980,0.085895,0.082323
0.083779,0.117370,0.120467,0.067163,0.049342,0.271680,0.060322,0.111342,0.073299,0.045235
0.150321,0.123713,0.125283,0.102521,0.095603,0.120010,0.064143,0.054036,0.076599,0.087769
0.100564,0.097955,0.090397,0.161252,0.061166,0.071528,0.145452,0.095212,0.080201,0.096274
0.132792,0.117011,0.106938,0.049215,0.082737,0.266114,0.064964,0.076653,0.065335,0.038240
0.120521,0.119123,0.060196,0.124811,0.065055,0.111309,0.080743,0.116528,0.093447,0.108266
0.067254,0.100110,0.116710,0.045716,0.066190,0.201472,0.061075,0.086058,0.188436,0.066979
0.082884,0.119906,0.100607,0.057177,0.091205,0.090627,0.122118,0.089126,0.156495,0.089856
0.087553,0.121598,0.140252,0.100455,0.071657,0.115076,0.063820,0.118153,0.127183,0.054253
0.103336,0.128010,0.069588,0.081710,0.087572,0.103398,0.079821,0.113898,0.131854,0.100814
0.021066,0.036435,0.034993,0.015864,0.435915,0.043409,0.337170,0.019141,0.027346,0.028661
0.089662,0.167428,0.112308,0.070968,0.085705,0.094648,0.065581,0.097684,0.135356,0.080661
0.086613,0.078215,0.102321,0.117796,0.057084,0.150041,0.128454,0.110761,0.074240,0.094475
0.028472,0.045258,0.059891,0.025557,0.387346,0.047818,0.305993,0.027482,0.036646,0.035537
0.034178,0.036597,0.030721,0.041137,0.382854,0.051799,0.317812,0.029973,0.050732,0.024199
0.114994,0.113091,0.057870,0.087007,0.070445,0.117109,0.159583,0.130193,0.092724,0.056984
0.083539,0.120569,0.120998,0.103509,0.059322,0.136165,0.079763,0.047378,0.111364,0.137394
0.104855,0.116618,0.046239,0.094062,0.087487,0.084943,0.116786,0.194762,0.069491,0.084756
0.035281,0.055533,0.049181,0.034153,0.329985,0.061837,0.288318,0.045929,0.038980,0.060804
0.088206,0.129699,0.159353,0.088898,0.053400,0.084548,0.131044,0.087066,0.131768,0.046019
0.033820,0.040180,0.040149,0.053187,0.351220,0.061971,0.300298,0.047241,0.050249,0.021686
0.036361,0.040309,0.041833,0.055527,0.363205,0.061072,0.303358,0.020271,0.038883,0.039180
0.105462,0.096172,0.137820,0.131285,0.058543,0.105397,0.067338,0.077088,0.176538,0.044357
0.039329,0.057200,0.021741,0.048449,0.338901,0.071632,0.303164,0.037493,0.053075,0.029016
0.094283,0.191765,0.086773,0.088142,0.078882,0.072207,0.145711,0.119311,0.075533,0.047393
0.079011,0.099876,0.072425,0.081740,0.069570,0.209700,0.054190,0.184603,0.061640,0.087245
0.105447,0.109444,0.078247,0.102195,0.075406,0.068124,0.053561,0.050058,0.221492,0.136025
0.021237,0.048586,0.029019,0.029340,0.451904,0.041431,0.307229,0.022468,0.030528,0.018258
0.044827,0.068847,0.078514,0.033461,0.281616,0.078369,0.261221,0.058200,0.061548,0.033398
0.021851,0.030495,0.021891,0.030731,0.476663,0.037307,0.304883,0.024587,0.029555,0.022037
0.091916,0.088721,0.116672,0.089918,0.058700,0.107838,0.080827,0.089762,0.216541,0.059106
0.081663,0.120400,0.143883,0.109740,0.082863,0.095270,0.115721,0.116352,0.077198,0.056909
0.086484,0.091879,0.063113,0.066810,0.060146,0.139205,0.074035,0.091917,0.233953,0.092459
0.132312,0.149823,0.076596,0.068926,0.052360,0.250803,0.072502,0.047762,0.068176,0.080741
0.116323,0.155568,0.062248,0.091489,0.094662,0.100787,0.093775,0.067716,0.152401,0.065030
0.086329,0.108434,0.079146,0.110019,0.079054,0.242490,0.074876,0.049524,0.115414,0.054713
0.039073,0.056159,0.049564,0.047919,0.312824,0.063667,0.279778,0.051871,0.034113,0.065031
0.022261,0.040017,0.038393,0.023233,0.426335,0.041530,0.322060,0.026028,0.028849,0.031294
0.088135,0.087174,0.096700,0.093898,0.072709,0.139028,0.058837,0.192645,0.115071,0.055803
0.031755,0.059672,0.019453,0.021058,0.407104,0.061085,0.342580,0.014704,0.024895,0.017695
0.152771,0.123867,0.048948,0.066202,0.081638,0.146925,0.117176,0.087350,0.125463,0.049661
0.033735,0.045881,0.029847,0.039166,0.397762,0.049851,0.325913,0.029533,0.027592,0.020720
0.128198,0.090491,0.099175,0.112919,0.080236,0.128608,0.095581,0.124726,0.086753,0.053313
0.101179,0.109031,0.124300,0.080798,0.065822,0.104055,0.063449,0.102258,0.196491,0.052616
0.033211,0.055276,0.036127,0.045492,0.337344,0.062822,0.296222,0.049056,0.056104,0.028346
0.139820,0.116638,0.116710,0.121466,0.090535,0.070228,0.118189,0.086297,0.072440,0.067679
0.088741,0.091049,0.101507,0.100810,0.074789,0.090119,0.074472,0.214141,0.072997,0.091376
0.092713,0.129731,0.083971,0.061674,0.057536,0.092730,0.099603,0.161607,0.102235,0.118200
0.023598,0.022356,0.036293,0.030153,0.425301,0.045260,0.314222,0.024061,0.031954,0.046801
0.100150,0.138228,0.092108,0.098517,0.058291,0.083395,0.070013,0.121131,0.145440,0.092727
0.127121,0.132324,0.107235,0.083410,0.073584,0.083577,0.121080,0.099815,0.132753,0.039101
0.068950,0.074337,0.078593,0.079974,0.066397,0.171497,0.059799,0.142440,0.173638,0.084375
0.101528,0.134746,0.138667,0.132756,0.082099,0.120881,0.061795,0.047091,0.078449,0.101988
