0.087341,0.070749,0.112052,0.065227,0.115185,0.056462,0.141396,0.143999,0.145252,0.062337
0.113781,0.060992,0.078700,0.066609,0.099555,0.085261,0.134870,0.206014,0.113168,0.041050
0.094692,0.112219,0.090926,0.089128,0.076146,0.099823,0.066131,0.182300,0.091936,0.096702
0.011032,0.008122,0.010878,0.018814,0.450827,0.369482,0.059963,0.011634,0.009363,0.049885
0.145133,0.052577,0.095550,0.099042,0.050814,0.137845,0.067437,0.186819,0.122959,0.041823
0.010713,0.008719,0.021707,0.014311,0.413136,0.374107,0.061601,0.065575,0.017707,0.012423
0.085273,0.065270,0.084869,0.088194,0.096245,0.088165,0.136338,0.147907,0.109026,0.098714
0.151737,0.073245,0.042579,0.086025,0.098231,0.079999,0.120270,0.198885,0.098262,0.050767
0.077786,0.053013,0.097962,0.065833,0.117131,0.083265,0.142585,0.142104,0.138780,0.081543
0.009281,0.009401,0.022290,0.010175,0.443909,0.385600,0.069996,0.012327,0.010968,0.026054
0.082820,0.113792,0.102393,0.104421,0.116079,0.091703,0.078489,0.086158,0.105350,0.118795
0.020364,0.014562,0.013378,0.013374,0.436257,0.375331,0.064489,0.031594,0.014821,0.015829
0.016929,0.016065,0.013761,0.013741,0.441646,0.367405,0.075229,0.020650,0.015683,0.018891
0.065454,0.125575,0.070326,0.056021,0.140061,0.101094,0.162513,0.134741,0.098121,0.046093
0.013124,0.065751,0.010788,0.010286,0.428997,0.329741,0.062443,0.056572,0.010420,0.011878
0.090294,0.062219,0.062131,0.109905,0.149129,0.088791,0.147311,0.121176,0.128904,0.040140
0.083410,0.062718,0.083281,0.103973,0.091286,0.110779,0.129638,0.104586,0.109375,0.120953
0.104602,0.060976,0.069915,0.106787,0.125325,0.074723,0.130602,0.139901,0.100755,0.086413
0.115191,0.051107,0.137123,0.091960,0.112338,0.136461,0.116849,0.095878,0.111744,0.031350
0.015888,0.012450,0.012668,0.017062,0.432351,0.377165,0.075846,0.012712,0.025354,0.018505
0.008979,0.010573,0.016246,0.014875,0.456348,0.370946,0.066548,0.021768,0.011643,0.022075
0.017964,0.014639,0.013748,0.022322,0.435526,0.369251,0.081274,0.013927,0.014227,0.017122
0.109231,0.057689,0.057471,0.108261,0.055145,0.121557,0.080194,0.156587,0.118031,0.135833
0.010517,0.012403,0.023445,0.011187,0.425897,0.378970,0.064959,0.013828,0.048951,0.009842
0.015148,0.026855,0.016189,0.013380,0.429401,0.367017,0.074804,0.012882,0.024778,0.019546
0.137799,0.066450,0.043261,0.090669,0.132028,0.096642,0.136904,0.144889,0.109838,0.041521
0.082560,0.070785,0.061249,0.075785,0.105256,0.069526,0.118332,0.187242,0.124813,0.104453
0.008440,0.006609,0.008825,0.025577,0.464064,0.345140,0.049132,0.051732,0.017320,0.023162
0.089354,0.056489,0.041787,0.086460,0.150447,0.156600,0.143657,0.077146,0.130680,0.067379
0.124729,0.142318,0.040892,0.062766,0.118303,0.064080,0.138049,0.135027,0.099139,0.074698
0.144815,0.095854,0.042465,0.081707,0.092103,0.135697,0.141479,0.087721,0.085673,0.092487
0.147523,0.053169,0.098975,0.081762,0.119514,0.077899,0.135937,0.049391,0.120025,0.115804
0.019131,0.021899,0.019450,0.019148,0.423769,0.360437,0.087373,0.016127,0.017244,0.015422
0.015482,0.011455,0.024825,0.010373,0.437895,0.340446,0.073417,0.012884,0.014159,0.059064
0.068966,0.122076,0.068607,0.092185,0.189300,0.106430,0.123974,0.045088,0.098810,0.084565
0.097478,0.055753,0.096948,0.064936,0.168968,0.060902,0.149623,0.130312,0.096188,0.078895
0.053811,0.087108,0.043757,0.107574,0.093603,0.121423,0.182463,0.083756,0.150998,0.075506
0.091501,0.106762,0.152346,0.099530,0.081607,0.046038,0.070192,0.140544,0.097029,0.114451
0.126489,0.061285,0.115717,0.080179,0.145423,0.058250,0.090182,0.057769,0.169990,0.094714
0.081757,0.099744,0.128065,0.094245,0.083134,0.080673,0.067948,0.198626,0.090496,0.075313
0.066675,0.093441,0.087369,0.093684,0.168862,0.137265,0.111940,0.086123,0.063870,0.090772
0.050487,0.058705,0.153057,0.108039,0.055977,0.156530,0.082644,0.089453,0.120237,0.124870
0.085892,0.069896,0.059488,0.106574,0.057321,0.170991,0.082214,0.145296,0.107032,0.115296
0.073968,0.074396,0.073884,0.090051,0.218927,0.111139,0.130965,0.084137,0.102235,0.040298
0.014081,0.012435,0.012631,0.015504,0.426877,0.382710,0.073071,0.012321,0.021119,0.029251
0.095696,0.052124,0.101971,0.070491,0.146778,0.091619,0.101248,0.142870,0.076277,0.120924
0.012166,0.022564,0.011912,0.019673,0.433837,0.338429,0.075225,0.061412,0.011950,0.012833
0.149917,0.121804,0.131015,0.093825,0.085955,0.104922,0.122480,0.048517,0.055464,0.086101
0.073407,0.129261,0.099722,0.089540,0.141094,0.108956,0.168004,0.049823,0.105193,0.035000
0.096510,0.138606,0.122952,0.108504,0.167542,0.091134,0.094251,0.059403,0.069265,0.051833
0.011042,0.017103,0.011828,0.028927,0.444360,0.371153,0.064852,0.027856,0.011970,0.010909
0.088927,0.094312,0.065404,0.107194,0.158824,0.138358,0.087667,0.087424,0.125050,0.046840
0.085257,0.081112,0.109791,0.098675,0.100248,0.094330,0.076772,0.149373,0.146928,0.057513
0.007447,0.066296,0.007901,0.011263,0.437178,0.314253,0.054407,0.024028,0.008757,0.068470
0.147501,0.074717,0.037926,0.083190,0.118396,0.107496,0.126436,0.101789,0.118773,0.083777
0.013238,0.010507,0.010950,0.017843,0.443524,0.367991,0.066295,0.048497,0.009508,0.011647
0.009559,0.013706,0.021784,0.018343,0.407616,0.385999,0.055830,0.012994,0.039347,0.034822
0.115317,0.080077,0.084373,0.103205,0.150259,0.099639,0.100749,0.082775,0.149733,0.033873
0.048927,0.109408,0.035598,0.098705,0.180598,0.083054,0.078661,0.110173,0.131820,0.123055
0.097046,0.135246,0.050638,0.090716,0.108364,0.048057,0.099941,0.111829,0.146555,0.111609
0.009695,0.007538,0.008667,0.010160,0.448562,0.357960,0.056307,0.010625,0.044955,0.045530
0.167342,0.146980,0.052232,0.104128,0.138499,0.074958,0.075594,0.072981,0.124297,0.042989
0.017784,0.021653,0.011858,0.015669,0.456815,0.366394,0.073299,0.011696,0.012398,0.012433
0.013847,0.019472,0.010153,0.010691,0.434286,0.364001,0.077952,0.012643,0.012089,0.044866
0.052162,0.070352,0.085417,0.067452,0.143353,0.125659,0.147950,0.056838,0.115101,0.135715
0.126949,0.048471,0.149277,0.088421,0.117629,0.042976,0.135459,0.105257,0.100169,0.085393
0.078609,0.126672,0.104069,0.099329,0.051991,0.152411,0.132731,0.054311,0.106265,0.093611
0.078925,0.111306,0.100769,0.059933,0.124805,0.113627,0.094520,0.143022,0.120055,0.053037
0.089095,0.078487,0.036886,0.099684,0.086985,0.150254,0.080566,0.114074,0.136234,0.127734
0.047851,0.055906,0.072098,0.068528,0.103132,0.143298,0.131239,0.187704,0.129410,0.060835
0.011554,0.017373,0.007265,0.026554,0.481715,0.354511,0.052218,0.010375,0.017826,0.020608
0.016160,0.011665,0.015879,0.012213,0.439491,0.379759,0.068161,0.012476,0.025779,0.018416
0.126854,0.105281,0.151985,0.089145,0.125302,0.045828,0.071009,0.107468,0.140967,0.036159
0.071668,0.046826,0.158842,0.086201,0.126030,0.041809,0.175585,0.139481,0.069102,0.084456
0.136540,0.093318,0.041719,0.070361,0.161901,0.095180,0.063110,0.176829,0.116947,0.044095
0.117800,0.060381,0.080100,0.070141,0.112305,0.082778,0.134701,0.114907,0.107924,0.118964
0.083077,0.077377,0.108040,0.103498,0.089088,0.116325,0.079676,0.088208,0.142574,0.112136
0.010739,0.010910,0.012926,0.016659,0.448509,0.383382,0.070136,0.014334,0.021998,0.010407
0.007892,0.017612,0.020103,0.025184,0.463539,0.367391,0.058704,0.007641,0.008406,0.023527
0.096075,0.090477,0.121289,0.045318,0.102060,0.073074,0.108258,0.181758,0.087689,0.094002
0.013001,0.014068,0.012045,0.012634,0.437305,0.371588,0.081128,0.013286,0.013711,0.031234
0.086898,0.074175,0.090440,0.117133,0.148047,0.134848,0.085653,0.079521,0.118929,0.064355
0.012607,0.010807,0.018107,0.010226,0.423988,0.379179,0.058752,0.064194,0.010937,0.011204
0.014392,0.030198,0.008581,0.027404,0.450145,0.352603,0.063488,0.008568,0.018668,0.025953
0.073914,0.145855,0.120743,0.058877,0.118696,0.062864,0.121133,0.089670,0.109871,0.098377
0.015411,0.023902,0.013435,0.015445,0.437932,0.371987,0.070863,0.011964,0.013297,0.025763
0.098341,0.071463,0.076079,0.139351,0.109611,0.117833,0.164090,0.066689,0.104817,0.051724
0.099805,0.081641,0.044936,0.101881,0.110828,0.161474,0.131557,0.115220,0.106471,0.046186
0.010921,0.011260,0.009672,0.017348,0.441954,0.359508,0.071832,0.047411,0.014200,0.015894
0.093331,0.134946,0.081584,0.071608,0.157679,0.055775,0.087502,0.082493,0.090911,0.144171
0.073071,0.129235,0.050625,0.088003,0.086874,0.086065,0.127813,0.215568,0.100351,0.042395
0.070995,0.118823,0.062963,0.098270,0.098095,0.080109,0.123061,0.121622,0.129364,0.096699
0.009911,0.016538,0.008279,0.016680,0.443586,0.382034,0.049852,0.010172,0.040670,0.022276
0.073449,0.047502,0.099487,0.102969,0.119764,0.107285,0.130457,0.100417,0.105945,0.112726
0.153067,0.061300,0.181253,0.078481,0.142739,0.059173,0.157439,0.056772,0.066365,0.043412
0.085982,0.090642,0.116374,0.104947,0.123726,0.106837,0.090712,0.085632,0.145054,0.050095
0.079240,0.060209,0.109482,0.062095,0.088739,0.121129,0.182497,0.068754,0.110825,0.117030
0.011520,0.009446,0.009719,0.013540,0.429990,0.365660,0.063240,0.066916,0.009976,0.019992
0.104200,0.151249,0.054413,0.097541,0.091265,0.087567,0.079736,0.054988,0.150972,0.128070
0.142824,0.072138,0.113428,0.078740,0.121321,0.128507,0.106791,0.056195,0.119098,0.060958
0.045481,0.150130,0.051450,0.100220,0.152459,0.112213,0.074680,0.071482,0.150010,0.091875
0.097566,0.066175,0.192031,0.083524,0.060526,0.085001,0.089475,0.060194,0.166061,0.099447
0.068520,0.111559,0.128624,0.082567,0.094395,0.057684,0.120982,0.132280,0.087099,0.116290
0.099810,0.089667,0.193399,0.104036,0.057103,0.085604,0.088910,0.056912,0.121785,0.102774
0.079387,0.081265,0.069309,0.063587,0.086593,0.081149,0.135775,0.224975,0.061751,0.116209
0.054245,0.066795,0.113427,0.117264,0.103670,0.078140,0.141295,0.082274,0.112955,0.129934
0.092566,0.075326,0.069672,0.080863,0.141146,0.107864,0.165850,0.070110,0.139048,0.057555
0.015568,0.011376,0.020876,0.013363,0.409908,0.364169,0.067535,0.072678,0.012875,0.011651
0.027458,0.012273,0.012700,0.013907,0.439017,0.351190,0.069907,0.010288,0.012869,0.050391
0.083867,0.120023,0.053261,0.114725,0.144108,0.077963,0.075831,0.052237,0.158335,0.119650
0.097054,0.157929,0.119901,0.086715,0.061463,0.126669,0.092949,0.089759,0.124379,0.043181
0.076437,0.051576,0.067778,0.103298,0.182746,0.084729,0.136241,0.100499,0.115716,0.080979
0.088847,0.134138,0.080033,0.103916,0.129687,0.053175,0.135304,0.112481,0.122933,0.039486
0.010030,0.018437,0.010195,0.021962,0.425026,0.391506,0.055412,0.009656,0.046218,0.011559
0.110231,0.122783,0.045210,0.087494,0.088144,0.149016,0.127116,0.099383,0.092471,0.078152
0.112115,0.080307,0.077185,0.092517,0.130325,0.114278,0.101072,0.106194,0.148399,0.037609
0.082428,0.074014,0.117060,0.068483,0.104736,0.129770,0.197138,0.095950,0.066548,0.063873
0.062939,0.080995,0.069996,0.078026,0.164338,0.064242,0.125514,0.107500,0.177061,0.069390
0.119289,0.055366,0.173055,0.090506,0.100117,0.097153,0.078653,0.051841,0.136612,0.097407
0.014538,0.020673,0.011645,0.009331,0.415163,0.330021,0.067080,0.074571,0.009923,0.047055
0.074966,0.062113,0.125268,0.080801,0.120025,0.130650,0.106404,0.117382,0.118282,0.064108
0.109876,0.074342,0.046145,0.057094,0.110795,0.075562,0.121178,0.189444,0.100195,0.115369
0.008572,0.040216,0.009182,0.013026,0.452140,0.335400,0.056173,0.023400,0.053530,0.008360
0.075678,0.053233,0.074642,0.093357,0.195520,0.090914,0.074923,0.106050,0.117647,0.118036
0.013413,0.011156,0.014162,0.011854,0.439900,0.337982,0.074613,0.012246,0.021958,0.062716
0.088761,0.083207,0.085842,0.101004,0.133368,0.073040,0.078296,0.155224,0.108881,0.092377
0.017884,0.016465,0.014363,0.016607,0.431929,0.390434,0.067409,0.016939,0.014765,0.013205
0.088297,0.141688,0.114811,0.109121,0.057022,0.074655,0.084090,0.154286,0.113613,0.062418
0.123968,0.102910,0.088644,0.098840,0.126444,0.061720,0.118974,0.074227,0.130307,0.073967
0.094121,0.070391,0.050243,0.099091,0.149288,0.086485,0.163668,0.079663,0.146095,0.060954
0.013752,0.017688,0.011623,0.022799,0.454252,0.395682,0.053312,0.012609,0.009431,0.008853
0.154536,0.067438,0.073110,0.091706,0.086156,0.044419,0.153340,0.126799,0.097609,0.104886
0.083565,0.123073,0.048528,0.099393,0.100337,0.123510,0.106911,0.053867,0.135780,0.125037
0.101017,0.100198,0.121374,0.073806,0.177510,0.053898,0.080773,0.106435,0.118019,0.066971
0.143147,0.050944,0.154537,0.094448,0.082102,0.071103,0.122435,0.106568,0.139031,0.035685
0.047200,0.065023,0.163166,0.092240,0.134344,0.082489,0.072839,0.112959,0.147088,0.082652
0.068164,0.052881,0.042883,0.089966,0.156841,0.065325,0.140041,0.191242,0.091190,0.101465
0.071278,0.050738,0.047473,0.067489,0.148519,0.079457,0.126091,0.140138,0.147318,0.121499
0.012862,0.017537,0.012451,0.013876,0.434090,0.387896,0.075991,0.016203,0.014073,0.015020
0.167555,0.094393,0.062532,0.109149,0.061008,0.058774,0.165686,0.060684,0.068022,0.152196
0.134399,0.052552,0.076496,0.100040,0.131784,0.094116,0.098558,0.071528,0.126519,0.114009
0.104891,0.112441,0.123256,0.064693,0.161957,0.057015,0.107216,0.069884,0.098835,0.099811
0.013108,0.014387,0.013207,0.012202,0.430723,0.343809,0.071943,0.012969,0.014446,0.073206
0.013538,0.011976,0.010671,0.015839,0.425518,0.342208,0.066815,0.086465,0.012782,0.014187
0.095404,0.053708,0.076820,0.062736,0.147232,0.094419,0.097262,0.104815,0.147458,0.120146
0.087840,0.087788,0.113176,0.119792,0.102663,0.099850,0.145206,0.115381,0.065831,0.062474
0.085031,0.142369,0.046444,0.104593,0.137408,0.087504,0.149534,0.076112,0.110684,0.060321
0.073112,0.047000,0.096287,0.086163,0.134704,0.063217,0.136443,0.133859,0.112799,0.116418
0.105840,0.132120,0.046067,0.062326,0.125405,0.104890,0.170147,0.082022,0.053808,0.117376
0.014075,0.011784,0.012365,0.010433,0.449794,0.372687,0.070624,0.011147,0.019505,0.027585
0.013352,0.023347,0.011145,0.012059,0.459483,0.354498,0.066137,0.015615,0.024781,0.019582
0.054506,0.153195,0.045304,0.103045,0.094670,0.058123,0.158886,0.120055,0.164854,0.047362
0.083277,0.054301,0.078660,0.086201,0.089810,0.118907,0.185495,0.149563,0.110773,0.043013
0.018217,0.015135,0.016125,0.014926,0.428210,0.366324,0.081007,0.021056,0.015889,0.023109
0.080917,0.123131,0.066509,0.060248,0.102507,0.099073,0.085593,0.189840,0.099255,0.092927
0.085021,0.079573,0.108462,0.103938,0.098650,0.096383,0.076144,0.109028,0.146051,0.096752
0.013308,0.024728,0.013103,0.017885,0.438501,0.366248,0.081178,0.016935,0.014905,0.013209
0.046213,0.112927,0.076315,0.087457,0.126158,0.113064,0.099785,0.112646,0.131347,0.094087
0.158427,0.062396,0.064769,0.090136,0.092031,0.153916,0.066096,0.096680,0.097951,0.117597
0.057037,0.063646,0.039212,0.089553,0.173073,0.092820,0.150510,0.120001,0.118854,0.095294
0.010240,0.008455,0.009022,0.009013,0.425214,0.342757,0.059945,0.072651,0.035500,0.027203
0.013344,0.011424,0.022307,0.013295,0.427134,0.355647,0.063641,0.071898,0.012151,0.009158
0.076126,0.104488,0.095762,0.095562,0.081506,0.149857,0.127879,0.081104,0.100020,0.087697
0.127926,0.088725,0.084430,0.118259,0.117592,0.099626,0.085485,0.116841,0.117485,0.043631
0.086482,0.064877,0.085243,0.116651,0.144528,0.131183,0.088988,0.127085,0.089424,0.065539
0.075095,0.061659,0.049280,0.100492,0.129048,0.091908,0.138226,0.086500,0.152718,0.115074
0.020213,0.008702,0.008869,0.011074,0.467272,0.368762,0.052698,0.019231,0.036257,0.006922
0.016927,0.017200,0.022416,0.018484,0.433700,0.362161,0.086036,0.013753,0.015509,0.013813
0.097497,0.085349,0.068017,0.115042,0.109016,0.098121,0.093268,0.187900,0.077133,0.068658
0.141361,0.093602,0.090100,0.087186,0.081457,0.073131,0.067017,0.194433,0.064563,0.107149
0.044807,0.130564,0.051316,0.084658,0.124660,0.089260,0.073633,0.139100,0.139704,0.122296
0.101734,0.119041,0.073854,0.101163,0.087566,0.094417,0.152920,0.068380,0.110059,0.090868
0.093878,0.054035,0.052215,0.097575,0.092293,0.151413,0.072851,0.195827,0.134020,0.055894
0.010826,0.011013,0.011557,0.032302,0.451553,0.331035,0.064078,0.060160,0.009517,0.017958
0.013303,0.010708,0.011458,0.009599,0.449671,0.363243,0.068566,0.008879,0.042472,0.022101
0.013074,0.025916,0.022813,0.016091,0.436336,0.383254,0.062481,0.013578,0.014546,0.011911
0.120896,0.123041,0.177790,0.068623,0.118692,0.130850,0.079046,0.053570,0.084224,0.043269
0.080786,0.059404,0.051992,0.105048,0.131607,0.117970,0.137282,0.147939,0.109994,0.057979
0.076511,0.129579,0.097451,0.094879,0.102216,0.088288,0.072799,0.105875,0.118438,0.113965
0.007298,0.007928,0.006537,0.022523,0.467313,0.360067,0.052027,0.020297,0.038616,0.017394
0.166859,0.055692,0.162218,0.073520,0.111192,0.119688,0.078560,0.053583,0.120364,0.058326
0.072538,0.061500,0.072176,0.059383,0.131781,0.110798,0.173398,0.109916,0.118743,0.089768
0.039193,0.104671,0.064158,0.101033,0.117088,0.083276,0.127545,0.128189,0.127262,0.107585
0.058229,0.064665,0.083484,0.082273,0.141260,0.133694,0.093328,0.132972,0.161972,0.048122
0.084530,0.080475,0.039782,0.104285,0.147175,0.113500,0.078896,0.140536,0.144270,0.066550
0.072501,0.109382,0.068122,0.095080,0.127640,0.068072,0.174977,0.107104,0.068494,0.108628
0.135944,0.063055,0.172387,0.094788,0.087335,0.115173,0.073657,0.051399,0.152853,0.053410
0.165950,0.061263,0.057905,0.075682,0.146849,0.160295,0.081594,0.078241,0.111281,0.060941
0.174003,0.066168,0.113029,0.067058,0.059644,0.076773,0.086338,0.080392,0.146475,0.130120
0.010536,0.014972,0.012934,0.013683,0.431276,0.376616,0.067194,0.013820,0.049275,0.009695
0.115505,0.091744,0.085188,0.125216,0.146505,0.087583,0.113480,0.100320,0.090811,0.043647
0.010039,0.031994,0.010595,0.014534,0.447100,0.332796,0.071260,0.055880,0.010909,0.014892
0.011830,0.011071,0.011642,0.015320,0.439493,0.376090,0.071286,0.027396,0.024437,0.011436
0.010033,0.011019,0.012770,0.010750,0.442045,0.335482,0.071122,0.064048,0.012993,0.029739
0.012244,0.012570,0.009336,0.022499,0.437169,0.371410,0.068126,0.044153,0.010134,0.012359
0.054152,0.145039,0.084001,0.111148,0.120116,0.102717,0.144897,0.095778,0.091740,0.050411
0.095603,0.109785,0.057951,0.074293,0.123061,0.082740,0.160098,0.185289,0.072929,0.038251
0.050255,0.113030,0.055270,0.101388,0.126707,0.075742,0.133947,0.206055,0.078883,0.058724
0.009517,0.033149,0.007116,0.014005,0.463268,0.333671,0.055746,0.018755,0.038246,0.026527
0.063907,0.149144,0.154050,0.056010,0.118353,0.112534,0.128225,0.080621,0.052127,0.085028
0.140669,0.072811,0.137684,0.068576,0.052428,0.138069,0.073106,0.104899,0.101679,0.110079
0.162781,0.112925,0.158494,0.069978,0.050227,0.047678,0.142204,0.142334,0.058479,0.054902
0.013101,0.012390,0.018729,0.014293,0.431260,0.372968,0.066317,0.014193,0.044738,0.012012
0.055368,0.151160,0.060410,0.105508,0.098418,0.179263,0.084766,0.130623,0.069898,0.064586
0.100934,0.063243,0.065911,0.076817,0.128551,0.109973,0.093753,0.170391,0.125145,0.065282
0.122189,0.076842,0.051441,0.129910,0.130106,0.093535,0.117008,0.060612,0.140865,0.077494
0.194434,0.133954,0.062501,0.118139,0.062723,0.099531,0.089523,0.086005,0.097528,0.055661
0.089966,0.061115,0.146163,0.086752,0.121207,0.086257,0.071559,0.195549,0.099316,0.042116
0.005936,0.006660,0.006502,0.024299,0.456750,0.331625,0.051026,0.047595,0.052340,0.017267
0.058133,0.069647,0.120805,0.123948,0.063064,0.063730,0.088023,0.237882,0.121206,0.053561
0.013018,0.008973,0.009092,0.015079,0.429889,0.373398,0.074148,0.044576,0.010832,0.020995
0.087593,0.080801,0.174647,0.095707,0.161736,0.096298,0.075822,0.051215,0.133048,0.043133
0.013126,0.011754,0.009890,0.014692,0.434804,0.345844,0.067659,0.009578,0.077147,0.015504
0.010747,0.021527,0.024111,0.016986,0.444878,0.361204,0.072964,0.013278,0.021925,0.012379
0.093811,0.091630,0.086564,0.116270,0.156399,0.057926,0.166200,0.058819,0.123260,0.049121
0.008895,0.008302,0.016909,0.014613,0.447933,0.397419,0.062724,0.012177,0.009713,0.021313
0.049139,0.076797,0.142968,0.090182,0.091678,0.140560,0.132158,0.107889,0.101916,0.066713
0.074489,0.112558,0.051147,0.084563,0.213516,0.079401,0.073726,0.085734,0.142849,0.082016
0.050358,0.084612,0.171528,0.099342,0.053650,0.096233,0.101821,0.149390,0.133171,0.059896
0.059112,0.069538,0.069086,0.118470,0.141529,0.130888,0.146587,0.064804,0.120198,0.079789
0.054504,0.123081,0.181026,0.085110,0.167184,0.058766,0.084675,0.058031,0.140879,0.046743
0.011707,0.031337,0.009550,0.008632,0.463625,0.363949,0.060552,0.010200,0.016232,0.024216
0.076698,0.118349,0.056891,0.097887,0.097725,0.118705,0.143412,0.112618,0.062506,0.115210
0.088290,0.083600,0.082152,0.100487,0.102472,0.098607,0.101034,0.056602,0.155064,0.131693
0.048219,0.144127,0.109200,0.062672,0.088144,0.091628,0.102909,0.114936,0.116129,0.122035
0.006339,0.011141,0.007825,0.022282,0.452664,0.345850,0.048701,0.065971,0.014948,0.024279
0.106660,0.064013,0.086766,0.085021,0.075426,0.138008,0.119168,0.122931,0.104416,0.097590
0.073634,0.125005,0.147548,0.056511,0.100776,0.085617,0.119390,0.133501,0.106394,0.051625
0.090582,0.128253,0.116891,0.106983,0.059705,0.100474,0.113808,0.060288,0.130847,0.092170
0.083196,0.149314,0.069245,0.087450,0.093572,0.119950,0.089047,0.055974,0.109081,0.143171
0.125646,0.064158,0.060956,0.104610,0.162534,0.094554,0.087019,0.121382,0.137067,0.042075
0.104254,0.119075,0.047260,0.105206,0.089177,0.093242,0.075262,0.152305,0.119963,0.094256
0.098552,0.080330,0.087783,0.087587,0.161903,0.089340,0.093121,0.104409,0.129719,0.067257
0.097837,0.134782,0.055767,0.063943,0.051321,0.111174,0.143036,0.086712,0.129165,0.126263
0.075699,0.080854,0.075950,0.110196,0.095461,0.093220,0.101418,0.110198,0.143715,0.113289
0.073465,0.105760,0.093412,0.090729,0.116635,0.064425,0.121264,0.133097,0.096769,0.104445
0.009200,0.010900,0.009951,0.017481,0.424969,0.350544,0.073238,0.009216,0.048420,0.046082
0.097922,0.063522,0.084064,0.108619,0.098381,0.092034,0.095203,0.152686,0.117578,0.089991
0.081147,0.129522,0.100015,0.068160,0.142535,0.112986,0.129974,0.102377,0.094762,0.038523
0.011719,0.010534,0.011837,0.011252,0.450642,0.376578,0.067567,0.013867,0.011994,0.034010
0.073440,0.106719,0.160529,0.086604,0.129031,0.085728,0.068102,0.142377,0.097585,0.049887
0.077098,0.107598,0.154870,0.087418,0.045575,0.107341,0.091222,0.100508,0.119228,0.109142
0.082521,0.067014,0.048240,0.096106,0.154267,0.051918,0.179256,0.116689,0.146191,0.057798
0.134531,0.142714,0.065106,0.085332,0.162707,0.058867,0.121355,0.087907,0.068593,0.072888
0.115528,0.118212,0.171256,0.063107,0.050059,0.120542,0.099135,0.049280,0.125588,0.087294
0.042904,0.054893,0.094188,0.086043,0.086631,0.134891,0.124316,0.188084,0.096089,0.091961
0.024856,0.014444,0.012577,0.019908,0.436347,0.387998,0.059572,0.013912,0.020739,0.009646
0.087245,0.064269,0.063628,0.072890,0.122315,0.104298,0.161123,0.157613,0.116181,0.050437
0.076494,0.070978,0.147394,0.093546,0.139082,0.046690,0.120463,0.132557,0.136852,0.035944
0.095734,0.097565,0.058764,0.082368,0.102914,0.137028,0.067302,0.189810,0.087253,0.081263
0.063844,0.172927,0.096334,0.075842,0.134205,0.063790,0.092467,0.085996,0.098481,0.116114
0.139543,0.077868,0.051257,0.111403,0.129062,0.122116,0.073325,0.107718,0.059528,0.128180
0.011331,0.010347,0.019634,0.010484,0.410678,0.380195,0.060235,0.062712,0.021896,0.012488
0.120355,0.059099,0.180022,0.100358,0.054670,0.078638,0.079534,0.152947,0.083885,0.090491
0.107318,0.088031,0.167958,0.099167,0.093762,0.124391,0.087751,0.120783,0.070584,0.040255
0.093544,0.067144,0.118372,0.113458,0.136535,0.128711,0.112929,0.060688,0.115012,0.053606
0.081427,0.082349,0.110066,0.067897,0.115370,0.100244,0.143726,0.053342,0.115276,0.130301
0.008199,0.008079,0.008716,0.026380,0.465345,0.342923,0.047708,0.021977,0.010115,0.060557
0.046228,0.107541,0.041927,0.096461,0.083518,0.070046,0.128319,0.202493,0.134332,0.089136
0.118386,0.126651,0.068927,0.095593,0.088317,0.066922,0.137687,0.132311,0.114938,0.050269
0.088577,0.059523,0.157050,0.095709,0.117099,0.086029,0.081574,0.059725,0.118931,0.135782
0.127903,0.046690,0.072438,0.073610,0.140338,0.111246,0.129917,0.067507,0.116465,0.113886
0.073314,0.110219,0.050915,0.088016,0.127016,0.090366,0.144947,0.084393,0.145893,0.084922
0.045372,0.055487,0.152116,0.092326,0.141562,0.113390,0.091770,0.084571,0.106558,0.116847
0.095179,0.094482,0.041183,0.084230,0.090240,0.095193,0.121662,0.189010,0.121048,0.067773
0.103957,0.063298,0.073980,0.091769,0.166476,0.109110,0.096905,0.055876,0.177434,0.061195
0.086746,0.125852,0.060249,0.101592,0.121679,0.084923,0.081081,0.057152,0.142612,0.138113
0.102817,0.109261,0.069541,0.089290,0.090472,0.088308,0.162130,0.134804,0.114122,0.039254
0.012635,0.021989,0.010453,0.027771,0.442879,0.370906,0.063581,0.010775,0.022396,0.016614
0.101663,0.137116,0.155300,0.081629,0.143236,0.098991,0.087984,0.061990,0.097232,0.034857
0.009331,0.013674,0.020984,0.014105,0.430562,0.405547,0.058973,0.011476,0.015698,0.019651
0.013982,0.017500,0.023283,0.019789,0.439654,0.355649,0.080305,0.015819,0.017345,0.016675
0.126377,0.061732,0.045641,0.096308,0.091495,0.115324,0.144065,0.065327,0.147175,0.106556
0.092589,0.073462,0.065285,0.103941,0.097010,0.059785,0.086350,0.247087,0.120800,0.053691
0.041687,0.109690,0.160137,0.093887,0.130783,0.090009,0.092507,0.107771,0.054466,0.119061
0.009205,0.010872,0.016885,0.012523,0.426702,0.368709,0.068056,0.065283,0.010942,0.010824
0.072049,0.053971,0.061284,0.087625,0.183250,0.106613,0.084306,0.207735,0.056205,0.086962
0.073579,0.157483,0.104636,0.102891,0.050586,0.120615,0.077822,0.157768,0.106271,0.048350
0.023630,0.030819,0.010534,0.008583,0.430656,0.327087,0.062336,0.080933,0.017411,0.008011
0.103791,0.146022,0.049675,0.098664,0.139052,0.087900,0.101742,0.073549,0.108836,0.090769
0.087002,0.135807,0.098200,0.113205,0.101840,0.090976,0.094195,0.101903,0.075277,0.101594
0.111703,0.056763,0.051950,0.092071,0.106388,0.091230,0.165083,0.211395,0.060163,0.053252
0.009266,0.010356,0.011579,0.013064,0.444991,0.375583,0.062673,0.009397,0.050780,0.012311
0.023709,0.010722,0.017496,0.010222,0.432623,0.373092,0.054212,0.012733,0.040634,0.024556
0.111014,0.070331,0.055006,0.108888,0.064772,0.093713,0.121955,0.065098,0.152821,0.156404
0.091561,0.090842,0.055112,0.105118,0.122497,0.128361,0.153847,0.079425,0.117053,0.056183
0.094560,0.112593,0.076299,0.093294,0.093214,0.114763,0.067886,0.108531,0.112849,0.126012
0.071582,0.102872,0.094946,0.085222,0.101488,0.109546,0.065372,0.137221,0.136182,0.095569
0.007897,0.009168,0.008958,0.010900,0.455048,0.354418,0.066151,0.012090,0.044812,0.030558
0.055325,0.124353,0.065747,0.103995,0.220012,0.104475,0.084812,0.128575,0.069046,0.043659
0.009089,0.058470,0.011262,0.008801,0.449324,0.329600,0.072091,0.010779,0.011530,0.039053
0.061024,0.097173,0.132020,0.084125,0.072305,0.099810,0.086207,0.192763,0.088223,0.086350
0.078106,0.066487,0.056085,0.104179,0.142406,0.123352,0.076960,0.148073,0.152719,0.051632
0.005573,0.036110,0.006110,0.013374,0.459984,0.332825,0.055390,0.019766,0.043458,0.027409
0.053616,0.061426,0.061821,0.120111,0.094394,0.126333,0.144264,0.059647,0.139147,0.139239
0.020328,0.017946,0.013220,0.013045,0.430694,0.368014,0.074861,0.012276,0.012942,0.036674
0.073818,0.063048,0.046765,0.093289,0.219480,0.116177,0.146821,0.051349,0.098644,0.090609
0.102084,0.157088,0.050447,0.084657,0.136159,0.047376,0.098361,0.149716,0.128858,0.045254
0.089977,0.085335,0.080005,0.107185,0.144323,0.098569,0.158231,0.053807,0.083082,0.099485
0.020380,0.014493,0.013025,0.012012,0.449323,0.372805,0.067324,0.018255,0.012703,0.019680
0.144431,0.122412,0.133687,0.094970,0.111986,0.076415,0.063687,0.090496,0.061952,0.099964
0.115886,0.122428,0.036748,0.060602,0.098349,0.144849,0.129479,0.078215,0.101253,0.112190
0.073817,0.132270,0.065352,0.067795,0.090652,0.114958,0.151401,0.150133,0.070159,0.083462
0.087532,0.107152,0.124511,0.076984,0.117973,0.126475,0.136532,0.037185,0.117540,0.068118
0.077029,0.053919,0.066140,0.089226,0.121892,0.109983,0.163108,0.100179,0.100378,0.118147
0.026834,0.012531,0.012048,0.011606,0.421249,0.367249,0.073114,0.011271,0.048125,0.015971
0.131864,0.108099,0.153789,0.057578,0.086534,0.103863,0.122216,0.079888,0.118847,0.037321
0.017260,0.021671,0.015908,0.012110,0.431853,0.386243,0.073068,0.013713,0.013852,0.014323
0.007524,0.014485,0.007213,0.021611,0.466704,0.386721,0.049668,0.010841,0.016794,0.018439
0.088517,0.057330,0.057737,0.099114,0.134555,0.122161,0.141039,0.055668,0.151308,0.092573
0.010489,0.016469,0.010377,0.028876,0.472070,0.357364,0.056165,0.027442,0.008977,0.011772
0.153154,0.087544,0.046972,0.072519,0.146553,0.136074,0.084458,0.083560,0.117658,0.071509
0.021571,0.027587,0.009420,0.007629,0.455007,0.359333,0.059024,0.011595,0.035590,0.013244
0.052899,0.062997,0.114410,0.098095,0.095265,0.080724,0.148429,0.129032,0.119165,0.098983
0.087759,0.078183,0.053570,0.085239,0.141577,0.091344,0.129852,0.136133,0.103649,0.092694
0.105475,0.108082,0.155815,0.103816,0.120511,0.085301,0.090377,0.042736,0.132100,0.055788
0.161723,0.067208,0.053622,0.100330,0.135860,0.159703,0.095517,0.073908,0.095490,0.056638
0.135795,0.075452,0.170754,0.088813,0.151531,0.110118,0.073903,0.049432,0.106160,0.038042
0.045618,0.053366,0.035770,0.095280,0.123286,0.091847,0.163300,0.135489,0.134383,0.121660
0.128389,0.083831,0.109070,0.074821,0.154599,0.088614,0.132045,0.109836,0.078026,0.040769
0.130291,0.055681,0.104207,0.072795,0.127903,0.075187,0.143650,0.108067,0.141488,0.040731
0.067122,0.099675,0.061266,0.078074,0.111741,0.101752,0.166527,0.135360,0.059941,0.118540
0.075741,0.117136,0.044142,0.103374,0.133528,0.049932,0.101504,0.119931,0.132286,0.122427
0.146032,0.073880,0.073724,0.067023,0.124773,0.105850,0.163517,0.047623,0.139835,0.057744
0.096630,0.121558,0.137963,0.081908,0.094033,0.078713,0.124715,0.127240,0.091519,0.045721
0.016810,0.014732,0.021300,0.013298,0.440549,0.366709,0.079876,0.013552,0.014361,0.018813
0.075794,0.109997,0.157576,0.097820,0.128239,0.086163,0.090682,0.143978,0.056510,0.053241
0.013124,0.026211,0.010150,0.018240,0.445517,0.378249,0.064574,0.023658,0.011077,0.009198
0.070058,0.070923,0.142186,0.088217,0.185211,0.102938,0.092952,0.081211,0.131210,0.035095
0.009568,0.008920,0.021428,0.008307,0.433377,0.357264,0.062554,0.022047,0.048755,0.027780
0.015535,0.015464,0.013917,0.016482,0.445660,0.359786,0.079064,0.017214,0.016719,0.020160
0.081336,0.153022,0.091677,0.084375,0.055931,0.093056,0.141056,0.083347,0.142512,0.073688
0.011048,0.016663,0.008307,0.010555,0.461382,0.350643,0.051520,0.021088,0.040346,0.028449
0.010449,0.014194,0.019199,0.006896,0.446968,0.402066,0.053803,0.009843,0.015356,0.021224
0.045916,0.147354,0.102415,0.062604,0.050949,0.111622,0.131855,0.105777,0.121632,0.119875
0.063324,0.071805,0.072802,0.091652,0.108998,0.096462,0.160083,0.067929,0.171786,0.095158
0.097093,0.062607,0.122988,0.118841,0.102051,0.058360,0.163330,0.129276,0.093518,0.051937
0.083452,0.149263,0.086819,0.112681,0.095698,0.130691,0.083623,0.059446,0.134494,0.063833
0.087015,0.049442,0.139434,0.083313,0.121204,0.067683,0.153040,0.096595,0.089806,0.112469
0.095759,0.126386,0.061672,0.078119,0.118768,0.077807,0.156892,0.089317,0.097034,0.098245
0.096446,0.117781,0.091482,0.084210,0.094776,0.141814,0.126033,0.042964,0.095528,0.108966
0.083852,0.067998,0.053214,0.106020,0.053733,0.169657,0.184116,0.111001,0.113091,0.057316
0.106436,0.044294,0.127678,0.051957,0.161603,0.130045,0.141838,0.110872,0.093564,0.031712
0.070230,0.118136,0.101705,0.097089,0.091601,0.089976,0.098260,0.138382,0.138283,0.056340
0.133175,0.060947,0.081818,0.073485,0.101169,0.099335,0.187038,0.116435,0.085128,0.061469
0.113179,0.070432,0.072588,0.080836,0.137257,0.068198,0.096724,0.067347,0.132025,0.161414
0.100290,0.119215,0.043482,0.077299,0.121943,0.104579,0.121440,0.097040,0.100932,0.113780
0.081087,0.073102,0.101936,0.082013,0.052779,0.073610,0.151868,0.203313,0.062855,0.117438
0.086196,0.120443,0.085268,0.076023,0.149143,0.083598,0.143587,0.093148,0.117176,0.045419
0.126667,0.072335,0.063927,0.095962,0.142827,0.095700,0.085799,0.131951,0.138300,0.046532
0.045484,0.111549,0.160654,0.109321,0.092853,0.081259,0.134614,0.047763,0.126709,0.089793
0.009831,0.016623,0.012011,0.009179,0.448887,0.391351,0.056001,0.009361,0.020536,0.026221
0.148852,0.087630,0.055419,0.094419,0.055140,0.124778,0.107361,0.120141,0.160185,0.046074
0.013244,0.013902,0.013491,0.016504,0.438717,0.357135,0.083601,0.012238,0.024451,0.026717
0.092513,0.043602,0.124659,0.077035,0.106733,0.102023,0.119808,0.133686,0.093518,0.106421
0.110299,0.077442,0.072769,0.071600,0.107380,0.109674,0.168218,0.051694,0.107013,0.123911
0.089918,0.080104,0.160771,0.102732,0.110941,0.096088,0.132284,0.108519,0.081069,0.037573
0.093722,0.078539,0.102788,0.106470,0.107196,0.088693,0.132044,0.134622,0.101454,0.054471
0.133678,0.065361,0.072039,0.119840,0.062087,0.091132,0.168886,0.091984,0.147519,0.047473
0.136602,0.068838,0.078382,0.099774,0.141409,0.120116,0.079606,0.054898,0.161208,0.059167
0.080110,0.068205,0.057846,0.099724,0.142919,0.129410,0.078327,0.156980,0.140768,0.045711
0.083251,0.136664,0.161967,0.071856,0.086246,0.109464,0.076066,0.087491,0.151485,0.035509
0.127174,0.104543,0.069549,0.106806,0.089199,0.113786,0.096883,0.096553,0.146505,0.049002
0.078839,0.117538,0.070788,0.069986,0.086887,0.090676,0.139580,0.106103,0.148152,0.091452
0.008703,0.013084,0.010355,0.024831,0.461861,0.385324,0.060852,0.010799,0.010734,0.013456
0.103552,0.118325,0.049408,0.099916,0.057279,0.124193,0.142284,0.115040,0.066224,0.123779
0.018436,0.013267,0.012344,0.013698,0.444573,0.365120,0.076118,0.014001,0.023532,0.018911
0.160361,0.075546,0.104349,0.084854,0.123039,0.092327,0.099395,0.071423,0.103259,0.085448
0.011957,0.010345,0.009842,0.010181,0.411521,0.334940,0.070450,0.078293,0.039399,0.023072
0.022891,0.016556,0.021642,0.017534,0.433854,0.395342,0.061702,0.011612,0.010632,0.008234
0.126827,0.126238,0.073103,0.082274,0.142033,0.074316,0.093604,0.101814,0.067088,0.112704
0.088680,0.121085,0.185077,0.065442,0.094523,0.048718,0.081997,0.048991,0.133104,0.132384
0.137655,0.075382,0.147422,0.063556,0.124908,0.074773,0.118901,0.107985,0.116720,0.032699
0.024122,0.014677,0.012967,0.015917,0.430790,0.373484,0.078408,0.012938,0.014700,0.021998
0.127081,0.100363,0.134950,0.061142,0.174085,0.067833,0.058167,0.040848,0.130213,0.105316
0.090911,0.155975,0.045593,0.079272,0.145603,0.125006,0.108843,0.083935,0.117794,0.047068
0.165266,0.081237,0.107518,0.063904,0.098023,0.075461,0.136318,0.089023,0.123986,0.059265
0.124976,0.142662,0.149645,0.076615,0.118141,0.147196,0.067578,0.042925,0.053656,0.076607
0.008625,0.030283,0.016728,0.013084,0.467751,0.364009,0.066480,0.011156,0.009477,0.012407
0.114557,0.068817,0.095130,0.063339,0.117259,0.104540,0.162233,0.078803,0.109834,0.085488
0.082981,0.119823,0.186022,0.094130,0.136160,0.048044,0.074965,0.113283,0.058625,0.085965
0.058425,0.093303,0.118417,0.123768,0.148178,0.064864,0.090118,0.135819,0.125156,0.041951
0.139842,0.090246,0.065593,0.072318,0.147131,0.169621,0.141748,0.060237,0.069852,0.043411
0.108985,0.065459,0.210539,0.078564,0.061209,0.061243,0.119015,0.059711,0.152060,0.083215
0.093941,0.066334,0.061447,0.071275,0.126724,0.095644,0.166616,0.100172,0.163139,0.054707
0.107924,0.074409,0.158406,0.063830,0.132201,0.088870,0.068840,0.140570,0.114042,0.050908
0.044049,0.060267,0.096033,0.096214,0.176791,0.105592,0.072345,0.194553,0.100502,0.053654
0.017222,0.016640,0.013468,0.020077,0.425463,0.366492,0.082458,0.014428,0.027186,0.016566
0.073367,0.111832,0.074389,0.085551,0.138880,0.111735,0.066131,0.145941,0.137270,0.054904
0.067183,0.118858,0.071619,0.087104,0.079417,0.079494,0.093251,0.220268,0.133622,0.049185
0.070524,0.150493,0.050467,0.089907,0.090316,0.117589,0.181373,0.049197,0.105902,0.094232
0.115564,0.068161,0.170883,0.064795,0.114538,0.120193,0.100504,0.090591,0.112267,0.042505
0.055020,0.074162,0.115641,0.112088,0.119038,0.125052,0.145798,0.081239,0.119180,0.052780
0.100450,0.081981,0.108825,0.066099,0.128110,0.094786,0.100626,0.142209,0.108944,0.067970
0.167276,0.109778,0.097963,0.089927,0.103967,0.045360,0.132799,0.047694,0.098377,0.106859
0.111664,0.073347,0.118701,0.104584,0.142977,0.127969,0.086610,0.059535,0.120424,0.054190
0.152855,0.130412,0.072134,0.058651,0.105627,0.115324,0.125665,0.082622,0.102837,0.053873
0.106055,0.081253,0.060909,0.116961,0.116664,0.144043,0.097804,0.068677,0.130345,0.077289
0.059459,0.077119,0.069675,0.108937,0.158481,0.111714,0.094924,0.104350,0.147967,0.067374
0.109770,0.100139,0.050003,0.080665,0.067898,0.106651,0.153378,0.097216,0.077231,0.157049
0.083086,0.079781,0.161506,0.105605,0.136181,0.094068,0.102907,0.053361,0.061714,0.121789
0.009757,0.014098,0.017674,0.010627,0.445913,0.385434,0.057659,0.021031,0.011656,0.026150
0.114041,0.083447,0.165795,0.095840,0.097492,0.121648,0.099428,0.118615,0.062644,0.041051
0.102225,0.061188,0.197428,0.085691,0.096494,0.125725,0.090662,0.055694,0.123729,0.061164
0.015205,0.016451,0.011754,0.021695,0.424398,0.382040,0.073358,0.011890,0.013331,0.029876
0.012051,0.014448,0.015587,0.012110,0.453299,0.379020,0.065964,0.011786,0.018701,0.017034
0.083916,0.148177,0.079580,0.104541,0.139534,0.098074,0.141692,0.051025,0.111813,0.041648
0.076094,0.057142,0.109213,0.066000,0.089204,0.122043,0.156421,0.149665,0.077954,0.096264
0.074545,0.060866,0.065861,0.067373,0.116850,0.110237,0.065148,0.202251,0.134423,0.102448
0.021999,0.009900,0.015703,0.022656,0.449551,0.384761,0.054047,0.011695,0.010083,0.019606
0.061843,0.068050,0.048175,0.100073,0.124745,0.170751,0.095487,0.133212,0.144690,0.052974
0.011994,0.012121,0.010496,0.012581,0.443118,0.355392,0.064609,0.010060,0.047014,0.032615
0.023473,0.009899,0.010347,0.011906,0.432670,0.337567,0.060981,0.052033,0.046855,0.014267
0.074839,0.128139,0.099239,0.089690,0.124487,0.111322,0.128174,0.100454,0.103061,0.040595
0.037374,0.018907,0.020127,0.018823,0.395535,0.355420,0.097868,0.017872,0.020230,0.017843
0.086350,0.128586,0.081816,0.095457,0.152896,0.053699,0.155683,0.075411,0.117911,0.052189
0.130516,0.052180,0.082275,0.047649,0.104478,0.092384,0.107346,0.172552,0.110926,0.099694
0.077931,0.142415,0.100016,0.058706,0.127941,0.064922,0.090715,0.146482,0.099286,0.091586
0.013949,0.015269,0.013372,0.013759,0.436340,0.374314,0.088211,0.013079,0.014163,0.017545
0.016237,0.017628,0.013906,0.020130,0.403546,0.398958,0.077508,0.016471,0.021606,0.014012
0.010200,0.020820,0.023602,0.009910,0.435493,0.356854,0.074133,0.010865,0.010641,0.047482
0.082394,0.115772,0.112854,0.073643,0.089857,0.080450,0.156615,0.090250,0.108479,0.089686
0.120222,0.158282,0.047035,0.074704,0.099230,0.098866,0.078711,0.075864,0.114476,0.132610
0.107043,0.110240,0.154929,0.106668,0.082767,0.110860,0.097427,0.083342,0.094857,0.051868
0.083869,0.072318,0.074720,0.096725,0.075457,0.109512,0.138328,0.144634,0.090505,0.113932
0.147939,0.052965,0.064896,0.093220,0.128468,0.143051,0.071329,0.122848,0.073103,0.102180
0.064636,0.125902,0.071762,0.053578,0.082853,0.109319,0.164865,0.145502,0.102781,0.078802
0.010550,0.029509,0.008280,0.008576,0.463753,0.373857,0.061336,0.012552,0.008903,0.022682
0.009113,0.013523,0.016670,0.025012,0.452797,0.376685,0.059806,0.010550,0.011010,0.024834
0.127388,0.101464,0.119343,0.056594,0.111462,0.090812,0.105932,0.163415,0.057812,0.065778
0.016641,0.015544,0.017238,0.020623,0.437925,0.355907,0.077392,0.017173,0.026027,0.015531
0.106168,0.084728,0.088173,0.116867,0.100987,0.118424,0.079622,0.123242,0.138504,0.043285
0.011368,0.016981,0.022706,0.009884,0.434886,0.385000,0.063215,0.009146,0.019686,0.027127
0.106330,0.072502,0.098575,0.078469,0.068962,0.103815,0.207043,0.070062,0.134969,0.059274
0.100322,0.105309,0.152188,0.089493,0.120482,0.108836,0.087262,0.101998,0.100718,0.033392
0.009313,0.012915,0.011779,0.009651,0.442796,0.424393,0.053408,0.012323,0.013232,0.010191
0.118814,0.067177,0.124968,0.119207,0.149813,0.091101,0.093619,0.062638,0.125576,0.047086
0.091312,0.096011,0.130951,0.058941,0.121391,0.097591,0.062187,0.176501,0.119357,0.045758
0.085341,0.084347,0.057945,0.106360,0.055951,0.083228,0.077147,0.232292,0.120190,0.097199
0.010584,0.010029,0.019605,0.011215,0.428102,0.409534,0.061359,0.014396,0.012612,0.022564
0.145843,0.077124,0.123982,0.100378,0.128479,0.060849,0.157178,0.062619,0.072274,0.071275
0.096982,0.077945,0.101694,0.070313,0.207102,0.090851,0.130948,0.071145,0.111726,0.041295
0.099153,0.103417,0.046203,0.056125,0.087617,0.105516,0.092060,0.201847,0.093211,0.114852
0.149441,0.128569,0.042688,0.056875,0.138241,0.083786,0.086611,0.132912,0.132618,0.048260
