0.097683,0.095736,0.100516,0.094427,0.099554,0.096119,0.105199,0.107439,0.105694,0.097633
0.103763,0.092776,0.099237,0.091867,0.103619,0.091226,0.103826,0.112974,0.105735,0.094976
0.102980,0.097310,0.098281,0.099624,0.095467,0.102034,0.092887,0.113323,0.098799,0.099296
0.081226,0.073563,0.080218,0.076914,0.176421,0.204023,0.075091,0.079259,0.073193,0.080092
0.102512,0.094537,0.099505,0.099280,0.095801,0.101155,0.093492,0.113109,0.104317,0.096292
0.081355,0.074167,0.076627,0.080656,0.168095,0.196600,0.075101,0.090900,0.081203,0.075297
0.095785,0.095222,0.098834,0.097277,0.102727,0.095748,0.103241,0.105231,0.104567,0.101368
0.100513,0.099446,0.096927,0.099458,0.096140,0.094048,0.104728,0.112491,0.103553,0.092696
0.099478,0.092992,0.100351,0.093614,0.104182,0.093019,0.109945,0.104607,0.102442,0.099370
0.081299,0.073970,0.077216,0.076939,0.178366,0.207303,0.075367,0.074993,0.074625,0.079922
0.095502,0.096192,0.102376,0.099849,0.106446,0.108420,0.093292,0.093695,0.101577,0.102649
0.073375,0.075094,0.090468,0.070532,0.182525,0.204592,0.071414,0.076403,0.077897,0.077702
0.080140,0.075391,0.071857,0.069457,0.191676,0.214487,0.074911,0.075191,0.070720,0.076171
0.103526,0.098481,0.100593,0.091258,0.099158,0.103011,0.106249,0.102643,0.099987,0.095095
0.087698,0.090919,0.097012,0.070659,0.170494,0.188572,0.070666,0.079666,0.068217,0.076097
0.097981,0.094183,0.100810,0.102157,0.100842,0.091694,0.112712,0.100212,0.103911,0.095497
0.095512,0.094135,0.098510,0.099571,0.102303,0.101707,0.104433,0.100673,0.101097,0.102060
0.103948,0.094360,0.099089,0.098771,0.100586,0.092777,0.106482,0.102317,0.099400,0.102269
0.101201,0.092961,0.099700,0.097563,0.106578,0.100189,0.103544,0.101713,0.102165,0.094385
0.078355,0.071542,0.078243,0.077216,0.184282,0.210165,0.073483,0.073195,0.080580,0.072939
0.079405,0.077597,0.074506,0.079530,0.176988,0.203629,0.074264,0.078395,0.077294,0.078393
0.071999,0.076521,0.091513,0.075551,0.185150,0.211206,0.073788,0.070142,0.070343,0.073787
0.099616,0.093259,0.101613,0.098150,0.095355,0.107755,0.092049,0.103097,0.107085,0.102021
0.079777,0.075362,0.075599,0.075509,0.182128,0.212853,0.073485,0.072629,0.078802,0.073857
0.078239,0.077901,0.074538,0.072509,0.184950,0.209760,0.073485,0.074160,0.081838,0.072622
0.100230,0.092444,0.095636,0.095952,0.105634,0.109681,0.105000,0.100793,0.101491,0.093140
0.096566,0.098755,0.097588,0.095416,0.105276,0.089254,0.101592,0.112041,0.102271,0.101242
0.077479,0.073105,0.075759,0.074311,0.176778,0.200983,0.074974,0.083440,0.080849,0.082323
0.103833,0.093579,0.096944,0.097732,0.099530,0.100725,0.112431,0.098186,0.102984,0.094058
0.098765,0.106287,0.091586,0.092731,0.105240,0.091676,0.111283,0.099401,0.103694,0.099338
0.101031,0.095352,0.097413,0.101849,0.096671,0.099789,0.103845,0.100287,0.102851,0.100912
0.101731,0.093580,0.102445,0.097125,0.106244,0.091022,0.111438,0.094170,0.101856,0.100387
0.079063,0.072820,0.080140,0.074188,0.187199,0.211364,0.074190,0.074856,0.071533,0.074649
0.075644,0.077065,0.075170,0.071326,0.182847,0.207159,0.074378,0.078626,0.077894,0.079891
0.100525,0.096416,0.097480,0.096066,0.107000,0.101154,0.102357,0.094200,0.104227,0.100575
0.102334,0.093988,0.097878,0.095265,0.106554,0.093834,0.103882,0.104973,0.100826,0.100465
0.096439,0.101606,0.097114,0.098420,0.096825,0.103426,0.106153,0.098883,0.105782,0.095352
0.099787,0.101514,0.099966,0.101206,0.096593,0.095693,0.093310,0.103557,0.103485,0.104889
0.105714,0.093414,0.100746,0.097982,0.108851,0.095746,0.092713,0.095024,0.105639,0.104170
0.096458,0.094841,0.096821,0.096893,0.101841,0.108241,0.092242,0.112700,0.100237,0.099727
0.095622,0.096656,0.098601,0.098594,0.108506,0.100849,0.106414,0.101680,0.093731,0.099345
0.097795,0.093975,0.101847,0.102311,0.096985,0.102214,0.095750,0.095930,0.107637,0.105556
0.097465,0.095646,0.099594,0.099244,0.097165,0.102377,0.095434,0.107823,0.100990,0.104261
0.095539,0.100253,0.099186,0.100350,0.110092,0.101992,0.106510,0.092257,0.098691,0.095130
0.074339,0.071812,0.084946,0.076720,0.177630,0.204349,0.073711,0.073688,0.081462,0.081344
0.100123,0.095413,0.100605,0.097863,0.100445,0.097309,0.101166,0.104056,0.094784,0.108236
0.087331,0.072314,0.079416,0.074505,0.179161,0.201016,0.074023,0.082572,0.071582,0.078080
0.101215,0.104105,0.098272,0.099325,0.102529,0.101796,0.102905,0.094714,0.094058,0.101080
0.100923,0.096794,0.101407,0.101517,0.097424,0.105293,0.104094,0.093638,0.104791,0.094119
0.098571,0.103069,0.105953,0.103650,0.107941,0.097917,0.093631,0.097678,0.094809,0.096782
0.072980,0.071452,0.089175,0.074141,0.186607,0.210326,0.073088,0.078498,0.070353,0.073380
0.102466,0.100776,0.101755,0.100848,0.104689,0.098305,0.093034,0.097847,0.105929,0.094351
0.096696,0.101371,0.099705,0.103861,0.104466,0.096619,0.093667,0.103013,0.105229,0.095373
0.077313,0.092333,0.070951,0.077170,0.175655,0.195919,0.075559,0.078692,0.076671,0.079736
0.100880,0.099185,0.095245,0.096191,0.099515,0.101476,0.105031,0.100663,0.100984,0.100830
0.072779,0.077954,0.079719,0.076446,0.180614,0.209379,0.073633,0.083020,0.071756,0.074700
0.075411,0.079397,0.077658,0.078692,0.167984,0.207019,0.074473,0.077244,0.080570,0.081552
0.104359,0.101409,0.099855,0.101190,0.099917,0.096590,0.099573,0.098829,0.104160,0.094117
0.097144,0.101479,0.098064,0.101378,0.110704,0.090384,0.091650,0.099737,0.105856,0.103606
0.099026,0.098252,0.102867,0.103272,0.097471,0.093615,0.099214,0.098041,0.104284,0.103958
0.075400,0.077062,0.079709,0.077229,0.178976,0.205956,0.074189,0.073278,0.078481,0.079721
0.103028,0.108626,0.094202,0.101310,0.106168,0.096028,0.092227,0.098688,0.103165,0.096558
0.075106,0.072759,0.096337,0.076553,0.183209,0.205453,0.073773,0.069827,0.071722,0.075260
0.073822,0.074859,0.080672,0.074792,0.178766,0.205521,0.075990,0.080030,0.075033,0.080516
0.096059,0.094227,0.099557,0.092126,0.104884,0.103107,0.106191,0.094587,0.102886,0.106375
0.100857,0.093037,0.096527,0.100528,0.106389,0.092701,0.112437,0.096864,0.098986,0.101676
0.097284,0.104113,0.098781,0.097567,0.095826,0.100625,0.103505,0.095689,0.104962,0.101646
0.095529,0.096789,0.103240,0.092077,0.107598,0.102884,0.098564,0.102472,0.107590,0.093257
0.104311,0.101519,0.097307,0.100913,0.096599,0.100777,0.091454,0.099099,0.105388,0.102633
0.095015,0.092732,0.098072,0.098504,0.097267,0.099640,0.109870,0.111949,0.103398,0.093553
0.076229,0.074425,0.075231,0.075481,0.181372,0.205560,0.075908,0.074070,0.082031,0.079692
0.081123,0.071741,0.077064,0.070744,0.184787,0.211700,0.073578,0.074745,0.081252,0.073266
0.103321,0.098529,0.101505,0.102884,0.102357,0.094847,0.094328,0.099515,0.105644,0.097070
0.097586,0.094089,0.100403,0.104307,0.101374,0.095059,0.106976,0.103207,0.093575,0.103424
0.101639,0.096084,0.094838,0.096623,0.108054,0.097537,0.093655,0.114043,0.103148,0.094380
0.102425,0.094655,0.100420,0.100746,0.099304,0.092109,0.104802,0.099814,0.100910,0.104816
0.097645,0.102460,0.100617,0.099396,0.097839,0.100316,0.095462,0.095832,0.105937,0.104497
0.079824,0.072243,0.079737,0.079917,0.180192,0.206209,0.074252,0.073212,0.080812,0.073602
0.080587,0.074441,0.076334,0.075420,0.177494,0.203770,0.075986,0.076023,0.076549,0.083397
0.096052,0.090830,0.094329,0.097377,0.100076,0.108726,0.102245,0.110777,0.101309,0.098281
0.082715,0.076969,0.079229,0.073021,0.181748,0.207237,0.074130,0.070676,0.072556,0.081719
0.103675,0.095134,0.100435,0.098851,0.101978,0.108290,0.093469,0.098975,0.103797,0.095396
0.080467,0.077167,0.075440,0.073567,0.173858,0.205208,0.073568,0.089753,0.076164,0.074809
0.074062,0.084990,0.077957,0.073189,0.180570,0.203062,0.072681,0.072322,0.080981,0.080186
0.102115,0.106328,0.095314,0.098673,0.094609,0.090719,0.109973,0.098466,0.106583,0.097219
0.080473,0.077789,0.078366,0.073838,0.183998,0.209566,0.073264,0.073045,0.071139,0.078523
0.104430,0.093929,0.103376,0.100499,0.097719,0.112269,0.105487,0.094514,0.092383,0.095394
0.099060,0.100986,0.098777,0.097668,0.097795,0.100518,0.106307,0.098566,0.105708,0.094615
0.082955,0.076260,0.078402,0.074294,0.180959,0.204690,0.072639,0.081421,0.076476,0.071904
0.107262,0.102821,0.101221,0.093209,0.103345,0.096001,0.093404,0.100330,0.093655,0.108754
0.097738,0.101247,0.094597,0.096160,0.098953,0.106416,0.101752,0.109722,0.100960,0.092454
0.095580,0.097782,0.098749,0.098438,0.097502,0.095377,0.103868,0.106368,0.103827,0.102509
0.081298,0.074446,0.077774,0.077254,0.173870,0.203218,0.075195,0.074684,0.079179,0.083082
0.101271,0.093100,0.097697,0.097582,0.099454,0.097217,0.105576,0.100815,0.104985,0.102303
0.104103,0.092935,0.101708,0.097983,0.108984,0.095925,0.113987,0.096792,0.093123,0.094461
0.104444,0.102620,0.100535,0.102816,0.099393,0.097299,0.093006,0.099717,0.104295,0.095876
0.102377,0.095174,0.098768,0.093105,0.095906,0.102911,0.105572,0.097395,0.105711,0.103082
0.072847,0.078177,0.079799,0.080047,0.171911,0.199459,0.074455,0.090480,0.073938,0.078887
0.099578,0.108170,0.103408,0.103929,0.096440,0.091259,0.093697,0.095725,0.105454,0.102339
0.103536,0.095975,0.101148,0.098434,0.100047,0.105182,0.101065,0.096940,0.101933,0.095741
0.095016,0.106848,0.100089,0.097183,0.098743,0.106721,0.092690,0.097176,0.103437,0.102097
0.100908,0.095879,0.102781,0.099166,0.097694,0.098008,0.096287,0.096444,0.107414,0.105419
0.093172,0.103950,0.095983,0.101480,0.095349,0.092553,0.105101,0.105067,0.102994,0.104352
0.105071,0.101992,0.099852,0.102209,0.095659,0.096207,0.092001,0.096056,0.107449,0.103504
0.097592,0.100802,0.100134,0.100463,0.095654,0.091021,0.103508,0.114346,0.093168,0.103314
0.096166,0.094096,0.099788,0.099236,0.103615,0.095919,0.103949,0.098394,0.102758,0.106080
0.099341,0.101148,0.098685,0.097393,0.099306,0.102932,0.105818,0.097854,0.104129,0.093393
0.080572,0.072251,0.075332,0.075496,0.177820,0.208762,0.073403,0.089772,0.071821,0.074770
0.078839,0.078349,0.079921,0.074368,0.174965,0.202941,0.075319,0.075511,0.080596,0.079192
0.096281,0.101087,0.104546,0.099128,0.105943,0.095717,0.091913,0.095413,0.105006,0.104966
0.098481,0.100750,0.101302,0.102723,0.097080,0.108753,0.092471,0.100555,0.102286,0.095599
0.094345,0.091270,0.095611,0.095719,0.105492,0.106843,0.109125,0.098779,0.103695,0.099122
0.102513,0.098306,0.099304,0.097681,0.100650,0.094213,0.103702,0.101922,0.106398,0.095310
0.078938,0.077185,0.077383,0.073775,0.181842,0.214027,0.072572,0.074211,0.078124,0.071942
0.099615,0.096580,0.093140,0.101809,0.102316,0.099292,0.105157,0.100642,0.100964,0.100484
0.102730,0.099865,0.097714,0.101934,0.099643,0.101635,0.098419,0.100877,0.102526,0.094657
0.104300,0.095957,0.100772,0.095194,0.105629,0.100476,0.107659,0.095774,0.096692,0.097547
0.098788,0.096819,0.103674,0.094607,0.103775,0.096870,0.102320,0.096747,0.107820,0.098579
0.105430,0.094918,0.100681,0.098574,0.105720,0.096853,0.093755,0.096650,0.103547,0.103872
0.071724,0.077938,0.076392,0.069663,0.182762,0.209153,0.073871,0.089349,0.070193,0.078955
0.097429,0.099685,0.098576,0.098322,0.097368,0.099064,0.105695,0.100862,0.102796,0.100204
0.100758,0.100108,0.091115,0.089613,0.106640,0.088819,0.105255,0.113134,0.101546,0.103012
0.076072,0.086584,0.077449,0.077622,0.175497,0.196850,0.072371,0.076654,0.085622,0.075280
0.101816,0.092669,0.098963,0.100981,0.108173,0.095666,0.093345,0.101592,0.106214,0.100581
0.081370,0.073180,0.076806,0.075346,0.179432,0.204216,0.075494,0.071792,0.082641,0.079723
0.096522,0.101468,0.099637,0.103535,0.101100,0.095705,0.092564,0.107022,0.100088,0.102359
0.072996,0.074799,0.086498,0.073562,0.185964,0.212820,0.072891,0.071742,0.076133,0.072595
0.097376,0.107196,0.100447,0.099089,0.096645,0.096479,0.094979,0.103692,0.106940,0.097158
0.100081,0.099342,0.102136,0.097227,0.104260,0.093145,0.106317,0.091882,0.104205,0.101405
0.103565,0.092280,0.097575,0.101962,0.106699,0.093994,0.111769,0.096639,0.101353,0.094164
0.073817,0.078783,0.080421,0.075396,0.185407,0.215488,0.073928,0.073230,0.071483,0.072048
0.100913,0.098966,0.097917,0.096426,0.102095,0.094380,0.103845,0.100782,0.103354,0.101322
0.095964,0.100710,0.097565,0.101392,0.104122,0.102942,0.099682,0.095393,0.102076,0.100155
0.098177,0.104465,0.093454,0.099183,0.108670,0.092002,0.097242,0.105327,0.101483,0.099997
0.103245,0.093481,0.100006,0.101576,0.097196,0.096410,0.107850,0.099442,0.105106,0.095689
0.097475,0.095273,0.100750,0.104894,0.106766,0.092440,0.093002,0.099819,0.106115,0.103466
0.096482,0.093609,0.093328,0.099052,0.107207,0.091010,0.104026,0.112621,0.100777,0.101888
0.104298,0.092982,0.093686,0.097208,0.100308,0.091244,0.108285,0.103607,0.105287,0.103095
0.080547,0.072597,0.072581,0.075982,0.185003,0.214941,0.074173,0.073044,0.071889,0.079244
0.104176,0.103048,0.094556,0.102920,0.096584,0.095592,0.109232,0.095573,0.094179,0.104140
0.100061,0.092377,0.098440,0.095878,0.106237,0.110197,0.097240,0.096188,0.100710,0.102672
0.099649,0.105930,0.095451,0.095688,0.108688,0.093190,0.103316,0.092132,0.100422,0.105535
0.080694,0.072709,0.097042,0.068442,0.181318,0.201685,0.072241,0.068165,0.078671,0.079033
0.084909,0.074272,0.077939,0.074668,0.178086,0.199495,0.071735,0.088136,0.077789,0.072972
0.100607,0.092742,0.101277,0.091765,0.100598,0.096963,0.100287,0.103838,0.105508,0.106414
0.098806,0.101974,0.100139,0.099881,0.104789,0.097015,0.104972,0.102900,0.094837,0.094687
0.096670,0.099079,0.099560,0.098235,0.101556,0.091457,0.113141,0.098767,0.106690,0.094845
0.095216,0.092153,0.101069,0.101265,0.096819,0.092699,0.110883,0.105498,0.099527,0.104869
0.103243,0.097262,0.098558,0.098299,0.099680,0.106370,0.104923,0.092660,0.093264,0.105741
0.071991,0.077694,0.079473,0.080015,0.177991,0.204288,0.074251,0.070948,0.081706,0.081642
0.079110,0.074249,0.074836,0.075922,0.183427,0.206761,0.075595,0.074063,0.081782,0.074254
0.096236,0.099235,0.097247,0.101974,0.096458,0.094328,0.112999,0.102931,0.104443,0.094150
0.097095,0.094290,0.100084,0.098547,0.097223,0.104153,0.107065,0.103766,0.101056,0.096720
0.079252,0.070878,0.080228,0.069904,0.188873,0.211992,0.074312,0.074606,0.076630,0.073326
0.095042,0.103171,0.095415,0.092631,0.103752,0.103349,0.095746,0.111161,0.102855,0.096877
0.095585,0.099810,0.098482,0.097283,0.102928,0.107752,0.092489,0.100983,0.103278,0.101410
0.073614,0.074188,0.080310,0.078063,0.187545,0.210680,0.074738,0.073267,0.072301,0.075294
0.094438,0.096850,0.098245,0.096768,0.106454,0.106781,0.099332,0.097090,0.101959,0.102081
0.102088,0.094851,0.097691,0.100871,0.103306,0.100815,0.094041,0.101221,0.099041,0.106076
0.099589,0.097614,0.091989,0.094711,0.107044,0.103824,0.101961,0.103668,0.100219,0.099379
0.079715,0.071872,0.077320,0.074199,0.174032,0.200625,0.073827,0.089795,0.081199,0.077418
0.072552,0.075005,0.075538,0.077338,0.177573,0.205109,0.074316,0.090485,0.077868,0.074216
0.096071,0.096679,0.102945,0.100349,0.096500,0.101200,0.104106,0.094556,0.105475,0.102119
0.100766,0.100411,0.098952,0.098440,0.097849,0.108224,0.093710,0.101494,0.105281,0.094871
0.103789,0.093904,0.100853,0.098478,0.108665,0.107964,0.094157,0.103348,0.092239,0.096604
0.095409,0.092124,0.093117,0.098480,0.106707,0.111235,0.105807,0.091899,0.102843,0.102379
0.078066,0.077573,0.079284,0.077066,0.176738,0.202895,0.074134,0.078346,0.082461,0.073437
0.078901,0.075402,0.075308,0.077615,0.185407,0.210300,0.074500,0.074246,0.072770,0.075551
0.100865,0.096882,0.103393,0.106883,0.098874,0.098512,0.094375,0.105770,0.096076,0.098371
0.101571,0.095766,0.098109,0.099324,0.102603,0.095176,0.094844,0.112972,0.094474,0.105163
0.095397,0.098760,0.097297,0.097685,0.101117,0.096034,0.093925,0.107455,0.105411,0.106919
0.096362,0.098130,0.097625,0.094974,0.093420,0.109722,0.110856,0.094996,0.103795,0.100121
0.098741,0.093154,0.099348,0.097760,0.103779,0.100685,0.092390,0.113842,0.104594,0.095705
0.078579,0.078028,0.073144,0.074943,0.182697,0.204713,0.074837,0.083709,0.075771,0.073580
0.071300,0.076772,0.078659,0.080577,0.181243,0.205375,0.072856,0.072585,0.082811,0.077822
0.073234,0.083764,0.074565,0.078869,0.180777,0.208117,0.072596,0.073708,0.077467,0.076904
0.108538,0.104331,0.104249,0.094381,0.101369,0.102312,0.094130,0.097238,0.094834,0.098617
0.101335,0.093566,0.093299,0.099165,0.103577,0.101738,0.102686,0.105558,0.104564,0.094511
0.098055,0.099274,0.103914,0.101239,0.098689,0.096366,0.093288,0.098640,0.102960,0.107574
0.081355,0.076234,0.076752,0.073010,0.180100,0.203046,0.072486,0.077308,0.082634,0.077076
0.104876,0.095969,0.101833,0.099036,0.100733,0.101257,0.096331,0.097523,0.104127,0.098313
0.101747,0.092962,0.098219,0.091947,0.104143,0.106362,0.105007,0.097007,0.100954,0.101651
0.094147,0.099715,0.098072,0.097904,0.099749,0.094712,0.111232,0.101438,0.104006,0.099026
0.098641,0.094045,0.101487,0.099040,0.109536,0.101244,0.093369,0.101409,0.106449,0.094780
0.097917,0.101261,0.097400,0.100573,0.099554,0.102954,0.093624,0.107369,0.104237,0.095111
0.097475,0.100967,0.101493,0.100520,0.101267,0.095398,0.106726,0.098408,0.092760,0.104986
0.102858,0.094935,0.101071,0.102548,0.096967,0.109374,0.093733,0.096193,0.106844,0.095476
0.103740,0.095554,0.099682,0.098183,0.100603,0.102246,0.095679,0.099585,0.107036,0.097691
0.104134,0.096162,0.101223,0.094401,0.097238,0.097193,0.096151,0.099699,0.106012,0.107785
0.074916,0.073045,0.077682,0.075061,0.183320,0.214242,0.074203,0.073335,0.079504,0.074693
0.101785,0.103192,0.101110,0.100925,0.110308,0.097913,0.101398,0.095589,0.092186,0.095595
0.080578,0.084298,0.073351,0.079652,0.176207,0.200984,0.074933,0.082598,0.073420,0.073979
0.079983,0.071693,0.072882,0.074111,0.183950,0.209319,0.073598,0.078932,0.080928,0.074605
0.084600,0.076772,0.071926,0.074712,0.177210,0.200340,0.075509,0.083171,0.073669,0.082090
0.074222,0.074669,0.079735,0.076369,0.178198,0.209310,0.074928,0.084028,0.074022,0.074518
0.097919,0.100027,0.100951,0.099528,0.099862,0.110811,0.105416,0.095913,0.093504,0.096069
0.098028,0.099037,0.108311,0.102588,0.106560,0.087416,0.104213,0.113123,0.088676,0.092049
0.095752,0.097053,0.101739,0.097456,0.107466,0.095267,0.103852,0.114229,0.091657,0.095530
0.070934,0.085952,0.075370,0.074939,0.177750,0.201760,0.073560,0.077897,0.084093,0.077745
0.102867,0.109357,0.099092,0.090730,0.107779,0.097063,0.107090,0.091840,0.092308,0.101873
0.102731,0.101177,0.100389,0.097311,0.095970,0.101320,0.094885,0.099141,0.100452,0.106624
0.103050,0.101251,0.099553,0.097097,0.095975,0.095411,0.113267,0.103146,0.095049,0.096201
0.081341,0.078774,0.075983,0.075170,0.174557,0.203981,0.075081,0.079432,0.079075,0.076607
0.099569,0.101926,0.096754,0.104755,0.099662,0.104259,0.094935,0.102168,0.096566,0.099405
0.105330,0.093883,0.104120,0.091832,0.098786,0.112715,0.092051,0.103433,0.101103,0.096748
0.101475,0.095737,0.100844,0.100645,0.099660,0.097642,0.101127,0.094680,0.110039,0.098150
0.106620,0.104875,0.097132,0.102041,0.099620,0.094699,0.097806,0.102727,0.095735,0.098745
0.096985,0.092092,0.098629,0.101419,0.098975,0.109670,0.091415,0.112971,0.104451,0.093394
0.078485,0.074173,0.091967,0.072136,0.173487,0.194898,0.072468,0.080906,0.085707,0.075772
0.098566,0.095320,0.101734,0.101194,0.097729,0.097243,0.094099,0.115703,0.102316,0.096097
0.073662,0.073171,0.079009,0.080540,0.175789,0.207113,0.074423,0.083314,0.073455,0.079525
0.105849,0.102475,0.101377,0.102682,0.100547,0.096610,0.094099,0.096182,0.104033,0.096146
0.089003,0.073050,0.071381,0.075459,0.181412,0.201262,0.072329,0.071731,0.090265,0.074107
0.080314,0.073915,0.075899,0.080595,0.175374,0.201703,0.076040,0.079145,0.081136,0.075880
0.096279,0.101065,0.099975,0.100740,0.105215,0.094428,0.112403,0.095481,0.100159,0.094255
0.080106,0.073053,0.076148,0.080477,0.177531,0.208107,0.074207,0.073781,0.076939,0.079652
0.094926,0.099725,0.098338,0.101680,0.102649,0.099429,0.109792,0.097612,0.101790,0.094060
0.098703,0.098474,0.096864,0.099143,0.112114,0.094035,0.095510,0.095412,0.106124,0.103619
0.096442,0.102067,0.099566,0.102220,0.095693,0.096505,0.099714,0.108324,0.103228,0.096241
0.097585,0.094003,0.100296,0.102138,0.102158,0.100238,0.104955,0.097516,0.104096,0.097016
0.098645,0.100111,0.103032,0.104367,0.102107,0.096826,0.095830,0.097740,0.105745,0.095597
0.073425,0.083514,0.079852,0.075254,0.171121,0.197026,0.076136,0.078753,0.082281,0.082638
0.102389,0.096488,0.095501,0.103385,0.103757,0.098477,0.104085,0.097849,0.095062,0.103008
0.095993,0.100307,0.099007,0.102579,0.103278,0.095886,0.098702,0.094820,0.103695,0.105733
0.096329,0.107121,0.099702,0.093425,0.096856,0.096468,0.100270,0.098813,0.106796,0.104222
0.072956,0.074028,0.076140,0.074452,0.175622,0.202486,0.074707,0.090693,0.080603,0.078312
0.099445,0.099351,0.097815,0.096699,0.095204,0.099890,0.110958,0.101274,0.100686,0.098677
0.098629,0.099662,0.101305,0.092552,0.098841,0.096586,0.105431,0.103751,0.108965,0.094278
0.097245,0.101835,0.100336,0.102533,0.097433,0.097211,0.101013,0.097000,0.102467,0.102929
0.103519,0.098822,0.105652,0.102401,0.095630,0.102748,0.089915,0.094815,0.103537,0.102961
0.106896,0.095024,0.094458,0.104002,0.102111,0.092353,0.093319,0.105007,0.110274,0.096554
0.100009,0.097743,0.100256,0.100996,0.096687,0.096014,0.093042,0.103522,0.108132,0.103599
0.098904,0.096675,0.102703,0.099264,0.103618,0.098161,0.096403,0.096699,0.108622,0.098953
0.098584,0.097972,0.103207,0.089691,0.093755,0.102085,0.112351,0.092679,0.108093,0.101584
0.100207,0.099138,0.097192,0.096915,0.101853,0.107693,0.097729,0.095796,0.102664,0.100813
0.101494,0.098500,0.101196,0.098157,0.105620,0.092793,0.102103,0.100356,0.097626,0.102154
0.079792,0.076713,0.078455,0.075044,0.180834,0.206384,0.073064,0.073388,0.077506,0.078819
0.098095,0.094860,0.099175,0.100301,0.103473,0.095894,0.098824,0.106457,0.101232,0.101688
0.103142,0.098104,0.098858,0.096091,0.098888,0.098332,0.106586,0.102102,0.102665,0.095231
0.081330,0.071257,0.087341,0.072155,0.179903,0.203527,0.073300,0.077818,0.075233,0.078136
0.097345,0.098518,0.100382,0.105796,0.102840,0.096943,0.094995,0.104587,0.101447,0.097147
0.102782,0.096036,0.096283,0.102919,0.094812,0.107124,0.097941,0.101658,0.101156,0.099289
0.097200,0.095290,0.099689,0.102403,0.100238,0.095608,0.107039,0.099521,0.106180,0.096832
0.106406,0.102580,0.103369,0.098184,0.102806,0.095556,0.101308,0.099778,0.094940,0.095073
0.105006,0.097450,0.100146,0.092573,0.095215,0.103525,0.099351,0.095435,0.108285,0.103014
0.093351,0.093210,0.096903,0.098910,0.100978,0.098600,0.107952,0.110305,0.102778,0.097011
0.079424,0.073910,0.077603,0.077532,0.178172,0.210298,0.074043,0.073733,0.081639,0.073646
0.101765,0.092713,0.099602,0.090823,0.097433,0.109217,0.110958,0.101658,0.102159,0.093673
0.096206,0.101398,0.100438,0.100409,0.099408,0.093872,0.107099,0.102566,0.104418,0.094186
0.098629,0.094772,0.097017,0.101125,0.105233,0.098818,0.091859,0.112240,0.100124,0.100182
0.099190,0.110288,0.102221,0.094418,0.100992,0.097274,0.094166,0.101117,0.094676,0.105659
0.103715,0.102552,0.093065,0.099834,0.109123,0.099719,0.091610,0.103816,0.092786,0.103780
0.074254,0.072664,0.076452,0.071783,0.173191,0.208541,0.073494,0.090088,0.081441,0.078092
0.106276,0.095658,0.100617,0.102963,0.096498,0.096901,0.093651,0.109473,0.093945,0.104017
0.100963,0.102874,0.101115,0.099658,0.097922,0.108380,0.095520,0.104036,0.093820,0.095713
0.097472,0.095231,0.100321,0.099017,0.107972,0.103888,0.100634,0.095798,0.103503,0.096165
0.102709,0.100813,0.103127,0.091736,0.098082,0.095886,0.106641,0.094337,0.100089,0.106579
0.078134,0.074951,0.079895,0.074562,0.178224,0.201975,0.075036,0.079057,0.077832,0.080334
0.095087,0.099725,0.096712,0.097056,0.095514,0.094530,0.103111,0.113051,0.103789,0.101425
0.099930,0.096864,0.097554,0.098874,0.102635,0.093601,0.111549,0.106095,0.100670,0.092229
0.100890,0.095514,0.102923,0.100652,0.100945,0.093842,0.094346,0.098466,0.105551,0.106871
0.101459,0.093259,0.098900,0.096806,0.098732,0.097956,0.112864,0.097076,0.102084,0.100865
0.099823,0.093584,0.097311,0.100544,0.097633,0.109595,0.110628,0.090709,0.100753,0.099419
0.095772,0.094945,0.098869,0.101172,0.098980,0.107228,0.098992,0.094031,0.106252,0.103758
0.097195,0.097473,0.096083,0.096995,0.094643,0.095276,0.109895,0.112199,0.101723,0.098517
0.107400,0.091492,0.108353,0.104073,0.106782,0.096165,0.090627,0.093199,0.105248,0.096662
0.099022,0.098501,0.103835,0.105078,0.099280,0.096686,0.094463,0.096214,0.103983,0.102937
0.101205,0.098198,0.096707,0.098822,0.101407,0.106883,0.102865,0.099877,0.098933,0.095102
0.078532,0.077928,0.072312,0.074388,0.185842,0.210118,0.073369,0.074124,0.080563,0.072824
0.103342,0.107416,0.096198,0.102275,0.097708,0.106495,0.097294,0.095919,0.098492,0.094860
0.074811,0.078876,0.077112,0.080707,0.170039,0.207751,0.073872,0.074084,0.082757,0.079991
0.073792,0.075791,0.075712,0.078365,0.182022,0.206878,0.075911,0.072209,0.081381,0.077939
0.099157,0.092665,0.097455,0.095854,0.102507,0.101338,0.111461,0.095585,0.102380,0.101598
0.103976,0.093470,0.103763,0.102962,0.095436,0.093601,0.091179,0.114744,0.105766,0.095103
0.097166,0.102166,0.100326,0.099015,0.106744,0.097033,0.100328,0.099764,0.094236,0.103221
0.079813,0.078226,0.075654,0.074812,0.173940,0.205307,0.073835,0.090082,0.073185,0.075146
0.095558,0.093606,0.096632,0.099280,0.106772,0.104878,0.097010,0.112693,0.093148,0.100422
0.101801,0.106385,0.102187,0.096201,0.094444,0.106474,0.091664,0.106692,0.098367,0.095785
0.077518,0.083049,0.072965,0.072253,0.174449,0.200119,0.074271,0.090139,0.081038,0.074198
0.098223,0.107106,0.099104,0.102578,0.104587,0.089585,0.098307,0.097392,0.101853,0.101263
0.104775,0.099080,0.101817,0.105954,0.098531,0.095151,0.096448,0.096544,0.097354,0.104347
0.100143,0.094008,0.093688,0.100177,0.097163,0.109525,0.104659,0.113566,0.093410,0.093662
0.079250,0.076650,0.079132,0.076909,0.181990,0.207514,0.073131,0.073669,0.078130,0.073626
0.080371,0.076366,0.076787,0.077032,0.169324,0.200018,0.076354,0.080219,0.079731,0.083799
0.104899,0.094212,0.097705,0.098954,0.096169,0.096602,0.100297,0.094779,0.108766,0.107616
0.102659,0.099885,0.097410,0.099897,0.096556,0.105750,0.105542,0.096763,0.101597,0.093940
0.097797,0.096016,0.098212,0.102488,0.103142,0.102073,0.092145,0.097076,0.105387,0.105662
0.096566,0.097499,0.099588,0.104454,0.098577,0.099300,0.094789,0.103305,0.105388,0.100534
0.072888,0.077003,0.079203,0.073747,0.180887,0.205086,0.074388,0.073140,0.084844,0.078813
0.097701,0.102724,0.102745,0.103571,0.111195,0.097828,0.093180,0.100415,0.094256,0.096384
0.081679,0.091508,0.075337,0.069819,0.180142,0.201357,0.073332,0.077273,0.071240,0.078312
0.095257,0.099542,0.095972,0.096225,0.094703,0.102019,0.098463,0.115230,0.104819,0.097771
0.097520,0.094537,0.095700,0.097903,0.105639,0.103503,0.094301,0.107895,0.105455,0.097549
0.078777,0.086237,0.077292,0.073546,0.176280,0.197987,0.072165,0.076611,0.084399,0.076706
0.095851,0.092457,0.098411,0.099091,0.096422,0.106470,0.103976,0.095922,0.106937,0.104464
0.073386,0.068585,0.096266,0.082904,0.183734,0.205369,0.071924,0.074009,0.067402,0.076420
0.100914,0.092248,0.096524,0.099445,0.107632,0.096711,0.111033,0.094001,0.100807,0.100685
0.099635,0.110485,0.094201,0.097912,0.101566,0.094096,0.099325,0.103280,0.103195,0.096306
0.101223,0.098917,0.097302,0.095847,0.103026,0.108635,0.110519,0.093066,0.090874,0.100593
0.076178,0.077224,0.080097,0.068219,0.191370,0.216288,0.074369,0.074883,0.068971,0.072401
0.102678,0.107437,0.100079,0.098962,0.101023,0.095521,0.093940,0.102583,0.093779,0.103999
0.099702,0.096748,0.096899,0.098531,0.096185,0.099112,0.111062,0.092276,0.104811,0.104673
0.094845,0.096129,0.097287,0.094012,0.102180,0.105728,0.111885,0.105877,0.091890,0.100167
0.103185,0.097429,0.098702,0.099187,0.097979,0.099898,0.104736,0.094613,0.102819,0.101452
0.094980,0.094052,0.097667,0.102138,0.099699,0.101928,0.104589,0.100877,0.098627,0.105443
0.078930,0.077540,0.079099,0.073887,0.179853,0.209234,0.073976,0.074983,0.079045,0.073452
0.102446,0.100558,0.100008,0.091108,0.104341,0.102997,0.107866,0.092671,0.102518,0.095487
0.073994,0.079001,0.080594,0.071340,0.182117,0.214787,0.074511,0.072168,0.072528,0.078960
0.080424,0.077889,0.073250,0.074527,0.180160,0.206800,0.073896,0.072923,0.081134,0.078996
0.097036,0.092183,0.097115,0.102199,0.105899,0.101970,0.103132,0.094745,0.104083,0.101640
0.086292,0.071514,0.076419,0.074446,0.187106,0.208861,0.073542,0.078819,0.070488,0.072513
0.103269,0.101411,0.100282,0.090223,0.108943,0.099060,0.093367,0.098941,0.106965,0.097539
0.078853,0.084582,0.074309,0.073549,0.177879,0.205055,0.074866,0.073962,0.082931,0.074012
0.096586,0.094328,0.104187,0.098741,0.097354,0.096434,0.107604,0.099554,0.101311,0.103900
0.100848,0.098626,0.096291,0.095632,0.097190,0.107671,0.102033,0.100426,0.100959,0.100326
0.103156,0.099426,0.096293,0.097436,0.106231,0.111556,0.097359,0.093186,0.104185,0.091172
0.102697,0.094697,0.099925,0.101004,0.105208,0.101252,0.099530,0.098466,0.103005,0.094217
0.103628,0.102563,0.100395,0.104449,0.100459,0.104012,0.094115,0.094210,0.101372,0.094795
0.095594,0.092582,0.096211,0.097885,0.106984,0.095911,0.105629,0.102609,0.105287,0.101309
0.101031,0.094782,0.095441,0.095887,0.106714,0.101510,0.103924,0.100803,0.104104,0.095803
0.100977,0.092805,0.098548,0.095778,0.106382,0.094661,0.111366,0.101459,0.104124,0.093900
0.100575,0.097329,0.096946,0.093718,0.104631,0.104728,0.102892,0.104823,0.090771,0.103587
0.102411,0.099716,0.097861,0.099288,0.107085,0.092410,0.098400,0.097284,0.101762,0.103783
0.101596,0.100620,0.099024,0.099815,0.100399,0.102399,0.105214,0.094634,0.103533,0.092764
0.103661,0.097869,0.096625,0.101056,0.097191,0.094756,0.112855,0.102109,0.098903,0.094974
0.077067,0.076256,0.076263,0.076514,0.185589,0.212819,0.075455,0.072080,0.073456,0.074500
0.097763,0.098793,0.102061,0.099808,0.102966,0.097610,0.100975,0.104792,0.097445,0.097787
0.073734,0.085004,0.078212,0.075606,0.183863,0.210912,0.072997,0.078106,0.070512,0.071054
0.101340,0.099081,0.096405,0.100196,0.107344,0.105634,0.098293,0.092696,0.103849,0.095162
0.077311,0.075852,0.074154,0.080767,0.180549,0.206274,0.072465,0.077769,0.077464,0.077395
0.084675,0.076359,0.072827,0.072875,0.182417,0.204786,0.073739,0.078045,0.079721,0.074556
0.104327,0.099061,0.102031,0.104214,0.094703,0.089035,0.107922,0.098891,0.103579,0.096238
0.074476,0.077192,0.072842,0.076127,0.182074,0.205049,0.072775,0.077864,0.083732,0.077870
0.075773,0.076556,0.078979,0.076591,0.171137,0.201155,0.077272,0.077436,0.083756,0.081344
0.095180,0.106731,0.098792,0.091265,0.094524,0.102451,0.106128,0.101801,0.102045,0.101083
0.099273,0.095310,0.094664,0.099859,0.099261,0.098854,0.106899,0.099097,0.107676,0.099108
0.098542,0.094897,0.105829,0.100141,0.098465,0.096318,0.109342,0.104898,0.094324,0.097245
0.104001,0.099623,0.100638,0.099059,0.097436,0.108684,0.093771,0.096730,0.103301,0.096756
0.098391,0.090402,0.099364,0.102304,0.104418,0.094581,0.104925,0.101640,0.102323,0.101652
0.101258,0.104658,0.096321,0.100343,0.102101,0.091993,0.102905,0.099171,0.104169,0.097079
0.100982,0.095373,0.100210,0.098723,0.095539,0.098605,0.109025,0.094566,0.103122,0.103856
0.098733,0.094928,0.095108,0.101483,0.096078,0.101775,0.106757,0.103107,0.107065,0.094966
0.100390,0.091558,0.098864,0.090531,0.108998,0.099229,0.104497,0.106202,0.105691,0.094039
0.094779,0.102749,0.096690,0.095772,0.101974,0.108704,0.097885,0.104659,0.101937,0.094851
0.101134,0.093313,0.098717,0.099435,0.103380,0.110067,0.105213,0.101773,0.091631,0.095337
0.106421,0.094590,0.104008,0.093176,0.100914,0.097498,0.094119,0.098396,0.105881,0.104997
0.101396,0.095680,0.092508,0.094893,0.102168,0.104409,0.101581,0.099330,0.103831,0.104203
0.096502,0.100560,0.099239,0.097924,0.095561,0.092466,0.104878,0.112830,0.094365,0.105675
0.098941,0.098333,0.102228,0.103784,0.102356,0.096582,0.105549,0.094618,0.101480,0.096128
0.105385,0.095123,0.102902,0.098815,0.108565,0.091227,0.094498,0.099715,0.108796,0.094974
0.095901,0.097582,0.100406,0.099372,0.104957,0.092103,0.107838,0.095691,0.102983,0.103167
0.073882,0.078024,0.079962,0.071485,0.178522,0.205727,0.074163,0.074258,0.081361,0.082616
0.102252,0.101377,0.093464,0.097702,0.094897,0.107633,0.099168,0.102705,0.105546,0.095255
0.085304,0.075710,0.078805,0.075958,0.177372,0.199532,0.073914,0.074617,0.081388,0.077400
0.101558,0.092812,0.094910,0.094668,0.098155,0.104738,0.104400,0.104690,0.103635,0.100434
0.102962,0.099862,0.098299,0.098823,0.097239,0.105542,0.104519,0.093065,0.099078,0.100613
0.104428,0.102098,0.100372,0.099039,0.099325,0.097248,0.105189,0.103315,0.092956,0.096029
0.099293,0.101512,0.099378,0.099206,0.098340,0.096265,0.104482,0.107294,0.100201,0.094029
0.104184,0.091907,0.100274,0.101005,0.095133,0.095686,0.111990,0.098408,0.107889,0.093524
0.102173,0.094849,0.099996,0.102029,0.101701,0.108047,0.093380,0.096193,0.105221,0.096411
0.103138,0.093708,0.101959,0.101354,0.107733,0.098355,0.092839,0.102533,0.102441,0.095940
0.098806,0.100022,0.101574,0.103432,0.097000,0.108911,0.094138,0.094583,0.105697,0.095837
0.100960,0.096760,0.099230,0.098800,0.104510,0.098153,0.099725,0.102352,0.104076,0.095436
0.095712,0.100723,0.098774,0.096219,0.096048,0.095534,0.107018,0.102145,0.105217,0.102611
0.080914,0.074501,0.080470,0.075420,0.178925,0.207017,0.075093,0.079521,0.073871,0.074268
0.098926,0.100518,0.098974,0.103377,0.095560,0.098932,0.103952,0.102488,0.093243,0.104029
0.073913,0.075975,0.093463,0.071757,0.180411,0.203038,0.072439,0.076706,0.080598,0.071699
0.101297,0.099444,0.098316,0.096984,0.099671,0.106794,0.098742,0.096769,0.101151,0.100834
0.076743,0.070398,0.078232,0.069617,0.180118,0.204382,0.072531,0.089021,0.081829,0.077128
0.081486,0.076509,0.078627,0.079451,0.173025,0.205721,0.076028,0.076347,0.075977,0.076830
0.103979,0.099864,0.102837,0.104894,0.100597,0.091180,0.100493,0.099707,0.092530,0.103918
0.107277,0.102340,0.100302,0.092037,0.106074,0.094726,0.092271,0.096274,0.104623,0.104075
0.102673,0.101819,0.100223,0.091310,0.105466,0.096472,0.104502,0.099661,0.103481,0.094394
0.074404,0.075092,0.080200,0.085446,0.186709,0.207672,0.073496,0.070086,0.075136,0.071759
0.101278,0.100199,0.099917,0.102688,0.111801,0.094816,0.090107,0.093328,0.104040,0.101827
0.096454,0.098894,0.098331,0.096611,0.108110,0.103090,0.099291,0.098556,0.106612,0.094054
0.102984,0.101686,0.100004,0.092992,0.104607,0.096173,0.106952,0.095043,0.102847,0.096712
0.102533,0.109588,0.100491,0.097458,0.108602,0.100437,0.091477,0.094357,0.092721,0.102335
0.073603,0.084772,0.075297,0.077951,0.177914,0.203542,0.075546,0.079162,0.076028,0.076186
0.099228,0.098686,0.101344,0.094395,0.098928,0.105419,0.104128,0.092108,0.105016,0.100749
0.106416,0.100496,0.098910,0.103631,0.108837,0.093165,0.091020,0.102820,0.092318,0.102389
0.097460,0.102253,0.104407,0.100354,0.106290,0.096122,0.093040,0.100359,0.104742,0.094973
0.103253,0.102305,0.102292,0.092293,0.106206,0.101867,0.105143,0.097235,0.093816,0.095589
0.108033,0.093862,0.103178,0.092590,0.097505,0.096945,0.102030,0.095383,0.111885,0.098589
0.100895,0.096545,0.096139,0.094540,0.100923,0.093780,0.115191,0.096760,0.107517,0.097709
0.102245,0.098760,0.097682,0.100028,0.103085,0.110847,0.089069,0.100021,0.105412,0.092851
0.094212,0.092727,0.101285,0.098970,0.106848,0.104801,0.092355,0.112203,0.104273,0.092326
0.085982,0.072657,0.078891,0.077667,0.181770,0.203363,0.072363,0.068248,0.080506,0.078554
0.097207,0.097214,0.099258,0.097662,0.099264,0.107917,0.093502,0.108028,0.104461,0.095488
0.100796,0.103972,0.097249,0.101663,0.094318,0.093684,0.097870,0.113398,0.103013,0.094037
0.100644,0.104979,0.093306,0.095021,0.102055,0.105372,0.103855,0.094112,0.100216,0.100440
0.105572,0.095421,0.100430,0.093755,0.099433,0.104389,0.100359,0.095434,0.107568,0.097641
0.096493,0.094667,0.099635,0.100871,0.098615,0.106309,0.104005,0.098397,0.105566,0.095441
0.098210,0.100153,0.097978,0.089235,0.106403,0.110054,0.097954,0.106061,0.099066,0.094885
0.101748,0.099934,0.102520,0.100397,0.097146,0.095087,0.106167,0.095854,0.098761,0.102387
0.098963,0.094117,0.099142,0.103423,0.108190,0.107142,0.093562,0.094401,0.105990,0.095068
0.104187,0.100290,0.101627,0.093815,0.099985,0.100651,0.105973,0.095895,0.101879,0.095697
0.103582,0.094663,0.098053,0.103628,0.104291,0.107164,0.094308,0.096202,0.103264,0.094845
0.097133,0.094762,0.106516,0.104302,0.109148,0.096508,0.091508,0.094365,0.108941,0.096817
0.106509,0.104237,0.098494,0.092425,0.098144,0.091693,0.106202,0.101605,0.095199,0.105490
0.098580,0.101631,0.100668,0.101312,0.105717,0.096647,0.100217,0.096198,0.094230,0.104801
0.079582,0.073851,0.075304,0.075538,0.175624,0.204697,0.074259,0.078721,0.080215,0.082209
0.104407,0.101377,0.099318,0.103506,0.104238,0.098948,0.099286,0.098666,0.093947,0.096307
0.107831,0.093216,0.101038,0.104274,0.098010,0.105306,0.092522,0.097161,0.102829,0.097812
0.080835,0.072980,0.077619,0.076750,0.180117,0.211002,0.073511,0.073560,0.071621,0.082007
0.074042,0.075739,0.080342,0.070326,0.187961,0.212000,0.073622,0.073112,0.079078,0.073778
0.097960,0.098790,0.100102,0.100814,0.101179,0.095929,0.107380,0.095468,0.106891,0.095486
0.102189,0.094274,0.098141,0.098761,0.095384,0.102341,0.112493,0.101871,0.092680,0.101867
0.094832,0.093051,0.099238,0.095433,0.107093,0.097647,0.092110,0.114358,0.103733,0.102505
0.080043,0.079320,0.076582,0.075986,0.171958,0.203623,0.075607,0.075442,0.081420,0.080019
0.099624,0.095421,0.098653,0.101432,0.101579,0.103766,0.094741,0.102353,0.106393,0.096038
0.079493,0.073580,0.088202,0.072459,0.178201,0.201352,0.073152,0.072921,0.083011,0.077630
0.079462,0.075682,0.075283,0.075003,0.176657,0.204293,0.075657,0.083729,0.079192,0.075042
0.097148,0.097662,0.098664,0.100714,0.100321,0.098171,0.103699,0.101680,0.105775,0.096164
0.078978,0.072194,0.080311,0.073897,0.185876,0.212692,0.074903,0.074035,0.071967,0.075148
0.098175,0.097828,0.099909,0.098241,0.106411,0.094982,0.108376,0.098346,0.100818,0.096914
0.099018,0.091972,0.099479,0.091289,0.100639,0.102898,0.100563,0.110503,0.100808,0.102832
0.093902,0.105488,0.101551,0.098123,0.103416,0.093167,0.097054,0.105704,0.100758,0.100837
0.082193,0.077982,0.071593,0.069555,0.189699,0.217387,0.074903,0.072171,0.070740,0.073776
0.074203,0.071732,0.077534,0.079806,0.180354,0.216957,0.074228,0.072971,0.079265,0.072950
0.081251,0.078533,0.075463,0.070532,0.184920,0.212476,0.074630,0.070952,0.071052,0.080191
0.098389,0.101111,0.099817,0.097143,0.096761,0.093143,0.113234,0.094779,0.102926,0.102698
0.103569,0.107063,0.097831,0.100245,0.103308,0.094374,0.090736,0.096771,0.105645,0.100457
0.104985,0.101344,0.100363,0.099400,0.096623,0.103673,0.100164,0.094357,0.103347,0.095744
0.095969,0.098717,0.096694,0.097816,0.093588,0.104585,0.110176,0.104532,0.097088,0.100835
0.103242,0.095360,0.100011,0.101483,0.100043,0.101799,0.094966,0.107515,0.093678,0.101905
0.093616,0.103513,0.096097,0.095922,0.101224,0.104778,0.103105,0.104584,0.098209,0.098952
0.081047,0.085084,0.074105,0.073367,0.178408,0.204254,0.074608,0.073567,0.076238,0.079321
0.080382,0.074976,0.075911,0.075498,0.175853,0.205498,0.075342,0.072512,0.081064,0.082965
0.101172,0.096905,0.097384,0.095173,0.097588,0.101792,0.102997,0.113754,0.092572,0.100663
0.079543,0.076526,0.075226,0.078509,0.179364,0.202180,0.073262,0.077147,0.081101,0.077142
0.100250,0.101976,0.100402,0.099616,0.105052,0.103588,0.091713,0.099204,0.103894,0.094305
0.078228,0.078118,0.075898,0.073679,0.178627,0.208305,0.073614,0.073849,0.080958,0.078723
0.100155,0.095894,0.102901,0.094425,0.098858,0.093743,0.108686,0.099520,0.108947,0.096869
0.104202,0.100339,0.097960,0.100034,0.100458,0.098062,0.098458,0.097677,0.107109,0.095702
0.080335,0.073170,0.080474,0.074520,0.178617,0.211580,0.073391,0.073619,0.079533,0.074761
0.101872,0.094360,0.101770,0.100210,0.110335,0.098375,0.093267,0.095205,0.108674,0.095931
0.103594,0.099951,0.097858,0.095678,0.098082,0.097893,0.093483,0.114572,0.104221,0.094668
0.096517,0.101522,0.100447,0.100844,0.095736,0.092236,0.092751,0.114786,0.102352,0.102809
0.076398,0.074647,0.078832,0.076733,0.172454,0.210714,0.075117,0.078253,0.074988,0.081864
0.103726,0.096526,0.105521,0.100333,0.100688,0.096740,0.106449,0.098208,0.095799,0.096011
0.098342,0.100293,0.098070,0.095481,0.109385,0.094787,0.106057,0.097153,0.106225,0.094207
0.101017,0.097892,0.093367,0.091041,0.101050,0.103901,0.096984,0.111556,0.099500,0.103692
0.100647,0.105546,0.093254,0.098329,0.097124,0.110278,0.097057,0.100825,0.103484,0.093454
