0.086156,0.072539,0.117480,0.063098,0.119225,0.053912,0.136475,0.145176,0.146435,0.059504
0.117891,0.060671,0.080113,0.067050,0.103560,0.082965,0.133209,0.199889,0.119092,0.035560
0.096005,0.112031,0.095580,0.088151,0.078741,0.100997,0.065926,0.172630,0.091297,0.098642
0.011828,0.008329,0.011922,0.018655,0.468184,0.360079,0.045443,0.011675,0.008926,0.054959
0.146163,0.051212,0.101265,0.103120,0.050357,0.138868,0.067234,0.178555,0.127430,0.035795
0.011714,0.008462,0.023033,0.013886,0.439949,0.359099,0.045573,0.065815,0.018328,0.014142
0.084657,0.061561,0.082004,0.088648,0.097441,0.090464,0.132879,0.149984,0.113872,0.098490
0.151611,0.074204,0.035981,0.088135,0.104550,0.083968,0.123764,0.191705,0.099626,0.046455
0.074176,0.050390,0.098811,0.065989,0.116544,0.086172,0.141535,0.143930,0.141862,0.080590
0.008986,0.009152,0.023624,0.009907,0.465598,0.376318,0.052260,0.012741,0.011982,0.029432
0.082502,0.110315,0.103893,0.103978,0.116841,0.090672,0.078997,0.085599,0.106333,0.120870
0.018410,0.015022,0.013799,0.013895,0.447441,0.374933,0.053538,0.031883,0.015588,0.015491
0.016953,0.016392,0.013862,0.013738,0.454514,0.368421,0.062578,0.019556,0.017062,0.016925
0.066288,0.126768,0.069322,0.053352,0.141132,0.104013,0.162175,0.136378,0.097434,0.043139
0.012363,0.057247,0.010786,0.010119,0.446192,0.330019,0.050876,0.060752,0.010205,0.011440
0.090911,0.059750,0.066243,0.110774,0.153976,0.085553,0.147870,0.125136,0.125533,0.034256
0.082949,0.059615,0.080442,0.103328,0.092677,0.112997,0.131240,0.103597,0.110155,0.123001
0.105607,0.063043,0.066661,0.109643,0.129403,0.069829,0.131544,0.139986,0.099119,0.085166
0.118468,0.048657,0.135794,0.094667,0.115815,0.139103,0.115409,0.095463,0.109596,0.027026
0.015106,0.011835,0.012075,0.017738,0.447787,0.380591,0.058816,0.011911,0.024500,0.019641
0.009318,0.010962,0.017445,0.014588,0.472871,0.364606,0.051037,0.023085,0.010784,0.025303
0.017799,0.014303,0.013445,0.021918,0.451981,0.372149,0.064524,0.013747,0.013849,0.016284
0.108132,0.055618,0.057093,0.110384,0.055316,0.122616,0.079010,0.157706,0.121556,0.132570
0.011107,0.012616,0.025380,0.011622,0.446989,0.367885,0.051682,0.014532,0.048159,0.010028
0.015290,0.024857,0.016489,0.013813,0.441307,0.368440,0.060500,0.012926,0.024696,0.021681
0.139585,0.070123,0.037927,0.090927,0.134725,0.096582,0.140631,0.147218,0.107155,0.035126
0.082426,0.072184,0.061358,0.076440,0.107234,0.066683,0.116279,0.181991,0.129465,0.105941
0.008785,0.007052,0.009225,0.026974,0.471398,0.335234,0.039464,0.059473,0.018095,0.024301
0.087904,0.053706,0.035853,0.087602,0.156552,0.158513,0.145078,0.080410,0.128162,0.066221
0.125007,0.135122,0.036775,0.064741,0.121271,0.063873,0.138169,0.138252,0.103368,0.073422
0.145931,0.093128,0.035280,0.080958,0.097080,0.135585,0.142978,0.087109,0.086783,0.095167
0.147613,0.051410,0.102123,0.083094,0.122075,0.074514,0.136612,0.048704,0.116285,0.117570
0.018567,0.022477,0.020247,0.019543,0.437207,0.364380,0.070329,0.015633,0.016591,0.015027
0.013745,0.011546,0.026353,0.010242,0.448696,0.344866,0.057678,0.013285,0.012917,0.060671
0.071155,0.122365,0.067223,0.095156,0.179801,0.109653,0.121411,0.043543,0.104525,0.085167
0.099364,0.052796,0.102086,0.064835,0.164399,0.059017,0.149816,0.132585,0.096805,0.078298
0.049691,0.085216,0.037559,0.110035,0.097875,0.124152,0.183424,0.085285,0.154420,0.072343
0.089185,0.110431,0.155858,0.098772,0.086062,0.042602,0.068215,0.142225,0.095624,0.111028
0.126637,0.058793,0.122466,0.081017,0.145591,0.057966,0.088218,0.055662,0.170571,0.093079
0.080823,0.097138,0.133133,0.098400,0.085481,0.080769,0.068588,0.189593,0.091524,0.074551
0.066330,0.090198,0.092570,0.097196,0.159962,0.138354,0.113899,0.084426,0.062922,0.094142
0.047293,0.057689,0.153180,0.108254,0.055662,0.156395,0.083888,0.089868,0.121134,0.126638
0.085520,0.071950,0.052060,0.109067,0.055219,0.170682,0.082721,0.148544,0.106386,0.117851
0.074831,0.076921,0.074568,0.092030,0.204540,0.116145,0.136521,0.085389,0.103609,0.035446
0.013198,0.012074,0.012285,0.016562,0.445812,0.381163,0.056536,0.011976,0.021184,0.029209
0.093101,0.049238,0.106492,0.069779,0.148688,0.093976,0.103037,0.142794,0.073765,0.119130
0.012323,0.021310,0.011823,0.019841,0.447313,0.337901,0.060342,0.064585,0.011782,0.012780
0.149211,0.121445,0.130548,0.093755,0.088555,0.107466,0.118959,0.047621,0.056305,0.086134
0.074045,0.128848,0.101151,0.089456,0.144066,0.109723,0.166926,0.048225,0.108758,0.028802
0.096132,0.143573,0.125407,0.110236,0.168363,0.089736,0.092664,0.058756,0.070358,0.044778
0.010812,0.017490,0.011655,0.029228,0.457947,0.370901,0.051518,0.027926,0.011696,0.010827
0.089837,0.091870,0.065810,0.108142,0.159246,0.143445,0.086895,0.087821,0.128576,0.038359
0.083681,0.077661,0.115352,0.097220,0.101618,0.097182,0.074851,0.150268,0.150524,0.051642
0.007947,0.060192,0.008454,0.012461,0.451866,0.307139,0.044639,0.025187,0.008102,0.074015
0.148341,0.073301,0.033003,0.083678,0.123604,0.110473,0.129485,0.100894,0.114210,0.083009
0.013220,0.010624,0.011916,0.017770,0.466618,0.358160,0.050260,0.051097,0.009160,0.011177
0.009320,0.013325,0.023195,0.018520,0.438392,0.362670,0.041671,0.013228,0.041190,0.038489
0.115709,0.077661,0.083449,0.102105,0.150140,0.102709,0.105229,0.083211,0.151260,0.028528
0.045541,0.115189,0.031509,0.099084,0.173492,0.079732,0.079580,0.114964,0.135591,0.125319
0.094666,0.134231,0.047441,0.090051,0.113454,0.046751,0.103008,0.112572,0.147963,0.109863
0.008640,0.007644,0.009860,0.011375,0.466188,0.351968,0.042035,0.011122,0.042740,0.048427
0.167819,0.148695,0.049459,0.105983,0.142466,0.075693,0.076400,0.075547,0.122685,0.035253
0.015289,0.020244,0.011799,0.016592,0.469302,0.371404,0.058589,0.011744,0.013487,0.011550
0.014161,0.018393,0.009936,0.010605,0.452256,0.360561,0.059234,0.012720,0.013142,0.048992
0.048601,0.073128,0.083008,0.066385,0.143502,0.128512,0.150675,0.054186,0.116142,0.135860
0.127634,0.045446,0.147512,0.088421,0.119644,0.043078,0.135172,0.107743,0.100823,0.084527
0.077304,0.124649,0.109568,0.100859,0.051240,0.151327,0.129055,0.052630,0.110665,0.092702
0.078226,0.107535,0.102949,0.057191,0.125692,0.115806,0.100422,0.144009,0.118158,0.050013
0.085384,0.076703,0.031881,0.099452,0.090719,0.152875,0.079876,0.116739,0.139239,0.127131
0.044635,0.053518,0.072283,0.067414,0.108757,0.144794,0.132658,0.181608,0.134801,0.059533
0.010378,0.017087,0.007630,0.028033,0.492422,0.348859,0.042182,0.010339,0.018725,0.024345
0.017081,0.011777,0.015283,0.011647,0.457459,0.375199,0.053936,0.012232,0.025230,0.020156
0.127817,0.102427,0.149472,0.089626,0.129888,0.045774,0.070519,0.110274,0.144524,0.029678
0.071297,0.045211,0.156871,0.086427,0.131455,0.040946,0.174186,0.141989,0.067894,0.083722
0.138739,0.091984,0.038473,0.071075,0.156901,0.101623,0.064576,0.173561,0.122249,0.040819
0.119221,0.057868,0.077989,0.069512,0.117753,0.079410,0.130814,0.118725,0.107826,0.120883
0.081018,0.072995,0.112586,0.103892,0.091059,0.119074,0.078666,0.086034,0.142494,0.112183
0.010692,0.010606,0.013913,0.016001,0.468197,0.379727,0.054173,0.014722,0.022015,0.009954
0.007759,0.016473,0.021556,0.026107,0.481848,0.362433,0.044601,0.007311,0.008034,0.023877
0.098223,0.088422,0.120580,0.043709,0.105544,0.073434,0.112630,0.175915,0.087184,0.094360
0.012759,0.013743,0.011887,0.012665,0.453713,0.372338,0.063659,0.013263,0.014893,0.031079
0.087643,0.076477,0.087063,0.119332,0.153517,0.135410,0.084670,0.079330,0.120416,0.056141
0.013728,0.011027,0.019474,0.010694,0.446662,0.364633,0.046175,0.065512,0.010902,0.011193
0.012598,0.031541,0.008810,0.028354,0.460622,0.352656,0.051306,0.008613,0.019285,0.026215
0.072605,0.143256,0.121564,0.057518,0.121372,0.063498,0.123978,0.090331,0.110093,0.095785
0.016191,0.021284,0.012912,0.015968,0.451138,0.375059,0.055293,0.011364,0.012715,0.028077
0.100538,0.068302,0.078449,0.146182,0.115061,0.117360,0.161052,0.065408,0.104707,0.042942
0.097937,0.081681,0.038464,0.103842,0.116443,0.162889,0.133515,0.115796,0.109363,0.040071
0.010942,0.011468,0.009639,0.017445,0.453211,0.358774,0.056941,0.050911,0.012643,0.018027
0.090141,0.140526,0.078706,0.069032,0.163375,0.055234,0.086456,0.083847,0.090367,0.142316
0.071237,0.129946,0.045813,0.091144,0.091021,0.087169,0.132345,0.208764,0.107024,0.035536
0.069831,0.117269,0.060966,0.100973,0.102344,0.082594,0.117703,0.121659,0.130423,0.096238
0.011098,0.016352,0.008493,0.017360,0.462101,0.367890,0.039344,0.010764,0.042534,0.024064
0.069664,0.045066,0.104225,0.104455,0.122344,0.110170,0.130244,0.097313,0.104261,0.112258
0.155550,0.059481,0.177068,0.081067,0.146633,0.060046,0.155906,0.056351,0.068470,0.039428
0.086538,0.087559,0.122897,0.104990,0.129701,0.111250,0.089078,0.086316,0.139463,0.042208
0.076369,0.055928,0.115358,0.059541,0.091850,0.121948,0.179230,0.067877,0.113793,0.118105
0.011902,0.009762,0.010912,0.013201,0.453476,0.354580,0.046876,0.065459,0.011066,0.022766
0.104092,0.148892,0.053162,0.098437,0.096114,0.083167,0.080842,0.054049,0.155324,0.125922
0.140167,0.074135,0.118671,0.077913,0.125550,0.128425,0.111085,0.051976,0.116131,0.055946
0.041645,0.148739,0.050035,0.102136,0.155223,0.113114,0.074237,0.071865,0.152027,0.090979
0.098227,0.063672,0.190249,0.084881,0.061286,0.084571,0.091024,0.058107,0.168730,0.099254
0.067170,0.109684,0.132046,0.080871,0.099123,0.052906,0.122381,0.133652,0.087309,0.114858
0.095758,0.088336,0.195231,0.105852,0.057571,0.084679,0.088122,0.055864,0.126291,0.102296
0.080431,0.083230,0.069685,0.063550,0.093044,0.077967,0.134000,0.215530,0.064012,0.118552
0.050465,0.063284,0.119305,0.121244,0.105542,0.077067,0.136340,0.082446,0.113750,0.130557
0.090807,0.075733,0.066923,0.080240,0.143695,0.109800,0.166364,0.070851,0.142096,0.053489
0.016461,0.011528,0.022079,0.013359,0.432864,0.354155,0.053156,0.072555,0.012456,0.011388
0.026799,0.011979,0.013237,0.013963,0.456910,0.350131,0.052311,0.009387,0.012197,0.053086
0.082675,0.123816,0.050056,0.119674,0.143850,0.076086,0.074489,0.051046,0.159993,0.118314
0.097072,0.159074,0.127604,0.083442,0.061362,0.127487,0.092703,0.091788,0.124596,0.034872
0.077360,0.050034,0.068246,0.109119,0.171174,0.085861,0.138754,0.101111,0.117014,0.081328
0.087617,0.135524,0.078323,0.106768,0.135853,0.053557,0.132046,0.112265,0.125248,0.032798
0.010002,0.016972,0.009895,0.022788,0.451928,0.380535,0.042273,0.009437,0.045397,0.010772
0.110685,0.123306,0.041183,0.087300,0.090571,0.150037,0.129519,0.097612,0.093122,0.076666
0.112893,0.080276,0.075701,0.092315,0.134045,0.116055,0.103966,0.103688,0.150517,0.030546
0.082228,0.075045,0.123276,0.064770,0.106347,0.133427,0.193479,0.094455,0.066687,0.060286
0.054719,0.084635,0.067029,0.076015,0.169790,0.062515,0.130019,0.106848,0.181102,0.067328
0.121667,0.053990,0.170048,0.091041,0.104010,0.102445,0.078263,0.049745,0.131333,0.097458
0.014291,0.018767,0.011532,0.008966,0.434593,0.330625,0.051611,0.071204,0.009649,0.048761
0.073146,0.062069,0.121256,0.079534,0.122329,0.132955,0.107599,0.118858,0.120770,0.061483
0.112300,0.073551,0.045051,0.055899,0.113843,0.072812,0.126437,0.186025,0.098585,0.115498
0.008487,0.041564,0.010109,0.012374,0.461769,0.329062,0.043593,0.023918,0.060816,0.008307
0.078480,0.052600,0.073460,0.095700,0.181876,0.095624,0.076973,0.106472,0.120521,0.118294
0.014974,0.011377,0.014603,0.012165,0.448457,0.340219,0.059799,0.012484,0.022276,0.063647
0.088702,0.080903,0.083113,0.100868,0.139332,0.070789,0.077970,0.157537,0.108718,0.092069
0.016988,0.016431,0.014330,0.017156,0.445253,0.389573,0.054906,0.017340,0.014766,0.013257
0.087741,0.139542,0.121734,0.111071,0.055133,0.070993,0.084376,0.154753,0.114884,0.059774
0.121601,0.106300,0.088795,0.102307,0.125221,0.059879,0.119703,0.072566,0.131819,0.071808
0.091353,0.075006,0.043512,0.101549,0.153257,0.086686,0.163768,0.082355,0.143375,0.059139
0.013649,0.015938,0.012353,0.023661,0.473644,0.389002,0.041114,0.012848,0.009221,0.008571
0.152799,0.065073,0.070393,0.093465,0.087680,0.043242,0.153468,0.127791,0.098866,0.107223
0.082985,0.127145,0.040257,0.100397,0.103512,0.125213,0.110938,0.052541,0.130621,0.126391
0.100980,0.099864,0.126252,0.074660,0.162283,0.052412,0.084737,0.109818,0.122108,0.066887
0.143296,0.048150,0.153119,0.094038,0.085403,0.069761,0.124822,0.108637,0.141369,0.031404
0.042782,0.068151,0.165472,0.092767,0.135747,0.077606,0.071794,0.114935,0.149857,0.080889
0.069396,0.051407,0.039920,0.091756,0.155402,0.063956,0.144101,0.184110,0.093825,0.106126
0.072627,0.048235,0.045933,0.068716,0.150639,0.074614,0.129052,0.141036,0.149464,0.119684
0.013182,0.018195,0.012156,0.013802,0.454761,0.381613,0.059538,0.016591,0.015347,0.014814
0.167937,0.096336,0.056717,0.111772,0.061053,0.058274,0.170115,0.056863,0.070259,0.150673
0.135171,0.048952,0.076315,0.101734,0.132973,0.093323,0.104351,0.072468,0.121466,0.113247
0.108358,0.113213,0.128060,0.064122,0.154009,0.057456,0.107023,0.070410,0.096354,0.100995
0.013238,0.014231,0.013106,0.011829,0.442719,0.347582,0.059277,0.012763,0.014129,0.071126
0.013076,0.011791,0.010554,0.016360,0.442296,0.344301,0.053881,0.082410,0.012449,0.012883
0.094333,0.050808,0.075843,0.059984,0.147092,0.098376,0.102428,0.102473,0.149713,0.118949
0.086478,0.087364,0.119116,0.123347,0.104465,0.102917,0.139397,0.112469,0.065737,0.058711
0.084804,0.143653,0.039884,0.107927,0.143006,0.083089,0.148209,0.077378,0.115027,0.057022
0.073119,0.045244,0.097565,0.086114,0.138593,0.062196,0.136618,0.136149,0.107370,0.117031
0.106945,0.131904,0.044037,0.059357,0.130235,0.106182,0.169420,0.081032,0.053559,0.117330
0.014251,0.012194,0.013757,0.010253,0.465727,0.370427,0.054742,0.011308,0.019510,0.027832
0.013786,0.022641,0.011428,0.012489,0.469004,0.353111,0.054986,0.015236,0.025194,0.022125
0.051037,0.155253,0.039331,0.104991,0.100575,0.058595,0.160014,0.119136,0.169057,0.042011
0.082964,0.052385,0.078274,0.086680,0.094241,0.121651,0.184376,0.151420,0.110716,0.037294
0.017698,0.014893,0.015823,0.014490,0.439949,0.370765,0.065866,0.020141,0.015672,0.024703
0.080603,0.122553,0.064507,0.061376,0.104598,0.100766,0.089342,0.182673,0.100603,0.092980
0.084038,0.076358,0.113869,0.105208,0.100303,0.095379,0.074674,0.106653,0.147815,0.095702
0.012937,0.023477,0.013040,0.019067,0.451173,0.369329,0.065707,0.017498,0.014619,0.013152
0.042627,0.110002,0.076630,0.087258,0.128799,0.114912,0.104114,0.115647,0.126363,0.093650
0.157119,0.064746,0.064219,0.090612,0.094575,0.153380,0.065105,0.095293,0.097303,0.117649
0.057726,0.064747,0.034518,0.093920,0.161049,0.095105,0.151097,0.123297,0.123053,0.095486
0.010786,0.008029,0.008578,0.008630,0.442937,0.337112,0.044469,0.069995,0.039164,0.030302
0.013524,0.011223,0.023800,0.014396,0.445608,0.353242,0.048253,0.069884,0.011231,0.008839
0.075564,0.100863,0.097038,0.095220,0.084943,0.148690,0.124940,0.080618,0.104835,0.087288
0.127809,0.088951,0.081497,0.122250,0.122731,0.099038,0.086022,0.114767,0.120926,0.036008
0.088684,0.061812,0.084493,0.119433,0.145464,0.132711,0.089614,0.124888,0.089034,0.063866
0.074238,0.065103,0.043063,0.100406,0.129572,0.091846,0.140814,0.086297,0.154765,0.113895
0.020455,0.008777,0.009809,0.011810,0.478983,0.365210,0.039498,0.019203,0.039637,0.006617
0.016171,0.016451,0.023140,0.019406,0.448770,0.367187,0.066589,0.012963,0.016417,0.012906
0.098453,0.088243,0.059130,0.117296,0.116465,0.096125,0.094307,0.193506,0.076676,0.059798
0.144167,0.091372,0.095586,0.087477,0.083254,0.075920,0.067323,0.183938,0.063188,0.107773
0.040486,0.128898,0.048978,0.083714,0.128348,0.091694,0.073122,0.140116,0.143129,0.121516
0.099179,0.121923,0.072110,0.102767,0.091169,0.093823,0.149053,0.068069,0.112725,0.089182
0.093393,0.052203,0.052054,0.099928,0.095225,0.153074,0.071296,0.189734,0.139346,0.053747
0.010795,0.011063,0.011605,0.032798,0.461513,0.326799,0.052062,0.064230,0.009337,0.019800
0.013019,0.010502,0.011951,0.008941,0.462352,0.365542,0.051206,0.008288,0.043901,0.024296
0.012582,0.027080,0.024485,0.015756,0.457673,0.373996,0.049131,0.013927,0.013421,0.011949
0.121896,0.126987,0.175839,0.065597,0.125141,0.135573,0.077961,0.051887,0.083639,0.035480
0.079285,0.057137,0.046076,0.105918,0.132900,0.121568,0.134266,0.150919,0.114842,0.057088
0.075265,0.129612,0.098274,0.093311,0.107144,0.091656,0.071341,0.107787,0.112833,0.112777
0.007224,0.007969,0.006492,0.022875,0.477460,0.355643,0.040167,0.020298,0.042121,0.019753
0.163483,0.054230,0.164587,0.073694,0.115972,0.124080,0.078950,0.051265,0.117551,0.056189
0.074074,0.064599,0.069681,0.058068,0.132937,0.112179,0.173174,0.112293,0.113505,0.089491
0.035122,0.106613,0.060374,0.103618,0.120156,0.085347,0.125444,0.128582,0.129677,0.105068
0.053801,0.061198,0.080782,0.083520,0.143285,0.138775,0.092572,0.135489,0.165430,0.045148
0.084104,0.078475,0.034059,0.104295,0.150859,0.116018,0.078375,0.142781,0.147817,0.063218
0.071295,0.113233,0.066940,0.094230,0.131790,0.066682,0.173417,0.109074,0.067733,0.105605
0.134113,0.066800,0.168877,0.096574,0.092081,0.116527,0.071712,0.049930,0.156053,0.047333
0.163882,0.058248,0.058260,0.075947,0.150206,0.159505,0.081933,0.078181,0.115100,0.058738
0.170831,0.062554,0.118883,0.066464,0.058701,0.075428,0.086197,0.080269,0.150353,0.130318
0.010937,0.016161,0.013332,0.014651,0.453103,0.365756,0.052927,0.014616,0.048565,0.009951
0.113916,0.092670,0.082125,0.130600,0.147851,0.086602,0.119879,0.099533,0.090820,0.036005
0.010452,0.032833,0.009916,0.013398,0.464789,0.328503,0.052858,0.059058,0.011573,0.016619
0.012111,0.011225,0.011478,0.015812,0.454383,0.374483,0.056789,0.028049,0.024280,0.011390
0.010363,0.011165,0.013002,0.010886,0.455767,0.326920,0.057948,0.069636,0.014447,0.029865
0.012206,0.013158,0.008902,0.023208,0.460792,0.361988,0.049278,0.046007,0.010870,0.013591
0.051080,0.147095,0.081800,0.114556,0.127200,0.103592,0.142038,0.096523,0.092046,0.044069
0.096171,0.114241,0.058260,0.071159,0.126648,0.078670,0.164710,0.183140,0.074189,0.032812
0.047358,0.112267,0.055608,0.105501,0.130419,0.075906,0.133261,0.202584,0.079621,0.057474
0.009716,0.032182,0.007225,0.014008,0.473719,0.329097,0.041768,0.019534,0.042801,0.029949
0.065389,0.141481,0.150446,0.053773,0.119908,0.118550,0.132231,0.080694,0.053009,0.084519
0.140249,0.071054,0.136713,0.068739,0.051640,0.139251,0.072963,0.107565,0.101323,0.110501
0.160613,0.115871,0.160435,0.070193,0.050453,0.047284,0.140310,0.143038,0.058897,0.052907
0.014495,0.013043,0.020394,0.015508,0.448149,0.362329,0.052324,0.014922,0.046548,0.012286
0.050918,0.151005,0.056900,0.107702,0.103306,0.179381,0.083997,0.132446,0.071130,0.063215
0.097792,0.060201,0.066328,0.074133,0.136828,0.109913,0.093074,0.172397,0.126257,0.063078
0.120257,0.080620,0.043206,0.135446,0.136318,0.091840,0.123604,0.058178,0.137448,0.073083
0.193748,0.140082,0.059174,0.122501,0.063336,0.095562,0.091588,0.088290,0.098239,0.047480
0.090096,0.064400,0.147107,0.087489,0.127830,0.087088,0.072500,0.187828,0.099343,0.036320
0.006036,0.006562,0.006439,0.024474,0.470427,0.321834,0.039620,0.051965,0.053390,0.019253
0.055396,0.067526,0.129987,0.130981,0.063762,0.064574,0.089316,0.228520,0.123054,0.046882
0.013291,0.008932,0.008851,0.014597,0.454120,0.362351,0.054908,0.047531,0.011789,0.023631
0.084935,0.082443,0.173072,0.096948,0.167124,0.102493,0.076071,0.050423,0.129101,0.037390
0.012186,0.011517,0.009671,0.015027,0.454076,0.351004,0.053658,0.009270,0.070415,0.013176
0.010815,0.020601,0.026204,0.016643,0.464595,0.355684,0.056771,0.013607,0.022783,0.012297
0.094636,0.093121,0.087336,0.117231,0.158553,0.058760,0.165238,0.058153,0.124187,0.042785
0.009364,0.008792,0.018326,0.014284,0.471470,0.382554,0.048262,0.012889,0.009767,0.024293
0.044884,0.075030,0.145934,0.090412,0.094056,0.142331,0.133036,0.110674,0.099630,0.064013
0.076411,0.112298,0.046002,0.086254,0.203568,0.077233,0.076933,0.087887,0.149880,0.083534
0.045154,0.085057,0.173346,0.100479,0.053198,0.100500,0.107639,0.150576,0.126561,0.057490
0.055114,0.066543,0.071627,0.118514,0.147146,0.136495,0.142575,0.063310,0.120368,0.078309
0.051887,0.123032,0.181271,0.083695,0.173944,0.060737,0.086363,0.057930,0.139496,0.041647
0.012303,0.034171,0.011046,0.008903,0.482004,0.349663,0.047964,0.010822,0.017323,0.025801
0.077469,0.115581,0.048527,0.097525,0.100406,0.124887,0.139292,0.115677,0.062989,0.117647
0.087483,0.080769,0.078442,0.099904,0.104229,0.101713,0.106169,0.052821,0.157175,0.131295
0.042426,0.140910,0.114780,0.060164,0.090642,0.093943,0.105119,0.115262,0.114633,0.122119
0.006377,0.011851,0.007832,0.023326,0.469364,0.336734,0.036819,0.064276,0.015343,0.028077
0.106218,0.061352,0.090762,0.085609,0.077580,0.137993,0.117521,0.123993,0.100161,0.098811
0.073358,0.126575,0.143534,0.054225,0.106902,0.090277,0.116937,0.135426,0.104249,0.048515
0.089175,0.130584,0.122767,0.106479,0.056971,0.102974,0.115930,0.057590,0.127357,0.090173
0.084663,0.151261,0.069246,0.082419,0.098006,0.123962,0.088465,0.054153,0.106145,0.141682
0.128673,0.062038,0.060276,0.107241,0.167061,0.090975,0.087280,0.121633,0.139437,0.035386
0.103210,0.116243,0.040667,0.106231,0.094187,0.098509,0.073448,0.154291,0.118679,0.094534
0.097246,0.083444,0.086534,0.087161,0.165924,0.086973,0.092946,0.102730,0.132634,0.064407
0.098088,0.136179,0.057056,0.062048,0.051667,0.114751,0.142240,0.086627,0.125864,0.125482
0.075266,0.079897,0.071820,0.112584,0.096563,0.091914,0.103481,0.110435,0.145849,0.112190
0.069942,0.109649,0.094860,0.090215,0.118124,0.063349,0.118315,0.135439,0.095937,0.104170
0.009554,0.010985,0.009735,0.017260,0.444429,0.346752,0.056164,0.009034,0.047002,0.049085
0.096502,0.059800,0.080797,0.108225,0.099931,0.095452,0.100824,0.154467,0.114603,0.089399
0.077680,0.128803,0.105600,0.068197,0.145298,0.117659,0.131358,0.099731,0.092795,0.032878
0.011466,0.010271,0.011476,0.011270,0.462313,0.377635,0.052927,0.013463,0.011448,0.037732
0.071472,0.102501,0.164413,0.086240,0.133909,0.089000,0.065475,0.144806,0.095570,0.046614
0.074809,0.103697,0.159941,0.087445,0.045758,0.108016,0.097893,0.098565,0.114095,0.109780
0.082363,0.070191,0.040694,0.097420,0.157074,0.050663,0.177664,0.118363,0.149729,0.055840
0.134108,0.145425,0.063787,0.085069,0.165714,0.057336,0.124642,0.087556,0.067904,0.068460
0.117504,0.115470,0.166543,0.061422,0.050895,0.123326,0.105864,0.046900,0.125086,0.086991
0.039779,0.052166,0.099103,0.087042,0.088462,0.134549,0.125351,0.178236,0.100530,0.094782
0.026088,0.015705,0.012886,0.020591,0.457734,0.373886,0.046979,0.014674,0.021811,0.009646
0.089150,0.061506,0.064494,0.071012,0.129137,0.104370,0.161060,0.160395,0.115001,0.043875
0.075768,0.069290,0.143779,0.093382,0.142411,0.046397,0.122905,0.134468,0.140533,0.031068
0.097510,0.095813,0.058782,0.082607,0.104857,0.139054,0.068137,0.182814,0.088789,0.081638
0.056311,0.172804,0.094367,0.074789,0.142326,0.062426,0.093062,0.087879,0.098309,0.117726
0.140078,0.075712,0.048714,0.116251,0.130759,0.127028,0.072223,0.104670,0.059624,0.124940
0.011111,0.010865,0.021107,0.010161,0.435311,0.366155,0.046514,0.063383,0.022954,0.012439
0.122280,0.056488,0.181252,0.102239,0.054855,0.077006,0.077850,0.155225,0.083032,0.089775
0.106427,0.086217,0.168831,0.099960,0.098280,0.125899,0.088077,0.119500,0.072255,0.034555
0.093296,0.064031,0.125135,0.115519,0.136809,0.130794,0.116303,0.056667,0.116106,0.045340
0.081897,0.079769,0.111132,0.064582,0.120450,0.103445,0.145132,0.050571,0.114427,0.128595
0.008686,0.008558,0.010160,0.027434,0.476362,0.332188,0.038739,0.022930,0.009271,0.065673
0.043309,0.112252,0.036016,0.099628,0.088114,0.069423,0.126039,0.195573,0.139848,0.089798
0.120694,0.127879,0.066475,0.095874,0.091558,0.066567,0.137498,0.134234,0.110755,0.048466
0.088655,0.058740,0.154241,0.096725,0.122576,0.081963,0.081324,0.058958,0.119584,0.137234
0.129573,0.043237,0.072743,0.073034,0.140906,0.116335,0.128826,0.069043,0.112464,0.113839
0.070404,0.107020,0.045057,0.088953,0.132920,0.090780,0.146180,0.084060,0.149526,0.085100
0.040276,0.052316,0.153809,0.092902,0.142467,0.113001,0.096271,0.083515,0.109300,0.116142
0.094758,0.097438,0.036120,0.083679,0.095105,0.099635,0.122088,0.179824,0.124865,0.066489
0.100330,0.060644,0.074133,0.087559,0.169336,0.115297,0.097031,0.054424,0.182649,0.058595
0.087808,0.123341,0.057556,0.102730,0.130118,0.084844,0.082078,0.053110,0.139258,0.139156
0.105200,0.112969,0.066567,0.090800,0.093010,0.088536,0.163140,0.136691,0.111478,0.031610
0.012640,0.020541,0.010389,0.028590,0.454465,0.371019,0.050858,0.010741,0.022240,0.018518
0.102795,0.134499,0.155407,0.081126,0.146546,0.098964,0.093477,0.061944,0.096389,0.028855
0.009452,0.013609,0.022915,0.014477,0.456312,0.386374,0.045053,0.012302,0.016910,0.022597
0.013760,0.017136,0.024592,0.020914,0.452588,0.357300,0.064344,0.015657,0.017300,0.016409
0.124761,0.064430,0.038482,0.098664,0.094339,0.117062,0.142777,0.065348,0.148470,0.105666
0.091470,0.078274,0.060535,0.107034,0.103908,0.057958,0.084868,0.241961,0.128395,0.045596
0.037381,0.112516,0.157685,0.094675,0.130355,0.092905,0.096716,0.108669,0.053715,0.115383
0.009581,0.011204,0.017980,0.013092,0.451579,0.357066,0.051378,0.065392,0.011999,0.010730
0.073185,0.052224,0.061268,0.090024,0.177316,0.109228,0.090841,0.199653,0.057703,0.088558
0.075033,0.154417,0.107554,0.106554,0.048931,0.122852,0.076729,0.160914,0.105505,0.041511
0.024084,0.030847,0.010535,0.008872,0.446765,0.327315,0.047777,0.078506,0.017520,0.007778
0.104197,0.145099,0.042873,0.099726,0.142216,0.084249,0.109516,0.074670,0.107588,0.089866
0.088847,0.131899,0.095039,0.113277,0.106968,0.087957,0.096199,0.102055,0.076459,0.101299
0.114182,0.054706,0.047103,0.094823,0.113844,0.092317,0.168393,0.204005,0.061610,0.049017
0.009465,0.010231,0.012465,0.014160,0.462335,0.372220,0.048622,0.009285,0.049404,0.011812
0.025372,0.011082,0.019421,0.010894,0.448613,0.356951,0.043103,0.013663,0.044219,0.026682
0.108478,0.068135,0.046915,0.111559,0.065586,0.093189,0.131149,0.062388,0.156062,0.156540
0.089441,0.092036,0.046821,0.107409,0.130532,0.130900,0.157924,0.080888,0.116320,0.047729
0.093389,0.109545,0.073613,0.093303,0.096037,0.117356,0.065705,0.111477,0.112779,0.126796
0.069243,0.097360,0.099221,0.083141,0.105587,0.112753,0.061443,0.137166,0.136440,0.097647
0.007884,0.008954,0.008751,0.011276,0.465397,0.354313,0.050210,0.012356,0.047531,0.033328
0.051741,0.130565,0.066340,0.105862,0.209732,0.110446,0.085530,0.132528,0.070287,0.036969
0.009624,0.054280,0.011546,0.008763,0.461700,0.329624,0.058034,0.010903,0.012796,0.042731
0.059765,0.100042,0.136483,0.085693,0.075418,0.100904,0.088963,0.181003,0.086015,0.085714
0.077676,0.069012,0.047752,0.107326,0.143227,0.126299,0.077889,0.150330,0.156973,0.043516
0.005745,0.035435,0.006019,0.013196,0.467724,0.331127,0.041629,0.020027,0.048391,0.030707
0.049581,0.059795,0.063987,0.123853,0.097948,0.126979,0.139659,0.058325,0.138962,0.140912
0.017780,0.018279,0.013538,0.012641,0.443000,0.369687,0.060525,0.012233,0.012852,0.039466
0.076607,0.067223,0.040558,0.096712,0.206224,0.123050,0.148773,0.047059,0.101410,0.092386
0.102495,0.154331,0.044911,0.084556,0.143057,0.046875,0.106699,0.152602,0.125597,0.038877
0.088001,0.084029,0.078295,0.110785,0.146254,0.099467,0.158644,0.051203,0.082902,0.100421
0.018766,0.015320,0.013608,0.012410,0.460663,0.371777,0.057391,0.018105,0.013275,0.018686
0.143728,0.118668,0.130579,0.098553,0.116482,0.079907,0.063917,0.088185,0.060669,0.099312
0.116235,0.123512,0.031539,0.058067,0.104496,0.146605,0.129636,0.078160,0.099606,0.112144
0.073467,0.131429,0.064556,0.068700,0.093973,0.116069,0.149878,0.150919,0.068693,0.082317
0.088578,0.107911,0.119900,0.076786,0.119529,0.127927,0.136536,0.035459,0.120309,0.067064
0.076406,0.050383,0.065168,0.088731,0.126839,0.111801,0.164062,0.098482,0.099901,0.118226
0.027720,0.012565,0.011984,0.012078,0.440570,0.361681,0.056785,0.011238,0.047480,0.017898
0.132688,0.113236,0.149824,0.055197,0.090372,0.106622,0.125107,0.079616,0.115245,0.032094
0.017571,0.020041,0.017367,0.011793,0.454656,0.377978,0.056839,0.014130,0.015287,0.014339
0.007484,0.013074,0.007084,0.022577,0.481464,0.381766,0.037838,0.011185,0.016742,0.020784
0.088052,0.055409,0.058740,0.099366,0.135725,0.124710,0.136847,0.054150,0.155646,0.091355
0.010477,0.016638,0.010410,0.028771,0.486209,0.356187,0.044721,0.027061,0.008959,0.010567
0.153612,0.088594,0.040865,0.069537,0.148673,0.142128,0.084018,0.084991,0.121276,0.066306
0.021803,0.026988,0.009203,0.007737,0.473301,0.351854,0.043581,0.011829,0.038998,0.014706
0.048753,0.059698,0.115981,0.098423,0.099290,0.078936,0.151285,0.130748,0.119255,0.097629
0.084279,0.076645,0.055494,0.085493,0.146364,0.091147,0.127455,0.139284,0.101725,0.092114
0.105288,0.111732,0.152076,0.107524,0.120851,0.083517,0.094756,0.040407,0.133188,0.050661
0.159361,0.069233,0.053075,0.099494,0.136038,0.159469,0.100589,0.073592,0.095536,0.053613
0.138639,0.073849,0.169511,0.089653,0.154892,0.112901,0.073313,0.047689,0.106678,0.032874
0.041714,0.050467,0.030728,0.096991,0.125020,0.095524,0.164184,0.136616,0.137376,0.121379
0.128550,0.080090,0.114914,0.076578,0.145780,0.089863,0.132169,0.111968,0.081755,0.038333
0.131798,0.052668,0.110491,0.073589,0.129326,0.074195,0.142213,0.106262,0.144389,0.035069
0.064109,0.104141,0.060136,0.076709,0.112486,0.103237,0.166165,0.136866,0.058559,0.117592
0.076646,0.121760,0.037738,0.103126,0.135023,0.049434,0.106442,0.121917,0.126957,0.120955
0.146601,0.074557,0.072546,0.063070,0.128628,0.108307,0.164135,0.046177,0.142357,0.053624
0.096331,0.119591,0.140975,0.081228,0.098176,0.080832,0.122932,0.127800,0.089678,0.042457
0.015082,0.014449,0.022278,0.013083,0.460064,0.363190,0.062360,0.013466,0.015401,0.020629
0.074551,0.105255,0.152889,0.099445,0.133041,0.089055,0.095181,0.144543,0.056116,0.049925
0.012141,0.026224,0.009867,0.017954,0.466013,0.373546,0.049410,0.024025,0.012001,0.008818
0.071397,0.069533,0.147319,0.089434,0.173827,0.104896,0.097066,0.080913,0.136607,0.029008
0.009559,0.008916,0.022458,0.008126,0.453277,0.350346,0.047888,0.022451,0.046254,0.030724
0.015373,0.015284,0.013650,0.016986,0.461209,0.360614,0.064807,0.016991,0.016334,0.018753
0.083624,0.155650,0.092776,0.081171,0.056899,0.087320,0.144862,0.086828,0.139673,0.071195
0.009381,0.014905,0.008373,0.011441,0.468867,0.349681,0.039837,0.021285,0.044680,0.031550
0.011283,0.014077,0.021256,0.007567,0.467451,0.385303,0.040171,0.010793,0.016453,0.025645
0.042442,0.147050,0.108926,0.060869,0.050954,0.113933,0.134227,0.104407,0.117243,0.119949
0.059752,0.070831,0.071966,0.093659,0.114119,0.096304,0.156740,0.067097,0.174724,0.094808
0.097117,0.061418,0.124996,0.121592,0.106601,0.058821,0.165585,0.127073,0.092399,0.044396
0.085546,0.148221,0.084513,0.115921,0.100614,0.132276,0.083096,0.058561,0.128545,0.062707
0.088212,0.047766,0.136375,0.084811,0.124303,0.068319,0.153993,0.096259,0.088318,0.111645
0.097121,0.125635,0.060814,0.077996,0.119750,0.081205,0.157107,0.087605,0.096252,0.096515
0.097444,0.115534,0.091312,0.083986,0.098471,0.139956,0.125652,0.040572,0.098902,0.108171
0.083340,0.071360,0.049529,0.106142,0.054374,0.170655,0.184619,0.109474,0.117223,0.053286
0.109299,0.042828,0.127128,0.050722,0.153314,0.134445,0.145808,0.114662,0.093561,0.028232
0.067846,0.115889,0.106540,0.098094,0.092151,0.088174,0.099951,0.139118,0.139475,0.052762
0.134467,0.058892,0.080116,0.072065,0.105250,0.100265,0.187495,0.115941,0.085240,0.060270
0.110932,0.069273,0.076337,0.079478,0.144391,0.068844,0.096937,0.066612,0.129726,0.157471
0.102393,0.119193,0.040913,0.076742,0.122595,0.105280,0.117985,0.095414,0.105176,0.114309
0.081461,0.071745,0.108265,0.083579,0.052527,0.070930,0.154258,0.194504,0.063937,0.118793
0.086872,0.119058,0.086472,0.073300,0.156268,0.083986,0.142000,0.094014,0.118650,0.039380
0.128637,0.076144,0.064923,0.096768,0.145071,0.090433,0.085623,0.134753,0.136599,0.041048
0.041955,0.109197,0.160103,0.115882,0.097614,0.077291,0.138346,0.046355,0.122944,0.090314
0.010046,0.015902,0.013472,0.009056,0.467617,0.381134,0.044656,0.009501,0.021153,0.027462
0.149861,0.088508,0.052195,0.094593,0.055469,0.125986,0.114280,0.117931,0.161306,0.039870
0.013013,0.013607,0.013218,0.017610,0.452114,0.358874,0.066081,0.012044,0.024068,0.029372
0.093041,0.041413,0.126553,0.074488,0.109519,0.100917,0.119500,0.133078,0.096702,0.104790
0.111833,0.076116,0.070103,0.069951,0.112901,0.110934,0.168026,0.049625,0.107325,0.123185
0.086683,0.078514,0.164523,0.104931,0.116772,0.100484,0.129244,0.107067,0.080549,0.031234
0.091361,0.077830,0.107758,0.109505,0.111714,0.091567,0.126253,0.134400,0.099270,0.050343
0.135505,0.062983,0.076855,0.119575,0.061851,0.090476,0.167241,0.094037,0.148327,0.043150
0.133701,0.071904,0.075769,0.101065,0.145861,0.121584,0.076873,0.053967,0.162198,0.057079
0.081352,0.071763,0.056071,0.101005,0.144928,0.135202,0.077722,0.158214,0.136123,0.037621
0.083276,0.138809,0.157299,0.068659,0.091160,0.111777,0.076086,0.087619,0.155718,0.029597
0.125195,0.100072,0.067552,0.110668,0.091745,0.117879,0.100178,0.093462,0.147299,0.045949
0.077735,0.119276,0.068720,0.069602,0.089709,0.093243,0.139708,0.102716,0.149632,0.089659
0.008028,0.013237,0.010869,0.025137,0.483440,0.378468,0.044510,0.010415,0.011415,0.014482
0.102979,0.122846,0.042251,0.100362,0.057255,0.130674,0.138850,0.113724,0.067231,0.123828
0.016217,0.013708,0.012494,0.014484,0.453478,0.367852,0.062445,0.014278,0.023784,0.021259
0.158192,0.072775,0.108997,0.084609,0.126425,0.090904,0.100968,0.070479,0.102888,0.083764
0.011385,0.009813,0.009386,0.009498,0.427574,0.338480,0.053601,0.073699,0.041379,0.025185
0.024257,0.016313,0.023625,0.018299,0.460172,0.377922,0.046676,0.012446,0.012111,0.008178
0.127358,0.127711,0.071845,0.082115,0.142860,0.069073,0.097002,0.103996,0.066671,0.111369
0.085287,0.126776,0.184299,0.063350,0.099110,0.049299,0.082526,0.047751,0.129539,0.132062
0.139181,0.074648,0.147398,0.062050,0.128383,0.074935,0.117697,0.112093,0.114966,0.028649
0.021293,0.015060,0.013292,0.015496,0.441607,0.375509,0.066328,0.013042,0.014575,0.023799
0.131195,0.105671,0.134485,0.058629,0.164375,0.067670,0.058542,0.040158,0.133434,0.105844
0.089823,0.155705,0.038697,0.080268,0.146658,0.127189,0.114934,0.085099,0.120807,0.040820
0.163622,0.079060,0.113944,0.062553,0.100963,0.074231,0.139005,0.088983,0.120465,0.057174
0.125656,0.137824,0.148223,0.076664,0.120631,0.152652,0.066593,0.041951,0.054540,0.075266
0.008549,0.031675,0.017737,0.014225,0.485043,0.359431,0.050930,0.011159,0.009071,0.012180
0.113809,0.066514,0.095965,0.063815,0.122245,0.105505,0.162232,0.077357,0.107932,0.084626
0.078506,0.125049,0.187023,0.095470,0.138222,0.047552,0.073465,0.111187,0.059588,0.083937
0.054215,0.094545,0.120659,0.129462,0.149535,0.064233,0.089914,0.138776,0.122500,0.036160
0.142026,0.091682,0.068021,0.070693,0.149816,0.170966,0.139942,0.059249,0.071208,0.036398
0.106495,0.063747,0.207217,0.077273,0.062733,0.063046,0.125889,0.059489,0.151052,0.083061
0.095597,0.064584,0.057685,0.071367,0.135192,0.092040,0.166815,0.101372,0.168453,0.046895
0.110705,0.076258,0.157337,0.060426,0.134085,0.089023,0.068391,0.143427,0.111277,0.049072
0.041249,0.063405,0.098338,0.097209,0.171415,0.108044,0.073954,0.188832,0.105950,0.051604
0.017269,0.017190,0.013864,0.020142,0.433962,0.369134,0.069060,0.014977,0.027758,0.016644
0.073002,0.108393,0.072907,0.085168,0.140998,0.113615,0.062269,0.149444,0.141002,0.053203
0.067936,0.120643,0.069290,0.087100,0.083200,0.083216,0.097080,0.210695,0.139319,0.041522
0.072725,0.149764,0.044267,0.090545,0.094337,0.120402,0.181861,0.042819,0.107283,0.095998
0.115113,0.070162,0.171057,0.062134,0.118552,0.120868,0.104244,0.089041,0.114674,0.034154
0.049863,0.076567,0.121941,0.111724,0.124388,0.125395,0.141189,0.081081,0.122890,0.044962
0.099088,0.079574,0.114821,0.063270,0.129491,0.093219,0.105885,0.142124,0.108443,0.064085
0.163387,0.112924,0.099076,0.090801,0.109358,0.042057,0.134338,0.042253,0.097735,0.108072
0.109916,0.076766,0.125976,0.104331,0.143026,0.128417,0.086904,0.054901,0.123965,0.045797
0.151567,0.131106,0.071480,0.056997,0.111011,0.120571,0.122001,0.082332,0.102258,0.050677
0.103952,0.084935,0.052046,0.118321,0.120956,0.146876,0.099322,0.067726,0.132658,0.073207
0.055044,0.081094,0.067950,0.110724,0.160750,0.117615,0.092960,0.104061,0.145004,0.064798
0.109653,0.100812,0.044009,0.080350,0.069403,0.103808,0.153001,0.101604,0.080186,0.157173
0.082148,0.077249,0.159709,0.104735,0.136546,0.097683,0.106206,0.051611,0.061959,0.122155
0.009976,0.014872,0.018806,0.010692,0.465975,0.373356,0.044913,0.022164,0.012327,0.026919
0.113655,0.082457,0.168356,0.094539,0.098668,0.125483,0.103397,0.118923,0.061722,0.032801
0.098651,0.058780,0.196633,0.081787,0.102523,0.131089,0.090729,0.055054,0.125714,0.059039
0.016119,0.017132,0.011451,0.021672,0.448017,0.374316,0.057143,0.011350,0.012807,0.029994
0.012107,0.014363,0.016683,0.011786,0.466085,0.382059,0.053157,0.011510,0.016642,0.015609
0.082333,0.147524,0.078241,0.103413,0.143214,0.101766,0.143316,0.049565,0.114501,0.036129
0.076784,0.054102,0.115561,0.063148,0.092649,0.122948,0.153778,0.149651,0.075834,0.095545
0.074315,0.063715,0.065132,0.067856,0.117645,0.115490,0.063137,0.192526,0.137411,0.102774
0.022472,0.010130,0.016695,0.023605,0.467940,0.373531,0.040979,0.012055,0.010539,0.022053
0.058266,0.065084,0.042259,0.101631,0.132208,0.173846,0.096419,0.137596,0.142608,0.050084
0.012530,0.011590,0.010059,0.012645,0.451514,0.353471,0.050055,0.009645,0.052142,0.036349
0.023964,0.009770,0.010247,0.012400,0.448480,0.331910,0.046348,0.055258,0.045700,0.015922
0.074043,0.127399,0.105131,0.090039,0.129060,0.115925,0.123469,0.098412,0.102531,0.033992
0.036958,0.017945,0.019020,0.018297,0.416335,0.361068,0.077551,0.016756,0.019060,0.017008
0.087551,0.126713,0.079358,0.096696,0.156113,0.051554,0.160673,0.077830,0.119391,0.044122
0.130936,0.054049,0.083657,0.046845,0.105375,0.093485,0.105156,0.165334,0.114691,0.100471
0.077855,0.138720,0.101196,0.056883,0.127501,0.063002,0.096401,0.147621,0.099514,0.091307
0.013841,0.015096,0.012724,0.012923,0.455577,0.377879,0.068664,0.012337,0.015000,0.015960
0.015710,0.018203,0.013467,0.019678,0.432413,0.390034,0.060475,0.016738,0.019722,0.013559
0.010239,0.018447,0.024393,0.009294,0.458041,0.353559,0.056186,0.010593,0.010108,0.049139
0.081038,0.117851,0.118938,0.073590,0.093323,0.075399,0.153411,0.089089,0.108989,0.088373
0.122370,0.154208,0.040070,0.070910,0.103347,0.103971,0.077655,0.076959,0.118622,0.131886
0.106826,0.112780,0.150510,0.109873,0.085799,0.111915,0.100250,0.081632,0.091622,0.048793
0.081715,0.072531,0.072171,0.096188,0.079259,0.109710,0.137280,0.145879,0.089661,0.115605
0.145806,0.049897,0.064650,0.092663,0.131590,0.142419,0.071672,0.124334,0.072297,0.104672
0.064789,0.126914,0.069999,0.048472,0.085660,0.111093,0.166533,0.148659,0.098761,0.079121
0.011551,0.029954,0.008198,0.008921,0.479177,0.367448,0.047222,0.013100,0.008884,0.025544
0.009095,0.014106,0.017363,0.025962,0.473491,0.368124,0.045450,0.010273,0.010873,0.025263
0.127704,0.102101,0.123495,0.057013,0.115127,0.092728,0.103044,0.157158,0.057485,0.064146
0.018747,0.016467,0.017920,0.020568,0.444506,0.355448,0.064908,0.018043,0.027283,0.016110
0.105168,0.082503,0.088027,0.122265,0.104647,0.121038,0.078485,0.125358,0.134399,0.038111
0.011414,0.015883,0.024297,0.010328,0.455308,0.373920,0.048783,0.008960,0.020318,0.030789
0.108211,0.072506,0.097170,0.079657,0.070009,0.100325,0.208549,0.070372,0.140944,0.052258
0.099654,0.107604,0.151482,0.087697,0.123467,0.112253,0.090896,0.102380,0.096279,0.028288
0.009855,0.013921,0.013098,0.010249,0.467788,0.407972,0.041642,0.013080,0.012453,0.009942
0.118065,0.063739,0.132482,0.121936,0.151204,0.090007,0.092775,0.061467,0.129426,0.038899
0.091933,0.098012,0.133553,0.058504,0.123353,0.101054,0.061833,0.167225,0.121552,0.042982
0.087820,0.087162,0.053176,0.109633,0.056387,0.081462,0.078918,0.224213,0.120984,0.100246
0.010651,0.010784,0.021618,0.011963,0.453851,0.388596,0.047388,0.015229,0.014127,0.025794
0.145320,0.080046,0.124373,0.100624,0.134039,0.060962,0.151762,0.061475,0.073123,0.068274
0.097162,0.079339,0.109662,0.071882,0.190840,0.096191,0.134896,0.072506,0.111586,0.035935
0.101461,0.106594,0.043309,0.054484,0.089552,0.106469,0.094663,0.193571,0.094329,0.115570
0.148745,0.124316,0.038620,0.054737,0.141375,0.083763,0.091849,0.134898,0.135935,0.045761
