0.099176,0.089608,0.107860,0.084766,0.104843,0.086171,0.111585,0.119440,0.106153,0.090398
0.106722,0.089927,0.092087,0.086530,0.105058,0.089606,0.113026,0.127812,0.111347,0.077883
0.100089,0.095047,0.102710,0.101963,0.092579,0.101329,0.091845,0.123307,0.096089,0.095041
0.070270,0.060983,0.071243,0.074118,0.213230,0.208955,0.078943,0.068246,0.059052,0.094960
0.113422,0.086089,0.105722,0.099477,0.085091,0.106168,0.091654,0.124829,0.111402,0.076146
0.069594,0.059662,0.074868,0.071586,0.199725,0.199133,0.077949,0.102212,0.078167,0.067104
0.095542,0.086741,0.099193,0.098171,0.097744,0.091163,0.106697,0.117242,0.104527,0.102979
0.112389,0.094295,0.074537,0.101602,0.101295,0.091522,0.108356,0.126751,0.109935,0.079318
0.091608,0.082031,0.099722,0.089402,0.098969,0.089823,0.114813,0.119107,0.112071,0.102454
0.066849,0.061448,0.076755,0.063055,0.215355,0.215617,0.082049,0.068356,0.065575,0.084942
0.095216,0.100512,0.100097,0.103267,0.097838,0.095528,0.093431,0.092487,0.109375,0.112250
0.067074,0.064107,0.064779,0.063438,0.224501,0.229289,0.077420,0.077891,0.063623,0.067878
0.070085,0.063238,0.058765,0.060239,0.232570,0.234369,0.084480,0.066186,0.063869,0.066200
0.096029,0.102436,0.091999,0.081021,0.105791,0.106543,0.116787,0.112009,0.101879,0.085507
0.071214,0.098928,0.065006,0.055528,0.217752,0.213198,0.076267,0.086188,0.053883,0.062036
0.102689,0.089572,0.089099,0.110682,0.107224,0.090723,0.120241,0.103193,0.108856,0.077720
0.094419,0.085446,0.098132,0.102151,0.095804,0.099855,0.104108,0.100282,0.108653,0.111150
0.103796,0.086837,0.098284,0.099927,0.104659,0.084979,0.109934,0.108369,0.099174,0.104042
0.102608,0.084460,0.102380,0.102593,0.105430,0.107154,0.111431,0.104827,0.105823,0.073293
0.065486,0.062436,0.059206,0.072579,0.222852,0.227437,0.081006,0.060521,0.079703,0.068773
0.063960,0.065023,0.069611,0.070267,0.216157,0.214002,0.079756,0.077257,0.067345,0.076621
0.068116,0.064275,0.066145,0.072359,0.226066,0.229341,0.084898,0.063421,0.060589,0.064789
0.098483,0.087089,0.086307,0.104645,0.087530,0.111852,0.093321,0.112078,0.113193,0.105501
0.066060,0.062256,0.074151,0.062026,0.217796,0.222102,0.079913,0.066848,0.091536,0.057312
0.065711,0.079740,0.058927,0.064383,0.218841,0.222515,0.081330,0.059497,0.081444,0.067614
0.105253,0.090079,0.077690,0.100390,0.108964,0.104565,0.111856,0.110219,0.113330,0.077654
0.090455,0.092271,0.084625,0.095833,0.100910,0.080603,0.108348,0.125194,0.110952,0.110808
0.059449,0.057548,0.057658,0.073172,0.215600,0.207711,0.075397,0.092668,0.077491,0.083304
0.102331,0.086279,0.078466,0.101461,0.107304,0.110616,0.120932,0.095376,0.110620,0.086615
0.100094,0.111282,0.074238,0.090659,0.104845,0.084474,0.118097,0.106312,0.108248,0.101750
0.110666,0.098165,0.071956,0.097738,0.098759,0.102603,0.108402,0.099234,0.104916,0.107561
0.113821,0.084777,0.103877,0.099835,0.104808,0.086044,0.117205,0.082035,0.105521,0.102078
0.068715,0.068578,0.075826,0.069086,0.221552,0.222524,0.085467,0.063899,0.062776,0.061577
0.065809,0.061490,0.072743,0.058542,0.215896,0.213704,0.081737,0.065889,0.069692,0.094497
0.092534,0.097361,0.097451,0.100813,0.108540,0.103886,0.109197,0.079906,0.107165,0.103146
0.099997,0.084959,0.103598,0.089295,0.105040,0.080998,0.109423,0.116769,0.108472,0.101450
0.087310,0.100478,0.079011,0.105449,0.099730,0.108709,0.116743,0.095949,0.118454,0.088168
0.092632,0.099250,0.100818,0.105868,0.094928,0.081717,0.089876,0.108471,0.111110,0.115329
0.109318,0.089320,0.110134,0.098379,0.110002,0.089622,0.086699,0.086022,0.111528,0.108976
0.089108,0.099336,0.097028,0.095276,0.098011,0.095653,0.091351,0.125909,0.107663,0.100665
0.094265,0.100652,0.103959,0.098168,0.108507,0.106863,0.108003,0.101152,0.082456,0.095974
0.084541,0.087963,0.101166,0.107408,0.086528,0.107326,0.098075,0.096561,0.114263,0.116170
0.098589,0.088979,0.083270,0.103726,0.086034,0.108639,0.097182,0.119869,0.100230,0.113481
0.095722,0.097246,0.091971,0.105337,0.116077,0.107416,0.113255,0.095594,0.101735,0.075648
0.065932,0.060885,0.062941,0.071016,0.215830,0.220186,0.079476,0.060810,0.079181,0.083743
0.094984,0.085716,0.108057,0.094922,0.104717,0.096399,0.103593,0.110911,0.086017,0.114682
0.070644,0.069158,0.062233,0.069512,0.218729,0.214497,0.082119,0.091480,0.058264,0.063365
0.111536,0.108175,0.094797,0.102837,0.098035,0.101832,0.106957,0.086239,0.087446,0.102147
0.094624,0.099623,0.103770,0.102528,0.102712,0.109532,0.114038,0.088826,0.109970,0.074376
0.103462,0.108076,0.110682,0.109327,0.112822,0.095753,0.089209,0.094298,0.094628,0.081743
0.061253,0.064759,0.064121,0.073846,0.229803,0.231672,0.079207,0.078790,0.058702,0.057847
0.099551,0.101915,0.089482,0.107438,0.109830,0.105729,0.097478,0.095106,0.114017,0.079454
0.098140,0.095074,0.107233,0.103150,0.103462,0.095076,0.092019,0.109414,0.114965,0.081467
0.056612,0.096796,0.052993,0.066201,0.211160,0.201662,0.076428,0.076496,0.063177,0.098474
0.111451,0.093672,0.073008,0.097624,0.102731,0.103207,0.107903,0.103003,0.103532,0.103868
0.066210,0.065545,0.070072,0.071826,0.217862,0.216716,0.080676,0.091190,0.058235,0.061669
0.062230,0.071111,0.073633,0.073038,0.199421,0.206491,0.075461,0.064350,0.087889,0.086375
0.108056,0.098573,0.095045,0.108022,0.107265,0.098470,0.103678,0.095866,0.110246,0.074778
0.087438,0.105148,0.078006,0.107937,0.116649,0.088683,0.086816,0.102569,0.117440,0.109314
0.096333,0.101842,0.084114,0.103394,0.104434,0.084710,0.102922,0.099287,0.108621,0.114344
0.061218,0.058370,0.066896,0.067610,0.214296,0.212320,0.076394,0.063215,0.089574,0.090108
0.117950,0.116872,0.082554,0.109330,0.108506,0.091101,0.094411,0.093159,0.107585,0.078531
0.066519,0.068645,0.066363,0.070519,0.230299,0.230188,0.082025,0.061446,0.063085,0.060912
0.067961,0.071161,0.059970,0.065064,0.213730,0.212738,0.083719,0.067465,0.065792,0.092400
0.084803,0.089583,0.102317,0.084525,0.105274,0.107567,0.111759,0.083975,0.114558,0.115638
0.102600,0.082232,0.102019,0.103951,0.105501,0.081822,0.118955,0.097657,0.100350,0.104912
0.093896,0.108147,0.104847,0.100765,0.082729,0.104631,0.107883,0.088011,0.105768,0.103323
0.096793,0.103609,0.103752,0.080344,0.105018,0.105476,0.099871,0.109295,0.117500,0.078341
0.101421,0.098814,0.076999,0.106278,0.098182,0.108852,0.085294,0.100929,0.116002,0.107229
0.084215,0.085849,0.090218,0.089478,0.103664,0.106924,0.116222,0.125817,0.113701,0.083912
0.063751,0.069578,0.056574,0.074992,0.224783,0.216301,0.077814,0.061050,0.078157,0.077001
0.073271,0.062366,0.064268,0.060874,0.221705,0.223661,0.080243,0.061432,0.082745,0.069435
0.105246,0.106056,0.104862,0.106356,0.108840,0.085374,0.096345,0.100580,0.109995,0.076347
0.096494,0.084309,0.103853,0.104410,0.107912,0.083018,0.117781,0.111822,0.083539,0.106862
0.113394,0.101400,0.077129,0.097241,0.108334,0.099879,0.093343,0.127510,0.104525,0.077246
0.100318,0.087998,0.101301,0.089099,0.105132,0.087876,0.111408,0.100470,0.101142,0.115256
0.096775,0.092109,0.106064,0.102209,0.095523,0.100706,0.095587,0.094705,0.104253,0.112069
0.065747,0.060689,0.071444,0.071795,0.220903,0.221237,0.080714,0.067493,0.079607,0.060371
0.063136,0.070148,0.074277,0.075593,0.219415,0.214076,0.079038,0.058672,0.061185,0.084460
0.093755,0.095271,0.093383,0.078102,0.097312,0.095751,0.104859,0.125222,0.108321,0.108024
0.070449,0.064035,0.059983,0.065260,0.220233,0.221560,0.083336,0.064071,0.065384,0.085688
0.096815,0.090026,0.103327,0.105666,0.107289,0.112859,0.094501,0.091379,0.115055,0.083083
0.071067,0.064035,0.073351,0.064961,0.209441,0.211470,0.077702,0.102600,0.064014,0.061357
0.063299,0.080579,0.054858,0.071600,0.220440,0.218361,0.077793,0.055639,0.077317,0.080115
0.095739,0.111649,0.096196,0.084156,0.097384,0.083881,0.115478,0.100376,0.117336,0.097805
0.071281,0.078360,0.063598,0.066295,0.220563,0.223070,0.079728,0.059622,0.059642,0.077840
0.103979,0.091940,0.094393,0.108375,0.104385,0.110205,0.119606,0.091051,0.093647,0.082419
0.097774,0.098603,0.079096,0.104411,0.105767,0.110289,0.112210,0.101200,0.110920,0.079729
0.067984,0.063002,0.056136,0.067513,0.221069,0.221718,0.081135,0.085718,0.068826,0.066899
0.104002,0.108104,0.103220,0.087448,0.113187,0.089655,0.088287,0.096397,0.089647,0.120054
0.092894,0.108432,0.080680,0.100733,0.099972,0.098878,0.108049,0.126736,0.107059,0.076567
0.093801,0.096416,0.084193,0.097081,0.100855,0.091301,0.108524,0.115623,0.103388,0.108819
0.068412,0.070409,0.059487,0.072300,0.209673,0.208891,0.075216,0.061723,0.089703,0.084185
0.090574,0.080347,0.103569,0.095802,0.100392,0.097280,0.107121,0.101536,0.110631,0.112747
0.109806,0.089942,0.108408,0.099645,0.111982,0.091294,0.122214,0.093747,0.093810,0.079151
0.099622,0.100882,0.109347,0.107461,0.107735,0.099151,0.087986,0.096216,0.111042,0.080559
0.094676,0.086508,0.107400,0.082690,0.096183,0.105957,0.114656,0.088335,0.108661,0.114936
0.065609,0.065159,0.069293,0.070475,0.205350,0.203447,0.078957,0.101951,0.063039,0.076718
0.097861,0.115535,0.085364,0.104912,0.098441,0.087517,0.096847,0.091308,0.117739,0.104477
0.105576,0.092214,0.109424,0.097451,0.107541,0.109412,0.104196,0.085737,0.104206,0.084243
0.082397,0.115366,0.082843,0.103672,0.104804,0.110330,0.095319,0.090839,0.108375,0.106054
0.102506,0.090711,0.107237,0.099140,0.090000,0.092345,0.101047,0.086742,0.119363,0.110909
0.090532,0.105652,0.094060,0.096805,0.097192,0.078909,0.105688,0.117109,0.105223,0.108828
0.102851,0.101074,0.107168,0.107392,0.088486,0.092999,0.086045,0.092140,0.114018,0.107828
0.096560,0.097038,0.088419,0.087724,0.096525,0.085943,0.112198,0.130064,0.090564,0.114966
0.084827,0.088829,0.107136,0.100440,0.102667,0.088105,0.110868,0.091841,0.112173,0.113114
0.095588,0.096883,0.098907,0.099533,0.104523,0.106484,0.115931,0.091976,0.108703,0.081472
0.072712,0.062691,0.074027,0.064232,0.210741,0.212549,0.079403,0.103801,0.060734,0.059110
0.079006,0.067149,0.071504,0.067235,0.210383,0.206085,0.080359,0.060179,0.065638,0.092462
0.099112,0.103984,0.085752,0.102122,0.108714,0.091384,0.091836,0.090373,0.110144,0.116577
0.104313,0.107531,0.112308,0.096462,0.091770,0.114323,0.088828,0.098643,0.107039,0.078783
0.093597,0.082231,0.085431,0.097529,0.107173,0.097657,0.115772,0.102984,0.114208,0.103419
0.097216,0.099670,0.101147,0.103142,0.104716,0.085822,0.111179,0.106482,0.115788,0.074837
0.063424,0.074564,0.059857,0.069840,0.222542,0.232111,0.075056,0.056976,0.088178,0.057451
0.097108,0.096916,0.076838,0.100271,0.100337,0.105387,0.108619,0.103214,0.108921,0.102390
0.105899,0.096877,0.090242,0.103075,0.106342,0.106153,0.102613,0.105345,0.107942,0.075511
0.097434,0.091404,0.110751,0.086638,0.105513,0.105804,0.118572,0.099067,0.093349,0.091468
0.089900,0.095836,0.091641,0.089779,0.113113,0.092157,0.108972,0.101874,0.122199,0.094529
0.108326,0.086915,0.104420,0.102345,0.106453,0.097467,0.094069,0.083938,0.107819,0.108249
0.063092,0.074780,0.058349,0.055185,0.213131,0.213299,0.079753,0.099958,0.054625,0.087828
0.090095,0.091546,0.098111,0.100946,0.099435,0.104811,0.107058,0.105800,0.103631,0.098567
0.099462,0.095945,0.077456,0.079369,0.103698,0.083148,0.108501,0.126941,0.111102,0.114378
0.056721,0.084141,0.064176,0.064264,0.212112,0.206140,0.074582,0.074059,0.107659,0.056147
0.093918,0.085139,0.099579,0.103035,0.109208,0.094336,0.095508,0.104925,0.114674,0.099679
0.071331,0.060564,0.062445,0.061998,0.212706,0.207871,0.082217,0.063170,0.081768,0.095931
0.097885,0.094874,0.100589,0.102064,0.103499,0.085436,0.091515,0.120054,0.098821,0.105264
0.069340,0.063851,0.066031,0.066153,0.227853,0.235849,0.079306,0.067653,0.065150,0.058814
0.098625,0.111735,0.107848,0.103423,0.085049,0.085851,0.097027,0.108435,0.112409,0.089599
0.100272,0.099300,0.101080,0.097568,0.103802,0.083962,0.108727,0.091023,0.113879,0.100387
0.103213,0.090700,0.079618,0.103794,0.113023,0.093956,0.121938,0.092918,0.111896,0.088945
0.066218,0.075058,0.069801,0.072094,0.227883,0.233582,0.075644,0.065432,0.056986,0.057303
0.111005,0.088619,0.096695,0.098310,0.096950,0.079174,0.108696,0.102958,0.107608,0.109985
0.097909,0.103111,0.077909,0.105237,0.105188,0.107112,0.103264,0.089956,0.107559,0.102755
0.094563,0.107669,0.095299,0.098797,0.107702,0.080886,0.097596,0.116183,0.102676,0.098628
0.114889,0.085913,0.106527,0.107286,0.098399,0.089781,0.111602,0.100533,0.109408,0.075662
0.085022,0.091547,0.106980,0.106141,0.108912,0.088000,0.093315,0.101984,0.110908,0.107192
0.092583,0.085155,0.075794,0.103127,0.104962,0.082781,0.109704,0.125526,0.108508,0.111860
0.097677,0.086170,0.080796,0.096770,0.107810,0.087186,0.113241,0.112784,0.111126,0.106441
0.068998,0.067116,0.060482,0.064460,0.224044,0.228830,0.083491,0.069336,0.065900,0.067344
0.111017,0.102200,0.085963,0.109517,0.091108,0.090564,0.117555,0.088352,0.093769,0.109954
0.103949,0.082190,0.091619,0.100980,0.108098,0.102643,0.100959,0.089874,0.106484,0.113205
0.098000,0.109290,0.097567,0.093345,0.107497,0.082940,0.109164,0.090647,0.100951,0.110600
0.067075,0.060139,0.066865,0.058435,0.222431,0.221548,0.080875,0.060342,0.063712,0.098579
0.070601,0.059536,0.055893,0.068830,0.220816,0.220281,0.078638,0.104145,0.061279,0.059982
0.096826,0.086182,0.092622,0.083260,0.105999,0.096799,0.103019,0.107263,0.109778,0.118251
0.098047,0.097786,0.108369,0.101956,0.103900,0.096655,0.112309,0.106325,0.091964,0.082689
0.100233,0.104199,0.079364,0.105250,0.109371,0.088386,0.120905,0.094401,0.112542,0.085350
0.092432,0.080890,0.100578,0.099142,0.099332,0.082372,0.115282,0.118176,0.099879,0.111918
0.105388,0.100549,0.081500,0.086308,0.105993,0.109171,0.114787,0.094458,0.087601,0.114245
0.065889,0.065637,0.070607,0.061435,0.215748,0.215471,0.079993,0.062175,0.078980,0.084066
0.064985,0.072423,0.059495,0.062195,0.223929,0.218456,0.081348,0.064380,0.081834,0.070956
0.088556,0.106142,0.080058,0.108777,0.100631,0.090384,0.122896,0.110092,0.112041,0.080423
0.100206,0.086881,0.092029,0.101578,0.099649,0.108486,0.117681,0.112690,0.103453,0.077348
0.069573,0.061698,0.066139,0.061168,0.225618,0.228933,0.084020,0.066257,0.066119,0.070476
0.088554,0.107076,0.093835,0.087595,0.097943,0.104172,0.094983,0.124003,0.109614,0.092223
0.096872,0.092989,0.105505,0.101630,0.101302,0.098702,0.090906,0.103520,0.104610,0.103964
0.064131,0.071617,0.060865,0.073352,0.227164,0.227239,0.084143,0.068905,0.061755,0.060829
0.081335,0.104122,0.089328,0.098847,0.105579,0.109345,0.102157,0.096931,0.107078,0.105278
0.113907,0.087170,0.085428,0.102257,0.101585,0.106934,0.089359,0.102586,0.098526,0.112247
0.088705,0.090978,0.073219,0.094671,0.106968,0.105279,0.110549,0.117896,0.101907,0.109828
0.065708,0.056392,0.058134,0.057775,0.207275,0.204856,0.076015,0.100377,0.092670,0.080797
0.065197,0.060211,0.072751,0.070224,0.212791,0.213418,0.078269,0.101358,0.067689,0.058093
0.094495,0.099544,0.099539,0.102508,0.093231,0.104068,0.107399,0.092668,0.104726,0.101824
0.100992,0.097988,0.101719,0.101358,0.105172,0.101142,0.097891,0.106818,0.110170,0.076750
0.098929,0.088597,0.092879,0.106937,0.109081,0.113988,0.099275,0.110429,0.087840,0.092044
0.094033,0.087098,0.078711,0.105037,0.106057,0.101512,0.111735,0.094293,0.107188,0.114336
0.073281,0.062212,0.066644,0.068218,0.216515,0.214011,0.074866,0.074057,0.094677,0.055521
0.067091,0.064247,0.072851,0.074300,0.222455,0.223451,0.084936,0.062049,0.066116,0.062504
0.103982,0.097485,0.085920,0.110813,0.104569,0.097960,0.098484,0.118266,0.096579,0.085940
0.110600,0.097560,0.101945,0.100848,0.095925,0.089102,0.091790,0.123950,0.081027,0.107253
0.080374,0.098845,0.080964,0.099132,0.104494,0.093527,0.094442,0.120062,0.114709,0.113452
0.094830,0.100804,0.088599,0.100457,0.094827,0.101627,0.118723,0.087570,0.109309,0.103255
0.095927,0.086460,0.084777,0.103497,0.104493,0.108830,0.083782,0.127798,0.115446,0.088991
0.062057,0.064492,0.056927,0.075656,0.222035,0.214392,0.080514,0.093763,0.060600,0.069564
0.063752,0.062933,0.067862,0.059521,0.219085,0.219097,0.078583,0.056474,0.098334,0.074358
0.064777,0.078991,0.072054,0.070090,0.218668,0.221992,0.077978,0.062509,0.070359,0.062581
0.113537,0.108578,0.110227,0.088162,0.111942,0.110448,0.097194,0.088444,0.091066,0.080401
0.094825,0.085885,0.079179,0.105561,0.102302,0.105157,0.110453,0.120147,0.108247,0.088244
0.095666,0.100624,0.103228,0.105483,0.104075,0.094861,0.081390,0.097827,0.104174,0.112673
0.062692,0.058896,0.052369,0.068690,0.222759,0.220262,0.074018,0.072450,0.097869,0.069994
0.117492,0.088497,0.106509,0.096226,0.106917,0.104997,0.098892,0.084787,0.104640,0.091045
0.094545,0.087633,0.099202,0.082105,0.104696,0.110030,0.115162,0.098300,0.102714,0.105613
0.078472,0.099578,0.095540,0.098526,0.103436,0.092508,0.114539,0.106877,0.112623,0.097901
0.090634,0.090698,0.104252,0.101090,0.112482,0.109001,0.089787,0.106251,0.113696,0.082109
0.097826,0.097812,0.075916,0.107319,0.104702,0.106572,0.096171,0.120670,0.108129,0.084882
0.095140,0.102080,0.089184,0.105926,0.107053,0.087852,0.116232,0.098893,0.082376,0.115265
0.104320,0.089987,0.104243,0.106846,0.098584,0.112730,0.091712,0.090601,0.120017,0.080959
0.116766,0.089427,0.086389,0.096586,0.105531,0.109937,0.098953,0.093909,0.110891,0.091611
0.116607,0.090467,0.109015,0.086480,0.087912,0.088262,0.099412,0.092876,0.114776,0.114193
0.063670,0.065576,0.063000,0.067058,0.218830,0.221424,0.081464,0.067819,0.093138,0.058021
0.101891,0.102115,0.104283,0.105815,0.113551,0.095594,0.107595,0.100062,0.090028,0.079065
0.067554,0.083968,0.057304,0.069711,0.211438,0.202791,0.081588,0.093886,0.062541,0.069219
0.066788,0.062454,0.059330,0.067156,0.220927,0.222162,0.081064,0.080144,0.080856,0.059119
0.068003,0.062633,0.059125,0.061424,0.213925,0.205011,0.082594,0.096487,0.064352,0.086446
0.066529,0.064787,0.061187,0.074492,0.215171,0.216066,0.080882,0.090259,0.063531,0.067097
0.087587,0.104063,0.103018,0.106483,0.107862,0.104269,0.114700,0.099342,0.091650,0.081025
0.099451,0.104442,0.092283,0.095418,0.113096,0.085142,0.116831,0.131342,0.084403,0.077593
0.085931,0.105492,0.086499,0.103328,0.108712,0.090914,0.114657,0.129337,0.085627,0.089503
0.059358,0.080761,0.053263,0.064561,0.210715,0.203910,0.075291,0.072489,0.098077,0.081574
0.093566,0.118057,0.101561,0.080018,0.106024,0.101864,0.112680,0.093655,0.086854,0.105721
0.112545,0.094133,0.100848,0.093850,0.085941,0.106482,0.095703,0.098677,0.100286,0.111536
0.116772,0.102498,0.104781,0.094907,0.086117,0.084920,0.118704,0.110526,0.091228,0.089548
0.071718,0.068296,0.073807,0.068439,0.206628,0.206064,0.080046,0.070115,0.091115,0.063772
0.088426,0.105731,0.086035,0.109767,0.102730,0.114182,0.097558,0.104966,0.096588,0.094017
0.105804,0.088814,0.091612,0.088412,0.109893,0.109400,0.089711,0.115999,0.107292,0.093064
0.102964,0.094968,0.081941,0.105407,0.108613,0.097632,0.107467,0.088747,0.121536,0.090726
0.122482,0.109080,0.087943,0.110939,0.093266,0.094840,0.103435,0.099076,0.095047,0.083891
0.094841,0.087636,0.101883,0.101686,0.104796,0.101144,0.093426,0.127383,0.111759,0.075447
0.057444,0.054004,0.056693,0.069290,0.217839,0.210536,0.073847,0.085410,0.106248,0.068689
0.089291,0.092478,0.112265,0.105119,0.091286,0.092078,0.098279,0.131576,0.105499,0.082128
0.067347,0.062166,0.058436,0.071913,0.211902,0.213235,0.082475,0.090325,0.064393,0.077808
0.102437,0.099284,0.107504,0.107458,0.108567,0.097802,0.096796,0.091375,0.110850,0.077927
0.070508,0.056015,0.054073,0.066417,0.222788,0.221043,0.078045,0.054570,0.116407,0.060134
0.065786,0.071888,0.075552,0.072572,0.212671,0.208075,0.082009,0.067948,0.080496,0.063003
0.101325,0.099827,0.094384,0.109082,0.109032,0.089019,0.121243,0.092555,0.104236,0.079296
0.065712,0.062218,0.073616,0.072969,0.216348,0.217717,0.079856,0.067724,0.064209,0.079629
0.083597,0.095483,0.102311,0.101452,0.102593,0.105716,0.115407,0.098171,0.110787,0.084482
0.097274,0.106471,0.080990,0.102391,0.113345,0.087525,0.098029,0.097796,0.109160,0.107018
0.084280,0.098512,0.105131,0.106352,0.086923,0.096343,0.102616,0.122847,0.106919,0.090078
0.088165,0.090372,0.088933,0.109150,0.107414,0.104515,0.113482,0.094325,0.114889,0.088754
0.090141,0.109965,0.109773,0.097395,0.110377,0.092382,0.099620,0.094954,0.114568,0.080824
0.065722,0.082380,0.069607,0.060765,0.210039,0.201617,0.079297,0.066333,0.078894,0.085345
0.094115,0.103817,0.080326,0.103076,0.102351,0.101918,0.111941,0.097969,0.090043,0.114444
0.098583,0.095410,0.100189,0.102762,0.103073,0.095557,0.100410,0.083377,0.106956,0.113683
0.080598,0.113005,0.107212,0.081990,0.095800,0.093777,0.101104,0.097625,0.113306,0.115584
0.057611,0.061119,0.056469,0.071931,0.212837,0.206773,0.074846,0.101928,0.074711,0.081775
0.097140,0.090946,0.101337,0.098123,0.092816,0.104555,0.112337,0.105358,0.100749,0.096639
0.096237,0.101329,0.103358,0.081373,0.104645,0.094916,0.112311,0.110361,0.115516,0.079954
0.099261,0.102225,0.108313,0.105112,0.086464,0.095832,0.103100,0.091008,0.103144,0.105540
0.099390,0.105019,0.093115,0.096025,0.098178,0.108026,0.085272,0.091111,0.113697,0.110168
0.111652,0.091237,0.085788,0.109770,0.109335,0.092325,0.087388,0.111775,0.122363,0.078368
0.096773,0.105707,0.076789,0.107886,0.098009,0.095210,0.083886,0.111721,0.117068,0.106950
0.102479,0.093560,0.094412,0.099198,0.110606,0.093135,0.099987,0.099871,0.113926,0.092826
0.096884,0.102177,0.086722,0.081502,0.085814,0.106252,0.120143,0.094388,0.120113,0.106004
0.092445,0.094386,0.097406,0.098126,0.100537,0.098279,0.099613,0.095546,0.112438,0.111223
0.093025,0.097794,0.100378,0.101113,0.102662,0.083806,0.108582,0.105570,0.096240,0.110830
0.063227,0.063262,0.059803,0.067865,0.213781,0.214225,0.082023,0.056823,0.089886,0.089105
0.091961,0.086667,0.100308,0.105618,0.100529,0.093079,0.097962,0.120156,0.099277,0.104442
0.096534,0.099726,0.106261,0.093358,0.103078,0.101667,0.110152,0.105046,0.110508,0.073671
0.068990,0.061459,0.063273,0.063912,0.223393,0.224147,0.079537,0.066387,0.062552,0.086349
0.097301,0.104481,0.105814,0.104307,0.108652,0.095773,0.083519,0.112329,0.100908,0.086917
0.095941,0.102842,0.100904,0.101542,0.082814,0.108911,0.099718,0.104649,0.104147,0.098533
0.100304,0.091838,0.079305,0.106757,0.106476,0.087729,0.117230,0.101465,0.118191,0.090706
0.111515,0.108542,0.090257,0.100217,0.112659,0.090135,0.107980,0.096737,0.093678,0.088280
0.106681,0.105751,0.102562,0.082608,0.085001,0.107408,0.101657,0.081981,0.118951,0.107400
0.079201,0.084495,0.102546,0.099802,0.098449,0.102760,0.111427,0.122750,0.104518,0.094052
0.079470,0.065210,0.062941,0.074876,0.214351,0.217315,0.077739,0.067881,0.081122,0.059094
0.098826,0.088306,0.088201,0.086247,0.106932,0.104636,0.120511,0.111917,0.114393,0.080031
0.097988,0.097137,0.104260,0.105747,0.105142,0.085271,0.110871,0.110188,0.108454,0.074943
0.093923,0.099130,0.083016,0.098300,0.099136,0.103151,0.091095,0.124662,0.106760,0.100826
0.088304,0.119508,0.106927,0.088030,0.110126,0.090082,0.098043,0.095212,0.091346,0.112421
0.107420,0.099374,0.080226,0.101913,0.109974,0.104616,0.091838,0.107726,0.089953,0.106961
0.063897,0.061338,0.073931,0.059499,0.206285,0.212508,0.076673,0.100684,0.080944,0.064241
0.109818,0.088234,0.107598,0.107635,0.088239,0.090656,0.085552,0.125475,0.087889,0.108905
0.097540,0.098709,0.105799,0.104859,0.099466,0.112577,0.100134,0.109356,0.095230,0.076330
0.100831,0.089674,0.109306,0.105428,0.104711,0.107644,0.103836,0.085353,0.113769,0.079449
0.096842,0.096919,0.105722,0.084123,0.105920,0.096808,0.112333,0.083281,0.102688,0.115365
0.058925,0.056925,0.066898,0.072368,0.219295,0.211550,0.074841,0.076326,0.067030,0.095842
0.083101,0.100326,0.076000,0.101692,0.095787,0.087412,0.111161,0.126617,0.113787,0.104117
0.099635,0.098169,0.096043,0.103507,0.101423,0.085473,0.116869,0.117783,0.102792,0.078307
0.098045,0.087345,0.099322,0.102826,0.105275,0.087376,0.093954,0.091775,0.115425,0.118656
0.104898,0.080882,0.091697,0.096729,0.104655,0.102287,0.118027,0.090375,0.107287,0.103163
0.093809,0.101040,0.080979,0.100784,0.103712,0.101104,0.118528,0.092666,0.105113,0.102265
0.080704,0.085226,0.101518,0.103146,0.101313,0.109589,0.099110,0.094717,0.108985,0.115692
0.092196,0.095033,0.075932,0.099418,0.097460,0.095363,0.112728,0.124246,0.109594,0.098031
0.109793,0.089633,0.098284,0.100450,0.116625,0.100136,0.089858,0.088298,0.115558,0.091365
0.098907,0.107210,0.087883,0.105281,0.106860,0.093639,0.096437,0.085992,0.110730,0.107062
0.102874,0.100127,0.097156,0.102352,0.101569,0.099158,0.112391,0.107370,0.101546,0.075457
0.063163,0.077258,0.056357,0.072614,0.223628,0.226089,0.078241,0.058267,0.077860,0.066522
0.105601,0.115326,0.103778,0.101853,0.104508,0.108517,0.100034,0.088328,0.100124,0.071931
0.063203,0.072451,0.073988,0.071244,0.207041,0.214992,0.076287,0.065978,0.077794,0.077022
0.065248,0.065539,0.074607,0.076584,0.217704,0.214213,0.083922,0.066076,0.068962,0.067144
0.100881,0.087788,0.076061,0.101286,0.103108,0.105803,0.118373,0.088363,0.106725,0.111610
0.103115,0.092688,0.090163,0.106628,0.099648,0.089932,0.087861,0.132699,0.114555,0.082712
0.082536,0.103899,0.106978,0.104077,0.107959,0.096992,0.102501,0.100675,0.089880,0.104503
0.065219,0.066666,0.071915,0.066640,0.209926,0.210562,0.081081,0.101958,0.063975,0.062058
0.094072,0.085228,0.083635,0.101717,0.108000,0.108293,0.097236,0.128486,0.088852,0.104481
0.093486,0.115854,0.103546,0.103317,0.083792,0.110784,0.091228,0.124428,0.099070,0.074495
0.074440,0.079545,0.056706,0.060585,0.208849,0.203579,0.078100,0.104713,0.076575,0.056906
0.097280,0.114497,0.077744,0.104368,0.106558,0.086438,0.102416,0.091033,0.112878,0.106788
0.095849,0.105879,0.104907,0.105647,0.098708,0.088444,0.100079,0.098386,0.094209,0.107892
0.100257,0.087148,0.081929,0.104595,0.105117,0.102159,0.115266,0.129986,0.091241,0.082302
0.064118,0.061537,0.069771,0.070811,0.220997,0.221972,0.078904,0.058300,0.092346,0.061244
0.080467,0.061902,0.073966,0.063209,0.200374,0.197778,0.076100,0.069869,0.090267,0.086067
0.104018,0.089636,0.080759,0.105374,0.090556,0.093925,0.106260,0.087881,0.122028,0.119563
0.100096,0.098805,0.079386,0.105878,0.105388,0.111851,0.113300,0.092291,0.113665,0.079340
0.091857,0.102084,0.098146,0.101190,0.101275,0.104059,0.079440,0.095643,0.113152,0.113153
0.094911,0.101590,0.104697,0.101057,0.102959,0.101460,0.081603,0.108760,0.106021,0.096941
0.058943,0.058937,0.059062,0.062382,0.216854,0.213864,0.079107,0.064076,0.102051,0.084724
0.089499,0.108217,0.090864,0.110850,0.118887,0.101552,0.097708,0.105441,0.096356,0.080625
0.063907,0.098111,0.058239,0.056746,0.217453,0.210170,0.081539,0.062969,0.060602,0.090262
0.089056,0.096949,0.097430,0.098647,0.091957,0.102120,0.097895,0.126784,0.108364,0.090798
0.096661,0.089298,0.081310,0.104928,0.106007,0.107981,0.096834,0.122880,0.117098,0.077003
0.056304,0.081803,0.053167,0.062591,0.211720,0.206031,0.074127,0.071451,0.101666,0.081140
0.084399,0.087158,0.084512,0.100058,0.096567,0.109537,0.111865,0.091349,0.117102,0.117453
0.066688,0.061864,0.068518,0.063446,0.226884,0.231711,0.081529,0.058263,0.055926,0.085170
0.095593,0.088598,0.077074,0.104452,0.111615,0.102399,0.119418,0.083505,0.111605,0.105743
0.098702,0.118753,0.081226,0.100825,0.110029,0.085993,0.104194,0.113417,0.109888,0.076973
0.098147,0.097213,0.100031,0.103182,0.105554,0.101978,0.119478,0.082988,0.085111,0.106318
0.069595,0.066524,0.064146,0.058174,0.234486,0.238108,0.082592,0.065165,0.057437,0.063773
0.113100,0.111528,0.097276,0.097369,0.102627,0.091230,0.092258,0.101716,0.080080,0.112816
0.100509,0.098853,0.073941,0.086265,0.101495,0.105970,0.116443,0.092641,0.111757,0.112126
0.092603,0.097002,0.084618,0.091329,0.101016,0.109091,0.118641,0.121598,0.079879,0.104223
0.101901,0.097593,0.099289,0.101506,0.100821,0.105985,0.111336,0.077133,0.104579,0.099859
0.095966,0.084076,0.085027,0.100888,0.103427,0.104126,0.112578,0.103230,0.098510,0.112171
0.078108,0.063890,0.063188,0.065251,0.212546,0.215889,0.081711,0.060546,0.090768,0.068102
0.107259,0.103527,0.104909,0.081258,0.106308,0.106449,0.112300,0.094025,0.109689,0.074276
0.069610,0.078280,0.074071,0.060751,0.217497,0.223074,0.081518,0.063694,0.064946,0.066560
0.063864,0.072341,0.055144,0.071814,0.223312,0.223914,0.074714,0.064030,0.076272,0.074597
0.096574,0.085384,0.083472,0.101975,0.104461,0.105626,0.111702,0.089670,0.115000,0.106135
0.070189,0.063031,0.058115,0.072735,0.234607,0.231103,0.077897,0.078387,0.055341,0.058594
0.111446,0.100539,0.080859,0.086156,0.115122,0.107157,0.096972,0.097095,0.115373,0.089281
0.075191,0.079226,0.056568,0.060920,0.214209,0.209824,0.077814,0.064673,0.095309,0.066266
0.084964,0.087847,0.106567,0.103541,0.099371,0.089522,0.113214,0.101524,0.103533,0.109916
0.096070,0.094738,0.082214,0.097482,0.101019,0.099383,0.110116,0.106329,0.109992,0.102660
0.106132,0.102456,0.103732,0.100487,0.107961,0.102964,0.100582,0.080255,0.115464,0.079966
0.115357,0.090344,0.084975,0.106223,0.106506,0.109317,0.101669,0.092045,0.110364,0.083200
0.108526,0.099504,0.108529,0.104940,0.108181,0.108312,0.096385,0.084446,0.104134,0.077043
0.084012,0.086074,0.076069,0.103246,0.108076,0.096264,0.114766,0.110485,0.116122,0.104885
0.110439,0.096697,0.095698,0.097453,0.103983,0.099794,0.109403,0.103824,0.101911,0.080800
0.103325,0.084709,0.106660,0.095236,0.106182,0.089205,0.117733,0.105963,0.115253,0.075734
0.092248,0.097091,0.083816,0.095251,0.102322,0.107278,0.112133,0.120324,0.076476,0.113062
0.096186,0.102254,0.076549,0.105446,0.109089,0.085040,0.102216,0.099330,0.108321,0.115568
0.113790,0.096633,0.091954,0.089551,0.107290,0.106166,0.115086,0.088762,0.108596,0.082172
0.102652,0.098013,0.100529,0.101303,0.101805,0.092021,0.115082,0.107546,0.097377,0.083671
0.068767,0.064040,0.073919,0.064081,0.221493,0.221388,0.085152,0.064579,0.065793,0.070787
0.097731,0.104464,0.101527,0.104610,0.107020,0.095272,0.100450,0.110921,0.090228,0.087776
0.065313,0.079137,0.060429,0.069573,0.224175,0.227430,0.079105,0.076689,0.060832,0.057318
0.094447,0.093939,0.101922,0.103981,0.110427,0.108789,0.101757,0.094818,0.115197,0.074724
0.059531,0.058306,0.069937,0.058140,0.215105,0.215714,0.077909,0.074966,0.089324,0.081068
0.074040,0.065175,0.060746,0.067274,0.224443,0.221064,0.083810,0.069730,0.067055,0.066662
0.101275,0.106990,0.100637,0.097938,0.089580,0.086273,0.114850,0.097298,0.115399,0.089758
0.059227,0.071280,0.051370,0.064426,0.216308,0.214216,0.072683,0.072166,0.097968,0.080356
0.067681,0.071049,0.076290,0.063619,0.206976,0.206620,0.077723,0.067323,0.079102,0.083617
0.082592,0.113800,0.106672,0.082542,0.085106,0.105677,0.110360,0.105649,0.105297,0.102305
0.091221,0.093293,0.087863,0.101631,0.102422,0.096036,0.117433,0.096927,0.119820,0.093355
0.103588,0.090227,0.109316,0.108678,0.101778,0.089477,0.116016,0.111149,0.089983,0.079788
0.096593,0.101109,0.103293,0.105735,0.098528,0.112935,0.094203,0.092102,0.104494,0.091007
0.094408,0.083016,0.101692,0.100450,0.104292,0.087934,0.112022,0.104355,0.109382,0.102449
0.101048,0.109937,0.084124,0.097918,0.101001,0.089147,0.110920,0.100764,0.110923,0.094219
0.099875,0.095046,0.098973,0.099329,0.099396,0.103826,0.112093,0.077740,0.104714,0.109009
0.099012,0.090989,0.082446,0.108601,0.087643,0.111074,0.117324,0.107893,0.111683,0.083334
0.101073,0.082542,0.101411,0.080351,0.111211,0.107172,0.113403,0.117872,0.112315,0.072650
0.090380,0.107273,0.103557,0.099879,0.098496,0.096150,0.098347,0.118203,0.102399,0.085316
0.103958,0.087882,0.102367,0.090879,0.106029,0.104129,0.117068,0.108831,0.087677,0.091181
0.104462,0.092130,0.091230,0.088533,0.109421,0.092696,0.098446,0.095982,0.117919,0.109180
0.100910,0.095421,0.074575,0.096181,0.100148,0.105983,0.107844,0.101403,0.106633,0.110902
0.097091,0.091806,0.105363,0.099143,0.084321,0.084871,0.110497,0.125417,0.090738,0.110753
0.099536,0.106818,0.096889,0.093601,0.111072,0.094675,0.116416,0.097555,0.104861,0.078576
0.110419,0.093233,0.088882,0.103549,0.111077,0.089940,0.098908,0.103706,0.120672,0.079615
0.083301,0.105951,0.104201,0.102228,0.106213,0.086197,0.113374,0.083386,0.108303,0.106847
0.061752,0.074595,0.070997,0.058905,0.215918,0.216590,0.076701,0.058606,0.080310,0.085627
0.106131,0.099289,0.081807,0.102772,0.087688,0.112864,0.104096,0.109155,0.118929,0.077270
0.070303,0.062511,0.063564,0.071160,0.216743,0.214372,0.082810,0.060205,0.081933,0.076399
0.097567,0.077475,0.093836,0.094493,0.097283,0.103786,0.104699,0.117856,0.102519,0.110487
0.104931,0.095927,0.098466,0.089360,0.103762,0.108546,0.113420,0.082028,0.100810,0.102751
0.100155,0.097749,0.106291,0.105640,0.106910,0.097828,0.113750,0.107529,0.088381,0.075767
0.093498,0.095499,0.105772,0.099351,0.103388,0.093974,0.110602,0.118625,0.099047,0.080245
0.109235,0.089854,0.091214,0.109408,0.089558,0.094096,0.120843,0.095969,0.120369,0.079455
0.103656,0.090977,0.101392,0.106287,0.108644,0.112248,0.085058,0.091427,0.110083,0.090228
0.098409,0.091514,0.087570,0.107080,0.111443,0.104999,0.095512,0.112685,0.110973,0.079816
0.100009,0.104487,0.106587,0.092149,0.099815,0.112852,0.097928,0.097892,0.111937,0.076343
0.101897,0.102649,0.088551,0.100632,0.104096,0.102224,0.102674,0.103972,0.107976,0.085329
0.096364,0.100782,0.086305,0.092630,0.095717,0.093410,0.110616,0.104373,0.115286,0.104517
0.065962,0.065237,0.070535,0.076000,0.222278,0.220602,0.079366,0.067071,0.064562,0.068388
0.096729,0.101949,0.078155,0.104188,0.087485,0.103377,0.113087,0.107684,0.091725,0.115621
0.066693,0.064737,0.064957,0.063169,0.221443,0.222743,0.081844,0.064990,0.080852,0.068573
0.111845,0.091306,0.104010,0.098133,0.101368,0.096394,0.098462,0.087417,0.108848,0.102216
0.060511,0.056528,0.054960,0.056576,0.212118,0.213026,0.078889,0.100051,0.094584,0.072756
0.080719,0.072986,0.077392,0.075819,0.208457,0.209570,0.079583,0.068626,0.066386,0.060461
0.108370,0.104304,0.094944,0.103718,0.107667,0.084888,0.104418,0.100227,0.084214,0.107249
0.104524,0.106397,0.108659,0.084426,0.108443,0.087652,0.086374,0.090325,0.113248,0.109952
0.113717,0.098577,0.105974,0.085060,0.107401,0.092196,0.112899,0.101022,0.108662,0.074491
0.069921,0.061815,0.058237,0.067662,0.230792,0.236097,0.084366,0.057568,0.064165,0.069375
0.111385,0.102662,0.104963,0.090565,0.116696,0.091391,0.087006,0.080837,0.108992,0.105503
0.100613,0.105827,0.079563,0.098609,0.112400,0.108982,0.104947,0.095727,0.113561,0.079772
0.115202,0.097141,0.107556,0.083734,0.104596,0.089155,0.111015,0.096331,0.105727,0.089542
0.104882,0.117063,0.104145,0.098770,0.108610,0.109339,0.082207,0.081686,0.088236,0.105061
0.062564,0.083854,0.072129,0.072863,0.219667,0.212576,0.081927,0.067402,0.062750,0.064268
0.096095,0.090827,0.100010,0.089605,0.101100,0.106075,0.110570,0.091117,0.112689,0.101913
0.100604,0.103772,0.105757,0.105057,0.110877,0.085294,0.083522,0.108992,0.088996,0.107129
0.088698,0.100867,0.108361,0.104325,0.108593,0.091578,0.097436,0.104173,0.118055,0.077913
0.108141,0.101703,0.091665,0.088498,0.110738,0.112318,0.116316,0.095245,0.095738,0.079637
0.107658,0.091731,0.111806,0.088746,0.092198,0.092899,0.108736,0.088774,0.125233,0.092219
0.103360,0.092141,0.085840,0.088533,0.111021,0.092693,0.122625,0.101712,0.120249,0.081826
0.105952,0.095465,0.102609,0.087541,0.105894,0.102915,0.088283,0.109125,0.116424,0.085791
0.081192,0.086664,0.102066,0.104791,0.108314,0.107893,0.094593,0.126536,0.107695,0.080258
0.073601,0.061326,0.058049,0.070144,0.219357,0.222979,0.083267,0.061292,0.082596,0.067390
0.093435,0.103073,0.099651,0.099403,0.100055,0.109290,0.079734,0.123699,0.104989,0.086672
0.091127,0.109680,0.097645,0.100398,0.093380,0.090838,0.098893,0.128786,0.112146,0.077107
0.091477,0.113856,0.076643,0.099579,0.099935,0.109200,0.113134,0.079387,0.111495,0.105295
0.108110,0.091506,0.107105,0.085524,0.107585,0.108616,0.103252,0.098499,0.111953,0.077851
0.085425,0.090534,0.108032,0.107060,0.105168,0.110089,0.112035,0.092268,0.109820,0.079568
0.096402,0.098270,0.106368,0.081969,0.107740,0.102995,0.101471,0.118836,0.100899,0.085048
0.114311,0.099210,0.101775,0.101651,0.102277,0.080899,0.109548,0.079926,0.097820,0.112584
0.098351,0.091288,0.108897,0.105289,0.108826,0.112275,0.097540,0.085888,0.112006,0.079640
0.115682,0.102750,0.091687,0.083827,0.106179,0.104886,0.113016,0.096791,0.102627,0.082555
0.101699,0.092262,0.081117,0.106546,0.106801,0.113669,0.099692,0.094455,0.116215,0.087544
0.090024,0.094051,0.092372,0.107722,0.114961,0.098837,0.088436,0.098799,0.122457,0.092342
0.106646,0.105377,0.083179,0.090174,0.093716,0.094022,0.117461,0.100123,0.096888,0.112414
0.097044,0.095523,0.101838,0.107045,0.104482,0.095223,0.102095,0.089705,0.090766,0.116278
0.065526,0.064828,0.072830,0.062807,0.213399,0.213002,0.077230,0.078201,0.066306,0.085871
0.107276,0.098654,0.106472,0.104861,0.104770,0.104833,0.102443,0.101359,0.092429,0.076903
0.106866,0.089889,0.110944,0.096518,0.102263,0.111725,0.087914,0.093977,0.107785,0.092117
0.072331,0.066322,0.059708,0.074409,0.216785,0.220605,0.081108,0.061335,0.061280,0.086115
0.063325,0.063279,0.073654,0.060656,0.229321,0.230871,0.080285,0.059813,0.075504,0.063291
0.098360,0.103890,0.092561,0.107656,0.108565,0.097055,0.113166,0.090090,0.111905,0.076752
0.095152,0.085550,0.108105,0.086052,0.097153,0.106980,0.120203,0.110173,0.083679,0.106954
0.095320,0.086988,0.087370,0.092779,0.104258,0.100458,0.080999,0.127175,0.113531,0.111122
0.079001,0.066730,0.072801,0.075190,0.209956,0.209027,0.076475,0.066868,0.065637,0.078315
0.092567,0.092282,0.083743,0.106551,0.111411,0.114617,0.091877,0.107036,0.114811,0.085106
0.066721,0.058921,0.060518,0.062549,0.215867,0.214125,0.077618,0.057241,0.102036,0.084404
0.077408,0.059892,0.058206,0.065566,0.206982,0.201620,0.078679,0.092748,0.091656,0.067244
0.094153,0.097834,0.105161,0.101615,0.103544,0.100273,0.109518,0.103435,0.111396,0.073072
0.080446,0.064856,0.068584,0.069249,0.216979,0.221404,0.087261,0.064399,0.064145,0.062679
0.099474,0.108094,0.102751,0.103696,0.108736,0.086692,0.115728,0.092591,0.104173,0.078065
0.108215,0.081382,0.096459,0.076890,0.096098,0.102380,0.103910,0.121468,0.106671,0.106526
0.094509,0.110810,0.100962,0.082295,0.100331,0.082469,0.096694,0.119369,0.109248,0.103312
0.069357,0.068017,0.059810,0.061296,0.229875,0.234158,0.087035,0.060844,0.064757,0.064851
0.068491,0.065275,0.059606,0.072550,0.218698,0.232079,0.080911,0.067820,0.075525,0.059047
0.064794,0.076350,0.072071,0.057579,0.219404,0.219888,0.082460,0.060050,0.056984,0.090421
0.095097,0.098471,0.106971,0.092138,0.095141,0.084609,0.116516,0.094759,0.111604,0.104694
0.108479,0.115656,0.078540,0.091635,0.106561,0.096258,0.091956,0.092658,0.112811,0.105445
0.104901,0.100760,0.100726,0.099866,0.095927,0.105214,0.101718,0.094447,0.110310,0.086130
0.086348,0.090009,0.095828,0.100811,0.089171,0.104580,0.112094,0.117706,0.092351,0.111102
0.113808,0.085928,0.086625,0.105077,0.101841,0.107111,0.095676,0.117669,0.086732,0.099533
0.088312,0.108834,0.096011,0.078888,0.096414,0.106373,0.109897,0.119953,0.094035,0.101284
0.069992,0.083060,0.058074,0.063664,0.219846,0.215313,0.080239,0.067446,0.062689,0.079675
0.065241,0.065349,0.072289,0.075852,0.215473,0.213114,0.078595,0.063193,0.065443,0.085450
0.110381,0.094276,0.097987,0.088962,0.097617,0.100920,0.106974,0.123960,0.079625,0.099297
0.071833,0.067182,0.063314,0.072370,0.214192,0.212578,0.081634,0.068383,0.083353,0.065161
0.099049,0.100704,0.096730,0.102766,0.108246,0.108013,0.092577,0.101226,0.112840,0.077849
0.062322,0.074428,0.073316,0.063459,0.213247,0.216918,0.077958,0.058120,0.078263,0.081968
0.105796,0.094199,0.107425,0.090636,0.092681,0.094232,0.119251,0.097588,0.114540,0.083654
0.104116,0.100744,0.103335,0.104225,0.105085,0.101678,0.099207,0.097573,0.112213,0.071825
0.065854,0.065081,0.072144,0.065863,0.222304,0.230710,0.076532,0.067838,0.072247,0.061427
0.102667,0.090721,0.112758,0.108721,0.113414,0.096505,0.089417,0.089377,0.115990,0.080431
0.101424,0.097819,0.099984,0.089600,0.099310,0.098950,0.091843,0.125451,0.111443,0.084174
0.099579,0.097992,0.084849,0.107713,0.086989,0.087348,0.093479,0.130610,0.104269,0.107174
0.066232,0.064171,0.078074,0.068564,0.209408,0.215648,0.079086,0.068808,0.067758,0.082250
0.104859,0.092792,0.108244,0.104638,0.108440,0.089803,0.115711,0.094209,0.094868,0.086436
0.096804,0.097257,0.106962,0.095050,0.113480,0.095572,0.111988,0.091631,0.115069,0.076187
0.100340,0.096949,0.078189,0.079180,0.098778,0.105682,0.097582,0.125153,0.107815,0.110331
0.113847,0.112079,0.077536,0.084969,0.102515,0.100655,0.099200,0.108778,0.114956,0.085464
