0.099472,0.093328,0.104524,0.091437,0.101280,0.092678,0.109525,0.114137,0.100732,0.092887
0.101887,0.092035,0.093681,0.090942,0.102063,0.093152,0.110357,0.122060,0.105189,0.088634
0.098096,0.095705,0.102035,0.103580,0.092284,0.100497,0.094798,0.120779,0.097612,0.094615
0.070820,0.067808,0.071500,0.078400,0.192981,0.192050,0.096978,0.071722,0.067436,0.090305
0.108981,0.090083,0.103135,0.097844,0.090262,0.103194,0.093384,0.120532,0.106610,0.085975
0.070274,0.067210,0.077765,0.076116,0.180064,0.183826,0.096098,0.099473,0.079356,0.069818
0.097175,0.091754,0.101301,0.098949,0.097651,0.091520,0.106182,0.112850,0.100792,0.101824
0.108500,0.094532,0.087379,0.098702,0.097918,0.092557,0.104248,0.121362,0.106040,0.088763
0.094084,0.088977,0.097880,0.091948,0.098756,0.091347,0.111103,0.114271,0.108400,0.103234
0.071082,0.068064,0.078154,0.068864,0.193335,0.195897,0.100874,0.071856,0.069673,0.082200
0.096731,0.102663,0.097537,0.103776,0.096579,0.096231,0.094785,0.094209,0.108778,0.108711
0.074250,0.067960,0.069105,0.066859,0.199608,0.202621,0.095331,0.080535,0.067494,0.076236
0.073856,0.069237,0.067050,0.067104,0.202576,0.202843,0.101640,0.073200,0.068215,0.074280
0.095712,0.101588,0.094039,0.089375,0.103534,0.104092,0.111953,0.107508,0.100944,0.091254
0.079621,0.103217,0.068408,0.061763,0.190061,0.186409,0.092820,0.081688,0.061807,0.074206
0.100714,0.092824,0.091967,0.107484,0.102926,0.093635,0.113039,0.099824,0.108765,0.088821
0.095965,0.090467,0.100226,0.102581,0.095683,0.098187,0.101803,0.099695,0.107839,0.107553
0.100447,0.091220,0.101522,0.098821,0.101411,0.091543,0.106871,0.105150,0.099760,0.103256
0.099287,0.089826,0.100558,0.100321,0.101576,0.103456,0.109068,0.103316,0.106716,0.085877
0.071287,0.068574,0.068141,0.073529,0.197690,0.200787,0.099854,0.068114,0.080605,0.071420
0.067904,0.068611,0.073101,0.074573,0.193579,0.193612,0.097738,0.078634,0.076627,0.075621
0.072110,0.069534,0.070706,0.076556,0.198644,0.200731,0.102219,0.069266,0.068294,0.071938
0.100004,0.092362,0.092382,0.102015,0.093037,0.108468,0.094773,0.107022,0.106789,0.103148
0.068153,0.067725,0.075635,0.067080,0.193932,0.201166,0.097056,0.070352,0.093153,0.065748
0.069811,0.085405,0.065982,0.067902,0.196761,0.198941,0.099288,0.065762,0.080110,0.070038
0.101603,0.092092,0.087730,0.100056,0.104122,0.102425,0.106361,0.104907,0.112167,0.088537
0.093620,0.093049,0.089196,0.097042,0.098524,0.087635,0.107261,0.120398,0.106068,0.107204
0.066375,0.064783,0.065535,0.077160,0.193593,0.190563,0.092513,0.087751,0.078543,0.083185
0.100148,0.091430,0.088810,0.100588,0.102852,0.105441,0.113181,0.095202,0.109949,0.092401
0.098589,0.108929,0.085302,0.091684,0.101990,0.090727,0.113286,0.102838,0.103943,0.102712
0.106842,0.100609,0.085370,0.099110,0.096716,0.100683,0.104736,0.098971,0.102376,0.104586
0.109619,0.089644,0.100145,0.099735,0.101855,0.091189,0.111910,0.089146,0.107658,0.099099
0.073734,0.072989,0.076444,0.072687,0.194843,0.194825,0.102735,0.070544,0.070687,0.070513
0.072521,0.066707,0.075018,0.065644,0.192707,0.189800,0.099269,0.069031,0.078233,0.091070
0.092607,0.097339,0.100317,0.099963,0.106191,0.101827,0.108985,0.088158,0.102575,0.102038
0.097367,0.090667,0.101930,0.091181,0.103164,0.088389,0.105881,0.112094,0.107792,0.101535
0.093463,0.102445,0.089453,0.102072,0.096247,0.104513,0.110776,0.095985,0.111375,0.093672
0.096100,0.096974,0.097278,0.105602,0.093068,0.089444,0.092763,0.104332,0.111758,0.112681
0.104548,0.093190,0.105880,0.097700,0.106359,0.093901,0.093294,0.092811,0.105324,0.106994
0.092549,0.101908,0.094258,0.094607,0.097301,0.095919,0.093239,0.121715,0.107430,0.101076
0.096532,0.103623,0.102483,0.097363,0.105615,0.104157,0.105021,0.101582,0.089470,0.094155
0.090449,0.090831,0.100187,0.106514,0.091049,0.104437,0.098129,0.097144,0.109937,0.111323
0.098888,0.092608,0.089812,0.101498,0.091971,0.104909,0.097362,0.114186,0.099590,0.109177
0.096267,0.096832,0.094583,0.102540,0.111308,0.104186,0.108214,0.096956,0.100304,0.088809
0.072271,0.067977,0.069090,0.071909,0.193592,0.197455,0.097988,0.067980,0.078176,0.083562
0.097767,0.091764,0.105457,0.095661,0.102385,0.095507,0.101688,0.106656,0.092131,0.110986
0.076341,0.075259,0.067935,0.073677,0.193179,0.189626,0.099562,0.086875,0.066512,0.071034
0.108464,0.106194,0.095468,0.103599,0.097568,0.100125,0.106673,0.090649,0.089826,0.101434
0.094372,0.099280,0.100590,0.102678,0.101198,0.107031,0.109861,0.093255,0.104633,0.087101
0.102063,0.103379,0.105711,0.104425,0.108204,0.098262,0.095174,0.096298,0.095077,0.091408
0.067787,0.069998,0.069337,0.077541,0.200437,0.201974,0.097414,0.081374,0.067155,0.066982
0.097771,0.103919,0.094242,0.103344,0.106284,0.101427,0.097845,0.096598,0.107491,0.091080
0.099013,0.097720,0.104323,0.103173,0.101361,0.095088,0.094195,0.105118,0.109218,0.090792
0.062927,0.099306,0.061162,0.067691,0.187209,0.180286,0.092625,0.079619,0.074798,0.094377
0.107480,0.096781,0.085073,0.098082,0.098789,0.100411,0.103850,0.101760,0.105468,0.102308
0.070875,0.069127,0.071038,0.076241,0.194369,0.196207,0.099286,0.087405,0.066513,0.068939
0.068447,0.076168,0.076602,0.077308,0.176235,0.191878,0.091988,0.068472,0.088351,0.084552
0.104151,0.101815,0.095160,0.107420,0.104911,0.096726,0.100654,0.096234,0.104870,0.088059
0.093421,0.101113,0.088125,0.106097,0.110351,0.093035,0.091667,0.099931,0.110816,0.105441
0.099014,0.100748,0.091818,0.103154,0.100449,0.092217,0.100561,0.098668,0.103106,0.110266
0.068621,0.063682,0.067527,0.068246,0.195099,0.194202,0.095610,0.067352,0.093243,0.086418
0.111719,0.110124,0.089686,0.106285,0.103077,0.093994,0.094276,0.094277,0.106919,0.089644
0.074812,0.075712,0.070447,0.072693,0.201299,0.198763,0.101062,0.068244,0.068514,0.068454
0.072074,0.077192,0.069239,0.070116,0.190193,0.190016,0.101569,0.071328,0.070745,0.087528
0.090976,0.091863,0.102601,0.089992,0.101911,0.103286,0.106748,0.090411,0.111776,0.110435
0.101131,0.089556,0.099371,0.102209,0.103178,0.089443,0.114006,0.097853,0.099812,0.103440
0.095915,0.106453,0.103001,0.100054,0.089106,0.102442,0.106916,0.091961,0.101744,0.102409
0.097537,0.105449,0.100389,0.088609,0.102423,0.102898,0.096402,0.105059,0.112882,0.088351
0.101085,0.101621,0.088021,0.104944,0.094923,0.104444,0.091574,0.099294,0.109819,0.104275
0.090803,0.090741,0.092821,0.092745,0.099973,0.103709,0.110325,0.120325,0.107956,0.090603
0.071365,0.075775,0.065171,0.077988,0.198781,0.194266,0.094708,0.068105,0.078666,0.075176
0.073483,0.068955,0.071028,0.068406,0.196653,0.199290,0.098500,0.068361,0.083138,0.072186
0.102451,0.106872,0.103567,0.102995,0.103885,0.091657,0.096763,0.099209,0.103513,0.089087
0.096811,0.090612,0.102129,0.103876,0.102822,0.090307,0.112046,0.106410,0.090591,0.104396
0.109073,0.103187,0.086746,0.098639,0.104674,0.095984,0.094168,0.121916,0.098675,0.086937
0.098490,0.092437,0.102661,0.092744,0.101522,0.092281,0.110119,0.098359,0.100727,0.110659
0.099034,0.096804,0.104506,0.101798,0.094768,0.098782,0.097383,0.096941,0.100367,0.109616
0.069472,0.067872,0.072198,0.075573,0.197142,0.198897,0.099024,0.071549,0.080387,0.067887
0.067559,0.076668,0.076390,0.078359,0.194077,0.192859,0.096066,0.066653,0.067501,0.083870
0.092792,0.099060,0.094124,0.086124,0.096149,0.096600,0.101280,0.121401,0.107054,0.105416
0.074784,0.069239,0.068326,0.069493,0.195918,0.197012,0.101368,0.069497,0.069653,0.084709
0.095508,0.093320,0.103932,0.102663,0.102242,0.109026,0.095251,0.094801,0.112347,0.090910
0.071709,0.069605,0.076404,0.069432,0.186202,0.193587,0.095132,0.099220,0.069903,0.068806
0.071279,0.080143,0.063822,0.075174,0.196925,0.194968,0.096464,0.063787,0.076485,0.080954
0.097976,0.107574,0.095513,0.088172,0.094929,0.087124,0.110884,0.101376,0.116104,0.100348
0.071820,0.084641,0.069537,0.069807,0.196166,0.197831,0.098388,0.067564,0.067746,0.076501
0.100125,0.095116,0.096731,0.103256,0.099093,0.106602,0.114670,0.095645,0.095977,0.092784
0.099759,0.098107,0.089798,0.101977,0.101457,0.106102,0.107561,0.099909,0.105573,0.089756
0.072846,0.066838,0.065094,0.072164,0.197010,0.197455,0.099179,0.082272,0.078248,0.068894
0.102115,0.102441,0.103251,0.092900,0.106074,0.094404,0.093888,0.097018,0.093948,0.113961
0.094626,0.105077,0.088663,0.098159,0.098337,0.098589,0.104202,0.122177,0.101897,0.088272
0.096359,0.097136,0.091093,0.096869,0.098918,0.092513,0.108662,0.111736,0.099598,0.107115
0.068394,0.075943,0.065544,0.075931,0.189479,0.193209,0.091531,0.066356,0.090843,0.082771
0.093213,0.087794,0.102470,0.096151,0.098614,0.095794,0.105169,0.102132,0.108496,0.110169
0.105792,0.093033,0.106415,0.098374,0.107549,0.094116,0.116499,0.096210,0.093508,0.088504
0.097680,0.102600,0.104864,0.103151,0.102291,0.097060,0.094258,0.097051,0.110560,0.090485
0.095714,0.091936,0.104681,0.090449,0.094783,0.103419,0.110146,0.093704,0.104102,0.111067
0.070728,0.069040,0.070129,0.075240,0.184950,0.186894,0.098036,0.100374,0.068125,0.076483
0.099325,0.110877,0.091816,0.104031,0.095575,0.093145,0.096887,0.094215,0.111478,0.102652
0.102291,0.095404,0.106033,0.097427,0.103211,0.105965,0.100170,0.093483,0.103023,0.092995
0.091019,0.110147,0.090401,0.101706,0.102534,0.107391,0.096536,0.093987,0.102585,0.103693
0.101082,0.094211,0.104576,0.097498,0.093888,0.095533,0.099675,0.092838,0.112771,0.107927
0.093818,0.104529,0.092488,0.099174,0.095839,0.087724,0.103213,0.112777,0.103672,0.106765
0.102708,0.103966,0.102718,0.103129,0.092904,0.095715,0.092331,0.094622,0.107526,0.104382
0.096658,0.096310,0.092725,0.092621,0.093930,0.091684,0.109928,0.124543,0.091285,0.110314
0.090497,0.093379,0.104140,0.098696,0.100629,0.092092,0.108729,0.093263,0.109904,0.108673
0.098735,0.096724,0.100936,0.100639,0.102205,0.103593,0.110536,0.093876,0.102465,0.090291
0.072860,0.069235,0.076461,0.070045,0.185855,0.191712,0.096520,0.100019,0.068718,0.068575
0.081031,0.070670,0.072155,0.070888,0.190048,0.188500,0.098584,0.068591,0.070165,0.089367
0.099392,0.100956,0.093076,0.099772,0.106019,0.096108,0.094095,0.094118,0.104500,0.111964
0.102429,0.103763,0.106991,0.096809,0.094565,0.109668,0.094060,0.097226,0.103984,0.090505
0.094904,0.088414,0.089786,0.096505,0.105384,0.097879,0.110668,0.102533,0.110635,0.103291
0.096727,0.098045,0.102152,0.100921,0.100591,0.090284,0.109353,0.104447,0.110597,0.086882
0.066474,0.079205,0.065780,0.073142,0.194845,0.207736,0.093394,0.063574,0.090258,0.065592
0.095548,0.096259,0.086526,0.101086,0.098936,0.102692,0.105095,0.102609,0.108627,0.102623
0.102120,0.097269,0.093918,0.103077,0.102973,0.103712,0.100870,0.104848,0.102769,0.088445
0.097538,0.095553,0.106833,0.093453,0.103028,0.101525,0.112794,0.099227,0.095184,0.094865
0.096176,0.097154,0.095698,0.094835,0.106225,0.096502,0.103663,0.100012,0.113495,0.096240
0.103111,0.092017,0.102823,0.102357,0.103071,0.095523,0.095377,0.091241,0.109515,0.104966
0.067439,0.080538,0.064964,0.062746,0.190175,0.190551,0.097232,0.099149,0.062805,0.084402
0.095336,0.093636,0.099114,0.102676,0.098745,0.102413,0.104529,0.103006,0.099302,0.101241
0.096926,0.098768,0.085550,0.085909,0.100298,0.088198,0.103853,0.120821,0.110335,0.109342
0.063598,0.081258,0.066254,0.069494,0.192336,0.189091,0.092660,0.076664,0.103533,0.065110
0.094261,0.089844,0.101969,0.100969,0.107952,0.093664,0.096595,0.104401,0.110972,0.099374
0.070946,0.067762,0.069267,0.068348,0.192066,0.188548,0.099852,0.069012,0.080265,0.093933
0.098288,0.096931,0.102041,0.102099,0.099448,0.091548,0.092947,0.114254,0.098699,0.103746
0.075041,0.070096,0.070979,0.070259,0.198923,0.207708,0.096966,0.071941,0.070132,0.067956
0.099092,0.108837,0.104574,0.101498,0.091419,0.092309,0.097350,0.104691,0.108436,0.091794
0.099678,0.097790,0.099538,0.097229,0.102593,0.091456,0.106150,0.094599,0.109982,0.100986
0.101813,0.092982,0.089403,0.101389,0.106514,0.095792,0.114105,0.094449,0.111343,0.092211
0.069931,0.080360,0.071203,0.075004,0.200618,0.208839,0.094233,0.069607,0.065141,0.065065
0.107731,0.092395,0.099633,0.098033,0.096764,0.087203,0.105490,0.100701,0.105088,0.106962
0.098186,0.100055,0.090605,0.101692,0.102274,0.104086,0.100566,0.094267,0.108642,0.099626
0.096139,0.105953,0.094236,0.098931,0.107160,0.090154,0.097541,0.111718,0.098711,0.099456
0.111143,0.091240,0.102885,0.106569,0.095933,0.093902,0.107747,0.099662,0.103920,0.086997
0.093082,0.094136,0.102714,0.104860,0.105581,0.093662,0.094949,0.100269,0.104500,0.106248
0.093662,0.089709,0.084394,0.102652,0.101876,0.087252,0.104975,0.120873,0.107309,0.107298
0.096932,0.091592,0.089683,0.096847,0.104772,0.093125,0.108870,0.108150,0.105294,0.104733
0.070922,0.070863,0.068479,0.069449,0.198846,0.204626,0.100991,0.072518,0.069875,0.073432
0.105945,0.099821,0.092703,0.103817,0.095372,0.095387,0.111051,0.094077,0.094617,0.107211
0.100853,0.090093,0.093964,0.099753,0.104141,0.101842,0.097419,0.093464,0.108439,0.110033
0.095928,0.105560,0.094161,0.097024,0.104822,0.089120,0.107927,0.093278,0.104408,0.107772
0.070010,0.067582,0.071918,0.066260,0.196967,0.194377,0.099338,0.067088,0.069160,0.097300
0.077519,0.065284,0.064236,0.070439,0.194222,0.193535,0.096525,0.103059,0.066542,0.068639
0.100022,0.091247,0.094364,0.090214,0.104179,0.094960,0.099999,0.106856,0.104615,0.113546
0.098702,0.097778,0.105471,0.100015,0.102012,0.095372,0.111005,0.105166,0.093398,0.091081
0.099579,0.101529,0.089945,0.101892,0.103978,0.093924,0.114335,0.095925,0.106184,0.092709
0.094006,0.087256,0.097491,0.100132,0.097717,0.089199,0.109941,0.112728,0.103391,0.108139
0.101330,0.099791,0.089582,0.092332,0.102219,0.106676,0.110234,0.096464,0.090825,0.110547
0.070545,0.069128,0.071294,0.068259,0.195367,0.195362,0.099046,0.068375,0.078420,0.084204
0.070611,0.078335,0.067959,0.068441,0.197266,0.193803,0.097495,0.071312,0.081986,0.072792
0.094398,0.103283,0.089977,0.103976,0.096392,0.094230,0.115494,0.107592,0.105112,0.089547
0.099903,0.092330,0.094757,0.101764,0.096346,0.104846,0.112072,0.107237,0.101846,0.088900
0.073849,0.068220,0.071228,0.068285,0.199216,0.200305,0.102255,0.073095,0.070633,0.072912
0.092550,0.104928,0.097753,0.089874,0.096720,0.103186,0.094926,0.120605,0.106823,0.092634
0.098458,0.097046,0.103672,0.100898,0.100515,0.099107,0.093704,0.103407,0.100206,0.102989
0.069994,0.077660,0.069334,0.074349,0.198441,0.197206,0.101576,0.072620,0.069505,0.069316
0.089643,0.104971,0.092241,0.099489,0.101667,0.105964,0.099074,0.096281,0.108581,0.102089
0.110012,0.091617,0.091575,0.099788,0.100043,0.104262,0.092631,0.102230,0.098970,0.108872
0.090779,0.092988,0.085310,0.094911,0.105478,0.104488,0.107480,0.112620,0.097857,0.108088
0.067060,0.064460,0.065240,0.065117,0.187867,0.187376,0.094637,0.099382,0.089583,0.079279
0.069574,0.066913,0.075167,0.071023,0.189341,0.190006,0.096147,0.099608,0.076013,0.066209
0.096777,0.102314,0.097654,0.103624,0.092313,0.102495,0.106960,0.094807,0.101342,0.101714
0.099342,0.097783,0.103193,0.099603,0.101882,0.100431,0.098269,0.105439,0.105181,0.088877
0.097270,0.093260,0.095400,0.103900,0.105664,0.110169,0.099183,0.108451,0.092752,0.093950
0.095257,0.091647,0.088151,0.104916,0.103096,0.101054,0.107406,0.095581,0.101613,0.111278
0.075920,0.066306,0.068016,0.070072,0.196597,0.195971,0.093662,0.077200,0.092199,0.064056
0.072705,0.070702,0.075371,0.074816,0.196380,0.196198,0.103575,0.069610,0.070924,0.069720
0.101139,0.098194,0.094631,0.106448,0.100136,0.099967,0.098104,0.109787,0.096980,0.094614
0.106514,0.099810,0.100441,0.101497,0.095817,0.089626,0.093654,0.120502,0.087358,0.104780
0.089669,0.098604,0.089124,0.100250,0.101096,0.093431,0.095603,0.113662,0.108979,0.109583
0.098203,0.098718,0.093496,0.099601,0.094070,0.101344,0.114044,0.093032,0.105071,0.102421
0.097437,0.091352,0.090779,0.101039,0.101463,0.104738,0.090995,0.121607,0.108833,0.091758
0.069189,0.069192,0.066520,0.079778,0.196750,0.191446,0.098692,0.089137,0.067373,0.071923
0.068356,0.066791,0.069864,0.066825,0.196570,0.195856,0.098476,0.064666,0.099292,0.073304
0.070346,0.077976,0.074102,0.073522,0.194570,0.200151,0.095091,0.067042,0.078339,0.068862
0.106998,0.103754,0.107568,0.093908,0.105013,0.104100,0.097252,0.094362,0.094760,0.092286
0.095448,0.090798,0.087909,0.105172,0.100354,0.102264,0.109295,0.114601,0.103460,0.090698
0.096669,0.099762,0.100248,0.105490,0.100471,0.093444,0.089521,0.097399,0.107319,0.109676
0.068563,0.063553,0.061641,0.072785,0.199410,0.198058,0.092866,0.075943,0.097312,0.069869
0.113181,0.093027,0.102274,0.096361,0.103109,0.101282,0.099040,0.092455,0.105834,0.093438
0.093715,0.091301,0.101144,0.089250,0.101653,0.106946,0.109858,0.097001,0.106044,0.103089
0.088748,0.098416,0.099628,0.098159,0.101118,0.092886,0.110855,0.104111,0.108613,0.097465
0.095808,0.094464,0.103891,0.099646,0.107811,0.103654,0.094450,0.103303,0.106554,0.090419
0.097428,0.101047,0.087265,0.105847,0.102059,0.103163,0.096494,0.113098,0.102154,0.091445
0.096169,0.099125,0.092875,0.105554,0.102734,0.092955,0.111076,0.098102,0.089460,0.111949
0.101881,0.093772,0.103462,0.102827,0.096142,0.109519,0.094416,0.094173,0.113204,0.090604
0.112462,0.094265,0.092201,0.096791,0.102812,0.106737,0.099390,0.095794,0.105799,0.093750
0.111615,0.094638,0.105452,0.091067,0.092162,0.092830,0.099283,0.094251,0.109119,0.109584
0.067831,0.069175,0.068674,0.069893,0.194555,0.199531,0.098441,0.071003,0.094541,0.066356
0.102830,0.100087,0.104202,0.101867,0.108251,0.096923,0.102031,0.099505,0.093455,0.090851
0.069101,0.082835,0.066704,0.075333,0.190387,0.185758,0.100787,0.090139,0.068093,0.070863
0.069828,0.068453,0.067931,0.070461,0.196113,0.197583,0.098807,0.081586,0.081347,0.067891
0.072218,0.068396,0.067878,0.068158,0.191310,0.186715,0.099334,0.090662,0.069154,0.086174
0.071333,0.069506,0.067924,0.077472,0.191868,0.195042,0.100597,0.087607,0.068857,0.069794
0.093374,0.101063,0.103482,0.103220,0.102809,0.102062,0.111695,0.098667,0.094225,0.089402
0.101072,0.100186,0.093132,0.096540,0.107102,0.090808,0.109761,0.123836,0.089213,0.088351
0.091713,0.104925,0.091339,0.099749,0.103531,0.093844,0.110537,0.122270,0.090601,0.091492
0.064692,0.080895,0.061188,0.070242,0.191487,0.186750,0.094730,0.075040,0.094881,0.080095
0.093906,0.114131,0.102252,0.088588,0.104007,0.098373,0.108618,0.095987,0.090028,0.104109
0.109503,0.097179,0.100419,0.095016,0.090389,0.104048,0.097130,0.097588,0.100305,0.108423
0.112914,0.100098,0.100920,0.095619,0.092451,0.092123,0.113796,0.106638,0.092895,0.092546
0.071564,0.071133,0.075971,0.071649,0.187431,0.190040,0.096971,0.072739,0.092261,0.070242
0.095535,0.103891,0.093939,0.105290,0.098944,0.109438,0.098109,0.102914,0.096190,0.095750
0.103667,0.093918,0.095578,0.093972,0.103346,0.106078,0.095107,0.109316,0.103779,0.095239
0.103224,0.095928,0.091807,0.101010,0.101928,0.098556,0.101508,0.094377,0.115632,0.096029
0.115583,0.103286,0.094056,0.105739,0.096214,0.097180,0.100759,0.098647,0.096599,0.091938
0.096443,0.091012,0.100194,0.101286,0.100336,0.099763,0.094237,0.121946,0.107944,0.086837
0.062731,0.061509,0.063105,0.074658,0.194573,0.189671,0.093001,0.082581,0.107969,0.070201
0.093601,0.095251,0.106867,0.101167,0.094120,0.094491,0.097370,0.124578,0.102851,0.089703
0.071915,0.068803,0.068065,0.076123,0.187481,0.192052,0.101206,0.087645,0.069657,0.077052
0.101503,0.098103,0.105024,0.103353,0.104389,0.095665,0.096706,0.094092,0.111574,0.089591
0.079831,0.061749,0.061144,0.067356,0.192169,0.189453,0.094935,0.061066,0.121450,0.070847
0.069698,0.077993,0.077603,0.076288,0.189840,0.188483,0.098461,0.071199,0.080301,0.070134
0.100457,0.098464,0.095294,0.107185,0.104575,0.093455,0.114520,0.094910,0.102160,0.088979
0.069529,0.068574,0.076342,0.077018,0.192114,0.198012,0.098169,0.072004,0.069845,0.078392
0.090469,0.098443,0.099477,0.101235,0.100556,0.102739,0.109868,0.097113,0.110087,0.090014
0.096673,0.106992,0.089208,0.102565,0.109446,0.092944,0.097157,0.097720,0.101862,0.105433
0.092712,0.097923,0.101328,0.102642,0.093063,0.095590,0.098678,0.115657,0.109251,0.093155
0.092822,0.093942,0.092037,0.107050,0.102714,0.100150,0.110565,0.096075,0.112130,0.092515
0.094393,0.108110,0.105785,0.096861,0.104954,0.094159,0.097783,0.095664,0.112826,0.089465
0.070959,0.081703,0.070125,0.067786,0.190862,0.188411,0.096785,0.070271,0.077819,0.085278
0.094586,0.105091,0.089132,0.103207,0.100449,0.098148,0.110154,0.096650,0.092271,0.110312
0.099420,0.098247,0.102291,0.103019,0.101439,0.094996,0.097608,0.091357,0.101704,0.109918
0.090233,0.109226,0.104533,0.089869,0.094264,0.093786,0.099867,0.097313,0.109728,0.111180
0.064315,0.066428,0.064220,0.075381,0.191245,0.189252,0.092471,0.100853,0.076092,0.079744
0.096740,0.096058,0.100962,0.098614,0.092637,0.103044,0.109377,0.102887,0.104055,0.095626
0.096722,0.100184,0.102503,0.088955,0.100460,0.093423,0.110729,0.106056,0.111756,0.089211
0.099901,0.099635,0.105345,0.101703,0.093167,0.095976,0.100987,0.094259,0.104323,0.104705
0.097733,0.102734,0.094216,0.098295,0.094517,0.104119,0.091327,0.094476,0.113532,0.109050
0.105028,0.093916,0.091774,0.104356,0.104867,0.095050,0.092758,0.108025,0.114709,0.089516
0.098957,0.105808,0.089123,0.105343,0.094947,0.094319,0.091379,0.105781,0.111464,0.102878
0.101772,0.096450,0.097553,0.098528,0.105261,0.097788,0.099304,0.099552,0.108193,0.095599
0.099181,0.100182,0.090858,0.088087,0.090267,0.102612,0.114179,0.095099,0.115519,0.104016
0.093601,0.095726,0.100981,0.097762,0.100207,0.098728,0.099163,0.096034,0.108681,0.109117
0.095442,0.096348,0.098260,0.102517,0.100695,0.090159,0.108258,0.102557,0.097045,0.108719
0.066409,0.067091,0.065702,0.072985,0.191660,0.193199,0.100675,0.064324,0.092660,0.085295
0.094227,0.091746,0.102108,0.105200,0.099221,0.092754,0.095205,0.114671,0.101442,0.103427
0.097161,0.098750,0.103543,0.094178,0.100869,0.098266,0.106524,0.104317,0.110558,0.085834
0.073841,0.068537,0.069371,0.069326,0.198206,0.198938,0.097985,0.071054,0.068976,0.083765
0.098452,0.106170,0.100913,0.103716,0.103639,0.095520,0.092004,0.106820,0.100384,0.092383
0.096244,0.104936,0.097050,0.101961,0.090086,0.106665,0.095841,0.103884,0.106921,0.096412
0.099594,0.094735,0.090733,0.102387,0.103006,0.093790,0.111303,0.099443,0.111134,0.093875
0.105764,0.103934,0.095231,0.098985,0.106850,0.095884,0.103860,0.098399,0.095624,0.095469
0.101720,0.106485,0.101591,0.089561,0.090912,0.103811,0.097264,0.089394,0.113704,0.105559
0.088186,0.090471,0.101492,0.098202,0.098260,0.101430,0.107523,0.119672,0.100977,0.093786
0.080463,0.069450,0.069205,0.078135,0.191036,0.197001,0.095207,0.071661,0.080699,0.067145
0.096623,0.092617,0.092787,0.092082,0.101880,0.102550,0.113542,0.106482,0.112306,0.089131
0.098327,0.100784,0.102721,0.104983,0.102051,0.090630,0.106543,0.105407,0.102440,0.086115
0.092966,0.101357,0.088869,0.099417,0.096850,0.100876,0.093112,0.120269,0.106455,0.099829
0.094061,0.113144,0.105837,0.093060,0.103898,0.094471,0.097059,0.096673,0.094660,0.107137
0.104109,0.103237,0.089072,0.099582,0.106203,0.100378,0.093995,0.106905,0.091133,0.105386
0.069932,0.067842,0.075895,0.067056,0.182734,0.194290,0.094164,0.097188,0.080642,0.070256
0.104013,0.092592,0.102769,0.103133,0.093332,0.095267,0.092593,0.116969,0.092798,0.106535
0.099379,0.101161,0.102205,0.103503,0.096007,0.108859,0.099365,0.106975,0.094438,0.088108
0.100294,0.093633,0.105341,0.102669,0.101413,0.103879,0.100934,0.092075,0.111145,0.088617
0.096219,0.100550,0.102347,0.090969,0.101923,0.095263,0.108158,0.091235,0.101694,0.111643
0.065336,0.063861,0.068011,0.076086,0.196244,0.191249,0.091583,0.078753,0.077176,0.091703
0.090522,0.097520,0.087066,0.099483,0.093527,0.092539,0.108958,0.121075,0.107744,0.101568
0.096777,0.096799,0.098586,0.103069,0.098926,0.090792,0.111046,0.111884,0.105028,0.087093
0.098244,0.090655,0.099435,0.102360,0.101579,0.091675,0.094902,0.094262,0.113572,0.113317
0.101673,0.089014,0.093297,0.099083,0.102164,0.098738,0.113120,0.092977,0.109226,0.100708
0.095937,0.104026,0.089798,0.101086,0.100218,0.100608,0.112744,0.094740,0.100042,0.100802
0.090307,0.091190,0.098662,0.100945,0.100400,0.107959,0.096790,0.096633,0.104603,0.112512
0.092905,0.094451,0.085584,0.101460,0.096176,0.093867,0.108632,0.121246,0.105867,0.099811
0.108472,0.093439,0.097732,0.101753,0.111319,0.096576,0.094382,0.093908,0.108301,0.094118
0.097707,0.106493,0.093489,0.103700,0.100946,0.096778,0.096086,0.092777,0.109779,0.102244
0.099191,0.097970,0.100068,0.099762,0.100059,0.098699,0.108093,0.103663,0.104289,0.088205
0.068463,0.082600,0.065388,0.075947,0.197709,0.200066,0.096250,0.065384,0.078914,0.069280
0.101482,0.110798,0.100367,0.102531,0.102090,0.106740,0.097151,0.092577,0.100099,0.086165
0.068955,0.077178,0.076616,0.075285,0.184404,0.199194,0.094597,0.070269,0.077132,0.076370
0.071107,0.071471,0.076433,0.076551,0.193832,0.192097,0.100537,0.071512,0.072282,0.074178
0.099264,0.092536,0.089233,0.099275,0.100658,0.102885,0.112740,0.093669,0.101333,0.108407
0.101085,0.094573,0.094116,0.103416,0.096358,0.094230,0.093300,0.124421,0.106550,0.091950
0.091889,0.101794,0.103761,0.102992,0.106246,0.095791,0.100169,0.100596,0.092564,0.104197
0.069136,0.070161,0.074996,0.070620,0.187025,0.191898,0.099258,0.099035,0.068974,0.068896
0.095647,0.090959,0.089981,0.099296,0.105368,0.106140,0.094887,0.123923,0.090961,0.102837
0.093259,0.111059,0.099326,0.101044,0.090289,0.107588,0.094019,0.117120,0.098894,0.087401
0.077001,0.080119,0.064983,0.065856,0.187577,0.184571,0.095994,0.103365,0.075719,0.064816
0.097894,0.109104,0.088354,0.102835,0.102230,0.092126,0.097509,0.093681,0.111465,0.104801
0.095899,0.106272,0.105222,0.105095,0.096312,0.093946,0.099076,0.098131,0.094135,0.105911
0.097909,0.092102,0.090237,0.101029,0.100915,0.100535,0.109666,0.124134,0.092761,0.090711
0.067328,0.066716,0.070838,0.071412,0.197669,0.200119,0.097504,0.065332,0.094786,0.068296
0.081349,0.068240,0.076313,0.068613,0.181757,0.184484,0.091979,0.072463,0.090082,0.084719
0.101678,0.093185,0.090402,0.102789,0.094373,0.096604,0.100266,0.093358,0.114270,0.113074
0.098845,0.097253,0.090216,0.101224,0.100250,0.107505,0.107488,0.095223,0.111785,0.090210
0.094685,0.103691,0.100048,0.101108,0.099158,0.101090,0.088137,0.094684,0.108555,0.108844
0.097312,0.104224,0.102956,0.102302,0.100207,0.098460,0.091393,0.105166,0.101296,0.096685
0.065337,0.065021,0.065386,0.066475,0.195297,0.192680,0.098034,0.068655,0.100224,0.082891
0.095287,0.103635,0.095484,0.106064,0.113473,0.098030,0.097914,0.102772,0.095572,0.091769
0.066563,0.099341,0.065909,0.064308,0.193761,0.187786,0.100440,0.067872,0.065665,0.088354
0.092792,0.096219,0.095269,0.098685,0.091972,0.101514,0.097780,0.124673,0.107907,0.093190
0.096809,0.092925,0.089406,0.101880,0.102293,0.103909,0.096636,0.116344,0.110478,0.089319
0.060722,0.082035,0.060198,0.068227,0.192292,0.188001,0.093978,0.075095,0.099530,0.079923
0.090839,0.090767,0.090165,0.098736,0.094432,0.107086,0.110187,0.094253,0.111845,0.111690
0.074637,0.067858,0.070778,0.069448,0.200429,0.201871,0.100619,0.064807,0.064948,0.084603
0.094899,0.092532,0.088972,0.100577,0.108344,0.098002,0.113052,0.090457,0.110540,0.102626
0.099677,0.111930,0.089318,0.100938,0.103174,0.091520,0.098061,0.106508,0.109619,0.089255
0.097904,0.100172,0.101054,0.100469,0.102334,0.100796,0.113295,0.090046,0.090807,0.103122
0.076284,0.069832,0.068533,0.065072,0.204189,0.206793,0.099608,0.072108,0.065127,0.072456
0.110302,0.108825,0.098250,0.096721,0.099959,0.091275,0.094494,0.102265,0.087785,0.110124
0.098671,0.098206,0.086693,0.092017,0.098127,0.103049,0.111258,0.094517,0.108601,0.108861
0.094044,0.096483,0.090324,0.092141,0.099073,0.106800,0.113096,0.116035,0.087986,0.104019
0.099601,0.098142,0.099826,0.103050,0.100014,0.103684,0.108096,0.086820,0.100429,0.100338
0.097730,0.090755,0.090482,0.101582,0.099872,0.101757,0.108037,0.102510,0.098736,0.108539
0.079221,0.068828,0.068458,0.068881,0.190336,0.194767,0.099953,0.067133,0.092425,0.069997
0.103024,0.099361,0.102728,0.088701,0.102110,0.103024,0.107254,0.094966,0.110959,0.087873
0.072033,0.081880,0.073816,0.067271,0.194462,0.201837,0.099457,0.068678,0.068670,0.071896
0.068413,0.078326,0.064183,0.074857,0.199632,0.202534,0.092985,0.068454,0.077221,0.073393
0.097116,0.090157,0.089530,0.102098,0.101480,0.102639,0.109835,0.093102,0.109268,0.104774
0.075476,0.068613,0.066139,0.076730,0.203946,0.200076,0.096164,0.081812,0.064006,0.067038
0.106830,0.099212,0.090997,0.092493,0.109415,0.102059,0.097330,0.097238,0.109058,0.095368
0.077364,0.080373,0.064730,0.065791,0.193623,0.191466,0.096568,0.069237,0.092070,0.068779
0.091889,0.092840,0.102873,0.103163,0.096379,0.094121,0.108685,0.100163,0.102194,0.107692
0.096446,0.097811,0.088358,0.098341,0.099048,0.098981,0.108267,0.102385,0.109477,0.100887
0.102598,0.100186,0.100926,0.099058,0.105390,0.103257,0.098118,0.089344,0.111166,0.089958
0.110823,0.092828,0.090737,0.105352,0.102945,0.105339,0.097842,0.094227,0.108909,0.090997
0.103880,0.102230,0.103368,0.103692,0.104304,0.104504,0.097152,0.091392,0.101987,0.087491
0.091653,0.091501,0.087768,0.101176,0.104377,0.094808,0.109979,0.106112,0.110420,0.102207
0.108531,0.101949,0.092837,0.098030,0.103163,0.099970,0.106570,0.101769,0.099423,0.087758
0.100525,0.090446,0.103665,0.095369,0.103019,0.093199,0.112432,0.104832,0.109893,0.086620
0.094178,0.094900,0.089863,0.098446,0.100121,0.105239,0.107850,0.113589,0.086020,0.109793
0.094980,0.098825,0.088180,0.104484,0.104657,0.091356,0.099016,0.098182,0.109969,0.110352
0.110106,0.096802,0.094488,0.094103,0.103338,0.103485,0.110268,0.093093,0.103206,0.091112
0.100787,0.099277,0.098727,0.101117,0.100209,0.093206,0.111981,0.105157,0.099197,0.090343
0.075112,0.070132,0.075799,0.069610,0.196420,0.197500,0.102679,0.070069,0.070237,0.072442
0.099274,0.106643,0.101660,0.102920,0.103024,0.095838,0.097595,0.106909,0.093259,0.092877
0.071598,0.079281,0.066188,0.074115,0.198991,0.203117,0.097887,0.078645,0.065676,0.064502
0.094153,0.098289,0.098811,0.101405,0.107587,0.106320,0.099717,0.096510,0.109596,0.087611
0.065056,0.063724,0.072415,0.064400,0.194260,0.195046,0.096461,0.076801,0.092652,0.079184
0.078310,0.070511,0.069136,0.070847,0.196949,0.194447,0.100858,0.072980,0.071418,0.074544
0.098574,0.103901,0.097394,0.099003,0.093258,0.092849,0.109179,0.096108,0.115495,0.094239
0.066992,0.078765,0.059204,0.065879,0.195396,0.193111,0.091031,0.074730,0.096208,0.078684
0.071653,0.076772,0.078326,0.068127,0.187590,0.190086,0.095687,0.071268,0.079253,0.081237
0.089669,0.108716,0.103172,0.088787,0.090132,0.102473,0.106101,0.104162,0.107061,0.099726
0.095474,0.094825,0.093858,0.099540,0.098414,0.097237,0.113663,0.097994,0.113223,0.095772
0.102173,0.093866,0.104132,0.104806,0.097573,0.094278,0.110596,0.108416,0.094062,0.090098
0.095810,0.100065,0.104306,0.103025,0.095894,0.109787,0.095579,0.094792,0.107591,0.093151
0.096605,0.087698,0.100314,0.100603,0.101535,0.090542,0.107754,0.103566,0.110242,0.101141
0.098629,0.106888,0.089864,0.099901,0.100074,0.090540,0.107770,0.101827,0.108950,0.095556
0.098389,0.096627,0.098148,0.098810,0.098610,0.103167,0.109161,0.087810,0.101682,0.107596
0.098670,0.093041,0.090213,0.106846,0.092370,0.106176,0.110934,0.105481,0.105386,0.090884
0.098769,0.088400,0.100432,0.087667,0.107322,0.103695,0.108396,0.111894,0.108719,0.084706
0.094044,0.106169,0.102791,0.099767,0.098802,0.097114,0.098255,0.113884,0.098408,0.090766
0.101084,0.092196,0.102996,0.094759,0.102872,0.102468,0.111439,0.106581,0.092589,0.093017
0.102591,0.094362,0.094389,0.093197,0.103703,0.095319,0.097543,0.096953,0.115353,0.106592
0.097885,0.095849,0.085185,0.098541,0.098836,0.104644,0.107630,0.101521,0.101989,0.107919
0.097905,0.094379,0.102809,0.099114,0.089669,0.090001,0.106297,0.120886,0.091751,0.107190
0.098189,0.106623,0.096450,0.096112,0.104722,0.096408,0.112429,0.097325,0.101897,0.089844
0.104794,0.094273,0.093675,0.102429,0.106718,0.094461,0.098401,0.101454,0.114910,0.088883
0.091148,0.105847,0.101582,0.098332,0.101808,0.091896,0.107449,0.089808,0.109146,0.102984
0.067411,0.078832,0.071145,0.066141,0.193729,0.197996,0.093911,0.066105,0.080219,0.084511
0.101934,0.097996,0.090088,0.102275,0.092512,0.108764,0.099130,0.106709,0.112158,0.088435
0.077388,0.068431,0.069616,0.072745,0.193292,0.191163,0.101889,0.067852,0.081332,0.076291
0.096164,0.085857,0.093081,0.098483,0.096594,0.104038,0.103382,0.113851,0.099565,0.108985
0.101150,0.098953,0.100779,0.092497,0.100356,0.106123,0.109259,0.089800,0.100123,0.100960
0.099699,0.100334,0.102282,0.102760,0.102090,0.095223,0.111385,0.105811,0.092014,0.088402
0.096306,0.096185,0.103520,0.098108,0.100393,0.093711,0.109673,0.113188,0.099310,0.089605
0.104095,0.093053,0.093441,0.107557,0.093382,0.095707,0.114311,0.095949,0.113754,0.088751
0.102073,0.094302,0.102642,0.102770,0.104335,0.108808,0.092812,0.094572,0.104248,0.093436
0.096917,0.094378,0.093576,0.102801,0.106450,0.100042,0.095861,0.107085,0.111544,0.091345
0.099355,0.102934,0.105317,0.095165,0.096162,0.109495,0.098286,0.098567,0.105384,0.089335
0.100579,0.105598,0.094178,0.099205,0.102058,0.098865,0.100697,0.104346,0.102788,0.091686
0.098291,0.099252,0.092712,0.094296,0.094629,0.094069,0.107713,0.104601,0.110753,0.103683
0.071348,0.070054,0.071463,0.078675,0.199058,0.199862,0.098210,0.071030,0.069268,0.071033
0.097927,0.098808,0.088619,0.103294,0.092609,0.099082,0.110616,0.105548,0.092616,0.110880
0.074684,0.068961,0.069739,0.068265,0.198738,0.197917,0.100713,0.069783,0.080138,0.071063
0.108496,0.094508,0.102455,0.099138,0.098880,0.096850,0.097934,0.091347,0.108039,0.102354
0.066561,0.063825,0.063815,0.063872,0.189618,0.190136,0.097393,0.099411,0.093334,0.072036
0.081091,0.077698,0.078738,0.078557,0.186260,0.191007,0.097100,0.071926,0.069697,0.067927
0.104933,0.102454,0.095221,0.103651,0.104341,0.092114,0.101645,0.099590,0.090414,0.105636
0.103869,0.101513,0.102399,0.090371,0.103473,0.092428,0.091960,0.093197,0.113419,0.107372
0.108908,0.100306,0.101395,0.089414,0.103506,0.093005,0.109755,0.098678,0.108562,0.086471
0.077219,0.067557,0.066735,0.073886,0.202583,0.204377,0.102290,0.065033,0.069088,0.071231
0.107376,0.099826,0.103431,0.094619,0.112301,0.093836,0.090107,0.088888,0.103669,0.105948
0.100447,0.103458,0.090283,0.097760,0.107675,0.105269,0.100655,0.096698,0.107680,0.090073
0.110428,0.099157,0.103690,0.090444,0.101516,0.093706,0.106485,0.096525,0.106125,0.091926
0.102174,0.111488,0.103015,0.099963,0.104747,0.104732,0.089982,0.089226,0.090080,0.104593
0.069281,0.082886,0.075340,0.073886,0.194819,0.192664,0.099520,0.071354,0.069162,0.071087
0.096037,0.096238,0.098013,0.091844,0.098913,0.105164,0.107686,0.094314,0.110281,0.101509
0.101631,0.100027,0.101158,0.103604,0.106353,0.091632,0.090982,0.107425,0.090894,0.106293
0.093939,0.099132,0.103698,0.100971,0.105014,0.093824,0.097355,0.101449,0.115657,0.088961
0.103686,0.099887,0.094476,0.093274,0.106102,0.107417,0.112522,0.096834,0.094997,0.090803
0.105056,0.094189,0.107851,0.093048,0.094804,0.095201,0.102939,0.093782,0.117814,0.095316
0.100866,0.094624,0.092667,0.093383,0.104406,0.095564,0.115307,0.099839,0.112650,0.090693
0.101471,0.095624,0.102302,0.093149,0.103913,0.102778,0.091675,0.105089,0.113633,0.090365
0.088780,0.089933,0.098835,0.104430,0.105118,0.105228,0.095498,0.121345,0.102565,0.088268
0.078939,0.067106,0.066030,0.073088,0.195999,0.197073,0.100131,0.066765,0.080075,0.074794
0.094326,0.105071,0.100968,0.100556,0.098890,0.106457,0.088828,0.115520,0.099180,0.090204
0.092220,0.106135,0.100273,0.100980,0.092661,0.092205,0.097697,0.123605,0.107238,0.086986
0.091429,0.109272,0.085873,0.100541,0.098029,0.106257,0.108351,0.086756,0.111113,0.102378
0.103989,0.094608,0.103293,0.092533,0.103538,0.105583,0.099984,0.099210,0.106585,0.090679
0.091868,0.092994,0.104569,0.105834,0.101400,0.107086,0.109347,0.094354,0.104437,0.088112
0.098651,0.101453,0.103144,0.089020,0.103971,0.102090,0.098066,0.112577,0.099989,0.091039
0.111264,0.097387,0.099109,0.099431,0.099502,0.089449,0.106639,0.088787,0.098410,0.110020
0.099149,0.094035,0.104655,0.103915,0.104278,0.108462,0.097193,0.092327,0.106127,0.089858
0.111532,0.100632,0.094063,0.090772,0.101861,0.100448,0.110860,0.097487,0.101464,0.090880
0.099558,0.094521,0.090457,0.104208,0.102470,0.108761,0.098257,0.095563,0.112766,0.093439
0.095634,0.095344,0.095931,0.104812,0.108855,0.096591,0.094104,0.098156,0.116136,0.094437
0.103808,0.105082,0.091439,0.093754,0.095418,0.096351,0.112870,0.097853,0.095168,0.108259
0.098027,0.098869,0.101382,0.106774,0.102263,0.094255,0.100322,0.093720,0.092390,0.111998
0.069385,0.069786,0.075571,0.068885,0.191146,0.195867,0.094458,0.079692,0.069784,0.085425
0.103602,0.098954,0.103171,0.104977,0.103273,0.101538,0.099850,0.100416,0.094385,0.089835
0.105967,0.093987,0.105880,0.098425,0.097826,0.107257,0.094089,0.096654,0.104908,0.095006
0.072263,0.070734,0.068642,0.077720,0.191460,0.197949,0.098500,0.068642,0.068808,0.085282
0.068161,0.068942,0.074049,0.067321,0.200379,0.201170,0.097437,0.067209,0.083771,0.071561
0.098797,0.102215,0.094860,0.107088,0.104256,0.095510,0.108724,0.093910,0.106416,0.088222
0.095034,0.091408,0.104835,0.092992,0.095181,0.104268,0.114598,0.106033,0.091299,0.104353
0.096429,0.091235,0.092261,0.093466,0.101279,0.096932,0.089549,0.122499,0.108266,0.108085
0.080974,0.070328,0.075656,0.078207,0.188883,0.192876,0.094341,0.071696,0.069612,0.077426
0.095783,0.094848,0.091862,0.103443,0.104114,0.107937,0.095461,0.102631,0.112062,0.091860
0.068500,0.066785,0.067045,0.067926,0.193645,0.192758,0.096041,0.065975,0.098742,0.082582
0.079070,0.066549,0.065717,0.068990,0.187154,0.184423,0.096121,0.088229,0.094226,0.069522
0.096062,0.097430,0.103003,0.099532,0.100124,0.097568,0.108815,0.103094,0.108547,0.085825
0.081132,0.071128,0.073131,0.072686,0.190774,0.193075,0.104642,0.071077,0.071266,0.071088
0.097720,0.107344,0.103122,0.102629,0.103080,0.091937,0.108886,0.094729,0.101121,0.089431
0.105560,0.086323,0.095115,0.084641,0.095783,0.101838,0.103994,0.118541,0.103629,0.104576
0.096091,0.107968,0.098125,0.089424,0.099121,0.089964,0.094263,0.114027,0.109393,0.101624
0.071381,0.070923,0.067890,0.067960,0.201854,0.205081,0.105564,0.067846,0.069102,0.072399
0.073689,0.070510,0.068615,0.076394,0.186763,0.203721,0.097273,0.071838,0.082576,0.068621
0.067404,0.082549,0.074379,0.064805,0.195760,0.196579,0.100816,0.065929,0.064875,0.086905
0.096871,0.097045,0.104557,0.093181,0.093419,0.091004,0.112394,0.096211,0.110800,0.104519
0.103305,0.110617,0.090402,0.096264,0.103015,0.095839,0.094241,0.095843,0.106692,0.103782
0.101741,0.099061,0.101496,0.098978,0.094400,0.103642,0.100439,0.097030,0.111989,0.091225
0.090629,0.091651,0.099186,0.102216,0.088809,0.103635,0.108070,0.113304,0.094274,0.108226
0.110127,0.091607,0.091150,0.105012,0.099791,0.104417,0.096732,0.113015,0.090808,0.097341
0.090588,0.105835,0.098622,0.086333,0.095422,0.104227,0.105409,0.114037,0.098476,0.101049
0.070673,0.083163,0.067281,0.068652,0.196983,0.195554,0.098613,0.071960,0.068745,0.078376
0.069506,0.070228,0.075170,0.078544,0.192166,0.194011,0.096017,0.069506,0.069732,0.085120
0.107817,0.094661,0.094940,0.091010,0.096682,0.099734,0.107027,0.120809,0.086525,0.100796
0.071664,0.070581,0.070002,0.076264,0.194116,0.192872,0.098998,0.071866,0.081170,0.072467
0.100478,0.103395,0.095433,0.099417,0.103550,0.103902,0.093930,0.099582,0.112423,0.087890
0.067898,0.078807,0.075373,0.067203,0.192771,0.197341,0.096516,0.065589,0.078350,0.080153
0.103522,0.095121,0.106338,0.093898,0.095356,0.096306,0.112727,0.097988,0.107936,0.090807
0.101527,0.099216,0.100621,0.105308,0.102438,0.099160,0.097382,0.098025,0.110840,0.085484
0.068798,0.069025,0.072188,0.068780,0.196992,0.210514,0.094579,0.071049,0.079977,0.068098
0.102465,0.093850,0.106640,0.103898,0.107792,0.097295,0.094310,0.094231,0.108365,0.091153
0.099436,0.097450,0.097835,0.092775,0.099266,0.097447,0.095078,0.122720,0.108358,0.089633
0.098452,0.096455,0.090359,0.105375,0.091936,0.092312,0.093496,0.124213,0.104260,0.103142
0.071758,0.070081,0.079294,0.071688,0.186142,0.200344,0.096862,0.072113,0.071141,0.080578
0.101830,0.095020,0.103770,0.103608,0.103691,0.094577,0.112896,0.096231,0.094806,0.093573
0.098712,0.097127,0.103902,0.095452,0.109635,0.094550,0.107470,0.094306,0.110911,0.087935
0.097277,0.095584,0.086441,0.087187,0.097959,0.103919,0.096941,0.120644,0.107153,0.106895
0.110342,0.108752,0.087513,0.091675,0.100614,0.100256,0.096232,0.104644,0.109589,0.090381
