0.086852,0.072856,0.109293,0.068698,0.110147,0.061561,0.143463,0.142625,0.138912,0.065593
0.111247,0.061968,0.077240,0.066304,0.097902,0.088608,0.136666,0.207147,0.107097,0.045821
0.093777,0.109629,0.090801,0.092309,0.074188,0.097952,0.067808,0.186896,0.092165,0.094474
0.011288,0.008841,0.010930,0.020091,0.442143,0.373867,0.065022,0.012554,0.010149,0.045114
0.140552,0.054777,0.094898,0.096825,0.053355,0.134893,0.067493,0.191232,0.119599,0.046376
0.010552,0.008950,0.020867,0.015356,0.399568,0.385593,0.065617,0.065200,0.017166,0.011132
0.085457,0.067006,0.088727,0.087367,0.096175,0.086799,0.139194,0.145808,0.104198,0.099269
0.149045,0.073293,0.047598,0.083533,0.094411,0.079167,0.117319,0.202030,0.097770,0.055834
0.080612,0.056397,0.096668,0.066654,0.114667,0.083266,0.141779,0.140696,0.135528,0.083732
0.009890,0.009822,0.021732,0.010820,0.434027,0.390139,0.076538,0.012130,0.010647,0.024255
0.082963,0.115540,0.100762,0.106988,0.112476,0.092176,0.078288,0.086119,0.106072,0.118617
0.023225,0.015921,0.014656,0.014500,0.419417,0.371227,0.071471,0.034160,0.016855,0.018567
0.019462,0.018780,0.015572,0.015827,0.422036,0.364748,0.083211,0.023700,0.016637,0.020026
0.066499,0.123784,0.071128,0.058599,0.135896,0.100658,0.161172,0.133548,0.098338,0.050378
0.015561,0.074181,0.011724,0.011591,0.409490,0.329513,0.069437,0.052444,0.011799,0.014259
0.089568,0.065170,0.061972,0.111165,0.142236,0.092795,0.144581,0.115591,0.131431,0.045492
0.083612,0.064752,0.087209,0.106361,0.091132,0.107132,0.126152,0.104047,0.109732,0.119870
0.103094,0.060812,0.074789,0.104299,0.123122,0.079215,0.127893,0.137667,0.100608,0.088500
0.111735,0.055120,0.131930,0.092571,0.108586,0.132248,0.119793,0.096557,0.115041,0.036418
0.017896,0.014173,0.013995,0.017813,0.416992,0.375044,0.084624,0.014148,0.026910,0.018404
0.009552,0.010784,0.016615,0.016293,0.444844,0.376803,0.071189,0.021151,0.013228,0.019541
0.018677,0.015965,0.014538,0.024265,0.419546,0.370348,0.087688,0.015018,0.015445,0.018511
0.108505,0.061261,0.060039,0.108578,0.058246,0.120956,0.080573,0.154422,0.112263,0.135155
0.010889,0.013094,0.023054,0.011902,0.413187,0.383455,0.068730,0.013821,0.051784,0.010085
0.016753,0.029462,0.017922,0.014308,0.415599,0.366514,0.081999,0.014127,0.024100,0.019214
0.133699,0.065385,0.047572,0.091182,0.127287,0.098190,0.132584,0.142001,0.115106,0.046993
0.082391,0.070895,0.061516,0.076017,0.102018,0.073206,0.120978,0.188046,0.120335,0.104596
0.009041,0.007159,0.009538,0.025296,0.448301,0.361166,0.053050,0.045737,0.017289,0.023423
0.090266,0.059932,0.046907,0.086392,0.143959,0.151869,0.141553,0.078161,0.133195,0.067766
0.121702,0.145475,0.045864,0.063344,0.114594,0.064325,0.138017,0.133660,0.095466,0.077553
0.140438,0.098420,0.047087,0.085019,0.089132,0.133959,0.139401,0.088316,0.085013,0.093215
0.144683,0.056294,0.097063,0.081456,0.114831,0.083165,0.134027,0.051521,0.123544,0.113415
0.021097,0.022408,0.020425,0.020213,0.409557,0.358232,0.094819,0.017591,0.019079,0.016580
0.017099,0.012496,0.024931,0.011279,0.425735,0.343486,0.079657,0.014107,0.016529,0.054682
0.067619,0.118492,0.072599,0.091888,0.192904,0.102786,0.126453,0.048814,0.093111,0.085335
0.095737,0.058483,0.095831,0.065090,0.170734,0.063141,0.146204,0.128164,0.096032,0.080584
0.058410,0.089028,0.049193,0.107866,0.090295,0.118431,0.178212,0.085513,0.146341,0.076710
0.091602,0.104755,0.146528,0.102015,0.077549,0.050475,0.070591,0.138132,0.101538,0.116816
0.125570,0.063921,0.114149,0.080251,0.141249,0.060942,0.090262,0.061866,0.164499,0.097292
0.081596,0.101616,0.120513,0.091726,0.083081,0.081626,0.068412,0.202543,0.091653,0.077234
0.068452,0.096715,0.087348,0.092002,0.170965,0.134443,0.110124,0.087609,0.065002,0.087339
0.053906,0.060025,0.148327,0.110482,0.057267,0.152980,0.082960,0.089799,0.119893,0.124361
0.085222,0.071712,0.063102,0.105673,0.061874,0.166377,0.081154,0.143628,0.106051,0.115207
0.075811,0.073979,0.072172,0.088720,0.224208,0.108018,0.126390,0.084743,0.100772,0.045186
0.015196,0.013504,0.013531,0.015634,0.416561,0.380049,0.081568,0.013449,0.019987,0.030523
0.096376,0.055950,0.101812,0.071697,0.141815,0.091260,0.101378,0.141121,0.077070,0.121521
0.013588,0.025128,0.013105,0.021580,0.418130,0.340937,0.083337,0.056491,0.013481,0.014223
0.146283,0.123007,0.127286,0.096670,0.086185,0.102252,0.125335,0.050156,0.055125,0.087702
0.074134,0.127050,0.099451,0.093231,0.136593,0.109636,0.165520,0.052680,0.101196,0.040509
0.096304,0.135672,0.122164,0.106195,0.165151,0.090348,0.094392,0.063484,0.069324,0.056965
0.012604,0.017924,0.012991,0.029847,0.429584,0.370458,0.071562,0.029544,0.013540,0.011946
0.088022,0.096069,0.067497,0.105429,0.157459,0.133654,0.089177,0.089896,0.119637,0.053160
0.085744,0.082034,0.108522,0.101870,0.099790,0.092708,0.076684,0.146510,0.142517,0.063620
0.008276,0.072483,0.008805,0.011580,0.421287,0.316637,0.060128,0.025487,0.011807,0.063510
0.145442,0.076208,0.042670,0.083128,0.115888,0.104562,0.122635,0.101704,0.122640,0.085122
0.013830,0.011022,0.011282,0.019336,0.430474,0.374483,0.072329,0.044310,0.010402,0.012532
0.009993,0.014467,0.021568,0.019523,0.380744,0.408983,0.059303,0.013245,0.040061,0.032112
0.114885,0.082446,0.084584,0.106665,0.145051,0.098405,0.097596,0.085781,0.144471,0.040116
0.052951,0.107632,0.040015,0.101618,0.179498,0.088298,0.078198,0.105177,0.127257,0.119355
0.097686,0.132770,0.055057,0.094022,0.104061,0.053168,0.099400,0.108871,0.140786,0.114179
0.010857,0.008083,0.008668,0.009892,0.440856,0.359326,0.061676,0.010770,0.048722,0.041151
0.164232,0.144895,0.056068,0.105177,0.133766,0.074415,0.074388,0.073221,0.125363,0.048476
0.020403,0.024682,0.013211,0.016476,0.441475,0.361264,0.083039,0.013310,0.013127,0.013013
0.014415,0.021294,0.010959,0.011826,0.423347,0.365368,0.086162,0.013904,0.012140,0.040585
0.056640,0.069384,0.089719,0.068498,0.140518,0.120982,0.143033,0.061533,0.115886,0.133804
0.125052,0.053452,0.142096,0.089210,0.115312,0.046415,0.136045,0.102974,0.100687,0.088757
0.080567,0.128129,0.102748,0.099415,0.055223,0.148224,0.134072,0.055345,0.101444,0.094832
0.079550,0.114617,0.100021,0.061863,0.121775,0.111636,0.090488,0.141810,0.120869,0.057371
0.091710,0.081174,0.042205,0.103446,0.084718,0.146083,0.080987,0.110823,0.132623,0.126230
0.051258,0.059293,0.071963,0.070256,0.099557,0.140709,0.129918,0.189811,0.125133,0.062102
0.012688,0.018807,0.007766,0.026324,0.466088,0.364156,0.056631,0.011431,0.017846,0.018262
0.017252,0.012972,0.018029,0.013687,0.427183,0.376812,0.075154,0.013833,0.026921,0.018156
0.124969,0.108691,0.147758,0.089251,0.124031,0.049706,0.073285,0.104641,0.135540,0.042128
0.073784,0.050839,0.152353,0.089329,0.123422,0.046104,0.172007,0.136535,0.069235,0.086393
0.132690,0.095077,0.046019,0.071358,0.162973,0.091242,0.063543,0.178580,0.110611,0.047908
0.115516,0.062934,0.084227,0.070930,0.107241,0.086081,0.137402,0.109868,0.107724,0.118077
0.084504,0.079521,0.107735,0.105201,0.086073,0.114242,0.080313,0.089455,0.138607,0.114349
0.011755,0.011772,0.013467,0.018588,0.436557,0.382471,0.076935,0.014469,0.022556,0.011431
0.008158,0.018334,0.019022,0.023965,0.449200,0.379395,0.062265,0.007779,0.008723,0.023157
0.093721,0.093040,0.116380,0.048685,0.101135,0.074853,0.104717,0.185192,0.087711,0.094567
0.014201,0.015326,0.012779,0.013723,0.424394,0.371095,0.088306,0.014203,0.013743,0.032229
0.084895,0.075160,0.093770,0.115580,0.143791,0.132786,0.083294,0.083313,0.118054,0.069357
0.012698,0.011436,0.018345,0.010302,0.404479,0.394119,0.061523,0.063822,0.011804,0.011472
0.016394,0.030261,0.009552,0.027955,0.436643,0.352962,0.070699,0.009612,0.018028,0.027893
0.076365,0.144999,0.115525,0.061278,0.115340,0.064231,0.121143,0.091169,0.110781,0.099169
0.016887,0.027110,0.015175,0.016766,0.421986,0.369140,0.079451,0.013528,0.015278,0.024679
0.095657,0.074266,0.077292,0.133316,0.103853,0.118142,0.165783,0.071418,0.102260,0.058014
0.100735,0.082455,0.050500,0.103200,0.107145,0.158202,0.129310,0.112948,0.103572,0.051933
0.012074,0.011883,0.010469,0.018961,0.429854,0.363161,0.078774,0.042873,0.016830,0.015121
0.093977,0.130347,0.086203,0.073912,0.152958,0.059594,0.088140,0.082780,0.088642,0.143449
0.074130,0.129545,0.054024,0.085278,0.085744,0.086936,0.123749,0.218035,0.095049,0.047510
0.072491,0.117640,0.064929,0.096859,0.094864,0.080226,0.127244,0.121890,0.124991,0.098867
0.009600,0.016983,0.008198,0.017032,0.432388,0.391436,0.051586,0.009938,0.041160,0.021678
0.076478,0.050985,0.098880,0.101142,0.118828,0.104160,0.128168,0.101203,0.106480,0.113675
0.149194,0.064072,0.176952,0.078918,0.138310,0.061346,0.157807,0.059135,0.065886,0.048381
0.085035,0.092411,0.113903,0.103015,0.118410,0.105254,0.090342,0.086975,0.148355,0.056301
0.080690,0.064155,0.108171,0.066367,0.084767,0.118298,0.180360,0.073946,0.105371,0.117874
0.011763,0.009566,0.009565,0.014745,0.415488,0.376249,0.067980,0.067281,0.009659,0.017705
0.102858,0.152282,0.058046,0.099698,0.086708,0.091728,0.079666,0.057002,0.145703,0.126309
0.139644,0.073618,0.113067,0.079120,0.117082,0.126750,0.102430,0.062445,0.119726,0.066119
0.050662,0.149275,0.054201,0.100460,0.146873,0.111571,0.075861,0.073764,0.143801,0.093533
0.098785,0.068665,0.186884,0.082348,0.063035,0.084664,0.088651,0.064924,0.161441,0.100603
0.069925,0.113611,0.122096,0.086864,0.091220,0.061480,0.119213,0.131686,0.087646,0.116260
0.103178,0.092030,0.185097,0.103356,0.059427,0.085968,0.089099,0.059215,0.117349,0.105280
0.080387,0.079448,0.071069,0.066745,0.081005,0.083622,0.137321,0.225621,0.059951,0.114830
0.057574,0.069856,0.111493,0.113856,0.102740,0.077084,0.142228,0.084240,0.113320,0.127610
0.093419,0.076222,0.075315,0.082252,0.137068,0.106491,0.162856,0.072929,0.133629,0.059819
0.016226,0.012439,0.021692,0.014662,0.391982,0.369400,0.072634,0.074596,0.014004,0.012364
0.029248,0.013095,0.013287,0.014450,0.423537,0.356147,0.077127,0.011362,0.014564,0.047183
0.084117,0.118102,0.057938,0.111683,0.143115,0.078213,0.076861,0.055783,0.152438,0.121750
0.096486,0.152529,0.117070,0.088720,0.062668,0.126113,0.091822,0.091705,0.123360,0.049526
0.078031,0.054358,0.066799,0.099109,0.186119,0.085814,0.132839,0.099566,0.115214,0.082152
0.090103,0.128932,0.083980,0.103010,0.125909,0.054893,0.137038,0.111148,0.121263,0.043725
0.010489,0.019727,0.010823,0.021862,0.409667,0.394476,0.060611,0.010344,0.049352,0.012648
0.107125,0.119090,0.049547,0.091063,0.088352,0.145008,0.124270,0.100072,0.094630,0.080843
0.111306,0.081145,0.077621,0.095589,0.128720,0.111704,0.100457,0.107627,0.142581,0.043250
0.083662,0.075844,0.113753,0.073627,0.102589,0.124343,0.193045,0.094720,0.069235,0.069182
0.068994,0.081211,0.073302,0.081441,0.159339,0.068541,0.120936,0.105100,0.167770,0.073366
0.116678,0.058633,0.165345,0.090764,0.098769,0.095575,0.078867,0.056000,0.141171,0.098198
0.015465,0.022565,0.012915,0.010289,0.398850,0.332923,0.072752,0.079839,0.010909,0.043492
0.077072,0.064107,0.123367,0.085045,0.117054,0.128384,0.105545,0.116815,0.114182,0.068429
0.107104,0.075578,0.049470,0.057782,0.106807,0.079100,0.116838,0.189156,0.103363,0.114802
0.009340,0.038308,0.009439,0.015047,0.437117,0.344553,0.061072,0.024180,0.051873,0.009071
0.074472,0.054684,0.078663,0.090372,0.200080,0.089200,0.074725,0.104975,0.116660,0.116169
0.013738,0.012089,0.015637,0.013054,0.424773,0.347245,0.080868,0.013466,0.020559,0.058572
0.088238,0.082910,0.089824,0.103578,0.129392,0.075607,0.076723,0.152078,0.108567,0.093082
0.019380,0.018665,0.015581,0.018021,0.413406,0.391828,0.074436,0.017690,0.016703,0.014290
0.087521,0.143015,0.112036,0.108287,0.060547,0.077314,0.082992,0.150903,0.112817,0.064567
0.121423,0.101957,0.089207,0.097342,0.126592,0.063485,0.117527,0.076733,0.127909,0.077825
0.094744,0.070548,0.054684,0.100393,0.142026,0.085099,0.160169,0.079995,0.147382,0.064960
0.014332,0.019510,0.012269,0.023179,0.437702,0.400593,0.059028,0.013086,0.010452,0.009849
0.149601,0.068131,0.077306,0.092152,0.086079,0.048217,0.150826,0.125413,0.097331,0.104944
0.083681,0.120731,0.054221,0.096863,0.099239,0.120715,0.105755,0.058624,0.138969,0.121202
0.100010,0.101509,0.114875,0.073162,0.185897,0.055974,0.080847,0.105775,0.112519,0.069432
0.143358,0.054716,0.148428,0.098302,0.080611,0.072927,0.120836,0.104392,0.135183,0.041248
0.052353,0.064405,0.157599,0.094979,0.133093,0.087821,0.073780,0.109457,0.140938,0.085575
0.069458,0.054598,0.045796,0.091033,0.155627,0.066539,0.134998,0.191494,0.090647,0.099810
0.071284,0.053861,0.050818,0.068832,0.143670,0.086540,0.123527,0.139098,0.142642,0.119728
0.013625,0.017521,0.013170,0.014934,0.423682,0.389479,0.081316,0.016308,0.013900,0.016064
0.161400,0.091936,0.067609,0.104632,0.064778,0.063856,0.159917,0.066158,0.068872,0.150840
0.130752,0.056227,0.075105,0.100729,0.127444,0.095679,0.093948,0.073456,0.130375,0.116285
0.100735,0.111355,0.113010,0.067005,0.166496,0.057519,0.110284,0.071204,0.102434,0.099957
0.014874,0.017037,0.015147,0.014473,0.412977,0.340588,0.081146,0.015236,0.017180,0.071342
0.016083,0.013911,0.012130,0.016755,0.405454,0.338557,0.075142,0.091838,0.014861,0.015270
0.096124,0.057383,0.077995,0.065259,0.143225,0.093590,0.094445,0.106745,0.143162,0.122071
0.090115,0.087338,0.111074,0.115874,0.101868,0.097970,0.148501,0.115349,0.064969,0.066942
0.084356,0.138568,0.051055,0.104264,0.134851,0.091959,0.147771,0.077004,0.105554,0.064617
0.075617,0.049064,0.094656,0.089198,0.128917,0.063275,0.134499,0.132507,0.116730,0.115537
0.104796,0.129182,0.049737,0.064592,0.123845,0.105099,0.167176,0.083672,0.054387,0.117515
0.014692,0.012368,0.012709,0.011429,0.439036,0.372578,0.077947,0.012203,0.018284,0.028753
0.014663,0.025550,0.012148,0.013342,0.443009,0.358188,0.071758,0.017309,0.025315,0.018718
0.059417,0.149109,0.049960,0.101759,0.090759,0.061535,0.155940,0.121265,0.158066,0.052189
0.083308,0.058135,0.077583,0.086737,0.086840,0.116596,0.183151,0.147737,0.110847,0.049066
0.020993,0.017166,0.018287,0.017191,0.409626,0.361292,0.089734,0.023971,0.018557,0.023184
0.080643,0.123031,0.071077,0.060802,0.099100,0.098590,0.085027,0.192066,0.098922,0.090743
0.085682,0.081155,0.107597,0.104721,0.098435,0.097745,0.076403,0.109815,0.139990,0.098457
0.015008,0.027428,0.014331,0.018430,0.424748,0.361831,0.089658,0.017480,0.016734,0.014351
0.050650,0.114650,0.075515,0.087914,0.121509,0.111864,0.098783,0.108476,0.135613,0.095026
0.154391,0.063787,0.068368,0.088703,0.092134,0.151522,0.067189,0.097889,0.098583,0.117434
0.057203,0.064169,0.044058,0.087506,0.180962,0.092621,0.146796,0.117554,0.112951,0.096182
0.010780,0.009336,0.009907,0.010126,0.412505,0.345341,0.066508,0.076356,0.033317,0.025824
0.013956,0.012539,0.022366,0.013126,0.415073,0.352354,0.070128,0.076300,0.014133,0.010024
0.076816,0.107103,0.094693,0.098426,0.078139,0.147593,0.130734,0.081355,0.095854,0.089287
0.126029,0.088816,0.089731,0.115400,0.113341,0.101190,0.086124,0.117668,0.112470,0.049231
0.085623,0.068452,0.084560,0.116882,0.140278,0.130129,0.090160,0.127790,0.088669,0.067456
0.077397,0.062616,0.054121,0.103093,0.124711,0.093129,0.134640,0.087086,0.145824,0.117384
0.021357,0.009221,0.009200,0.011185,0.455548,0.373789,0.058202,0.020021,0.033807,0.007671
0.019031,0.019486,0.023747,0.018943,0.415938,0.360253,0.095607,0.015270,0.016117,0.015608
0.099920,0.086484,0.070683,0.113686,0.103540,0.098838,0.094494,0.180812,0.080127,0.071417
0.135879,0.095292,0.089578,0.089302,0.081275,0.071681,0.067282,0.198622,0.065049,0.106039
0.050128,0.128393,0.054240,0.085420,0.123410,0.089205,0.074767,0.137401,0.135012,0.122024
0.102030,0.117453,0.074845,0.102218,0.084216,0.096502,0.152845,0.070940,0.105628,0.093323
0.093370,0.056607,0.054716,0.097952,0.091761,0.147551,0.073291,0.197942,0.128937,0.057872
0.012580,0.012237,0.013502,0.033209,0.435524,0.337588,0.071386,0.055198,0.011156,0.017620
0.014342,0.011686,0.012347,0.011015,0.434690,0.363792,0.077439,0.010035,0.043959,0.020695
0.013639,0.024988,0.022289,0.017540,0.427988,0.384701,0.066128,0.013849,0.016529,0.012350
0.120063,0.121584,0.174492,0.071083,0.113803,0.126541,0.079703,0.058478,0.083729,0.050525
0.082064,0.061453,0.056335,0.107123,0.129705,0.113875,0.140637,0.145618,0.103895,0.059294
0.079590,0.126182,0.096718,0.098158,0.098166,0.087829,0.073291,0.102465,0.123140,0.114461
0.008356,0.008616,0.007242,0.022936,0.455394,0.362271,0.058001,0.021543,0.039627,0.016015
0.165819,0.059425,0.155569,0.073682,0.107434,0.116440,0.079033,0.058980,0.122859,0.060759
0.071714,0.061182,0.077038,0.061010,0.129274,0.110216,0.170186,0.105688,0.122641,0.091051
0.043522,0.103399,0.069725,0.099036,0.116398,0.083496,0.127637,0.126709,0.124266,0.105812
0.062345,0.069041,0.088987,0.082893,0.136925,0.129270,0.093745,0.128686,0.155557,0.052550
0.087170,0.082598,0.044574,0.107281,0.142001,0.110698,0.080298,0.138658,0.137998,0.068724
0.075978,0.107538,0.068449,0.098166,0.125937,0.068696,0.171231,0.103659,0.068913,0.111433
0.133959,0.064897,0.168772,0.093602,0.083523,0.115422,0.075312,0.055571,0.149145,0.059797
0.163539,0.064866,0.060504,0.076185,0.142494,0.158429,0.082631,0.081197,0.107365,0.062790
0.168678,0.069202,0.111805,0.068683,0.062501,0.078157,0.086659,0.082701,0.142722,0.128892
0.011071,0.014591,0.013662,0.013797,0.419600,0.381274,0.070518,0.013695,0.051968,0.009825
0.115333,0.091694,0.091126,0.121606,0.142013,0.087556,0.108615,0.101713,0.089932,0.050413
0.010432,0.031233,0.011822,0.016711,0.434447,0.341813,0.077623,0.051046,0.011112,0.013762
0.012830,0.012129,0.012472,0.015751,0.428207,0.375667,0.077792,0.028068,0.025019,0.012065
0.011195,0.012387,0.014267,0.012052,0.426942,0.343873,0.077225,0.057674,0.013238,0.031146
0.012957,0.012549,0.010180,0.022405,0.424194,0.378811,0.075543,0.041485,0.010294,0.011581
0.059011,0.139663,0.088051,0.110402,0.114058,0.102454,0.147366,0.094925,0.089324,0.054747
0.094855,0.107571,0.058808,0.076522,0.118362,0.088077,0.154802,0.184460,0.072464,0.044079
0.054343,0.113777,0.056818,0.100408,0.121041,0.074731,0.135384,0.205888,0.077440,0.060169
0.009706,0.032359,0.007540,0.014994,0.453126,0.343802,0.060605,0.018730,0.035093,0.024043
0.064318,0.152427,0.150133,0.058742,0.116345,0.108687,0.125714,0.082886,0.052770,0.087978
0.139899,0.075332,0.133914,0.070393,0.054473,0.135902,0.075311,0.102237,0.102075,0.110464
0.162274,0.111532,0.151158,0.070310,0.053987,0.052203,0.142390,0.140825,0.058072,0.057249
0.013078,0.012484,0.018763,0.014325,0.419938,0.378707,0.069961,0.014847,0.045562,0.012335
0.061472,0.148967,0.065351,0.103763,0.094877,0.175630,0.085494,0.127605,0.069145,0.067696
0.102163,0.067795,0.068064,0.078164,0.121700,0.110936,0.092448,0.166229,0.123836,0.068665
0.121975,0.076786,0.057722,0.125928,0.124017,0.093007,0.111686,0.065872,0.141590,0.081416
0.190678,0.129544,0.067173,0.116457,0.065419,0.102557,0.087008,0.086618,0.094319,0.060227
0.089018,0.060768,0.140327,0.089228,0.118646,0.087029,0.071393,0.197857,0.099780,0.045953
0.007027,0.007915,0.007458,0.025572,0.441319,0.336538,0.058658,0.043962,0.054928,0.016621
0.062065,0.071415,0.116562,0.118384,0.064762,0.066387,0.085811,0.238200,0.119305,0.057106
0.013456,0.009798,0.009603,0.016601,0.414767,0.383601,0.081242,0.041206,0.010691,0.019033
0.089269,0.080634,0.168599,0.094964,0.155260,0.094382,0.077129,0.054228,0.137061,0.048475
0.016322,0.013548,0.011155,0.015598,0.412201,0.339023,0.076329,0.010772,0.087904,0.017148
0.011256,0.022644,0.023103,0.018215,0.431816,0.367783,0.077459,0.013851,0.021238,0.012635
0.092692,0.090544,0.084176,0.117751,0.151774,0.061861,0.164345,0.060855,0.122322,0.053679
0.009160,0.008578,0.016868,0.015562,0.430776,0.412580,0.065836,0.011690,0.010355,0.018593
0.053240,0.078880,0.137465,0.092977,0.091762,0.136340,0.130793,0.104608,0.104546,0.069389
0.074577,0.113145,0.055343,0.084280,0.217542,0.082419,0.072135,0.084898,0.133350,0.082310
0.055780,0.084164,0.163726,0.097332,0.057460,0.094863,0.097340,0.148449,0.138109,0.062776
0.061538,0.072119,0.068582,0.119650,0.137913,0.124478,0.148075,0.065957,0.121459,0.080229
0.058187,0.124274,0.173440,0.085530,0.159401,0.060396,0.084963,0.059251,0.143244,0.051315
0.011972,0.029304,0.009440,0.009213,0.448723,0.377206,0.064644,0.010852,0.014350,0.024297
0.076635,0.119525,0.061282,0.100358,0.096170,0.113333,0.145707,0.107823,0.063562,0.115605
0.088618,0.084650,0.087075,0.103521,0.101774,0.097184,0.096779,0.061949,0.148272,0.130178
0.053532,0.144904,0.107601,0.065711,0.084884,0.090796,0.102439,0.111383,0.116712,0.122038
0.006590,0.010623,0.008098,0.021349,0.441533,0.358079,0.051241,0.066302,0.014452,0.021732
0.104592,0.066786,0.087319,0.086757,0.074033,0.136098,0.119842,0.121699,0.107704,0.095170
0.076458,0.122675,0.143526,0.058414,0.096823,0.084803,0.123657,0.132041,0.108023,0.053580
0.090445,0.125372,0.115389,0.103190,0.064927,0.098149,0.112110,0.064771,0.132228,0.093419
0.082762,0.145112,0.068126,0.091099,0.090501,0.117075,0.088427,0.059509,0.113873,0.143516
0.122890,0.066951,0.063016,0.102319,0.155013,0.099665,0.086200,0.120587,0.136365,0.046994
0.103452,0.120613,0.051956,0.106683,0.084591,0.090715,0.078987,0.148358,0.119620,0.095025
0.097433,0.082224,0.090606,0.087820,0.158552,0.092399,0.091527,0.103436,0.123999,0.072004
0.097660,0.131469,0.056272,0.065809,0.052775,0.109007,0.142080,0.088347,0.131252,0.125329
0.075392,0.081126,0.081178,0.107906,0.095718,0.094858,0.101096,0.107478,0.140112,0.115136
0.075936,0.103294,0.092083,0.093647,0.112474,0.064599,0.124364,0.130599,0.096698,0.106305
0.009957,0.011488,0.010670,0.019046,0.411367,0.353328,0.080824,0.009953,0.051483,0.041885
0.096633,0.065536,0.088186,0.110808,0.097586,0.089698,0.090814,0.150530,0.119312,0.090896
0.084436,0.126770,0.099469,0.069272,0.137485,0.109381,0.127697,0.103799,0.098324,0.043368
0.013186,0.011960,0.012896,0.012718,0.435172,0.376295,0.076417,0.015737,0.013561,0.032059
0.074091,0.109775,0.149751,0.089943,0.126877,0.084709,0.071904,0.139219,0.098738,0.054993
0.078448,0.110654,0.144730,0.090713,0.049300,0.107649,0.086479,0.101605,0.123432,0.106990
0.082730,0.068520,0.053141,0.093866,0.149628,0.057060,0.178114,0.113593,0.141299,0.062048
0.132066,0.138931,0.067573,0.084054,0.159247,0.063685,0.118761,0.089241,0.069290,0.077153
0.113585,0.121040,0.166137,0.064983,0.053367,0.117414,0.094248,0.053681,0.126412,0.089133
0.047412,0.057868,0.093734,0.084337,0.086703,0.132341,0.122937,0.191539,0.092381,0.090749
0.025426,0.014153,0.013514,0.021052,0.422622,0.395142,0.063436,0.013885,0.020573,0.010197
0.085367,0.067354,0.065169,0.073916,0.116508,0.105338,0.158636,0.154449,0.118020,0.055243
0.077837,0.073886,0.143802,0.097467,0.134630,0.049258,0.118781,0.131237,0.131885,0.041217
0.093363,0.098859,0.060434,0.085085,0.099214,0.132826,0.067810,0.191644,0.088270,0.082495
0.069483,0.171442,0.098661,0.078282,0.125434,0.068339,0.088998,0.088489,0.096949,0.113924
0.136444,0.081061,0.054608,0.108961,0.125869,0.118317,0.075220,0.110320,0.060462,0.128736
0.011915,0.010735,0.020098,0.011267,0.388638,0.393387,0.064865,0.064109,0.021776,0.013210
0.118764,0.062612,0.172318,0.098572,0.058343,0.079851,0.082321,0.151565,0.083050,0.092604
0.107217,0.090214,0.161511,0.099147,0.090832,0.124078,0.089182,0.121264,0.070250,0.046305
0.093148,0.069816,0.116086,0.113340,0.132005,0.124675,0.111172,0.065853,0.115609,0.058295
0.081461,0.084831,0.109725,0.069525,0.110994,0.099422,0.140433,0.057725,0.115045,0.130838
0.009081,0.009038,0.009156,0.027056,0.453811,0.348618,0.052719,0.023123,0.012715,0.054684
0.050821,0.104795,0.045886,0.096120,0.079859,0.070205,0.130589,0.203456,0.128545,0.089725
0.114220,0.122750,0.073534,0.097610,0.087393,0.066301,0.135609,0.130957,0.118113,0.053514
0.090329,0.061661,0.154493,0.095122,0.112236,0.089486,0.080863,0.060500,0.120594,0.134716
0.124200,0.051269,0.072288,0.075686,0.135548,0.107374,0.130494,0.070138,0.120778,0.112224
0.073943,0.112587,0.055396,0.090293,0.124723,0.091292,0.142512,0.084767,0.138321,0.086167
0.051217,0.059089,0.146927,0.091466,0.139252,0.114701,0.089080,0.086465,0.102349,0.119455
0.093069,0.093094,0.045150,0.087089,0.086787,0.092091,0.120516,0.194487,0.117680,0.070038
0.105979,0.066619,0.072685,0.095593,0.161590,0.107736,0.095860,0.059985,0.169452,0.064502
0.086922,0.127201,0.064601,0.102981,0.114170,0.085477,0.080101,0.063244,0.144412,0.130891
0.100808,0.106903,0.074123,0.087028,0.089909,0.089234,0.158908,0.131809,0.116925,0.044354
0.013891,0.023652,0.011364,0.028185,0.429365,0.372422,0.070118,0.011740,0.023252,0.016011
0.101218,0.138384,0.146452,0.085960,0.137770,0.100984,0.084800,0.065696,0.098441,0.040295
0.009522,0.014177,0.020416,0.015352,0.406425,0.428000,0.062545,0.011333,0.014503,0.017727
0.015408,0.019192,0.024039,0.019925,0.422381,0.357813,0.086840,0.017171,0.019180,0.018052
0.124386,0.063684,0.050427,0.096247,0.090378,0.112418,0.143116,0.069110,0.141390,0.108845
0.092302,0.073949,0.067921,0.104177,0.090072,0.063915,0.088451,0.247080,0.113724,0.058410
0.046559,0.109123,0.153218,0.096436,0.131355,0.090626,0.090560,0.105988,0.056257,0.119877
0.009810,0.011164,0.017252,0.012726,0.410192,0.377934,0.072728,0.066278,0.010741,0.011175
0.073756,0.056265,0.063648,0.084432,0.184426,0.105373,0.080111,0.209388,0.055208,0.087393
0.072685,0.157368,0.101875,0.102531,0.054957,0.119499,0.077543,0.154779,0.106220,0.052543
0.024999,0.030963,0.011596,0.009344,0.413054,0.331406,0.068121,0.085479,0.016132,0.008906
0.101606,0.145876,0.053125,0.100628,0.134730,0.090831,0.095739,0.075506,0.110223,0.091736
0.088620,0.135259,0.099859,0.114661,0.098180,0.096904,0.090725,0.099389,0.076356,0.100047
0.108552,0.059687,0.056511,0.089039,0.101168,0.091124,0.161297,0.214335,0.059973,0.058315
0.009884,0.011146,0.011892,0.012913,0.432653,0.375597,0.068400,0.009954,0.054133,0.013427
0.022764,0.010789,0.017080,0.010278,0.417604,0.391465,0.055329,0.012846,0.038589,0.023257
0.111773,0.073219,0.059064,0.106401,0.067445,0.093129,0.114442,0.069396,0.151524,0.153606
0.092029,0.089446,0.059910,0.101379,0.116311,0.127380,0.149358,0.083365,0.119723,0.061100
0.093865,0.114131,0.080772,0.095801,0.092498,0.110705,0.071101,0.103801,0.112670,0.124656
0.073383,0.106970,0.094851,0.089392,0.098428,0.106940,0.070683,0.135833,0.131226,0.092294
0.008719,0.010136,0.009666,0.011260,0.443381,0.358591,0.073363,0.012375,0.043699,0.028812
0.059595,0.121739,0.067503,0.102123,0.221538,0.101748,0.084816,0.123193,0.068463,0.049281
0.009872,0.060455,0.012815,0.009971,0.433025,0.332034,0.080192,0.012329,0.011932,0.037375
0.064254,0.096118,0.125179,0.085204,0.070455,0.098571,0.086688,0.199762,0.090050,0.083721
0.079509,0.068259,0.061387,0.103589,0.140395,0.119316,0.076147,0.147294,0.147668,0.056435
0.006045,0.036198,0.006583,0.014760,0.446745,0.340166,0.061721,0.020611,0.041619,0.025552
0.056904,0.062958,0.063173,0.116641,0.090820,0.125209,0.147582,0.061023,0.137956,0.137734
0.023436,0.019244,0.014532,0.014719,0.413838,0.364469,0.084172,0.013932,0.014913,0.036745
0.071414,0.063674,0.050107,0.089338,0.224670,0.110498,0.143482,0.055475,0.100841,0.090501
0.100512,0.155750,0.055605,0.085171,0.132012,0.051975,0.092146,0.145633,0.131045,0.050153
0.090561,0.085698,0.084034,0.106266,0.140527,0.099198,0.155421,0.057394,0.081273,0.099629
0.023337,0.015973,0.014589,0.013660,0.430309,0.369876,0.074208,0.020967,0.014397,0.022685
0.143219,0.123498,0.130638,0.093306,0.111386,0.076104,0.065150,0.091855,0.063131,0.101713
0.113498,0.120264,0.041864,0.062891,0.094799,0.142065,0.129119,0.080030,0.102638,0.112832
0.075731,0.129231,0.067993,0.067525,0.090209,0.114535,0.149647,0.148718,0.071177,0.085232
0.088341,0.106450,0.121416,0.081056,0.115254,0.124513,0.135970,0.040360,0.114555,0.072086
0.078481,0.057926,0.067141,0.092855,0.119151,0.107339,0.158877,0.100827,0.100292,0.117111
0.028103,0.013634,0.012823,0.012215,0.405432,0.369817,0.080259,0.012107,0.050640,0.014971
0.127991,0.106723,0.147823,0.059458,0.086366,0.103125,0.119906,0.081770,0.123458,0.043381
0.017872,0.023404,0.016445,0.013133,0.416233,0.389469,0.079539,0.014781,0.013749,0.015376
0.008214,0.015653,0.007704,0.021572,0.455852,0.391667,0.054886,0.010943,0.016950,0.016558
0.090712,0.059034,0.058986,0.101830,0.129331,0.118368,0.144475,0.057300,0.145745,0.094219
0.012307,0.017788,0.012263,0.030651,0.455664,0.355336,0.063078,0.030070,0.010415,0.012428
0.149704,0.087851,0.052375,0.074613,0.142421,0.131484,0.085654,0.085369,0.115265,0.075264
0.023040,0.028494,0.010460,0.008260,0.445256,0.360817,0.065479,0.012015,0.033600,0.012579
0.056678,0.067146,0.113831,0.098292,0.092321,0.082076,0.144471,0.124874,0.119050,0.101261
0.089713,0.079350,0.054918,0.085071,0.134991,0.092520,0.131864,0.132743,0.105123,0.093708
0.106224,0.108290,0.149710,0.102520,0.118679,0.088842,0.088152,0.046499,0.131412,0.059672
0.159217,0.066333,0.055844,0.103076,0.133543,0.155983,0.091550,0.076314,0.097050,0.061088
0.132144,0.078446,0.161985,0.092380,0.146181,0.108699,0.076337,0.053378,0.106900,0.043551
0.049630,0.056664,0.040880,0.096322,0.119750,0.091296,0.159629,0.133722,0.131125,0.120982
0.126430,0.088077,0.101101,0.076035,0.159389,0.088285,0.131377,0.108792,0.076238,0.044276
0.127423,0.059644,0.103207,0.073539,0.124272,0.075760,0.143343,0.109251,0.137902,0.045659
0.069648,0.098256,0.063590,0.080273,0.109097,0.102053,0.162886,0.133481,0.062091,0.118624
0.074607,0.114173,0.048476,0.106116,0.128368,0.054139,0.099530,0.115232,0.135770,0.123587
0.145283,0.074845,0.074719,0.070150,0.123938,0.104427,0.160762,0.050474,0.135172,0.060232
0.097177,0.120866,0.131752,0.082527,0.091535,0.079747,0.126116,0.126849,0.093548,0.049884
0.018305,0.016178,0.022269,0.014617,0.426187,0.369302,0.086189,0.014846,0.014517,0.017591
0.076439,0.113518,0.154871,0.098388,0.126688,0.084851,0.086515,0.142048,0.058474,0.058208
0.014245,0.026507,0.010880,0.019929,0.432283,0.380380,0.070016,0.024485,0.011200,0.010074
0.069954,0.073017,0.133872,0.087111,0.190479,0.102844,0.092218,0.082540,0.127291,0.040675
0.010086,0.009502,0.021308,0.008801,0.424897,0.356441,0.067482,0.022520,0.052622,0.026341
0.017706,0.017774,0.015705,0.017659,0.426817,0.354886,0.087722,0.019714,0.019290,0.022728
0.079786,0.148115,0.089838,0.086312,0.057199,0.099984,0.136097,0.083614,0.144550,0.074503
0.012743,0.018848,0.009103,0.010870,0.448826,0.352286,0.056765,0.022480,0.040854,0.027225
0.010080,0.014455,0.017767,0.006879,0.437684,0.413409,0.057375,0.009173,0.014306,0.018871
0.049384,0.146539,0.100923,0.063489,0.052010,0.108651,0.128335,0.106323,0.125398,0.118947
0.066620,0.073314,0.073900,0.090788,0.104831,0.095569,0.163812,0.069256,0.167412,0.094497
0.095981,0.066738,0.120542,0.118755,0.096957,0.062995,0.159034,0.129492,0.092129,0.057377
0.080972,0.145990,0.091126,0.112287,0.090442,0.129563,0.082893,0.061771,0.139022,0.065935
0.086575,0.052549,0.134199,0.086195,0.118787,0.067995,0.149046,0.097554,0.094703,0.112397
0.094693,0.126546,0.062358,0.081123,0.117095,0.077528,0.152991,0.090382,0.098770,0.098515
0.096581,0.117283,0.092356,0.083633,0.092468,0.140892,0.126633,0.048372,0.092216,0.109566
0.085946,0.067489,0.057156,0.108273,0.057048,0.164123,0.179515,0.111193,0.107430,0.061827
0.103634,0.047039,0.123554,0.053541,0.166401,0.126508,0.138179,0.110529,0.094281,0.036334
0.072857,0.120478,0.100817,0.096934,0.091293,0.090864,0.097465,0.137040,0.132014,0.060237
0.129875,0.063459,0.086032,0.075507,0.099765,0.100399,0.182851,0.115991,0.083512,0.062609
0.113307,0.072517,0.072433,0.081001,0.130080,0.070741,0.095248,0.068154,0.134770,0.161749
0.099110,0.116761,0.047721,0.078539,0.120460,0.104781,0.125220,0.097758,0.096562,0.113090
0.081469,0.073712,0.100559,0.081511,0.055388,0.075745,0.147941,0.206174,0.061871,0.115630
0.087429,0.121986,0.082338,0.076395,0.144856,0.081738,0.146347,0.093190,0.115269,0.050452
0.124488,0.070485,0.065951,0.095625,0.137393,0.102510,0.087110,0.126578,0.138744,0.051116
0.050472,0.112994,0.152520,0.104798,0.090983,0.086550,0.129231,0.051841,0.130179,0.090431
0.010487,0.017371,0.012096,0.009783,0.437513,0.395714,0.060454,0.009879,0.020288,0.026414
0.143919,0.087658,0.060226,0.094760,0.058427,0.124755,0.102333,0.121295,0.155214,0.051413
0.015330,0.015950,0.015124,0.017060,0.421413,0.357370,0.094847,0.013716,0.023984,0.025205
0.092648,0.047510,0.119673,0.079185,0.107787,0.103398,0.118783,0.133093,0.090095,0.107829
0.108839,0.078932,0.078058,0.073476,0.103036,0.109250,0.164951,0.054375,0.106456,0.122628
0.091941,0.081913,0.153338,0.103138,0.106316,0.094425,0.135623,0.109322,0.080584,0.043400
0.093770,0.079172,0.101278,0.104004,0.102822,0.087941,0.135924,0.133725,0.102231,0.059132
0.131035,0.067256,0.069817,0.121507,0.062170,0.090117,0.166240,0.093685,0.146157,0.052017
0.134777,0.068834,0.082891,0.097363,0.139792,0.119187,0.082177,0.057850,0.155025,0.062104
0.078543,0.068773,0.061859,0.098271,0.137980,0.124079,0.079422,0.154575,0.144583,0.051917
0.086182,0.134051,0.156238,0.074879,0.083706,0.109798,0.078071,0.089408,0.145770,0.041897
0.125298,0.108603,0.070461,0.104766,0.089602,0.110110,0.096915,0.099067,0.141495,0.053682
0.079961,0.116754,0.072835,0.070933,0.084277,0.090485,0.137528,0.107944,0.145365,0.093918
0.009603,0.013176,0.010703,0.024609,0.452761,0.387023,0.066653,0.011962,0.010765,0.012745
0.101977,0.115324,0.052783,0.102203,0.060389,0.118965,0.144738,0.114952,0.064928,0.123742
0.020924,0.014419,0.013687,0.014702,0.431597,0.362576,0.084492,0.016103,0.022821,0.018679
0.155308,0.076718,0.103732,0.084942,0.120687,0.094069,0.099039,0.074089,0.103650,0.087766
0.013366,0.011462,0.010851,0.011454,0.394811,0.336273,0.077863,0.083292,0.039112,0.021516
0.022286,0.016864,0.020386,0.017750,0.420523,0.407906,0.064958,0.011036,0.009983,0.008308
0.124336,0.123623,0.074139,0.086056,0.136550,0.081385,0.093835,0.099170,0.067940,0.112967
0.090958,0.118952,0.174059,0.066906,0.093709,0.052509,0.081248,0.052438,0.137139,0.132082
0.136129,0.077198,0.140231,0.065155,0.122625,0.075036,0.121690,0.103951,0.119598,0.038386
0.027819,0.017150,0.014747,0.018372,0.412652,0.367458,0.087784,0.014819,0.016990,0.022209
0.125472,0.099547,0.130781,0.064489,0.176345,0.069771,0.060095,0.044249,0.125074,0.104178
0.091689,0.153764,0.051506,0.079595,0.142124,0.122853,0.104808,0.086094,0.114577,0.052990
0.163443,0.082527,0.105928,0.065852,0.097426,0.075641,0.133204,0.089569,0.125500,0.060910
0.122536,0.142530,0.145818,0.078612,0.115342,0.144593,0.068717,0.047608,0.054300,0.079945
0.008987,0.028158,0.016576,0.012282,0.452548,0.377381,0.070194,0.011679,0.009826,0.012368
0.111882,0.070912,0.093690,0.064415,0.116146,0.104648,0.159803,0.080451,0.110615,0.087438
0.086199,0.117012,0.175027,0.097283,0.131410,0.052564,0.077027,0.115177,0.058437,0.089862
0.061891,0.092684,0.116763,0.119414,0.145555,0.067669,0.089829,0.130086,0.128797,0.047313
0.135686,0.090289,0.066540,0.072848,0.144458,0.164489,0.144968,0.062230,0.069187,0.049305
0.109719,0.067881,0.203296,0.078137,0.063011,0.064046,0.115771,0.064324,0.151687,0.082128
0.094089,0.069391,0.066256,0.074308,0.119428,0.098381,0.163840,0.098509,0.156437,0.059360
0.106555,0.074712,0.152688,0.066263,0.130885,0.091007,0.070139,0.138219,0.115549,0.053982
0.047553,0.058638,0.094125,0.098109,0.177424,0.104551,0.072829,0.194937,0.095362,0.056472
0.018709,0.018171,0.014407,0.022309,0.414077,0.363189,0.089137,0.015656,0.025820,0.018526
0.075602,0.114271,0.078524,0.086362,0.134487,0.110815,0.069990,0.142383,0.130464,0.057102
0.066816,0.118676,0.075352,0.089475,0.075521,0.077888,0.091998,0.222328,0.128221,0.053725
0.069024,0.149164,0.054750,0.089257,0.089002,0.115963,0.176970,0.053806,0.108272,0.093792
0.116124,0.068818,0.167695,0.068239,0.111343,0.118977,0.097934,0.092642,0.108552,0.049676
0.059808,0.074496,0.113383,0.114059,0.113988,0.124557,0.146687,0.082551,0.113426,0.057045
0.100688,0.084457,0.107122,0.067852,0.124600,0.097147,0.097050,0.141438,0.109415,0.070232
0.166333,0.108141,0.097011,0.087470,0.099526,0.051002,0.130592,0.053652,0.098098,0.108175
0.110319,0.074901,0.115812,0.107306,0.138142,0.127758,0.085902,0.065403,0.115686,0.058773
0.153107,0.127531,0.071551,0.059998,0.101739,0.111583,0.130432,0.083885,0.103321,0.056852
0.105998,0.081647,0.063848,0.117457,0.112627,0.140816,0.095522,0.070953,0.130401,0.080730
0.065135,0.075928,0.072055,0.110305,0.151204,0.108425,0.094156,0.104540,0.147885,0.070366
0.109295,0.099655,0.053887,0.079689,0.067583,0.110715,0.153565,0.096637,0.074432,0.154541
0.085963,0.081295,0.156375,0.108506,0.133809,0.092779,0.101914,0.055256,0.061414,0.122688
0.010377,0.013972,0.018261,0.011614,0.430730,0.393479,0.061433,0.020998,0.012669,0.026468
0.114221,0.084640,0.160754,0.100021,0.098222,0.118679,0.096843,0.116216,0.063337,0.047067
0.104775,0.064574,0.187987,0.089240,0.093312,0.123145,0.090523,0.058541,0.123180,0.064723
0.016093,0.016678,0.012682,0.023335,0.408473,0.384474,0.079470,0.012955,0.014700,0.031140
0.013723,0.016529,0.016941,0.013833,0.435890,0.373356,0.073767,0.013245,0.022948,0.019768
0.087380,0.144874,0.079044,0.108027,0.137735,0.096969,0.138609,0.053457,0.107329,0.046575
0.075199,0.060894,0.107586,0.071059,0.085597,0.119322,0.155421,0.148404,0.078839,0.097678
0.074823,0.061350,0.067741,0.067351,0.113450,0.106258,0.068835,0.206335,0.130230,0.103627
0.022802,0.010412,0.016290,0.022275,0.431740,0.396445,0.059202,0.011827,0.011195,0.017811
0.065418,0.071676,0.053343,0.099543,0.119157,0.164482,0.094491,0.127901,0.146693,0.057296
0.012740,0.013752,0.011492,0.013313,0.428672,0.359677,0.072186,0.011193,0.045909,0.031066
0.024911,0.011004,0.011433,0.012444,0.421546,0.340413,0.066441,0.047959,0.050437,0.013412
0.077641,0.124737,0.098233,0.088124,0.121631,0.107440,0.132024,0.101180,0.104263,0.044728
0.040349,0.020975,0.022343,0.021231,0.377871,0.346557,0.108397,0.019842,0.022836,0.019598
0.086374,0.129030,0.085766,0.094256,0.147470,0.058187,0.149267,0.077815,0.115309,0.056525
0.127018,0.051655,0.082109,0.048702,0.103506,0.092952,0.109570,0.176273,0.108804,0.099412
0.078165,0.143652,0.097756,0.062551,0.126658,0.067496,0.086415,0.144044,0.100981,0.092281
0.015107,0.016153,0.014509,0.015184,0.419831,0.374866,0.096450,0.014236,0.014499,0.019164
0.017212,0.017886,0.014874,0.022329,0.383675,0.403025,0.084075,0.016907,0.025071,0.014947
0.010943,0.022917,0.023934,0.010901,0.423277,0.358695,0.080885,0.011948,0.011679,0.044822
0.084438,0.114282,0.111740,0.073205,0.085513,0.083486,0.156183,0.090458,0.109258,0.091438
0.118516,0.159214,0.052041,0.077857,0.097750,0.097252,0.079458,0.077656,0.109581,0.130675
0.106552,0.108997,0.151153,0.104688,0.080653,0.109394,0.097624,0.085687,0.099821,0.055431
0.083804,0.072350,0.079346,0.099588,0.072201,0.109541,0.136163,0.142316,0.091333,0.113358
0.145569,0.056738,0.065460,0.096406,0.124868,0.141256,0.072533,0.123533,0.073413,0.100223
0.065813,0.125057,0.075162,0.058190,0.081985,0.108284,0.160419,0.140763,0.105156,0.079170
0.010694,0.029508,0.008745,0.008968,0.453563,0.379808,0.066491,0.012442,0.009660,0.020123
0.009962,0.013392,0.017266,0.024433,0.437749,0.383327,0.064769,0.011492,0.012183,0.025428
0.126677,0.099624,0.111710,0.058182,0.107941,0.089663,0.110245,0.168300,0.058880,0.068779
0.017203,0.016330,0.019045,0.023014,0.425035,0.356846,0.082804,0.018778,0.024247,0.016699
0.105735,0.087150,0.087354,0.113436,0.099945,0.115808,0.080654,0.118929,0.142007,0.048982
0.012135,0.018198,0.022491,0.010239,0.423717,0.388356,0.069434,0.009704,0.019977,0.025749
0.104128,0.074084,0.101656,0.079638,0.071243,0.106533,0.201687,0.070500,0.127770,0.062761
0.100905,0.104618,0.145546,0.093776,0.120278,0.106159,0.085058,0.100178,0.105129,0.038353
0.009669,0.012667,0.011893,0.009745,0.426986,0.433264,0.057598,0.012227,0.015034,0.010918
0.117970,0.070837,0.121569,0.119183,0.145059,0.090755,0.093291,0.067193,0.120866,0.053275
0.091320,0.095918,0.124471,0.060866,0.118776,0.095760,0.064188,0.182231,0.117810,0.048660
0.083473,0.081861,0.060412,0.106676,0.058573,0.084523,0.074826,0.233755,0.119952,0.095950
0.010909,0.010241,0.019776,0.011409,0.402643,0.432082,0.065440,0.014700,0.012264,0.020535
0.141952,0.076876,0.121472,0.099286,0.122629,0.065623,0.160829,0.064928,0.070529,0.075876
0.095770,0.077572,0.099045,0.070071,0.211658,0.088912,0.126841,0.072842,0.111298,0.045992
0.097291,0.101258,0.049974,0.057473,0.087534,0.104987,0.091622,0.203438,0.093418,0.113006
0.148882,0.129720,0.047903,0.059921,0.133701,0.086001,0.083113,0.130979,0.128609,0.051170
