0.098188,0.096235,0.100157,0.095890,0.099161,0.096881,0.105247,0.106136,0.104701,0.097404
0.102242,0.093926,0.098514,0.093593,0.102656,0.093247,0.103992,0.111562,0.104657,0.095610
0.101481,0.098321,0.098217,0.099863,0.095631,0.101670,0.094412,0.111923,0.099098,0.099385
0.082890,0.077471,0.082747,0.080254,0.165818,0.185946,0.081899,0.082345,0.077930,0.082700
0.102232,0.095479,0.099005,0.099137,0.096265,0.101058,0.095097,0.111261,0.103556,0.096910
0.083290,0.078500,0.080155,0.083370,0.156874,0.178750,0.082016,0.093261,0.084428,0.079356
0.096617,0.096581,0.098983,0.097715,0.102064,0.095706,0.103580,0.104248,0.103705,0.100802
0.100900,0.099144,0.098573,0.099210,0.096068,0.093934,0.103781,0.111198,0.103074,0.094117
0.099843,0.094448,0.100096,0.094406,0.103818,0.093247,0.108512,0.103550,0.102530,0.099550
0.085330,0.077513,0.079990,0.079811,0.167380,0.188966,0.082140,0.078247,0.077962,0.082661
0.096136,0.097957,0.101586,0.099901,0.105309,0.106554,0.094626,0.094769,0.101428,0.101734
0.078129,0.077993,0.089352,0.074102,0.170123,0.185206,0.080058,0.080136,0.081005,0.083894
0.083497,0.079217,0.075090,0.073417,0.177801,0.192733,0.084541,0.078843,0.073983,0.080878
0.102027,0.099616,0.099610,0.092857,0.099824,0.102420,0.105697,0.102501,0.100081,0.095367
0.093497,0.092724,0.095676,0.073524,0.158045,0.169396,0.078644,0.080944,0.072454,0.085095
0.098152,0.095205,0.098709,0.101771,0.100920,0.093681,0.110440,0.100133,0.104977,0.096012
0.096285,0.095474,0.098618,0.099786,0.101534,0.101391,0.103597,0.100798,0.101101,0.101418
0.102306,0.095634,0.099112,0.099048,0.100273,0.094836,0.105497,0.102208,0.099690,0.101397
0.100811,0.093830,0.100277,0.097224,0.105070,0.100139,0.103382,0.101315,0.103241,0.094712
0.081610,0.075007,0.082209,0.079788,0.172616,0.191574,0.081450,0.076333,0.083380,0.076036
0.081786,0.080454,0.077643,0.081988,0.165680,0.185861,0.081125,0.081791,0.082905,0.080768
0.075795,0.079722,0.089609,0.078927,0.173542,0.193199,0.082495,0.074250,0.074972,0.077488
0.100816,0.094243,0.099963,0.098132,0.095222,0.106450,0.093967,0.102872,0.105835,0.102502
0.081756,0.079261,0.078585,0.078717,0.170699,0.193994,0.081443,0.076145,0.082300,0.077100
0.081383,0.083414,0.077518,0.075605,0.173192,0.191373,0.081833,0.075840,0.084312,0.075530
0.100748,0.092633,0.097067,0.096599,0.104818,0.107537,0.104104,0.100883,0.101873,0.093738
0.097848,0.098363,0.096691,0.095804,0.104365,0.091412,0.102042,0.110681,0.102060,0.100733
0.081189,0.077076,0.080442,0.078397,0.164121,0.182432,0.081759,0.085214,0.084060,0.085311
0.103125,0.094513,0.098139,0.097771,0.099744,0.100783,0.110023,0.096922,0.104278,0.094701
0.099591,0.105107,0.092569,0.093365,0.104446,0.092956,0.109642,0.099596,0.103224,0.099505
0.101051,0.097163,0.098762,0.101003,0.096461,0.100054,0.103140,0.100213,0.102095,0.100059
0.101587,0.094475,0.101458,0.097104,0.105077,0.092885,0.109336,0.094547,0.103317,0.100214
0.082452,0.076600,0.082768,0.077217,0.174637,0.192581,0.082535,0.076849,0.076210,0.078150
0.079671,0.079734,0.077867,0.075242,0.170014,0.188364,0.082246,0.081227,0.083123,0.082513
0.099901,0.097777,0.097725,0.096450,0.105572,0.101031,0.103076,0.095036,0.103398,0.100034
0.101139,0.095513,0.098062,0.095964,0.105054,0.094996,0.103623,0.104047,0.101116,0.100486
0.097262,0.102398,0.098257,0.098310,0.096549,0.102677,0.105456,0.097852,0.104997,0.096242
0.100722,0.101154,0.099490,0.100996,0.096140,0.095999,0.094853,0.103007,0.103416,0.104222
0.104104,0.094566,0.100422,0.098306,0.107894,0.095993,0.094429,0.095611,0.104899,0.103776
0.097626,0.096795,0.096856,0.097166,0.100908,0.106208,0.093574,0.111125,0.100233,0.099512
0.096169,0.098374,0.098252,0.098672,0.106219,0.101002,0.105104,0.101535,0.095581,0.099092
0.098205,0.095055,0.102246,0.101994,0.096724,0.102135,0.096065,0.096707,0.106493,0.104376
0.098015,0.096744,0.098681,0.099184,0.097716,0.102458,0.096607,0.106346,0.100939,0.103309
0.096009,0.100083,0.098719,0.100287,0.108260,0.101912,0.105675,0.093897,0.099235,0.095923
0.078634,0.075580,0.086000,0.079553,0.167454,0.187237,0.080489,0.076795,0.084083,0.084174
0.100918,0.096263,0.100036,0.097867,0.100638,0.096725,0.100669,0.103495,0.096418,0.106970
0.092224,0.076986,0.081151,0.077414,0.166204,0.180576,0.081562,0.083988,0.075922,0.083973
0.101415,0.102827,0.099248,0.099475,0.101609,0.101337,0.103218,0.095421,0.095163,0.100287
0.100061,0.098166,0.101040,0.100871,0.098426,0.104398,0.103948,0.094520,0.103761,0.094808
0.098888,0.102614,0.104866,0.102769,0.107260,0.098457,0.094895,0.097823,0.095415,0.097013
0.076299,0.075516,0.088338,0.078213,0.174173,0.191560,0.081438,0.082234,0.075298,0.076931
0.101641,0.102156,0.100041,0.100760,0.104794,0.098638,0.094236,0.097450,0.105108,0.095177
0.097288,0.102041,0.099359,0.102763,0.103263,0.096251,0.095491,0.102612,0.104565,0.096366
0.081236,0.093192,0.075807,0.080149,0.162987,0.175542,0.082585,0.082202,0.083320,0.082980
0.100823,0.099978,0.096231,0.096361,0.098976,0.100750,0.103693,0.100485,0.102463,0.100240
0.076366,0.080548,0.082186,0.079604,0.169380,0.190876,0.081538,0.084966,0.076253,0.078282
0.079653,0.083871,0.081168,0.082374,0.155078,0.185111,0.082778,0.081037,0.084300,0.084632
0.102967,0.102498,0.099371,0.101421,0.100688,0.096623,0.099473,0.098192,0.103673,0.095094
0.097638,0.101017,0.098721,0.101008,0.108229,0.092219,0.092906,0.099710,0.104973,0.103579
0.100385,0.099410,0.101092,0.102402,0.097352,0.094472,0.099179,0.098675,0.103692,0.103341
0.079675,0.080031,0.082041,0.079827,0.168660,0.187914,0.080904,0.076611,0.081959,0.082379
0.102810,0.106339,0.095111,0.100955,0.105356,0.096489,0.094155,0.097427,0.104528,0.096830
0.079601,0.077641,0.095088,0.079442,0.170562,0.185747,0.082686,0.073942,0.075313,0.079977
0.077556,0.079438,0.084389,0.077868,0.166867,0.187198,0.082557,0.082736,0.078517,0.082873
0.096897,0.094315,0.099387,0.093793,0.104556,0.102483,0.105103,0.095194,0.102787,0.105484
0.101329,0.094106,0.097115,0.100176,0.105614,0.093479,0.110645,0.097475,0.099259,0.100803
0.097515,0.103010,0.098764,0.097819,0.096627,0.100982,0.103802,0.096435,0.104032,0.101014
0.096000,0.098518,0.102269,0.093571,0.106305,0.102125,0.097915,0.102050,0.106803,0.094444
0.103648,0.102057,0.098085,0.100544,0.096079,0.100695,0.092754,0.099139,0.104453,0.102545
0.096016,0.094132,0.097543,0.098786,0.097149,0.100076,0.108137,0.110707,0.103076,0.094378
0.080882,0.079431,0.078936,0.079420,0.168174,0.185728,0.082486,0.078034,0.085092,0.081817
0.082712,0.075551,0.081386,0.075112,0.173109,0.192891,0.081528,0.077012,0.084244,0.076456
0.103162,0.099968,0.102370,0.101924,0.101615,0.095150,0.094722,0.099583,0.104433,0.097074
0.097361,0.095053,0.101514,0.103011,0.100788,0.095704,0.106202,0.102786,0.095456,0.102125
0.101696,0.097840,0.095731,0.096973,0.105748,0.097228,0.094785,0.112321,0.102221,0.095458
0.102013,0.095634,0.100019,0.100666,0.098759,0.093951,0.104765,0.099751,0.100714,0.103728
0.098155,0.103067,0.100227,0.099305,0.097603,0.099946,0.096544,0.096752,0.104865,0.103537
0.081926,0.076072,0.082288,0.082210,0.169625,0.188740,0.081083,0.076791,0.083842,0.077424
0.082526,0.079433,0.079417,0.079205,0.166060,0.185306,0.082691,0.079525,0.079707,0.086129
0.096563,0.093131,0.095919,0.098106,0.100073,0.106487,0.101088,0.109418,0.101401,0.097814
0.086961,0.079684,0.082712,0.075976,0.170147,0.188799,0.081422,0.074403,0.075744,0.084153
0.102502,0.095763,0.100375,0.098937,0.101536,0.107037,0.095403,0.098284,0.103740,0.096421
0.082506,0.080686,0.078777,0.077305,0.162491,0.186507,0.080825,0.092172,0.079765,0.078965
0.078593,0.086452,0.081911,0.076972,0.168635,0.184541,0.080519,0.075690,0.083634,0.083053
0.102463,0.104445,0.096322,0.098927,0.094732,0.091198,0.107576,0.098195,0.106206,0.099937
0.082140,0.082795,0.080657,0.076795,0.172413,0.191329,0.081148,0.076387,0.075656,0.080678
0.103358,0.095099,0.101798,0.100683,0.097621,0.110138,0.105775,0.095146,0.094339,0.096043
0.100198,0.100423,0.099593,0.097710,0.097530,0.100743,0.105156,0.098917,0.104666,0.095064
0.087356,0.078649,0.081932,0.077318,0.168160,0.185908,0.080913,0.083064,0.081756,0.074943
0.107521,0.102388,0.100672,0.094579,0.102532,0.095824,0.094725,0.098991,0.095247,0.107520
0.098592,0.100782,0.095234,0.096530,0.098742,0.105233,0.101503,0.109128,0.100728,0.093530
0.096480,0.098969,0.098085,0.098845,0.097464,0.095293,0.104420,0.105102,0.103218,0.102125
0.083105,0.079507,0.080052,0.080754,0.162639,0.184893,0.082035,0.078338,0.082732,0.085945
0.101257,0.094415,0.097706,0.098014,0.099268,0.097302,0.104666,0.101073,0.104531,0.101767
0.104057,0.093420,0.102770,0.098095,0.107819,0.095987,0.112043,0.097093,0.093685,0.095032
0.103027,0.103424,0.100073,0.102135,0.098948,0.096883,0.094657,0.098721,0.105663,0.096470
0.102381,0.096318,0.098673,0.094853,0.095979,0.102492,0.105102,0.096882,0.104876,0.102444
0.077013,0.081112,0.082466,0.082635,0.161069,0.182169,0.081371,0.092782,0.077942,0.081441
0.100752,0.106674,0.101222,0.102899,0.096357,0.093469,0.094384,0.096298,0.105122,0.102824
0.103428,0.096321,0.100746,0.098639,0.099606,0.104476,0.100577,0.097475,0.101892,0.096840
0.096538,0.105734,0.098666,0.097693,0.099812,0.105918,0.094080,0.096822,0.103203,0.101535
0.100447,0.096821,0.103326,0.099037,0.097303,0.098409,0.096509,0.096892,0.106713,0.104544
0.094514,0.102798,0.096505,0.101071,0.095660,0.094028,0.104360,0.104065,0.102804,0.104196
0.104967,0.103038,0.100000,0.101505,0.095369,0.096991,0.093392,0.096357,0.106071,0.102312
0.097477,0.100188,0.099160,0.101515,0.095462,0.092915,0.103679,0.112919,0.094096,0.102590
0.096907,0.095446,0.099528,0.099390,0.102629,0.096624,0.104069,0.097775,0.102477,0.105156
0.100497,0.100570,0.098526,0.097817,0.099952,0.102388,0.105358,0.096918,0.103351,0.094624
0.082362,0.076243,0.078389,0.078889,0.166417,0.189858,0.081111,0.091967,0.076499,0.078265
0.082252,0.080989,0.082309,0.077296,0.165362,0.185813,0.081935,0.078889,0.083226,0.081929
0.096941,0.101015,0.102496,0.099208,0.105659,0.096586,0.093797,0.095895,0.104201,0.104201
0.098893,0.101398,0.100773,0.102740,0.096889,0.107282,0.094258,0.099430,0.102058,0.096279
0.094896,0.092910,0.095488,0.096509,0.104375,0.105472,0.107791,0.099486,0.103718,0.099355
0.102195,0.099012,0.099147,0.097769,0.100188,0.094387,0.103902,0.101924,0.105576,0.095900
0.081193,0.081672,0.079763,0.077569,0.168815,0.195948,0.080650,0.076825,0.081913,0.075652
0.099744,0.097630,0.094240,0.100987,0.101412,0.099722,0.104113,0.100785,0.101047,0.100321
0.101623,0.099838,0.097580,0.101460,0.099835,0.101631,0.098725,0.101407,0.102318,0.095583
0.103004,0.096878,0.100406,0.096473,0.104477,0.100116,0.106853,0.096733,0.097344,0.097716
0.099621,0.096719,0.101902,0.096093,0.103236,0.097025,0.101936,0.097738,0.107327,0.098402
0.103411,0.095752,0.101641,0.098614,0.104165,0.096173,0.095587,0.096898,0.105259,0.102500
0.074786,0.083076,0.079959,0.073357,0.170364,0.190249,0.082018,0.090869,0.074125,0.081197
0.098630,0.099024,0.099699,0.098420,0.097998,0.099310,0.104424,0.100653,0.101850,0.099992
0.100621,0.100906,0.091917,0.091105,0.105366,0.090770,0.103968,0.111368,0.101625,0.102356
0.079593,0.087149,0.080016,0.079874,0.163670,0.178930,0.078981,0.080127,0.089785,0.081876
0.101017,0.094163,0.099028,0.100710,0.106703,0.095621,0.094192,0.101895,0.105676,0.100995
0.082745,0.076794,0.081153,0.078514,0.168519,0.186298,0.082013,0.075774,0.085318,0.082873
0.097093,0.102062,0.099492,0.102487,0.100553,0.096399,0.094460,0.105580,0.100030,0.101844
0.078019,0.079174,0.085711,0.077012,0.172739,0.194865,0.081101,0.075641,0.079580,0.076158
0.097968,0.105697,0.100115,0.099095,0.097266,0.097205,0.096150,0.103385,0.106067,0.097052
0.100633,0.099273,0.101471,0.097543,0.104170,0.094224,0.105095,0.093230,0.103943,0.100419
0.104103,0.092263,0.098875,0.100898,0.105588,0.094970,0.109774,0.095766,0.103452,0.094310
0.077199,0.082853,0.082785,0.078680,0.172390,0.196161,0.081676,0.076517,0.075789,0.075951
0.101170,0.099932,0.098005,0.096678,0.101299,0.095485,0.103347,0.100722,0.102754,0.100609
0.096343,0.100402,0.099069,0.100599,0.102766,0.102209,0.099220,0.095705,0.103579,0.100106
0.099495,0.103387,0.094481,0.099408,0.107057,0.093713,0.097555,0.104029,0.101411,0.099463
0.103245,0.094354,0.100153,0.101483,0.096886,0.097206,0.106584,0.099768,0.104230,0.096090
0.098180,0.094985,0.100535,0.103538,0.106180,0.094107,0.094553,0.099938,0.105054,0.102930
0.096542,0.094885,0.094585,0.099184,0.105250,0.093126,0.103411,0.111217,0.100770,0.101029
0.102744,0.093779,0.094427,0.097232,0.100739,0.093177,0.106842,0.103234,0.104320,0.103506
0.082541,0.076054,0.076008,0.078928,0.173475,0.195452,0.081995,0.076327,0.075351,0.083870
0.104268,0.102322,0.095426,0.102245,0.096267,0.095594,0.107995,0.096022,0.095048,0.104814
0.100452,0.093836,0.097643,0.096259,0.105459,0.108270,0.097208,0.095649,0.102970,0.102255
0.099862,0.103826,0.095637,0.096201,0.106211,0.094075,0.103476,0.093335,0.102752,0.104625
0.082901,0.077144,0.096314,0.072840,0.169129,0.182519,0.082163,0.072414,0.081884,0.082694
0.090034,0.077103,0.081871,0.077359,0.165417,0.179897,0.080452,0.090285,0.080422,0.077161
0.101621,0.093712,0.100072,0.093384,0.101107,0.096418,0.099768,0.103714,0.104577,0.105627
0.098730,0.101390,0.099821,0.099979,0.103666,0.096685,0.105128,0.102837,0.095884,0.095879
0.097205,0.099776,0.100581,0.098115,0.101043,0.093413,0.111097,0.097760,0.105549,0.095460
0.095405,0.093582,0.100432,0.100513,0.097574,0.093795,0.108873,0.103990,0.101721,0.104114
0.101745,0.098564,0.097459,0.098923,0.099599,0.105328,0.104673,0.094159,0.094415,0.105136
0.075565,0.080233,0.081863,0.083515,0.167637,0.186674,0.080795,0.074977,0.084324,0.084417
0.082805,0.079268,0.078440,0.079229,0.170218,0.186908,0.082090,0.078125,0.084967,0.077950
0.097208,0.100074,0.098656,0.101322,0.096132,0.094464,0.110988,0.102919,0.103683,0.094554
0.097675,0.095311,0.099297,0.098880,0.097013,0.103536,0.106467,0.103445,0.101089,0.097287
0.082699,0.074287,0.082217,0.073886,0.176383,0.192470,0.083700,0.078275,0.079622,0.076461
0.096630,0.102112,0.095788,0.093415,0.103182,0.102583,0.096051,0.110098,0.102517,0.097625
0.096344,0.100753,0.098368,0.097466,0.102064,0.106257,0.094391,0.101123,0.102568,0.100667
0.076517,0.078943,0.084229,0.080734,0.174039,0.190500,0.082959,0.076684,0.076743,0.078652
0.095426,0.098484,0.097533,0.097023,0.105283,0.105306,0.098855,0.097370,0.103894,0.100827
0.102145,0.095958,0.096927,0.100280,0.102278,0.100996,0.095765,0.101213,0.099179,0.105258
0.098998,0.097861,0.093501,0.095771,0.105397,0.103456,0.102370,0.102731,0.100301,0.099614
0.081406,0.075807,0.079539,0.077609,0.164143,0.183659,0.080499,0.092061,0.084581,0.080697
0.076119,0.078802,0.078524,0.080094,0.165353,0.186426,0.081047,0.092474,0.082911,0.078250
0.096591,0.098319,0.102032,0.100305,0.096288,0.101274,0.104106,0.095665,0.104243,0.101178
0.100988,0.100182,0.099085,0.098853,0.097871,0.106572,0.094597,0.101753,0.104445,0.095654
0.102714,0.094996,0.099962,0.098574,0.107693,0.106835,0.094886,0.103517,0.094204,0.096619
0.095715,0.093251,0.094150,0.098920,0.105886,0.109353,0.104914,0.093309,0.102389,0.102112
0.081452,0.080210,0.081725,0.079912,0.166121,0.185226,0.080759,0.081657,0.085573,0.077364
0.082101,0.079101,0.077903,0.080190,0.173173,0.191357,0.083120,0.077374,0.076186,0.079497
0.100550,0.096521,0.104070,0.105349,0.098365,0.099083,0.095891,0.105126,0.096577,0.098468
0.101239,0.097284,0.097738,0.099176,0.101421,0.095919,0.095964,0.111044,0.096054,0.104162
0.096551,0.099869,0.096336,0.098243,0.100872,0.095971,0.095279,0.105835,0.104943,0.106102
0.098249,0.098737,0.097314,0.095598,0.093886,0.108337,0.109671,0.094847,0.103569,0.099792
0.099908,0.094310,0.097854,0.097894,0.102781,0.100978,0.094036,0.112310,0.104154,0.095775
0.082609,0.080852,0.076962,0.079070,0.170153,0.185287,0.082700,0.085773,0.079251,0.077344
0.074845,0.079351,0.081238,0.084313,0.169809,0.187172,0.080571,0.075942,0.086877,0.079881
0.077660,0.084996,0.077521,0.081009,0.168443,0.189161,0.080296,0.077009,0.082571,0.081333
0.106186,0.103752,0.104906,0.095560,0.100405,0.101597,0.095667,0.097224,0.096235,0.098469
0.101248,0.094660,0.094353,0.099364,0.103425,0.101278,0.103036,0.104419,0.103677,0.094541
0.097745,0.100019,0.102829,0.101027,0.098057,0.095829,0.094758,0.098719,0.104673,0.106343
0.085675,0.078854,0.080933,0.076810,0.167477,0.184007,0.079577,0.080702,0.086780,0.079185
0.104598,0.096864,0.101299,0.098936,0.100032,0.100674,0.096686,0.097922,0.105164,0.097825
0.100513,0.094006,0.098027,0.093552,0.103829,0.105033,0.104352,0.097205,0.102924,0.100559
0.095365,0.099893,0.098164,0.098331,0.099616,0.094696,0.109406,0.101389,0.103691,0.099448
0.099244,0.094920,0.100900,0.099035,0.108153,0.100857,0.094797,0.101495,0.105364,0.095236
0.097752,0.102139,0.098473,0.100469,0.099978,0.102222,0.094259,0.105461,0.103309,0.095939
0.097398,0.100906,0.100142,0.100591,0.100850,0.096285,0.106115,0.098797,0.094565,0.104350
0.102867,0.095484,0.102094,0.101592,0.096368,0.107662,0.095289,0.096424,0.106055,0.096165
0.103909,0.096775,0.098222,0.098520,0.101053,0.102514,0.096364,0.098970,0.106079,0.097594
0.103962,0.097208,0.100709,0.095955,0.097145,0.097675,0.096590,0.098862,0.105277,0.106615
0.077794,0.076676,0.081722,0.078000,0.171469,0.194670,0.082117,0.076755,0.082854,0.077944
0.102542,0.102241,0.100502,0.100701,0.108723,0.098420,0.100692,0.096436,0.093932,0.095813
0.082327,0.085752,0.076613,0.082213,0.166178,0.185168,0.081735,0.084783,0.077322,0.077910
0.081912,0.075484,0.076579,0.077223,0.172239,0.191151,0.081232,0.082260,0.083994,0.077925
0.089160,0.079873,0.075868,0.078099,0.166092,0.181419,0.082008,0.085035,0.077305,0.085141
0.077598,0.078177,0.081606,0.079632,0.167744,0.190930,0.082872,0.085887,0.077526,0.078029
0.098357,0.100397,0.100495,0.099281,0.099259,0.108549,0.105300,0.096665,0.095059,0.096638
0.099412,0.099081,0.104648,0.103361,0.105484,0.089687,0.103708,0.111531,0.090605,0.092485
0.096590,0.098647,0.099849,0.097370,0.106188,0.096027,0.103969,0.112478,0.093404,0.095477
0.074700,0.086872,0.079750,0.078231,0.166513,0.184020,0.080326,0.081193,0.087358,0.081035
0.101531,0.108026,0.100788,0.092421,0.106839,0.097102,0.105950,0.093228,0.093233,0.100882
0.102619,0.101627,0.101035,0.097365,0.095811,0.101315,0.095341,0.099123,0.100295,0.105470
0.103165,0.101193,0.099503,0.097369,0.096425,0.096066,0.111301,0.102931,0.095891,0.096156
0.083197,0.081723,0.079217,0.078495,0.163486,0.186322,0.081963,0.082693,0.082709,0.080194
0.100021,0.102357,0.097013,0.103743,0.099011,0.103959,0.096183,0.102034,0.096866,0.098813
0.105130,0.094952,0.102282,0.093587,0.098480,0.110449,0.093769,0.103333,0.101163,0.096855
0.102261,0.095280,0.101621,0.100404,0.098981,0.098186,0.100445,0.094931,0.109185,0.098705
0.106159,0.104175,0.097725,0.101464,0.098909,0.096361,0.097830,0.101209,0.097120,0.099049
0.098332,0.092439,0.099837,0.100651,0.098809,0.107640,0.092401,0.111566,0.104027,0.094299
0.080974,0.077637,0.093059,0.076485,0.162398,0.176531,0.079324,0.083052,0.092083,0.078458
0.099047,0.096386,0.101117,0.101025,0.097503,0.097175,0.095093,0.113802,0.102025,0.096826
0.077282,0.077076,0.083211,0.082879,0.164325,0.188327,0.082437,0.085367,0.077281,0.081816
0.105150,0.101440,0.102224,0.101715,0.100757,0.095789,0.094475,0.096289,0.105741,0.096420
0.094851,0.076159,0.074038,0.077399,0.166283,0.178747,0.081197,0.075159,0.096592,0.079574
0.082555,0.078922,0.079049,0.082867,0.163855,0.183255,0.082737,0.082111,0.084057,0.080591
0.097075,0.100701,0.098966,0.100966,0.105041,0.094814,0.110633,0.096206,0.100325,0.095273
0.082484,0.077235,0.079356,0.083129,0.166229,0.189458,0.081671,0.077790,0.080435,0.082214
0.095864,0.100569,0.098588,0.100787,0.101637,0.099773,0.107829,0.098045,0.101860,0.095047
0.098167,0.099986,0.097453,0.099208,0.109336,0.095700,0.096305,0.096139,0.104786,0.102920
0.097446,0.101490,0.099722,0.101690,0.096160,0.096163,0.099319,0.106572,0.105077,0.096360
0.098305,0.095246,0.098619,0.102048,0.101626,0.099996,0.105006,0.097930,0.103851,0.097373
0.098663,0.100898,0.103260,0.103975,0.101793,0.096040,0.095681,0.097328,0.106690,0.095672
0.077570,0.084742,0.082420,0.078787,0.161663,0.179349,0.082875,0.081972,0.084985,0.085638
0.101192,0.098412,0.096408,0.102412,0.102713,0.098291,0.104327,0.098096,0.095974,0.102175
0.096864,0.101297,0.099130,0.101933,0.102489,0.095860,0.098540,0.095737,0.103091,0.105058
0.097391,0.105664,0.099522,0.095137,0.096882,0.096248,0.100154,0.099230,0.106169,0.103603
0.076551,0.077766,0.080445,0.078091,0.164187,0.184004,0.081343,0.092769,0.083478,0.081365
0.099562,0.100272,0.097544,0.096714,0.095099,0.100087,0.108854,0.100966,0.102213,0.098689
0.098135,0.100282,0.102158,0.093992,0.098088,0.095833,0.105340,0.103212,0.107985,0.094976
0.097737,0.101571,0.099919,0.101775,0.097909,0.096752,0.100646,0.097689,0.103638,0.102365
0.102032,0.099632,0.103592,0.103063,0.095242,0.102029,0.091716,0.095197,0.103589,0.103908
0.104708,0.095816,0.095191,0.102949,0.102106,0.094204,0.094733,0.104543,0.108953,0.096796
0.100926,0.099303,0.101223,0.100689,0.096085,0.095234,0.094286,0.102954,0.107249,0.102051
0.099409,0.096634,0.101779,0.099480,0.103104,0.098869,0.096891,0.097626,0.107587,0.098622
0.099714,0.098854,0.101054,0.091342,0.093466,0.101400,0.110450,0.093727,0.107705,0.102288
0.099674,0.099172,0.097670,0.097648,0.101379,0.106244,0.098114,0.096575,0.102810,0.100714
0.101566,0.098602,0.100562,0.098409,0.104686,0.093851,0.102523,0.100289,0.097878,0.101635
0.081980,0.079472,0.080427,0.078440,0.170023,0.189297,0.081655,0.075785,0.081239,0.081680
0.099104,0.096159,0.099089,0.100348,0.102466,0.095583,0.098388,0.105080,0.102532,0.101251
0.102800,0.098948,0.098521,0.096363,0.099360,0.098105,0.105343,0.102071,0.102654,0.095835
0.085708,0.075206,0.087328,0.075746,0.168296,0.186155,0.080234,0.081165,0.078628,0.081533
0.097860,0.100235,0.100182,0.104311,0.102098,0.096316,0.096258,0.103981,0.101243,0.097516
0.102057,0.097859,0.096318,0.101648,0.095319,0.105525,0.097308,0.101431,0.103254,0.099280
0.097584,0.095511,0.100904,0.101651,0.100512,0.096012,0.106167,0.099578,0.105495,0.096586
0.104865,0.102744,0.101513,0.098772,0.102658,0.096312,0.101305,0.099218,0.096209,0.096405
0.102956,0.099165,0.101221,0.094115,0.095546,0.102752,0.098659,0.095804,0.107419,0.102364
0.094564,0.094657,0.097084,0.098754,0.100476,0.099198,0.106506,0.109352,0.102055,0.097356
0.082640,0.077660,0.081605,0.080575,0.166576,0.190183,0.081497,0.077368,0.084359,0.077537
0.101038,0.094139,0.098371,0.092849,0.097506,0.107528,0.109419,0.101830,0.102609,0.094711
0.096641,0.102275,0.101358,0.100246,0.099790,0.093870,0.105618,0.102173,0.103433,0.094596
0.098794,0.096815,0.096274,0.100446,0.104348,0.099328,0.093395,0.110842,0.100295,0.099464
0.099750,0.108447,0.101764,0.095985,0.100333,0.097142,0.096004,0.099960,0.096367,0.104248
0.103477,0.103305,0.093547,0.099515,0.107494,0.099156,0.092789,0.103419,0.093301,0.103997
0.078482,0.076728,0.079421,0.076305,0.160820,0.188524,0.081511,0.092223,0.084370,0.081614
0.104376,0.096521,0.100665,0.102307,0.096439,0.097686,0.095151,0.107633,0.095719,0.103502
0.101724,0.103413,0.101000,0.099560,0.097481,0.106790,0.095876,0.103726,0.094466,0.095963
0.097948,0.096297,0.099920,0.098958,0.106809,0.103191,0.100321,0.096385,0.103248,0.096923
0.101648,0.101983,0.102555,0.093554,0.097834,0.095732,0.105653,0.094963,0.100281,0.105796
0.081705,0.079114,0.082384,0.078545,0.165301,0.181313,0.081650,0.082532,0.084141,0.083315
0.095937,0.099638,0.098060,0.097083,0.095411,0.095332,0.103322,0.111473,0.103303,0.100439
0.099936,0.097794,0.097417,0.098906,0.101470,0.094438,0.109456,0.104351,0.102558,0.093673
0.100259,0.096217,0.103229,0.100270,0.100069,0.095410,0.095829,0.098369,0.104910,0.105436
0.101531,0.094405,0.097886,0.097174,0.099261,0.097754,0.110714,0.096105,0.104142,0.101028
0.100118,0.096000,0.098276,0.099897,0.097658,0.107735,0.108844,0.092310,0.100416,0.098746
0.096731,0.096000,0.098829,0.100747,0.099537,0.106072,0.098601,0.095167,0.105217,0.103099
0.097746,0.097853,0.097052,0.097581,0.094807,0.095512,0.108105,0.110955,0.101725,0.098664
0.108062,0.092156,0.105774,0.104710,0.106513,0.095662,0.092445,0.093287,0.104600,0.096789
0.098593,0.100024,0.101332,0.103719,0.098625,0.097265,0.095327,0.096768,0.105516,0.102831
0.099988,0.098570,0.097072,0.098681,0.100775,0.105324,0.102680,0.100051,0.100890,0.095970
0.081809,0.082964,0.075818,0.077971,0.173067,0.191464,0.081183,0.076260,0.083512,0.075953
0.102039,0.105882,0.097184,0.101767,0.098925,0.105652,0.097570,0.095713,0.099175,0.096092
0.078947,0.083172,0.080398,0.083317,0.158433,0.187712,0.082082,0.077870,0.085517,0.082551
0.077025,0.079623,0.078405,0.081085,0.169982,0.187593,0.082293,0.076233,0.083914,0.083847
0.099828,0.093877,0.099250,0.096131,0.101687,0.101139,0.109762,0.095161,0.101929,0.101233
0.104614,0.093812,0.102212,0.102236,0.095658,0.094284,0.092991,0.113404,0.105117,0.095671
0.097968,0.101883,0.100317,0.098833,0.106265,0.096504,0.099805,0.100030,0.094941,0.103454
0.082004,0.081026,0.078722,0.078015,0.162925,0.187177,0.081851,0.092200,0.077037,0.079042
0.096071,0.095199,0.096364,0.099278,0.105350,0.104254,0.097084,0.111733,0.094681,0.099985
0.100811,0.105176,0.101740,0.096613,0.095220,0.105529,0.094015,0.105353,0.098914,0.096630
0.080996,0.084692,0.075842,0.075650,0.164261,0.183490,0.080834,0.092335,0.083692,0.078208
0.099315,0.105472,0.099952,0.101538,0.104183,0.091897,0.097971,0.096571,0.102066,0.101034
0.103281,0.100435,0.101320,0.104596,0.098054,0.096514,0.097202,0.097197,0.097848,0.103552
0.100148,0.095161,0.094803,0.099810,0.096938,0.107644,0.104068,0.112083,0.094534,0.094810
0.081386,0.079811,0.081819,0.079755,0.170910,0.190092,0.080720,0.076150,0.081876,0.077481
0.083839,0.080404,0.079911,0.080441,0.157978,0.181258,0.083102,0.083318,0.083118,0.086631
0.104335,0.095201,0.099183,0.099003,0.095911,0.097240,0.099688,0.095253,0.107684,0.106503
0.102639,0.099619,0.099031,0.099681,0.096538,0.104753,0.104617,0.096237,0.101989,0.094896
0.098919,0.097866,0.098061,0.101430,0.101994,0.101498,0.093744,0.097319,0.104494,0.104673
0.097191,0.099244,0.099285,0.103325,0.098222,0.098944,0.096227,0.102919,0.104337,0.100306
0.075936,0.080081,0.081204,0.076712,0.169992,0.187423,0.081139,0.076628,0.088740,0.082145
0.098769,0.102595,0.101335,0.103019,0.109341,0.097530,0.094624,0.100923,0.095118,0.096748
0.083286,0.092805,0.079786,0.073948,0.168429,0.182318,0.082346,0.080344,0.074727,0.082012
0.095551,0.099732,0.096214,0.096436,0.094815,0.101753,0.098430,0.113860,0.104705,0.098505
0.097428,0.095568,0.096541,0.097824,0.105215,0.102823,0.095377,0.106294,0.104928,0.098001
0.080885,0.087388,0.079412,0.077011,0.165542,0.181281,0.079177,0.080179,0.088936,0.080189
0.096897,0.093830,0.096905,0.099406,0.096508,0.105486,0.104322,0.096533,0.106366,0.103747
0.078080,0.072584,0.094228,0.086854,0.171692,0.186499,0.082191,0.075672,0.072254,0.079947
0.100195,0.093485,0.098558,0.099298,0.106159,0.096846,0.109462,0.094655,0.101265,0.100077
0.100629,0.108110,0.094849,0.098110,0.100801,0.094515,0.098578,0.102714,0.105249,0.096446
0.101258,0.100153,0.097333,0.096054,0.102987,0.106922,0.108807,0.093787,0.092905,0.099795
0.080728,0.079994,0.082373,0.072664,0.177012,0.195012,0.083440,0.079052,0.073600,0.076126
0.102687,0.105683,0.101092,0.098993,0.100447,0.094967,0.095035,0.102422,0.095617,0.103058
0.099805,0.097648,0.098082,0.099123,0.095786,0.099318,0.108938,0.093348,0.104165,0.103787
0.095185,0.097559,0.096661,0.094689,0.101436,0.104895,0.110306,0.104779,0.094174,0.100317
0.101508,0.098478,0.099966,0.099307,0.098660,0.100214,0.104257,0.095083,0.102075,0.100451
0.095936,0.095455,0.097073,0.101452,0.099503,0.101612,0.104122,0.101084,0.098991,0.104771
0.082183,0.080599,0.080930,0.077148,0.169091,0.191294,0.082067,0.077317,0.082442,0.076930
0.102440,0.099906,0.101007,0.092399,0.102597,0.101953,0.106007,0.093488,0.104817,0.095385
0.077061,0.082931,0.082673,0.075067,0.170580,0.195054,0.082162,0.075561,0.075715,0.083195
0.084237,0.082170,0.076740,0.078007,0.168395,0.188724,0.080472,0.076331,0.083934,0.080991
0.097359,0.093650,0.095700,0.101591,0.105242,0.101740,0.103696,0.095584,0.103909,0.101529
0.090780,0.075136,0.080713,0.078136,0.172622,0.187028,0.081894,0.082198,0.075075,0.076417
0.103383,0.100786,0.100735,0.091955,0.107610,0.098927,0.094205,0.097954,0.105991,0.098455
0.082157,0.086254,0.077331,0.076809,0.167662,0.187180,0.081476,0.077443,0.086076,0.077612
0.097448,0.095256,0.103391,0.098935,0.097068,0.097188,0.106330,0.099855,0.101212,0.103318
0.100869,0.099885,0.095180,0.096268,0.098046,0.105806,0.102529,0.100453,0.101319,0.099645
0.101810,0.099619,0.097118,0.097967,0.105604,0.109473,0.097401,0.093860,0.104132,0.093015
0.103006,0.095114,0.098122,0.101244,0.104999,0.101652,0.099311,0.097935,0.103042,0.095574
0.103436,0.103405,0.100439,0.103051,0.100883,0.103149,0.094732,0.094574,0.101092,0.095240
0.096500,0.093626,0.097560,0.097800,0.105778,0.095546,0.104960,0.102219,0.104565,0.101445
0.101385,0.097006,0.095269,0.096014,0.104933,0.101252,0.103494,0.100733,0.103223,0.096690
0.101019,0.094040,0.098276,0.096122,0.105400,0.095543,0.109479,0.101550,0.103813,0.094758
0.100764,0.097528,0.096400,0.094808,0.104095,0.103830,0.102818,0.103434,0.093036,0.103286
0.101022,0.099603,0.098976,0.099289,0.105785,0.092952,0.098041,0.097706,0.103761,0.102865
0.101782,0.100080,0.098344,0.100714,0.100152,0.101887,0.104808,0.095175,0.102836,0.094222
0.102179,0.099131,0.097108,0.100802,0.097104,0.095121,0.111010,0.102065,0.099368,0.096114
0.080948,0.079767,0.078652,0.079262,0.174150,0.194320,0.083458,0.075582,0.076609,0.077253
0.098034,0.100332,0.102686,0.099398,0.102069,0.097139,0.100081,0.104075,0.097933,0.098253
0.078259,0.086517,0.080122,0.078764,0.172008,0.192456,0.080937,0.081281,0.074193,0.075463
0.100334,0.100561,0.097041,0.099905,0.105772,0.104618,0.098326,0.094152,0.103501,0.095790
0.080321,0.078761,0.076993,0.083989,0.169768,0.187924,0.080374,0.080759,0.080815,0.080295
0.089658,0.079430,0.076439,0.075915,0.169703,0.185275,0.081479,0.081211,0.082669,0.078220
0.102549,0.099793,0.100752,0.104652,0.094287,0.091307,0.106318,0.097508,0.105629,0.097206
0.078604,0.082764,0.075965,0.078552,0.169459,0.186061,0.079973,0.080837,0.087027,0.080758
0.080001,0.081350,0.082107,0.079993,0.158972,0.181126,0.084282,0.081246,0.086647,0.084276
0.096025,0.105061,0.098328,0.093026,0.094375,0.101801,0.104912,0.101722,0.103678,0.101070
0.099677,0.095465,0.095465,0.099691,0.098750,0.099186,0.106566,0.099088,0.106883,0.099228
0.098874,0.095794,0.104808,0.099875,0.098048,0.096212,0.107954,0.104691,0.096015,0.097730
0.102599,0.100319,0.100211,0.098805,0.097061,0.107171,0.095437,0.096958,0.104998,0.096442
0.099200,0.091479,0.100168,0.100916,0.103745,0.095146,0.104128,0.101325,0.102160,0.101733
0.100198,0.103456,0.095915,0.100051,0.102560,0.092479,0.103095,0.099945,0.104124,0.098177
0.099979,0.096873,0.100028,0.098697,0.095783,0.099395,0.107704,0.095550,0.102371,0.103620
0.098660,0.095304,0.095919,0.101448,0.096213,0.101861,0.105961,0.102962,0.105856,0.095816
0.100589,0.092663,0.100031,0.092264,0.106693,0.099608,0.103950,0.104448,0.105134,0.094619
0.095553,0.101988,0.097184,0.096415,0.101552,0.107240,0.098317,0.103827,0.101699,0.096226
0.101106,0.094442,0.098587,0.100143,0.102342,0.108107,0.104660,0.101831,0.093541,0.095241
0.105879,0.095066,0.102010,0.094713,0.100335,0.097444,0.095083,0.098556,0.105704,0.105210
0.099962,0.096953,0.093738,0.095538,0.102199,0.103473,0.102137,0.099688,0.102724,0.103587
0.096962,0.100951,0.098863,0.097952,0.095813,0.094262,0.104029,0.111117,0.095356,0.104694
0.098477,0.099849,0.100572,0.103937,0.101589,0.097115,0.105428,0.095489,0.101092,0.096453
0.103833,0.095083,0.101472,0.099200,0.107600,0.093365,0.095305,0.100257,0.108309,0.095577
0.096435,0.098851,0.101086,0.098902,0.103146,0.093825,0.105977,0.095782,0.104515,0.101481
0.077040,0.082372,0.082435,0.075889,0.166996,0.187411,0.080843,0.077449,0.084296,0.085268
0.102371,0.100834,0.094588,0.098103,0.094902,0.106325,0.098832,0.102773,0.105275,0.095996
0.091589,0.078711,0.081067,0.078860,0.166467,0.180960,0.081319,0.077168,0.084234,0.079624
0.100452,0.094305,0.095545,0.095851,0.098412,0.104203,0.103927,0.103785,0.102990,0.100531
0.101534,0.100942,0.098316,0.099159,0.097105,0.104556,0.104173,0.094025,0.099293,0.100898
0.103780,0.102698,0.100274,0.098806,0.098691,0.096691,0.105109,0.103043,0.094593,0.096314
0.100358,0.100977,0.099138,0.099391,0.098089,0.096009,0.104751,0.105657,0.100269,0.095361
0.103006,0.093432,0.098590,0.101482,0.095626,0.096983,0.110519,0.098028,0.107417,0.094918
0.102491,0.095199,0.099888,0.101608,0.101403,0.106849,0.094832,0.096746,0.104483,0.096499
0.101954,0.094102,0.100439,0.100933,0.106777,0.098377,0.093817,0.102474,0.104734,0.096393
0.098444,0.100749,0.102609,0.103732,0.096433,0.107257,0.094615,0.095481,0.104705,0.095974
0.101326,0.098791,0.098316,0.098978,0.103276,0.097990,0.099428,0.102398,0.103250,0.096247
0.096645,0.100976,0.098177,0.096787,0.096222,0.095423,0.106226,0.102513,0.105139,0.101892
0.085231,0.077828,0.082662,0.078746,0.168311,0.188694,0.081420,0.082237,0.077212,0.077660
0.099840,0.100343,0.099762,0.102271,0.095427,0.098608,0.104047,0.102303,0.094206,0.103192
0.078616,0.078771,0.092678,0.074886,0.169350,0.185268,0.081715,0.079992,0.083596,0.075129
0.101604,0.100309,0.098357,0.097486,0.099509,0.105542,0.098830,0.096420,0.101236,0.100707
0.079774,0.073785,0.081804,0.073425,0.168380,0.186751,0.080977,0.090889,0.085258,0.078957
0.084650,0.081021,0.081575,0.082484,0.161633,0.185547,0.082880,0.080007,0.079737,0.080468
0.103687,0.100341,0.101111,0.103193,0.100779,0.092949,0.099688,0.099684,0.094037,0.104532
0.107359,0.101542,0.099848,0.093089,0.103993,0.094149,0.093261,0.096038,0.106273,0.104448
0.102193,0.101982,0.099817,0.092614,0.104471,0.096680,0.104055,0.099354,0.104289,0.094545
0.078681,0.078037,0.083949,0.089163,0.172744,0.186123,0.083743,0.074482,0.078204,0.074875
0.100863,0.099521,0.100731,0.103127,0.109290,0.095308,0.091613,0.093090,0.102891,0.103566
0.097152,0.099823,0.099501,0.096970,0.107034,0.102556,0.099034,0.097688,0.105528,0.094714
0.102768,0.102150,0.099345,0.094396,0.103201,0.096626,0.105493,0.095776,0.103968,0.096277
0.102702,0.107953,0.101570,0.097737,0.107158,0.100450,0.092743,0.094415,0.093294,0.101977
0.077427,0.086052,0.078485,0.081042,0.166629,0.186102,0.082396,0.082382,0.079465,0.080020
0.099626,0.099985,0.100720,0.094864,0.098675,0.104355,0.103735,0.093459,0.104672,0.099910
0.107499,0.100372,0.099012,0.102264,0.107406,0.093286,0.092393,0.102727,0.092993,0.102049
0.098142,0.101490,0.103526,0.100270,0.105729,0.096191,0.094173,0.100509,0.104599,0.095371
0.103061,0.101660,0.100170,0.093937,0.105713,0.102054,0.105209,0.097623,0.094533,0.096041
0.107496,0.094403,0.103976,0.094071,0.096898,0.096656,0.101236,0.095610,0.110752,0.098901
0.100304,0.097161,0.096689,0.095754,0.100037,0.095353,0.112747,0.097335,0.106645,0.097974
0.100569,0.098259,0.099116,0.100859,0.103031,0.108548,0.091127,0.100030,0.105326,0.093133
0.095393,0.093451,0.100896,0.099367,0.105370,0.103982,0.093325,0.111060,0.103373,0.093783
0.090703,0.076176,0.082199,0.079276,0.168400,0.183510,0.081515,0.071723,0.082653,0.083844
0.097058,0.099031,0.099008,0.098041,0.099786,0.106450,0.094970,0.106053,0.103504,0.096098
0.100082,0.102794,0.097751,0.101210,0.094835,0.094442,0.098224,0.112153,0.102997,0.095511
0.099828,0.103908,0.094673,0.096068,0.101381,0.104613,0.103825,0.095017,0.100788,0.099899
0.103977,0.095842,0.100522,0.095395,0.099201,0.103898,0.100066,0.096609,0.106487,0.098002
0.097340,0.094986,0.099509,0.101018,0.098537,0.105277,0.104271,0.097884,0.104717,0.096462
0.099425,0.101214,0.097778,0.091172,0.105371,0.107731,0.097768,0.104614,0.099168,0.095759
0.102096,0.100035,0.101903,0.100044,0.096924,0.096108,0.105306,0.096627,0.099078,0.101877
0.100233,0.094301,0.099001,0.102583,0.107230,0.106082,0.094359,0.095088,0.105257,0.095866
0.104007,0.100799,0.100185,0.095275,0.099315,0.100095,0.105905,0.096691,0.101573,0.096155
0.103269,0.094800,0.099427,0.102709,0.103246,0.105965,0.095035,0.096786,0.103200,0.095563
0.098368,0.094805,0.104407,0.103318,0.108071,0.096359,0.093251,0.095704,0.108676,0.097042
0.105587,0.104338,0.099413,0.093774,0.097527,0.093451,0.105774,0.100095,0.094874,0.105167
0.098375,0.102318,0.101501,0.101193,0.105162,0.096183,0.099824,0.096579,0.095142,0.103724
0.081858,0.077749,0.078462,0.079034,0.164788,0.186828,0.081024,0.082144,0.082988,0.085127
0.102989,0.101141,0.099724,0.102824,0.103454,0.099119,0.099246,0.099319,0.095232,0.096952
0.107371,0.093882,0.101110,0.104694,0.097376,0.104326,0.093861,0.097285,0.102496,0.097600
0.082363,0.076639,0.081800,0.079823,0.168629,0.191776,0.081381,0.076910,0.076052,0.084626
0.076839,0.079645,0.082803,0.074647,0.174061,0.191720,0.081521,0.076427,0.084736,0.077601
0.098144,0.099982,0.099223,0.101128,0.101030,0.095795,0.106412,0.096194,0.105933,0.096159
0.101200,0.095306,0.097952,0.100084,0.095334,0.101976,0.110710,0.101787,0.094640,0.101010
0.095673,0.094066,0.098389,0.095920,0.106155,0.097583,0.093694,0.112900,0.103602,0.102018
0.083472,0.082068,0.079585,0.079614,0.161751,0.185825,0.082260,0.079097,0.084033,0.082295
0.099689,0.095941,0.099323,0.100858,0.100454,0.103282,0.095588,0.101870,0.106851,0.096144
0.081479,0.078068,0.088453,0.075908,0.166895,0.184487,0.080099,0.076479,0.086908,0.081224
0.082693,0.079516,0.077973,0.077857,0.166107,0.187041,0.082157,0.085535,0.082587,0.078534
0.097229,0.098565,0.098443,0.100262,0.099898,0.098028,0.103967,0.101700,0.105047,0.096861
0.081946,0.075547,0.082160,0.076871,0.174726,0.193893,0.083655,0.076987,0.076043,0.078174
0.097946,0.099589,0.099665,0.098555,0.105864,0.095894,0.106886,0.097326,0.100662,0.097613
0.099287,0.093292,0.098934,0.092921,0.100625,0.101975,0.100926,0.109141,0.100646,0.102251
0.094854,0.104301,0.101033,0.099313,0.103444,0.094353,0.096949,0.104605,0.101052,0.100097
0.084358,0.080453,0.075025,0.073652,0.177464,0.198278,0.083793,0.075492,0.074240,0.077245
0.078811,0.075876,0.081468,0.082352,0.165419,0.196290,0.082102,0.076744,0.084271,0.076667
0.083045,0.083779,0.077956,0.074191,0.173026,0.193391,0.082877,0.074338,0.074976,0.082420
0.098343,0.101030,0.099499,0.097380,0.096604,0.094923,0.111287,0.095778,0.102841,0.102315
0.102004,0.105860,0.099384,0.101333,0.102274,0.094197,0.092900,0.096097,0.104710,0.101241
0.103216,0.101273,0.101607,0.099572,0.096443,0.103107,0.099865,0.095501,0.103507,0.095909
0.097521,0.098675,0.097098,0.098392,0.094013,0.103848,0.108653,0.103654,0.097680,0.100465
0.103137,0.096399,0.098956,0.101286,0.100190,0.101827,0.095367,0.105929,0.095384,0.101526
0.094109,0.102146,0.096497,0.096595,0.100540,0.103937,0.102884,0.103438,0.100754,0.099101
0.082894,0.086737,0.078135,0.076991,0.167819,0.186858,0.081601,0.077489,0.079713,0.081763
0.082496,0.078658,0.078912,0.079138,0.165181,0.187519,0.081926,0.076769,0.083692,0.085710
0.101168,0.097741,0.097123,0.095301,0.097937,0.101098,0.103153,0.112023,0.094262,0.100193
0.081126,0.079234,0.079725,0.080794,0.167583,0.183983,0.080485,0.080316,0.083820,0.082934
0.100942,0.102715,0.099216,0.099290,0.103347,0.102540,0.092799,0.099347,0.105402,0.094401
0.081277,0.082327,0.078776,0.076830,0.167710,0.189574,0.081142,0.077137,0.083679,0.081548
0.100162,0.096115,0.102255,0.095768,0.098387,0.095388,0.107518,0.099487,0.107497,0.097423
0.102587,0.100504,0.098331,0.100383,0.100303,0.098183,0.098321,0.098358,0.106748,0.096282
0.082346,0.076974,0.083018,0.077782,0.166402,0.192222,0.081323,0.077116,0.084605,0.078213
0.102654,0.095185,0.101077,0.099919,0.108878,0.098880,0.094567,0.095443,0.107201,0.096195
0.101905,0.100051,0.097993,0.096135,0.098745,0.097853,0.094759,0.112999,0.103961,0.095599
0.096949,0.100821,0.098556,0.100699,0.095920,0.094183,0.094633,0.113088,0.103552,0.101599
0.080198,0.078484,0.081661,0.080014,0.160997,0.190945,0.083246,0.081566,0.078743,0.084146
0.103578,0.096392,0.104563,0.100351,0.100178,0.096740,0.106445,0.098474,0.096626,0.096653
0.099892,0.100136,0.098179,0.096217,0.107538,0.094886,0.105236,0.096689,0.105938,0.095289
0.099857,0.098346,0.094162,0.093095,0.100494,0.103159,0.097323,0.110398,0.099876,0.103290
0.100978,0.104265,0.094332,0.099317,0.097916,0.108248,0.096812,0.100759,0.103195,0.094179
