0.098157,0.089736,0.109125,0.083462,0.106201,0.084368,0.112031,0.120123,0.108334,0.088463
0.109280,0.088558,0.092757,0.085763,0.106734,0.086732,0.114031,0.129707,0.113852,0.072586
0.102021,0.094737,0.103585,0.101027,0.093197,0.102197,0.089936,0.124132,0.095783,0.093386
0.071358,0.058623,0.072065,0.072253,0.223528,0.217362,0.066405,0.066844,0.055091,0.096472
0.115146,0.084182,0.107376,0.100578,0.083895,0.107960,0.090042,0.126777,0.113516,0.070529
0.070144,0.056497,0.072677,0.069649,0.210452,0.208276,0.065545,0.103421,0.077460,0.065880
0.094779,0.083772,0.097645,0.097741,0.098936,0.091539,0.107354,0.118293,0.106736,0.103206
0.113931,0.094280,0.067578,0.102674,0.103301,0.092514,0.110505,0.128511,0.111495,0.075212
0.090499,0.078373,0.100880,0.088140,0.099721,0.090257,0.117059,0.119772,0.113804,0.101496
0.065592,0.058942,0.075563,0.061509,0.226667,0.225749,0.069160,0.066584,0.064555,0.085681
0.094529,0.098867,0.101387,0.103155,0.099129,0.095962,0.092603,0.091273,0.109572,0.113521
0.063305,0.063892,0.063177,0.062790,0.237454,0.242346,0.065164,0.076979,0.063295,0.061597
0.067585,0.060740,0.055633,0.057911,0.248497,0.249965,0.070982,0.064806,0.063329,0.060553
0.096377,0.101915,0.092111,0.078112,0.106149,0.107729,0.118988,0.113984,0.102394,0.082241
0.068079,0.092715,0.063350,0.053934,0.232889,0.226688,0.066141,0.086965,0.051830,0.057409
0.103312,0.087087,0.091222,0.111896,0.109186,0.088344,0.123286,0.105011,0.108057,0.072598
0.093674,0.082341,0.096562,0.101937,0.096836,0.101233,0.105811,0.100043,0.108993,0.112570
0.105906,0.086723,0.095659,0.100774,0.106610,0.081019,0.111419,0.109746,0.098734,0.103410
0.104476,0.081323,0.102928,0.103536,0.107518,0.109545,0.113095,0.104917,0.105164,0.067498
0.062795,0.060040,0.055038,0.073654,0.235352,0.240009,0.067587,0.057369,0.079681,0.068476
0.063791,0.064182,0.068463,0.068763,0.227564,0.224188,0.067114,0.076119,0.061828,0.077990
0.066434,0.062873,0.064889,0.071044,0.240029,0.243536,0.070839,0.061019,0.057282,0.062055
0.096763,0.085424,0.086340,0.105127,0.086853,0.112824,0.091497,0.114554,0.115950,0.104669
0.066352,0.059823,0.073026,0.060574,0.229830,0.233494,0.066705,0.065331,0.091367,0.053497
0.063262,0.076547,0.055749,0.063028,0.230595,0.234344,0.067868,0.057738,0.083084,0.067786
0.106798,0.091711,0.071714,0.100160,0.111085,0.106535,0.114963,0.113402,0.113382,0.070249
0.088424,0.091998,0.084874,0.094854,0.101840,0.076831,0.109181,0.126919,0.113164,0.111914
0.056254,0.055171,0.054013,0.071286,0.227169,0.216711,0.063798,0.092839,0.077666,0.085094
0.103023,0.083354,0.072130,0.101369,0.109461,0.113622,0.124332,0.097962,0.109879,0.084868
0.100583,0.112165,0.068511,0.089725,0.105926,0.083316,0.120384,0.108608,0.110870,0.099911
0.112303,0.096270,0.065388,0.097725,0.100414,0.104123,0.110641,0.098857,0.105780,0.108499
0.115874,0.081928,0.105568,0.099733,0.106354,0.083265,0.119667,0.081186,0.104217,0.102208
0.066446,0.066901,0.076825,0.067108,0.235176,0.235998,0.072101,0.062408,0.059360,0.057677
0.062290,0.060313,0.071684,0.055848,0.228355,0.225858,0.069361,0.064991,0.064584,0.096715
0.093095,0.097288,0.095229,0.100590,0.109348,0.105280,0.109615,0.077301,0.109226,0.103028
0.102214,0.081326,0.104976,0.088075,0.105411,0.079408,0.111516,0.117858,0.108521,0.100694
0.083797,0.098621,0.072539,0.106753,0.102074,0.110992,0.119840,0.098070,0.121421,0.085893
0.090324,0.100641,0.102406,0.105929,0.096753,0.079329,0.087795,0.110643,0.110403,0.115776
0.112002,0.087569,0.112128,0.097667,0.111005,0.088109,0.084835,0.084373,0.113931,0.108382
0.087262,0.097272,0.098508,0.096263,0.099481,0.096392,0.090187,0.127699,0.107315,0.099619
0.092906,0.098320,0.105151,0.099440,0.109916,0.108806,0.109839,0.100137,0.080425,0.095059
0.081342,0.086719,0.101662,0.107905,0.085727,0.108823,0.097688,0.095742,0.116393,0.117999
0.097867,0.089608,0.081024,0.103990,0.084834,0.110414,0.096369,0.120906,0.100472,0.114515
0.095516,0.097634,0.092632,0.106257,0.116940,0.109068,0.115689,0.094488,0.102770,0.069006
0.062908,0.057800,0.060558,0.071929,0.226181,0.230494,0.066566,0.057761,0.080379,0.085424
0.092956,0.083227,0.109398,0.093887,0.105790,0.096933,0.104858,0.112976,0.083749,0.116225
0.068610,0.066004,0.061102,0.067892,0.232662,0.227076,0.070472,0.091571,0.055266,0.059344
0.112790,0.108952,0.094569,0.102212,0.099105,0.102976,0.107393,0.083605,0.086441,0.101956
0.095623,0.099565,0.105254,0.103286,0.103569,0.110757,0.116692,0.086222,0.112522,0.066509
0.103572,0.110499,0.112571,0.111167,0.115595,0.095588,0.087113,0.092707,0.095138,0.076049
0.059760,0.063188,0.062060,0.072419,0.243521,0.245019,0.066755,0.077408,0.055563,0.054307
0.100515,0.099710,0.090246,0.108813,0.111958,0.108132,0.096682,0.096054,0.116889,0.071001
0.097218,0.093069,0.108896,0.103521,0.105227,0.095853,0.089918,0.111667,0.117373,0.077257
0.054354,0.092082,0.050159,0.067730,0.223999,0.211726,0.066084,0.075316,0.057539,0.101011
0.113871,0.091738,0.066575,0.097202,0.106204,0.105204,0.110508,0.102927,0.102108,0.103664
0.064453,0.064872,0.070954,0.070205,0.229727,0.227835,0.067133,0.091627,0.054568,0.058626
0.059738,0.068980,0.072536,0.071475,0.208618,0.215375,0.064153,0.063300,0.087829,0.087995
0.110721,0.095953,0.095395,0.107748,0.107826,0.099384,0.105758,0.096613,0.112477,0.068125
0.083992,0.107991,0.071730,0.109268,0.119235,0.085893,0.086930,0.104363,0.120500,0.110097
0.093896,0.101735,0.082057,0.103795,0.106575,0.082267,0.104385,0.099409,0.111198,0.114684
0.057406,0.056805,0.067711,0.068485,0.223792,0.220971,0.063923,0.061318,0.088336,0.091252
0.120764,0.120017,0.079472,0.110653,0.111746,0.091499,0.093526,0.095017,0.106891,0.070416
0.062090,0.065486,0.064254,0.071764,0.244817,0.244279,0.069331,0.059185,0.061957,0.056837
0.065736,0.067696,0.055799,0.063671,0.226160,0.224620,0.071313,0.066111,0.064123,0.094771
0.081218,0.090156,0.100763,0.083738,0.106776,0.109202,0.113737,0.082162,0.114675,0.117573
0.102501,0.078449,0.103376,0.104616,0.106139,0.080115,0.120982,0.098151,0.100873,0.104797
0.092765,0.108693,0.106052,0.100422,0.081351,0.105869,0.108419,0.085665,0.107673,0.103091
0.095878,0.101355,0.105014,0.078378,0.105780,0.106896,0.102525,0.111597,0.118889,0.073689
0.101359,0.096855,0.070235,0.107063,0.100231,0.111434,0.084576,0.102030,0.118763,0.107455
0.080457,0.082379,0.090722,0.088046,0.105558,0.108307,0.118844,0.127831,0.115961,0.081895
0.059649,0.066158,0.053148,0.073319,0.237867,0.226951,0.065985,0.059190,0.078403,0.079330
0.074518,0.059872,0.060602,0.057317,0.234292,0.235136,0.067176,0.059107,0.082646,0.069333
0.106238,0.104691,0.104623,0.108032,0.112440,0.084393,0.096283,0.101749,0.113344,0.068206
0.095801,0.082017,0.103281,0.104933,0.110911,0.080674,0.120385,0.114150,0.081303,0.106544
0.115599,0.099452,0.072549,0.096333,0.110139,0.102500,0.092539,0.129940,0.108046,0.072903
0.101096,0.085279,0.099949,0.088289,0.107235,0.085327,0.112266,0.101845,0.101930,0.116785
0.095456,0.089666,0.107362,0.102021,0.096480,0.102284,0.094334,0.093329,0.106525,0.112541
0.065520,0.057835,0.072283,0.070493,0.233067,0.231761,0.067835,0.065216,0.079550,0.056442
0.063005,0.066223,0.072884,0.073876,0.231726,0.224271,0.066546,0.055685,0.059758,0.086025
0.093949,0.092464,0.092218,0.074835,0.099372,0.096440,0.107010,0.126789,0.108593,0.108330
0.068912,0.062325,0.055846,0.063807,0.232651,0.233324,0.070744,0.061312,0.063682,0.087397
0.097770,0.090860,0.101706,0.106108,0.110030,0.114117,0.092926,0.091892,0.115010,0.079581
0.071963,0.062121,0.072130,0.062873,0.220292,0.221427,0.064999,0.104169,0.062205,0.057821
0.059138,0.079565,0.051389,0.069721,0.232294,0.228997,0.065468,0.053098,0.078587,0.081743
0.094873,0.114456,0.095716,0.081496,0.098726,0.083228,0.118161,0.099510,0.118389,0.095445
0.072602,0.074906,0.061730,0.064242,0.232668,0.234562,0.066891,0.056599,0.056111,0.079689
0.105699,0.089331,0.096100,0.110650,0.106697,0.111855,0.121083,0.089980,0.092662,0.075943
0.096448,0.099208,0.072751,0.105266,0.108496,0.112799,0.114907,0.102323,0.113650,0.074151
0.066243,0.062324,0.052309,0.065543,0.234402,0.234769,0.067585,0.086032,0.063272,0.067521
0.103527,0.110289,0.101463,0.085774,0.116525,0.088601,0.085753,0.097515,0.088293,0.122261
0.091735,0.110205,0.077480,0.101990,0.101780,0.099905,0.110370,0.128496,0.109732,0.068307
0.091975,0.095756,0.083422,0.097434,0.102053,0.091332,0.108559,0.115602,0.105376,0.108490
0.069617,0.066712,0.057537,0.070526,0.219618,0.216886,0.063524,0.060268,0.089361,0.085952
0.088643,0.077629,0.104354,0.096188,0.102052,0.098526,0.108313,0.100130,0.111044,0.113122
0.112001,0.088848,0.108592,0.100000,0.114139,0.090732,0.125083,0.092145,0.094513,0.073947
0.100702,0.098942,0.111568,0.108884,0.110572,0.100958,0.086237,0.097674,0.110011,0.074452
0.093259,0.082926,0.108633,0.080703,0.097178,0.106997,0.116411,0.087985,0.110459,0.115449
0.062637,0.063835,0.069459,0.068353,0.215999,0.212663,0.065862,0.102966,0.060832,0.077394
0.096398,0.117799,0.085181,0.105840,0.100496,0.084144,0.096440,0.089300,0.120588,0.103814
0.106199,0.092626,0.110766,0.096431,0.109409,0.110561,0.106503,0.082884,0.104507,0.080114
0.077972,0.117348,0.081237,0.103831,0.105498,0.111343,0.094237,0.091423,0.110943,0.106167
0.103031,0.087853,0.107816,0.099259,0.089699,0.092267,0.101002,0.085762,0.121954,0.111357
0.088543,0.106389,0.094752,0.096229,0.098379,0.075820,0.107188,0.117418,0.105480,0.109801
0.102351,0.099005,0.108888,0.109172,0.088209,0.092406,0.083761,0.090413,0.117174,0.108620
0.096009,0.097047,0.088582,0.086061,0.098117,0.082684,0.113005,0.131787,0.090473,0.116236
0.081581,0.085327,0.108634,0.101430,0.104168,0.087447,0.111841,0.092092,0.112515,0.114966
0.093240,0.097133,0.096813,0.098291,0.105166,0.108034,0.118671,0.093111,0.111954,0.077588
0.073983,0.060325,0.073503,0.062378,0.222238,0.223271,0.066852,0.105785,0.056855,0.054811
0.078639,0.066282,0.072140,0.064760,0.220338,0.214598,0.067297,0.056640,0.065477,0.093828
0.098261,0.105491,0.083881,0.103572,0.110698,0.090199,0.089818,0.088052,0.112796,0.117232
0.104371,0.108388,0.114703,0.095083,0.091473,0.115956,0.088352,0.100562,0.108747,0.072365
0.092876,0.078464,0.085558,0.098662,0.107934,0.098457,0.118167,0.102144,0.115555,0.102184
0.097173,0.100100,0.099848,0.103756,0.107671,0.084898,0.112597,0.106705,0.118369,0.068883
0.063031,0.071651,0.058344,0.068697,0.235040,0.244134,0.061885,0.055056,0.087929,0.054234
0.097992,0.097072,0.072322,0.100654,0.102134,0.107128,0.110840,0.102592,0.108029,0.101238
0.108605,0.096649,0.089976,0.103514,0.108691,0.107289,0.103644,0.104216,0.110171,0.067243
0.097607,0.091645,0.112100,0.084257,0.106715,0.107588,0.120600,0.097720,0.092556,0.089212
0.086273,0.096928,0.091195,0.088072,0.116192,0.091083,0.110967,0.101189,0.125109,0.092992
0.111595,0.085546,0.103953,0.101846,0.108829,0.099001,0.092572,0.081849,0.106003,0.108806
0.061455,0.071855,0.055268,0.052164,0.225318,0.225406,0.065616,0.101345,0.051265,0.090308
0.087195,0.090894,0.096915,0.100179,0.099854,0.106418,0.108681,0.107719,0.106211,0.095933
0.100326,0.093951,0.074227,0.078514,0.104905,0.079848,0.110897,0.129413,0.111342,0.116577
0.053881,0.082988,0.065241,0.063016,0.222652,0.214331,0.063062,0.072792,0.110101,0.051935
0.094725,0.083509,0.097829,0.104086,0.110055,0.095304,0.094765,0.104654,0.116599,0.098473
0.072925,0.058234,0.059016,0.060411,0.222615,0.216792,0.069828,0.060578,0.082994,0.096608
0.097528,0.093447,0.099099,0.102596,0.106204,0.084239,0.090160,0.121964,0.099498,0.105265
0.066828,0.061168,0.064578,0.064239,0.241313,0.249558,0.066570,0.066207,0.064556,0.054983
0.097836,0.113042,0.109577,0.103509,0.083940,0.084058,0.096109,0.110235,0.113923,0.087770
0.099904,0.100039,0.101376,0.098256,0.105317,0.082022,0.110064,0.088842,0.115076,0.099104
0.102994,0.092258,0.072918,0.105340,0.115132,0.093999,0.124660,0.095144,0.110359,0.087196
0.064951,0.072019,0.070733,0.071212,0.240566,0.245722,0.063231,0.064075,0.053703,0.053788
0.112302,0.086647,0.094344,0.097829,0.097846,0.077077,0.110385,0.104285,0.108562,0.110723
0.097614,0.105014,0.071268,0.106895,0.107687,0.108844,0.105315,0.088043,0.106566,0.102755
0.093438,0.108272,0.096748,0.098634,0.107714,0.077506,0.098598,0.116276,0.105153,0.097662
0.116504,0.083586,0.108139,0.107372,0.099820,0.088388,0.113633,0.101123,0.112134,0.069302
0.080810,0.092450,0.109177,0.107063,0.111072,0.084632,0.091597,0.102935,0.114106,0.106160
0.092248,0.082342,0.072476,0.103602,0.106268,0.080288,0.112463,0.127743,0.109025,0.113544
0.098617,0.084302,0.077353,0.096263,0.109193,0.083584,0.115430,0.115472,0.114051,0.105735
0.069348,0.065692,0.056978,0.063187,0.237040,0.241250,0.069622,0.068094,0.065239,0.063551
0.112536,0.102917,0.082501,0.111393,0.090739,0.089765,0.120043,0.086456,0.094395,0.109254
0.104904,0.077950,0.092392,0.100749,0.109348,0.103401,0.103342,0.090437,0.104222,0.113256
0.098774,0.110713,0.099600,0.091100,0.108140,0.081854,0.109982,0.089157,0.098286,0.112395
0.066534,0.057033,0.064314,0.055588,0.234853,0.233136,0.068310,0.057924,0.062390,0.099918
0.067527,0.057992,0.052486,0.069738,0.233854,0.232382,0.066268,0.104585,0.060230,0.054939
0.094633,0.083913,0.092702,0.081282,0.106577,0.097904,0.105304,0.106255,0.112239,0.119190
0.097321,0.097725,0.109852,0.103143,0.105452,0.097426,0.112866,0.105662,0.091235,0.079319
0.100057,0.105111,0.072895,0.106244,0.112938,0.085154,0.123714,0.096086,0.115606,0.082195
0.091670,0.078566,0.101755,0.099175,0.100190,0.081251,0.117610,0.118615,0.097357,0.113810
0.108139,0.100115,0.078557,0.083553,0.108467,0.109836,0.117089,0.092471,0.086031,0.115742
0.063316,0.064772,0.071291,0.058100,0.225993,0.225033,0.067109,0.059167,0.079907,0.085312
0.062015,0.068731,0.055857,0.060539,0.237345,0.230172,0.069410,0.062362,0.082028,0.071542
0.085369,0.107428,0.074042,0.111309,0.103644,0.090256,0.126360,0.110464,0.115799,0.075329
0.099474,0.084945,0.092560,0.100490,0.101408,0.110134,0.120219,0.115281,0.104257,0.071231
0.066398,0.059636,0.064527,0.058306,0.238592,0.242029,0.070078,0.064426,0.065213,0.070795
0.086519,0.108671,0.091313,0.086404,0.099045,0.104860,0.096075,0.125384,0.111301,0.090427
0.095834,0.090879,0.106919,0.101572,0.102656,0.099302,0.088926,0.102871,0.106981,0.104060
0.061967,0.068509,0.057344,0.074758,0.241285,0.241066,0.071460,0.067583,0.058712,0.057316
0.077462,0.102499,0.090259,0.098159,0.107298,0.110837,0.104385,0.097758,0.105301,0.106042
0.115055,0.087088,0.084724,0.102623,0.102688,0.107959,0.086781,0.101459,0.098073,0.113550
0.088613,0.090651,0.067241,0.095771,0.107304,0.105823,0.112659,0.118326,0.104626,0.108985
0.066412,0.053313,0.055844,0.055531,0.216827,0.212750,0.063565,0.100991,0.094029,0.080738
0.063126,0.057293,0.071233,0.071295,0.225221,0.225649,0.065841,0.103145,0.062928,0.054269
0.093359,0.097588,0.100323,0.101977,0.094228,0.105282,0.108013,0.091179,0.106593,0.101457
0.101940,0.098347,0.100133,0.102805,0.107142,0.102229,0.097215,0.106684,0.112547,0.070959
0.100375,0.085697,0.093658,0.107674,0.110554,0.115621,0.098963,0.110183,0.086491,0.090784
0.093172,0.087743,0.073628,0.104875,0.106877,0.102441,0.113865,0.093203,0.110000,0.114196
0.072919,0.061184,0.067253,0.068892,0.226397,0.222239,0.062049,0.072593,0.095145,0.051328
0.064608,0.061248,0.072296,0.075531,0.236001,0.236519,0.071645,0.058973,0.064532,0.058648
0.104616,0.099459,0.079854,0.112604,0.107534,0.098234,0.097637,0.121841,0.097524,0.080698
0.112047,0.095577,0.103121,0.100235,0.096892,0.089020,0.090300,0.125341,0.078754,0.108714
0.076068,0.098623,0.078818,0.097990,0.107129,0.094025,0.093252,0.121358,0.117093,0.115643
0.092104,0.101483,0.088350,0.099664,0.095494,0.102071,0.120248,0.087351,0.110964,0.102271
0.094370,0.084460,0.084224,0.103848,0.106559,0.110672,0.080889,0.129972,0.118072,0.086934
0.058754,0.063585,0.053496,0.073190,0.234935,0.225773,0.068015,0.093026,0.059179,0.070047
0.061407,0.062069,0.068419,0.055960,0.230408,0.229557,0.065355,0.053213,0.097640,0.075972
0.062551,0.080360,0.070989,0.069449,0.231268,0.233894,0.065497,0.061539,0.065720,0.058733
0.117172,0.110993,0.110319,0.087248,0.115191,0.113670,0.095964,0.087075,0.090223,0.072145
0.094251,0.082877,0.075351,0.105797,0.104088,0.106960,0.111424,0.121593,0.110836,0.086824
0.095056,0.100641,0.104144,0.105025,0.106046,0.095703,0.079109,0.098351,0.101689,0.114236
0.060052,0.057957,0.048652,0.066613,0.234511,0.230672,0.061650,0.070522,0.097823,0.071548
0.119206,0.086898,0.108104,0.095699,0.108949,0.107194,0.098200,0.083247,0.103290,0.089214
0.095217,0.087977,0.097060,0.080423,0.106486,0.110971,0.117627,0.099042,0.099581,0.105615
0.073868,0.100434,0.092634,0.099330,0.105627,0.092852,0.116299,0.108458,0.114161,0.096335
0.087342,0.088089,0.103432,0.101206,0.114567,0.112286,0.089671,0.107928,0.117495,0.077984
0.098318,0.095625,0.069464,0.108448,0.106217,0.108786,0.095998,0.123015,0.111850,0.082280
0.093984,0.103291,0.089009,0.105453,0.109684,0.086342,0.118250,0.099024,0.080065,0.114899
0.104964,0.091293,0.103569,0.108528,0.100730,0.113829,0.089777,0.088405,0.122753,0.076153
0.118240,0.085895,0.086727,0.095850,0.106754,0.111352,0.097959,0.094213,0.113199,0.089810
0.118120,0.086980,0.110656,0.085499,0.086786,0.087502,0.098565,0.092977,0.116877,0.116038
0.062307,0.064212,0.060452,0.065827,0.231112,0.233603,0.068137,0.066661,0.093334,0.054356
0.100775,0.103326,0.103374,0.108493,0.115721,0.095631,0.111135,0.100168,0.089531,0.071845
0.068246,0.083693,0.053606,0.067633,0.223074,0.211313,0.068821,0.093428,0.060765,0.069422
0.066777,0.060439,0.055697,0.065053,0.234027,0.233723,0.068668,0.079338,0.081030,0.055247
0.065735,0.060912,0.055828,0.059355,0.225810,0.214137,0.070503,0.096372,0.063124,0.088224
0.064556,0.062664,0.059159,0.073026,0.226822,0.227268,0.066853,0.090536,0.062235,0.066880
0.084939,0.105376,0.101892,0.107658,0.110852,0.106165,0.116612,0.099327,0.090845,0.076335
0.098236,0.107632,0.093134,0.093035,0.115705,0.082066,0.121078,0.134920,0.083971,0.070223
0.082441,0.104363,0.087210,0.104304,0.110477,0.090628,0.116562,0.131688,0.084327,0.088000
0.057027,0.079416,0.049791,0.062809,0.221544,0.212851,0.063268,0.071300,0.099710,0.082284
0.094036,0.119429,0.100019,0.076912,0.106561,0.104130,0.114944,0.092322,0.086143,0.105504
0.113900,0.092424,0.100963,0.092900,0.084426,0.107752,0.094419,0.099345,0.100717,0.113153
0.118166,0.103728,0.105940,0.093690,0.084763,0.083024,0.120875,0.112230,0.090346,0.087238
0.073104,0.067686,0.073054,0.066414,0.216723,0.214908,0.067847,0.069054,0.091114,0.060097
0.084939,0.106171,0.083115,0.111639,0.104999,0.116526,0.096446,0.106262,0.097109,0.092795
0.105463,0.085580,0.092652,0.086664,0.112687,0.110926,0.087324,0.118664,0.108633,0.091408
0.101496,0.096637,0.075074,0.107661,0.112042,0.097535,0.110724,0.087301,0.123403,0.088125
0.125142,0.111967,0.085734,0.112549,0.093621,0.092731,0.103867,0.101063,0.094610,0.078716
0.093300,0.088282,0.102266,0.102321,0.107671,0.102342,0.092259,0.129134,0.113096,0.069329
0.056656,0.051739,0.054060,0.066574,0.229452,0.219909,0.061983,0.084317,0.105242,0.070068
0.086745,0.090236,0.115113,0.107554,0.091451,0.091744,0.097810,0.134274,0.107329,0.077745
0.065265,0.059841,0.053978,0.070475,0.224343,0.225009,0.068550,0.090613,0.062817,0.079110
0.102555,0.100190,0.107881,0.109482,0.110710,0.100324,0.096828,0.089792,0.109830,0.072407
0.067022,0.053298,0.051049,0.068090,0.237636,0.234602,0.066097,0.052413,0.116000,0.053793
0.066054,0.068176,0.074104,0.071412,0.224725,0.218440,0.070126,0.066821,0.080890,0.059251
0.101118,0.100368,0.095770,0.109477,0.111600,0.088038,0.123964,0.090549,0.105578,0.073539
0.065519,0.059758,0.072532,0.071478,0.227375,0.227923,0.066542,0.065561,0.062378,0.080935
0.079436,0.093324,0.103957,0.102083,0.104353,0.107337,0.118045,0.098904,0.110546,0.082014
0.097772,0.105477,0.077195,0.102443,0.115383,0.085161,0.098482,0.097915,0.113325,0.106848
0.080400,0.098786,0.106822,0.107802,0.086012,0.097655,0.105367,0.124176,0.104685,0.088295
0.084968,0.087294,0.090383,0.109824,0.110154,0.106859,0.114836,0.092635,0.115596,0.087451
0.087780,0.110407,0.111143,0.096720,0.113552,0.093344,0.100859,0.094574,0.115151,0.076469
0.062933,0.082147,0.070439,0.058765,0.219173,0.208232,0.066887,0.064777,0.080091,0.086557
0.094611,0.101946,0.075349,0.103432,0.104011,0.104191,0.112952,0.098774,0.089478,0.115256
0.097495,0.093351,0.097941,0.102958,0.104441,0.096021,0.102549,0.080736,0.109312,0.115194
0.076029,0.113963,0.108481,0.080275,0.096734,0.094033,0.101926,0.097795,0.114221,0.116544
0.055303,0.059100,0.052833,0.070032,0.224355,0.216504,0.062691,0.102436,0.074638,0.082108
0.097639,0.088256,0.102065,0.097565,0.093483,0.105822,0.113776,0.107068,0.098775,0.095550
0.095666,0.101274,0.102658,0.079244,0.106882,0.095997,0.112921,0.112609,0.116482,0.076267
0.098515,0.103524,0.110050,0.106281,0.085141,0.096422,0.104494,0.088980,0.101725,0.104868
0.100680,0.105473,0.093763,0.093127,0.100587,0.110264,0.084080,0.089075,0.113425,0.109526
0.115424,0.089126,0.084051,0.111998,0.111231,0.090055,0.086785,0.112446,0.125570,0.073313
0.095032,0.104352,0.070363,0.109035,0.100604,0.097499,0.081353,0.115086,0.118798,0.107876
0.101794,0.094430,0.094983,0.098586,0.112917,0.092376,0.099033,0.098803,0.116232,0.090846
0.094768,0.102217,0.087507,0.079770,0.085082,0.107981,0.122462,0.093390,0.121795,0.105029
0.092416,0.093833,0.094600,0.098749,0.101356,0.098555,0.100136,0.095703,0.113507,0.111143
0.091375,0.098668,0.100988,0.100301,0.103306,0.082411,0.108869,0.107171,0.096186,0.110725
0.062841,0.062206,0.057852,0.065824,0.224686,0.224765,0.067572,0.054651,0.088670,0.090935
0.090769,0.083663,0.098785,0.105939,0.102297,0.094099,0.100742,0.121606,0.097806,0.104294
0.095911,0.100157,0.108099,0.092784,0.104580,0.104287,0.112309,0.104487,0.109856,0.067530
0.066690,0.058704,0.060835,0.062475,0.236115,0.235457,0.066952,0.064924,0.060900,0.086948
0.095990,0.102028,0.107827,0.104918,0.111772,0.097042,0.080349,0.114989,0.101151,0.083934
0.095323,0.100787,0.103154,0.102283,0.081690,0.109846,0.103066,0.104031,0.102137,0.097683
0.099945,0.092839,0.072632,0.108247,0.107939,0.086222,0.119938,0.102453,0.120768,0.089016
0.114246,0.110011,0.089778,0.099141,0.115342,0.088185,0.109314,0.097118,0.092642,0.084224
0.109437,0.103721,0.101505,0.081314,0.084052,0.108897,0.104321,0.079432,0.120711,0.106609
0.075337,0.080671,0.103395,0.100223,0.099315,0.103632,0.113369,0.123958,0.106392,0.093708
0.079793,0.063226,0.060068,0.073696,0.225959,0.228619,0.065487,0.066182,0.081745,0.055225
0.099934,0.085127,0.088679,0.085144,0.109249,0.105931,0.123242,0.114225,0.114388,0.074082
0.097470,0.094530,0.104177,0.106243,0.106629,0.083887,0.113283,0.113022,0.111764,0.068995
0.094301,0.096928,0.082993,0.098254,0.100286,0.104534,0.089566,0.126270,0.106285,0.100583
0.085152,0.121649,0.105936,0.087742,0.112631,0.089425,0.097129,0.096251,0.090487,0.113598
0.109058,0.096933,0.076745,0.103956,0.111787,0.107814,0.090077,0.107169,0.090076,0.106385
0.061521,0.058937,0.073565,0.056082,0.216644,0.223368,0.064841,0.102653,0.081481,0.060909
0.113084,0.085306,0.109689,0.109219,0.087750,0.089732,0.082963,0.127245,0.086538,0.108474
0.096184,0.096949,0.108094,0.105169,0.101910,0.114515,0.100376,0.109631,0.096091,0.071081
0.100751,0.086906,0.111561,0.106239,0.106364,0.109774,0.105799,0.083887,0.114697,0.074023
0.097260,0.094077,0.106553,0.082187,0.107572,0.097437,0.114011,0.080843,0.103214,0.116847
0.056073,0.054114,0.068287,0.070641,0.231116,0.221479,0.063657,0.075212,0.061408,0.098012
0.079630,0.102030,0.069555,0.102217,0.097499,0.086840,0.112479,0.128567,0.116495,0.104688
0.101137,0.098795,0.093886,0.103685,0.103675,0.085015,0.119539,0.118834,0.100975,0.074458
0.098052,0.086490,0.099418,0.102898,0.107619,0.085052,0.093130,0.090390,0.116203,0.120747
0.106139,0.076407,0.092737,0.095162,0.105701,0.104747,0.119967,0.091404,0.105339,0.102399
0.092244,0.098254,0.077092,0.101332,0.106521,0.102168,0.121188,0.091281,0.107678,0.102241
0.076728,0.081779,0.102813,0.103997,0.101996,0.110262,0.101373,0.093302,0.111139,0.116611
0.092030,0.095485,0.071813,0.098282,0.098599,0.096545,0.114806,0.125276,0.111198,0.095964
0.109147,0.088181,0.098280,0.097467,0.119458,0.103134,0.089030,0.086796,0.118861,0.089646
0.099146,0.106010,0.088395,0.106084,0.109859,0.093833,0.095925,0.083571,0.109944,0.107233
0.105667,0.101532,0.094984,0.103367,0.103306,0.100118,0.114755,0.109397,0.099485,0.067389
0.060390,0.074088,0.052526,0.071027,0.236869,0.238351,0.065639,0.056470,0.077972,0.066668
0.108260,0.117029,0.104613,0.101895,0.104678,0.108674,0.101851,0.088180,0.100278,0.064541
0.060629,0.069836,0.072807,0.069881,0.216590,0.224533,0.064402,0.064140,0.079043,0.078140
0.063454,0.062862,0.074840,0.078016,0.229229,0.224227,0.071618,0.063598,0.069270,0.062886
0.100859,0.088032,0.069163,0.101169,0.104735,0.106947,0.120247,0.088426,0.109104,0.111318
0.103098,0.094207,0.089581,0.108427,0.102269,0.088552,0.085595,0.135310,0.118344,0.074618
0.077565,0.105166,0.108398,0.103966,0.109825,0.097951,0.104605,0.100896,0.088811,0.102817
0.064821,0.065640,0.070537,0.064047,0.221683,0.221244,0.067408,0.103480,0.062294,0.058846
0.093166,0.081631,0.083018,0.102396,0.108622,0.109226,0.099374,0.130001,0.087922,0.104646
0.094781,0.118022,0.105449,0.103935,0.082230,0.112234,0.089169,0.125854,0.099990,0.068335
0.073912,0.079708,0.053187,0.058625,0.219939,0.212606,0.065735,0.105660,0.077715,0.052912
0.096032,0.117292,0.071221,0.105570,0.109316,0.083111,0.105704,0.092454,0.112622,0.106679
0.096854,0.104819,0.103917,0.106294,0.100922,0.086337,0.100053,0.098029,0.094837,0.107939
0.101229,0.083944,0.077952,0.105889,0.107441,0.103453,0.118166,0.132159,0.091018,0.078747
0.063561,0.059756,0.070351,0.071590,0.232209,0.231711,0.065961,0.056031,0.090924,0.057907
0.080409,0.059209,0.073008,0.061214,0.209922,0.205204,0.064594,0.068584,0.090119,0.087736
0.104412,0.087128,0.074404,0.105628,0.090640,0.093906,0.109726,0.086489,0.125133,0.122535
0.100121,0.099690,0.073079,0.107827,0.108336,0.113552,0.116131,0.093987,0.113429,0.073846
0.089985,0.100068,0.096191,0.101795,0.103227,0.105838,0.076370,0.096559,0.114737,0.115231
0.093155,0.099088,0.105661,0.100736,0.104654,0.103338,0.077965,0.110687,0.108498,0.096218
0.056429,0.057236,0.057284,0.060031,0.227997,0.223617,0.066773,0.062002,0.103274,0.085357
0.085935,0.110627,0.091811,0.112889,0.120447,0.103767,0.096639,0.106877,0.097132,0.073878
0.063815,0.094697,0.054652,0.054153,0.230235,0.220708,0.069368,0.061416,0.059805,0.091153
0.087412,0.097690,0.098610,0.098041,0.092800,0.102822,0.098747,0.127481,0.108038,0.088359
0.096435,0.090597,0.076895,0.105757,0.108491,0.110022,0.096358,0.124133,0.119984,0.071327
0.055663,0.079433,0.051306,0.060387,0.222280,0.214076,0.062145,0.069759,0.103222,0.081729
0.080516,0.085465,0.085079,0.100994,0.097785,0.110272,0.112623,0.089142,0.119062,0.119062
0.062602,0.060441,0.066757,0.059217,0.241378,0.246778,0.067149,0.057052,0.053048,0.085578
0.096562,0.089257,0.070598,0.105787,0.112764,0.104779,0.121890,0.081042,0.111097,0.106223
0.097210,0.121618,0.076911,0.099990,0.114466,0.084704,0.108189,0.117351,0.108641,0.070921
0.097780,0.095230,0.098544,0.103696,0.107740,0.103281,0.122234,0.080882,0.083580,0.107033
0.065618,0.066253,0.064039,0.055740,0.249147,0.253647,0.067763,0.063617,0.054636,0.059540
0.114458,0.112478,0.096262,0.098378,0.104974,0.091788,0.090708,0.100431,0.077665,0.112859
0.101450,0.099083,0.066949,0.084113,0.103735,0.107725,0.118807,0.091330,0.112923,0.113887
0.091828,0.097050,0.084616,0.090460,0.102999,0.109979,0.121294,0.122222,0.076722,0.102830
0.103975,0.096920,0.098090,0.100448,0.101037,0.107164,0.113169,0.073969,0.106628,0.098598
0.094523,0.079796,0.084980,0.100883,0.105588,0.105299,0.114653,0.102315,0.098462,0.113500
0.077785,0.062114,0.061222,0.063577,0.223822,0.227323,0.067948,0.058255,0.090167,0.067787
0.108535,0.105990,0.104597,0.078686,0.109441,0.108488,0.114863,0.093593,0.107896,0.067910
0.068632,0.076145,0.075709,0.057792,0.229219,0.235169,0.068059,0.061579,0.064351,0.063346
0.061922,0.068898,0.051548,0.070344,0.235403,0.233954,0.062652,0.062355,0.076423,0.076501
0.095958,0.083393,0.083287,0.102213,0.105631,0.107018,0.112712,0.087185,0.117124,0.105478
0.067933,0.061608,0.054923,0.071014,0.249745,0.245828,0.065483,0.076828,0.052572,0.054068
0.113034,0.101240,0.074150,0.083967,0.117128,0.110374,0.096301,0.099256,0.118368,0.086181
0.074648,0.079333,0.053002,0.058957,0.225090,0.218852,0.065173,0.062386,0.096797,0.065762
0.081190,0.084893,0.108260,0.103271,0.101195,0.088509,0.115557,0.102568,0.104801,0.109756
0.095203,0.092413,0.082283,0.096432,0.101856,0.100093,0.111061,0.108230,0.109702,0.102727
0.108694,0.103395,0.104173,0.101391,0.108498,0.103220,0.102376,0.076770,0.116489,0.074994
0.116471,0.090319,0.084209,0.105669,0.108090,0.110506,0.103763,0.091913,0.109454,0.079606
0.110372,0.097022,0.110397,0.106315,0.109860,0.110305,0.095584,0.083165,0.105945,0.071035
0.080223,0.084380,0.069435,0.103949,0.109970,0.097886,0.117335,0.113235,0.118572,0.105014
0.111483,0.093316,0.096732,0.096479,0.104401,0.100340,0.111273,0.105232,0.103453,0.077293
0.104784,0.081164,0.108667,0.094958,0.107930,0.088823,0.120359,0.105724,0.117762,0.069827
0.090407,0.098540,0.083674,0.092959,0.103089,0.108114,0.114495,0.120966,0.072775,0.114981
0.097315,0.104418,0.069918,0.106063,0.110795,0.083630,0.104623,0.100180,0.106381,0.116677
0.115353,0.096544,0.091896,0.086570,0.109857,0.107444,0.117361,0.085808,0.111163,0.078003
0.104474,0.096951,0.101289,0.100942,0.102740,0.091865,0.116471,0.108628,0.096635,0.080004
0.065285,0.061386,0.073520,0.062436,0.234348,0.233698,0.071463,0.061955,0.064522,0.071388
0.096430,0.102193,0.101142,0.104630,0.109619,0.095931,0.102803,0.113021,0.089239,0.084992
0.062579,0.079776,0.058550,0.068094,0.237521,0.239525,0.065265,0.075595,0.059737,0.053356
0.095399,0.091400,0.104027,0.105307,0.111737,0.110233,0.103551,0.093798,0.117699,0.066849
0.057336,0.056871,0.068729,0.055213,0.226304,0.226159,0.065039,0.073971,0.088514,0.081864
0.071670,0.063785,0.057245,0.065531,0.238012,0.232989,0.071729,0.068528,0.066600,0.063911
0.102976,0.107952,0.102696,0.095448,0.089851,0.082518,0.117775,0.100380,0.113866,0.086537
0.055102,0.067450,0.048354,0.065585,0.227495,0.223854,0.061032,0.070892,0.099213,0.081023
0.065942,0.067800,0.075174,0.062359,0.217596,0.215920,0.065759,0.065666,0.079340,0.084444
0.078765,0.115945,0.108781,0.081474,0.084358,0.107419,0.112566,0.105270,0.103696,0.101727
0.088247,0.092491,0.086599,0.102080,0.104532,0.096086,0.119216,0.095607,0.122643,0.092500
0.103816,0.089242,0.111263,0.109732,0.104135,0.088840,0.118541,0.111169,0.088978,0.074283
0.097949,0.101564,0.102119,0.106690,0.100796,0.114483,0.093013,0.090675,0.102835,0.089878
0.092899,0.081057,0.101609,0.101251,0.106817,0.087507,0.114542,0.103829,0.108663,0.101828
0.103228,0.111011,0.083724,0.097454,0.102387,0.089089,0.112436,0.098786,0.110905,0.090979
0.101156,0.093942,0.098902,0.098966,0.099815,0.104136,0.113474,0.073925,0.106058,0.109626
0.098665,0.091823,0.078897,0.108801,0.086957,0.113126,0.120065,0.107577,0.114225,0.079864
0.102129,0.080348,0.101283,0.078598,0.112754,0.109486,0.116195,0.119145,0.113419,0.066643
0.088715,0.107571,0.104129,0.099083,0.099314,0.096389,0.099038,0.118412,0.104752,0.082597
0.104943,0.085130,0.101058,0.089789,0.108222,0.105606,0.120019,0.108719,0.086535,0.089979
0.104208,0.091203,0.092997,0.088073,0.111978,0.091882,0.097566,0.094478,0.118679,0.108936
0.103235,0.094974,0.070030,0.094331,0.101563,0.106411,0.108229,0.100217,0.108608,0.112402
0.096338,0.090018,0.106958,0.098765,0.083010,0.081954,0.112662,0.127443,0.090300,0.112550
0.099896,0.105457,0.098712,0.091457,0.114884,0.094871,0.118164,0.097173,0.106563,0.072822
0.113761,0.094369,0.089929,0.103188,0.112432,0.086586,0.098653,0.104640,0.122685,0.073759
0.080028,0.104962,0.104462,0.104743,0.109263,0.083457,0.116230,0.081869,0.107111,0.107875
0.059683,0.071566,0.071944,0.055489,0.226956,0.225300,0.064607,0.056220,0.080547,0.087689
0.107793,0.100002,0.078325,0.102173,0.087440,0.114469,0.107467,0.108991,0.121925,0.071416
0.067180,0.060443,0.061442,0.071612,0.227754,0.224328,0.069753,0.057361,0.082519,0.077609
0.099251,0.074481,0.094292,0.092185,0.098619,0.103669,0.105790,0.117877,0.103794,0.110042
0.107600,0.093727,0.096318,0.087844,0.105624,0.109490,0.115654,0.080378,0.101609,0.101757
0.100046,0.096070,0.108501,0.106567,0.109673,0.099416,0.115180,0.107486,0.087256,0.069806
0.091468,0.095256,0.107113,0.100449,0.105227,0.094825,0.111051,0.119371,0.099027,0.076214
0.112012,0.087948,0.092990,0.109321,0.088442,0.093433,0.122901,0.096885,0.122454,0.073615
0.103747,0.091583,0.099698,0.107485,0.111307,0.113383,0.082236,0.089281,0.112844,0.088436
0.099416,0.092841,0.086853,0.108832,0.112982,0.107842,0.095120,0.115641,0.109204,0.071269
0.100789,0.105067,0.106382,0.090102,0.102550,0.114822,0.097919,0.097811,0.115972,0.068586
0.101768,0.099640,0.088197,0.101633,0.105803,0.104282,0.103980,0.102406,0.110198,0.082093
0.094937,0.101644,0.086012,0.091158,0.096583,0.093693,0.112059,0.103092,0.116899,0.103923
0.063859,0.063160,0.071121,0.074101,0.234044,0.231141,0.066034,0.065586,0.063240,0.067713
0.095514,0.103902,0.071790,0.105070,0.086921,0.106078,0.114395,0.107634,0.091700,0.116996
0.062269,0.063824,0.062893,0.060873,0.233348,0.234390,0.068496,0.063236,0.081860,0.068810
0.113064,0.089284,0.105102,0.097005,0.103159,0.096568,0.099127,0.086728,0.108812,0.101151
0.057810,0.054007,0.051057,0.053568,0.223436,0.223984,0.065660,0.100743,0.095450,0.074285
0.080920,0.069996,0.076991,0.074713,0.220192,0.220105,0.067628,0.067315,0.065392,0.056747
0.109707,0.104765,0.095830,0.104360,0.109100,0.080420,0.106279,0.100597,0.082459,0.106483
0.103831,0.108947,0.110695,0.083135,0.111462,0.087092,0.085143,0.088359,0.111750,0.109585
0.115935,0.097049,0.108078,0.083971,0.109920,0.091933,0.114423,0.102240,0.107822,0.068627
0.065490,0.060555,0.054863,0.062834,0.245635,0.251695,0.069066,0.055967,0.063508,0.070387
0.113777,0.104885,0.104769,0.087445,0.117828,0.090540,0.085307,0.078925,0.112188,0.104336
0.100262,0.106751,0.072868,0.098552,0.114553,0.110888,0.107986,0.097569,0.116612,0.073959
0.117089,0.095385,0.109453,0.082634,0.106562,0.088486,0.113035,0.095335,0.104364,0.087656
0.105621,0.119575,0.103553,0.097734,0.110033,0.112218,0.079613,0.079602,0.088235,0.103818
0.060000,0.084240,0.071559,0.073695,0.231480,0.221630,0.069156,0.065947,0.061164,0.061129
0.096118,0.088072,0.100852,0.088173,0.103274,0.106480,0.112385,0.089199,0.113902,0.101543
0.099708,0.106043,0.107492,0.106379,0.112388,0.083471,0.080905,0.108345,0.089073,0.106196
0.085455,0.101781,0.110577,0.106585,0.110993,0.090806,0.096584,0.105700,0.118671,0.072848
0.109469,0.102146,0.092829,0.087597,0.113015,0.114283,0.117698,0.093372,0.095904,0.073687
0.107812,0.090668,0.111602,0.087998,0.092234,0.092405,0.111271,0.087958,0.127662,0.090389
0.104390,0.089999,0.083604,0.088779,0.114369,0.090681,0.125801,0.101948,0.123686,0.076741
0.109226,0.095524,0.101571,0.084593,0.107947,0.103797,0.085678,0.111331,0.116998,0.083336
0.077338,0.086888,0.103365,0.104605,0.109582,0.108996,0.093480,0.128364,0.109971,0.077411
0.072308,0.058856,0.054564,0.069571,0.232304,0.236112,0.070190,0.059027,0.084878,0.062190
0.093434,0.101205,0.098346,0.098897,0.101111,0.110834,0.076743,0.125750,0.108578,0.085102
0.091387,0.111265,0.095116,0.100584,0.094402,0.091271,0.099945,0.130390,0.113946,0.071696
0.092441,0.115523,0.071693,0.098551,0.101761,0.110467,0.115897,0.076730,0.110971,0.105966
0.110500,0.091759,0.108344,0.084030,0.109294,0.109899,0.105332,0.097104,0.113940,0.069800
0.082201,0.091275,0.109596,0.107094,0.106996,0.110989,0.113078,0.092610,0.112162,0.073997
0.094471,0.095691,0.108277,0.080083,0.109167,0.104019,0.103932,0.120407,0.101940,0.082011
0.115301,0.099967,0.102516,0.102170,0.103630,0.078181,0.110843,0.076832,0.097546,0.113015
0.097028,0.092361,0.110892,0.106216,0.110550,0.113496,0.096858,0.083832,0.114803,0.073964
0.116978,0.102868,0.092064,0.081940,0.108042,0.107045,0.113606,0.095320,0.102988,0.079149
0.102213,0.093930,0.075141,0.108128,0.109682,0.115717,0.099770,0.093273,0.116896,0.085250
0.086025,0.095350,0.092997,0.109199,0.116626,0.100778,0.085807,0.098285,0.124317,0.090615
0.107626,0.104680,0.077381,0.090376,0.094053,0.091880,0.119563,0.102479,0.098197,0.113764
0.096459,0.093398,0.101689,0.107132,0.106362,0.096123,0.103639,0.087274,0.090322,0.117602
0.065233,0.062591,0.072069,0.060821,0.223225,0.221090,0.064686,0.077118,0.066107,0.087060
0.109827,0.098423,0.107834,0.105142,0.106018,0.106772,0.104410,0.101819,0.091193,0.068563
0.106480,0.088470,0.112694,0.094201,0.104876,0.114130,0.086467,0.092280,0.109710,0.090693
0.073872,0.064633,0.055566,0.073165,0.228594,0.232242,0.067968,0.058205,0.057678,0.088077
0.062141,0.060874,0.074971,0.058022,0.243730,0.244264,0.068271,0.057224,0.070119,0.060384
0.097756,0.104185,0.093219,0.107464,0.111591,0.098160,0.115254,0.087447,0.114417,0.070508
0.095616,0.082043,0.109400,0.084130,0.098364,0.108084,0.122164,0.111814,0.081432,0.106953
0.093978,0.087120,0.087399,0.091590,0.105157,0.102231,0.077336,0.128265,0.115576,0.111347
0.078724,0.065900,0.071928,0.073626,0.219062,0.216710,0.064076,0.064777,0.065650,0.079547
0.090218,0.090325,0.078379,0.107584,0.115630,0.118311,0.092662,0.109474,0.115508,0.081910
0.067471,0.055285,0.058120,0.059763,0.227099,0.223540,0.065277,0.054333,0.104324,0.084788
0.077152,0.056821,0.055319,0.063373,0.218165,0.211022,0.066574,0.093006,0.091304,0.067265
0.093133,0.097700,0.106632,0.102299,0.105946,0.102229,0.110278,0.102676,0.112440,0.066668
0.080958,0.063021,0.067251,0.068534,0.230162,0.235505,0.073312,0.061599,0.060879,0.058779
0.100022,0.106620,0.101299,0.103305,0.111876,0.085375,0.118715,0.094348,0.105882,0.072558
0.108850,0.080524,0.096435,0.074550,0.096595,0.102244,0.103715,0.122148,0.107513,0.107426
0.093318,0.112106,0.101893,0.080263,0.101490,0.080320,0.098783,0.120326,0.108251,0.103250
0.069301,0.067621,0.056307,0.058482,0.244516,0.248642,0.071407,0.058087,0.063617,0.062020
0.066768,0.063744,0.055966,0.072099,0.232169,0.247670,0.067910,0.066905,0.071727,0.055044
0.064816,0.073405,0.071040,0.054803,0.231617,0.231982,0.068037,0.057747,0.053823,0.092729
0.094275,0.099630,0.108691,0.091307,0.096621,0.081601,0.118628,0.093545,0.111733,0.103968
0.111760,0.117713,0.071511,0.089367,0.108815,0.097953,0.089668,0.093833,0.115280,0.104099
0.107362,0.101670,0.099441,0.100789,0.096922,0.106189,0.102823,0.092711,0.108887,0.083206
0.084143,0.089768,0.093630,0.100314,0.090230,0.105172,0.114386,0.118521,0.092005,0.111831
0.115447,0.082333,0.087091,0.105192,0.103276,0.108833,0.094800,0.118640,0.085033,0.099355
0.087776,0.110408,0.094100,0.076588,0.098230,0.107590,0.112768,0.121240,0.091043,0.100255
0.071048,0.083212,0.054018,0.061720,0.231376,0.223975,0.067292,0.065147,0.061024,0.081188
0.065036,0.063305,0.071572,0.074082,0.225907,0.221838,0.065937,0.060364,0.065337,0.086622
0.111739,0.094058,0.099091,0.087520,0.098419,0.101939,0.107452,0.125015,0.077187,0.097581
0.073561,0.066461,0.059842,0.071230,0.224625,0.222073,0.069326,0.067207,0.085201,0.060474
0.097609,0.098492,0.098672,0.105180,0.111694,0.110427,0.091206,0.102326,0.112120,0.072274
0.060223,0.071885,0.071993,0.062167,0.224155,0.227642,0.065373,0.054899,0.078724,0.082938
0.106488,0.093889,0.106942,0.091070,0.092791,0.092462,0.122179,0.096762,0.117688,0.079729
0.106093,0.101485,0.104301,0.103093,0.107145,0.103386,0.100874,0.097263,0.111785,0.064575
0.066091,0.063429,0.073529,0.064942,0.233452,0.240996,0.065170,0.066742,0.067693,0.057955
0.101831,0.088303,0.115741,0.110267,0.115473,0.096543,0.088552,0.089143,0.119509,0.074638
0.103350,0.098481,0.100765,0.087591,0.099723,0.100346,0.089695,0.126292,0.112890,0.080867
0.099875,0.098715,0.083640,0.108770,0.086707,0.084937,0.092726,0.133001,0.103270,0.108359
0.063589,0.062183,0.077617,0.066888,0.219066,0.225407,0.067459,0.067768,0.066241,0.083780
0.105665,0.093645,0.109552,0.104119,0.110609,0.088585,0.116829,0.092292,0.094849,0.083853
0.095077,0.097409,0.108624,0.094008,0.114898,0.096975,0.114277,0.092565,0.116222,0.069945
0.102283,0.097466,0.075149,0.076728,0.099611,0.106003,0.097981,0.126320,0.106738,0.111720
0.115189,0.113621,0.072153,0.082745,0.103374,0.101326,0.101520,0.110673,0.116819,0.082580
