0.084312,0.074237,0.121106,0.061222,0.123158,0.051921,0.135193,0.141307,0.152133,0.055410
0.122683,0.058009,0.082661,0.066319,0.107526,0.079326,0.133238,0.196679,0.123352,0.030206
0.100574,0.109217,0.099842,0.086439,0.081873,0.104159,0.063643,0.165287,0.092352,0.096613
0.012431,0.008540,0.012779,0.017941,0.482220,0.356942,0.030900,0.011468,0.008472,0.058308
0.147358,0.047661,0.104542,0.107391,0.048778,0.143021,0.064504,0.174997,0.129988,0.031760
0.012567,0.008193,0.023410,0.012945,0.458081,0.352867,0.031378,0.065737,0.018977,0.015847
0.084334,0.056901,0.077304,0.088645,0.102163,0.093454,0.133960,0.147676,0.119611,0.095952
0.152634,0.074264,0.028365,0.087863,0.109688,0.087509,0.127154,0.185990,0.101084,0.045449
0.072073,0.045676,0.099726,0.065551,0.119390,0.089568,0.144014,0.139419,0.146508,0.078074
0.008917,0.008891,0.023950,0.009872,0.481768,0.373651,0.035608,0.012809,0.012712,0.031823
0.081981,0.107407,0.104923,0.103179,0.123226,0.092577,0.077767,0.084496,0.105180,0.119263
0.016334,0.014937,0.013491,0.013841,0.462150,0.380618,0.037889,0.030864,0.015577,0.014299
0.015762,0.015605,0.013301,0.012691,0.472627,0.374564,0.044356,0.018583,0.017561,0.014949
0.069149,0.122851,0.072943,0.051855,0.137476,0.110783,0.155649,0.136636,0.102410,0.040248
0.011705,0.047186,0.010883,0.010091,0.468522,0.333588,0.036759,0.059968,0.010098,0.011199
0.092214,0.055326,0.073000,0.111714,0.149804,0.082860,0.151220,0.129801,0.124796,0.029265
0.082530,0.054915,0.075514,0.102111,0.096625,0.117639,0.136022,0.102845,0.109566,0.122232
0.108548,0.064355,0.060451,0.113987,0.134482,0.064611,0.132950,0.143137,0.097838,0.079641
0.118915,0.045469,0.131768,0.098948,0.117197,0.137381,0.120293,0.097678,0.109252,0.023098
0.014035,0.011225,0.011431,0.018456,0.465653,0.385207,0.038892,0.010804,0.023510,0.020786
0.009571,0.011094,0.017905,0.013445,0.486908,0.363794,0.035285,0.023474,0.010402,0.028121
0.017104,0.013581,0.012966,0.021046,0.469973,0.379136,0.044974,0.013043,0.013095,0.015082
0.107387,0.051787,0.060722,0.109053,0.054290,0.122351,0.075164,0.162413,0.124743,0.132090
0.011446,0.012613,0.025609,0.011721,0.460793,0.367977,0.035844,0.014599,0.049163,0.010235
0.014812,0.022600,0.015238,0.013517,0.456723,0.373355,0.042480,0.012399,0.025368,0.023507
0.139567,0.073288,0.031259,0.089260,0.137950,0.098527,0.145352,0.153118,0.103411,0.028268
0.082478,0.072613,0.063220,0.075115,0.109872,0.062975,0.117029,0.178434,0.134298,0.103966
0.008377,0.007239,0.008626,0.026194,0.489498,0.332021,0.027112,0.057748,0.018222,0.024962
0.088318,0.049671,0.029818,0.088491,0.152775,0.157002,0.150065,0.086454,0.128199,0.069207
0.123190,0.132808,0.033388,0.063762,0.123278,0.064429,0.139517,0.142624,0.107790,0.069214
0.147825,0.089638,0.028217,0.080914,0.101633,0.140318,0.146942,0.085276,0.086324,0.092913
0.148339,0.048187,0.105275,0.084497,0.121854,0.072654,0.140625,0.048823,0.114205,0.115540
0.017803,0.022493,0.020934,0.018768,0.455074,0.370485,0.049257,0.014916,0.015574,0.014696
0.012487,0.011153,0.026280,0.009671,0.463893,0.347350,0.040602,0.013057,0.012028,0.063480
0.073688,0.126305,0.063080,0.096309,0.166263,0.115119,0.124101,0.042337,0.110190,0.082606
0.105148,0.048199,0.107836,0.064739,0.153001,0.060259,0.156146,0.131572,0.096621,0.076478
0.044860,0.083764,0.030809,0.111004,0.102843,0.128538,0.177061,0.089048,0.158885,0.073187
0.088373,0.115327,0.155870,0.097620,0.090686,0.041472,0.064843,0.148038,0.091763,0.106007
0.131774,0.055478,0.128529,0.079984,0.146195,0.056771,0.089965,0.053307,0.168188,0.089807
0.081380,0.094143,0.133992,0.104405,0.089550,0.082648,0.067031,0.185838,0.089461,0.071551
0.065317,0.087434,0.097170,0.104266,0.147935,0.138029,0.118358,0.082633,0.062678,0.096180
0.043521,0.055938,0.149660,0.109174,0.055973,0.160744,0.083483,0.089845,0.124801,0.126861
0.084373,0.074477,0.051696,0.108989,0.054109,0.176757,0.080955,0.145511,0.107465,0.115667
0.075547,0.078974,0.077895,0.092902,0.187535,0.121685,0.143053,0.085742,0.107471,0.029196
0.012125,0.011197,0.011592,0.017545,0.461655,0.385683,0.038035,0.011189,0.021440,0.029540
0.092319,0.045086,0.109951,0.067865,0.145781,0.096067,0.105607,0.146918,0.071926,0.118481
0.011902,0.019194,0.011596,0.018957,0.463971,0.344679,0.042519,0.063134,0.011296,0.012752
0.152375,0.121221,0.126924,0.092297,0.092602,0.111441,0.119834,0.044672,0.055916,0.082718
0.076721,0.126521,0.102928,0.092758,0.140430,0.112641,0.164213,0.045693,0.114767,0.023329
0.094926,0.149271,0.124072,0.109376,0.174784,0.090024,0.094708,0.054858,0.070371,0.037611
0.010211,0.017350,0.011184,0.027957,0.475672,0.374705,0.035016,0.026360,0.010942,0.010602
0.090233,0.088585,0.068990,0.106191,0.161915,0.150759,0.083675,0.088777,0.131463,0.029412
0.080699,0.074940,0.118421,0.096532,0.103975,0.098975,0.070620,0.154051,0.152924,0.048863
0.008060,0.049461,0.008202,0.013730,0.469617,0.308707,0.031740,0.024760,0.007919,0.077804
0.150465,0.071891,0.027308,0.082333,0.128768,0.114415,0.134371,0.099089,0.111364,0.079995
0.012805,0.010687,0.012940,0.017222,0.482319,0.359717,0.033692,0.051352,0.008832,0.010432
0.009260,0.013488,0.024162,0.018885,0.448957,0.354986,0.029339,0.013931,0.043788,0.043204
0.119754,0.076919,0.087142,0.102413,0.141612,0.106204,0.113144,0.086829,0.142748,0.023234
0.042303,0.120349,0.028593,0.102988,0.164633,0.078056,0.084751,0.117485,0.138243,0.122599
0.092799,0.132276,0.047750,0.090230,0.118542,0.044211,0.106049,0.114048,0.149340,0.104754
0.007974,0.007382,0.010714,0.012463,0.478206,0.351261,0.028088,0.010947,0.042256,0.050708
0.169438,0.150741,0.048022,0.105440,0.147091,0.077068,0.073774,0.078299,0.123095,0.027032
0.012827,0.017886,0.011299,0.017670,0.487353,0.377631,0.040049,0.011031,0.013993,0.010261
0.013917,0.016960,0.009944,0.010591,0.467110,0.360233,0.041539,0.012549,0.013866,0.053291
0.043842,0.075718,0.077219,0.065555,0.148386,0.132336,0.154160,0.052365,0.113759,0.136658
0.122245,0.041909,0.142769,0.090617,0.119097,0.043832,0.139400,0.111095,0.106268,0.082769
0.075491,0.122915,0.113888,0.099993,0.049893,0.156398,0.129110,0.049143,0.114570,0.088599
0.076536,0.102492,0.102277,0.055014,0.124409,0.118524,0.109226,0.145359,0.117356,0.048807
0.083920,0.075952,0.027396,0.101056,0.096072,0.148316,0.083589,0.118590,0.141652,0.123458
0.040552,0.048609,0.075045,0.066392,0.114951,0.141595,0.135726,0.175573,0.140830,0.060728
0.008988,0.015160,0.007393,0.026687,0.510004,0.348247,0.028434,0.010050,0.018410,0.026627
0.017227,0.011558,0.013661,0.010575,0.477420,0.375674,0.036221,0.011487,0.024701,0.021476
0.127204,0.100909,0.142067,0.090887,0.137070,0.045675,0.070401,0.116124,0.146009,0.023654
0.070822,0.042100,0.147216,0.088484,0.141276,0.040195,0.173354,0.149557,0.067515,0.079482
0.143617,0.089561,0.036234,0.069984,0.145893,0.110389,0.063435,0.172726,0.128526,0.039637
0.122975,0.053019,0.072948,0.069073,0.123280,0.076224,0.130796,0.123018,0.109333,0.119334
0.078293,0.070471,0.115886,0.102083,0.093429,0.124576,0.075568,0.083843,0.148076,0.107775
0.010627,0.010041,0.014645,0.014593,0.487061,0.380158,0.036864,0.014499,0.022053,0.009459
0.007710,0.014580,0.021291,0.025397,0.500089,0.362503,0.029638,0.006881,0.007665,0.024245
0.099000,0.086014,0.114199,0.042739,0.109047,0.076183,0.118760,0.174275,0.088193,0.091589
0.012551,0.013138,0.011776,0.012544,0.469346,0.375229,0.045278,0.012681,0.015565,0.031892
0.089171,0.079315,0.080630,0.118563,0.161239,0.135770,0.081927,0.080527,0.117513,0.055343
0.014707,0.011148,0.019777,0.010831,0.460421,0.363732,0.031759,0.066158,0.010830,0.010638
0.011001,0.029213,0.008837,0.027311,0.478179,0.355885,0.034908,0.008265,0.019792,0.026608
0.074498,0.138931,0.119458,0.058418,0.121574,0.065349,0.122857,0.092288,0.114547,0.092080
0.016272,0.018548,0.012225,0.015094,0.470489,0.378525,0.037004,0.010412,0.011679,0.029752
0.102294,0.061939,0.083683,0.153692,0.118961,0.118192,0.160449,0.062940,0.103415,0.034435
0.097194,0.081517,0.030592,0.103388,0.122095,0.165033,0.136449,0.118178,0.112078,0.033476
0.010560,0.011288,0.009516,0.016659,0.468970,0.362968,0.038362,0.050421,0.011425,0.019831
0.086709,0.145718,0.072071,0.066367,0.171230,0.053709,0.088004,0.085253,0.089120,0.141820
0.069108,0.130477,0.044149,0.091638,0.095515,0.088881,0.137001,0.204066,0.111774,0.027389
0.067102,0.117462,0.060816,0.104907,0.106160,0.084194,0.116201,0.116662,0.134957,0.091539
0.011987,0.015284,0.008588,0.017129,0.475149,0.363211,0.027560,0.011099,0.044490,0.025503
0.065175,0.041196,0.107020,0.108758,0.127581,0.115805,0.131647,0.093015,0.102435,0.107367
0.154600,0.058107,0.168526,0.083119,0.148259,0.061204,0.161042,0.054800,0.071237,0.039105
0.086523,0.083868,0.126802,0.102192,0.134384,0.114641,0.090040,0.087505,0.137496,0.036548
0.073120,0.050061,0.119547,0.057826,0.094916,0.124315,0.180338,0.068112,0.117048,0.114718
0.011543,0.009854,0.011893,0.012109,0.470398,0.349903,0.031634,0.065767,0.011550,0.025349
0.103677,0.149041,0.056292,0.099442,0.099857,0.077811,0.078517,0.050075,0.158646,0.126643
0.140937,0.074548,0.120401,0.074663,0.128030,0.127867,0.117396,0.048013,0.113824,0.054321
0.037307,0.150614,0.053992,0.103113,0.150791,0.115687,0.073338,0.074586,0.152855,0.087718
0.100035,0.058966,0.183310,0.086084,0.062096,0.087570,0.090912,0.057532,0.174746,0.098749
0.064856,0.108870,0.134034,0.080393,0.104147,0.052422,0.125490,0.128726,0.086765,0.114298
0.094169,0.088379,0.185165,0.107659,0.058462,0.086864,0.092232,0.053642,0.133745,0.099685
0.080150,0.084287,0.071803,0.062876,0.098071,0.074522,0.134893,0.211329,0.064634,0.117435
0.045569,0.057006,0.123308,0.126403,0.108824,0.077657,0.135512,0.083378,0.111497,0.130845
0.092323,0.078048,0.063031,0.080160,0.138908,0.115826,0.161133,0.074716,0.142479,0.053375
0.017323,0.011794,0.022530,0.013350,0.446986,0.355450,0.036926,0.072320,0.011984,0.011335
0.026096,0.011654,0.013813,0.013348,0.473406,0.349973,0.034817,0.008604,0.012433,0.055857
0.080009,0.127402,0.050736,0.125516,0.148459,0.075004,0.070371,0.046884,0.163178,0.112441
0.096525,0.154604,0.133787,0.080168,0.060795,0.128143,0.095765,0.095050,0.127335,0.027828
0.077710,0.045438,0.071515,0.117192,0.157265,0.088821,0.142599,0.100311,0.120023,0.079124
0.085739,0.136830,0.073048,0.107104,0.144739,0.053097,0.133212,0.111206,0.128217,0.026808
0.009805,0.015408,0.009554,0.022421,0.470078,0.380557,0.027823,0.009048,0.045633,0.009672
0.115452,0.124711,0.038334,0.087787,0.094101,0.151170,0.132826,0.094497,0.088650,0.072472
0.116941,0.079396,0.076332,0.092736,0.138777,0.118192,0.105993,0.099685,0.148067,0.023881
0.081777,0.076322,0.126763,0.062038,0.109115,0.138920,0.193234,0.092064,0.064664,0.055102
0.048458,0.086849,0.069980,0.073292,0.176282,0.060491,0.133144,0.104202,0.184740,0.062562
0.129181,0.051813,0.158731,0.090713,0.110631,0.107816,0.076372,0.048530,0.131880,0.094334
0.013515,0.016969,0.010832,0.008328,0.451893,0.332865,0.035038,0.069005,0.009115,0.052439
0.074260,0.063687,0.115404,0.080934,0.119523,0.130424,0.113263,0.121830,0.121698,0.058977
0.112535,0.072739,0.044268,0.055863,0.115649,0.069688,0.132407,0.184182,0.097010,0.115660
0.008216,0.037871,0.011250,0.011294,0.477182,0.327105,0.029914,0.023778,0.065385,0.008005
0.082476,0.051299,0.069690,0.097887,0.168373,0.101468,0.077296,0.107391,0.125890,0.118230
0.015958,0.011066,0.014268,0.012040,0.462342,0.341532,0.042458,0.012034,0.023051,0.065252
0.088095,0.080386,0.077392,0.102140,0.147951,0.071665,0.076194,0.156060,0.110380,0.089737
0.015965,0.015746,0.013881,0.016512,0.462252,0.392822,0.038465,0.016980,0.014299,0.013077
0.086167,0.139147,0.126740,0.110067,0.053735,0.071135,0.082032,0.159576,0.115760,0.055641
0.115166,0.109343,0.088435,0.108399,0.122429,0.060308,0.122814,0.071357,0.134107,0.067640
0.088661,0.078204,0.034348,0.103975,0.158449,0.087980,0.163868,0.086334,0.143276,0.054906
0.013079,0.014261,0.012840,0.023225,0.491587,0.388348,0.027165,0.012557,0.008748,0.008190
0.154392,0.063920,0.064554,0.092382,0.090652,0.041506,0.156776,0.132370,0.098902,0.104546
0.081415,0.131841,0.031689,0.099048,0.107728,0.127421,0.114043,0.048447,0.130054,0.128312
0.102198,0.100453,0.125359,0.075648,0.150858,0.053341,0.090533,0.108946,0.128184,0.064480
0.143209,0.045719,0.145793,0.095281,0.090762,0.071292,0.128664,0.111220,0.138753,0.029307
0.037967,0.070731,0.162183,0.094007,0.141741,0.072775,0.069006,0.117783,0.156624,0.077182
0.070115,0.047765,0.039166,0.093353,0.148734,0.062985,0.151665,0.184540,0.094761,0.106915
0.076864,0.046641,0.046410,0.070146,0.146367,0.072175,0.133628,0.143153,0.147104,0.117510
0.013172,0.018582,0.011774,0.013539,0.471478,0.383867,0.040503,0.016397,0.016103,0.014585
0.172098,0.096668,0.055140,0.110689,0.060166,0.057185,0.172575,0.054448,0.069951,0.151081
0.134776,0.042886,0.078214,0.100567,0.133817,0.094113,0.113009,0.074026,0.120145,0.108446
0.106896,0.116186,0.127520,0.062777,0.145175,0.059793,0.111199,0.071241,0.094069,0.105145
0.012584,0.013386,0.012309,0.010739,0.458770,0.352327,0.041575,0.011798,0.013399,0.073114
0.011998,0.011192,0.010349,0.017367,0.459632,0.350652,0.037080,0.078366,0.012014,0.011350
0.095194,0.048182,0.078705,0.058289,0.140177,0.103764,0.112830,0.101369,0.143835,0.117654
0.083821,0.086276,0.122661,0.128347,0.107221,0.104593,0.137500,0.108139,0.064244,0.057196
0.083536,0.146810,0.031516,0.107556,0.150421,0.078100,0.148146,0.079586,0.118306,0.056022
0.073672,0.042763,0.099087,0.088651,0.133995,0.064072,0.140255,0.132791,0.104933,0.119782
0.111943,0.128554,0.044944,0.056140,0.136468,0.106966,0.165615,0.079053,0.052115,0.118201
0.013899,0.012253,0.014825,0.009804,0.480396,0.370958,0.038019,0.010832,0.020270,0.028745
0.013214,0.020159,0.010963,0.011858,0.486079,0.355610,0.038564,0.014692,0.024690,0.024171
0.046858,0.154706,0.032918,0.107038,0.107544,0.059213,0.164112,0.118551,0.170380,0.038680
0.081562,0.048893,0.080341,0.084619,0.098257,0.125113,0.180291,0.157572,0.112459,0.030894
0.016497,0.013741,0.014873,0.013075,0.459791,0.377230,0.045488,0.018808,0.014741,0.025756
0.081498,0.124950,0.059363,0.061179,0.105716,0.102246,0.093764,0.177146,0.103341,0.090797
0.082244,0.074892,0.118069,0.104091,0.103883,0.096486,0.071753,0.103961,0.153351,0.091267
0.012300,0.020985,0.012776,0.020313,0.468718,0.375283,0.045798,0.017181,0.013717,0.012929
0.038439,0.107121,0.080491,0.086144,0.128858,0.117622,0.109385,0.119041,0.122360,0.090539
0.157802,0.066162,0.065302,0.088597,0.097569,0.156680,0.061567,0.092082,0.096963,0.117276
0.058844,0.065974,0.030289,0.101895,0.148592,0.097360,0.153636,0.121282,0.130387,0.091740
0.011158,0.007531,0.008186,0.008302,0.457811,0.335568,0.029624,0.067581,0.042045,0.032193
0.013282,0.011028,0.024031,0.015827,0.461286,0.354002,0.032921,0.068419,0.010626,0.008577
0.074177,0.097287,0.097214,0.093491,0.088362,0.153391,0.124919,0.078903,0.108741,0.083513
0.131556,0.088819,0.075144,0.127886,0.127716,0.099893,0.083742,0.111889,0.124171,0.029185
0.091248,0.056579,0.087380,0.119511,0.150294,0.134252,0.088462,0.122291,0.089132,0.060851
0.072291,0.067572,0.039133,0.098726,0.132271,0.093042,0.143635,0.084729,0.160761,0.107840
0.020096,0.008622,0.010532,0.012813,0.494655,0.361511,0.025651,0.018696,0.041154,0.006271
0.015175,0.015387,0.023093,0.020436,0.467503,0.371911,0.045981,0.011897,0.016710,0.011908
0.097961,0.092461,0.048298,0.120639,0.123485,0.097571,0.091730,0.201935,0.076933,0.048988
0.146654,0.088158,0.099303,0.085623,0.086740,0.077737,0.065053,0.179857,0.062165,0.108709
0.035467,0.125900,0.050952,0.081343,0.135209,0.094213,0.070682,0.136231,0.147464,0.122540
0.097420,0.125356,0.072835,0.100932,0.094006,0.094367,0.148058,0.068366,0.115403,0.083257
0.093735,0.048808,0.054424,0.099722,0.099305,0.152267,0.072658,0.184532,0.144628,0.049923
0.010401,0.010659,0.010615,0.030867,0.477526,0.332530,0.035588,0.061549,0.008794,0.021472
0.012088,0.010029,0.012269,0.008128,0.480688,0.367011,0.032998,0.007503,0.043398,0.025887
0.012259,0.027187,0.024822,0.015226,0.473552,0.374619,0.033662,0.014221,0.012599,0.011853
0.126958,0.132763,0.164625,0.063335,0.131909,0.144253,0.075191,0.049951,0.083544,0.027471
0.077052,0.051955,0.044618,0.105401,0.138666,0.125734,0.134888,0.148086,0.119571,0.054028
0.074702,0.122566,0.098113,0.092157,0.113950,0.095878,0.072884,0.108594,0.106924,0.114234
0.006666,0.007663,0.006375,0.021478,0.494041,0.354793,0.025954,0.019025,0.042573,0.021432
0.164665,0.051149,0.162533,0.072788,0.121113,0.131452,0.076979,0.049145,0.117561,0.052616
0.075660,0.067184,0.064246,0.056431,0.136663,0.113174,0.173261,0.115809,0.112337,0.085234
0.030669,0.108843,0.054632,0.108547,0.122090,0.087997,0.126266,0.128205,0.131991,0.100760
0.049452,0.056333,0.076239,0.084010,0.143763,0.146855,0.096575,0.138505,0.164088,0.044180
0.085157,0.077689,0.028317,0.106303,0.146480,0.121832,0.077976,0.142595,0.149853,0.063798
0.069465,0.118161,0.067561,0.092968,0.138661,0.066383,0.168354,0.111766,0.066656,0.100025
0.137618,0.070326,0.158422,0.096931,0.097052,0.117818,0.068510,0.046528,0.160270,0.046524
0.164383,0.052280,0.061431,0.074712,0.153458,0.162078,0.079458,0.079077,0.118291,0.054833
0.171706,0.056533,0.123287,0.065303,0.057464,0.076089,0.083620,0.081162,0.153802,0.131035
0.010864,0.016873,0.013117,0.014697,0.465342,0.367740,0.036743,0.014776,0.049623,0.010226
0.113025,0.092859,0.075602,0.138072,0.147176,0.086954,0.128806,0.098459,0.090523,0.028524
0.010828,0.032300,0.009288,0.011848,0.485183,0.325355,0.035697,0.058988,0.011935,0.018578
0.012074,0.011266,0.011154,0.015266,0.473129,0.374391,0.039533,0.027737,0.024129,0.011320
0.009858,0.010590,0.012190,0.010365,0.474573,0.328362,0.040644,0.068014,0.014865,0.030539
0.011727,0.013364,0.008607,0.023063,0.477102,0.361285,0.032189,0.046154,0.011412,0.015097
0.046408,0.153748,0.075978,0.114611,0.133753,0.105573,0.142532,0.095969,0.091327,0.040100
0.099159,0.121566,0.062329,0.069642,0.128538,0.076543,0.162141,0.176323,0.077091,0.026667
0.042940,0.109997,0.060010,0.106668,0.135352,0.077525,0.135474,0.197376,0.080037,0.054622
0.009454,0.029656,0.006967,0.013667,0.487006,0.327069,0.027996,0.019602,0.045748,0.032837
0.066969,0.138775,0.140540,0.051630,0.123090,0.127984,0.137260,0.080396,0.052825,0.080530
0.140822,0.071727,0.129661,0.069127,0.051344,0.135402,0.072136,0.110730,0.105248,0.113803
0.162172,0.120415,0.157704,0.068823,0.049181,0.045597,0.141484,0.147721,0.058033,0.048870
0.016012,0.013665,0.021197,0.015798,0.460601,0.357055,0.037494,0.015462,0.049920,0.012796
0.045706,0.155086,0.054786,0.107289,0.107477,0.182704,0.081056,0.135405,0.071064,0.059427
0.094053,0.053740,0.070178,0.070893,0.142686,0.110593,0.094696,0.177009,0.127615,0.058538
0.117330,0.082467,0.033143,0.141250,0.141236,0.090819,0.131205,0.055706,0.135230,0.071614
0.196204,0.146954,0.058298,0.123121,0.063063,0.091654,0.090538,0.091787,0.098083,0.040299
0.090873,0.067154,0.142461,0.089081,0.136665,0.088860,0.070858,0.183902,0.100584,0.029561
0.005841,0.006122,0.006149,0.022784,0.487394,0.322875,0.025953,0.049062,0.052913,0.020907
0.050972,0.062284,0.136627,0.139038,0.063831,0.064124,0.088035,0.225159,0.126095,0.043834
0.012981,0.009220,0.008851,0.013558,0.469843,0.361131,0.037144,0.048543,0.012539,0.026190
0.084954,0.085841,0.164897,0.099163,0.164938,0.111063,0.076745,0.048609,0.131659,0.032132
0.011024,0.010886,0.009251,0.016092,0.473978,0.354638,0.036516,0.008692,0.067945,0.010979
0.011308,0.019139,0.026783,0.015650,0.480070,0.356177,0.040678,0.013752,0.023802,0.012642
0.094047,0.093656,0.090632,0.116264,0.164326,0.057678,0.166151,0.054417,0.126365,0.036464
0.009608,0.009158,0.018544,0.013550,0.484630,0.382534,0.032528,0.012901,0.009656,0.026890
0.040688,0.074699,0.139530,0.093602,0.099792,0.138361,0.136905,0.113054,0.098595,0.064773
0.077753,0.111241,0.043898,0.086805,0.193647,0.075293,0.077777,0.089437,0.161783,0.082366
0.040658,0.086147,0.169547,0.100800,0.052808,0.104803,0.117754,0.147140,0.126205,0.054139
0.049890,0.060341,0.076127,0.117037,0.153795,0.143962,0.142135,0.059630,0.117588,0.079497
0.049131,0.124872,0.175321,0.084572,0.172746,0.063567,0.088490,0.057247,0.142721,0.041334
0.012042,0.033105,0.012320,0.009057,0.496398,0.346874,0.033462,0.010991,0.018566,0.027184
0.078194,0.111149,0.042200,0.097984,0.104246,0.132823,0.139181,0.119057,0.061612,0.113555
0.084958,0.078637,0.071151,0.099696,0.106955,0.103116,0.113868,0.049380,0.161671,0.130568
0.037287,0.138356,0.118812,0.057999,0.093768,0.095639,0.107547,0.117473,0.114355,0.118764
0.006126,0.012188,0.007407,0.022989,0.483995,0.335203,0.024369,0.061949,0.015616,0.030158
0.106090,0.059763,0.094445,0.085173,0.080630,0.133618,0.118867,0.125418,0.098438,0.097557
0.073671,0.121286,0.134007,0.052471,0.115002,0.095885,0.118938,0.135230,0.105527,0.047984
0.087084,0.134919,0.127099,0.104917,0.055383,0.105078,0.118636,0.053392,0.127301,0.086191
0.088043,0.144410,0.074043,0.078869,0.104638,0.129876,0.091427,0.051452,0.104026,0.133216
0.136037,0.057860,0.061015,0.108633,0.162336,0.087662,0.091501,0.121280,0.143911,0.029765
0.102478,0.111738,0.032931,0.105897,0.098956,0.103475,0.075158,0.160916,0.118172,0.090279
0.095343,0.085997,0.087893,0.085400,0.172081,0.086779,0.090034,0.100782,0.136125,0.059566
0.098046,0.130257,0.062360,0.060821,0.052499,0.120077,0.141816,0.087314,0.129109,0.117700
0.074963,0.078923,0.064971,0.117462,0.099024,0.091854,0.105384,0.112327,0.147612,0.107479
0.066948,0.114295,0.094444,0.089116,0.117669,0.063869,0.118930,0.136838,0.097411,0.100479
0.009597,0.010877,0.009415,0.016645,0.458498,0.347811,0.037942,0.008680,0.047248,0.053288
0.097641,0.054202,0.074971,0.107058,0.104228,0.098896,0.110437,0.150484,0.115303,0.086779
0.074993,0.126642,0.111390,0.067868,0.141579,0.127234,0.135970,0.097631,0.089530,0.027163
0.010589,0.009754,0.010771,0.010690,0.482684,0.377576,0.035536,0.012518,0.010584,0.039297
0.068901,0.097208,0.161797,0.086473,0.141478,0.091974,0.065615,0.150469,0.094601,0.041482
0.073111,0.100247,0.153092,0.090200,0.045729,0.109769,0.109644,0.096831,0.112504,0.108873
0.081200,0.072639,0.032375,0.096940,0.160872,0.049363,0.180234,0.121132,0.153392,0.051853
0.136635,0.148084,0.065309,0.081569,0.170469,0.054059,0.125344,0.087037,0.065363,0.066132
0.123706,0.111647,0.153211,0.060284,0.050761,0.127523,0.116263,0.045490,0.126985,0.084131
0.035360,0.046644,0.101890,0.085647,0.090876,0.137157,0.126428,0.173330,0.103817,0.098852
0.026703,0.016356,0.012407,0.020480,0.471029,0.373260,0.032361,0.014819,0.022998,0.009587
0.090410,0.055357,0.068239,0.068936,0.134695,0.105498,0.161734,0.165237,0.111883,0.038011
0.077161,0.069329,0.137575,0.096305,0.138925,0.046678,0.127990,0.137125,0.140360,0.028552
0.101957,0.092635,0.060348,0.083320,0.109548,0.142474,0.066097,0.179086,0.086666,0.077870
0.051327,0.174430,0.089300,0.074991,0.149967,0.062415,0.091778,0.091365,0.099311,0.115116
0.135687,0.075153,0.047929,0.123736,0.129781,0.133549,0.070356,0.103557,0.060522,0.119730
0.010968,0.011351,0.022142,0.010029,0.447202,0.366851,0.031595,0.063433,0.024143,0.012286
0.128907,0.051827,0.177758,0.103419,0.054893,0.078216,0.080588,0.153383,0.083448,0.087561
0.108269,0.085893,0.161958,0.100146,0.104493,0.129174,0.087869,0.118935,0.073793,0.029469
0.092326,0.058118,0.130363,0.114946,0.141575,0.134828,0.120084,0.054311,0.114930,0.038518
0.082575,0.077159,0.109321,0.061736,0.125111,0.105627,0.146705,0.047611,0.115968,0.128189
0.008258,0.008320,0.011142,0.026233,0.488737,0.331321,0.026797,0.022415,0.008423,0.068355
0.039041,0.117789,0.029147,0.099832,0.092360,0.070421,0.127011,0.192534,0.145341,0.086524
0.121747,0.125970,0.061205,0.095839,0.096919,0.068373,0.139794,0.131299,0.109991,0.048862
0.089380,0.057449,0.152702,0.097204,0.130027,0.079875,0.080535,0.057098,0.118852,0.136879
0.126373,0.039462,0.078854,0.073922,0.137063,0.121861,0.129287,0.074795,0.108706,0.109677
0.066963,0.101972,0.041144,0.090065,0.141086,0.092134,0.147821,0.082328,0.155673,0.080815
0.036060,0.047413,0.151564,0.092748,0.144157,0.113835,0.104972,0.082057,0.113577,0.113619
0.097371,0.100252,0.033217,0.081048,0.098906,0.105208,0.122442,0.172466,0.127307,0.061783
0.098227,0.057584,0.078630,0.083704,0.168517,0.124220,0.101404,0.053635,0.178244,0.055834
0.087072,0.117493,0.061661,0.103650,0.135999,0.085461,0.079241,0.050274,0.138093,0.141057
0.108970,0.116689,0.060328,0.088902,0.096035,0.088968,0.164187,0.140828,0.110498,0.024596
0.011956,0.018356,0.009906,0.027702,0.473636,0.371963,0.034420,0.010199,0.021719,0.020143
0.109144,0.134904,0.146024,0.083037,0.138241,0.099850,0.103151,0.063546,0.099211,0.022893
0.009493,0.013662,0.023778,0.014526,0.467236,0.383388,0.030972,0.012736,0.018747,0.025464
0.013276,0.016617,0.025256,0.022494,0.468610,0.358994,0.045735,0.014992,0.017779,0.016248
0.126751,0.066250,0.030741,0.097298,0.097869,0.119023,0.142406,0.065649,0.153645,0.100368
0.088761,0.081417,0.063019,0.109252,0.109109,0.056781,0.087253,0.235690,0.133813,0.034904
0.032866,0.116049,0.148848,0.095453,0.128799,0.097654,0.106102,0.110134,0.053302,0.110791
0.009798,0.011323,0.018098,0.012844,0.468528,0.355639,0.034858,0.066010,0.012712,0.010190
0.073822,0.048158,0.064654,0.091574,0.163856,0.112489,0.101252,0.198912,0.058434,0.086848
0.078031,0.154642,0.109523,0.107852,0.048886,0.125515,0.074667,0.157323,0.108933,0.034629
0.023967,0.030123,0.010012,0.008732,0.465756,0.326564,0.032512,0.076604,0.018342,0.007388
0.104047,0.146044,0.034154,0.100812,0.148582,0.079611,0.119371,0.077033,0.103524,0.086822
0.091442,0.129364,0.090105,0.115318,0.113297,0.085510,0.095644,0.102376,0.077116,0.099828
0.118575,0.049011,0.044924,0.094345,0.119338,0.093514,0.172409,0.198558,0.061097,0.048230
0.009206,0.009559,0.012929,0.015057,0.481567,0.372086,0.032132,0.008766,0.048200,0.010498
0.026936,0.011559,0.020416,0.011483,0.460544,0.346235,0.031565,0.014285,0.047894,0.029084
0.106118,0.062434,0.037960,0.110931,0.065554,0.094825,0.142785,0.060859,0.160452,0.158081
0.087921,0.093789,0.037762,0.108541,0.138714,0.132954,0.163534,0.084572,0.113301,0.038912
0.092806,0.104860,0.067205,0.093917,0.099885,0.120463,0.066856,0.114843,0.112339,0.126828
0.065091,0.090474,0.100137,0.081054,0.108158,0.117278,0.060103,0.139436,0.139879,0.098389
0.007525,0.008476,0.008449,0.010669,0.479894,0.353869,0.034063,0.012077,0.049435,0.035543
0.047183,0.138705,0.071473,0.107336,0.194332,0.116398,0.083885,0.138620,0.071471,0.030596
0.009577,0.047499,0.010979,0.008203,0.479949,0.334084,0.040364,0.010467,0.013399,0.045480
0.058255,0.104598,0.131497,0.084937,0.078760,0.103511,0.092305,0.175496,0.084492,0.086150
0.076711,0.072042,0.043025,0.107463,0.150337,0.130485,0.076274,0.145820,0.162342,0.035501
0.005712,0.031689,0.005862,0.012502,0.485383,0.327275,0.027414,0.019410,0.051481,0.033273
0.044493,0.056690,0.068531,0.129888,0.101385,0.127189,0.138936,0.054757,0.140180,0.137951
0.014931,0.018212,0.013053,0.011475,0.459946,0.376843,0.041360,0.011611,0.011960,0.040608
0.080075,0.071295,0.033675,0.099106,0.191285,0.133564,0.153150,0.046128,0.101219,0.090503
0.101087,0.151961,0.042233,0.080792,0.150391,0.045348,0.115891,0.157344,0.123873,0.031081
0.086043,0.083315,0.073171,0.111215,0.153022,0.102094,0.161382,0.049726,0.083033,0.096999
0.016124,0.014946,0.013197,0.011562,0.478579,0.379976,0.039606,0.017250,0.012572,0.016186
0.147306,0.117362,0.121423,0.105023,0.122699,0.083143,0.062084,0.085547,0.059938,0.095475
0.117816,0.122692,0.025158,0.056010,0.111248,0.144891,0.131496,0.077392,0.100115,0.113184
0.072801,0.132449,0.067450,0.068213,0.099112,0.117025,0.151745,0.145353,0.067541,0.078311
0.097280,0.106230,0.116311,0.079930,0.118872,0.126390,0.134074,0.034883,0.119766,0.066266
0.074320,0.044127,0.066417,0.088866,0.133623,0.114356,0.164891,0.095344,0.100010,0.118045
0.027626,0.012230,0.011703,0.011971,0.455249,0.363197,0.038894,0.010832,0.048434,0.019864
0.129151,0.119188,0.141588,0.053177,0.096938,0.111531,0.129402,0.080378,0.112475,0.026172
0.017659,0.019270,0.018702,0.011291,0.467951,0.381166,0.039476,0.013846,0.016274,0.014366
0.007051,0.011441,0.006767,0.021894,0.500507,0.377673,0.024880,0.010834,0.016412,0.022542
0.086569,0.051904,0.062890,0.100467,0.136609,0.128004,0.136730,0.050349,0.158891,0.087587
0.009796,0.016491,0.009796,0.026777,0.501735,0.362445,0.030128,0.025272,0.008591,0.008969
0.154540,0.088438,0.032166,0.066070,0.151349,0.150666,0.081085,0.087053,0.124333,0.064299
0.021300,0.025829,0.008581,0.007470,0.488700,0.350358,0.028732,0.011461,0.041499,0.016069
0.044183,0.054483,0.116437,0.097081,0.103576,0.079537,0.154865,0.132749,0.122395,0.094694
0.082244,0.075989,0.060245,0.084834,0.141442,0.093954,0.129857,0.142303,0.100145,0.088987
0.110376,0.112169,0.142627,0.110872,0.116219,0.085571,0.103373,0.038694,0.131109,0.048989
0.158769,0.069915,0.054448,0.096821,0.138879,0.157144,0.107561,0.073278,0.091253,0.051931
0.137039,0.073578,0.161734,0.094281,0.150080,0.119529,0.072994,0.047136,0.113000,0.030630
0.038292,0.048552,0.026338,0.099919,0.125949,0.102679,0.157977,0.139652,0.141010,0.119632
0.132237,0.076249,0.115759,0.075863,0.133829,0.092451,0.136405,0.117709,0.085135,0.034363
0.129492,0.047295,0.116375,0.073282,0.128289,0.075670,0.144141,0.104536,0.148322,0.032598
0.061249,0.110583,0.062148,0.073502,0.115093,0.104964,0.163218,0.132539,0.057470,0.119234
0.077624,0.127043,0.030143,0.102198,0.138182,0.047907,0.110809,0.124566,0.125491,0.116037
0.147608,0.075981,0.074934,0.060262,0.132789,0.113252,0.157685,0.043471,0.141256,0.052761
0.101081,0.114792,0.133228,0.080218,0.103838,0.083592,0.124576,0.129503,0.090715,0.038456
0.014284,0.014269,0.022751,0.013012,0.475865,0.363547,0.044157,0.012953,0.016111,0.023051
0.071905,0.099682,0.149571,0.097848,0.139276,0.091161,0.102639,0.148891,0.054092,0.044935
0.011286,0.025360,0.009504,0.017165,0.486393,0.373631,0.032468,0.023442,0.012449,0.008302
0.074021,0.069102,0.143683,0.090833,0.162059,0.108431,0.102759,0.081086,0.144481,0.023544
0.009414,0.008620,0.022540,0.007812,0.467797,0.350049,0.032669,0.022153,0.045924,0.033022
0.014327,0.014465,0.013085,0.016246,0.479512,0.367052,0.046154,0.016125,0.015904,0.017127
0.087190,0.149106,0.097806,0.078557,0.058036,0.082853,0.146109,0.093191,0.134316,0.072835
0.007977,0.012883,0.007609,0.012366,0.486204,0.347037,0.026293,0.020300,0.046099,0.033232
0.011521,0.013607,0.022489,0.008016,0.481048,0.377061,0.028288,0.011339,0.017676,0.028956
0.038491,0.146979,0.115469,0.060148,0.051081,0.118528,0.137111,0.103102,0.113812,0.115278
0.054648,0.067822,0.071991,0.092971,0.118285,0.097501,0.156196,0.063575,0.178093,0.098918
0.097409,0.058683,0.125433,0.121937,0.112246,0.058471,0.170612,0.124936,0.092650,0.037622
0.088053,0.153628,0.078805,0.115947,0.105936,0.133468,0.080853,0.055467,0.128331,0.059513
0.089999,0.046893,0.132156,0.091109,0.123331,0.072955,0.149179,0.098664,0.088831,0.106885
0.103571,0.127710,0.063166,0.079960,0.117375,0.085548,0.148879,0.085614,0.097383,0.090794
0.100663,0.113922,0.090038,0.081730,0.101701,0.138361,0.126250,0.037633,0.101892,0.107809
0.081454,0.073587,0.047006,0.104234,0.053109,0.174681,0.187448,0.106146,0.120385,0.051950
0.111055,0.041884,0.125067,0.051263,0.147961,0.135447,0.145476,0.118442,0.098737,0.024667
0.065535,0.113030,0.109760,0.096507,0.095244,0.088769,0.102936,0.134019,0.146115,0.048085
0.139295,0.053827,0.074871,0.071046,0.110346,0.102421,0.191300,0.114029,0.085644,0.057221
0.108105,0.066434,0.083557,0.078466,0.150601,0.068096,0.094125,0.063168,0.127478,0.159968
0.107662,0.115388,0.038405,0.074465,0.121232,0.106115,0.118763,0.092954,0.109148,0.115868
0.080295,0.070715,0.112656,0.082761,0.051326,0.067983,0.158604,0.191968,0.063532,0.120160
0.086292,0.114910,0.089225,0.069939,0.165449,0.084960,0.142492,0.093122,0.121113,0.032497
0.133603,0.078638,0.068936,0.094739,0.144747,0.084445,0.083515,0.137452,0.136723,0.037202
0.038381,0.106757,0.150247,0.125156,0.104170,0.074006,0.143908,0.045927,0.123748,0.087701
0.009715,0.014871,0.014370,0.008598,0.486376,0.375927,0.030800,0.009253,0.021562,0.028528
0.148915,0.089072,0.050255,0.092345,0.055038,0.126661,0.124663,0.114572,0.165698,0.032781
0.011923,0.012499,0.012345,0.018369,0.469727,0.364124,0.044793,0.011208,0.023808,0.031205
0.097289,0.038284,0.124446,0.071525,0.115858,0.101048,0.122678,0.128294,0.100150,0.100428
0.118438,0.075641,0.065155,0.068927,0.120004,0.113186,0.160689,0.048016,0.111097,0.118846
0.084808,0.078000,0.157264,0.106012,0.124323,0.105409,0.131446,0.106064,0.081156,0.025518
0.089552,0.076573,0.110856,0.114016,0.115942,0.093873,0.124412,0.128779,0.098013,0.047985
0.140304,0.058756,0.083227,0.116740,0.060337,0.090646,0.163982,0.096245,0.149060,0.040704
0.134818,0.074017,0.069882,0.100299,0.151810,0.121770,0.077232,0.050231,0.166897,0.053044
0.081710,0.073490,0.058140,0.098841,0.147536,0.142128,0.074673,0.162184,0.133219,0.028079
0.085236,0.136512,0.150593,0.067049,0.098608,0.116568,0.076458,0.089549,0.155446,0.023981
0.124656,0.093826,0.067294,0.115689,0.094596,0.124409,0.102358,0.088588,0.147727,0.040858
0.075638,0.122910,0.069629,0.067721,0.092477,0.095094,0.141851,0.098745,0.151906,0.084030
0.007534,0.013155,0.011243,0.024140,0.498963,0.379321,0.028635,0.009885,0.011600,0.015523
0.103336,0.128311,0.034107,0.101348,0.056134,0.139339,0.138951,0.111024,0.066896,0.120554
0.014087,0.013347,0.012031,0.013715,0.470970,0.372179,0.043157,0.013557,0.024009,0.022947
0.159048,0.071036,0.112245,0.082179,0.131974,0.090924,0.102795,0.069929,0.100311,0.079560
0.010798,0.009138,0.009037,0.008646,0.444565,0.341523,0.035895,0.070321,0.042891,0.027187
0.025008,0.015845,0.024994,0.018591,0.475604,0.372492,0.032792,0.013008,0.013295,0.008371
0.123875,0.123484,0.075635,0.086249,0.138720,0.065642,0.104488,0.105374,0.068140,0.108394
0.083619,0.134018,0.174338,0.061712,0.106685,0.049591,0.087365,0.045243,0.127425,0.130004
0.138443,0.077060,0.144091,0.062976,0.127196,0.079557,0.120134,0.113780,0.112226,0.024537
0.018325,0.014486,0.013183,0.013755,0.457288,0.383771,0.046800,0.012493,0.014275,0.025622
0.130940,0.110453,0.131755,0.058313,0.157853,0.071677,0.059557,0.040918,0.133459,0.105076
0.088359,0.153232,0.030318,0.078896,0.148412,0.129708,0.123914,0.087596,0.124020,0.035547
0.164137,0.077238,0.117914,0.060812,0.104456,0.074443,0.141745,0.086808,0.119378,0.053069
0.125740,0.140189,0.141493,0.076226,0.124032,0.153431,0.069390,0.041160,0.055420,0.072919
0.008244,0.030653,0.018111,0.015497,0.503413,0.358535,0.034577,0.010918,0.008723,0.011328
0.112382,0.065813,0.096803,0.063384,0.128074,0.107377,0.159103,0.076181,0.109771,0.081112
0.075996,0.132677,0.177199,0.098218,0.144159,0.046545,0.075881,0.108527,0.059866,0.080932
0.049617,0.095871,0.122181,0.138142,0.149511,0.063552,0.087715,0.142585,0.120011,0.030814
0.146447,0.091679,0.071364,0.068916,0.154621,0.171110,0.139982,0.055497,0.070937,0.029447
0.106160,0.061448,0.192586,0.076269,0.063998,0.064021,0.132406,0.059546,0.155715,0.087852
0.096350,0.059423,0.057222,0.071174,0.142817,0.088742,0.168835,0.101056,0.174534,0.039847
0.117496,0.077514,0.146780,0.057961,0.136664,0.091171,0.065922,0.148724,0.112164,0.045604
0.037614,0.066784,0.100445,0.097715,0.158934,0.111003,0.073526,0.189015,0.111970,0.052994
0.017219,0.017009,0.013972,0.019222,0.446989,0.374405,0.050456,0.014684,0.029216,0.016828
0.073072,0.105113,0.068267,0.084155,0.142760,0.115780,0.064185,0.146390,0.149835,0.050443
0.068373,0.120676,0.063188,0.087495,0.086735,0.086023,0.100683,0.204473,0.144039,0.038313
0.075144,0.147945,0.039774,0.088945,0.099652,0.122264,0.187152,0.041126,0.105077,0.092920
0.118230,0.071541,0.165326,0.059507,0.122307,0.122627,0.111044,0.086023,0.116819,0.026576
0.044760,0.078805,0.125939,0.109934,0.129017,0.124961,0.140166,0.081864,0.126011,0.038544
0.098171,0.076721,0.119987,0.060263,0.125155,0.093701,0.113950,0.138935,0.110277,0.062841
0.162839,0.116267,0.098055,0.089292,0.113473,0.040851,0.136404,0.040124,0.097804,0.104892
0.109481,0.079321,0.130764,0.105087,0.146541,0.127921,0.084323,0.052288,0.127427,0.036845
0.150144,0.127976,0.072355,0.054340,0.115465,0.127679,0.120486,0.080058,0.102297,0.049198
0.101957,0.089126,0.042441,0.121272,0.127581,0.149116,0.098249,0.064326,0.130690,0.075243
0.048521,0.083506,0.069978,0.112048,0.163840,0.122005,0.093948,0.102361,0.143910,0.059882
0.108499,0.100155,0.039260,0.080170,0.069627,0.099518,0.153688,0.106255,0.081593,0.161234
0.081423,0.076261,0.152142,0.104337,0.142366,0.101827,0.111134,0.048448,0.061967,0.120096
0.010147,0.015291,0.019137,0.010709,0.480410,0.370385,0.030945,0.022346,0.012855,0.027775
0.116584,0.080864,0.160605,0.094004,0.100834,0.131947,0.110397,0.120129,0.059484,0.025153
0.096576,0.055989,0.185580,0.078817,0.109316,0.137799,0.094883,0.052900,0.131459,0.056681
0.016942,0.017646,0.011359,0.021113,0.462280,0.377765,0.038965,0.010772,0.012189,0.030969
0.011417,0.013448,0.016966,0.010765,0.487721,0.384436,0.036363,0.010694,0.014429,0.013761
0.080226,0.145051,0.079577,0.101325,0.150570,0.104586,0.146068,0.045553,0.117453,0.029589
0.077824,0.048542,0.119427,0.061178,0.096031,0.125129,0.153350,0.153554,0.074307,0.090658
0.072155,0.065249,0.065883,0.066013,0.120602,0.122171,0.063376,0.185413,0.140600,0.098537
0.022708,0.010240,0.016900,0.023607,0.481237,0.370020,0.027752,0.011992,0.011223,0.024321
0.053366,0.059578,0.038319,0.101037,0.139398,0.172457,0.100154,0.142355,0.144321,0.049014
0.012663,0.010804,0.009476,0.011635,0.468780,0.350332,0.033644,0.009000,0.055339,0.038327
0.024124,0.009671,0.009937,0.011997,0.464178,0.327585,0.031968,0.055396,0.047340,0.017803
0.071792,0.127776,0.108858,0.087870,0.135639,0.122693,0.122081,0.094844,0.101226,0.027220
0.036245,0.016878,0.018083,0.017941,0.434660,0.371438,0.054886,0.015624,0.017803,0.016444
0.087707,0.122392,0.073381,0.095190,0.164699,0.051246,0.165621,0.081165,0.122662,0.035938
0.132504,0.055034,0.083298,0.045042,0.106913,0.093407,0.104481,0.161206,0.117071,0.101045
0.076876,0.138639,0.101242,0.055710,0.130765,0.063272,0.105520,0.144310,0.096424,0.087242
0.013262,0.014431,0.011916,0.011633,0.476879,0.385165,0.045804,0.011283,0.015370,0.014257
0.015680,0.019111,0.013550,0.019412,0.443828,0.396417,0.042435,0.017160,0.018728,0.013679
0.010190,0.016558,0.024205,0.008654,0.474465,0.356255,0.037900,0.010023,0.009571,0.052179
0.079476,0.122235,0.123670,0.072590,0.097232,0.071726,0.154348,0.087163,0.106669,0.084891
0.127267,0.152890,0.031295,0.067263,0.107490,0.108022,0.073515,0.078634,0.121351,0.132273
0.110875,0.116740,0.138343,0.115739,0.088942,0.114365,0.103386,0.079515,0.087555,0.044541
0.082114,0.073498,0.067084,0.095660,0.083893,0.110762,0.140288,0.142449,0.090580,0.113672
0.148468,0.044789,0.066943,0.092442,0.132535,0.142766,0.070178,0.122137,0.071694,0.108047
0.064911,0.126596,0.064884,0.048644,0.090808,0.112827,0.172796,0.143713,0.098576,0.076244
0.012014,0.028480,0.007908,0.008724,0.498687,0.363499,0.031524,0.012814,0.008606,0.027745
0.009189,0.014479,0.017544,0.025790,0.488795,0.366272,0.030905,0.009833,0.011321,0.025872
0.131212,0.100966,0.119537,0.057156,0.113253,0.098058,0.105949,0.153749,0.058058,0.062062
0.020231,0.016716,0.017232,0.019788,0.457970,0.357407,0.047198,0.018170,0.029035,0.016254
0.104163,0.080242,0.091260,0.126931,0.110482,0.124876,0.075443,0.123487,0.127527,0.035587
0.011288,0.014983,0.024598,0.010341,0.468063,0.374328,0.033357,0.008575,0.020902,0.033566
0.109369,0.070682,0.092408,0.080631,0.070413,0.097682,0.213688,0.068106,0.147476,0.049546
0.102943,0.110175,0.140928,0.085350,0.125192,0.117562,0.098271,0.103655,0.093548,0.022377
0.010237,0.014470,0.014225,0.010510,0.483770,0.404273,0.028285,0.013281,0.011671,0.009276
0.117864,0.057892,0.138173,0.121394,0.154598,0.090369,0.095156,0.059802,0.133223,0.031530
0.096194,0.102729,0.127549,0.057125,0.120896,0.108566,0.059635,0.162591,0.125787,0.038928
0.088613,0.089132,0.056775,0.110813,0.056451,0.079095,0.078084,0.220469,0.122486,0.098082
0.010476,0.011304,0.022512,0.012248,0.463379,0.388347,0.032434,0.015664,0.014990,0.028646
0.148653,0.082513,0.122909,0.098437,0.139038,0.059251,0.150513,0.057470,0.072754,0.068460
0.097954,0.080288,0.116358,0.071247,0.174295,0.101779,0.139857,0.075161,0.113353,0.029707
0.105023,0.110030,0.044145,0.051809,0.092011,0.105976,0.096475,0.187955,0.090693,0.115884
0.149827,0.123545,0.035655,0.052424,0.136495,0.084148,0.099761,0.137896,0.138990,0.041259
