0.096205,0.080025,0.100188,0.110124,0.111599,0.105411,0.110616,0.112804,0.085590,0.087439
0.112260,0.076280,0.070655,0.079065,0.133166,0.117739,0.104583,0.133081,0.090314,0.082856
0.123714,0.074574,0.102623,0.112679,0.104851,0.105083,0.101981,0.096847,0.093691,0.083958
0.122905,0.293704,0.114441,0.045990,0.112244,0.070672,0.078857,0.046265,0.049810,0.065112
0.082809,0.307060,0.045017,0.073788,0.075913,0.085548,0.154330,0.059313,0.058441,0.057780
0.053787,0.376602,0.051837,0.077080,0.121953,0.081380,0.062572,0.075459,0.046289,0.053040
0.065053,0.330009,0.070749,0.040072,0.061516,0.110850,0.079504,0.096760,0.101920,0.043566
0.045912,0.365969,0.075075,0.096464,0.038678,0.088218,0.072216,0.046026,0.092409,0.079032
0.090522,0.390179,0.056601,0.032987,0.052191,0.036620,0.069374,0.081318,0.153309,0.036898
0.062816,0.416247,0.046495,0.063681,0.077177,0.068288,0.056473,0.050251,0.114739,0.043833
0.114710,0.076033,0.108402,0.113840,0.106114,0.094152,0.098962,0.100370,0.091315,0.096102
0.101681,0.076752,0.081101,0.106869,0.115269,0.113415,0.103356,0.109141,0.096261,0.096155
0.089185,0.075271,0.079800,0.104730,0.104786,0.107609,0.088498,0.102573,0.105663,0.141885
0.071987,0.383793,0.050064,0.089630,0.079315,0.079858,0.052745,0.098738,0.056490,0.037379
0.113453,0.409320,0.043174,0.047130,0.068137,0.060523,0.042881,0.076657,0.045031,0.093693
0.083254,0.236091,0.060383,0.076044,0.079936,0.079860,0.175475,0.068256,0.098671,0.042030
0.090465,0.076412,0.100929,0.099055,0.106877,0.097286,0.097880,0.117108,0.101222,0.112767
0.073886,0.441691,0.044798,0.069797,0.069437,0.074468,0.044207,0.085727,0.047485,0.048505
0.056743,0.320363,0.058704,0.073243,0.049982,0.071631,0.114049,0.080142,0.038528,0.136616
0.070364,0.360780,0.050451,0.077975,0.087276,0.054486,0.042057,0.097984,0.042840,0.115786
0.113242,0.275572,0.079988,0.070322,0.049667,0.088169,0.064246,0.105314,0.038725,0.114755
0.086523,0.350323,0.056289,0.059156,0.084006,0.041932,0.065210,0.067156,0.079271,0.110136
0.110602,0.352512,0.067767,0.080643,0.086396,0.051801,0.043621,0.076991,0.068371,0.061296
0.078923,0.448451,0.063896,0.033797,0.043126,0.090160,0.055766,0.079810,0.056275,0.049798
0.102227,0.076472,0.069173,0.109779,0.105694,0.103519,0.115987,0.111994,0.097873,0.107283
0.059458,0.323323,0.073169,0.038403,0.052453,0.062158,0.120263,0.095048,0.098581,0.077144
0.073559,0.322717,0.061709,0.063581,0.031792,0.092310,0.144915,0.072896,0.037528,0.098993
0.111785,0.304481,0.065983,0.041719,0.119559,0.044006,0.060598,0.074223,0.053044,0.124602
0.099801,0.264642,0.068641,0.073811,0.098625,0.092561,0.056687,0.086299,0.092949,0.065985
0.055812,0.336138,0.044091,0.120634,0.100951,0.040595,0.064616,0.085440,0.037485,0.114238
0.076693,0.397884,0.046502,0.076351,0.081736,0.079122,0.057061,0.092142,0.041880,0.050630
0.046415,0.379533,0.113485,0.103057,0.057372,0.047505,0.053790,0.049678,0.072649,0.076516
0.086034,0.296171,0.078639,0.082815,0.097323,0.042717,0.051649,0.082755,0.063518,0.118379
0.114904,0.074086,0.077186,0.087264,0.102720,0.101882,0.089457,0.090970,0.110144,0.151388
0.072300,0.326450,0.067586,0.068797,0.090763,0.094465,0.043354,0.059431,0.071245,0.105608
0.108932,0.075783,0.108849,0.109353,0.096448,0.088182,0.097052,0.096581,0.109775,0.109043
0.109482,0.074258,0.098812,0.076516,0.110175,0.087182,0.109267,0.118569,0.100178,0.115560
0.111459,0.461605,0.037207,0.055869,0.037974,0.045359,0.071448,0.076606,0.051949,0.050524
0.047955,0.275888,0.107491,0.082091,0.106474,0.054911,0.057432,0.093464,0.114225,0.060067
0.116613,0.078001,0.104812,0.095935,0.118624,0.121248,0.083590,0.099849,0.091045,0.090284
0.047989,0.257856,0.054849,0.090709,0.123777,0.090121,0.060212,0.043762,0.119329,0.111397
0.044755,0.306030,0.076822,0.126310,0.034682,0.100109,0.049736,0.093317,0.111035,0.057206
0.066677,0.291917,0.038417,0.105171,0.082263,0.087963,0.062048,0.074610,0.095108,0.095828
0.071603,0.384052,0.068118,0.059829,0.091746,0.084819,0.061637,0.079383,0.045734,0.053078
0.099166,0.075589,0.074048,0.100850,0.122425,0.106097,0.086753,0.114995,0.082181,0.137897
0.083042,0.454255,0.033342,0.029581,0.081137,0.069478,0.103357,0.062846,0.041052,0.041910
0.113894,0.377903,0.045760,0.100129,0.037813,0.079273,0.057715,0.063283,0.064956,0.059274
0.089006,0.266668,0.055847,0.075193,0.095139,0.086924,0.058494,0.108394,0.104293,0.060043
0.109751,0.075647,0.103823,0.115244,0.108715,0.088121,0.106901,0.118621,0.091271,0.081906
0.058490,0.384285,0.075420,0.061959,0.093812,0.059198,0.044952,0.085229,0.080072,0.056583
0.073957,0.382188,0.045346,0.068574,0.082488,0.034590,0.110465,0.060455,0.072690,0.069248
0.063180,0.331935,0.083750,0.090624,0.095450,0.069011,0.066060,0.078701,0.047986,0.073303
0.101978,0.080364,0.111832,0.091169,0.080989,0.116788,0.102697,0.133194,0.097259,0.083730
0.115750,0.083538,0.097215,0.116093,0.109404,0.102867,0.082659,0.110014,0.088237,0.094223
0.042988,0.413010,0.066994,0.039458,0.114245,0.103905,0.045839,0.073991,0.041260,0.058310
0.141527,0.323257,0.066085,0.103794,0.054508,0.040381,0.058917,0.086380,0.037796,0.087355
0.060779,0.358325,0.054682,0.073663,0.106206,0.078269,0.115642,0.046832,0.045464,0.060137
0.110613,0.076953,0.103496,0.096858,0.105394,0.107798,0.092632,0.091011,0.105381,0.109863
0.086040,0.221995,0.057871,0.030129,0.095228,0.092588,0.179292,0.080913,0.044524,0.111421
0.119085,0.072679,0.077369,0.102243,0.105912,0.108343,0.107018,0.092372,0.138490,0.076489
0.056973,0.365192,0.059263,0.055505,0.075491,0.069840,0.048748,0.089199,0.056228,0.123561
0.053122,0.512392,0.052953,0.041028,0.070135,0.082977,0.031886,0.075509,0.050692,0.029305
0.127191,0.265481,0.077388,0.059104,0.088665,0.080296,0.064320,0.102115,0.070142,0.065300
0.102715,0.074778,0.089007,0.079374,0.101571,0.090756,0.106482,0.118059,0.153028,0.084230
0.108723,0.082609,0.081808,0.123961,0.109587,0.112445,0.107533,0.106383,0.087074,0.079877
0.107835,0.432765,0.057133,0.053911,0.076959,0.068142,0.046585,0.048535,0.053231,0.054906
0.033847,0.414747,0.045163,0.071224,0.074943,0.034552,0.174998,0.067880,0.052061,0.030586
0.118917,0.073251,0.098619,0.106840,0.103562,0.086314,0.100303,0.117242,0.100677,0.094276
0.063250,0.434749,0.045192,0.077292,0.086698,0.093550,0.042712,0.068005,0.039987,0.048564
0.108498,0.076652,0.085427,0.095092,0.091196,0.081533,0.107087,0.113569,0.095042,0.145904
0.122607,0.074064,0.104896,0.109540,0.109995,0.081591,0.099880,0.102375,0.085323,0.109729
0.111110,0.079281,0.078707,0.114838,0.107746,0.110962,0.115543,0.107101,0.088212,0.086499
0.082726,0.382781,0.071170,0.035916,0.051339,0.040362,0.054384,0.095116,0.107812,0.078396
0.040825,0.278884,0.066808,0.089589,0.054035,0.109969,0.062862,0.077635,0.097487,0.121905
0.070103,0.288422,0.034128,0.052170,0.070728,0.086510,0.169703,0.056396,0.059979,0.111861
0.091765,0.315705,0.097613,0.109064,0.036130,0.107258,0.048524,0.083767,0.039303,0.070870
0.115731,0.330084,0.087786,0.039345,0.088673,0.098170,0.055012,0.040750,0.085806,0.058643
0.082147,0.329272,0.051018,0.033599,0.091019,0.084872,0.052550,0.078031,0.082580,0.114912
0.093160,0.340061,0.077580,0.102496,0.036339,0.105938,0.075961,0.084242,0.039400,0.044822
0.094165,0.088535,0.104655,0.108634,0.082057,0.106438,0.091482,0.140811,0.099753,0.083470
0.087530,0.435512,0.087091,0.060716,0.041389,0.061467,0.052149,0.059198,0.045634,0.069312
0.114407,0.405315,0.054238,0.069234,0.071184,0.067301,0.055148,0.065697,0.050106,0.047370
0.104187,0.277487,0.049107,0.083135,0.055590,0.034955,0.098496,0.102454,0.095607,0.098982
0.116140,0.353714,0.054845,0.081885,0.087992,0.050929,0.065520,0.059670,0.071989,0.057316
0.108199,0.075482,0.067136,0.112208,0.112378,0.118882,0.115852,0.128439,0.084610,0.076814
0.111768,0.279754,0.048923,0.081133,0.050766,0.106778,0.060179,0.079502,0.111752,0.069444
0.103070,0.076905,0.106776,0.115811,0.115079,0.099147,0.104931,0.107588,0.092969,0.077723
0.061206,0.289477,0.090957,0.085684,0.093482,0.040498,0.067326,0.042334,0.099509,0.129525
0.110501,0.078249,0.092285,0.104992,0.079532,0.125625,0.096997,0.103891,0.094615,0.113314
0.048360,0.320850,0.117979,0.081230,0.112801,0.044358,0.061983,0.108156,0.041553,0.062731
0.064296,0.276468,0.056040,0.131677,0.107958,0.040000,0.115572,0.046640,0.118952,0.042397
0.104192,0.075134,0.091097,0.091093,0.099787,0.103462,0.090711,0.101695,0.129376,0.113452
0.100863,0.293353,0.073246,0.108251,0.094952,0.097395,0.056019,0.035167,0.077724,0.063029
0.117803,0.081447,0.112892,0.090302,0.118373,0.104954,0.103715,0.094037,0.096318,0.080159
0.131050,0.427410,0.048982,0.065033,0.045575,0.086617,0.044730,0.051053,0.050799,0.048752
0.118221,0.075427,0.087269,0.105841,0.106964,0.118521,0.088959,0.110579,0.085642,0.102577
0.096583,0.398692,0.107166,0.039497,0.037711,0.044183,0.085627,0.093600,0.053594,0.043348
0.098052,0.076311,0.078750,0.100446,0.110818,0.117398,0.107433,0.102145,0.100215,0.108432
0.080481,0.310764,0.059013,0.069125,0.071344,0.074408,0.134236,0.081213,0.035801,0.083615
0.108181,0.079023,0.079665,0.101719,0.094682,0.115521,0.096640,0.111245,0.100255,0.113067
0.076912,0.338748,0.072707,0.033717,0.099693,0.094877,0.062186,0.040122,0.098349,0.082689
0.049060,0.409533,0.060389,0.047975,0.079807,0.093299,0.044677,0.052959,0.104493,0.057809
0.131817,0.226736,0.038719,0.098884,0.035146,0.107923,0.053315,0.084640,0.120280,0.102540
0.085274,0.275325,0.070125,0.087473,0.077745,0.068928,0.175015,0.077512,0.035260,0.047343
0.044478,0.313201,0.041123,0.085619,0.098791,0.102739,0.054186,0.074883,0.071784,0.113196
0.107743,0.324651,0.037041,0.064228,0.035742,0.085444,0.164781,0.057735,0.066797,0.055837
0.111889,0.329860,0.037894,0.083045,0.034408,0.092587,0.059272,0.092385,0.092249,0.066412
0.118699,0.079962,0.069259,0.111291,0.114452,0.088629,0.108107,0.101098,0.093116,0.115386
0.114062,0.074386,0.083039,0.076688,0.095159,0.085039,0.101443,0.124443,0.102527,0.143214
0.082255,0.320338,0.109800,0.130321,0.078715,0.055244,0.077179,0.047958,0.038523,0.059667
0.080370,0.356261,0.047159,0.092013,0.056493,0.069841,0.075098,0.049074,0.047027,0.126664
0.102446,0.257755,0.042646,0.104888,0.075746,0.047236,0.083027,0.056115,0.107513,0.122628
0.116249,0.077540,0.102501,0.092628,0.116313,0.096767,0.112122,0.099074,0.089175,0.097631
0.057774,0.298903,0.071782,0.113397,0.089861,0.057577,0.067772,0.059504,0.111434,0.071995
0.047746,0.368095,0.079475,0.103513,0.062346,0.045758,0.076607,0.088819,0.042361,0.085280
0.130527,0.078739,0.093209,0.080664,0.085746,0.095460,0.100847,0.106763,0.102589,0.125457
0.099548,0.357860,0.060347,0.108942,0.041057,0.116214,0.049714,0.047722,0.046992,0.071603
0.096954,0.306567,0.059293,0.104576,0.131488,0.091880,0.060075,0.046678,0.045227,0.057262
0.108360,0.479724,0.034938,0.044163,0.063470,0.073796,0.045042,0.061626,0.039279,0.049601
0.078003,0.443902,0.043530,0.040833,0.105145,0.089673,0.054935,0.047062,0.048544,0.048374
0.093920,0.075627,0.076781,0.108798,0.101973,0.113922,0.095746,0.122417,0.086720,0.124096
0.109773,0.074632,0.069166,0.117119,0.110561,0.086649,0.109218,0.107293,0.104872,0.110716
0.115584,0.312797,0.074938,0.105820,0.077466,0.049308,0.068886,0.096802,0.037377,0.061022
0.105889,0.321223,0.081656,0.032751,0.094541,0.039158,0.051464,0.108024,0.040821,0.124472
0.073886,0.421361,0.034450,0.047709,0.088263,0.080129,0.043227,0.113146,0.040001,0.057828
0.069965,0.330263,0.061516,0.041050,0.074307,0.078036,0.100259,0.056864,0.056383,0.131357
0.056276,0.362024,0.046925,0.121720,0.054203,0.106713,0.066832,0.085045,0.033708,0.066556
0.103716,0.271121,0.061628,0.096929,0.085421,0.080613,0.149190,0.068001,0.035797,0.047584
0.138374,0.297046,0.069829,0.075312,0.044808,0.084057,0.107134,0.081725,0.064928,0.036787
0.116998,0.343704,0.046303,0.086366,0.042943,0.091669,0.051375,0.077955,0.069698,0.072988
0.112463,0.266504,0.076370,0.036336,0.100541,0.078519,0.059129,0.082294,0.078715,0.109129
0.081450,0.380077,0.063266,0.072663,0.080797,0.078773,0.054900,0.074343,0.066600,0.047131
0.100588,0.393950,0.036438,0.058138,0.109538,0.089984,0.041298,0.071595,0.043155,0.055315
0.051440,0.455516,0.039608,0.062465,0.063119,0.066765,0.042085,0.058215,0.044504,0.116284
0.100761,0.073029,0.077131,0.076686,0.092495,0.106082,0.100480,0.100252,0.139029,0.134054
0.110465,0.393859,0.040529,0.046346,0.060235,0.063249,0.041820,0.080821,0.047685,0.114992
0.101486,0.447784,0.043995,0.067475,0.067518,0.075938,0.047437,0.066820,0.038477,0.043070
0.091181,0.080614,0.099038,0.112690,0.114221,0.105585,0.083201,0.130333,0.088207,0.094928
0.150940,0.351941,0.048820,0.054045,0.092270,0.056508,0.065147,0.085163,0.035725,0.059442
0.080448,0.305605,0.034852,0.134658,0.061291,0.105317,0.078362,0.080167,0.077282,0.042018
0.093656,0.077410,0.078786,0.113377,0.094952,0.116738,0.092558,0.093037,0.086814,0.152672
0.053952,0.493061,0.051311,0.054816,0.038481,0.079185,0.044529,0.073092,0.057805,0.053768
0.110901,0.318836,0.070406,0.073979,0.085218,0.041504,0.063764,0.058942,0.062298,0.114152
0.117422,0.316859,0.037382,0.092595,0.060174,0.087801,0.055469,0.155670,0.034924,0.041704
0.047279,0.318974,0.069178,0.038386,0.115839,0.041021,0.067027,0.074894,0.128432,0.098969
0.087702,0.278467,0.058631,0.094954,0.055589,0.097408,0.070228,0.073586,0.043347,0.140088
0.057324,0.428887,0.083974,0.041124,0.046378,0.130018,0.045245,0.054318,0.042642,0.070090
0.045012,0.323504,0.102868,0.131516,0.056764,0.067706,0.075225,0.090471,0.046128,0.060807
0.120892,0.078889,0.110747,0.097532,0.122613,0.102034,0.089492,0.102457,0.093089,0.082256
0.086143,0.371264,0.049396,0.057796,0.122158,0.055739,0.048577,0.095216,0.075739,0.037972
0.099839,0.361674,0.036108,0.097929,0.066101,0.086634,0.032889,0.068142,0.057033,0.093652
0.119110,0.076669,0.094168,0.086255,0.109254,0.116855,0.092331,0.120095,0.092785,0.092477
0.076428,0.421772,0.060525,0.072660,0.086441,0.077824,0.045130,0.057666,0.040093,0.061460
0.094418,0.079780,0.109721,0.080378,0.082885,0.093851,0.134000,0.142526,0.099302,0.083139
0.113787,0.370812,0.056000,0.081411,0.086593,0.046041,0.046309,0.061438,0.075186,0.062423
0.038902,0.332043,0.057212,0.090641,0.032043,0.114573,0.107387,0.068541,0.092896,0.065763
0.075899,0.342024,0.063100,0.079089,0.052751,0.059465,0.056328,0.067599,0.065103,0.138642
0.116917,0.285839,0.037090,0.068261,0.087472,0.086080,0.053744,0.095053,0.066066,0.103477
0.080359,0.405032,0.047115,0.062345,0.074064,0.091496,0.043932,0.089493,0.044351,0.061814
0.124456,0.391018,0.033706,0.031446,0.065573,0.035250,0.058176,0.068304,0.056866,0.135205
0.043199,0.376786,0.084559,0.071633,0.128685,0.045038,0.053596,0.076425,0.041552,0.078528
0.080070,0.343553,0.034966,0.096300,0.092490,0.036413,0.046424,0.093863,0.034653,0.141268
0.143414,0.411210,0.067959,0.070278,0.040097,0.079926,0.051660,0.048941,0.045190,0.041325
0.161056,0.255712,0.085563,0.096292,0.070556,0.106622,0.081141,0.051992,0.040717,0.050348
0.104886,0.074499,0.098749,0.101351,0.093120,0.100529,0.097023,0.124010,0.098103,0.107730
0.099768,0.080099,0.082442,0.093636,0.124161,0.117712,0.103155,0.124607,0.093568,0.080850
0.104055,0.078375,0.087811,0.089789,0.103442,0.113094,0.110567,0.111536,0.088805,0.112525
0.088638,0.424651,0.055345,0.056133,0.046584,0.086782,0.057358,0.090182,0.042840,0.051487
0.114373,0.081062,0.088282,0.105822,0.115921,0.089919,0.109936,0.105915,0.093908,0.094861
0.047571,0.472521,0.043520,0.066440,0.063658,0.044844,0.049118,0.046477,0.051034,0.114819
0.111737,0.301032,0.053042,0.081219,0.090860,0.087022,0.096541,0.040668,0.080142,0.057739
0.113442,0.280440,0.040246,0.098333,0.093193,0.087194,0.049310,0.069362,0.100188,0.068291
0.106108,0.077157,0.071136,0.074070,0.118628,0.120657,0.110462,0.110309,0.093673,0.117799
0.068818,0.405681,0.050974,0.037279,0.068244,0.088412,0.050734,0.096429,0.070801,0.062628
0.135510,0.326460,0.095147,0.095280,0.052574,0.045231,0.045783,0.063427,0.102575,0.038015
0.081181,0.359272,0.037061,0.079787,0.068088,0.044667,0.060690,0.073556,0.082363,0.113336
0.107846,0.079902,0.086691,0.112302,0.072925,0.112761,0.107709,0.107203,0.110552,0.102109
0.121979,0.348734,0.086857,0.043346,0.037257,0.086944,0.093168,0.091334,0.043054,0.047327
0.095807,0.080760,0.078270,0.117365,0.139678,0.103437,0.109916,0.110995,0.085506,0.078266
0.141357,0.383931,0.059021,0.059292,0.047751,0.094375,0.050058,0.069835,0.040345,0.054037
0.121917,0.324402,0.054966,0.080463,0.095104,0.062174,0.049036,0.060771,0.036741,0.114426
0.065677,0.344164,0.050754,0.061232,0.098394,0.084624,0.153720,0.054302,0.035769,0.051365
0.114563,0.075617,0.082126,0.109408,0.079211,0.120195,0.113588,0.101624,0.097396,0.106273
0.063477,0.290002,0.112757,0.095360,0.065301,0.130230,0.080253,0.083100,0.035058,0.044462
0.118381,0.357666,0.036952,0.036805,0.100399,0.040588,0.050750,0.085249,0.051740,0.121471
0.145162,0.299745,0.062740,0.078701,0.099754,0.060110,0.050085,0.068965,0.092336,0.042402
0.060264,0.367348,0.045065,0.079417,0.098692,0.041654,0.045494,0.084770,0.056009,0.121286
0.112555,0.321085,0.088496,0.103616,0.051707,0.085272,0.047256,0.064539,0.047405,0.078068
0.080345,0.275737,0.052436,0.100649,0.074785,0.038806,0.086414,0.090774,0.092057,0.107997
0.111163,0.078294,0.080856,0.114180,0.108114,0.095378,0.111582,0.132227,0.087229,0.080977
0.056853,0.332450,0.062163,0.061875,0.095180,0.044659,0.050481,0.087097,0.082883,0.126359
0.040071,0.483477,0.060448,0.066255,0.073736,0.083997,0.048538,0.067090,0.040169,0.036219
0.108640,0.077872,0.075402,0.114610,0.107772,0.101178,0.095324,0.129184,0.085841,0.104177
0.059809,0.336193,0.074669,0.079586,0.093049,0.085163,0.048239,0.112251,0.044310,0.066733
0.037905,0.368891,0.054682,0.091812,0.105127,0.035810,0.121856,0.077733,0.034743,0.071440
0.103531,0.319385,0.078388,0.069385,0.103896,0.089706,0.054365,0.085237,0.033143,0.062966
0.118833,0.075825,0.083432,0.112959,0.082464,0.123354,0.098299,0.096203,0.098856,0.109775
0.108654,0.338346,0.063116,0.078732,0.040417,0.050818,0.174003,0.040579,0.056440,0.048894
0.037378,0.348128,0.065948,0.106537,0.105422,0.098179,0.039394,0.070803,0.069348,0.058863
0.111019,0.075655,0.087332,0.068077,0.090584,0.111447,0.106439,0.097296,0.092744,0.159407
0.081520,0.319210,0.101807,0.096172,0.059247,0.041795,0.070845,0.078657,0.090486,0.060261
0.090871,0.369392,0.042086,0.058550,0.033814,0.045544,0.133886,0.065954,0.040083,0.119819
0.129223,0.287817,0.066957,0.110247,0.083177,0.087904,0.063249,0.077790,0.032635,0.061003
0.089309,0.207706,0.071235,0.083908,0.088965,0.082009,0.153343,0.071493,0.082000,0.070032
0.188201,0.347550,0.066697,0.064640,0.050586,0.038827,0.056671,0.079070,0.045116,0.062641
0.116042,0.080861,0.080665,0.116691,0.113065,0.095208,0.097601,0.099250,0.093808,0.106810
0.148561,0.324240,0.053324,0.070529,0.080727,0.045908,0.048372,0.106566,0.045024,0.076750
0.112716,0.078590,0.105145,0.093418,0.080236,0.113762,0.113077,0.099516,0.104006,0.099533
0.058234,0.267809,0.093036,0.094264,0.099759,0.098543,0.062220,0.064329,0.032791,0.129015
0.119114,0.356075,0.062717,0.094136,0.056197,0.095826,0.071645,0.042917,0.039098,0.062274
0.061469,0.329065,0.045462,0.089015,0.101830,0.074544,0.074813,0.052519,0.044808,0.126476
0.081970,0.391352,0.036725,0.084022,0.042081,0.104088,0.045839,0.081152,0.081582,0.051188
0.100702,0.303626,0.074352,0.080679,0.076456,0.090493,0.051604,0.076919,0.041171,0.103998
0.136080,0.366262,0.058976,0.040939,0.103493,0.041149,0.051988,0.083719,0.043699,0.073693
0.092726,0.281661,0.057317,0.036230,0.058685,0.094777,0.067987,0.091653,0.094948,0.124016
0.091998,0.075829,0.109748,0.111466,0.109394,0.115702,0.095934,0.112599,0.084115,0.093215
0.104281,0.311754,0.057952,0.068223,0.085227,0.065908,0.093426,0.064635,0.037547,0.111046
0.102545,0.073070,0.098556,0.111496,0.097114,0.095651,0.097767,0.105180,0.089857,0.128765
0.123204,0.082731,0.112775,0.096781,0.086563,0.091659,0.094600,0.106110,0.097689,0.107888
0.100658,0.303567,0.044899,0.113342,0.091457,0.094719,0.045113,0.062602,0.105229,0.038415
0.116029,0.074920,0.075337,0.106374,0.117227,0.104819,0.110014,0.092465,0.084110,0.118706
0.155354,0.219676,0.117305,0.041230,0.079256,0.071554,0.082733,0.081225,0.039633,0.112033
0.107372,0.073646,0.101758,0.092857,0.100082,0.098147,0.108122,0.103804,0.085924,0.128287
0.119040,0.360365,0.061110,0.047715,0.078451,0.043636,0.057284,0.067175,0.037489,0.127736
0.136217,0.078863,0.096807,0.071804,0.103149,0.124289,0.092979,0.098648,0.100940,0.096303
0.104843,0.077175,0.091782,0.098562,0.105644,0.111637,0.091426,0.124358,0.111422,0.083150
0.127948,0.313047,0.083568,0.073809,0.082594,0.044701,0.049312,0.067043,0.088856,0.069123
0.098566,0.387138,0.058965,0.042178,0.077996,0.044709,0.048987,0.089340,0.074299,0.077821
0.120829,0.072113,0.082534,0.105132,0.104877,0.117364,0.101214,0.091420,0.091531,0.112985
0.040018,0.338798,0.094310,0.032092,0.092061,0.041196,0.110476,0.086559,0.042010,0.122481
0.086418,0.294465,0.089862,0.037321,0.110480,0.112107,0.059760,0.093239,0.053821,0.062526
0.089563,0.263450,0.062137,0.094032,0.088687,0.091619,0.064465,0.090378,0.036064,0.119605
0.088008,0.322468,0.045127,0.076222,0.047923,0.087748,0.044643,0.109539,0.057973,0.120350
0.111110,0.308371,0.063310,0.033287,0.096282,0.048932,0.139955,0.069111,0.033722,0.095919
0.083376,0.322169,0.059761,0.063500,0.087160,0.071133,0.144911,0.066612,0.061929,0.039449
0.060941,0.379157,0.066771,0.036887,0.078041,0.041225,0.062506,0.084948,0.045412,0.144112
0.088893,0.080462,0.106557,0.112921,0.105799,0.113043,0.091798,0.123374,0.089518,0.087634
0.094135,0.077575,0.078430,0.116141,0.108845,0.125217,0.110726,0.092137,0.088013,0.108780
0.112697,0.433567,0.049704,0.058290,0.067100,0.085445,0.047666,0.047835,0.044529,0.053166
0.084656,0.248680,0.077471,0.073793,0.095716,0.081961,0.097925,0.040439,0.090246,0.109113
0.117198,0.444391,0.041274,0.033518,0.067631,0.077817,0.078735,0.064494,0.042553,0.032388
0.120200,0.073521,0.097520,0.075150,0.100558,0.111684,0.089458,0.102472,0.096281,0.133155
0.082438,0.273793,0.078053,0.037906,0.124025,0.056287,0.080035,0.093394,0.050992,0.123077
0.073883,0.423562,0.058051,0.092730,0.035394,0.044102,0.054756,0.078338,0.067449,0.071733
0.062272,0.382063,0.060746,0.066703,0.055851,0.109712,0.047261,0.095010,0.042642,0.077741
0.113325,0.358485,0.038996,0.067999,0.035181,0.098400,0.070649,0.075121,0.086488,0.055356
0.079447,0.308440,0.089788,0.089495,0.052806,0.043047,0.061335,0.100028,0.040964,0.134650
0.122366,0.333753,0.061692,0.063971,0.108569,0.040405,0.040537,0.059038,0.052656,0.117014
0.151642,0.249406,0.092425,0.087563,0.060829,0.092396,0.047539,0.086042,0.087825,0.044332
0.105352,0.073327,0.104313,0.095354,0.106593,0.107463,0.085320,0.087991,0.090160,0.144127
0.072686,0.358727,0.065556,0.089243,0.091731,0.041740,0.050065,0.103489,0.059336,0.067428
0.123831,0.343316,0.045158,0.079513,0.037871,0.055949,0.171796,0.051220,0.035660,0.055688
0.108175,0.077552,0.084577,0.095952,0.102213,0.110886,0.095654,0.096696,0.083604,0.144692
0.070576,0.365079,0.048657,0.083981,0.104120,0.052470,0.053475,0.058333,0.045202,0.118107
0.056556,0.259116,0.043825,0.042560,0.089994,0.074264,0.082313,0.108324,0.148775,0.094272
0.077039,0.487623,0.042186,0.044357,0.081566,0.074337,0.042366,0.059159,0.036077,0.055290
0.113014,0.299071,0.093598,0.034101,0.054639,0.084548,0.067356,0.087831,0.033949,0.131893
0.086639,0.253077,0.070111,0.123340,0.109008,0.050870,0.069858,0.040737,0.087851,0.108508
0.104996,0.074349,0.088478,0.087028,0.101327,0.115084,0.104976,0.116434,0.088008,0.119319
0.099081,0.322945,0.040728,0.070898,0.098868,0.060055,0.068317,0.069903,0.117434,0.051772
0.081589,0.307975,0.095776,0.037307,0.032517,0.099352,0.120746,0.125311,0.044505,0.054922
0.104830,0.321226,0.047568,0.071448,0.038477,0.077203,0.151805,0.062819,0.065819,0.058805
0.104842,0.075052,0.104639,0.071823,0.105813,0.083531,0.105016,0.122461,0.090900,0.135922
0.046079,0.362218,0.053829,0.078631,0.125248,0.095448,0.051139,0.072888,0.047477,0.067042
0.120593,0.080905,0.098261,0.116738,0.114650,0.095398,0.097363,0.097451,0.087671,0.090970
0.076965,0.323746,0.055606,0.070972,0.100622,0.090751,0.053831,0.099077,0.068348,0.060081
0.105128,0.315740,0.070766,0.142136,0.057484,0.039294,0.069850,0.046842,0.111539,0.041221
0.115225,0.441762,0.036814,0.057481,0.101010,0.046316,0.048722,0.061246,0.037953,0.053472
0.104264,0.084442,0.083786,0.110647,0.127606,0.112206,0.088152,0.098320,0.095680,0.094898
0.097818,0.072665,0.079250,0.098153,0.105129,0.114807,0.106560,0.106650,0.141050,0.077918
0.107610,0.073545,0.068838,0.105287,0.076527,0.107984,0.096945,0.095964,0.140024,0.127276
0.074151,0.317060,0.057239,0.068887,0.031007,0.035239,0.192815,0.064020,0.104879,0.054702
0.165522,0.299324,0.117592,0.041025,0.034895,0.055023,0.063147,0.082801,0.096067,0.044605
0.070096,0.395608,0.052610,0.029388,0.089412,0.084344,0.060041,0.064931,0.036536,0.117034
0.110445,0.077628,0.080898,0.074190,0.109762,0.116864,0.099129,0.094036,0.157395,0.079652
0.073342,0.413568,0.068945,0.097701,0.105894,0.041406,0.046972,0.071436,0.042145,0.038590
0.041579,0.375256,0.063989,0.036170,0.054260,0.069658,0.129287,0.102108,0.042672,0.085020
0.109506,0.339628,0.053631,0.037501,0.118110,0.046444,0.062062,0.070714,0.046337,0.116067
0.075215,0.386559,0.080370,0.057805,0.099470,0.060608,0.052810,0.058921,0.069359,0.058885
0.109602,0.290215,0.065899,0.094854,0.059554,0.048235,0.070952,0.097430,0.109378,0.053881
0.069993,0.476544,0.052709,0.042141,0.067034,0.070351,0.072235,0.078952,0.040277,0.029765
0.120851,0.074930,0.098076,0.105996,0.103791,0.106309,0.094717,0.106012,0.086595,0.102724
0.111528,0.075772,0.094201,0.100776,0.111878,0.120582,0.105694,0.093763,0.099146,0.086658
0.084222,0.322323,0.045188,0.067115,0.046598,0.088351,0.047498,0.058135,0.112249,0.128321
0.109291,0.080804,0.067478,0.112590,0.096885,0.129267,0.100351,0.104912,0.088561,0.109862
0.075853,0.293053,0.058420,0.035289,0.086455,0.040989,0.208645,0.076130,0.069994,0.055171
0.072368,0.410538,0.043422,0.059550,0.099071,0.047539,0.042241,0.044131,0.054530,0.126611
0.082852,0.405756,0.051568,0.087219,0.096437,0.054091,0.061938,0.080979,0.041319,0.037841
0.111867,0.076243,0.106009,0.071676,0.105186,0.110861,0.107699,0.091532,0.111569,0.107359
0.087631,0.079607,0.091814,0.116789,0.076915,0.092660,0.107903,0.094224,0.101675,0.150781
0.145455,0.279619,0.063762,0.086141,0.094789,0.092696,0.055037,0.083742,0.043862,0.054898
0.059831,0.311818,0.060813,0.092557,0.118153,0.080282,0.063958,0.123694,0.046042,0.042852
0.105240,0.306089,0.094187,0.087428,0.032401,0.106977,0.064092,0.118025,0.035395,0.050167
0.092615,0.077372,0.102376,0.108778,0.104316,0.097907,0.108278,0.095844,0.091009,0.121506
0.035794,0.435299,0.042099,0.098403,0.079179,0.047176,0.035452,0.068541,0.049301,0.108756
0.041617,0.330496,0.058142,0.088066,0.047803,0.087605,0.068729,0.085232,0.123461,0.068849
0.124353,0.310887,0.054130,0.080728,0.085758,0.079764,0.043988,0.057763,0.066047,0.096583
0.048330,0.358258,0.046444,0.061109,0.067909,0.059868,0.118995,0.073825,0.047757,0.117505
0.106020,0.378145,0.054588,0.039285,0.089911,0.105157,0.065535,0.078780,0.043056,0.039523
0.083945,0.290742,0.033472,0.087877,0.088258,0.044734,0.205147,0.075062,0.033122,0.057641
0.126738,0.322885,0.041300,0.096068,0.036814,0.106600,0.076578,0.100919,0.048469,0.043627
0.105186,0.323330,0.078075,0.114371,0.102286,0.058465,0.045081,0.078313,0.036909,0.057984
0.095041,0.333695,0.073582,0.077326,0.036660,0.050339,0.071763,0.100918,0.103988,0.056687
0.057774,0.367307,0.061362,0.088322,0.042477,0.119093,0.052743,0.083068,0.062242,0.065613
0.119121,0.078929,0.118420,0.081559,0.090785,0.121852,0.093254,0.117110,0.093999,0.084971
0.058446,0.400144,0.056767,0.063740,0.102141,0.110166,0.042542,0.093167,0.036013,0.036873
0.059873,0.368126,0.058333,0.079757,0.079650,0.060456,0.063211,0.047198,0.075842,0.107554
0.107368,0.298526,0.074056,0.086026,0.096079,0.086349,0.046562,0.075125,0.060651,0.069259
0.044416,0.295427,0.089776,0.078827,0.078601,0.038765,0.067218,0.094508,0.079714,0.132749
0.089824,0.075082,0.102399,0.112432,0.085761,0.086814,0.099316,0.120195,0.087907,0.140271
0.088499,0.263606,0.053804,0.078297,0.100550,0.084701,0.057581,0.074275,0.076880,0.121807
0.056073,0.298315,0.082101,0.034830,0.101420,0.109170,0.062050,0.075822,0.113521,0.066698
0.113889,0.079396,0.104298,0.109059,0.114443,0.112620,0.085573,0.108630,0.091024,0.081068
0.138904,0.362321,0.072919,0.040121,0.035730,0.101046,0.053701,0.080219,0.039845,0.075195
0.073314,0.346923,0.081587,0.070015,0.090152,0.046195,0.065418,0.131444,0.039931,0.055019
0.103421,0.290242,0.030119,0.082203,0.026280,0.076988,0.199674,0.075217,0.081985,0.033870
0.109891,0.413596,0.065122,0.089462,0.036054,0.078711,0.042359,0.071720,0.039900,0.053186
0.110066,0.076164,0.102750,0.105953,0.098065,0.107647,0.104426,0.119648,0.090111,0.085171
0.079646,0.356612,0.061205,0.098121,0.070596,0.096185,0.047472,0.094092,0.052162,0.043909
0.066897,0.301089,0.050750,0.084443,0.086758,0.096703,0.050584,0.109775,0.036561,0.116438
0.158381,0.283631,0.034115,0.090425,0.118761,0.085317,0.048301,0.083258,0.033265,0.064546
0.080214,0.290460,0.052117,0.076599,0.088832,0.048477,0.176178,0.061651,0.059183,0.066288
0.070610,0.392006,0.047779,0.089062,0.085414,0.103251,0.052377,0.044653,0.053629,0.061219
0.125997,0.350629,0.069213,0.079238,0.115435,0.079796,0.055853,0.043549,0.041656,0.038634
0.045837,0.439722,0.075494,0.041771,0.053647,0.046897,0.055027,0.110659,0.052959,0.077986
0.118001,0.077438,0.101079,0.103705,0.115857,0.087385,0.101701,0.105653,0.089880,0.099301
0.044348,0.381379,0.068628,0.140774,0.054649,0.130545,0.049619,0.047248,0.040669,0.042139
0.092600,0.076501,0.072265,0.127229,0.121356,0.094283,0.123762,0.102611,0.100880,0.088512
0.092202,0.277765,0.088702,0.094943,0.123321,0.080788,0.056556,0.071417,0.048361,0.065946
0.045883,0.358385,0.043505,0.041122,0.132160,0.109582,0.073211,0.082704,0.051241,0.062208
0.065338,0.276994,0.057526,0.097864,0.116458,0.045480,0.072607,0.090910,0.119199,0.057624
0.118281,0.078607,0.100233,0.114168,0.112314,0.086821,0.100830,0.100334,0.090177,0.098236
0.123304,0.080360,0.108350,0.075288,0.082648,0.122810,0.111471,0.100562,0.097953,0.097255
0.117661,0.453394,0.039928,0.074082,0.076499,0.090063,0.032594,0.038786,0.035667,0.041326
0.071263,0.338785,0.067834,0.078967,0.074913,0.090625,0.051892,0.058246,0.105852,0.061623
0.114585,0.077634,0.092209,0.106017,0.122930,0.105644,0.078836,0.118749,0.104173,0.079223
0.076695,0.304083,0.055815,0.075250,0.054138,0.094986,0.053939,0.078418,0.102770,0.103905
0.132423,0.074817,0.086152,0.114642,0.082726,0.116886,0.115110,0.107325,0.089387,0.080531
0.113156,0.331147,0.053795,0.091216,0.044884,0.061357,0.047024,0.119549,0.065974,0.071897
0.094202,0.078994,0.100745,0.110635,0.137798,0.101428,0.093433,0.109264,0.088357,0.085143
0.108831,0.078685,0.102846,0.110156,0.125078,0.089939,0.104017,0.112601,0.088991,0.078856
0.075016,0.405096,0.064638,0.068773,0.039484,0.101335,0.041965,0.075250,0.059460,0.068982
0.040348,0.378036,0.067743,0.039890,0.085020,0.040705,0.064798,0.120320,0.097257,0.065882
0.098293,0.074894,0.098557,0.113688,0.079575,0.107127,0.102069,0.124775,0.093251,0.107770
0.086244,0.320181,0.082534,0.099076,0.096602,0.107255,0.068283,0.042264,0.040260,0.057301
0.053382,0.441559,0.038185,0.064294,0.069167,0.102583,0.060329,0.076949,0.043622,0.049931
0.124184,0.255145,0.065079,0.038295,0.075538,0.098836,0.066839,0.104225,0.100573,0.071286
0.076751,0.355920,0.073634,0.059076,0.083978,0.057644,0.102553,0.063489,0.077461,0.049494
0.098058,0.079170,0.098885,0.101862,0.109134,0.118733,0.109322,0.110897,0.095921,0.078019
0.043888,0.305614,0.069909,0.120562,0.093984,0.057365,0.064059,0.083159,0.043808,0.117652
0.069352,0.353701,0.065418,0.074334,0.072889,0.103836,0.048471,0.055060,0.104714,0.052223
0.108967,0.350687,0.033151,0.058773,0.096219,0.093122,0.150263,0.053799,0.027374,0.027645
0.079965,0.399863,0.049534,0.040507,0.072295,0.101195,0.044553,0.075980,0.081379,0.054729
0.102122,0.075580,0.087284,0.090456,0.101089,0.104638,0.086281,0.111490,0.101692,0.139367
0.066626,0.395250,0.058751,0.068072,0.080763,0.049129,0.056451,0.053210,0.112096,0.059652
0.045553,0.323877,0.052300,0.079826,0.099642,0.091187,0.065418,0.088611,0.080963,0.072622
0.097891,0.323781,0.060930,0.097843,0.106438,0.119785,0.056739,0.043276,0.039950,0.053367
0.122255,0.080534,0.079408,0.115499,0.109776,0.102104,0.100215,0.090880,0.093245,0.106085
0.119276,0.084555,0.107823,0.100682,0.107190,0.115008,0.095909,0.093753,0.083766,0.092037
0.085054,0.244492,0.070478,0.090673,0.075828,0.096731,0.045358,0.081049,0.105760,0.104578
0.082046,0.355856,0.076210,0.082524,0.078932,0.046848,0.055715,0.102569,0.043910,0.075391
0.067142,0.385027,0.050577,0.112814,0.075202,0.104126,0.041324,0.043209,0.070397,0.050181
0.113961,0.081388,0.097112,0.105084,0.107188,0.093692,0.098081,0.113146,0.094458,0.095890
0.102572,0.072040,0.067730,0.102702,0.094739,0.104775,0.105136,0.101867,0.132194,0.116245
0.115964,0.315475,0.058522,0.095254,0.108867,0.102408,0.066098,0.040062,0.035984,0.061366
0.063262,0.356947,0.045717,0.089388,0.090086,0.089856,0.067688,0.091942,0.047152,0.057963
0.113789,0.076536,0.082210,0.072379,0.109021,0.114688,0.100347,0.128313,0.092748,0.109968
0.100520,0.081230,0.071329,0.116356,0.082317,0.117024,0.105158,0.139701,0.091561,0.094802
0.061501,0.451307,0.048967,0.066301,0.074992,0.076469,0.056881,0.064319,0.062247,0.037015
0.128376,0.344865,0.044243,0.088397,0.090244,0.085836,0.042296,0.035938,0.070225,0.069581
0.106987,0.075854,0.093938,0.085880,0.130603,0.096039,0.074909,0.083633,0.104631,0.147524
0.081835,0.348806,0.052148,0.075393,0.037048,0.100014,0.054562,0.073962,0.105740,0.070491
0.102447,0.288967,0.078508,0.073965,0.078341,0.109752,0.047906,0.067423,0.109177,0.043513
0.126540,0.075235,0.092978,0.090790,0.101423,0.106434,0.114828,0.095983,0.093761,0.102029
0.064817,0.449696,0.044500,0.064164,0.080936,0.081378,0.041503,0.056634,0.066050,0.050323
0.105027,0.273662,0.082454,0.092273,0.047551,0.086931,0.101905,0.037565,0.100602,0.072031
0.124542,0.424880,0.047301,0.063540,0.070607,0.076105,0.050148,0.048631,0.048461,0.045786
0.106522,0.448437,0.044170,0.036493,0.092493,0.081532,0.043911,0.072104,0.039315,0.035022
0.123341,0.317585,0.071650,0.100309,0.036174,0.095525,0.052109,0.088272,0.040279,0.074756
0.054741,0.422302,0.045084,0.084032,0.121312,0.056051,0.045017,0.058121,0.060070,0.053273
0.061345,0.457450,0.045737,0.054029,0.065550,0.079680,0.046717,0.080839,0.052787,0.055866
0.080223,0.209260,0.088117,0.082789,0.055271,0.090011,0.158181,0.087876,0.097099,0.051173
0.076296,0.423712,0.041543,0.069489,0.070820,0.084054,0.053325,0.043818,0.041250,0.095693
0.105933,0.378050,0.047956,0.063656,0.035620,0.078504,0.037966,0.088583,0.102227,0.061506
0.101459,0.482251,0.040330,0.042993,0.085230,0.052382,0.036325,0.066842,0.046758,0.045430
0.063547,0.399087,0.043475,0.064359,0.085038,0.073335,0.049123,0.067820,0.039170,0.115046
0.116294,0.438576,0.043402,0.047707,0.077488,0.047904,0.049153,0.094777,0.039139,0.045561
0.047152,0.374970,0.062110,0.043823,0.059142,0.075922,0.058473,0.089622,0.121927,0.066859
0.125391,0.079150,0.112067,0.081789,0.116490,0.093870,0.093146,0.115576,0.093864,0.088657
0.081302,0.302601,0.057729,0.084370,0.047944,0.100930,0.061364,0.112912,0.037064,0.113785
0.040224,0.358885,0.074631,0.055030,0.092052,0.097469,0.101403,0.075775,0.058612,0.045917
0.051272,0.326825,0.042902,0.071565,0.108580,0.034707,0.164939,0.064187,0.034744,0.100280
0.109694,0.074450,0.078952,0.104131,0.129629,0.084983,0.098479,0.094592,0.090817,0.134272
0.192150,0.379567,0.061534,0.068579,0.054077,0.036662,0.052325,0.081765,0.035086,0.038255
0.130155,0.320319,0.050404,0.079832,0.048048,0.101747,0.053637,0.067956,0.039601,0.108301
0.133146,0.359985,0.096278,0.039741,0.049295,0.097628,0.042213,0.087580,0.038042,0.056092
0.082363,0.326411,0.044698,0.116984,0.053014,0.045026,0.039231,0.088969,0.095757,0.107547
0.123558,0.076257,0.100784,0.111740,0.107813,0.088547,0.097313,0.116930,0.093661,0.083396
0.120130,0.314845,0.071704,0.085385,0.080635,0.103094,0.056959,0.043822,0.041692,0.081733
0.131697,0.396814,0.047576,0.042259,0.125629,0.077929,0.039832,0.045323,0.041849,0.051091
0.101672,0.380086,0.066316,0.052533,0.082793,0.042122,0.044242,0.062290,0.040989,0.126957
0.063344,0.368283,0.041203,0.060592,0.040025,0.096329,0.183296,0.067669,0.032915,0.046342
0.088760,0.346004,0.068902,0.044479,0.053403,0.069330,0.052523,0.094329,0.041567,0.140703
0.061635,0.394243,0.052644,0.075506,0.107081,0.060869,0.065460,0.076081,0.047402,0.059078
0.053665,0.462559,0.051395,0.071397,0.070723,0.051385,0.048246,0.096463,0.050601,0.043566
0.101559,0.310977,0.051266,0.053114,0.087918,0.035342,0.094166,0.074832,0.081275,0.109552
0.044477,0.319983,0.042668,0.128900,0.093395,0.107882,0.053480,0.101723,0.046873,0.060620
0.084682,0.329667,0.082406,0.033257,0.048814,0.111089,0.044906,0.082849,0.119446,0.062883
0.075213,0.371461,0.052203,0.029316,0.086863,0.078342,0.095058,0.081101,0.097572,0.032871
0.083074,0.347448,0.049959,0.052655,0.086594,0.054052,0.187154,0.061127,0.041304,0.036632
0.109320,0.307937,0.071697,0.087370,0.033722,0.038693,0.067657,0.065359,0.104296,0.113950
0.098894,0.473669,0.042129,0.037508,0.036485,0.061290,0.046967,0.044221,0.040172,0.118665
0.104300,0.076355,0.107425,0.095630,0.119692,0.087169,0.110026,0.102368,0.093568,0.103468
0.107780,0.075323,0.094097,0.103190,0.109063,0.084620,0.090644,0.118211,0.079852,0.137220
0.107333,0.366516,0.068819,0.074116,0.044695,0.083929,0.041761,0.110980,0.065891,0.035959
0.111100,0.303522,0.077554,0.135826,0.062108,0.054832,0.077972,0.092314,0.044269,0.040503
0.125512,0.436986,0.071825,0.064664,0.050566,0.042545,0.044953,0.060358,0.044346,0.058246
0.060619,0.295217,0.075034,0.126653,0.034314,0.043492,0.071310,0.089366,0.133479,0.070515
0.113535,0.079585,0.086841,0.114339,0.115716,0.094703,0.095807,0.104651,0.117180,0.077643
0.055018,0.418063,0.050395,0.049031,0.062320,0.053818,0.104568,0.043519,0.049589,0.113679
0.110982,0.074232,0.067384,0.076703,0.121627,0.101867,0.100117,0.115970,0.113331,0.117787
0.146584,0.284282,0.057640,0.098611,0.101452,0.065857,0.068584,0.075970,0.045100,0.055920
0.066405,0.446202,0.045358,0.067802,0.067880,0.078501,0.048125,0.070767,0.074958,0.034003
0.098163,0.080512,0.098150,0.090821,0.115469,0.104617,0.100549,0.130486,0.102436,0.078796
0.042385,0.455305,0.060317,0.040965,0.102203,0.048340,0.065700,0.049084,0.067413,0.068289
0.063963,0.429224,0.042229,0.087205,0.065776,0.088240,0.072654,0.064813,0.043570,0.042324
0.135076,0.081043,0.099093,0.110479,0.081037,0.121401,0.087381,0.099759,0.090446,0.094284
0.111397,0.241709,0.059920,0.121644,0.059681,0.090637,0.067928,0.074637,0.049525,0.122921
0.113164,0.082273,0.102150,0.093516,0.115144,0.106084,0.103588,0.106816,0.096822,0.080445
0.088253,0.230079,0.073291,0.093447,0.103918,0.092192,0.069808,0.087743,0.044908,0.116359
0.065558,0.357828,0.057719,0.064150,0.096445,0.066202,0.049959,0.069333,0.051840,0.120966
0.073119,0.301308,0.056862,0.087846,0.111540,0.081612,0.040418,0.054777,0.063262,0.129256
0.103882,0.307954,0.078369,0.037576,0.033460,0.120770,0.057107,0.088000,0.036532,0.136350
0.059499,0.299561,0.063438,0.087113,0.093453,0.039982,0.047548,0.098130,0.082922,0.128357
0.120583,0.074006,0.086279,0.111369,0.111033,0.084355,0.085695,0.123558,0.093910,0.109212
0.105654,0.311508,0.106769,0.100913,0.040417,0.069168,0.053914,0.046666,0.043200,0.121790
0.094252,0.394107,0.056817,0.040430,0.034804,0.109535,0.071378,0.067161,0.047959,0.083556
0.113192,0.358595,0.101624,0.036009,0.031194,0.052126,0.052493,0.087973,0.107908,0.058886
0.123063,0.076098,0.094968,0.103331,0.080734,0.119278,0.081648,0.095056,0.085097,0.140726
0.087989,0.333250,0.058195,0.062740,0.073922,0.073441,0.143978,0.068423,0.052628,0.045433
0.106901,0.366163,0.051665,0.054268,0.084655,0.063801,0.108734,0.049113,0.033158,0.081542
0.058360,0.470619,0.050660,0.056393,0.088080,0.049035,0.053264,0.070304,0.047815,0.055468
0.090122,0.072598,0.086271,0.112628,0.098400,0.086084,0.097597,0.096220,0.150476,0.109603
0.085603,0.398409,0.046689,0.069010,0.046880,0.056720,0.050168,0.133451,0.058330,0.054740
