0.093519,0.078120,0.101226,0.108927,0.114596,0.105297,0.113657,0.115963,0.081472,0.087222
0.114882,0.073327,0.065745,0.076492,0.140264,0.118229,0.109516,0.135470,0.085842,0.080233
0.127298,0.072638,0.100467,0.115575,0.110645,0.102508,0.101865,0.094970,0.094612,0.079422
0.123290,0.280013,0.115149,0.045651,0.116838,0.071412,0.078983,0.047507,0.055368,0.065789
0.077402,0.307456,0.048380,0.070349,0.075848,0.083300,0.157532,0.058960,0.062661,0.058112
0.053412,0.380493,0.045451,0.082675,0.118016,0.075056,0.061080,0.082325,0.047049,0.054442
0.067866,0.322043,0.077255,0.040081,0.065144,0.119296,0.079634,0.093440,0.091559,0.043682
0.047255,0.350881,0.076735,0.102636,0.036994,0.082812,0.072596,0.046217,0.083390,0.100483
0.089392,0.379415,0.053232,0.033284,0.057244,0.036191,0.072235,0.088245,0.155150,0.035612
0.061113,0.438818,0.042729,0.058169,0.070472,0.065396,0.059094,0.049633,0.113899,0.040677
0.113394,0.073241,0.106139,0.116241,0.109300,0.094787,0.103341,0.097644,0.089777,0.096135
0.106133,0.075226,0.077895,0.108136,0.115008,0.109406,0.103312,0.106379,0.100624,0.097880
0.089738,0.072742,0.079707,0.103062,0.105224,0.110958,0.085737,0.097500,0.103367,0.151963
0.071362,0.381072,0.054015,0.089468,0.070975,0.089393,0.052695,0.101544,0.054080,0.035397
0.093640,0.416332,0.043417,0.044610,0.061917,0.068892,0.042604,0.079773,0.042551,0.106264
0.082273,0.240226,0.056049,0.081538,0.075989,0.073476,0.177445,0.069045,0.102732,0.041226
0.090524,0.073556,0.101777,0.101356,0.110155,0.099741,0.102666,0.111745,0.098881,0.109600
0.067959,0.462688,0.039381,0.066504,0.062412,0.073554,0.045347,0.082648,0.048875,0.050632
0.058562,0.307869,0.054363,0.074553,0.058994,0.072874,0.124536,0.077070,0.037696,0.133483
0.066455,0.383654,0.045778,0.071481,0.077022,0.054738,0.039783,0.096441,0.041806,0.122842
0.116535,0.263842,0.078203,0.074682,0.049496,0.096292,0.065498,0.104764,0.038697,0.111991
0.082965,0.350273,0.062464,0.058893,0.075795,0.041366,0.064941,0.068539,0.086238,0.108526
0.115388,0.353375,0.068503,0.082103,0.077640,0.055824,0.048468,0.074687,0.061881,0.062131
0.075827,0.444342,0.062825,0.032948,0.041700,0.096669,0.055281,0.089138,0.051644,0.049625
0.100853,0.074811,0.065070,0.111917,0.111830,0.102943,0.118686,0.114269,0.095505,0.104117
0.060898,0.319707,0.072933,0.037100,0.052601,0.062282,0.127586,0.090359,0.099667,0.076868
0.075118,0.301382,0.064057,0.067139,0.032011,0.094262,0.152672,0.075899,0.039031,0.098430
0.110205,0.295272,0.061676,0.042113,0.122921,0.043057,0.067132,0.075998,0.061367,0.120261
0.109657,0.244170,0.070876,0.076689,0.098680,0.093847,0.061872,0.083991,0.092015,0.068204
0.059650,0.314568,0.050882,0.130610,0.096170,0.038427,0.067214,0.092943,0.036608,0.112929
0.077299,0.423053,0.041776,0.072243,0.072910,0.073246,0.056171,0.088213,0.042698,0.052390
0.047032,0.359996,0.124147,0.105364,0.070866,0.045011,0.049542,0.049411,0.071089,0.077542
0.082909,0.281903,0.083330,0.083775,0.091158,0.040129,0.057258,0.092661,0.062796,0.124081
0.120474,0.071716,0.072230,0.086119,0.105236,0.099527,0.087508,0.087502,0.107289,0.162398
0.077638,0.287833,0.077650,0.073519,0.091970,0.101368,0.049421,0.065996,0.068507,0.106098
0.110044,0.072340,0.110539,0.115362,0.101279,0.081949,0.101575,0.093235,0.109816,0.103861
0.111292,0.071545,0.100949,0.076026,0.107037,0.082610,0.111232,0.120359,0.102463,0.116488
0.095858,0.467181,0.036472,0.056721,0.036141,0.046333,0.087123,0.073498,0.047428,0.053244
0.052467,0.248480,0.116111,0.084984,0.104630,0.052798,0.056109,0.099045,0.122323,0.063053
0.119587,0.076302,0.105454,0.095971,0.113778,0.122406,0.080694,0.100096,0.095109,0.090604
0.051314,0.242106,0.062936,0.097996,0.123045,0.086206,0.067243,0.044993,0.116509,0.107653
0.046773,0.285024,0.077729,0.130234,0.033678,0.097590,0.054990,0.100310,0.118115,0.055557
0.068373,0.264813,0.045718,0.110194,0.091113,0.089480,0.064334,0.078186,0.093504,0.094285
0.068748,0.406010,0.068982,0.056242,0.081185,0.079575,0.061624,0.076847,0.046691,0.054095
0.096940,0.071691,0.069045,0.102835,0.125718,0.107014,0.082536,0.114583,0.081337,0.148302
0.084511,0.455371,0.029805,0.028431,0.076868,0.064555,0.112290,0.066408,0.037321,0.044440
0.117313,0.378177,0.046457,0.101736,0.034560,0.071483,0.055332,0.068080,0.067378,0.059484
0.086498,0.253601,0.061874,0.084252,0.092022,0.083105,0.062827,0.109823,0.103847,0.062151
0.113173,0.073284,0.101478,0.116588,0.111293,0.084789,0.109528,0.118532,0.092521,0.078814
0.056486,0.402656,0.075924,0.055726,0.090554,0.059337,0.042593,0.083904,0.076898,0.055922
0.070329,0.359557,0.051671,0.070123,0.085281,0.032497,0.120128,0.060241,0.080319,0.069854
0.065293,0.342743,0.082542,0.084617,0.092991,0.065005,0.066802,0.077491,0.049655,0.072862
0.104919,0.077551,0.107579,0.088623,0.079943,0.122754,0.109654,0.127121,0.101196,0.080660
0.124968,0.078140,0.096938,0.110057,0.110661,0.102887,0.078070,0.113075,0.090131,0.095074
0.042124,0.403381,0.066316,0.039746,0.122809,0.098797,0.050554,0.074604,0.041173,0.060496
0.146704,0.303615,0.058100,0.105792,0.054602,0.038607,0.064854,0.080978,0.037150,0.109598
0.061737,0.365646,0.049945,0.073979,0.095218,0.072386,0.127338,0.047084,0.045880,0.060787
0.116358,0.073448,0.104853,0.097676,0.103273,0.111153,0.096517,0.088458,0.103145,0.105119
0.084519,0.221277,0.061872,0.032347,0.096261,0.084400,0.178222,0.078766,0.049167,0.113170
0.125016,0.070166,0.073070,0.102995,0.101861,0.110928,0.106358,0.091614,0.143822,0.074169
0.057522,0.360404,0.062916,0.062057,0.067484,0.075148,0.055247,0.085028,0.051367,0.122826
0.049462,0.546297,0.051873,0.036682,0.060307,0.074951,0.030107,0.069922,0.053066,0.027332
0.130622,0.259471,0.079571,0.057137,0.088922,0.074903,0.062069,0.099053,0.072235,0.076018
0.103324,0.071781,0.083748,0.079564,0.101442,0.087332,0.106703,0.124079,0.161491,0.080536
0.110349,0.077875,0.076671,0.126458,0.111144,0.117273,0.109201,0.105977,0.088607,0.076444
0.093822,0.417462,0.057867,0.055575,0.073985,0.081377,0.047976,0.050811,0.062699,0.058425
0.032895,0.438716,0.038696,0.065226,0.072764,0.034266,0.173165,0.067411,0.047489,0.029374
0.122146,0.070898,0.097562,0.111680,0.102118,0.083157,0.100711,0.121531,0.096270,0.093926
0.061707,0.423334,0.041267,0.080727,0.080438,0.093973,0.041493,0.078796,0.038905,0.059361
0.113393,0.071717,0.084325,0.094692,0.093151,0.073319,0.106351,0.117458,0.088845,0.156750
0.128359,0.071362,0.108157,0.108456,0.103810,0.076260,0.103917,0.105505,0.079884,0.114289
0.116877,0.075279,0.072182,0.117213,0.108902,0.112901,0.117097,0.106438,0.089104,0.084008
0.076954,0.388855,0.070298,0.036124,0.051351,0.040023,0.048383,0.098712,0.111660,0.077640
0.042934,0.262828,0.069610,0.089098,0.056712,0.105825,0.065964,0.075878,0.102144,0.129006
0.068846,0.289059,0.035799,0.051359,0.068298,0.083276,0.171758,0.056282,0.057300,0.118023
0.088868,0.306025,0.104477,0.110725,0.036037,0.117424,0.044909,0.080921,0.039692,0.070922
0.119245,0.317895,0.091293,0.038859,0.079049,0.103082,0.060866,0.040996,0.088750,0.059965
0.077939,0.334839,0.046918,0.034595,0.089375,0.077120,0.053412,0.083849,0.083876,0.118075
0.089524,0.343002,0.077708,0.107539,0.036486,0.102592,0.075486,0.084027,0.040251,0.043383
0.096217,0.082249,0.105679,0.110858,0.080996,0.107379,0.087286,0.144738,0.103447,0.081150
0.082781,0.448088,0.086434,0.056093,0.040907,0.062689,0.050795,0.057258,0.046109,0.068848
0.097086,0.422429,0.056702,0.068559,0.066275,0.068349,0.054827,0.064142,0.052610,0.049022
0.105090,0.249034,0.059416,0.084390,0.067848,0.034946,0.107538,0.103399,0.093275,0.095064
0.118170,0.340148,0.063314,0.089370,0.080334,0.049298,0.067062,0.062613,0.068694,0.060995
0.110761,0.072900,0.061609,0.118761,0.105338,0.124494,0.121680,0.130404,0.079622,0.074431
0.111846,0.267247,0.055698,0.088246,0.052490,0.105187,0.063523,0.077516,0.109496,0.068752
0.100152,0.075510,0.107311,0.114508,0.109787,0.104284,0.106556,0.111580,0.094563,0.075749
0.061616,0.295722,0.091598,0.078195,0.092513,0.040503,0.065927,0.043065,0.098869,0.131992
0.114347,0.075532,0.095535,0.106429,0.078128,0.118671,0.099339,0.107134,0.095809,0.109075
0.051959,0.297352,0.127839,0.083504,0.109318,0.042735,0.059912,0.122143,0.040657,0.064580
0.066967,0.259454,0.062759,0.135710,0.109801,0.037707,0.120353,0.047806,0.115928,0.043515
0.109241,0.071750,0.090616,0.091792,0.097113,0.101847,0.092774,0.100890,0.127327,0.116651
0.103121,0.269694,0.078252,0.113271,0.093513,0.094663,0.061243,0.034415,0.086447,0.065381
0.118435,0.078618,0.117481,0.088664,0.121813,0.105035,0.102003,0.089953,0.100682,0.077316
0.114399,0.436434,0.047762,0.069042,0.051375,0.086192,0.044564,0.050470,0.050548,0.049215
0.116187,0.074166,0.090266,0.107066,0.102301,0.123280,0.090726,0.113824,0.084049,0.098137
0.091796,0.403615,0.110538,0.039165,0.037019,0.042829,0.082369,0.091331,0.061350,0.039988
0.094908,0.074110,0.078268,0.102170,0.110793,0.123765,0.103534,0.104064,0.096883,0.111505
0.094008,0.304093,0.060188,0.066807,0.065379,0.071607,0.140136,0.078910,0.036279,0.082592
0.112739,0.075797,0.075130,0.102463,0.099849,0.121750,0.094667,0.115016,0.097340,0.105251
0.075361,0.312363,0.073400,0.032815,0.093049,0.098504,0.064836,0.042340,0.104614,0.102717
0.050135,0.414071,0.061197,0.045960,0.072302,0.087366,0.051044,0.053255,0.104832,0.059837
0.139346,0.208648,0.038624,0.099698,0.033868,0.103853,0.059092,0.082229,0.117278,0.117364
0.080849,0.292488,0.069329,0.085088,0.073363,0.063374,0.177972,0.073474,0.037295,0.046769
0.046507,0.295819,0.039492,0.096585,0.095926,0.101698,0.061873,0.077260,0.072601,0.112240
0.110355,0.303948,0.041105,0.066954,0.033909,0.084711,0.170057,0.059494,0.073022,0.056443
0.111500,0.335079,0.036763,0.078455,0.034044,0.089737,0.061283,0.088774,0.099719,0.064647
0.120904,0.076096,0.063723,0.115167,0.118084,0.082738,0.112341,0.095610,0.095434,0.119903
0.119723,0.070451,0.081725,0.073216,0.098278,0.079184,0.103557,0.124252,0.096886,0.152726
0.080749,0.310988,0.112295,0.134990,0.075743,0.052223,0.080049,0.049695,0.042449,0.060820
0.075812,0.366713,0.045238,0.087766,0.056377,0.070745,0.074453,0.050681,0.048077,0.124139
0.104254,0.241431,0.044448,0.109059,0.086960,0.047933,0.086074,0.059763,0.100322,0.119757
0.120645,0.075995,0.098534,0.091648,0.116650,0.101881,0.109621,0.099827,0.084850,0.100350
0.058951,0.292323,0.074241,0.118346,0.091110,0.058427,0.066780,0.059356,0.108077,0.072388
0.049049,0.358812,0.079236,0.107021,0.071612,0.045209,0.075579,0.086804,0.042348,0.084330
0.139200,0.076706,0.089915,0.080781,0.084636,0.092633,0.097578,0.105894,0.104567,0.128090
0.098170,0.351238,0.052372,0.108098,0.039584,0.111061,0.054095,0.047957,0.048013,0.089412
0.097934,0.305792,0.056884,0.107376,0.130971,0.085999,0.066401,0.047204,0.044397,0.057042
0.091384,0.505485,0.034550,0.041134,0.063752,0.072300,0.043503,0.058698,0.038702,0.050494
0.074006,0.450607,0.044817,0.040156,0.104698,0.089611,0.053737,0.046659,0.046320,0.049390
0.094355,0.072944,0.070153,0.112569,0.102041,0.115396,0.093908,0.121810,0.087883,0.128941
0.110871,0.071826,0.063743,0.125994,0.112194,0.082324,0.110413,0.110777,0.101931,0.109927
0.115773,0.311865,0.074606,0.104045,0.074059,0.045608,0.069899,0.103783,0.038623,0.061738
0.106408,0.315221,0.084884,0.033022,0.088771,0.037868,0.056186,0.107899,0.043142,0.126599
0.070103,0.428446,0.032649,0.047353,0.080144,0.077860,0.048384,0.114025,0.040902,0.060134
0.067144,0.315269,0.063993,0.040752,0.075635,0.086194,0.111832,0.057359,0.054400,0.127422
0.056998,0.335336,0.052212,0.125683,0.063291,0.111194,0.067016,0.086661,0.034670,0.066940
0.109280,0.252239,0.062984,0.102706,0.082616,0.077568,0.153156,0.070401,0.039524,0.049526
0.138342,0.302488,0.068415,0.078695,0.042505,0.077758,0.110360,0.086889,0.059588,0.034959
0.117971,0.343303,0.049643,0.080492,0.041744,0.099757,0.057598,0.074203,0.062008,0.073280
0.115471,0.259963,0.079750,0.035979,0.097948,0.074033,0.059474,0.088917,0.081438,0.107027
0.077477,0.365215,0.064648,0.076421,0.089688,0.074331,0.056689,0.076954,0.060425,0.058150
0.102085,0.389430,0.034789,0.060648,0.107699,0.089344,0.041227,0.072766,0.043973,0.058039
0.048782,0.475720,0.033855,0.058679,0.060873,0.061994,0.044601,0.059318,0.043511,0.112669
0.099580,0.069019,0.075690,0.072963,0.095134,0.108053,0.099228,0.100590,0.135719,0.144023
0.092661,0.405304,0.036371,0.043883,0.061697,0.071669,0.045837,0.078236,0.048156,0.116184
0.099432,0.470620,0.039338,0.061416,0.063248,0.067495,0.046022,0.071789,0.037346,0.043295
0.093566,0.077414,0.099315,0.109998,0.113142,0.105878,0.079658,0.133857,0.090868,0.096304
0.157210,0.353618,0.045040,0.051943,0.082133,0.057766,0.062433,0.084756,0.035560,0.069542
0.076881,0.314783,0.034923,0.139554,0.061173,0.100049,0.077298,0.077351,0.076786,0.041202
0.088250,0.074615,0.072678,0.110985,0.098485,0.119934,0.089499,0.087742,0.088615,0.169197
0.054346,0.498856,0.053913,0.050126,0.036565,0.073313,0.045810,0.081626,0.054058,0.051387
0.109461,0.302678,0.075722,0.076674,0.086887,0.042480,0.063476,0.060698,0.061256,0.120668
0.117450,0.312349,0.036506,0.093538,0.062145,0.083982,0.061779,0.154723,0.035838,0.041689
0.050341,0.305125,0.063812,0.037490,0.108513,0.038626,0.064983,0.079375,0.127364,0.124370
0.083515,0.281695,0.063051,0.088565,0.055720,0.090779,0.069820,0.074039,0.049296,0.143522
0.057169,0.439514,0.087478,0.039825,0.043538,0.121793,0.047402,0.052691,0.042448,0.068142
0.047106,0.310984,0.103676,0.134927,0.058152,0.068245,0.076359,0.090069,0.048852,0.061630
0.125868,0.077165,0.112833,0.096697,0.114917,0.108568,0.086142,0.098313,0.098246,0.081251
0.081081,0.379057,0.045493,0.055897,0.121007,0.057638,0.054082,0.091906,0.078173,0.035667
0.102441,0.341768,0.041297,0.105180,0.065863,0.087930,0.030603,0.067327,0.065450,0.092142
0.115898,0.073583,0.096429,0.085090,0.100390,0.121186,0.089160,0.127629,0.096567,0.094067
0.072332,0.417384,0.061015,0.071075,0.078471,0.086773,0.050907,0.058126,0.040531,0.063385
0.096116,0.076087,0.114078,0.078471,0.081181,0.089008,0.138080,0.147509,0.100048,0.079423
0.111334,0.385683,0.057847,0.075076,0.082767,0.047527,0.044461,0.058853,0.076283,0.060169
0.038675,0.324243,0.056820,0.088487,0.030135,0.104575,0.110436,0.066610,0.097620,0.082400
0.070894,0.362669,0.060413,0.073461,0.052778,0.059616,0.060389,0.063484,0.059445,0.136850
0.103309,0.263535,0.035366,0.073681,0.086097,0.089235,0.058145,0.101280,0.077287,0.112064
0.075186,0.411538,0.049776,0.067448,0.071967,0.081068,0.044146,0.090874,0.046189,0.061809
0.108781,0.391963,0.033035,0.031895,0.063824,0.035287,0.060608,0.072334,0.054821,0.147453
0.041986,0.376482,0.087710,0.071789,0.126080,0.043594,0.059625,0.074108,0.040982,0.077644
0.076553,0.337231,0.034895,0.095938,0.082146,0.036606,0.051609,0.102846,0.035539,0.146635
0.121814,0.438139,0.065322,0.070749,0.039538,0.072719,0.056984,0.049766,0.044389,0.040580
0.165700,0.245515,0.082979,0.096524,0.076700,0.107610,0.079749,0.050647,0.044071,0.050506
0.107077,0.071674,0.098163,0.101019,0.098068,0.096689,0.094459,0.125450,0.094792,0.112610
0.104009,0.076742,0.078453,0.092170,0.114477,0.124096,0.100303,0.136243,0.095532,0.077974
0.105393,0.073563,0.088715,0.086664,0.104025,0.117410,0.111742,0.119674,0.088827,0.103988
0.083051,0.448725,0.053409,0.052858,0.043529,0.079343,0.055418,0.089380,0.042254,0.052034
0.117194,0.077680,0.089143,0.109159,0.118200,0.081545,0.114522,0.101415,0.096609,0.094534
0.045992,0.506659,0.036994,0.061160,0.059773,0.042281,0.047852,0.042067,0.046238,0.110985
0.109171,0.293433,0.053182,0.079353,0.091739,0.078876,0.102114,0.039595,0.084256,0.068281
0.111566,0.287041,0.039044,0.098646,0.082454,0.084340,0.053455,0.069956,0.106596,0.066904
0.110096,0.075008,0.066760,0.070207,0.119212,0.121607,0.116163,0.114045,0.089736,0.117168
0.065943,0.420955,0.044730,0.037412,0.065090,0.084157,0.050693,0.095821,0.072616,0.062582
0.120943,0.312077,0.102797,0.097081,0.063361,0.039970,0.051403,0.065242,0.109519,0.037607
0.077123,0.358040,0.036253,0.080508,0.066508,0.043015,0.062875,0.071327,0.090043,0.114308
0.107754,0.075451,0.089217,0.108697,0.068377,0.118141,0.102172,0.111274,0.109859,0.109058
0.121772,0.350190,0.093133,0.043955,0.037331,0.086604,0.089738,0.086746,0.044923,0.045608
0.092082,0.078322,0.073648,0.116749,0.148370,0.104274,0.113551,0.115162,0.081171,0.076671
0.143967,0.371888,0.059410,0.058391,0.055175,0.089689,0.055068,0.069339,0.042799,0.054276
0.109266,0.323445,0.061385,0.076093,0.091700,0.066614,0.050423,0.061626,0.036745,0.122702
0.062858,0.337276,0.046352,0.067039,0.095451,0.081692,0.155510,0.054424,0.036295,0.063102
0.123727,0.073447,0.082068,0.110948,0.077824,0.114783,0.116666,0.103004,0.095230,0.102304
0.066944,0.269861,0.116083,0.096377,0.077341,0.125064,0.084172,0.081810,0.035265,0.047083
0.131536,0.351512,0.035492,0.036483,0.099601,0.039560,0.050661,0.081925,0.050918,0.122312
0.152486,0.298876,0.055345,0.083719,0.093231,0.060921,0.049415,0.067849,0.098002,0.040156
0.061038,0.369667,0.040269,0.079292,0.094845,0.041072,0.051993,0.079704,0.059875,0.122247
0.109640,0.319142,0.089404,0.097374,0.050951,0.079062,0.050613,0.063878,0.048865,0.091072
0.075479,0.272020,0.055428,0.102947,0.068301,0.038798,0.095707,0.092935,0.091616,0.106770
0.114958,0.076210,0.076454,0.113074,0.111710,0.100009,0.109694,0.136341,0.082953,0.078596
0.057128,0.337417,0.059268,0.059169,0.090430,0.040555,0.054257,0.094182,0.083403,0.124191
0.039270,0.489304,0.058711,0.067617,0.070817,0.077298,0.055025,0.066029,0.040401,0.035528
0.106502,0.074995,0.074662,0.118748,0.109082,0.100292,0.093419,0.128667,0.085949,0.107685
0.060908,0.321341,0.076380,0.080141,0.087412,0.096431,0.047623,0.116645,0.043698,0.069422
0.038732,0.368675,0.049293,0.093268,0.097908,0.034984,0.133727,0.074613,0.035329,0.073471
0.100745,0.307970,0.083244,0.074116,0.101077,0.086352,0.055805,0.080709,0.032585,0.077396
0.123312,0.075750,0.081221,0.116687,0.079157,0.118400,0.100031,0.095216,0.099791,0.110435
0.108030,0.340329,0.062434,0.072254,0.039565,0.052653,0.175490,0.041326,0.052466,0.055452
0.040707,0.317178,0.075591,0.114802,0.105641,0.097866,0.045380,0.075879,0.064579,0.062378
0.111563,0.072329,0.088241,0.062659,0.092954,0.098993,0.103538,0.097808,0.095760,0.176155
0.081436,0.283992,0.111167,0.099853,0.074329,0.041278,0.075968,0.082127,0.086068,0.063781
0.093144,0.372947,0.037114,0.059142,0.032989,0.046653,0.133148,0.066039,0.040293,0.118532
0.132682,0.276979,0.067469,0.112347,0.074416,0.094731,0.062615,0.085359,0.032936,0.060465
0.095597,0.184021,0.074628,0.082195,0.083653,0.086088,0.155578,0.069413,0.079968,0.088858
0.198987,0.346021,0.065009,0.061486,0.049382,0.038805,0.050800,0.077555,0.048722,0.063232
0.122954,0.077305,0.074304,0.113041,0.114037,0.097763,0.098417,0.096953,0.095812,0.109414
0.154890,0.331297,0.049749,0.074651,0.076849,0.047518,0.044463,0.099992,0.045004,0.075586
0.115946,0.076045,0.106497,0.093436,0.079269,0.113306,0.115764,0.096345,0.101336,0.102056
0.060378,0.261818,0.095655,0.093286,0.095604,0.102665,0.062771,0.063726,0.034070,0.130027
0.120035,0.357251,0.056063,0.089234,0.064693,0.092945,0.072187,0.044536,0.039427,0.063630
0.060852,0.312881,0.047082,0.096464,0.099608,0.073942,0.085899,0.051400,0.045155,0.126718
0.079225,0.389875,0.035081,0.086382,0.042148,0.101116,0.051712,0.086756,0.072649,0.055056
0.105156,0.301310,0.079810,0.080160,0.073358,0.087059,0.058068,0.073284,0.041050,0.100744
0.124756,0.385950,0.054700,0.039908,0.101834,0.039962,0.047842,0.080772,0.050971,0.073304
0.090280,0.270917,0.063228,0.035388,0.067981,0.089740,0.069580,0.087122,0.098313,0.127453
0.090090,0.074582,0.113960,0.111680,0.111341,0.110960,0.097174,0.115417,0.079801,0.094996
0.108761,0.300526,0.062162,0.074857,0.075580,0.064690,0.098724,0.064523,0.036429,0.113748
0.098002,0.069675,0.093965,0.115500,0.100492,0.094842,0.099296,0.107097,0.087337,0.133794
0.129652,0.080438,0.116304,0.096603,0.087014,0.087249,0.092352,0.102898,0.094594,0.112896
0.103866,0.288369,0.050665,0.117081,0.094227,0.092174,0.049917,0.062959,0.103825,0.036917
0.117291,0.071107,0.068250,0.108510,0.120342,0.105950,0.112272,0.090467,0.083552,0.122261
0.155322,0.196743,0.119838,0.052367,0.089228,0.069818,0.084539,0.080450,0.043864,0.107832
0.112827,0.070350,0.102961,0.094153,0.101254,0.094153,0.109743,0.097428,0.085218,0.131914
0.129215,0.363506,0.061592,0.045669,0.070498,0.043747,0.056412,0.063324,0.037495,0.128541
0.134337,0.077825,0.093419,0.068328,0.110992,0.124809,0.091515,0.096172,0.104337,0.098266
0.104058,0.074859,0.094218,0.097903,0.105990,0.111001,0.092031,0.126252,0.111069,0.082619
0.136622,0.288618,0.090345,0.076306,0.075618,0.042708,0.050141,0.069998,0.099821,0.069823
0.091921,0.418793,0.049158,0.043250,0.073596,0.045708,0.046698,0.086885,0.068006,0.075984
0.125414,0.070347,0.076954,0.112251,0.101306,0.110759,0.104138,0.089540,0.093383,0.115907
0.042129,0.315111,0.094778,0.031445,0.094770,0.037606,0.117344,0.095895,0.044982,0.125941
0.082079,0.285876,0.087480,0.038484,0.112501,0.113086,0.066032,0.091885,0.060917,0.061660
0.089112,0.267539,0.058563,0.095473,0.080353,0.085751,0.065553,0.095855,0.037052,0.124749
0.083464,0.303909,0.050267,0.076933,0.056327,0.085988,0.045314,0.112420,0.056671,0.128708
0.099845,0.281512,0.071565,0.033042,0.096307,0.055995,0.150999,0.082809,0.032779,0.095147
0.079758,0.281370,0.068189,0.069608,0.086263,0.085257,0.152753,0.080640,0.057128,0.039034
0.061093,0.389159,0.068822,0.036461,0.072240,0.040128,0.061387,0.078170,0.045900,0.146641
0.090131,0.076933,0.109829,0.110279,0.106231,0.116460,0.092718,0.125469,0.086116,0.085834
0.097486,0.075503,0.079371,0.116203,0.112053,0.121930,0.113081,0.089283,0.090991,0.104098
0.091619,0.465691,0.049146,0.055757,0.067002,0.076279,0.047471,0.047921,0.044528,0.054587
0.079674,0.257545,0.074504,0.077808,0.093097,0.072589,0.101652,0.040895,0.091599,0.110637
0.098232,0.455939,0.041699,0.032439,0.069806,0.076677,0.091962,0.062161,0.039912,0.031172
0.123001,0.070891,0.094257,0.072977,0.102510,0.115877,0.086535,0.104626,0.091870,0.137455
0.082519,0.255013,0.080865,0.039254,0.124299,0.053131,0.082938,0.099049,0.063576,0.119357
0.070729,0.414795,0.068064,0.093753,0.034798,0.042862,0.055919,0.075203,0.068758,0.075119
0.063128,0.366953,0.064763,0.066547,0.063432,0.105087,0.052173,0.098012,0.042428,0.077477
0.118332,0.359685,0.038627,0.069074,0.034887,0.095422,0.072244,0.075935,0.079843,0.055951
0.074896,0.305559,0.093977,0.084108,0.062020,0.043401,0.064113,0.095993,0.041665,0.134268
0.105345,0.329217,0.063324,0.066871,0.109221,0.040605,0.040207,0.061748,0.052668,0.130794
0.156738,0.237357,0.094848,0.090571,0.068934,0.088037,0.052488,0.085942,0.078934,0.046151
0.104987,0.070763,0.106054,0.092602,0.103256,0.110985,0.082790,0.085911,0.086406,0.156245
0.073167,0.352813,0.069075,0.089276,0.084058,0.041670,0.056303,0.106967,0.057911,0.068760
0.108898,0.348854,0.041551,0.081415,0.035608,0.058228,0.183899,0.050673,0.035652,0.055223
0.114209,0.072841,0.075513,0.093732,0.101694,0.113485,0.097972,0.088833,0.083378,0.158343
0.068052,0.381298,0.045344,0.081905,0.099438,0.053116,0.052466,0.057288,0.045131,0.115961
0.060210,0.247193,0.045209,0.048718,0.096420,0.068324,0.080635,0.110935,0.148980,0.093377
0.078830,0.491595,0.038318,0.042326,0.076268,0.070451,0.041729,0.068418,0.035301,0.056765
0.112928,0.297369,0.095029,0.033426,0.054402,0.079862,0.066825,0.089768,0.035577,0.134813
0.087356,0.241600,0.073072,0.125489,0.108766,0.048628,0.071444,0.042890,0.095929,0.104827
0.102900,0.072294,0.089114,0.086484,0.104285,0.108438,0.104713,0.117429,0.089347,0.124996
0.109966,0.290214,0.039784,0.075482,0.097844,0.066363,0.073814,0.074890,0.115450,0.056192
0.079085,0.293140,0.100641,0.036637,0.032053,0.097182,0.126490,0.126318,0.053430,0.055024
0.109277,0.311301,0.045159,0.072094,0.039176,0.072174,0.154970,0.064810,0.072426,0.058612
0.106645,0.071309,0.107407,0.068284,0.106633,0.077626,0.105643,0.123099,0.092948,0.140406
0.045213,0.363664,0.057177,0.085902,0.124418,0.091014,0.046392,0.071542,0.048290,0.066388
0.116018,0.078333,0.101116,0.122296,0.117288,0.099239,0.094696,0.097403,0.083184,0.090425
0.073073,0.305465,0.061293,0.078263,0.089592,0.096799,0.060235,0.092797,0.066429,0.076054
0.104582,0.312423,0.069246,0.145132,0.055484,0.039007,0.069340,0.047060,0.119313,0.038414
0.094211,0.452894,0.034702,0.059213,0.098159,0.048000,0.049174,0.069912,0.037874,0.055861
0.110025,0.082817,0.079758,0.115830,0.119107,0.113551,0.086246,0.095002,0.101280,0.096384
0.100195,0.070943,0.075342,0.101757,0.101543,0.112509,0.106929,0.106570,0.148083,0.076129
0.108047,0.070448,0.063766,0.105171,0.073591,0.109692,0.099656,0.093967,0.143716,0.131945
0.072304,0.301662,0.052724,0.071276,0.031100,0.035651,0.202245,0.066858,0.108474,0.057706
0.177383,0.282601,0.123928,0.042776,0.035426,0.053652,0.061251,0.085448,0.090023,0.047510
0.066641,0.392713,0.047555,0.029539,0.083501,0.091935,0.059393,0.066302,0.039939,0.122481
0.113587,0.074827,0.081638,0.071301,0.113254,0.122298,0.096674,0.090588,0.159262,0.076571
0.068707,0.429526,0.069184,0.094811,0.096846,0.042133,0.046516,0.071973,0.043427,0.036877
0.043089,0.344520,0.058022,0.034063,0.056029,0.069630,0.131824,0.109350,0.048854,0.104619
0.116442,0.326553,0.053077,0.037607,0.117680,0.044285,0.067189,0.073464,0.048502,0.115203
0.068738,0.393541,0.082169,0.052659,0.099087,0.056554,0.058287,0.057786,0.063744,0.067436
0.112569,0.255498,0.063486,0.094159,0.072671,0.046704,0.072601,0.109148,0.117233,0.055932
0.064632,0.494904,0.053028,0.038892,0.059609,0.064902,0.082277,0.075183,0.037461,0.029111
0.124419,0.071648,0.097607,0.110798,0.104614,0.106377,0.095767,0.101787,0.087877,0.099107
0.114006,0.074405,0.089981,0.104439,0.112213,0.126696,0.104648,0.090687,0.096428,0.086497
0.091312,0.310204,0.047495,0.070471,0.046393,0.088982,0.046591,0.060667,0.110240,0.127646
0.111935,0.076007,0.061463,0.120560,0.100781,0.116975,0.100319,0.105332,0.090712,0.115916
0.070977,0.300659,0.064859,0.035416,0.077702,0.038512,0.213319,0.072698,0.068892,0.056966
0.067135,0.422964,0.042696,0.059669,0.095656,0.048273,0.042020,0.042057,0.055557,0.123974
0.077608,0.437097,0.043056,0.079521,0.091849,0.049212,0.059769,0.081258,0.041394,0.039235
0.120473,0.073269,0.109202,0.068407,0.107704,0.110851,0.108803,0.087470,0.111516,0.102305
0.088604,0.076032,0.084029,0.120264,0.074516,0.095590,0.108626,0.089474,0.097112,0.165753
0.153066,0.273793,0.060682,0.089610,0.091455,0.087973,0.054608,0.083084,0.050607,0.055122
0.060509,0.322659,0.063661,0.091460,0.116209,0.072023,0.063022,0.122984,0.047767,0.039707
0.106518,0.284390,0.099224,0.089292,0.032349,0.107686,0.069532,0.119724,0.038277,0.053009
0.094675,0.073725,0.105562,0.107708,0.105516,0.097175,0.104073,0.094772,0.090805,0.125988
0.035365,0.436019,0.037072,0.104928,0.070745,0.050059,0.034005,0.064136,0.047132,0.120539
0.042794,0.298749,0.064939,0.094646,0.048654,0.081934,0.068128,0.093522,0.117004,0.089630
0.136695,0.291185,0.050513,0.076633,0.088573,0.090590,0.049408,0.059491,0.061303,0.095608
0.047057,0.365470,0.044358,0.060275,0.060813,0.063652,0.122634,0.074216,0.047081,0.114444
0.104781,0.406974,0.051040,0.041438,0.080502,0.089159,0.065646,0.077521,0.045187,0.037752
0.081320,0.296004,0.034008,0.087386,0.080329,0.041237,0.212861,0.072723,0.034922,0.059210
0.131654,0.332333,0.040911,0.090261,0.037407,0.099385,0.074999,0.097822,0.054324,0.040903
0.106930,0.306383,0.080936,0.118023,0.106338,0.060259,0.049722,0.075781,0.036475,0.059153
0.091680,0.331241,0.075949,0.079041,0.036109,0.045790,0.073054,0.097227,0.112801,0.057109
0.057215,0.394257,0.056642,0.081326,0.042514,0.108987,0.056674,0.083027,0.056164,0.063194
0.116700,0.076747,0.117834,0.079799,0.086136,0.130818,0.088725,0.122675,0.097306,0.083260
0.058714,0.390992,0.050593,0.062812,0.096545,0.119830,0.047083,0.103929,0.035489,0.034012
0.059748,0.377928,0.059346,0.082102,0.073090,0.063200,0.063874,0.046576,0.067988,0.106148
0.104996,0.300926,0.078148,0.085055,0.086664,0.092124,0.048731,0.075195,0.058119,0.070042
0.045695,0.289793,0.092541,0.081639,0.074408,0.038771,0.067688,0.102026,0.070144,0.137295
0.090659,0.071595,0.098125,0.120035,0.081232,0.077707,0.096113,0.128472,0.089499,0.146563
0.086431,0.268442,0.058383,0.084847,0.100206,0.080338,0.051572,0.074385,0.069387,0.126008
0.058897,0.280347,0.089975,0.034076,0.095383,0.107362,0.064183,0.074053,0.108897,0.086826
0.117659,0.076425,0.103714,0.109233,0.117849,0.107784,0.081685,0.112195,0.094214,0.079241
0.121880,0.371616,0.073147,0.039381,0.034845,0.096077,0.052350,0.075219,0.039667,0.095818
0.070704,0.338200,0.089817,0.072629,0.081069,0.045922,0.066081,0.136820,0.040396,0.058363
0.105689,0.278659,0.030374,0.083657,0.027402,0.074647,0.210703,0.078163,0.075522,0.035185
0.119528,0.412399,0.065916,0.082568,0.035442,0.074161,0.046729,0.068434,0.039692,0.055131
0.114901,0.073063,0.103988,0.108627,0.098400,0.104192,0.103618,0.119040,0.090537,0.083636
0.082139,0.350360,0.061966,0.102109,0.069712,0.089212,0.047568,0.096472,0.050841,0.049621
0.064893,0.296636,0.053613,0.085509,0.084327,0.096090,0.052770,0.111560,0.037056,0.117546
0.168358,0.270077,0.033426,0.091292,0.118465,0.081647,0.045599,0.092821,0.033543,0.064772
0.076195,0.295859,0.046169,0.072477,0.085367,0.048777,0.182872,0.061270,0.063972,0.067041
0.073806,0.396939,0.044112,0.091351,0.079885,0.098030,0.053152,0.045870,0.052682,0.064172
0.108800,0.364243,0.076869,0.076025,0.117460,0.075713,0.056015,0.044485,0.041947,0.038444
0.044583,0.454444,0.072150,0.041508,0.050693,0.045808,0.052433,0.104606,0.056791,0.076985
0.116957,0.074594,0.103052,0.106940,0.106948,0.082373,0.107434,0.108248,0.092718,0.100735
0.044648,0.373973,0.073767,0.146892,0.053453,0.124824,0.054730,0.047734,0.040783,0.039196
0.094835,0.073872,0.068662,0.135513,0.119268,0.087246,0.124272,0.101984,0.106331,0.088016
0.090284,0.277079,0.091273,0.094161,0.123387,0.078054,0.055776,0.071971,0.051290,0.066726
0.046880,0.336068,0.042081,0.040832,0.132166,0.119823,0.074642,0.083593,0.058689,0.065226
0.068501,0.261766,0.065703,0.099597,0.115242,0.044163,0.075129,0.094908,0.116301,0.058689
0.118367,0.075495,0.102096,0.119896,0.115703,0.081867,0.105945,0.096569,0.084833,0.099227
0.133067,0.076618,0.109488,0.070491,0.081225,0.127571,0.108692,0.097912,0.098746,0.096190
0.100330,0.475139,0.035817,0.075794,0.072104,0.085865,0.031490,0.038697,0.034998,0.049765
0.071095,0.343803,0.067765,0.075005,0.072780,0.088904,0.053356,0.058151,0.107692,0.061449
0.117475,0.074229,0.093623,0.104077,0.127207,0.109823,0.074665,0.119741,0.102791,0.076370
0.076410,0.278387,0.063041,0.084017,0.064424,0.094768,0.060766,0.077556,0.100443,0.100188
0.138232,0.072867,0.079115,0.114032,0.077317,0.124284,0.112375,0.110883,0.092238,0.078657
0.110153,0.351515,0.056231,0.087841,0.042713,0.055804,0.045160,0.118608,0.061326,0.070649
0.089477,0.076665,0.097228,0.114907,0.142745,0.099787,0.093682,0.110050,0.091442,0.084017
0.108609,0.075516,0.105710,0.108084,0.129644,0.093578,0.105576,0.106488,0.090673,0.076122
0.070902,0.438344,0.062199,0.072050,0.038446,0.088897,0.040614,0.068452,0.053868,0.066227
0.040945,0.358182,0.069262,0.037834,0.077012,0.038335,0.064505,0.119909,0.105756,0.088262
0.099709,0.072706,0.096015,0.112772,0.077272,0.108010,0.104755,0.127556,0.094812,0.106394
0.082620,0.325149,0.087888,0.099832,0.090877,0.103739,0.067615,0.042622,0.040375,0.059285
0.052248,0.444709,0.034903,0.065814,0.066566,0.095078,0.058582,0.087943,0.044062,0.050094
0.132540,0.248750,0.067641,0.039869,0.073641,0.094815,0.065726,0.103759,0.099482,0.073775
0.073346,0.344091,0.077911,0.058632,0.075242,0.058861,0.115386,0.063975,0.085088,0.047468
0.103039,0.075719,0.099181,0.103682,0.111710,0.110483,0.106272,0.114281,0.099385,0.076249
0.044522,0.289220,0.070388,0.126275,0.100353,0.059494,0.065795,0.084146,0.046162,0.113644
0.068048,0.336289,0.066611,0.077778,0.071118,0.100038,0.049644,0.057399,0.104594,0.068481
0.113591,0.341277,0.039254,0.061058,0.093731,0.088109,0.153141,0.055300,0.027231,0.027309
0.077832,0.398602,0.045139,0.040840,0.069945,0.096354,0.040347,0.083111,0.084197,0.063632
0.101905,0.071786,0.087851,0.091629,0.098529,0.101419,0.084895,0.111583,0.099137,0.151267
0.067498,0.408700,0.053478,0.063920,0.076852,0.048778,0.054397,0.055322,0.113767,0.057287
0.046055,0.303042,0.057938,0.087076,0.105576,0.084934,0.067591,0.102171,0.072941,0.072677
0.096698,0.327264,0.053785,0.096484,0.112595,0.112920,0.062562,0.044686,0.040669,0.052337
0.121520,0.077308,0.075235,0.114464,0.113415,0.103298,0.096842,0.088523,0.095672,0.113723
0.115190,0.079284,0.112054,0.100499,0.108734,0.120300,0.101432,0.091878,0.077829,0.092799
0.086720,0.228595,0.074917,0.090745,0.074898,0.102646,0.051095,0.082691,0.105817,0.101876
0.082663,0.347615,0.081393,0.084607,0.075825,0.047520,0.062652,0.096873,0.044044,0.076808
0.065722,0.381387,0.046650,0.125153,0.072320,0.101252,0.045970,0.043516,0.064924,0.053105
0.112149,0.077639,0.098945,0.106105,0.107658,0.096357,0.093515,0.114892,0.096884,0.095856
0.101043,0.069336,0.063034,0.101992,0.097423,0.105836,0.103934,0.098664,0.135184,0.123553
0.117268,0.306921,0.055678,0.094764,0.102036,0.110999,0.068845,0.042359,0.037540,0.063590
0.063934,0.380436,0.044829,0.083235,0.079465,0.079327,0.066675,0.097595,0.047610,0.056894
0.121210,0.072294,0.076785,0.067558,0.110594,0.118463,0.095808,0.131302,0.092041,0.113945
0.104519,0.077445,0.065670,0.124558,0.078860,0.121656,0.099927,0.139180,0.094089,0.094097
0.060357,0.457509,0.048541,0.070077,0.068190,0.071486,0.057002,0.074748,0.056366,0.035723
0.133417,0.326291,0.051911,0.088191,0.084721,0.083636,0.046598,0.035513,0.077482,0.072240
0.113451,0.071752,0.088307,0.084471,0.134367,0.094690,0.070793,0.078751,0.102645,0.160772
0.076702,0.312204,0.059560,0.076047,0.033422,0.106454,0.051843,0.072576,0.114762,0.096430
0.106051,0.290200,0.079909,0.080038,0.075373,0.103533,0.045438,0.067953,0.109683,0.041824
0.126027,0.073846,0.088813,0.089126,0.108057,0.106361,0.113665,0.093216,0.097293,0.103595
0.063258,0.446206,0.045935,0.072883,0.072901,0.076158,0.039859,0.055630,0.074163,0.053007
0.108635,0.250155,0.088720,0.093213,0.056454,0.082289,0.109732,0.037300,0.098841,0.074660
0.105160,0.434416,0.046161,0.065361,0.073133,0.088244,0.049509,0.045780,0.045690,0.046545
0.107841,0.462673,0.038572,0.036129,0.081948,0.074912,0.042531,0.081359,0.039591,0.034443
0.121892,0.310017,0.080591,0.101330,0.036314,0.091141,0.058112,0.084816,0.040766,0.075021
0.056064,0.437406,0.041874,0.078000,0.117103,0.057914,0.042719,0.055790,0.056182,0.056947
0.058113,0.456651,0.042293,0.053425,0.063774,0.079242,0.046422,0.083985,0.058301,0.057793
0.079790,0.185407,0.091202,0.083692,0.059553,0.095961,0.159061,0.096013,0.095513,0.053809
0.071171,0.439832,0.043014,0.066391,0.064239,0.084584,0.052630,0.043447,0.040670,0.094021
0.107681,0.375106,0.044644,0.068968,0.034558,0.075769,0.035800,0.085486,0.107377,0.064611
0.083801,0.498543,0.039415,0.040235,0.081167,0.059666,0.033602,0.071267,0.044302,0.048003
0.062276,0.398798,0.044585,0.064858,0.081074,0.080281,0.048393,0.067455,0.039804,0.112477
0.097555,0.453693,0.038630,0.045647,0.073024,0.051044,0.050352,0.103549,0.039503,0.047004
0.048162,0.367930,0.066610,0.043029,0.057889,0.075754,0.056677,0.088460,0.127911,0.067579
0.135485,0.075862,0.116807,0.079485,0.120084,0.084964,0.087598,0.118304,0.095673,0.085739
0.081358,0.290530,0.054892,0.085043,0.049035,0.100887,0.064163,0.115060,0.037470,0.121562
0.039088,0.334600,0.082108,0.055446,0.085512,0.097631,0.116070,0.087746,0.057581,0.044217
0.052582,0.315190,0.040430,0.071014,0.105636,0.033456,0.169014,0.071292,0.033853,0.107534
0.109586,0.071719,0.074203,0.104435,0.135134,0.080953,0.097933,0.093629,0.093277,0.139131
0.200700,0.396889,0.053257,0.063791,0.051858,0.036408,0.050298,0.075658,0.035959,0.035181
0.136661,0.299819,0.049572,0.076195,0.058346,0.101694,0.058703,0.071032,0.042853,0.105126
0.119437,0.348150,0.104399,0.038462,0.052282,0.098140,0.040224,0.102679,0.037409,0.058818
0.079072,0.299473,0.052457,0.121273,0.065309,0.041616,0.036735,0.100251,0.101291,0.102523
0.126991,0.073834,0.102006,0.117438,0.113282,0.084719,0.094733,0.111864,0.095246,0.079887
0.117315,0.314433,0.068747,0.088967,0.075961,0.105987,0.062626,0.044762,0.042087,0.079115
0.112168,0.412886,0.042582,0.040926,0.129207,0.074073,0.038115,0.045105,0.040759,0.064179
0.101986,0.385955,0.065104,0.050620,0.072160,0.042854,0.042346,0.061352,0.040940,0.136683
0.061704,0.338158,0.040492,0.064175,0.047926,0.096763,0.187540,0.081792,0.032367,0.049083
0.082769,0.358104,0.064265,0.045835,0.050158,0.066962,0.050280,0.093531,0.043275,0.144820
0.062638,0.379800,0.055793,0.078415,0.105440,0.063896,0.066304,0.079257,0.048109,0.060348
0.051995,0.498878,0.049254,0.064840,0.064150,0.052145,0.047301,0.086803,0.042696,0.041938
0.101907,0.299091,0.052416,0.051487,0.080149,0.033203,0.100827,0.082666,0.086184,0.112071
0.046316,0.309102,0.042171,0.135016,0.084239,0.116756,0.053677,0.098867,0.050525,0.063332
0.083307,0.307014,0.086857,0.032827,0.057127,0.103620,0.045366,0.092879,0.111947,0.079057
0.079306,0.369825,0.048909,0.029401,0.082271,0.074864,0.105192,0.078495,0.099416,0.032321
0.077276,0.362478,0.051378,0.049461,0.083312,0.055449,0.185039,0.058203,0.040979,0.036423
0.115130,0.292846,0.073277,0.091782,0.032007,0.037060,0.068545,0.068729,0.104497,0.116126
0.084030,0.489022,0.043556,0.037061,0.035176,0.060047,0.045851,0.043143,0.037502,0.124612
0.108218,0.074450,0.106190,0.094694,0.116083,0.080854,0.115874,0.100470,0.096014,0.107152
0.110227,0.072875,0.093439,0.101212,0.108155,0.079291,0.092227,0.125193,0.074872,0.142510
0.108475,0.364961,0.072611,0.070716,0.049673,0.080379,0.040325,0.110339,0.067841,0.034680
0.113360,0.289945,0.077884,0.140012,0.066092,0.046882,0.077712,0.094222,0.052100,0.041791
0.126103,0.432520,0.070979,0.061841,0.058358,0.040409,0.048579,0.058334,0.044909,0.057968
0.063709,0.277347,0.077090,0.134897,0.033947,0.041953,0.073854,0.095590,0.129674,0.071939
0.115450,0.076890,0.078369,0.122015,0.115788,0.098307,0.095645,0.106354,0.115579,0.075605
0.053801,0.422475,0.052107,0.047817,0.056677,0.057789,0.111495,0.041385,0.046667,0.109788
0.117407,0.070376,0.061929,0.073360,0.123973,0.100811,0.100147,0.120218,0.109384,0.122394
0.149485,0.258741,0.066702,0.096788,0.097221,0.069280,0.072606,0.076617,0.055407,0.057154
0.060383,0.469654,0.040598,0.069494,0.063768,0.069739,0.046352,0.075805,0.072955,0.031250
0.100326,0.077489,0.100333,0.089323,0.118017,0.103146,0.105885,0.130571,0.098862,0.076048
0.041636,0.465225,0.061264,0.040479,0.092910,0.047261,0.064490,0.049792,0.066248,0.070695
0.060619,0.451292,0.039312,0.086548,0.065806,0.077154,0.076571,0.060103,0.039374,0.043221
0.135366,0.081612,0.097316,0.119032,0.078524,0.115977,0.087306,0.098638,0.087891,0.098340
0.109831,0.234355,0.064849,0.123283,0.066809,0.083921,0.068067,0.072255,0.051526,0.125105
0.117443,0.078421,0.102690,0.091177,0.118216,0.107368,0.099529,0.108761,0.098308,0.078087
0.088514,0.224738,0.073577,0.093483,0.097550,0.088138,0.070805,0.090168,0.051015,0.122013
0.066228,0.357371,0.061197,0.064153,0.092194,0.072134,0.047923,0.065815,0.054936,0.118050
0.068002,0.316638,0.055746,0.087188,0.109311,0.075490,0.044710,0.054676,0.059184,0.129055
0.103529,0.305364,0.078390,0.039283,0.034062,0.116812,0.055952,0.088021,0.037450,0.141135
0.061818,0.295602,0.066950,0.080035,0.091893,0.040671,0.052004,0.092778,0.086188,0.132063
0.119460,0.071578,0.087582,0.120742,0.106623,0.080679,0.081485,0.128600,0.093290,0.109961
0.107866,0.298127,0.115192,0.102141,0.039769,0.073182,0.051265,0.049463,0.042818,0.120178
0.090102,0.371747,0.053901,0.037992,0.033042,0.105621,0.072725,0.069735,0.055437,0.109698
0.115060,0.341892,0.106969,0.036250,0.031444,0.046225,0.058424,0.092179,0.110635,0.060923
0.120695,0.074453,0.091344,0.107948,0.079437,0.126331,0.079431,0.091546,0.080129,0.148685
0.103394,0.309112,0.064598,0.064706,0.067170,0.069608,0.149189,0.065355,0.059045,0.047823
0.093413,0.345101,0.053523,0.057554,0.084572,0.062892,0.115832,0.060240,0.032039,0.094834
0.060316,0.483105,0.045370,0.051507,0.078402,0.047612,0.058131,0.069827,0.047501,0.058229
0.089050,0.069473,0.080599,0.112521,0.102225,0.081230,0.101528,0.094241,0.159217,0.109916
0.081691,0.391202,0.048843,0.071429,0.045125,0.059456,0.055616,0.135695,0.056436,0.054508
