0.094333,0.078575,0.101244,0.109668,0.112546,0.106034,0.113019,0.114608,0.083194,0.086779
0.114351,0.074478,0.067319,0.076999,0.137299,0.118574,0.107118,0.134648,0.087435,0.081779
0.126850,0.073234,0.102291,0.113722,0.107346,0.104285,0.100803,0.095753,0.094509,0.081207
0.122385,0.285126,0.115599,0.045230,0.115979,0.071059,0.078332,0.046706,0.054486,0.065099
0.080234,0.314154,0.046336,0.070576,0.076568,0.083035,0.153335,0.058834,0.059863,0.057064
0.052676,0.383945,0.047895,0.079143,0.118655,0.077206,0.061456,0.078079,0.047157,0.053788
0.065620,0.329663,0.073474,0.039769,0.063917,0.114417,0.079101,0.095094,0.096296,0.042649
0.045222,0.365153,0.075580,0.098449,0.037848,0.084458,0.071875,0.046101,0.087155,0.088160
0.089405,0.391348,0.053748,0.032836,0.055142,0.036171,0.070249,0.083486,0.151789,0.035825
0.061138,0.432884,0.044598,0.060555,0.072674,0.067220,0.057169,0.050107,0.112086,0.041569
0.114324,0.074385,0.107946,0.114510,0.107291,0.094679,0.100775,0.099123,0.090953,0.096014
0.104021,0.075531,0.079377,0.108817,0.115300,0.111759,0.103021,0.105737,0.099274,0.097161
0.089535,0.073861,0.079024,0.103953,0.105085,0.109931,0.087372,0.098796,0.104915,0.147528
0.071548,0.387377,0.051716,0.088857,0.074260,0.084013,0.052411,0.099563,0.053931,0.036324
0.100702,0.423892,0.043049,0.045448,0.063980,0.063367,0.042495,0.077300,0.041780,0.097989
0.082829,0.243576,0.057007,0.078779,0.077104,0.075028,0.175717,0.067644,0.101484,0.040833
0.090882,0.074883,0.101757,0.100012,0.108513,0.099317,0.100090,0.112549,0.100042,0.111954
0.070695,0.456419,0.041497,0.066681,0.065191,0.072884,0.044480,0.084190,0.048534,0.049429
0.056942,0.320761,0.055341,0.072840,0.054632,0.069564,0.120366,0.076845,0.038287,0.134423
0.067900,0.379448,0.047330,0.073016,0.081860,0.054489,0.039836,0.096189,0.042124,0.117808
0.114010,0.272475,0.080111,0.072029,0.049868,0.091496,0.064505,0.104417,0.038504,0.112584
0.084532,0.357708,0.058815,0.058382,0.078817,0.041544,0.064733,0.064918,0.081859,0.108692
0.113058,0.356268,0.067654,0.082953,0.081532,0.052796,0.045537,0.074384,0.064893,0.060925
0.076677,0.454121,0.062562,0.033317,0.042171,0.091624,0.054849,0.083359,0.051990,0.049331
0.101455,0.075349,0.066134,0.110921,0.108646,0.103968,0.117983,0.113010,0.096370,0.106163
0.059420,0.325153,0.072218,0.037463,0.052940,0.062305,0.124335,0.092561,0.098250,0.075354
0.072790,0.320734,0.061749,0.064221,0.032044,0.091819,0.145131,0.074623,0.038711,0.098178
0.109873,0.300312,0.063334,0.041547,0.122200,0.042924,0.063621,0.073934,0.060572,0.121685
0.104235,0.260485,0.068800,0.074063,0.098154,0.092368,0.058774,0.085085,0.092180,0.065855
0.056941,0.327737,0.045247,0.126041,0.098567,0.039337,0.065228,0.090382,0.036980,0.113540
0.075286,0.416331,0.043449,0.072684,0.077309,0.075166,0.056187,0.090020,0.042179,0.051388
0.045420,0.370079,0.121210,0.103713,0.065235,0.046169,0.052225,0.049760,0.070289,0.075900
0.083923,0.293544,0.081838,0.083782,0.094133,0.040338,0.053803,0.087378,0.061026,0.120234
0.117648,0.072573,0.074323,0.086395,0.103512,0.101313,0.088603,0.088969,0.109389,0.157274
0.074731,0.310619,0.074331,0.070506,0.091771,0.097023,0.045392,0.060401,0.069561,0.105667
0.108983,0.073871,0.110264,0.112575,0.099279,0.084509,0.099233,0.094903,0.109282,0.107103
0.110030,0.072782,0.100201,0.075815,0.109517,0.085187,0.109846,0.117418,0.102976,0.116226
0.101370,0.472544,0.036324,0.056014,0.037090,0.045050,0.078054,0.074619,0.048843,0.050093
0.048857,0.263062,0.112740,0.082631,0.104778,0.053003,0.056747,0.097629,0.118962,0.061589
0.118149,0.076568,0.105399,0.095453,0.116450,0.122138,0.082251,0.100396,0.093316,0.089880
0.048635,0.254863,0.057809,0.093813,0.123209,0.087381,0.063223,0.044000,0.117683,0.109384
0.044883,0.296910,0.076766,0.129110,0.034092,0.098284,0.051907,0.097208,0.114077,0.056764
0.065887,0.283721,0.039509,0.108107,0.087202,0.087704,0.062655,0.076979,0.093603,0.094633
0.068527,0.402669,0.067964,0.057744,0.085249,0.081187,0.061314,0.076114,0.046241,0.052991
0.098446,0.073196,0.071218,0.101793,0.123952,0.106545,0.084729,0.115023,0.082211,0.142888
0.083211,0.466330,0.030501,0.029113,0.077069,0.066113,0.104185,0.063525,0.038478,0.041476
0.114359,0.384589,0.045978,0.101469,0.036085,0.074153,0.056113,0.065084,0.064234,0.057937
0.087471,0.263474,0.058414,0.079555,0.092811,0.084264,0.060313,0.109014,0.103751,0.060934
0.111789,0.074179,0.103483,0.115850,0.110644,0.086527,0.108641,0.116528,0.092245,0.080113
0.056457,0.396107,0.075162,0.058252,0.093504,0.059272,0.043471,0.085482,0.076328,0.055964
0.070212,0.380392,0.046884,0.068484,0.083068,0.033742,0.116913,0.057530,0.074977,0.067797
0.063954,0.341210,0.084684,0.086026,0.095109,0.065029,0.065988,0.077624,0.048344,0.072033
0.103624,0.078460,0.110603,0.089864,0.080268,0.120469,0.106065,0.128333,0.100248,0.082066
0.120245,0.080133,0.097356,0.112740,0.110181,0.103514,0.080525,0.111276,0.089376,0.094655
0.041915,0.408464,0.066352,0.039382,0.121655,0.101171,0.047241,0.073764,0.040947,0.059112
0.142646,0.317726,0.061159,0.104937,0.055218,0.039601,0.061500,0.082499,0.037651,0.097063
0.060349,0.369697,0.051156,0.072761,0.100245,0.072260,0.121325,0.047274,0.044823,0.060110
0.113329,0.074962,0.104461,0.096607,0.104505,0.109898,0.094262,0.090257,0.104609,0.107110
0.084839,0.223128,0.058218,0.031402,0.096792,0.086824,0.177271,0.079992,0.049799,0.111736
0.122834,0.071145,0.075028,0.103173,0.104045,0.109914,0.106178,0.092482,0.139852,0.075349
0.057579,0.363803,0.061117,0.058985,0.070745,0.071997,0.051787,0.087332,0.053449,0.123207
0.049753,0.534544,0.051739,0.038426,0.065061,0.078641,0.030926,0.072490,0.050245,0.028175
0.128099,0.267513,0.078108,0.057456,0.089786,0.076832,0.062831,0.100023,0.070028,0.069323
0.102310,0.073232,0.086167,0.078963,0.101965,0.087689,0.107311,0.122504,0.157645,0.082215
0.109523,0.079736,0.079025,0.124719,0.110763,0.115119,0.108630,0.106045,0.088406,0.078035
0.098863,0.437599,0.056499,0.054264,0.075080,0.073181,0.046139,0.046997,0.056559,0.054820
0.032947,0.435097,0.041007,0.066425,0.073952,0.034585,0.170324,0.068292,0.047969,0.029402
0.121332,0.071779,0.098602,0.109157,0.102773,0.084466,0.099918,0.120273,0.097937,0.093763
0.060711,0.435614,0.042130,0.080465,0.083637,0.092101,0.041986,0.072771,0.039477,0.051108
0.111056,0.073800,0.085349,0.094437,0.092354,0.076622,0.106779,0.116325,0.091341,0.151937
0.126545,0.072323,0.106764,0.108870,0.107092,0.078214,0.101745,0.104097,0.081977,0.112373
0.114316,0.076956,0.075407,0.116286,0.108201,0.112513,0.116466,0.106346,0.089021,0.084489
0.078235,0.388236,0.070645,0.036102,0.051916,0.040329,0.051364,0.098691,0.108080,0.076402
0.040742,0.276305,0.067769,0.088893,0.055520,0.107332,0.063525,0.075334,0.098927,0.125652
0.069508,0.296403,0.035287,0.050857,0.068535,0.083927,0.169761,0.053868,0.056935,0.114918
0.089587,0.313336,0.102453,0.110668,0.036090,0.111135,0.046969,0.080679,0.039363,0.069720
0.116617,0.327947,0.089349,0.038831,0.082943,0.099827,0.057517,0.040866,0.086784,0.059320
0.079238,0.338608,0.047938,0.034155,0.090318,0.080177,0.052369,0.080011,0.081633,0.115554
0.091033,0.348898,0.076813,0.104028,0.036537,0.103015,0.075164,0.081190,0.040027,0.043295
0.094752,0.084492,0.105434,0.110517,0.081081,0.107204,0.089522,0.143105,0.102133,0.081759
0.084761,0.445019,0.088413,0.058034,0.041195,0.062027,0.050563,0.056915,0.045827,0.067246
0.103766,0.420660,0.055340,0.067452,0.068314,0.067054,0.054965,0.063208,0.051443,0.047797
0.104049,0.266955,0.052396,0.084041,0.061742,0.034751,0.103069,0.102355,0.093862,0.096779
0.116651,0.351848,0.058259,0.086680,0.082796,0.049680,0.065795,0.059774,0.069693,0.058823
0.109775,0.073699,0.063296,0.115989,0.109303,0.122332,0.118939,0.129551,0.081570,0.075547
0.111599,0.278013,0.050679,0.085020,0.051967,0.105282,0.061267,0.077384,0.110812,0.067977
0.101084,0.075641,0.107356,0.115255,0.113198,0.101748,0.105004,0.109782,0.094332,0.076600
0.060650,0.296677,0.090684,0.079950,0.093964,0.040625,0.066223,0.043031,0.098159,0.130036
0.112531,0.076172,0.094354,0.106550,0.078369,0.123117,0.097772,0.105335,0.095173,0.110626
0.049202,0.310261,0.124316,0.081694,0.110155,0.043278,0.061455,0.114703,0.040939,0.063997
0.064903,0.269210,0.057614,0.133900,0.110086,0.038874,0.118255,0.047555,0.117110,0.042494
0.107268,0.073305,0.091095,0.091225,0.098774,0.103364,0.091300,0.101438,0.127853,0.114378
0.101139,0.283878,0.076902,0.111078,0.093339,0.095734,0.058126,0.034673,0.081997,0.063132
0.119013,0.079476,0.115679,0.089344,0.119581,0.105764,0.101829,0.091869,0.099059,0.078387
0.120334,0.443970,0.046700,0.066066,0.048072,0.084445,0.044412,0.048988,0.048017,0.048995
0.117484,0.074313,0.089398,0.106182,0.105326,0.121382,0.089647,0.112055,0.084210,0.100003
0.093230,0.405644,0.107693,0.039110,0.037262,0.043329,0.083026,0.088373,0.061139,0.041194
0.096516,0.074885,0.077762,0.100876,0.111196,0.121492,0.105302,0.103597,0.098226,0.110147
0.084633,0.317062,0.058944,0.066472,0.067547,0.072239,0.134249,0.080108,0.036322,0.082426
0.110701,0.076876,0.077149,0.103265,0.097584,0.119176,0.095439,0.112813,0.098207,0.108790
0.075156,0.328759,0.072445,0.032823,0.096415,0.096539,0.062991,0.041551,0.100513,0.092808
0.048841,0.417590,0.060221,0.046212,0.076056,0.090231,0.047466,0.052941,0.103073,0.057369
0.134850,0.220743,0.038340,0.099451,0.033931,0.105704,0.055684,0.082555,0.119224,0.109518
0.082750,0.290969,0.068874,0.087275,0.074548,0.063417,0.174226,0.074267,0.036445,0.047228
0.044045,0.312509,0.040477,0.090300,0.096687,0.102410,0.057458,0.073333,0.070073,0.112708
0.109744,0.322856,0.037087,0.064675,0.034996,0.083501,0.165817,0.058239,0.067994,0.055092
0.111252,0.339639,0.037388,0.078417,0.034337,0.090523,0.059422,0.090457,0.094341,0.064224
0.120282,0.077599,0.065446,0.114315,0.117142,0.085568,0.108707,0.098251,0.094738,0.117953
0.117315,0.072190,0.081999,0.074461,0.097173,0.082207,0.102513,0.124813,0.099673,0.147656
0.080312,0.319075,0.112244,0.133287,0.076168,0.052381,0.077719,0.048723,0.039888,0.060203
0.076252,0.367647,0.046331,0.087375,0.056672,0.070517,0.073971,0.050131,0.046842,0.124262
0.102602,0.252616,0.043131,0.106604,0.081559,0.047254,0.084234,0.057698,0.103203,0.121099
0.118741,0.076214,0.100744,0.091801,0.116728,0.099414,0.110745,0.099862,0.086696,0.099055
0.057783,0.300242,0.073758,0.116680,0.090171,0.057706,0.066776,0.058007,0.108581,0.070296
0.047145,0.371147,0.078672,0.104269,0.067271,0.045624,0.075817,0.084584,0.042412,0.083060
0.134664,0.077461,0.091288,0.080306,0.085133,0.094465,0.099650,0.105980,0.104093,0.126958
0.098616,0.356154,0.055711,0.111259,0.040162,0.112514,0.051532,0.047939,0.046832,0.079281
0.097203,0.307781,0.057441,0.108330,0.130080,0.088162,0.063074,0.046618,0.044314,0.056997
0.097693,0.502428,0.034623,0.041740,0.063352,0.070781,0.044034,0.057800,0.039375,0.048174
0.075739,0.452905,0.043682,0.040486,0.103975,0.088387,0.054042,0.046802,0.045823,0.048159
0.094206,0.073790,0.073009,0.110866,0.102552,0.115135,0.094404,0.122540,0.087482,0.126017
0.111323,0.072972,0.065605,0.121742,0.112156,0.082907,0.110459,0.109388,0.102921,0.110528
0.115216,0.318601,0.073740,0.105453,0.074521,0.046235,0.068106,0.099326,0.037967,0.060835
0.104836,0.322937,0.082507,0.033039,0.090849,0.037935,0.053491,0.107596,0.041795,0.125014
0.071541,0.429437,0.033495,0.046866,0.083911,0.078584,0.045351,0.112503,0.040817,0.057495
0.066917,0.327702,0.064207,0.040765,0.076202,0.080810,0.106621,0.054426,0.053806,0.128542
0.056005,0.351550,0.047919,0.123667,0.059209,0.109312,0.066214,0.087004,0.033797,0.065324
0.105163,0.266488,0.061490,0.100656,0.083561,0.078468,0.148464,0.070002,0.037440,0.048267
0.137341,0.305492,0.068405,0.076138,0.044026,0.080287,0.109065,0.083741,0.060276,0.035232
0.117649,0.349866,0.046989,0.081900,0.042830,0.094148,0.054433,0.074751,0.065672,0.071762
0.113716,0.267482,0.077749,0.035847,0.098653,0.075722,0.058906,0.085123,0.079297,0.107506
0.079216,0.376400,0.063327,0.075172,0.085216,0.075607,0.054677,0.076637,0.063201,0.050547
0.101444,0.396484,0.035640,0.058704,0.107134,0.087574,0.041210,0.072880,0.044066,0.054863
0.048789,0.472494,0.036346,0.059069,0.061239,0.063516,0.042585,0.059249,0.043355,0.113357
0.100561,0.070707,0.075919,0.074105,0.094097,0.107897,0.100357,0.100479,0.136322,0.139556
0.099727,0.405579,0.037884,0.044898,0.061112,0.066413,0.042789,0.079476,0.047588,0.114532
0.100038,0.464633,0.040521,0.064889,0.064317,0.070549,0.046268,0.068274,0.037700,0.042810
0.092199,0.078410,0.099513,0.110953,0.113795,0.106256,0.081490,0.132318,0.089824,0.095243
0.152425,0.356483,0.046099,0.052603,0.087228,0.057208,0.063525,0.086039,0.035441,0.062950
0.077460,0.316719,0.034965,0.137807,0.062340,0.100907,0.076500,0.077335,0.075092,0.040875
0.090340,0.075594,0.075203,0.112058,0.097143,0.118773,0.091308,0.090096,0.088057,0.161428
0.053912,0.499474,0.052351,0.051745,0.037416,0.075696,0.044600,0.077512,0.054880,0.052415
0.109479,0.313995,0.074340,0.076496,0.086708,0.041804,0.063139,0.057068,0.059767,0.117204
0.116905,0.317765,0.036711,0.092684,0.062440,0.084921,0.058242,0.154063,0.035322,0.040947
0.047554,0.315572,0.065433,0.037401,0.112160,0.039608,0.066310,0.075808,0.127156,0.112997
0.084724,0.283337,0.059233,0.090102,0.056345,0.092772,0.069885,0.073004,0.049099,0.141499
0.056725,0.439010,0.085639,0.040394,0.045510,0.124259,0.045610,0.052671,0.042408,0.067774
0.044974,0.319604,0.104311,0.133663,0.057807,0.067839,0.074637,0.089340,0.047128,0.060698
0.123548,0.077486,0.112191,0.096662,0.119108,0.105466,0.088039,0.100025,0.095948,0.081527
0.083710,0.379200,0.046608,0.056472,0.120081,0.056687,0.050877,0.093475,0.076221,0.036671
0.101304,0.359504,0.036748,0.102137,0.065118,0.085760,0.031803,0.065556,0.059851,0.092218
0.117523,0.074567,0.094965,0.085374,0.104844,0.119346,0.089797,0.124655,0.095304,0.093624
0.074061,0.422459,0.060193,0.072579,0.082432,0.081270,0.047776,0.057604,0.040549,0.061076
0.095778,0.077923,0.112419,0.079380,0.082381,0.092167,0.131652,0.145837,0.100651,0.081813
0.112386,0.384360,0.056507,0.076628,0.085734,0.046676,0.045150,0.057506,0.074693,0.060360
0.037217,0.331900,0.056576,0.090884,0.030908,0.109307,0.110204,0.066942,0.093899,0.072163
0.073217,0.358661,0.060888,0.077104,0.052495,0.059654,0.057911,0.062623,0.060321,0.137125
0.108783,0.281362,0.036282,0.071349,0.085886,0.086148,0.055443,0.097545,0.069229,0.107972
0.076568,0.412460,0.048658,0.064812,0.072018,0.085845,0.044261,0.089691,0.045479,0.060208
0.115119,0.401581,0.033190,0.031550,0.063248,0.035237,0.058248,0.068885,0.053342,0.139601
0.041949,0.384561,0.085378,0.071192,0.126970,0.044447,0.055954,0.072096,0.041322,0.076130
0.076914,0.343784,0.034943,0.096017,0.086399,0.036491,0.048478,0.098147,0.034988,0.143838
0.130831,0.433695,0.065347,0.069290,0.039995,0.072420,0.053128,0.049609,0.044733,0.040953
0.163380,0.253547,0.083747,0.095823,0.074103,0.106036,0.080155,0.051156,0.042246,0.049806
0.106248,0.072729,0.098853,0.101843,0.095652,0.098577,0.094818,0.124956,0.096139,0.110186
0.101645,0.077802,0.080206,0.092488,0.119514,0.121235,0.102139,0.131332,0.094659,0.078980
0.104494,0.075378,0.088601,0.088010,0.103866,0.115330,0.111294,0.115982,0.088792,0.108255
0.085828,0.437658,0.053938,0.054085,0.045502,0.082333,0.055873,0.091349,0.042622,0.050811
0.116530,0.079124,0.088148,0.107362,0.117971,0.084673,0.112330,0.103646,0.096006,0.094210
0.045785,0.497670,0.039546,0.062097,0.060726,0.043497,0.048206,0.043608,0.047263,0.111601
0.110448,0.299479,0.053084,0.081725,0.091685,0.081851,0.099716,0.040010,0.080389,0.061614
0.111865,0.285886,0.039680,0.100484,0.086856,0.085368,0.051056,0.068811,0.103078,0.066916
0.108309,0.075726,0.068045,0.071552,0.119364,0.121866,0.113570,0.112758,0.091165,0.117645
0.066592,0.422757,0.047010,0.037352,0.065572,0.085059,0.049943,0.095028,0.069765,0.060922
0.127962,0.322630,0.098814,0.096132,0.058849,0.042002,0.048250,0.063038,0.105497,0.036826
0.078992,0.365539,0.036644,0.080749,0.066308,0.042497,0.061090,0.070493,0.084582,0.113106
0.108329,0.076906,0.088323,0.110375,0.070520,0.115812,0.104164,0.109053,0.111025,0.105493
0.121526,0.353509,0.089927,0.043434,0.037294,0.086950,0.090540,0.088059,0.043318,0.045441
0.093566,0.079041,0.075760,0.116672,0.144344,0.104432,0.112563,0.113006,0.083171,0.077444
0.140578,0.384738,0.058391,0.058036,0.051298,0.091489,0.051836,0.068689,0.041286,0.053659
0.115097,0.328272,0.057945,0.076832,0.093160,0.063273,0.049289,0.060109,0.037036,0.118987
0.062532,0.350079,0.047637,0.064021,0.096704,0.082449,0.152760,0.051958,0.036612,0.055247
0.119227,0.074168,0.081555,0.109890,0.078240,0.118031,0.115612,0.102628,0.096015,0.104633
0.063886,0.284795,0.115948,0.094944,0.071700,0.126533,0.081099,0.080951,0.035050,0.045095
0.125083,0.357264,0.036174,0.036532,0.099340,0.040021,0.050501,0.083759,0.049895,0.121431
0.149675,0.304744,0.058141,0.080977,0.095654,0.060733,0.049608,0.065771,0.094099,0.040598
0.060600,0.371664,0.042323,0.078981,0.095447,0.041511,0.048486,0.082484,0.057154,0.121349
0.110357,0.321016,0.090381,0.101134,0.052232,0.080931,0.048643,0.063251,0.048217,0.083838
0.077379,0.277749,0.053739,0.102401,0.070673,0.038539,0.091324,0.091074,0.090506,0.106617
0.113225,0.076726,0.078474,0.113700,0.110850,0.097689,0.110211,0.135056,0.084719,0.079350
0.056314,0.342507,0.060050,0.059944,0.092072,0.041089,0.051876,0.089563,0.081746,0.124840
0.039287,0.490405,0.059477,0.066535,0.071378,0.079530,0.051248,0.066011,0.040317,0.035811
0.107899,0.075737,0.074028,0.116482,0.109216,0.101404,0.093640,0.129526,0.086357,0.105711
0.059782,0.332021,0.076446,0.080709,0.090345,0.089702,0.047357,0.113141,0.043984,0.066512
0.037187,0.373508,0.050883,0.092136,0.101844,0.035468,0.128824,0.074323,0.035037,0.070790
0.101794,0.317669,0.080380,0.071075,0.101913,0.087990,0.054763,0.082777,0.032833,0.068805
0.121773,0.075260,0.081887,0.116036,0.080494,0.121298,0.099129,0.095651,0.098372,0.110101
0.108657,0.345889,0.062275,0.073823,0.039633,0.052047,0.172899,0.041344,0.052626,0.050809
0.038137,0.332783,0.072375,0.111485,0.104515,0.098678,0.041772,0.073486,0.066895,0.059874
0.111799,0.073350,0.087971,0.065092,0.092107,0.104421,0.104842,0.097429,0.094800,0.168188
0.079699,0.306087,0.108132,0.097095,0.067513,0.041453,0.073083,0.077406,0.087872,0.061660
0.089601,0.378110,0.038896,0.057830,0.033456,0.045995,0.130266,0.066555,0.040679,0.118613
0.129912,0.287860,0.066470,0.111855,0.077776,0.090371,0.062541,0.080749,0.032785,0.059681
0.091106,0.199188,0.073988,0.082811,0.086148,0.083874,0.153389,0.069426,0.080659,0.079411
0.192042,0.345743,0.065847,0.063128,0.050692,0.038589,0.054182,0.078196,0.048776,0.062804
0.120039,0.078794,0.077330,0.114454,0.113306,0.096369,0.098034,0.098256,0.095371,0.108046
0.151214,0.332827,0.050626,0.071799,0.077706,0.046961,0.046504,0.103307,0.044654,0.074402
0.114643,0.076854,0.106448,0.093052,0.079447,0.113953,0.114956,0.097721,0.102087,0.100839
0.058583,0.269250,0.094043,0.093651,0.097004,0.100595,0.061998,0.062534,0.033018,0.129325
0.118973,0.362585,0.058481,0.089444,0.060943,0.092261,0.071571,0.043656,0.039340,0.062745
0.059764,0.324405,0.045811,0.094171,0.099335,0.073589,0.080443,0.050078,0.045679,0.126725
0.080114,0.391472,0.035914,0.084455,0.042310,0.102475,0.048345,0.084922,0.076779,0.053214
0.100601,0.309960,0.076226,0.080299,0.073924,0.088167,0.054458,0.073612,0.041257,0.101495
0.129560,0.379815,0.056059,0.040158,0.102081,0.040556,0.050119,0.080681,0.048663,0.072308
0.091141,0.281852,0.058192,0.035424,0.063666,0.090926,0.068168,0.089427,0.095764,0.125439
0.090555,0.074781,0.112331,0.111464,0.110953,0.114192,0.095775,0.113935,0.081833,0.094182
0.106037,0.307679,0.060086,0.071791,0.079649,0.065117,0.097050,0.063809,0.037120,0.111663
0.099600,0.071146,0.096273,0.113500,0.099179,0.095675,0.098467,0.105995,0.089048,0.131116
0.127076,0.080989,0.115271,0.096302,0.086616,0.089167,0.093918,0.104128,0.095799,0.110734
0.101795,0.299226,0.046267,0.116788,0.093811,0.092892,0.047165,0.060451,0.104481,0.037124
0.116862,0.072662,0.071585,0.107158,0.118854,0.105522,0.111164,0.091581,0.084280,0.120332
0.156021,0.209531,0.119873,0.046596,0.084952,0.069266,0.083321,0.079576,0.041311,0.109553
0.110542,0.071796,0.103039,0.093308,0.101574,0.096292,0.109333,0.098116,0.086135,0.129865
0.124106,0.365953,0.060670,0.046067,0.074275,0.042816,0.056533,0.063896,0.037579,0.128104
0.135600,0.077908,0.094930,0.069552,0.107337,0.125452,0.092480,0.096895,0.103199,0.096646
0.104825,0.075395,0.092504,0.099107,0.106134,0.111459,0.091150,0.125691,0.111621,0.082115
0.132514,0.306846,0.088426,0.074380,0.077983,0.042950,0.049502,0.065715,0.093353,0.068331
0.094204,0.410301,0.052863,0.042600,0.074580,0.045223,0.047175,0.089272,0.069083,0.074699
0.123701,0.070764,0.079642,0.108479,0.103226,0.114906,0.102203,0.090158,0.092655,0.114265
0.039919,0.330966,0.095170,0.031412,0.094528,0.038356,0.113593,0.090224,0.043059,0.122771
0.082716,0.289864,0.088430,0.037435,0.112365,0.111204,0.062526,0.092462,0.060662,0.062337
0.088986,0.270092,0.059048,0.095931,0.083883,0.087263,0.064317,0.092704,0.036528,0.121248
0.085642,0.320813,0.045526,0.076962,0.051129,0.086269,0.044466,0.110055,0.055098,0.124040
0.104783,0.302853,0.067844,0.033133,0.095651,0.050645,0.142137,0.074342,0.033388,0.095224
0.081527,0.303681,0.065092,0.067651,0.086380,0.077404,0.146396,0.073224,0.059375,0.039271
0.060113,0.389748,0.067304,0.036812,0.074117,0.040856,0.061064,0.079760,0.045240,0.144988
0.089711,0.078254,0.108534,0.111662,0.106295,0.115063,0.092346,0.124790,0.087189,0.086156
0.095300,0.075905,0.078105,0.116255,0.110717,0.124680,0.112021,0.090707,0.089902,0.106408
0.099875,0.452473,0.049095,0.057094,0.067616,0.080348,0.047318,0.047884,0.044494,0.053804
0.081532,0.256898,0.075159,0.075600,0.095392,0.075032,0.100446,0.040464,0.089834,0.109643
0.105653,0.459305,0.041250,0.033080,0.068524,0.075206,0.084753,0.061131,0.039312,0.031787
0.122345,0.071770,0.096079,0.073495,0.102416,0.114445,0.088023,0.103465,0.093330,0.134632
0.081296,0.267071,0.078831,0.037846,0.123342,0.053430,0.080903,0.095815,0.060228,0.121238
0.070488,0.427392,0.062447,0.092918,0.035377,0.043547,0.054650,0.075171,0.066141,0.071868
0.061989,0.377714,0.062150,0.066307,0.059506,0.107109,0.049102,0.097951,0.042186,0.075986
0.114690,0.365816,0.038659,0.067950,0.035042,0.096059,0.070921,0.072683,0.082570,0.055610
0.075714,0.311680,0.091589,0.084651,0.057649,0.043200,0.062281,0.098180,0.041368,0.133688
0.111893,0.342500,0.061301,0.064430,0.107173,0.040499,0.039906,0.058966,0.050066,0.123267
0.153986,0.244675,0.093488,0.088971,0.065499,0.089042,0.049696,0.086154,0.083583,0.044908
0.105289,0.071656,0.105684,0.093671,0.105024,0.109684,0.083980,0.087269,0.087305,0.150437
0.072490,0.358747,0.068518,0.088480,0.088207,0.041736,0.053045,0.104754,0.057171,0.066851
0.116115,0.351893,0.042255,0.081469,0.036961,0.055501,0.175504,0.049801,0.036052,0.054450
0.111089,0.074761,0.079662,0.095604,0.102276,0.112525,0.096607,0.092315,0.083925,0.151235
0.069068,0.377888,0.046254,0.082376,0.101306,0.052878,0.052762,0.055322,0.045519,0.116627
0.057071,0.255417,0.042979,0.044515,0.095442,0.069403,0.081917,0.110719,0.149502,0.093035
0.074909,0.501639,0.039293,0.042154,0.077361,0.070817,0.041854,0.062141,0.035769,0.054064
0.112638,0.301319,0.093464,0.033438,0.055296,0.081192,0.066165,0.089640,0.034373,0.132475
0.086598,0.251207,0.070958,0.125041,0.108378,0.048751,0.070048,0.041859,0.090741,0.106419
0.104362,0.072741,0.089216,0.086377,0.101935,0.112316,0.105043,0.117241,0.089280,0.121490
0.103138,0.312714,0.039950,0.072213,0.098575,0.063255,0.070463,0.069749,0.115928,0.054015
0.078941,0.301550,0.097581,0.036636,0.032171,0.098214,0.123808,0.124549,0.051457,0.055092
0.106333,0.323354,0.045417,0.072410,0.038792,0.073923,0.150727,0.063327,0.068090,0.057627
0.106123,0.072751,0.106356,0.069567,0.106770,0.080058,0.105755,0.122569,0.092759,0.137293
0.045320,0.370286,0.054248,0.081797,0.124483,0.092562,0.049196,0.069046,0.047227,0.065834
0.118229,0.079375,0.099867,0.120198,0.115457,0.097287,0.096419,0.098114,0.084994,0.090061
0.073892,0.317508,0.058592,0.074517,0.095775,0.093118,0.057125,0.096599,0.066115,0.066760
0.104263,0.314891,0.069817,0.144858,0.057282,0.038856,0.069045,0.047365,0.114280,0.039342
0.101694,0.457041,0.035697,0.057750,0.097328,0.046675,0.048848,0.064233,0.038086,0.052648
0.107145,0.083061,0.081553,0.112402,0.124254,0.113622,0.087458,0.096626,0.098760,0.095119
0.099377,0.071736,0.077474,0.100128,0.104402,0.114561,0.106482,0.104033,0.144442,0.077366
0.108107,0.071746,0.065568,0.105376,0.074962,0.109440,0.098273,0.094968,0.141979,0.129580
0.071069,0.317914,0.053738,0.068967,0.031268,0.035659,0.196208,0.062526,0.106906,0.055744
0.172007,0.295058,0.122672,0.041297,0.035131,0.052811,0.062282,0.081207,0.092229,0.045305
0.066538,0.401212,0.049035,0.029244,0.086372,0.086693,0.059080,0.064883,0.037931,0.119011
0.112494,0.075714,0.080670,0.072257,0.112646,0.120281,0.097883,0.092575,0.157626,0.077855
0.069292,0.426136,0.068254,0.096343,0.101157,0.041892,0.046307,0.070934,0.042115,0.037570
0.041411,0.361523,0.060095,0.034685,0.055744,0.069616,0.130828,0.105128,0.047988,0.092982
0.111779,0.339424,0.052449,0.037517,0.117661,0.044044,0.064089,0.069237,0.047998,0.115800
0.070433,0.394171,0.081225,0.054669,0.101106,0.058094,0.055560,0.057565,0.064951,0.062225
0.109813,0.277057,0.063808,0.095152,0.066400,0.046144,0.071015,0.102804,0.112872,0.054934
0.066866,0.490910,0.052134,0.040219,0.062510,0.066819,0.076881,0.076962,0.037293,0.029406
0.123026,0.073034,0.098424,0.108935,0.104737,0.106593,0.094756,0.101685,0.087687,0.101123
0.112989,0.074808,0.092477,0.102131,0.112586,0.124584,0.104861,0.092117,0.097301,0.086146
0.085565,0.326923,0.045478,0.067631,0.046745,0.087046,0.046934,0.056341,0.109249,0.128087
0.111392,0.077834,0.063213,0.117379,0.098924,0.122844,0.099720,0.105142,0.090255,0.113297
0.071422,0.305423,0.061178,0.035235,0.081217,0.038915,0.210324,0.073052,0.067532,0.055702
0.069917,0.421140,0.042755,0.058846,0.096726,0.047864,0.041536,0.042887,0.053547,0.124782
0.079569,0.426431,0.046145,0.081176,0.095050,0.049255,0.060351,0.082095,0.041436,0.038493
0.116175,0.074338,0.107937,0.069495,0.105880,0.111447,0.108538,0.089499,0.111858,0.104834
0.088085,0.077451,0.088016,0.118601,0.075349,0.094208,0.108858,0.091898,0.098877,0.158658
0.148959,0.278238,0.061505,0.087587,0.092248,0.088766,0.054605,0.083324,0.049432,0.055336
0.059410,0.324010,0.061733,0.091605,0.116689,0.073553,0.062747,0.122723,0.046658,0.040872
0.104770,0.299131,0.098119,0.087676,0.032283,0.106412,0.065930,0.117886,0.036203,0.051590
0.093394,0.075158,0.104288,0.107934,0.105325,0.098060,0.105702,0.095671,0.091165,0.123303
0.035165,0.438848,0.039001,0.102695,0.075222,0.048791,0.034770,0.064965,0.046661,0.113883
0.040905,0.317992,0.061362,0.091189,0.048879,0.084178,0.068275,0.089402,0.119976,0.077842
0.131144,0.302059,0.051817,0.077473,0.088933,0.084770,0.046531,0.057936,0.063606,0.095730
0.046774,0.371725,0.045402,0.060125,0.063560,0.060460,0.117263,0.073255,0.046001,0.115434
0.105736,0.397570,0.051901,0.040308,0.084217,0.095273,0.064888,0.077892,0.043737,0.038477
0.081891,0.300747,0.033754,0.087210,0.083016,0.041871,0.207426,0.072460,0.033846,0.057779
0.127018,0.333223,0.041236,0.090569,0.037267,0.100866,0.075114,0.099186,0.053562,0.041958
0.104741,0.312439,0.081584,0.116336,0.106984,0.059922,0.047048,0.075887,0.036326,0.058731
0.092710,0.338089,0.074245,0.077068,0.036393,0.047013,0.071623,0.098962,0.107016,0.056881
0.056593,0.387578,0.059018,0.083102,0.042687,0.112176,0.053924,0.084155,0.057393,0.063376
0.116854,0.077391,0.118783,0.079973,0.088257,0.127220,0.091580,0.119822,0.096158,0.083964
0.057733,0.401063,0.052838,0.063118,0.098419,0.113300,0.044357,0.098327,0.035659,0.035187
0.058764,0.379632,0.058309,0.081559,0.075630,0.059883,0.062413,0.046957,0.071142,0.105713
0.105837,0.305160,0.075532,0.085092,0.091496,0.087997,0.047108,0.076094,0.057558,0.068125
0.043918,0.299315,0.090323,0.079082,0.075341,0.038535,0.066801,0.097841,0.074035,0.134809
0.090244,0.072986,0.100271,0.116728,0.083543,0.080995,0.097421,0.125578,0.089159,0.143075
0.087188,0.269671,0.054549,0.081515,0.100763,0.080917,0.055066,0.073716,0.072909,0.123707
0.056739,0.295202,0.085617,0.034245,0.098737,0.107674,0.062576,0.073644,0.110511,0.075053
0.115600,0.077257,0.104106,0.109718,0.116715,0.110199,0.083839,0.109862,0.092741,0.079962
0.129949,0.376873,0.071999,0.039871,0.035442,0.095702,0.052079,0.075810,0.039994,0.082280
0.069900,0.350978,0.084379,0.070165,0.083906,0.045902,0.064906,0.133425,0.040215,0.056224
0.104088,0.290852,0.030385,0.082583,0.026991,0.075006,0.202498,0.075538,0.078539,0.033519
0.114270,0.418150,0.065125,0.084034,0.035773,0.075749,0.043993,0.068846,0.039803,0.054257
0.112456,0.074427,0.103613,0.107085,0.098540,0.105633,0.104162,0.119752,0.090710,0.083622
0.079270,0.360145,0.061045,0.101008,0.069557,0.092693,0.047526,0.094631,0.049690,0.044435
0.064100,0.305033,0.052067,0.084428,0.084831,0.095053,0.050691,0.110319,0.036904,0.116574
0.163706,0.278167,0.033702,0.090841,0.118156,0.082848,0.047611,0.087979,0.033307,0.063685
0.078084,0.302428,0.048390,0.072975,0.086951,0.046887,0.177641,0.060932,0.060739,0.064973
0.071907,0.398711,0.045196,0.089510,0.082945,0.100904,0.052711,0.045433,0.051510,0.061172
0.117262,0.360517,0.072856,0.076176,0.115745,0.077009,0.055886,0.044162,0.041863,0.038523
0.044436,0.451516,0.073073,0.041507,0.052303,0.046206,0.053171,0.107077,0.055498,0.075212
0.118147,0.075580,0.102116,0.104771,0.111690,0.084761,0.104129,0.107140,0.091713,0.099953
0.043280,0.378094,0.071218,0.145124,0.055695,0.126761,0.051703,0.047314,0.040404,0.040405
0.093813,0.074911,0.069712,0.131220,0.121469,0.089346,0.123896,0.102355,0.105201,0.088078
0.090508,0.279179,0.091479,0.095854,0.123052,0.077186,0.055927,0.070322,0.050304,0.066189
0.045223,0.350510,0.042890,0.040975,0.131801,0.114119,0.073796,0.080383,0.056637,0.063666
0.066121,0.271888,0.059955,0.099729,0.115132,0.044426,0.073457,0.094005,0.117000,0.058286
0.118975,0.076738,0.101449,0.117895,0.113732,0.083742,0.103145,0.098547,0.086927,0.098850
0.128504,0.078067,0.109801,0.072303,0.081699,0.125956,0.109619,0.099484,0.098737,0.095829
0.107440,0.471400,0.037176,0.074064,0.074080,0.087472,0.031962,0.038656,0.035147,0.042604
0.071042,0.346651,0.067338,0.075609,0.073127,0.088944,0.052586,0.057262,0.106708,0.060733
0.116455,0.075640,0.092764,0.104604,0.125282,0.108033,0.077009,0.119446,0.103417,0.077352
0.075005,0.297189,0.058485,0.079213,0.059206,0.094715,0.056620,0.076633,0.101003,0.101931
0.135771,0.073502,0.082411,0.114153,0.079763,0.121422,0.113070,0.109084,0.091314,0.079510
0.111371,0.349302,0.054468,0.088977,0.043829,0.056550,0.045782,0.118558,0.061599,0.069564
0.091368,0.077369,0.099692,0.113301,0.140527,0.100965,0.093472,0.109312,0.090073,0.083921
0.109227,0.076808,0.104646,0.108921,0.127737,0.091776,0.105318,0.107898,0.090508,0.077160
0.072440,0.429758,0.062705,0.069505,0.039171,0.094413,0.041292,0.070157,0.054743,0.065815
0.039302,0.374925,0.067878,0.038590,0.079876,0.039395,0.064299,0.119645,0.101148,0.074940
0.098624,0.073434,0.098013,0.113182,0.078039,0.107623,0.102943,0.126313,0.094684,0.107146
0.083779,0.327186,0.084499,0.099646,0.092983,0.104020,0.067481,0.042418,0.040072,0.057914
0.051630,0.450092,0.036414,0.064160,0.066916,0.098052,0.058386,0.080375,0.044408,0.049566
0.128326,0.257673,0.065709,0.038738,0.073431,0.096094,0.065651,0.103684,0.099711,0.070982
0.073378,0.354907,0.077618,0.058376,0.078501,0.058104,0.109593,0.061063,0.079959,0.048500
0.100567,0.076921,0.099407,0.103695,0.110858,0.113950,0.106981,0.111973,0.098573,0.077074
0.043311,0.299972,0.069336,0.123901,0.097933,0.058767,0.064257,0.084024,0.044337,0.114163
0.067091,0.349839,0.065471,0.077814,0.071273,0.102434,0.048402,0.055094,0.104381,0.058202
0.110486,0.354174,0.034673,0.058827,0.094323,0.090771,0.148823,0.053938,0.027317,0.026667
0.078334,0.406915,0.046446,0.040620,0.070079,0.097353,0.042501,0.078786,0.081130,0.057835
0.102195,0.073299,0.087364,0.090381,0.099533,0.103531,0.085332,0.112081,0.100934,0.145349
0.066231,0.406377,0.055120,0.065382,0.077777,0.049081,0.055179,0.054543,0.111616,0.058692
0.044725,0.318254,0.053494,0.083356,0.103256,0.087255,0.066295,0.094585,0.077000,0.071781
0.095995,0.326090,0.056627,0.097117,0.111767,0.116171,0.059428,0.043899,0.040029,0.052878
0.121977,0.078322,0.077020,0.115025,0.112094,0.103292,0.097856,0.089756,0.094588,0.110070
0.116974,0.081241,0.110091,0.101456,0.108074,0.117841,0.098463,0.093178,0.080388,0.092295
0.085706,0.239305,0.072546,0.090520,0.074685,0.099469,0.047857,0.081463,0.105416,0.103033
0.082043,0.351322,0.080252,0.085298,0.076486,0.047031,0.059017,0.099889,0.043779,0.074884
0.064715,0.386981,0.048144,0.119698,0.073075,0.102917,0.042102,0.043402,0.067340,0.051626
0.113916,0.079019,0.097850,0.104846,0.107853,0.094885,0.095865,0.113744,0.096343,0.095680
0.102748,0.070640,0.064579,0.102741,0.096426,0.106483,0.104581,0.098361,0.133471,0.119970
0.116455,0.314723,0.056224,0.094893,0.105648,0.105205,0.066768,0.041216,0.036651,0.062215
0.062995,0.375893,0.045386,0.084312,0.083706,0.082805,0.066422,0.094078,0.046803,0.057601
0.117593,0.073934,0.079186,0.069396,0.110619,0.116918,0.097430,0.130213,0.092598,0.112113
0.102515,0.078834,0.067463,0.121083,0.080450,0.119981,0.102889,0.139540,0.093723,0.093521
0.059215,0.461533,0.048096,0.068622,0.070343,0.072799,0.056441,0.068269,0.058382,0.036300
0.130864,0.339715,0.046622,0.087916,0.087589,0.084322,0.044049,0.035660,0.073622,0.069641
0.109943,0.073250,0.091170,0.085060,0.132437,0.096004,0.072808,0.081105,0.104221,0.154002
0.077788,0.338825,0.054246,0.075025,0.035400,0.102340,0.053826,0.070459,0.110693,0.081398
0.102701,0.295473,0.080363,0.076602,0.075806,0.106438,0.046603,0.064838,0.109075,0.042102
0.126645,0.074201,0.090917,0.089608,0.105082,0.106553,0.113320,0.094815,0.096171,0.102688
0.062531,0.453759,0.045012,0.068248,0.076092,0.078011,0.040933,0.055301,0.068796,0.051316
0.105746,0.263903,0.085126,0.092763,0.052540,0.083962,0.107050,0.037590,0.099398,0.071924
0.113101,0.438689,0.046057,0.063887,0.071832,0.079903,0.049541,0.046369,0.045157,0.045465
0.104299,0.461403,0.040627,0.036377,0.087104,0.077017,0.042912,0.075926,0.039550,0.034785
0.122361,0.317056,0.076856,0.100494,0.036168,0.092923,0.054524,0.085132,0.040416,0.074069
0.055020,0.434675,0.043649,0.079608,0.118922,0.057467,0.043564,0.056298,0.056681,0.054115
0.057626,0.468940,0.043090,0.053326,0.063564,0.077675,0.046098,0.081081,0.053669,0.054931
0.079508,0.198396,0.091193,0.083715,0.057059,0.093228,0.156936,0.091343,0.096090,0.052531
0.073304,0.439045,0.041715,0.066250,0.066556,0.082631,0.052532,0.043542,0.040737,0.093688
0.106117,0.382461,0.045697,0.066395,0.035130,0.075756,0.036945,0.086922,0.103203,0.061375
0.089992,0.499967,0.039665,0.041340,0.081648,0.054500,0.034810,0.068197,0.044918,0.044964
0.062278,0.405171,0.043070,0.063848,0.081692,0.075651,0.048427,0.068177,0.038771,0.112914
0.104384,0.452324,0.040653,0.046456,0.075056,0.049001,0.049674,0.097410,0.039655,0.045386
0.046515,0.375945,0.062744,0.043069,0.059197,0.076461,0.056929,0.088420,0.123793,0.066927
0.130740,0.077168,0.114996,0.079836,0.119525,0.087528,0.090834,0.116977,0.095416,0.086980
0.079687,0.303387,0.055089,0.084677,0.048259,0.099651,0.062103,0.113205,0.037233,0.116709
0.039077,0.348021,0.080322,0.054876,0.089106,0.096297,0.109547,0.081213,0.056384,0.045157
0.051501,0.325177,0.040793,0.072491,0.106943,0.034229,0.164610,0.067035,0.034473,0.102748
0.110072,0.072678,0.076200,0.105194,0.132687,0.082507,0.097471,0.094484,0.092711,0.135995
0.194600,0.394540,0.056189,0.065577,0.053233,0.036455,0.050285,0.077328,0.035434,0.036360
0.132921,0.315690,0.048944,0.076619,0.053112,0.100249,0.055639,0.069395,0.040979,0.106452
0.124984,0.357229,0.101358,0.038627,0.050830,0.097286,0.040965,0.094152,0.037514,0.057053
0.080641,0.317716,0.046669,0.119065,0.059158,0.042330,0.037654,0.094717,0.097408,0.104642
0.125966,0.074868,0.101679,0.115258,0.110261,0.086564,0.096071,0.113048,0.094801,0.081486
0.118547,0.320104,0.069985,0.086431,0.077237,0.103376,0.059301,0.044563,0.042011,0.078447
0.120751,0.413413,0.044007,0.041653,0.125625,0.074852,0.038860,0.045271,0.041164,0.054404
0.098637,0.393795,0.064500,0.050377,0.075501,0.042336,0.042928,0.060595,0.040556,0.130776
0.060601,0.362832,0.039726,0.061605,0.043151,0.095287,0.182338,0.073691,0.033035,0.047733
0.085340,0.355024,0.065665,0.044795,0.052145,0.068138,0.050505,0.095451,0.042052,0.140885
0.061316,0.393634,0.052758,0.076088,0.104984,0.062956,0.064845,0.076844,0.047124,0.059452
0.051787,0.485677,0.049738,0.066584,0.067657,0.051862,0.047762,0.090680,0.045332,0.042922
0.099870,0.311914,0.051522,0.051656,0.084001,0.033259,0.098314,0.077697,0.081773,0.109994
0.044146,0.316906,0.042479,0.132890,0.087622,0.110907,0.053601,0.100307,0.049372,0.061770
0.083733,0.322283,0.084359,0.032873,0.053340,0.107646,0.044791,0.087378,0.114888,0.068708
0.076334,0.375040,0.049633,0.029170,0.084512,0.075555,0.101016,0.079561,0.097280,0.031898
0.079686,0.363477,0.050201,0.050217,0.085604,0.054846,0.182316,0.056637,0.041118,0.035898
0.110905,0.305318,0.071293,0.090528,0.032812,0.037794,0.067513,0.065487,0.104100,0.114249
0.089203,0.487925,0.042866,0.037412,0.035845,0.059730,0.046120,0.042918,0.037867,0.120114
0.106251,0.075050,0.107071,0.095290,0.118705,0.082707,0.112887,0.101389,0.095421,0.105228
0.109622,0.073742,0.094227,0.102030,0.108932,0.081125,0.091004,0.122917,0.076799,0.139602
0.107455,0.374339,0.069699,0.070696,0.046608,0.081393,0.040957,0.109323,0.064412,0.035117
0.111234,0.299325,0.076661,0.137623,0.065020,0.049672,0.076693,0.092602,0.050499,0.040671
0.125860,0.437320,0.070943,0.063105,0.054547,0.041472,0.046240,0.058363,0.044050,0.058100
0.061227,0.290043,0.075127,0.130844,0.034166,0.042569,0.072031,0.093724,0.130303,0.069966
0.114854,0.077681,0.082415,0.118591,0.115844,0.096072,0.095231,0.105812,0.116949,0.076553
0.053479,0.427821,0.050278,0.048371,0.058625,0.054760,0.105633,0.042399,0.047482,0.111152
0.114947,0.072062,0.063774,0.074361,0.123597,0.101246,0.099103,0.119560,0.111731,0.119619
0.148114,0.272520,0.060535,0.097725,0.098371,0.068052,0.070496,0.073983,0.053217,0.056987
0.061400,0.467615,0.041915,0.067851,0.064703,0.072878,0.046892,0.072446,0.071855,0.032445
0.099377,0.078516,0.099210,0.089933,0.116315,0.104482,0.103179,0.131437,0.100179,0.077372
0.041363,0.465693,0.060761,0.040627,0.097604,0.047468,0.064503,0.049483,0.064703,0.067795
0.061088,0.443765,0.040674,0.087529,0.066455,0.082425,0.074756,0.060594,0.040003,0.042711
0.135831,0.080772,0.098699,0.114228,0.079599,0.119121,0.087523,0.099238,0.088757,0.096232
0.109625,0.244357,0.060156,0.123630,0.063766,0.086014,0.067378,0.070868,0.050259,0.123946
0.115658,0.079712,0.102631,0.092012,0.117062,0.107229,0.101106,0.107694,0.097652,0.079243
0.087511,0.229407,0.072880,0.093512,0.100764,0.087884,0.069731,0.089580,0.050275,0.118455
0.064551,0.366723,0.058930,0.063489,0.092533,0.068010,0.048837,0.065590,0.051971,0.119365
0.069016,0.313531,0.056471,0.087374,0.110327,0.077940,0.042328,0.053986,0.060008,0.129018
0.103191,0.312606,0.077356,0.038002,0.033596,0.117767,0.055689,0.086781,0.036776,0.138236
0.060135,0.298863,0.065289,0.082193,0.093472,0.040323,0.049456,0.096151,0.084245,0.129872
0.120174,0.072541,0.086126,0.116303,0.109208,0.081702,0.084080,0.126278,0.093985,0.109602
0.106007,0.304922,0.112876,0.101096,0.039772,0.071444,0.052906,0.048139,0.042634,0.120204
0.091925,0.384758,0.054487,0.038784,0.033781,0.107811,0.071353,0.067121,0.054091,0.095890
0.113702,0.354136,0.104961,0.035598,0.031204,0.047994,0.054399,0.090985,0.107852,0.059168
0.122338,0.074984,0.093293,0.105218,0.079824,0.124098,0.080712,0.092987,0.081995,0.144551
0.094224,0.329646,0.060789,0.062784,0.070028,0.070963,0.145388,0.065544,0.054146,0.046489
0.098146,0.369338,0.051555,0.054641,0.082808,0.062041,0.108767,0.053065,0.033248,0.086392
0.058838,0.482347,0.047394,0.053884,0.082481,0.048651,0.054511,0.067212,0.047871,0.056811
0.089729,0.070968,0.083242,0.113357,0.100733,0.082335,0.099631,0.095180,0.154825,0.110000
0.083662,0.399268,0.047037,0.069377,0.046367,0.058459,0.052254,0.133611,0.055531,0.054434
