0.020685,0.319299,0.660015
0.669043,0.330957,0.000000
0.242997,0.733476,0.023527
0.999079,0.000921,0.000000
0.027969,0.300939,0.671092
0.001046,0.998953,0.000001
0.064640,0.425316,0.510044
0.805700,0.193985,0.000316
0.169699,0.127215,0.703085
0.997720,0.002279,0.000001
0.044648,0.074615,0.880738
0.989298,0.007599,0.003104
0.002406,0.992672,0.004922
0.641000,0.358994,0.000005
0.999395,0.000604,0.000000
0.722036,0.277964,0.000000
0.556287,0.443713,0.000000
0.175450,0.618572,0.205978
0.631047,0.356900,0.012053
0.561003,0.434050,0.004947
0.002329,0.997531,0.000140
0.993479,0.006519,0.000002
0.069311,0.536550,0.394140
0.041037,0.098259,0.860704
0.954678,0.042231,0.003092
0.742886,0.007656,0.249458
0.628904,0.371097,0.000000
0.970018,0.029982,0.000000
0.192343,0.394752,0.412905
0.000621,0.998727,0.000652
0.007795,0.915430,0.076775
0.085197,0.546854,0.367949
0.109632,0.352840,0.537528
0.998858,0.001142,0.000000
0.032235,0.094477,0.873288
0.112633,0.885692,0.001676
0.534098,0.460907,0.004995
0.999242,0.000758,0.000000
0.958400,0.041426,0.000174
0.999074,0.000926,0.000000
0.993762,0.006234,0.000004
0.000500,0.000486,0.999014
0.988973,0.011013,0.000013
0.092613,0.481157,0.426230
0.776129,0.223763,0.000108
0.213058,0.221273,0.565669
0.401917,0.598083,0.000000
0.175401,0.163857,0.660742
0.998085,0.001915,0.000000
0.086271,0.869830,0.043899
0.152077,0.642237,0.205686
0.651631,0.348369,0.000000
0.988261,0.011739,0.000000
0.996506,0.003482,0.000012
0.968557,0.031443,0.000000
0.999150,0.000850,0.000000
0.992212,0.007785,0.000003
0.677026,0.322917,0.000057
0.003686,0.982327,0.013987
0.950575,0.049424,0.000001
0.492628,0.505959,0.001412
0.773221,0.226777,0.000001
0.999669,0.000331,0.000000
0.996196,0.003804,0.000000
0.872232,0.127767,0.000000
0.998079,0.001921,0.000000
0.218425,0.244077,0.537498
0.999221,0.000778,0.000001
0.995680,0.004313,0.000007
0.008308,0.985469,0.006224
0.224919,0.538937,0.236144
0.169166,0.830819,0.000015
0.605934,0.331988,0.062079
0.120090,0.855376,0.024534
0.009584,0.950024,0.040393
0.097774,0.902035,0.000191
0.647254,0.352746,0.000000
0.046934,0.489932,0.463134
0.587642,0.412357,0.000000
0.005155,0.992397,0.002448
0.239588,0.301522,0.458890
0.992950,0.007050,0.000000
0.949747,0.050252,0.000000
0.473480,0.526502,0.000018
0.628330,0.371656,0.000014
0.994327,0.005672,0.000000
0.998309,0.001691,0.000000
0.140235,0.176208,0.683557
0.027014,0.384761,0.588224
0.984823,0.015177,0.000000
0.045659,0.429868,0.524473
0.992303,0.007687,0.000010
0.011978,0.012215,0.975806
0.998154,0.001846,0.000000
0.406743,0.581832,0.011425
0.997103,0.002897,0.000000
0.560582,0.012113,0.427305
0.997397,0.002603,0.000000
0.993926,0.006074,0.000000
0.999169,0.000831,0.000000
0.797894,0.034651,0.167454
0.708294,0.291706,0.000000
0.999043,0.000957,0.000000
0.396899,0.603042,0.000059
0.001906,0.997967,0.000127
0.992671,0.007323,0.000006
0.001688,0.003062,0.995250
0.871865,0.128135,0.000000
0.994812,0.005187,0.000002
0.076554,0.638945,0.284502
0.998951,0.001049,0.000000
0.845161,0.154839,0.000000
0.999010,0.000990,0.000000
0.989938,0.010009,0.000053
0.002683,0.994985,0.002333
0.019447,0.050944,0.929609
0.996167,0.003833,0.000000
0.775406,0.224316,0.000278
0.008609,0.106418,0.884974
0.441185,0.550777,0.008039
0.996291,0.003708,0.000001
0.150233,0.849519,0.000248
0.002949,0.006690,0.990361
0.001514,0.998484,0.000003
0.067655,0.021658,0.910687
0.115294,0.531267,0.353438
0.956113,0.043829,0.000058
0.002697,0.004316,0.992987
0.003439,0.994737,0.001824
0.003733,0.971726,0.024541
0.007705,0.029045,0.963250
0.000253,0.000028,0.999719
0.425573,0.565991,0.008435
0.718912,0.281088,0.000000
0.987066,0.012928,0.000005
0.023143,0.636243,0.340614
0.105855,0.710965,0.183180
0.006755,0.216131,0.777114
0.962642,0.028463,0.008895
0.555863,0.444137,0.000000
0.013815,0.965404,0.020781
0.061952,0.797250,0.140798
0.665262,0.327034,0.007704
0.587172,0.405790,0.007038
0.064327,0.855920,0.079753
0.855129,0.012922,0.131950
0.001293,0.000460,0.998247
0.193160,0.805219,0.001621
0.954351,0.045591,0.000058
0.322240,0.350063,0.327696
0.470548,0.529452,0.000000
0.454568,0.497158,0.048274
0.999533,0.000467,0.000000
0.851966,0.147955,0.000079
0.295928,0.340879,0.363193
0.025539,0.735393,0.239068
0.606130,0.393006,0.000864
0.041081,0.368515,0.590404
0.801522,0.198100,0.000378
0.994961,0.005038,0.000001
0.996600,0.003399,0.000001
0.995785,0.004210,0.000005
0.208063,0.360107,0.431830
0.022452,0.034628,0.942920
0.116702,0.613979,0.269320
0.000129,0.000011,0.999859
0.108927,0.116903,0.774169
0.195400,0.411001,0.393599
0.001474,0.998337,0.000189
0.001606,0.998394,0.000000
0.999266,0.000733,0.000001
0.986332,0.013083,0.000584
0.997188,0.002812,0.000000
0.007323,0.026219,0.966458
0.086234,0.862633,0.051133
0.813509,0.185898,0.000593
0.009928,0.008574,0.981498
0.212716,0.011201,0.776083
0.130916,0.202251,0.666833
0.336195,0.663726,0.000079
0.694441,0.305559,0.000000
0.988561,0.011399,0.000040
0.391468,0.325671,0.282861
0.018211,0.024004,0.957785
0.980781,0.019219,0.000000
0.613772,0.386228,0.000000
0.291168,0.241268,0.467564
0.202508,0.751583,0.045909
0.997221,0.002779,0.000000
0.997472,0.002526,0.000002
0.462704,0.462374,0.074922
0.056686,0.926852,0.016461
0.112617,0.259554,0.627829
0.479668,0.511073,0.009260
0.004478,0.995520,0.000001
0.007629,0.397101,0.595270
0.002076,0.003405,0.994519
0.992737,0.007252,0.000011
0.999296,0.000704,0.000000
0.036306,0.082907,0.880787
0.983472,0.007095,0.009433
0.674961,0.235773,0.089265
0.516159,0.254617,0.229224
0.005805,0.002007,0.992188
0.994255,0.005744,0.000001
0.000515,0.000108,0.999376
0.077650,0.919716,0.002634
0.164878,0.784744,0.050377
0.998998,0.001002,0.000000
0.002029,0.995427,0.002545
0.987937,0.012063,0.000000
0.999046,0.000954,0.000000
0.501251,0.498748,0.000000
0.997231,0.002769,0.000000
0.610642,0.389358,0.000000
0.801370,0.196696,0.001934
0.953316,0.032980,0.013703
0.272405,0.271724,0.455871
0.185106,0.712012,0.102882
0.444913,0.544415,0.010671
0.991296,0.008697,0.000007
0.998843,0.001157,0.000000
0.002110,0.997634,0.000256
0.008041,0.004236,0.987723
0.998604,0.001396,0.000000
0.986678,0.013322,0.000000
0.001261,0.000582,0.998158
0.997445,0.002555,0.000000
0.079291,0.083780,0.836929
0.000474,0.000028,0.999498
0.847934,0.151460,0.000606
0.153669,0.332001,0.514329
0.000953,0.998787,0.000260
0.000331,0.000022,0.999647
0.009098,0.014824,0.976078
0.326601,0.662458,0.010940
0.984412,0.011064,0.004524
0.992412,0.007583,0.000005
0.999015,0.000985,0.000000
0.554199,0.443545,0.002257
0.914796,0.085204,0.000000
0.278738,0.561206,0.160056
0.024360,0.267756,0.707884
0.995295,0.004699,0.000006
0.377907,0.622027,0.000065
0.999492,0.000508,0.000000
0.927203,0.067061,0.005736
0.012675,0.006725,0.980600
0.160343,0.839091,0.000566
0.025424,0.887525,0.087050
0.265559,0.365310,0.369130
0.362494,0.637504,0.000002
0.546064,0.013725,0.440211
0.404194,0.588046,0.007760
0.663292,0.148073,0.188635
0.632098,0.367892,0.000010
0.994928,0.005072,0.000000
0.001230,0.998766,0.000004
0.532400,0.465811,0.001789
0.994601,0.005399,0.000000
0.001094,0.998903,0.000002
0.998701,0.001299,0.000000
0.269245,0.730744,0.000011
0.704823,0.295177,0.000000
0.001917,0.997541,0.000542
0.992950,0.007049,0.000001
0.820871,0.021996,0.157133
0.059511,0.497698,0.442791
0.099789,0.070759,0.829452
0.998930,0.001070,0.000000
0.892118,0.107878,0.000005
0.000185,0.000021,0.999795
0.989722,0.010278,0.000000
0.397117,0.286748,0.316136
0.472769,0.356409,0.170822
0.118757,0.455985,0.425258
0.997460,0.002540,0.000000
0.006824,0.182916,0.810260
0.344861,0.496124,0.159015
0.722821,0.277179,0.000000
0.943756,0.047297,0.008946
0.049124,0.559952,0.390924
0.036096,0.046463,0.917441
0.773283,0.226717,0.000000
0.698033,0.301967,0.000000
0.200387,0.555844,0.243770
0.775032,0.224968,0.000000
0.908199,0.091070,0.000731
0.690939,0.308988,0.000073
0.049595,0.851285,0.099120
0.995383,0.004617,0.000001
0.475557,0.403477,0.120966
0.832446,0.167555,0.000000
0.981228,0.018772,0.000000
0.002765,0.993397,0.003838
0.046835,0.616313,0.336851
0.013165,0.033165,0.953669
0.222340,0.289035,0.488626
0.251419,0.434348,0.314233
0.999141,0.000859,0.000000
0.994144,0.005856,0.000000
0.996908,0.003092,0.000000
0.478698,0.228754,0.292548
0.108563,0.425440,0.465997
0.998311,0.001689,0.000000
0.353858,0.377279,0.268863
0.994709,0.005291,0.000000
0.387692,0.611674,0.000634
0.995372,0.004628,0.000000
0.139858,0.242731,0.617411
0.466438,0.533561,0.000001
0.695698,0.304302,0.000000
0.020404,0.467551,0.512045
0.993835,0.006157,0.000008
0.936272,0.063708,0.000020
0.154541,0.112940,0.732519
0.901381,0.098053,0.000566
0.997915,0.002085,0.000000
0.999395,0.000605,0.000000
0.993445,0.006555,0.000000
0.226399,0.765202,0.008399
0.450493,0.189567,0.359941
0.994434,0.005566,0.000000
0.021268,0.021582,0.957149
0.996090,0.003910,0.000000
0.637102,0.362897,0.000000
0.094471,0.810338,0.095191
0.880998,0.043498,0.075504
0.669939,0.020358,0.309703
0.744088,0.255288,0.000624
0.673409,0.323846,0.002745
0.911315,0.088642,0.000042
0.002850,0.996590,0.000559
0.453310,0.519601,0.027089
0.998792,0.001208,0.000000
0.884537,0.002527,0.112937
0.997251,0.002749,0.000000
0.986943,0.013003,0.000054
0.608140,0.391686,0.000174
0.012780,0.005267,0.981953
0.093708,0.137733,0.768558
0.834482,0.164388,0.001130
0.054549,0.064219,0.881232
0.014709,0.005334,0.979957
0.020064,0.111561,0.868375
0.426859,0.572939,0.000202
0.419065,0.438548,0.142387
0.343901,0.466419,0.189681
0.457697,0.324154,0.218149
0.991624,0.008376,0.000000
0.998564,0.001422,0.000014
0.156394,0.014357,0.829249
0.994859,0.005141,0.000000
0.033474,0.642526,0.324000
0.755789,0.010746,0.233465
0.997363,0.002637,0.000000
0.995037,0.004961,0.000001
0.039463,0.281602,0.678935
0.101373,0.526186,0.372442
0.009085,0.735342,0.255573
0.998772,0.001228,0.000000
0.776815,0.223185,0.000000
0.792610,0.207390,0.000000
0.230947,0.752995,0.016058
0.212048,0.675381,0.112572
0.968867,0.031133,0.000000
0.050526,0.225044,0.724430
0.198345,0.651450,0.150206
0.369798,0.630202,0.000000
0.001680,0.998320,0.000000
0.007409,0.177339,0.815252
0.315193,0.541181,0.143626
0.538293,0.433249,0.028457
0.676937,0.006660,0.316403
0.992940,0.007060,0.000000
0.874784,0.125168,0.000048
0.006324,0.981360,0.012315
0.078019,0.742720,0.179261
0.568628,0.417499,0.013874
0.741807,0.258192,0.000001
0.010513,0.012995,0.976492
0.611466,0.351718,0.036817
0.850756,0.148734,0.000510
0.405738,0.577233,0.017029
0.753179,0.246821,0.000000
0.317249,0.682751,0.000000
0.004409,0.015862,0.979729
0.688831,0.071076,0.240093
0.997257,0.002743,0.000000
0.994474,0.005526,0.000000
0.290463,0.307686,0.401851
0.294634,0.698319,0.007048
0.058515,0.273937,0.667548
0.225975,0.426910,0.347115
0.001430,0.009628,0.988942
0.995802,0.004198,0.000000
0.011814,0.028210,0.959975
0.984908,0.015092,0.000000
0.017374,0.183532,0.799093
0.836114,0.163886,0.000000
0.029381,0.697476,0.273143
0.995987,0.002686,0.001327
0.987727,0.007433,0.004840
0.998376,0.001624,0.000000
0.026019,0.346104,0.627877
0.002621,0.995300,0.002079
0.991247,0.008754,0.000000
0.845385,0.154589,0.000025
0.255145,0.253440,0.491415
0.937818,0.039791,0.022391
0.561197,0.245045,0.193758
0.006643,0.385904,0.607453
0.042910,0.216327,0.740763
0.533351,0.450047,0.016601
0.912427,0.008713,0.078861
0.998464,0.001536,0.000000
0.641219,0.358780,0.000001
0.991053,0.008946,0.000001
0.984203,0.015797,0.000000
0.000309,0.000043,0.999647
0.560533,0.439467,0.000000
0.001731,0.996755,0.001514
0.001168,0.998383,0.000449
0.521256,0.474470,0.004273
0.989641,0.010322,0.000038
0.001345,0.001144,0.997511
0.589361,0.410619,0.000019
0.011306,0.845808,0.142886
0.615991,0.376450,0.007559
0.765388,0.231721,0.002891
0.980476,0.019524,0.000000
0.228170,0.771425,0.000406
0.743699,0.256205,0.000096
0.413474,0.254963,0.331563
0.390774,0.502003,0.107223
0.081295,0.097901,0.820804
0.049471,0.875367,0.075162
0.543699,0.449271,0.007030
0.135296,0.593624,0.271080
0.947427,0.052208,0.000366
0.865218,0.096924,0.037858
0.995525,0.004473,0.000002
0.008909,0.002641,0.988450
0.129582,0.870379,0.000039
0.190609,0.190271,0.619121
0.954702,0.009508,0.035790
0.008250,0.989991,0.001760
0.198994,0.800973,0.000033
0.016057,0.877748,0.106195
0.301424,0.690939,0.007637
0.045853,0.718877,0.235270
0.991808,0.008192,0.000000
0.107260,0.736478,0.156262
0.141487,0.542382,0.316131
0.149472,0.766009,0.084519
0.680271,0.319671,0.000057
0.995036,0.004964,0.000000
0.938347,0.043791,0.017861
0.011112,0.048739,0.940149
0.762337,0.234823,0.002840
0.006062,0.101347,0.892591
0.431243,0.546713,0.022044
0.031423,0.684797,0.283780
0.970852,0.029141,0.000007
0.968074,0.031059,0.000867
0.711333,0.288667,0.000000
0.090253,0.693594,0.216153
0.714994,0.285005,0.000001
0.132349,0.750488,0.117163
0.994525,0.005475,0.000000
0.032680,0.445433,0.521886
0.519575,0.249501,0.230924
0.001866,0.994695,0.003440
0.052199,0.093216,0.854585
0.994427,0.005573,0.000000
0.043695,0.092441,0.863864
0.027366,0.021485,0.951148
0.992954,0.001568,0.005478
0.997633,0.002305,0.000062
0.145223,0.192643,0.662133
0.124850,0.821047,0.054103
0.345342,0.654251,0.000407
0.326956,0.465001,0.208044
0.352215,0.643783,0.004002
0.040481,0.545680,0.413839
0.447234,0.325234,0.227533
0.041012,0.731807,0.227181
0.998406,0.001594,0.000000
0.998267,0.001733,0.000000
0.512597,0.487389,0.000014
0.008462,0.144480,0.847058
0.010665,0.977650,0.011685
0.967054,0.032774,0.000171
0.499526,0.004299,0.496174
0.008761,0.973655,0.017585
0.999302,0.000698,0.000000
0.000739,0.000139,0.999122
0.169616,0.000790,0.829594
0.002695,0.979200,0.018105
0.805274,0.023950,0.170776
0.033617,0.913580,0.052804
0.010974,0.975582,0.013443
0.087891,0.911893,0.000216
0.991785,0.008211,0.000004
0.865118,0.134882,0.000000
0.417214,0.579347,0.003439
0.939102,0.052692,0.008206
0.999120,0.000880,0.000000
0.913952,0.086029,0.000019
0.345186,0.635747,0.019067
0.029595,0.451180,0.519224
0.995033,0.004962,0.000005
0.000574,0.996176,0.003250
0.999028,0.000972,0.000000
0.022542,0.754105,0.223353
0.995062,0.004937,0.000000
0.946238,0.053743,0.000019
0.999216,0.000784,0.000000
0.191611,0.198534,0.609854
0.101504,0.884704,0.013792
0.680337,0.316170,0.003493
0.102015,0.875934,0.022051
0.997464,0.002536,0.000000
0.263797,0.736164,0.000039
0.991117,0.008883,0.000000
0.254258,0.741399,0.004343
0.442504,0.020693,0.536803
0.517000,0.084406,0.398595
0.044933,0.096502,0.858565
0.128813,0.256124,0.615063
0.998961,0.001038,0.000000
0.996565,0.003435,0.000000
0.060088,0.897859,0.042053
0.210455,0.351474,0.438071
0.998189,0.001811,0.000000
0.001855,0.993273,0.004872
0.947729,0.012945,0.039326
0.993486,0.006513,0.000001
0.505606,0.480564,0.013830
0.758124,0.128372,0.113504
0.626638,0.373361,0.000001
0.603848,0.315939,0.080213
0.835385,0.164490,0.000125
0.277780,0.674060,0.048160
0.179086,0.212402,0.608512
0.410220,0.575259,0.014520
0.498339,0.501661,0.000000
0.999289,0.000711,0.000000
0.571067,0.428933,0.000000
0.980306,0.019653,0.000041
0.950425,0.028057,0.021518
0.996070,0.003930,0.000000
0.071990,0.734798,0.193211
0.128133,0.858961,0.012906
0.245331,0.653984,0.100686
0.998817,0.001183,0.000000
0.944848,0.052278,0.002874
0.239609,0.760386,0.000005
0.008700,0.811774,0.179526
0.998484,0.001516,0.000000
0.100728,0.507000,0.392273
0.992702,0.007294,0.000004
0.012070,0.863067,0.124863
0.000327,0.000038,0.999635
0.065525,0.504084,0.430391
0.919345,0.080655,0.000000
0.279054,0.510279,0.210667
0.071963,0.085443,0.842594
0.604750,0.388737,0.006513
0.192138,0.807850,0.000012
0.009678,0.026640,0.963682
0.001087,0.998909,0.000005
0.498985,0.501015,0.000001
0.370542,0.375036,0.254422
0.383696,0.612516,0.003787
0.992743,0.007257,0.000000
0.685658,0.314342,0.000000
0.098814,0.306750,0.594436
0.152868,0.546203,0.300930
0.631297,0.368703,0.000000
0.623004,0.376996,0.000000
0.461856,0.438703,0.099441
0.455635,0.443383,0.100982
0.565608,0.010965,0.423427
0.996222,0.003778,0.000000
0.991863,0.008137,0.000000
0.998171,0.001829,0.000000
0.174328,0.347830,0.477842
0.990899,0.009063,0.000038
0.485241,0.514752,0.000008
0.249929,0.691387,0.058684
0.007788,0.045348,0.946864
0.048619,0.411799,0.539582
0.013802,0.293493,0.692705
0.999378,0.000621,0.000000
0.991120,0.008880,0.000000
0.416607,0.574998,0.008395
0.997916,0.002084,0.000000
0.444545,0.555219,0.000236
0.008054,0.990743,0.001203
0.987635,0.012350,0.000015
0.004793,0.332867,0.662340
0.603702,0.395637,0.000661
0.781462,0.218111,0.000427
0.299389,0.531665,0.168946
0.998508,0.001491,0.000001
0.989815,0.009672,0.000513
0.091967,0.906745,0.001288
0.120542,0.870790,0.008668
0.998136,0.001864,0.000000
0.998431,0.001568,0.000001
0.009361,0.013090,0.977549
0.000163,0.000026,0.999811
0.541502,0.457095,0.001403
0.063531,0.584580,0.351889
0.036462,0.360382,0.603156
0.919639,0.080141,0.000219
0.141613,0.858312,0.000075
0.336015,0.195070,0.468915
0.984032,0.015963,0.000005
0.697496,0.302504,0.000000
0.002143,0.996917,0.000940
0.615298,0.384702,0.000000
0.906746,0.093247,0.000007
0.042438,0.669442,0.288119
0.548066,0.451918,0.000016
0.969279,0.018700,0.012021
0.983662,0.016338,0.000000
0.011872,0.453381,0.534747
0.638238,0.361761,0.000000
0.161857,0.837912,0.000231
0.994028,0.005972,0.000000
0.996218,0.003782,0.000000
0.006274,0.135400,0.858326
0.540993,0.459007,0.000000
0.420211,0.396910,0.182880
0.158850,0.841098,0.000053
0.073642,0.517119,0.409240
0.665676,0.329655,0.004669
0.000591,0.000090,0.999319
0.995014,0.004258,0.000729
0.000513,0.909235,0.090252
0.706863,0.293137,0.000000
0.006631,0.032453,0.960916
0.997665,0.002332,0.000002
0.000381,0.992801,0.006818
0.999099,0.000901,0.000000
0.066701,0.933107,0.000192
0.006446,0.000802,0.992751
0.996034,0.003965,0.000001
0.994278,0.005722,0.000000
0.138734,0.861033,0.000234
0.996321,0.003679,0.000000
0.457169,0.443757,0.099073
0.578114,0.421583,0.000303
0.693386,0.306614,0.000000
0.995372,0.004628,0.000000
0.595310,0.404656,0.000034
0.993853,0.006147,0.000000
0.923820,0.008687,0.067493
0.995905,0.004090,0.000004
0.997376,0.002624,0.000000
0.653970,0.345962,0.000068
0.104853,0.130722,0.764426
0.918449,0.019834,0.061717
0.215682,0.327264,0.457054
0.956055,0.012608,0.031338
0.000291,0.983787,0.015921
0.989691,0.010309,0.000000
0.961558,0.038380,0.000062
0.979051,0.020949,0.000000
0.202150,0.336527,0.461323
0.123870,0.588850,0.287280
0.049609,0.473759,0.476632
0.012311,0.013437,0.974253
0.104122,0.127756,0.768122
0.998752,0.001248,0.000000
0.006230,0.933151,0.060619
0.206979,0.789233,0.003788
0.997831,0.002169,0.000000
0.299270,0.697953,0.002776
0.984177,0.015823,0.000000
0.193658,0.806220,0.000123
0.002741,0.005385,0.991874
0.963789,0.033407,0.002803
0.153923,0.182565,0.663512
0.078833,0.598801,0.322366
0.278548,0.712105,0.009347
0.124534,0.683340,0.192125
0.899035,0.099600,0.001365
0.063506,0.780014,0.156481
0.318013,0.680161,0.001826
0.000472,0.000065,0.999463
0.899014,0.097699,0.003288
0.996151,0.003848,0.000000
0.907729,0.092271,0.000000
0.695212,0.298369,0.006418
0.985335,0.014663,0.000002
0.997905,0.002094,0.000001
0.002831,0.969309,0.027859
0.740100,0.259900,0.000000
0.082156,0.281293,0.636551
0.990594,0.009404,0.000002
0.343242,0.540350,0.116408
0.041714,0.350198,0.608088
0.999314,0.000686,0.000000
0.994446,0.005554,0.000000
0.013522,0.844631,0.141847
0.001286,0.956828,0.041886
0.708919,0.289729,0.001352
0.214915,0.667869,0.117217
0.996269,0.003731,0.000000
0.027163,0.037488,0.935349
0.986730,0.013269,0.000001
0.563832,0.436143,0.000025
0.497994,0.501998,0.000007
0.577578,0.412699,0.009723
0.933689,0.049966,0.016345
0.003216,0.944787,0.051996
0.294238,0.265470,0.440292
0.124431,0.871778,0.003790
0.557759,0.442225,0.000016
0.511605,0.488395,0.000000
0.695342,0.304629,0.000029
0.099835,0.628485,0.271681
0.277438,0.418437,0.304124
0.011278,0.952495,0.036227
0.995379,0.004621,0.000000
0.998707,0.001293,0.000000
0.660111,0.339889,0.000000
0.840199,0.159801,0.000000
0.050258,0.854103,0.095639
0.943486,0.040352,0.016163
0.006699,0.847871,0.145430
0.999112,0.000888,0.000000
0.565635,0.016486,0.417879
0.487689,0.505528,0.006783
0.017751,0.203517,0.778732
0.986778,0.012910,0.000312
0.096287,0.393909,0.509804
0.764617,0.235298,0.000085
0.132351,0.178530,0.689119
0.755420,0.244328,0.000253
0.061118,0.180108,0.758774
0.820212,0.145511,0.034276
0.003547,0.000255,0.996198
0.958186,0.020142,0.021672
0.003765,0.994645,0.001590
0.007771,0.004890,0.987339
0.160284,0.760310,0.079406
0.449824,0.550150,0.000026
0.998845,0.001155,0.000000
0.140486,0.609431,0.250083
0.000908,0.998688,0.000404
0.028347,0.502832,0.468821
0.996928,0.003067,0.000005
0.189405,0.141067,0.669528
0.992719,0.007273,0.000008
0.000946,0.000097,0.998958
0.194604,0.208521,0.596875
0.487425,0.465475,0.047101
0.891898,0.108102,0.000000
0.641261,0.358739,0.000000
0.995009,0.004991,0.000000
0.588249,0.411751,0.000000
0.982061,0.017940,0.000000
0.984579,0.015421,0.000000
0.181482,0.723525,0.094993
0.993584,0.006416,0.000000
0.998159,0.001841,0.000000
0.006174,0.741425,0.252401
0.089569,0.828322,0.082108
0.651195,0.348805,0.000000
0.654721,0.345278,0.000000
0.635340,0.364639,0.000021
0.011145,0.022016,0.966839
0.998257,0.001743,0.000000
0.001831,0.001471,0.996698
0.213870,0.617097,0.169033
0.325632,0.602481,0.071887
0.623402,0.376597,0.000000
0.222381,0.777608,0.000011
0.075065,0.180286,0.744649
0.132835,0.179171,0.687993
0.000421,0.992928,0.006651
0.992065,0.007928,0.000007
0.365086,0.275460,0.359454
0.998370,0.001630,0.000000
0.156680,0.187269,0.656052
0.106744,0.613124,0.280132
0.997224,0.002776,0.000000
0.329457,0.670536,0.000006
0.997020,0.002979,0.000000
0.496092,0.503908,0.000000
0.921221,0.078720,0.000059
0.998798,0.001202,0.000000
0.992432,0.007558,0.000010
0.545180,0.454820,0.000000
0.167896,0.172989,0.659115
0.105555,0.194771,0.699674
0.001050,0.001609,0.997340
0.003432,0.922030,0.074538
0.979536,0.020419,0.000044
0.999481,0.000519,0.000000
0.003468,0.953497,0.043035
0.985788,0.014207,0.000005
0.125800,0.714562,0.159638
0.720304,0.279382,0.000313
0.015431,0.773715,0.210854
0.999439,0.000561,0.000000
0.572200,0.427198,0.000601
0.997112,0.002888,0.000000
0.999195,0.000804,0.000001
0.997397,0.002602,0.000000
0.744568,0.209188,0.046245
0.164620,0.835357,0.000023
0.658832,0.257042,0.084126
0.106310,0.893149,0.000541
0.998076,0.001924,0.000000
0.551397,0.448602,0.000001
0.138399,0.861592,0.000009
0.231712,0.225729,0.542558
0.409130,0.010187,0.580683
0.063316,0.155553,0.781131
0.995606,0.004393,0.000000
0.983901,0.016082,0.000017
0.008427,0.009793,0.981780
0.127746,0.868858,0.003396
0.998454,0.001546,0.000000
0.993305,0.006693,0.000003
0.056618,0.498378,0.445004
0.880532,0.119153,0.000314
0.140696,0.576830,0.282473
0.976828,0.023130,0.000043
0.994996,0.005004,0.000000
0.682991,0.317009,0.000000
0.997036,0.002964,0.000000
0.815898,0.184043,0.000059
0.526843,0.473156,0.000000
0.061953,0.555131,0.382916
0.977067,0.011820,0.011113
0.727540,0.272386,0.000074
0.111673,0.006024,0.882303
0.598961,0.398084,0.002955
0.991652,0.008307,0.000040
0.997510,0.002490,0.000000
0.059919,0.938316,0.001766
0.976043,0.020169,0.003788
0.002040,0.997893,0.000067
0.246803,0.215608,0.537589
0.784985,0.215015,0.000000
0.193231,0.806675,0.000094
0.997719,0.002281,0.000000
0.895467,0.102273,0.002259
0.989539,0.010142,0.000320
0.985443,0.014530,0.000026
0.015757,0.040997,0.943245
0.999288,0.000712,0.000000
0.988664,0.010138,0.001198
0.023643,0.096467,0.879890
0.853517,0.146433,0.000050
0.005056,0.993070,0.001874
0.674367,0.078297,0.247336
0.277731,0.361864,0.360405
0.967930,0.029063,0.003007
0.057479,0.071390,0.871131
0.677699,0.322301,0.000000
0.994030,0.005969,0.000001
0.893217,0.106783,0.000000
0.009416,0.036916,0.953668
0.457682,0.534167,0.008152
0.880773,0.119212,0.000015
0.691858,0.242480,0.065662
0.302300,0.509673,0.188027
0.291897,0.687152,0.020951
0.992007,0.007993,0.000000
0.065219,0.247033,0.687748
0.867243,0.076167,0.056590
0.001165,0.998699,0.000137
0.983091,0.016024,0.000885
0.999067,0.000933,0.000000
0.014065,0.021427,0.964508
0.010376,0.030240,0.959385
0.100747,0.460731,0.438522
0.999376,0.000624,0.000000
0.808588,0.191412,0.000000
0.446245,0.003934,0.549821
0.747748,0.252252,0.000000
0.113365,0.609052,0.277583
0.147959,0.008292,0.843749
0.057072,0.942748,0.000180
0.985841,0.014159,0.000000
0.998944,0.001056,0.000000
0.021858,0.568975,0.409167
0.693473,0.306527,0.000000
0.045037,0.075192,0.879771
0.538372,0.079700,0.381928
0.637414,0.362560,0.000026
0.992722,0.007278,0.000000
0.989117,0.010883,0.000000
0.996241,0.003759,0.000000
0.997971,0.002029,0.000000
0.937412,0.062434,0.000154
0.982490,0.016903,0.000607
0.989797,0.009353,0.000850
0.991208,0.008155,0.000638
0.040765,0.460375,0.498860
0.154133,0.297973,0.547894
0.052434,0.443440,0.504127
0.987407,0.012564,0.000029
0.628875,0.341539,0.029586
0.998256,0.001744,0.000000
0.989506,0.010494,0.000000
0.091335,0.588859,0.319806
0.896719,0.103273,0.000008
0.491888,0.397890,0.110221
0.998854,0.001146,0.000000
0.984563,0.015437,0.000000
0.000116,0.000011,0.999873
0.536077,0.463923,0.000000
0.484062,0.355479,0.160459
0.073940,0.767881,0.158179
0.630198,0.369802,0.000000
0.151151,0.548658,0.300191
0.990003,0.009997,0.000000
0.998555,0.001445,0.000000
0.002996,0.000956,0.996048
0.998577,0.001423,0.000000
0.998281,0.001719,0.000000
0.967940,0.028451,0.003609
0.807883,0.191964,0.000153
0.999316,0.000684,0.000000
0.190327,0.476416,0.333256
0.119526,0.739762,0.140712
0.413077,0.580697,0.006226
0.002878,0.002940,0.994182
0.280679,0.156158,0.563163
0.876668,0.105377,0.017955
0.028058,0.261810,0.710132
0.001508,0.002142,0.996350
0.001468,0.998103,0.000429
0.054516,0.258433,0.687051
0.996230,0.003769,0.000001
0.000591,0.000128,0.999281
0.435183,0.560311,0.004506
0.997110,0.002890,0.000000
0.731548,0.268452,0.000001
0.027604,0.811373,0.161024
0.601303,0.398696,0.000001
0.113721,0.000753,0.885525
0.002446,0.995083,0.002471
0.034757,0.789768,0.175475
0.999516,0.000484,0.000000
0.910020,0.089980,0.000000
0.986874,0.013126,0.000000
0.081364,0.664788,0.253848
0.175875,0.399768,0.424358
0.992034,0.007966,0.000000
0.909136,0.007677,0.083187
0.268004,0.731779,0.000216
0.282711,0.717288,0.000001
0.023058,0.047253,0.929689
0.036984,0.911641,0.051375
0.002118,0.995613,0.002269
0.002819,0.005803,0.991378
0.972607,0.027393,0.000000
0.063723,0.531004,0.405273
0.000293,0.000067,0.999640
0.043242,0.440502,0.516256
0.931398,0.067578,0.001024
0.290061,0.709937,0.000002
0.053728,0.643526,0.302746
0.825010,0.174990,0.000000
0.997830,0.002170,0.000000
0.877904,0.122096,0.000000
0.998437,0.001564,0.000000
0.912773,0.087188,0.000039
0.846187,0.153813,0.000000
0.000328,0.000056,0.999616
0.976566,0.015707,0.007728
0.000160,0.000012,0.999828
0.037739,0.524593,0.437668
0.999113,0.000887,0.000000
0.991543,0.008457,0.000000
0.003523,0.982088,0.014389
0.016617,0.057290,0.926093
0.142186,0.710062,0.147753
0.943278,0.053163,0.003559
0.997181,0.002819,0.000000
0.013244,0.763937,0.222819
0.362981,0.207954,0.429064
0.183642,0.816335,0.000023
0.188262,0.667519,0.144219
0.106227,0.429757,0.464017
0.571229,0.346597,0.082174
0.595021,0.253891,0.151088
0.174183,0.578588,0.247229
0.252241,0.640340,0.107419
0.001496,0.998494,0.000010
0.809615,0.190385,0.000000
0.948303,0.051694,0.000003
0.056148,0.751401,0.192452
0.563445,0.436555,0.000000
0.159669,0.550848,0.289483
0.971409,0.028591,0.000000
0.008193,0.001290,0.990517
0.036797,0.013375,0.949828
0.892423,0.023385,0.084192
0.976215,0.023785,0.000000
0.002339,0.023904,0.973757
0.988046,0.011954,0.000000
0.651830,0.342570,0.005600
0.232630,0.037397,0.729973
0.995669,0.004325,0.000006
0.998558,0.001442,0.000000
0.164131,0.822035,0.013834
0.998774,0.001225,0.000001
0.372387,0.625818,0.001795
0.004788,0.060833,0.934379
0.995333,0.004662,0.000005
0.972823,0.027177,0.000000
0.645121,0.354879,0.000001
0.998985,0.001015,0.000000
0.582621,0.417379,0.000000
0.649939,0.348645,0.001415
0.709896,0.288918,0.001186
0.016119,0.234457,0.749425
0.127842,0.872150,0.000008
0.211866,0.718692,0.069442
0.001795,0.000154,0.998051
0.658484,0.341516,0.000000
0.997294,0.002706,0.000000
0.685484,0.314516,0.000000
0.073861,0.194702,0.731436
0.001698,0.000541,0.997761
0.937722,0.059982,0.002297
0.953387,0.046612,0.000001
0.108320,0.078731,0.812949
0.507089,0.295064,0.197847
0.707494,0.292505,0.000001
0.997446,0.002552,0.000002
0.373000,0.278603,0.348398
0.605751,0.392003,0.002246
0.116198,0.713095,0.170707
0.077947,0.601698,0.320355
0.859151,0.140504,0.000345
0.185351,0.699503,0.115146
0.034358,0.191675,0.773967
0.551562,0.445495,0.002942
0.564142,0.435849,0.000009
0.123458,0.130398,0.746144
0.127133,0.580373,0.292493
0.020987,0.029161,0.949852
0.078106,0.276539,0.645355
0.256376,0.741068,0.002556
0.473524,0.526469,0.000008
0.002088,0.997911,0.000002
0.079678,0.443276,0.477046
0.260057,0.678577,0.061366
0.000700,0.000140,0.999160
0.999372,0.000628,0.000000
0.040637,0.557713,0.401650
0.177044,0.386471,0.436485
0.997781,0.002218,0.000001
0.028536,0.016090,0.955374
0.930608,0.069392,0.000000
0.043945,0.467911,0.488144
0.061960,0.323025,0.615015
0.001144,0.998855,0.000001
0.676223,0.323777,0.000000
0.177404,0.760786,0.061811
0.350682,0.377987,0.271331
0.539623,0.460377,0.000000
0.639556,0.360160,0.000285
0.048526,0.784949,0.166525
0.270152,0.729847,0.000001
0.155836,0.347198,0.496966
0.148570,0.851411,0.000018
0.083276,0.505575,0.411149
0.000888,0.964903,0.034209
0.003725,0.996229,0.000046
0.948342,0.051619,0.000039
0.026744,0.001368,0.971888
0.000886,0.998973,0.000141
0.988113,0.011723,0.000163
0.938937,0.060472,0.000591
0.928418,0.071580,0.000001
0.239897,0.619443,0.140660
0.883739,0.112707,0.003555
0.300201,0.543562,0.156236
0.525424,0.465655,0.008922
0.001733,0.997755,0.000512
0.980988,0.019012,0.000000
0.343695,0.654146,0.002159
0.992510,0.007485,0.000005
0.015132,0.070914,0.913954
0.833760,0.165837,0.000404
0.002715,0.926299,0.070987
0.001169,0.998825,0.000006
0.204924,0.777663,0.017413
0.501704,0.498284,0.000013
0.602303,0.397555,0.000142
0.473060,0.526770,0.000170
0.983260,0.015860,0.000881
0.004357,0.995617,0.000026
0.741015,0.258982,0.000002
0.576816,0.423176,0.000008
0.549967,0.081733,0.368300
0.051058,0.530750,0.418192
0.640139,0.359861,0.000000
0.017025,0.059886,0.923089
0.114963,0.256871,0.628166
0.807830,0.192170,0.000000
0.978594,0.021406,0.000000
0.404353,0.484107,0.111540
0.982598,0.017361,0.000041
0.128833,0.841823,0.029344
0.726259,0.272172,0.001569
0.996032,0.003968,0.000000
0.995445,0.004554,0.000001
0.993876,0.006123,0.000001
0.796923,0.203077,0.000000
0.146578,0.853390,0.000033
0.000679,0.968131,0.031189
0.996415,0.003585,0.000000
0.266540,0.280856,0.452603
0.995155,0.004844,0.000001
0.995568,0.004432,0.000000
0.810585,0.066917,0.122497
0.364075,0.019861,0.616064
0.783351,0.216649,0.000000
0.232694,0.239448,0.527858
0.999018,0.000982,0.000000
0.421091,0.435969,0.142940
0.066284,0.496011,0.437705
0.014933,0.900429,0.084638
0.998513,0.001487,0.000000
0.012960,0.860096,0.126944
0.627446,0.320688,0.051866
0.441564,0.144382,0.414054
0.007478,0.129375,0.863148
0.695669,0.304187,0.000144
0.678231,0.178528,0.143241
0.995529,0.004471,0.000000
0.019983,0.058873,0.921144
0.625158,0.374841,0.000001
0.009686,0.037290,0.953024
0.994434,0.005566,0.000000
0.055072,0.158553,0.786375
0.083007,0.649085,0.267908
0.110476,0.135705,0.753818
0.992463,0.007515,0.000022
0.993600,0.003607,0.002793
0.996863,0.003137,0.000000
0.611588,0.387990,0.000422
0.062507,0.936520,0.000973
0.999376,0.000624,0.000000
0.968048,0.014490,0.017462
0.002115,0.997668,0.000217
0.007808,0.935164,0.057028
0.622676,0.377324,0.000000
0.170429,0.414924,0.414647
0.994706,0.005294,0.000000
0.016541,0.052753,0.930706
0.002488,0.997441,0.000071
0.169621,0.307114,0.523265
0.067640,0.490160,0.442200
0.012713,0.040246,0.947041
0.961849,0.038151,0.000000
0.856533,0.103968,0.039499
0.000205,0.000037,0.999758
0.999296,0.000704,0.000000
0.964955,0.035035,0.000010
0.341758,0.648862,0.009380
0.998383,0.001617,0.000000
0.408746,0.568939,0.022315
0.989582,0.010418,0.000000
0.143832,0.590080,0.266087
0.429033,0.570967,0.000000
0.002068,0.997792,0.000140
0.037706,0.058509,0.903785
0.995153,0.004844,0.000002
0.391349,0.211150,0.397501
0.977153,0.022847,0.000000
0.124669,0.804508,0.070823
0.417295,0.002084,0.580622
0.035903,0.315064,0.649033
0.000188,0.999615,0.000197
0.679073,0.320927,0.000000
0.416719,0.583281,0.000000
0.444748,0.194993,0.360260
0.437436,0.446192,0.116372
0.975789,0.001702,0.022509
0.998024,0.001976,0.000000
0.996144,0.003854,0.000002
0.003704,0.016889,0.979407
0.998744,0.001256,0.000000
0.494821,0.505179,0.000000
0.993952,0.006048,0.000000
0.006875,0.914879,0.078246
0.594218,0.405781,0.000000
0.001183,0.998814,0.000003
0.587636,0.052132,0.360232
0.984945,0.013539,0.001516
0.178084,0.702211,0.119705
0.610982,0.110631,0.278388
0.836860,0.163140,0.000000
0.305210,0.694573,0.000217
0.067966,0.823251,0.108783
0.021719,0.063921,0.914360
0.005081,0.001493,0.993426
0.076252,0.124963,0.798786
0.504251,0.495742,0.000007
0.002030,0.997799,0.000171
0.096173,0.118626,0.785201
0.825074,0.168523,0.006402
0.056013,0.374934,0.569053
0.018346,0.342236,0.639419
0.009353,0.003764,0.986883
0.874001,0.125814,0.000185
0.004954,0.991188,0.003857
0.992099,0.007900,0.000001
0.002905,0.995422,0.001672
0.702173,0.297425,0.000402
0.928397,0.071601,0.000002
0.016080,0.773186,0.210734
0.092067,0.879914,0.028019
0.977039,0.022961,0.000000
0.504989,0.251379,0.243632
0.757624,0.144420,0.097957
0.395238,0.247118,0.357645
0.997697,0.002303,0.000000
0.982818,0.017182,0.000000
0.007553,0.244703,0.747744
0.998874,0.001126,0.000000
0.997159,0.002841,0.000000
0.617389,0.382611,0.000000
0.008796,0.225654,0.765549
0.999530,0.000470,0.000000
0.624731,0.373220,0.002048
0.826495,0.173505,0.000000
0.942290,0.057326,0.000384
0.162803,0.403044,0.434153
0.960552,0.036031,0.003417
0.723718,0.276282,0.000000
0.090968,0.530143,0.378889
0.749896,0.250104,0.000000
0.078924,0.193555,0.727520
0.020343,0.299578,0.680078
0.412578,0.587422,0.000000
0.915156,0.083451,0.001393
0.184953,0.808057,0.006990
0.107236,0.199642,0.693122
0.440572,0.559429,0.000000
0.327124,0.548867,0.124009
0.031926,0.414933,0.553141
0.682667,0.317333,0.000000
0.269366,0.023594,0.707040
0.100339,0.899330,0.000331
0.999265,0.000735,0.000000
0.988546,0.011454,0.000000
0.994109,0.005891,0.000000
0.025355,0.755708,0.218937
0.998042,0.001956,0.000001
0.012742,0.002272,0.984986
0.014968,0.891648,0.093385
0.356113,0.608894,0.034993
0.377974,0.396140,0.225886
0.364203,0.635797,0.000000
0.002228,0.995961,0.001811
0.946117,0.053883,0.000000
0.169555,0.767411,0.063034
0.274644,0.274185,0.451172
0.246129,0.463376,0.290495
0.475260,0.511727,0.013013
0.756196,0.243325,0.000479
0.178326,0.778494,0.043180
0.438685,0.561236,0.000079
0.021783,0.465716,0.512502
0.808391,0.187395,0.004214
0.854594,0.007292,0.138114
0.166023,0.833851,0.000125
0.189775,0.225379,0.584846
0.050002,0.291987,0.658011
0.207478,0.792423,0.000099
0.003522,0.129939,0.866538
0.331971,0.668029,0.000000
0.998764,0.001236,0.000000
0.998769,0.001231,0.000000
0.873503,0.073798,0.052700
0.032600,0.562206,0.405194
0.004804,0.005418,0.989778
0.741606,0.252222,0.006172
0.773922,0.226039,0.000039
0.697321,0.282858,0.019821
0.051674,0.547308,0.401018
0.390393,0.609606,0.000001
0.869540,0.130151,0.000309
0.001737,0.001040,0.997223
0.459961,0.539174,0.000865
0.992962,0.007024,0.000014
0.870995,0.129005,0.000000
0.349445,0.499923,0.150632
0.999087,0.000913,0.000000
0.963077,0.005005,0.031918
0.718603,0.281393,0.000004
0.039190,0.432831,0.527979
0.911918,0.002744,0.085338
0.037243,0.079072,0.883685
0.013780,0.867246,0.118975
0.997672,0.002328,0.000000
0.044142,0.525315,0.430543
0.598824,0.247897,0.153279
0.016769,0.064556,0.918675
0.004387,0.000482,0.995131
0.998384,0.001614,0.000001
0.048726,0.423407,0.527867
0.981333,0.018657,0.000009
0.009822,0.928007,0.062171
0.005038,0.347831,0.647132
0.006061,0.963535,0.030404
0.013328,0.081952,0.904720
0.974060,0.025940,0.000000
0.985943,0.013493,0.000564
0.725962,0.011247,0.262791
0.974920,0.025080,0.000000
0.570157,0.429843,0.000000
0.998482,0.001518,0.000000
0.682679,0.016712,0.300610
0.535525,0.464464,0.000011
0.002694,0.746915,0.250391
0.213674,0.581265,0.205061
0.108182,0.891743,0.000075
0.308327,0.166717,0.524956
0.007045,0.140414,0.852540
0.081922,0.541044,0.377033
0.001017,0.987702,0.011281
0.838372,0.075398,0.086230
0.999707,0.000293,0.000000
0.656506,0.343494,0.000000
0.437534,0.562466,0.000000
0.113979,0.003753,0.882268
0.004604,0.017153,0.978243
0.998834,0.001166,0.000000
0.998381,0.001619,0.000000
0.951997,0.047459,0.000544
0.938827,0.060384,0.000789
0.158315,0.824393,0.017292
0.518186,0.481813,0.000001
0.307144,0.289521,0.403335
0.335963,0.298348,0.365689
0.974545,0.025455,0.000000
0.623431,0.376569,0.000000
0.987081,0.012919,0.000000
0.529252,0.243928,0.226820
0.666670,0.328798,0.004531
0.991448,0.008552,0.000000
0.997386,0.002614,0.000000
0.386008,0.100024,0.513969
0.932723,0.027520,0.039758
0.759826,0.002929,0.237245
0.812028,0.163087,0.024886
0.055779,0.809923,0.134297
0.973126,0.026874,0.000000
0.996571,0.003429,0.000000
0.058816,0.121056,0.820128
0.028080,0.171645,0.800275
0.980686,0.018895,0.000419
0.570483,0.423708,0.005809
0.565261,0.434739,0.000000
0.083257,0.902888,0.013855
0.002958,0.980552,0.016490
0.076490,0.294397,0.629113
0.301255,0.692687,0.006058
0.119812,0.082594,0.797594
0.923862,0.074814,0.001324
0.006371,0.674592,0.319037
0.665380,0.334620,0.000000
0.002198,0.268193,0.729608
0.993309,0.006685,0.000005
0.997837,0.002163,0.000000
0.650642,0.335062,0.014296
0.726877,0.273123,0.000000
0.004638,0.992592,0.002770
0.000317,0.999264,0.000419
0.302368,0.697620,0.000012
0.983576,0.015754,0.000670
0.019374,0.826564,0.154062
0.992224,0.004826,0.002949
0.987948,0.012052,0.000000
0.994641,0.005328,0.000031
0.002919,0.997077,0.000004
0.466403,0.285296,0.248300
0.028218,0.126362,0.845420
0.043337,0.187504,0.769159
0.979264,0.020736,0.000000
0.997674,0.002326,0.000000
0.909058,0.004226,0.086716
0.012802,0.196066,0.791133
0.999250,0.000749,0.000000
0.003175,0.996722,0.000103
0.997739,0.002261,0.000000
0.190817,0.702005,0.107178
0.052975,0.342705,0.604321
0.314055,0.578633,0.107312
0.014255,0.331372,0.654374
0.000815,0.977350,0.021835
0.476193,0.012925,0.510882
0.002782,0.996098,0.001120
0.997666,0.002334,0.000000
0.100901,0.463142,0.435957
0.001886,0.998112,0.000002
0.376598,0.622373,0.001030
0.493327,0.399972,0.106701
0.998675,0.001325,0.000000
0.961408,0.038570,0.000022
0.001679,0.998158,0.000163
0.804749,0.195251,0.000000
0.994075,0.005922,0.000004
0.002174,0.995660,0.002166
0.115566,0.005725,0.878708
0.155623,0.844371,0.000006
0.651769,0.348231,0.000000
0.565704,0.431559,0.002737
0.015654,0.045064,0.939281
0.006749,0.986902,0.006349
0.316337,0.683452,0.000211
0.048540,0.073357,0.878103
0.614751,0.234992,0.150257
0.014551,0.084120,0.901329
0.995617,0.004383,0.000000
0.124018,0.679629,0.196353
0.998691,0.001309,0.000000
0.689627,0.310220,0.000153
0.995858,0.004142,0.000000
0.983908,0.016092,0.000000
0.999214,0.000786,0.000000
0.445290,0.398560,0.156149
0.001971,0.977739,0.020290
0.090555,0.658256,0.251189
0.987383,0.012617,0.000000
0.997753,0.002247,0.000000
0.077857,0.156306,0.765837
0.560646,0.438053,0.001300
0.992334,0.007665,0.000000
0.188706,0.811098,0.000195
0.935183,0.064590,0.000227
0.380690,0.619176,0.000134
0.995795,0.004204,0.000000
0.288045,0.580127,0.131828
0.890100,0.109757,0.000143
0.985740,0.014260,0.000000
0.070126,0.929593,0.000281
0.622570,0.377429,0.000001
0.087447,0.685048,0.227505
0.922544,0.076057,0.001399
0.040101,0.335888,0.624011
0.998337,0.001663,0.000000
0.996641,0.003359,0.000000
0.990693,0.002819,0.006489
0.998458,0.001542,0.000000
0.994585,0.005414,0.000001
0.997768,0.002232,0.000000
0.001182,0.982639,0.016180
0.965761,0.031728,0.002511
0.006481,0.993166,0.000353
0.002239,0.983018,0.014743
0.993639,0.006356,0.000006
0.267851,0.287710,0.444439
0.028261,0.380073,0.591666
0.011647,0.709358,0.278995
0.994107,0.005893,0.000000
0.398502,0.569873,0.031626
0.000895,0.998938,0.000167
0.840093,0.159874,0.000033
0.618943,0.362379,0.018678
0.860327,0.139651,0.000022
0.989572,0.010313,0.000115
0.001811,0.001179,0.997011
0.974052,0.025948,0.000000
0.015067,0.048702,0.936232
