0.014720,0.010675,0.304518,0.045219,0.331013,0.068046,0.051001,0.034422,0.052441,0.087945
0.061592,0.068510,0.094392,0.109669,0.126899,0.142297,0.111116,0.143264,0.065005,0.077256
0.042562,0.045806,0.125856,0.160173,0.152551,0.140658,0.151357,0.042113,0.071075,0.067849
0.075174,0.093477,0.082582,0.084200,0.102553,0.110505,0.096285,0.154229,0.097229,0.103766
0.037378,0.030655,0.299590,0.088467,0.084381,0.105209,0.089589,0.112390,0.061071,0.091270
0.056740,0.017746,0.091753,0.159922,0.093196,0.146341,0.018266,0.146763,0.140185,0.129088
0.030152,0.007030,0.187152,0.032383,0.481043,0.041108,0.047952,0.043003,0.102398,0.027778
0.050021,0.085903,0.342482,0.085404,0.070349,0.062966,0.077879,0.089195,0.069777,0.066024
0.032779,0.057866,0.267233,0.066095,0.069196,0.088490,0.031409,0.065094,0.241279,0.080559
0.057856,0.068025,0.053402,0.045429,0.080200,0.401911,0.063057,0.087757,0.071139,0.071226
0.016991,0.028986,0.412046,0.027179,0.332067,0.026855,0.031772,0.081236,0.022833,0.020034
0.036051,0.044388,0.034514,0.034131,0.109666,0.395696,0.054193,0.057869,0.169127,0.064365
0.095352,0.019439,0.051665,0.112198,0.135442,0.282931,0.018833,0.112661,0.101998,0.069483
0.058747,0.070837,0.276322,0.053615,0.096785,0.121021,0.091456,0.078280,0.079666,0.073272
0.099796,0.084055,0.090973,0.076881,0.115722,0.132648,0.092962,0.113862,0.124998,0.068104
0.052388,0.095269,0.065870,0.083532,0.162626,0.115324,0.059560,0.139349,0.118467,0.107616
0.058290,0.053031,0.062643,0.066265,0.173696,0.136379,0.110142,0.139304,0.066701,0.133549
0.043968,0.019213,0.039899,0.080275,0.090881,0.350029,0.084411,0.090180,0.148149,0.052994
0.047304,0.071511,0.064538,0.104917,0.126445,0.262472,0.059988,0.097774,0.087112,0.077938
0.046707,0.041284,0.054471,0.088976,0.139477,0.292387,0.093155,0.079022,0.060179,0.104343
0.121950,0.021422,0.195970,0.067167,0.135509,0.151982,0.023128,0.125887,0.099446,0.057538
0.064412,0.064770,0.306662,0.117950,0.060961,0.088773,0.075406,0.047351,0.071616,0.102099
0.048841,0.072990,0.295668,0.084383,0.072918,0.103433,0.038119,0.125487,0.063041,0.095119
0.018681,0.032489,0.402924,0.028526,0.319696,0.023829,0.036127,0.092608,0.023836,0.021285
0.067587,0.090145,0.142881,0.076681,0.051448,0.179994,0.112051,0.114867,0.082096,0.082250
0.033736,0.052271,0.041214,0.069637,0.054963,0.379478,0.053851,0.194468,0.045330,0.075052
0.045154,0.096121,0.066640,0.115269,0.111788,0.121882,0.068820,0.147562,0.082993,0.143770
0.066263,0.064961,0.201353,0.098334,0.167958,0.106997,0.076726,0.067194,0.072079,0.078136
0.039431,0.034168,0.251685,0.042970,0.056571,0.113677,0.079844,0.075660,0.262371,0.043623
0.020789,0.020128,0.093823,0.132725,0.127354,0.281361,0.015498,0.064634,0.099923,0.143764
0.024425,0.005819,0.220741,0.040277,0.087297,0.484661,0.006183,0.061083,0.035154,0.034359
0.015467,0.004110,0.424880,0.037218,0.380085,0.023721,0.037473,0.032300,0.022983,0.021764
0.052633,0.039209,0.293781,0.080588,0.088390,0.102207,0.092883,0.130844,0.061702,0.057763
0.055795,0.063821,0.053076,0.043925,0.075830,0.387405,0.064780,0.103610,0.057344,0.094415
0.004187,0.008446,0.347696,0.007884,0.582962,0.011706,0.011147,0.008332,0.007981,0.009660
0.055452,0.106936,0.068228,0.125815,0.152543,0.157576,0.046583,0.137894,0.050420,0.098553
0.044998,0.044538,0.050701,0.081645,0.135150,0.327402,0.083009,0.106040,0.054681,0.071835
0.067808,0.061112,0.072815,0.055853,0.080706,0.397277,0.071750,0.062299,0.077254,0.053126
0.049682,0.048110,0.550880,0.042057,0.050721,0.046906,0.051642,0.047166,0.052411,0.060425
0.104043,0.082453,0.075639,0.173309,0.117723,0.094234,0.096111,0.101852,0.074416,0.080220
0.068087,0.045236,0.395707,0.055864,0.070045,0.062634,0.070633,0.074911,0.086833,0.070049
0.021303,0.023524,0.125718,0.024657,0.027047,0.023286,0.027205,0.196713,0.504732,0.025815
0.075300,0.060339,0.052977,0.115253,0.073073,0.105936,0.069922,0.322876,0.061841,0.062484
0.014630,0.003480,0.482745,0.025262,0.286650,0.026033,0.045243,0.044253,0.023951,0.047752
0.055140,0.080352,0.053200,0.114752,0.078858,0.285630,0.047938,0.104422,0.077328,0.102380
0.032978,0.041679,0.317920,0.049504,0.255001,0.031659,0.041758,0.132226,0.050705,0.046571
0.068175,0.054634,0.094336,0.125434,0.116371,0.099776,0.113679,0.152188,0.084870,0.090538
0.017008,0.032744,0.199765,0.019672,0.548289,0.030963,0.047663,0.034111,0.021305,0.048480
0.099054,0.073720,0.076397,0.075033,0.215817,0.113457,0.076458,0.069251,0.105766,0.095047
0.034641,0.032790,0.223095,0.047884,0.085350,0.086314,0.101661,0.271659,0.067851,0.048757
0.022333,0.004081,0.202844,0.036218,0.212988,0.351173,0.004313,0.097150,0.040741,0.028159
0.059778,0.088373,0.060372,0.109746,0.174172,0.139495,0.038704,0.127108,0.065228,0.137023
0.071900,0.073021,0.241065,0.084666,0.082799,0.089895,0.094861,0.092667,0.091685,0.077441
0.075727,0.056786,0.316746,0.074705,0.072262,0.070853,0.079824,0.062802,0.103183,0.087113
0.078721,0.071626,0.185252,0.091177,0.213204,0.077709,0.078411,0.062289,0.076129,0.065481
0.133191,0.085516,0.080547,0.083999,0.113138,0.106413,0.093349,0.117687,0.083364,0.102796
0.047187,0.042647,0.355879,0.087924,0.073544,0.064011,0.058877,0.098784,0.070262,0.100886
0.069404,0.065555,0.062629,0.091234,0.085818,0.260768,0.099968,0.126376,0.062789,0.075459
0.116762,0.010204,0.237741,0.123051,0.104028,0.114838,0.013924,0.093302,0.115751,0.070399
0.065918,0.064553,0.289357,0.061264,0.162075,0.084328,0.070053,0.051224,0.081650,0.069578
0.043598,0.059763,0.420734,0.085764,0.065677,0.067967,0.048522,0.088931,0.061037,0.058008
0.046930,0.079661,0.273128,0.091363,0.092125,0.087198,0.053049,0.078873,0.083615,0.114058
0.076392,0.099175,0.088923,0.079845,0.133917,0.127088,0.101111,0.094233,0.099939,0.099376
0.112479,0.064032,0.238876,0.064341,0.080837,0.073450,0.081441,0.103650,0.091964,0.088930
0.056797,0.100031,0.091246,0.110203,0.097410,0.092877,0.082052,0.131049,0.104398,0.133937
0.077751,0.081744,0.072120,0.139375,0.115048,0.140455,0.097196,0.137595,0.080106,0.058610
0.010757,0.021981,0.079958,0.020425,0.457955,0.215111,0.030258,0.017987,0.116968,0.028598
0.056355,0.066304,0.050755,0.044254,0.063025,0.435012,0.068918,0.077571,0.066769,0.071036
0.064804,0.048537,0.435455,0.058713,0.060200,0.060713,0.065199,0.081118,0.065472,0.059788
0.029204,0.014095,0.090846,0.116377,0.109658,0.336804,0.021491,0.120889,0.047486,0.113151
0.036731,0.017368,0.031562,0.041224,0.063464,0.458049,0.075821,0.074923,0.146422,0.054436
0.123324,0.099936,0.050798,0.125299,0.145429,0.104462,0.027371,0.117513,0.113460,0.092408
0.003619,0.007505,0.513824,0.006510,0.139836,0.265514,0.021593,0.022136,0.007089,0.012375
0.034314,0.033965,0.149424,0.080389,0.106722,0.150191,0.164913,0.037747,0.120202,0.122132
0.017693,0.003647,0.194982,0.041538,0.064041,0.560001,0.005138,0.056829,0.029571,0.026559
0.035289,0.045616,0.079668,0.121183,0.125080,0.114587,0.133217,0.202523,0.077637,0.065201
0.043937,0.073208,0.085295,0.132355,0.102756,0.142836,0.107768,0.129269,0.107554,0.075021
0.019892,0.043262,0.294832,0.059267,0.386564,0.036455,0.012164,0.047943,0.027225,0.072397
0.051202,0.065116,0.074119,0.069007,0.190785,0.156815,0.123180,0.099530,0.065366,0.104880
0.036350,0.024136,0.240569,0.115394,0.133050,0.097395,0.021391,0.123514,0.101732,0.106467
0.054992,0.046213,0.026226,0.048999,0.035027,0.536335,0.014668,0.046865,0.162392,0.028282
0.093861,0.065792,0.061526,0.110158,0.196840,0.123103,0.067514,0.102116,0.095806,0.083284
0.074774,0.061036,0.205425,0.104574,0.173290,0.081007,0.073299,0.088981,0.075923,0.061691
0.046200,0.085948,0.234304,0.109699,0.092005,0.123762,0.053304,0.102499,0.077539,0.074740
0.047621,0.052567,0.283429,0.076916,0.089161,0.077023,0.088377,0.111234,0.069118,0.104555
0.036603,0.062380,0.056036,0.074512,0.090144,0.086777,0.076300,0.334697,0.060660,0.121891
0.128382,0.096300,0.072555,0.106940,0.119403,0.108035,0.098066,0.097051,0.091452,0.081817
0.032723,0.043757,0.231869,0.047855,0.407936,0.055382,0.049567,0.038751,0.041241,0.050919
0.026772,0.038756,0.259101,0.046589,0.352385,0.040951,0.008667,0.047826,0.142003,0.036949
0.067269,0.084438,0.052572,0.115797,0.080393,0.124309,0.093832,0.095295,0.207383,0.078713
0.024308,0.009054,0.392403,0.041167,0.364255,0.045861,0.040596,0.040646,0.013983,0.027728
0.063756,0.068137,0.337666,0.100916,0.070736,0.075628,0.072641,0.075563,0.070219,0.064739
0.019912,0.018692,0.504872,0.015939,0.015038,0.348327,0.024837,0.017427,0.017829,0.017128
0.074284,0.081288,0.078727,0.104760,0.096618,0.105865,0.097535,0.142022,0.098434,0.120467
0.058585,0.036275,0.501125,0.054085,0.054593,0.061773,0.064902,0.071544,0.062328,0.034788
0.074449,0.076666,0.268027,0.085049,0.059484,0.077120,0.082440,0.104827,0.084051,0.087886
0.047916,0.051204,0.044975,0.045846,0.126524,0.312959,0.061695,0.192795,0.064693,0.051393
0.064789,0.080778,0.068880,0.139526,0.106546,0.147209,0.093669,0.130955,0.075362,0.092284
0.074268,0.056698,0.246031,0.106997,0.091830,0.077701,0.089431,0.076057,0.094912,0.086074
0.058854,0.085587,0.084338,0.097937,0.115111,0.113168,0.098434,0.150175,0.120489,0.075907
0.044076,0.062186,0.054468,0.038764,0.121952,0.304128,0.063351,0.160624,0.072444,0.078007
0.109614,0.098414,0.066727,0.107534,0.144578,0.120735,0.067072,0.098606,0.064320,0.122400
0.134960,0.093930,0.068775,0.086452,0.095292,0.091598,0.094138,0.119476,0.080059,0.135320
0.051131,0.047851,0.204209,0.094036,0.157339,0.112859,0.096374,0.077604,0.079253,0.079344
0.026280,0.017342,0.081415,0.117250,0.107283,0.279845,0.014119,0.104183,0.113441,0.138840
0.053786,0.062368,0.050830,0.069274,0.159678,0.336765,0.058865,0.057189,0.070201,0.081043
0.033216,0.028047,0.162558,0.026172,0.023663,0.628938,0.010217,0.026358,0.036092,0.024739
0.063281,0.104781,0.102484,0.115025,0.106185,0.129762,0.113202,0.127397,0.065136,0.072748
0.064680,0.059767,0.335252,0.057025,0.074093,0.078931,0.072664,0.073303,0.079772,0.104512
0.034546,0.093174,0.274999,0.103084,0.091560,0.087311,0.045475,0.130792,0.071987,0.067072
0.061036,0.079075,0.081224,0.076146,0.199505,0.104177,0.093018,0.150583,0.078442,0.076794
0.071460,0.111722,0.099254,0.074413,0.117788,0.122484,0.058607,0.108480,0.128114,0.107680
0.078289,0.089528,0.083699,0.163411,0.108613,0.105454,0.084660,0.078227,0.103753,0.104365
0.072240,0.061230,0.045215,0.039520,0.145694,0.356723,0.057844,0.074006,0.066426,0.081102
0.028324,0.019185,0.212134,0.122035,0.159619,0.129130,0.018169,0.153451,0.082083,0.075871
0.005193,0.008924,0.186484,0.010099,0.043565,0.640963,0.012069,0.074069,0.009195,0.009438
0.057837,0.070057,0.069608,0.085839,0.211677,0.110635,0.080780,0.123332,0.060677,0.129557
0.073128,0.079070,0.222901,0.051326,0.070504,0.125578,0.074626,0.107275,0.098610,0.096981
0.019185,0.039639,0.263527,0.040452,0.342924,0.059431,0.007566,0.038597,0.133273,0.055406
0.103410,0.074932,0.068854,0.052388,0.126211,0.309252,0.039637,0.111364,0.055777,0.058176
0.068545,0.060437,0.053058,0.062374,0.078431,0.101185,0.070225,0.353697,0.068279,0.083770
0.045856,0.121071,0.062973,0.150324,0.158565,0.123603,0.026209,0.121608,0.093705,0.096085
0.012044,0.014360,0.117212,0.017144,0.013888,0.578166,0.005975,0.018559,0.206077,0.016574
0.144134,0.021807,0.060298,0.132436,0.134769,0.105105,0.021831,0.150708,0.044726,0.184186
0.036640,0.051412,0.250961,0.058683,0.055970,0.056660,0.037409,0.057071,0.351205,0.043988
0.013950,0.021662,0.405432,0.023039,0.332488,0.025868,0.003272,0.038880,0.115812,0.019598
0.049356,0.051148,0.541179,0.037146,0.041219,0.066973,0.050957,0.062976,0.051670,0.047376
0.015746,0.023445,0.240698,0.025701,0.015695,0.606328,0.009263,0.020629,0.021816,0.020679
0.047924,0.012217,0.242823,0.154767,0.109678,0.095671,0.013009,0.149838,0.107338,0.066735
0.027476,0.023014,0.099597,0.134984,0.093275,0.145216,0.033161,0.218658,0.131733,0.092887
0.011409,0.023296,0.248845,0.011445,0.491954,0.028609,0.028738,0.024475,0.085325,0.045904
0.007682,0.008493,0.102519,0.007361,0.006348,0.626418,0.010271,0.009152,0.212693,0.009063
0.068444,0.052665,0.461739,0.039261,0.050965,0.070911,0.075093,0.081601,0.047009,0.052313
0.091635,0.084438,0.063944,0.129912,0.110248,0.135938,0.058147,0.143553,0.055947,0.126236
0.043587,0.072379,0.070906,0.084256,0.154063,0.072469,0.064906,0.288158,0.071895,0.077382
0.031187,0.057340,0.255241,0.054838,0.392564,0.051089,0.008074,0.066627,0.037438,0.045603
0.061948,0.057011,0.339164,0.055544,0.181319,0.082031,0.007594,0.065780,0.065505,0.084106
0.030785,0.040805,0.259927,0.039428,0.428308,0.068002,0.007254,0.054936,0.037818,0.032737
0.068278,0.091903,0.151580,0.094654,0.041136,0.193698,0.108392,0.094307,0.076892,0.079161
0.064620,0.112845,0.066624,0.112324,0.117144,0.127711,0.062030,0.149453,0.118970,0.068280
0.016439,0.003350,0.211874,0.036443,0.025323,0.541008,0.003505,0.027362,0.092398,0.042297
0.035758,0.033470,0.415397,0.032550,0.072135,0.089845,0.077085,0.139501,0.057269,0.046989
0.043200,0.052624,0.401056,0.069685,0.071196,0.097091,0.076866,0.063196,0.065598,0.059489
0.046428,0.071878,0.277491,0.082302,0.080803,0.123331,0.090989,0.079909,0.075775,0.071094
0.055121,0.039896,0.249652,0.074764,0.072490,0.087679,0.071968,0.187359,0.069658,0.091414
0.046609,0.037377,0.359306,0.064871,0.053969,0.060448,0.058331,0.189343,0.054727,0.075020
0.006764,0.006961,0.158945,0.004757,0.004987,0.549672,0.009637,0.007156,0.245067,0.006054
0.036692,0.052706,0.092948,0.062704,0.163895,0.147942,0.120728,0.166567,0.075195,0.080624
0.052777,0.057947,0.490198,0.035669,0.054381,0.055315,0.068604,0.060764,0.067769,0.056577
0.037866,0.062376,0.302973,0.069934,0.063761,0.067375,0.026573,0.076735,0.228684,0.063723
0.048949,0.112899,0.093894,0.140185,0.114411,0.128376,0.036733,0.140385,0.090152,0.094017
0.007515,0.001390,0.439765,0.006276,0.224828,0.273410,0.012339,0.009893,0.014576,0.010007
0.101552,0.087235,0.072247,0.073780,0.100014,0.149496,0.100738,0.119098,0.112197,0.083643
0.062769,0.073429,0.065315,0.053138,0.072021,0.407716,0.037081,0.094109,0.065736,0.068686
0.015659,0.002729,0.141552,0.019101,0.372065,0.293740,0.043682,0.005306,0.092466,0.013700
0.014019,0.007310,0.400598,0.036879,0.352287,0.067734,0.004582,0.063487,0.018404,0.034699
0.053416,0.057427,0.274100,0.093703,0.070232,0.098189,0.099223,0.115657,0.069525,0.068527
0.029320,0.053599,0.308398,0.044477,0.354977,0.048671,0.011301,0.056912,0.035215,0.057131
0.045323,0.081947,0.054566,0.084006,0.095801,0.336487,0.045975,0.078556,0.060302,0.117037
0.066938,0.079734,0.327095,0.063800,0.062515,0.119767,0.083626,0.044043,0.075758,0.076724
0.067362,0.064976,0.343920,0.048687,0.079580,0.076028,0.078049,0.085614,0.080708,0.075076
0.065203,0.055138,0.051325,0.057467,0.158412,0.345458,0.071427,0.061252,0.072672,0.061646
0.007112,0.007167,0.237961,0.003638,0.163586,0.551384,0.007588,0.005092,0.008140,0.008332
0.011984,0.012322,0.621108,0.013919,0.007301,0.286172,0.014943,0.002897,0.015068,0.014287
0.021185,0.031540,0.350172,0.036087,0.409653,0.035714,0.005604,0.049683,0.032531,0.027830
0.014301,0.009788,0.169515,0.013422,0.008131,0.722263,0.014185,0.012576,0.015400,0.020419
0.024748,0.048818,0.207994,0.046139,0.448946,0.038266,0.047853,0.047560,0.045589,0.044087
0.008888,0.007764,0.189791,0.005824,0.233803,0.521561,0.009413,0.007578,0.008002,0.007375
0.021177,0.021220,0.105873,0.123647,0.121413,0.213957,0.019018,0.164686,0.117648,0.091362
0.032844,0.021994,0.116954,0.088316,0.143822,0.198329,0.017120,0.164572,0.145472,0.070577
0.046247,0.057576,0.051299,0.066257,0.068775,0.449520,0.061792,0.071661,0.071053,0.055820
0.043281,0.054178,0.047165,0.084308,0.140863,0.373463,0.065316,0.073867,0.052927,0.064632
0.065219,0.060022,0.059930,0.071462,0.062740,0.070067,0.061893,0.356345,0.093240,0.099082
0.016306,0.026187,0.223410,0.024957,0.589327,0.023532,0.025160,0.018266,0.022883,0.029971
0.018775,0.003503,0.224421,0.067759,0.158859,0.413560,0.004252,0.047490,0.028943,0.032438
0.065763,0.081422,0.257362,0.078520,0.062861,0.075663,0.086739,0.088115,0.096056,0.107500
0.008768,0.010959,0.469813,0.012765,0.006973,0.334159,0.012952,0.011219,0.119890,0.012501
0.057257,0.066168,0.178703,0.093815,0.050337,0.243365,0.088623,0.094133,0.057496,0.070104
0.004612,0.006747,0.223736,0.007793,0.108530,0.617538,0.008685,0.006821,0.007005,0.008534
0.102999,0.088152,0.180851,0.078279,0.155596,0.122375,0.038140,0.112947,0.062798,0.057862
0.071385,0.097574,0.071770,0.160314,0.128877,0.127381,0.038980,0.122334,0.092315,0.089072
0.072954,0.054711,0.046466,0.069469,0.160368,0.338682,0.065848,0.080001,0.063774,0.047727
0.010008,0.020568,0.224796,0.025670,0.239187,0.255970,0.044793,0.023920,0.129104,0.025984
0.007953,0.007335,0.565929,0.009384,0.009155,0.352298,0.014146,0.009374,0.011470,0.012956
0.077309,0.057424,0.317964,0.075786,0.059491,0.095525,0.073982,0.072667,0.088726,0.081127
0.062789,0.105519,0.067979,0.138996,0.125480,0.126583,0.058115,0.146011,0.072490,0.096037
0.018306,0.024835,0.198406,0.028520,0.596587,0.017468,0.041836,0.023199,0.027140,0.023703
0.044904,0.018562,0.048495,0.075961,0.080465,0.343082,0.083168,0.055718,0.157991,0.091653
0.071228,0.089515,0.076012,0.101373,0.106247,0.126205,0.094960,0.117204,0.068114,0.149143
0.059017,0.064838,0.052730,0.062902,0.061577,0.370371,0.067945,0.097021,0.068727,0.094871
0.040946,0.072954,0.049732,0.098000,0.088219,0.296763,0.051287,0.140744,0.067413,0.093942
0.034307,0.159073,0.121293,0.109586,0.176102,0.155422,0.029731,0.039254,0.100835,0.074398
0.015017,0.024930,0.205372,0.029220,0.557340,0.018619,0.025962,0.024854,0.033667,0.065018
0.051674,0.060768,0.463266,0.056541,0.054803,0.068917,0.036240,0.075677,0.054523,0.077591
0.026083,0.025500,0.113143,0.077664,0.155853,0.176406,0.031756,0.166651,0.106552,0.120392
0.055900,0.011995,0.266660,0.053046,0.069869,0.043522,0.050984,0.113008,0.274924,0.060093
0.017206,0.023240,0.163046,0.022402,0.021251,0.669934,0.009647,0.021467,0.029832,0.021974
0.071628,0.063245,0.346288,0.088462,0.073396,0.097877,0.068141,0.058431,0.072770,0.059762
0.076226,0.088063,0.069391,0.092028,0.096554,0.134649,0.096282,0.083146,0.148276,0.115384
0.032966,0.029181,0.207743,0.053252,0.053457,0.234828,0.068498,0.076716,0.178362,0.064997
0.048805,0.066747,0.199572,0.066285,0.058530,0.069453,0.057123,0.032362,0.320125,0.080999
0.017893,0.019826,0.204045,0.008828,0.389376,0.238309,0.024142,0.023842,0.019270,0.054469
0.028728,0.033129,0.391633,0.034952,0.352715,0.024916,0.039231,0.028095,0.026122,0.040478
0.011425,0.006949,0.157532,0.007341,0.009869,0.583456,0.009893,0.005790,0.196709,0.011035
0.075691,0.065124,0.317052,0.075804,0.053693,0.079492,0.071031,0.081181,0.074362,0.106571
0.007920,0.008208,0.178504,0.009776,0.008618,0.740713,0.011327,0.012152,0.012032,0.010750
0.030449,0.108399,0.093856,0.121046,0.147896,0.136113,0.046924,0.099343,0.089405,0.126569
0.005754,0.000619,0.532825,0.004584,0.205415,0.180502,0.010661,0.005372,0.046935,0.007334
0.074362,0.082745,0.084160,0.109439,0.104206,0.095670,0.096800,0.145927,0.074320,0.132371
0.022470,0.026703,0.202587,0.120973,0.182887,0.132106,0.023026,0.103108,0.098431,0.087708
0.082398,0.082830,0.220472,0.052175,0.083429,0.089717,0.086070,0.096003,0.088179,0.118727
0.129945,0.081857,0.077099,0.079357,0.104600,0.109307,0.098298,0.163402,0.073211,0.082923
0.063914,0.106235,0.065732,0.139850,0.177219,0.126976,0.037940,0.156654,0.057888,0.067593
0.074626,0.063878,0.367945,0.085163,0.057857,0.070950,0.068848,0.038535,0.068951,0.103249
0.044755,0.108385,0.090902,0.133320,0.117275,0.111171,0.055403,0.140896,0.083897,0.113996
0.052498,0.059143,0.276903,0.068989,0.087629,0.124698,0.054380,0.091599,0.063843,0.120317
0.055863,0.042145,0.233056,0.031884,0.037093,0.041764,0.043185,0.048896,0.405428,0.060685
0.047217,0.039526,0.335032,0.048841,0.049688,0.047175,0.025719,0.051917,0.293734,0.061151
0.048581,0.006952,0.419698,0.071471,0.185884,0.053804,0.054976,0.053651,0.043361,0.061622
0.038223,0.056352,0.465849,0.080323,0.074519,0.065592,0.068349,0.076553,0.038332,0.035907
0.052442,0.061330,0.049242,0.085927,0.137261,0.336348,0.069038,0.056581,0.061109,0.090722
0.082092,0.090039,0.066702,0.084592,0.222419,0.112884,0.091224,0.077333,0.097223,0.075493
0.026780,0.022418,0.100598,0.122134,0.073945,0.298310,0.017362,0.146322,0.116569,0.075563
0.018329,0.018851,0.579974,0.017731,0.011477,0.287575,0.017364,0.011084,0.016175,0.021440
0.068324,0.079133,0.085221,0.172872,0.109070,0.110251,0.095518,0.141672,0.069074,0.068865
0.077247,0.073225,0.306118,0.079344,0.065427,0.075823,0.069408,0.093836,0.075310,0.084262
0.006084,0.008287,0.152048,0.005301,0.005463,0.560953,0.007245,0.008888,0.235778,0.009953
0.072761,0.069768,0.070565,0.079363,0.073075,0.078674,0.070837,0.341186,0.060145,0.083625
0.017253,0.029804,0.228199,0.017443,0.520054,0.033389,0.036973,0.028611,0.025784,0.062489
0.030933,0.026555,0.272737,0.030192,0.018371,0.022265,0.028486,0.077641,0.454369,0.038451
0.054420,0.077597,0.263634,0.085282,0.090161,0.070508,0.078588,0.093173,0.067030,0.119607
0.057115,0.041074,0.218122,0.069128,0.090669,0.227627,0.096680,0.069392,0.065748,0.064444
0.063345,0.018430,0.108409,0.144373,0.143968,0.163770,0.011878,0.168420,0.079224,0.098184
0.035713,0.035144,0.221648,0.038711,0.029684,0.042400,0.031742,0.124451,0.398419,0.042089
0.013342,0.011632,0.202591,0.024932,0.015637,0.648961,0.024262,0.010444,0.021014,0.027184
0.034068,0.051136,0.447071,0.084336,0.067323,0.069814,0.079332,0.076495,0.044218,0.046207
0.039532,0.075835,0.118209,0.064363,0.084116,0.241999,0.092148,0.086554,0.071980,0.125265
0.062494,0.069082,0.339585,0.079722,0.074168,0.070904,0.073501,0.042653,0.087280,0.100610
0.081217,0.097457,0.088702,0.110920,0.108809,0.118730,0.102764,0.140446,0.077150,0.073807
0.040901,0.041059,0.479735,0.070569,0.048283,0.052845,0.066300,0.054953,0.048389,0.096965
0.111318,0.136205,0.086469,0.082192,0.097654,0.129034,0.096740,0.115773,0.088138,0.056476
0.018839,0.035823,0.193356,0.047242,0.213166,0.372606,0.005533,0.043835,0.034844,0.034757
0.011198,0.022828,0.402286,0.037989,0.421302,0.035335,0.004730,0.031599,0.018923,0.013811
0.061801,0.061795,0.421329,0.069006,0.057085,0.060138,0.066205,0.068678,0.085179,0.048784
0.053865,0.051768,0.200427,0.103342,0.149008,0.102571,0.100098,0.081917,0.088512,0.068492
0.122192,0.101494,0.089687,0.093847,0.108499,0.119403,0.104646,0.086043,0.094433,0.079755
0.033964,0.095443,0.151055,0.129703,0.051535,0.175264,0.127356,0.031003,0.068815,0.135862
0.048036,0.057682,0.034054,0.065911,0.094447,0.071973,0.071537,0.271474,0.232707,0.052180
0.089351,0.091930,0.093607,0.112503,0.146105,0.118337,0.053091,0.119156,0.116758,0.059162
0.063208,0.121744,0.089227,0.063172,0.126951,0.151006,0.016167,0.125509,0.084512,0.158505
0.033407,0.040957,0.405955,0.065120,0.056849,0.090272,0.070960,0.134867,0.053993,0.047620
0.043478,0.088014,0.191299,0.115890,0.092890,0.094659,0.047876,0.120379,0.082549,0.122968
0.049660,0.046342,0.409881,0.037388,0.043798,0.063896,0.049420,0.190397,0.048421,0.060798
0.046366,0.063149,0.233774,0.053940,0.085231,0.154965,0.119672,0.097548,0.065155,0.080200
0.032210,0.037891,0.509616,0.039667,0.038062,0.033879,0.043781,0.164039,0.035694,0.065161
0.097660,0.103670,0.083069,0.116791,0.145101,0.107011,0.098578,0.112326,0.078806,0.056987
0.061694,0.070066,0.070391,0.080901,0.206879,0.132154,0.085387,0.122086,0.064132,0.106310
0.109703,0.019348,0.052392,0.110299,0.144870,0.129790,0.018219,0.132629,0.124890,0.157860
0.084067,0.058994,0.330040,0.063544,0.082373,0.076444,0.085289,0.077150,0.059338,0.082762
0.056739,0.068611,0.061345,0.091075,0.207912,0.097224,0.084566,0.119519,0.082219,0.130790
0.133053,0.020012,0.102277,0.112171,0.146966,0.140915,0.016081,0.123490,0.114859,0.090175
0.055018,0.059099,0.060354,0.064985,0.057707,0.441085,0.062805,0.070625,0.067795,0.060527
0.125792,0.034434,0.051779,0.110237,0.127456,0.131185,0.115858,0.128565,0.106445,0.068250
0.047152,0.091198,0.091262,0.116719,0.121341,0.125210,0.042305,0.143023,0.124478,0.097312
0.024753,0.020049,0.107283,0.111993,0.076567,0.244655,0.020318,0.142847,0.120502,0.131034
0.081162,0.066320,0.239174,0.089020,0.089409,0.073929,0.083784,0.089656,0.104787,0.082760
0.049550,0.063668,0.294966,0.074864,0.061573,0.078193,0.073943,0.164239,0.057488,0.081515
0.014093,0.014066,0.162608,0.014098,0.012954,0.503391,0.003128,0.069376,0.189720,0.016567
0.020380,0.025530,0.213196,0.028102,0.557241,0.033775,0.040136,0.009568,0.027298,0.044775
0.090639,0.088935,0.079349,0.098472,0.089000,0.151537,0.089083,0.083745,0.091301,0.137939
0.036737,0.062426,0.241567,0.048505,0.234078,0.071261,0.064051,0.078682,0.071169,0.091522
0.018663,0.013526,0.170489,0.023067,0.014640,0.678509,0.020779,0.016743,0.022498,0.021087
0.081703,0.081980,0.219758,0.093628,0.091751,0.084599,0.079359,0.069322,0.092174,0.105726
0.011361,0.018567,0.141245,0.023496,0.299825,0.316293,0.035075,0.034017,0.105672,0.014449
0.038906,0.039131,0.160017,0.060460,0.099170,0.205269,0.101986,0.108771,0.059310,0.126981
0.015160,0.019767,0.220172,0.011492,0.420985,0.252751,0.025270,0.017108,0.008895,0.008399
0.043726,0.056316,0.056911,0.118499,0.072124,0.354044,0.064986,0.079045,0.070138,0.084210
0.029225,0.033336,0.255946,0.033588,0.491173,0.055600,0.004832,0.052011,0.020163,0.024127
0.038143,0.004607,0.256507,0.025535,0.168278,0.295698,0.059163,0.060240,0.057338,0.034490
0.056494,0.104219,0.066896,0.097655,0.161133,0.093528,0.071390,0.130443,0.124368,0.093873
0.063872,0.053178,0.182071,0.063933,0.087399,0.205503,0.093857,0.097902,0.082738,0.069547
0.035221,0.042247,0.234939,0.054664,0.412867,0.061881,0.006493,0.061564,0.049635,0.040489
0.034551,0.086736,0.115591,0.078189,0.079750,0.173525,0.033540,0.099031,0.240510,0.058577
0.093935,0.108805,0.067212,0.102276,0.106510,0.138391,0.100754,0.113057,0.104193,0.064866
0.051763,0.078989,0.092775,0.112698,0.107785,0.093511,0.110599,0.141804,0.068175,0.141901
0.069347,0.028375,0.334189,0.062868,0.064369,0.065305,0.078129,0.039611,0.217043,0.040762
0.055448,0.102871,0.069542,0.111725,0.111522,0.123265,0.065443,0.163165,0.131349,0.065673
0.066241,0.056850,0.486955,0.070365,0.047065,0.076143,0.062487,0.027744,0.053992,0.052159
0.060356,0.101041,0.138071,0.060670,0.085637,0.103335,0.072753,0.160685,0.071653,0.145798
0.029284,0.039459,0.236333,0.087174,0.167552,0.091081,0.086162,0.107734,0.077916,0.077304
0.067897,0.068054,0.058861,0.101469,0.074284,0.106243,0.075998,0.331440,0.054973,0.060780
0.031471,0.004275,0.279424,0.020054,0.155794,0.303442,0.095666,0.007127,0.082686,0.020061
0.127133,0.109032,0.072475,0.074095,0.102702,0.141024,0.076118,0.089096,0.127166,0.081158
0.082939,0.064648,0.198512,0.107240,0.077010,0.084842,0.079658,0.116148,0.071901,0.117103
0.032908,0.021187,0.241945,0.097284,0.126772,0.112414,0.021697,0.149248,0.078206,0.118340
0.003972,0.001959,0.171506,0.004393,0.019086,0.552731,0.009783,0.048752,0.180170,0.007648
0.013253,0.022699,0.221835,0.024971,0.461739,0.021056,0.028769,0.021061,0.167335,0.017283
0.007892,0.018158,0.131014,0.019520,0.382025,0.308071,0.041838,0.036594,0.019338,0.035549
0.001888,0.004133,0.480795,0.003427,0.313746,0.175993,0.006588,0.002448,0.004510,0.006473
0.075144,0.096634,0.069651,0.080127,0.085234,0.160149,0.096795,0.121795,0.091159,0.123312
0.091577,0.073034,0.064597,0.080735,0.192886,0.127258,0.084376,0.104217,0.065835,0.115484
0.091273,0.073550,0.076317,0.124300,0.210338,0.092208,0.074455,0.124249,0.076709,0.056601
0.045868,0.055169,0.279727,0.030213,0.088115,0.072339,0.051903,0.294245,0.047730,0.034692
0.018061,0.015397,0.216697,0.017489,0.103107,0.557149,0.003804,0.015826,0.018859,0.033610
0.073519,0.081946,0.093241,0.104195,0.107561,0.149424,0.082960,0.075616,0.099610,0.131928
0.044308,0.062723,0.208188,0.067024,0.072675,0.081226,0.028114,0.080094,0.279308,0.076342
0.064214,0.089125,0.288485,0.079482,0.089856,0.076418,0.074745,0.088675,0.084586,0.064413
0.048014,0.070306,0.195113,0.070055,0.151628,0.117721,0.091071,0.062677,0.091865,0.101549
0.067035,0.072026,0.071641,0.123920,0.207676,0.113176,0.083045,0.123678,0.075426,0.062376
0.006982,0.006737,0.322343,0.007991,0.110630,0.511595,0.010040,0.007284,0.008296,0.008103
0.059160,0.051319,0.089503,0.114632,0.151878,0.107685,0.124192,0.146082,0.060625,0.094924
0.055121,0.115483,0.072158,0.134327,0.144881,0.110735,0.054360,0.111865,0.099803,0.101267
0.013503,0.007539,0.381020,0.044829,0.336025,0.045307,0.046066,0.048568,0.029245,0.047899
0.050106,0.056907,0.054277,0.081005,0.064411,0.411316,0.060787,0.073868,0.056466,0.090856
0.040061,0.074921,0.062092,0.051277,0.082422,0.375042,0.065196,0.071387,0.081365,0.096237
0.028148,0.035315,0.243525,0.029744,0.484440,0.031106,0.044306,0.029545,0.031784,0.042087
0.042821,0.053221,0.505601,0.066490,0.045517,0.070909,0.058022,0.051139,0.058129,0.048150
0.071260,0.074768,0.088165,0.130214,0.107404,0.139935,0.088723,0.144495,0.090060,0.064975
0.069525,0.093832,0.088355,0.098363,0.123318,0.104130,0.095151,0.122047,0.114406,0.090872
0.052111,0.068447,0.063570,0.079632,0.212326,0.116880,0.082069,0.122831,0.066353,0.135781
0.042802,0.045481,0.248921,0.086170,0.176476,0.084370,0.086027,0.096424,0.064436,0.068893
0.039954,0.044575,0.142384,0.088145,0.090312,0.242991,0.098263,0.077492,0.073967,0.101915
0.084290,0.066561,0.080532,0.113259,0.189876,0.090326,0.079532,0.107048,0.080485,0.108092
0.011763,0.008249,0.202078,0.019509,0.012305,0.676391,0.015837,0.017043,0.019356,0.017470
0.057414,0.074340,0.087625,0.094698,0.214779,0.099155,0.084761,0.107016,0.088488,0.091724
0.052577,0.056027,0.201198,0.107865,0.099005,0.096052,0.092057,0.111683,0.073891,0.109645
0.033464,0.066513,0.227745,0.090643,0.084609,0.081007,0.040409,0.237182,0.083032,0.055396
0.040066,0.045367,0.351081,0.049971,0.033568,0.040100,0.040635,0.039046,0.316163,0.044004
0.067988,0.058007,0.277029,0.064963,0.062105,0.063040,0.058283,0.201594,0.067038,0.079953
0.052880,0.074565,0.306138,0.096690,0.061539,0.102209,0.051256,0.089808,0.061101,0.103814
0.042967,0.047863,0.050599,0.080756,0.133561,0.297083,0.085220,0.103310,0.063692,0.094949
0.054319,0.080992,0.052462,0.083620,0.075340,0.360946,0.054457,0.072561,0.091141,0.074163
0.079082,0.016177,0.057705,0.137378,0.156429,0.148314,0.014107,0.143519,0.073074,0.174215
0.039887,0.038961,0.044627,0.075001,0.124670,0.325045,0.085031,0.093408,0.071236,0.102133
0.079825,0.091379,0.071817,0.086492,0.215757,0.099096,0.092749,0.078851,0.095055,0.088980
0.039036,0.049156,0.035446,0.054010,0.043042,0.402769,0.051130,0.211717,0.051527,0.062167
0.073403,0.085139,0.064828,0.125554,0.214529,0.100409,0.089219,0.108332,0.075907,0.062679
0.083317,0.051288,0.053763,0.087204,0.149591,0.333184,0.064647,0.074279,0.055620,0.047107
0.048320,0.064535,0.263012,0.060905,0.096480,0.123937,0.102873,0.060624,0.104625,0.074690
0.072836,0.059890,0.030486,0.037631,0.087271,0.063007,0.064412,0.245821,0.258870,0.079775
0.010969,0.012997,0.393314,0.008112,0.501795,0.015144,0.017726,0.018912,0.012497,0.008535
0.055830,0.065013,0.275245,0.084590,0.079393,0.108587,0.076996,0.084722,0.060690,0.108935
0.005602,0.005895,0.122362,0.005938,0.038228,0.570344,0.008300,0.008150,0.225948,0.009234
0.044067,0.058087,0.039837,0.083521,0.098727,0.073621,0.075328,0.274000,0.207376,0.045436
0.015051,0.027414,0.497431,0.014754,0.021474,0.344454,0.006486,0.031825,0.025040,0.016071
0.039530,0.040879,0.077907,0.089708,0.091850,0.320078,0.108229,0.113389,0.056523,0.061906
0.007936,0.023615,0.158644,0.017983,0.287334,0.397718,0.026856,0.038674,0.021764,0.019477
0.032959,0.102519,0.134978,0.090692,0.114573,0.179623,0.045812,0.142341,0.082269,0.074235
0.015595,0.030924,0.160060,0.020224,0.302776,0.342210,0.033033,0.042611,0.027042,0.025524
0.107942,0.076628,0.229654,0.085048,0.062669,0.083343,0.079811,0.077702,0.080764,0.116440
0.084149,0.054688,0.040430,0.054949,0.060098,0.444880,0.055749,0.064666,0.058162,0.082230
0.063118,0.089150,0.152555,0.087623,0.088730,0.244381,0.098063,0.055084,0.076834,0.044460
0.059476,0.079419,0.070052,0.155804,0.211186,0.100847,0.085941,0.107141,0.080202,0.049932
0.025990,0.012570,0.292165,0.049119,0.380091,0.040841,0.063815,0.060946,0.036311,0.038152
0.046294,0.045763,0.265404,0.062028,0.052136,0.069684,0.067288,0.225751,0.087605,0.078046
0.073948,0.098868,0.067732,0.082967,0.114580,0.109292,0.101355,0.081594,0.183294,0.086370
0.054089,0.062243,0.411171,0.064307,0.058620,0.061942,0.058173,0.072962,0.068980,0.087513
0.032328,0.091682,0.094539,0.053091,0.106681,0.146865,0.021241,0.134897,0.225484,0.093191
0.037816,0.012365,0.254463,0.038790,0.344283,0.053073,0.086606,0.069318,0.059676,0.043610
0.017592,0.008718,0.202229,0.051697,0.029811,0.529452,0.009724,0.052983,0.042878,0.054914
0.050476,0.061667,0.056171,0.124016,0.063530,0.339389,0.070013,0.098012,0.083315,0.053411
0.071398,0.104613,0.070689,0.108838,0.129683,0.119639,0.069824,0.159598,0.087252,0.078465
0.050064,0.110134,0.067203,0.129346,0.115785,0.142347,0.101968,0.125985,0.091469,0.065699
0.037730,0.071982,0.202591,0.073024,0.058312,0.095903,0.022594,0.072222,0.306293,0.059349
0.061736,0.061395,0.216478,0.078455,0.103319,0.072364,0.024542,0.068421,0.249988,0.063301
0.090376,0.059815,0.297421,0.052441,0.145481,0.064969,0.070084,0.062870,0.078933,0.077609
0.014691,0.018444,0.165913,0.021216,0.068549,0.657795,0.007432,0.016484,0.017432,0.012043
0.047398,0.064616,0.354452,0.081792,0.068490,0.097160,0.032647,0.108382,0.059469,0.085594
0.069963,0.119956,0.066959,0.075360,0.151217,0.136091,0.034334,0.158838,0.089396,0.097886
0.020337,0.020754,0.108399,0.129297,0.120884,0.166416,0.016566,0.174805,0.117810,0.124733
0.016215,0.006406,0.259547,0.037678,0.474173,0.043589,0.054474,0.051818,0.022486,0.033615
0.045080,0.049890,0.183048,0.109118,0.072755,0.181885,0.100574,0.119294,0.068352,0.070004
0.040325,0.066388,0.037568,0.076986,0.066662,0.384916,0.033119,0.074476,0.161583,0.057976
0.047307,0.033049,0.273800,0.059556,0.040427,0.065507,0.049006,0.056015,0.303017,0.072315
0.079450,0.069892,0.171213,0.109957,0.084238,0.092513,0.092873,0.088787,0.117079,0.093997
0.049545,0.052710,0.308294,0.078956,0.168490,0.068064,0.064436,0.080020,0.064056,0.065428
0.069964,0.015554,0.047103,0.097539,0.113346,0.315657,0.018765,0.119705,0.116336,0.086031
0.045055,0.031700,0.043645,0.047826,0.124790,0.343263,0.085377,0.095275,0.084723,0.098347
0.040196,0.057079,0.481182,0.056916,0.059024,0.056807,0.041499,0.066578,0.046639,0.094080
0.057606,0.094042,0.067915,0.130423,0.154219,0.136989,0.067749,0.114133,0.061562,0.115362
0.017592,0.023351,0.158207,0.024501,0.023425,0.691300,0.006668,0.008709,0.021330,0.024918
0.041007,0.052488,0.127283,0.108908,0.088247,0.205296,0.100727,0.077946,0.076961,0.121136
0.062317,0.079479,0.065753,0.070456,0.070552,0.321741,0.072030,0.091685,0.064073,0.101915
0.104934,0.053130,0.104335,0.101851,0.100527,0.148229,0.110813,0.114576,0.110869,0.050736
0.061523,0.100694,0.089707,0.129725,0.112001,0.129018,0.056548,0.114133,0.096817,0.109834
0.042419,0.055301,0.064654,0.119220,0.125091,0.119562,0.127530,0.145358,0.063797,0.137069
0.011741,0.019818,0.264239,0.011604,0.565596,0.040360,0.030178,0.019557,0.019862,0.017046
0.047367,0.046204,0.249275,0.048640,0.050177,0.046727,0.052699,0.349802,0.057037,0.052072
0.084534,0.089971,0.241948,0.102797,0.078520,0.079905,0.082443,0.044792,0.095559,0.099531
0.120015,0.059061,0.217054,0.072066,0.063057,0.101045,0.080526,0.080587,0.087958,0.118631
0.041725,0.052414,0.197580,0.104120,0.079239,0.209474,0.091334,0.097728,0.063223,0.063164
0.034776,0.068264,0.165498,0.069013,0.079688,0.092432,0.022540,0.074254,0.326545,0.066990
0.014608,0.017218,0.586155,0.008616,0.011366,0.309744,0.004008,0.021430,0.011683,0.015172
0.019238,0.004718,0.124768,0.104373,0.291041,0.279084,0.063770,0.073225,0.017540,0.022242
0.015320,0.023629,0.159720,0.013183,0.018592,0.596770,0.007489,0.119787,0.022148,0.023363
0.122131,0.059672,0.198797,0.090245,0.060762,0.082161,0.090500,0.095814,0.110939,0.088978
0.013796,0.014562,0.197242,0.016080,0.668643,0.017028,0.020981,0.022462,0.016791,0.012414
0.044357,0.075537,0.294439,0.076155,0.079644,0.075241,0.078865,0.097010,0.088428,0.090325
0.020044,0.040821,0.279571,0.022110,0.282984,0.056621,0.008925,0.037581,0.181915,0.069428
0.119134,0.097713,0.071854,0.069559,0.109513,0.114555,0.071161,0.142013,0.128130,0.076368
0.026796,0.010075,0.239955,0.045836,0.424251,0.038117,0.067286,0.051359,0.059901,0.036424
0.050657,0.048073,0.042531,0.076876,0.057847,0.352888,0.059126,0.070952,0.192118,0.048931
0.064547,0.048316,0.036193,0.050670,0.103624,0.312317,0.051537,0.067978,0.199981,0.064837
0.073057,0.083767,0.080125,0.137875,0.108942,0.129887,0.097226,0.121319,0.081829,0.085973
0.009903,0.020085,0.355904,0.022442,0.477295,0.025377,0.003765,0.026087,0.010905,0.048239
0.030263,0.021185,0.229114,0.111139,0.075615,0.143352,0.023827,0.109199,0.103054,0.153253
0.058520,0.079016,0.066685,0.145459,0.190955,0.096633,0.081246,0.118287,0.061735,0.101465
0.052391,0.080403,0.241724,0.108376,0.068275,0.082998,0.064423,0.092069,0.094751,0.114590
0.011644,0.019849,0.284407,0.025026,0.534877,0.021991,0.024879,0.022297,0.028123,0.026907
0.090617,0.076093,0.186927,0.063035,0.072108,0.208260,0.077792,0.074563,0.084653,0.065953
0.020729,0.018101,0.110845,0.037958,0.201989,0.360813,0.002069,0.031183,0.122784,0.093527
0.025577,0.014642,0.041479,0.113232,0.070571,0.125654,0.113234,0.223695,0.160799,0.111118
0.006176,0.008994,0.194513,0.008135,0.036948,0.650991,0.009496,0.067052,0.007633,0.010061
0.094371,0.045546,0.058494,0.051042,0.132955,0.317055,0.084551,0.090770,0.062457,0.062758
0.036615,0.043845,0.029675,0.048140,0.075393,0.391914,0.045242,0.045848,0.237813,0.045515
0.085693,0.070508,0.311151,0.090611,0.066862,0.070712,0.080062,0.068152,0.081451,0.074799
0.054864,0.083678,0.196439,0.101081,0.088486,0.108607,0.072506,0.115886,0.097596,0.080857
0.066137,0.067494,0.070988,0.116231,0.082797,0.102188,0.062510,0.298878,0.071004,0.061773
0.057882,0.066444,0.335042,0.049886,0.079373,0.104250,0.068890,0.071022,0.067259,0.099953
0.017718,0.014896,0.145657,0.011754,0.008985,0.737122,0.015783,0.011993,0.017180,0.018912
0.044364,0.046719,0.070923,0.133501,0.121727,0.122845,0.140876,0.114523,0.096151,0.108373
0.030272,0.022916,0.302404,0.113184,0.071032,0.158599,0.020459,0.129577,0.075407,0.076150
0.111296,0.017790,0.045206,0.097628,0.090761,0.337624,0.013224,0.111263,0.099743,0.075464
0.042303,0.063690,0.439745,0.074195,0.056893,0.091887,0.072405,0.044916,0.054837,0.059128
0.055333,0.062129,0.049013,0.068179,0.133398,0.363212,0.059293,0.080367,0.067307,0.061769
0.015227,0.012053,0.165106,0.021621,0.020228,0.658976,0.025509,0.029505,0.024651,0.027126
0.045647,0.087618,0.232544,0.079653,0.100263,0.127492,0.097569,0.073332,0.102967,0.052916
0.051881,0.010534,0.364791,0.052011,0.175543,0.086663,0.011253,0.102394,0.079456,0.065475
0.062381,0.050665,0.066674,0.086995,0.126884,0.301585,0.083314,0.095793,0.056931,0.068777
0.052311,0.086452,0.276752,0.071461,0.077737,0.119233,0.085080,0.093415,0.073056,0.064502
0.071005,0.081285,0.286315,0.059586,0.079870,0.094502,0.075586,0.110014,0.080158,0.061679
0.045746,0.053510,0.196213,0.101675,0.185432,0.088905,0.090798,0.097207,0.080116,0.060398
0.061138,0.056367,0.066079,0.106225,0.078828,0.332586,0.087636,0.076414,0.081031,0.053696
0.043748,0.055584,0.217668,0.064861,0.051424,0.093911,0.068096,0.075814,0.253932,0.074964
0.009883,0.001651,0.291893,0.014561,0.259296,0.329275,0.038861,0.023194,0.012302,0.019085
0.016218,0.018363,0.182364,0.017870,0.666322,0.015728,0.022369,0.023276,0.020237,0.017252
0.016351,0.004795,0.224382,0.020081,0.107876,0.531308,0.004788,0.023735,0.021395,0.045288
0.074938,0.065390,0.436130,0.045303,0.072269,0.086737,0.033021,0.073461,0.055230,0.057523
0.032670,0.070754,0.385072,0.049487,0.061104,0.105230,0.034244,0.123881,0.061411,0.076148
0.048513,0.040696,0.536644,0.046752,0.049413,0.055521,0.062720,0.055923,0.052219,0.051599
0.039802,0.045872,0.234623,0.073621,0.060208,0.054245,0.053279,0.338691,0.059181,0.040478
0.055734,0.068051,0.075143,0.079912,0.084877,0.089074,0.070995,0.359422,0.061652,0.055139
0.030511,0.053380,0.033318,0.066381,0.098729,0.089051,0.068518,0.289437,0.217019,0.053656
0.045850,0.139597,0.057085,0.142065,0.129321,0.134008,0.030166,0.104818,0.137502,0.079587
