0.036903,0.026491,0.140296,0.059566,0.396851,0.104399,0.060845,0.064697,0.050142,0.059810
0.090452,0.096342,0.075344,0.104467,0.116296,0.116474,0.109296,0.118672,0.075555,0.097100
0.043033,0.085384,0.060003,0.133963,0.131438,0.175849,0.161314,0.071562,0.073582,0.063871
0.110646,0.100623,0.080157,0.097657,0.096288,0.109202,0.092751,0.113731,0.098540,0.100405
0.085058,0.101488,0.171268,0.095545,0.084165,0.094437,0.105303,0.080245,0.071355,0.111135
0.092385,0.051333,0.107219,0.137117,0.120657,0.137337,0.046090,0.120763,0.100475,0.086622
0.021092,0.017278,0.210380,0.016519,0.501478,0.031476,0.021132,0.020161,0.139588,0.020897
0.074325,0.128988,0.222054,0.085268,0.078615,0.072206,0.087555,0.090186,0.069702,0.091102
0.050458,0.060123,0.100953,0.053262,0.055362,0.066672,0.079508,0.049513,0.435347,0.048803
0.054867,0.062606,0.052711,0.057693,0.065055,0.455528,0.059684,0.061445,0.070060,0.060350
0.019231,0.020667,0.224772,0.016730,0.539548,0.014534,0.022543,0.099266,0.020768,0.021941
0.047640,0.048277,0.042164,0.049300,0.066243,0.444813,0.051621,0.047253,0.154240,0.048449
0.104668,0.035870,0.056074,0.109330,0.145832,0.250811,0.042753,0.093638,0.087454,0.073570
0.066697,0.120245,0.266935,0.073824,0.073385,0.083325,0.078260,0.070388,0.079372,0.087567
0.110543,0.093599,0.088014,0.096620,0.100168,0.113141,0.088457,0.101380,0.114607,0.093470
0.072559,0.097008,0.077637,0.093733,0.128443,0.094061,0.139161,0.101792,0.105889,0.089717
0.079332,0.122575,0.079711,0.093721,0.130717,0.105799,0.101710,0.109725,0.075857,0.100854
0.051237,0.057435,0.046061,0.059979,0.079186,0.393064,0.061703,0.066226,0.126937,0.058172
0.060803,0.069129,0.052760,0.073311,0.097594,0.343277,0.084250,0.074600,0.072270,0.072006
0.065692,0.069205,0.057175,0.072455,0.095392,0.356221,0.075971,0.064232,0.064221,0.079435
0.097907,0.065687,0.158524,0.097841,0.106328,0.104547,0.071007,0.105988,0.096148,0.096024
0.102763,0.085673,0.133839,0.104920,0.098628,0.105789,0.100837,0.085673,0.088940,0.092939
0.073487,0.097144,0.113547,0.088122,0.085463,0.092616,0.166158,0.119641,0.079729,0.084091
0.011586,0.012127,0.213867,0.010800,0.648748,0.010849,0.014629,0.051217,0.011411,0.014767
0.066350,0.087453,0.067240,0.074401,0.065694,0.340209,0.086135,0.080321,0.058057,0.074141
0.043605,0.044514,0.032943,0.047221,0.042932,0.530809,0.048323,0.123441,0.041843,0.044370
0.078068,0.102735,0.076623,0.099052,0.101177,0.100831,0.120838,0.119771,0.093384,0.107522
0.089799,0.055516,0.237975,0.054374,0.232050,0.060232,0.061237,0.058887,0.074506,0.075425
0.046236,0.083959,0.199254,0.069423,0.062469,0.072321,0.068670,0.057311,0.281305,0.059054
0.058493,0.050636,0.073208,0.094269,0.089792,0.317689,0.063266,0.088762,0.075242,0.088641
0.022765,0.008958,0.214778,0.015075,0.067021,0.572262,0.008269,0.054646,0.019211,0.017016
0.012144,0.013080,0.377370,0.014424,0.512637,0.011519,0.017332,0.011983,0.013229,0.016283
0.063134,0.130784,0.223685,0.074542,0.071478,0.082138,0.082560,0.124464,0.069018,0.078196
0.063896,0.067735,0.064073,0.065296,0.066523,0.382432,0.070218,0.078580,0.070627,0.070621
0.005502,0.003486,0.143770,0.002333,0.826547,0.003067,0.002780,0.002877,0.006768,0.002870
0.073624,0.087353,0.079577,0.095625,0.122023,0.106336,0.160611,0.108870,0.070072,0.095909
0.065081,0.083582,0.064456,0.071295,0.106256,0.303303,0.076165,0.083945,0.068397,0.077520
0.085140,0.077846,0.080202,0.078665,0.077892,0.288787,0.083351,0.079077,0.075438,0.073602
0.061136,0.036553,0.542714,0.049524,0.051300,0.039310,0.051538,0.033139,0.059581,0.075204
0.109376,0.091906,0.089207,0.112726,0.109712,0.101280,0.099776,0.098902,0.089574,0.097540
0.078101,0.080491,0.296019,0.070142,0.071199,0.075236,0.078966,0.077006,0.091881,0.080958
0.002335,0.003021,0.042262,0.002411,0.003220,0.002431,0.003447,0.024690,0.913573,0.002610
0.082698,0.084436,0.061895,0.084581,0.083573,0.099289,0.082619,0.262077,0.083085,0.075747
0.029410,0.012628,0.449613,0.012909,0.420907,0.015641,0.017681,0.013879,0.014385,0.012946
0.074023,0.080934,0.074837,0.097600,0.085273,0.213438,0.098926,0.091842,0.084065,0.099063
0.046818,0.027676,0.268065,0.035490,0.336312,0.027268,0.031642,0.088106,0.031981,0.106642
0.091470,0.098677,0.072998,0.104749,0.104126,0.096700,0.108536,0.123732,0.092852,0.106159
0.018417,0.020637,0.033630,0.018290,0.817770,0.016297,0.021746,0.018708,0.017879,0.016626
0.104429,0.089824,0.084475,0.093571,0.151392,0.104917,0.092759,0.082842,0.104155,0.091636
0.057169,0.091383,0.185444,0.068520,0.057234,0.081919,0.069676,0.265653,0.056605,0.066396
0.044772,0.020001,0.183521,0.050789,0.214225,0.305523,0.019031,0.061670,0.050722,0.049747
0.088987,0.098186,0.077961,0.099096,0.138194,0.109802,0.096801,0.110704,0.080738,0.099529
0.149093,0.083424,0.168070,0.085371,0.081608,0.082004,0.091470,0.076997,0.079814,0.102150
0.085807,0.058271,0.354074,0.059027,0.062499,0.074599,0.068285,0.053295,0.094274,0.089868
0.094437,0.082720,0.156360,0.081695,0.153060,0.095886,0.093088,0.078781,0.075037,0.088936
0.099571,0.090917,0.090394,0.098319,0.111396,0.100679,0.098978,0.107862,0.098558,0.103326
0.083914,0.086173,0.124865,0.105868,0.099758,0.090570,0.093900,0.112959,0.091250,0.110743
0.072055,0.077767,0.061441,0.085822,0.087459,0.291055,0.079756,0.094268,0.065998,0.084380
0.075873,0.037608,0.227765,0.080572,0.146854,0.083468,0.035559,0.069929,0.180134,0.062238
0.069221,0.070559,0.242016,0.076453,0.143851,0.073754,0.076125,0.059068,0.107264,0.081688
0.067168,0.053146,0.376144,0.072012,0.052399,0.074498,0.118159,0.074165,0.051322,0.060986
0.085409,0.085117,0.163633,0.098388,0.099163,0.091306,0.109749,0.082491,0.086987,0.097756
0.090738,0.105682,0.086172,0.098491,0.097912,0.120803,0.101013,0.092931,0.104164,0.102094
0.095817,0.088028,0.146131,0.090151,0.093446,0.087510,0.086465,0.100014,0.097771,0.114666
0.084168,0.098270,0.078575,0.105302,0.103845,0.094177,0.121424,0.112926,0.093173,0.108139
0.089893,0.093019,0.085778,0.107544,0.105151,0.109384,0.099960,0.110233,0.096199,0.102840
0.006059,0.010408,0.103765,0.010245,0.376832,0.376828,0.013129,0.007998,0.087373,0.007362
0.070338,0.060284,0.051574,0.057291,0.058860,0.450300,0.060616,0.060221,0.073004,0.057512
0.110306,0.048540,0.474844,0.047554,0.052459,0.063248,0.056559,0.053594,0.047669,0.045226
0.059055,0.035333,0.050835,0.095609,0.128397,0.361797,0.038270,0.074694,0.071178,0.084830
0.052186,0.068826,0.047104,0.059052,0.058785,0.352060,0.063617,0.060092,0.179140,0.059139
0.100601,0.091751,0.072937,0.109304,0.131775,0.106324,0.078582,0.112436,0.095481,0.100808
0.000916,0.003182,0.385918,0.001228,0.150078,0.436670,0.004355,0.006971,0.001298,0.009384
0.042230,0.071448,0.119694,0.105878,0.091318,0.239177,0.123310,0.053417,0.049114,0.104414
0.014567,0.009259,0.222857,0.023666,0.093140,0.531883,0.009196,0.056886,0.017200,0.021347
0.073400,0.123661,0.074190,0.094021,0.090865,0.105189,0.095508,0.175166,0.077341,0.090658
0.098986,0.109471,0.072699,0.111827,0.107187,0.112797,0.102851,0.105366,0.088128,0.090687
0.019202,0.041178,0.354176,0.025556,0.456069,0.020810,0.013834,0.017542,0.023313,0.028321
0.099970,0.109801,0.075882,0.098112,0.130156,0.113193,0.103663,0.082806,0.081356,0.105060
0.064961,0.058373,0.260264,0.088426,0.137987,0.077609,0.043251,0.095343,0.083436,0.090349
0.073252,0.067651,0.064328,0.073790,0.074542,0.305097,0.058538,0.064970,0.150976,0.066856
0.087905,0.089804,0.077004,0.105514,0.147684,0.109040,0.087351,0.098825,0.103297,0.093576
0.088497,0.080382,0.165896,0.080399,0.132212,0.096183,0.081109,0.074555,0.088884,0.111884
0.080548,0.078765,0.162846,0.087695,0.085100,0.107928,0.133079,0.082706,0.086001,0.095332
0.069787,0.123210,0.249271,0.080053,0.068559,0.071847,0.080701,0.078404,0.077841,0.100327
0.070598,0.069062,0.064371,0.074379,0.075922,0.092417,0.070017,0.326713,0.066418,0.090103
0.099010,0.102751,0.085995,0.099255,0.108776,0.116921,0.099814,0.096242,0.093606,0.097631
0.024577,0.028654,0.202424,0.023721,0.590274,0.020908,0.028488,0.012901,0.022308,0.045744
0.052095,0.032662,0.255493,0.027153,0.360284,0.032105,0.011651,0.028777,0.158259,0.041521
0.087836,0.091650,0.079511,0.096225,0.093170,0.104177,0.099003,0.091610,0.162086,0.094731
0.014352,0.008628,0.406851,0.015067,0.478668,0.016013,0.021371,0.011675,0.013617,0.013760
0.095123,0.088517,0.162660,0.087592,0.092749,0.099491,0.097752,0.083875,0.095412,0.096827
0.006415,0.006649,0.424208,0.002884,0.002913,0.537469,0.006277,0.003511,0.003757,0.005917
0.091368,0.097730,0.088581,0.101811,0.108395,0.118736,0.093434,0.107550,0.092877,0.099518
0.050977,0.120361,0.436518,0.050082,0.049335,0.049000,0.061432,0.053057,0.076824,0.052413
0.070740,0.104741,0.181398,0.091026,0.086408,0.097456,0.085549,0.097918,0.080061,0.104701
0.050245,0.049558,0.041510,0.049108,0.070784,0.454285,0.054192,0.117603,0.044835,0.067879
0.085023,0.089992,0.091045,0.114363,0.101213,0.116041,0.101363,0.116991,0.082192,0.101777
0.075317,0.102085,0.140100,0.104122,0.099661,0.094352,0.108447,0.091573,0.083508,0.100835
0.090356,0.090674,0.085082,0.095348,0.095511,0.109712,0.098120,0.114616,0.128365,0.092213
0.064469,0.058997,0.061706,0.062033,0.126932,0.338310,0.065892,0.093740,0.065170,0.062750
0.111851,0.095473,0.077193,0.095871,0.130767,0.100069,0.116911,0.084951,0.084917,0.101997
0.099230,0.102417,0.087407,0.098430,0.104553,0.100404,0.099331,0.112406,0.092716,0.103107
0.070686,0.145205,0.153969,0.076708,0.163549,0.092459,0.081788,0.068213,0.077455,0.069968
0.059355,0.039103,0.056723,0.108579,0.104259,0.298015,0.034964,0.095042,0.098361,0.105598
0.065585,0.067878,0.065205,0.071241,0.105434,0.346258,0.069636,0.066501,0.065651,0.076611
0.006025,0.007155,0.198694,0.005892,0.004353,0.741512,0.008002,0.004416,0.015871,0.008079
0.079572,0.152399,0.097193,0.099711,0.097756,0.108967,0.099205,0.099383,0.072696,0.093118
0.102258,0.087707,0.140144,0.088096,0.096977,0.099624,0.106787,0.087929,0.105514,0.084963
0.061396,0.103009,0.102672,0.109410,0.095324,0.112663,0.158176,0.091017,0.075266,0.091066
0.086689,0.099762,0.082494,0.095657,0.139404,0.095022,0.091145,0.115049,0.098490,0.096287
0.093592,0.105591,0.097204,0.098743,0.103991,0.112595,0.101247,0.087393,0.095359,0.104284
0.132685,0.094987,0.081338,0.102230,0.093294,0.112562,0.096166,0.090573,0.097132,0.099032
0.061421,0.057264,0.051841,0.056527,0.087458,0.453511,0.058986,0.061290,0.054509,0.057193
0.095915,0.043733,0.177621,0.098375,0.192534,0.089858,0.040771,0.097904,0.076368,0.086921
0.007064,0.007812,0.121106,0.008072,0.108916,0.683281,0.009761,0.040724,0.006305,0.006959
0.085076,0.092189,0.083139,0.098518,0.143324,0.107778,0.088286,0.102014,0.086962,0.112713
0.066197,0.082806,0.261593,0.078665,0.067163,0.089355,0.124230,0.076576,0.060994,0.092422
0.024490,0.034804,0.110044,0.031157,0.546224,0.038033,0.015037,0.030212,0.137300,0.032698
0.064725,0.065163,0.058826,0.063470,0.147993,0.308572,0.092669,0.073813,0.061010,0.063761
0.066706,0.080534,0.061713,0.078991,0.073472,0.083880,0.083021,0.329225,0.068899,0.073560
0.098797,0.093975,0.067237,0.098312,0.117179,0.102714,0.082195,0.091378,0.158940,0.089272
0.007577,0.007595,0.072778,0.006481,0.005619,0.762162,0.006516,0.005951,0.116782,0.008539
0.125825,0.064389,0.072512,0.119156,0.127517,0.095713,0.060156,0.130374,0.073959,0.130398
0.058775,0.045699,0.242433,0.043892,0.045317,0.056720,0.072394,0.046632,0.345730,0.042407
0.007179,0.007122,0.205591,0.006727,0.619494,0.004853,0.003407,0.005902,0.129238,0.010486
0.072049,0.059053,0.460240,0.053518,0.047379,0.057893,0.060428,0.054721,0.069734,0.064984
0.012849,0.007281,0.247488,0.007099,0.005484,0.693954,0.008067,0.005942,0.005817,0.006019
0.061830,0.041977,0.259753,0.090048,0.081083,0.066286,0.038936,0.066384,0.208508,0.085196
0.063209,0.069479,0.083675,0.126124,0.098064,0.158372,0.066491,0.142978,0.073909,0.117699
0.007496,0.009280,0.045063,0.014462,0.721054,0.011084,0.013885,0.011168,0.153486,0.013022
0.002874,0.002109,0.040056,0.003182,0.002276,0.846493,0.003465,0.003217,0.093839,0.002491
0.058864,0.096950,0.391018,0.058179,0.056041,0.066336,0.068443,0.061665,0.075250,0.067254
0.107835,0.087080,0.076742,0.108184,0.095309,0.105762,0.141594,0.114421,0.063233,0.099841
0.098001,0.075771,0.077383,0.081990,0.124378,0.082690,0.079621,0.227042,0.070956,0.082168
0.052757,0.046259,0.238520,0.040888,0.379545,0.049699,0.021232,0.045316,0.050588,0.075196
0.057725,0.075796,0.272657,0.052935,0.265149,0.049839,0.023104,0.044516,0.056904,0.101376
0.050715,0.055899,0.141461,0.049767,0.476963,0.053116,0.022315,0.035834,0.069059,0.044872
0.059668,0.074635,0.063029,0.077145,0.068089,0.335664,0.086297,0.072128,0.080267,0.083078
0.087569,0.098051,0.076814,0.097645,0.102582,0.101942,0.131089,0.114559,0.090896,0.098855
0.014189,0.007031,0.285057,0.019874,0.016551,0.517941,0.008833,0.016917,0.095794,0.017813
0.046223,0.096694,0.280382,0.070378,0.062361,0.066833,0.073795,0.194866,0.048405,0.060063
0.073517,0.146776,0.203050,0.084947,0.081857,0.089192,0.091033,0.072302,0.076944,0.080382
0.069679,0.154400,0.217237,0.080309,0.067920,0.100453,0.089112,0.063011,0.076971,0.080908
0.077230,0.106202,0.214748,0.074464,0.067885,0.085493,0.075484,0.144638,0.081258,0.072600
0.051763,0.053726,0.448779,0.050065,0.036465,0.051231,0.052617,0.150614,0.039523,0.065218
0.002598,0.002650,0.071653,0.003047,0.001948,0.781271,0.002891,0.002054,0.129078,0.002809
0.074351,0.117876,0.062534,0.087943,0.123813,0.105073,0.093894,0.153445,0.079140,0.101931
0.136807,0.064734,0.444647,0.058235,0.043814,0.052641,0.058373,0.038080,0.040623,0.062046
0.064068,0.076336,0.106464,0.069903,0.070768,0.082283,0.088179,0.085444,0.272489,0.084066
0.101143,0.106920,0.074689,0.112583,0.104977,0.112852,0.069691,0.105217,0.118075,0.093853
0.012978,0.001580,0.500692,0.001540,0.149292,0.319482,0.002137,0.001140,0.000806,0.010352
0.092344,0.090240,0.081123,0.091942,0.095505,0.112853,0.092323,0.097847,0.146938,0.098885
0.070752,0.076185,0.057437,0.075783,0.084172,0.347508,0.056491,0.084169,0.069118,0.078384
0.011914,0.005641,0.142305,0.006499,0.304978,0.392687,0.014909,0.005821,0.102286,0.012959
0.029844,0.016649,0.465615,0.024599,0.318097,0.035459,0.014572,0.030011,0.029813,0.035341
0.085792,0.176705,0.154237,0.081542,0.074016,0.084735,0.089948,0.083842,0.084983,0.084200
0.041399,0.056727,0.246741,0.039044,0.371411,0.055496,0.020592,0.040989,0.046779,0.080823
0.086953,0.083837,0.062133,0.074830,0.085397,0.307945,0.070087,0.078406,0.066694,0.083718
0.115809,0.096644,0.147968,0.093212,0.091270,0.102476,0.087108,0.076881,0.102104,0.086528
0.091716,0.087033,0.132838,0.100254,0.096544,0.096132,0.109058,0.084596,0.078152,0.123677
0.055319,0.050388,0.039106,0.050012,0.069084,0.514689,0.052816,0.050068,0.053180,0.065339
0.000601,0.000816,0.265818,0.000900,0.243325,0.483878,0.000653,0.000435,0.000982,0.002593
0.001834,0.003193,0.533495,0.002361,0.001249,0.445025,0.001848,0.001356,0.000979,0.008662
0.046963,0.035338,0.367871,0.027119,0.388077,0.038627,0.011782,0.027006,0.023371,0.033846
0.004539,0.003952,0.066804,0.003551,0.003056,0.899917,0.004325,0.004392,0.005402,0.004059
0.032877,0.035101,0.214784,0.034975,0.493336,0.035787,0.042291,0.030815,0.027512,0.052521
0.001851,0.001680,0.135129,0.000992,0.175388,0.679146,0.001678,0.001088,0.001857,0.001191
0.048781,0.036027,0.063421,0.116948,0.121879,0.238703,0.044674,0.124402,0.093532,0.111632
0.097243,0.051182,0.073076,0.132946,0.130827,0.135012,0.044213,0.091169,0.122460,0.121870
0.064748,0.067191,0.062237,0.070580,0.068037,0.378482,0.071864,0.072248,0.072488,0.072124
0.079004,0.060018,0.058005,0.071211,0.111303,0.366160,0.065682,0.064145,0.060838,0.063633
0.064710,0.071759,0.066071,0.077872,0.076725,0.082093,0.077977,0.312606,0.090391,0.079796
0.015202,0.017326,0.048488,0.017039,0.817126,0.014666,0.021076,0.015088,0.019606,0.014383
0.036541,0.019235,0.209281,0.053162,0.201661,0.331247,0.015284,0.046064,0.044782,0.042743
0.078306,0.223505,0.132881,0.080955,0.075037,0.089446,0.071829,0.080772,0.086353,0.080915
0.005978,0.004545,0.299925,0.004148,0.002907,0.545592,0.003934,0.002969,0.122094,0.007907
0.057132,0.057000,0.065322,0.062935,0.057022,0.409752,0.069889,0.098613,0.056532,0.065802
0.000442,0.000271,0.212203,0.000326,0.173413,0.611168,0.000559,0.000436,0.000869,0.000313
0.064747,0.072864,0.135890,0.068195,0.247553,0.075675,0.130854,0.078200,0.063336,0.062685
0.085284,0.106332,0.084327,0.114684,0.104783,0.114202,0.097028,0.103434,0.092843,0.097083
0.059304,0.054909,0.049439,0.057997,0.086795,0.464248,0.058986,0.055203,0.059711,0.053408
0.013434,0.011467,0.189847,0.010883,0.392316,0.267672,0.010240,0.004829,0.089775,0.009537
0.001323,0.002682,0.627352,0.001154,0.000870,0.359141,0.002061,0.001019,0.003678,0.000721
0.094911,0.067093,0.208381,0.087222,0.075283,0.092370,0.093726,0.081439,0.097071,0.102503
0.077909,0.098859,0.078766,0.108847,0.098138,0.096127,0.156519,0.113849,0.071483,0.099505
0.015627,0.017004,0.196697,0.013582,0.674725,0.012527,0.018812,0.013853,0.019006,0.018167
0.055590,0.058612,0.045026,0.066723,0.068250,0.345940,0.068955,0.061024,0.163216,0.066663
0.087443,0.103886,0.088356,0.102568,0.102118,0.113143,0.091951,0.107607,0.084784,0.118143
0.076013,0.056341,0.044408,0.055440,0.054008,0.479064,0.056853,0.061897,0.055840,0.060137
0.069638,0.086788,0.076041,0.093117,0.084305,0.243082,0.110854,0.079554,0.073378,0.083245
0.040054,0.100387,0.062736,0.142016,0.168611,0.190008,0.105360,0.057503,0.069934,0.063392
0.017619,0.028911,0.223435,0.023775,0.578778,0.018051,0.022068,0.018208,0.045555,0.023600
0.081864,0.069086,0.296570,0.064619,0.063996,0.070397,0.130056,0.073307,0.084129,0.065976
0.067852,0.064076,0.105556,0.114630,0.127622,0.119794,0.066626,0.123041,0.097142,0.113663
0.005508,0.005607,0.082584,0.005556,0.011584,0.005806,0.005475,0.033188,0.832647,0.012045
0.003589,0.005117,0.216149,0.003466,0.003082,0.748780,0.002660,0.003405,0.010675,0.003077
0.089051,0.090623,0.144600,0.082976,0.090996,0.115746,0.085357,0.088442,0.093795,0.118413
0.085982,0.086510,0.082140,0.097859,0.101952,0.114878,0.100989,0.088166,0.147573,0.093950
0.059376,0.058001,0.065289,0.060277,0.060210,0.263094,0.070399,0.073042,0.217816,0.072496
0.065774,0.078318,0.140259,0.071302,0.062354,0.072082,0.072225,0.056501,0.287372,0.093814
0.014805,0.022876,0.259144,0.011630,0.322598,0.326903,0.020470,0.008892,0.003791,0.008892
0.022362,0.015403,0.364189,0.017893,0.469437,0.017319,0.022770,0.016721,0.020079,0.033827
0.003885,0.003328,0.095968,0.001986,0.002568,0.788041,0.003216,0.002142,0.095021,0.003845
0.093645,0.079373,0.148690,0.093642,0.090767,0.095993,0.100137,0.097377,0.108122,0.092253
0.002758,0.002506,0.077570,0.002383,0.002168,0.901439,0.003114,0.002352,0.003501,0.002209
0.077575,0.086359,0.066269,0.099094,0.171275,0.100694,0.124248,0.109271,0.077251,0.087963
0.002680,0.000596,0.465500,0.001114,0.246807,0.244976,0.002250,0.000597,0.027894,0.007587
0.121157,0.091248,0.083229,0.099013,0.101909,0.100690,0.098531,0.112940,0.089295,0.101989
0.069826,0.035861,0.211254,0.084683,0.243462,0.098339,0.046892,0.055817,0.073698,0.080169
0.095639,0.090208,0.159743,0.089209,0.087179,0.086728,0.083471,0.088132,0.120467,0.099224
0.101240,0.093660,0.090764,0.098958,0.101216,0.100730,0.103575,0.118895,0.094479,0.096484
0.083435,0.097672,0.074447,0.112936,0.138967,0.100092,0.101944,0.121106,0.075115,0.094286
0.089568,0.086338,0.206850,0.095649,0.083875,0.099499,0.082410,0.073525,0.094469,0.087818
0.072934,0.097742,0.073192,0.111350,0.099819,0.108612,0.135687,0.111312,0.091529,0.097823
0.104401,0.084190,0.256135,0.074344,0.071721,0.098266,0.084663,0.070891,0.074210,0.081179
0.062778,0.063118,0.145331,0.062270,0.058669,0.058949,0.058544,0.070715,0.356013,0.063612
0.044256,0.045099,0.233048,0.048903,0.047092,0.051398,0.081816,0.047154,0.358091,0.043143
0.039619,0.020056,0.437317,0.038663,0.246552,0.028900,0.031546,0.031564,0.050132,0.075651
0.057911,0.091932,0.409088,0.070527,0.063957,0.070879,0.056278,0.062455,0.058747,0.058226
0.062160,0.054962,0.043183,0.053994,0.088679,0.492807,0.053283,0.045681,0.054250,0.051002
0.099749,0.100060,0.085162,0.098458,0.126856,0.103805,0.094972,0.095168,0.092627,0.103143
0.061850,0.034074,0.060278,0.115770,0.102159,0.299325,0.035808,0.115807,0.092709,0.082220
0.002631,0.002575,0.534313,0.002284,0.001439,0.446437,0.002529,0.002729,0.003543,0.001522
0.114794,0.090457,0.085255,0.111678,0.099755,0.111369,0.090496,0.115617,0.087105,0.093475
0.094313,0.085125,0.202686,0.090992,0.079823,0.080792,0.089137,0.099286,0.094397,0.083448
0.005427,0.003791,0.062504,0.002051,0.002653,0.779019,0.003878,0.003090,0.131815,0.005773
0.072047,0.075976,0.075973,0.080052,0.081798,0.078245,0.080654,0.284168,0.087699,0.083388
0.012475,0.015112,0.038971,0.013043,0.849788,0.016173,0.012590,0.012510,0.014651,0.014686
0.011543,0.010093,0.138412,0.012644,0.011067,0.011024,0.015184,0.023158,0.754211,0.012665
0.078053,0.094573,0.186048,0.078828,0.085353,0.074524,0.147550,0.086105,0.080500,0.088466
0.050200,0.091705,0.152602,0.073329,0.069780,0.273352,0.083461,0.075257,0.049321,0.080993
0.086704,0.057567,0.067100,0.114186,0.117303,0.127520,0.053265,0.112868,0.147710,0.115776
0.016471,0.013880,0.102657,0.019075,0.013892,0.017614,0.018067,0.049012,0.725927,0.023405
0.005847,0.004066,0.132283,0.004513,0.003502,0.830997,0.006080,0.002941,0.005668,0.004103
0.066213,0.121865,0.282328,0.072549,0.070243,0.091604,0.083184,0.066729,0.066539,0.078746
0.040596,0.111108,0.060941,0.093188,0.093639,0.277465,0.091713,0.091085,0.054613,0.085651
0.084215,0.101990,0.151844,0.088235,0.093107,0.092697,0.103144,0.068718,0.122143,0.093906
0.089472,0.104900,0.086981,0.102068,0.106993,0.115711,0.093116,0.117176,0.087285,0.096298
0.124573,0.081542,0.455094,0.049005,0.041518,0.045612,0.044053,0.045892,0.059388,0.053323
0.101132,0.141966,0.076800,0.096439,0.104747,0.108476,0.092696,0.102713,0.087362,0.087669
0.025560,0.028003,0.168236,0.031013,0.197294,0.395514,0.013642,0.050739,0.020524,0.069474
0.004042,0.010000,0.342068,0.004622,0.607895,0.004037,0.002828,0.004706,0.006871,0.012932
0.085607,0.064849,0.369804,0.064217,0.059608,0.066080,0.071647,0.063636,0.089301,0.065251
0.084746,0.137174,0.150075,0.078251,0.131396,0.085380,0.090077,0.078700,0.074569,0.089633
0.113641,0.096142,0.082159,0.100527,0.103019,0.117817,0.102046,0.087659,0.102178,0.094813
0.046242,0.109353,0.054036,0.095203,0.074914,0.308825,0.105950,0.054570,0.067975,0.082930
0.006142,0.007635,0.004780,0.007631,0.008790,0.007862,0.007900,0.041862,0.898587,0.008809
0.095138,0.076677,0.062334,0.082469,0.147996,0.083255,0.152406,0.116754,0.098350,0.084621
0.057041,0.074804,0.045509,0.072136,0.124122,0.078543,0.041524,0.077446,0.357355,0.071520
0.044025,0.081293,0.413654,0.047520,0.043101,0.061069,0.051669,0.165847,0.038568,0.053256
0.063127,0.088911,0.135320,0.091200,0.079213,0.097087,0.172888,0.098684,0.089964,0.083608
0.061294,0.059458,0.344615,0.058378,0.048473,0.059864,0.061718,0.200321,0.051843,0.054035
0.069441,0.133993,0.138978,0.097733,0.088276,0.106057,0.102857,0.085309,0.085338,0.092018
0.058934,0.054013,0.249528,0.052476,0.054613,0.044193,0.061280,0.327789,0.042307,0.054866
0.092455,0.148626,0.071989,0.105084,0.130684,0.093239,0.096641,0.099551,0.073206,0.088526
0.084513,0.087515,0.083020,0.092283,0.149164,0.112868,0.087821,0.108998,0.102306,0.091511
0.129456,0.056550,0.081768,0.110221,0.127928,0.129673,0.052353,0.087540,0.099139,0.125373
0.072086,0.157105,0.244277,0.071137,0.072843,0.080337,0.077382,0.062430,0.070675,0.091729
0.085980,0.088040,0.086831,0.096782,0.139990,0.108285,0.087713,0.109210,0.086479,0.110690
0.122594,0.059025,0.072611,0.105642,0.129985,0.119375,0.051037,0.117723,0.095698,0.126310
0.081101,0.072692,0.075542,0.072975,0.072918,0.323495,0.074372,0.076142,0.069554,0.081209
0.100246,0.100920,0.069866,0.098112,0.124766,0.101900,0.089455,0.103819,0.115902,0.095015
0.070006,0.098449,0.075467,0.102723,0.102757,0.112009,0.103147,0.114545,0.117058,0.103840
0.062104,0.035847,0.063082,0.091497,0.104658,0.275420,0.043577,0.114003,0.093502,0.116309
0.107568,0.089522,0.130525,0.093183,0.094946,0.089566,0.104058,0.090001,0.102100,0.098529
0.135189,0.089521,0.136346,0.074528,0.065888,0.082229,0.086716,0.161622,0.074768,0.093194
0.002457,0.004452,0.115115,0.002744,0.002289,0.641054,0.001750,0.016939,0.207508,0.005692
0.023573,0.028036,0.080048,0.024864,0.730590,0.021139,0.027333,0.017173,0.025599,0.021646
0.094450,0.105057,0.085786,0.099355,0.098273,0.115062,0.100665,0.091798,0.103697,0.105856
0.072770,0.062768,0.230018,0.059151,0.261045,0.073270,0.066500,0.059811,0.052694,0.061973
0.005707,0.003563,0.182825,0.002461,0.002087,0.787908,0.002729,0.001606,0.003584,0.007529
0.097465,0.091835,0.176761,0.087829,0.086947,0.095964,0.088613,0.087106,0.098423,0.089058
0.004526,0.016238,0.103959,0.005202,0.159091,0.330107,0.019417,0.017183,0.340260,0.004016
0.052121,0.078145,0.062616,0.091048,0.087633,0.268494,0.108643,0.099596,0.070416,0.081288
0.008278,0.021221,0.077633,0.016857,0.690133,0.155708,0.013341,0.005037,0.005678,0.006114
0.071124,0.067073,0.060762,0.076749,0.070575,0.375202,0.073939,0.070484,0.065301,0.068791
0.023121,0.033407,0.100615,0.025693,0.683554,0.036435,0.014294,0.023444,0.030565,0.028872
0.021831,0.011707,0.297736,0.025641,0.237847,0.319446,0.027131,0.023663,0.011893,0.023104
0.075768,0.092523,0.080949,0.094980,0.133540,0.088086,0.119718,0.102717,0.111157,0.100564
0.063475,0.089851,0.054162,0.089776,0.087331,0.298942,0.106649,0.099575,0.035292,0.074947
0.040645,0.062024,0.221184,0.041798,0.439868,0.043494,0.022134,0.038630,0.027110,0.063112
0.043533,0.083041,0.064638,0.080754,0.081099,0.156139,0.075607,0.094504,0.244734,0.075951
0.105329,0.175966,0.071408,0.089269,0.098302,0.102887,0.092845,0.095090,0.080560,0.088345
0.081557,0.120298,0.075126,0.098942,0.109761,0.094472,0.097099,0.120485,0.082571,0.119690
0.037434,0.068589,0.252151,0.036167,0.030889,0.046975,0.047745,0.029832,0.412809,0.037409
0.069562,0.091353,0.078199,0.089909,0.102417,0.094378,0.157911,0.115552,0.110516,0.090203
0.059484,0.043622,0.609269,0.039712,0.029408,0.041808,0.048479,0.031255,0.045849,0.051114
0.058040,0.105190,0.106962,0.092420,0.093224,0.090754,0.183972,0.105503,0.071306,0.092628
0.050485,0.077053,0.169522,0.066446,0.200681,0.075066,0.065461,0.180935,0.046814,0.067536
0.077991,0.086025,0.077634,0.102580,0.096633,0.100351,0.094633,0.192529,0.079223,0.092400
0.004434,0.002740,0.261365,0.009779,0.167142,0.456153,0.026504,0.001851,0.063493,0.006539
0.101139,0.096713,0.074722,0.098006,0.099840,0.107181,0.153379,0.077369,0.111901,0.079750
0.095845,0.079282,0.163215,0.092771,0.071116,0.104344,0.087524,0.099593,0.113394,0.092916
0.074732,0.073085,0.173387,0.083163,0.099617,0.107472,0.069971,0.108023,0.082131,0.128419
0.001115,0.001097,0.071818,0.001593,0.005089,0.425268,0.002011,0.013678,0.477174,0.001157
0.003541,0.008006,0.038122,0.006085,0.836413,0.005025,0.006402,0.004827,0.078221,0.013358
0.005704,0.018245,0.112731,0.012551,0.374214,0.406108,0.012752,0.012180,0.010828,0.034688
0.002047,0.001972,0.592977,0.000410,0.215255,0.180700,0.001030,0.000118,0.001097,0.004393
0.090390,0.104703,0.086339,0.099409,0.095920,0.122479,0.103439,0.105718,0.094753,0.096849
0.103088,0.094517,0.077683,0.090114,0.149543,0.111018,0.096917,0.098541,0.081946,0.096633
0.102854,0.090193,0.077110,0.104499,0.137439,0.109134,0.092837,0.096099,0.089825,0.100012
0.056781,0.056123,0.150838,0.051514,0.129854,0.068225,0.045320,0.291425,0.059469,0.090451
0.004115,0.005053,0.224762,0.004137,0.070035,0.675366,0.003040,0.003458,0.005248,0.004786
0.090643,0.103072,0.100811,0.101351,0.098292,0.121569,0.099412,0.089934,0.091220,0.103696
0.063772,0.070538,0.193925,0.061733,0.063200,0.056820,0.078818,0.063772,0.270282,0.077140
0.092753,0.085586,0.167009,0.088332,0.101571,0.095955,0.096428,0.094769,0.087613,0.089984
0.066180,0.140841,0.130847,0.081461,0.159661,0.097935,0.084616,0.062448,0.084584,0.091428
0.089198,0.090625,0.085591,0.107536,0.134341,0.106370,0.098883,0.099546,0.092604,0.095307
0.000968,0.000816,0.216560,0.000697,0.109549,0.668458,0.000924,0.000857,0.000554,0.000618
0.078700,0.116579,0.071612,0.103145,0.133735,0.108632,0.106245,0.106003,0.073498,0.101852
0.113564,0.108725,0.084866,0.104511,0.115995,0.095811,0.089907,0.088837,0.095894,0.101892
0.019758,0.022817,0.274093,0.030594,0.452143,0.031918,0.034188,0.063590,0.047230,0.023669
0.058632,0.061813,0.064206,0.072546,0.061569,0.397859,0.068271,0.068135,0.072647,0.074323
0.059947,0.071228,0.050322,0.066680,0.066185,0.395462,0.078078,0.063445,0.069635,0.079017
0.024462,0.029584,0.226598,0.021470,0.580891,0.027205,0.026550,0.021711,0.020507,0.021021
0.084491,0.066568,0.431178,0.052274,0.056957,0.066744,0.068932,0.049597,0.052329,0.070930
0.087852,0.098774,0.096313,0.108730,0.105493,0.116648,0.088740,0.116195,0.087470,0.093785
0.089379,0.104710,0.087533,0.102686,0.109423,0.104232,0.100605,0.101957,0.098603,0.100871
0.109025,0.083651,0.081196,0.088488,0.141013,0.102427,0.091164,0.106294,0.088774,0.107968
0.052677,0.090466,0.230528,0.066215,0.197831,0.077529,0.072794,0.072554,0.071559,0.067847
0.039822,0.084538,0.086565,0.091659,0.083960,0.308799,0.099577,0.062866,0.046582,0.095633
0.091959,0.088032,0.095385,0.104364,0.146512,0.104664,0.091680,0.107360,0.078434,0.091610
0.001638,0.001605,0.167652,0.001155,0.000619,0.822313,0.001171,0.001074,0.001316,0.001456
0.123941,0.088820,0.091632,0.092174,0.142629,0.091873,0.092942,0.096835,0.084441,0.094713
0.075548,0.161107,0.157964,0.086093,0.087051,0.075656,0.084627,0.082000,0.085271,0.104684
0.046688,0.062339,0.205013,0.064975,0.065917,0.078896,0.098439,0.228432,0.079779,0.069523
0.042840,0.045725,0.228696,0.044718,0.038314,0.042863,0.045013,0.042269,0.429445,0.040117
0.083077,0.085359,0.196461,0.080422,0.077991,0.088252,0.080121,0.120416,0.083083,0.104817
0.080007,0.085766,0.169959,0.088798,0.086426,0.089776,0.136228,0.097575,0.079923,0.085542
0.063829,0.082887,0.061588,0.069278,0.105900,0.319193,0.073169,0.083162,0.066971,0.074022
0.075195,0.083734,0.072775,0.082953,0.089721,0.268047,0.080106,0.075278,0.090798,0.081395
0.091174,0.045001,0.071893,0.134810,0.138305,0.139682,0.054115,0.091857,0.101115,0.132047
0.063617,0.076148,0.057564,0.069303,0.100363,0.328168,0.079971,0.077333,0.069653,0.077879
0.090039,0.102119,0.079266,0.099435,0.138436,0.114670,0.090898,0.090980,0.095244,0.098913
0.065374,0.058221,0.057465,0.064452,0.061188,0.370672,0.066285,0.136086,0.059634,0.060623
0.087705,0.098191,0.085939,0.107391,0.142085,0.108935,0.088845,0.101387,0.089950,0.089571
0.059456,0.057933,0.049639,0.065080,0.095459,0.436712,0.061183,0.057747,0.061452,0.055338
0.081986,0.162603,0.111827,0.091804,0.091516,0.097541,0.105192,0.075811,0.086418,0.095302
0.006467,0.006430,0.004129,0.006693,0.007855,0.007327,0.008187,0.038946,0.907546,0.006417
0.004367,0.003297,0.211436,0.003175,0.759879,0.003385,0.003768,0.002472,0.004348,0.003873
0.069900,0.149324,0.263640,0.074743,0.069860,0.086698,0.072399,0.070880,0.069538,0.073019
0.001753,0.000963,0.104566,0.001065,0.096314,0.713016,0.001250,0.000826,0.078233,0.002014
0.005811,0.007759,0.004590,0.007322,0.009182,0.009732,0.009276,0.030359,0.902432,0.013538
0.029611,0.006235,0.417976,0.009886,0.003891,0.507856,0.003161,0.005189,0.007466,0.008729
0.076714,0.067445,0.049413,0.066639,0.070561,0.389579,0.079699,0.072739,0.055058,0.072153
0.015283,0.042915,0.164744,0.022667,0.263850,0.373948,0.026920,0.039796,0.021496,0.028380
0.037368,0.064401,0.106890,0.059937,0.064325,0.416831,0.060457,0.067995,0.057709,0.064086
0.028219,0.035317,0.139296,0.027967,0.289597,0.327566,0.033665,0.059370,0.024353,0.034650
0.092994,0.091365,0.159321,0.095956,0.091380,0.099809,0.086090,0.091011,0.100247,0.091827
0.060959,0.060496,0.055525,0.059675,0.058243,0.443639,0.061570,0.062497,0.075170,0.062227
0.053677,0.081678,0.056092,0.087403,0.082599,0.380176,0.099448,0.041443,0.051735,0.065749
0.110969,0.089756,0.085139,0.103797,0.146257,0.093515,0.096855,0.095240,0.084088,0.094383
0.017627,0.013915,0.416813,0.021717,0.399670,0.016369,0.034313,0.019985,0.032061,0.027530
0.066609,0.083933,0.169740,0.078040,0.076281,0.087860,0.075549,0.163900,0.092040,0.106047
0.100192,0.095962,0.070575,0.091774,0.096400,0.102110,0.093406,0.085279,0.171054,0.093248
0.078402,0.082821,0.332634,0.069822,0.068462,0.076065,0.073980,0.071769,0.066715,0.079329
0.029627,0.076234,0.104390,0.053917,0.063953,0.270273,0.045113,0.064041,0.234432,0.058020
0.035396,0.028999,0.297208,0.038543,0.416644,0.029960,0.044801,0.039604,0.032794,0.036049
0.065944,0.011326,0.234558,0.022249,0.021478,0.550193,0.010232,0.021886,0.019493,0.042640
0.078128,0.074752,0.067626,0.079142,0.070659,0.343027,0.071151,0.072753,0.074781,0.067981
0.082149,0.093346,0.079977,0.101075,0.099348,0.109763,0.135815,0.116297,0.084333,0.097898
0.075367,0.146221,0.079039,0.108619,0.105187,0.109599,0.097989,0.102369,0.081734,0.093876
0.063698,0.075598,0.127258,0.063615,0.065054,0.074769,0.072377,0.068486,0.317332,0.071812
0.078406,0.070069,0.145818,0.073382,0.102008,0.067664,0.079867,0.074564,0.230881,0.077340
0.054688,0.057815,0.366714,0.056223,0.152844,0.060044,0.063374,0.062615,0.072668,0.053015
0.005598,0.004958,0.199963,0.004502,0.071274,0.698353,0.004274,0.003187,0.003446,0.004445
0.056158,0.082777,0.325786,0.075185,0.065119,0.071161,0.085949,0.086016,0.064229,0.087621
0.092559,0.108031,0.075658,0.102117,0.114040,0.117463,0.072282,0.108873,0.117256,0.091721
0.062559,0.055466,0.074953,0.123965,0.132990,0.139446,0.046559,0.133847,0.130835,0.099379
0.021545,0.021277,0.120107,0.035402,0.598363,0.029265,0.038197,0.032424,0.034686,0.068734
0.051045,0.104899,0.112934,0.095400,0.086161,0.206806,0.108716,0.105544,0.052307,0.076188
0.057015,0.067136,0.052539,0.067918,0.063737,0.347974,0.061228,0.068644,0.150186,0.063623
0.068960,0.072555,0.105731,0.076269,0.062722,0.078502,0.067100,0.071645,0.325736,0.070781
0.095133,0.105244,0.105192,0.109639,0.097809,0.102817,0.105882,0.093345,0.081637,0.103302
0.045752,0.046450,0.376067,0.034353,0.207363,0.052863,0.050758,0.046936,0.074837,0.064622
0.073872,0.038464,0.060064,0.088412,0.122626,0.290351,0.037990,0.087432,0.103152,0.097637
0.052838,0.079910,0.057259,0.071565,0.104291,0.328267,0.067133,0.097408,0.072509,0.068820
0.139296,0.053784,0.412752,0.046534,0.053543,0.061737,0.078460,0.047012,0.051078,0.055806
0.086626,0.096153,0.079497,0.103201,0.134714,0.108584,0.111751,0.091454,0.088519,0.099500
0.005338,0.004440,0.106837,0.004192,0.004463,0.856703,0.003597,0.002643,0.005070,0.006718
0.037224,0.135335,0.053003,0.125901,0.115584,0.164151,0.123609,0.096928,0.062847,0.085418
0.057799,0.065352,0.047539,0.065336,0.067932,0.420993,0.081562,0.064706,0.060807,0.067973
0.085782,0.127808,0.079944,0.086612,0.087033,0.207646,0.091693,0.082693,0.078660,0.072131
0.074595,0.094497,0.093496,0.108662,0.103763,0.104737,0.145767,0.097972,0.082605,0.093907
0.080010,0.118839,0.080634,0.098910,0.102891,0.114894,0.102075,0.106420,0.076085,0.119242
0.033233,0.010636,0.054981,0.010452,0.842461,0.014292,0.009984,0.007455,0.006041,0.010464
0.064854,0.041901,0.143461,0.053095,0.058173,0.047722,0.066604,0.371079,0.080848,0.072264
0.057725,0.097918,0.067221,0.123574,0.109065,0.115558,0.115660,0.090843,0.103264,0.119170
0.093976,0.097640,0.140880,0.094389,0.086203,0.103770,0.094887,0.085357,0.078502,0.124396
0.044316,0.096116,0.062181,0.136463,0.089064,0.203342,0.124855,0.130052,0.050331,0.063279
0.062778,0.060834,0.112341,0.070567,0.073286,0.082617,0.069453,0.063795,0.331750,0.072581
0.005046,0.003856,0.442826,0.003458,0.001203,0.536522,0.001023,0.001577,0.001914,0.002576
0.025980,0.012301,0.056100,0.031064,0.360116,0.411835,0.031608,0.024852,0.015622,0.030521
0.005790,0.007257,0.153588,0.005803,0.004076,0.753832,0.003843,0.034955,0.003926,0.026930
0.102436,0.106846,0.115817,0.100720,0.096873,0.098494,0.105134,0.100438,0.083337,0.089903
0.009014,0.009631,0.043952,0.009135,0.869779,0.010487,0.011600,0.009312,0.015362,0.011729
0.098348,0.085262,0.198347,0.089715,0.080223,0.090496,0.086469,0.089249,0.080338,0.101552
0.008753,0.010424,0.080905,0.016066,0.575788,0.031389,0.006795,0.011971,0.242734,0.015175
0.107860,0.095468,0.072497,0.089357,0.094225,0.104852,0.127473,0.109785,0.106683,0.091800
0.044918,0.026516,0.288239,0.040861,0.338896,0.036657,0.079234,0.049553,0.037428,0.057697
0.059222,0.062440,0.056673,0.068452,0.062631,0.343394,0.063449,0.068568,0.147094,0.068077
0.042920,0.047246,0.034209,0.043010,0.062919,0.495789,0.044049,0.048120,0.138888,0.042849
0.127622,0.097843,0.076365,0.104023,0.093653,0.103283,0.097851,0.099056,0.107324,0.092980
0.008511,0.007307,0.246943,0.006802,0.694845,0.008845,0.004186,0.006710,0.007060,0.008790
0.073157,0.056035,0.128269,0.126119,0.107972,0.126441,0.050116,0.114353,0.091369,0.126168
0.078117,0.094620,0.080703,0.106335,0.154318,0.106097,0.094581,0.110867,0.086534,0.087829
0.083112,0.099683,0.122816,0.102356,0.095784,0.090595,0.152168,0.086220,0.076140,0.091126
0.013248,0.021987,0.259051,0.018046,0.592599,0.015377,0.019494,0.012243,0.010856,0.037100
0.080112,0.076569,0.096668,0.072369,0.080758,0.281562,0.090616,0.081703,0.064945,0.074697
0.027854,0.027931,0.066416,0.023294,0.126909,0.471323,0.004370,0.033147,0.201150,0.017606
0.014829,0.010381,0.010886,0.016583,0.014266,0.020978,0.017233,0.045674,0.832949,0.016222
0.035084,0.004481,0.117848,0.006038,0.094120,0.671145,0.008535,0.047734,0.004673,0.010342
0.056175,0.069305,0.049681,0.054455,0.081109,0.456594,0.058990,0.058339,0.054508,0.060843
0.055369,0.054999,0.053174,0.063186,0.078160,0.371495,0.058193,0.058487,0.141077,0.065861
0.086603,0.098862,0.199785,0.087090,0.079302,0.089980,0.092618,0.081318,0.091768,0.092673
0.085380,0.085956,0.145430,0.082718,0.082853,0.094145,0.130654,0.088685,0.114146,0.090033
0.073464,0.079144,0.083584,0.096027,0.082664,0.091151,0.083255,0.256260,0.076119,0.078331
0.105880,0.080634,0.324488,0.063840,0.063461,0.091100,0.070243,0.049284,0.084641,0.066429
0.002889,0.003494,0.067346,0.003398,0.002363,0.906685,0.004385,0.001926,0.004747,0.002767
0.081629,0.092260,0.078789,0.106258,0.110876,0.117799,0.116337,0.090454,0.094797,0.110800
0.083793,0.050036,0.177241,0.111582,0.090756,0.117543,0.057539,0.131120,0.078788,0.101602
0.101278,0.034155,0.064118,0.095805,0.091285,0.307445,0.039209,0.075619,0.095336,0.095750
0.064813,0.137226,0.287312,0.077600,0.072972,0.081506,0.067704,0.064598,0.073675,0.072594
0.061351,0.058385,0.051405,0.058836,0.081166,0.440193,0.059774,0.064137,0.062145,0.062607
0.003640,0.005304,0.146682,0.003818,0.002254,0.821099,0.003813,0.003103,0.004515,0.005771
0.136460,0.109282,0.223134,0.073981,0.065814,0.089425,0.082929,0.063877,0.067165,0.087933
0.071969,0.027905,0.252989,0.084655,0.165662,0.102730,0.026442,0.103489,0.070576,0.093583
0.067924,0.089356,0.068109,0.074588,0.099008,0.307920,0.075856,0.074306,0.069254,0.073678
0.109139,0.138726,0.260547,0.062288,0.068712,0.089878,0.065343,0.067628,0.062186,0.075553
0.144475,0.080668,0.196398,0.078114,0.074489,0.082888,0.082859,0.091758,0.092029,0.076323
0.049596,0.077112,0.238074,0.056979,0.259862,0.061208,0.058875,0.052520,0.075209,0.070564
0.061263,0.079055,0.049496,0.072445,0.070044,0.398325,0.076096,0.062437,0.066379,0.064460
0.054842,0.095770,0.243572,0.047720,0.041427,0.058289,0.052783,0.042492,0.317127,0.045978
0.033901,0.004330,0.296481,0.007328,0.249297,0.357276,0.026833,0.006089,0.007646,0.010819
0.015763,0.016491,0.165212,0.014322,0.710218,0.015751,0.014399,0.013599,0.016713,0.017532
0.009477,0.006114,0.303392,0.006558,0.082475,0.555299,0.006536,0.009587,0.009836,0.010725
0.078872,0.066446,0.393531,0.060779,0.061623,0.067185,0.064995,0.068667,0.062846,0.075056
0.058755,0.070215,0.335056,0.064689,0.064122,0.071787,0.070779,0.111166,0.066177,0.087254
0.119006,0.056791,0.490264,0.050300,0.040161,0.040526,0.045381,0.034394,0.053103,0.070074
0.063862,0.052778,0.175398,0.051497,0.052723,0.051608,0.051024,0.380832,0.069895,0.050383
0.080792,0.079931,0.075182,0.084240,0.083157,0.104165,0.086106,0.214887,0.080211,0.111329
0.004502,0.004145,0.002434,0.004425,0.004808,0.005414,0.004414,0.028957,0.936189,0.004712
0.106756,0.096616,0.074710,0.094065,0.095931,0.106749,0.071377,0.094269,0.162731,0.096796
