0.033247,0.016311,0.192484,0.052339,0.324305,0.130980,0.058926,0.051321,0.070264,0.069823
0.071862,0.078261,0.080176,0.118025,0.123882,0.123490,0.114236,0.130320,0.071534,0.088215
0.034043,0.057284,0.048241,0.192894,0.210430,0.083928,0.208996,0.034802,0.083096,0.046285
0.083667,0.108463,0.081180,0.098002,0.099952,0.110767,0.102468,0.119093,0.093088,0.103320
0.065925,0.071564,0.124074,0.105528,0.108179,0.125432,0.115556,0.086456,0.072668,0.124617
0.064061,0.034106,0.105407,0.152250,0.131450,0.142844,0.032013,0.142389,0.104326,0.091156
0.039129,0.014658,0.170736,0.034172,0.442989,0.042110,0.040715,0.036527,0.143383,0.035581
0.070086,0.091849,0.133270,0.117163,0.098681,0.087860,0.111175,0.107668,0.082300,0.099946
0.058033,0.080351,0.136660,0.083784,0.077539,0.095436,0.064948,0.082486,0.243910,0.076854
0.062152,0.081153,0.055517,0.073185,0.077798,0.345404,0.071245,0.077294,0.078434,0.077819
0.012609,0.027581,0.446124,0.021073,0.360245,0.017463,0.021680,0.056402,0.016654,0.020170
0.044548,0.054659,0.040242,0.053844,0.088388,0.367171,0.058681,0.054940,0.183121,0.054406
0.102671,0.022858,0.049195,0.112147,0.197839,0.229794,0.026371,0.103813,0.083781,0.071529
0.059183,0.062967,0.422212,0.061399,0.065848,0.075742,0.070116,0.055906,0.049700,0.076926
0.100850,0.098053,0.086616,0.096497,0.099188,0.111603,0.097902,0.100189,0.113327,0.095775
0.055876,0.100313,0.071703,0.085187,0.165997,0.098430,0.108542,0.111303,0.111024,0.091625
0.067148,0.090662,0.075819,0.100842,0.144949,0.112760,0.111549,0.124626,0.066563,0.105082
0.058716,0.047832,0.055902,0.073501,0.143099,0.262789,0.083994,0.089822,0.113463,0.070882
0.048139,0.067997,0.045400,0.074735,0.230031,0.266848,0.045704,0.080176,0.073251,0.067717
0.062588,0.058121,0.067455,0.089545,0.125557,0.256349,0.094972,0.077735,0.069348,0.098331
0.101199,0.049796,0.221509,0.095978,0.099752,0.103598,0.047435,0.102142,0.096665,0.081925
0.066516,0.094772,0.107453,0.111777,0.103826,0.124899,0.116285,0.076609,0.092827,0.105035
0.072240,0.102984,0.180230,0.096581,0.087201,0.103845,0.101025,0.101761,0.068281,0.085853
0.013964,0.020844,0.476268,0.021621,0.333896,0.016832,0.028237,0.053699,0.013980,0.020659
0.074955,0.115162,0.053876,0.100135,0.091904,0.135367,0.127674,0.121750,0.081333,0.097844
0.064120,0.079776,0.057158,0.087315,0.073454,0.303474,0.078636,0.117769,0.062466,0.075832
0.063175,0.113670,0.072415,0.111028,0.104406,0.109879,0.098176,0.128947,0.085433,0.112873
0.038863,0.044842,0.368131,0.048555,0.265427,0.052081,0.048704,0.039411,0.036746,0.057240
0.050497,0.063147,0.125432,0.096277,0.091396,0.126688,0.092531,0.076767,0.202938,0.074328
0.064058,0.050202,0.098329,0.125505,0.117970,0.208612,0.065940,0.067556,0.083787,0.118040
0.031679,0.005823,0.296719,0.014755,0.057698,0.491442,0.006353,0.055215,0.014886,0.025430
0.012354,0.005249,0.552764,0.016983,0.336772,0.011299,0.022642,0.013024,0.013053,0.015861
0.078300,0.091087,0.143762,0.096916,0.095667,0.109657,0.099134,0.120281,0.071479,0.093716
0.069238,0.084207,0.072761,0.081165,0.079182,0.274267,0.087069,0.097153,0.070824,0.084133
0.005640,0.009484,0.317278,0.006411,0.618024,0.009352,0.007785,0.007792,0.010379,0.007854
0.064496,0.096452,0.073113,0.101516,0.168570,0.112705,0.119066,0.098684,0.061916,0.103482
0.053820,0.045084,0.055961,0.067705,0.177062,0.296199,0.073638,0.088477,0.060699,0.081357
0.077582,0.097981,0.090127,0.091682,0.093205,0.194267,0.100839,0.083085,0.086850,0.084382
0.039415,0.038148,0.610937,0.039124,0.042853,0.041469,0.050566,0.034702,0.044528,0.058258
0.105585,0.100974,0.085718,0.113658,0.109349,0.101457,0.103888,0.098117,0.083817,0.097438
0.075294,0.104700,0.159103,0.083176,0.095831,0.093193,0.106625,0.093934,0.092524,0.095621
0.002616,0.003587,0.093840,0.002584,0.003087,0.002855,0.003887,0.028034,0.855985,0.003524
0.085531,0.083294,0.064080,0.093664,0.086565,0.099974,0.085831,0.233521,0.082456,0.085083
0.015632,0.007130,0.593942,0.017478,0.251976,0.024145,0.028172,0.020725,0.017956,0.022844
0.065840,0.087607,0.075709,0.109425,0.093147,0.179689,0.084906,0.107100,0.083950,0.112627
0.080919,0.037563,0.255822,0.044199,0.300973,0.035304,0.044272,0.108067,0.036408,0.056473
0.085956,0.066119,0.081065,0.122913,0.109607,0.099105,0.111675,0.138209,0.077818,0.107534
0.026565,0.042081,0.121839,0.032122,0.595971,0.035207,0.046490,0.037498,0.027792,0.034435
0.100492,0.097940,0.080085,0.093393,0.143268,0.105791,0.093866,0.081858,0.104825,0.098482
0.037393,0.059017,0.323775,0.071699,0.060438,0.081082,0.077242,0.176546,0.050524,0.062284
0.052037,0.014217,0.164206,0.071636,0.219249,0.284388,0.013349,0.068621,0.048648,0.063648
0.069165,0.101326,0.077873,0.109050,0.153122,0.117147,0.066238,0.125313,0.070858,0.109908
0.087947,0.085178,0.241231,0.087688,0.071221,0.079048,0.090829,0.071123,0.081614,0.104123
0.071194,0.083227,0.209319,0.086565,0.078334,0.096715,0.095676,0.078961,0.097426,0.102581
0.074338,0.067446,0.264145,0.054173,0.206655,0.069390,0.071719,0.058811,0.063548,0.069775
0.104674,0.092824,0.082790,0.096200,0.108473,0.104142,0.102494,0.106706,0.094765,0.106932
0.052443,0.089841,0.119888,0.121475,0.101439,0.096941,0.097409,0.128394,0.080100,0.112070
0.082476,0.091487,0.067923,0.096091,0.104396,0.185512,0.103812,0.118267,0.067698,0.082339
0.076431,0.026226,0.247464,0.070146,0.179100,0.080591,0.024291,0.071843,0.166229,0.057680
0.033016,0.033128,0.418063,0.028276,0.322161,0.032248,0.033195,0.023708,0.040947,0.035258
0.039028,0.048180,0.495909,0.076560,0.047247,0.063427,0.057116,0.063807,0.047616,0.061111
0.081788,0.076523,0.279427,0.086565,0.090185,0.083505,0.063123,0.074608,0.076719,0.087556
0.086989,0.105432,0.084733,0.106182,0.103312,0.117806,0.103256,0.092169,0.097222,0.102897
0.102131,0.098004,0.114526,0.089378,0.093543,0.096520,0.098907,0.113115,0.086358,0.107519
0.074920,0.105690,0.082774,0.111094,0.111689,0.095666,0.095705,0.120418,0.088631,0.113413
0.079742,0.099563,0.084217,0.118010,0.107241,0.118393,0.105251,0.114076,0.089636,0.083871
0.014043,0.030965,0.039746,0.026250,0.518591,0.187277,0.033961,0.025314,0.099506,0.024347
0.061094,0.081800,0.061044,0.074745,0.075014,0.332511,0.078931,0.077754,0.077559,0.079548
0.073697,0.073896,0.313726,0.076499,0.069148,0.085058,0.085477,0.079411,0.069790,0.073298
0.051121,0.027833,0.065910,0.106265,0.172532,0.293623,0.033025,0.084274,0.069514,0.095903
0.052970,0.063439,0.050667,0.071650,0.072474,0.249800,0.074103,0.077788,0.212700,0.074408
0.105325,0.093919,0.065713,0.121707,0.141705,0.104239,0.061323,0.120882,0.080102,0.105084
0.001665,0.002930,0.607056,0.008789,0.070568,0.270975,0.012139,0.009605,0.001579,0.014694
0.035952,0.049492,0.068854,0.155379,0.117829,0.098324,0.212658,0.036126,0.057856,0.167530
0.010862,0.004571,0.320440,0.015740,0.085914,0.476381,0.004452,0.046354,0.011095,0.024191
0.055336,0.093108,0.088229,0.103108,0.112913,0.116969,0.107149,0.145478,0.080552,0.097159
0.061826,0.090177,0.076597,0.127303,0.115585,0.127623,0.108090,0.110213,0.094421,0.088165
0.028517,0.050778,0.315798,0.053625,0.374481,0.036570,0.014865,0.032885,0.039171,0.053309
0.064491,0.103963,0.074033,0.101201,0.140840,0.132347,0.113185,0.080737,0.072600,0.116602
0.040817,0.038142,0.240954,0.095381,0.244865,0.074769,0.030083,0.103304,0.058026,0.073658
0.090116,0.081090,0.071739,0.087872,0.087350,0.212963,0.048804,0.069352,0.180168,0.070548
0.089264,0.084378,0.068403,0.112832,0.162178,0.104415,0.080102,0.098242,0.104058,0.096128
0.053619,0.071202,0.269252,0.069205,0.225408,0.069271,0.064093,0.051753,0.062200,0.063997
0.070932,0.083543,0.209083,0.089406,0.084683,0.104583,0.092521,0.087067,0.079807,0.098375
0.058168,0.074508,0.346411,0.067048,0.065601,0.067355,0.077344,0.075380,0.073711,0.094474
0.066979,0.088344,0.073645,0.094916,0.092842,0.106225,0.093059,0.200552,0.069576,0.113862
0.105392,0.108654,0.080460,0.097624,0.108507,0.112227,0.104078,0.095401,0.091075,0.096584
0.033561,0.043311,0.221593,0.040933,0.420952,0.047219,0.050205,0.029212,0.035469,0.077547
0.031882,0.056797,0.229003,0.054153,0.297942,0.051657,0.010071,0.048706,0.164962,0.054826
0.077342,0.097461,0.079474,0.102007,0.096923,0.112182,0.099533,0.098003,0.142210,0.094865
0.021175,0.006805,0.567551,0.026656,0.263409,0.030958,0.024765,0.018735,0.016818,0.023129
0.078376,0.094404,0.159297,0.093125,0.090420,0.104057,0.099993,0.096771,0.088370,0.095188
0.006451,0.007572,0.648879,0.004627,0.004567,0.300247,0.009646,0.004421,0.006207,0.007385
0.079745,0.102950,0.081632,0.099226,0.105110,0.113897,0.103893,0.114614,0.094325,0.104608
0.049964,0.041900,0.572017,0.041763,0.046843,0.048968,0.057687,0.047378,0.055478,0.038000
0.074363,0.103929,0.114380,0.106534,0.093700,0.103038,0.105257,0.116537,0.090101,0.092162
0.057602,0.074893,0.057118,0.067335,0.117031,0.310567,0.073648,0.111206,0.065853,0.064748
0.077331,0.090810,0.085500,0.123914,0.100603,0.113450,0.105248,0.122503,0.075665,0.104977
0.055888,0.116611,0.091425,0.128806,0.111997,0.106236,0.119424,0.084011,0.081170,0.104432
0.083832,0.100475,0.081556,0.105067,0.098718,0.111134,0.103517,0.121081,0.100017,0.094602
0.043826,0.056209,0.054337,0.061991,0.256655,0.257936,0.064209,0.079102,0.065913,0.059823
0.113175,0.106923,0.071749,0.096510,0.134563,0.109648,0.091188,0.083796,0.078263,0.114185
0.105294,0.107971,0.083075,0.096393,0.102054,0.098837,0.103190,0.115716,0.084132,0.103338
0.040787,0.041795,0.286645,0.069555,0.254493,0.071683,0.066911,0.050118,0.052644,0.065369
0.046038,0.031436,0.071833,0.135816,0.128995,0.197813,0.031485,0.126031,0.105806,0.124749
0.050081,0.057371,0.042518,0.059621,0.229067,0.342792,0.056355,0.045695,0.053298,0.063202
0.006521,0.007460,0.447940,0.005137,0.003965,0.504157,0.003464,0.003744,0.010621,0.006990
0.069843,0.135156,0.097263,0.106533,0.106224,0.114389,0.108269,0.103369,0.068792,0.090162
0.085028,0.096211,0.156395,0.086554,0.092831,0.105378,0.100744,0.097583,0.085619,0.093658
0.057907,0.111173,0.095363,0.126280,0.103954,0.120266,0.127595,0.078228,0.080584,0.098649
0.076965,0.095760,0.077704,0.093907,0.154163,0.101511,0.098818,0.119480,0.088708,0.092985
0.076138,0.120399,0.101858,0.100567,0.116763,0.113815,0.080605,0.086164,0.088710,0.114980
0.091180,0.105177,0.085449,0.109280,0.099483,0.113830,0.100355,0.091051,0.098365,0.105830
0.057590,0.056773,0.039497,0.055198,0.166132,0.404378,0.054537,0.057830,0.050834,0.057231
0.043194,0.027904,0.242004,0.099066,0.246199,0.090950,0.024820,0.102109,0.050794,0.072959
0.006323,0.007960,0.267689,0.007140,0.107000,0.537491,0.010549,0.041477,0.006332,0.008038
0.074513,0.094250,0.077922,0.097708,0.156659,0.106716,0.093112,0.109450,0.074850,0.114819
0.079845,0.095361,0.112692,0.087883,0.089950,0.113172,0.119128,0.103907,0.092433,0.105628
0.021807,0.040337,0.124712,0.029908,0.520033,0.058530,0.007365,0.026861,0.134732,0.035717
0.073830,0.073606,0.061138,0.064735,0.201207,0.261499,0.059619,0.081792,0.057353,0.065221
0.078371,0.087103,0.069998,0.086758,0.084718,0.102252,0.092604,0.226512,0.083419,0.088266
0.066564,0.110444,0.068249,0.118178,0.124659,0.109165,0.072008,0.104878,0.133314,0.092540
0.004243,0.006169,0.292345,0.003900,0.003192,0.572063,0.002313,0.003909,0.106424,0.005442
0.143022,0.047015,0.067111,0.117680,0.137633,0.098369,0.043005,0.141539,0.061089,0.143537
0.050724,0.067878,0.174371,0.070912,0.067883,0.072524,0.066577,0.059430,0.301861,0.067840
0.009079,0.016076,0.452839,0.011965,0.289915,0.014259,0.003673,0.014502,0.164163,0.023528
0.043526,0.051889,0.557764,0.042344,0.040427,0.058322,0.054670,0.048866,0.049826,0.052365
0.008538,0.010440,0.346878,0.011018,0.007181,0.580870,0.007460,0.007363,0.009742,0.010510
0.052277,0.029243,0.280719,0.088309,0.089530,0.066336,0.028877,0.066923,0.218273,0.079513
0.046889,0.055278,0.070926,0.128704,0.145404,0.107287,0.050393,0.182133,0.072098,0.140889
0.013075,0.014849,0.083563,0.018781,0.610912,0.018418,0.021442,0.016964,0.182520,0.019477
0.002636,0.001873,0.246941,0.001871,0.001564,0.649725,0.002958,0.002241,0.087811,0.002380
0.061288,0.054112,0.482165,0.051121,0.054495,0.065684,0.065900,0.060252,0.043526,0.061457
0.098866,0.095577,0.072796,0.121374,0.100237,0.108749,0.115737,0.123705,0.060416,0.102544
0.063937,0.088523,0.085963,0.092560,0.160402,0.093277,0.086695,0.155872,0.074661,0.098109
0.040436,0.068650,0.224686,0.067457,0.305265,0.070843,0.016833,0.065919,0.040550,0.099361
0.072595,0.124203,0.265400,0.061469,0.219687,0.059459,0.014451,0.046293,0.058573,0.077868
0.049410,0.095968,0.173801,0.046028,0.348956,0.101434,0.014079,0.041272,0.068206,0.060847
0.074118,0.106611,0.057173,0.118145,0.085215,0.136667,0.130195,0.097101,0.081437,0.113337
0.078594,0.108901,0.071569,0.097166,0.105976,0.114413,0.100076,0.126124,0.100625,0.096555
0.013915,0.004779,0.364112,0.017019,0.015005,0.440808,0.005966,0.014884,0.106577,0.016935
0.036132,0.046647,0.484504,0.056271,0.056139,0.062773,0.059009,0.104537,0.041322,0.052666
0.070071,0.081187,0.164550,0.103521,0.100736,0.122003,0.113038,0.075968,0.074995,0.093932
0.058992,0.091656,0.097825,0.119095,0.099399,0.141879,0.127399,0.087700,0.074550,0.101505
0.071162,0.078923,0.258422,0.070968,0.066161,0.085566,0.071469,0.147613,0.075933,0.073782
0.045484,0.104291,0.244092,0.080418,0.065979,0.091382,0.097106,0.102812,0.067385,0.101051
0.005617,0.004818,0.164872,0.004873,0.003108,0.598532,0.005447,0.004041,0.204262,0.004430
0.069842,0.109580,0.076955,0.097478,0.143274,0.119088,0.103582,0.114132,0.079601,0.086468
0.043691,0.048687,0.590247,0.046112,0.036683,0.044242,0.053994,0.036118,0.045753,0.054472
0.055800,0.085156,0.159120,0.080868,0.075456,0.086105,0.062159,0.094752,0.210379,0.090205
0.070208,0.120034,0.083392,0.132022,0.118000,0.122373,0.058171,0.119726,0.081645,0.094428
0.004735,0.000858,0.595866,0.002013,0.141377,0.241495,0.004300,0.001921,0.003135,0.004301
0.090243,0.100175,0.081992,0.094478,0.101447,0.112685,0.102251,0.104022,0.111308,0.101400
0.084330,0.097896,0.070602,0.087927,0.104806,0.234563,0.052852,0.106650,0.072289,0.088086
0.015052,0.006557,0.070399,0.022001,0.429538,0.250677,0.051646,0.010313,0.127200,0.016616
0.020016,0.012611,0.503109,0.041758,0.232423,0.051657,0.010671,0.044962,0.031640,0.051153
0.067165,0.101489,0.137906,0.095689,0.095314,0.110345,0.104229,0.117585,0.074517,0.095761
0.040237,0.086781,0.202076,0.040785,0.407219,0.065135,0.013045,0.042316,0.049715,0.052690
0.067823,0.109127,0.068759,0.088434,0.103811,0.231073,0.065861,0.091791,0.069038,0.104284
0.072961,0.107994,0.167252,0.087268,0.090661,0.119410,0.098984,0.068648,0.086811,0.100012
0.081670,0.100929,0.144015,0.096320,0.095438,0.098733,0.106720,0.099730,0.086863,0.089582
0.056735,0.072511,0.048148,0.064097,0.103568,0.389970,0.073455,0.060763,0.066315,0.064438
0.000458,0.000906,0.611160,0.000499,0.175475,0.208221,0.000435,0.000267,0.000471,0.002107
0.002167,0.002489,0.775738,0.002250,0.001374,0.203447,0.002319,0.001691,0.001984,0.006540
0.027638,0.066795,0.285878,0.046973,0.386237,0.047403,0.012114,0.044123,0.038289,0.044551
0.005355,0.004619,0.323683,0.004524,0.003212,0.638761,0.005250,0.004549,0.005349,0.004698
0.032421,0.044478,0.210261,0.046973,0.421312,0.044007,0.048457,0.042220,0.039488,0.070382
0.000770,0.001129,0.440257,0.000379,0.280475,0.274230,0.000988,0.000543,0.000678,0.000551
0.046332,0.027954,0.073474,0.136899,0.139513,0.181660,0.032324,0.144706,0.095501,0.121636
0.059145,0.033656,0.087192,0.147852,0.150161,0.152014,0.032500,0.094339,0.128941,0.114201
0.067153,0.082266,0.067848,0.085011,0.079318,0.277527,0.087911,0.084762,0.084162,0.084041
0.050984,0.066329,0.055549,0.080995,0.200583,0.277348,0.071801,0.068947,0.056911,0.070553
0.073853,0.087827,0.073709,0.093943,0.087126,0.091752,0.085070,0.212815,0.103678,0.090227
0.024372,0.026881,0.080170,0.027925,0.716259,0.025983,0.029186,0.020479,0.025797,0.022948
0.037798,0.011228,0.168710,0.082780,0.197625,0.315475,0.009970,0.071243,0.048364,0.056805
0.057479,0.121508,0.115083,0.105291,0.079138,0.114690,0.105932,0.093695,0.104287,0.102897
0.008604,0.005216,0.623115,0.004793,0.002569,0.253943,0.004383,0.003746,0.086066,0.007565
0.073185,0.101109,0.084981,0.118423,0.086313,0.174641,0.112577,0.066304,0.081617,0.100851
0.000407,0.000187,0.540425,0.000234,0.163639,0.293779,0.000699,0.000231,0.000204,0.000196
0.062500,0.069250,0.245309,0.052065,0.288082,0.074385,0.043600,0.067251,0.048548,0.049010
0.073623,0.109650,0.081912,0.128823,0.117091,0.121687,0.074898,0.112131,0.081741,0.098444
0.058948,0.059210,0.042928,0.061801,0.166335,0.385485,0.062711,0.060445,0.050793,0.051345
0.011915,0.051604,0.224031,0.029217,0.269756,0.248645,0.025778,0.010315,0.113848,0.014893
0.002818,0.006694,0.808857,0.002067,0.001194,0.170978,0.004008,0.001103,0.001124,0.001158
0.060636,0.053676,0.394526,0.066129,0.060341,0.074658,0.069866,0.062647,0.079284,0.078236
0.064227,0.107765,0.073565,0.124321,0.104766,0.105382,0.123282,0.124582,0.066780,0.105330
0.019922,0.029466,0.089651,0.028725,0.710177,0.022789,0.032815,0.018931,0.019672,0.027852
0.076386,0.077537,0.064465,0.089794,0.094223,0.197027,0.094800,0.082489,0.128995,0.094284
0.081703,0.108621,0.080434,0.104289,0.102253,0.113062,0.102808,0.108342,0.077006,0.121481
0.068174,0.083283,0.060217,0.075364,0.076668,0.305287,0.082167,0.090449,0.072681,0.085709
0.063553,0.096969,0.077502,0.108925,0.092672,0.194672,0.114272,0.084143,0.074403,0.092888
0.031705,0.141674,0.057290,0.162712,0.260346,0.105434,0.074928,0.035825,0.076250,0.053836
0.027636,0.039598,0.130334,0.037372,0.586360,0.030801,0.036081,0.031045,0.041290,0.039483
0.062290,0.060895,0.477848,0.049879,0.048175,0.062735,0.051627,0.068765,0.059135,0.058650
0.061597,0.049786,0.110645,0.115172,0.144716,0.136809,0.046515,0.136863,0.085319,0.112579
0.009544,0.004878,0.127950,0.010514,0.027454,0.009097,0.009590,0.036687,0.751313,0.012974
0.005261,0.004552,0.506116,0.003681,0.003868,0.460263,0.001664,0.003305,0.007990,0.003299
0.086236,0.099671,0.131213,0.093528,0.102817,0.121707,0.102025,0.084083,0.093048,0.085673
0.084611,0.091768,0.078772,0.096834,0.099468,0.110894,0.100632,0.085459,0.153219,0.098344
0.057290,0.055426,0.082774,0.077438,0.073166,0.151570,0.106177,0.115035,0.176772,0.104352
0.059563,0.097711,0.085827,0.093915,0.073602,0.102073,0.083926,0.055381,0.245234,0.102769
0.015187,0.021989,0.245633,0.018520,0.353038,0.272792,0.026898,0.015840,0.011116,0.018987
0.029150,0.024991,0.326264,0.029924,0.427749,0.023250,0.031042,0.025237,0.027799,0.054592
0.005042,0.006509,0.247257,0.002517,0.004417,0.568234,0.004947,0.003317,0.152303,0.005457
0.086748,0.087835,0.129309,0.096590,0.094306,0.110908,0.103877,0.110775,0.081182,0.098469
0.003899,0.003492,0.210618,0.003589,0.003149,0.761355,0.003883,0.003169,0.004071,0.002777
0.045434,0.096231,0.073916,0.109954,0.207698,0.110268,0.118511,0.068553,0.074278,0.095157
0.002382,0.000476,0.668680,0.001200,0.137166,0.147143,0.003417,0.001392,0.030012,0.008134
0.082534,0.102052,0.086551,0.103398,0.107861,0.104441,0.104664,0.118585,0.084202,0.105711
0.029722,0.026901,0.247899,0.094895,0.252330,0.098789,0.034419,0.046194,0.083999,0.084852
0.082647,0.095475,0.186811,0.088622,0.082512,0.087922,0.089491,0.087245,0.105101,0.094175
0.105057,0.100439,0.085446,0.096876,0.100401,0.104741,0.107084,0.121710,0.083115,0.095131
0.069988,0.108152,0.067553,0.131051,0.153385,0.111620,0.069218,0.137401,0.064374,0.087259
0.085525,0.099251,0.149558,0.115764,0.080603,0.113283,0.103013,0.067415,0.086989,0.098597
0.054889,0.107122,0.076206,0.126362,0.103342,0.108556,0.105668,0.122635,0.088119,0.107102
0.063314,0.115931,0.124201,0.090090,0.111428,0.130564,0.078507,0.092272,0.084901,0.108791
0.049864,0.048011,0.154530,0.042737,0.044822,0.045264,0.046586,0.049248,0.472282,0.046656
0.038715,0.039132,0.382213,0.037266,0.040686,0.041038,0.031160,0.042235,0.310165,0.037390
0.057167,0.013292,0.391689,0.051165,0.253801,0.044062,0.052318,0.043457,0.034866,0.058183
0.037288,0.040938,0.565892,0.065323,0.054607,0.055529,0.050642,0.054381,0.038925,0.036476
0.044189,0.051615,0.036139,0.056608,0.172334,0.440940,0.054756,0.042654,0.050094,0.050670
0.084011,0.106239,0.080609,0.098512,0.133014,0.105874,0.101997,0.089798,0.096246,0.103700
0.046748,0.024636,0.075804,0.142100,0.124903,0.220301,0.031880,0.139036,0.106491,0.088101
0.004148,0.004904,0.710025,0.005506,0.002681,0.254087,0.005276,0.004813,0.004720,0.003839
0.075958,0.099527,0.086774,0.119880,0.104039,0.113296,0.103272,0.121922,0.078206,0.097127
0.070930,0.079214,0.311201,0.079846,0.073969,0.073632,0.079781,0.080054,0.068174,0.083200
0.008752,0.006003,0.139846,0.002600,0.003700,0.605991,0.005729,0.004485,0.214820,0.008074
0.081846,0.090212,0.084144,0.093534,0.092153,0.092384,0.093766,0.186782,0.087667,0.097511
0.028531,0.039940,0.157854,0.029695,0.563917,0.039928,0.037459,0.034942,0.028791,0.038944
0.034021,0.031471,0.125340,0.036504,0.029562,0.031949,0.038011,0.038486,0.600520,0.034137
0.072581,0.102736,0.125639,0.108703,0.106811,0.087212,0.106384,0.109477,0.075145,0.105312
0.083969,0.094355,0.082916,0.101863,0.119922,0.120264,0.143616,0.050387,0.081799,0.120908
0.071304,0.032325,0.077155,0.112535,0.155397,0.140774,0.037486,0.136170,0.107945,0.128909
0.028035,0.028106,0.082940,0.031326,0.024737,0.035131,0.034125,0.053614,0.643734,0.038252
0.009975,0.002864,0.266024,0.006083,0.003728,0.690292,0.006535,0.003382,0.005984,0.005132
0.048163,0.060203,0.428632,0.069204,0.058444,0.077772,0.080454,0.062891,0.049728,0.064509
0.048676,0.112257,0.049911,0.097417,0.114563,0.183695,0.118723,0.100316,0.073466,0.100976
0.062603,0.105721,0.125991,0.109528,0.098155,0.105693,0.113236,0.065859,0.101071,0.112143
0.082250,0.109560,0.083620,0.100741,0.108842,0.114531,0.104287,0.122534,0.078294,0.095341
0.046701,0.046821,0.529258,0.067711,0.049775,0.051668,0.058058,0.045563,0.042763,0.061681
0.105210,0.130756,0.079323,0.095427,0.109465,0.117327,0.099690,0.104571,0.079754,0.078477
0.034184,0.051841,0.136620,0.042043,0.274368,0.344455,0.013176,0.045177,0.025526,0.032611
0.006906,0.010433,0.516316,0.011818,0.417090,0.009070,0.002748,0.009532,0.007370,0.008718
0.067528,0.094248,0.190652,0.098078,0.089953,0.092208,0.101316,0.098779,0.094921,0.072318
0.066636,0.043414,0.304917,0.057448,0.183569,0.069984,0.078013,0.059644,0.064968,0.071407
0.109865,0.103135,0.082637,0.099797,0.105949,0.114175,0.104138,0.087040,0.096047,0.097218
0.031988,0.125248,0.060421,0.151365,0.087634,0.162884,0.144367,0.040345,0.088530,0.107218
0.012616,0.015950,0.007825,0.015064,0.017586,0.016300,0.016606,0.063134,0.818758,0.016162
0.086935,0.084808,0.066204,0.092121,0.196566,0.090623,0.122746,0.072574,0.107459,0.079965
0.053506,0.084932,0.045103,0.069672,0.159269,0.086462,0.034103,0.075801,0.314543,0.076608
0.061206,0.089548,0.234695,0.083159,0.075606,0.099641,0.092622,0.114981,0.067088,0.081455
0.053456,0.092650,0.249422,0.096959,0.072406,0.088849,0.086708,0.094143,0.082540,0.082867
0.073490,0.096206,0.204960,0.077381,0.073161,0.099074,0.095637,0.122996,0.075090,0.082006
0.059646,0.089240,0.113017,0.105580,0.086475,0.144177,0.122981,0.089710,0.086561,0.102612
0.039755,0.057234,0.466569,0.047198,0.046513,0.044698,0.055420,0.145987,0.043261,0.053364
0.088405,0.118878,0.067776,0.109210,0.190587,0.092461,0.095418,0.098434,0.059656,0.079175
0.078627,0.094432,0.076841,0.099409,0.151544,0.110175,0.095223,0.113027,0.083544,0.097178
0.134553,0.035474,0.076068,0.127669,0.138443,0.139331,0.037903,0.087499,0.084292,0.138767
0.101472,0.100349,0.137129,0.084313,0.103400,0.111259,0.103995,0.080855,0.067999,0.109230
0.065321,0.092596,0.080909,0.097187,0.152142,0.105903,0.092905,0.116007,0.082996,0.114033
0.135212,0.034366,0.080166,0.097467,0.137551,0.130881,0.035466,0.137921,0.077755,0.133213
0.067231,0.086188,0.078169,0.081587,0.085091,0.256911,0.090438,0.086793,0.078389,0.089203
0.107456,0.079697,0.065848,0.093489,0.135332,0.107659,0.102954,0.114889,0.103844,0.088833
0.056369,0.099396,0.079044,0.107988,0.109027,0.115310,0.074823,0.123622,0.125506,0.108915
0.045310,0.031129,0.079834,0.099048,0.125958,0.213601,0.036246,0.122718,0.110975,0.135181
0.083866,0.104860,0.089716,0.107716,0.106209,0.100995,0.111633,0.094489,0.098638,0.101878
0.069669,0.084460,0.185407,0.087140,0.077647,0.096372,0.091196,0.129119,0.080413,0.098577
0.001554,0.001772,0.291258,0.001763,0.001496,0.529181,0.000543,0.015086,0.153635,0.003711
0.027464,0.046347,0.147999,0.029966,0.586715,0.035457,0.040113,0.022029,0.030512,0.033398
0.087491,0.102657,0.081917,0.108006,0.102160,0.122316,0.101303,0.090314,0.097640,0.106197
0.033511,0.056521,0.274998,0.043506,0.325988,0.057146,0.050448,0.051131,0.051604,0.055145
0.004422,0.006288,0.346780,0.004648,0.003267,0.615688,0.004459,0.002770,0.005875,0.005803
0.074462,0.086161,0.289605,0.081220,0.076399,0.076674,0.081662,0.071838,0.090835,0.071144
0.007524,0.044871,0.078172,0.015778,0.237178,0.255128,0.021297,0.020896,0.309038,0.010119
0.038623,0.052165,0.072259,0.103606,0.121977,0.146729,0.129481,0.146519,0.086313,0.102329
0.017513,0.045466,0.064126,0.038099,0.632424,0.088514,0.052638,0.017982,0.021490,0.021749
0.073015,0.086898,0.071257,0.096270,0.085063,0.246536,0.088547,0.087336,0.078629,0.086450
0.053319,0.056987,0.150120,0.044046,0.471397,0.077618,0.015368,0.045870,0.031025,0.054249
0.037356,0.007615,0.284767,0.027814,0.207983,0.293137,0.034543,0.035130,0.024806,0.046849
0.061107,0.096669,0.077602,0.095341,0.153753,0.089540,0.089080,0.110216,0.120604,0.106087
0.057872,0.111248,0.067436,0.091208,0.113337,0.163153,0.122549,0.137749,0.033875,0.101575
0.053830,0.055527,0.175358,0.058644,0.401615,0.068846,0.017661,0.044105,0.045202,0.079212
0.047487,0.095381,0.063327,0.101618,0.090128,0.136117,0.055721,0.115283,0.204284,0.090655
0.099451,0.143282,0.067325,0.101110,0.101565,0.115682,0.101345,0.097409,0.086967,0.085864
0.064636,0.091884,0.079938,0.098878,0.119845,0.095627,0.108818,0.131554,0.075224,0.133595
0.049304,0.033711,0.415007,0.039779,0.037940,0.051032,0.052491,0.031422,0.252075,0.037239
0.059786,0.101226,0.074161,0.089362,0.112052,0.104215,0.121429,0.130357,0.121830,0.085582
0.023480,0.023235,0.811619,0.021920,0.012827,0.022711,0.024443,0.014812,0.020615,0.024337
0.057885,0.105771,0.078451,0.095217,0.105004,0.108672,0.135437,0.133819,0.072945,0.106800
0.035457,0.041865,0.257911,0.070832,0.277594,0.070890,0.056402,0.078876,0.043911,0.066262
0.075579,0.086842,0.075916,0.109727,0.095323,0.105825,0.097172,0.190981,0.074877,0.087756
0.011276,0.003086,0.260402,0.022856,0.172755,0.376725,0.037366,0.007220,0.097847,0.010467
0.108703,0.104022,0.067724,0.103004,0.105466,0.110418,0.125635,0.075083,0.118170,0.081776
0.086436,0.075993,0.280885,0.083568,0.058761,0.083930,0.083134,0.078812,0.093412,0.075070
0.054872,0.046854,0.172095,0.088482,0.129289,0.114115,0.052617,0.131154,0.072013,0.138509
0.002215,0.001066,0.171228,0.003004,0.030056,0.337680,0.004912,0.018636,0.428258,0.002945
0.007271,0.017236,0.040735,0.016541,0.793046,0.015910,0.018787,0.011623,0.068322,0.010530
0.012121,0.048605,0.073505,0.020452,0.453549,0.281154,0.029915,0.020582,0.011708,0.048409
0.000808,0.001618,0.705168,0.000914,0.148728,0.133065,0.002135,0.000537,0.001187,0.005840
0.086852,0.110702,0.084682,0.098215,0.100053,0.118094,0.103247,0.108161,0.086659,0.103336
0.098855,0.093613,0.074950,0.099913,0.147530,0.109594,0.099387,0.102543,0.075375,0.098241
0.099414,0.097203,0.075491,0.114061,0.145450,0.106873,0.091897,0.104649,0.083627,0.081335
0.033597,0.053266,0.211391,0.045216,0.294534,0.056810,0.044797,0.178961,0.041142,0.040287
0.005042,0.005292,0.437511,0.004026,0.051060,0.482123,0.001696,0.003784,0.004336,0.005131
0.086843,0.102492,0.098164,0.101420,0.100191,0.119439,0.100414,0.088934,0.096208,0.105895
0.059866,0.084270,0.119627,0.087764,0.080428,0.089238,0.082660,0.086798,0.214523,0.094827
0.078722,0.098286,0.114799,0.092713,0.115242,0.103866,0.101490,0.118676,0.093236,0.082970
0.044321,0.041086,0.272789,0.054777,0.289260,0.068636,0.064293,0.040747,0.060748,0.063344
0.081110,0.095708,0.076475,0.116809,0.151390,0.106812,0.096560,0.107327,0.079857,0.087952
0.001114,0.000732,0.567647,0.000673,0.121845,0.305114,0.001062,0.000649,0.000599,0.000564
0.078363,0.082077,0.075687,0.108172,0.135440,0.108257,0.113960,0.119448,0.069482,0.109115
0.074453,0.125878,0.083330,0.125387,0.130381,0.100546,0.069945,0.091608,0.090498,0.107976
0.010927,0.006661,0.416661,0.032198,0.405836,0.029066,0.026959,0.028174,0.025929,0.017589
0.063646,0.077511,0.073093,0.094015,0.073028,0.287750,0.082070,0.082129,0.074972,0.091787
0.066395,0.097471,0.066232,0.083626,0.088131,0.241803,0.087136,0.075983,0.093773,0.099450
0.030534,0.038868,0.212814,0.037206,0.497297,0.037172,0.043632,0.032839,0.034484,0.035156
0.029706,0.044706,0.657956,0.029679,0.035102,0.046056,0.044029,0.029956,0.039245,0.043564
0.082012,0.095015,0.092850,0.116879,0.104975,0.111893,0.098741,0.119926,0.087278,0.090431
0.083861,0.104121,0.081507,0.103678,0.110403,0.104142,0.102289,0.104056,0.097815,0.108128
0.065330,0.091322,0.080002,0.096783,0.153824,0.105485,0.093587,0.117267,0.080603,0.115796
0.036992,0.043819,0.336146,0.051523,0.239916,0.060521,0.060602,0.065415,0.046071,0.058995
0.034267,0.058891,0.050326,0.135896,0.134437,0.157475,0.145905,0.081255,0.057082,0.144467
0.083715,0.084871,0.087702,0.113839,0.156414,0.101435,0.094648,0.113256,0.074402,0.089718
0.004813,0.001030,0.371056,0.001862,0.000948,0.611812,0.002066,0.001670,0.001730,0.003014
0.080200,0.097833,0.091944,0.095625,0.146141,0.100349,0.099223,0.102396,0.088421,0.097868
0.059058,0.054082,0.374411,0.073883,0.066587,0.065444,0.072807,0.066739,0.074772,0.092217
0.043355,0.067874,0.269114,0.073939,0.063452,0.077234,0.068955,0.200008,0.070219,0.065849
0.030903,0.041213,0.496335,0.040855,0.028798,0.033657,0.035423,0.030033,0.225556,0.037228
0.079732,0.095647,0.155345,0.089699,0.085485,0.093694,0.092049,0.132071,0.071044,0.105233
0.073611,0.104141,0.129368,0.104401,0.095479,0.113815,0.091600,0.108675,0.081319,0.097591
0.058178,0.065728,0.064596,0.076738,0.148606,0.243547,0.087080,0.098641,0.068050,0.088836
0.070808,0.096609,0.075363,0.099329,0.100322,0.219333,0.067866,0.079131,0.102351,0.088888
0.067836,0.028734,0.068094,0.154359,0.158168,0.161738,0.033666,0.093872,0.078583,0.154950
0.053408,0.062057,0.060685,0.080146,0.129565,0.258040,0.100747,0.092848,0.068047,0.094457
0.087970,0.107742,0.075285,0.097702,0.145276,0.110508,0.100918,0.085879,0.088329,0.100393
0.061746,0.074098,0.067642,0.081170,0.076894,0.291711,0.085952,0.114665,0.068201,0.077921
0.074657,0.102760,0.080758,0.119026,0.154962,0.107337,0.094514,0.103509,0.074252,0.088226
0.053653,0.054064,0.034569,0.061491,0.253402,0.345432,0.055489,0.049675,0.046621,0.045606
0.065216,0.084735,0.109638,0.101209,0.113260,0.130186,0.122610,0.066600,0.101967,0.104581
0.016192,0.015360,0.007785,0.013822,0.018002,0.016255,0.016632,0.061990,0.818598,0.015363
0.006424,0.008697,0.499729,0.006389,0.437966,0.008511,0.009764,0.008255,0.007680,0.006585
0.060449,0.088883,0.139176,0.114968,0.099233,0.116368,0.100183,0.106169,0.079411,0.095160
0.002176,0.000706,0.300476,0.000560,0.283264,0.319594,0.000955,0.000593,0.089007,0.002669
0.019070,0.024482,0.011551,0.024859,0.028557,0.026163,0.023731,0.067890,0.753856,0.019842
0.009609,0.011104,0.588049,0.009269,0.005567,0.353175,0.002741,0.006834,0.007042,0.006611
0.063644,0.064694,0.068561,0.085676,0.091679,0.251650,0.115175,0.103832,0.065150,0.089938
0.017013,0.038374,0.121562,0.037805,0.329531,0.318017,0.041491,0.038792,0.021548,0.035869
0.038021,0.153909,0.075337,0.109897,0.114289,0.147169,0.071156,0.142543,0.085744,0.061934
0.029320,0.048108,0.110914,0.034869,0.326223,0.302062,0.034986,0.043463,0.031347,0.038709
0.096810,0.092443,0.180311,0.091956,0.083670,0.094373,0.090731,0.087582,0.089171,0.092953
0.078631,0.077458,0.064348,0.078547,0.070949,0.320650,0.077611,0.076815,0.078414,0.076576
0.082755,0.132156,0.053041,0.125131,0.111593,0.144633,0.158048,0.029948,0.075174,0.087522
0.072777,0.096963,0.090029,0.117398,0.156589,0.104271,0.100984,0.106515,0.079754,0.074720
0.033526,0.014724,0.317616,0.041173,0.364777,0.037427,0.059670,0.046958,0.032009,0.052121
0.068446,0.102640,0.143092,0.082563,0.078174,0.095245,0.090815,0.138043,0.092122,0.108861
0.079636,0.104684,0.073845,0.092950,0.102993,0.105790,0.100021,0.091120,0.153534,0.095426
0.071290,0.098788,0.165073,0.104279,0.093801,0.097742,0.091163,0.089694,0.082887,0.105282
0.040339,0.124532,0.053464,0.111275,0.112928,0.109024,0.060832,0.136064,0.156566,0.094975
0.055322,0.021870,0.251769,0.053161,0.317452,0.046164,0.074316,0.065864,0.057704,0.056376
0.017538,0.005315,0.408037,0.017869,0.014471,0.473124,0.004620,0.015647,0.015294,0.028085
0.074895,0.083156,0.073078,0.091861,0.082284,0.255648,0.085704,0.090447,0.086729,0.076198
0.077815,0.107588,0.078729,0.105189,0.110874,0.111634,0.097419,0.128917,0.083999,0.097836
0.061027,0.126914,0.077119,0.125658,0.113828,0.116846,0.104980,0.108777,0.074600,0.090251
0.056078,0.069493,0.168565,0.063673,0.063890,0.079896,0.051087,0.066324,0.311714,0.069281
0.057158,0.057221,0.251511,0.060442,0.157759,0.055672,0.040303,0.056258,0.202687,0.060989
0.038050,0.038079,0.471265,0.031828,0.227177,0.035797,0.040886,0.033681,0.044014,0.039223
0.002446,0.003287,0.472627,0.003162,0.097938,0.412739,0.001161,0.002034,0.002369,0.002237
0.077761,0.100956,0.171761,0.099266,0.094424,0.115769,0.076103,0.074549,0.074749,0.114663
0.075424,0.121097,0.070821,0.101830,0.121054,0.124515,0.058383,0.120976,0.113798,0.092101
0.054240,0.033191,0.083526,0.114566,0.143897,0.146893,0.033389,0.146511,0.137708,0.106079
0.030417,0.017068,0.141589,0.047560,0.468925,0.054523,0.070891,0.054499,0.032149,0.082379
0.038936,0.063192,0.075396,0.145298,0.098089,0.106556,0.140567,0.175597,0.059395,0.096973
0.059423,0.087934,0.059192,0.092236,0.082736,0.250218,0.061059,0.087303,0.141884,0.078015
0.065149,0.081600,0.137230,0.087401,0.064102,0.092187,0.076521,0.074286,0.245460,0.076063
0.073500,0.130001,0.039936,0.124535,0.102902,0.144747,0.116357,0.086395,0.072046,0.109582
0.022750,0.023141,0.467580,0.016465,0.342024,0.024027,0.025252,0.022981,0.028236,0.027543
0.070239,0.027818,0.058406,0.088091,0.191653,0.247646,0.028330,0.087165,0.108262,0.092389
0.050453,0.062348,0.054357,0.075486,0.230405,0.239447,0.077686,0.058730,0.080666,0.070422
0.044841,0.058761,0.530278,0.055273,0.050371,0.058444,0.044613,0.056693,0.042362,0.058365
0.076258,0.106152,0.079041,0.118488,0.131375,0.111859,0.093821,0.097949,0.079935,0.105122
0.003877,0.004725,0.356487,0.004845,0.003920,0.608926,0.001821,0.002553,0.004618,0.008228
0.037415,0.086231,0.045332,0.164842,0.118707,0.106308,0.143390,0.107497,0.076606,0.113673
0.074734,0.088272,0.064573,0.081558,0.091221,0.268649,0.083528,0.088039,0.069548,0.089878
0.107987,0.079697,0.065189,0.100279,0.099068,0.141990,0.117987,0.123919,0.090664,0.073220
0.073897,0.099707,0.092107,0.120819,0.107419,0.107719,0.126563,0.099801,0.072281,0.099687
0.061550,0.080073,0.080084,0.100967,0.110108,0.116660,0.116918,0.122260,0.073635,0.137746
0.014191,0.028422,0.092651,0.020778,0.738654,0.028739,0.023054,0.015281,0.016500,0.021731
0.049181,0.045703,0.214154,0.058047,0.052499,0.049842,0.060463,0.327607,0.066422,0.076081
0.065317,0.098829,0.064249,0.136976,0.111336,0.117524,0.128409,0.070180,0.091050,0.116131
0.108889,0.112338,0.074134,0.096585,0.095093,0.127417,0.098327,0.082346,0.084348,0.120524
0.038345,0.052799,0.068797,0.181047,0.093323,0.145080,0.163630,0.155915,0.050904,0.050161
0.057676,0.068042,0.131975,0.067601,0.073554,0.082637,0.049965,0.064925,0.327615,0.076011
0.004631,0.004357,0.675413,0.004157,0.002746,0.293848,0.001232,0.003342,0.004027,0.006248
0.023756,0.007614,0.099188,0.069180,0.308819,0.348745,0.036252,0.054708,0.028550,0.023189
0.006314,0.007328,0.304041,0.007034,0.005090,0.604259,0.003112,0.049535,0.005359,0.007929
0.105225,0.110604,0.091621,0.110833,0.091264,0.100787,0.111634,0.096412,0.097745,0.083874
0.023639,0.025077,0.075224,0.020532,0.729555,0.026242,0.027161,0.021785,0.025169,0.025616
0.087750,0.080106,0.303185,0.076395,0.066202,0.076069,0.080935,0.068141,0.072386,0.088831
0.017066,0.019031,0.122142,0.024216,0.448125,0.045838,0.005734,0.016607,0.273755,0.027484
0.106695,0.098122,0.069388,0.091715,0.103731,0.105109,0.100822,0.116833,0.116713,0.090872
0.049291,0.016414,0.245921,0.053847,0.322146,0.046409,0.086963,0.052014,0.059219,0.067775
0.060631,0.076110,0.057554,0.083614,0.068268,0.271935,0.077021,0.080531,0.149015,0.075322
0.063529,0.062754,0.044443,0.065239,0.104399,0.333603,0.064729,0.071896,0.127007,0.062401
0.083573,0.099821,0.080471,0.119000,0.101442,0.111769,0.102742,0.106979,0.096720,0.097483
0.016927,0.014677,0.390822,0.015021,0.500703,0.014636,0.004889,0.012908,0.012870,0.016547
0.051781,0.042046,0.115061,0.157180,0.093383,0.155549,0.039388,0.111913,0.087228,0.146472
0.066398,0.095166,0.070673,0.108290,0.200577,0.100968,0.090026,0.110962,0.067423,0.089517
0.073331,0.109276,0.076284,0.136600,0.108473,0.114189,0.098756,0.097358,0.076311,0.109421
0.011702,0.040553,0.140937,0.035771,0.637630,0.028675,0.029039,0.018365,0.014956,0.042371
0.104386,0.102771,0.068760,0.089469,0.091982,0.148677,0.118929,0.119738,0.064243,0.091045
0.016479,0.036481,0.097773,0.023801,0.188940,0.351519,0.003065,0.034293,0.221370,0.026278
0.014687,0.008254,0.010690,0.021909,0.016507,0.023148,0.019550,0.062155,0.803598,0.019502
0.010816,0.008128,0.227644,0.011349,0.099893,0.553497,0.012268,0.052470,0.008362,0.015573
0.077425,0.044426,0.061157,0.066708,0.143086,0.319256,0.077144,0.081619,0.059614,0.069565
0.054387,0.060399,0.050164,0.066250,0.099594,0.332154,0.067455,0.061236,0.137239,0.071119
0.058944,0.104094,0.123791,0.117352,0.098476,0.102650,0.113683,0.085928,0.090232,0.104850
0.082679,0.090963,0.253057,0.074893,0.073203,0.085971,0.069353,0.074591,0.100529,0.094761
0.080815,0.087454,0.086765,0.105920,0.090377,0.105652,0.087634,0.185929,0.079893,0.089561
0.066325,0.075144,0.359084,0.063607,0.074981,0.085232,0.078093,0.060500,0.062479,0.074555
0.005110,0.005956,0.246942,0.004222,0.003302,0.716416,0.005793,0.003166,0.004563,0.004530
0.071167,0.087949,0.072896,0.116407,0.116548,0.114658,0.122928,0.085918,0.095661,0.115868
0.052078,0.043856,0.141875,0.135009,0.112868,0.147732,0.050118,0.143016,0.076644,0.096804
0.132434,0.023677,0.066786,0.100381,0.100946,0.240939,0.031377,0.083035,0.104242,0.116184
0.045756,0.055665,0.493917,0.065031,0.054351,0.074095,0.060684,0.041539,0.045428,0.063534
0.059948,0.071354,0.054623,0.068172,0.095028,0.367402,0.070266,0.073208,0.065252,0.074747
0.004975,0.002634,0.392081,0.004524,0.003673,0.566359,0.005871,0.004792,0.005746,0.009346
0.068536,0.091769,0.236802,0.082143,0.081416,0.102191,0.093686,0.070778,0.094959,0.077721
0.083045,0.017490,0.242781,0.081121,0.134549,0.116200,0.016344,0.110626,0.102028,0.095817
0.076068,0.074081,0.074331,0.086374,0.118164,0.250079,0.088584,0.084055,0.069064,0.079200
0.070109,0.117610,0.159758,0.076620,0.094393,0.110249,0.097007,0.101227,0.081417,0.091610
0.086863,0.091192,0.230486,0.077371,0.077834,0.089691,0.086531,0.094454,0.086347,0.079230
0.036070,0.032394,0.366742,0.056339,0.254309,0.052691,0.055204,0.044682,0.057439,0.044129
0.084248,0.074888,0.072649,0.111354,0.102652,0.211769,0.103057,0.079747,0.077319,0.082318
0.058848,0.091982,0.115231,0.079929,0.081258,0.101084,0.089383,0.094858,0.191238,0.096188
0.011677,0.004941,0.201182,0.024932,0.421024,0.238081,0.050903,0.012034,0.014219,0.021006
0.017517,0.026357,0.089398,0.023713,0.734756,0.023157,0.022983,0.018755,0.019052,0.024312
0.009770,0.004202,0.434625,0.009222,0.075245,0.423461,0.004877,0.012147,0.012114,0.014337
0.054625,0.053463,0.567564,0.041195,0.051542,0.058938,0.026779,0.052695,0.039843,0.053357
0.061655,0.096136,0.234396,0.079851,0.081524,0.100448,0.064452,0.107423,0.070279,0.103834
0.043306,0.055142,0.600687,0.039356,0.036115,0.042026,0.046006,0.034892,0.046355,0.056115
0.044145,0.069363,0.275408,0.067261,0.056301,0.057412,0.056558,0.253375,0.065558,0.054619
0.074918,0.091148,0.079709,0.096033,0.090007,0.105436,0.088698,0.214099,0.076393,0.083558
0.013840,0.014679,0.007375,0.013177,0.015663,0.015497,0.014316,0.056642,0.834924,0.013890
0.071455,0.109744,0.075216,0.110870,0.108194,0.114514,0.057910,0.104300,0.151323,0.096473
