0.042581,0.289883,0.165795,0.048201,0.159394,0.103798,0.052562,0.039427,0.039593,0.058766
0.055742,0.298942,0.081305,0.090852,0.074940,0.093025,0.103858,0.093234,0.073564,0.034539
0.047124,0.214592,0.077360,0.077941,0.156888,0.060196,0.118448,0.119447,0.092127,0.035877
0.069308,0.127433,0.093220,0.102800,0.122801,0.118460,0.111041,0.074937,0.084429,0.095572
0.117263,0.220981,0.039089,0.081375,0.067785,0.115302,0.108966,0.030327,0.113335,0.105577
0.034769,0.357545,0.052022,0.034584,0.020170,0.053158,0.359278,0.030476,0.041377,0.016621
0.051986,0.225436,0.069973,0.036754,0.297442,0.100881,0.050161,0.052464,0.076729,0.038175
0.093505,0.188902,0.047393,0.074998,0.075354,0.166533,0.084070,0.094721,0.089722,0.084802
0.047185,0.106524,0.073779,0.130218,0.094916,0.121880,0.204085,0.073682,0.043905,0.103826
0.052619,0.137432,0.122489,0.122690,0.101735,0.043230,0.116049,0.091821,0.065458,0.146478
0.069457,0.081733,0.257151,0.066768,0.161142,0.078402,0.080331,0.048347,0.087446,0.069225
0.063582,0.130651,0.134614,0.128307,0.086386,0.048984,0.133964,0.109149,0.054584,0.109779
0.032734,0.309178,0.071735,0.055927,0.037050,0.031309,0.350645,0.033671,0.026945,0.050806
0.061804,0.199229,0.127638,0.092820,0.080048,0.094233,0.090027,0.072271,0.086505,0.095425
0.081155,0.074130,0.095677,0.115382,0.090663,0.111757,0.112753,0.109574,0.089623,0.119285
0.036931,0.117777,0.122096,0.083823,0.044838,0.103407,0.264545,0.081451,0.068395,0.076737
0.053229,0.283409,0.107519,0.095273,0.051724,0.086570,0.084576,0.093268,0.066389,0.078043
0.056849,0.340716,0.106299,0.074729,0.048406,0.048101,0.086665,0.061536,0.072709,0.103989
0.059824,0.068840,0.098193,0.079159,0.117032,0.062321,0.188901,0.141781,0.088976,0.094973
0.087748,0.280872,0.116236,0.078475,0.058485,0.034493,0.100236,0.095718,0.067062,0.080673
0.061091,0.253388,0.092728,0.065642,0.050449,0.052244,0.274762,0.034113,0.029429,0.086154
0.022870,0.101811,0.056764,0.086276,0.067389,0.183232,0.152427,0.117114,0.101943,0.110174
0.071906,0.117097,0.072789,0.098732,0.062445,0.111588,0.258210,0.030025,0.082118,0.095091
0.079766,0.054923,0.284071,0.064349,0.197139,0.091720,0.062101,0.050215,0.048154,0.067562
0.080957,0.147088,0.049953,0.117783,0.048455,0.039229,0.149035,0.161381,0.099265,0.106855
0.033915,0.097670,0.096431,0.119843,0.144242,0.077391,0.158122,0.028792,0.100144,0.143451
0.102651,0.042891,0.103729,0.082873,0.098242,0.084225,0.236124,0.051666,0.117094,0.080506
0.057688,0.106902,0.199801,0.091393,0.064839,0.108934,0.103664,0.075723,0.079255,0.111800
0.042700,0.249936,0.060106,0.109475,0.036466,0.144834,0.112732,0.081402,0.052609,0.109741
0.127107,0.307631,0.049365,0.026169,0.027600,0.024185,0.307112,0.028563,0.071773,0.030496
0.020072,0.274240,0.105260,0.062837,0.043395,0.095885,0.201660,0.061564,0.070617,0.064471
0.019975,0.237593,0.188477,0.056895,0.302940,0.054293,0.031961,0.028553,0.035337,0.043976
0.070773,0.219942,0.033001,0.120727,0.076056,0.087929,0.111402,0.026930,0.134757,0.118483
0.059927,0.090533,0.136366,0.132854,0.101483,0.034449,0.137519,0.092419,0.082283,0.132167
0.020866,0.059266,0.329431,0.036631,0.260281,0.097348,0.056948,0.055430,0.037761,0.046038
0.072045,0.087752,0.104406,0.094514,0.042262,0.076694,0.307870,0.026652,0.079414,0.108391
0.055170,0.254112,0.109365,0.111658,0.063154,0.045171,0.081803,0.097528,0.065626,0.116412
0.098566,0.126588,0.100816,0.126188,0.087605,0.038498,0.106150,0.091395,0.101286,0.122906
0.069511,0.064974,0.200519,0.084855,0.088523,0.109131,0.111743,0.088730,0.093161,0.088855
0.081365,0.114360,0.120076,0.059407,0.094393,0.130059,0.095220,0.100693,0.082147,0.122279
0.076088,0.109368,0.049243,0.114122,0.105818,0.171826,0.122696,0.098057,0.053503,0.099279
0.070052,0.060274,0.194368,0.036150,0.080199,0.080946,0.078074,0.061452,0.219686,0.118798
0.096543,0.121353,0.110449,0.055505,0.105983,0.097729,0.119324,0.026352,0.141952,0.124810
0.022861,0.259398,0.179020,0.062136,0.254993,0.041716,0.034648,0.069422,0.037807,0.037999
0.063967,0.089225,0.144516,0.064524,0.082692,0.040258,0.294317,0.094425,0.063833,0.062242
0.050271,0.065002,0.137363,0.080498,0.184116,0.136113,0.084015,0.098413,0.128032,0.036176
0.061843,0.341858,0.059122,0.067372,0.078245,0.094614,0.073513,0.038594,0.099875,0.084964
0.070365,0.050503,0.178675,0.058520,0.329200,0.074956,0.062656,0.053616,0.049431,0.072078
0.085271,0.129772,0.117633,0.104201,0.048713,0.119990,0.114049,0.086200,0.093118,0.101053
0.111257,0.253953,0.117520,0.081178,0.043336,0.091011,0.074013,0.047975,0.079403,0.100352
0.013724,0.274890,0.032043,0.015772,0.317132,0.056150,0.213702,0.040316,0.020015,0.016257
0.056261,0.091918,0.108642,0.100758,0.051522,0.078880,0.297989,0.060654,0.072497,0.080879
0.063003,0.101894,0.175843,0.095876,0.101846,0.095704,0.099837,0.081943,0.089504,0.094552
0.036752,0.129060,0.032625,0.149719,0.116350,0.200240,0.099470,0.096025,0.058343,0.081417
0.072972,0.100459,0.184318,0.056355,0.056941,0.111247,0.124788,0.079098,0.098464,0.115358
0.098300,0.090896,0.103959,0.098850,0.092019,0.103611,0.095989,0.114978,0.073295,0.128104
0.026155,0.104148,0.052763,0.139945,0.136915,0.145124,0.094256,0.120748,0.084487,0.095460
0.084075,0.275140,0.140378,0.102194,0.054916,0.033954,0.104971,0.075544,0.087932,0.040896
0.055472,0.253985,0.070566,0.045195,0.036724,0.053758,0.296102,0.035722,0.079081,0.073394
0.058854,0.109113,0.175056,0.102643,0.072550,0.103801,0.106051,0.087829,0.072315,0.111787
0.034676,0.055608,0.164594,0.075927,0.049495,0.148239,0.180300,0.094464,0.070927,0.125769
0.042716,0.071361,0.126095,0.092463,0.082077,0.096272,0.213364,0.078225,0.097250,0.100176
0.069979,0.107362,0.109421,0.105894,0.069283,0.113071,0.098842,0.081407,0.123562,0.121179
0.104156,0.132085,0.027950,0.109972,0.116458,0.129523,0.134963,0.078544,0.087127,0.079224
0.044601,0.071020,0.082453,0.103187,0.061960,0.120409,0.251400,0.084271,0.093002,0.087697
0.108283,0.118989,0.116756,0.089966,0.099964,0.102232,0.113189,0.081649,0.123396,0.045576
0.034580,0.045726,0.070786,0.038886,0.404688,0.106416,0.077626,0.056329,0.106310,0.058654
0.052089,0.142548,0.131215,0.124886,0.061052,0.029854,0.107568,0.130933,0.068980,0.150876
0.046308,0.118110,0.049247,0.119825,0.105143,0.172655,0.092419,0.067472,0.087696,0.141126
0.077791,0.375903,0.047263,0.047244,0.024744,0.031089,0.281839,0.039775,0.054137,0.020214
0.057776,0.247403,0.110307,0.099475,0.061292,0.045376,0.098753,0.062222,0.094240,0.123156
0.073889,0.060657,0.098797,0.065084,0.044594,0.102336,0.312846,0.053683,0.079693,0.108421
0.023686,0.039544,0.354559,0.032935,0.291288,0.096545,0.050849,0.044361,0.031506,0.034725
0.050829,0.256780,0.042733,0.108912,0.110232,0.033158,0.100116,0.119963,0.051162,0.126114
0.036635,0.211009,0.115375,0.040156,0.054481,0.121479,0.246253,0.058547,0.046071,0.069995
0.123636,0.315008,0.070206,0.071427,0.054526,0.084164,0.075459,0.025912,0.081856,0.097807
0.056638,0.264847,0.078013,0.076042,0.049133,0.084959,0.107199,0.109529,0.082031,0.091609
0.043969,0.056390,0.085391,0.051985,0.258589,0.090883,0.247967,0.056173,0.052563,0.056090
0.061757,0.249594,0.107478,0.097278,0.043753,0.076102,0.100197,0.068433,0.082566,0.112841
0.077199,0.321229,0.066132,0.028017,0.040014,0.075194,0.275232,0.039365,0.056927,0.020691
0.094607,0.069148,0.076224,0.103359,0.036965,0.050136,0.299569,0.072526,0.089169,0.108297
0.089071,0.106436,0.102081,0.097055,0.065183,0.106314,0.099230,0.124115,0.082684,0.127831
0.080345,0.112497,0.210819,0.098150,0.066779,0.132221,0.104254,0.075979,0.079788,0.039170
0.136137,0.069360,0.109672,0.045880,0.105909,0.087002,0.180587,0.080588,0.091554,0.093310
0.107807,0.182642,0.124133,0.080649,0.047317,0.104505,0.085626,0.102857,0.085429,0.079038
0.053283,0.124898,0.127049,0.118016,0.129537,0.132845,0.116296,0.025320,0.105990,0.066767
0.087922,0.114681,0.108480,0.116283,0.084172,0.119866,0.085710,0.089210,0.077840,0.115837
0.091794,0.066002,0.083935,0.050880,0.314970,0.099124,0.076879,0.059864,0.081621,0.074932
0.030204,0.036964,0.062285,0.054764,0.263896,0.069997,0.283165,0.058917,0.078887,0.060920
0.109517,0.076254,0.108443,0.058227,0.066814,0.104490,0.124492,0.097176,0.122552,0.132035
0.041722,0.236886,0.214299,0.043283,0.192204,0.065557,0.051150,0.041269,0.039924,0.073704
0.043593,0.106788,0.059153,0.065190,0.113615,0.157241,0.150852,0.107618,0.073369,0.122580
0.059752,0.087668,0.327498,0.047199,0.046939,0.074861,0.100436,0.109908,0.063866,0.081874
0.104463,0.108950,0.103161,0.118143,0.094273,0.122050,0.097873,0.080919,0.086156,0.084012
0.070328,0.152773,0.212624,0.110493,0.053684,0.092485,0.069531,0.118392,0.046642,0.073049
0.043531,0.138537,0.030059,0.165120,0.056422,0.184438,0.148963,0.091834,0.104164,0.036934
0.115035,0.145669,0.139924,0.131161,0.076042,0.054893,0.146613,0.029691,0.116640,0.044332
0.057583,0.089480,0.115628,0.086351,0.122991,0.100506,0.108975,0.106932,0.085937,0.125618
0.031821,0.121652,0.028612,0.123236,0.120047,0.135881,0.167549,0.085276,0.084231,0.101696
0.057569,0.121788,0.119652,0.114136,0.084806,0.120079,0.101167,0.075087,0.073848,0.131868
0.062234,0.116312,0.116697,0.140741,0.102740,0.054829,0.132488,0.029639,0.103430,0.140890
0.070993,0.096984,0.111497,0.113623,0.035664,0.089989,0.259360,0.070454,0.083026,0.068411
0.092779,0.119243,0.108020,0.096144,0.095740,0.124911,0.089797,0.092402,0.080505,0.100459
0.081765,0.193308,0.165418,0.060236,0.067455,0.083608,0.099758,0.060684,0.074167,0.113600
0.074091,0.340905,0.040836,0.032242,0.032314,0.017237,0.365120,0.029151,0.027007,0.041096
0.057186,0.108528,0.131271,0.142098,0.075830,0.053446,0.114185,0.115806,0.100355,0.101294
0.087743,0.087635,0.232211,0.095330,0.035073,0.083632,0.159162,0.052394,0.062514,0.104305
0.065053,0.223296,0.090744,0.102515,0.061343,0.103185,0.073789,0.088009,0.079484,0.112581
0.043734,0.122264,0.048053,0.114414,0.109467,0.144860,0.133072,0.090266,0.076364,0.117506
0.078121,0.096175,0.041157,0.065128,0.069036,0.124741,0.226470,0.038131,0.136670,0.124371
0.064907,0.113788,0.113151,0.112175,0.048368,0.113557,0.111311,0.079684,0.125002,0.118056
0.066320,0.044209,0.079064,0.100152,0.057161,0.102543,0.286943,0.072498,0.084032,0.107077
0.065294,0.087746,0.101406,0.070204,0.098089,0.144574,0.124794,0.099282,0.094594,0.114017
0.074615,0.107808,0.119196,0.120601,0.085280,0.039216,0.113350,0.138163,0.098365,0.103407
0.060011,0.260030,0.090747,0.030464,0.047063,0.050122,0.308219,0.055408,0.052412,0.045524
0.052684,0.075946,0.208065,0.102845,0.078162,0.184677,0.078633,0.053915,0.053271,0.111800
0.063904,0.127044,0.095710,0.130454,0.075796,0.123003,0.116672,0.106337,0.083886,0.077194
0.069369,0.124116,0.029408,0.116336,0.048093,0.145851,0.179218,0.104046,0.081296,0.102268
0.039346,0.060429,0.147305,0.088989,0.165307,0.088282,0.252796,0.036814,0.056451,0.064281
0.079139,0.098430,0.091594,0.092325,0.057517,0.055104,0.279547,0.070129,0.072552,0.103663
0.102364,0.129943,0.092522,0.118168,0.087019,0.107413,0.130820,0.024456,0.107044,0.100251
0.065746,0.087473,0.098605,0.040638,0.033599,0.101109,0.320157,0.073770,0.093949,0.084954
0.087581,0.063764,0.235935,0.083007,0.065392,0.103905,0.151196,0.054887,0.064060,0.090273
0.040740,0.267524,0.068527,0.046045,0.024775,0.063191,0.356627,0.039944,0.053542,0.039085
0.044438,0.108262,0.034183,0.111242,0.070081,0.151520,0.203192,0.078902,0.059595,0.138585
0.045019,0.027449,0.246048,0.029724,0.237750,0.043378,0.210290,0.069198,0.059202,0.031943
0.065289,0.076358,0.178633,0.078446,0.093717,0.123069,0.094190,0.111503,0.087310,0.091486
0.044956,0.081282,0.228913,0.120084,0.039466,0.100283,0.124684,0.053887,0.082884,0.123561
0.046938,0.302980,0.054313,0.037651,0.021120,0.052710,0.253516,0.033097,0.131324,0.066352
0.036772,0.275716,0.018973,0.060977,0.021272,0.020475,0.350739,0.081197,0.031728,0.102151
0.043391,0.046679,0.159068,0.069983,0.288628,0.099802,0.083365,0.076195,0.059913,0.072975
0.049049,0.064291,0.303580,0.078941,0.079934,0.102324,0.080672,0.068015,0.060055,0.113138
0.070203,0.173393,0.169779,0.080065,0.031882,0.103651,0.110412,0.115981,0.061040,0.083595
0.067003,0.100805,0.119027,0.069057,0.066438,0.084179,0.262388,0.064006,0.077596,0.089501
0.070612,0.097886,0.102226,0.138638,0.053124,0.140218,0.117034,0.024946,0.110005,0.145312
0.026367,0.046582,0.056135,0.033417,0.289395,0.063242,0.345888,0.045793,0.054758,0.038423
0.055204,0.042052,0.069697,0.021748,0.248151,0.038362,0.421549,0.034550,0.049119,0.019568
0.023721,0.046208,0.130331,0.037662,0.255144,0.069057,0.292549,0.042738,0.027829,0.074761
0.071285,0.118805,0.041457,0.169972,0.039350,0.044363,0.140912,0.129499,0.104903,0.139454
0.051836,0.057122,0.101575,0.099686,0.092500,0.076443,0.273992,0.073790,0.068905,0.104153
0.044814,0.191255,0.134096,0.052390,0.034061,0.127459,0.231380,0.029694,0.108103,0.046748
0.042697,0.229743,0.168427,0.080465,0.073916,0.107623,0.106167,0.032486,0.066620,0.091856
0.080060,0.174985,0.055216,0.127174,0.083652,0.140179,0.100595,0.069454,0.071360,0.097325
0.046453,0.206746,0.031101,0.140324,0.063630,0.138860,0.084422,0.100603,0.089945,0.097915
0.076523,0.245976,0.123242,0.118625,0.051530,0.077898,0.093653,0.047576,0.070312,0.094664
0.039400,0.141535,0.061345,0.120327,0.088623,0.145950,0.118274,0.027661,0.110382,0.146502
0.046654,0.091081,0.280439,0.081986,0.043424,0.095391,0.097295,0.079039,0.095874,0.088817
0.167138,0.265922,0.081201,0.102737,0.054186,0.082300,0.096150,0.025697,0.089832,0.034837
0.043200,0.099513,0.177924,0.088250,0.114249,0.130335,0.105175,0.091217,0.063736,0.086401
0.050206,0.126029,0.079438,0.109018,0.069629,0.131781,0.260811,0.070855,0.051143,0.051090
0.082635,0.092901,0.061780,0.054834,0.050884,0.076945,0.342643,0.062517,0.133675,0.041187
0.042974,0.157573,0.275465,0.035556,0.269559,0.090110,0.041631,0.048003,0.023522,0.015606
0.087221,0.113803,0.112140,0.115695,0.063179,0.099554,0.108274,0.115475,0.071929,0.112729
0.068405,0.095701,0.077177,0.099213,0.038446,0.031382,0.299260,0.083082,0.118555,0.088779
0.042682,0.175694,0.054275,0.022961,0.407294,0.094082,0.031799,0.048916,0.091866,0.030431
0.041045,0.314589,0.147269,0.020755,0.159984,0.033832,0.178027,0.027396,0.027111,0.049991
0.038997,0.242904,0.061514,0.085821,0.039267,0.136242,0.118483,0.069007,0.081536,0.126228
0.057507,0.067351,0.070119,0.094106,0.195439,0.074691,0.301316,0.058167,0.059577,0.021728
0.058965,0.052096,0.116466,0.119453,0.092324,0.028682,0.275440,0.083735,0.077618,0.095221
0.033755,0.134214,0.048517,0.104418,0.047691,0.158743,0.124732,0.093592,0.108165,0.146173
0.047126,0.129222,0.050192,0.118490,0.116876,0.173196,0.140098,0.091770,0.097469,0.035560
0.098022,0.137440,0.148300,0.129322,0.092938,0.041358,0.118109,0.096008,0.092866,0.045636
0.059460,0.062298,0.310931,0.046626,0.143633,0.170914,0.050355,0.044532,0.050611,0.060639
0.069882,0.083121,0.345740,0.057591,0.078468,0.088041,0.088279,0.059134,0.043839,0.085906
0.022622,0.041557,0.094822,0.025349,0.299138,0.080525,0.284334,0.067292,0.037214,0.047147
0.058822,0.089158,0.302588,0.069869,0.084088,0.081342,0.091132,0.067361,0.074736,0.080905
0.087106,0.052458,0.074563,0.095942,0.325303,0.082230,0.073922,0.094411,0.038046,0.076017
0.054850,0.058761,0.329643,0.029435,0.170987,0.140593,0.062648,0.071061,0.043152,0.038869
0.088787,0.304213,0.044558,0.033093,0.036678,0.017965,0.354902,0.056941,0.040499,0.022365
0.042655,0.340644,0.036257,0.044090,0.021444,0.033146,0.359452,0.032803,0.030105,0.059404
0.063611,0.114986,0.095889,0.140117,0.094513,0.031218,0.130986,0.134877,0.091611,0.102191
0.052448,0.117576,0.121885,0.108385,0.065070,0.041761,0.120809,0.112632,0.117678,0.141755
0.098777,0.124505,0.093324,0.116275,0.092599,0.136637,0.119128,0.023619,0.077672,0.117464
0.056363,0.049724,0.146629,0.096175,0.370374,0.067798,0.072616,0.037139,0.039190,0.063991
0.031070,0.227099,0.032740,0.030051,0.308873,0.058242,0.239540,0.017603,0.022269,0.032515
0.018235,0.196212,0.022054,0.125121,0.126242,0.136663,0.099716,0.113312,0.061095,0.101350
0.023688,0.083277,0.342561,0.117626,0.030975,0.084577,0.087479,0.104398,0.052350,0.073068
0.090713,0.150014,0.065419,0.119573,0.056053,0.054328,0.198005,0.029509,0.086762,0.149624
0.048905,0.044040,0.330196,0.062097,0.109874,0.162078,0.067995,0.046084,0.054895,0.073837
0.075265,0.098476,0.161554,0.081175,0.070529,0.082309,0.201293,0.051802,0.080302,0.097295
0.054583,0.093871,0.102070,0.036295,0.052121,0.085294,0.312585,0.071477,0.094148,0.097555
0.069846,0.122723,0.131249,0.140460,0.099593,0.040408,0.102166,0.105714,0.078156,0.109687
0.048389,0.058798,0.106315,0.064046,0.369151,0.111232,0.063971,0.035913,0.095386,0.046800
0.033286,0.078817,0.385913,0.073298,0.054929,0.097464,0.082334,0.050696,0.054610,0.088651
0.077742,0.081830,0.170421,0.093330,0.080746,0.107975,0.117257,0.088511,0.086450,0.095738
0.054623,0.102686,0.111130,0.066735,0.057105,0.085511,0.281854,0.057064,0.074390,0.108901
0.043492,0.051559,0.102746,0.053657,0.449590,0.068275,0.062637,0.040664,0.058613,0.068768
0.081471,0.275785,0.071520,0.088539,0.082665,0.042806,0.096153,0.072195,0.102014,0.086853
0.055526,0.120783,0.107544,0.119882,0.122178,0.108756,0.105875,0.121418,0.075553,0.062484
0.057167,0.157927,0.108051,0.117161,0.084033,0.038556,0.151524,0.108074,0.087019,0.090488
0.091415,0.066453,0.134631,0.076604,0.075906,0.046217,0.275627,0.032281,0.104944,0.095922
0.025846,0.068557,0.054959,0.158774,0.099033,0.034198,0.340398,0.112583,0.080249,0.025402
0.036222,0.059514,0.067033,0.044032,0.473247,0.100725,0.059574,0.061276,0.040264,0.058113
0.035610,0.066891,0.179575,0.114128,0.108129,0.094207,0.166230,0.105433,0.042195,0.087604
0.108935,0.268230,0.048606,0.055357,0.026805,0.043165,0.284683,0.040557,0.069649,0.054012
0.079125,0.247990,0.110848,0.041740,0.035996,0.072159,0.043694,0.092473,0.215419,0.060555
0.056788,0.086929,0.286267,0.106310,0.057561,0.108805,0.150121,0.041950,0.068831,0.036436
0.067952,0.122893,0.065064,0.078194,0.134489,0.178269,0.149756,0.086897,0.078002,0.038483
0.073073,0.093523,0.109621,0.111974,0.103007,0.097585,0.117292,0.097205,0.105275,0.091446
0.077477,0.203524,0.085350,0.137183,0.130381,0.053071,0.118872,0.086340,0.047053,0.060748
0.051297,0.086744,0.036548,0.165046,0.089199,0.154693,0.135912,0.095661,0.054061,0.130839
0.097745,0.054090,0.103063,0.037417,0.389736,0.100516,0.057736,0.072509,0.028877,0.058311
0.045347,0.034842,0.153905,0.048647,0.349178,0.100239,0.082281,0.045539,0.076501,0.063521
0.075319,0.087068,0.305035,0.037779,0.079774,0.127510,0.086810,0.054005,0.051826,0.094875
0.064295,0.096010,0.051129,0.101783,0.057272,0.158233,0.152183,0.138749,0.077424,0.102921
0.048947,0.082109,0.256360,0.083438,0.064088,0.107611,0.101662,0.107836,0.103800,0.044149
0.075264,0.084760,0.083832,0.058864,0.064405,0.092157,0.312674,0.034452,0.099168,0.094424
0.036836,0.124905,0.279861,0.023424,0.284574,0.071193,0.048233,0.046205,0.048062,0.036707
0.057371,0.120859,0.095678,0.131835,0.070886,0.136358,0.103244,0.081468,0.088177,0.114125
0.065779,0.272971,0.096751,0.049361,0.049407,0.056213,0.302941,0.037835,0.035081,0.033661
0.097238,0.071697,0.194270,0.102916,0.113235,0.108801,0.104644,0.077192,0.069933,0.060074
0.089941,0.110304,0.115677,0.107271,0.117559,0.105148,0.106894,0.070950,0.078013,0.098243
0.050884,0.090476,0.103967,0.067540,0.052864,0.086062,0.324746,0.057326,0.065996,0.100140
0.062709,0.101567,0.039122,0.093208,0.132385,0.148393,0.122946,0.101825,0.103593,0.094251
0.098107,0.072827,0.075189,0.066101,0.101727,0.104916,0.273811,0.082809,0.057779,0.066735
0.047258,0.103345,0.031662,0.094016,0.093512,0.147651,0.195209,0.121676,0.074813,0.090858
0.099531,0.097542,0.169212,0.095680,0.079749,0.099685,0.099627,0.061810,0.090023,0.107140
0.072940,0.091528,0.174850,0.066357,0.083234,0.105038,0.159729,0.099024,0.056344,0.090956
0.032104,0.368197,0.105522,0.034399,0.246953,0.042091,0.033649,0.062331,0.055511,0.019243
0.043292,0.157900,0.193025,0.079323,0.094045,0.116854,0.092500,0.083401,0.060189,0.079471
0.055492,0.124423,0.136846,0.118968,0.083170,0.043200,0.109266,0.125077,0.078712,0.124844
0.098506,0.124765,0.118848,0.100855,0.051485,0.108119,0.109445,0.086294,0.097632,0.104049
0.072678,0.333578,0.044641,0.030733,0.018854,0.019750,0.340039,0.049464,0.040033,0.050229
0.056930,0.076065,0.332190,0.089689,0.036451,0.068839,0.104204,0.097665,0.048817,0.089151
0.054919,0.116921,0.099392,0.069282,0.131018,0.123577,0.112519,0.086669,0.082061,0.123643
0.080606,0.098947,0.164346,0.095112,0.081037,0.101715,0.105946,0.063012,0.082319,0.126959
0.035536,0.092680,0.276293,0.035484,0.080540,0.099146,0.084989,0.108633,0.095995,0.090704
0.095783,0.118024,0.098271,0.136551,0.075045,0.120509,0.116054,0.022365,0.098622,0.118776
0.035422,0.049041,0.188305,0.057679,0.291947,0.130261,0.064181,0.060095,0.052962,0.070106
0.121339,0.097523,0.079250,0.156444,0.049171,0.115825,0.157199,0.025455,0.090251,0.107543
0.080694,0.109982,0.025963,0.113807,0.085726,0.162571,0.177972,0.100156,0.058256,0.084874
0.091601,0.191756,0.057016,0.111183,0.098812,0.045562,0.117854,0.037563,0.095880,0.152774
0.042565,0.351420,0.037168,0.045247,0.024083,0.037024,0.343759,0.031080,0.067909,0.019745
0.091443,0.099565,0.061038,0.121664,0.076936,0.150172,0.127322,0.034282,0.091940,0.145638
0.032588,0.112288,0.211330,0.116265,0.037903,0.106301,0.102585,0.067303,0.121568,0.091868
0.044271,0.178560,0.170180,0.044864,0.113340,0.137690,0.086626,0.081190,0.053818,0.089461
0.028537,0.147825,0.036657,0.122104,0.135841,0.038561,0.168095,0.137830,0.061840,0.122710
0.039680,0.123211,0.052802,0.147721,0.114271,0.171740,0.141419,0.093869,0.053843,0.061444
0.056531,0.124034,0.092825,0.126781,0.065892,0.119847,0.107453,0.107081,0.079603,0.119953
0.051868,0.169499,0.199454,0.081022,0.042464,0.134760,0.102922,0.062141,0.066990,0.088879
0.094615,0.197479,0.091464,0.109469,0.057266,0.090857,0.101622,0.115821,0.098443,0.042964
0.024066,0.049071,0.072418,0.041382,0.257699,0.118135,0.269969,0.071454,0.076932,0.018873
0.025726,0.054557,0.234925,0.058699,0.294388,0.065535,0.153915,0.053688,0.041490,0.017077
0.042886,0.103906,0.051348,0.142486,0.083881,0.171084,0.149540,0.107045,0.053117,0.094706
0.039776,0.214867,0.179023,0.044890,0.068221,0.090366,0.095279,0.069701,0.087563,0.110313
0.085829,0.098426,0.085149,0.101604,0.061396,0.121851,0.110930,0.085671,0.129231,0.119914
0.024972,0.155263,0.052443,0.163604,0.051134,0.041640,0.167159,0.090328,0.090555,0.162902
0.093927,0.057825,0.054348,0.113948,0.041571,0.076821,0.090007,0.077173,0.263500,0.130880
0.086692,0.099533,0.081328,0.090242,0.053860,0.094585,0.290731,0.030741,0.060189,0.112098
0.058133,0.048204,0.038175,0.051174,0.042609,0.044850,0.428612,0.090865,0.145335,0.052044
0.117837,0.154015,0.063945,0.130635,0.071265,0.110783,0.100845,0.032627,0.090689,0.127359
0.069190,0.104523,0.139586,0.066962,0.099050,0.105173,0.219409,0.050305,0.061166,0.084636
0.094737,0.097959,0.070010,0.116531,0.086420,0.158659,0.118834,0.027027,0.102976,0.126848
0.057905,0.217904,0.029253,0.097262,0.111791,0.116227,0.116615,0.069561,0.081762,0.101718
0.075791,0.070729,0.203123,0.122381,0.092646,0.102362,0.130857,0.028188,0.077009,0.096914
0.078223,0.221913,0.084279,0.082388,0.048518,0.100120,0.096426,0.090889,0.083074,0.114171
0.062830,0.123775,0.114621,0.120634,0.058411,0.119490,0.122765,0.094455,0.072865,0.110155
0.037709,0.352095,0.066607,0.018414,0.037057,0.047064,0.312560,0.036991,0.051691,0.039813
0.086810,0.214150,0.038284,0.086950,0.077330,0.122849,0.119141,0.083386,0.079293,0.091807
0.077777,0.111671,0.117478,0.124431,0.061410,0.120581,0.109301,0.115996,0.091607,0.069749
0.037833,0.336118,0.040412,0.059063,0.035892,0.041936,0.355638,0.027003,0.049142,0.016964
0.052933,0.109996,0.097548,0.136718,0.093072,0.043614,0.128431,0.127874,0.101637,0.108177
0.073472,0.293728,0.097058,0.075641,0.036285,0.081643,0.075915,0.084213,0.076505,0.105540
0.089314,0.086018,0.072959,0.089668,0.054191,0.087696,0.288952,0.078975,0.051661,0.100565
0.081539,0.288058,0.043812,0.064621,0.019456,0.017342,0.341949,0.056355,0.042560,0.044309
0.071482,0.123125,0.027982,0.144135,0.106850,0.120878,0.142304,0.118279,0.050722,0.094243
0.050494,0.125513,0.063585,0.152544,0.091223,0.119918,0.157061,0.024923,0.087892,0.126848
0.073320,0.059825,0.201786,0.056829,0.041217,0.143805,0.174478,0.062153,0.118520,0.068067
0.080751,0.049327,0.164861,0.040601,0.361637,0.047910,0.067609,0.064625,0.072172,0.050508
0.120211,0.108815,0.099289,0.098533,0.074948,0.091078,0.101490,0.082346,0.123706,0.099582
0.056694,0.120080,0.155197,0.104825,0.070245,0.129029,0.117372,0.084663,0.085787,0.076107
0.046936,0.097300,0.308978,0.077453,0.095139,0.086905,0.089404,0.074340,0.087971,0.035574
0.097304,0.110171,0.182547,0.115410,0.089746,0.098821,0.097971,0.073267,0.081566,0.053197
0.034141,0.052650,0.066765,0.036753,0.428145,0.114475,0.057082,0.059139,0.079216,0.071633
0.026020,0.174538,0.064686,0.119652,0.122500,0.050790,0.155822,0.098447,0.081994,0.105550
0.071464,0.055873,0.084718,0.045701,0.475373,0.077019,0.056048,0.035539,0.048504,0.049763
0.033369,0.132899,0.102254,0.074605,0.145194,0.033616,0.137105,0.123233,0.107193,0.110532
0.039637,0.043348,0.121788,0.035181,0.261287,0.060950,0.275188,0.075989,0.036692,0.049939
0.042968,0.342690,0.061597,0.027086,0.332447,0.070299,0.028928,0.040557,0.020603,0.032825
0.038794,0.072152,0.118299,0.099632,0.039892,0.119643,0.238897,0.088182,0.063226,0.121284
0.070467,0.109257,0.056541,0.108523,0.145046,0.043223,0.107807,0.118593,0.071686,0.168856
0.051895,0.047269,0.064676,0.041840,0.259384,0.072514,0.304713,0.088786,0.027346,0.041578
0.056335,0.100771,0.042385,0.130085,0.084169,0.050039,0.239264,0.070514,0.075763,0.150674
0.071007,0.199978,0.111529,0.091638,0.084639,0.080324,0.075206,0.084933,0.082575,0.118171
0.037843,0.285849,0.086352,0.121243,0.053207,0.123346,0.092458,0.068327,0.080887,0.050489
0.068509,0.199941,0.152139,0.107600,0.040676,0.126800,0.090567,0.087591,0.046887,0.079288
0.057290,0.096834,0.114149,0.110821,0.045692,0.088957,0.263712,0.059485,0.056871,0.106189
0.044746,0.112352,0.213187,0.103008,0.055485,0.149641,0.086764,0.079553,0.066828,0.088436
0.034082,0.131828,0.026905,0.120408,0.045085,0.137927,0.221620,0.087446,0.063513,0.131185
0.143244,0.184204,0.124470,0.070862,0.073075,0.109507,0.100222,0.049175,0.085585,0.059655
0.098103,0.107592,0.098004,0.092706,0.080214,0.114604,0.126975,0.026983,0.113507,0.141311
0.020341,0.259930,0.065974,0.021686,0.341519,0.066314,0.035274,0.063352,0.095906,0.029705
0.083195,0.080234,0.110452,0.103000,0.061854,0.084747,0.245705,0.073500,0.057310,0.100003
0.069778,0.117235,0.192414,0.089152,0.076669,0.133184,0.106861,0.075509,0.072607,0.066591
0.074251,0.296419,0.041906,0.068856,0.025897,0.076328,0.263420,0.037645,0.069651,0.045628
0.047537,0.158967,0.177152,0.054209,0.057078,0.179758,0.055511,0.054015,0.123612,0.092160
0.047401,0.101224,0.160787,0.079631,0.182216,0.140987,0.136659,0.064419,0.056851,0.029826
0.035827,0.043579,0.055682,0.032400,0.511439,0.093268,0.041636,0.069473,0.056270,0.060427
0.016768,0.049121,0.370614,0.037830,0.218918,0.096400,0.075191,0.038995,0.036874,0.059288
0.056039,0.124294,0.111825,0.111198,0.081788,0.101790,0.114857,0.118279,0.088832,0.091099
0.075709,0.112448,0.106313,0.109977,0.046190,0.109110,0.124256,0.128427,0.076381,0.111190
0.076889,0.131696,0.104046,0.105614,0.078906,0.154582,0.112690,0.111614,0.077071,0.046892
0.092772,0.126757,0.190858,0.108138,0.074999,0.118951,0.109963,0.044823,0.095292,0.037446
0.066234,0.041943,0.217154,0.081837,0.089508,0.149957,0.192926,0.045296,0.055250,0.059895
0.060985,0.119525,0.093412,0.128552,0.084348,0.104068,0.111280,0.087716,0.099149,0.110965
0.039152,0.109982,0.032524,0.130902,0.101788,0.113947,0.242618,0.080668,0.050039,0.098380
0.041438,0.083126,0.026710,0.150067,0.107396,0.181520,0.119146,0.092069,0.095920,0.102609
0.070856,0.179082,0.176025,0.085831,0.071647,0.104602,0.107994,0.071707,0.070040,0.062217
0.062191,0.121316,0.118852,0.099153,0.071389,0.122462,0.121504,0.102459,0.086371,0.094302
0.045475,0.076087,0.292214,0.067256,0.132936,0.135018,0.088343,0.049407,0.057096,0.056167
0.058946,0.278301,0.074846,0.101492,0.036327,0.111639,0.085262,0.070927,0.070301,0.111960
0.058782,0.074129,0.091769,0.068219,0.052615,0.095013,0.310739,0.060909,0.104248,0.083577
0.028182,0.237550,0.220587,0.060129,0.161191,0.067806,0.080669,0.040171,0.037711,0.066005
0.054005,0.123318,0.106402,0.122368,0.101286,0.042705,0.151709,0.148389,0.069033,0.080786
0.129315,0.121390,0.085081,0.113047,0.067768,0.037373,0.212371,0.080707,0.062237,0.090710
0.108394,0.073992,0.091243,0.034121,0.343777,0.108650,0.064044,0.036991,0.066345,0.072442
0.032123,0.112709,0.205638,0.059808,0.073106,0.150802,0.110569,0.098794,0.072583,0.083868
0.058252,0.117599,0.099062,0.098712,0.108891,0.116332,0.118853,0.087583,0.098997,0.095719
0.068575,0.113360,0.109281,0.100993,0.082339,0.127848,0.105042,0.087785,0.091556,0.113222
0.051276,0.116466,0.121161,0.111565,0.064434,0.117966,0.101217,0.120964,0.121515,0.073435
0.051525,0.218682,0.133412,0.050572,0.072075,0.096372,0.093711,0.102305,0.057859,0.123486
0.029072,0.156163,0.040029,0.173159,0.125590,0.044935,0.184110,0.083191,0.093528,0.070224
0.069324,0.111141,0.099211,0.098032,0.058571,0.125059,0.117995,0.119065,0.092521,0.109080
0.040302,0.120002,0.233767,0.083078,0.043700,0.120120,0.081242,0.067742,0.083351,0.126695
0.049454,0.123433,0.096630,0.132244,0.061150,0.117559,0.100555,0.130652,0.095365,0.092959
0.061644,0.191027,0.179352,0.051534,0.073953,0.081180,0.087955,0.105825,0.088432,0.079097
0.086820,0.054705,0.124418,0.069825,0.084824,0.105806,0.202031,0.062129,0.082482,0.126962
0.052454,0.119087,0.209308,0.091659,0.049135,0.134873,0.100774,0.067979,0.041137,0.133594
0.077574,0.134362,0.036290,0.142658,0.097227,0.132941,0.123709,0.024461,0.105756,0.125021
0.083368,0.134260,0.052567,0.059371,0.048704,0.154406,0.189245,0.106666,0.075243,0.096172
0.059481,0.279225,0.115425,0.118238,0.070982,0.036265,0.092460,0.078312,0.068510,0.081103
0.062569,0.090721,0.126845,0.105707,0.051068,0.030448,0.277896,0.082352,0.065691,0.106703
0.026189,0.284791,0.045493,0.038590,0.024641,0.025496,0.350513,0.028150,0.145350,0.030787
0.079797,0.266574,0.099004,0.108308,0.055313,0.034947,0.087961,0.106833,0.075897,0.085367
0.063070,0.131569,0.093324,0.104879,0.060545,0.139372,0.111736,0.087719,0.096417,0.111369
0.063659,0.113077,0.124806,0.150095,0.108472,0.049506,0.138776,0.025317,0.108000,0.118292
0.068283,0.122355,0.118033,0.087650,0.055803,0.117268,0.107119,0.124456,0.082037,0.116996
0.090875,0.123189,0.089232,0.106211,0.088436,0.057446,0.102478,0.119510,0.113015,0.109609
0.043615,0.218378,0.051571,0.110378,0.070362,0.124751,0.119720,0.107371,0.062148,0.091707
0.111093,0.080650,0.052443,0.098350,0.039838,0.085776,0.100461,0.076280,0.256907,0.098203
0.055467,0.052556,0.302639,0.044381,0.232100,0.065010,0.056213,0.081664,0.060280,0.049691
0.043193,0.147835,0.031682,0.090147,0.108019,0.150135,0.139704,0.129126,0.067296,0.092861
0.028598,0.059360,0.331690,0.053033,0.098789,0.122447,0.062465,0.094674,0.085762,0.063183
0.084655,0.108108,0.064599,0.083176,0.045610,0.122685,0.117333,0.072008,0.257338,0.044489
0.044725,0.081128,0.280810,0.055397,0.086720,0.065839,0.178679,0.092256,0.052288,0.062158
0.049723,0.328740,0.070812,0.105005,0.098457,0.022975,0.080002,0.072949,0.065406,0.105930
0.051509,0.048211,0.076028,0.037387,0.421219,0.140821,0.050221,0.070830,0.050384,0.053390
0.042146,0.132572,0.056439,0.097484,0.106862,0.040058,0.262098,0.119340,0.112087,0.030915
0.047360,0.048403,0.081690,0.043774,0.407991,0.135179,0.053955,0.074209,0.047412,0.060028
0.096935,0.100312,0.192824,0.094277,0.059696,0.098397,0.104431,0.075193,0.079781,0.098155
0.110445,0.085271,0.119793,0.125727,0.088313,0.033643,0.112275,0.127697,0.071860,0.124976
0.096783,0.132695,0.049552,0.118928,0.142593,0.046905,0.126762,0.027430,0.138175,0.120177
0.057918,0.088987,0.135930,0.086471,0.065666,0.138263,0.144709,0.128793,0.102263,0.051000
0.046216,0.298992,0.077781,0.041461,0.237389,0.079876,0.055961,0.056015,0.050561,0.055748
0.053140,0.152568,0.040542,0.165354,0.060668,0.163044,0.147788,0.028973,0.073828,0.114094
0.073522,0.121918,0.082576,0.108190,0.087021,0.110035,0.091128,0.089554,0.105365,0.130690
0.040466,0.122593,0.053624,0.134167,0.090597,0.169920,0.116136,0.121871,0.093374,0.057251
0.056820,0.113501,0.037590,0.093736,0.102242,0.043618,0.291579,0.096240,0.079998,0.084675
0.030704,0.321066,0.068627,0.045819,0.253769,0.082878,0.070108,0.045678,0.047308,0.034045
0.071225,0.188149,0.168217,0.055528,0.020573,0.074680,0.240317,0.053072,0.056603,0.071635
0.031401,0.130254,0.140059,0.080614,0.102409,0.034747,0.138510,0.115576,0.102036,0.124396
0.069614,0.087234,0.104731,0.076640,0.051853,0.096403,0.274216,0.046890,0.083479,0.108940
0.037700,0.227871,0.112104,0.070849,0.072967,0.078202,0.100982,0.102848,0.084967,0.111511
0.135947,0.103144,0.127516,0.045914,0.050608,0.094555,0.186497,0.058549,0.079707,0.117563
0.070280,0.066501,0.167120,0.134262,0.074048,0.105487,0.172378,0.071890,0.077146,0.060888
0.092302,0.101090,0.163646,0.092923,0.059836,0.113231,0.099479,0.072684,0.082862,0.121946
0.065852,0.047258,0.254130,0.091482,0.104343,0.159477,0.124686,0.052311,0.037062,0.063400
0.080783,0.103897,0.058670,0.093906,0.067498,0.114928,0.250792,0.029843,0.088429,0.111254
0.058499,0.067803,0.086948,0.081148,0.058508,0.069968,0.345397,0.054805,0.089617,0.087307
0.099425,0.325336,0.043585,0.046600,0.026502,0.035485,0.342286,0.038508,0.024393,0.017881
0.036798,0.254173,0.140457,0.038468,0.286468,0.055346,0.044837,0.059008,0.040407,0.044038
0.026431,0.233368,0.061581,0.071201,0.148715,0.052372,0.097021,0.117158,0.097774,0.094379
0.069238,0.120261,0.119343,0.066848,0.068944,0.054290,0.254837,0.064222,0.071405,0.110612
0.062113,0.118992,0.059668,0.117203,0.075533,0.168499,0.132046,0.131706,0.034032,0.100208
0.086246,0.120521,0.027108,0.108956,0.135690,0.125846,0.128920,0.092624,0.059322,0.114766
0.055423,0.104338,0.190146,0.059414,0.080245,0.106849,0.106191,0.139433,0.069252,0.088709
0.017281,0.366202,0.069899,0.062036,0.025190,0.023628,0.326888,0.033903,0.028476,0.046497
0.063732,0.316637,0.112812,0.103089,0.074550,0.062465,0.085454,0.030933,0.059168,0.091159
0.054001,0.053466,0.197163,0.087286,0.075815,0.140994,0.144840,0.101024,0.058807,0.086603
0.045366,0.062455,0.131826,0.087225,0.050392,0.105306,0.227375,0.110826,0.089914,0.089315
0.085900,0.063071,0.252539,0.092326,0.067958,0.086582,0.138987,0.048803,0.072529,0.091304
0.029027,0.212126,0.032310,0.095270,0.115182,0.034780,0.128998,0.133170,0.094462,0.124675
0.082496,0.089968,0.086071,0.105517,0.049564,0.030476,0.229717,0.088536,0.137741,0.099915
0.115402,0.197919,0.030554,0.091824,0.110053,0.034801,0.120740,0.109451,0.089504,0.099752
0.072718,0.083420,0.092978,0.068180,0.078128,0.091451,0.256645,0.092251,0.088214,0.076016
0.089819,0.302215,0.096049,0.094319,0.089282,0.091815,0.067072,0.065722,0.069462,0.034245
0.047500,0.069545,0.143586,0.058371,0.299339,0.109816,0.096955,0.041996,0.058017,0.074873
0.101246,0.078300,0.159691,0.099942,0.097008,0.096650,0.112957,0.040878,0.090983,0.122344
0.047457,0.100585,0.031074,0.115273,0.110169,0.148355,0.166865,0.103667,0.090595,0.085958
0.110642,0.117200,0.026612,0.112042,0.040812,0.160466,0.123630,0.089502,0.098250,0.120844
0.042007,0.230908,0.070098,0.128598,0.069350,0.040111,0.148182,0.156468,0.084712,0.029567
0.140043,0.064385,0.152970,0.089657,0.079614,0.080359,0.198534,0.073961,0.079505,0.040971
0.033775,0.077537,0.352816,0.054362,0.026148,0.077699,0.133982,0.109684,0.054833,0.079164
0.048621,0.318502,0.134377,0.028115,0.307848,0.060186,0.028074,0.034860,0.028137,0.011279
0.129564,0.090264,0.191615,0.080298,0.086459,0.101116,0.196339,0.052983,0.044012,0.027351
0.113124,0.126202,0.028799,0.155600,0.047832,0.137694,0.164105,0.134410,0.058105,0.034128
0.052568,0.055909,0.157467,0.082949,0.297628,0.069467,0.081500,0.098755,0.038794,0.064963
0.040895,0.085926,0.159319,0.101720,0.113341,0.124406,0.116172,0.072751,0.079798,0.105671
0.045402,0.047475,0.140526,0.075183,0.181173,0.105493,0.223549,0.048796,0.063199,0.069205
0.070721,0.096609,0.107020,0.099177,0.057554,0.103297,0.244689,0.053902,0.054058,0.112973
0.029111,0.393178,0.049329,0.026203,0.264262,0.076507,0.053126,0.029108,0.027674,0.051502
0.060021,0.128540,0.137978,0.100368,0.140763,0.037625,0.128793,0.126275,0.039128,0.100507
0.112187,0.131931,0.096888,0.132985,0.080339,0.050158,0.138543,0.102017,0.037785,0.117167
0.056584,0.115258,0.087985,0.093611,0.121027,0.107578,0.115241,0.121290,0.075852,0.105572
0.018626,0.041606,0.227088,0.038248,0.248349,0.075614,0.211818,0.049967,0.040584,0.048099
0.037420,0.318318,0.014824,0.035630,0.090977,0.066872,0.302663,0.058454,0.024812,0.050029
0.062292,0.134966,0.117924,0.080257,0.061321,0.133423,0.133236,0.098273,0.069198,0.109112
0.079346,0.122544,0.039535,0.095462,0.043796,0.131611,0.197675,0.118005,0.047167,0.124860
0.047383,0.066926,0.132652,0.046430,0.391945,0.074411,0.064079,0.059943,0.039582,0.076650
0.112759,0.108684,0.052224,0.134578,0.102950,0.035779,0.157186,0.121496,0.079524,0.094821
0.051973,0.021595,0.146111,0.019898,0.231039,0.097338,0.210527,0.056392,0.133304,0.031822
0.169823,0.229363,0.059916,0.039389,0.022695,0.049160,0.060966,0.075483,0.255420,0.037784
0.061927,0.056816,0.218606,0.080844,0.090913,0.199267,0.097473,0.051934,0.052272,0.089945
0.078636,0.245926,0.086407,0.092927,0.075475,0.033974,0.107597,0.096049,0.107646,0.075364
0.068267,0.112736,0.135093,0.123200,0.064932,0.063618,0.137124,0.127092,0.048060,0.119877
0.023652,0.125893,0.029797,0.096943,0.092323,0.168024,0.121856,0.088358,0.119634,0.133520
0.040000,0.098073,0.157043,0.118722,0.043740,0.095386,0.204483,0.055900,0.071376,0.115277
0.103657,0.107993,0.105066,0.066763,0.094549,0.113957,0.127427,0.026407,0.120412,0.133768
0.055311,0.107824,0.154172,0.098717,0.099839,0.105690,0.107780,0.090460,0.081086,0.099122
0.094678,0.069908,0.294657,0.079224,0.035897,0.096379,0.104096,0.062931,0.073028,0.089202
0.140138,0.219347,0.088023,0.070597,0.048596,0.086116,0.067833,0.066694,0.118462,0.094195
0.050228,0.268262,0.038185,0.045183,0.026367,0.086036,0.310987,0.065015,0.053198,0.056539
0.040649,0.348615,0.065634,0.044489,0.052800,0.023260,0.344770,0.033937,0.029361,0.016485
0.040825,0.143394,0.173138,0.120076,0.036708,0.118451,0.088856,0.098183,0.059375,0.120995
0.090848,0.110199,0.125599,0.142718,0.068115,0.045292,0.117962,0.094236,0.096558,0.108473
0.054418,0.138817,0.260089,0.066086,0.033473,0.081047,0.077808,0.090242,0.107715,0.090305
0.077393,0.168628,0.124130,0.108085,0.118336,0.100116,0.115549,0.079697,0.067241,0.040826
0.026827,0.344832,0.040904,0.032226,0.101139,0.037425,0.327199,0.032366,0.016161,0.040922
0.069985,0.238761,0.095918,0.119070,0.067235,0.037888,0.084586,0.119924,0.079329,0.087305
0.054792,0.165655,0.033449,0.146144,0.074906,0.127555,0.106778,0.079472,0.091820,0.119428
0.063338,0.074633,0.157362,0.099619,0.107090,0.095620,0.105847,0.065161,0.120799,0.110532
0.065668,0.251148,0.181979,0.068848,0.082235,0.101289,0.089015,0.066863,0.059962,0.032994
0.080238,0.278254,0.085040,0.045698,0.069497,0.040151,0.107516,0.078567,0.097123,0.117916
0.037560,0.214431,0.039716,0.089540,0.050707,0.168557,0.140726,0.141080,0.049377,0.068308
0.043134,0.253546,0.087430,0.019507,0.398801,0.096818,0.025588,0.016468,0.027842,0.030865
0.077624,0.059175,0.084701,0.056821,0.361593,0.068297,0.050134,0.094673,0.072902,0.074079
0.060382,0.260398,0.167409,0.021691,0.093392,0.132146,0.159152,0.027189,0.039233,0.039007
0.046050,0.062980,0.227369,0.085401,0.097632,0.139747,0.138026,0.069591,0.061829,0.071375
0.054262,0.117363,0.049316,0.107591,0.034018,0.089300,0.269237,0.026943,0.145880,0.106089
0.043635,0.096916,0.218600,0.083739,0.111298,0.112955,0.106614,0.091618,0.064934,0.069691
0.065276,0.114265,0.151472,0.085741,0.100889,0.121662,0.109551,0.039263,0.089009,0.122871
0.155303,0.115336,0.094323,0.108286,0.115283,0.124586,0.111002,0.021690,0.106091,0.048101
0.063112,0.093303,0.085282,0.094214,0.037207,0.084944,0.079481,0.069401,0.261266,0.131790
0.068262,0.060517,0.087217,0.068439,0.042712,0.073470,0.322693,0.058754,0.113868,0.104066
