0.013145,0.375315,0.611540
0.231226,0.768773,0.000001
0.334134,0.655745,0.010120
0.995602,0.004398,0.000000
0.232154,0.737826,0.030020
0.000965,0.998892,0.000143
0.004174,0.072810,0.923016
0.463768,0.531633,0.004598
0.489697,0.315480,0.194824
0.990843,0.009100,0.000057
0.039517,0.138106,0.822377
0.973522,0.019949,0.006529
0.002144,0.935946,0.061910
0.529048,0.470706,0.000245
0.997395,0.002605,0.000000
0.319907,0.679685,0.000408
0.353067,0.646898,0.000035
0.247828,0.507092,0.245081
0.271486,0.593297,0.135217
0.486516,0.454149,0.059335
0.004256,0.993936,0.001808
0.992364,0.007636,0.000000
0.159254,0.752663,0.088083
0.041637,0.157959,0.800405
0.931226,0.068377,0.000397
0.963597,0.032972,0.003431
0.294921,0.705077,0.000002
0.767888,0.230935,0.001177
0.454575,0.456378,0.089047
0.003427,0.971309,0.025264
0.038222,0.762538,0.199240
0.007319,0.107304,0.885377
0.469461,0.517115,0.013425
0.996127,0.003872,0.000000
0.000128,0.000499,0.999374
0.182945,0.802101,0.014954
0.305548,0.625985,0.068467
0.997511,0.002489,0.000000
0.787710,0.206881,0.005410
0.996276,0.003724,0.000000
0.965101,0.034871,0.000029
0.000275,0.001828,0.997896
0.964309,0.035691,0.000001
0.013620,0.289653,0.696727
0.597683,0.402103,0.000214
0.065538,0.247165,0.687297
0.127098,0.872898,0.000004
0.000182,0.000385,0.999433
0.987181,0.012819,0.000000
0.105879,0.729507,0.164614
0.019387,0.755115,0.225498
0.377808,0.622175,0.000017
0.966750,0.033250,0.000000
0.993514,0.006481,0.000004
0.868487,0.131461,0.000052
0.996092,0.003908,0.000000
0.973298,0.026702,0.000000
0.406250,0.593243,0.000508
0.010508,0.942376,0.047116
0.910810,0.089180,0.000010
0.146833,0.780244,0.072923
0.479437,0.520453,0.000110
0.997419,0.002581,0.000000
0.996511,0.003489,0.000000
0.332670,0.667329,0.000001
0.993503,0.006497,0.000000
0.007911,0.084058,0.908031
0.995673,0.004278,0.000049
0.990460,0.009538,0.000002
0.007025,0.893345,0.099630
0.528898,0.440245,0.030857
0.301813,0.698153,0.000034
0.084506,0.518816,0.396679
0.342008,0.609776,0.048216
0.042030,0.699463,0.258507
0.200980,0.798432,0.000588
0.313348,0.686650,0.000002
0.012565,0.336747,0.650688
0.216541,0.782909,0.000549
0.009272,0.978842,0.011886
0.359805,0.632399,0.007795
0.982088,0.017912,0.000000
0.863834,0.136152,0.000014
0.441146,0.558670,0.000185
0.458461,0.541277,0.000262
0.981411,0.018589,0.000001
0.995495,0.004505,0.000000
0.048815,0.257130,0.694056
0.011098,0.452123,0.536779
0.987927,0.012073,0.000000
0.052131,0.653801,0.294068
0.989157,0.010843,0.000000
0.011221,0.025261,0.963518
0.995529,0.004472,0.000000
0.275908,0.654963,0.069129
0.992601,0.007400,0.000000
0.613868,0.081330,0.304802
0.994972,0.005028,0.000000
0.980343,0.019656,0.000001
0.993757,0.006242,0.000000
0.517796,0.127054,0.355149
0.279452,0.720535,0.000012
0.996011,0.003989,0.000000
0.252562,0.737193,0.010245
0.001301,0.995394,0.003305
0.961435,0.038231,0.000334
0.009224,0.028504,0.962272
0.664847,0.335152,0.000001
0.990021,0.009979,0.000000
0.084861,0.773876,0.141263
0.994377,0.005623,0.000000
0.343733,0.656267,0.000000
0.995873,0.004127,0.000000
0.969002,0.030219,0.000779
0.006701,0.969766,0.023533
0.031655,0.146654,0.821691
0.994108,0.005892,0.000000
0.313059,0.643254,0.043687
0.006460,0.226077,0.767463
0.123011,0.686946,0.190043
0.988065,0.011934,0.000000
0.161628,0.837349,0.001023
0.002548,0.011420,0.986032
0.001027,0.998592,0.000381
0.317146,0.230685,0.452169
0.046312,0.502511,0.451177
0.869472,0.129965,0.000563
0.007105,0.017690,0.975206
0.003265,0.984727,0.012008
0.002485,0.918887,0.078628
0.000142,0.000445,0.999413
0.001271,0.000382,0.998347
0.415454,0.561804,0.022742
0.246413,0.753570,0.000016
0.935749,0.064164,0.000087
0.012532,0.675236,0.312233
0.009366,0.791751,0.198883
0.007020,0.534716,0.458263
0.986158,0.013840,0.000002
0.200603,0.799394,0.000003
0.012790,0.829191,0.158019
0.062814,0.733516,0.203670
0.510998,0.484194,0.004808
0.407017,0.584929,0.008054
0.068052,0.874972,0.056976
0.950279,0.043802,0.005919
0.000479,0.000135,0.999386
0.377198,0.614495,0.008308
0.727505,0.264360,0.008135
0.518604,0.438245,0.043151
0.155948,0.844028,0.000025
0.041873,0.423855,0.534272
0.997032,0.002968,0.000000
0.380321,0.619405,0.000274
0.040220,0.574624,0.385156
0.013572,0.862800,0.123628
0.738268,0.261231,0.000501
0.021786,0.481278,0.496937
0.517050,0.482320,0.000631
0.990533,0.009467,0.000000
0.991053,0.008947,0.000000
0.974573,0.024326,0.001102
0.096003,0.232164,0.671833
0.032305,0.083734,0.883962
0.014292,0.420089,0.565619
0.000392,0.000095,0.999513
0.038508,0.224467,0.737026
0.011996,0.050864,0.937139
0.000663,0.997260,0.002077
0.000478,0.999156,0.000366
0.996416,0.003584,0.000000
0.893188,0.071336,0.035477
0.983784,0.016215,0.000000
0.000065,0.000100,0.999835
0.016959,0.825317,0.157725
0.685203,0.314207,0.000590
0.014692,0.033238,0.952070
0.949144,0.049939,0.000918
0.121129,0.309554,0.569317
0.237741,0.711665,0.050594
0.247930,0.752065,0.000005
0.952871,0.038518,0.008611
0.024928,0.437856,0.537216
0.041049,0.145907,0.813045
0.956234,0.043766,0.000000
0.151529,0.848353,0.000119
0.009729,0.049789,0.940482
0.300477,0.689494,0.010029
0.994043,0.005957,0.000000
0.990253,0.009554,0.000192
0.558280,0.433163,0.008557
0.027537,0.788326,0.184137
0.005837,0.030188,0.963975
0.139929,0.808687,0.051384
0.001993,0.997806,0.000200
0.006366,0.121304,0.872330
0.006001,0.014409,0.979590
0.975371,0.024629,0.000000
0.995513,0.004487,0.000000
0.188172,0.498759,0.313068
0.983472,0.016363,0.000166
0.007462,0.082983,0.909554
0.001910,0.005473,0.992616
0.001633,0.000705,0.997663
0.987729,0.012271,0.000000
0.000272,0.000073,0.999654
0.105426,0.797005,0.097569
0.047612,0.608453,0.343935
0.995501,0.004499,0.000000
0.005305,0.973558,0.021137
0.971366,0.028634,0.000000
0.997116,0.002884,0.000000
0.229763,0.770209,0.000028
0.994664,0.005336,0.000000
0.131142,0.868752,0.000106
0.459589,0.538444,0.001967
0.954699,0.045257,0.000044
0.154450,0.347960,0.497590
0.015520,0.621509,0.362971
0.313740,0.636384,0.049876
0.366858,0.078285,0.554858
0.993509,0.006491,0.000000
0.000713,0.995977,0.003310
0.016682,0.046404,0.936913
0.994864,0.005136,0.000000
0.972611,0.027389,0.000000
0.000803,0.000181,0.999016
0.989402,0.010598,0.000000
0.000074,0.000104,0.999822
0.000128,0.000027,0.999845
0.614183,0.384657,0.001160
0.235443,0.689052,0.075505
0.001728,0.996537,0.001735
0.000221,0.000105,0.999674
0.004006,0.004193,0.991801
0.327927,0.661161,0.010912
0.987547,0.012438,0.000015
0.985500,0.014499,0.000000
0.994871,0.005129,0.000000
0.285366,0.656311,0.058322
0.651034,0.348965,0.000001
0.083721,0.440751,0.475528
0.013426,0.290794,0.695780
0.978106,0.021874,0.000020
0.346583,0.653029,0.000388
0.996476,0.003524,0.000000
0.945870,0.054012,0.000118
0.000600,0.001446,0.997955
0.152350,0.816719,0.030931
0.020383,0.643173,0.336444
0.510522,0.336970,0.152509
0.201495,0.794696,0.003808
0.973382,0.026555,0.000063
0.336677,0.652697,0.010626
0.555441,0.343547,0.101013
0.481691,0.517849,0.000460
0.985253,0.014747,0.000000
0.000761,0.999077,0.000163
0.383747,0.608349,0.007904
0.989662,0.010338,0.000000
0.000997,0.998929,0.000073
0.996004,0.003996,0.000000
0.404917,0.595070,0.000014
0.298305,0.701693,0.000001
0.000874,0.994308,0.004818
0.993421,0.006579,0.000000
0.931512,0.067778,0.000710
0.021723,0.262337,0.715940
0.000143,0.000261,0.999596
0.995646,0.004354,0.000000
0.507217,0.255011,0.237773
0.000698,0.000261,0.999041
0.951126,0.048874,0.000000
0.074005,0.518718,0.407276
0.664300,0.331327,0.004374
0.000208,0.000493,0.999299
0.995557,0.004442,0.000000
0.002303,0.055894,0.941803
0.046367,0.752550,0.201083
0.291496,0.708435,0.000070
0.901266,0.098259,0.000475
0.015606,0.550352,0.434042
0.189928,0.619664,0.190408
0.585686,0.414308,0.000006
0.341818,0.658181,0.000001
0.141944,0.402057,0.455999
0.260440,0.739551,0.000009
0.438845,0.302887,0.258268
0.482604,0.514028,0.003368
0.070080,0.435503,0.494418
0.990319,0.009681,0.000000
0.148552,0.651048,0.200400
0.205322,0.794660,0.000018
0.945834,0.054166,0.000000
0.004731,0.923996,0.071273
0.034335,0.397023,0.568643
0.000059,0.000150,0.999791
0.017701,0.250433,0.731866
0.070819,0.333807,0.595374
0.996758,0.003242,0.000000
0.982349,0.017651,0.000000
0.990075,0.009925,0.000000
0.583739,0.302050,0.114211
0.104300,0.667971,0.227729
0.995240,0.004760,0.000000
0.239148,0.525282,0.235570
0.989302,0.010698,0.000000
0.360765,0.625931,0.013304
0.991860,0.008140,0.000000
0.069192,0.290964,0.639844
0.338720,0.661250,0.000029
0.182299,0.817699,0.000002
0.046616,0.579096,0.374288
0.986647,0.013346,0.000007
0.691432,0.306086,0.002482
0.001144,0.002736,0.996120
0.670183,0.313539,0.016279
0.993359,0.006641,0.000000
0.995980,0.004020,0.000000
0.986738,0.013262,0.000000
0.109122,0.804527,0.086351
0.678048,0.305225,0.016727
0.982717,0.017283,0.000000
0.032210,0.026924,0.940866
0.988310,0.011690,0.000000
0.478926,0.521033,0.000041
0.165111,0.708099,0.126790
0.641313,0.200116,0.158571
0.925699,0.073078,0.001222
0.671961,0.327252,0.000787
0.181368,0.599879,0.218754
0.677348,0.322571,0.000081
0.000620,0.995878,0.003502
0.392024,0.581825,0.026150
0.987518,0.012482,0.000000
0.985385,0.014453,0.000162
0.986755,0.013245,0.000000
0.816775,0.089895,0.093330
0.688158,0.311717,0.000125
0.000391,0.000705,0.998904
0.002104,0.008522,0.989373
0.737699,0.261047,0.001253
0.004758,0.006656,0.988586
0.000590,0.000851,0.998559
0.022893,0.210413,0.766694
0.255553,0.743391,0.001056
0.041208,0.421453,0.537339
0.145751,0.586018,0.268231
0.041349,0.377927,0.580724
0.988556,0.011444,0.000000
0.996410,0.003588,0.000003
0.907342,0.090643,0.002015
0.987112,0.012888,0.000000
0.013440,0.278888,0.707672
0.964228,0.035025,0.000747
0.989964,0.010036,0.000000
0.990124,0.009876,0.000000
0.051807,0.497325,0.450868
0.028944,0.562904,0.408151
0.017569,0.591780,0.390651
0.997161,0.002839,0.000000
0.315925,0.684072,0.000002
0.418727,0.581260,0.000013
0.538777,0.459694,0.001530
0.345466,0.627065,0.027469
0.887201,0.112681,0.000117
0.058412,0.362984,0.578603
0.291874,0.646951,0.061175
0.113027,0.886964,0.000009
0.000766,0.999099,0.000135
0.003932,0.138776,0.857292
0.335470,0.627890,0.036639
0.524562,0.444964,0.030473
0.970916,0.028944,0.000140
0.987379,0.012621,0.000000
0.778953,0.216698,0.004348
0.005314,0.925794,0.068892
0.088041,0.557819,0.354140
0.268976,0.661612,0.069412
0.560443,0.439542,0.000015
0.015866,0.014022,0.970112
0.355724,0.636611,0.007665
0.450966,0.545904,0.003129
0.694031,0.298387,0.007582
0.262671,0.737314,0.000015
0.204383,0.795616,0.000001
0.000105,0.000285,0.999611
0.853042,0.135242,0.011715
0.993539,0.006461,0.000000
0.986758,0.013242,0.000000
0.162578,0.742557,0.094864
0.358485,0.640406,0.001109
0.033160,0.153115,0.813726
0.013513,0.499074,0.487412
0.003484,0.015542,0.980974
0.994228,0.005772,0.000000
0.000006,0.000007,0.999987
0.964189,0.035811,0.000000
0.008663,0.244476,0.746861
0.439544,0.560455,0.000001
0.019256,0.598673,0.382070
0.990205,0.009739,0.000056
0.777870,0.032668,0.189462
0.991934,0.008066,0.000000
0.003661,0.078418,0.917921
0.000962,0.989455,0.009583
0.970711,0.029289,0.000000
0.492973,0.506582,0.000445
0.006653,0.046915,0.946432
0.940511,0.059330,0.000159
0.057302,0.437456,0.505242
0.003338,0.037770,0.958892
0.024592,0.168163,0.807245
0.463883,0.396313,0.139804
0.962432,0.035224,0.002344
0.992915,0.007085,0.000000
0.375542,0.624319,0.000140
0.982369,0.017631,0.000000
0.960733,0.039267,0.000000
0.000565,0.000113,0.999322
0.257050,0.742940,0.000011
0.003690,0.964517,0.031793
0.000571,0.994405,0.005025
0.403365,0.582039,0.014596
0.900333,0.085249,0.014418
0.004303,0.004788,0.990909
0.502992,0.496111,0.000897
0.003701,0.920392,0.075907
0.234247,0.596540,0.169212
0.724554,0.268990,0.006456
0.961630,0.038370,0.000000
0.208300,0.775339,0.016361
0.557786,0.441807,0.000407
0.377928,0.330371,0.291701
0.035348,0.702299,0.262353
0.000338,0.000712,0.998949
0.033427,0.709836,0.256737
0.324359,0.621852,0.053789
0.497854,0.444217,0.057929
0.775487,0.219674,0.004839
0.469852,0.337072,0.193075
0.984111,0.015889,0.000000
0.000193,0.000364,0.999443
0.258804,0.741179,0.000017
0.046945,0.280953,0.672102
0.926088,0.073463,0.000449
0.009771,0.973167,0.017062
0.264192,0.732888,0.002920
0.006912,0.916493,0.076595
0.406662,0.585345,0.007993
0.012133,0.481735,0.506132
0.974337,0.025663,0.000000
0.012434,0.247839,0.739727
0.192534,0.730511,0.076955
0.056003,0.599999,0.343998
0.375805,0.622496,0.001698
0.984166,0.015834,0.000000
0.895503,0.104352,0.000145
0.004707,0.046001,0.949292
0.533903,0.449701,0.016395
0.001059,0.010029,0.988912
0.360702,0.635793,0.003505
0.017276,0.743372,0.239352
0.836538,0.162949,0.000513
0.924393,0.070196,0.005411
0.419710,0.580284,0.000006
0.038175,0.712874,0.248951
0.467788,0.532039,0.000173
0.012628,0.458936,0.528436
0.985833,0.014167,0.000000
0.034890,0.488984,0.476126
0.000885,0.002638,0.996476
0.001923,0.982266,0.015810
0.036943,0.021614,0.941443
0.981371,0.018629,0.000000
0.176317,0.707839,0.115844
0.113241,0.250371,0.636388
0.981450,0.006847,0.011703
0.988221,0.011698,0.000081
0.360599,0.495379,0.144022
0.109563,0.866287,0.024151
0.202320,0.725329,0.072351
0.231456,0.398255,0.370289
0.380587,0.586615,0.032798
0.012950,0.344425,0.642624
0.185337,0.545478,0.269185
0.038111,0.469223,0.492666
0.995335,0.004665,0.000000
0.994248,0.005752,0.000000
0.185732,0.804031,0.010237
0.004179,0.052241,0.943581
0.012262,0.954850,0.032888
0.939856,0.060134,0.000010
0.975034,0.024405,0.000560
0.002892,0.953365,0.043743
0.994475,0.005525,0.000000
0.001554,0.000359,0.998087
0.957561,0.021092,0.021347
0.001622,0.880722,0.117656
0.159055,0.016797,0.824148
0.011788,0.639054,0.349159
0.007837,0.957752,0.034411
0.157334,0.840806,0.001860
0.963789,0.036208,0.000004
0.522985,0.477011,0.000005
0.696740,0.303099,0.000162
0.894478,0.105128,0.000393
0.996334,0.003666,0.000000
0.603587,0.396246,0.000168
0.260937,0.706618,0.032446
0.056102,0.642921,0.300977
0.966255,0.033527,0.000218
0.002473,0.940173,0.057355
0.997672,0.002328,0.000000
0.005985,0.292626,0.701389
0.993240,0.006760,0.000000
0.885943,0.114047,0.000010
0.995315,0.004685,0.000000
0.014078,0.137948,0.847974
0.280967,0.716583,0.002450
0.373575,0.604584,0.021841
0.156821,0.672923,0.170256
0.978880,0.021120,0.000000
0.385356,0.614582,0.000062
0.973332,0.026668,0.000000
0.219436,0.770880,0.009684
0.905262,0.090101,0.004637
0.460397,0.296989,0.242614
0.066806,0.236279,0.696915
0.134605,0.455119,0.410276
0.995621,0.004379,0.000000
0.986999,0.013001,0.000000
0.153497,0.717509,0.128995
0.535526,0.457401,0.007073
0.994599,0.005401,0.000000
0.001714,0.991394,0.006892
0.967620,0.032132,0.000248
0.983526,0.016474,0.000001
0.297226,0.675916,0.026858
0.231907,0.261533,0.506560
0.343505,0.656382,0.000112
0.753520,0.179445,0.067035
0.315791,0.683282,0.000927
0.057771,0.626344,0.315885
0.235194,0.717285,0.047521
0.624650,0.373854,0.001495
0.309688,0.690291,0.000021
0.996452,0.003548,0.000000
0.224135,0.775861,0.000003
0.969621,0.030379,0.000001
0.867109,0.132329,0.000562
0.978084,0.021916,0.000000
0.020751,0.579879,0.399369
0.167481,0.622932,0.209587
0.156885,0.529246,0.313869
0.985329,0.014671,0.000000
0.935523,0.060347,0.004130
0.461129,0.538867,0.000004
0.023641,0.771659,0.204700
0.994856,0.005144,0.000000
0.053957,0.469373,0.476670
0.985213,0.014787,0.000000
0.017279,0.726334,0.256387
0.001538,0.000298,0.998165
0.018042,0.757849,0.224110
0.955652,0.044348,0.000000
0.126662,0.837022,0.036316
0.031501,0.181145,0.787354
0.101302,0.450494,0.448205
0.303764,0.696233,0.000003
0.013109,0.140132,0.846759
0.000653,0.998469,0.000878
0.395366,0.604608,0.000026
0.044180,0.135866,0.819954
0.291175,0.648075,0.060750
0.975708,0.024292,0.000000
0.369757,0.630241,0.000002
0.019288,0.190195,0.790517
0.015741,0.665408,0.318851
0.252592,0.747406,0.000002
0.349410,0.650581,0.000010
0.067976,0.682595,0.249429
0.273585,0.699711,0.026705
0.207347,0.021436,0.771217
0.978269,0.021731,0.000000
0.973237,0.026763,0.000000
0.996081,0.003919,0.000000
0.018848,0.103444,0.877707
0.902776,0.064373,0.032851
0.352768,0.627413,0.019819
0.496077,0.487819,0.016104
0.007958,0.042137,0.949905
0.120273,0.841568,0.038159
0.020588,0.336427,0.642985
0.996102,0.003898,0.000000
0.976332,0.023668,0.000000
0.233093,0.723771,0.043136
0.991379,0.008621,0.000000
0.307746,0.659377,0.032877
0.007382,0.975662,0.016956
0.952082,0.047768,0.000150
0.006305,0.116121,0.877574
0.194792,0.787622,0.017587
0.615000,0.384624,0.000376
0.062438,0.592269,0.345293
0.995362,0.004637,0.000002
0.987377,0.012507,0.000115
0.152105,0.793626,0.054269
0.154210,0.818586,0.027204
0.989846,0.010154,0.000000
0.997390,0.002610,0.000000
0.016965,0.036197,0.946838
0.000263,0.000115,0.999622
0.338183,0.639471,0.022345
0.009892,0.113952,0.876156
0.007815,0.209914,0.782271
0.746727,0.233101,0.020172
0.186746,0.812533,0.000721
0.064039,0.349431,0.586530
0.964870,0.035130,0.000000
0.349085,0.650904,0.000011
0.002368,0.991404,0.006228
0.150357,0.849020,0.000623
0.868760,0.131211,0.000029
0.011911,0.163355,0.824734
0.536923,0.462018,0.001059
0.956302,0.043561,0.000137
0.972708,0.027292,0.000000
0.013126,0.443322,0.543552
0.326895,0.672528,0.000576
0.202271,0.790038,0.007691
0.982193,0.017807,0.000000
0.990217,0.009783,0.000000
0.001161,0.032865,0.965974
0.367061,0.632925,0.000014
0.056180,0.697762,0.246058
0.117895,0.877027,0.005078
0.024073,0.419223,0.556704
0.263171,0.698914,0.037915
0.002247,0.001187,0.996566
0.986927,0.013063,0.000010
0.001528,0.595697,0.402775
0.205640,0.794283,0.000077
0.000045,0.000083,0.999872
0.995788,0.004212,0.000000
0.001316,0.987681,0.011004
0.997538,0.002462,0.000000
0.168472,0.830201,0.001328
0.002183,0.000311,0.997506
0.895373,0.067624,0.037003
0.977714,0.022286,0.000000
0.125697,0.873184,0.001120
0.991149,0.008851,0.000000
0.324987,0.459581,0.215432
0.296804,0.697473,0.005723
0.296613,0.703380,0.000007
0.987954,0.012046,0.000000
0.493374,0.506311,0.000315
0.967931,0.032069,0.000000
0.963959,0.034798,0.001243
0.986573,0.013421,0.000006
0.989968,0.010032,0.000000
0.435588,0.564063,0.000349
0.080612,0.202742,0.716646
0.950125,0.048150,0.001725
0.248762,0.350525,0.400713
0.958515,0.040535,0.000950
0.001366,0.973810,0.024824
0.968986,0.031012,0.000001
0.775245,0.218727,0.006028
0.936981,0.063019,0.000000
0.113385,0.388025,0.498590
0.217681,0.730855,0.051464
0.011717,0.217916,0.770367
0.011818,0.027661,0.960521
0.005040,0.030894,0.964066
0.996342,0.003658,0.000000
0.033891,0.795819,0.170290
0.267629,0.686511,0.045860
0.993030,0.006970,0.000000
0.165021,0.736508,0.098471
0.963864,0.036136,0.000000
0.252451,0.742530,0.005020
0.003757,0.014881,0.981362
0.441797,0.101272,0.456931
0.038681,0.093973,0.867346
0.025608,0.781811,0.192581
0.408898,0.589390,0.001713
0.022925,0.588954,0.388121
0.765673,0.227714,0.006613
0.142792,0.673521,0.183687
0.172483,0.737616,0.089900
0.000193,0.000029,0.999778
0.898343,0.101412,0.000245
0.994088,0.005912,0.000000
0.173101,0.826895,0.000004
0.557633,0.437353,0.005014
0.917179,0.082242,0.000579
0.992643,0.007357,0.000000
0.014185,0.674663,0.311152
0.308062,0.691908,0.000030
0.007929,0.045549,0.946522
0.987996,0.012004,0.000000
0.281052,0.290871,0.428077
0.030185,0.511237,0.458577
0.994949,0.005051,0.000000
0.979097,0.020903,0.000000
0.010427,0.741234,0.248339
0.007222,0.739527,0.253251
0.578745,0.410919,0.010336
0.008780,0.692378,0.298842
0.990472,0.009528,0.000000
0.047557,0.386309,0.566134
0.975259,0.024741,0.000000
0.408893,0.590397,0.000709
0.482375,0.517133,0.000493
0.263534,0.538797,0.197668
0.864297,0.111148,0.024556
0.003840,0.806445,0.189714
0.002222,0.026230,0.971548
0.301547,0.689245,0.009208
0.504296,0.495231,0.000474
0.244913,0.755086,0.000001
0.133917,0.862118,0.003965
0.019280,0.357549,0.623171
0.072831,0.268675,0.658494
0.076465,0.740713,0.182821
0.990312,0.009688,0.000000
0.995594,0.004406,0.000000
0.242145,0.757852,0.000003
0.136720,0.863170,0.000110
0.043227,0.539399,0.417374
0.929271,0.070550,0.000178
0.014450,0.760935,0.224615
0.995163,0.004837,0.000000
0.905126,0.093590,0.001284
0.399835,0.597651,0.002514
0.016311,0.354877,0.628812
0.969286,0.030713,0.000000
0.118507,0.690636,0.190857
0.692520,0.306920,0.000560
0.004254,0.016390,0.979356
0.439389,0.548920,0.011691
0.001078,0.004100,0.994823
0.016450,0.027928,0.955622
0.009134,0.001401,0.989465
0.986194,0.013704,0.000102
0.003906,0.980252,0.015842
0.016225,0.037513,0.946262
0.024022,0.784943,0.191035
0.375750,0.623357,0.000893
0.991652,0.008347,0.000001
0.086186,0.605161,0.308653
0.000428,0.993242,0.006330
0.017451,0.656576,0.325974
0.993198,0.006801,0.000000
0.038390,0.189189,0.772421
0.978226,0.021773,0.000000
0.001347,0.000245,0.998409
0.037816,0.259980,0.702204
0.694056,0.294281,0.011663
0.569941,0.430055,0.000004
0.239686,0.760312,0.000002
0.977377,0.022623,0.000000
0.390485,0.609509,0.000006
0.959006,0.040994,0.000000
0.945316,0.054684,0.000000
0.233054,0.692777,0.074170
0.970966,0.029034,0.000000
0.990431,0.009566,0.000003
0.017034,0.837242,0.145724
0.064926,0.435493,0.499581
0.172986,0.826863,0.000151
0.506366,0.493595,0.000038
0.516972,0.481517,0.001512
0.009776,0.023826,0.966398
0.994802,0.005198,0.000000
0.000333,0.000879,0.998788
0.111727,0.351870,0.536403
0.126190,0.796277,0.077533
0.455811,0.544178,0.000011
0.283502,0.716479,0.000019
0.062926,0.204927,0.732147
0.001546,0.006557,0.991897
0.001877,0.979831,0.018292
0.991274,0.008726,0.000000
0.269329,0.477297,0.253374
0.996846,0.003153,0.000000
0.001823,0.005064,0.993113
0.016637,0.652937,0.330427
0.989282,0.010718,0.000000
0.291503,0.707558,0.000939
0.991110,0.008890,0.000000
0.259772,0.740135,0.000093
0.886357,0.113172,0.000472
0.996055,0.003945,0.000000
0.989563,0.010437,0.000000
0.169662,0.830335,0.000003
0.008634,0.023499,0.967867
0.003584,0.015877,0.980540
0.000943,0.006039,0.993018
0.007461,0.866281,0.126258
0.933918,0.066070,0.000012
0.998194,0.001806,0.000000
0.007720,0.798071,0.194209
0.925795,0.074170,0.000035
0.132246,0.698439,0.169315
0.548255,0.449355,0.002390
0.018004,0.626439,0.355557
0.996684,0.003316,0.000000
0.673053,0.325988,0.000958
0.994993,0.005007,0.000000
0.995056,0.004920,0.000024
0.993529,0.006471,0.000000
0.075361,0.477102,0.447537
0.273888,0.725342,0.000770
0.070629,0.476492,0.452880
0.238285,0.759537,0.002178
0.991329,0.008671,0.000000
0.225226,0.774688,0.000086
0.209098,0.790889,0.000014
0.000139,0.000308,0.999552
0.956771,0.042435,0.000794
0.006351,0.027804,0.965845
0.989451,0.010549,0.000000
0.982398,0.017602,0.000000
0.006750,0.006494,0.986756
0.369055,0.594728,0.036216
0.990969,0.009031,0.000000
0.983732,0.016268,0.000000
0.020976,0.468520,0.510503
0.602259,0.281269,0.116473
0.205592,0.699145,0.095263
0.766221,0.123249,0.110531
0.965070,0.034926,0.000004
0.418901,0.581037,0.000062
0.989842,0.010158,0.000000
0.665260,0.334189,0.000551
0.492135,0.507774,0.000091
0.016102,0.385135,0.598763
0.965749,0.029660,0.004591
0.387039,0.609643,0.003319
0.935893,0.061378,0.002729
0.396673,0.544404,0.058923
0.963915,0.036081,0.000004
0.987871,0.012129,0.000000
0.152612,0.842692,0.004696
0.940553,0.055950,0.003497
0.002644,0.995245,0.002111
0.322931,0.596210,0.080860
0.449843,0.550154,0.000003
0.399792,0.599989,0.000219
0.989485,0.010515,0.000000
0.726629,0.262037,0.011333
0.969802,0.030164,0.000034
0.938588,0.061398,0.000014
0.011645,0.099459,0.888896
0.995594,0.004406,0.000000
0.988704,0.011287,0.000010
0.000919,0.007315,0.991766
0.623514,0.375544,0.000942
0.003772,0.962930,0.033298
0.672410,0.190250,0.137341
0.135016,0.320228,0.544757
0.954717,0.045279,0.000004
0.000024,0.000037,0.999939
0.237807,0.762191,0.000002
0.974319,0.025678,0.000003
0.330502,0.669492,0.000006
0.005786,0.028455,0.965759
0.051435,0.663471,0.285094
0.655274,0.344503,0.000223
0.535441,0.458731,0.005828
0.323305,0.472074,0.204621
0.296576,0.562371,0.141053
0.974052,0.025948,0.000000
0.117286,0.599323,0.283392
0.858081,0.139308,0.002611
0.002216,0.996681,0.001103
0.937216,0.050361,0.012423
0.995243,0.004757,0.000000
0.018731,0.133058,0.848211
0.007570,0.040930,0.951500
0.074499,0.266102,0.659399
0.997677,0.002323,0.000000
0.250986,0.748983,0.000030
0.909382,0.017211,0.073407
0.308884,0.691029,0.000087
0.008016,0.570405,0.421578
0.616585,0.210608,0.172806
0.062128,0.935553,0.002319
0.958871,0.041128,0.000000
0.996183,0.003817,0.000000
0.012249,0.508681,0.479071
0.547579,0.452420,0.000001
0.029275,0.104227,0.866497
0.000387,0.000389,0.999224
0.360500,0.618987,0.020513
0.983752,0.016248,0.000000
0.977750,0.022251,0.000000
0.987160,0.012839,0.000000
0.995207,0.004793,0.000000
0.720523,0.276435,0.003041
0.970378,0.029518,0.000104
0.963351,0.033875,0.002775
0.968039,0.029605,0.002356
0.030213,0.663480,0.306308
0.071957,0.222799,0.705244
0.016500,0.261659,0.721841
0.940210,0.059759,0.000031
0.344017,0.617145,0.038838
0.995747,0.004253,0.000000
0.973841,0.026159,0.000000
0.004709,0.240657,0.754634
0.866923,0.133004,0.000073
0.013253,0.520930,0.465817
0.995828,0.004172,0.000000
0.967007,0.032993,0.000000
0.000074,0.000102,0.999824
0.272131,0.727867,0.000001
0.028914,0.207532,0.763554
0.115273,0.522817,0.361910
0.387459,0.612498,0.000043
0.007833,0.217544,0.774623
0.978036,0.021964,0.000000
0.992033,0.007967,0.000000
0.002214,0.005912,0.991874
0.993417,0.006583,0.000000
0.991500,0.008500,0.000000
0.974623,0.024853,0.000524
0.459810,0.538378,0.001812
0.996198,0.003802,0.000000
0.125497,0.171414,0.703089
0.208109,0.749099,0.042792
0.319441,0.562451,0.118108
0.005510,0.005733,0.988757
0.002490,0.005754,0.991756
0.345581,0.235518,0.418901
0.014328,0.230934,0.754737
0.005765,0.028580,0.965654
0.000914,0.990775,0.008311
0.019465,0.478892,0.501642
0.985413,0.014587,0.000000
0.001110,0.000341,0.998549
0.217080,0.763530,0.019391
0.989101,0.010899,0.000000
0.699416,0.300577,0.000007
0.071360,0.832211,0.096429
0.438153,0.561832,0.000015
0.857740,0.016576,0.125684
0.002138,0.977866,0.019996
0.166434,0.803395,0.030172
0.995136,0.004864,0.000000
0.550095,0.449905,0.000000
0.969100,0.030900,0.000000
0.130671,0.503433,0.365896
0.002282,0.022537,0.975181
0.983005,0.016995,0.000000
0.937904,0.045530,0.016566
0.493240,0.504606,0.002154
0.176687,0.823310,0.000003
0.094166,0.352616,0.553218
0.005968,0.461837,0.532195
0.000773,0.996014,0.003213
0.000051,0.000085,0.999865
0.967555,0.032445,0.000000
0.004751,0.222853,0.772396
0.000314,0.000711,0.998975
0.012065,0.433524,0.554411
0.690126,0.247225,0.062649
0.172884,0.827078,0.000038
0.020484,0.670523,0.308993
0.211618,0.788377,0.000005
0.992301,0.007699,0.000000
0.376587,0.623404,0.000009
0.994646,0.005354,0.000000
0.660778,0.339163,0.000059
0.327462,0.672536,0.000002
0.000038,0.000070,0.999891
0.962845,0.036464,0.000691
0.000400,0.000107,0.999494
0.110576,0.664498,0.224926
0.996321,0.003679,0.000000
0.986847,0.013153,0.000000
0.004557,0.978574,0.016869
0.012062,0.061574,0.926363
0.067156,0.708151,0.224693
0.884118,0.111881,0.004001
0.989993,0.010007,0.000000
0.018382,0.825571,0.156048
0.016373,0.139468,0.844160
0.143838,0.846437,0.009725
0.076623,0.461104,0.462274
0.024743,0.447618,0.527638
0.078826,0.508619,0.412555
0.031818,0.489823,0.478359
0.250794,0.532378,0.216828
0.005339,0.333355,0.661306
0.000763,0.997841,0.001396
0.376768,0.623221,0.000011
0.840171,0.158799,0.001030
0.091413,0.631068,0.277520
0.370673,0.629316,0.000011
0.160918,0.548054,0.291028
0.957265,0.042735,0.000000
0.000129,0.000123,0.999748
0.006135,0.026150,0.967715
0.963995,0.034794,0.001211
0.930707,0.069292,0.000001
0.003857,0.051305,0.944838
0.956085,0.043915,0.000000
0.686957,0.309956,0.003087
0.853088,0.142571,0.004340
0.991497,0.008503,0.000000
0.994158,0.005842,0.000000
0.280101,0.700968,0.018931
0.996806,0.003193,0.000001
0.319517,0.657945,0.022538
0.000886,0.007442,0.991672
0.963074,0.036266,0.000660
0.816038,0.179091,0.004871
0.555806,0.444162,0.000032
0.995932,0.004068,0.000000
0.205930,0.794067,0.000003
0.488641,0.480871,0.030489
0.620664,0.376881,0.002455
0.010868,0.109808,0.879324
0.305700,0.694294,0.000006
0.207819,0.415801,0.376380
0.001172,0.000217,0.998610
0.402515,0.597483,0.000001
0.995993,0.004007,0.000000
0.378895,0.621102,0.000003
0.000234,0.000615,0.999151
0.000133,0.000094,0.999773
0.929124,0.070860,0.000016
0.863494,0.134958,0.001548
0.000520,0.001455,0.998025
0.031217,0.371713,0.597070
0.230339,0.769459,0.000202
0.797153,0.047375,0.155473
0.000417,0.000986,0.998597
0.236260,0.747849,0.015891
0.011428,0.726705,0.261868
0.026885,0.672932,0.300183
0.816051,0.183830,0.000119
0.020570,0.584104,0.395327
0.012103,0.223459,0.764438
0.470231,0.524678,0.005091
0.339106,0.659776,0.001118
0.001180,0.003798,0.995022
0.315856,0.629481,0.054664
0.018131,0.110839,0.871030
0.143128,0.382124,0.474749
0.212538,0.712338,0.075124
0.483249,0.516576,0.000175
0.001005,0.998670,0.000325
0.021253,0.633389,0.345358
0.059385,0.678322,0.262293
0.000900,0.000282,0.998818
0.995246,0.004754,0.000000
0.014943,0.386425,0.598632
0.373482,0.611964,0.014554
0.994897,0.005103,0.000000
0.196259,0.282391,0.521350
0.251621,0.748372,0.000007
0.017283,0.680560,0.302157
0.009790,0.444194,0.546016
0.000882,0.998954,0.000164
0.318829,0.681087,0.000084
0.052802,0.745233,0.201965
0.050365,0.696586,0.253049
0.277386,0.722613,0.000001
0.610214,0.389635,0.000152
0.068905,0.619493,0.311602
0.460543,0.539456,0.000001
0.039208,0.173765,0.787027
0.137261,0.862048,0.000691
0.045288,0.559851,0.394861
0.002269,0.906026,0.091706
0.003441,0.995761,0.000798
0.719605,0.272037,0.008358
0.854839,0.130305,0.014856
0.001161,0.996886,0.001953
0.977194,0.022781,0.000026
0.741165,0.258438,0.000397
0.422040,0.259534,0.318425
0.074711,0.390370,0.534918
0.051562,0.092006,0.856432
0.181546,0.655416,0.163038
0.239933,0.736872,0.023195
0.003038,0.995219,0.001743
0.975826,0.024174,0.000000
0.252711,0.678817,0.068471
0.952207,0.047659,0.000133
0.032937,0.208257,0.758806
0.742250,0.255751,0.001999
0.011366,0.650572,0.338062
0.001051,0.998557,0.000392
0.228782,0.761693,0.009525
0.532311,0.467369,0.000320
0.379182,0.618524,0.002293
0.291829,0.686965,0.021206
0.951133,0.048727,0.000140
0.007522,0.990559,0.001919
0.633240,0.366669,0.000090
0.343654,0.656078,0.000268
0.357506,0.097038,0.545455
0.013962,0.543932,0.442106
0.261800,0.738197,0.000003
0.022574,0.090393,0.887033
0.036263,0.338800,0.624937
0.496107,0.503893,0.000000
0.935880,0.064118,0.000002
0.032988,0.545009,0.422003
0.989766,0.010234,0.000000
0.239322,0.727518,0.033160
0.394936,0.537350,0.067714
0.976342,0.023651,0.000007
0.985683,0.014316,0.000001
0.970002,0.029998,0.000001
0.105977,0.893988,0.000035
0.147705,0.850903,0.001392
0.002928,0.941033,0.056039
0.987054,0.012946,0.000000
0.009144,0.063281,0.927574
0.958029,0.041500,0.000471
0.973466,0.026534,0.000000
0.637485,0.275883,0.086632
0.937743,0.061709,0.000548
0.254127,0.745871,0.000002
0.000135,0.000229,0.999637
0.995848,0.004152,0.000000
0.052987,0.497767,0.449246
0.093793,0.640475,0.265732
0.033982,0.769998,0.196020
0.996568,0.003432,0.000000
0.007862,0.887689,0.104450
0.575090,0.418972,0.005938
0.421970,0.394355,0.183674
0.001990,0.057573,0.940437
0.851232,0.148025,0.000743
0.718730,0.236651,0.044619
0.993831,0.006169,0.000000
0.033277,0.111617,0.855106
0.578541,0.421445,0.000013
0.006205,0.022024,0.971771
0.987483,0.012517,0.000000
0.023155,0.233927,0.742918
0.242775,0.721363,0.035862
0.030299,0.174032,0.795669
0.982523,0.017476,0.000001
0.953956,0.016976,0.029068
0.989328,0.010672,0.000000
0.508595,0.490616,0.000789
0.091913,0.892123,0.015964
0.994666,0.005334,0.000000
0.981345,0.018398,0.000257
0.001259,0.997910,0.000831
0.027035,0.549152,0.423813
0.632256,0.367743,0.000001
0.056498,0.164464,0.779038
0.992568,0.007432,0.000000
0.018050,0.180745,0.801205
0.002386,0.996489,0.001125
0.068151,0.303214,0.628635
0.330937,0.636280,0.032783
0.011284,0.050708,0.938009
0.946683,0.053317,0.000000
0.907308,0.092564,0.000128
0.000257,0.000308,0.999436
0.996648,0.003352,0.000000
0.934511,0.065441,0.000049
0.180495,0.775469,0.044035
0.995951,0.004049,0.000000
0.107909,0.680134,0.211957
0.981867,0.018133,0.000000
0.017705,0.610260,0.372035
0.250131,0.749868,0.000001
0.004432,0.992865,0.002703
0.003156,0.016441,0.980402
0.992230,0.007770,0.000000
0.006506,0.034271,0.959223
0.960340,0.039660,0.000000
0.071830,0.709811,0.218358
0.985655,0.013952,0.000393
0.013306,0.375817,0.610878
0.000924,0.992972,0.006104
0.149790,0.850094,0.000116
0.199204,0.800782,0.000014
0.709745,0.248031,0.042224
0.229108,0.280359,0.490534
0.977361,0.007006,0.015633
0.993008,0.006992,0.000000
0.988071,0.011928,0.000001
0.000028,0.000052,0.999919
0.994372,0.005628,0.000000
0.352791,0.647185,0.000024
0.989140,0.010860,0.000000
0.028828,0.759939,0.211233
0.334914,0.665059,0.000027
0.000751,0.998683,0.000566
0.364795,0.135518,0.499687
0.971422,0.028546,0.000032
0.029259,0.784632,0.186108
0.001224,0.000743,0.998033
0.522130,0.477868,0.000002
0.250188,0.746684,0.003128
0.035965,0.501651,0.462384
0.000061,0.000121,0.999817
0.001882,0.000517,0.997601
0.262186,0.563874,0.173940
0.391198,0.607969,0.000834
0.002592,0.993208,0.004200
0.000024,0.000027,0.999949
0.614198,0.359215,0.026586
0.044528,0.594855,0.360617
0.018199,0.536456,0.445345
0.000006,0.000009,0.999984
0.573107,0.426695,0.000198
0.004049,0.965129,0.030822
0.991929,0.008071,0.000000
0.003032,0.959299,0.037669
0.734679,0.264539,0.000782
0.811408,0.188271,0.000321
0.006584,0.591690,0.401727
0.174440,0.617868,0.207693
0.956216,0.043784,0.000000
0.187002,0.617515,0.195483
0.418413,0.392254,0.189333
0.103082,0.215659,0.681259
0.990542,0.009458,0.000000
0.986276,0.013724,0.000000
0.003146,0.136552,0.860302
0.996608,0.003392,0.000000
0.988949,0.011051,0.000000
0.201630,0.798353,0.000017
0.004385,0.180232,0.815383
0.997463,0.002537,0.000000
0.668534,0.330590,0.000876
0.173406,0.826539,0.000055
0.824663,0.174054,0.001283
0.007224,0.235448,0.757328
0.939327,0.060497,0.000176
0.445523,0.554474,0.000003
0.155687,0.667573,0.176740
0.326800,0.673195,0.000005
0.000804,0.001729,0.997467
0.007784,0.239170,0.753046
0.218121,0.781875,0.000004
0.727739,0.251603,0.020658
0.303168,0.694555,0.002277
0.048223,0.174978,0.776799
0.257281,0.742716,0.000003
0.017072,0.614915,0.368013
0.026663,0.527385,0.445952
0.340999,0.658986,0.000014
0.146004,0.058744,0.795252
0.316288,0.682898,0.000814
0.995290,0.004710,0.000000
0.982398,0.017602,0.000000
0.990015,0.009985,0.000000
0.014679,0.577590,0.407732
0.989780,0.010219,0.000001
0.005517,0.001781,0.992703
0.009120,0.929615,0.061265
0.105737,0.710959,0.183304
0.045884,0.403214,0.550902
0.312738,0.687255,0.000007
0.002126,0.974332,0.023542
0.954639,0.045361,0.000000
0.285639,0.639397,0.074964
0.000462,0.000613,0.998925
0.163881,0.449138,0.386981
0.285371,0.674719,0.039909
0.261458,0.732891,0.005651
0.217545,0.765247,0.017208
0.366231,0.630592,0.003177
0.064715,0.472400,0.462885
0.729370,0.270290,0.000340
0.988246,0.011725,0.000028
0.268777,0.731021,0.000203
0.067785,0.322148,0.610067
0.019200,0.272807,0.707992
0.298902,0.699201,0.001897
0.004598,0.079573,0.915829
0.189309,0.810684,0.000006
0.995569,0.004431,0.000000
0.996386,0.003614,0.000000
0.798075,0.195010,0.006915
0.024288,0.680685,0.295027
0.011751,0.017581,0.970667
0.246927,0.587575,0.165498
0.593973,0.404587,0.001440
0.203159,0.756261,0.040580
0.036191,0.591636,0.372173
0.200868,0.798870,0.000262
0.523255,0.293688,0.183057
0.000077,0.000140,0.999783
0.179751,0.740371,0.079878
0.964525,0.034591,0.000884
0.491575,0.508423,0.000001
0.140242,0.687347,0.172410
0.995824,0.004175,0.000000
0.987654,0.011419,0.000927
0.585361,0.414551,0.000088
0.013756,0.231388,0.754856
0.981572,0.017391,0.001037
0.032510,0.133133,0.834358
0.007205,0.918571,0.074223
0.990788,0.009212,0.000000
0.046270,0.525493,0.428236
0.636765,0.274296,0.088939
0.000759,0.005386,0.993855
0.001264,0.000218,0.998518
0.996056,0.003944,0.000000
0.110971,0.643443,0.245586
0.851958,0.140471,0.007571
0.007095,0.801619,0.191287
0.001642,0.013341,0.985017
0.010282,0.815678,0.174040
0.038002,0.234125,0.727873
0.941173,0.058827,0.000000
0.937818,0.062029,0.000153
0.973650,0.025943,0.000407
0.922104,0.077893,0.000003
0.405328,0.594671,0.000001
0.994641,0.005359,0.000000
0.509543,0.047285,0.443172
0.468060,0.531370,0.000571
0.008984,0.543017,0.447999
0.016560,0.550734,0.432706
0.125849,0.871561,0.002590
0.493849,0.421963,0.084188
0.001038,0.009991,0.988971
0.044308,0.687919,0.267774
0.005630,0.874747,0.119623
0.000152,0.000143,0.999705
0.997415,0.002585,0.000000
0.509145,0.490855,0.000000
0.218823,0.781175,0.000002
0.764930,0.070740,0.164330
0.000019,0.000039,0.999942
0.995648,0.004352,0.000000
0.994971,0.005029,0.000000
0.618398,0.295462,0.086140
0.787304,0.202374,0.010322
0.564227,0.434669,0.001104
0.449487,0.550501,0.000012
0.031890,0.172628,0.795482
0.020933,0.704703,0.274364
0.945567,0.054433,0.000000
0.357292,0.642682,0.000026
0.937447,0.062553,0.000000
0.311171,0.213799,0.475030
0.364688,0.618045,0.017267
0.963918,0.036082,0.000000
0.986332,0.013668,0.000000
0.252985,0.247817,0.499198
0.975292,0.024655,0.000052
0.979498,0.015374,0.005128
0.086147,0.687051,0.226803
0.007261,0.139415,0.853324
0.864790,0.134773,0.000438
0.995968,0.004032,0.000000
0.000135,0.000399,0.999466
0.045593,0.290990,0.663417
0.945275,0.054653,0.000071
0.282844,0.707538,0.009618
0.209996,0.789805,0.000199
0.253141,0.703407,0.043452
0.004845,0.907427,0.087728
0.122157,0.735343,0.142500
0.204949,0.794332,0.000720
0.000054,0.000087,0.999858
0.786876,0.202389,0.010734
0.006321,0.508437,0.485242
0.187280,0.812699,0.000021
0.004346,0.084220,0.911433
0.993103,0.006897,0.000000
0.990378,0.009622,0.000000
0.465278,0.526614,0.008107
0.522467,0.477519,0.000014
0.005404,0.961103,0.033493
0.001840,0.974738,0.023422
0.594319,0.405653,0.000029
0.872037,0.069750,0.058213
0.018598,0.666403,0.314999
0.984960,0.015019,0.000020
0.937955,0.062044,0.000001
0.988925,0.011075,0.000000
0.001788,0.997988,0.000223
0.010139,0.104193,0.885668
0.037107,0.157231,0.805662
0.015640,0.054452,0.929908
0.940088,0.059912,0.000000
0.989843,0.010157,0.000000
0.981425,0.018344,0.000232
0.011156,0.127087,0.861756
0.996196,0.003804,0.000000
0.003025,0.994273,0.002702
0.995549,0.004451,0.000000
0.308637,0.659918,0.031445
0.008063,0.471630,0.520307
0.496550,0.395042,0.108408
0.014541,0.263821,0.721637
0.010384,0.887994,0.101622
0.932959,0.065507,0.001534
0.001382,0.994143,0.004475
0.993821,0.006179,0.000000
0.001241,0.021496,0.977264
0.000812,0.998708,0.000481
0.564053,0.434170,0.001777
0.419512,0.519171,0.061317
0.996212,0.003788,0.000000
0.811597,0.187737,0.000666
0.001594,0.995954,0.002452
0.405180,0.594820,0.000001
0.990488,0.009512,0.000000
0.003467,0.980279,0.016254
0.685827,0.095442,0.218731
0.310523,0.689450,0.000027
0.395635,0.604365,0.000000
0.404945,0.584175,0.010880
0.015347,0.116451,0.868202
0.005759,0.958963,0.035278
0.421703,0.577280,0.001017
0.000423,0.001859,0.997718
0.002797,0.009441,0.987762
0.002302,0.016640,0.981058
0.984967,0.015034,0.000000
0.106489,0.598886,0.294624
0.993567,0.006433,0.000000
0.398493,0.597412,0.004094
0.988084,0.011916,0.000000
0.970054,0.029946,0.000000
0.997334,0.002666,0.000000
0.409254,0.448013,0.142733
0.001547,0.966523,0.031930
0.009893,0.405977,0.584130
0.969444,0.030556,0.000000
0.994859,0.005141,0.000000
0.047491,0.194221,0.758288
0.303988,0.669367,0.026645
0.980391,0.019609,0.000000
0.248235,0.751607,0.000158
0.643221,0.333542,0.023237
0.303896,0.695632,0.000472
0.979206,0.020793,0.000001
0.300475,0.639475,0.060050
0.809282,0.190504,0.000213
0.968479,0.031521,0.000000
0.168576,0.830960,0.000464
0.503738,0.496211,0.000051
0.140373,0.624195,0.235432
0.661344,0.247747,0.090910
0.011899,0.368146,0.619955
0.988070,0.011930,0.000000
0.990875,0.009125,0.000000
0.986091,0.013615,0.000294
0.995561,0.004439,0.000000
0.967327,0.032645,0.000027
0.986433,0.013567,0.000000
0.003352,0.963065,0.033583
0.537836,0.116778,0.345386
0.003346,0.995302,0.001352
0.004222,0.975877,0.019901
0.984339,0.015644,0.000017
0.364902,0.486833,0.148265
0.024179,0.307869,0.667951
0.021393,0.447254,0.531353
0.990354,0.009646,0.000000
0.448664,0.550826,0.000510
0.000898,0.994597,0.004505
0.540431,0.458771,0.000798
0.759168,0.238363,0.002468
0.662351,0.337576,0.000072
0.988966,0.011033,0.000002
0.007933,0.012226,0.979841
0.939898,0.060103,0.000000
0.011483,0.044472,0.944045
