0.033875,0.267773,0.149369,0.037902,0.262399,0.109504,0.038412,0.045171,0.029305,0.026290
0.062743,0.389412,0.065916,0.076327,0.062268,0.078468,0.089597,0.068964,0.073641,0.032665
0.049046,0.231079,0.078457,0.073066,0.150460,0.070326,0.144812,0.062564,0.093871,0.046320
0.076871,0.132565,0.078747,0.108029,0.100202,0.109016,0.110645,0.080254,0.101679,0.101993
0.118027,0.245877,0.033149,0.088015,0.070149,0.112829,0.100934,0.034420,0.073346,0.123255
0.024965,0.414805,0.033500,0.028477,0.017799,0.036862,0.379374,0.022389,0.027653,0.014176
0.034275,0.183639,0.060880,0.023776,0.320513,0.160831,0.040651,0.036908,0.112861,0.025666
0.070224,0.221831,0.045535,0.069531,0.065671,0.213270,0.089859,0.101938,0.061430,0.060711
0.038449,0.112543,0.084623,0.103886,0.085473,0.167615,0.186998,0.083192,0.060316,0.076904
0.045559,0.164564,0.115448,0.118586,0.100273,0.073294,0.112866,0.091741,0.039136,0.138533
0.055097,0.075806,0.302516,0.046427,0.267226,0.035084,0.050978,0.053068,0.060626,0.053174
0.055177,0.125028,0.100203,0.116956,0.150940,0.085102,0.113636,0.100064,0.065485,0.087409
0.025826,0.350595,0.049607,0.031401,0.043645,0.054178,0.368263,0.019196,0.019569,0.037720
0.054792,0.232802,0.224938,0.069445,0.061845,0.068102,0.082501,0.057587,0.055757,0.092230
0.090107,0.076706,0.090922,0.123016,0.084385,0.122046,0.114296,0.096931,0.075002,0.126591
0.048096,0.109929,0.095518,0.082993,0.058349,0.086243,0.327048,0.068646,0.051531,0.071646
0.055057,0.336374,0.092052,0.080392,0.065898,0.086399,0.067158,0.082466,0.062886,0.071318
0.048798,0.290038,0.089463,0.083346,0.079110,0.076794,0.076975,0.069757,0.078769,0.106950
0.047361,0.056534,0.067672,0.056931,0.185602,0.111137,0.227490,0.105780,0.056644,0.084850
0.083626,0.256990,0.096934,0.089325,0.085654,0.058770,0.105323,0.071678,0.065336,0.086365
0.043907,0.269469,0.114558,0.047917,0.044478,0.047309,0.299593,0.031419,0.025815,0.075534
0.033203,0.099823,0.073545,0.085167,0.083432,0.223658,0.138869,0.077867,0.085138,0.099299
0.050830,0.154168,0.098199,0.110123,0.059419,0.116762,0.232783,0.032043,0.063991,0.081683
0.059531,0.033082,0.315868,0.048265,0.258299,0.093381,0.048918,0.049246,0.034680,0.058731
0.072684,0.157931,0.059687,0.142490,0.060109,0.053346,0.133886,0.172268,0.066828,0.080770
0.041304,0.096419,0.091513,0.137070,0.123575,0.092124,0.163855,0.035467,0.097307,0.121367
0.095743,0.040423,0.095944,0.074980,0.073172,0.070776,0.324117,0.049963,0.114492,0.060391
0.054589,0.081813,0.323118,0.069892,0.109902,0.070982,0.084294,0.050472,0.048774,0.106164
0.045019,0.257716,0.055451,0.108676,0.045530,0.128406,0.107260,0.060391,0.077910,0.113641
0.080887,0.329710,0.043370,0.033619,0.030092,0.031288,0.314790,0.026336,0.078868,0.031040
0.030218,0.210223,0.131759,0.039139,0.076888,0.180882,0.151921,0.080134,0.052523,0.046312
0.019004,0.158005,0.261647,0.044310,0.284218,0.073521,0.039008,0.029214,0.034633,0.056440
0.055902,0.218173,0.034303,0.098767,0.082856,0.122234,0.114866,0.035318,0.111000,0.126579
0.053188,0.095630,0.131818,0.137143,0.091970,0.046810,0.127154,0.115556,0.080722,0.120010
0.020067,0.101201,0.393938,0.024272,0.217400,0.069518,0.051656,0.058065,0.029043,0.034840
0.066735,0.086373,0.088748,0.082866,0.053174,0.079236,0.315270,0.034578,0.097358,0.095663
0.052578,0.267314,0.092137,0.106189,0.079703,0.064882,0.080843,0.085177,0.069836,0.101341
0.097283,0.137873,0.088915,0.140710,0.081123,0.048533,0.113090,0.077137,0.086787,0.128549
0.060437,0.047197,0.337989,0.083225,0.073656,0.075466,0.100283,0.050352,0.088040,0.083357
0.083722,0.113278,0.106053,0.065183,0.090928,0.139570,0.095539,0.086404,0.090006,0.129316
0.069163,0.088041,0.057736,0.131563,0.100724,0.225591,0.110991,0.092137,0.041610,0.082444
0.045517,0.045372,0.263770,0.026515,0.051890,0.048559,0.065608,0.063295,0.317370,0.072106
0.091959,0.116635,0.101346,0.056582,0.090640,0.118503,0.115560,0.027190,0.144133,0.137453
0.021550,0.203988,0.232888,0.053609,0.307746,0.039799,0.032161,0.046939,0.034822,0.026498
0.050709,0.083796,0.132477,0.070509,0.079687,0.047593,0.325410,0.099244,0.035436,0.075139
0.051376,0.028570,0.102720,0.056168,0.376081,0.119807,0.041894,0.106425,0.081118,0.035843
0.048198,0.430059,0.054439,0.061076,0.058099,0.090574,0.061984,0.038179,0.092328,0.065065
0.063808,0.043921,0.127298,0.082614,0.387756,0.066614,0.072267,0.047459,0.052241,0.056024
0.092742,0.111639,0.107685,0.114993,0.074041,0.123271,0.113532,0.072778,0.078175,0.111144
0.115569,0.225202,0.177983,0.066393,0.036033,0.112026,0.059466,0.064876,0.063826,0.078626
0.013945,0.243129,0.024272,0.014694,0.364498,0.056550,0.212412,0.031646,0.023885,0.014968
0.063116,0.084982,0.089188,0.079792,0.064514,0.088943,0.335637,0.050608,0.079600,0.063621
0.055225,0.096469,0.290553,0.090650,0.077374,0.076836,0.081547,0.058378,0.070564,0.102405
0.037219,0.117851,0.039126,0.112167,0.096092,0.285252,0.102552,0.094108,0.046878,0.068754
0.076615,0.082692,0.258222,0.045941,0.077575,0.088650,0.113310,0.066700,0.074666,0.115628
0.095501,0.087613,0.110628,0.111518,0.095042,0.103822,0.101383,0.122861,0.045772,0.125862
0.028453,0.083264,0.069365,0.122019,0.133867,0.143072,0.124420,0.137488,0.053134,0.104917
0.056842,0.345624,0.122436,0.095678,0.050127,0.048431,0.090881,0.071013,0.081234,0.037734
0.035768,0.278377,0.088838,0.045176,0.050226,0.041992,0.269396,0.026845,0.087246,0.076136
0.051431,0.084928,0.304887,0.076724,0.111469,0.073909,0.081020,0.058195,0.054903,0.102534
0.033182,0.040178,0.247066,0.051587,0.028410,0.177222,0.213085,0.065676,0.043760,0.099833
0.065228,0.056593,0.186625,0.089341,0.070274,0.075076,0.242452,0.067175,0.078582,0.068655
0.068243,0.108875,0.096602,0.094075,0.065496,0.135423,0.097362,0.076432,0.134042,0.123448
0.097361,0.144107,0.030614,0.138940,0.114397,0.124115,0.130299,0.095697,0.060858,0.063611
0.058096,0.061072,0.074850,0.079778,0.053385,0.116362,0.357015,0.072297,0.063118,0.064028
0.118455,0.104772,0.108924,0.094178,0.098415,0.107838,0.101111,0.079631,0.140443,0.046233
0.033639,0.039883,0.049889,0.051269,0.399513,0.089905,0.096179,0.053660,0.136515,0.049549
0.057549,0.164156,0.115500,0.121317,0.067872,0.047947,0.112374,0.133423,0.040384,0.139479
0.042230,0.112596,0.054166,0.111322,0.090108,0.261099,0.095353,0.061873,0.059444,0.111809
0.053221,0.384562,0.030525,0.033735,0.036114,0.057478,0.315824,0.025587,0.045803,0.017152
0.047629,0.267596,0.098227,0.092520,0.060924,0.062798,0.108826,0.069032,0.080957,0.111491
0.064777,0.060645,0.096632,0.069136,0.062931,0.113691,0.316780,0.051416,0.067239,0.096753
0.012298,0.027248,0.473557,0.020334,0.283069,0.076448,0.038640,0.024723,0.018664,0.025019
0.056636,0.232139,0.063676,0.141644,0.080400,0.061196,0.102213,0.058433,0.052391,0.151271
0.022251,0.156575,0.161079,0.034065,0.096562,0.234302,0.138078,0.071447,0.035947,0.049694
0.114149,0.338742,0.054869,0.070564,0.059933,0.105944,0.079428,0.029011,0.063366,0.083993
0.044005,0.364883,0.069804,0.070087,0.045183,0.073253,0.099652,0.098556,0.062713,0.071864
0.031105,0.048065,0.059398,0.036314,0.375242,0.107426,0.251335,0.025715,0.041753,0.023647
0.050232,0.327717,0.095657,0.084063,0.051180,0.064592,0.089166,0.058286,0.089641,0.089467
0.067178,0.350600,0.095128,0.022259,0.044827,0.072033,0.254960,0.028098,0.038591,0.026326
0.073441,0.063952,0.065425,0.090780,0.044168,0.064839,0.361504,0.062842,0.068196,0.104852
0.086005,0.108800,0.092894,0.097785,0.092459,0.120758,0.095778,0.119600,0.067534,0.118387
0.069582,0.082917,0.334374,0.073625,0.079153,0.121688,0.080167,0.046058,0.070679,0.041757
0.139658,0.055452,0.175245,0.038073,0.073297,0.094867,0.203013,0.055923,0.073753,0.090721
0.116036,0.227426,0.160082,0.063460,0.031611,0.091418,0.066991,0.071290,0.094075,0.077611
0.063418,0.125091,0.109950,0.118451,0.109120,0.158835,0.112871,0.030760,0.093216,0.078287
0.081735,0.118561,0.092545,0.113178,0.081587,0.137346,0.085984,0.075402,0.094265,0.119397
0.089587,0.058858,0.068560,0.045176,0.456565,0.052506,0.059094,0.032961,0.056812,0.079879
0.023092,0.019657,0.050762,0.035734,0.388329,0.038913,0.233392,0.024156,0.139672,0.046291
0.106977,0.078423,0.099622,0.067831,0.069441,0.102841,0.128193,0.085594,0.127739,0.133338
0.024768,0.213214,0.265893,0.032459,0.277836,0.034104,0.039696,0.025900,0.037409,0.048722
0.034132,0.088718,0.076539,0.057351,0.107012,0.149861,0.162439,0.111551,0.074579,0.137819
0.046306,0.075610,0.525012,0.024391,0.023169,0.066264,0.077670,0.063618,0.031594,0.066366
0.123775,0.093148,0.103968,0.119166,0.089669,0.140249,0.095989,0.080891,0.077471,0.075674
0.053527,0.161968,0.279692,0.101878,0.043309,0.082443,0.073086,0.093326,0.034579,0.076192
0.038005,0.146228,0.033157,0.144358,0.063750,0.227270,0.136289,0.098218,0.074461,0.038264
0.102808,0.122953,0.115892,0.140654,0.116292,0.090196,0.143455,0.038562,0.088004,0.041185
0.057602,0.089160,0.112755,0.094480,0.108514,0.129610,0.096993,0.108280,0.075373,0.127232
0.037244,0.099858,0.037184,0.146492,0.125717,0.134928,0.215659,0.061132,0.057895,0.083892
0.070723,0.120751,0.116074,0.116085,0.080949,0.115276,0.102457,0.087711,0.065163,0.124809
0.058868,0.095970,0.093310,0.129202,0.161200,0.088645,0.133075,0.035086,0.089138,0.115507
0.059171,0.081970,0.095988,0.099289,0.038811,0.072609,0.349672,0.059774,0.091418,0.051298
0.086859,0.127161,0.098950,0.102427,0.091719,0.135858,0.092048,0.094314,0.083574,0.087089
0.070191,0.208094,0.243592,0.044529,0.095411,0.078047,0.081704,0.044301,0.057491,0.076640
0.050808,0.397168,0.036181,0.030411,0.031468,0.021214,0.364930,0.023739,0.014254,0.029826
0.051081,0.103191,0.115024,0.128483,0.120242,0.080928,0.114963,0.091879,0.082383,0.111825
0.036516,0.074159,0.431490,0.062890,0.017972,0.099718,0.128562,0.023393,0.047375,0.077925
0.060265,0.296173,0.072273,0.087657,0.059124,0.092937,0.070631,0.070685,0.083242,0.107014
0.035256,0.129743,0.068104,0.128909,0.104521,0.146885,0.132453,0.106506,0.057592,0.090032
0.061580,0.083751,0.038007,0.066912,0.071792,0.139298,0.296183,0.046538,0.099972,0.095967
0.063346,0.114840,0.103350,0.111486,0.060431,0.099417,0.105640,0.083504,0.132977,0.125008
0.070576,0.040344,0.061121,0.086585,0.049713,0.114792,0.366211,0.063867,0.059441,0.087349
0.054574,0.082425,0.091183,0.070650,0.084257,0.170688,0.119518,0.090300,0.120943,0.115461
0.065707,0.095093,0.107041,0.110996,0.149620,0.074130,0.106109,0.130111,0.076637,0.084557
0.057786,0.276526,0.128776,0.028192,0.067193,0.040236,0.281802,0.038887,0.036774,0.043829
0.039149,0.048762,0.262500,0.061337,0.137248,0.251208,0.048892,0.064287,0.025042,0.061576
0.059332,0.111665,0.083380,0.123961,0.108376,0.126802,0.118525,0.107772,0.073205,0.086984
0.043062,0.118151,0.031671,0.089198,0.046143,0.199989,0.232468,0.102575,0.049248,0.087495
0.022128,0.039491,0.129772,0.054855,0.345250,0.039902,0.211401,0.018708,0.112259,0.026235
0.066623,0.066337,0.063956,0.086486,0.088699,0.087608,0.312883,0.060208,0.071225,0.095975
0.087443,0.131890,0.083648,0.120824,0.079021,0.114235,0.138169,0.028679,0.132286,0.083805
0.053287,0.068009,0.092702,0.040917,0.042614,0.114892,0.361006,0.061336,0.090354,0.074883
0.070625,0.042848,0.359754,0.052237,0.031892,0.133823,0.123833,0.027973,0.089961,0.067054
0.024135,0.341119,0.059583,0.038388,0.019163,0.053658,0.363023,0.026023,0.049949,0.024957
0.042985,0.096366,0.039421,0.094726,0.051187,0.229093,0.228675,0.053014,0.060510,0.104022
0.040665,0.018174,0.253120,0.027305,0.295745,0.024908,0.186155,0.039820,0.081039,0.033070
0.056664,0.059111,0.302175,0.081379,0.063538,0.081227,0.088168,0.086852,0.084229,0.096659
0.042344,0.054645,0.383336,0.071206,0.026781,0.128137,0.131190,0.034481,0.049206,0.078674
0.036915,0.310416,0.060126,0.032063,0.017018,0.047838,0.263811,0.030766,0.155328,0.045719
0.032168,0.313104,0.019213,0.067850,0.026632,0.025661,0.349618,0.070330,0.026048,0.069377
0.030845,0.035634,0.118312,0.067869,0.392593,0.082427,0.079975,0.053544,0.098557,0.040244
0.032064,0.034226,0.496939,0.051173,0.042961,0.110568,0.058692,0.040088,0.070900,0.062389
0.054906,0.147709,0.262676,0.086439,0.034676,0.091696,0.113582,0.098664,0.036473,0.073178
0.061689,0.086104,0.095261,0.061516,0.052421,0.092171,0.351561,0.057542,0.076530,0.065205
0.046405,0.092968,0.092279,0.144271,0.079791,0.159959,0.117366,0.030694,0.091455,0.144812
0.021557,0.041453,0.045609,0.021810,0.406294,0.043726,0.318191,0.032072,0.032584,0.036703
0.029653,0.034532,0.042168,0.018358,0.387001,0.038097,0.358185,0.023153,0.044678,0.024174
0.017308,0.027503,0.101254,0.033075,0.366983,0.037569,0.323912,0.024426,0.026388,0.041582
0.054787,0.102866,0.052848,0.156189,0.057171,0.051479,0.139446,0.142672,0.089996,0.152546
0.048510,0.051563,0.096339,0.093911,0.069647,0.066536,0.363190,0.062832,0.055378,0.092093
0.027249,0.173986,0.186361,0.041409,0.019838,0.156924,0.204340,0.019530,0.147342,0.023021
0.030456,0.218070,0.264884,0.073187,0.064564,0.079884,0.105982,0.037521,0.041891,0.083560
0.071572,0.235338,0.055123,0.117504,0.091613,0.140004,0.092025,0.052641,0.063057,0.081124
0.043616,0.275159,0.029327,0.112800,0.050180,0.202510,0.089610,0.072061,0.055612,0.069125
0.078518,0.284274,0.169376,0.106202,0.041355,0.072581,0.080619,0.050010,0.049987,0.067077
0.032800,0.145901,0.069534,0.126611,0.062704,0.161895,0.140665,0.036460,0.064832,0.158598
0.031827,0.062839,0.462714,0.063108,0.025231,0.100271,0.064608,0.044510,0.087741,0.057152
0.154555,0.257981,0.070216,0.102694,0.073017,0.108062,0.098570,0.033113,0.070639,0.031153
0.032137,0.099333,0.323885,0.082207,0.072694,0.142882,0.084684,0.051501,0.035423,0.075254
0.037631,0.153687,0.106610,0.112385,0.065341,0.129704,0.207160,0.072616,0.054909,0.059956
0.052247,0.091010,0.069372,0.062263,0.050010,0.076039,0.400825,0.059194,0.100190,0.038850
0.028290,0.073317,0.476287,0.040750,0.197266,0.076171,0.040938,0.035721,0.012602,0.018658
0.077548,0.116014,0.103990,0.118790,0.065483,0.126853,0.112583,0.115869,0.059242,0.103630
0.045424,0.085276,0.069442,0.088209,0.037853,0.044883,0.372733,0.074232,0.119844,0.062104
0.030180,0.111051,0.035440,0.021577,0.505694,0.086805,0.028109,0.022070,0.137333,0.021740
0.038535,0.297431,0.140041,0.012889,0.187891,0.021448,0.225603,0.016731,0.027561,0.031869
0.038506,0.208423,0.082793,0.103297,0.049269,0.136304,0.119553,0.072522,0.048241,0.141092
0.035819,0.064237,0.055902,0.062410,0.372856,0.042868,0.274137,0.025357,0.042351,0.024063
0.042100,0.050660,0.116828,0.119603,0.078501,0.036536,0.334538,0.068041,0.075805,0.077389
0.035710,0.170968,0.068471,0.121924,0.054478,0.136872,0.111877,0.064031,0.108615,0.127053
0.039478,0.128453,0.068386,0.111795,0.102730,0.210552,0.136050,0.094077,0.069488,0.038991
0.084883,0.104261,0.108709,0.123350,0.169316,0.082494,0.111425,0.070492,0.097834,0.047235
0.016254,0.041062,0.479365,0.024720,0.206928,0.143059,0.018393,0.011196,0.021543,0.037478
0.031729,0.062081,0.596357,0.046484,0.033662,0.079965,0.047875,0.026341,0.013808,0.061700
0.022301,0.039105,0.063839,0.021523,0.304883,0.162848,0.269519,0.039356,0.023304,0.053322
0.032111,0.063200,0.539087,0.048167,0.046068,0.081478,0.061615,0.038497,0.050072,0.039705
0.067685,0.038996,0.074886,0.061599,0.445590,0.065519,0.066713,0.054778,0.033042,0.091192
0.026808,0.047031,0.487161,0.011213,0.234532,0.105518,0.031852,0.022852,0.018762,0.014271
0.056341,0.369755,0.033400,0.023383,0.028704,0.019138,0.394114,0.034768,0.023267,0.017130
0.031011,0.447766,0.029075,0.023804,0.015405,0.025608,0.347700,0.026413,0.016083,0.037135
0.064035,0.117876,0.097482,0.141333,0.089958,0.044240,0.126988,0.147773,0.076974,0.093342
0.042514,0.119117,0.103814,0.114689,0.101260,0.073533,0.104670,0.092748,0.117201,0.130453
0.091772,0.128129,0.088655,0.121010,0.088722,0.155037,0.118519,0.028424,0.074899,0.104833
0.051424,0.056314,0.110045,0.084612,0.360145,0.096916,0.099782,0.041351,0.042316,0.057095
0.023467,0.210051,0.026479,0.016798,0.386111,0.059901,0.224223,0.013433,0.018948,0.020588
0.024971,0.252563,0.024504,0.105951,0.099227,0.133014,0.096186,0.127603,0.047469,0.088513
0.021601,0.102027,0.500730,0.066471,0.021287,0.073039,0.054253,0.055639,0.051943,0.053009
0.075310,0.153892,0.070285,0.094807,0.068808,0.052764,0.215763,0.035793,0.083434,0.149143
0.018725,0.013811,0.522670,0.026563,0.193433,0.140663,0.033735,0.015635,0.015554,0.019213
0.051140,0.091544,0.216697,0.066367,0.106924,0.056016,0.209389,0.041265,0.082154,0.078504
0.055910,0.082820,0.090389,0.040447,0.049423,0.076599,0.399292,0.060434,0.072304,0.072383
0.059461,0.119091,0.101076,0.116964,0.160818,0.074853,0.104120,0.094607,0.061119,0.107891
0.036294,0.038841,0.072390,0.049496,0.491025,0.100993,0.037584,0.021276,0.124540,0.027561
0.020376,0.048765,0.641985,0.035493,0.026448,0.077397,0.066006,0.022369,0.023907,0.037255
0.076274,0.057829,0.280225,0.089071,0.057896,0.075010,0.104145,0.067664,0.094581,0.097305
0.049570,0.095587,0.093098,0.064938,0.049595,0.076855,0.366658,0.049781,0.060178,0.093740
0.032957,0.039376,0.072794,0.053717,0.530383,0.048899,0.062701,0.033097,0.054340,0.071737
0.055340,0.324257,0.072893,0.092150,0.075884,0.047059,0.104121,0.061388,0.095222,0.071687
0.061768,0.128652,0.107640,0.108025,0.102017,0.110621,0.101979,0.118679,0.089651,0.070968
0.040831,0.181966,0.085276,0.129040,0.079676,0.056081,0.131092,0.113949,0.091523,0.090565
0.081695,0.075941,0.137189,0.095374,0.083388,0.049861,0.261664,0.036060,0.090992,0.087837
0.026682,0.050160,0.060508,0.161380,0.088428,0.045178,0.426114,0.050164,0.059962,0.031423
0.033185,0.067108,0.052893,0.052490,0.482899,0.137481,0.052206,0.041390,0.046450,0.033899
0.033253,0.055925,0.264874,0.109443,0.070844,0.085186,0.206351,0.075547,0.034826,0.063751
0.082130,0.319906,0.029898,0.039613,0.019990,0.032392,0.355455,0.025434,0.061134,0.034048
0.039318,0.159377,0.167015,0.040104,0.053391,0.062500,0.037871,0.073801,0.299954,0.066669
0.038956,0.066680,0.479351,0.068943,0.031497,0.118444,0.095390,0.027412,0.048919,0.024409
0.055287,0.106828,0.083897,0.064852,0.120982,0.228588,0.136799,0.067319,0.093657,0.041790
0.068639,0.088859,0.114778,0.117403,0.098722,0.131639,0.127362,0.088036,0.082245,0.082316
0.073873,0.199880,0.087872,0.150279,0.096164,0.062079,0.120080,0.084720,0.063516,0.061538
0.050234,0.083834,0.044936,0.146249,0.069332,0.197024,0.129808,0.066115,0.076985,0.135484
0.077684,0.068557,0.068091,0.042475,0.477276,0.075735,0.069472,0.059877,0.023407,0.037426
0.030858,0.033448,0.090712,0.054145,0.371571,0.137995,0.096859,0.048396,0.069123,0.066893
0.063653,0.065162,0.447162,0.018954,0.043794,0.133935,0.056893,0.033595,0.059080,0.077771
0.049083,0.083866,0.071926,0.125825,0.067738,0.182499,0.146900,0.134124,0.052411,0.085628
0.039802,0.063844,0.419492,0.059406,0.038153,0.121192,0.081475,0.061825,0.084322,0.030490
0.056885,0.078907,0.080074,0.062113,0.083795,0.094413,0.336649,0.040423,0.078757,0.087984
0.029587,0.076086,0.377469,0.017944,0.277091,0.069473,0.042804,0.023064,0.055402,0.031081
0.049550,0.122248,0.091173,0.132391,0.072989,0.148647,0.103861,0.079290,0.100504,0.099345
0.062915,0.292132,0.108597,0.037956,0.057400,0.050436,0.309806,0.030862,0.024242,0.025653
0.116159,0.068632,0.285486,0.092129,0.081985,0.082298,0.087613,0.069256,0.058784,0.057660
0.090076,0.113534,0.106976,0.114252,0.101870,0.100619,0.092771,0.083880,0.088560,0.107462
0.049131,0.064889,0.096214,0.064646,0.063916,0.075243,0.361425,0.054716,0.075860,0.093960
0.051652,0.101069,0.047463,0.094596,0.116515,0.179448,0.134383,0.072000,0.115189,0.087686
0.095806,0.059381,0.065766,0.059483,0.073148,0.109524,0.372274,0.067661,0.037232,0.059725
0.043750,0.068293,0.027665,0.106263,0.077708,0.170250,0.267356,0.112771,0.067348,0.058596
0.077021,0.082403,0.264788,0.095391,0.065049,0.078393,0.084552,0.063638,0.112110,0.076655
0.055058,0.088499,0.267311,0.075252,0.070873,0.090873,0.149784,0.075854,0.064651,0.061846
0.024484,0.309324,0.065693,0.043800,0.380561,0.045890,0.033708,0.036075,0.033754,0.026711
0.034663,0.151962,0.291220,0.058496,0.075384,0.098860,0.072097,0.073594,0.062005,0.081718
0.065061,0.118360,0.094841,0.099669,0.134614,0.116701,0.099895,0.084261,0.094343,0.092255
0.096681,0.133888,0.104108,0.109871,0.069548,0.111712,0.111513,0.079262,0.085952,0.097465
0.046964,0.409989,0.029748,0.018891,0.012934,0.022124,0.379024,0.027974,0.020319,0.032031
0.035514,0.041765,0.581333,0.042382,0.021142,0.061887,0.068399,0.075516,0.030700,0.041362
0.048561,0.121545,0.095861,0.077427,0.113251,0.119319,0.112534,0.084065,0.098661,0.128775
0.080410,0.080750,0.290052,0.096526,0.062486,0.076799,0.092103,0.059840,0.058484,0.102549
0.034110,0.083934,0.452762,0.018134,0.041804,0.093465,0.067233,0.053564,0.084259,0.070734
0.088187,0.118856,0.090685,0.136339,0.085296,0.122047,0.133792,0.028368,0.055791,0.140640
0.032502,0.036920,0.143923,0.068476,0.322467,0.199805,0.054197,0.054936,0.048150,0.038625
0.089828,0.081476,0.084285,0.132173,0.057768,0.105746,0.159067,0.032950,0.176080,0.080627
0.062971,0.108293,0.026230,0.106333,0.080618,0.189045,0.218973,0.087701,0.055966,0.063870
0.070248,0.230422,0.056311,0.116702,0.101318,0.055221,0.115236,0.050356,0.056032,0.148153
0.031468,0.424923,0.030694,0.036854,0.024314,0.036214,0.330238,0.022377,0.045401,0.017518
0.066688,0.063197,0.055050,0.119846,0.053996,0.127677,0.126963,0.043579,0.193125,0.149879
0.039749,0.088821,0.392872,0.062983,0.023075,0.129979,0.081209,0.040900,0.096244,0.044170
0.040427,0.155210,0.252542,0.032254,0.071324,0.172776,0.067360,0.053455,0.051739,0.102913
0.034391,0.157627,0.035320,0.144219,0.120650,0.048584,0.148541,0.148558,0.063268,0.098840
0.033054,0.133654,0.068901,0.126229,0.108216,0.229452,0.143579,0.058599,0.036026,0.062289
0.060148,0.130425,0.085386,0.126524,0.067645,0.112319,0.103972,0.103365,0.089989,0.120226
0.039720,0.174883,0.305807,0.063475,0.040165,0.149262,0.080670,0.044386,0.041839,0.059792
0.071447,0.308026,0.083499,0.101119,0.052275,0.079791,0.087695,0.107034,0.068929,0.040185
0.019223,0.030040,0.044079,0.024087,0.441009,0.107254,0.224228,0.061054,0.032279,0.016746
0.015978,0.045416,0.294035,0.039800,0.383538,0.036756,0.115248,0.023158,0.028757,0.017314
0.039189,0.088159,0.053294,0.120977,0.074207,0.218619,0.168006,0.099943,0.037679,0.099927
0.057029,0.218309,0.255219,0.033188,0.088457,0.068509,0.065568,0.054974,0.059362,0.099383
0.080904,0.090802,0.078308,0.104608,0.061248,0.140745,0.112888,0.078656,0.137752,0.114089
0.035652,0.165289,0.066904,0.193007,0.059383,0.060456,0.166984,0.048602,0.084973,0.118750
0.065157,0.056743,0.041153,0.094546,0.057613,0.075799,0.077779,0.070059,0.352370,0.108782
0.091276,0.091211,0.070957,0.085034,0.067018,0.085191,0.315093,0.037319,0.055087,0.101814
0.041143,0.048019,0.036772,0.056492,0.057648,0.050199,0.320106,0.063371,0.282946,0.043304
0.089686,0.140472,0.065872,0.110310,0.069658,0.179664,0.105470,0.038800,0.064723,0.135345
0.071223,0.102420,0.204318,0.060793,0.068692,0.113464,0.219217,0.044694,0.054439,0.060741
0.091288,0.097464,0.063368,0.131968,0.077174,0.168296,0.148220,0.036717,0.074849,0.110655
0.051309,0.294466,0.030897,0.085817,0.086758,0.107557,0.135323,0.050494,0.080199,0.077180
0.070028,0.060161,0.329973,0.115753,0.077878,0.074425,0.131195,0.031341,0.050160,0.059084
0.075937,0.275081,0.077508,0.083152,0.066940,0.092941,0.075070,0.077415,0.064317,0.111640
0.063158,0.127245,0.111029,0.123720,0.077943,0.143728,0.120988,0.088372,0.047475,0.096340
0.029130,0.418695,0.044839,0.015798,0.027187,0.032359,0.348105,0.029568,0.028929,0.025390
0.069246,0.263007,0.036963,0.103837,0.077668,0.119703,0.136060,0.065003,0.044216,0.084297
0.077498,0.117023,0.107382,0.116027,0.080984,0.116726,0.109091,0.112388,0.082933,0.079947
0.024740,0.410778,0.035620,0.049683,0.027498,0.033418,0.352651,0.019963,0.028821,0.016827
0.062516,0.106059,0.086865,0.148539,0.089199,0.056243,0.134607,0.132526,0.086888,0.096557
0.063722,0.316709,0.089647,0.079077,0.042840,0.080257,0.072652,0.074042,0.079902,0.101152
0.081693,0.081650,0.071389,0.075439,0.049222,0.075886,0.363478,0.072195,0.041221,0.087828
0.053131,0.362579,0.031168,0.045341,0.013656,0.017300,0.388890,0.038373,0.023025,0.026538
0.080950,0.143269,0.030332,0.131434,0.107317,0.116845,0.141984,0.132962,0.040456,0.074451
0.036789,0.125856,0.089905,0.117624,0.075458,0.143175,0.161262,0.029054,0.096803,0.124075
0.029242,0.046864,0.284897,0.038621,0.029291,0.177949,0.079545,0.052701,0.200746,0.060144
0.071400,0.059060,0.111683,0.065579,0.327129,0.075836,0.100095,0.047479,0.093061,0.048680
0.134203,0.111200,0.101416,0.100835,0.072016,0.088511,0.099029,0.075788,0.133979,0.083023
0.071596,0.121613,0.242006,0.084638,0.096708,0.117719,0.102222,0.054646,0.053183,0.055668
0.034118,0.064280,0.542260,0.046653,0.045496,0.086697,0.050669,0.029025,0.067520,0.033283
0.102921,0.107747,0.281875,0.084750,0.067034,0.076801,0.086906,0.055606,0.091618,0.044741
0.022415,0.033152,0.041894,0.025450,0.487668,0.102988,0.033902,0.040362,0.180657,0.031513
0.034741,0.172067,0.068432,0.152122,0.115593,0.055788,0.142739,0.107534,0.077607,0.073376
0.078503,0.088015,0.077692,0.090825,0.343946,0.079875,0.082045,0.041716,0.061749,0.055634
0.044690,0.147890,0.100641,0.083734,0.129967,0.046309,0.149465,0.103821,0.094256,0.099226
0.026377,0.046713,0.090606,0.038501,0.320415,0.074244,0.272059,0.049791,0.024210,0.057084
0.024388,0.256804,0.050346,0.028420,0.453797,0.079576,0.021205,0.045735,0.015000,0.024730
0.050435,0.062912,0.094722,0.092265,0.048811,0.117058,0.313846,0.069728,0.049966,0.100257
0.066422,0.081765,0.067342,0.137350,0.139941,0.057370,0.137785,0.138399,0.033927,0.139698
0.032979,0.051004,0.048246,0.038251,0.354733,0.050581,0.301500,0.060941,0.023593,0.038171
0.050633,0.081716,0.037491,0.125036,0.073664,0.052592,0.248964,0.088638,0.123774,0.117491
0.071298,0.268389,0.107722,0.088030,0.073886,0.075842,0.069306,0.068356,0.065509,0.111662
0.051688,0.367158,0.072068,0.104193,0.045366,0.116175,0.077272,0.050369,0.068358,0.047353
0.045978,0.177271,0.242807,0.089777,0.025193,0.153214,0.080023,0.049100,0.067643,0.068994
0.056488,0.066108,0.094477,0.103301,0.043638,0.077098,0.361189,0.056043,0.044124,0.097532
0.024202,0.131491,0.406598,0.082805,0.026613,0.086771,0.082247,0.043716,0.052883,0.062673
0.036248,0.132571,0.031370,0.104136,0.055075,0.120946,0.262707,0.089924,0.060806,0.106215
0.125800,0.160978,0.195854,0.053076,0.091301,0.116761,0.085135,0.068621,0.055965,0.046509
0.091058,0.101347,0.092994,0.102220,0.080999,0.121153,0.113753,0.027435,0.118337,0.150704
0.011555,0.149148,0.047985,0.015237,0.508249,0.071209,0.022037,0.020430,0.138399,0.015751
0.061998,0.063637,0.103591,0.073914,0.051256,0.079793,0.357835,0.063331,0.042890,0.101756
0.067603,0.101686,0.295101,0.072849,0.053831,0.133721,0.095177,0.064683,0.056859,0.058490
0.058459,0.283137,0.061429,0.064453,0.021168,0.099240,0.264628,0.032195,0.070139,0.045153
0.024781,0.089369,0.240393,0.031339,0.071984,0.206522,0.034006,0.046977,0.213989,0.040642
0.023956,0.064409,0.109160,0.059349,0.403369,0.111622,0.084395,0.029041,0.090865,0.023834
0.027585,0.040637,0.042151,0.037135,0.569938,0.091171,0.038344,0.046192,0.033983,0.072863
0.011952,0.040406,0.519704,0.025057,0.180213,0.076539,0.062732,0.014942,0.023697,0.044758
0.056387,0.133634,0.102427,0.113445,0.078228,0.126804,0.117304,0.116459,0.076227,0.079085
0.081846,0.113995,0.098468,0.106482,0.062227,0.122314,0.122787,0.120729,0.079841,0.091311
0.080522,0.106719,0.081995,0.097939,0.112703,0.170086,0.111045,0.099192,0.093191,0.046610
0.072435,0.117170,0.293213,0.079574,0.095603,0.112297,0.070806,0.042447,0.080191,0.036264
0.025036,0.020865,0.305610,0.043930,0.155601,0.184028,0.187911,0.017179,0.040636,0.019204
0.056852,0.128395,0.081714,0.137726,0.078935,0.140080,0.113092,0.079574,0.086773,0.096858
0.039210,0.111117,0.035903,0.103547,0.087834,0.133926,0.262507,0.079714,0.054796,0.091446
0.041394,0.068318,0.027905,0.154776,0.096203,0.230179,0.106825,0.103207,0.067874,0.103319
0.062749,0.159835,0.268878,0.086082,0.084473,0.105403,0.078363,0.055234,0.047423,0.051561
0.060098,0.121793,0.110405,0.099414,0.098821,0.123179,0.123137,0.100389,0.074404,0.088361
0.018066,0.033369,0.418590,0.020569,0.283902,0.141916,0.035342,0.018365,0.013940,0.015941
0.049379,0.335132,0.065203,0.083920,0.049081,0.118054,0.064871,0.062161,0.075933,0.096266
0.049167,0.054637,0.076981,0.064048,0.051656,0.097366,0.376419,0.058112,0.104580,0.067034
0.017740,0.174226,0.287874,0.046198,0.251360,0.046700,0.066417,0.043586,0.032143,0.033756
0.045700,0.114210,0.091054,0.140800,0.086042,0.059977,0.174562,0.154040,0.038664,0.094951
0.107230,0.130176,0.076116,0.109163,0.055734,0.054855,0.277653,0.062242,0.042085,0.084747
0.070906,0.083321,0.058878,0.038129,0.352818,0.196266,0.058570,0.038992,0.044180,0.057940
0.027612,0.150789,0.353264,0.041923,0.056777,0.112035,0.094435,0.057810,0.040285,0.065070
0.054371,0.128469,0.084482,0.100329,0.102896,0.145076,0.115446,0.096635,0.085158,0.087137
0.067390,0.113707,0.107658,0.104174,0.081538,0.141125,0.100696,0.072926,0.111406,0.099381
0.046133,0.116770,0.107421,0.112247,0.076755,0.114159,0.101369,0.110699,0.134672,0.079774
0.047785,0.291723,0.177328,0.033605,0.095948,0.067695,0.062570,0.064159,0.067791,0.091394
0.032987,0.173741,0.041212,0.153401,0.127691,0.056727,0.217486,0.057540,0.061233,0.077982
0.073564,0.120418,0.086065,0.104868,0.086751,0.125626,0.105043,0.118854,0.077459,0.101351
0.036639,0.086383,0.459144,0.054087,0.016368,0.134888,0.055083,0.032492,0.044152,0.080765
0.044720,0.108905,0.083632,0.135488,0.087535,0.111029,0.106838,0.132932,0.085518,0.103402
0.054922,0.213759,0.264184,0.041909,0.052780,0.055568,0.069881,0.073962,0.094604,0.078430
0.071037,0.048906,0.214679,0.067653,0.068833,0.129684,0.156801,0.061589,0.066900,0.113919
0.032895,0.133657,0.326399,0.063895,0.039794,0.130823,0.082310,0.041490,0.047626,0.101112
0.065676,0.178400,0.038115,0.117931,0.093489,0.148203,0.124637,0.032138,0.065507,0.135904
0.061351,0.165799,0.041335,0.062852,0.057020,0.144011,0.205456,0.118793,0.067887,0.075497
0.059855,0.318414,0.090035,0.101350,0.096307,0.065390,0.081372,0.062212,0.062094,0.062971
0.050310,0.086099,0.120503,0.111729,0.057259,0.039106,0.324475,0.070663,0.055651,0.084205
0.023789,0.345329,0.041258,0.023060,0.018422,0.025750,0.354830,0.022270,0.128208,0.017085
0.076787,0.294600,0.097742,0.106399,0.067753,0.049199,0.072328,0.102679,0.057610,0.074902
0.060497,0.135762,0.075457,0.107476,0.088221,0.158230,0.101670,0.073772,0.078308,0.120607
0.077722,0.103064,0.134552,0.140898,0.105448,0.071094,0.140447,0.031528,0.092522,0.102726
0.058149,0.133042,0.104390,0.092713,0.076323,0.111841,0.106555,0.126306,0.071642,0.119039
0.090440,0.096671,0.071307,0.098537,0.131203,0.085295,0.105706,0.086466,0.123086,0.111289
0.037110,0.232063,0.068683,0.127187,0.067155,0.156857,0.125884,0.064095,0.039339,0.081626
0.073812,0.069650,0.041314,0.085533,0.058770,0.082325,0.102762,0.066522,0.350037,0.069275
0.047362,0.050969,0.366875,0.047070,0.248622,0.054997,0.050934,0.043849,0.051579,0.037743
0.034610,0.177910,0.029675,0.076605,0.096326,0.187622,0.153712,0.111743,0.059888,0.071908
0.019874,0.034263,0.509790,0.027944,0.133542,0.092257,0.038989,0.033108,0.068801,0.041432
0.057251,0.090380,0.044202,0.080009,0.061539,0.141596,0.106333,0.051740,0.325661,0.041289
0.034943,0.100729,0.445034,0.042955,0.041080,0.074317,0.130931,0.054227,0.035938,0.039847
0.035887,0.400597,0.064285,0.102495,0.073894,0.036027,0.058714,0.054534,0.066876,0.106689
0.037539,0.046112,0.052585,0.033784,0.532655,0.109935,0.042407,0.057375,0.043991,0.043618
0.034284,0.161395,0.068724,0.099345,0.082194,0.048078,0.267912,0.132570,0.073815,0.031684
0.051013,0.040201,0.057259,0.038350,0.481810,0.121473,0.044045,0.065355,0.046337,0.054157
0.082171,0.086902,0.263292,0.100762,0.054320,0.089913,0.090520,0.072226,0.086549,0.073345
0.107078,0.087674,0.123666,0.137556,0.083718,0.044680,0.120810,0.136966,0.046430,0.111423
0.075241,0.116403,0.063566,0.147578,0.118441,0.060491,0.173070,0.044285,0.092456,0.108471
0.047044,0.093295,0.129720,0.094895,0.092200,0.131701,0.157043,0.116529,0.087339,0.050234
0.029749,0.271506,0.060042,0.035846,0.351834,0.096464,0.046031,0.028857,0.028057,0.051614
0.051656,0.149872,0.048375,0.162064,0.070782,0.182527,0.146677,0.040842,0.057207,0.089998
0.080207,0.128307,0.073488,0.107645,0.086244,0.104416,0.093771,0.079066,0.116721,0.130133
0.038098,0.128853,0.048258,0.134656,0.077413,0.214793,0.107854,0.123733,0.065624,0.060717
0.047427,0.113913,0.037875,0.077989,0.080799,0.054270,0.293367,0.102414,0.132536,0.059409
0.027684,0.302608,0.064856,0.044721,0.321918,0.096488,0.064767,0.024845,0.027136,0.024978
0.059121,0.178260,0.279895,0.040105,0.015684,0.101984,0.189397,0.029737,0.032568,0.073248
0.039862,0.140953,0.127302,0.083982,0.097306,0.047995,0.134617,0.116657,0.079048,0.132277
0.062449,0.078770,0.083773,0.072196,0.046628,0.102490,0.339348,0.046753,0.072391,0.095201
0.050621,0.291612,0.089700,0.065105,0.067476,0.088337,0.092799,0.094230,0.060066,0.100053
0.130872,0.098010,0.184276,0.041444,0.045099,0.074690,0.179702,0.048796,0.088607,0.108504
0.074486,0.056765,0.219452,0.095405,0.092082,0.079085,0.177122,0.052968,0.099584,0.053051
0.057130,0.077895,0.289612,0.075655,0.110236,0.092938,0.080304,0.048929,0.083128,0.084173
0.049250,0.025611,0.395006,0.040747,0.132104,0.187144,0.095006,0.020517,0.016540,0.038077
0.056872,0.113100,0.054149,0.108215,0.061434,0.125637,0.236844,0.036209,0.072349,0.135192
0.061134,0.052510,0.086747,0.070646,0.051127,0.060870,0.395355,0.046205,0.088451,0.086957
0.067738,0.418440,0.031310,0.033350,0.016852,0.031342,0.352510,0.021919,0.013410,0.013129
0.026237,0.252482,0.102731,0.043575,0.364132,0.038867,0.048275,0.041774,0.026685,0.055242
0.037439,0.244111,0.059821,0.084287,0.111230,0.061169,0.127763,0.135933,0.063586,0.074663
0.055735,0.127281,0.103107,0.071603,0.063245,0.068073,0.275095,0.063297,0.073453,0.099112
0.048983,0.104486,0.084395,0.133975,0.060740,0.162239,0.128807,0.142904,0.049851,0.083622
0.085775,0.112898,0.037214,0.143322,0.122781,0.134649,0.140444,0.072394,0.052733,0.097789
0.047091,0.078305,0.332849,0.034361,0.126851,0.076213,0.082058,0.085655,0.051916,0.084701
0.021048,0.409757,0.053743,0.047525,0.028668,0.031866,0.332537,0.024562,0.018912,0.031381
0.052802,0.299509,0.092444,0.086484,0.105847,0.104504,0.086229,0.036951,0.054165,0.081065
0.041704,0.040666,0.290189,0.076919,0.060862,0.173162,0.145557,0.067886,0.051856,0.051200
0.055981,0.057960,0.099447,0.076523,0.058958,0.115184,0.276094,0.077631,0.097411,0.084810
0.063018,0.035992,0.487020,0.044351,0.034471,0.089611,0.101518,0.027194,0.047975,0.068851
0.031978,0.251084,0.038123,0.106497,0.111010,0.050908,0.111222,0.119825,0.075778,0.103575
0.055459,0.073106,0.077169,0.101281,0.046315,0.035839,0.329553,0.066607,0.140146,0.074525
0.102671,0.179728,0.034315,0.098933,0.098509,0.045156,0.096818,0.182960,0.062611,0.098300
0.058256,0.069696,0.072258,0.064778,0.073454,0.092659,0.362169,0.069775,0.065918,0.071037
0.082754,0.391308,0.073458,0.082708,0.062292,0.092020,0.060371,0.049239,0.071162,0.034687
0.038447,0.050825,0.110642,0.050509,0.424781,0.108221,0.082641,0.028088,0.030766,0.075081
0.099392,0.053083,0.279457,0.084497,0.071580,0.067429,0.108762,0.041844,0.064449,0.129508
0.050016,0.102727,0.038202,0.116494,0.115192,0.153851,0.176195,0.084461,0.084698,0.078164
0.099446,0.096854,0.034386,0.146432,0.057843,0.186777,0.123705,0.064138,0.073801,0.116617
0.042129,0.236531,0.084757,0.157828,0.043870,0.061602,0.131507,0.154252,0.050634,0.036889
0.132804,0.049136,0.180498,0.072773,0.057766,0.079491,0.226685,0.061930,0.102004,0.036913
0.017754,0.067024,0.527611,0.042650,0.019062,0.077820,0.097271,0.066452,0.039528,0.044828
0.048534,0.217972,0.075996,0.034312,0.433391,0.061564,0.027676,0.055626,0.028572,0.016358
0.100436,0.076423,0.331943,0.060961,0.047008,0.159050,0.102348,0.058437,0.027900,0.035495
0.103294,0.098775,0.034832,0.171795,0.062326,0.133781,0.158893,0.153517,0.043008,0.039780
0.039424,0.068400,0.125310,0.085570,0.316305,0.076408,0.094440,0.073381,0.035156,0.085604
0.056597,0.068617,0.282087,0.096785,0.075278,0.111454,0.101493,0.051837,0.048474,0.107378
0.021059,0.016207,0.111323,0.033209,0.424394,0.063313,0.195413,0.019182,0.096124,0.019776
0.062606,0.087835,0.097767,0.087511,0.052706,0.109503,0.312236,0.046691,0.043835,0.099310
0.021760,0.347324,0.043499,0.018080,0.374052,0.077592,0.038073,0.019083,0.018687,0.041850
0.052759,0.114129,0.128874,0.105640,0.121391,0.057278,0.138587,0.125774,0.060246,0.095322
0.100089,0.135418,0.075123,0.130910,0.115435,0.068980,0.130772,0.106892,0.042678,0.093701
0.048346,0.124287,0.083400,0.099467,0.105242,0.116323,0.122889,0.122708,0.051198,0.126141
0.022016,0.043176,0.252775,0.039217,0.272086,0.100661,0.174250,0.027592,0.042644,0.025584
0.031110,0.365222,0.013555,0.027589,0.050155,0.061991,0.355476,0.043183,0.020362,0.031357
0.061444,0.152840,0.110464,0.083458,0.085917,0.130747,0.140374,0.093498,0.042683,0.098574
0.062285,0.131591,0.035420,0.088543,0.056004,0.125624,0.269866,0.093252,0.031262,0.106152
0.037552,0.064049,0.086449,0.050823,0.452344,0.070915,0.068843,0.044554,0.031841,0.092632
0.112475,0.098349,0.055303,0.147857,0.113487,0.055188,0.157964,0.137132,0.048701,0.073544
0.031148,0.011780,0.053682,0.014041,0.393924,0.061398,0.099163,0.029896,0.295169,0.009800
0.128868,0.167521,0.040868,0.043790,0.025011,0.060537,0.054617,0.072365,0.372797,0.033625
0.050900,0.026687,0.269724,0.053226,0.146000,0.222313,0.061796,0.065990,0.027509,0.075856
0.069311,0.207661,0.063465,0.092826,0.149385,0.061001,0.108913,0.085634,0.101797,0.060009
0.057326,0.098252,0.127376,0.136111,0.094979,0.089102,0.132868,0.100220,0.058330,0.105435
0.032600,0.131935,0.035638,0.103004,0.079034,0.206059,0.106263,0.060233,0.106261,0.138974
0.062984,0.072697,0.216483,0.096141,0.036791,0.071979,0.220334,0.040954,0.057617,0.124020
0.091403,0.102540,0.097576,0.082681,0.092900,0.133697,0.126292,0.028353,0.099388,0.145170
0.057215,0.102377,0.291563,0.092415,0.074362,0.108546,0.098103,0.055074,0.055248,0.065097
0.049222,0.049531,0.512761,0.061003,0.026616,0.091078,0.087906,0.033887,0.039388,0.048608
0.126521,0.294672,0.084209,0.065760,0.042938,0.096271,0.049632,0.058967,0.106371,0.074659
0.034861,0.308180,0.029706,0.041590,0.029043,0.075113,0.340549,0.067954,0.039631,0.033372
0.020618,0.440412,0.038543,0.031679,0.027724,0.028512,0.365341,0.021124,0.013027,0.013019
0.030690,0.151365,0.294024,0.096244,0.038556,0.093452,0.075873,0.065384,0.048467,0.105945
0.090035,0.097214,0.111309,0.130972,0.108643,0.091125,0.109061,0.081776,0.073199,0.106667
0.036269,0.122991,0.457415,0.041536,0.017787,0.084063,0.048233,0.044601,0.077095,0.070010
0.071111,0.195738,0.196045,0.090631,0.079197,0.103845,0.105752,0.067015,0.045043,0.045623
0.017116,0.318797,0.031933,0.022020,0.215534,0.018876,0.318385,0.016691,0.011529,0.029118
0.055025,0.272782,0.070059,0.090222,0.105811,0.072239,0.076445,0.102777,0.083738,0.070902
0.047458,0.200062,0.031476,0.137475,0.061859,0.153320,0.092618,0.088102,0.062799,0.124830
0.055984,0.065695,0.242188,0.096983,0.078718,0.082850,0.093548,0.061291,0.126260,0.096484
0.055311,0.236687,0.281727,0.046956,0.118436,0.065354,0.069789,0.037685,0.051217,0.036837
0.056642,0.374105,0.077908,0.045621,0.058446,0.052056,0.102656,0.063444,0.064284,0.104838
0.036471,0.211972,0.037031,0.100322,0.051531,0.204902,0.127253,0.116790,0.051105,0.062623
0.034505,0.150743,0.059557,0.023049,0.540102,0.089531,0.033310,0.017012,0.026881,0.025310
0.061819,0.097820,0.066040,0.061497,0.400934,0.068467,0.048970,0.066527,0.066220,0.061704
0.051737,0.217051,0.225873,0.013751,0.086688,0.175815,0.163686,0.014210,0.034282,0.016906
0.029605,0.046358,0.348190,0.091097,0.076674,0.094668,0.144415,0.055609,0.051778,0.061606
0.042165,0.164666,0.062232,0.124125,0.045405,0.134882,0.190690,0.035378,0.123932,0.076524
0.035781,0.083474,0.348572,0.090562,0.078428,0.082150,0.085212,0.055292,0.072164,0.068366
0.066933,0.099687,0.255259,0.078841,0.078123,0.119593,0.093922,0.047845,0.064311,0.095485
0.164089,0.114593,0.071941,0.109571,0.095945,0.159345,0.105404,0.027767,0.108830,0.042513
0.068382,0.080050,0.051608,0.083926,0.050224,0.097708,0.076469,0.056024,0.332705,0.102903
0.058049,0.060909,0.080878,0.073667,0.046339,0.071224,0.341674,0.056578,0.111431,0.099251
