0.034983,0.291398,0.151426,0.038240,0.252142,0.087736,0.033993,0.042362,0.034696,0.033024
0.059121,0.347264,0.071340,0.083625,0.067899,0.095201,0.096231,0.080578,0.067624,0.031115
0.046112,0.185741,0.077699,0.095246,0.176563,0.057197,0.154024,0.073944,0.094697,0.038776
0.070115,0.137747,0.084920,0.104990,0.111331,0.116105,0.112903,0.076564,0.091484,0.093842
0.102646,0.239607,0.028480,0.079728,0.068368,0.137507,0.114828,0.029515,0.084445,0.114875
0.026021,0.391542,0.037923,0.029105,0.018683,0.039358,0.388180,0.024495,0.031579,0.013113
0.044022,0.187957,0.058314,0.027239,0.345647,0.123712,0.051541,0.036406,0.094449,0.030712
0.075887,0.193529,0.039596,0.074693,0.069952,0.212820,0.086506,0.101035,0.079542,0.066439
0.037414,0.114688,0.067228,0.109789,0.098579,0.136763,0.210176,0.086351,0.044016,0.094998
0.043789,0.167396,0.119139,0.124218,0.101621,0.041125,0.105190,0.096503,0.053393,0.147628
0.060398,0.096355,0.276703,0.056013,0.196836,0.048780,0.069050,0.055654,0.079011,0.061202
0.056794,0.134288,0.117941,0.124517,0.118359,0.065291,0.119018,0.106643,0.060537,0.096612
0.032798,0.336107,0.059627,0.040924,0.032707,0.028302,0.378636,0.025178,0.021784,0.043938
0.055689,0.195798,0.206895,0.080576,0.067061,0.090340,0.081385,0.064878,0.063142,0.094235
0.086209,0.074227,0.090206,0.123243,0.086937,0.125867,0.114052,0.099478,0.077521,0.122260
0.036795,0.116011,0.107182,0.083084,0.046759,0.091764,0.320482,0.070144,0.055010,0.072769
0.055045,0.311629,0.098198,0.088484,0.051435,0.091342,0.073203,0.084435,0.067851,0.078378
0.053807,0.310632,0.104235,0.083478,0.065536,0.052589,0.084451,0.068761,0.064121,0.112390
0.052407,0.060914,0.081067,0.068958,0.149868,0.067419,0.232140,0.122801,0.071962,0.092462
0.084380,0.269868,0.109028,0.087496,0.071649,0.040396,0.110242,0.077757,0.063366,0.085818
0.050593,0.262603,0.114353,0.054267,0.044161,0.051066,0.291383,0.028709,0.024320,0.078545
0.022514,0.095914,0.059021,0.086355,0.078512,0.238680,0.132420,0.088515,0.097940,0.100129
0.049934,0.155406,0.084189,0.105723,0.061537,0.137059,0.222297,0.028016,0.064234,0.091606
0.074946,0.039592,0.283371,0.054602,0.245015,0.101065,0.050340,0.052622,0.035206,0.063240
0.070850,0.154438,0.049198,0.137707,0.061573,0.039115,0.134893,0.185019,0.084745,0.082465
0.025612,0.098172,0.101413,0.135982,0.140484,0.059250,0.180369,0.029643,0.086310,0.142765
0.095802,0.040929,0.097440,0.073841,0.082014,0.073959,0.301588,0.046885,0.116148,0.071394
0.059171,0.094036,0.278352,0.073228,0.077029,0.097135,0.087555,0.066490,0.060086,0.106918
0.042820,0.204071,0.049300,0.117360,0.048509,0.191777,0.105461,0.080216,0.051218,0.109268
0.098192,0.307536,0.046789,0.031796,0.032849,0.028618,0.308326,0.024803,0.086803,0.034288
0.033967,0.225763,0.134100,0.046937,0.049862,0.131198,0.170751,0.078919,0.067554,0.060948
0.019441,0.203751,0.212223,0.038877,0.329424,0.065384,0.030512,0.020726,0.034001,0.045660
0.054967,0.183819,0.029441,0.101449,0.078579,0.133574,0.125380,0.028556,0.139756,0.124478
0.054562,0.090970,0.140840,0.140787,0.098624,0.034460,0.131493,0.105403,0.074001,0.128860
0.019912,0.098114,0.338014,0.027889,0.229390,0.101848,0.065260,0.049474,0.032637,0.037462
0.069889,0.088523,0.094646,0.086186,0.044451,0.081798,0.313357,0.031460,0.091454,0.098236
0.054607,0.230899,0.101916,0.108641,0.086032,0.054449,0.079761,0.094947,0.073312,0.115436
0.088461,0.139289,0.096946,0.138592,0.086945,0.032673,0.110205,0.087626,0.095470,0.123793
0.056646,0.053460,0.273355,0.088424,0.082889,0.087185,0.102702,0.072566,0.101599,0.081173
0.081908,0.115700,0.114193,0.064211,0.091662,0.145466,0.094034,0.089125,0.076120,0.127581
0.066274,0.104235,0.042110,0.129878,0.101489,0.221890,0.105704,0.107316,0.042041,0.079063
0.054961,0.045845,0.252734,0.031072,0.067169,0.059695,0.071099,0.074189,0.256680,0.086557
0.094218,0.119514,0.104771,0.055465,0.098306,0.102957,0.121498,0.024520,0.148746,0.130005
0.023629,0.242132,0.199635,0.049207,0.294283,0.035273,0.030058,0.056781,0.037015,0.031986
0.050937,0.087970,0.143949,0.071680,0.083094,0.038799,0.302229,0.098577,0.052446,0.070319
0.058490,0.041210,0.110828,0.066118,0.250887,0.137032,0.069852,0.112391,0.115197,0.037995
0.057349,0.381589,0.060652,0.068444,0.073387,0.108450,0.068287,0.041013,0.066400,0.074430
0.066281,0.037230,0.125065,0.076387,0.410423,0.069389,0.061322,0.046434,0.044588,0.062880
0.088545,0.120635,0.112805,0.108826,0.056654,0.135970,0.108113,0.085350,0.082038,0.101065
0.119335,0.231265,0.153075,0.072712,0.039838,0.094641,0.061105,0.065371,0.069605,0.093052
0.012784,0.242260,0.023878,0.014903,0.376445,0.050632,0.211776,0.031998,0.019626,0.015698
0.057304,0.086699,0.100113,0.085903,0.058570,0.082350,0.322368,0.056925,0.075196,0.074570
0.059480,0.098815,0.261470,0.088970,0.081123,0.080773,0.082645,0.070453,0.074864,0.101408
0.038126,0.130404,0.028735,0.118397,0.107367,0.250998,0.099847,0.105538,0.049652,0.070936
0.073331,0.086144,0.253465,0.047629,0.060130,0.093698,0.111962,0.075595,0.080224,0.117822
0.100859,0.087105,0.105749,0.101963,0.092413,0.103848,0.096812,0.119057,0.066015,0.126178
0.024294,0.109721,0.054932,0.138958,0.134173,0.144774,0.111857,0.133507,0.048508,0.099276
0.062008,0.308413,0.133419,0.102671,0.058679,0.041090,0.107884,0.076232,0.075104,0.034500
0.041308,0.280391,0.079796,0.043978,0.039390,0.042787,0.288108,0.028074,0.083811,0.072358
0.053787,0.089432,0.280464,0.082086,0.096143,0.091551,0.082738,0.057891,0.062763,0.103144
0.034106,0.048470,0.195668,0.060885,0.037574,0.158451,0.215410,0.075184,0.060506,0.113745
0.047692,0.061425,0.179144,0.089591,0.074029,0.082388,0.228318,0.074188,0.081192,0.082032
0.062422,0.106565,0.102785,0.102041,0.067401,0.132566,0.091899,0.077770,0.132752,0.123798
0.105042,0.144561,0.025434,0.126036,0.112766,0.124201,0.143034,0.088845,0.063350,0.066730
0.041114,0.063441,0.074787,0.084805,0.055631,0.123197,0.332375,0.074778,0.074310,0.075563
0.112564,0.110231,0.111803,0.090599,0.098346,0.116688,0.103512,0.080967,0.133108,0.042184
0.032987,0.036289,0.044292,0.043879,0.449826,0.082094,0.092239,0.060193,0.098077,0.060124
0.056527,0.161929,0.122417,0.122798,0.067914,0.030796,0.105979,0.130612,0.056863,0.144167
0.038889,0.120426,0.043496,0.118196,0.097616,0.222883,0.091383,0.064405,0.074901,0.127805
0.064913,0.379457,0.037497,0.040759,0.032162,0.032421,0.311915,0.033800,0.050037,0.017039
0.048814,0.247483,0.105024,0.100980,0.062026,0.051934,0.114118,0.065836,0.083746,0.120040
0.073114,0.063555,0.097801,0.067147,0.052169,0.108256,0.305047,0.054036,0.077942,0.100932
0.016851,0.034781,0.411906,0.029714,0.320502,0.071588,0.035289,0.030092,0.020908,0.028368
0.048763,0.230846,0.043662,0.158407,0.102175,0.036484,0.108503,0.074738,0.051775,0.144646
0.030761,0.186181,0.156109,0.038751,0.071426,0.161582,0.175865,0.075353,0.039647,0.064324
0.115325,0.315918,0.062403,0.076050,0.058117,0.099166,0.085193,0.024895,0.070404,0.092530
0.046829,0.317182,0.072256,0.071514,0.049731,0.086778,0.101772,0.104729,0.071025,0.078185
0.031846,0.042163,0.054643,0.029085,0.386459,0.095615,0.258682,0.033440,0.040763,0.027305
0.052099,0.294573,0.099324,0.090099,0.043022,0.077144,0.093217,0.064292,0.087509,0.098721
0.073825,0.343295,0.073531,0.022264,0.036115,0.074017,0.279658,0.029230,0.046577,0.021487
0.087655,0.069852,0.075340,0.099579,0.047419,0.040341,0.328116,0.072647,0.070066,0.108987
0.093816,0.107425,0.096645,0.096891,0.078108,0.114683,0.090566,0.124017,0.072656,0.125193
0.073053,0.092088,0.312261,0.074593,0.079043,0.116095,0.087319,0.052916,0.073902,0.038729
0.138673,0.059488,0.154408,0.040529,0.083867,0.083881,0.199924,0.068585,0.077587,0.093058
0.111747,0.193334,0.165840,0.070973,0.035018,0.103640,0.069893,0.080318,0.092712,0.076526
0.043296,0.129607,0.119067,0.120520,0.119429,0.147181,0.120330,0.027642,0.099978,0.072951
0.087373,0.121151,0.100590,0.110715,0.082697,0.135203,0.084582,0.077687,0.082756,0.117247
0.082024,0.060111,0.057005,0.040592,0.420264,0.085703,0.070494,0.044504,0.073958,0.065345
0.022980,0.020653,0.047360,0.040435,0.380389,0.044058,0.260163,0.031119,0.102034,0.050809
0.098075,0.075312,0.103017,0.064645,0.070555,0.112232,0.122085,0.093788,0.128973,0.131317
0.031831,0.241286,0.215693,0.032448,0.245951,0.054044,0.046680,0.036092,0.042468,0.053506
0.033285,0.095772,0.056295,0.063827,0.110742,0.158947,0.152631,0.124643,0.069612,0.134244
0.044455,0.086042,0.462989,0.033790,0.029795,0.064864,0.078646,0.080564,0.042411,0.076444
0.115288,0.100582,0.101872,0.114428,0.094580,0.131856,0.098631,0.081526,0.081984,0.079252
0.067398,0.121330,0.256983,0.098344,0.048650,0.113885,0.073699,0.103832,0.039584,0.076294
0.035726,0.139351,0.026367,0.139555,0.063308,0.224424,0.153757,0.096008,0.091428,0.030076
0.102090,0.136920,0.127038,0.140553,0.097935,0.069214,0.152974,0.032943,0.103740,0.036593
0.055896,0.089703,0.118386,0.088072,0.115965,0.115244,0.101960,0.107575,0.078025,0.129174
0.034457,0.124022,0.026235,0.142435,0.124077,0.139676,0.183238,0.080865,0.060317,0.084679
0.050309,0.127796,0.119498,0.120592,0.089130,0.122781,0.106459,0.084504,0.047693,0.131238
0.070268,0.103373,0.104836,0.138975,0.127022,0.063950,0.131763,0.031507,0.097509,0.130796
0.068333,0.090064,0.100610,0.100771,0.036448,0.079505,0.315091,0.064887,0.086586,0.057704
0.091650,0.126431,0.103724,0.096377,0.094756,0.137888,0.088768,0.091875,0.074111,0.094421
0.074942,0.178299,0.245557,0.050216,0.080888,0.073586,0.087051,0.055976,0.064072,0.089413
0.058909,0.343663,0.040659,0.034767,0.034587,0.017774,0.377434,0.029941,0.020529,0.041738
0.055486,0.107941,0.126023,0.130938,0.109242,0.060896,0.109154,0.097527,0.095468,0.107325
0.054360,0.090592,0.375462,0.066329,0.025423,0.074206,0.137431,0.037858,0.049504,0.088835
0.063181,0.267224,0.082001,0.094031,0.062324,0.096421,0.072839,0.079375,0.072898,0.109707
0.032956,0.131253,0.049800,0.125426,0.104506,0.144390,0.138758,0.108858,0.061443,0.102610
0.058465,0.090624,0.031872,0.069815,0.080419,0.132235,0.270974,0.037874,0.120955,0.106767
0.062041,0.113430,0.105492,0.115860,0.054786,0.106285,0.108046,0.078188,0.132674,0.123198
0.064428,0.042550,0.069542,0.090058,0.053660,0.110228,0.339645,0.066125,0.069747,0.094017
0.054324,0.083289,0.095852,0.074819,0.092391,0.172233,0.116044,0.095611,0.105923,0.109513
0.072021,0.102000,0.113942,0.119793,0.117594,0.052888,0.102533,0.138110,0.089376,0.091743
0.059128,0.274444,0.122669,0.026146,0.052224,0.040767,0.290163,0.040963,0.046532,0.046964
0.048075,0.072415,0.262285,0.079595,0.103962,0.167442,0.067767,0.063100,0.046170,0.089190
0.060896,0.119718,0.088182,0.123382,0.086849,0.135909,0.119148,0.105553,0.077584,0.082779
0.046276,0.124441,0.025761,0.103415,0.050210,0.168107,0.215513,0.116284,0.057094,0.092901
0.026182,0.048060,0.134871,0.055004,0.326433,0.069988,0.208466,0.024156,0.070155,0.036686
0.075838,0.079608,0.071509,0.088425,0.083969,0.066167,0.299994,0.060846,0.074687,0.098957
0.082111,0.131782,0.085508,0.119448,0.085433,0.125801,0.134293,0.024845,0.121075,0.089704
0.060118,0.078706,0.094165,0.042249,0.036114,0.108266,0.334850,0.068443,0.094182,0.082907
0.082548,0.053839,0.357577,0.058750,0.041544,0.084791,0.136993,0.037138,0.067068,0.079752
0.030500,0.307820,0.060374,0.043689,0.022631,0.062634,0.358303,0.031235,0.049242,0.033572
0.044145,0.109613,0.029549,0.103115,0.061146,0.198266,0.208687,0.068907,0.054379,0.122193
0.041771,0.017912,0.223846,0.031646,0.281316,0.029680,0.221176,0.050140,0.070262,0.032251
0.053659,0.065976,0.230253,0.082758,0.070644,0.119506,0.087914,0.096843,0.094138,0.098310
0.047499,0.069544,0.307440,0.088981,0.036811,0.082976,0.150104,0.047504,0.065818,0.103324
0.041565,0.309548,0.057440,0.037649,0.020937,0.059326,0.278516,0.033848,0.104712,0.056458
0.033968,0.277569,0.016315,0.072008,0.027629,0.021329,0.355325,0.079739,0.025676,0.090442
0.032804,0.031617,0.132927,0.058159,0.417430,0.095820,0.064881,0.043122,0.078981,0.044259
0.037056,0.042111,0.469736,0.064133,0.051218,0.089727,0.064605,0.050817,0.053672,0.076924
0.067705,0.153330,0.223115,0.088327,0.037765,0.097069,0.108969,0.106792,0.044128,0.072800
0.066510,0.092479,0.106703,0.059837,0.058170,0.082512,0.330788,0.055865,0.069067,0.078069
0.057230,0.095653,0.096709,0.139179,0.063824,0.161099,0.113202,0.027673,0.098041,0.147388
0.020499,0.042998,0.043862,0.023266,0.385916,0.042823,0.335097,0.030207,0.038865,0.036469
0.034947,0.038843,0.057918,0.019567,0.327410,0.049125,0.368631,0.031663,0.047303,0.024592
0.018126,0.031804,0.105992,0.032088,0.348095,0.055445,0.310259,0.032294,0.020866,0.045031
0.053746,0.115828,0.042430,0.151847,0.056826,0.036267,0.136483,0.138077,0.107167,0.161329
0.047691,0.054584,0.097524,0.090785,0.078924,0.069570,0.337529,0.067410,0.060156,0.095827
0.032738,0.201533,0.179789,0.048608,0.026545,0.097773,0.239983,0.023990,0.115848,0.033193
0.033045,0.214898,0.213413,0.081590,0.068466,0.108829,0.100914,0.034140,0.056330,0.088374
0.074862,0.176583,0.046142,0.114534,0.089135,0.187960,0.094059,0.068906,0.063796,0.084024
0.041040,0.260602,0.023520,0.120402,0.061844,0.158055,0.089426,0.100362,0.065055,0.079693
0.079177,0.252160,0.162412,0.102827,0.044652,0.082916,0.084813,0.049119,0.063305,0.078617
0.036630,0.154751,0.049500,0.114434,0.083430,0.157729,0.130327,0.028396,0.089841,0.154962
0.037245,0.082785,0.403718,0.076747,0.034765,0.071420,0.076626,0.060118,0.081412,0.075164
0.158666,0.260870,0.074778,0.105776,0.062959,0.092675,0.105710,0.029318,0.080677,0.028570
0.034496,0.101347,0.272554,0.082990,0.078440,0.153165,0.084922,0.070913,0.044635,0.076539
0.038373,0.160499,0.084769,0.116172,0.068521,0.131082,0.216415,0.073429,0.051789,0.058950
0.056897,0.100542,0.073199,0.063723,0.055427,0.081401,0.391019,0.069643,0.070612,0.037536
0.029690,0.084099,0.384613,0.037496,0.277817,0.074768,0.042253,0.035943,0.017146,0.016174
0.071895,0.121219,0.113917,0.122135,0.070628,0.118561,0.115010,0.121745,0.041989,0.102901
0.048744,0.093643,0.072360,0.095110,0.041821,0.027656,0.345175,0.081069,0.125416,0.069006
0.033277,0.122856,0.034630,0.023803,0.531582,0.070082,0.037011,0.024590,0.093778,0.028391
0.040982,0.302164,0.126137,0.014552,0.168766,0.030469,0.226434,0.023807,0.030573,0.036115
0.036677,0.190292,0.063578,0.094348,0.052919,0.145501,0.137021,0.077704,0.057723,0.144236
0.036272,0.066504,0.048113,0.055906,0.379042,0.043561,0.272408,0.032621,0.046776,0.018798
0.043736,0.053001,0.119474,0.116000,0.089070,0.026764,0.317603,0.074873,0.069169,0.090310
0.033285,0.159798,0.052062,0.108517,0.051840,0.167425,0.117876,0.067427,0.111847,0.129924
0.036807,0.131656,0.052775,0.111755,0.108719,0.208091,0.143657,0.092273,0.083600,0.030666
0.081059,0.119887,0.126502,0.130632,0.150730,0.059178,0.110985,0.085987,0.095838,0.039202
0.025799,0.051651,0.441683,0.030337,0.235660,0.104282,0.029358,0.019310,0.023375,0.038546
0.049330,0.077133,0.528484,0.042812,0.042060,0.067250,0.079714,0.030549,0.021154,0.061515
0.020232,0.040237,0.062324,0.023848,0.335820,0.112832,0.277818,0.046269,0.027988,0.052632
0.045890,0.078320,0.461624,0.054725,0.056799,0.067452,0.069567,0.053384,0.057136,0.055104
0.069442,0.040859,0.061251,0.061160,0.452905,0.065290,0.074284,0.064416,0.032831,0.077563
0.037272,0.057097,0.437684,0.014483,0.249541,0.096302,0.035222,0.030890,0.022036,0.019474
0.065212,0.329804,0.037954,0.027667,0.032514,0.017391,0.392597,0.045439,0.032193,0.019230
0.032398,0.388963,0.032065,0.033852,0.019642,0.033166,0.358821,0.029323,0.023594,0.048175
0.062788,0.118909,0.097315,0.137020,0.095519,0.031942,0.127983,0.142911,0.086303,0.099311
0.046006,0.122372,0.113977,0.107605,0.077032,0.050335,0.108890,0.107146,0.127625,0.139010
0.084403,0.128965,0.089220,0.119105,0.091284,0.156253,0.114848,0.024245,0.074442,0.117235
0.055787,0.053574,0.099242,0.073967,0.369013,0.115962,0.095438,0.042020,0.035867,0.059130
0.024386,0.197824,0.024460,0.018189,0.399815,0.045507,0.229878,0.014636,0.021119,0.024186
0.018554,0.226403,0.020032,0.108552,0.105755,0.138590,0.106655,0.124527,0.052539,0.098393
0.020238,0.112089,0.446792,0.072176,0.026918,0.061122,0.083553,0.074190,0.048926,0.053996
0.075362,0.164038,0.062270,0.122282,0.067719,0.042489,0.205036,0.029051,0.077145,0.154608
0.025137,0.021735,0.465857,0.033623,0.190983,0.136620,0.042343,0.026614,0.024272,0.032817
0.059975,0.096009,0.212311,0.071324,0.082547,0.071463,0.191794,0.039410,0.089258,0.085908
0.041255,0.091194,0.104542,0.044086,0.057712,0.085675,0.371476,0.072138,0.051575,0.080348
0.065384,0.125343,0.115828,0.119375,0.140396,0.056405,0.100576,0.097768,0.070441,0.108483
0.036564,0.052087,0.068084,0.070091,0.474387,0.071623,0.067900,0.030875,0.089349,0.039040
0.024311,0.065919,0.559055,0.058399,0.036641,0.066446,0.067935,0.034527,0.029636,0.057129
0.073664,0.063778,0.244356,0.085241,0.063076,0.101561,0.105491,0.074884,0.098894,0.089054
0.049475,0.099428,0.100440,0.062598,0.053026,0.078307,0.340990,0.051282,0.066200,0.098252
0.037068,0.035497,0.060896,0.052164,0.540968,0.054489,0.058780,0.038458,0.047045,0.074634
0.058942,0.298624,0.076893,0.094980,0.089286,0.037658,0.115244,0.070555,0.069311,0.088506
0.056983,0.131719,0.105043,0.109512,0.108683,0.120516,0.105820,0.120990,0.074293,0.066440
0.042547,0.186155,0.093415,0.118004,0.087086,0.038296,0.136970,0.111905,0.088703,0.096919
0.087062,0.073321,0.140335,0.086149,0.088784,0.040805,0.260464,0.031669,0.096185,0.095227
0.026726,0.064224,0.055706,0.167917,0.102218,0.037038,0.395773,0.059712,0.064299,0.026389
0.028586,0.062025,0.041930,0.040227,0.528749,0.136565,0.047559,0.043293,0.033057,0.038009
0.034700,0.060772,0.214828,0.103954,0.079480,0.107107,0.201804,0.082868,0.037218,0.077268
0.084527,0.300863,0.035757,0.044759,0.023295,0.036204,0.335824,0.031407,0.067823,0.039541
0.054461,0.187850,0.155589,0.039556,0.040326,0.071893,0.046408,0.092617,0.245051,0.066249
0.045743,0.079953,0.440826,0.074594,0.039350,0.090103,0.114271,0.030853,0.054519,0.029789
0.052062,0.114571,0.060884,0.078214,0.129548,0.206898,0.163871,0.082945,0.078953,0.032055
0.066653,0.096615,0.117013,0.116778,0.110225,0.121516,0.133658,0.093762,0.053454,0.090325
0.067535,0.189279,0.080868,0.148183,0.105901,0.048728,0.139715,0.094562,0.056592,0.068637
0.044042,0.076325,0.033504,0.140123,0.078791,0.240781,0.118190,0.075891,0.066693,0.125660
0.066513,0.045644,0.067276,0.027973,0.577294,0.071918,0.048206,0.043804,0.019397,0.031974
0.039079,0.027452,0.103413,0.038661,0.432138,0.116806,0.069346,0.033499,0.074728,0.064877
0.073955,0.085846,0.414254,0.031491,0.064720,0.074882,0.072634,0.048002,0.039448,0.094767
0.047451,0.083741,0.056130,0.104220,0.064884,0.210020,0.154099,0.133061,0.056814,0.089579
0.036771,0.078277,0.371058,0.073540,0.047280,0.089297,0.088869,0.080115,0.094713,0.040079
0.065417,0.081091,0.078383,0.056708,0.064612,0.094359,0.334000,0.039719,0.091840,0.093871
0.031318,0.090346,0.340188,0.022055,0.313594,0.052922,0.041453,0.031555,0.046644,0.029926
0.050471,0.123699,0.090929,0.129002,0.074847,0.153215,0.102402,0.081675,0.083738,0.110022
0.063271,0.288435,0.113270,0.038342,0.049211,0.045104,0.315473,0.036286,0.024873,0.025735
0.114481,0.062913,0.275951,0.094499,0.083801,0.085168,0.092290,0.063568,0.072596,0.054733
0.095309,0.114948,0.112964,0.115840,0.108172,0.104066,0.098333,0.075708,0.075037,0.099624
0.048859,0.075443,0.099437,0.064782,0.055015,0.080031,0.354432,0.052998,0.073098,0.095906
0.048775,0.100425,0.037213,0.099144,0.112345,0.166720,0.144323,0.077617,0.122295,0.091142
0.094633,0.063271,0.067413,0.058180,0.083136,0.103300,0.348614,0.071054,0.048957,0.061443
0.038030,0.095758,0.023106,0.108476,0.086759,0.155607,0.230142,0.120289,0.067304,0.074529
0.088752,0.086751,0.234712,0.096750,0.068041,0.086288,0.095372,0.060289,0.096325,0.086719
0.068387,0.096325,0.227483,0.066862,0.076348,0.094957,0.152778,0.084083,0.057908,0.074869
0.031993,0.316308,0.085610,0.032929,0.344773,0.048260,0.032062,0.038118,0.044718,0.025229
0.036555,0.143263,0.269368,0.066024,0.082511,0.103166,0.088223,0.076277,0.059484,0.075128
0.063380,0.124691,0.114878,0.109355,0.108161,0.078697,0.104626,0.093800,0.090936,0.111477
0.089373,0.134032,0.110048,0.103433,0.057274,0.123461,0.109788,0.084796,0.091134,0.096661
0.057746,0.363172,0.036316,0.023573,0.016745,0.014726,0.380048,0.038178,0.029257,0.040240
0.045917,0.057366,0.470461,0.070145,0.031125,0.055661,0.093060,0.076628,0.034453,0.065185
0.047144,0.124166,0.095110,0.075932,0.122905,0.124202,0.117499,0.087863,0.078976,0.126203
0.077580,0.087560,0.252315,0.092097,0.067874,0.087306,0.097003,0.059191,0.065558,0.113516
0.031275,0.108951,0.379036,0.028433,0.057431,0.071151,0.077505,0.077853,0.082206,0.086158
0.082667,0.119665,0.097320,0.132161,0.083677,0.122636,0.124685,0.022658,0.085138,0.129394
0.031603,0.033593,0.153984,0.066279,0.349367,0.156076,0.064417,0.050326,0.045786,0.048569
0.113402,0.091466,0.063487,0.135222,0.060073,0.116990,0.179222,0.026448,0.118849,0.094841
0.063485,0.108875,0.021860,0.114782,0.082093,0.205604,0.188117,0.098138,0.045668,0.071377
0.074347,0.197659,0.045286,0.124840,0.106805,0.039730,0.122961,0.038537,0.085331,0.164504
0.040021,0.381680,0.032764,0.044422,0.022689,0.035012,0.338316,0.025303,0.061261,0.018532
0.080902,0.077798,0.046024,0.113514,0.070519,0.166425,0.136215,0.037136,0.123572,0.147896
0.032371,0.109474,0.327119,0.077442,0.029955,0.096839,0.100707,0.046748,0.115021,0.064324
0.040810,0.170766,0.211495,0.037292,0.083428,0.155840,0.072535,0.075668,0.048387,0.103779
0.032380,0.154864,0.028199,0.138804,0.128371,0.037617,0.185758,0.136224,0.049466,0.108317
0.029669,0.128981,0.049423,0.123945,0.110612,0.237151,0.158805,0.059814,0.039494,0.062106
0.052681,0.137464,0.085465,0.125817,0.070234,0.118681,0.110801,0.106754,0.073121,0.118982
0.041156,0.132337,0.270892,0.073460,0.045650,0.158407,0.100077,0.057023,0.048238,0.072760
0.084014,0.258494,0.082845,0.106407,0.055839,0.090857,0.092808,0.110507,0.080351,0.037879
0.022222,0.040399,0.045738,0.028856,0.399196,0.094140,0.244354,0.061932,0.046952,0.016211
0.016857,0.047251,0.253193,0.036941,0.382695,0.050848,0.143525,0.024894,0.028631,0.015165
0.035065,0.094706,0.039912,0.120977,0.077655,0.233233,0.154805,0.109716,0.040909,0.093023
0.050387,0.196386,0.240797,0.037636,0.070995,0.086123,0.073713,0.066595,0.069300,0.108067
0.084416,0.092875,0.078887,0.100930,0.062374,0.133962,0.113997,0.081309,0.136261,0.114989
0.027003,0.171540,0.055209,0.196265,0.062697,0.047671,0.161511,0.052189,0.080532,0.145383
0.072549,0.056188,0.045448,0.099383,0.051911,0.088065,0.081922,0.083921,0.300781,0.119833
0.095402,0.097896,0.073835,0.083888,0.055211,0.087372,0.309996,0.035332,0.053062,0.108005
0.045502,0.052279,0.036338,0.057266,0.050080,0.057301,0.350021,0.062555,0.238105,0.050552
0.111839,0.138778,0.048962,0.116853,0.079807,0.134716,0.105186,0.031290,0.086146,0.146423
0.073477,0.105493,0.185880,0.057012,0.075027,0.100157,0.227105,0.041289,0.064021,0.070538
0.106952,0.082416,0.052281,0.125612,0.082677,0.187144,0.128381,0.028060,0.091130,0.115347
0.044527,0.252683,0.025210,0.092454,0.090968,0.145870,0.122994,0.063931,0.077638,0.083726
0.066972,0.056468,0.265166,0.118707,0.096396,0.090144,0.130841,0.027842,0.069159,0.078305
0.081811,0.254676,0.078404,0.079940,0.055479,0.094045,0.082248,0.083946,0.075934,0.113518
0.061797,0.128000,0.110582,0.123835,0.062887,0.130778,0.121114,0.092222,0.068292,0.100493
0.035209,0.384498,0.051744,0.016332,0.029811,0.035176,0.343893,0.031180,0.039147,0.033010
0.083410,0.217747,0.031141,0.102899,0.079289,0.128633,0.130019,0.087938,0.053097,0.085827
0.074719,0.118584,0.114387,0.116606,0.067326,0.119086,0.110449,0.113536,0.088944,0.076363
0.030763,0.368613,0.037817,0.052349,0.031348,0.037359,0.361281,0.023597,0.040191,0.016683
0.063758,0.110173,0.095674,0.141754,0.090800,0.036370,0.134576,0.133384,0.095997,0.097515
0.072053,0.289494,0.090490,0.078585,0.038009,0.087623,0.075959,0.076256,0.087190,0.104343
0.083461,0.082129,0.070543,0.079881,0.051681,0.078418,0.343868,0.074468,0.041775,0.093774
0.064424,0.326574,0.035601,0.050068,0.016660,0.013370,0.382114,0.044953,0.030239,0.035997
0.064259,0.145515,0.023298,0.128960,0.108718,0.122528,0.157442,0.126729,0.044303,0.078249
0.038622,0.127382,0.069060,0.117003,0.077775,0.175464,0.156402,0.025055,0.089826,0.123412
0.044775,0.059085,0.300743,0.046907,0.036279,0.151575,0.096295,0.057363,0.138776,0.068203
0.071381,0.051940,0.131981,0.047315,0.402411,0.069197,0.066163,0.039875,0.076975,0.042762
0.123680,0.108856,0.098531,0.099319,0.071991,0.102175,0.093624,0.078363,0.130095,0.093366
0.063056,0.129484,0.221611,0.094213,0.072766,0.115808,0.110095,0.065189,0.065918,0.061860
0.039705,0.079039,0.462208,0.054594,0.057811,0.072062,0.071203,0.048110,0.083774,0.031495
0.095902,0.107847,0.299723,0.083373,0.066716,0.075258,0.080246,0.059623,0.088163,0.043150
0.030543,0.046286,0.045461,0.033383,0.490001,0.093828,0.050693,0.046861,0.109532,0.053413
0.026647,0.137134,0.066082,0.153964,0.123623,0.046577,0.170209,0.120445,0.073666,0.081654
0.070057,0.096775,0.066071,0.092454,0.340257,0.061971,0.097672,0.051045,0.061753,0.061947
0.028378,0.146077,0.097165,0.081631,0.134637,0.037569,0.152257,0.119299,0.102006,0.100981
0.028513,0.042290,0.084439,0.034098,0.359786,0.047606,0.279973,0.049274,0.024816,0.049206
0.030186,0.296932,0.043256,0.028727,0.442631,0.052493,0.022821,0.042784,0.015125,0.025046
0.038527,0.066543,0.103803,0.097179,0.040284,0.123835,0.293790,0.077549,0.051609,0.106881
0.062711,0.101689,0.059815,0.125123,0.142791,0.048256,0.118232,0.149318,0.031745,0.160319
0.036858,0.049115,0.044473,0.033850,0.353924,0.073261,0.283587,0.061651,0.022877,0.040404
0.049011,0.094232,0.031822,0.137000,0.082050,0.041495,0.250116,0.088247,0.080212,0.145813
0.074378,0.242097,0.106918,0.086274,0.077382,0.083646,0.070384,0.074724,0.071918,0.112279
0.035900,0.329682,0.077189,0.109010,0.051470,0.130721,0.085048,0.058368,0.074903,0.047710
0.064713,0.159030,0.211430,0.095207,0.034979,0.148117,0.098880,0.057242,0.050373,0.080028
0.058817,0.079466,0.104207,0.102829,0.047017,0.081988,0.323841,0.054839,0.046555,0.100440
0.031279,0.137070,0.307691,0.083268,0.038325,0.138326,0.081184,0.052248,0.061689,0.068919
0.034298,0.130996,0.025160,0.111564,0.056042,0.131027,0.244595,0.094728,0.049459,0.122130
0.145259,0.169163,0.171235,0.057643,0.068448,0.108192,0.098934,0.061457,0.067713,0.051955
0.085193,0.106712,0.095108,0.095801,0.084061,0.131612,0.120338,0.025857,0.104370,0.150948
0.015425,0.180039,0.041347,0.016809,0.522252,0.052877,0.028073,0.022709,0.099607,0.020863
0.073584,0.072058,0.103908,0.088134,0.057481,0.087907,0.303019,0.067959,0.047665,0.098284
0.067046,0.106806,0.282679,0.072537,0.058139,0.122404,0.094692,0.060179,0.077949,0.057570
0.060756,0.271935,0.045519,0.062450,0.024307,0.092763,0.281379,0.035308,0.078999,0.046584
0.034685,0.122448,0.238597,0.048892,0.075941,0.160651,0.046486,0.053327,0.155818,0.063156
0.024741,0.071652,0.101692,0.051145,0.423467,0.127677,0.083404,0.035251,0.062248,0.018722
0.028373,0.044699,0.038148,0.038300,0.570425,0.073553,0.052628,0.050699,0.038122,0.065052
0.012565,0.048476,0.498831,0.031726,0.186673,0.062574,0.062984,0.027553,0.025244,0.043373
0.052682,0.135787,0.107105,0.115802,0.077720,0.113511,0.119816,0.117260,0.078670,0.081647
0.078300,0.114004,0.103254,0.110729,0.051890,0.116223,0.121959,0.127564,0.072738,0.103339
0.079261,0.118593,0.090646,0.101496,0.096856,0.169524,0.105835,0.106152,0.089232,0.042406
0.071910,0.132936,0.275058,0.090895,0.083966,0.100071,0.092446,0.042680,0.078766,0.031272
0.045863,0.028527,0.291683,0.056054,0.105483,0.168633,0.184681,0.033812,0.046509,0.038755
0.051845,0.124775,0.089190,0.132234,0.083829,0.127487,0.105486,0.084166,0.092736,0.108251
0.037222,0.106213,0.029076,0.100802,0.095445,0.157868,0.253384,0.075118,0.052490,0.092382
0.036209,0.073536,0.022050,0.146396,0.097743,0.232953,0.099907,0.107575,0.085194,0.098438
0.068222,0.159618,0.266419,0.081287,0.078475,0.092267,0.083722,0.066717,0.051724,0.051549
0.062759,0.122433,0.109841,0.094731,0.081697,0.131948,0.124653,0.098398,0.082742,0.090799
0.024917,0.050217,0.382085,0.034522,0.265871,0.116147,0.046809,0.028086,0.025582,0.025764
0.053296,0.298553,0.071505,0.092597,0.043281,0.118859,0.075436,0.066579,0.072378,0.107518
0.050708,0.063730,0.083140,0.064232,0.051972,0.103981,0.344332,0.058699,0.107845,0.071360
0.021422,0.189040,0.259468,0.048692,0.215370,0.068023,0.068642,0.045868,0.034167,0.049308
0.043344,0.119647,0.101946,0.134730,0.092843,0.044095,0.163235,0.155096,0.054098,0.090965
0.110559,0.140997,0.081057,0.116666,0.065577,0.032318,0.236823,0.074464,0.052224,0.089314
0.082559,0.074221,0.070836,0.033403,0.422349,0.128825,0.050551,0.031227,0.047882,0.058147
0.030732,0.146689,0.271933,0.047821,0.060908,0.147814,0.092402,0.078518,0.052342,0.070841
0.050715,0.122793,0.091500,0.101638,0.107409,0.135240,0.123320,0.091238,0.091449,0.084698
0.062551,0.114161,0.107988,0.101952,0.081644,0.150527,0.096698,0.083578,0.100205,0.100697
0.050386,0.118742,0.112219,0.112600,0.064201,0.122061,0.100638,0.111288,0.131784,0.076080
0.051166,0.249472,0.172808,0.040294,0.078813,0.080124,0.074629,0.077340,0.068543,0.106811
0.031337,0.133790,0.032819,0.160849,0.142569,0.045606,0.215746,0.080512,0.065572,0.091200
0.069064,0.115183,0.092304,0.099475,0.075180,0.126625,0.109675,0.118267,0.086440,0.107787
0.033614,0.095360,0.414606,0.063303,0.029682,0.100249,0.067946,0.049340,0.053076,0.092825
0.044948,0.117562,0.090949,0.131609,0.070806,0.117194,0.104026,0.137338,0.091486,0.094083
0.056683,0.178796,0.273484,0.041019,0.058226,0.059241,0.073066,0.082230,0.097471,0.079785
0.077169,0.047218,0.179423,0.064633,0.078453,0.113896,0.181124,0.059810,0.076794,0.121481
0.034902,0.139815,0.283137,0.076967,0.044966,0.138529,0.080501,0.054459,0.036342,0.110381
0.068382,0.182000,0.028676,0.116001,0.094912,0.147619,0.135493,0.025299,0.073609,0.128009
0.067228,0.160926,0.040804,0.059171,0.054137,0.177727,0.178822,0.112463,0.067611,0.081112
0.062651,0.284126,0.108374,0.111811,0.077356,0.043861,0.092843,0.074270,0.069159,0.075549
0.052777,0.093492,0.127695,0.113337,0.060121,0.029995,0.286529,0.080526,0.063008,0.092519
0.020647,0.334301,0.050762,0.032847,0.025146,0.027989,0.371244,0.027078,0.081907,0.028078
0.077916,0.285059,0.100829,0.104722,0.056317,0.034463,0.079545,0.107422,0.069875,0.083852
0.059107,0.139982,0.080392,0.102908,0.075761,0.155736,0.109952,0.081903,0.084114,0.110145
0.077726,0.110000,0.134235,0.140366,0.109145,0.053128,0.139386,0.025058,0.098568,0.112388
0.057362,0.135248,0.109713,0.089390,0.064199,0.114781,0.107277,0.129822,0.076385,0.115824
0.095492,0.107161,0.068885,0.094264,0.127360,0.075582,0.099134,0.100787,0.124237,0.107099
0.035521,0.188412,0.054965,0.123962,0.069198,0.182734,0.136845,0.073839,0.048052,0.086472
0.091716,0.075607,0.045139,0.088775,0.051269,0.080495,0.113082,0.082422,0.286126,0.085368
0.047186,0.056848,0.323440,0.047724,0.263519,0.056519,0.052336,0.053711,0.056537,0.042178
0.032900,0.123948,0.025986,0.093957,0.109349,0.181797,0.152108,0.135368,0.060388,0.084200
0.023182,0.046777,0.450201,0.039412,0.121529,0.087608,0.046022,0.050362,0.079894,0.055011
0.072851,0.105075,0.052791,0.079511,0.054122,0.131468,0.123688,0.066251,0.271682,0.042561
0.034589,0.106905,0.413440,0.044418,0.047024,0.066926,0.136678,0.065263,0.036972,0.047785
0.036141,0.352496,0.069956,0.106423,0.090161,0.026495,0.071880,0.073041,0.057748,0.115661
0.041522,0.049403,0.048944,0.035141,0.546089,0.086872,0.046922,0.056278,0.040772,0.048056
0.032416,0.172395,0.058862,0.104014,0.090481,0.037427,0.253974,0.126758,0.097324,0.026349
0.049586,0.036509,0.054363,0.037752,0.500472,0.102748,0.044327,0.062637,0.052540,0.059067
0.090454,0.088018,0.251924,0.092214,0.055818,0.098921,0.094678,0.067325,0.081652,0.078996
0.113292,0.081887,0.124739,0.133276,0.087301,0.032177,0.113971,0.132118,0.063744,0.117495
0.076602,0.130322,0.059306,0.133298,0.135183,0.045455,0.157833,0.032717,0.105157,0.124126
0.051432,0.090411,0.138833,0.093518,0.073536,0.137313,0.149402,0.128613,0.090857,0.046085
0.031757,0.254596,0.056140,0.033376,0.383133,0.088199,0.046892,0.028903,0.031603,0.045401
0.043781,0.160163,0.035392,0.155791,0.068300,0.173067,0.177555,0.030225,0.064382,0.091345
0.071011,0.132414,0.075914,0.114006,0.087927,0.107849,0.092805,0.082175,0.104347,0.131553
0.032213,0.125075,0.039856,0.141691,0.080831,0.216481,0.097829,0.121776,0.080483,0.063765
0.047420,0.122238,0.030739,0.092780,0.096679,0.041406,0.301208,0.111554,0.093085,0.062893
0.027595,0.306955,0.058369,0.044884,0.314428,0.099136,0.060247,0.027350,0.033995,0.027042
0.060857,0.200495,0.226907,0.045127,0.018648,0.074231,0.227414,0.037508,0.040383,0.068430
0.026250,0.135371,0.137519,0.087340,0.099198,0.038521,0.140815,0.122614,0.086972,0.125401
0.065022,0.080690,0.091239,0.073634,0.049148,0.098049,0.326880,0.042716,0.073894,0.098728
0.034311,0.279690,0.101124,0.065795,0.067374,0.079427,0.095759,0.098467,0.071113,0.106941
0.129914,0.103663,0.175773,0.044210,0.050128,0.094503,0.169313,0.054890,0.064288,0.113317
0.075917,0.058557,0.209347,0.107200,0.074889,0.092390,0.181632,0.063511,0.079229,0.057327
0.070023,0.086031,0.254944,0.079504,0.085821,0.104913,0.080849,0.058679,0.086007,0.093230
0.057530,0.028666,0.360232,0.051820,0.130598,0.141220,0.117147,0.034095,0.025719,0.052972
0.057970,0.111504,0.044792,0.093655,0.065220,0.149129,0.246131,0.029635,0.073030,0.128934
0.057668,0.065042,0.091803,0.078257,0.059941,0.068794,0.375194,0.057715,0.059350,0.086237
0.074884,0.370535,0.036340,0.042521,0.022269,0.032344,0.360344,0.030034,0.016487,0.014241
0.026589,0.215237,0.107069,0.036933,0.428772,0.036654,0.040775,0.037267,0.027806,0.042898
0.030017,0.231172,0.052772,0.089975,0.127837,0.047955,0.122248,0.146244,0.071657,0.080122
0.059594,0.138898,0.119139,0.075716,0.069666,0.044304,0.263407,0.071848,0.053760,0.103669
0.046456,0.117528,0.065522,0.118809,0.064486,0.195929,0.137516,0.132019,0.033958,0.087777
0.081693,0.135072,0.026217,0.120393,0.123666,0.143093,0.125668,0.093149,0.052634,0.098416
0.052642,0.088300,0.299893,0.040333,0.107486,0.082543,0.083109,0.104141,0.060527,0.081026
0.017325,0.380608,0.062683,0.053660,0.025887,0.023510,0.338775,0.032535,0.024718,0.040299
0.057220,0.298106,0.104872,0.099384,0.090809,0.067713,0.093260,0.034855,0.058681,0.095101
0.044029,0.041636,0.242542,0.085932,0.072361,0.158875,0.155619,0.081337,0.050734,0.066936
0.042239,0.060130,0.116498,0.078160,0.052761,0.106214,0.270545,0.091813,0.096851,0.084789
0.070359,0.044938,0.413107,0.054714,0.052213,0.079201,0.120797,0.030067,0.052447,0.082154
0.028949,0.230401,0.029575,0.104311,0.113393,0.039515,0.118210,0.144449,0.078046,0.113150
0.058904,0.078913,0.078079,0.105399,0.048983,0.027992,0.293079,0.078959,0.142502,0.087190
0.121543,0.172421,0.027029,0.095901,0.108790,0.033359,0.108531,0.160915,0.072264,0.099246
0.057188,0.075204,0.079121,0.060528,0.071759,0.096138,0.332735,0.078042,0.077339,0.071946
0.085478,0.336607,0.087133,0.087445,0.076834,0.096724,0.066515,0.060904,0.066589,0.035771
0.034802,0.059433,0.095386,0.051637,0.442383,0.085638,0.081044,0.034311,0.037951,0.077415
0.089876,0.060070,0.236418,0.089422,0.086180,0.075955,0.117942,0.037440,0.076929,0.129767
0.042474,0.100854,0.028141,0.127273,0.111728,0.152447,0.187181,0.090625,0.083939,0.075339
0.110086,0.116461,0.024125,0.131219,0.054000,0.181150,0.107583,0.081010,0.088370,0.105997
0.039377,0.224900,0.073586,0.149122,0.055421,0.044774,0.160049,0.167210,0.056574,0.028989
0.137402,0.054457,0.200122,0.083620,0.067111,0.075047,0.198543,0.068478,0.076588,0.038632
0.021499,0.074505,0.501952,0.043040,0.022022,0.071010,0.099648,0.074379,0.044976,0.046969
0.046215,0.270356,0.080818,0.029680,0.417636,0.045269,0.025262,0.043358,0.028954,0.012452
0.123042,0.083215,0.298270,0.068101,0.052744,0.121928,0.125471,0.061365,0.035542,0.030323
0.111238,0.122264,0.025193,0.168129,0.060102,0.133393,0.166005,0.139753,0.044897,0.029025
0.053290,0.078492,0.096380,0.084299,0.305831,0.080793,0.093281,0.082620,0.034584,0.090431
0.045307,0.070781,0.234389,0.096465,0.090451,0.129058,0.105960,0.063013,0.062638,0.101938
0.026226,0.020196,0.128324,0.039986,0.386690,0.054659,0.211247,0.024414,0.078586,0.029673
0.068156,0.088579,0.099563,0.089694,0.054532,0.106108,0.295608,0.049698,0.045382,0.102679
0.020585,0.336448,0.038719,0.018332,0.375514,0.081847,0.044594,0.021818,0.018852,0.043291
0.053019,0.126165,0.138672,0.109532,0.128385,0.037760,0.137967,0.131059,0.039546,0.097895
0.110527,0.133467,0.079226,0.134666,0.111073,0.056353,0.133212,0.102329,0.036275,0.102871
0.047821,0.118822,0.081288,0.093883,0.109955,0.124680,0.122898,0.122604,0.067600,0.110449
0.019513,0.043261,0.238475,0.037257,0.295269,0.078351,0.184646,0.029959,0.042236,0.031034
0.035059,0.336242,0.012928,0.027878,0.061975,0.076271,0.341370,0.053158,0.019883,0.035237
0.060325,0.151808,0.111998,0.082827,0.068100,0.131173,0.133400,0.096059,0.063210,0.101101
0.061143,0.127599,0.031913,0.098720,0.053596,0.133049,0.224012,0.114329,0.035060,0.120578
0.035030,0.070358,0.080318,0.053144,0.467198,0.068678,0.058703,0.058790,0.028654,0.079128
0.122639,0.105766,0.044016,0.147393,0.105844,0.037676,0.172702,0.135113,0.052124,0.076726
0.040075,0.014826,0.112057,0.015272,0.338527,0.075579,0.149953,0.044387,0.192791,0.016533
0.151857,0.198309,0.048589,0.041033,0.025772,0.051365,0.060537,0.084563,0.300419,0.037557
0.058045,0.037723,0.255736,0.070378,0.136679,0.159264,0.087736,0.063758,0.044192,0.086491
0.080327,0.205899,0.076530,0.099021,0.109421,0.039404,0.108958,0.095640,0.117039,0.067761
0.058369,0.102433,0.128043,0.123576,0.089140,0.073339,0.146877,0.121455,0.043829,0.112939
0.022203,0.124987,0.025689,0.101226,0.080293,0.207822,0.103818,0.076386,0.122009,0.135567
0.049817,0.080737,0.227145,0.093778,0.038903,0.075304,0.204712,0.044332,0.069452,0.115821
0.088394,0.106140,0.102141,0.073374,0.096617,0.135638,0.122958,0.026193,0.106125,0.142420
0.053962,0.106688,0.260310,0.094430,0.081351,0.099480,0.096765,0.071953,0.059377,0.075683
0.066778,0.047493,0.437964,0.071617,0.030666,0.084372,0.102700,0.048744,0.047754,0.061912
0.128704,0.269599,0.093257,0.073186,0.051391,0.102214,0.062874,0.064263,0.065626,0.088886
0.036297,0.278469,0.030874,0.045309,0.030372,0.104076,0.322727,0.066489,0.043674,0.041714
0.034523,0.365105,0.057231,0.047874,0.045272,0.018707,0.360160,0.031791,0.022291,0.017044
0.032842,0.143690,0.230253,0.097187,0.042212,0.126559,0.090206,0.069322,0.052798,0.114931
0.084840,0.107027,0.120179,0.137777,0.087737,0.065198,0.109765,0.094737,0.082851,0.109889
0.039643,0.124421,0.397604,0.052974,0.024176,0.069959,0.057236,0.057696,0.093192,0.083098
0.067348,0.175542,0.185808,0.102262,0.091988,0.094969,0.116473,0.075349,0.050827,0.039434
0.020386,0.338042,0.037732,0.025053,0.166944,0.022606,0.321928,0.020044,0.014242,0.033023
0.058261,0.250048,0.083040,0.103098,0.086933,0.050418,0.083920,0.118826,0.085486,0.079971
0.043024,0.173556,0.025711,0.136816,0.071709,0.133575,0.111798,0.091386,0.082571,0.129853
0.058926,0.062139,0.223449,0.096360,0.083886,0.097472,0.094007,0.056811,0.123666,0.103284
0.064372,0.234567,0.259820,0.052483,0.095332,0.075930,0.073786,0.046839,0.061671,0.035200
0.062399,0.289157,0.087114,0.055236,0.071606,0.033663,0.124444,0.077713,0.081140,0.117528
0.037606,0.201616,0.029378,0.095174,0.059338,0.174110,0.150408,0.135356,0.047083,0.069930
0.030548,0.152751,0.056083,0.022709,0.567553,0.069493,0.029554,0.017518,0.028334,0.025456
0.062057,0.102876,0.050707,0.068734,0.365589,0.073956,0.063784,0.075926,0.074482,0.061888
0.064094,0.239506,0.193052,0.016070,0.097860,0.129368,0.182089,0.016931,0.037664,0.023366
0.036956,0.048000,0.280866,0.092559,0.085160,0.136517,0.141951,0.059519,0.051494,0.066978
0.042255,0.155460,0.049789,0.111607,0.040729,0.137723,0.203650,0.030030,0.146960,0.081796
0.035553,0.093536,0.314593,0.086188,0.077572,0.088043,0.101776,0.071727,0.065685,0.065329
0.062385,0.105010,0.217785,0.073447,0.088061,0.124667,0.097986,0.040882,0.079297,0.110479
0.161993,0.120035,0.083301,0.112144,0.107100,0.148691,0.107222,0.023595,0.096411,0.039509
0.069890,0.092482,0.066012,0.087796,0.045033,0.087397,0.081379,0.064123,0.286925,0.118963
0.061273,0.063309,0.084624,0.070325,0.047778,0.071007,0.328166,0.058563,0.111881,0.103075
