0.040198,0.264962,0.173995,0.048054,0.165197,0.104315,0.049343,0.034617,0.053218,0.066100
0.065412,0.300864,0.084028,0.086728,0.071866,0.091851,0.096405,0.093471,0.078895,0.030481
0.051568,0.220518,0.073246,0.084638,0.155421,0.049652,0.118249,0.137500,0.079187,0.030020
0.076297,0.123109,0.097654,0.095868,0.126024,0.119009,0.107327,0.082805,0.075035,0.096872
0.106883,0.257721,0.037229,0.076624,0.061989,0.106539,0.098984,0.029205,0.122759,0.102067
0.035949,0.370495,0.056425,0.033206,0.019734,0.050929,0.343928,0.028886,0.045764,0.014684
0.049997,0.238084,0.065312,0.039654,0.314290,0.095366,0.042880,0.053750,0.066300,0.034367
0.085539,0.172560,0.044851,0.080421,0.079101,0.162450,0.090163,0.095709,0.102300,0.086906
0.055474,0.102532,0.075420,0.129881,0.098098,0.107392,0.198769,0.079805,0.042172,0.110458
0.052221,0.135246,0.127617,0.117944,0.101818,0.040281,0.116387,0.097354,0.064472,0.146659
0.060707,0.087641,0.256214,0.073784,0.147583,0.093696,0.086335,0.043315,0.085153,0.065572
0.069339,0.127276,0.137344,0.117076,0.095842,0.049342,0.126433,0.112432,0.053214,0.111702
0.039875,0.299106,0.077542,0.060064,0.034624,0.031220,0.342751,0.035961,0.028986,0.049871
0.065808,0.211339,0.120161,0.091056,0.078320,0.087334,0.084754,0.072891,0.094213,0.094123
0.077820,0.075108,0.098325,0.114848,0.093419,0.111693,0.109844,0.114280,0.096258,0.108406
0.040239,0.112547,0.123588,0.078013,0.047847,0.103849,0.258331,0.084060,0.071712,0.079814
0.054743,0.276966,0.109445,0.093926,0.047890,0.087979,0.082429,0.094876,0.070378,0.081369
0.058025,0.347498,0.109902,0.072140,0.045966,0.047489,0.081689,0.060260,0.075525,0.101506
0.058743,0.065639,0.101897,0.087715,0.122901,0.060649,0.161076,0.146117,0.099490,0.095773
0.080608,0.273688,0.122079,0.076820,0.065494,0.032270,0.096889,0.100324,0.066915,0.084912
0.061846,0.276629,0.067402,0.065247,0.049425,0.053122,0.276544,0.036743,0.032415,0.080626
0.020829,0.097017,0.053427,0.090030,0.067555,0.188220,0.140763,0.130105,0.102504,0.109548
0.077120,0.112987,0.070483,0.093472,0.058163,0.099490,0.279131,0.028228,0.086356,0.094570
0.066848,0.059247,0.288868,0.067784,0.203198,0.088023,0.063010,0.047358,0.053834,0.061829
0.071211,0.147138,0.048417,0.122552,0.046277,0.036769,0.148564,0.175970,0.106219,0.096883
0.030962,0.093195,0.104620,0.128821,0.154634,0.064876,0.153660,0.026375,0.094547,0.148310
0.100719,0.040770,0.104722,0.077931,0.096747,0.084040,0.248041,0.054702,0.112756,0.079572
0.063003,0.112848,0.158619,0.104831,0.073378,0.110776,0.106930,0.080410,0.090069,0.099135
0.048962,0.300978,0.053876,0.098148,0.033446,0.126133,0.107409,0.078823,0.059931,0.092292
0.106599,0.326153,0.046131,0.020870,0.021562,0.016933,0.351405,0.025480,0.059893,0.024972
0.014527,0.297608,0.099643,0.067522,0.041541,0.087148,0.208002,0.055554,0.070866,0.057591
0.029630,0.256310,0.207259,0.070273,0.207367,0.059184,0.038425,0.046346,0.039107,0.046099
0.073930,0.263779,0.031363,0.111683,0.066460,0.084725,0.098413,0.026580,0.133170,0.109897
0.059225,0.088582,0.137449,0.125312,0.108008,0.032174,0.133318,0.100350,0.081834,0.133746
0.022251,0.055620,0.306821,0.047472,0.285159,0.083856,0.054099,0.064720,0.031918,0.048084
0.070526,0.081384,0.105562,0.090729,0.042654,0.073953,0.338306,0.024372,0.066090,0.106424
0.061693,0.252101,0.114386,0.113783,0.060664,0.041326,0.082466,0.097468,0.061495,0.114617
0.091306,0.125664,0.108956,0.121767,0.093332,0.039627,0.108218,0.093897,0.107692,0.109541
0.058850,0.067477,0.176606,0.089674,0.096269,0.115331,0.111161,0.103712,0.094806,0.086114
0.078886,0.111958,0.123383,0.062603,0.094914,0.124655,0.096596,0.107468,0.084920,0.114618
0.067944,0.116766,0.047268,0.104959,0.112418,0.173504,0.126606,0.107304,0.053793,0.089438
0.089378,0.052038,0.180469,0.040569,0.084367,0.092344,0.076650,0.071988,0.179411,0.132786
0.093628,0.119263,0.119201,0.060251,0.108891,0.097617,0.119061,0.025944,0.142988,0.113157
0.028578,0.252552,0.196372,0.080111,0.176157,0.052398,0.044147,0.076740,0.039023,0.053921
0.064235,0.093317,0.151748,0.070790,0.088524,0.039017,0.254072,0.104378,0.065913,0.068006
0.041265,0.059065,0.139072,0.081475,0.210178,0.135333,0.075410,0.098229,0.124833,0.035140
0.079196,0.363738,0.065644,0.065257,0.081933,0.087774,0.075556,0.041687,0.054421,0.084793
0.056599,0.037647,0.202152,0.044040,0.352277,0.074871,0.054911,0.060237,0.042276,0.074991
0.081019,0.131326,0.117835,0.096764,0.054407,0.122122,0.111742,0.085595,0.098462,0.100728
0.103380,0.274208,0.105462,0.079417,0.045004,0.092826,0.074358,0.048665,0.082819,0.093860
0.016415,0.288793,0.029106,0.018745,0.321289,0.046915,0.202305,0.040704,0.017885,0.017844
0.066230,0.090704,0.114312,0.104454,0.054013,0.076474,0.272544,0.064702,0.069738,0.086831
0.063524,0.104486,0.136944,0.096760,0.107070,0.102543,0.102292,0.093707,0.096018,0.096655
0.039092,0.129652,0.030561,0.151635,0.121459,0.200043,0.100003,0.096850,0.055029,0.075676
0.076536,0.106064,0.147095,0.064207,0.059320,0.119753,0.125730,0.083467,0.107958,0.109871
0.096097,0.093269,0.107515,0.095134,0.092493,0.106142,0.097801,0.114035,0.072571,0.124944
0.032098,0.105479,0.047848,0.136815,0.133294,0.136744,0.099031,0.126163,0.085263,0.097265
0.085535,0.264483,0.146571,0.099659,0.056542,0.032082,0.108248,0.083486,0.089308,0.034084
0.056689,0.262967,0.070143,0.042814,0.028924,0.050332,0.299935,0.031149,0.091502,0.065545
0.061532,0.109146,0.171505,0.103288,0.080670,0.107427,0.104825,0.094855,0.063374,0.103378
0.037467,0.056610,0.149485,0.078441,0.062463,0.144511,0.180629,0.091891,0.074937,0.123567
0.035934,0.070978,0.134142,0.091408,0.082094,0.099673,0.199428,0.078156,0.101572,0.106613
0.076912,0.102869,0.113548,0.106640,0.070759,0.111300,0.097359,0.082140,0.122051,0.116421
0.104001,0.129301,0.024190,0.108065,0.120692,0.129692,0.129631,0.087432,0.091985,0.075011
0.050153,0.070555,0.085041,0.103351,0.064067,0.113146,0.247144,0.086356,0.091762,0.088424
0.100286,0.122263,0.119769,0.093685,0.100332,0.100028,0.111077,0.088180,0.122905,0.041476
0.046220,0.045969,0.065614,0.050974,0.356463,0.092531,0.093102,0.071608,0.091376,0.086142
0.058535,0.139260,0.136856,0.120140,0.063326,0.027732,0.109402,0.128877,0.068065,0.147807
0.045574,0.116532,0.046570,0.116440,0.108162,0.168088,0.093380,0.075672,0.091707,0.137876
0.075909,0.380393,0.051703,0.047813,0.030720,0.034800,0.267431,0.041877,0.051723,0.017632
0.056469,0.268942,0.105787,0.087061,0.054375,0.049455,0.085995,0.055655,0.117715,0.118546
0.076961,0.052729,0.094694,0.057686,0.038372,0.091284,0.336239,0.046236,0.102006,0.103793
0.023816,0.035699,0.355622,0.031293,0.308342,0.089166,0.054547,0.040831,0.031433,0.029250
0.053814,0.281744,0.034596,0.087324,0.116172,0.025503,0.094522,0.139727,0.048132,0.118464
0.044100,0.219441,0.108274,0.038074,0.060834,0.120228,0.249035,0.053396,0.048734,0.057884
0.120867,0.350299,0.073968,0.061541,0.048170,0.080692,0.067590,0.025615,0.079449,0.091808
0.067929,0.272187,0.079805,0.073365,0.048687,0.078522,0.096496,0.102311,0.084941,0.095757
0.039072,0.051391,0.077654,0.055573,0.286467,0.082399,0.235543,0.065996,0.042732,0.063174
0.071084,0.247378,0.109665,0.095640,0.045743,0.076469,0.094890,0.069027,0.076903,0.113201
0.074531,0.310586,0.078795,0.033836,0.044338,0.077634,0.253212,0.043670,0.063196,0.020203
0.092386,0.065089,0.081245,0.099103,0.033456,0.054082,0.304837,0.070562,0.103968,0.095271
0.087320,0.101108,0.103643,0.101621,0.070987,0.102356,0.098961,0.123052,0.089270,0.121682
0.074734,0.121445,0.166604,0.112151,0.078532,0.138484,0.109257,0.086390,0.077584,0.034818
0.123810,0.068427,0.109763,0.047949,0.108227,0.081382,0.181452,0.090474,0.096404,0.092113
0.099541,0.194342,0.122567,0.084649,0.053176,0.100997,0.086832,0.101379,0.075674,0.080843
0.056001,0.122119,0.131102,0.113918,0.133377,0.133868,0.115098,0.023657,0.103235,0.067625
0.087772,0.112566,0.113643,0.117258,0.083835,0.118738,0.087143,0.095993,0.071790,0.111261
0.079657,0.061934,0.078081,0.050948,0.335640,0.100638,0.076633,0.070707,0.076361,0.069400
0.031735,0.030348,0.062654,0.054352,0.288224,0.072914,0.277904,0.058512,0.068695,0.054662
0.120370,0.066904,0.112137,0.053776,0.060964,0.098865,0.117604,0.098366,0.137238,0.133776
0.041890,0.222069,0.211035,0.051974,0.183695,0.065422,0.054025,0.055492,0.033853,0.080544
0.042820,0.113352,0.053583,0.071363,0.118891,0.161236,0.144550,0.119272,0.063299,0.111633
0.054880,0.087390,0.310375,0.055965,0.063401,0.072360,0.094963,0.119808,0.065644,0.075215
0.092510,0.111806,0.103852,0.117946,0.093290,0.120438,0.097472,0.086907,0.089956,0.085824
0.071896,0.177436,0.173867,0.124829,0.056445,0.103745,0.072866,0.113569,0.039703,0.065643
0.041666,0.133009,0.026523,0.167438,0.055519,0.182035,0.150771,0.107619,0.106562,0.028857
0.100177,0.149322,0.148734,0.122640,0.093005,0.053652,0.144277,0.029204,0.123971,0.035017
0.059757,0.089249,0.115546,0.089546,0.124338,0.095319,0.105859,0.111050,0.089996,0.119339
0.032684,0.122287,0.026046,0.130098,0.120586,0.137813,0.160108,0.087848,0.094951,0.087580
0.077555,0.120862,0.132324,0.107847,0.080127,0.113449,0.095303,0.076416,0.062130,0.133987
0.061197,0.106562,0.122651,0.127032,0.119505,0.051394,0.127463,0.028477,0.113474,0.142245
0.073510,0.094594,0.113341,0.112664,0.035885,0.090549,0.261817,0.070287,0.078668,0.068686
0.091923,0.116339,0.112770,0.091152,0.095256,0.120041,0.090865,0.098049,0.082041,0.101566
0.076975,0.195366,0.134216,0.067783,0.074954,0.083067,0.100697,0.064725,0.080402,0.121814
0.072591,0.334575,0.045188,0.035488,0.034337,0.018242,0.351672,0.030658,0.029764,0.047484
0.055403,0.108849,0.132825,0.137909,0.080335,0.048857,0.111133,0.122323,0.102708,0.099657
0.087804,0.093346,0.194000,0.105132,0.043616,0.084136,0.172838,0.067327,0.054601,0.097198
0.071309,0.226047,0.095104,0.099624,0.061895,0.098310,0.072314,0.088495,0.083673,0.103229
0.045344,0.121444,0.043791,0.100696,0.112242,0.149503,0.128144,0.096710,0.079589,0.122538
0.079223,0.090404,0.038839,0.062668,0.065940,0.123805,0.262697,0.036325,0.138963,0.101135
0.073495,0.107332,0.115020,0.112434,0.050702,0.113346,0.107152,0.085833,0.123034,0.111651
0.074898,0.042222,0.084546,0.099361,0.057032,0.097317,0.284490,0.071040,0.082978,0.106117
0.072232,0.086358,0.106355,0.072924,0.101948,0.141619,0.122352,0.099793,0.082920,0.113500
0.069537,0.107862,0.119261,0.108413,0.100758,0.040275,0.110605,0.136726,0.100630,0.105933
0.060107,0.261733,0.072353,0.035358,0.045187,0.058457,0.295858,0.061228,0.059183,0.050537
0.045923,0.073442,0.214190,0.101396,0.072095,0.200136,0.068465,0.054240,0.062812,0.107300
0.054846,0.127214,0.097126,0.127235,0.080122,0.122762,0.113187,0.111813,0.086971,0.078724
0.069095,0.118797,0.028298,0.104400,0.049468,0.129803,0.190711,0.108211,0.095785,0.105431
0.040727,0.061924,0.149366,0.094698,0.178021,0.083400,0.235687,0.037513,0.047388,0.071276
0.083944,0.102848,0.100933,0.089094,0.055711,0.050076,0.274475,0.074703,0.066700,0.101514
0.098619,0.128284,0.098938,0.115440,0.092023,0.109556,0.131332,0.023907,0.094787,0.107115
0.076875,0.080200,0.095637,0.035606,0.030675,0.091435,0.332607,0.066713,0.106234,0.084018
0.084886,0.072728,0.190926,0.095980,0.075590,0.111140,0.162115,0.063700,0.054785,0.088151
0.043217,0.281626,0.068297,0.045466,0.025315,0.057455,0.350333,0.039437,0.049518,0.039335
0.046935,0.105508,0.032965,0.109811,0.068404,0.147999,0.202913,0.079024,0.060222,0.146218
0.042688,0.026714,0.239886,0.036335,0.223664,0.056397,0.211450,0.073895,0.057442,0.031528
0.057545,0.084918,0.159609,0.077101,0.112987,0.114707,0.098988,0.113373,0.091558,0.089213
0.048758,0.077395,0.211615,0.111807,0.040090,0.104538,0.139950,0.056988,0.087420,0.121438
0.045452,0.389992,0.037820,0.029285,0.017125,0.040411,0.301846,0.026954,0.057795,0.053320
0.044115,0.268005,0.017789,0.064707,0.022592,0.018816,0.330149,0.084786,0.033223,0.115818
0.041083,0.037374,0.166559,0.051712,0.338925,0.094616,0.067938,0.077930,0.052002,0.071861
0.054110,0.067922,0.263860,0.086676,0.088738,0.108475,0.081277,0.073580,0.052632,0.122730
0.073758,0.166985,0.166083,0.078340,0.036122,0.113381,0.106996,0.113031,0.074239,0.071065
0.068683,0.097725,0.119461,0.070581,0.065976,0.077796,0.257869,0.069026,0.082516,0.090366
0.073430,0.096602,0.108628,0.139143,0.057651,0.135240,0.112662,0.023195,0.111287,0.142162
0.024959,0.040370,0.050761,0.030040,0.302758,0.058840,0.362325,0.045509,0.053409,0.031029
0.069835,0.051851,0.078490,0.027407,0.185492,0.050848,0.412151,0.052159,0.050397,0.021370
0.025796,0.048123,0.130191,0.039049,0.236306,0.063453,0.301129,0.053212,0.023734,0.079007
0.068017,0.125743,0.040215,0.176563,0.036693,0.038789,0.139466,0.137708,0.107021,0.129785
0.053658,0.055856,0.102158,0.096971,0.091801,0.077148,0.274895,0.073878,0.073281,0.100354
0.053678,0.216721,0.116454,0.046263,0.028291,0.119577,0.259777,0.027135,0.086363,0.045741
0.047395,0.268542,0.162990,0.076547,0.072047,0.097016,0.096568,0.031278,0.072789,0.074828
0.074579,0.184530,0.052998,0.131230,0.085189,0.128795,0.103396,0.074172,0.079877,0.085234
0.055474,0.196657,0.031787,0.140352,0.074164,0.117436,0.087239,0.113422,0.098721,0.084748
0.077720,0.267611,0.123156,0.112580,0.052312,0.076994,0.086962,0.051667,0.057679,0.093319
0.042778,0.142780,0.059357,0.113146,0.094349,0.154082,0.115163,0.026337,0.115032,0.136977
0.048012,0.089448,0.293988,0.073552,0.041483,0.105380,0.098780,0.080503,0.094565,0.074290
0.151106,0.299256,0.081494,0.098118,0.061941,0.077611,0.091862,0.024862,0.087064,0.026686
0.042749,0.096507,0.172334,0.080498,0.126538,0.128497,0.102724,0.103440,0.073568,0.073144
0.051128,0.124112,0.076617,0.110030,0.072512,0.133106,0.245267,0.078029,0.055297,0.053900
0.103271,0.096979,0.075073,0.060205,0.056110,0.081316,0.363142,0.075756,0.046064,0.042084
0.042353,0.181046,0.267442,0.028302,0.263723,0.096700,0.032585,0.040817,0.031928,0.015106
0.096972,0.114249,0.122389,0.119293,0.063307,0.084879,0.099681,0.112501,0.069401,0.117326
0.072353,0.094540,0.078041,0.099092,0.038312,0.032375,0.281761,0.083513,0.122108,0.097906
0.040689,0.204690,0.046953,0.024224,0.407643,0.074284,0.029289,0.067854,0.076141,0.028233
0.035824,0.309171,0.155680,0.029522,0.152180,0.044174,0.151756,0.038900,0.024554,0.058239
0.041473,0.241052,0.055537,0.082696,0.039980,0.138834,0.114275,0.077768,0.090653,0.117732
0.053452,0.058038,0.068904,0.097696,0.243218,0.068680,0.285324,0.060023,0.046619,0.018046
0.064109,0.052672,0.119486,0.123499,0.095146,0.027814,0.248881,0.088317,0.079268,0.100809
0.037097,0.129862,0.044358,0.106452,0.049416,0.142312,0.125077,0.108521,0.112410,0.144496
0.050204,0.131126,0.045234,0.108013,0.122481,0.170973,0.138357,0.102611,0.102802,0.028200
0.085602,0.141686,0.155207,0.130859,0.108679,0.042667,0.121207,0.096755,0.080877,0.036461
0.060015,0.062312,0.258575,0.045057,0.178777,0.176124,0.050220,0.057288,0.055309,0.056322
0.067815,0.082428,0.333965,0.056309,0.092106,0.079286,0.087306,0.071850,0.049463,0.079473
0.024047,0.043799,0.087650,0.027285,0.305397,0.087844,0.267809,0.070530,0.042668,0.042970
0.062291,0.088833,0.277020,0.076253,0.085299,0.086742,0.095074,0.068224,0.068652,0.091613
0.073425,0.049709,0.070805,0.096678,0.333632,0.087765,0.073010,0.100433,0.045776,0.068767
0.046138,0.053714,0.287023,0.034235,0.217428,0.142491,0.061527,0.073593,0.044553,0.039298
0.083651,0.297086,0.047364,0.035294,0.036890,0.017490,0.352533,0.057816,0.047428,0.024449
0.049403,0.334731,0.036269,0.043796,0.021960,0.032308,0.360195,0.031466,0.031475,0.058398
0.069845,0.114712,0.096663,0.136388,0.099079,0.029640,0.125229,0.130596,0.097651,0.100197
0.054792,0.115571,0.121808,0.110913,0.069804,0.041027,0.115622,0.118284,0.116476,0.135703
0.089020,0.124009,0.099517,0.115691,0.093346,0.135441,0.117237,0.022292,0.084599,0.118848
0.052979,0.045167,0.161033,0.090989,0.370251,0.075422,0.066894,0.034179,0.032706,0.070380
0.031352,0.249168,0.029729,0.032744,0.292956,0.051117,0.232921,0.020723,0.019851,0.039439
0.015376,0.189452,0.021645,0.124896,0.131995,0.134414,0.095491,0.110582,0.070867,0.105284
0.020285,0.090435,0.320859,0.119186,0.033409,0.077348,0.095665,0.122623,0.049453,0.070737
0.078822,0.160713,0.066628,0.138049,0.058820,0.050736,0.196486,0.027878,0.077389,0.144480
0.042555,0.041183,0.285231,0.069618,0.144820,0.166233,0.061621,0.045959,0.060880,0.081899
0.081955,0.104992,0.121910,0.090159,0.068996,0.084508,0.217465,0.063348,0.072506,0.094161
0.067623,0.093629,0.114547,0.038654,0.052643,0.084114,0.328925,0.080664,0.048031,0.091170
0.066603,0.119943,0.133655,0.140386,0.111965,0.040129,0.102737,0.113491,0.080408,0.090682
0.045456,0.058801,0.097170,0.060388,0.407042,0.105227,0.059550,0.034948,0.083446,0.047971
0.033717,0.075112,0.360109,0.082480,0.058541,0.088622,0.079668,0.053941,0.063956,0.103852
0.075139,0.083824,0.167120,0.096914,0.082531,0.105771,0.117100,0.096935,0.076402,0.098263
0.056252,0.099570,0.112023,0.066880,0.055875,0.086924,0.279127,0.058094,0.078005,0.107250
0.047715,0.041781,0.094452,0.062353,0.454299,0.077582,0.059855,0.040557,0.055537,0.065870
0.087837,0.316570,0.066093,0.079100,0.074539,0.044862,0.083470,0.065301,0.101239,0.080990
0.056926,0.115799,0.108053,0.117871,0.124672,0.110098,0.104402,0.119233,0.078227,0.064719
0.059523,0.153265,0.114992,0.112760,0.087690,0.035403,0.147233,0.119189,0.075817,0.094130
0.094835,0.058432,0.135132,0.072197,0.070986,0.040506,0.298541,0.029615,0.103655,0.096100
0.025053,0.061222,0.050357,0.165471,0.094706,0.029370,0.346616,0.128816,0.077897,0.020493
0.039602,0.053681,0.060465,0.041604,0.500432,0.094018,0.052860,0.057417,0.034157,0.065762
0.037930,0.071888,0.163082,0.122539,0.118574,0.101175,0.143874,0.109419,0.036517,0.095002
0.106325,0.280503,0.049560,0.052469,0.025360,0.040541,0.292494,0.037368,0.064036,0.051346
0.079769,0.305437,0.112267,0.046606,0.036232,0.073042,0.043845,0.091082,0.150098,0.061622
0.059066,0.093929,0.247922,0.119636,0.063739,0.106871,0.152409,0.052557,0.061114,0.042756
0.062905,0.131810,0.062636,0.087757,0.143712,0.168276,0.154763,0.089538,0.066219,0.032383
0.097148,0.090879,0.130194,0.114525,0.103240,0.086550,0.114946,0.107662,0.059717,0.095139
0.068576,0.194929,0.079004,0.149747,0.146372,0.046000,0.112432,0.096997,0.043917,0.062027
0.060061,0.074175,0.032836,0.162192,0.101898,0.156653,0.133325,0.109162,0.047091,0.122609
0.088517,0.050021,0.106547,0.030030,0.385220,0.112194,0.052349,0.066459,0.039095,0.069568
0.058143,0.037588,0.162019,0.065596,0.291899,0.104273,0.087091,0.061636,0.071424,0.060332
0.067797,0.091619,0.291647,0.041032,0.083085,0.142493,0.088838,0.060359,0.044755,0.088377
0.059820,0.093147,0.047605,0.095642,0.056295,0.165597,0.145868,0.145898,0.085802,0.104328
0.048030,0.085800,0.252719,0.086338,0.064605,0.119414,0.099180,0.101340,0.095327,0.047247
0.074867,0.080641,0.082141,0.061839,0.064467,0.090595,0.327438,0.031186,0.094887,0.091939
0.035592,0.152987,0.266429,0.024377,0.286390,0.064808,0.042706,0.049414,0.042583,0.034713
0.063151,0.116093,0.098405,0.129477,0.073740,0.128132,0.103246,0.088176,0.088408,0.111172
0.063869,0.275332,0.077190,0.053952,0.050134,0.057409,0.301386,0.040800,0.041913,0.038015
0.087536,0.073623,0.146033,0.106778,0.126290,0.121883,0.111001,0.090832,0.067229,0.068795
0.088479,0.107719,0.118477,0.107599,0.118813,0.104623,0.103479,0.076836,0.081879,0.092095
0.054085,0.096581,0.108753,0.069814,0.054974,0.090244,0.300624,0.063560,0.064853,0.096514
0.056389,0.102629,0.036049,0.095927,0.140353,0.146104,0.118086,0.112161,0.101407,0.090896
0.093151,0.071567,0.077698,0.066382,0.101380,0.100463,0.276273,0.083842,0.059031,0.070214
0.051127,0.112615,0.032080,0.100497,0.099642,0.132390,0.178386,0.126679,0.068110,0.098475
0.097846,0.095475,0.161760,0.094263,0.077963,0.104617,0.096015,0.066983,0.091021,0.114058
0.072890,0.091829,0.172763,0.065831,0.083895,0.108584,0.143479,0.103401,0.057177,0.100152
0.043550,0.353286,0.113787,0.042071,0.189626,0.052944,0.037308,0.074509,0.070457,0.022462
0.043727,0.150976,0.188023,0.086262,0.096881,0.122092,0.095583,0.096988,0.051120,0.068348
0.057017,0.116252,0.136393,0.125415,0.081791,0.043143,0.111645,0.131749,0.067098,0.129497
0.089725,0.123244,0.122564,0.097327,0.050740,0.110838,0.107354,0.087736,0.103913,0.106559
0.069868,0.321216,0.046135,0.031277,0.019427,0.019153,0.349118,0.050059,0.045646,0.048102
0.048228,0.080716,0.305141,0.102848,0.037874,0.061712,0.107430,0.110568,0.045669,0.099814
0.062215,0.112876,0.102110,0.070952,0.132241,0.121086,0.109736,0.092412,0.084119,0.112254
0.075390,0.097273,0.153803,0.094648,0.079966,0.106250,0.104937,0.069509,0.091344,0.126881
0.028428,0.097003,0.275447,0.038365,0.086898,0.111426,0.082547,0.103452,0.094780,0.081653
0.088205,0.116954,0.108983,0.138692,0.075887,0.124205,0.115358,0.021255,0.091877,0.118585
0.035576,0.038047,0.195123,0.045939,0.306158,0.126534,0.055909,0.065136,0.051603,0.079976
0.121134,0.094135,0.077123,0.152800,0.049095,0.123276,0.148793,0.025700,0.093125,0.114819
0.074086,0.110584,0.026301,0.118338,0.089959,0.162720,0.161293,0.107414,0.059217,0.090087
0.095199,0.219114,0.051436,0.107339,0.088942,0.040762,0.113816,0.035077,0.104061,0.144253
0.042966,0.347536,0.034669,0.043475,0.019628,0.031564,0.347495,0.028956,0.086086,0.017624
0.100533,0.099466,0.058678,0.122521,0.085539,0.144882,0.122409,0.034052,0.087383,0.144537
0.024958,0.123096,0.209954,0.109242,0.038287,0.118344,0.096465,0.074394,0.110195,0.095065
0.046286,0.172742,0.162552,0.051093,0.120373,0.138429,0.082913,0.091870,0.050832,0.082911
0.027661,0.144712,0.033374,0.121831,0.142127,0.035788,0.169559,0.142419,0.056975,0.125553
0.039828,0.118203,0.048426,0.150281,0.118344,0.165405,0.135890,0.106999,0.050008,0.066617
0.057312,0.119794,0.097114,0.126576,0.068983,0.119680,0.107046,0.112339,0.081903,0.109253
0.048637,0.170847,0.179989,0.086934,0.046075,0.130458,0.104267,0.063943,0.076656,0.092194
0.095473,0.202669,0.095557,0.109713,0.059302,0.089498,0.097877,0.112520,0.099450,0.037939
0.017340,0.037706,0.064201,0.031062,0.330266,0.100192,0.268069,0.066118,0.070678,0.014368
0.027919,0.050545,0.228821,0.062897,0.298050,0.074228,0.135866,0.063958,0.041261,0.016455
0.044349,0.111205,0.045364,0.147358,0.089141,0.167193,0.145835,0.117354,0.050870,0.081331
0.034517,0.219633,0.142057,0.051568,0.074459,0.098335,0.099757,0.073511,0.098293,0.107869
0.085108,0.099344,0.090750,0.098125,0.064399,0.121939,0.108099,0.088002,0.129322,0.114912
0.021690,0.151434,0.050404,0.176275,0.046144,0.039322,0.162835,0.095496,0.079458,0.176943
0.114195,0.051547,0.064969,0.126522,0.043306,0.083959,0.095142,0.089358,0.195710,0.135292
0.079522,0.093840,0.079311,0.084893,0.055520,0.094262,0.321293,0.027866,0.059145,0.104348
0.071434,0.049439,0.041185,0.054587,0.038391,0.045667,0.499632,0.083699,0.064219,0.051747
0.106700,0.174655,0.061379,0.128878,0.069195,0.101349,0.103209,0.031676,0.100509,0.122451
0.072903,0.104998,0.106045,0.071866,0.103706,0.106997,0.225876,0.057490,0.058412,0.091708
0.077973,0.085167,0.070875,0.123529,0.099710,0.145225,0.120515,0.026845,0.111800,0.138361
0.062267,0.228274,0.027253,0.095662,0.121676,0.111055,0.114622,0.072784,0.075252,0.091155
0.066577,0.060366,0.192787,0.130990,0.100512,0.111757,0.122680,0.026304,0.082983,0.105044
0.081559,0.216057,0.086195,0.081782,0.052455,0.101547,0.094224,0.094796,0.086945,0.104440
0.061640,0.120852,0.114002,0.116943,0.067506,0.114958,0.120953,0.102685,0.068657,0.111804
0.042526,0.340835,0.069808,0.019077,0.036419,0.046171,0.319296,0.036242,0.048381,0.041245
0.088931,0.209635,0.035652,0.086182,0.073402,0.121736,0.110247,0.091759,0.090361,0.092093
0.068049,0.109578,0.117294,0.123040,0.064738,0.119787,0.107968,0.121063,0.095379,0.073105
0.042896,0.333393,0.041695,0.057983,0.035529,0.043529,0.353504,0.026349,0.047505,0.017615
0.058712,0.109563,0.105057,0.137393,0.090635,0.041570,0.119808,0.124489,0.104772,0.108002
0.075052,0.327655,0.094707,0.068426,0.030739,0.074195,0.065884,0.076863,0.085520,0.100961
0.091087,0.084132,0.074577,0.091620,0.053435,0.086684,0.282663,0.080288,0.053993,0.101519
0.076621,0.289617,0.044446,0.061912,0.019245,0.015402,0.348902,0.052098,0.046614,0.045143
0.063067,0.127855,0.025907,0.150369,0.110145,0.126731,0.140530,0.123850,0.048915,0.082632
0.055841,0.126419,0.062414,0.153924,0.092251,0.132861,0.150560,0.024182,0.078465,0.123083
0.075379,0.059580,0.176223,0.055011,0.038839,0.137037,0.230619,0.063803,0.097823,0.065686
0.077933,0.054232,0.231926,0.043476,0.245526,0.056674,0.064289,0.095277,0.069327,0.061338
0.111907,0.106174,0.104402,0.098045,0.077359,0.091692,0.101739,0.084212,0.123219,0.101252
0.058772,0.114327,0.151367,0.103385,0.069226,0.127586,0.114344,0.088077,0.095058,0.077858
0.050087,0.104527,0.270676,0.089576,0.102793,0.091227,0.092544,0.091338,0.075130,0.032102
0.090078,0.116289,0.145061,0.123596,0.098143,0.108587,0.102858,0.080708,0.073635,0.061045
0.035057,0.052077,0.057066,0.035456,0.469325,0.092331,0.055916,0.054540,0.071065,0.077166
0.021489,0.192381,0.062169,0.103219,0.126114,0.045175,0.154987,0.112828,0.072998,0.108641
0.067783,0.053762,0.076427,0.038127,0.526710,0.072713,0.048892,0.033478,0.039099,0.043011
0.029886,0.128427,0.104497,0.075576,0.147993,0.032325,0.130306,0.129347,0.109783,0.111859
0.040214,0.041075,0.127456,0.036732,0.260261,0.057571,0.283913,0.069722,0.040079,0.042978
0.042973,0.345948,0.055541,0.021028,0.341006,0.065715,0.028463,0.043619,0.027648,0.028059
0.044083,0.070075,0.119967,0.098273,0.043586,0.113087,0.236432,0.090559,0.065228,0.118710
0.061306,0.104964,0.053313,0.108874,0.146830,0.038282,0.112954,0.136785,0.072281,0.164410
0.053539,0.042988,0.059589,0.044654,0.256659,0.066122,0.327370,0.077216,0.035624,0.036239
0.068463,0.099224,0.037096,0.127688,0.082934,0.041960,0.241796,0.074635,0.071048,0.155155
0.072946,0.209410,0.112078,0.087062,0.081611,0.078025,0.074166,0.086625,0.086769,0.111308
0.043066,0.286386,0.089365,0.119116,0.054879,0.115426,0.088253,0.070219,0.081749,0.051542
0.067354,0.222808,0.135647,0.110302,0.047187,0.122732,0.083189,0.101470,0.043919,0.065392
0.065335,0.096849,0.114410,0.106144,0.047127,0.088329,0.262820,0.062771,0.059302,0.096911
0.047213,0.113612,0.192137,0.115204,0.077113,0.134096,0.092841,0.097353,0.056841,0.073591
0.036934,0.122171,0.023816,0.105273,0.043920,0.140423,0.236855,0.095442,0.060193,0.134972
0.120187,0.194878,0.122071,0.074352,0.078058,0.108504,0.096658,0.048935,0.092567,0.063790
0.091221,0.108776,0.105394,0.097438,0.083001,0.113383,0.127307,0.026354,0.111113,0.136013
0.021617,0.263428,0.056632,0.017944,0.349804,0.061101,0.036796,0.088934,0.077470,0.026274
0.083768,0.077381,0.111828,0.101794,0.062722,0.084610,0.253620,0.072133,0.060062,0.092082
0.073553,0.121300,0.139218,0.097356,0.091390,0.134733,0.111659,0.088978,0.068046,0.073767
0.067502,0.307295,0.042759,0.072077,0.027591,0.073494,0.252767,0.034865,0.073093,0.048558
0.043188,0.183756,0.174767,0.048374,0.063065,0.185985,0.045954,0.054654,0.107702,0.092555
0.043112,0.076257,0.185027,0.060900,0.298528,0.107095,0.103127,0.049319,0.053277,0.023357
0.037153,0.048737,0.051204,0.037770,0.487441,0.079296,0.045108,0.074366,0.072890,0.066035
0.017282,0.050494,0.368032,0.040172,0.213233,0.089715,0.070968,0.051710,0.041477,0.056917
0.057450,0.120994,0.114589,0.112240,0.083352,0.097146,0.110559,0.117684,0.091662,0.094323
0.072950,0.107735,0.108741,0.108897,0.054518,0.106815,0.120516,0.128750,0.075509,0.115567
0.072907,0.134543,0.107251,0.111600,0.082861,0.153560,0.112477,0.119916,0.067279,0.037605
0.083005,0.126754,0.201208,0.104015,0.090478,0.113502,0.108073,0.051993,0.087569,0.033404
0.072263,0.037095,0.190806,0.093043,0.074607,0.146476,0.177048,0.065076,0.062840,0.080746
0.060948,0.113084,0.099719,0.127928,0.087539,0.099390,0.109323,0.087604,0.102872,0.111593
0.042420,0.104502,0.030579,0.128696,0.102432,0.113896,0.252530,0.078527,0.048219,0.098199
0.051343,0.082313,0.023849,0.158491,0.107747,0.173874,0.120646,0.097156,0.100700,0.083881
0.072767,0.165685,0.149777,0.086078,0.082887,0.104472,0.112258,0.074436,0.082506,0.069134
0.061965,0.118055,0.118296,0.101184,0.073313,0.122822,0.114721,0.107115,0.087428,0.095101
0.043387,0.066731,0.280671,0.058575,0.172710,0.146711,0.077757,0.042874,0.060073,0.050511
0.060359,0.281121,0.075885,0.100810,0.037283,0.107646,0.081022,0.072194,0.074414,0.109265
0.072314,0.074299,0.095708,0.065665,0.050799,0.088268,0.302828,0.060869,0.102088,0.087163
0.029705,0.239961,0.211418,0.061812,0.179127,0.072050,0.069117,0.037044,0.030225,0.069541
0.052112,0.124054,0.110206,0.127452,0.108943,0.042193,0.141766,0.144543,0.064838,0.083893
0.120092,0.121508,0.087018,0.111648,0.068465,0.038690,0.208212,0.081735,0.066277,0.096354
0.107097,0.071656,0.108765,0.034038,0.286482,0.110987,0.073395,0.044302,0.079720,0.083557
0.034723,0.113368,0.197349,0.066279,0.075590,0.135850,0.109392,0.112349,0.083149,0.071950
0.060663,0.110830,0.103898,0.099867,0.106959,0.106816,0.115114,0.093402,0.102558,0.099892
0.076120,0.109385,0.112566,0.097182,0.081784,0.123184,0.104408,0.093238,0.083341,0.118792
0.057279,0.112924,0.119647,0.107067,0.066296,0.117150,0.102385,0.123936,0.117826,0.075488
0.055069,0.206245,0.138748,0.056535,0.064671,0.099241,0.095110,0.108485,0.052025,0.123871
0.029051,0.157816,0.037416,0.173672,0.128564,0.041187,0.171026,0.085601,0.104385,0.071283
0.068207,0.104245,0.102053,0.099834,0.062009,0.123374,0.112650,0.121969,0.095383,0.110277
0.029254,0.125536,0.248179,0.081575,0.048729,0.133870,0.073853,0.066359,0.089010,0.103635
0.053052,0.123756,0.100211,0.129441,0.062043,0.117069,0.099461,0.126077,0.097514,0.091376
0.068571,0.207723,0.134395,0.058342,0.079396,0.091373,0.091429,0.105643,0.079389,0.083738
0.089822,0.045986,0.116548,0.070791,0.078926,0.103935,0.242271,0.068564,0.067363,0.115794
0.053076,0.119081,0.195119,0.098445,0.051665,0.135684,0.103705,0.071375,0.035275,0.136575
0.081464,0.135911,0.033275,0.139653,0.095260,0.140768,0.115266,0.023655,0.115654,0.119095
0.075356,0.138081,0.052781,0.068181,0.055936,0.147640,0.171391,0.115957,0.069881,0.104797
0.065214,0.249198,0.121221,0.124823,0.065293,0.034388,0.095347,0.082483,0.074373,0.087658
0.063451,0.092808,0.131110,0.105385,0.052282,0.029945,0.259593,0.083923,0.070573,0.110929
0.029810,0.342995,0.062333,0.046461,0.031867,0.028890,0.356542,0.032973,0.029713,0.038416
0.072883,0.249031,0.101793,0.114038,0.063355,0.035261,0.086313,0.105666,0.079515,0.092146
0.062431,0.130431,0.098058,0.100173,0.063195,0.142800,0.113313,0.088794,0.097333,0.103473
0.063482,0.111908,0.129020,0.151011,0.104863,0.042867,0.138272,0.023510,0.112108,0.122959
0.064205,0.119723,0.121301,0.092939,0.058258,0.119117,0.106732,0.125035,0.085153,0.107536
0.090365,0.125862,0.093664,0.108695,0.091903,0.052043,0.104407,0.127319,0.112416,0.093325
0.048108,0.240469,0.049034,0.097359,0.067438,0.123062,0.109504,0.116673,0.068394,0.079957
0.112986,0.083136,0.063879,0.110871,0.042706,0.096482,0.104294,0.085585,0.192979,0.107082
0.046739,0.050282,0.302109,0.036901,0.268341,0.065982,0.050058,0.088237,0.052350,0.039001
0.043610,0.146345,0.031776,0.097926,0.113205,0.134701,0.135324,0.139136,0.060410,0.097567
0.024128,0.067154,0.299289,0.060101,0.125120,0.125850,0.061447,0.094564,0.084751,0.057596
0.095592,0.118098,0.074632,0.090523,0.051782,0.134033,0.119928,0.079263,0.196760,0.039390
0.043583,0.087645,0.266430,0.054184,0.108142,0.062164,0.166755,0.097663,0.056316,0.057118
0.055525,0.324047,0.071036,0.105041,0.099710,0.022106,0.077354,0.076993,0.066931,0.101256
0.048488,0.044098,0.070027,0.034651,0.473262,0.126857,0.041236,0.068290,0.044958,0.048134
0.042125,0.139770,0.054862,0.103655,0.122478,0.037864,0.231753,0.118564,0.123478,0.025451
0.046872,0.035017,0.072777,0.045913,0.454622,0.114836,0.047882,0.069700,0.059962,0.052419
0.096950,0.104244,0.151760,0.095707,0.065013,0.106827,0.107912,0.084700,0.077629,0.109258
0.107448,0.082166,0.122715,0.123279,0.096768,0.032334,0.113101,0.126462,0.068350,0.127376
0.097119,0.134335,0.051425,0.114524,0.157690,0.046464,0.122921,0.025522,0.152276,0.097725
0.062945,0.087809,0.133956,0.087852,0.073340,0.137937,0.135461,0.132271,0.105627,0.042801
0.044166,0.313536,0.070111,0.037623,0.265092,0.070030,0.050489,0.051889,0.051455,0.045610
0.063716,0.152903,0.037258,0.176243,0.059276,0.171230,0.140348,0.027880,0.067654,0.103492
0.085118,0.120059,0.081544,0.107991,0.081973,0.107959,0.087391,0.088737,0.108733,0.130494
0.048378,0.119894,0.046790,0.131427,0.092025,0.163573,0.117887,0.122600,0.097247,0.060179
0.068903,0.105369,0.033223,0.081063,0.105088,0.037424,0.323940,0.085989,0.078105,0.080897
0.035652,0.316713,0.067074,0.039082,0.265659,0.076783,0.063210,0.050315,0.052216,0.033294
0.067019,0.191441,0.146657,0.061185,0.022588,0.073238,0.242655,0.058987,0.066928,0.069302
0.029603,0.123442,0.144898,0.085428,0.103661,0.032016,0.136841,0.124300,0.112806,0.107005
0.073305,0.085937,0.108251,0.072724,0.051269,0.094715,0.268947,0.051264,0.086309,0.107279
0.045240,0.221014,0.117315,0.074025,0.074128,0.075572,0.096867,0.101538,0.086023,0.108279
0.146950,0.091719,0.110075,0.037007,0.039152,0.075562,0.267000,0.046887,0.076348,0.109300
0.078939,0.055655,0.153004,0.121059,0.062012,0.103486,0.233251,0.066382,0.072435,0.053778
0.092299,0.103824,0.161818,0.090003,0.067396,0.112747,0.098109,0.075254,0.071729,0.126820
0.064801,0.042271,0.213841,0.097481,0.105983,0.162471,0.125530,0.071334,0.053923,0.062364
0.090145,0.098200,0.051113,0.087366,0.061283,0.102540,0.286186,0.027228,0.090283,0.105655
0.077940,0.059189,0.090018,0.080907,0.050351,0.060036,0.385450,0.051997,0.060699,0.083414
0.104163,0.325975,0.043045,0.046488,0.024156,0.032441,0.343975,0.039375,0.024758,0.015624
0.036431,0.255012,0.146425,0.038294,0.282675,0.060803,0.041816,0.057413,0.041826,0.039304
0.022188,0.222194,0.051935,0.077019,0.173267,0.042372,0.098498,0.128886,0.102911,0.080730
0.076590,0.110049,0.114825,0.057658,0.062259,0.057033,0.274955,0.054382,0.090810,0.101439
0.060042,0.120800,0.060628,0.122097,0.092224,0.147583,0.129096,0.132691,0.031248,0.103589
0.074483,0.124240,0.023452,0.103984,0.153352,0.135180,0.133408,0.095561,0.057992,0.098348
0.058125,0.105401,0.185031,0.065063,0.090803,0.112171,0.103834,0.134241,0.058842,0.086488
0.017497,0.361715,0.077309,0.068669,0.027441,0.023885,0.303665,0.037341,0.031134,0.051344
0.059935,0.336166,0.113260,0.091611,0.082436,0.061296,0.078270,0.029142,0.058902,0.088983
0.051397,0.049639,0.179689,0.092825,0.086171,0.150399,0.128702,0.111018,0.056505,0.093656
0.050528,0.061569,0.136852,0.087882,0.055585,0.097021,0.220330,0.115261,0.082618,0.092354
0.083089,0.067083,0.211941,0.097380,0.075892,0.090854,0.155660,0.061709,0.071520,0.084872
0.028306,0.194928,0.032806,0.094524,0.127785,0.034151,0.125097,0.140765,0.094504,0.127134
0.083190,0.088186,0.086623,0.104986,0.048779,0.029115,0.229334,0.093213,0.136196,0.100378
0.120737,0.224228,0.028337,0.084464,0.117700,0.031152,0.113551,0.103209,0.092417,0.084205
0.072169,0.081047,0.097837,0.068354,0.075473,0.090202,0.256159,0.093353,0.086799,0.078607
0.089489,0.303430,0.098653,0.092136,0.088512,0.088245,0.063417,0.067290,0.074481,0.034346
0.044318,0.066144,0.162572,0.048955,0.344449,0.095713,0.082556,0.038264,0.056862,0.060167
0.093880,0.079424,0.164748,0.103031,0.100250,0.106934,0.116242,0.047989,0.079863,0.107637
0.051117,0.095689,0.026732,0.119128,0.110065,0.152416,0.157974,0.115411,0.090715,0.080754
0.110210,0.115993,0.023026,0.110862,0.037016,0.169564,0.123602,0.090172,0.100781,0.118774
0.046138,0.183792,0.064546,0.141672,0.093396,0.037938,0.146984,0.164111,0.095154,0.026271
0.150427,0.056227,0.115099,0.085185,0.073341,0.065670,0.269658,0.072206,0.076317,0.035869
0.040274,0.082631,0.362679,0.051619,0.029649,0.074063,0.129689,0.113732,0.048878,0.066786
0.042534,0.295121,0.144577,0.035808,0.318339,0.058564,0.030170,0.040838,0.022918,0.011132
0.109238,0.087240,0.194875,0.075367,0.086590,0.106824,0.209810,0.052727,0.052399,0.024931
0.113892,0.128573,0.025416,0.154497,0.047492,0.145277,0.162874,0.139948,0.055593,0.026438
0.048769,0.052981,0.165300,0.088424,0.332098,0.069451,0.070348,0.087549,0.031961,0.053120
0.036620,0.080828,0.151332,0.101167,0.119229,0.121868,0.113139,0.080263,0.090932,0.104622
0.045342,0.041088,0.155769,0.062264,0.218291,0.093265,0.205436,0.044092,0.062174,0.072280
0.073087,0.091493,0.108358,0.098409,0.058178,0.099372,0.251153,0.054314,0.055187,0.110451
0.028121,0.417194,0.044428,0.026220,0.288844,0.063118,0.043115,0.022563,0.028253,0.038143
0.061769,0.128724,0.142159,0.098956,0.142851,0.036132,0.120537,0.126924,0.038010,0.103939
0.113407,0.126289,0.103183,0.132439,0.084609,0.044801,0.134319,0.109574,0.031753,0.119627
0.064392,0.109547,0.092643,0.096270,0.123841,0.109469,0.110028,0.119708,0.075337,0.098763
0.015234,0.044707,0.212279,0.040791,0.247641,0.081173,0.212017,0.054181,0.034104,0.057872
0.044558,0.317616,0.015880,0.036240,0.095906,0.069936,0.276110,0.065989,0.026577,0.051188
0.061238,0.128183,0.117069,0.083517,0.069333,0.133181,0.126935,0.104900,0.065814,0.109832
0.070141,0.118579,0.038192,0.100566,0.045982,0.136218,0.179986,0.129018,0.047463,0.133855
0.043702,0.064281,0.120133,0.043550,0.411895,0.076938,0.058694,0.068333,0.044764,0.067711
0.111466,0.112814,0.047338,0.148732,0.114088,0.032111,0.151725,0.123569,0.077686,0.080472
0.049483,0.021608,0.179379,0.024951,0.222436,0.090632,0.214082,0.053337,0.096462,0.047630
0.176354,0.312989,0.066041,0.035966,0.019779,0.039538,0.053864,0.078118,0.180491,0.036859
0.055225,0.047353,0.231216,0.073073,0.097677,0.219363,0.087401,0.052653,0.059365,0.076675
0.081345,0.257989,0.093471,0.085818,0.074198,0.031468,0.098201,0.095994,0.106915,0.074601
0.068906,0.109225,0.141267,0.119068,0.068305,0.061797,0.131642,0.135291,0.042537,0.121961
0.019034,0.123104,0.026825,0.104633,0.092283,0.167175,0.123373,0.090879,0.123924,0.128770
0.039064,0.107777,0.126738,0.128269,0.049257,0.104206,0.203846,0.063184,0.070701,0.106958
0.095243,0.109485,0.115066,0.069453,0.097500,0.113022,0.125771,0.025447,0.125525,0.123488
0.058438,0.103227,0.155734,0.091679,0.098732,0.097546,0.101843,0.098783,0.088477,0.105541
0.089127,0.058899,0.263568,0.084317,0.038404,0.097369,0.104336,0.078206,0.085574,0.100199
0.143446,0.278024,0.099693,0.069078,0.052033,0.081413,0.066116,0.068589,0.043558,0.098050
0.052116,0.270119,0.033504,0.042611,0.025389,0.074191,0.335187,0.055284,0.055700,0.055898
0.042784,0.335434,0.068508,0.044644,0.052476,0.021712,0.356261,0.032484,0.029482,0.016216
0.041355,0.144005,0.160620,0.118128,0.040749,0.104697,0.090479,0.116228,0.062465,0.121275
0.076332,0.113731,0.125967,0.147991,0.071172,0.045682,0.117668,0.102610,0.100336,0.098510
0.056977,0.159360,0.218196,0.074541,0.042795,0.083828,0.082748,0.087956,0.107677,0.085923
0.077097,0.171902,0.127668,0.109377,0.120258,0.094900,0.112697,0.079242,0.072818,0.034040
0.039483,0.335580,0.048438,0.036381,0.087808,0.047958,0.293640,0.039344,0.026680,0.044688
0.071432,0.230999,0.104861,0.123200,0.063652,0.037504,0.087675,0.118981,0.073003,0.088691
0.056318,0.162675,0.031174,0.154727,0.076328,0.112086,0.106256,0.086704,0.100501,0.113232
0.063786,0.071559,0.139798,0.099059,0.115085,0.101414,0.108019,0.074712,0.122491,0.104077
0.069139,0.247969,0.143754,0.079357,0.089907,0.111651,0.094365,0.076720,0.056355,0.030781
0.083393,0.284248,0.087765,0.046309,0.069464,0.039220,0.102369,0.078718,0.101388,0.107125
0.040588,0.193589,0.040371,0.087402,0.054878,0.163170,0.140603,0.153445,0.048558,0.077396
0.043080,0.299151,0.073646,0.020350,0.386907,0.080478,0.025559,0.017283,0.025130,0.028416
0.074566,0.061918,0.079806,0.058747,0.371801,0.078422,0.047810,0.089344,0.073815,0.063770
0.057889,0.246336,0.155317,0.032156,0.090521,0.142894,0.138116,0.039939,0.040369,0.056463
0.052027,0.058430,0.198311,0.087089,0.105497,0.127515,0.151321,0.085229,0.061985,0.072596
0.062402,0.111081,0.042860,0.096945,0.029060,0.082054,0.316281,0.025849,0.137863,0.095606
0.042325,0.102680,0.189042,0.087733,0.128137,0.117729,0.108136,0.104785,0.054811,0.064622
0.071306,0.119098,0.155607,0.094445,0.102263,0.118705,0.108676,0.042754,0.075884,0.111262
0.140259,0.116214,0.104200,0.108317,0.122408,0.130172,0.110918,0.021355,0.105088,0.041069
0.057844,0.104898,0.109764,0.099013,0.042057,0.083206,0.081773,0.080114,0.203599,0.137733
0.077485,0.050045,0.080724,0.057928,0.034479,0.062712,0.354584,0.049412,0.137154,0.095478
