0.020005,0.337436,0.642559
0.491956,0.508044,0.000000
0.357904,0.637187,0.004908
0.997836,0.002164,0.000000
0.251160,0.605902,0.142938
0.001398,0.998591,0.000011
0.033394,0.284401,0.682205
0.645786,0.353857,0.000358
0.560981,0.410613,0.028406
0.994467,0.005529,0.000004
0.028458,0.039905,0.931636
0.988630,0.011154,0.000215
0.002183,0.989805,0.008012
0.579775,0.420211,0.000014
0.998718,0.001282,0.000000
0.576957,0.423040,0.000003
0.431605,0.568389,0.000006
0.224359,0.721257,0.054384
0.538907,0.453074,0.008020
0.620641,0.377072,0.002287
0.004950,0.994805,0.000244
0.993852,0.006148,0.000000
0.252274,0.715524,0.032202
0.029666,0.051372,0.918962
0.969955,0.029998,0.000047
0.530297,0.016576,0.453127
0.581758,0.418242,0.000000
0.960816,0.039184,0.000000
0.537616,0.344095,0.118289
0.003892,0.991639,0.004469
0.010511,0.725420,0.264069
0.078317,0.549051,0.372631
0.693326,0.281408,0.025266
0.997032,0.002968,0.000000
0.007021,0.018457,0.974522
0.205703,0.792735,0.001561
0.503198,0.491106,0.005696
0.998599,0.001401,0.000000
0.950259,0.049728,0.000013
0.997792,0.002208,0.000000
0.990474,0.009525,0.000001
0.000218,0.000292,0.999490
0.980467,0.019531,0.000002
0.089632,0.601306,0.309062
0.555949,0.443901,0.000150
0.083835,0.124493,0.791672
0.307249,0.692750,0.000001
0.041624,0.072135,0.886240
0.996622,0.003378,0.000000
0.154138,0.833689,0.012173
0.100441,0.591067,0.308491
0.514196,0.485804,0.000000
0.979675,0.020326,0.000000
0.994238,0.005760,0.000001
0.962466,0.037534,0.000000
0.998002,0.001998,0.000000
0.984173,0.015827,0.000000
0.590506,0.409434,0.000060
0.006641,0.983197,0.010163
0.958742,0.041258,0.000000
0.416285,0.582100,0.001615
0.656230,0.343768,0.000002
0.999002,0.000998,0.000000
0.994624,0.005376,0.000000
0.709971,0.290029,0.000000
0.996429,0.003571,0.000000
0.113590,0.271160,0.615250
0.997722,0.002275,0.000002
0.992330,0.007667,0.000003
0.008665,0.982404,0.008931
0.419310,0.546654,0.034036
0.320278,0.679717,0.000005
0.252826,0.526820,0.220354
0.354090,0.620064,0.025846
0.010940,0.804687,0.184374
0.311560,0.688352,0.000088
0.550400,0.449600,0.000000
0.042169,0.447053,0.510778
0.529720,0.470277,0.000003
0.004697,0.992801,0.002501
0.498723,0.464171,0.037106
0.988751,0.011249,0.000000
0.936557,0.063443,0.000000
0.485210,0.514780,0.000009
0.627728,0.372250,0.000021
0.981838,0.018162,0.000000
0.997111,0.002889,0.000000
0.071782,0.124936,0.803282
0.024734,0.359101,0.616165
0.987771,0.012229,0.000000
0.055177,0.400450,0.544373
0.988133,0.011867,0.000000
0.015921,0.013516,0.970563
0.996356,0.003644,0.000000
0.590387,0.406817,0.002796
0.994861,0.005139,0.000000
0.923170,0.017314,0.059516
0.995117,0.004883,0.000000
0.988390,0.011610,0.000000
0.995824,0.004176,0.000000
0.830777,0.053285,0.115939
0.561105,0.438895,0.000000
0.997716,0.002284,0.000000
0.463522,0.536444,0.000034
0.002230,0.997493,0.000277
0.990219,0.009776,0.000005
0.000997,0.001246,0.997757
0.855028,0.144972,0.000000
0.994321,0.005679,0.000000
0.221407,0.693777,0.084816
0.997465,0.002535,0.000000
0.734370,0.265630,0.000000
0.997703,0.002296,0.000000
0.986896,0.013078,0.000026
0.002506,0.993370,0.004123
0.008263,0.023160,0.968577
0.994559,0.005441,0.000000
0.767506,0.232323,0.000171
0.019146,0.182251,0.798604
0.450166,0.545261,0.004573
0.994099,0.005901,0.000000
0.203057,0.796766,0.000178
0.000933,0.001838,0.997229
0.003042,0.996949,0.000009
0.496104,0.218038,0.285858
0.094757,0.461104,0.444139
0.954965,0.045032,0.000003
0.002160,0.003767,0.994073
0.005767,0.971654,0.022579
0.006397,0.975813,0.017791
0.008545,0.017670,0.973785
0.000160,0.000024,0.999817
0.537354,0.461769,0.000876
0.538829,0.461171,0.000000
0.973321,0.026675,0.000005
0.020068,0.548844,0.431089
0.051144,0.753153,0.195704
0.011470,0.279318,0.709212
0.979952,0.019912,0.000136
0.481581,0.518419,0.000000
0.009362,0.903971,0.086667
0.184478,0.764237,0.051285
0.691356,0.307150,0.001494
0.545997,0.453414,0.000589
0.115226,0.836481,0.048293
0.966259,0.016004,0.017737
0.000172,0.000057,0.999770
0.448671,0.550636,0.000693
0.946560,0.053437,0.000003
0.376135,0.610362,0.013503
0.346787,0.653213,0.000001
0.112697,0.594582,0.292722
0.998201,0.001799,0.000000
0.688075,0.311874,0.000051
0.177142,0.381697,0.441161
0.022546,0.804978,0.172476
0.601609,0.398300,0.000091
0.028699,0.275891,0.695410
0.637133,0.362145,0.000722
0.993220,0.006781,0.000000
0.994517,0.005483,0.000000
0.993015,0.006983,0.000002
0.027431,0.040999,0.931570
0.011640,0.010399,0.977961
0.070379,0.510617,0.419003
0.000045,0.000005,0.999950
0.065162,0.110263,0.824575
0.014383,0.028736,0.956880
0.001704,0.997893,0.000403
0.002370,0.997627,0.000003
0.997907,0.002093,0.000000
0.982374,0.017486,0.000141
0.992359,0.007641,0.000000
0.002099,0.006258,0.991644
0.068920,0.798892,0.132188
0.769000,0.230858,0.000142
0.006204,0.004593,0.989203
0.730157,0.037171,0.232671
0.024048,0.034615,0.941336
0.420492,0.579446,0.000062
0.473471,0.526529,0.000000
0.988983,0.011012,0.000005
0.098286,0.290756,0.610958
0.012757,0.016619,0.970624
0.976287,0.023713,0.000000
0.412851,0.587149,0.000000
0.149773,0.229861,0.620366
0.428636,0.561868,0.009496
0.994125,0.005875,0.000000
0.993061,0.006926,0.000012
0.560891,0.405903,0.033207
0.085808,0.900540,0.013652
0.020110,0.078614,0.901276
0.369839,0.627100,0.003061
0.011935,0.988061,0.000003
0.006192,0.175580,0.818228
0.001261,0.002055,0.996684
0.988914,0.011086,0.000000
0.997986,0.002014,0.000000
0.138537,0.375084,0.486378
0.988699,0.010854,0.000447
0.090661,0.222986,0.686353
0.244605,0.299554,0.455841
0.000941,0.000376,0.998683
0.993288,0.006712,0.000000
0.000280,0.000081,0.999639
0.089182,0.900664,0.010153
0.073229,0.739724,0.187047
0.997108,0.002892,0.000000
0.002891,0.991927,0.005182
0.982516,0.017484,0.000000
0.998071,0.001929,0.000000
0.335629,0.664369,0.000002
0.996451,0.003549,0.000000
0.510011,0.489989,0.000000
0.766922,0.232840,0.000238
0.962922,0.037064,0.000014
0.500332,0.478727,0.020941
0.084754,0.765608,0.149638
0.492791,0.505602,0.001607
0.976909,0.023048,0.000043
0.997571,0.002429,0.000000
0.002403,0.997124,0.000473
0.010873,0.006719,0.982408
0.996688,0.003312,0.000000
0.979487,0.020513,0.000000
0.000353,0.000181,0.999466
0.996094,0.003906,0.000000
0.018576,0.022104,0.959320
0.001492,0.000096,0.998412
0.757178,0.242663,0.000159
0.438601,0.328546,0.232853
0.002165,0.997263,0.000572
0.000864,0.000059,0.999077
0.005802,0.007363,0.986836
0.411576,0.586859,0.001565
0.986224,0.013338,0.000438
0.990710,0.009290,0.000000
0.996959,0.003041,0.000000
0.501247,0.497696,0.001058
0.888334,0.111666,0.000000
0.074481,0.496197,0.429323
0.028179,0.263619,0.708202
0.991119,0.008871,0.000010
0.468248,0.531730,0.000022
0.998303,0.001697,0.000000
0.943324,0.055887,0.000789
0.002936,0.004482,0.992582
0.180495,0.817194,0.002311
0.025883,0.631574,0.342543
0.653836,0.266141,0.080023
0.326463,0.673522,0.000015
0.960643,0.019638,0.019720
0.453235,0.544015,0.002750
0.827182,0.153683,0.019135
0.611055,0.388918,0.000027
0.992307,0.007693,0.000000
0.001696,0.998290,0.000013
0.580422,0.418585,0.000993
0.992165,0.007835,0.000000
0.001658,0.998331,0.000011
0.996291,0.003707,0.000002
0.454246,0.545749,0.000004
0.630848,0.369152,0.000000
0.003271,0.995642,0.001088
0.994048,0.005951,0.000000
0.965625,0.031089,0.003286
0.013313,0.089947,0.896739
0.011577,0.021605,0.966819
0.997839,0.002161,0.000000
0.858049,0.141943,0.000008
0.000076,0.000012,0.999911
0.984844,0.015156,0.000000
0.153362,0.332964,0.513674
0.698532,0.287885,0.013584
0.001585,0.007776,0.990639
0.996037,0.003963,0.000000
0.008329,0.158472,0.833199
0.132256,0.638774,0.228970
0.545655,0.454343,0.000002
0.943142,0.056222,0.000636
0.054983,0.445372,0.499644
0.113227,0.137217,0.749556
0.778041,0.221959,0.000000
0.551169,0.448831,0.000000
0.447286,0.509799,0.042915
0.632059,0.367941,0.000000
0.884747,0.115017,0.000236
0.677039,0.322821,0.000140
0.083053,0.814811,0.102136
0.992518,0.007482,0.000000
0.239964,0.541444,0.218592
0.745189,0.254811,0.000000
0.972224,0.027776,0.000000
0.004688,0.993502,0.001810
0.019148,0.217276,0.763576
0.063870,0.032023,0.904107
0.077220,0.251613,0.671167
0.061131,0.161354,0.777515
0.998008,0.001992,0.000000
0.990353,0.009647,0.000000
0.994028,0.005972,0.000000
0.690102,0.224294,0.085604
0.078256,0.424060,0.497684
0.997531,0.002469,0.000000
0.503436,0.429975,0.066588
0.993312,0.006688,0.000000
0.426708,0.572973,0.000319
0.992172,0.007828,0.000000
0.016796,0.031123,0.952081
0.511497,0.488501,0.000001
0.528411,0.471589,0.000000
0.031412,0.344486,0.624102
0.987500,0.012491,0.000010
0.883542,0.116432,0.000026
0.018640,0.038510,0.942851
0.925799,0.074195,0.000006
0.995593,0.004407,0.000000
0.997820,0.002180,0.000000
0.986523,0.013477,0.000000
0.204416,0.788950,0.006634
0.659017,0.234940,0.106042
0.992176,0.007823,0.000000
0.006264,0.006224,0.987513
0.994300,0.005700,0.000000
0.692378,0.307621,0.000001
0.218056,0.740254,0.041691
0.930644,0.063681,0.005676
0.953435,0.031010,0.015556
0.751993,0.247856,0.000151
0.443751,0.548046,0.008203
0.753969,0.245903,0.000128
0.003020,0.993590,0.003390
0.411401,0.578738,0.009861
0.997253,0.002747,0.000000
0.989189,0.007336,0.003475
0.995394,0.004606,0.000000
0.986094,0.013887,0.000019
0.800366,0.199627,0.000007
0.001949,0.002597,0.995454
0.005707,0.007630,0.986663
0.822681,0.177111,0.000208
0.003072,0.002123,0.994805
0.003543,0.003318,0.993138
0.023615,0.097460,0.878925
0.343129,0.656448,0.000423
0.125303,0.402410,0.472287
0.360102,0.599904,0.039994
0.140766,0.349605,0.509629
0.986948,0.013052,0.000000
0.997020,0.002972,0.000008
0.922125,0.030407,0.047468
0.991980,0.008020,0.000000
0.027025,0.402738,0.570237
0.971515,0.020987,0.007498
0.995823,0.004177,0.000000
0.988729,0.011268,0.000003
0.097254,0.437927,0.464819
0.055179,0.397468,0.547354
0.010790,0.714474,0.274736
0.997347,0.002653,0.000000
0.692605,0.307395,0.000000
0.673855,0.326145,0.000000
0.445047,0.548753,0.006200
0.239031,0.685678,0.075291
0.965647,0.034353,0.000000
0.013686,0.045634,0.940680
0.503972,0.445549,0.050479
0.332363,0.667637,0.000000
0.002985,0.997014,0.000002
0.009767,0.180183,0.810050
0.269816,0.684061,0.046123
0.578370,0.408777,0.012853
0.985162,0.013746,0.001092
0.989463,0.010537,0.000000
0.904728,0.095269,0.000003
0.004615,0.982079,0.013306
0.129866,0.663057,0.207077
0.464632,0.531233,0.004135
0.634766,0.365232,0.000002
0.007096,0.006628,0.986277
0.608626,0.386744,0.004629
0.776874,0.222905,0.000221
0.812629,0.185547,0.001824
0.698311,0.301689,0.000000
0.365939,0.634061,0.000000
0.003157,0.006157,0.990687
0.818550,0.096907,0.084543
0.995266,0.004734,0.000000
0.990792,0.009208,0.000000
0.256104,0.674843,0.069053
0.468529,0.529988,0.001482
0.040412,0.133743,0.825845
0.109540,0.558314,0.332146
0.000493,0.001634,0.997873
0.992958,0.007042,0.000000
0.002237,0.004123,0.993640
0.976475,0.023525,0.000000
0.037320,0.314933,0.647747
0.744728,0.255272,0.000000
0.016435,0.483098,0.500467
0.992268,0.007067,0.000665
0.981493,0.013202,0.005304
0.996527,0.003473,0.000000
0.027485,0.259802,0.712713
0.002691,0.996147,0.001162
0.988196,0.011804,0.000000
0.813342,0.186648,0.000010
0.102396,0.177322,0.720282
0.963444,0.032765,0.003791
0.314868,0.291625,0.393507
0.002186,0.036680,0.961133
0.004635,0.022611,0.972754
0.649040,0.346055,0.004906
0.963402,0.019659,0.016939
0.996267,0.003733,0.000000
0.560259,0.439739,0.000002
0.990395,0.009605,0.000000
0.980171,0.019829,0.000000
0.000163,0.000025,0.999812
0.648345,0.351654,0.000000
0.003258,0.992971,0.003771
0.002008,0.996953,0.001038
0.626001,0.373452,0.000547
0.981463,0.018497,0.000040
0.000526,0.000377,0.999097
0.577511,0.422471,0.000019
0.008238,0.898812,0.092950
0.585823,0.410637,0.003540
0.777781,0.221619,0.000600
0.972879,0.027121,0.000000
0.247798,0.751835,0.000367
0.740802,0.259173,0.000025
0.543468,0.414006,0.042526
0.303901,0.446970,0.249130
0.021603,0.036969,0.941428
0.023120,0.801445,0.175435
0.565726,0.430225,0.004048
0.420608,0.468626,0.110766
0.918391,0.081505,0.000104
0.857585,0.134241,0.008174
0.991525,0.008474,0.000000
0.001267,0.001441,0.997292
0.302215,0.697781,0.000004
0.056334,0.105692,0.837974
0.974899,0.024804,0.000297
0.011867,0.985754,0.002379
0.343831,0.656017,0.000153
0.012441,0.916702,0.070857
0.496056,0.503771,0.000173
0.029719,0.622830,0.347451
0.989080,0.010920,0.000000
0.079436,0.605159,0.315405
0.484636,0.442787,0.072577
0.078378,0.702653,0.218969
0.592777,0.407073,0.000150
0.991544,0.008456,0.000000
0.930536,0.068858,0.000606
0.005392,0.021706,0.972902
0.710389,0.288743,0.000868
0.001240,0.014252,0.984508
0.375414,0.617702,0.006884
0.025884,0.549142,0.424974
0.956028,0.043970,0.000002
0.960762,0.038589,0.000649
0.708523,0.291477,0.000000
0.070839,0.644844,0.284316
0.672107,0.327889,0.000004
0.059372,0.780978,0.159651
0.990508,0.009492,0.000000
0.047665,0.394306,0.558029
0.240231,0.295103,0.464666
0.004649,0.992652,0.002699
0.015176,0.021296,0.963527
0.990113,0.009887,0.000000
0.138232,0.392494,0.469274
0.003761,0.002378,0.993861
0.993425,0.003929,0.002645
0.994589,0.005400,0.000012
0.388164,0.558011,0.053825
0.259879,0.735608,0.004513
0.374305,0.625491,0.000203
0.035545,0.059846,0.904609
0.407862,0.588404,0.003734
0.039552,0.412504,0.547943
0.561354,0.379512,0.059134
0.020877,0.357303,0.621820
0.996885,0.003115,0.000000
0.996722,0.003278,0.000000
0.455413,0.544493,0.000094
0.005545,0.027388,0.967067
0.011152,0.981682,0.007166
0.971265,0.028735,0.000000
0.932216,0.016210,0.051574
0.006854,0.981604,0.011542
0.997842,0.002158,0.000000
0.000143,0.000025,0.999832
0.440616,0.005409,0.553975
0.004179,0.980747,0.015074
0.905289,0.024083,0.070628
0.058611,0.766805,0.174583
0.006121,0.989116,0.004762
0.144859,0.854957,0.000185
0.987189,0.012810,0.000002
0.830033,0.169967,0.000000
0.583786,0.415336,0.000878
0.949508,0.049191,0.001301
0.997579,0.002421,0.000000
0.788432,0.211549,0.000019
0.348726,0.639685,0.011589
0.040211,0.459671,0.500118
0.993886,0.006113,0.000001
0.002590,0.989429,0.007981
0.997898,0.002102,0.000000
0.020242,0.323585,0.656172
0.994887,0.005113,0.000000
0.921463,0.078533,0.000004
0.998290,0.001710,0.000000
0.051342,0.119374,0.829284
0.181346,0.694428,0.124226
0.698722,0.300645,0.000633
0.229834,0.764863,0.005303
0.988872,0.011128,0.000000
0.477670,0.522326,0.000004
0.984067,0.015933,0.000000
0.301573,0.697141,0.001287
0.884599,0.038155,0.077246
0.784243,0.125094,0.090663
0.042664,0.062175,0.895161
0.287778,0.551582,0.160640
0.997526,0.002474,0.000000
0.994160,0.005840,0.000000
0.146212,0.823987,0.029801
0.442016,0.542463,0.015520
0.996773,0.003227,0.000000
0.003656,0.992637,0.003707
0.985067,0.014608,0.000325
0.991396,0.008604,0.000000
0.543621,0.454335,0.002045
0.722738,0.163386,0.113876
0.556372,0.443624,0.000004
0.714136,0.242705,0.043158
0.704591,0.295227,0.000182
0.145717,0.752000,0.102283
0.420199,0.503087,0.076715
0.502286,0.495212,0.002502
0.465053,0.534947,0.000001
0.997938,0.002062,0.000000
0.536942,0.463058,0.000000
0.979898,0.020101,0.000000
0.948055,0.051030,0.000915
0.993740,0.006260,0.000000
0.047832,0.576553,0.375615
0.267858,0.709731,0.022412
0.279476,0.631872,0.088651
0.994367,0.005633,0.000000
0.968323,0.031060,0.000616
0.490497,0.509501,0.000002
0.009018,0.690502,0.300480
0.996166,0.003834,0.000000
0.061132,0.294523,0.644346
0.987492,0.012508,0.000000
0.007509,0.750194,0.242297
0.000069,0.000008,0.999923
0.044769,0.566654,0.388577
0.908544,0.091456,0.000000
0.308079,0.643268,0.048653
0.058631,0.101504,0.839865
0.478240,0.511420,0.010339
0.417880,0.582120,0.000000
0.013541,0.026087,0.960371
0.001775,0.998195,0.000030
0.447298,0.552700,0.000001
0.017774,0.035808,0.946419
0.517693,0.481310,0.000997
0.988015,0.011985,0.000000
0.692996,0.307004,0.000000
0.022711,0.090323,0.886967
0.092325,0.633855,0.273819
0.612750,0.387250,0.000000
0.603503,0.396497,0.000000
0.093364,0.494756,0.411879
0.476032,0.502542,0.021426
0.850280,0.026417,0.123302
0.989658,0.010342,0.000000
0.990529,0.009471,0.000000
0.996302,0.003698,0.000000
0.030772,0.088768,0.880460
0.989520,0.010434,0.000046
0.456310,0.543678,0.000012
0.513780,0.432551,0.053669
0.001743,0.005436,0.992821
0.191021,0.725541,0.083438
0.025141,0.287225,0.687634
0.997658,0.002342,0.000000
0.981403,0.018597,0.000000
0.338078,0.656639,0.005283
0.995847,0.004153,0.000000
0.452188,0.547566,0.000246
0.007526,0.990939,0.001536
0.979587,0.020399,0.000014
0.002932,0.086032,0.911036
0.621149,0.378654,0.000197
0.686907,0.313053,0.000040
0.049626,0.387723,0.562651
0.996696,0.003304,0.000000
0.992258,0.007658,0.000084
0.178448,0.819717,0.001835
0.213643,0.779349,0.007008
0.997149,0.002851,0.000000
0.997721,0.002279,0.000000
0.004502,0.006783,0.988716
0.000077,0.000021,0.999903
0.588704,0.410631,0.000665
0.020478,0.386417,0.593105
0.026392,0.249256,0.724353
0.905848,0.094110,0.000042
0.235819,0.764102,0.000079
0.135265,0.195109,0.669626
0.975600,0.024395,0.000005
0.634655,0.365344,0.000000
0.002813,0.995503,0.001683
0.400515,0.599483,0.000002
0.913639,0.086360,0.000001
0.020503,0.179017,0.800480
0.655712,0.344283,0.000005
0.976734,0.022353,0.000913
0.977675,0.022325,0.000000
0.010975,0.291678,0.697347
0.621254,0.378744,0.000002
0.248014,0.751511,0.000475
0.987925,0.012075,0.000000
0.992808,0.007192,0.000000
0.013502,0.161798,0.824700
0.512535,0.487464,0.000001
0.202765,0.499809,0.297426
0.301012,0.698852,0.000136
0.066838,0.476161,0.457001
0.537927,0.460345,0.001728
0.000406,0.000082,0.999512
0.987947,0.011353,0.000700
0.001968,0.848237,0.149796
0.519142,0.480857,0.000001
0.002018,0.008837,0.989145
0.996409,0.003591,0.000000
0.001442,0.994758,0.003800
0.998378,0.001622,0.000000
0.119138,0.880723,0.000139
0.000753,0.000103,0.999143
0.993455,0.006544,0.000001
0.988318,0.011682,0.000000
0.211004,0.788816,0.000180
0.995095,0.004905,0.000000
0.100683,0.122721,0.776596
0.531619,0.467432,0.000949
0.397079,0.602920,0.000001
0.992953,0.007047,0.000000
0.509754,0.490196,0.000050
0.984349,0.015651,0.000000
0.982530,0.016105,0.001364
0.993487,0.006511,0.000002
0.995255,0.004745,0.000000
0.776708,0.223286,0.000006
0.007143,0.005421,0.987436
0.977911,0.018665,0.003425
0.393238,0.424227,0.182535
0.962281,0.029191,0.008527
0.000737,0.990777,0.008486
0.987200,0.012800,0.000000
0.951778,0.048221,0.000002
0.961699,0.038301,0.000000
0.046518,0.082985,0.870497
0.256436,0.714368,0.029196
0.034195,0.268380,0.697425
0.008452,0.009216,0.982332
0.027562,0.041081,0.931356
0.996863,0.003137,0.000000
0.012046,0.815853,0.172100
0.329967,0.665667,0.004366
0.994425,0.005575,0.000000
0.395306,0.603368,0.001327
0.974310,0.025690,0.000000
0.311445,0.688276,0.000279
0.001483,0.002028,0.996489
0.977451,0.022285,0.000264
0.006394,0.004732,0.988874
0.057197,0.480633,0.462170
0.355894,0.639348,0.004758
0.076415,0.710308,0.213277
0.892961,0.106843,0.000196
0.102979,0.729880,0.167140
0.285738,0.711069,0.003192
0.000046,0.000006,0.999948
0.905593,0.093314,0.001093
0.994503,0.005496,0.000000
0.748554,0.251446,0.000000
0.707407,0.291676,0.000917
0.972176,0.027822,0.000002
0.994845,0.005155,0.000000
0.005937,0.859776,0.134287
0.619106,0.380894,0.000000
0.017525,0.080353,0.902122
0.990099,0.009901,0.000000
0.396873,0.470036,0.133091
0.031779,0.286934,0.681287
0.998092,0.001908,0.000000
0.991811,0.008189,0.000000
0.012487,0.780556,0.206957
0.003504,0.925235,0.071261
0.672107,0.327174,0.000719
0.040669,0.790912,0.168419
0.994309,0.005691,0.000000
0.014975,0.028236,0.956788
0.974221,0.025779,0.000000
0.487579,0.512354,0.000067
0.526269,0.473713,0.000017
0.530965,0.458628,0.010407
0.922467,0.077209,0.000325
0.006943,0.851650,0.141407
0.006202,0.016768,0.977030
0.284637,0.713381,0.001982
0.582903,0.417077,0.000020
0.564560,0.435440,0.000000
0.609354,0.390532,0.000114
0.081288,0.509545,0.409167
0.034751,0.050516,0.914733
0.027005,0.844154,0.128841
0.994131,0.005869,0.000000
0.996822,0.003178,0.000000
0.582887,0.417113,0.000000
0.620119,0.379881,0.000000
0.077692,0.807145,0.115163
0.877525,0.092961,0.029515
0.006756,0.892505,0.100740
0.996548,0.003452,0.000000
0.962132,0.035132,0.002736
0.543279,0.456568,0.000153
0.024474,0.261923,0.713603
0.980980,0.019014,0.000005
0.074626,0.411136,0.514238
0.746907,0.252960,0.000134
0.033026,0.052982,0.913992
0.630643,0.368752,0.000605
0.004455,0.017355,0.978190
0.085478,0.091488,0.823034
0.000899,0.000068,0.999034
0.985532,0.013671,0.000797
0.004738,0.990266,0.004996
0.007817,0.003349,0.988835
0.107204,0.726618,0.166178
0.432021,0.567944,0.000035
0.995466,0.004532,0.000001
0.031792,0.117165,0.851043
0.001304,0.997684,0.001011
0.025950,0.448100,0.525950
0.994958,0.005040,0.000001
0.082550,0.099158,0.818293
0.988576,0.011424,0.000000
0.000336,0.000036,0.999627
0.078564,0.175892,0.745544
0.650637,0.334229,0.015134
0.845511,0.154489,0.000000
0.580595,0.419405,0.000000
0.991746,0.008254,0.000000
0.636296,0.363704,0.000000
0.978716,0.021284,0.000000
0.977648,0.022352,0.000000
0.280294,0.718405,0.001300
0.988407,0.011593,0.000000
0.994569,0.005431,0.000000
0.009463,0.812833,0.177704
0.129444,0.783795,0.086761
0.450582,0.549413,0.000005
0.575042,0.424957,0.000001
0.624535,0.375434,0.000031
0.008867,0.025049,0.966084
0.996626,0.003374,0.000000
0.001683,0.003761,0.994556
0.148678,0.495575,0.355747
0.275690,0.672702,0.051608
0.589665,0.410335,0.000000
0.443078,0.556918,0.000004
0.003841,0.006414,0.989745
0.050193,0.098639,0.851168
0.001775,0.992655,0.005570
0.992764,0.007235,0.000001
0.381667,0.530400,0.087933
0.997381,0.002619,0.000000
0.060633,0.112808,0.826560
0.068741,0.681836,0.249423
0.995687,0.004313,0.000000
0.376386,0.623596,0.000018
0.994759,0.005241,0.000000
0.504778,0.495222,0.000000
0.933696,0.066303,0.000001
0.997382,0.002618,0.000000
0.988085,0.011914,0.000001
0.416586,0.583414,0.000000
0.052054,0.063262,0.884684
0.022672,0.051703,0.925626
0.000488,0.000915,0.998597
0.004658,0.957347,0.037995
0.972794,0.027199,0.000007
0.998784,0.001216,0.000000
0.005264,0.887627,0.107109
0.965608,0.034389,0.000002
0.308398,0.653277,0.038325
0.750787,0.249072,0.000141
0.021814,0.637670,0.340516
0.998428,0.001572,0.000000
0.672513,0.327287,0.000200
0.995440,0.004560,0.000000
0.997493,0.002504,0.000003
0.995963,0.004037,0.000000
0.423813,0.383932,0.192255
0.247719,0.752211,0.000070
0.309385,0.402577,0.288038
0.154970,0.844315,0.000715
0.994871,0.005129,0.000000
0.480115,0.519882,0.000003
0.338117,0.661882,0.000001
0.005107,0.007927,0.986966
0.969231,0.020861,0.009908
0.004579,0.010634,0.984787
0.993171,0.006829,0.000000
0.984890,0.015110,0.000000
0.002710,0.003330,0.993960
0.318667,0.679426,0.001907
0.996663,0.003337,0.000000
0.990086,0.009914,0.000000
0.077585,0.622312,0.300103
0.906098,0.093892,0.000009
0.088096,0.418725,0.493178
0.976342,0.023630,0.000028
0.986762,0.013238,0.000000
0.612216,0.387782,0.000002
0.995308,0.004692,0.000000
0.717278,0.282559,0.000164
0.684300,0.315699,0.000000
0.044767,0.446612,0.508620
0.982262,0.016417,0.001321
0.741141,0.258710,0.000148
0.515357,0.018592,0.466051
0.538278,0.459113,0.002609
0.985187,0.014808,0.000004
0.994974,0.005026,0.000000
0.140568,0.857883,0.001549
0.983025,0.016937,0.000038
0.002483,0.997184,0.000333
0.550116,0.407472,0.042413
0.650531,0.349469,0.000000
0.627237,0.372760,0.000003
0.995069,0.004931,0.000000
0.925343,0.074648,0.000009
0.986886,0.013089,0.000025
0.974979,0.024986,0.000035
0.015316,0.042860,0.941824
0.997429,0.002571,0.000000
0.991594,0.008347,0.000059
0.006205,0.019873,0.973922
0.822580,0.177393,0.000026
0.006289,0.989350,0.004361
0.929307,0.070139,0.000553
0.344359,0.445403,0.210238
0.962297,0.036926,0.000777
0.025875,0.064286,0.909839
0.495031,0.504969,0.000000
0.988733,0.011267,0.000000
0.852835,0.147165,0.000000
0.002708,0.009403,0.987890
0.304873,0.672884,0.022243
0.849151,0.150830,0.000019
0.635740,0.355015,0.009246
0.383925,0.580149,0.035927
0.368818,0.623964,0.007217
0.984881,0.015119,0.000000
0.037584,0.202325,0.760091
0.873398,0.096715,0.029888
0.003239,0.996562,0.000199
0.982057,0.017729,0.000214
0.997750,0.002250,0.000000
0.025448,0.036842,0.937709
0.004471,0.012357,0.983172
0.162824,0.367460,0.469716
0.998458,0.001542,0.000000
0.749730,0.250270,0.000000
0.909495,0.015219,0.075287
0.485279,0.514717,0.000005
0.061499,0.617927,0.320574
0.283208,0.027494,0.689298
0.114625,0.885197,0.000179
0.984268,0.015732,0.000000
0.997485,0.002515,0.000000
0.022396,0.668001,0.309603
0.730287,0.269713,0.000000
0.019337,0.024276,0.956387
0.005624,0.007146,0.987230
0.627772,0.372220,0.000008
0.990635,0.009364,0.000000
0.983959,0.016040,0.000000
0.995191,0.004809,0.000000
0.996768,0.003232,0.000000
0.847770,0.152056,0.000174
0.981100,0.018710,0.000190
0.983298,0.016439,0.000262
0.988531,0.011380,0.000089
0.033862,0.409435,0.556702
0.013151,0.019848,0.967001
0.067588,0.471075,0.461337
0.971067,0.028910,0.000024
0.451764,0.525237,0.022999
0.996495,0.003505,0.000000
0.988891,0.011109,0.000000
0.026063,0.515085,0.458852
0.928727,0.071273,0.000000
0.208888,0.617415,0.173697
0.997243,0.002757,0.000000
0.982512,0.017487,0.000000
0.000061,0.000006,0.999933
0.505937,0.494063,0.000000
0.075788,0.194469,0.729743
0.133408,0.713500,0.153092
0.490614,0.509385,0.000001
0.070877,0.558100,0.371023
0.988660,0.011340,0.000000
0.996566,0.003434,0.000000
0.000794,0.000695,0.998511
0.996508,0.003492,0.000000
0.996599,0.003401,0.000000
0.970343,0.028152,0.001505
0.491419,0.508154,0.000427
0.997900,0.002100,0.000000
0.268305,0.431298,0.300397
0.242851,0.729002,0.028147
0.565588,0.432002,0.002410
0.000860,0.000767,0.998372
0.112701,0.147968,0.739332
0.872259,0.124079,0.003662
0.025834,0.163089,0.811078
0.000811,0.000593,0.998595
0.002146,0.996387,0.001468
0.054485,0.320990,0.624525
0.992679,0.007321,0.000000
0.000123,0.000037,0.999841
0.414194,0.584311,0.001495
0.992607,0.007393,0.000000
0.657313,0.342686,0.000000
0.020231,0.673508,0.306261
0.534043,0.465957,0.000001
0.504144,0.007674,0.488182
0.003134,0.991750,0.005117
0.150725,0.773710,0.075565
0.997542,0.002458,0.000000
0.862952,0.137048,0.000000
0.976910,0.023090,0.000000
0.247972,0.558096,0.193932
0.026672,0.130952,0.842376
0.989198,0.010802,0.000000
0.919890,0.017423,0.062688
0.489594,0.510226,0.000180
0.378621,0.621378,0.000001
0.008885,0.022236,0.968879
0.057106,0.704840,0.238054
0.001568,0.994985,0.003447
0.000121,0.000217,0.999661
0.968247,0.031753,0.000000
0.013724,0.304622,0.681654
0.000181,0.000080,0.999739
0.031031,0.380194,0.588775
0.914291,0.085557,0.000152
0.413325,0.586674,0.000002
0.050183,0.528417,0.421400
0.596931,0.403069,0.000000
0.994458,0.005542,0.000000
0.799359,0.200641,0.000000
0.996427,0.003573,0.000000
0.811049,0.188919,0.000032
0.801191,0.198809,0.000000
0.000216,0.000066,0.999718
0.963508,0.029144,0.007348
0.000080,0.000007,0.999913
0.235428,0.699939,0.064632
0.998116,0.001884,0.000000
0.990181,0.009819,0.000000
0.005837,0.978396,0.015767
0.016382,0.036180,0.947438
0.209613,0.723574,0.066812
0.932760,0.066377,0.000863
0.994732,0.005267,0.000000
0.010101,0.830674,0.159224
0.054357,0.113657,0.831986
0.289919,0.709961,0.000120
0.108512,0.544705,0.346783
0.052967,0.412004,0.535030
0.280613,0.471264,0.248123
0.240672,0.400988,0.358340
0.468022,0.390077,0.141901
0.057991,0.723949,0.218060
0.002528,0.997421,0.000051
0.764987,0.235013,0.000000
0.938373,0.061625,0.000002
0.113970,0.800725,0.085305
0.575034,0.424965,0.000001
0.054041,0.150921,0.795038
0.967382,0.032618,0.000000
0.001865,0.000657,0.997478
0.011602,0.013205,0.975194
0.944815,0.028323,0.026862
0.971385,0.028615,0.000000
0.000856,0.005996,0.993148
0.980902,0.019098,0.000000
0.695819,0.303598,0.000583
0.621551,0.058110,0.320339
0.995095,0.004905,0.000000
0.996779,0.003221,0.000000
0.170342,0.812566,0.017091
0.997424,0.002576,0.000000
0.411011,0.588266,0.000723
0.003194,0.014722,0.982084
0.993962,0.006037,0.000001
0.961665,0.038335,0.000000
0.662527,0.337472,0.000001
0.997643,0.002357,0.000000
0.605447,0.394553,0.000000
0.632599,0.366015,0.001386
0.762475,0.237322,0.000203
0.012540,0.088578,0.898882
0.392701,0.607297,0.000003
0.250589,0.717279,0.032132
0.000395,0.000040,0.999566
0.636188,0.363812,0.000000
0.995884,0.004115,0.000000
0.614050,0.385950,0.000000
0.014971,0.042471,0.942557
0.001617,0.000460,0.997923
0.928665,0.071105,0.000231
0.956665,0.043335,0.000000
0.029113,0.051080,0.919807
0.274537,0.422110,0.303353
0.609123,0.390875,0.000002
0.993329,0.006666,0.000005
0.194651,0.280400,0.524948
0.523435,0.475748,0.000817
0.056189,0.746930,0.196880
0.070470,0.609622,0.319908
0.838102,0.161858,0.000040
0.080809,0.685425,0.233766
0.026046,0.189157,0.784797
0.636162,0.363332,0.000505
0.440172,0.559812,0.000017
0.040948,0.068302,0.890750
0.446022,0.468896,0.085083
0.026069,0.035765,0.938166
0.009822,0.024304,0.965874
0.422893,0.575840,0.001268
0.476803,0.523180,0.000018
0.003153,0.996837,0.000011
0.046885,0.466018,0.487097
0.133137,0.713016,0.153847
0.000579,0.000164,0.999257
0.997774,0.002226,0.000000
0.024070,0.353013,0.622917
0.371156,0.614709,0.014135
0.996126,0.003874,0.000000
0.416358,0.275252,0.308389
0.797501,0.202499,0.000000
0.029961,0.452136,0.517902
0.039110,0.367996,0.592894
0.001836,0.998156,0.000008
0.541802,0.458197,0.000001
0.145256,0.728146,0.126598
0.128620,0.492341,0.379039
0.526070,0.473929,0.000000
0.626604,0.373239,0.000157
0.150615,0.737248,0.112137
0.474735,0.525264,0.000001
0.022348,0.042212,0.935440
0.200720,0.799232,0.000048
0.057562,0.447003,0.495435
0.003757,0.966615,0.029628
0.004296,0.995541,0.000163
0.906144,0.093792,0.000064
0.059093,0.005045,0.935862
0.001457,0.997985,0.000557
0.984811,0.015168,0.000021
0.881559,0.118345,0.000097
0.891492,0.108505,0.000004
0.123170,0.542347,0.334483
0.804942,0.192218,0.002840
0.387591,0.573660,0.038749
0.553278,0.444760,0.001962
0.002972,0.996453,0.000575
0.979986,0.020013,0.000000
0.387548,0.611667,0.000784
0.988770,0.011230,0.000000
0.015991,0.061332,0.922677
0.818501,0.181383,0.000117
0.005988,0.885192,0.108820
0.001290,0.998660,0.000050
0.278434,0.720630,0.000936
0.502725,0.497254,0.000021
0.608992,0.390925,0.000083
0.494792,0.505178,0.000031
0.979691,0.020308,0.000001
0.010642,0.989287,0.000071
0.696734,0.303263,0.000003
0.458517,0.541423,0.000060
0.856590,0.134303,0.009107
0.035681,0.402971,0.561348
0.657053,0.342947,0.000000
0.015059,0.031623,0.953318
0.045348,0.085364,0.869288
0.769670,0.230330,0.000000
0.973051,0.026949,0.000000
0.310199,0.488700,0.201101
0.987018,0.012981,0.000001
0.223023,0.739811,0.037166
0.572773,0.426486,0.000741
0.990651,0.009348,0.000000
0.990991,0.009008,0.000001
0.985812,0.014186,0.000002
0.558756,0.441244,0.000000
0.387676,0.612308,0.000015
0.002562,0.972287,0.025151
0.994452,0.005548,0.000000
0.039739,0.089096,0.871165
0.991196,0.008803,0.000001
0.989434,0.010566,0.000000
0.880323,0.093554,0.026123
0.934406,0.063075,0.002519
0.741889,0.258111,0.000000
0.062024,0.105219,0.832757
0.997624,0.002376,0.000000
0.173539,0.462228,0.364233
0.017386,0.103436,0.879178
0.017744,0.831978,0.150278
0.997229,0.002771,0.000000
0.020211,0.907596,0.072194
0.601724,0.396150,0.002126
0.462673,0.311363,0.225964
0.019012,0.230582,0.750406
0.792612,0.207340,0.000048
0.786649,0.186334,0.027017
0.994553,0.005447,0.000000
0.021548,0.029735,0.948716
0.494554,0.505443,0.000002
0.004510,0.012845,0.982645
0.989383,0.010617,0.000000
0.025158,0.077039,0.897804
0.302744,0.658979,0.038277
0.065480,0.110429,0.824091
0.983774,0.016225,0.000001
0.990900,0.007884,0.001216
0.994524,0.005475,0.000000
0.481814,0.516948,0.001238
0.215385,0.784270,0.000344
0.997806,0.002194,0.000000
0.983238,0.016182,0.000580
0.002550,0.997150,0.000301
0.017490,0.869044,0.113465
0.678397,0.321603,0.000000
0.015025,0.026972,0.958003
0.994494,0.005506,0.000000
0.022465,0.078411,0.899124
0.002723,0.997043,0.000234
0.027746,0.047873,0.924381
0.385221,0.596920,0.017859
0.015345,0.025798,0.958857
0.953308,0.046692,0.000000
0.901080,0.096183,0.002737
0.000244,0.000117,0.999639
0.998104,0.001896,0.000000
0.967144,0.032853,0.000003
0.325959,0.669414,0.004627
0.997606,0.002394,0.000000
0.363411,0.622001,0.014589
0.990460,0.009540,0.000000
0.068971,0.674768,0.256262
0.536413,0.463587,0.000000
0.003639,0.996174,0.000186
0.014176,0.022573,0.963251
0.993728,0.006272,0.000000
0.121773,0.200238,0.677989
0.975943,0.024057,0.000000
0.210113,0.758177,0.031711
0.730744,0.007338,0.261918
0.034907,0.366193,0.598900
0.001238,0.998211,0.000551
0.476011,0.523986,0.000002
0.481344,0.518656,0.000000
0.731764,0.204403,0.063833
0.643239,0.333330,0.023431
0.991295,0.003915,0.004790
0.996459,0.003541,0.000000
0.992023,0.007975,0.000002
0.004007,0.009164,0.986829
0.997512,0.002488,0.000000
0.390926,0.609073,0.000001
0.987267,0.012733,0.000000
0.007491,0.879720,0.112788
0.409333,0.590663,0.000004
0.001623,0.998345,0.000033
0.896856,0.077631,0.025513
0.975936,0.023720,0.000344
0.070467,0.729345,0.200188
0.014814,0.020354,0.964833
0.818156,0.181844,0.000000
0.370339,0.629541,0.000120
0.043163,0.745579,0.211257
0.008890,0.017106,0.974004
0.001971,0.000780,0.997249
0.177672,0.339614,0.482714
0.576189,0.423799,0.000011
0.002836,0.996775,0.000389
0.023429,0.039705,0.936866
0.741862,0.257270,0.000867
0.044516,0.301372,0.654112
0.027472,0.392413,0.580115
0.000021,0.000012,0.999967
0.811421,0.188573,0.000006
0.006793,0.989615,0.003592
0.990462,0.009538,0.000000
0.003616,0.994082,0.002302
0.643842,0.355876,0.000282
0.911436,0.088562,0.000001
0.010995,0.858073,0.130932
0.163043,0.811506,0.025451
0.966353,0.033647,0.000000
0.445886,0.475527,0.078587
0.841494,0.150687,0.007819
0.158896,0.192453,0.648651
0.994812,0.005188,0.000000
0.981703,0.018297,0.000000
0.005357,0.157190,0.837454
0.997615,0.002385,0.000000
0.994538,0.005462,0.000000
0.560484,0.439516,0.000000
0.004574,0.060603,0.934823
0.998709,0.001291,0.000000
0.680559,0.319160,0.000281
0.654065,0.345935,0.000000
0.933711,0.066261,0.000029
0.089128,0.432587,0.478285
0.963617,0.036368,0.000016
0.702670,0.297330,0.000000
0.315994,0.639018,0.044988
0.665269,0.334731,0.000000
0.015181,0.025136,0.959683
0.030450,0.344949,0.624601
0.416037,0.583962,0.000000
0.916492,0.083476,0.000032
0.281514,0.693548,0.024938
0.059582,0.106256,0.834162
0.483520,0.516480,0.000000
0.166369,0.540716,0.292915
0.050395,0.566808,0.382797
0.716235,0.283765,0.000000
0.871498,0.083292,0.045210
0.325811,0.674080,0.000109
0.997326,0.002674,0.000000
0.984282,0.015718,0.000000
0.991659,0.008341,0.000000
0.022737,0.542316,0.434947
0.993940,0.006059,0.000000
0.003744,0.001036,0.995221
0.015589,0.881061,0.103350
0.310568,0.651110,0.038323
0.080472,0.256490,0.663037
0.523725,0.476275,0.000000
0.003074,0.993671,0.003255
0.929374,0.070626,0.000000
0.240015,0.755255,0.004730
0.078941,0.105038,0.816021
0.296146,0.606331,0.097523
0.347363,0.638154,0.014483
0.644389,0.355385,0.000225
0.188038,0.808155,0.003807
0.557959,0.441921,0.000120
0.032738,0.318897,0.648365
0.766634,0.232150,0.001216
0.986339,0.007729,0.005933
0.303715,0.696209,0.000076
0.075676,0.150397,0.773927
0.054466,0.414422,0.531112
0.512455,0.487455,0.000089
0.003724,0.072909,0.923368
0.301158,0.698841,0.000001
0.997483,0.002517,0.000000
0.997217,0.002783,0.000000
0.884099,0.095952,0.019949
0.033347,0.455916,0.510737
0.002786,0.002142,0.995073
0.564569,0.423448,0.011983
0.773820,0.226146,0.000034
0.518374,0.478167,0.003459
0.046897,0.375703,0.577400
0.326557,0.673436,0.000007
0.883829,0.116152,0.000019
0.001110,0.002055,0.996836
0.350717,0.648554,0.000728
0.992746,0.007252,0.000002
0.815761,0.184239,0.000000
0.384322,0.558913,0.056764
0.997877,0.002122,0.000000
0.992310,0.006840,0.000850
0.667003,0.332991,0.000006
0.039488,0.282206,0.678306
0.957395,0.007465,0.035139
0.003524,0.006177,0.990298
0.013190,0.876450,0.110361
0.994465,0.005535,0.000000
0.036985,0.351233,0.611782
0.731644,0.251154,0.017202
0.005195,0.014748,0.980058
0.001131,0.000168,0.998700
0.997148,0.002852,0.000000
0.023064,0.231787,0.745150
0.962477,0.037509,0.000014
0.013073,0.960337,0.026590
0.001400,0.035049,0.963552
0.007013,0.866737,0.126250
0.006749,0.038580,0.954671
0.959401,0.040599,0.000000
0.977639,0.022323,0.000038
0.979159,0.016705,0.004135
0.966298,0.033702,0.000000
0.506349,0.493651,0.000000
0.996566,0.003434,0.000000
0.932060,0.019401,0.048539
0.575241,0.424745,0.000013
0.007048,0.763358,0.229594
0.093282,0.578040,0.328679
0.236795,0.763074,0.000130
0.602123,0.373221,0.024656
0.002295,0.014067,0.983638
0.076903,0.564931,0.358167
0.004366,0.913950,0.081684
0.010461,0.010905,0.978634
0.998921,0.001079,0.000000
0.676757,0.323243,0.000000
0.490275,0.509725,0.000000
0.524268,0.027374,0.448358
0.001580,0.004231,0.994188
0.997339,0.002661,0.000000
0.996834,0.003165,0.000000
0.928158,0.071807,0.000035
0.931593,0.068357,0.000050
0.522911,0.475759,0.001330
0.455384,0.544614,0.000001
0.099281,0.138909,0.761810
0.164473,0.483712,0.351815
0.970424,0.029576,0.000000
0.615463,0.384537,0.000000
0.978574,0.021426,0.000000
0.717482,0.241144,0.041374
0.587415,0.412071,0.000514
0.985770,0.014230,0.000000
0.991349,0.008651,0.000000
0.747998,0.161122,0.090880
0.981134,0.017510,0.001356
0.975853,0.007575,0.016571
0.564806,0.291499,0.143695
0.033379,0.303160,0.663461
0.971078,0.028922,0.000000
0.995544,0.004456,0.000000
0.018833,0.049250,0.931917
0.035245,0.136771,0.827983
0.978361,0.021623,0.000016
0.561693,0.436337,0.001970
0.463841,0.536157,0.000001
0.157586,0.655307,0.187107
0.003087,0.984415,0.012498
0.056610,0.288108,0.655281
0.382585,0.617234,0.000181
0.003732,0.006652,0.989616
0.922503,0.077451,0.000046
0.006451,0.764719,0.228831
0.475749,0.524251,0.000000
0.001508,0.058221,0.940271
0.992149,0.007850,0.000000
0.995694,0.004306,0.000000
0.622012,0.377278,0.000710
0.708860,0.291140,0.000000
0.005112,0.992755,0.002133
0.002244,0.996805,0.000951
0.668898,0.331100,0.000002
0.975217,0.024308,0.000474
0.019017,0.738657,0.242326
0.988559,0.010933,0.000509
0.978962,0.021038,0.000000
0.991101,0.008899,0.000000
0.004023,0.995963,0.000014
0.043581,0.109413,0.847006
0.032436,0.091565,0.876000
0.011684,0.059066,0.929250
0.979056,0.020944,0.000000
0.995751,0.004249,0.000000
0.987590,0.008447,0.003962
0.006341,0.038646,0.955013
0.997742,0.002258,0.000000
0.005265,0.994532,0.000202
0.996284,0.003716,0.000000
0.211854,0.702103,0.086042
0.046540,0.427272,0.526188
0.417324,0.527954,0.054722
0.018452,0.256636,0.724912
0.002469,0.965400,0.032131
0.967224,0.028269,0.004506
0.003948,0.994731,0.001321
0.996102,0.003898,0.000000
0.022931,0.317868,0.659201
0.002641,0.997342,0.000017
0.626115,0.373779,0.000107
0.484372,0.506866,0.008762
0.997742,0.002258,0.000000
0.938472,0.061521,0.000007
0.002796,0.996978,0.000226
0.697956,0.302044,0.000000
0.991988,0.008012,0.000001
0.002985,0.995440,0.001575
0.305001,0.015579,0.679421
0.240861,0.759128,0.000011
0.590889,0.409112,0.000000
0.638971,0.360515,0.000514
0.014019,0.039162,0.946820
0.007292,0.987505,0.005203
0.363071,0.636774,0.000155
0.076372,0.142345,0.781284
0.251972,0.338110,0.409918
0.001248,0.004394,0.994358
0.991767,0.008233,0.000000
0.358029,0.517006,0.124965
0.995603,0.004397,0.000000
0.566358,0.433279,0.000362
0.994020,0.005980,0.000000
0.978327,0.021673,0.000000
0.998163,0.001837,0.000000
0.408557,0.441109,0.150334
0.002100,0.992343,0.005557
0.049173,0.648630,0.302197
0.978930,0.021070,0.000000
0.996412,0.003588,0.000000
0.042633,0.059688,0.897679
0.478810,0.517913,0.003277
0.990630,0.009370,0.000000
0.403670,0.596298,0.000031
0.916654,0.083323,0.000023
0.285168,0.714389,0.000442
0.986111,0.013889,0.000000
0.366939,0.607375,0.025686
0.784560,0.215243,0.000196
0.975787,0.024213,0.000000
0.170459,0.829268,0.000274
0.542320,0.457679,0.000001
0.190780,0.637283,0.171937
0.899282,0.100343,0.000376
0.022294,0.353984,0.623722
0.994551,0.005449,0.000000
0.993607,0.006393,0.000000
0.990240,0.007782,0.001977
0.997900,0.002100,0.000000
0.987827,0.012172,0.000001
0.996038,0.003962,0.000000
0.003404,0.992934,0.003662
0.973999,0.025898,0.000103
0.007360,0.992185,0.000455
0.006062,0.980035,0.013903
0.993390,0.006609,0.000001
0.445008,0.400157,0.154835
0.039713,0.329503,0.630784
0.013503,0.589975,0.396522
0.987702,0.012298,0.000000
0.442097,0.556903,0.001000
0.001301,0.997962,0.000737
0.727928,0.272041,0.000031
0.687495,0.303001,0.009504
0.778719,0.221247,0.000034
0.990482,0.009516,0.000002
0.000948,0.000685,0.998367
0.960218,0.039782,0.000000
0.012490,0.021559,0.965951
