0.024787,0.249541,0.129051,0.076547,0.214085,0.144195,0.062780,0.043660,0.025646,0.029708
0.067149,0.396949,0.070292,0.070823,0.047872,0.061599,0.086479,0.050548,0.102152,0.046138
0.045224,0.225432,0.067077,0.082995,0.150299,0.060558,0.171650,0.076435,0.068764,0.051564
0.072480,0.133691,0.088927,0.113881,0.103352,0.104125,0.110263,0.079012,0.085055,0.109215
0.107749,0.237964,0.035922,0.095232,0.069728,0.123910,0.121717,0.029273,0.059507,0.118998
0.023953,0.416273,0.032204,0.025905,0.016800,0.033100,0.381119,0.017586,0.029431,0.023630
0.039877,0.194318,0.074855,0.024454,0.239667,0.188843,0.054576,0.033228,0.123572,0.026611
0.071605,0.221715,0.042352,0.063145,0.058066,0.246413,0.093287,0.093645,0.049588,0.060185
0.033125,0.139094,0.086191,0.090058,0.094567,0.213407,0.145578,0.062647,0.062025,0.073308
0.044342,0.161527,0.132418,0.110132,0.098533,0.072370,0.135924,0.088141,0.040383,0.116229
0.071369,0.071800,0.265888,0.056392,0.136786,0.040942,0.086176,0.058028,0.118097,0.094521
0.051007,0.134008,0.113868,0.116453,0.134533,0.077777,0.111570,0.095424,0.070553,0.094808
0.024494,0.362227,0.062560,0.028342,0.020487,0.054003,0.368358,0.016340,0.020286,0.042902
0.037490,0.242124,0.270515,0.059594,0.049722,0.064522,0.076002,0.061443,0.051145,0.087443
0.084584,0.086267,0.101074,0.135476,0.082919,0.114299,0.113044,0.095645,0.066749,0.119945
0.092340,0.097608,0.098000,0.083035,0.036676,0.079826,0.333480,0.055553,0.043734,0.079748
0.060464,0.337014,0.099883,0.076867,0.042764,0.086044,0.062428,0.073191,0.092417,0.068927
0.041968,0.292536,0.097005,0.096268,0.052322,0.064714,0.069538,0.068673,0.084844,0.132132
0.049903,0.078692,0.103575,0.059690,0.103947,0.088108,0.254876,0.106365,0.058558,0.096285
0.089303,0.263966,0.104502,0.099528,0.053493,0.049740,0.127683,0.068811,0.067442,0.075531
0.039790,0.285865,0.097312,0.042952,0.046045,0.044721,0.308808,0.031434,0.023633,0.079440
0.050583,0.100085,0.071922,0.078083,0.077381,0.240039,0.126110,0.101647,0.073547,0.080603
0.058697,0.148064,0.092923,0.121691,0.058750,0.122792,0.213643,0.026628,0.074434,0.082377
0.068272,0.039426,0.317023,0.054169,0.162552,0.123116,0.054862,0.037121,0.046682,0.096777
0.063716,0.166468,0.057644,0.143372,0.048684,0.055344,0.098107,0.250577,0.047469,0.068619
0.097430,0.086684,0.089203,0.094478,0.112026,0.117832,0.166208,0.031370,0.100052,0.104718
0.114444,0.043333,0.098378,0.076890,0.067281,0.064467,0.313349,0.044855,0.125322,0.051681
0.055973,0.074464,0.403939,0.049475,0.099322,0.067594,0.077778,0.048846,0.041344,0.081265
0.038416,0.240040,0.055278,0.085965,0.046794,0.157310,0.144418,0.057161,0.085128,0.089489
0.109338,0.342567,0.036226,0.027500,0.024803,0.036098,0.271013,0.027865,0.100946,0.023644
0.057021,0.226211,0.124261,0.044645,0.034087,0.141818,0.160510,0.068574,0.095180,0.047691
0.021534,0.195193,0.236366,0.032678,0.259060,0.084172,0.035684,0.019053,0.049242,0.067017
0.050014,0.205307,0.038480,0.080177,0.073314,0.107179,0.129239,0.029067,0.146508,0.140714
0.048815,0.106781,0.137769,0.124428,0.095769,0.049129,0.119236,0.117439,0.077385,0.123249
0.029007,0.093984,0.421988,0.022405,0.199228,0.069833,0.058283,0.044060,0.029524,0.031688
0.063302,0.095996,0.108021,0.084011,0.045650,0.087752,0.309258,0.031303,0.089380,0.085327
0.051827,0.290474,0.106171,0.119121,0.048950,0.052743,0.098604,0.082940,0.062437,0.086731
0.094332,0.138160,0.088301,0.169868,0.085024,0.043634,0.128716,0.067884,0.071513,0.112569
0.058246,0.039830,0.354596,0.101774,0.081553,0.068503,0.076621,0.034982,0.121557,0.062338
0.077100,0.110446,0.104896,0.055274,0.082188,0.148434,0.095726,0.083850,0.105437,0.136650
0.065117,0.081921,0.049068,0.160061,0.096896,0.245492,0.090411,0.101487,0.037127,0.072420
0.058549,0.043461,0.205305,0.024749,0.061072,0.049469,0.063908,0.071499,0.370154,0.051834
0.084531,0.121299,0.091662,0.043345,0.086648,0.122370,0.125385,0.026967,0.164051,0.133741
0.032238,0.191208,0.266967,0.065615,0.264167,0.037785,0.025042,0.041166,0.049714,0.026100
0.046681,0.088254,0.142763,0.065488,0.082816,0.049658,0.324942,0.087234,0.036579,0.075585
0.048509,0.026541,0.091393,0.063839,0.300995,0.173361,0.054442,0.074048,0.112423,0.054448
0.040080,0.407218,0.059598,0.061004,0.052232,0.091256,0.058165,0.034596,0.134892,0.060959
0.068960,0.070754,0.086232,0.150052,0.183102,0.104804,0.118757,0.076890,0.059969,0.080481
0.089032,0.107108,0.114710,0.119985,0.059674,0.115205,0.123296,0.085538,0.065074,0.120377
0.135187,0.225740,0.164455,0.056996,0.038708,0.113460,0.049247,0.059286,0.086959,0.069962
0.018119,0.244683,0.027564,0.017792,0.312053,0.058983,0.238617,0.029581,0.034899,0.017709
0.063969,0.106407,0.095414,0.080825,0.061620,0.118908,0.285794,0.045991,0.074122,0.066950
0.049382,0.099617,0.291255,0.102819,0.083001,0.080057,0.072020,0.053840,0.068664,0.099347
0.029158,0.101393,0.034217,0.099935,0.103000,0.352554,0.105087,0.081554,0.036509,0.056593
0.080935,0.088487,0.243557,0.039463,0.051221,0.082405,0.128937,0.078043,0.071789,0.135162
0.093267,0.090943,0.120010,0.117399,0.090925,0.106626,0.108008,0.115096,0.050947,0.106779
0.030402,0.092766,0.066187,0.113830,0.125188,0.148079,0.151931,0.123782,0.051698,0.096136
0.057081,0.345091,0.121556,0.091993,0.039605,0.053184,0.092861,0.062912,0.091138,0.044579
0.031272,0.281817,0.078230,0.042100,0.025887,0.036815,0.263294,0.021342,0.137997,0.081247
0.042228,0.086512,0.310132,0.103668,0.070962,0.068972,0.090127,0.052109,0.051887,0.123403
0.039110,0.043830,0.254110,0.048776,0.031628,0.184126,0.216136,0.067275,0.041543,0.073466
0.101888,0.051905,0.165440,0.079121,0.058737,0.069062,0.244061,0.074508,0.096244,0.059033
0.056580,0.114715,0.088831,0.081789,0.059579,0.137138,0.097501,0.077672,0.158033,0.128162
0.091485,0.131980,0.029955,0.154105,0.131081,0.131108,0.131182,0.095487,0.041171,0.062445
0.093941,0.056377,0.085714,0.067393,0.049228,0.123883,0.345668,0.062617,0.059284,0.055895
0.144738,0.097745,0.106333,0.082436,0.086213,0.100190,0.086083,0.062767,0.173174,0.060321
0.031895,0.037013,0.053672,0.055600,0.351242,0.097704,0.118720,0.082858,0.126131,0.045165
0.046450,0.172938,0.125783,0.110263,0.065412,0.049026,0.130026,0.138190,0.038819,0.123092
0.032298,0.100556,0.044455,0.117457,0.102488,0.315420,0.103252,0.062067,0.042664,0.079344
0.055168,0.391602,0.041733,0.035032,0.023090,0.047763,0.326311,0.026108,0.031372,0.021821
0.040606,0.271118,0.103770,0.083015,0.061538,0.062230,0.132723,0.061435,0.095492,0.088073
0.059337,0.061085,0.109403,0.060058,0.050121,0.108813,0.313832,0.040535,0.121258,0.075558
0.013709,0.050598,0.599086,0.017896,0.153274,0.069410,0.029673,0.016729,0.020641,0.028984
0.044039,0.207103,0.051593,0.195726,0.135351,0.061887,0.088308,0.063074,0.046192,0.106728
0.031837,0.177962,0.154621,0.040848,0.047536,0.189439,0.171375,0.067546,0.059925,0.058912
0.129636,0.313833,0.047619,0.072644,0.056707,0.114351,0.093458,0.027196,0.074407,0.070148
0.036633,0.385053,0.082707,0.058007,0.038673,0.069251,0.110069,0.080966,0.061478,0.077164
0.022924,0.077784,0.050503,0.033387,0.346717,0.177244,0.214852,0.022214,0.029509,0.024867
0.042787,0.341780,0.108263,0.092091,0.035550,0.062937,0.101252,0.067609,0.079042,0.068689
0.085065,0.351754,0.087746,0.016152,0.019225,0.079072,0.251481,0.019019,0.044315,0.046172
0.079035,0.069178,0.069370,0.093498,0.046418,0.067661,0.328983,0.063724,0.078211,0.103921
0.087770,0.130592,0.104431,0.084373,0.078113,0.135964,0.112718,0.107804,0.057854,0.100381
0.085084,0.079173,0.309230,0.062077,0.043093,0.138125,0.095343,0.044084,0.080654,0.063138
0.159108,0.050643,0.169231,0.030509,0.067886,0.101033,0.201287,0.044430,0.087319,0.088553
0.134749,0.240533,0.160658,0.074600,0.027853,0.098689,0.063458,0.053039,0.070645,0.075776
0.122252,0.110643,0.099493,0.113001,0.097405,0.143274,0.110720,0.029499,0.110361,0.063352
0.079012,0.115069,0.094492,0.116374,0.075382,0.141350,0.089379,0.075528,0.081894,0.131521
0.080932,0.090327,0.051778,0.061376,0.359754,0.079346,0.095534,0.027410,0.081000,0.072543
0.031092,0.023468,0.055129,0.051890,0.343972,0.045121,0.206454,0.038897,0.137926,0.066051
0.125462,0.078543,0.095301,0.054946,0.058980,0.092885,0.130281,0.071257,0.159948,0.132397
0.030777,0.173429,0.307223,0.031581,0.238611,0.046214,0.075231,0.024173,0.032921,0.039842
0.026933,0.092082,0.070085,0.045095,0.116180,0.134827,0.198053,0.086022,0.056777,0.173948
0.047030,0.090072,0.513345,0.020476,0.021782,0.062135,0.046189,0.102880,0.024422,0.071667
0.153758,0.085794,0.106270,0.116292,0.086316,0.138727,0.102070,0.066596,0.073779,0.070397
0.051222,0.150221,0.307928,0.111806,0.042575,0.078321,0.077874,0.080957,0.032286,0.066810
0.027861,0.170064,0.031019,0.138660,0.047678,0.260235,0.134604,0.102725,0.049126,0.038028
0.115611,0.114732,0.116898,0.166591,0.076613,0.082776,0.171788,0.033320,0.074239,0.047433
0.069638,0.092676,0.118773,0.088595,0.112183,0.142233,0.091181,0.100841,0.074039,0.109841
0.033429,0.087347,0.035327,0.123643,0.124094,0.154258,0.272688,0.055280,0.044720,0.069214
0.104216,0.114083,0.115457,0.118286,0.075223,0.101713,0.099444,0.080211,0.079427,0.111940
0.050200,0.105383,0.094670,0.130994,0.137121,0.074422,0.162443,0.032956,0.081530,0.130281
0.055068,0.085092,0.109988,0.104014,0.031805,0.074677,0.335751,0.070434,0.080022,0.053149
0.081534,0.119963,0.098264,0.103663,0.091970,0.145833,0.093413,0.083980,0.099492,0.081888
0.081290,0.209572,0.235625,0.041114,0.062800,0.096332,0.097111,0.051589,0.068773,0.055793
0.056360,0.421734,0.046270,0.024238,0.027249,0.023771,0.345236,0.016539,0.014260,0.024342
0.047268,0.119054,0.134477,0.131718,0.082922,0.057283,0.143145,0.100658,0.079529,0.103946
0.036653,0.069854,0.408115,0.075796,0.020864,0.085123,0.147693,0.022233,0.035071,0.098597
0.054493,0.286589,0.070299,0.083186,0.060696,0.088586,0.077499,0.072962,0.107420,0.098269
0.028533,0.113858,0.054692,0.156249,0.117352,0.143689,0.161101,0.085254,0.056024,0.083248
0.042236,0.097499,0.043119,0.076445,0.082080,0.156561,0.272807,0.048769,0.083231,0.097253
0.054417,0.123018,0.099783,0.121181,0.042938,0.089488,0.098930,0.072042,0.162942,0.135260
0.067034,0.049568,0.058509,0.102842,0.050664,0.133159,0.344366,0.068941,0.051312,0.073607
0.043606,0.088095,0.099312,0.061169,0.081583,0.182841,0.126071,0.093480,0.099052,0.124791
0.085921,0.107166,0.116079,0.103405,0.113260,0.063352,0.129741,0.123932,0.071773,0.085370
0.062475,0.292021,0.119822,0.027435,0.039752,0.040266,0.290456,0.033523,0.044212,0.050039
0.036473,0.064372,0.331095,0.088662,0.074807,0.204207,0.066268,0.055625,0.026249,0.052242
0.076892,0.113403,0.100895,0.118330,0.096491,0.126581,0.122710,0.094715,0.070370,0.079612
0.039152,0.128723,0.037465,0.048540,0.034901,0.282302,0.224387,0.097315,0.033952,0.073264
0.021274,0.051543,0.120061,0.083105,0.237392,0.056153,0.242740,0.030073,0.119813,0.037847
0.072746,0.070398,0.066800,0.114313,0.069115,0.065269,0.292322,0.065647,0.057986,0.125404
0.101520,0.140799,0.088431,0.117131,0.076167,0.109314,0.149066,0.028608,0.109019,0.079945
0.045024,0.063948,0.104883,0.035682,0.035204,0.118504,0.337522,0.058749,0.121530,0.078954
0.083498,0.039780,0.306864,0.066452,0.040003,0.117203,0.143408,0.032005,0.084263,0.086524
0.021480,0.340269,0.070307,0.042739,0.019205,0.067286,0.344837,0.025450,0.045766,0.022661
0.030244,0.087231,0.034396,0.106629,0.047724,0.322741,0.187706,0.041649,0.070489,0.071190
0.049026,0.026282,0.315228,0.061342,0.205478,0.036259,0.134554,0.045892,0.082647,0.043292
0.056947,0.058442,0.287345,0.089215,0.063960,0.072729,0.070393,0.072854,0.117832,0.110284
0.050093,0.055099,0.422046,0.057154,0.024570,0.116928,0.150387,0.031753,0.040369,0.051601
0.029251,0.309900,0.060518,0.027735,0.015502,0.056178,0.260680,0.035630,0.160404,0.044202
0.030503,0.310239,0.020784,0.076535,0.023523,0.028081,0.356083,0.070092,0.026147,0.058013
0.024839,0.044388,0.092675,0.067423,0.354786,0.125238,0.086864,0.057870,0.100208,0.045708
0.023230,0.035837,0.496190,0.085757,0.053314,0.091504,0.066122,0.040732,0.055885,0.051428
0.050867,0.129365,0.284609,0.101557,0.030937,0.079407,0.138985,0.083805,0.033982,0.066485
0.051424,0.085343,0.093487,0.055280,0.051499,0.097620,0.342194,0.052057,0.111884,0.059211
0.042402,0.089635,0.086709,0.154273,0.061314,0.195074,0.134049,0.034125,0.085237,0.117183
0.024985,0.048921,0.043618,0.029400,0.398587,0.056054,0.274629,0.042666,0.037945,0.043195
0.032136,0.034803,0.042647,0.023139,0.359399,0.052573,0.343495,0.022161,0.056821,0.032826
0.027057,0.033436,0.079096,0.071182,0.328878,0.060660,0.310036,0.024752,0.025595,0.039308
0.045673,0.100641,0.051000,0.151098,0.051978,0.047250,0.108986,0.153902,0.122434,0.167037
0.053079,0.052198,0.109557,0.093684,0.070397,0.067075,0.341904,0.058534,0.058528,0.095044
0.027890,0.195525,0.176878,0.035143,0.017768,0.136554,0.222094,0.018481,0.148952,0.020717
0.041240,0.237602,0.242184,0.054928,0.055415,0.076089,0.120522,0.041882,0.040435,0.089701
0.072875,0.268674,0.045273,0.110137,0.090525,0.144533,0.076903,0.050419,0.068746,0.071916
0.038019,0.225186,0.030694,0.099301,0.046323,0.313646,0.094034,0.055875,0.041739,0.055183
0.075388,0.287646,0.175452,0.102353,0.040825,0.062119,0.085383,0.057042,0.051838,0.061954
0.032101,0.122137,0.069833,0.152306,0.065797,0.160509,0.173393,0.031919,0.045590,0.146415
0.023649,0.065129,0.504423,0.059625,0.025445,0.087922,0.051557,0.045220,0.076193,0.060838
0.183862,0.236358,0.074046,0.097936,0.048225,0.105132,0.098345,0.030702,0.079055,0.046339
0.031451,0.131668,0.349189,0.059659,0.078278,0.162974,0.063012,0.039968,0.024237,0.059565
0.031362,0.143536,0.102141,0.124039,0.063083,0.113340,0.230363,0.067541,0.069561,0.055036
0.037058,0.087656,0.087265,0.055472,0.048539,0.069905,0.397838,0.051883,0.112161,0.052222
0.027318,0.080068,0.447639,0.039232,0.203346,0.065939,0.022566,0.080814,0.009145,0.023933
0.078356,0.111330,0.100856,0.127797,0.057473,0.146812,0.105634,0.104474,0.063675,0.103592
0.045972,0.074519,0.076500,0.090829,0.030408,0.051040,0.354683,0.063384,0.153883,0.058782
0.030340,0.119374,0.040470,0.024563,0.478052,0.092222,0.025478,0.020265,0.142400,0.026836
0.049055,0.278039,0.161077,0.012882,0.192092,0.025157,0.220828,0.014510,0.023516,0.022844
0.031614,0.172485,0.077480,0.117982,0.041105,0.123193,0.157132,0.067297,0.035183,0.176529
0.030092,0.067083,0.062755,0.079038,0.303430,0.047504,0.306576,0.026971,0.036180,0.040372
0.031652,0.056280,0.128462,0.124813,0.082501,0.042754,0.317871,0.066057,0.075956,0.073652
0.029144,0.164205,0.058602,0.143591,0.044046,0.133021,0.116687,0.065779,0.151282,0.093644
0.030928,0.114086,0.057545,0.076235,0.119780,0.263600,0.171663,0.078107,0.046856,0.041200
0.084599,0.097027,0.109899,0.151571,0.179336,0.072745,0.122540,0.064123,0.069009,0.049151
0.023762,0.049586,0.531276,0.031970,0.123461,0.114919,0.033831,0.014412,0.031952,0.044829
0.029268,0.080809,0.605344,0.053491,0.044249,0.061136,0.048061,0.021788,0.011336,0.044518
0.036492,0.039937,0.076253,0.022631,0.266790,0.162729,0.265004,0.030079,0.023072,0.077012
0.039988,0.067891,0.540882,0.045678,0.056902,0.070601,0.052416,0.038310,0.044382,0.042950
0.075481,0.056709,0.070451,0.071714,0.350454,0.078267,0.105881,0.061276,0.035892,0.093875
0.043349,0.070613,0.488142,0.017253,0.108114,0.125270,0.044651,0.037757,0.038924,0.025927
0.091458,0.377273,0.040747,0.017016,0.021832,0.019202,0.374361,0.023408,0.021200,0.013502
0.024654,0.453926,0.040818,0.021496,0.015847,0.026461,0.326129,0.032617,0.017986,0.040067
0.057866,0.124729,0.111946,0.135174,0.095885,0.046016,0.115036,0.145642,0.072191,0.095516
0.036255,0.130227,0.122493,0.106597,0.079819,0.052059,0.102809,0.087404,0.164447,0.117890
0.111006,0.119752,0.098490,0.122291,0.082226,0.159515,0.118907,0.029852,0.065054,0.092906
0.057457,0.069080,0.082669,0.088847,0.282244,0.126141,0.147411,0.044545,0.035703,0.065902
0.017850,0.244589,0.030649,0.017430,0.321003,0.065252,0.250022,0.016047,0.016860,0.020297
0.035945,0.219840,0.025043,0.105653,0.118625,0.127639,0.108844,0.127282,0.040575,0.090554
0.028177,0.097354,0.499522,0.063346,0.021037,0.070496,0.060485,0.053091,0.057920,0.048574
0.075267,0.131005,0.061485,0.082667,0.063894,0.055194,0.256497,0.032696,0.062274,0.179020
0.016410,0.017116,0.576288,0.024564,0.132089,0.120911,0.044041,0.020617,0.022033,0.025930
0.052863,0.087704,0.243309,0.093103,0.081036,0.059961,0.192398,0.043289,0.070464,0.075873
0.086220,0.086605,0.091346,0.036278,0.050261,0.070331,0.358479,0.060296,0.085019,0.075165
0.073353,0.124400,0.108964,0.118140,0.134538,0.061992,0.120045,0.086414,0.069220,0.102934
0.038646,0.050147,0.071300,0.088551,0.379900,0.096878,0.077633,0.035070,0.119217,0.042658
0.013506,0.033554,0.705693,0.029352,0.020831,0.060518,0.065158,0.019804,0.021049,0.030535
0.091227,0.056144,0.281729,0.088810,0.055559,0.073118,0.117226,0.059578,0.077840,0.098768
0.054108,0.089132,0.099317,0.058368,0.052499,0.075853,0.369033,0.039775,0.088054,0.073861
0.043496,0.044857,0.077517,0.048891,0.443911,0.061051,0.078162,0.040279,0.064068,0.097769
0.056802,0.318803,0.081668,0.086106,0.073525,0.054469,0.110985,0.058893,0.096990,0.061759
0.070634,0.120147,0.116404,0.096991,0.100291,0.104487,0.110652,0.104721,0.112081,0.063591
0.037909,0.183167,0.096905,0.149716,0.072285,0.063259,0.119271,0.115065,0.076300,0.086123
0.061862,0.085934,0.144162,0.094536,0.083598,0.054029,0.261695,0.031448,0.103195,0.079542
0.027442,0.045037,0.050424,0.165687,0.099040,0.044877,0.418556,0.049506,0.063411,0.036020
0.031280,0.086380,0.051191,0.060163,0.387644,0.175515,0.066400,0.068689,0.039507,0.033231
0.052643,0.068567,0.240326,0.121070,0.077923,0.078560,0.199321,0.063885,0.036884,0.060821
0.116896,0.307059,0.026372,0.041624,0.018618,0.030575,0.327868,0.024087,0.072595,0.034306
0.035651,0.199972,0.141235,0.027018,0.022054,0.063866,0.038207,0.089144,0.313062,0.069792
0.024719,0.091119,0.477073,0.077328,0.030360,0.106984,0.100673,0.030368,0.037931,0.023444
0.051242,0.104715,0.082873,0.048726,0.103318,0.300146,0.135992,0.060690,0.067274,0.045023
0.064169,0.079440,0.110213,0.111287,0.096738,0.144421,0.137623,0.089012,0.090846,0.076251
0.074825,0.199841,0.076663,0.163091,0.121674,0.061223,0.093158,0.075859,0.075991,0.057674
0.040556,0.088415,0.037007,0.140967,0.077069,0.224066,0.159877,0.076189,0.066464,0.089391
0.060520,0.082436,0.053551,0.031827,0.505866,0.071953,0.085378,0.056950,0.021285,0.030235
0.033782,0.030257,0.078388,0.041034,0.365776,0.174709,0.130667,0.037077,0.046187,0.062122
0.069756,0.053551,0.436629,0.019093,0.041221,0.122095,0.067180,0.030620,0.059416,0.100440
0.049329,0.078955,0.074203,0.145919,0.058053,0.178518,0.180668,0.126596,0.039066,0.068692
0.027938,0.059565,0.428668,0.060760,0.034892,0.098807,0.095462,0.053047,0.115357,0.025503
0.057367,0.088943,0.107412,0.054409,0.059711,0.095009,0.323589,0.047364,0.079243,0.086953
0.030063,0.076398,0.376735,0.025150,0.272336,0.066031,0.054674,0.015250,0.056927,0.026436
0.041082,0.120168,0.100083,0.132851,0.064027,0.164190,0.105534,0.065425,0.113854,0.092787
0.074963,0.300290,0.100313,0.030747,0.035794,0.059029,0.313040,0.041893,0.020464,0.023466
0.132192,0.075313,0.254508,0.090987,0.086884,0.084621,0.101982,0.064122,0.054404,0.054986
0.084842,0.111413,0.105954,0.126732,0.101377,0.097722,0.082895,0.077957,0.099835,0.111273
0.049244,0.068161,0.119611,0.061259,0.052618,0.078110,0.356431,0.055176,0.071571,0.087819
0.044166,0.099715,0.034769,0.088949,0.133191,0.159038,0.133501,0.079592,0.161410,0.065670
0.117661,0.062804,0.081905,0.051552,0.070544,0.100382,0.341456,0.058135,0.045371,0.070191
0.034285,0.054748,0.029567,0.111554,0.067971,0.291654,0.232419,0.094753,0.041509,0.041540
0.073640,0.082221,0.257548,0.102514,0.061269,0.073738,0.089791,0.060954,0.126227,0.072100
0.058822,0.091035,0.263682,0.090713,0.065916,0.084372,0.138329,0.068864,0.075986,0.062280
0.032364,0.328442,0.082537,0.048162,0.300412,0.043456,0.043466,0.030681,0.045831,0.044649
0.030154,0.159551,0.322601,0.054578,0.068222,0.091536,0.085198,0.057537,0.052098,0.078526
0.055526,0.154667,0.107950,0.096598,0.116411,0.084194,0.119437,0.084975,0.075564,0.104679
0.110796,0.130206,0.105395,0.112535,0.057739,0.111558,0.108396,0.082066,0.081629,0.099680
0.046724,0.421879,0.035353,0.015367,0.010227,0.026394,0.373484,0.021550,0.018346,0.030677
0.029946,0.040795,0.663207,0.037876,0.018151,0.055959,0.049667,0.038329,0.027917,0.038153
0.039863,0.124549,0.108403,0.067158,0.114935,0.113563,0.125938,0.070754,0.111158,0.123678
0.096896,0.084274,0.287310,0.098384,0.061876,0.075786,0.099027,0.061236,0.056536,0.078676
0.044681,0.083187,0.463487,0.019575,0.052273,0.081698,0.063553,0.057907,0.069774,0.063866
0.095468,0.122848,0.080599,0.125155,0.077763,0.120968,0.137840,0.028077,0.057827,0.153455
0.037705,0.052848,0.086839,0.113328,0.181348,0.289548,0.086532,0.053202,0.055374,0.043276
0.083834,0.073629,0.079933,0.113398,0.057118,0.104994,0.185461,0.026859,0.210515,0.064259
0.060024,0.111927,0.025108,0.110806,0.069280,0.237350,0.207425,0.079771,0.053193,0.045116
0.060818,0.210459,0.057171,0.138574,0.099763,0.069881,0.088203,0.045346,0.044579,0.185206
0.029705,0.424265,0.041429,0.041474,0.014782,0.040126,0.274401,0.018850,0.097979,0.016989
0.074588,0.057911,0.051569,0.130515,0.058883,0.138454,0.098767,0.035932,0.221113,0.132267
0.053983,0.098840,0.368850,0.048832,0.020638,0.109948,0.092869,0.030831,0.133212,0.041995
0.041024,0.160353,0.228647,0.028826,0.076220,0.162442,0.054557,0.044196,0.072751,0.130985
0.033849,0.177030,0.040191,0.151733,0.117804,0.052789,0.149708,0.154764,0.053806,0.068326
0.023022,0.154387,0.061415,0.105192,0.113349,0.236894,0.161738,0.059745,0.029521,0.054737
0.068837,0.122270,0.098605,0.125645,0.059904,0.099010,0.111915,0.092227,0.111164,0.110423
0.037829,0.158310,0.362219,0.049024,0.030577,0.164463,0.079389,0.041683,0.032320,0.044187
0.062296,0.324974,0.094232,0.106826,0.044815,0.074656,0.082936,0.088445,0.063705,0.057116
0.020529,0.033198,0.054610,0.036336,0.390907,0.110365,0.218817,0.065627,0.040884,0.028727
0.018835,0.074650,0.329981,0.028752,0.316402,0.037269,0.103152,0.024324,0.037290,0.029344
0.031314,0.087255,0.044732,0.105677,0.065883,0.251024,0.212702,0.095599,0.033141,0.072673
0.084650,0.238102,0.225504,0.029919,0.059779,0.067852,0.055194,0.065193,0.058405,0.115402
0.069722,0.090805,0.082790,0.100254,0.053925,0.135308,0.123142,0.086029,0.156570,0.101454
0.044764,0.218245,0.058421,0.163233,0.062430,0.058668,0.135634,0.059913,0.066802,0.131890
0.082025,0.051178,0.046404,0.085418,0.038223,0.060379,0.056075,0.086869,0.390978,0.102450
0.077396,0.093825,0.094301,0.094474,0.044871,0.085079,0.303084,0.047801,0.049991,0.109177
0.041939,0.046305,0.058523,0.072542,0.041917,0.053114,0.317848,0.063294,0.257824,0.046694
0.118557,0.125800,0.074407,0.085396,0.057368,0.204664,0.069328,0.036449,0.051828,0.176202
0.063361,0.095580,0.184976,0.054589,0.072950,0.120784,0.245989,0.047205,0.054538,0.060028
0.098022,0.103915,0.064086,0.156031,0.072634,0.156131,0.158879,0.031260,0.057538,0.101504
0.038782,0.298306,0.031148,0.052100,0.103255,0.128397,0.195895,0.043514,0.050928,0.057675
0.084719,0.062046,0.301779,0.119101,0.089436,0.071077,0.145763,0.030483,0.044943,0.050655
0.071080,0.305564,0.104379,0.073757,0.045039,0.091816,0.068782,0.070470,0.067648,0.101464
0.061940,0.127104,0.118575,0.131765,0.064295,0.163897,0.120468,0.071376,0.049955,0.090626
0.026000,0.420227,0.048728,0.015604,0.030495,0.031908,0.331381,0.038169,0.031851,0.025638
0.063587,0.261224,0.034330,0.130807,0.070478,0.104308,0.178867,0.049579,0.034779,0.072042
0.102688,0.122002,0.114509,0.110883,0.064638,0.110793,0.113813,0.102494,0.085012,0.073168
0.023666,0.415786,0.050739,0.052259,0.029855,0.034923,0.326908,0.016466,0.030986,0.018412
0.044311,0.116675,0.089101,0.167812,0.094890,0.048675,0.132451,0.140704,0.073804,0.091576
0.053899,0.317628,0.092588,0.072420,0.028460,0.067990,0.074816,0.058669,0.134206,0.099324
0.107229,0.086073,0.090750,0.069346,0.051158,0.067441,0.351844,0.065331,0.038902,0.071926
0.051428,0.374692,0.040422,0.044018,0.011593,0.020225,0.384046,0.029533,0.021505,0.022538
0.078151,0.130155,0.028947,0.129448,0.105412,0.131003,0.160694,0.137426,0.036197,0.062567
0.031068,0.165644,0.079122,0.103153,0.064106,0.142869,0.211276,0.024636,0.061012,0.117115
0.032345,0.071651,0.285407,0.047871,0.030984,0.150092,0.086847,0.038812,0.186835,0.069156
0.067599,0.047755,0.093435,0.087259,0.279599,0.075106,0.126355,0.039775,0.137210,0.045908
0.154303,0.112197,0.096191,0.098969,0.062048,0.081009,0.095736,0.076634,0.151600,0.071313
0.104013,0.105182,0.251083,0.110538,0.050581,0.117216,0.129627,0.044070,0.039697,0.047992
0.028289,0.048747,0.604438,0.041211,0.053136,0.064312,0.062688,0.026503,0.037817,0.032860
0.106734,0.106212,0.299329,0.079643,0.062683,0.078756,0.090497,0.061221,0.071343,0.043583
0.027267,0.031113,0.042264,0.027705,0.358373,0.089075,0.054994,0.028828,0.315018,0.025363
0.039692,0.162218,0.056553,0.192605,0.111398,0.053523,0.173283,0.097942,0.056691,0.056095
0.072492,0.109747,0.064095,0.129691,0.335551,0.080597,0.073490,0.041460,0.046508,0.046369
0.076514,0.135685,0.105529,0.068696,0.129910,0.053400,0.170611,0.086384,0.082922,0.090350
0.029072,0.076433,0.070681,0.062412,0.257127,0.144830,0.199915,0.049545,0.026343,0.083641
0.033501,0.232532,0.042630,0.056277,0.431585,0.072529,0.041464,0.042313,0.019753,0.027416
0.091061,0.060446,0.095146,0.098756,0.034442,0.130300,0.316064,0.057173,0.041583,0.075028
0.063063,0.078098,0.054154,0.167412,0.141834,0.053607,0.171708,0.131047,0.035768,0.103310
0.039174,0.077108,0.048000,0.036071,0.312803,0.069075,0.287223,0.061964,0.022995,0.045588
0.043784,0.083176,0.034793,0.145305,0.067249,0.047991,0.272413,0.084327,0.123873,0.097087
0.059012,0.278079,0.114846,0.092914,0.071688,0.069705,0.069484,0.065162,0.066725,0.112385
0.086016,0.352627,0.078972,0.093354,0.036512,0.118351,0.069283,0.035280,0.089839,0.039766
0.043746,0.171347,0.237042,0.095484,0.026817,0.156000,0.102157,0.042017,0.066139,0.059251
0.059633,0.068294,0.102137,0.108346,0.042262,0.078678,0.354823,0.055011,0.043441,0.087375
0.029937,0.127352,0.405036,0.064653,0.032466,0.094949,0.095826,0.047173,0.045213,0.057395
0.032008,0.162706,0.034598,0.059072,0.047385,0.138378,0.260176,0.097022,0.058801,0.109855
0.185047,0.161975,0.168274,0.049440,0.043357,0.108491,0.106301,0.074686,0.061095,0.041334
0.112495,0.091735,0.101365,0.091024,0.069749,0.111208,0.096252,0.025322,0.147430,0.153421
0.016171,0.141557,0.044832,0.017505,0.482911,0.078233,0.050703,0.015219,0.130256,0.022612
0.055863,0.067784,0.116617,0.065076,0.050337,0.076406,0.346367,0.074180,0.039666,0.107702
0.079731,0.104171,0.280173,0.068960,0.055497,0.143536,0.097138,0.066188,0.051154,0.053452
0.060807,0.273245,0.064077,0.065723,0.019237,0.097142,0.232936,0.028359,0.113745,0.044727
0.020603,0.111221,0.239636,0.029788,0.028095,0.198228,0.036180,0.048519,0.260684,0.027046
0.016772,0.088602,0.092889,0.064026,0.340061,0.131498,0.107071,0.028457,0.094939,0.035685
0.023063,0.041847,0.040979,0.053609,0.538413,0.084995,0.059505,0.055716,0.034870,0.067001
0.011677,0.042954,0.585980,0.024181,0.150888,0.057827,0.068660,0.008559,0.020039,0.029235
0.051392,0.124215,0.095266,0.126216,0.071173,0.141119,0.132303,0.100129,0.084832,0.073354
0.073621,0.126015,0.100480,0.108586,0.048237,0.129467,0.133480,0.100088,0.097113,0.082913
0.085297,0.105411,0.093468,0.090079,0.093668,0.175037,0.124940,0.084788,0.085009,0.062303
0.094398,0.096221,0.294533,0.067318,0.057716,0.120951,0.072368,0.037891,0.088876,0.069727
0.030768,0.025522,0.334601,0.061734,0.100202,0.168299,0.171015,0.019092,0.060919,0.027846
0.051415,0.140408,0.070604,0.138065,0.073720,0.158086,0.119302,0.079673,0.079026,0.089701
0.034354,0.120932,0.040462,0.085601,0.094722,0.130595,0.249685,0.091003,0.076141,0.076506
0.035857,0.059236,0.024937,0.163326,0.092901,0.280349,0.127418,0.090867,0.048987,0.076123
0.062820,0.189185,0.227480,0.097773,0.047789,0.128225,0.070643,0.078931,0.044338,0.052816
0.058266,0.119319,0.115975,0.086999,0.087192,0.117947,0.142190,0.083174,0.088716,0.100221
0.025893,0.043787,0.498332,0.029499,0.193123,0.112895,0.036622,0.024933,0.014214,0.020703
0.067785,0.365231,0.077399,0.069332,0.032767,0.110274,0.053472,0.049028,0.104533,0.070179
0.035298,0.049416,0.074527,0.070415,0.046132,0.112281,0.360162,0.062012,0.123657,0.066101
0.034979,0.212922,0.276380,0.042421,0.125416,0.055362,0.106384,0.058783,0.040843,0.046511
0.042690,0.122823,0.087568,0.115642,0.090690,0.061320,0.205855,0.145708,0.039502,0.088201
0.119571,0.116377,0.084866,0.115747,0.054168,0.058655,0.282293,0.058366,0.036809,0.073148
0.065731,0.104712,0.057527,0.040424,0.303907,0.247301,0.046745,0.041551,0.036267,0.055836
0.032276,0.150299,0.366680,0.040491,0.063335,0.117290,0.081786,0.052691,0.031916,0.063236
0.051785,0.143893,0.073574,0.087593,0.091034,0.164249,0.122813,0.088310,0.079908,0.096841
0.058162,0.124583,0.112102,0.104963,0.076939,0.160956,0.106967,0.065874,0.088190,0.101263
0.046926,0.119191,0.108978,0.120405,0.056465,0.107285,0.104572,0.095917,0.170738,0.069522
0.076797,0.287003,0.190456,0.034777,0.053486,0.073190,0.061563,0.060876,0.083607,0.078245
0.033923,0.173903,0.040155,0.140783,0.115974,0.059204,0.261139,0.051289,0.046501,0.077130
0.095032,0.147365,0.082363,0.098650,0.062247,0.119977,0.101029,0.108368,0.079727,0.105244
0.039227,0.109111,0.515507,0.047770,0.015647,0.107041,0.044370,0.028420,0.041994,0.050913
0.040579,0.109997,0.079663,0.148891,0.070383,0.114113,0.117510,0.124264,0.084623,0.109976
0.046040,0.235751,0.249307,0.044320,0.062087,0.059736,0.080016,0.068828,0.070731,0.083184
0.058665,0.051199,0.232195,0.054345,0.076316,0.128813,0.151560,0.059821,0.062844,0.124243
0.037915,0.121077,0.312981,0.060349,0.036446,0.151319,0.101081,0.048490,0.053804,0.076539
0.086087,0.182076,0.038975,0.114679,0.100524,0.155815,0.109828,0.029914,0.053920,0.128181
0.072556,0.176285,0.043172,0.057785,0.053897,0.145957,0.208994,0.111865,0.061440,0.068048
0.054892,0.291000,0.104587,0.118720,0.072180,0.058233,0.094131,0.060677,0.079189,0.066390
0.043500,0.088862,0.123407,0.121491,0.050390,0.039179,0.333582,0.068235,0.051057,0.080298
0.039850,0.332519,0.051197,0.022006,0.020731,0.031777,0.311412,0.029779,0.143469,0.017260
0.087180,0.304005,0.115939,0.117955,0.044721,0.046876,0.065650,0.094274,0.048456,0.074944
0.057923,0.122645,0.085107,0.105584,0.075154,0.156184,0.107058,0.080698,0.094109,0.115539
0.068374,0.100005,0.142562,0.135805,0.104639,0.086739,0.129924,0.031244,0.101598,0.099109
0.068030,0.135127,0.110326,0.087170,0.061941,0.108596,0.111701,0.114974,0.085681,0.116454
0.096733,0.098251,0.090621,0.097419,0.073418,0.058456,0.116435,0.078477,0.180332,0.109857
0.027591,0.194233,0.060617,0.157385,0.065626,0.173607,0.152355,0.069151,0.033082,0.066354
0.065104,0.065923,0.044805,0.085209,0.038215,0.067393,0.110271,0.074792,0.386787,0.061501
0.048750,0.051575,0.416942,0.068873,0.144008,0.060971,0.049405,0.042922,0.078839,0.037716
0.030292,0.176698,0.031708,0.063484,0.078630,0.247010,0.181117,0.089055,0.046968,0.055038
0.025426,0.038235,0.553980,0.051117,0.081713,0.073953,0.046689,0.036662,0.053258,0.038967
0.047697,0.069972,0.050185,0.058220,0.043172,0.131204,0.117677,0.043417,0.362691,0.075764
0.038334,0.069745,0.452904,0.029747,0.042381,0.081296,0.121328,0.077982,0.043360,0.042924
0.029300,0.395729,0.074230,0.102707,0.071815,0.043133,0.048676,0.044831,0.076705,0.112873
0.033589,0.073594,0.064150,0.042073,0.452513,0.110533,0.050488,0.049302,0.062297,0.061461
0.026674,0.124137,0.070975,0.092831,0.078947,0.064594,0.224790,0.177555,0.102446,0.037051
0.072612,0.056539,0.074034,0.046434,0.329569,0.124717,0.079908,0.073212,0.050796,0.092179
0.082853,0.091499,0.244672,0.104175,0.051308,0.089336,0.102255,0.065307,0.093111,0.075483
0.103333,0.093586,0.123225,0.144593,0.083082,0.045146,0.125164,0.132005,0.040134,0.109732
0.061964,0.112125,0.061689,0.167825,0.137720,0.064926,0.214274,0.039741,0.065242,0.074494
0.042029,0.107319,0.135674,0.081624,0.079074,0.131590,0.186904,0.100208,0.071927,0.063650
0.020660,0.242651,0.064285,0.051567,0.300327,0.123046,0.062796,0.030993,0.033478,0.070196
0.040511,0.133391,0.048150,0.172756,0.072399,0.193455,0.169035,0.037647,0.048742,0.083914
0.086648,0.113965,0.078993,0.116844,0.073772,0.088905,0.088704,0.072845,0.148453,0.130873
0.031070,0.150590,0.038477,0.133205,0.069875,0.229949,0.126524,0.115676,0.048940,0.055693
0.038526,0.116942,0.043246,0.044378,0.079806,0.069535,0.249935,0.156962,0.144513,0.056157
0.026546,0.259367,0.055267,0.057289,0.290537,0.144888,0.096500,0.025096,0.023047,0.021464
0.054360,0.216358,0.242497,0.044538,0.014578,0.091300,0.218295,0.026667,0.028511,0.062896
0.059866,0.162940,0.130905,0.074856,0.097745,0.049227,0.130692,0.103868,0.067353,0.122547
0.058356,0.079759,0.083864,0.070748,0.046760,0.104950,0.313831,0.047209,0.094329,0.100193
0.091349,0.291172,0.085747,0.053532,0.058243,0.089793,0.097749,0.074664,0.058945,0.098805
0.151418,0.105774,0.172322,0.033684,0.038466,0.067406,0.174021,0.038175,0.108907,0.109827
0.086746,0.070912,0.207802,0.093287,0.050561,0.085423,0.180011,0.050643,0.118645,0.055970
0.049593,0.071063,0.371381,0.078184,0.087117,0.102491,0.073552,0.049018,0.060129,0.057472
0.064210,0.037036,0.443817,0.049171,0.070611,0.139779,0.098904,0.025631,0.018560,0.052281
0.051791,0.141755,0.056601,0.124687,0.053931,0.131270,0.203318,0.028869,0.074571,0.133208
0.064390,0.049893,0.095949,0.077220,0.052124,0.055130,0.372726,0.040279,0.106472,0.085815
0.101306,0.410668,0.039452,0.034318,0.015900,0.033033,0.313551,0.017651,0.012052,0.022070
0.020689,0.242378,0.087963,0.071593,0.330110,0.046938,0.047111,0.065808,0.029743,0.057666
0.044597,0.225652,0.052665,0.076700,0.153539,0.064046,0.146850,0.114630,0.051361,0.069961
0.050809,0.131394,0.112913,0.076111,0.068893,0.073537,0.251236,0.062108,0.079276,0.093722
0.052369,0.101304,0.079563,0.112631,0.070235,0.170844,0.147441,0.148612,0.047667,0.069334
0.073382,0.090579,0.034822,0.153307,0.155852,0.152135,0.164736,0.057912,0.044028,0.073248
0.035536,0.079264,0.404225,0.028045,0.089383,0.071084,0.083449,0.072181,0.047603,0.089231
0.031329,0.411233,0.061791,0.047793,0.016817,0.024636,0.339508,0.023849,0.015195,0.027849
0.070637,0.309830,0.104556,0.079226,0.068522,0.096055,0.100106,0.038797,0.049178,0.083093
0.046787,0.045776,0.287787,0.082689,0.069065,0.171561,0.133048,0.054891,0.062259,0.046137
0.089475,0.065219,0.099533,0.069474,0.043558,0.130953,0.251819,0.074524,0.083439,0.092005
0.059262,0.042739,0.476259,0.043762,0.048546,0.078029,0.120607,0.026805,0.048038,0.055952
0.038770,0.229004,0.046456,0.119626,0.136946,0.060386,0.106281,0.109146,0.080642,0.072742
0.055068,0.071236,0.081003,0.108769,0.037097,0.046292,0.315372,0.051356,0.171881,0.061924
0.102145,0.171120,0.036506,0.120872,0.120755,0.047746,0.089364,0.166333,0.061329,0.083829
0.074458,0.073148,0.065875,0.058693,0.066991,0.086171,0.367056,0.066724,0.059130,0.081756
0.098482,0.372963,0.070456,0.078727,0.059151,0.090263,0.058718,0.040794,0.098338,0.032108
0.034290,0.043382,0.072587,0.038364,0.326631,0.209514,0.125563,0.027612,0.024087,0.097970
0.112499,0.046023,0.290460,0.084949,0.077907,0.063443,0.125085,0.033262,0.051973,0.114400
0.039349,0.092055,0.041517,0.131889,0.109456,0.190516,0.149478,0.093351,0.080772,0.071617
0.097794,0.081935,0.034572,0.180897,0.049995,0.210580,0.158383,0.052804,0.049522,0.083519
0.043767,0.265483,0.066746,0.123577,0.059538,0.058986,0.113291,0.172228,0.048333,0.048052
0.146078,0.044242,0.164218,0.085032,0.056938,0.089708,0.204961,0.064803,0.111543,0.032477
0.017477,0.080673,0.616885,0.025386,0.014336,0.069205,0.072228,0.051230,0.023667,0.028912
0.062155,0.223825,0.051382,0.039108,0.395062,0.065063,0.059052,0.045829,0.029171,0.029354
0.090265,0.098808,0.367095,0.049809,0.046280,0.134996,0.094769,0.042445,0.020897,0.054637
0.100607,0.083643,0.034832,0.187873,0.053062,0.159495,0.126121,0.172507,0.040314,0.041547
0.042324,0.066709,0.096157,0.101448,0.254674,0.077223,0.139299,0.070721,0.032742,0.118704
0.089944,0.068994,0.253519,0.095642,0.076123,0.120917,0.097596,0.045543,0.039159,0.112563
0.016235,0.020819,0.089873,0.033577,0.374166,0.137049,0.169717,0.026021,0.108540,0.024004
0.055330,0.096749,0.106757,0.097830,0.054305,0.109856,0.290405,0.039883,0.041349,0.107537
0.025299,0.311867,0.044701,0.019271,0.325635,0.123864,0.053914,0.021653,0.019189,0.054607
0.046447,0.110774,0.136407,0.104823,0.134560,0.053830,0.133060,0.125474,0.059288,0.095336
0.102564,0.165089,0.086181,0.142343,0.069251,0.065853,0.125985,0.103416,0.048335,0.090983
0.041238,0.138093,0.092833,0.084216,0.105006,0.113231,0.142030,0.110337,0.050880,0.122137
0.033619,0.042657,0.273149,0.047506,0.236028,0.110795,0.166040,0.029027,0.034479,0.026701
0.029808,0.355453,0.014925,0.027431,0.056088,0.066915,0.367740,0.035337,0.021213,0.025090
0.067455,0.151446,0.124785,0.072901,0.068787,0.123583,0.164173,0.078369,0.050379,0.098121
0.066208,0.162042,0.034456,0.088578,0.052071,0.132210,0.250943,0.076551,0.031557,0.105384
0.034298,0.061390,0.080497,0.058543,0.422123,0.080519,0.102375,0.041785,0.034418,0.084052
0.101144,0.092910,0.042333,0.137105,0.130545,0.051412,0.180453,0.154289,0.045933,0.063877
0.034059,0.014769,0.047772,0.023404,0.363136,0.070895,0.094368,0.027711,0.312104,0.011783
0.155058,0.174826,0.044596,0.035902,0.024545,0.069417,0.057468,0.064894,0.338014,0.035280
0.054757,0.027104,0.324071,0.061605,0.088682,0.189324,0.092163,0.057202,0.022824,0.082268
0.071372,0.181447,0.061401,0.112068,0.096772,0.051268,0.135827,0.080978,0.144456,0.064412
0.051179,0.099123,0.139378,0.151097,0.072022,0.078731,0.150047,0.091733,0.059695,0.106993
0.035601,0.151845,0.030239,0.089903,0.067713,0.228091,0.085619,0.047669,0.120528,0.142792
0.091649,0.069535,0.217933,0.101821,0.035847,0.070453,0.211689,0.038563,0.050024,0.112486
0.103261,0.098204,0.088868,0.071651,0.092968,0.134842,0.137155,0.029042,0.088492,0.155517
0.058738,0.110263,0.359027,0.087584,0.052046,0.119146,0.081056,0.036480,0.042787,0.052874
0.045195,0.047272,0.510019,0.085710,0.024703,0.074706,0.104782,0.028972,0.030131,0.048510
0.147599,0.287350,0.085060,0.063511,0.036355,0.081860,0.038018,0.061984,0.147160,0.051103
0.032804,0.306624,0.033424,0.038637,0.026424,0.073750,0.338262,0.059206,0.052083,0.038786
0.021068,0.425232,0.042541,0.041413,0.031286,0.037088,0.348210,0.024798,0.013727,0.014637
0.038340,0.159325,0.277649,0.089532,0.039154,0.095651,0.093278,0.065053,0.061077,0.080942
0.099660,0.108769,0.122053,0.144636,0.078323,0.078602,0.129914,0.076656,0.061717,0.099671
0.023879,0.130151,0.443214,0.062421,0.017781,0.073778,0.051405,0.040087,0.105548,0.051735
0.077178,0.172555,0.212640,0.096417,0.063817,0.103582,0.107232,0.066750,0.029410,0.070420
0.025554,0.310734,0.044805,0.031926,0.172873,0.019898,0.315550,0.020856,0.012809,0.044994
0.062737,0.253858,0.076974,0.099329,0.086928,0.065377,0.095685,0.108681,0.071551,0.078881
0.036325,0.190396,0.032546,0.134938,0.048323,0.230521,0.090617,0.064556,0.042115,0.129663
0.059411,0.061317,0.255480,0.097423,0.070370,0.069405,0.090981,0.053324,0.155909,0.086380
0.046531,0.216985,0.315529,0.045119,0.092766,0.063082,0.074678,0.034293,0.050666,0.060351
0.054915,0.371421,0.087021,0.040629,0.056588,0.065243,0.126062,0.059681,0.046274,0.092166
0.032723,0.176940,0.039777,0.105439,0.035541,0.269483,0.143404,0.084074,0.066983,0.045637
0.035447,0.122905,0.053601,0.026926,0.553223,0.096885,0.040957,0.020561,0.024013,0.025481
0.061774,0.091985,0.065979,0.076493,0.355774,0.069307,0.065359,0.067745,0.094605,0.050979
0.061116,0.215550,0.239619,0.012640,0.058241,0.153554,0.172582,0.015198,0.052302,0.019198
0.036474,0.053898,0.320834,0.109687,0.065514,0.087259,0.143713,0.053883,0.061571,0.067166
0.034038,0.145216,0.061010,0.143178,0.042890,0.120439,0.177140,0.029347,0.169161,0.077581
0.033898,0.065793,0.396099,0.109497,0.081187,0.076130,0.088353,0.039113,0.049289,0.060641
0.098978,0.074201,0.271018,0.057690,0.082914,0.131144,0.095901,0.047909,0.057495,0.082750
0.188885,0.099664,0.059164,0.107705,0.088227,0.152721,0.101922,0.023788,0.126075,0.051848
0.100077,0.057332,0.044288,0.071520,0.033875,0.095357,0.063891,0.058947,0.379319,0.095395
0.046645,0.059545,0.077608,0.076473,0.043075,0.059456,0.326111,0.051125,0.164785,0.095177
