0.014799,0.357726,0.627476
0.139004,0.860994,0.000002
0.485723,0.510931,0.003347
0.997533,0.002467,0.000000
0.335506,0.651186,0.013308
0.000417,0.999507,0.000076
0.001692,0.040062,0.958245
0.536892,0.461461,0.001647
0.786372,0.193347,0.020281
0.995654,0.004343,0.000003
0.007919,0.016016,0.976065
0.984107,0.012661,0.003232
0.000623,0.987334,0.012043
0.627634,0.372352,0.000014
0.998258,0.001742,0.000000
0.367061,0.632930,0.000010
0.366630,0.633364,0.000006
0.418274,0.490205,0.091521
0.341882,0.581410,0.076708
0.725962,0.268907,0.005132
0.003193,0.996191,0.000616
0.995145,0.004855,0.000000
0.380520,0.610215,0.009265
0.007497,0.015425,0.977078
0.976609,0.023239,0.000152
0.975607,0.021723,0.002670
0.359476,0.640524,0.000000
0.872627,0.126670,0.000703
0.550156,0.422858,0.026986
0.001328,0.990156,0.008516
0.012527,0.790443,0.197030
0.001120,0.026306,0.972574
0.595912,0.392761,0.011327
0.997594,0.002406,0.000000
0.000005,0.000013,0.999982
0.174408,0.823882,0.001710
0.415935,0.574433,0.009631
0.999055,0.000945,0.000000
0.912692,0.087263,0.000046
0.996915,0.003085,0.000000
0.986126,0.013872,0.000002
0.000057,0.000220,0.999723
0.977301,0.022699,0.000000
0.004671,0.149141,0.846187
0.662218,0.337751,0.000032
0.046342,0.148566,0.805093
0.081704,0.918294,0.000002
0.000004,0.000004,0.999992
0.993509,0.006491,0.000000
0.240354,0.746501,0.013146
0.006526,0.866821,0.126652
0.472299,0.527686,0.000015
0.990268,0.009731,0.000000
0.996841,0.003158,0.000001
0.961791,0.038210,0.000000
0.997679,0.002321,0.000000
0.984285,0.015715,0.000000
0.263137,0.736727,0.000135
0.005391,0.981505,0.013104
0.932800,0.067161,0.000039
0.195065,0.785200,0.019735
0.572724,0.427270,0.000005
0.997872,0.002128,0.000000
0.998762,0.001238,0.000000
0.370526,0.629474,0.000000
0.994608,0.005392,0.000000
0.000571,0.002714,0.996715
0.997916,0.002072,0.000012
0.994300,0.005694,0.000005
0.002796,0.961770,0.035434
0.527616,0.461708,0.010676
0.313643,0.686348,0.000009
0.081790,0.380024,0.538186
0.673142,0.293029,0.033829
0.020058,0.754129,0.225813
0.191412,0.808269,0.000319
0.319926,0.680074,0.000000
0.005502,0.176374,0.818124
0.173416,0.826523,0.000061
0.005708,0.987648,0.006644
0.468600,0.530453,0.000947
0.987608,0.012392,0.000000
0.922789,0.077211,0.000000
0.503083,0.496885,0.000032
0.522830,0.477141,0.000029
0.987929,0.012071,0.000000
0.996235,0.003765,0.000000
0.038211,0.147214,0.814575
0.005436,0.323380,0.671183
0.991411,0.008589,0.000000
0.035317,0.631313,0.333370
0.993690,0.006310,0.000000
0.007523,0.008418,0.984059
0.996022,0.003978,0.000000
0.403048,0.576606,0.020346
0.996906,0.003094,0.000000
0.951710,0.019499,0.028791
0.996167,0.003833,0.000000
0.992239,0.007761,0.000000
0.996068,0.003932,0.000000
0.487129,0.085732,0.427139
0.303228,0.696771,0.000002
0.997141,0.002859,0.000000
0.269325,0.722525,0.008150
0.000640,0.998472,0.000889
0.992118,0.007882,0.000001
0.001051,0.001711,0.997238
0.544715,0.455285,0.000000
0.996980,0.003020,0.000000
0.165451,0.788696,0.045853
0.997153,0.002847,0.000000
0.391438,0.608562,0.000000
0.996936,0.003064,0.000000
0.984573,0.015353,0.000075
0.004170,0.979080,0.016749
0.007658,0.024802,0.967540
0.995560,0.004440,0.000000
0.330153,0.641397,0.028450
0.002757,0.148827,0.848416
0.277090,0.687273,0.035637
0.991955,0.008045,0.000000
0.112136,0.887431,0.000433
0.000366,0.000965,0.998670
0.000534,0.999349,0.000117
0.307650,0.119860,0.572490
0.015222,0.216264,0.768514
0.950347,0.049652,0.000001
0.002819,0.006422,0.990759
0.001446,0.996122,0.002432
0.002718,0.973025,0.024257
0.000035,0.000094,0.999871
0.000340,0.000023,0.999638
0.562335,0.436089,0.001575
0.204677,0.795320,0.000003
0.956628,0.043365,0.000007
0.006063,0.708665,0.285271
0.003681,0.848148,0.148172
0.003109,0.440621,0.556270
0.994720,0.005280,0.000001
0.212447,0.787552,0.000001
0.006452,0.891426,0.102122
0.107701,0.842311,0.049988
0.549370,0.449526,0.001104
0.612264,0.385902,0.001834
0.103791,0.883928,0.012280
0.957111,0.017667,0.025222
0.000081,0.000010,0.999909
0.311409,0.686394,0.002197
0.852013,0.147467,0.000519
0.614143,0.378041,0.007816
0.115047,0.884945,0.000007
0.033881,0.306701,0.659418
0.998159,0.001841,0.000000
0.486333,0.513641,0.000026
0.034709,0.717512,0.247779
0.007411,0.905592,0.086997
0.836779,0.162926,0.000295
0.013793,0.506855,0.479352
0.490513,0.509164,0.000323
0.996771,0.003229,0.000000
0.996330,0.003670,0.000000
0.980355,0.015799,0.003847
0.010586,0.024834,0.964580
0.026822,0.041140,0.932037
0.006888,0.250134,0.742978
0.000012,0.000001,0.999988
0.024853,0.072211,0.902936
0.001332,0.005026,0.993641
0.000219,0.999201,0.000580
0.000298,0.999584,0.000117
0.997743,0.002257,0.000000
0.987366,0.012601,0.000032
0.989623,0.010377,0.000000
0.000002,0.000002,0.999996
0.005779,0.893301,0.100920
0.832261,0.167710,0.000029
0.004388,0.004417,0.991195
0.965552,0.022576,0.011872
0.021629,0.055098,0.923274
0.284678,0.667367,0.047955
0.189166,0.810833,0.000001
0.984125,0.015562,0.000314
0.027733,0.578171,0.394097
0.031394,0.079876,0.888730
0.983851,0.016149,0.000000
0.143334,0.856655,0.000011
0.001422,0.006565,0.992014
0.246898,0.750588,0.002514
0.995368,0.004633,0.000000
0.993187,0.006542,0.000271
0.649659,0.348366,0.001975
0.015233,0.833983,0.150784
0.000657,0.002632,0.996711
0.223982,0.766059,0.009959
0.001032,0.998894,0.000074
0.002013,0.051266,0.946721
0.000634,0.000797,0.998569
0.983742,0.016258,0.000000
0.995958,0.004042,0.000000
0.231837,0.530505,0.237658
0.993397,0.006586,0.000017
0.000947,0.006594,0.992459
0.000598,0.001374,0.998027
0.000359,0.000091,0.999550
0.993520,0.006480,0.000000
0.000136,0.000015,0.999850
0.105439,0.881135,0.013426
0.032539,0.506511,0.460949
0.996452,0.003548,0.000000
0.002364,0.993662,0.003974
0.990292,0.009708,0.000000
0.998219,0.001781,0.000000
0.246499,0.753493,0.000008
0.997486,0.002513,0.000000
0.207135,0.792861,0.000004
0.605022,0.393876,0.001102
0.984766,0.015234,0.000000
0.264277,0.295123,0.440601
0.010735,0.743371,0.245893
0.324560,0.668130,0.007310
0.912656,0.064696,0.022648
0.997628,0.002372,0.000000
0.000236,0.998481,0.001283
0.005310,0.007858,0.986832
0.996871,0.003129,0.000000
0.987997,0.012003,0.000000
0.000125,0.000012,0.999863
0.995010,0.004990,0.000000
0.000004,0.000003,0.999993
0.000012,0.000001,0.999986
0.748000,0.251770,0.000230
0.385499,0.393658,0.220843
0.000820,0.998170,0.001010
0.000022,0.000006,0.999972
0.002252,0.001292,0.996456
0.386123,0.612239,0.001638
0.995243,0.004755,0.000003
0.992807,0.007193,0.000000
0.996657,0.003343,0.000000
0.367166,0.608246,0.024589
0.557741,0.442259,0.000000
0.084053,0.595474,0.320474
0.005338,0.118188,0.876473
0.991412,0.008583,0.000006
0.380575,0.619222,0.000203
0.997187,0.002813,0.000000
0.984138,0.015853,0.000009
0.000192,0.000502,0.999306
0.145150,0.851879,0.002971
0.010561,0.814620,0.174819
0.431668,0.202124,0.366208
0.244032,0.755381,0.000587
0.992630,0.007329,0.000040
0.395800,0.601880,0.002320
0.835987,0.162179,0.001834
0.492479,0.507510,0.000011
0.993745,0.006255,0.000000
0.000354,0.999551,0.000094
0.435868,0.557915,0.006217
0.995602,0.004398,0.000000
0.000580,0.999379,0.000041
0.998085,0.001915,0.000000
0.383651,0.616345,0.000004
0.381837,0.618163,0.000000
0.000314,0.998488,0.001198
0.997735,0.002265,0.000000
0.959461,0.040476,0.000063
0.003524,0.021870,0.974606
0.000004,0.000003,0.999994
0.996779,0.003221,0.000000
0.790034,0.195284,0.014682
0.000112,0.000016,0.999872
0.982445,0.017555,0.000000
0.039989,0.611135,0.348875
0.881010,0.118303,0.000687
0.000034,0.000052,0.999914
0.997419,0.002581,0.000000
0.000200,0.003623,0.996176
0.038915,0.860665,0.100420
0.391214,0.608782,0.000004
0.969839,0.030137,0.000024
0.007312,0.393962,0.598727
0.462082,0.497009,0.040910
0.526435,0.473564,0.000001
0.383506,0.616494,0.000000
0.227248,0.497898,0.274854
0.205772,0.794226,0.000002
0.825555,0.169649,0.004796
0.550194,0.449000,0.000806
0.152370,0.683755,0.163874
0.992312,0.007688,0.000000
0.176737,0.731473,0.091790
0.235052,0.764946,0.000001
0.973649,0.026351,0.000000
0.004124,0.935643,0.060234
0.008815,0.189270,0.801916
0.000002,0.000003,0.999995
0.008303,0.147244,0.844453
0.046948,0.161037,0.792015
0.997868,0.002132,0.000000
0.988064,0.011936,0.000000
0.988614,0.011386,0.000000
0.774495,0.197096,0.028410
0.064785,0.671666,0.263549
0.996035,0.003965,0.000000
0.240384,0.480678,0.278939
0.995428,0.004572,0.000000
0.471056,0.526578,0.002366
0.994863,0.005137,0.000000
0.033033,0.124556,0.842411
0.284561,0.715434,0.000005
0.244094,0.755905,0.000000
0.036990,0.607871,0.355139
0.991776,0.008224,0.000000
0.742114,0.257326,0.000560
0.000126,0.000130,0.999745
0.834344,0.165271,0.000385
0.995297,0.004703,0.000000
0.997175,0.002826,0.000000
0.992172,0.007828,0.000000
0.129609,0.848412,0.021978
0.795043,0.170477,0.034480
0.991522,0.008478,0.000000
0.008761,0.004727,0.986512
0.993293,0.006707,0.000000
0.585792,0.414182,0.000026
0.342511,0.631335,0.026155
0.895243,0.103203,0.001554
0.965026,0.034939,0.000035
0.756338,0.243365,0.000297
0.367893,0.615137,0.016971
0.684982,0.315007,0.000011
0.000280,0.998952,0.000768
0.491799,0.505249,0.002952
0.993962,0.006038,0.000000
0.989394,0.010581,0.000025
0.995153,0.004847,0.000000
0.986350,0.013634,0.000016
0.862945,0.137044,0.000011
0.000103,0.000186,0.999711
0.000060,0.000219,0.999721
0.761723,0.235990,0.002286
0.004042,0.001120,0.994837
0.000083,0.000106,0.999811
0.016286,0.128625,0.855088
0.201594,0.797793,0.000612
0.039794,0.442917,0.517289
0.109395,0.307024,0.583581
0.036197,0.319566,0.644237
0.994987,0.005013,0.000000
0.998294,0.001706,0.000000
0.973575,0.021012,0.005413
0.991783,0.008217,0.000000
0.006629,0.169026,0.824345
0.989492,0.010504,0.000004
0.991534,0.008466,0.000000
0.995727,0.004273,0.000000
0.066668,0.451127,0.482204
0.020434,0.384562,0.595004
0.009294,0.761475,0.229230
0.998561,0.001439,0.000000
0.338035,0.661965,0.000001
0.347570,0.652427,0.000003
0.627056,0.372821,0.000123
0.460873,0.536682,0.002445
0.958062,0.041937,0.000002
0.015529,0.091385,0.893085
0.532239,0.417212,0.050549
0.099952,0.900046,0.000002
0.000384,0.999528,0.000088
0.001153,0.044795,0.954052
0.534030,0.446419,0.019550
0.653853,0.342280,0.003867
0.990047,0.009953,0.000000
0.996906,0.003094,0.000000
0.828445,0.156492,0.015063
0.001955,0.986107,0.011938
0.157413,0.712580,0.130006
0.397545,0.587009,0.015446
0.694339,0.305660,0.000001
0.008333,0.004480,0.987187
0.573735,0.422487,0.003778
0.475741,0.523056,0.001204
0.873040,0.125519,0.001440
0.197353,0.802641,0.000006
0.151985,0.848014,0.000001
0.000011,0.000024,0.999965
0.969208,0.030781,0.000011
0.997330,0.002670,0.000000
0.996236,0.003764,0.000000
0.338421,0.647389,0.014191
0.391280,0.608648,0.000072
0.027561,0.077188,0.895251
0.011511,0.742568,0.245921
0.000617,0.001147,0.998236
0.997693,0.002307,0.000000
0.000000,0.000000,1.000000
0.987103,0.012897,0.000000
0.003664,0.145034,0.851302
0.529896,0.470104,0.000000
0.011752,0.598328,0.389920
0.995226,0.004772,0.000002
0.989111,0.008015,0.002875
0.995528,0.004472,0.000000
0.000376,0.008108,0.991516
0.000637,0.994495,0.004868
0.988107,0.011893,0.000000
0.761752,0.238196,0.000052
0.000839,0.005780,0.993382
0.988092,0.011885,0.000023
0.034828,0.735291,0.229881
0.001769,0.025588,0.972643
0.005326,0.020595,0.974080
0.378786,0.201279,0.419935
0.990451,0.009547,0.000002
0.997612,0.002388,0.000000
0.525194,0.474790,0.000016
0.988268,0.011732,0.000000
0.978170,0.021830,0.000000
0.000183,0.000010,0.999807
0.153960,0.846038,0.000002
0.001538,0.986018,0.012444
0.000256,0.997743,0.002000
0.511523,0.487645,0.000832
0.981525,0.018469,0.000007
0.000219,0.000133,0.999648
0.563253,0.436480,0.000266
0.001574,0.951495,0.046931
0.370470,0.601680,0.027850
0.755344,0.243544,0.001112
0.982443,0.017557,0.000000
0.151047,0.724535,0.124418
0.433515,0.565942,0.000543
0.261136,0.156520,0.582344
0.019859,0.805833,0.174308
0.000018,0.000022,0.999961
0.013451,0.715508,0.271042
0.480602,0.516788,0.002610
0.680444,0.297812,0.021744
0.888045,0.111725,0.000231
0.803303,0.187908,0.008790
0.980945,0.019055,0.000000
0.000035,0.000061,0.999904
0.233029,0.766963,0.000007
0.022082,0.092515,0.885402
0.971111,0.028884,0.000005
0.008729,0.978472,0.012799
0.212979,0.786545,0.000476
0.003608,0.951388,0.045004
0.442939,0.555571,0.001490
0.004500,0.250253,0.745247
0.990833,0.009167,0.000000
0.004278,0.128849,0.866873
0.451685,0.536385,0.011930
0.032822,0.496251,0.470927
0.236698,0.762569,0.000733
0.992271,0.007729,0.000000
0.976650,0.023347,0.000003
0.001703,0.007771,0.990526
0.480161,0.509400,0.010439
0.000368,0.002991,0.996641
0.292007,0.706714,0.001279
0.008064,0.769366,0.222570
0.934375,0.065625,0.000001
0.986556,0.013440,0.000004
0.273553,0.726445,0.000002
0.029019,0.750064,0.220917
0.374362,0.625541,0.000098
0.008683,0.464728,0.526590
0.987086,0.012914,0.000000
0.013750,0.290222,0.696028
0.000313,0.000913,0.998774
0.000909,0.994630,0.004461
0.015851,0.006060,0.978089
0.981392,0.018608,0.000000
0.190546,0.675346,0.134108
0.016630,0.024109,0.959261
0.994830,0.003368,0.001802
0.992569,0.007404,0.000027
0.444708,0.475010,0.080282
0.152524,0.835805,0.011671
0.382371,0.610336,0.007293
0.034294,0.060257,0.905449
0.556616,0.441535,0.001850
0.006442,0.223431,0.770127
0.230948,0.698349,0.070703
0.019932,0.221819,0.758250
0.996496,0.003504,0.000000
0.995398,0.004602,0.000000
0.243904,0.753767,0.002330
0.002928,0.046044,0.951028
0.008318,0.977675,0.014007
0.964696,0.035294,0.000010
0.987068,0.012904,0.000028
0.001328,0.986864,0.011808
0.997202,0.002798,0.000000
0.000086,0.000008,0.999906
0.987241,0.011107,0.001652
0.001082,0.943936,0.054982
0.116305,0.006402,0.877293
0.008899,0.620397,0.370704
0.003784,0.982924,0.013293
0.210687,0.788772,0.000541
0.974284,0.025715,0.000000
0.407390,0.592609,0.000001
0.824772,0.175220,0.000009
0.946697,0.053300,0.000003
0.998139,0.001861,0.000000
0.593515,0.406419,0.000066
0.379143,0.600327,0.020530
0.066447,0.645190,0.288363
0.991635,0.008364,0.000001
0.001154,0.985828,0.013018
0.998268,0.001731,0.000000
0.003764,0.346360,0.649876
0.997916,0.002084,0.000000
0.924864,0.075136,0.000001
0.997111,0.002889,0.000000
0.011717,0.105710,0.882573
0.328696,0.671089,0.000215
0.525827,0.472978,0.001195
0.254536,0.724008,0.021455
0.986430,0.013570,0.000000
0.379879,0.620090,0.000032
0.992749,0.007251,0.000000
0.273790,0.724356,0.001854
0.945356,0.033014,0.021630
0.793109,0.199408,0.007483
0.030720,0.074768,0.894512
0.219832,0.607889,0.172279
0.996082,0.003918,0.000000
0.991710,0.008290,0.000000
0.205309,0.756093,0.038598
0.640463,0.359080,0.000457
0.996463,0.003537,0.000000
0.000677,0.997239,0.002085
0.985816,0.014183,0.000001
0.988418,0.011582,0.000001
0.331607,0.660845,0.007548
0.801354,0.156645,0.042001
0.224549,0.775417,0.000034
0.901349,0.092494,0.006158
0.426501,0.573377,0.000123
0.044570,0.610414,0.345015
0.252133,0.737958,0.009909
0.575555,0.423051,0.001394
0.383637,0.616362,0.000001
0.997693,0.002307,0.000000
0.240162,0.759837,0.000001
0.991488,0.008512,0.000000
0.961775,0.038208,0.000017
0.990867,0.009133,0.000000
0.013749,0.558354,0.427896
0.381335,0.591168,0.027496
0.127439,0.429573,0.442988
0.989827,0.010173,0.000000
0.978760,0.013575,0.007665
0.413890,0.586108,0.000002
0.013507,0.812637,0.173856
0.996585,0.003415,0.000000
0.033370,0.374677,0.591953
0.992782,0.007218,0.000000
0.008873,0.747224,0.243902
0.000043,0.000003,0.999954
0.014728,0.791331,0.193941
0.975287,0.024713,0.000000
0.088798,0.900953,0.010249
0.018893,0.097371,0.883735
0.264952,0.617202,0.117846
0.337547,0.662452,0.000000
0.013756,0.060047,0.926197
0.000334,0.999440,0.000226
0.419822,0.580144,0.000034
0.019847,0.035796,0.944358
0.415856,0.569394,0.014751
0.991249,0.008751,0.000000
0.393502,0.606497,0.000000
0.006324,0.052189,0.941487
0.009905,0.745709,0.244386
0.201359,0.798640,0.000001
0.383382,0.616617,0.000001
0.125165,0.724988,0.149847
0.447741,0.544873,0.007386
0.520246,0.022363,0.457392
0.987873,0.012127,0.000000
0.989149,0.010851,0.000000
0.996924,0.003076,0.000000
0.004287,0.016066,0.979647
0.954438,0.030799,0.014763
0.487531,0.511728,0.000741
0.241808,0.734531,0.023661
0.001716,0.002671,0.995613
0.144811,0.843849,0.011339
0.013530,0.297023,0.689447
0.997917,0.002083,0.000000
0.989867,0.010133,0.000000
0.377210,0.614079,0.008711
0.996163,0.003837,0.000000
0.419722,0.573459,0.006819
0.003996,0.992886,0.003118
0.973052,0.026940,0.000008
0.001773,0.061775,0.936453
0.285811,0.710089,0.004101
0.785735,0.214222,0.000043
0.077588,0.584606,0.337807
0.996859,0.003137,0.000004
0.998180,0.001807,0.000013
0.128308,0.866801,0.004891
0.128150,0.866957,0.004892
0.996442,0.003558,0.000000
0.998642,0.001358,0.000000
0.004476,0.005829,0.989696
0.000017,0.000002,0.999981
0.424631,0.571131,0.004238
0.015234,0.144044,0.840722
0.002760,0.069095,0.928145
0.887266,0.112615,0.000119
0.109362,0.890427,0.000211
0.057761,0.280291,0.661948
0.967744,0.032256,0.000000
0.235111,0.764883,0.000005
0.001353,0.995875,0.002772
0.138900,0.860978,0.000122
0.924839,0.075155,0.000005
0.006824,0.156571,0.836606
0.682300,0.317589,0.000111
0.986807,0.013180,0.000014
0.986795,0.013205,0.000000
0.014284,0.259701,0.726015
0.345470,0.654419,0.000111
0.197468,0.800332,0.002201
0.991996,0.008004,0.000000
0.993419,0.006581,0.000000
0.000167,0.005566,0.994267
0.425024,0.574975,0.000001
0.049710,0.792639,0.157651
0.114611,0.883798,0.001591
0.009220,0.208045,0.782735
0.382115,0.612181,0.005704
0.000212,0.000036,0.999752
0.993801,0.006199,0.000000
0.001446,0.837738,0.160816
0.243381,0.756609,0.000009
0.000008,0.000013,0.999979
0.998157,0.001843,0.000000
0.000570,0.995478,0.003952
0.998534,0.001466,0.000000
0.121389,0.877722,0.000889
0.000596,0.000031,0.999373
0.923901,0.040945,0.035154
0.989408,0.010592,0.000000
0.095549,0.904303,0.000148
0.991148,0.008852,0.000000
0.208728,0.371779,0.419492
0.186676,0.811205,0.002119
0.336335,0.663664,0.000001
0.994272,0.005728,0.000000
0.601237,0.398741,0.000022
0.987632,0.012368,0.000000
0.986269,0.013709,0.000023
0.991374,0.008613,0.000013
0.993653,0.006347,0.000000
0.556042,0.443884,0.000074
0.019657,0.044701,0.935641
0.985079,0.014351,0.000570
0.660971,0.315332,0.023698
0.986372,0.013600,0.000028
0.000604,0.992703,0.006693
0.979338,0.020662,0.000000
0.884956,0.115020,0.000023
0.975031,0.024969,0.000000
0.048201,0.143886,0.807913
0.237210,0.742987,0.019803
0.004564,0.101721,0.893715
0.004125,0.004928,0.990947
0.001860,0.011912,0.986228
0.997811,0.002189,0.000000
0.014523,0.873721,0.111756
0.289513,0.702711,0.007777
0.995193,0.004807,0.000000
0.252884,0.735922,0.011194
0.986988,0.013012,0.000000
0.181758,0.817277,0.000966
0.001931,0.003753,0.994316
0.971520,0.027335,0.001145
0.001778,0.002759,0.995464
0.019868,0.786741,0.193391
0.469061,0.530786,0.000153
0.009162,0.798195,0.192643
0.850890,0.147722,0.001388
0.243438,0.684175,0.072387
0.264769,0.720565,0.014666
0.000013,0.000001,0.999987
0.938723,0.061266,0.000011
0.998087,0.001913,0.000000
0.236649,0.763351,0.000000
0.696338,0.302984,0.000678
0.952456,0.047539,0.000006
0.995074,0.004926,0.000000
0.007455,0.839517,0.153027
0.279954,0.720043,0.000003
0.002109,0.015121,0.982769
0.994739,0.005261,0.000000
0.561747,0.296567,0.141686
0.018927,0.404120,0.576953
0.996957,0.003043,0.000000
0.993565,0.006435,0.000000
0.006164,0.795057,0.198779
0.004292,0.914424,0.081284
0.541247,0.342372,0.116381
0.003527,0.838207,0.158266
0.992780,0.007220,0.000000
0.029599,0.264266,0.706135
0.985567,0.014433,0.000000
0.415263,0.584646,0.000090
0.555295,0.444610,0.000094
0.622019,0.358949,0.019032
0.917138,0.060365,0.022497
0.001755,0.917195,0.081050
0.000810,0.012361,0.986829
0.477181,0.522523,0.000296
0.514782,0.485168,0.000049
0.289308,0.710692,0.000000
0.087537,0.909939,0.002524
0.012484,0.368520,0.618997
0.028634,0.065577,0.905789
0.078843,0.760328,0.160829
0.990723,0.009277,0.000000
0.996915,0.003085,0.000000
0.255073,0.744926,0.000001
0.154801,0.845192,0.000007
0.104074,0.713297,0.182630
0.968328,0.031427,0.000245
0.005991,0.801387,0.192622
0.995879,0.004121,0.000000
0.943292,0.056633,0.000075
0.666740,0.333171,0.000089
0.012347,0.316136,0.671517
0.987387,0.012613,0.000000
0.078989,0.656402,0.264609
0.742686,0.256531,0.000783
0.000776,0.003445,0.995779
0.514526,0.481200,0.004274
0.000096,0.000279,0.999625
0.006987,0.016321,0.976692
0.000233,0.000009,0.999758
0.996422,0.003576,0.000002
0.001635,0.991804,0.006562
0.008236,0.011053,0.980712
0.010022,0.861187,0.128792
0.396003,0.603444,0.000553
0.995974,0.004026,0.000000
0.056047,0.489026,0.454926
0.000181,0.997609,0.002210
0.019152,0.612773,0.368075
0.997410,0.002590,0.000000
0.019431,0.051589,0.928980
0.985615,0.014385,0.000000
0.000588,0.000032,0.999380
0.024492,0.116512,0.858997
0.828862,0.169081,0.002056
0.486266,0.513734,0.000000
0.208742,0.791256,0.000001
0.993594,0.006406,0.000000
0.395222,0.604773,0.000005
0.986720,0.013280,0.000000
0.982629,0.017371,0.000000
0.296094,0.687242,0.016665
0.984416,0.015584,0.000000
0.993052,0.006946,0.000002
0.006990,0.899631,0.093379
0.182613,0.682240,0.135147
0.134334,0.865639,0.000027
0.608673,0.391323,0.000004
0.649980,0.349852,0.000168
0.005839,0.009589,0.984572
0.996598,0.003402,0.000000
0.000150,0.000441,0.999410
0.081696,0.524904,0.393400
0.135266,0.860234,0.004500
0.485290,0.514705,0.000005
0.269685,0.730312,0.000003
0.009787,0.016757,0.973456
0.000048,0.000147,0.999805
0.001161,0.993252,0.005588
0.996999,0.003001,0.000000
0.427874,0.452811,0.119315
0.998102,0.001898,0.000000
0.000045,0.000062,0.999893
0.009527,0.671663,0.318811
0.994232,0.005768,0.000000
0.367023,0.632835,0.000143
0.995635,0.004365,0.000000
0.311182,0.688788,0.000030
0.972140,0.027860,0.000000
0.997784,0.002216,0.000000
0.996143,0.003857,0.000000
0.170965,0.829034,0.000001
0.007716,0.014844,0.977439
0.000118,0.000328,0.999554
0.000045,0.000154,0.999801
0.006476,0.930750,0.062775
0.967187,0.032812,0.000001
0.998768,0.001232,0.000000
0.004683,0.887834,0.107482
0.968908,0.031091,0.000000
0.293098,0.678704,0.028198
0.590749,0.408412,0.000839
0.010905,0.609922,0.379173
0.997590,0.002410,0.000000
0.669344,0.329876,0.000780
0.998544,0.001457,0.000000
0.997757,0.002228,0.000015
0.996537,0.003463,0.000000
0.060611,0.369287,0.570102
0.311297,0.688519,0.000184
0.037282,0.202614,0.760104
0.248555,0.751123,0.000322
0.994141,0.005859,0.000000
0.314564,0.685417,0.000019
0.161289,0.838703,0.000008
0.000001,0.000001,0.999997
0.982827,0.017130,0.000043
0.002599,0.011195,0.986206
0.991154,0.008846,0.000000
0.989720,0.010280,0.000000
0.001337,0.000929,0.997735
0.387674,0.600570,0.011756
0.995645,0.004355,0.000000
0.995729,0.004271,0.000000
0.007524,0.249461,0.743015
0.907701,0.092280,0.000019
0.141715,0.786463,0.071822
0.943412,0.054494,0.002093
0.982396,0.017604,0.000000
0.388157,0.611835,0.000008
0.995661,0.004339,0.000000
0.685440,0.314277,0.000282
0.623073,0.376886,0.000041
0.008583,0.323670,0.667747
0.967806,0.021753,0.010440
0.426713,0.572817,0.000470
0.966029,0.019428,0.014543
0.347617,0.638089,0.014294
0.981276,0.018724,0.000000
0.991076,0.008924,0.000000
0.196935,0.801718,0.001347
0.989932,0.010068,0.000000
0.001460,0.997909,0.000631
0.515231,0.478396,0.006373
0.435456,0.564543,0.000000
0.350679,0.649267,0.000054
0.996521,0.003479,0.000000
0.868951,0.130974,0.000076
0.991415,0.008584,0.000001
0.970107,0.029893,0.000000
0.003815,0.020699,0.975487
0.996614,0.003386,0.000000
0.993433,0.006566,0.000000
0.000058,0.000318,0.999624
0.813538,0.186423,0.000039
0.001207,0.982286,0.016508
0.924897,0.070689,0.004413
0.537898,0.417002,0.045100
0.982040,0.017960,0.000000
0.000001,0.000000,0.999999
0.268442,0.731558,0.000000
0.984467,0.015533,0.000000
0.341988,0.658012,0.000000
0.001172,0.004039,0.994789
0.051201,0.743933,0.204866
0.798923,0.201059,0.000018
0.789246,0.210167,0.000587
0.561794,0.358641,0.079566
0.591276,0.407054,0.001670
0.988641,0.011360,0.000000
0.066162,0.597785,0.336053
0.916808,0.083120,0.000072
0.001014,0.997909,0.001077
0.876992,0.042688,0.080319
0.996796,0.003204,0.000000
0.012425,0.060855,0.926721
0.002279,0.005114,0.992607
0.046547,0.174331,0.779122
0.998854,0.001146,0.000000
0.256997,0.743000,0.000003
0.960678,0.009580,0.029741
0.295258,0.704729,0.000013
0.004088,0.574547,0.421366
0.801393,0.100009,0.098597
0.061013,0.937062,0.001925
0.987682,0.012318,0.000000
0.997744,0.002256,0.000000
0.007491,0.536536,0.455973
0.725964,0.274036,0.000000
0.007238,0.021676,0.971086
0.000459,0.000270,0.999271
0.536985,0.462429,0.000586
0.987695,0.012305,0.000000
0.987044,0.012956,0.000000
0.991505,0.008495,0.000000
0.996895,0.003105,0.000000
0.695344,0.303466,0.001190
0.992421,0.007578,0.000001
0.990463,0.009531,0.000006
0.940096,0.029471,0.030433
0.020689,0.551111,0.428200
0.007674,0.022076,0.970250
0.003126,0.068229,0.928645
0.965884,0.034114,0.000002
0.474184,0.506918,0.018898
0.996995,0.003005,0.000000
0.984132,0.015868,0.000000
0.001769,0.107176,0.891055
0.943708,0.056291,0.000000
0.007212,0.441268,0.551520
0.997384,0.002616,0.000000
0.988083,0.011917,0.000000
0.000011,0.000007,0.999982
0.279278,0.720721,0.000000
0.010992,0.061516,0.927492
0.304386,0.577074,0.118540
0.549274,0.450723,0.000004
0.001818,0.055294,0.942889
0.980889,0.019111,0.000000
0.994804,0.005196,0.000000
0.000322,0.000206,0.999472
0.994999,0.005001,0.000000
0.995992,0.004008,0.000000
0.993729,0.006266,0.000005
0.444881,0.554790,0.000329
0.997142,0.002858,0.000000
0.589302,0.334526,0.076173
0.449073,0.548223,0.002704
0.500876,0.477645,0.021479
0.000229,0.000103,0.999668
0.000589,0.000743,0.998668
0.913899,0.085067,0.001034
0.001274,0.017587,0.981139
0.000706,0.001479,0.997815
0.000396,0.995686,0.003918
0.012988,0.340047,0.646965
0.992210,0.007790,0.000000
0.000062,0.000008,0.999930
0.142520,0.812342,0.045138
0.991362,0.008638,0.000000
0.752939,0.247059,0.000002
0.021210,0.907433,0.071358
0.559701,0.440293,0.000007
0.942585,0.007656,0.049758
0.000612,0.996480,0.002909
0.232831,0.741632,0.025537
0.997217,0.002783,0.000000
0.558677,0.441323,0.000000
0.980491,0.019509,0.000000
0.157643,0.323971,0.518386
0.001271,0.018191,0.980539
0.989337,0.010663,0.000000
0.970639,0.024756,0.004605
0.380110,0.619490,0.000400
0.099439,0.900559,0.000002
0.047893,0.133560,0.818547
0.003087,0.497861,0.499052
0.000300,0.998817,0.000884
0.000006,0.000002,0.999992
0.982401,0.017599,0.000000
0.002979,0.167195,0.829827
0.000074,0.000052,0.999874
0.005794,0.287259,0.706947
0.844505,0.150689,0.004806
0.084281,0.915706,0.000013
0.013861,0.670059,0.316080
0.240781,0.759219,0.000000
0.994386,0.005614,0.000000
0.318450,0.681549,0.000001
0.996674,0.003326,0.000000
0.730177,0.269817,0.000006
0.254615,0.745385,0.000000
0.000008,0.000015,0.999977
0.982408,0.017569,0.000023
0.000011,0.000001,0.999989
0.393077,0.504776,0.102147
0.997974,0.002026,0.000000
0.990933,0.009067,0.000000
0.004485,0.984473,0.011042
0.001668,0.005670,0.992662
0.132295,0.801250,0.066455
0.964174,0.035752,0.000075
0.996175,0.003825,0.000000
0.010189,0.878317,0.111493
0.011979,0.125807,0.862214
0.182251,0.816489,0.001259
0.056232,0.595733,0.348035
0.019094,0.331421,0.649485
0.080115,0.410583,0.509303
0.021912,0.560700,0.417388
0.414244,0.396832,0.188924
0.002236,0.386638,0.611126
0.000465,0.999289,0.000246
0.323733,0.676265,0.000002
0.851552,0.135565,0.012883
0.131078,0.744519,0.124403
0.396328,0.603671,0.000001
0.121235,0.411426,0.467339
0.984260,0.015740,0.000000
0.000019,0.000021,0.999960
0.000457,0.000723,0.998820
0.985912,0.012737,0.001351
0.969375,0.030625,0.000000
0.001236,0.008680,0.990084
0.977244,0.022756,0.000000
0.722058,0.275816,0.002126
0.938249,0.061499,0.000252
0.991686,0.008313,0.000001
0.996881,0.003119,0.000000
0.301955,0.696093,0.001952
0.997780,0.002219,0.000001
0.499992,0.499446,0.000561
0.000380,0.003152,0.996467
0.994942,0.005058,0.000000
0.915650,0.083424,0.000926
0.543233,0.456755,0.000011
0.996710,0.003290,0.000000
0.228889,0.771110,0.000001
0.712071,0.286413,0.001516
0.629531,0.369729,0.000740
0.004900,0.026337,0.968763
0.184353,0.815638,0.000009
0.121545,0.241769,0.636686
0.000047,0.000002,0.999951
0.421610,0.578390,0.000000
0.998192,0.001808,0.000000
0.479986,0.520014,0.000000
0.000039,0.000075,0.999886
0.000013,0.000004,0.999983
0.965512,0.034488,0.000000
0.958330,0.041670,0.000000
0.000036,0.000048,0.999917
0.013460,0.159174,0.827366
0.204022,0.795957,0.000021
0.961883,0.016541,0.021576
0.000044,0.000070,0.999886
0.315011,0.683481,0.001508
0.006766,0.807396,0.185838
0.017938,0.649029,0.333033
0.914779,0.085211,0.000009
0.011755,0.688840,0.299405
0.007299,0.144794,0.847908
0.608285,0.390054,0.001661
0.410542,0.588941,0.000517
0.000089,0.000155,0.999756
0.684156,0.310599,0.005245
0.009448,0.033005,0.957548
0.033895,0.094705,0.871400
0.374860,0.618359,0.006781
0.503399,0.496558,0.000043
0.000449,0.999403,0.000148
0.017014,0.635120,0.347866
0.038816,0.673694,0.287490
0.000661,0.000118,0.999221
0.996181,0.003819,0.000000
0.008030,0.237898,0.754073
0.490603,0.508948,0.000449
0.997333,0.002667,0.000000
0.175640,0.179003,0.645358
0.213944,0.786054,0.000002
0.012332,0.698666,0.289002
0.006714,0.356201,0.637085
0.000442,0.999483,0.000074
0.421977,0.577997,0.000026
0.023480,0.885998,0.090522
0.038915,0.759740,0.201345
0.259546,0.740453,0.000000
0.459536,0.540157,0.000307
0.131461,0.722915,0.145623
0.455554,0.544446,0.000000
0.003797,0.013264,0.982939
0.063777,0.935852,0.000371
0.028234,0.488207,0.483559
0.002462,0.964725,0.032813
0.001858,0.997842,0.000300
0.858140,0.141820,0.000040
0.855094,0.060093,0.084813
0.000488,0.998892,0.000620
0.990338,0.009661,0.000001
0.842494,0.157467,0.000039
0.837157,0.156923,0.005920
0.049787,0.560964,0.389249
0.185168,0.111272,0.703560
0.147787,0.762409,0.089804
0.376123,0.620719,0.003159
0.001539,0.998019,0.000442
0.986116,0.013884,0.000000
0.414430,0.584046,0.001524
0.976993,0.023006,0.000001
0.011623,0.052662,0.935715
0.691978,0.303628,0.004395
0.007911,0.630200,0.361888
0.000666,0.999094,0.000241
0.322198,0.674427,0.003374
0.541204,0.458631,0.000165
0.285756,0.713409,0.000835
0.531438,0.468070,0.000492
0.979727,0.020253,0.000020
0.002763,0.996799,0.000438
0.820464,0.179531,0.000004
0.293032,0.706925,0.000043
0.597024,0.069815,0.333161
0.006921,0.410514,0.582565
0.381079,0.618921,0.000000
0.002184,0.007105,0.990711
0.028546,0.098360,0.873094
0.465620,0.534380,0.000000
0.977106,0.022894,0.000000
0.028587,0.521727,0.449687
0.994911,0.005089,0.000000
0.285467,0.709781,0.004752
0.681154,0.317531,0.001315
0.986126,0.013873,0.000000
0.996639,0.003361,0.000000
0.991411,0.008588,0.000000
0.123633,0.876364,0.000003
0.261172,0.738686,0.000142
0.002837,0.971741,0.025422
0.992728,0.007272,0.000000
0.000612,0.003816,0.995572
0.984263,0.015725,0.000012
0.987828,0.012172,0.000000
0.872214,0.125967,0.001819
0.967714,0.032058,0.000227
0.233658,0.766341,0.000001
0.000005,0.000006,0.999990
0.998009,0.001991,0.000000
0.051141,0.366603,0.582256
0.078589,0.593732,0.327678
0.016427,0.906413,0.077160
0.998201,0.001799,0.000000
0.002512,0.933338,0.064150
0.648347,0.350910,0.000743
0.610798,0.305886,0.083316
0.000358,0.008922,0.990720
0.903275,0.096298,0.000427
0.905968,0.093059,0.000973
0.996087,0.003913,0.000000
0.006005,0.017218,0.976777
0.701577,0.298421,0.000002
0.000908,0.001661,0.997432
0.996092,0.003908,0.000000
0.019964,0.102473,0.877563
0.259812,0.732247,0.007942
0.019143,0.079290,0.901567
0.990636,0.009364,0.000000
0.988767,0.007656,0.003577
0.994313,0.005687,0.000000
0.474700,0.525061,0.000238
0.072596,0.923037,0.004367
0.996613,0.003387,0.000000
0.989578,0.010411,0.000011
0.000654,0.999031,0.000315
0.022846,0.493782,0.483372
0.784087,0.215913,0.000000
0.009221,0.015517,0.975263
0.995102,0.004898,0.000000
0.007366,0.055315,0.937319
0.001105,0.998484,0.000411
0.027089,0.101770,0.871141
0.600266,0.397190,0.002544
0.002202,0.006248,0.991549
0.965176,0.034824,0.000000
0.934376,0.065608,0.000017
0.000139,0.000216,0.999645
0.998006,0.001994,0.000000
0.961493,0.038504,0.000002
0.154258,0.816571,0.029172
0.998888,0.001112,0.000000
0.197702,0.788031,0.014267
0.992891,0.007109,0.000000
0.013215,0.578911,0.407874
0.228410,0.771590,0.000000
0.001398,0.997997,0.000606
0.000237,0.000610,0.999153
0.996618,0.003382,0.000000
0.000884,0.002924,0.996192
0.987080,0.012920,0.000000
0.134482,0.785898,0.079620
0.994087,0.005892,0.000022
0.008199,0.266815,0.724987
0.000486,0.996664,0.002850
0.090160,0.909801,0.000039
0.177973,0.822021,0.000006
0.785698,0.201769,0.012533
0.575692,0.288940,0.135368
0.900497,0.003558,0.095945
0.995328,0.004672,0.000000
0.992940,0.007060,0.000000
0.000004,0.000005,0.999991
0.997404,0.002596,0.000000
0.362523,0.637469,0.000008
0.990740,0.009260,0.000000
0.016931,0.836622,0.146447
0.302664,0.697328,0.000007
0.000366,0.999351,0.000283
0.338991,0.079797,0.581212
0.990506,0.009492,0.000002
0.039519,0.867426,0.093054
0.001939,0.000788,0.997274
0.464430,0.535570,0.000000
0.230113,0.758188,0.011698
0.030292,0.667142,0.302565
0.000002,0.000002,0.999996
0.001103,0.000188,0.998709
0.343226,0.570993,0.085781
0.395283,0.604577,0.000140
0.001092,0.997826,0.001082
0.000000,0.000000,1.000000
0.641222,0.304011,0.054766
0.031651,0.531627,0.436721
0.009125,0.385601,0.605274
0.000001,0.000000,0.999999
0.866365,0.133631,0.000004
0.002285,0.985006,0.012709
0.994649,0.005351,0.000000
0.002889,0.968275,0.028836
0.687580,0.310139,0.002281
0.903208,0.096787,0.000005
0.003363,0.684723,0.311914
0.258666,0.678651,0.062683
0.979073,0.020927,0.000000
0.270100,0.569904,0.159996
0.774987,0.218902,0.006110
0.006368,0.011933,0.981699
0.993152,0.006848,0.000000
0.991112,0.008888,0.000000
0.000779,0.034684,0.964537
0.996299,0.003701,0.000000
0.994802,0.005198,0.000000
0.237846,0.762151,0.000003
0.002523,0.079532,0.917945
0.998945,0.001055,0.000000
0.788947,0.210866,0.000187
0.139244,0.860748,0.000008
0.921773,0.078203,0.000024
0.001735,0.044468,0.953798
0.980548,0.019452,0.000000
0.556466,0.443533,0.000000
0.329931,0.616736,0.053333
0.244680,0.755319,0.000001
0.000118,0.000215,0.999667
0.002965,0.119392,0.877643
0.189162,0.810835,0.000003
0.868557,0.131069,0.000375
0.254080,0.745148,0.000772
0.006909,0.017064,0.976027
0.243561,0.756439,0.000001
0.011181,0.552982,0.435837
0.010648,0.388097,0.601254
0.263373,0.736623,0.000005
0.285358,0.048788,0.665854
0.229979,0.768542,0.001479
0.995241,0.004759,0.000000
0.989344,0.010656,0.000000
0.992396,0.007604,0.000000
0.007198,0.425805,0.566997
0.994575,0.005425,0.000000
0.000366,0.000061,0.999573
0.004995,0.959129,0.035876
0.144208,0.685499,0.170293
0.033447,0.343205,0.623348
0.299779,0.700218,0.000003
0.000990,0.984685,0.014325
0.977383,0.022617,0.000000
0.287611,0.486639,0.225751
0.000055,0.000075,0.999870
0.343131,0.428990,0.227879
0.454300,0.540093,0.005607
0.339454,0.658232,0.002314
0.277115,0.716879,0.006005
0.393057,0.605733,0.001211
0.049638,0.430122,0.520240
0.832562,0.167427,0.000011
0.995552,0.004445,0.000002
0.272252,0.727671,0.000077
0.043313,0.243887,0.712800
0.005044,0.112547,0.882409
0.511107,0.488726,0.000167
0.004063,0.116374,0.879563
0.152978,0.847019,0.000003
0.996435,0.003565,0.000000
0.997629,0.002371,0.000000
0.926503,0.073473,0.000024
0.014064,0.636351,0.349586
0.002829,0.001552,0.995619
0.219450,0.359510,0.421041
0.702858,0.296957,0.000185
0.387633,0.607473,0.004894
0.024924,0.376257,0.598819
0.202815,0.797109,0.000075
0.801621,0.193108,0.005271
0.000035,0.000080,0.999885
0.237515,0.742545,0.019940
0.857984,0.037348,0.104668
0.439619,0.560381,0.000000
0.140652,0.752334,0.107014
0.997219,0.002781,0.000000
0.996199,0.003785,0.000016
0.643790,0.356205,0.000005
0.002162,0.044834,0.953004
0.991065,0.008742,0.000193
0.004752,0.010514,0.984733
0.003174,0.957817,0.039009
0.996024,0.003976,0.000000
0.035661,0.481093,0.483246
0.776289,0.183340,0.040371
0.000048,0.000237,0.999715
0.000139,0.000012,0.999849
0.997760,0.002240,0.000000
0.082372,0.706460,0.211168
0.942481,0.057483,0.000035
0.010338,0.876334,0.113328
0.000717,0.007108,0.992175
0.007074,0.890831,0.102095
0.004700,0.020665,0.974636
0.970888,0.029113,0.000000
0.964373,0.035576,0.000052
0.987802,0.012188,0.000010
0.979391,0.020609,0.000000
0.461674,0.538326,0.000000
0.996651,0.003349,0.000000
0.804719,0.015464,0.179817
0.585176,0.414766,0.000058
0.005190,0.671389,0.323421
0.011444,0.614684,0.373872
0.139777,0.859045,0.001178
0.582514,0.365197,0.052289
0.000251,0.001703,0.998046
0.031051,0.697382,0.271567
0.002729,0.924329,0.072943
0.000014,0.000014,0.999973
0.998427,0.001573,0.000000
0.585556,0.414444,0.000000
0.199065,0.800934,0.000000
0.919305,0.020218,0.060477
0.000001,0.000001,0.999998
0.997348,0.002652,0.000000
0.997087,0.002913,0.000000
0.857479,0.141949,0.000572
0.916604,0.083380,0.000017
0.774719,0.225069,0.000213
0.515641,0.484358,0.000001
0.006310,0.027351,0.966339
0.017428,0.825022,0.157550
0.977805,0.022195,0.000000
0.240761,0.759230,0.000009
0.981879,0.018121,0.000000
0.870302,0.124226,0.005471
0.586597,0.412803,0.000601
0.985912,0.014088,0.000000
0.992587,0.007413,0.000000
0.465735,0.243461,0.290804
0.992070,0.007918,0.000012
0.993006,0.006559,0.000435
0.053827,0.839820,0.106354
0.004916,0.088353,0.906732
0.948453,0.051543,0.000004
0.998215,0.001785,0.000000
0.000004,0.000009,0.999987
0.026681,0.166910,0.806409
0.984052,0.015948,0.000000
0.360713,0.638818,0.000468
0.234077,0.765915,0.000008
0.281657,0.716957,0.001385
0.003216,0.956195,0.040589
0.064736,0.760384,0.174880
0.265472,0.734388,0.000140
0.000003,0.000002,0.999995
0.917558,0.082375,0.000067
0.002396,0.595715,0.401889
0.237589,0.762409,0.000002
0.002654,0.053739,0.943607
0.997209,0.002791,0.000000
0.996011,0.003989,0.000000
0.536765,0.462642,0.000592
0.473751,0.526246,0.000003
0.004030,0.965571,0.030399
0.001073,0.986838,0.012089
0.552162,0.447836,0.000003
0.572815,0.038830,0.388355
0.010577,0.765037,0.224386
0.993257,0.006737,0.000005
0.976509,0.023491,0.000000
0.992816,0.007184,0.000000
0.000885,0.999000,0.000115
0.005104,0.050315,0.944581
0.015524,0.059229,0.925247
0.005550,0.013972,0.980478
0.985119,0.014881,0.000000
0.995058,0.004942,0.000000
0.990792,0.009203,0.000005
0.007197,0.051174,0.941629
0.997263,0.002737,0.000000
0.001651,0.996719,0.001630
0.996731,0.003269,0.000000
0.308105,0.665003,0.026892
0.004089,0.325033,0.670878
0.771762,0.176691,0.051546
0.005604,0.138047,0.856350
0.006589,0.970185,0.023226
0.956160,0.043795,0.000044
0.000899,0.997271,0.001830
0.995922,0.004078,0.000000
0.000319,0.004453,0.995229
0.000371,0.999434,0.000195
0.674973,0.324321,0.000706
0.662057,0.328671,0.009271
0.997290,0.002710,0.000000
0.901093,0.098903,0.000005
0.000662,0.998368,0.000971
0.376730,0.623270,0.000000
0.994847,0.005153,0.000000
0.002669,0.988672,0.008659
0.883812,0.031163,0.085024
0.231663,0.768307,0.000029
0.346274,0.653726,0.000000
0.528398,0.469002,0.002601
0.007169,0.036017,0.956814
0.004779,0.976414,0.018807
0.429895,0.568252,0.001853
0.000011,0.000027,0.999962
0.000053,0.000056,0.999891
0.000452,0.001299,0.998249
0.989577,0.010423,0.000000
0.160035,0.459540,0.380425
0.994372,0.005628,0.000000
0.289073,0.710392,0.000535
0.990143,0.009857,0.000000
0.984864,0.015136,0.000000
0.998370,0.001629,0.000000
0.358529,0.584089,0.057383
0.001105,0.984460,0.014435
0.005136,0.306306,0.688559
0.988049,0.011951,0.000000
0.996251,0.003749,0.000000
0.016552,0.038218,0.945230
0.309591,0.671489,0.018920
0.987115,0.012885,0.000000
0.205245,0.794699,0.000056
0.778494,0.220702,0.000804
0.322197,0.677615,0.000188
0.986500,0.013500,0.000000
0.514360,0.453387,0.032253
0.852531,0.147396,0.000073
0.990644,0.009356,0.000000
0.209591,0.790287,0.000122
0.682795,0.317197,0.000008
0.324959,0.632086,0.042955
0.885936,0.112840,0.001224
0.009524,0.365725,0.624750
0.991892,0.008108,0.000000
0.993879,0.006121,0.000000
0.991907,0.008034,0.000059
0.997366,0.002634,0.000000
0.984625,0.015375,0.000000
0.995754,0.004246,0.000000
0.003670,0.977261,0.019069
0.984519,0.015480,0.000001
0.002038,0.997426,0.000536
0.002015,0.992486,0.005499
0.991032,0.008957,0.000011
0.551699,0.402932,0.045369
0.007174,0.136633,0.856193
0.014196,0.463105,0.522698
0.995627,0.004373,0.000000
0.420511,0.579322,0.000168
0.000327,0.998140,0.001533
0.709934,0.289887,0.000178
0.917971,0.082013,0.000016
0.830585,0.169410,0.000005
0.994751,0.005249,0.000000
0.001566,0.001069,0.997364
0.974817,0.025183,0.000000
0.001189,0.003278,0.995533
