0.032925,0.023073,0.187063,0.058938,0.323906,0.138067,0.060121,0.055069,0.058744,0.062093
0.083124,0.085754,0.083933,0.109233,0.116352,0.117579,0.111238,0.123574,0.081455,0.087757
0.053125,0.076564,0.059071,0.129757,0.139196,0.096991,0.162610,0.103461,0.107889,0.071336
0.092859,0.106473,0.083991,0.099997,0.098998,0.111331,0.096806,0.114660,0.094399,0.100485
0.082922,0.091001,0.151149,0.099988,0.090227,0.101055,0.104869,0.075822,0.084683,0.118284
0.081137,0.051985,0.117294,0.140738,0.116656,0.139932,0.051153,0.120898,0.100067,0.080139
0.030412,0.017769,0.230010,0.021380,0.446704,0.048967,0.030876,0.027637,0.119745,0.026498
0.080336,0.119991,0.172945,0.092491,0.087309,0.082229,0.095812,0.095092,0.078953,0.094841
0.068467,0.079809,0.136475,0.076809,0.073803,0.086276,0.085031,0.072062,0.248701,0.072569
0.066426,0.082419,0.068196,0.076073,0.081075,0.312625,0.075157,0.081538,0.077451,0.079040
0.019560,0.030546,0.345259,0.022773,0.412854,0.020313,0.027617,0.072604,0.020506,0.027968
0.060756,0.064087,0.057163,0.064591,0.085077,0.348370,0.068181,0.064824,0.122122,0.064829
0.105808,0.045447,0.066494,0.115973,0.162091,0.212548,0.055956,0.099096,0.063611,0.072976
0.067766,0.108101,0.230692,0.083103,0.084920,0.099111,0.087067,0.075206,0.073889,0.090145
0.106402,0.093892,0.087814,0.095915,0.099038,0.111246,0.090978,0.101143,0.115291,0.098282
0.059755,0.102142,0.084047,0.091209,0.122764,0.098230,0.127425,0.111481,0.115152,0.087794
0.073097,0.104953,0.086305,0.099008,0.129902,0.110076,0.103685,0.120320,0.069424,0.103231
0.058647,0.053969,0.058137,0.071799,0.084396,0.367344,0.074864,0.079987,0.079404,0.071453
0.065755,0.080581,0.067091,0.090224,0.113594,0.228322,0.091157,0.093565,0.089700,0.080011
0.070549,0.063368,0.066880,0.080441,0.099787,0.307871,0.082295,0.072417,0.070637,0.085756
0.098815,0.062198,0.167800,0.100809,0.104946,0.108927,0.064140,0.101852,0.095256,0.095256
0.090882,0.090887,0.134821,0.101310,0.098079,0.103371,0.100772,0.091322,0.091027,0.097529
0.074711,0.100416,0.154271,0.089431,0.087369,0.096657,0.139288,0.091497,0.078499,0.087861
0.020939,0.020788,0.379473,0.019982,0.411820,0.020185,0.026801,0.056904,0.017606,0.025503
0.092323,0.102683,0.063338,0.093156,0.086056,0.185608,0.106178,0.091108,0.082172,0.097379
0.056279,0.064597,0.050908,0.070953,0.062031,0.386588,0.067701,0.116162,0.058889,0.065892
0.075099,0.102897,0.079854,0.101672,0.102489,0.102704,0.112207,0.121235,0.093722,0.108121
0.087392,0.080264,0.176963,0.090267,0.137535,0.095986,0.085290,0.078600,0.077866,0.089838
0.063182,0.082391,0.185588,0.078896,0.072076,0.084708,0.080384,0.073696,0.210198,0.068881
0.070081,0.064787,0.093592,0.102251,0.098089,0.234466,0.079961,0.074308,0.084976,0.097490
0.015151,0.010639,0.210754,0.018836,0.062955,0.582788,0.011297,0.051180,0.017023,0.019375
0.012765,0.010970,0.463743,0.018418,0.405167,0.014349,0.021642,0.014462,0.016089,0.022393
0.075443,0.121740,0.175410,0.087701,0.085286,0.092644,0.091079,0.108424,0.073093,0.089179
0.071992,0.079015,0.074659,0.078135,0.077256,0.289317,0.081951,0.089876,0.075062,0.082737
0.005699,0.007706,0.264143,0.004660,0.684744,0.007292,0.005892,0.005895,0.008683,0.005286
0.075847,0.090070,0.085189,0.099109,0.137411,0.110773,0.155441,0.081253,0.063560,0.101346
0.070312,0.076797,0.076359,0.084372,0.112457,0.233746,0.084872,0.097579,0.074088,0.089418
0.090836,0.089013,0.089066,0.088589,0.088006,0.195588,0.092863,0.090706,0.089057,0.086276
0.068508,0.053039,0.437847,0.060385,0.061173,0.054621,0.066159,0.049016,0.062404,0.086847
0.107980,0.095298,0.092091,0.112256,0.107519,0.101720,0.101612,0.099501,0.083932,0.098089
0.087243,0.084580,0.236506,0.078051,0.077487,0.083768,0.086743,0.078831,0.097811,0.088982
0.001229,0.001829,0.063778,0.001293,0.001832,0.001430,0.002209,0.016883,0.907752,0.001763
0.095529,0.090889,0.074515,0.099551,0.093172,0.107745,0.089950,0.179607,0.086851,0.082191
0.019692,0.010519,0.534783,0.014750,0.327374,0.021053,0.021622,0.015955,0.017487,0.016765
0.074228,0.087073,0.083330,0.105042,0.091117,0.171850,0.102768,0.102312,0.077593,0.104688
0.042098,0.032738,0.296864,0.045241,0.303084,0.037945,0.040423,0.104345,0.036479,0.060783
0.097682,0.084320,0.080834,0.109464,0.107387,0.102508,0.108046,0.123569,0.078630,0.107559
0.031577,0.034542,0.118115,0.031312,0.632255,0.026699,0.038529,0.027804,0.029750,0.029416
0.103514,0.092930,0.085686,0.094014,0.149310,0.105799,0.090447,0.077873,0.108292,0.092136
0.050170,0.076721,0.263900,0.074748,0.062441,0.090138,0.077275,0.181537,0.054285,0.068784
0.039703,0.015086,0.191623,0.034579,0.227331,0.357498,0.014247,0.044789,0.043141,0.032003
0.072805,0.099559,0.084735,0.104228,0.138404,0.111257,0.088616,0.122264,0.072362,0.105769
0.107062,0.091319,0.158823,0.093138,0.088826,0.090147,0.099013,0.087295,0.085372,0.099004
0.085329,0.073420,0.260738,0.075647,0.072624,0.087712,0.082169,0.067314,0.097834,0.097213
0.096578,0.086854,0.153803,0.088093,0.132712,0.104679,0.095146,0.073324,0.076100,0.092710
0.103473,0.093645,0.091521,0.098478,0.109367,0.103249,0.102322,0.108385,0.083388,0.106170
0.075669,0.088189,0.110749,0.108049,0.099954,0.094534,0.095826,0.116741,0.102298,0.107990
0.079211,0.089198,0.072101,0.092970,0.095237,0.218015,0.091422,0.103494,0.074272,0.084080
0.073548,0.036464,0.233550,0.076653,0.148057,0.085079,0.036318,0.066613,0.186246,0.057472
0.069407,0.082045,0.196282,0.082756,0.144518,0.089364,0.084526,0.071737,0.087731,0.091634
0.051583,0.057629,0.379009,0.080189,0.056482,0.081267,0.090336,0.083868,0.050869,0.068767
0.076391,0.087285,0.172057,0.099850,0.099675,0.093528,0.101634,0.081151,0.086594,0.101835
0.090626,0.103962,0.092032,0.102551,0.099833,0.116809,0.099731,0.091265,0.099609,0.103582
0.100940,0.093281,0.119201,0.092086,0.093246,0.092089,0.092608,0.100868,0.103985,0.111697
0.079276,0.099361,0.084378,0.106169,0.103857,0.099819,0.109589,0.115496,0.093045,0.109011
0.087234,0.096049,0.090996,0.110732,0.105345,0.113002,0.102145,0.116282,0.093559,0.084657
0.007016,0.011033,0.117581,0.014693,0.323063,0.407719,0.014477,0.009081,0.086077,0.009259
0.069127,0.076868,0.065886,0.071525,0.072706,0.344495,0.075308,0.074577,0.075686,0.073822
0.089714,0.069486,0.327925,0.068835,0.069803,0.084318,0.077801,0.074821,0.067489,0.069808
0.065655,0.036984,0.065220,0.103779,0.109032,0.321486,0.045151,0.083467,0.077940,0.091287
0.057084,0.070709,0.056238,0.068957,0.068253,0.305787,0.071950,0.071619,0.159283,0.070122
0.101460,0.090120,0.072743,0.114438,0.130492,0.107475,0.077867,0.117374,0.086151,0.101880
0.001883,0.004388,0.438222,0.002142,0.104905,0.412073,0.009478,0.010103,0.002697,0.014111
0.048633,0.064787,0.086818,0.126290,0.104659,0.129661,0.142719,0.086763,0.056896,0.152774
0.016524,0.010708,0.235875,0.027359,0.084564,0.514572,0.011265,0.057201,0.018863,0.023068
0.070687,0.110911,0.087913,0.102023,0.102809,0.114173,0.100920,0.130266,0.081347,0.098951
0.076719,0.098566,0.080248,0.119399,0.109055,0.118425,0.105246,0.108770,0.092187,0.091385
0.025946,0.037694,0.382588,0.026658,0.417944,0.022971,0.011327,0.019339,0.025995,0.029538
0.075513,0.114636,0.082028,0.102685,0.128926,0.121438,0.107872,0.079617,0.076023,0.111261
0.061641,0.058506,0.220844,0.095270,0.155831,0.091469,0.050675,0.105282,0.081177,0.079306
0.080679,0.073395,0.069999,0.079649,0.077888,0.276696,0.059168,0.070582,0.137665,0.074280
0.088598,0.086302,0.075845,0.111716,0.152058,0.104811,0.080029,0.098326,0.107419,0.094896
0.081786,0.083903,0.161282,0.094596,0.134373,0.101659,0.086139,0.084420,0.083631,0.088212
0.082044,0.083445,0.162597,0.091283,0.088885,0.107381,0.116863,0.088584,0.085789,0.093129
0.074662,0.099624,0.249759,0.080121,0.070950,0.079517,0.083950,0.081401,0.079047,0.100969
0.073866,0.084671,0.080277,0.090267,0.092313,0.108013,0.088962,0.200290,0.073224,0.108117
0.101960,0.106851,0.089177,0.098802,0.106405,0.113950,0.101749,0.096536,0.086012,0.098558
0.041921,0.040047,0.295835,0.036998,0.363423,0.034713,0.045559,0.024077,0.028846,0.088581
0.035686,0.037186,0.276413,0.035455,0.341544,0.043895,0.013131,0.034441,0.137378,0.044872
0.087080,0.094537,0.082885,0.096154,0.094181,0.108983,0.100092,0.095048,0.142648,0.098391
0.020520,0.008839,0.537739,0.024437,0.292731,0.027174,0.030262,0.018980,0.016795,0.022523
0.084987,0.091146,0.158782,0.089550,0.091865,0.103689,0.096827,0.091442,0.094064,0.097648
0.008643,0.008890,0.466414,0.004434,0.004897,0.477010,0.009861,0.004921,0.006069,0.008861
0.088038,0.098742,0.089694,0.100777,0.105041,0.114583,0.098403,0.110669,0.092192,0.101861
0.061930,0.096460,0.399590,0.058645,0.059665,0.062735,0.072182,0.063634,0.068303,0.056856
0.086766,0.097658,0.156483,0.093583,0.087395,0.096475,0.089825,0.095767,0.088682,0.107366
0.059468,0.061005,0.053124,0.060533,0.084761,0.390582,0.064950,0.102514,0.057397,0.065668
0.080114,0.091447,0.092402,0.115670,0.101726,0.112059,0.101780,0.121143,0.080464,0.103196
0.086275,0.101096,0.109433,0.105473,0.099213,0.094715,0.102592,0.097281,0.101043,0.102882
0.086343,0.097760,0.091374,0.101755,0.100330,0.113794,0.103825,0.119781,0.084812,0.100225
0.055574,0.065696,0.066576,0.070953,0.130067,0.311270,0.074374,0.078359,0.077465,0.069664
0.112034,0.099600,0.080826,0.100908,0.122885,0.103280,0.110054,0.083391,0.080917,0.106106
0.101423,0.105798,0.089610,0.097481,0.101809,0.100707,0.100690,0.114228,0.084639,0.103616
0.069041,0.114922,0.157912,0.092815,0.127689,0.102519,0.092565,0.073380,0.081352,0.087806
0.058984,0.037945,0.066683,0.115481,0.112398,0.278666,0.035900,0.095932,0.085652,0.112360
0.073728,0.081360,0.077456,0.084939,0.121058,0.236179,0.081000,0.078755,0.078569,0.086955
0.007391,0.008735,0.219809,0.006626,0.004884,0.718911,0.005899,0.005041,0.013415,0.009290
0.077363,0.149037,0.098322,0.100355,0.097553,0.108764,0.100282,0.099691,0.072179,0.096453
0.104183,0.088437,0.153518,0.088011,0.089854,0.099370,0.099750,0.086657,0.100751,0.089469
0.065252,0.099253,0.098397,0.105112,0.096980,0.108366,0.158944,0.082108,0.091664,0.093924
0.081994,0.096959,0.086496,0.095097,0.141982,0.098933,0.092551,0.117507,0.092459,0.096020
0.081289,0.107752,0.101826,0.102011,0.106105,0.113340,0.099889,0.085322,0.094430,0.108036
0.105577,0.099491,0.087692,0.103120,0.096811,0.112064,0.098420,0.094638,0.099727,0.102459
0.076878,0.074296,0.068111,0.074224,0.108881,0.299665,0.073835,0.078426,0.070060,0.075624
0.064548,0.049114,0.169523,0.110163,0.170576,0.105493,0.046624,0.120775,0.075240,0.087943
0.008709,0.009998,0.181495,0.009736,0.098290,0.620167,0.012617,0.040968,0.008286,0.009732
0.076443,0.094034,0.084525,0.099837,0.144436,0.108451,0.089762,0.108903,0.081232,0.112377
0.075166,0.087729,0.175492,0.082654,0.081161,0.094792,0.128681,0.091025,0.083339,0.099961
0.021935,0.036243,0.156584,0.030724,0.519963,0.048563,0.010600,0.029178,0.111259,0.034952
0.075569,0.073198,0.070854,0.072967,0.154628,0.236460,0.092516,0.087692,0.062970,0.073146
0.075670,0.089474,0.072794,0.089948,0.084791,0.098198,0.092096,0.230904,0.079145,0.086980
0.082268,0.100404,0.076614,0.107432,0.121221,0.111660,0.081962,0.097619,0.127507,0.093312
0.011463,0.010208,0.114107,0.009002,0.007712,0.729394,0.007411,0.008477,0.089896,0.012328
0.123484,0.065454,0.077241,0.121208,0.120396,0.102547,0.063616,0.131233,0.067088,0.127733
0.058507,0.057983,0.230199,0.057110,0.057044,0.067093,0.073991,0.058983,0.282226,0.056865
0.010995,0.012096,0.361693,0.011398,0.383194,0.010788,0.004526,0.011539,0.175061,0.018709
0.070550,0.066518,0.391887,0.064265,0.058127,0.074282,0.069262,0.065007,0.065702,0.074399
0.010610,0.009686,0.239902,0.010305,0.007495,0.688004,0.008510,0.008005,0.008256,0.009228
0.066990,0.040846,0.273382,0.097749,0.084830,0.076583,0.042916,0.072689,0.150403,0.093612
0.070223,0.063597,0.081739,0.131683,0.109622,0.126927,0.061053,0.147536,0.076787,0.130832
0.008370,0.009026,0.071304,0.012199,0.659975,0.010316,0.012747,0.009758,0.193859,0.012446
0.004327,0.003859,0.062960,0.004771,0.003829,0.835802,0.005801,0.005417,0.068636,0.004599
0.068450,0.085000,0.350952,0.068729,0.067239,0.081867,0.076202,0.072353,0.062103,0.067102
0.104228,0.088399,0.082670,0.112402,0.095649,0.105244,0.128650,0.120931,0.061732,0.100094
0.074205,0.091339,0.091749,0.094263,0.135582,0.095228,0.087753,0.151976,0.079144,0.098762
0.043183,0.048375,0.268955,0.041147,0.366135,0.056098,0.018922,0.045826,0.039550,0.071808
0.063492,0.066642,0.313708,0.050839,0.231366,0.055748,0.020453,0.050631,0.059991,0.087131
0.054210,0.049082,0.182809,0.042458,0.452184,0.066638,0.016414,0.037090,0.053439,0.045675
0.086917,0.091829,0.075077,0.092547,0.083289,0.196751,0.100547,0.086433,0.087204,0.099405
0.082624,0.099442,0.079107,0.101572,0.104295,0.104410,0.116897,0.118645,0.092903,0.100106
0.018061,0.009171,0.293440,0.026838,0.020967,0.497274,0.011124,0.021006,0.079693,0.022426
0.044351,0.086070,0.329414,0.075748,0.071290,0.079169,0.077368,0.126175,0.050161,0.060253
0.082559,0.110529,0.174547,0.091670,0.086953,0.097629,0.097274,0.084020,0.085515,0.089304
0.081204,0.123821,0.144048,0.095502,0.086218,0.105370,0.101701,0.083593,0.086686,0.091856
0.083799,0.099656,0.233826,0.078937,0.073908,0.092861,0.076367,0.117923,0.062354,0.080369
0.064311,0.062653,0.352026,0.066115,0.050934,0.067237,0.068005,0.130833,0.056324,0.081562
0.003327,0.003679,0.084758,0.003810,0.002715,0.742072,0.004221,0.003044,0.148936,0.003438
0.082738,0.111686,0.075305,0.096920,0.127536,0.113524,0.100045,0.120200,0.084673,0.087374
0.080982,0.072694,0.397263,0.065194,0.057343,0.067236,0.073086,0.052812,0.062223,0.071167
0.059946,0.085828,0.131434,0.077714,0.076532,0.089873,0.079515,0.092060,0.219587,0.087511
0.089105,0.116417,0.085783,0.122841,0.111438,0.120136,0.074602,0.113876,0.070798,0.095004
0.009313,0.001519,0.476801,0.002149,0.164084,0.332860,0.002916,0.001661,0.001503,0.007193
0.093149,0.098292,0.091201,0.098683,0.101444,0.112946,0.099176,0.103841,0.101508,0.099760
0.079840,0.090426,0.073221,0.089912,0.096458,0.234459,0.066705,0.098918,0.080361,0.089700
0.016991,0.005080,0.142988,0.006276,0.268239,0.432783,0.017058,0.006889,0.093926,0.009770
0.028091,0.018727,0.469544,0.032352,0.255940,0.050515,0.016005,0.045040,0.034342,0.049443
0.080304,0.132888,0.169511,0.089523,0.080296,0.093380,0.092911,0.088528,0.081584,0.091076
0.037601,0.065844,0.270233,0.041399,0.346092,0.062845,0.018528,0.045582,0.047738,0.064138
0.080079,0.091767,0.071255,0.086237,0.090794,0.249283,0.079535,0.085364,0.072988,0.092699
0.097391,0.102230,0.142267,0.092654,0.092785,0.107142,0.093055,0.084118,0.093036,0.095321
0.110074,0.089372,0.142588,0.092416,0.090061,0.095494,0.100913,0.085235,0.086268,0.107579
0.074079,0.070951,0.061077,0.069856,0.087581,0.332482,0.074959,0.072523,0.076878,0.079615
0.000886,0.001230,0.365314,0.001006,0.179207,0.445614,0.000889,0.000570,0.001374,0.003910
0.003124,0.004383,0.574937,0.004202,0.002113,0.390870,0.003253,0.001893,0.002757,0.012467
0.034512,0.040549,0.365036,0.034646,0.343190,0.057055,0.012309,0.037748,0.028896,0.046059
0.006314,0.005445,0.075012,0.005386,0.004284,0.878504,0.006281,0.006163,0.007048,0.005562
0.038450,0.039037,0.257529,0.041119,0.386646,0.043203,0.046723,0.035986,0.032606,0.078701
0.002138,0.002023,0.205075,0.000998,0.199112,0.584414,0.001957,0.001244,0.001845,0.001193
0.055019,0.045183,0.078262,0.120010,0.129946,0.172811,0.054922,0.137544,0.097208,0.109095
0.081119,0.052364,0.085207,0.138520,0.128906,0.141753,0.047778,0.091841,0.106422,0.126091
0.074777,0.078775,0.072107,0.081766,0.077748,0.286136,0.082720,0.081588,0.082397,0.081987
0.063980,0.071962,0.069210,0.088876,0.114619,0.289364,0.078131,0.079020,0.067361,0.077477
0.073079,0.084963,0.076846,0.090407,0.088296,0.092744,0.085574,0.209062,0.106404,0.092626
0.018521,0.020280,0.098196,0.021161,0.737144,0.017209,0.024627,0.018361,0.026625,0.017876
0.028457,0.013269,0.215175,0.044463,0.202896,0.371676,0.011292,0.034554,0.041635,0.036584
0.071968,0.156074,0.120186,0.092395,0.086489,0.100336,0.087289,0.091446,0.101429,0.092388
0.007587,0.007444,0.380256,0.006604,0.004328,0.441300,0.006131,0.004907,0.129744,0.011698
0.082618,0.080237,0.086362,0.083401,0.076227,0.246991,0.088597,0.084651,0.083293,0.087624
0.000780,0.000473,0.268577,0.000642,0.109474,0.617073,0.000918,0.000740,0.000730,0.000593
0.077182,0.088926,0.144802,0.075036,0.181971,0.094888,0.108490,0.095024,0.060558,0.073124
0.082544,0.107607,0.094823,0.120998,0.109557,0.118474,0.086598,0.108617,0.071198,0.099584
0.074343,0.071926,0.067111,0.076491,0.110117,0.304887,0.076757,0.077133,0.071008,0.070226
0.025625,0.017797,0.288849,0.011150,0.189639,0.349893,0.012738,0.008987,0.088386,0.006936
0.002446,0.003386,0.619655,0.002375,0.002166,0.358495,0.003836,0.002503,0.003077,0.002061
0.086633,0.072079,0.199165,0.091262,0.078549,0.099461,0.092414,0.086953,0.093618,0.099865
0.068982,0.102330,0.083030,0.116121,0.098338,0.098306,0.145928,0.121698,0.063763,0.101504
0.022533,0.023348,0.269618,0.021220,0.537205,0.019835,0.029118,0.021179,0.026255,0.029688
0.070683,0.070443,0.061498,0.083534,0.083396,0.282639,0.084909,0.076776,0.100739,0.085384
0.083757,0.106930,0.089600,0.103361,0.102948,0.111949,0.097348,0.107464,0.080460,0.116184
0.072971,0.072786,0.056560,0.069238,0.067183,0.373895,0.071489,0.076387,0.068039,0.071453
0.074178,0.089517,0.080419,0.095724,0.087041,0.208823,0.124573,0.072630,0.079065,0.088030
0.040457,0.144925,0.061693,0.139144,0.163798,0.101366,0.101525,0.101485,0.080402,0.065205
0.019206,0.031210,0.290291,0.028031,0.493108,0.020007,0.025380,0.020416,0.046674,0.025677
0.079464,0.070339,0.332191,0.066129,0.067156,0.075671,0.092435,0.082290,0.063296,0.071028
0.071293,0.065762,0.111974,0.115331,0.123101,0.119125,0.066891,0.120662,0.095478,0.110383
0.004479,0.003570,0.112283,0.004549,0.010231,0.004766,0.004397,0.024158,0.819855,0.011713
0.005160,0.007645,0.189693,0.005816,0.005504,0.761286,0.004055,0.005541,0.010478,0.004823
0.092052,0.093501,0.140117,0.085682,0.094321,0.109054,0.091744,0.092755,0.097694,0.103080
0.091453,0.095039,0.090108,0.103272,0.104596,0.114264,0.104554,0.093988,0.100564,0.102161
0.073259,0.064755,0.081964,0.076770,0.075779,0.180851,0.089730,0.088378,0.182885,0.085629
0.082009,0.087351,0.118099,0.082981,0.073242,0.080010,0.086027,0.066289,0.218277,0.105715
0.019553,0.020265,0.264678,0.013930,0.293195,0.334017,0.021608,0.011162,0.007109,0.014484
0.026929,0.019846,0.459728,0.022802,0.326081,0.021406,0.026193,0.019714,0.026561,0.050739
0.006014,0.004595,0.156359,0.002593,0.003826,0.732380,0.004957,0.003134,0.080335,0.005807
0.092289,0.086466,0.142457,0.097193,0.091875,0.096859,0.099663,0.100917,0.095712,0.096568
0.005609,0.005110,0.095743,0.004969,0.004591,0.863505,0.005918,0.004849,0.005446,0.004260
0.052198,0.090619,0.074883,0.105594,0.188207,0.108398,0.137376,0.072759,0.077081,0.092885
0.003621,0.000623,0.468691,0.001224,0.248001,0.235697,0.002422,0.000936,0.026962,0.011823
0.091274,0.096997,0.088593,0.101178,0.104402,0.103096,0.102815,0.117666,0.088302,0.105678
0.039429,0.042926,0.197546,0.097399,0.239857,0.107390,0.056890,0.048099,0.086056,0.084408
0.091377,0.093214,0.150557,0.094332,0.092510,0.093139,0.091899,0.098554,0.092868,0.101551
0.103484,0.096538,0.094337,0.098311,0.102155,0.102838,0.103972,0.119641,0.087002,0.091720
0.074584,0.100373,0.075869,0.121472,0.135698,0.104249,0.094345,0.129539,0.063942,0.099930
0.095664,0.093562,0.144845,0.101221,0.091659,0.105335,0.092501,0.087130,0.091945,0.096138
0.068014,0.099189,0.080052,0.118900,0.102845,0.111050,0.128451,0.119931,0.074145,0.097422
0.082299,0.095385,0.155676,0.089476,0.092277,0.104622,0.106250,0.088760,0.088145,0.097111
0.072272,0.068488,0.154353,0.068543,0.064480,0.064627,0.066895,0.074794,0.293349,0.072200
0.046730,0.047542,0.291051,0.051271,0.049508,0.056277,0.059683,0.051950,0.298864,0.047124
0.047512,0.018246,0.452304,0.051145,0.213031,0.035416,0.039719,0.037593,0.039925,0.065109
0.047910,0.077341,0.402461,0.076996,0.069879,0.079927,0.063252,0.071144,0.053342,0.057749
0.064389,0.070418,0.061192,0.077373,0.100139,0.354522,0.071816,0.063441,0.066150,0.070560
0.093374,0.104476,0.089612,0.099784,0.125672,0.104109,0.097184,0.092986,0.094213,0.098590
0.063899,0.035303,0.076449,0.120630,0.105338,0.241532,0.042968,0.127544,0.101489,0.084849
0.006168,0.005343,0.495728,0.004764,0.003266,0.463854,0.005476,0.005166,0.006126,0.004109
0.083252,0.095233,0.088787,0.114687,0.102899,0.113283,0.097515,0.121895,0.082827,0.099622
0.088272,0.088493,0.193658,0.095691,0.084149,0.085324,0.091120,0.100279,0.081590,0.091423
0.004733,0.004078,0.082909,0.001891,0.002621,0.740184,0.003917,0.003023,0.151128,0.005515
0.079907,0.089861,0.089616,0.094385,0.096112,0.092501,0.095226,0.181094,0.084959,0.096340
0.024584,0.032989,0.132851,0.029886,0.621884,0.036963,0.029873,0.028091,0.029987,0.032892
0.015068,0.013084,0.150392,0.015983,0.012904,0.013277,0.018533,0.025832,0.719029,0.015900
0.083823,0.096548,0.145228,0.089440,0.091490,0.083165,0.142325,0.092768,0.080585,0.094629
0.082575,0.107688,0.115949,0.094458,0.093803,0.152008,0.108401,0.060970,0.078927,0.105222
0.087263,0.061981,0.074448,0.112229,0.115596,0.126285,0.062952,0.117547,0.128815,0.112884
0.016173,0.013431,0.127047,0.019260,0.013042,0.017466,0.017958,0.048322,0.703784,0.023516
0.009454,0.006575,0.151777,0.009282,0.006954,0.781660,0.010947,0.005950,0.008665,0.008736
0.060030,0.088470,0.321008,0.072799,0.071697,0.092347,0.084802,0.069889,0.059444,0.079514
0.059370,0.110912,0.046541,0.099941,0.099826,0.194989,0.101665,0.096298,0.085643,0.104815
0.085484,0.099160,0.147250,0.095306,0.092314,0.096988,0.101478,0.077987,0.111421,0.092612
0.085145,0.107120,0.087631,0.100616,0.105880,0.114262,0.097767,0.119619,0.082287,0.099673
0.073845,0.085754,0.405339,0.066044,0.057242,0.062680,0.061835,0.058450,0.060718,0.068093
0.103584,0.129154,0.084759,0.097504,0.106187,0.112489,0.094519,0.105045,0.087908,0.078852
0.020965,0.029660,0.162787,0.033589,0.199054,0.421914,0.014415,0.048690,0.023013,0.045913
0.004458,0.009109,0.389820,0.007579,0.560399,0.006173,0.002846,0.005941,0.006742,0.006934
0.091947,0.077164,0.267461,0.079512,0.074181,0.080562,0.081436,0.079007,0.096061,0.072669
0.076111,0.107543,0.151330,0.085969,0.128301,0.094826,0.098683,0.079770,0.080490,0.096978
0.111747,0.099196,0.085992,0.100614,0.103914,0.115170,0.100846,0.084644,0.097709,0.100169
0.054686,0.112516,0.062380,0.104423,0.091116,0.181226,0.116950,0.076137,0.099576,0.100990
0.004282,0.005814,0.003301,0.005668,0.006470,0.006044,0.006329,0.033819,0.921147,0.007125
0.098165,0.078301,0.067832,0.085567,0.174990,0.086699,0.148586,0.069373,0.106777,0.083709
0.056519,0.078784,0.051351,0.079743,0.146471,0.085754,0.044672,0.072282,0.305185,0.079239
0.058878,0.087637,0.330473,0.064721,0.058917,0.076358,0.069590,0.131888,0.053460,0.068079
0.058068,0.099614,0.143312,0.106530,0.085879,0.104529,0.135984,0.109146,0.065009,0.091930
0.080334,0.076639,0.256877,0.072390,0.065641,0.079657,0.080337,0.143355,0.070448,0.074323
0.075571,0.126749,0.128925,0.096942,0.088896,0.107208,0.100522,0.091745,0.089928,0.093514
0.061086,0.065801,0.300453,0.062359,0.062892,0.056250,0.071161,0.203189,0.051873,0.064934
0.089955,0.140249,0.072824,0.109802,0.139590,0.093106,0.094344,0.101786,0.068702,0.089642
0.079255,0.091244,0.085340,0.096178,0.154880,0.110664,0.089941,0.118178,0.077388,0.096933
0.130615,0.052234,0.085227,0.105017,0.127543,0.133514,0.053288,0.085704,0.100391,0.126467
0.086424,0.126069,0.182907,0.081234,0.084447,0.093362,0.087824,0.076139,0.076422,0.105173
0.073296,0.089854,0.088877,0.098049,0.142993,0.109048,0.088145,0.115587,0.083693,0.110459
0.123226,0.051758,0.080139,0.109796,0.128256,0.122249,0.050914,0.115817,0.098959,0.118885
0.084374,0.085483,0.085709,0.084736,0.085214,0.223903,0.086952,0.086932,0.084761,0.091936
0.102975,0.088093,0.072475,0.097790,0.121534,0.103055,0.094835,0.107933,0.113918,0.097393
0.065106,0.097648,0.079390,0.103664,0.102187,0.112713,0.094302,0.119630,0.120229,0.105130
0.063611,0.049227,0.079871,0.104659,0.106277,0.204281,0.057236,0.120401,0.100039,0.114398
0.100666,0.094911,0.107470,0.097692,0.097038,0.092958,0.103158,0.093518,0.109877,0.102713
0.092828,0.090923,0.169796,0.084271,0.076256,0.086565,0.089733,0.122061,0.086122,0.101444
0.002601,0.004016,0.178236,0.002662,0.002302,0.642801,0.001380,0.016078,0.142559,0.007365
0.036899,0.040142,0.146559,0.036200,0.571796,0.033540,0.040704,0.026077,0.032683,0.035401
0.096536,0.102945,0.088956,0.101331,0.098749,0.115567,0.098856,0.091689,0.098698,0.106674
0.051055,0.075816,0.216261,0.062243,0.224082,0.083157,0.068651,0.077081,0.069915,0.071739
0.006277,0.005114,0.116540,0.004617,0.003636,0.842945,0.004581,0.002962,0.006162,0.007165
0.096723,0.098499,0.169609,0.091937,0.088087,0.100148,0.089965,0.084780,0.094997,0.085254
0.005245,0.008398,0.096726,0.004785,0.173958,0.365187,0.014441,0.018574,0.307878,0.004808
0.056798,0.068458,0.062161,0.109174,0.104620,0.150040,0.123144,0.110175,0.102289,0.113141
0.011137,0.020286,0.127166,0.016268,0.527267,0.255711,0.017153,0.007277,0.009405,0.008330
0.077384,0.084747,0.078307,0.093745,0.086960,0.231789,0.087804,0.089678,0.082561,0.087025
0.032545,0.040851,0.148726,0.032201,0.579604,0.052426,0.012826,0.030679,0.029500,0.040642
0.029621,0.009555,0.306208,0.026965,0.178121,0.341940,0.031456,0.025745,0.018957,0.031430
0.066018,0.094491,0.086366,0.097096,0.123430,0.094643,0.106756,0.108283,0.118375,0.104542
0.084307,0.112052,0.047978,0.106251,0.102978,0.164169,0.125388,0.107687,0.047158,0.102033
0.049783,0.067253,0.249797,0.049385,0.347163,0.060965,0.020365,0.044242,0.038363,0.072684
0.061274,0.095548,0.067698,0.092264,0.092665,0.132501,0.072340,0.097654,0.198124,0.089932
0.104407,0.157316,0.074446,0.093308,0.098556,0.108102,0.096054,0.096411,0.081593,0.089807
0.076077,0.099068,0.082529,0.103055,0.110746,0.101753,0.099265,0.125901,0.081528,0.120078
0.054693,0.069529,0.304321,0.050561,0.045199,0.064598,0.063117,0.043557,0.254539,0.049886
0.065027,0.091596,0.082527,0.091229,0.102618,0.095871,0.140023,0.121767,0.116560,0.092782
0.057153,0.051998,0.571599,0.050114,0.033671,0.051391,0.052961,0.032486,0.047678,0.050949
0.073495,0.098763,0.091182,0.093986,0.096756,0.093282,0.170991,0.105234,0.078879,0.097432
0.051814,0.065410,0.223904,0.072800,0.214601,0.083573,0.064788,0.107028,0.046959,0.069123
0.079631,0.091498,0.082713,0.108932,0.100379,0.108120,0.100245,0.149699,0.082479,0.096302
0.011191,0.004065,0.282473,0.014066,0.133413,0.437333,0.028046,0.005010,0.076817,0.007586
0.102116,0.097717,0.079261,0.100874,0.099199,0.108930,0.142030,0.072686,0.117307,0.079881
0.095685,0.084377,0.152942,0.100883,0.078244,0.108005,0.093175,0.108694,0.080750,0.097244
0.072023,0.061383,0.175209,0.088898,0.107408,0.111799,0.061910,0.113139,0.076311,0.131920
0.001054,0.000803,0.108243,0.001327,0.005844,0.381074,0.001918,0.012180,0.486453,0.001104
0.005723,0.010909,0.066706,0.010505,0.799709,0.008910,0.010106,0.008005,0.067646,0.011783
0.007010,0.014776,0.142911,0.009490,0.284797,0.470227,0.010615,0.008464,0.010098,0.041613
0.001944,0.002170,0.578639,0.000845,0.201753,0.201737,0.001408,0.000328,0.002142,0.009033
0.086872,0.108574,0.091146,0.098895,0.098067,0.116546,0.101374,0.106405,0.090943,0.101178
0.102405,0.093094,0.080424,0.093648,0.151451,0.108400,0.096606,0.101055,0.073710,0.099208
0.103101,0.094481,0.082120,0.108695,0.136829,0.109912,0.092672,0.104271,0.084545,0.083375
0.060525,0.074783,0.185547,0.065620,0.108196,0.084313,0.061758,0.226131,0.063883,0.069243
0.006739,0.007259,0.247288,0.006141,0.070009,0.638571,0.004000,0.005489,0.007412,0.007093
0.089279,0.102572,0.100323,0.101533,0.099487,0.115976,0.098646,0.091023,0.094980,0.106181
0.070518,0.080982,0.159646,0.077687,0.074545,0.073445,0.087020,0.077716,0.205348,0.093094
0.098059,0.095317,0.120973,0.094668,0.102231,0.100802,0.103090,0.099842,0.094762,0.090254
0.059525,0.111648,0.134786,0.083897,0.166289,0.101172,0.090232,0.057546,0.097819,0.097086
0.084136,0.093865,0.087992,0.110244,0.136750,0.107356,0.096937,0.106595,0.086567,0.089558
0.002032,0.001771,0.263498,0.001621,0.062433,0.662022,0.002170,0.001863,0.001288,0.001303
0.076045,0.099555,0.077133,0.105983,0.127740,0.111870,0.108129,0.111963,0.075830,0.105752
0.086898,0.111604,0.091065,0.110635,0.117108,0.103011,0.090653,0.087874,0.098119,0.103033
0.017864,0.019292,0.348509,0.037663,0.406053,0.037125,0.037372,0.040284,0.028008,0.027829
0.065863,0.077290,0.079241,0.093653,0.076985,0.278924,0.081865,0.084172,0.071587,0.090420
0.072073,0.082752,0.061763,0.077344,0.075172,0.297550,0.089524,0.075549,0.079586,0.088687
0.034216,0.038885,0.280629,0.027952,0.452965,0.039085,0.038290,0.027152,0.028731,0.032095
0.057684,0.067803,0.468651,0.049300,0.053922,0.068996,0.066201,0.048620,0.057859,0.060965
0.083309,0.097656,0.097626,0.111461,0.105315,0.112420,0.095590,0.119170,0.088289,0.089162
0.092097,0.103421,0.089511,0.102881,0.105829,0.104469,0.099607,0.102252,0.098890,0.101043
0.068489,0.087365,0.086494,0.093128,0.148688,0.106626,0.094336,0.117131,0.085809,0.111934
0.045087,0.081138,0.224215,0.072033,0.194453,0.088232,0.078928,0.088666,0.050146,0.077103
0.050026,0.082189,0.062969,0.117084,0.110562,0.172632,0.119474,0.094839,0.077959,0.112267
0.086744,0.085457,0.092575,0.106956,0.153874,0.104487,0.091498,0.113406,0.073589,0.091416
0.002520,0.002416,0.191694,0.002440,0.001192,0.790120,0.002266,0.002177,0.002480,0.002696
0.086966,0.093897,0.097120,0.095523,0.147018,0.098849,0.098559,0.102211,0.086969,0.092887
0.078010,0.118899,0.166676,0.090698,0.088220,0.081864,0.091236,0.087065,0.088139,0.109193
0.050260,0.069766,0.231067,0.080474,0.072107,0.089574,0.102398,0.161601,0.065725,0.077028
0.047168,0.060316,0.320525,0.055021,0.046617,0.054689,0.055937,0.050326,0.256178,0.053222
0.088449,0.091345,0.177774,0.084842,0.080916,0.091396,0.084111,0.107943,0.086471,0.106753
0.080947,0.094940,0.145164,0.093545,0.090535,0.098826,0.119187,0.103301,0.081813,0.091741
0.067024,0.077309,0.073716,0.080628,0.106528,0.257545,0.081495,0.098556,0.072380,0.084820
0.077043,0.088838,0.079346,0.088681,0.092458,0.225736,0.085808,0.079745,0.095405,0.086942
0.084548,0.054611,0.081030,0.138031,0.139311,0.142032,0.064815,0.094227,0.064062,0.137331
0.066815,0.070925,0.068674,0.082152,0.107300,0.263578,0.089740,0.086902,0.075268,0.088647
0.087805,0.106601,0.082471,0.100316,0.134275,0.112592,0.096878,0.088922,0.093965,0.096174
0.069978,0.071945,0.070391,0.078470,0.074446,0.296127,0.080169,0.109287,0.073507,0.075681
0.074530,0.102577,0.088560,0.111606,0.147865,0.110484,0.089146,0.103101,0.078232,0.093899
0.078504,0.074987,0.067079,0.087497,0.123486,0.260737,0.080033,0.080629,0.072509,0.074539
0.086454,0.124659,0.118960,0.095121,0.095340,0.098323,0.103944,0.083365,0.097935,0.095899
0.005348,0.004982,0.002879,0.005135,0.005989,0.006086,0.006367,0.031222,0.926713,0.005278
0.008291,0.007138,0.408634,0.006973,0.533387,0.008378,0.007993,0.006243,0.006605,0.006360
0.070580,0.125067,0.170137,0.094297,0.088952,0.098212,0.089172,0.094383,0.079996,0.089206
0.003626,0.002531,0.072350,0.002485,0.015087,0.768636,0.003172,0.002260,0.125553,0.004300
0.004019,0.005503,0.003092,0.005851,0.006311,0.007520,0.006890,0.025246,0.929043,0.006526
0.022207,0.011150,0.453811,0.010328,0.006146,0.466542,0.004452,0.007649,0.009891,0.007824
0.075422,0.067658,0.066408,0.084753,0.086636,0.278072,0.094788,0.089645,0.068377,0.088239
0.019811,0.037054,0.170358,0.023613,0.263727,0.355026,0.029096,0.043596,0.025387,0.032331
0.052136,0.103408,0.092710,0.092790,0.094143,0.218120,0.086031,0.095528,0.081202,0.083932
0.030672,0.032082,0.143540,0.026256,0.256670,0.361513,0.032759,0.054114,0.026573,0.035821
0.097214,0.092760,0.149475,0.096917,0.091880,0.100508,0.091639,0.096282,0.088858,0.094468
0.075673,0.073159,0.067890,0.073268,0.070665,0.334020,0.075519,0.075242,0.078084,0.076479
0.085061,0.098388,0.062127,0.102914,0.093860,0.234900,0.110135,0.036814,0.090500,0.085302
0.080231,0.094128,0.091747,0.112354,0.156127,0.100596,0.099505,0.105357,0.082975,0.076980
0.019821,0.013963,0.402851,0.025553,0.389573,0.022693,0.039146,0.024696,0.024574,0.037129
0.082163,0.084306,0.154743,0.082389,0.080158,0.092933,0.083870,0.134008,0.099188,0.106243
0.089954,0.102636,0.073901,0.093346,0.097631,0.105738,0.098415,0.087199,0.153029,0.098151
0.090183,0.091831,0.222323,0.083611,0.082759,0.089898,0.089414,0.083649,0.081431,0.084900
0.048630,0.099775,0.079356,0.090036,0.088356,0.170948,0.061800,0.087578,0.181177,0.092343
0.050004,0.034463,0.275584,0.059490,0.307380,0.048289,0.065830,0.056273,0.050342,0.052344
0.044375,0.013092,0.216932,0.029374,0.024903,0.558858,0.012603,0.028961,0.024727,0.046175
0.075993,0.084485,0.080006,0.092297,0.082680,0.241598,0.082209,0.089538,0.090022,0.081172
0.083400,0.097261,0.084214,0.101194,0.100786,0.110739,0.120087,0.118939,0.083420,0.099961
0.066026,0.138895,0.084221,0.115885,0.106149,0.109520,0.098593,0.104737,0.081897,0.094076
0.080106,0.091266,0.160571,0.079307,0.080952,0.097830,0.081393,0.087691,0.150528,0.090357
0.089999,0.081340,0.173734,0.087668,0.110852,0.081013,0.083795,0.093582,0.107171,0.090846
0.075902,0.074331,0.256702,0.074061,0.127885,0.079156,0.078590,0.073733,0.084018,0.075623
0.007682,0.007724,0.218707,0.007759,0.089630,0.645560,0.005563,0.005314,0.005711,0.006350
0.068541,0.086790,0.265996,0.085259,0.074928,0.081643,0.087567,0.075795,0.073938,0.099542
0.088817,0.114746,0.082652,0.110944,0.117871,0.123788,0.077278,0.116660,0.070443,0.096803
0.069441,0.050257,0.083436,0.126385,0.131072,0.138241,0.046603,0.136717,0.124653,0.093195
0.020910,0.016082,0.153803,0.032007,0.560662,0.030571,0.038845,0.031698,0.028544,0.086877
0.057604,0.093075,0.081685,0.109768,0.100752,0.124659,0.122535,0.120711,0.083236,0.105975
0.069050,0.081419,0.064383,0.080165,0.076599,0.290720,0.071347,0.081604,0.108516,0.076197
0.078846,0.083474,0.123563,0.091323,0.074545,0.092870,0.080819,0.082961,0.206245,0.085351
0.103601,0.108285,0.073797,0.112465,0.096734,0.100439,0.107347,0.101507,0.087202,0.108622
0.058762,0.070486,0.277708,0.062293,0.132927,0.087429,0.074266,0.074240,0.077913,0.083978
0.073347,0.039429,0.069461,0.098537,0.126738,0.269196,0.043133,0.088457,0.089967,0.101736
0.056928,0.084681,0.067165,0.082142,0.134831,0.258302,0.078191,0.073727,0.086866,0.077168
0.072978,0.065322,0.401617,0.060320,0.062198,0.075289,0.074902,0.064639,0.055768,0.066967
0.079437,0.101710,0.087099,0.110234,0.123419,0.110091,0.103423,0.098010,0.084282,0.102295
0.011299,0.009866,0.109588,0.010198,0.009423,0.810984,0.007076,0.006357,0.011195,0.014013
0.048051,0.111688,0.047369,0.122562,0.114643,0.115504,0.123139,0.112598,0.087515,0.116931
0.069996,0.080534,0.064324,0.079534,0.082903,0.292376,0.090019,0.081684,0.073880,0.084750
0.104881,0.111371,0.069314,0.101038,0.095960,0.135257,0.103837,0.097937,0.097946,0.082459
0.071123,0.094897,0.096935,0.111959,0.103991,0.106098,0.142417,0.099373,0.081379,0.091827
0.075852,0.097140,0.085523,0.104348,0.106170,0.116478,0.103809,0.111023,0.079247,0.120411
0.029375,0.014684,0.106491,0.014106,0.760170,0.021258,0.015180,0.011955,0.010070,0.016712
0.069246,0.055104,0.176387,0.065804,0.067344,0.059750,0.076315,0.274439,0.076358,0.079252
0.083098,0.101188,0.065618,0.107506,0.104249,0.103855,0.107844,0.094296,0.111219,0.121127
0.100199,0.099963,0.107211,0.092323,0.087097,0.102267,0.098974,0.095564,0.088091,0.128312
0.052724,0.073694,0.066952,0.138558,0.109608,0.154583,0.137329,0.128514,0.068429,0.069610
0.084470,0.084549,0.141631,0.092042,0.094559,0.105092,0.081873,0.085278,0.136524,0.093981
0.008690,0.007343,0.441616,0.006452,0.004063,0.511091,0.002856,0.004857,0.006197,0.006836
0.033212,0.007428,0.104017,0.029970,0.237952,0.468628,0.030750,0.028095,0.024882,0.035064
0.008582,0.008460,0.160451,0.007066,0.005438,0.753316,0.004696,0.036454,0.005195,0.010342
0.100757,0.098868,0.115007,0.094474,0.091884,0.091941,0.098449,0.094030,0.105812,0.108777
0.015925,0.016755,0.091360,0.014998,0.763651,0.019787,0.019012,0.015873,0.022319,0.020319
0.083134,0.087629,0.186526,0.093321,0.083927,0.093450,0.089314,0.094159,0.089746,0.098794
0.012640,0.016119,0.112531,0.019616,0.488022,0.030442,0.008422,0.015991,0.275626,0.020591
0.106247,0.094495,0.074040,0.091104,0.094534,0.105687,0.114730,0.115426,0.111041,0.092697
0.044112,0.026808,0.258948,0.044282,0.360726,0.043272,0.067348,0.049359,0.047948,0.057197
0.068879,0.075273,0.069376,0.080926,0.074654,0.305370,0.076572,0.081981,0.087653,0.079316
0.063294,0.064535,0.050548,0.061999,0.085515,0.400123,0.062347,0.068688,0.080634,0.062317
0.093891,0.101499,0.085390,0.115340,0.101514,0.109624,0.101341,0.105778,0.091236,0.094388
0.008786,0.010515,0.326668,0.009962,0.594210,0.014025,0.004658,0.009731,0.009449,0.011995
0.066915,0.052281,0.118947,0.123386,0.111922,0.133942,0.053698,0.129930,0.079661,0.129318
0.070512,0.100425,0.080971,0.112687,0.153343,0.109385,0.094241,0.122169,0.063263,0.093003
0.084907,0.101740,0.100211,0.107816,0.101573,0.097509,0.128315,0.096500,0.081282,0.100147
0.019613,0.027761,0.325988,0.022080,0.461362,0.021604,0.025606,0.015749,0.015580,0.064656
0.098609,0.092176,0.074386,0.083379,0.089182,0.193783,0.099548,0.090166,0.084470,0.094300
0.019960,0.015009,0.066957,0.021363,0.138312,0.507207,0.003084,0.029272,0.183654,0.015182
0.014101,0.008116,0.008810,0.015123,0.010927,0.017643,0.014163,0.038560,0.859093,0.013465
0.020767,0.007158,0.178277,0.009539,0.075546,0.618221,0.012501,0.054099,0.007718,0.016172
0.074795,0.070092,0.067866,0.071590,0.100419,0.321438,0.075414,0.079095,0.066074,0.073217
0.064678,0.066643,0.063260,0.074261,0.089468,0.338020,0.070795,0.069441,0.087105,0.076329
0.092921,0.092743,0.191227,0.089409,0.083129,0.090162,0.091725,0.090533,0.084031,0.094121
0.077066,0.093970,0.143451,0.092412,0.092763,0.105819,0.108473,0.101542,0.094600,0.089903
0.080423,0.090124,0.092756,0.108125,0.093015,0.103215,0.088460,0.176199,0.082758,0.084924
0.089028,0.091792,0.234430,0.081429,0.083049,0.103779,0.085825,0.070220,0.077438,0.083010
0.005904,0.006369,0.085594,0.005663,0.004393,0.868437,0.007618,0.003892,0.006457,0.005674
0.087462,0.092147,0.083298,0.109529,0.110780,0.118442,0.116521,0.092366,0.076833,0.112624
0.070787,0.050428,0.153937,0.116600,0.101347,0.134058,0.058643,0.132959,0.081880,0.099361
0.110036,0.034773,0.076945,0.110528,0.106626,0.258416,0.045839,0.080312,0.078846,0.097679
0.056158,0.099046,0.324694,0.079983,0.073429,0.088351,0.071727,0.065626,0.064128,0.076858
0.071283,0.073178,0.066457,0.072639,0.098967,0.317228,0.073465,0.080991,0.071187,0.074604
0.006103,0.006432,0.139346,0.005608,0.004010,0.812202,0.006629,0.005116,0.005761,0.008793
0.081997,0.114629,0.187835,0.087167,0.084571,0.103912,0.094781,0.072272,0.094608,0.078228
0.069806,0.026287,0.240601,0.090936,0.157331,0.116845,0.025304,0.100966,0.076471,0.095454
0.073486,0.096234,0.077237,0.083577,0.098610,0.252259,0.084749,0.082517,0.072748,0.078584
0.083234,0.141903,0.193072,0.076004,0.082348,0.094490,0.081865,0.084980,0.075332,0.086772
0.096985,0.088163,0.180619,0.087490,0.085769,0.095679,0.088352,0.104213,0.086935,0.085794
0.066373,0.090537,0.185878,0.091735,0.136568,0.098492,0.085302,0.089130,0.081191,0.074794
0.077684,0.081688,0.067981,0.089098,0.086703,0.264231,0.089683,0.078909,0.081294,0.082730
0.061391,0.090219,0.204925,0.068819,0.061916,0.075942,0.071258,0.066175,0.233746,0.065608
0.024359,0.003573,0.280725,0.007130,0.234961,0.397160,0.021983,0.007719,0.010951,0.011439
0.025153,0.028889,0.257879,0.023143,0.542665,0.027942,0.024371,0.021543,0.021513,0.026902
0.015949,0.008710,0.284475,0.010512,0.080674,0.543855,0.010035,0.014641,0.014337,0.016813
0.074742,0.066267,0.408863,0.062717,0.064354,0.074010,0.053831,0.069049,0.056527,0.069640
0.067802,0.083164,0.277876,0.074342,0.072433,0.080244,0.081977,0.100101,0.069351,0.092710
0.084794,0.069532,0.390011,0.064562,0.058619,0.059490,0.064703,0.053542,0.071333,0.083416
0.054104,0.066485,0.243336,0.073952,0.064806,0.065738,0.062232,0.242552,0.064492,0.062302
0.089678,0.089517,0.084070,0.092824,0.090778,0.109175,0.090962,0.176999,0.084914,0.091081
0.003091,0.003369,0.002010,0.003982,0.003972,0.004550,0.003840,0.024786,0.946178,0.004223
0.087830,0.099103,0.077435,0.098982,0.096055,0.109489,0.069503,0.093745,0.166482,0.101378
