0.020112,0.337481,0.642406
0.561494,0.438506,0.000000
0.173105,0.802714,0.024182
0.998077,0.001923,0.000000
0.068796,0.321376,0.609828
0.001156,0.998838,0.000006
0.050732,0.365064,0.584204
0.632097,0.366107,0.001795
0.134269,0.152186,0.713545
0.995743,0.004253,0.000005
0.030540,0.066634,0.902826
0.989386,0.010013,0.000601
0.001790,0.985488,0.012723
0.642004,0.357990,0.000006
0.999071,0.000929,0.000000
0.562126,0.437870,0.000004
0.433014,0.566983,0.000003
0.124607,0.505928,0.369464
0.477100,0.489022,0.033878
0.513821,0.475714,0.010466
0.003414,0.995910,0.000676
0.992001,0.007999,0.000000
0.111599,0.581797,0.306604
0.051498,0.116196,0.832306
0.949129,0.049807,0.001064
0.217682,0.005289,0.777029
0.640153,0.359847,0.000000
0.948613,0.051387,0.000000
0.153794,0.174750,0.671456
0.001750,0.991835,0.006415
0.008018,0.778820,0.213162
0.095174,0.637127,0.267698
0.343203,0.380716,0.276081
0.997576,0.002422,0.000002
0.026662,0.078099,0.895239
0.122569,0.870948,0.006483
0.383923,0.581620,0.034457
0.998923,0.001077,0.000000
0.903459,0.093755,0.002786
0.998148,0.001852,0.000000
0.986530,0.013443,0.000027
0.000245,0.000367,0.999388
0.977858,0.022109,0.000033
0.078041,0.616949,0.305009
0.542964,0.456544,0.000492
0.088871,0.132823,0.778306
0.217459,0.782532,0.000009
0.099225,0.123109,0.777666
0.997067,0.002933,0.000000
0.094265,0.844029,0.061706
0.121236,0.540414,0.338350
0.501980,0.498020,0.000000
0.977180,0.022819,0.000000
0.993892,0.006103,0.000005
0.952694,0.047306,0.000000
0.998157,0.001843,0.000000
0.980122,0.019873,0.000004
0.583452,0.416403,0.000146
0.005072,0.970647,0.024282
0.957668,0.042332,0.000000
0.398529,0.592080,0.009391
0.714911,0.285088,0.000001
0.999183,0.000817,0.000000
0.992390,0.007610,0.000000
0.789889,0.210111,0.000000
0.996542,0.003458,0.000000
0.270922,0.292681,0.436397
0.998397,0.001600,0.000003
0.992298,0.007675,0.000027
0.009466,0.976074,0.014460
0.400017,0.519063,0.080919
0.271104,0.728892,0.000004
0.366683,0.437546,0.195771
0.170742,0.782984,0.046274
0.008052,0.868081,0.123867
0.177754,0.821851,0.000395
0.582354,0.417646,0.000000
0.030242,0.374599,0.595159
0.490767,0.509231,0.000003
0.003845,0.992682,0.003474
0.419252,0.417192,0.163556
0.989354,0.010646,0.000000
0.923808,0.076192,0.000000
0.480842,0.519139,0.000019
0.650003,0.349984,0.000013
0.985698,0.014301,0.000001
0.997302,0.002698,0.000000
0.099743,0.154467,0.745789
0.016831,0.305634,0.677535
0.988125,0.011875,0.000000
0.065946,0.468349,0.465704
0.984459,0.015538,0.000003
0.007567,0.011150,0.981283
0.997107,0.002893,0.000000
0.298305,0.592637,0.109057
0.994273,0.005726,0.000000
0.637750,0.012136,0.350114
0.995156,0.004844,0.000000
0.988563,0.011437,0.000000
0.996920,0.003080,0.000000
0.712433,0.033925,0.253642
0.666552,0.333448,0.000000
0.998107,0.001893,0.000000
0.342245,0.657675,0.000080
0.001486,0.998231,0.000283
0.987139,0.012822,0.000040
0.000792,0.001818,0.997390
0.806918,0.193082,0.000000
0.992377,0.007622,0.000001
0.112762,0.578349,0.308889
0.996973,0.003027,0.000000
0.807575,0.192425,0.000000
0.998150,0.001850,0.000000
0.991193,0.008799,0.000008
0.002037,0.988343,0.009621
0.003750,0.011099,0.985151
0.994780,0.005220,0.000000
0.769229,0.230326,0.000445
0.008835,0.124820,0.866344
0.290194,0.650580,0.059226
0.993845,0.006154,0.000001
0.164821,0.834932,0.000247
0.000748,0.002488,0.996764
0.002023,0.997965,0.000012
0.273528,0.091427,0.635044
0.186265,0.549368,0.264367
0.902823,0.095140,0.002037
0.000862,0.001129,0.998010
0.004567,0.901629,0.093803
0.003316,0.959065,0.037619
0.006012,0.016395,0.977592
0.000079,0.000016,0.999905
0.323704,0.655866,0.020430
0.587309,0.412691,0.000000
0.973989,0.025996,0.000015
0.015689,0.502606,0.481705
0.055560,0.766166,0.178274
0.009636,0.245847,0.744517
0.954783,0.042810,0.002407
0.495244,0.504756,0.000000
0.012646,0.854961,0.132394
0.080557,0.667220,0.252224
0.603411,0.360987,0.035602
0.488562,0.505807,0.005631
0.107042,0.818575,0.074382
0.880829,0.016925,0.102247
0.000130,0.000040,0.999830
0.293141,0.704191,0.002668
0.929071,0.070817,0.000111
0.310704,0.590636,0.098660
0.308586,0.691411,0.000002
0.162666,0.673164,0.164170
0.998472,0.001528,0.000000
0.778893,0.221029,0.000078
0.260611,0.260028,0.479362
0.039493,0.778451,0.182056
0.491871,0.506970,0.001159
0.024119,0.285112,0.690769
0.662931,0.335623,0.001446
0.991033,0.008966,0.000000
0.994389,0.005611,0.000000
0.995413,0.004587,0.000000
0.070464,0.161185,0.768351
0.011372,0.022812,0.965816
0.089298,0.554929,0.355773
0.000026,0.000003,0.999972
0.079537,0.110565,0.809899
0.054366,0.165356,0.780278
0.001276,0.998109,0.000615
0.001641,0.998357,0.000002
0.998429,0.001570,0.000001
0.978008,0.020638,0.001354
0.994163,0.005837,0.000000
0.004381,0.016907,0.978711
0.072479,0.819457,0.108064
0.758224,0.241364,0.000412
0.007594,0.012938,0.979469
0.266242,0.022273,0.711485
0.034840,0.073552,0.891608
0.275500,0.724131,0.000369
0.464171,0.535828,0.000001
0.987210,0.012767,0.000023
0.146431,0.254263,0.599306
0.011886,0.027600,0.960514
0.977255,0.022745,0.000000
0.445041,0.554959,0.000000
0.204827,0.234198,0.560975
0.258813,0.559206,0.181981
0.994408,0.005592,0.000000
0.994289,0.005686,0.000025
0.388312,0.433836,0.177852
0.053492,0.929243,0.017266
0.028251,0.097949,0.873800
0.305707,0.649176,0.045117
0.008409,0.991585,0.000006
0.004736,0.220878,0.774386
0.001626,0.004662,0.993712
0.986942,0.013056,0.000002
0.998079,0.001921,0.000000
0.039884,0.166696,0.793420
0.980823,0.014595,0.004582
0.191565,0.280524,0.527911
0.311318,0.328358,0.360324
0.000648,0.000284,0.999068
0.991835,0.008165,0.000000
0.000135,0.000037,0.999828
0.068385,0.918681,0.012934
0.106860,0.789280,0.103860
0.997821,0.002179,0.000000
0.002137,0.988949,0.008913
0.973253,0.026747,0.000000
0.997941,0.002059,0.000000
0.319538,0.680460,0.000002
0.995166,0.004834,0.000000
0.493270,0.506730,0.000000
0.683401,0.315190,0.001410
0.965032,0.034762,0.000206
0.283139,0.457587,0.259273
0.093510,0.789193,0.117296
0.341013,0.628771,0.030216
0.986379,0.013612,0.000010
0.998340,0.001660,0.000000
0.002054,0.997118,0.000828
0.003531,0.004153,0.992316
0.996954,0.003046,0.000000
0.984260,0.015740,0.000000
0.000230,0.000104,0.999666
0.995868,0.004132,0.000000
0.047359,0.057478,0.895162
0.000215,0.000018,0.999767
0.763742,0.235845,0.000413
0.217384,0.268148,0.514468
0.001009,0.998315,0.000676
0.000168,0.000013,0.999819
0.003614,0.004472,0.991914
0.253852,0.717787,0.028361
0.983944,0.015079,0.000977
0.986117,0.013882,0.000002
0.997662,0.002338,0.000000
0.401077,0.585716,0.013207
0.891238,0.108762,0.000000
0.092787,0.547738,0.359475
0.021518,0.277527,0.700955
0.984940,0.014744,0.000316
0.338334,0.661587,0.000080
0.998924,0.001076,0.000000
0.936150,0.062873,0.000977
0.005188,0.004306,0.990506
0.160054,0.837288,0.002658
0.017978,0.588366,0.393655
0.191806,0.176975,0.631219
0.240015,0.759946,0.000038
0.456478,0.014252,0.529270
0.398832,0.586565,0.014604
0.517537,0.169432,0.313031
0.539792,0.460054,0.000154
0.991613,0.008387,0.000000
0.001373,0.998616,0.000011
0.456854,0.538270,0.004876
0.991789,0.008211,0.000000
0.001086,0.998902,0.000012
0.997675,0.002325,0.000001
0.363734,0.636257,0.000009
0.669564,0.330436,0.000000
0.002360,0.995655,0.001985
0.988799,0.011201,0.000000
0.878567,0.037652,0.083780
0.018075,0.180769,0.801156
0.031319,0.053415,0.915266
0.998093,0.001907,0.000000
0.875029,0.124969,0.000002
0.000046,0.000009,0.999945
0.980377,0.019623,0.000000
0.201885,0.301170,0.496945
0.476052,0.409391,0.114557
0.026349,0.160395,0.813257
0.996540,0.003460,0.000000
0.008454,0.181714,0.809832
0.197237,0.507239,0.295525
0.634558,0.365441,0.000001
0.901272,0.094571,0.004157
0.051082,0.460412,0.488505
0.031450,0.057605,0.910945
0.783297,0.216703,0.000000
0.567041,0.432959,0.000000
0.113910,0.299971,0.586119
0.596310,0.403690,0.000000
0.825494,0.166225,0.008282
0.670491,0.329197,0.000313
0.057738,0.784947,0.157316
0.990865,0.009134,0.000001
0.341989,0.393648,0.264363
0.756333,0.243667,0.000000
0.963569,0.036431,0.000000
0.003118,0.988704,0.008178
0.018168,0.252878,0.728954
0.010747,0.011574,0.977679
0.156329,0.251508,0.592162
0.148603,0.400424,0.450973
0.998283,0.001717,0.000000
0.990686,0.009314,0.000000
0.995596,0.004404,0.000000
0.661040,0.205323,0.133637
0.063096,0.464995,0.471909
0.997625,0.002375,0.000000
0.348810,0.429475,0.221715
0.989852,0.010148,0.000000
0.294287,0.704669,0.001043
0.992624,0.007376,0.000000
0.011684,0.018007,0.970309
0.449487,0.550510,0.000003
0.601880,0.398120,0.000000
0.022865,0.427571,0.549564
0.989674,0.010318,0.000008
0.923557,0.076402,0.000041
0.020997,0.044564,0.934439
0.869638,0.129050,0.001312
0.995797,0.004203,0.000000
0.998398,0.001602,0.000000
0.988291,0.011709,0.000000
0.185905,0.804816,0.009280
0.491073,0.269380,0.239547
0.992142,0.007858,0.000000
0.004567,0.004053,0.991380
0.994251,0.005749,0.000000
0.529296,0.470698,0.000006
0.127963,0.691569,0.180469
0.682982,0.065306,0.251712
0.801030,0.030733,0.168238
0.609326,0.388506,0.002168
0.419899,0.563794,0.016306
0.837309,0.162589,0.000102
0.002201,0.988849,0.008950
0.390058,0.577390,0.032552
0.997794,0.002206,0.000000
0.943053,0.005690,0.051257
0.995667,0.004333,0.000000
0.973913,0.025472,0.000615
0.667878,0.332001,0.000122
0.003371,0.002921,0.993709
0.041054,0.067653,0.891293
0.762592,0.235625,0.001783
0.021050,0.031536,0.947414
0.007953,0.005128,0.986919
0.014707,0.137116,0.848177
0.373947,0.625628,0.000425
0.216444,0.409373,0.374183
0.246024,0.642773,0.111202
0.228660,0.347371,0.423969
0.984406,0.015594,0.000000
0.997354,0.002600,0.000046
0.777297,0.064917,0.157785
0.991243,0.008757,0.000000
0.022386,0.432757,0.544857
0.920682,0.020542,0.058776
0.996912,0.003088,0.000000
0.986973,0.012970,0.000057
0.037432,0.237196,0.725372
0.087179,0.497641,0.415180
0.007344,0.637517,0.355139
0.997801,0.002199,0.000000
0.655817,0.344183,0.000000
0.645079,0.354921,0.000000
0.124949,0.208906,0.666145
0.127370,0.373102,0.499528
0.972287,0.027713,0.000000
0.029612,0.168964,0.801425
0.229139,0.428407,0.342454
0.310989,0.689009,0.000003
0.002151,0.997848,0.000001
0.007440,0.181169,0.811391
0.165878,0.626391,0.207731
0.372971,0.316817,0.310213
0.892451,0.013981,0.093568
0.986159,0.013841,0.000000
0.889189,0.110805,0.000005
0.005375,0.967868,0.026757
0.096728,0.644479,0.258793
0.346610,0.578607,0.074783
0.640658,0.359337,0.000005
0.007321,0.010182,0.982497
0.578871,0.410386,0.010743
0.848138,0.151065,0.000797
0.585111,0.403038,0.011851
0.685016,0.314984,0.000000
0.292857,0.707143,0.000000
0.002865,0.007632,0.989503
0.786471,0.071968,0.141561
0.994908,0.005091,0.000000
0.991407,0.008593,0.000000
0.187885,0.664188,0.147927
0.124016,0.177487,0.698496
0.039183,0.239116,0.721701
0.144124,0.407131,0.448745
0.000318,0.001963,0.997719
0.992395,0.007605,0.000000
0.008432,0.019485,0.972084
0.981618,0.018382,0.000000
0.019878,0.204194,0.775928
0.811756,0.188244,0.000000
0.014785,0.502248,0.482967
0.985837,0.005772,0.008391
0.932488,0.015121,0.052391
0.996524,0.003476,0.000000
0.038064,0.377570,0.584366
0.002147,0.995689,0.002164
0.986081,0.013919,0.000000
0.757261,0.242671,0.000067
0.148076,0.202073,0.649851
0.919126,0.064293,0.016581
0.342930,0.248050,0.409020
0.001374,0.035366,0.963260
0.005249,0.029697,0.965053
0.527083,0.450083,0.022833
0.905907,0.015415,0.078678
0.997301,0.002699,0.000000
0.498937,0.501057,0.000005
0.986342,0.013657,0.000001
0.984527,0.015473,0.000000
0.000204,0.000045,0.999751
0.574041,0.425959,0.000000
0.002732,0.990184,0.007084
0.001316,0.996828,0.001856
0.469830,0.517020,0.013150
0.984609,0.015364,0.000027
0.000808,0.000884,0.998308
0.614751,0.385231,0.000018
0.005838,0.892066,0.102096
0.534475,0.453540,0.011985
0.712513,0.282519,0.004968
0.972684,0.027316,0.000000
0.152068,0.847096,0.000836
0.749622,0.250216,0.000162
0.366670,0.394755,0.238574
0.393673,0.377687,0.228640
0.061677,0.092313,0.846010
0.038165,0.818952,0.142883
0.396688,0.532507,0.070805
0.195409,0.450653,0.353938
0.872403,0.121638,0.005959
0.859174,0.110383,0.030443
0.992538,0.007461,0.000001
0.002300,0.001373,0.996327
0.288273,0.711725,0.000002
0.098100,0.144994,0.756906
0.978485,0.018640,0.002875
0.010036,0.982970,0.006995
0.247035,0.752536,0.000429
0.010236,0.922659,0.067105
0.404078,0.593521,0.002401
0.038791,0.705977,0.255232
0.984133,0.015867,0.000000
0.110029,0.618561,0.271410
0.300157,0.375416,0.324427
0.120669,0.749745,0.129586
0.580323,0.419117,0.000561
0.989545,0.010455,0.000000
0.913943,0.084342,0.001715
0.003841,0.022714,0.973446
0.672009,0.322848,0.005143
0.000942,0.012911,0.986147
0.331152,0.604147,0.064702
0.019421,0.558047,0.422532
0.950259,0.049705,0.000036
0.940221,0.054045,0.005734
0.668419,0.331581,0.000000
0.078745,0.630941,0.290314
0.638205,0.361790,0.000005
0.073422,0.777261,0.149317
0.990991,0.009009,0.000000
0.051147,0.511284,0.437568
0.340047,0.311817,0.348136
0.003850,0.989014,0.007137
0.014830,0.019016,0.966154
0.991679,0.008321,0.000000
0.076704,0.235341,0.687955
0.007303,0.007789,0.984908
0.993522,0.002929,0.003549
0.995705,0.004236,0.000060
0.170466,0.378111,0.451422
0.119017,0.853414,0.027569
0.221905,0.776206,0.001889
0.117588,0.225539,0.656872
0.312505,0.673367,0.014128
0.035966,0.436450,0.527584
0.339799,0.391481,0.268721
0.026602,0.467002,0.506396
0.997251,0.002749,0.000000
0.997021,0.002979,0.000000
0.514762,0.485158,0.000079
0.004006,0.032191,0.963803
0.007507,0.971677,0.020816
0.959018,0.040981,0.000001
0.670172,0.012276,0.317552
0.007297,0.966846,0.025857
0.998281,0.001719,0.000000
0.000126,0.000025,0.999849
0.074170,0.000624,0.925206
0.002666,0.970820,0.026514
0.786132,0.027281,0.186586
0.058379,0.713642,0.227979
0.006393,0.971229,0.022378
0.122687,0.876934,0.000379
0.987394,0.012599,0.000006
0.797003,0.202997,0.000000
0.548286,0.450226,0.001488
0.670927,0.060585,0.268488
0.998163,0.001837,0.000000
0.886043,0.113937,0.000020
0.241180,0.735766,0.023054
0.037235,0.510318,0.452446
0.990883,0.009093,0.000024
0.001201,0.984178,0.014621
0.998076,0.001924,0.000000
0.011275,0.255095,0.733630
0.994206,0.005794,0.000000
0.894615,0.105110,0.000275
0.998469,0.001531,0.000000
0.116331,0.171569,0.712100
0.014892,0.075185,0.909923
0.575345,0.409264,0.015391
0.130497,0.841060,0.028443
0.991251,0.008749,0.000000
0.388995,0.610995,0.000010
0.989133,0.010867,0.000000
0.169974,0.809108,0.020918
0.738266,0.031607,0.230127
0.334838,0.081021,0.584141
0.044191,0.093643,0.862165
0.062253,0.157219,0.780528
0.997968,0.002032,0.000000
0.994259,0.005741,0.000000
0.083286,0.845454,0.071260
0.231584,0.482908,0.285508
0.996353,0.003647,0.000000
0.002401,0.990063,0.007536
0.977624,0.015950,0.006427
0.989990,0.010008,0.000001
0.406511,0.556942,0.036547
0.504464,0.137390,0.358146
0.461458,0.538533,0.000009
0.519249,0.271861,0.208890
0.750703,0.249010,0.000286
0.226869,0.679739,0.093391
0.166029,0.254348,0.579622
0.436917,0.529608,0.033475
0.451261,0.548738,0.000001
0.998422,0.001578,0.000000
0.526169,0.473831,0.000000
0.967769,0.032197,0.000034
0.932160,0.062206,0.005634
0.992953,0.007047,0.000000
0.066775,0.599202,0.334023
0.148210,0.781704,0.070086
0.152397,0.505750,0.341853
0.995595,0.004405,0.000000
0.939052,0.059491,0.001457
0.434753,0.565245,0.000002
0.007354,0.692023,0.300623
0.996174,0.003826,0.000000
0.132078,0.502887,0.365035
0.984180,0.015816,0.000003
0.008402,0.641796,0.349803
0.000121,0.000022,0.999858
0.060745,0.550152,0.389103
0.910219,0.089781,0.000000
0.247704,0.520225,0.232071
0.033493,0.057668,0.908838
0.438709,0.547389,0.013902
0.390447,0.609553,0.000000
0.012287,0.032827,0.954886
0.001273,0.998700,0.000027
0.390742,0.609256,0.000002
0.119307,0.296491,0.584203
0.305368,0.676421,0.018212
0.985873,0.014127,0.000000
0.699666,0.300333,0.000000
0.047494,0.244178,0.708328
0.086941,0.611893,0.301167
0.626724,0.373276,0.000000
0.572766,0.427234,0.000000
0.201662,0.458589,0.339748
0.273197,0.612903,0.113900
0.825626,0.022405,0.151969
0.989921,0.010079,0.000000
0.986542,0.013458,0.000000
0.996308,0.003692,0.000000
0.124096,0.372166,0.503738
0.988583,0.011265,0.000152
0.374482,0.625493,0.000025
0.306967,0.488380,0.204652
0.001593,0.008362,0.990045
0.064399,0.518859,0.416741
0.014666,0.255720,0.729613
0.998419,0.001581,0.000000
0.976189,0.023811,0.000000
0.333353,0.649056,0.017591
0.995470,0.004530,0.000000
0.323777,0.675468,0.000754
0.006443,0.991324,0.002233
0.978288,0.021664,0.000047
0.002517,0.093723,0.903760
0.589393,0.409044,0.001563
0.668444,0.331262,0.000295
0.108503,0.443135,0.448362
0.997113,0.002885,0.000001
0.986319,0.013494,0.000187
0.101697,0.893218,0.005086
0.137147,0.844775,0.018078
0.997088,0.002912,0.000000
0.997988,0.002012,0.000000
0.003457,0.004295,0.992248
0.000050,0.000017,0.999933
0.446237,0.533655,0.020108
0.033912,0.281820,0.684268
0.030760,0.374984,0.594257
0.857916,0.140281,0.001804
0.169045,0.830682,0.000274
0.199907,0.179376,0.620717
0.968039,0.030839,0.001121
0.605172,0.394828,0.000000
0.002680,0.994917,0.002403
0.371873,0.628125,0.000002
0.916818,0.083182,0.000001
0.023308,0.216223,0.760469
0.610185,0.389799,0.000016
0.965438,0.030487,0.004076
0.964688,0.035312,0.000000
0.010820,0.366585,0.622596
0.496040,0.503951,0.000009
0.161754,0.836882,0.001364
0.987509,0.012491,0.000000
0.993141,0.006859,0.000000
0.004821,0.103951,0.891228
0.483672,0.516327,0.000001
0.316751,0.343601,0.339648
0.248418,0.751273,0.000309
0.076551,0.599973,0.323475
0.479408,0.494666,0.025925
0.001011,0.000315,0.998674
0.988905,0.007885,0.003210
0.001068,0.764067,0.234866
0.608534,0.391466,0.000000
0.003234,0.017346,0.979420
0.996490,0.003509,0.000001
0.000713,0.990467,0.008820
0.998523,0.001477,0.000000
0.076763,0.922854,0.000383
0.000869,0.000108,0.999022
0.993921,0.006077,0.000002
0.988733,0.011267,0.000000
0.175994,0.823706,0.000301
0.995213,0.004787,0.000000
0.262186,0.342163,0.395651
0.495110,0.503008,0.001882
0.434093,0.565907,0.000000
0.993277,0.006723,0.000000
0.595944,0.404006,0.000050
0.984649,0.015351,0.000000
0.951077,0.021974,0.026949
0.990111,0.009704,0.000185
0.994962,0.005038,0.000000
0.651698,0.348212,0.000090
0.014136,0.018128,0.967736
0.900393,0.037802,0.061805
0.076615,0.106720,0.816665
0.926486,0.028637,0.044877
0.000387,0.980390,0.019223
0.985487,0.014513,0.000000
0.926374,0.073250,0.000376
0.971789,0.028211,0.000000
0.058796,0.111611,0.829593
0.136938,0.686090,0.176972
0.035598,0.341185,0.623217
0.009861,0.021663,0.968476
0.064312,0.091036,0.844652
0.997341,0.002659,0.000000
0.007385,0.857867,0.134748
0.244785,0.746224,0.008991
0.995284,0.004716,0.000000
0.265603,0.715702,0.018695
0.978486,0.021514,0.000000
0.195086,0.804263,0.000651
0.001496,0.003791,0.994713
0.933576,0.053296,0.013128
0.014644,0.016364,0.968991
0.067841,0.575101,0.357058
0.238535,0.670572,0.090893
0.100362,0.563511,0.336127
0.835822,0.159829,0.004349
0.069414,0.624956,0.305630
0.272128,0.723750,0.004122
0.000075,0.000014,0.999911
0.871472,0.108172,0.020356
0.993806,0.006193,0.000001
0.849777,0.150223,0.000000
0.621051,0.370433,0.008515
0.977171,0.022826,0.000003
0.995817,0.004183,0.000001
0.003024,0.895502,0.101474
0.607313,0.392687,0.000000
0.026892,0.120153,0.852955
0.987442,0.012557,0.000001
0.349702,0.501947,0.148351
0.036436,0.325004,0.638560
0.998555,0.001445,0.000000
0.989823,0.010177,0.000000
0.011757,0.698085,0.290158
0.001779,0.905417,0.092804
0.630135,0.365553,0.004311
0.076200,0.645494,0.278305
0.993957,0.006043,0.000000
0.017698,0.042399,0.939903
0.971699,0.028299,0.000002
0.589207,0.410776,0.000017
0.497950,0.502037,0.000013
0.435622,0.518353,0.046025
0.942398,0.057429,0.000173
0.005058,0.822718,0.172224
0.018413,0.061172,0.920415
0.203141,0.790100,0.006759
0.576356,0.423617,0.000027
0.507299,0.492701,0.000000
0.636923,0.362944,0.000133
0.090671,0.535839,0.373490
0.043390,0.069543,0.887067
0.011200,0.885804,0.102995
0.994244,0.005756,0.000000
0.997555,0.002445,0.000000
0.610684,0.389316,0.000000
0.694524,0.305476,0.000000
0.040312,0.737334,0.222354
0.839329,0.109027,0.051643
0.006372,0.843454,0.150175
0.997534,0.002466,0.000000
0.851455,0.039511,0.109034
0.422092,0.575712,0.002197
0.014662,0.214253,0.771085
0.956202,0.026872,0.016926
0.053218,0.351123,0.595659
0.744149,0.255622,0.000229
0.103798,0.152167,0.744035
0.676250,0.322498,0.001253
0.015292,0.056864,0.927844
0.044422,0.046471,0.909107
0.000693,0.000073,0.999234
0.970084,0.024315,0.005601
0.004104,0.990472,0.005425
0.004800,0.006013,0.989187
0.133523,0.704057,0.162420
0.433190,0.566763,0.000047
0.997463,0.002537,0.000000
0.050149,0.218088,0.731763
0.000959,0.997309,0.001732
0.030377,0.500859,0.468764
0.994638,0.005354,0.000008
0.121119,0.111698,0.767183
0.984399,0.015596,0.000004
0.000508,0.000087,0.999405
0.143082,0.194235,0.662683
0.440513,0.489293,0.070193
0.819142,0.180857,0.000000
0.534097,0.465903,0.000000
0.994199,0.005801,0.000000
0.573466,0.426533,0.000000
0.981153,0.018847,0.000000
0.978584,0.021416,0.000000
0.215257,0.773154,0.011589
0.991709,0.008291,0.000000
0.996261,0.003739,0.000000
0.009902,0.765753,0.224345
0.072032,0.737471,0.190497
0.433081,0.566914,0.000006
0.602896,0.397103,0.000002
0.615567,0.384386,0.000047
0.005650,0.012170,0.982181
0.997014,0.002986,0.000000
0.001063,0.001165,0.997772
0.140810,0.511672,0.347518
0.213571,0.587054,0.199374
0.608866,0.391134,0.000001
0.422827,0.577169,0.000003
0.005139,0.013537,0.981325
0.079628,0.185976,0.734395
0.000968,0.987775,0.011257
0.986401,0.013501,0.000098
0.402346,0.474137,0.123517
0.997301,0.002699,0.000000
0.091846,0.146492,0.761662
0.057147,0.711575,0.231278
0.995429,0.004571,0.000000
0.264084,0.735869,0.000047
0.994929,0.005071,0.000000
0.428225,0.571773,0.000001
0.869651,0.130155,0.000194
0.997746,0.002254,0.000000
0.988503,0.011491,0.000007
0.405271,0.594728,0.000000
0.098000,0.117267,0.784733
0.060471,0.123568,0.815961
0.000633,0.001646,0.997721
0.003749,0.860198,0.136053
0.952764,0.044859,0.002378
0.998767,0.001233,0.000000
0.003568,0.903257,0.093176
0.970601,0.029390,0.000009
0.136870,0.631002,0.232127
0.647835,0.351143,0.001022
0.019525,0.709198,0.271276
0.998869,0.001131,0.000000
0.498521,0.499757,0.001722
0.994987,0.005014,0.000000
0.998222,0.001773,0.000005
0.995441,0.004559,0.000000
0.553674,0.295746,0.150580
0.232531,0.767363,0.000106
0.356634,0.353552,0.289814
0.132051,0.867150,0.000799
0.995943,0.004057,0.000000
0.424553,0.575443,0.000004
0.265528,0.734471,0.000001
0.053487,0.092570,0.853943
0.808199,0.020275,0.171526
0.019620,0.061912,0.918468
0.993076,0.006924,0.000000
0.978458,0.021537,0.000005
0.002064,0.002384,0.995552
0.190528,0.802074,0.007398
0.997487,0.002513,0.000000
0.988071,0.011927,0.000002
0.076169,0.629106,0.294724
0.866036,0.133671,0.000293
0.089435,0.552816,0.357748
0.971101,0.028800,0.000100
0.988518,0.011480,0.000002
0.638201,0.361798,0.000001
0.995472,0.004527,0.000000
0.799311,0.200540,0.000149
0.525445,0.474554,0.000001
0.044063,0.447627,0.508310
0.957004,0.022550,0.020446
0.748064,0.251661,0.000275
0.172758,0.009096,0.818147
0.516440,0.477462,0.006099
0.986579,0.013390,0.000031
0.994737,0.005263,0.000000
0.094788,0.903157,0.002055
0.964936,0.030715,0.004349
0.001803,0.997865,0.000332
0.365002,0.275519,0.359479
0.649584,0.350415,0.000000
0.492766,0.507222,0.000012
0.996276,0.003724,0.000000
0.819650,0.169423,0.010927
0.988470,0.011506,0.000024
0.869661,0.034641,0.095698
0.016972,0.088315,0.894713
0.998403,0.001597,0.000000
0.983817,0.015384,0.000799
0.013668,0.065763,0.920569
0.798624,0.201311,0.000065
0.004493,0.986956,0.008551
0.785561,0.168611,0.045828
0.132264,0.214495,0.653241
0.393182,0.028719,0.578100
0.040255,0.089005,0.870740
0.529014,0.470986,0.000000
0.989711,0.010287,0.000002
0.849766,0.150234,0.000000
0.002871,0.016414,0.980716
0.257334,0.686734,0.055932
0.823765,0.176192,0.000044
0.566848,0.413030,0.020122
0.219145,0.520442,0.260412
0.284755,0.685569,0.029677
0.991157,0.008843,0.000000
0.033783,0.281274,0.684943
0.350214,0.041713,0.608072
0.001774,0.998036,0.000190
0.981656,0.017477,0.000866
0.998068,0.001932,0.000000
0.016326,0.031638,0.952036
0.004374,0.022224,0.973402
0.073026,0.272299,0.654675
0.998921,0.001079,0.000000
0.729921,0.270079,0.000000
0.907304,0.012164,0.080532
0.536732,0.463266,0.000002
0.073318,0.597255,0.329428
0.084528,0.012116,0.903356
0.069582,0.929955,0.000463
0.983759,0.016241,0.000000
0.998009,0.001991,0.000000
0.015988,0.597709,0.386303
0.705061,0.294939,0.000000
0.014955,0.022440,0.962605
0.002402,0.002801,0.994797
0.508235,0.491669,0.000096
0.991302,0.008698,0.000000
0.989273,0.010727,0.000000
0.994399,0.005601,0.000000
0.996768,0.003232,0.000000
0.886365,0.112831,0.000804
0.968021,0.031241,0.000738
0.984337,0.015148,0.000516
0.989665,0.009833,0.000502
0.038374,0.463432,0.498195
0.040107,0.093240,0.866653
0.093500,0.568355,0.338145
0.976799,0.023146,0.000055
0.447943,0.520538,0.031519
0.996918,0.003082,0.000000
0.987596,0.012404,0.000000
0.044406,0.450741,0.504853
0.910646,0.089353,0.000001
0.285712,0.496302,0.217986
0.997413,0.002587,0.000000
0.984046,0.015954,0.000000
0.000024,0.000003,0.999973
0.489507,0.510493,0.000000
0.152570,0.370683,0.476747
0.069673,0.655974,0.274353
0.470860,0.529139,0.000001
0.085171,0.591935,0.322894
0.984669,0.015331,0.000000
0.997009,0.002991,0.000000
0.000478,0.000354,0.999168
0.997287,0.002713,0.000000
0.996743,0.003257,0.000000
0.966669,0.031131,0.002200
0.646707,0.352692,0.000601
0.997662,0.002338,0.000000
0.152012,0.347207,0.500781
0.179871,0.736177,0.083952
0.364975,0.592830,0.042195
0.001494,0.001922,0.996584
0.147908,0.177071,0.675021
0.759592,0.181923,0.058484
0.033837,0.263134,0.703029
0.000918,0.001996,0.997087
0.001971,0.996047,0.001982
0.103935,0.375245,0.520820
0.993084,0.006915,0.000001
0.000080,0.000020,0.999900
0.331900,0.657765,0.010335
0.993073,0.006927,0.000000
0.685764,0.314235,0.000001
0.019621,0.729581,0.250798
0.503367,0.496632,0.000002
0.111695,0.001599,0.886706
0.002226,0.987900,0.009874
0.042079,0.523487,0.434434
0.998017,0.001983,0.000000
0.881594,0.118406,0.000000
0.983784,0.016216,0.000000
0.096867,0.479491,0.423642
0.071902,0.275792,0.652306
0.985012,0.014988,0.000000
0.891546,0.013161,0.095292
0.353524,0.645736,0.000740
0.277557,0.722421,0.000023
0.006241,0.020754,0.973004
0.061308,0.680281,0.258411
0.001491,0.990091,0.008417
0.002102,0.006402,0.991495
0.972429,0.027571,0.000000
0.019998,0.337555,0.642447
0.000080,0.000036,0.999884
0.025350,0.318031,0.656619
0.774101,0.170520,0.055379
0.239607,0.760344,0.000049
0.054205,0.558509,0.387286
0.663173,0.336827,0.000000
0.994292,0.005708,0.000000
0.837577,0.162423,0.000000
0.996558,0.003442,0.000000
0.873901,0.126078,0.000021
0.819358,0.180642,0.000000
0.000220,0.000056,0.999724
0.924875,0.029784,0.045341
0.000040,0.000006,0.999954
0.084785,0.591570,0.323645
0.998276,0.001724,0.000000
0.991352,0.008648,0.000000
0.003880,0.949215,0.046906
0.011588,0.032105,0.956308
0.108995,0.638410,0.252595
0.939866,0.057940,0.002194
0.994727,0.005273,0.000000
0.017045,0.790883,0.192071
0.111725,0.180782,0.707493
0.245839,0.753947,0.000214
0.092200,0.580556,0.327244
0.077358,0.443086,0.479556
0.399300,0.402523,0.198177
0.312152,0.375349,0.312499
0.151090,0.320617,0.528293
0.082224,0.612849,0.304928
0.001602,0.998339,0.000059
0.786415,0.213585,0.000000
0.942767,0.057232,0.000001
0.089830,0.760258,0.149913
0.508310,0.491688,0.000002
0.051933,0.173700,0.774367
0.966866,0.033134,0.000000
0.003356,0.000855,0.995789
0.011578,0.012585,0.975837
0.870260,0.039386,0.090354
0.968256,0.031744,0.000000
0.000667,0.008051,0.991282
0.973886,0.026114,0.000000
0.642955,0.354648,0.002396
0.154557,0.043564,0.801879
0.994732,0.005267,0.000000
0.997291,0.002709,0.000000
0.147562,0.820120,0.032317
0.997615,0.002382,0.000002
0.213947,0.771399,0.014654
0.002181,0.014971,0.982849
0.990293,0.009689,0.000017
0.942208,0.057792,0.000001
0.554610,0.445388,0.000002
0.998130,0.001870,0.000000
0.552733,0.447267,0.000000
0.556256,0.437242,0.006502
0.721940,0.277303,0.000757
0.011256,0.183473,0.805272
0.279438,0.720558,0.000004
0.240644,0.726935,0.032421
0.000758,0.000115,0.999128
0.509402,0.490596,0.000001
0.995102,0.004898,0.000000
0.683263,0.316737,0.000000
0.025999,0.077107,0.896895
0.000230,0.000080,0.999690
0.922182,0.070963,0.006855
0.905883,0.094081,0.000035
0.048677,0.077561,0.873762
0.406327,0.317577,0.276096
0.579148,0.420848,0.000004
0.996690,0.003310,0.000000
0.266326,0.322955,0.410719
0.457470,0.531906,0.010625
0.061914,0.758994,0.179092
0.076322,0.595558,0.328120
0.801574,0.198181,0.000245
0.134412,0.612833,0.252754
0.036059,0.213935,0.750007
0.497988,0.499001,0.003011
0.360243,0.639736,0.000021
0.076384,0.099361,0.824255
0.236455,0.550642,0.212903
0.016726,0.025669,0.957605
0.016246,0.078941,0.904813
0.314468,0.679360,0.006172
0.363897,0.636042,0.000061
0.001965,0.998021,0.000015
0.052358,0.452275,0.495367
0.171812,0.702497,0.125691
0.000281,0.000048,0.999672
0.998261,0.001739,0.000000
0.034887,0.421692,0.543422
0.225462,0.575292,0.199245
0.995955,0.004043,0.000002
0.139106,0.092085,0.768808
0.847341,0.152658,0.000000
0.038475,0.446296,0.515229
0.056474,0.320803,0.622723
0.001087,0.998906,0.000007
0.550121,0.449878,0.000001
0.195305,0.661361,0.143334
0.207243,0.379008,0.413749
0.519698,0.480302,0.000000
0.604071,0.395333,0.000597
0.060912,0.651889,0.287199
0.468494,0.531505,0.000002
0.043777,0.117299,0.838924
0.143539,0.856356,0.000105
0.101342,0.549419,0.349240
0.001856,0.942727,0.055417
0.003968,0.995621,0.000412
0.875808,0.122733,0.001459
0.023525,0.001882,0.974593
0.000969,0.998287,0.000744
0.986435,0.013483,0.000082
0.905576,0.094156,0.000268
0.907059,0.092940,0.000001
0.129347,0.565833,0.304820
0.840325,0.154217,0.005458
0.397218,0.532805,0.069977
0.364007,0.609455,0.026538
0.002294,0.997188,0.000517
0.974627,0.025372,0.000001
0.187839,0.783419,0.028742
0.989065,0.010932,0.000003
0.013464,0.091542,0.894995
0.737318,0.261427,0.001255
0.004170,0.873104,0.122726
0.000951,0.999011,0.000038
0.215150,0.782208,0.002642
0.487363,0.512612,0.000025
0.582354,0.417115,0.000531
0.330351,0.668782,0.000866
0.976621,0.023378,0.000001
0.008138,0.991799,0.000063
0.745730,0.254267,0.000003
0.381038,0.618862,0.000100
0.869528,0.122793,0.007679
0.040364,0.464216,0.495419
0.624841,0.375159,0.000000
0.015560,0.050171,0.934270
0.052234,0.117067,0.830699
0.713914,0.286086,0.000000
0.970911,0.029089,0.000000
0.421931,0.398327,0.179742
0.974846,0.025069,0.000085
0.101216,0.444108,0.454676
0.463292,0.529446,0.007262
0.990711,0.009288,0.000001
0.992206,0.007792,0.000002
0.987736,0.012260,0.000003
0.635594,0.364406,0.000000
0.286041,0.713913,0.000046
0.001335,0.958240,0.040425
0.994188,0.005812,0.000000
0.086672,0.177252,0.736076
0.993013,0.006985,0.000001
0.988071,0.011929,0.000000
0.628013,0.108363,0.263624
0.949998,0.045283,0.004719
0.773369,0.226631,0.000000
0.119422,0.167739,0.712839
0.998247,0.001753,0.000000
0.261312,0.449157,0.289531
0.017462,0.111346,0.871192
0.017785,0.811491,0.170724
0.997618,0.002382,0.000000
0.023074,0.907531,0.069395
0.564721,0.403237,0.032042
0.251493,0.154049,0.594458
0.010778,0.173623,0.815600
0.701169,0.298352,0.000479
0.738619,0.168541,0.092841
0.995704,0.004297,0.000000
0.017914,0.044569,0.937517
0.543603,0.456396,0.000001
0.004643,0.022001,0.973357
0.989013,0.010987,0.000000
0.026238,0.086098,0.887664
0.123772,0.666076,0.210152
0.090558,0.125751,0.783691
0.983744,0.016240,0.000015
0.992350,0.006046,0.001604
0.994600,0.005400,0.000000
0.533612,0.465058,0.001330
0.119157,0.879771,0.001072
0.998592,0.001408,0.000000
0.950620,0.024748,0.024633
0.001622,0.996903,0.001474
0.009645,0.913614,0.076741
0.503805,0.496194,0.000001
0.051495,0.144500,0.804005
0.995844,0.004156,0.000000
0.013756,0.087957,0.898287
0.002381,0.997232,0.000386
0.064396,0.178763,0.756841
0.177181,0.594947,0.227872
0.015559,0.040982,0.943459
0.955729,0.044271,0.000000
0.645935,0.086772,0.267293
0.000111,0.000038,0.999851
0.998551,0.001449,0.000000
0.956960,0.043019,0.000021
0.237760,0.710124,0.052116
0.998099,0.001901,0.000000
0.282407,0.625761,0.091831
0.985287,0.014713,0.000000
0.071853,0.703497,0.224651
0.478249,0.521750,0.000001
0.002929,0.996601,0.000470
0.035345,0.053007,0.911648
0.991516,0.008483,0.000001
0.156289,0.233609,0.610102
0.977137,0.022863,0.000000
0.115919,0.745194,0.138888
0.153802,0.001430,0.844767
0.052126,0.371943,0.575931
0.000583,0.998674,0.000743
0.534861,0.465138,0.000001
0.386288,0.613711,0.000001
0.249262,0.119099,0.631639
0.535477,0.396434,0.068089
0.991302,0.002718,0.005980
0.996257,0.003743,0.000000
0.993190,0.006806,0.000003
0.002101,0.007870,0.990030
0.997969,0.002031,0.000000
0.357565,0.642434,0.000001
0.992024,0.007976,0.000000
0.006630,0.862740,0.130630
0.415964,0.584032,0.000004
0.001133,0.998840,0.000027
0.567642,0.097795,0.334563
0.973821,0.024913,0.001265
0.120748,0.660290,0.218963
0.010723,0.013096,0.976181
0.776684,0.223316,0.000000
0.255652,0.744131,0.000217
0.046150,0.724389,0.229461
0.012199,0.031956,0.955845
0.001254,0.000482,0.998264
0.057901,0.215591,0.726508
0.455114,0.544856,0.000030
0.002431,0.996908,0.000661
0.068001,0.101743,0.830256
0.734229,0.261301,0.004470
0.067766,0.431114,0.501120
0.026728,0.434539,0.538733
0.000034,0.000030,0.999936
0.830455,0.169496,0.000050
0.005587,0.984185,0.010228
0.984805,0.015188,0.000007
0.003324,0.993261,0.003415
0.601637,0.397112,0.001251
0.915751,0.084248,0.000001
0.021608,0.773594,0.204798
0.086744,0.806132,0.107123
0.973421,0.026579,0.000000
0.438091,0.389037,0.172872
0.695238,0.185277,0.119486
0.233953,0.326282,0.439765
0.996185,0.003815,0.000000
0.973632,0.026368,0.000000
0.006205,0.198238,0.795557
0.997636,0.002364,0.000000
0.994766,0.005235,0.000000
0.562450,0.437550,0.000000
0.003391,0.058097,0.938511
0.998900,0.001100,0.000000
0.667849,0.331242,0.000909
0.680533,0.319467,0.000000
0.890979,0.106808,0.002213
0.143091,0.330262,0.526647
0.858566,0.039921,0.101512
0.647972,0.352028,0.000000
0.115658,0.565896,0.318447
0.639029,0.360971,0.000000
0.019419,0.042374,0.938207
0.029838,0.338792,0.631370
0.328779,0.671220,0.000000
0.842104,0.150928,0.006969
0.193314,0.493616,0.313069
0.055431,0.113675,0.830895
0.392506,0.607494,0.000000
0.260224,0.482562,0.257214
0.039057,0.594163,0.366780
0.647197,0.352802,0.000000
0.383327,0.069961,0.546711
0.219236,0.780588,0.000176
0.998150,0.001850,0.000000
0.983782,0.016218,0.000000
0.992749,0.007251,0.000000
0.018798,0.530335,0.450867
0.994171,0.005824,0.000005
0.003575,0.000714,0.995711
0.017081,0.862475,0.120444
0.249492,0.691279,0.059229
0.158679,0.341153,0.500168
0.433120,0.566879,0.000001
0.002892,0.989503,0.007605
0.937349,0.062651,0.000000
0.274535,0.719766,0.005699
0.137068,0.169459,0.693473
0.130270,0.363491,0.506239
0.261855,0.690540,0.047606
0.614017,0.385048,0.000935
0.143405,0.850668,0.005927
0.493090,0.506372,0.000538
0.027823,0.436899,0.535279
0.776187,0.219645,0.004168
0.920791,0.008299,0.070910
0.273763,0.726169,0.000069
0.117032,0.186438,0.696529
0.055042,0.535503,0.409455
0.396944,0.602804,0.000252
0.001601,0.031029,0.967370
0.213253,0.786745,0.000003
0.997940,0.002060,0.000000
0.997846,0.002154,0.000000
0.629893,0.119905,0.250202
0.030137,0.478085,0.491778
0.004280,0.005922,0.989798
0.643813,0.347121,0.009066
0.754750,0.245196,0.000054
0.575048,0.414870,0.010081
0.041586,0.416635,0.541779
0.280676,0.719313,0.000011
0.866014,0.133839,0.000146
0.001070,0.001206,0.997724
0.291406,0.706258,0.002335
0.992809,0.007187,0.000004
0.817945,0.182055,0.000000
0.247968,0.537647,0.214385
0.998193,0.001807,0.000000
0.976374,0.007996,0.015630
0.635807,0.364181,0.000012
0.055891,0.437686,0.506423
0.771328,0.004861,0.223810
0.005881,0.016709,0.977410
0.016738,0.856433,0.126830
0.994643,0.005357,0.000000
0.027863,0.367185,0.604953
0.491665,0.254395,0.253940
0.010936,0.047176,0.941889
0.000656,0.000093,0.999251
0.997758,0.002242,0.000000
0.023542,0.270862,0.705595
0.966697,0.033281,0.000022
0.012092,0.915414,0.072494
0.001126,0.033262,0.965612
0.005311,0.845974,0.148716
0.009477,0.098942,0.891581
0.971318,0.028682,0.000000
0.981598,0.018264,0.000138
0.870199,0.019001,0.110799
0.948335,0.051665,0.000000
0.509494,0.490506,0.000000
0.997062,0.002938,0.000000
0.616080,0.026259,0.357660
0.569706,0.430275,0.000020
0.004653,0.699612,0.295735
0.097417,0.639633,0.262949
0.173351,0.826395,0.000254
0.428569,0.281035,0.290396
0.001576,0.017964,0.980459
0.100812,0.602277,0.296912
0.002445,0.908939,0.088616
0.008178,0.007283,0.984539
0.999244,0.000756,0.000000
0.675397,0.324603,0.000000
0.468790,0.531209,0.000001
0.215675,0.015582,0.768742
0.003830,0.015362,0.980808
0.997692,0.002308,0.000000
0.997618,0.002382,0.000000
0.907738,0.090217,0.002045
0.890165,0.105775,0.004060
0.325309,0.668384,0.006306
0.425259,0.574738,0.000003
0.188698,0.230525,0.580777
0.199393,0.330135,0.470472
0.965941,0.034059,0.000000
0.541795,0.458204,0.000000
0.972158,0.027842,0.000000
0.593566,0.239715,0.166719
0.478602,0.502909,0.018488
0.985236,0.014764,0.000000
0.993892,0.006107,0.000001
0.254771,0.100245,0.644984
0.943919,0.034729,0.021352
0.975963,0.005058,0.018978
0.678973,0.223021,0.098006
0.033583,0.297958,0.668459
0.972742,0.027258,0.000000
0.994102,0.005898,0.000000
0.024155,0.060776,0.915069
0.024767,0.173934,0.801298
0.942321,0.036977,0.020703
0.399024,0.569783,0.031193
0.424033,0.575965,0.000002
0.018907,0.080559,0.900534
0.003721,0.949939,0.046340
0.037983,0.239396,0.722621
0.271740,0.726227,0.002032
0.018863,0.034971,0.946166
0.886394,0.111718,0.001889
0.007642,0.618631,0.373727
0.483396,0.516604,0.000000
0.000820,0.041603,0.957578
0.989129,0.010863,0.000009
0.996208,0.003792,0.000000
0.502179,0.488628,0.009193
0.687426,0.312574,0.000000
0.004218,0.986381,0.009401
0.000841,0.996934,0.002225
0.561112,0.438883,0.000005
0.974684,0.023380,0.001936
0.019785,0.643881,0.336333
0.988727,0.010027,0.001246
0.985186,0.014814,0.000000
0.990291,0.009700,0.000008
0.003090,0.996895,0.000015
0.148869,0.227454,0.623678
0.028105,0.113237,0.858659
0.008147,0.037415,0.954437
0.963266,0.036734,0.000000
0.996154,0.003846,0.000000
0.949130,0.007185,0.043685
0.007195,0.096102,0.896703
0.998333,0.001667,0.000000
0.003761,0.995992,0.000247
0.996389,0.003611,0.000000
0.146985,0.452512,0.400503
0.043736,0.378329,0.577935
0.251340,0.643505,0.105155
0.016930,0.349798,0.633272
0.001227,0.949013,0.049759
0.779902,0.028165,0.191933
0.002891,0.995138,0.001972
0.996144,0.003856,0.000000
0.041447,0.337589,0.620964
0.001927,0.998061,0.000012
0.434966,0.564255,0.000779
0.443231,0.526616,0.030153
0.997963,0.002037,0.000000
0.920640,0.079131,0.000229
0.001828,0.997675,0.000497
0.760912,0.239088,0.000000
0.989702,0.010295,0.000003
0.002672,0.993167,0.004161
0.206358,0.011277,0.782365
0.160875,0.839070,0.000055
0.556845,0.443155,0.000000
0.480461,0.508173,0.011366
0.014225,0.077915,0.907860
0.006199,0.978382,0.015420
0.277827,0.721906,0.000267
0.094860,0.155261,0.749879
0.367788,0.349494,0.282718
0.000876,0.003196,0.995929
0.993893,0.006107,0.000000
0.154592,0.393238,0.452170
0.995388,0.004612,0.000000
0.574196,0.425194,0.000610
0.994054,0.005946,0.000000
0.973374,0.026626,0.000000
0.998092,0.001908,0.000000
0.276749,0.322843,0.400408
0.001862,0.970401,0.027737
0.055250,0.648299,0.296450
0.982349,0.017651,0.000000
0.996715,0.003285,0.000000
0.032967,0.056216,0.910818
0.474725,0.513633,0.011642
0.989165,0.010835,0.000000
0.386123,0.613821,0.000057
0.889655,0.109715,0.000630
0.328594,0.671066,0.000341
0.989462,0.010537,0.000000
0.268899,0.631062,0.100040
0.776619,0.222681,0.000700
0.971125,0.028875,0.000000
0.106930,0.892265,0.000805
0.521497,0.478502,0.000002
0.070860,0.558538,0.370602
0.851235,0.134675,0.014089
0.030610,0.308801,0.660589
0.995858,0.004142,0.000000
0.995847,0.004153,0.000000
0.989109,0.005391,0.005500
0.997517,0.002483,0.000000
0.989334,0.010664,0.000002
0.996538,0.003462,0.000000
0.002209,0.984183,0.013608
0.957218,0.039751,0.003031
0.005597,0.990162,0.004240
0.003704,0.949299,0.046997
0.988271,0.011675,0.000054
0.222270,0.263274,0.514456
0.045849,0.416843,0.537308
0.011626,0.533375,0.454999
0.990599,0.009401,0.000000
0.342827,0.640993,0.016180
0.000802,0.998396,0.000802
0.750722,0.249234,0.000044
0.663667,0.313150,0.023182
0.753845,0.246031,0.000124
0.985101,0.014834,0.000065
0.001020,0.001068,0.997912
0.946555,0.053445,0.000000
0.012344,0.032760,0.954896
