0.011590,0.346314,0.642096
0.201707,0.798290,0.000003
0.392615,0.605056,0.002329
0.997096,0.002904,0.000000
0.209810,0.765739,0.024451
0.000590,0.999112,0.000298
0.002517,0.055664,0.941819
0.490680,0.507074,0.002247
0.528371,0.273060,0.198569
0.992156,0.007838,0.000006
0.016848,0.033895,0.949257
0.932722,0.023035,0.044243
0.001130,0.966747,0.032123
0.583477,0.416422,0.000101
0.997983,0.002017,0.000000
0.440684,0.559226,0.000090
0.323733,0.676188,0.000079
0.151254,0.424145,0.424601
0.257227,0.611601,0.131172
0.516262,0.461376,0.022362
0.003934,0.993814,0.002252
0.994104,0.005896,0.000000
0.277186,0.700581,0.022233
0.006875,0.015520,0.977605
0.947015,0.052910,0.000074
0.963997,0.033676,0.002327
0.368010,0.631988,0.000001
0.815074,0.183041,0.001885
0.531760,0.445720,0.022520
0.003027,0.975512,0.021462
0.019126,0.742605,0.238269
0.008432,0.161192,0.830375
0.509286,0.462061,0.028653
0.996760,0.003240,0.000000
0.000021,0.000059,0.999920
0.259565,0.734977,0.005458
0.246677,0.694086,0.059237
0.998795,0.001205,0.000000
0.852437,0.147001,0.000562
0.995893,0.004107,0.000000
0.970303,0.029687,0.000010
0.000183,0.001135,0.998683
0.969496,0.030504,0.000000
0.018036,0.445346,0.536618
0.582253,0.417414,0.000333
0.049160,0.138163,0.812677
0.093717,0.906278,0.000005
0.000077,0.000105,0.999817
0.989517,0.010483,0.000000
0.141241,0.780547,0.078211
0.018649,0.740398,0.240953
0.428566,0.571401,0.000034
0.979447,0.020553,0.000000
0.994246,0.005748,0.000006
0.934249,0.065751,0.000000
0.996866,0.003134,0.000000
0.976630,0.023370,0.000000
0.383910,0.615760,0.000330
0.006507,0.966985,0.026507
0.897126,0.102179,0.000695
0.194741,0.778531,0.026727
0.540820,0.459148,0.000032
0.997293,0.002707,0.000000
0.997965,0.002035,0.000000
0.421954,0.578046,0.000001
0.993609,0.006391,0.000000
0.001897,0.013122,0.984981
0.996745,0.003252,0.000003
0.991188,0.008808,0.000004
0.003440,0.918498,0.078062
0.562216,0.401265,0.036519
0.288480,0.711479,0.000041
0.082542,0.412084,0.505374
0.548927,0.439643,0.011430
0.021530,0.691958,0.286512
0.139047,0.859793,0.001160
0.377516,0.622483,0.000001
0.010830,0.255228,0.733942
0.230252,0.769496,0.000252
0.006202,0.978675,0.015122
0.450346,0.548563,0.001091
0.983747,0.016253,0.000000
0.802903,0.196756,0.000342
0.472263,0.527572,0.000165
0.500293,0.499566,0.000141
0.981244,0.018756,0.000000
0.995011,0.004989,0.000000
0.037021,0.191755,0.771224
0.009667,0.310283,0.680051
0.988693,0.011307,0.000000
0.035175,0.653779,0.311046
0.990908,0.009092,0.000000
0.013387,0.022298,0.964315
0.995494,0.004506,0.000000
0.370831,0.607004,0.022165
0.993733,0.006267,0.000000
0.935063,0.042459,0.022478
0.995003,0.004997,0.000000
0.985543,0.014457,0.000000
0.994705,0.005295,0.000000
0.781370,0.120042,0.098588
0.303474,0.696520,0.000007
0.996139,0.003861,0.000000
0.236392,0.741314,0.022294
0.000832,0.995926,0.003242
0.978230,0.021760,0.000010
0.006899,0.014883,0.978218
0.663106,0.336894,0.000001
0.995063,0.004937,0.000000
0.186347,0.758632,0.055021
0.996262,0.003738,0.000000
0.445522,0.554478,0.000000
0.996265,0.003735,0.000000
0.983577,0.016403,0.000019
0.006097,0.968658,0.025245
0.008685,0.033657,0.957658
0.994733,0.005267,0.000000
0.207574,0.715202,0.077224
0.004884,0.214367,0.780749
0.136677,0.613164,0.250158
0.990455,0.009545,0.000000
0.233267,0.766104,0.000629
0.002797,0.014006,0.983197
0.001136,0.998417,0.000447
0.295970,0.131300,0.572730
0.021434,0.291096,0.687470
0.938376,0.061619,0.000004
0.005075,0.010469,0.984456
0.001758,0.981650,0.016592
0.002145,0.935817,0.062038
0.000349,0.001449,0.998202
0.000848,0.000197,0.998955
0.510119,0.486586,0.003296
0.356638,0.643357,0.000005
0.928922,0.071018,0.000059
0.011549,0.534989,0.453461
0.010278,0.754563,0.235158
0.007139,0.499659,0.493203
0.992022,0.007977,0.000000
0.242397,0.757599,0.000005
0.007782,0.843861,0.148358
0.112437,0.823227,0.064336
0.584915,0.413721,0.001364
0.589574,0.406244,0.004182
0.087162,0.872536,0.040302
0.968022,0.030231,0.001747
0.000384,0.000072,0.999544
0.403712,0.592462,0.003827
0.805769,0.192809,0.001423
0.501805,0.485105,0.013090
0.124597,0.875366,0.000037
0.045893,0.508078,0.446029
0.997801,0.002199,0.000000
0.441524,0.558393,0.000083
0.035194,0.610124,0.354682
0.008610,0.886179,0.105211
0.774595,0.225050,0.000356
0.012180,0.420496,0.567324
0.453102,0.546194,0.000705
0.995200,0.004800,0.000000
0.993930,0.006070,0.000000
0.931568,0.037115,0.031317
0.083835,0.248437,0.667727
0.036652,0.069567,0.893781
0.011748,0.378108,0.610144
0.000522,0.000101,0.999377
0.029803,0.147803,0.822395
0.012867,0.071916,0.915217
0.000440,0.997678,0.001882
0.000460,0.999091,0.000449
0.997127,0.002873,0.000000
0.930033,0.054092,0.015876
0.985831,0.014169,0.000000
0.000044,0.000071,0.999885
0.018420,0.785480,0.196101
0.739283,0.260388,0.000328
0.008863,0.011383,0.979753
0.966924,0.032796,0.000280
0.081525,0.276953,0.641522
0.329189,0.626808,0.044003
0.385924,0.614074,0.000002
0.977633,0.021978,0.000389
0.024346,0.409362,0.566292
0.031132,0.086826,0.882041
0.968622,0.031378,0.000000
0.245034,0.754924,0.000042
0.001375,0.004829,0.993795
0.338657,0.653492,0.007851
0.994467,0.005533,0.000000
0.991690,0.008282,0.000029
0.597594,0.399578,0.002828
0.013935,0.622987,0.363078
0.003218,0.015993,0.980788
0.168714,0.803641,0.027645
0.001910,0.997872,0.000218
0.003368,0.082326,0.914306
0.009997,0.027188,0.962815
0.981552,0.018448,0.000000
0.994738,0.005262,0.000000
0.224691,0.712508,0.062802
0.989854,0.010131,0.000015
0.036299,0.557472,0.406230
0.026334,0.112046,0.861619
0.001311,0.000441,0.998249
0.992091,0.007909,0.000000
0.000131,0.000021,0.999848
0.193478,0.785529,0.020993
0.042069,0.564977,0.392955
0.995352,0.004648,0.000000
0.004478,0.983121,0.012401
0.979985,0.020015,0.000000
0.997827,0.002173,0.000000
0.250131,0.749844,0.000025
0.996345,0.003655,0.000000
0.323931,0.676052,0.000017
0.471803,0.525968,0.002229
0.977413,0.022585,0.000001
0.282711,0.418806,0.298483
0.020796,0.819080,0.160125
0.366263,0.626040,0.007697
0.435443,0.062715,0.501842
0.995617,0.004383,0.000000
0.000430,0.995666,0.003904
0.014271,0.028868,0.956861
0.996223,0.003777,0.000000
0.981611,0.018389,0.000000
0.000723,0.000090,0.999187
0.991225,0.008775,0.000000
0.000024,0.000021,0.999955
0.000282,0.000026,0.999691
0.650499,0.348563,0.000938
0.460936,0.464765,0.074299
0.001887,0.995917,0.002196
0.000345,0.000086,0.999569
0.002636,0.001867,0.995497
0.381520,0.614919,0.003560
0.993010,0.006990,0.000000
0.986241,0.013759,0.000000
0.995875,0.004125,0.000000
0.393741,0.586928,0.019331
0.683815,0.316184,0.000000
0.063207,0.450981,0.485811
0.013052,0.219305,0.767643
0.988101,0.011898,0.000001
0.373410,0.625946,0.000644
0.996694,0.003306,0.000000
0.957507,0.042464,0.000029
0.000266,0.000809,0.998924
0.256773,0.737765,0.005462
0.021270,0.653777,0.324953
0.416581,0.216821,0.366598
0.235736,0.761774,0.002490
0.988214,0.011781,0.000004
0.327786,0.667717,0.004496
0.799404,0.198086,0.002510
0.538536,0.461388,0.000075
0.989630,0.010370,0.000000
0.000442,0.999223,0.000335
0.410490,0.580659,0.008851
0.991350,0.008650,0.000000
0.000811,0.999042,0.000146
0.997544,0.002456,0.000000
0.390459,0.609529,0.000012
0.341154,0.658845,0.000001
0.000787,0.994583,0.004630
0.996240,0.003760,0.000000
0.942227,0.057697,0.000075
0.018760,0.210877,0.770363
0.001246,0.004530,0.994224
0.996570,0.003430,0.000000
0.757865,0.220921,0.021214
0.002313,0.000760,0.996927
0.964837,0.035163,0.000000
0.073588,0.491985,0.434427
0.830726,0.169152,0.000122
0.000119,0.000254,0.999627
0.996962,0.003038,0.000000
0.001110,0.018820,0.980070
0.055571,0.745239,0.199191
0.323587,0.676360,0.000053
0.928835,0.071151,0.000014
0.009201,0.478828,0.511971
0.218212,0.668540,0.113248
0.589588,0.410408,0.000004
0.415857,0.584142,0.000000
0.120596,0.297347,0.582057
0.398254,0.601742,0.000004
0.789303,0.204523,0.006175
0.521392,0.477601,0.001007
0.157336,0.646735,0.195929
0.990790,0.009209,0.000000
0.157778,0.643312,0.198910
0.471538,0.528461,0.000002
0.950916,0.049084,0.000000
0.003243,0.852031,0.144726
0.009458,0.217265,0.773277
0.000028,0.000066,0.999905
0.044578,0.538779,0.416643
0.047369,0.178599,0.774032
0.997418,0.002582,0.000000
0.983568,0.016432,0.000000
0.987873,0.012127,0.000000
0.710251,0.251900,0.037849
0.076490,0.509464,0.414046
0.995062,0.004938,0.000000
0.253188,0.506104,0.240707
0.988757,0.011243,0.000000
0.381169,0.611940,0.006891
0.992548,0.007452,0.000000
0.041295,0.145205,0.813500
0.285960,0.714015,0.000025
0.268057,0.731942,0.000002
0.040310,0.620860,0.338830
0.988055,0.011941,0.000004
0.735169,0.264225,0.000606
0.001410,0.003687,0.994903
0.785734,0.213109,0.001157
0.994419,0.005581,0.000000
0.996561,0.003439,0.000000
0.987352,0.012648,0.000000
0.145095,0.793218,0.061687
0.760118,0.234405,0.005477
0.985726,0.014274,0.000000
0.013039,0.008170,0.978791
0.988200,0.011800,0.000000
0.446283,0.553548,0.000169
0.220995,0.689489,0.089515
0.848600,0.135982,0.015418
0.939961,0.059937,0.000103
0.684588,0.314965,0.000447
0.265038,0.628707,0.106254
0.624798,0.375154,0.000048
0.000812,0.995197,0.003991
0.401944,0.587982,0.010075
0.992518,0.007482,0.000000
0.987035,0.012937,0.000028
0.991518,0.008482,0.000000
0.975363,0.024605,0.000032
0.778903,0.221039,0.000058
0.000188,0.000413,0.999399
0.000339,0.001097,0.998564
0.705465,0.291506,0.003029
0.011371,0.010169,0.978460
0.000232,0.000416,0.999352
0.016982,0.177933,0.805085
0.266158,0.729667,0.004175
0.035810,0.310195,0.653995
0.125592,0.560233,0.314175
0.033452,0.249335,0.717212
0.991200,0.008800,0.000000
0.997475,0.002524,0.000000
0.974926,0.025066,0.000008
0.987142,0.012858,0.000000
0.016954,0.287728,0.695317
0.976000,0.023914,0.000087
0.990820,0.009180,0.000000
0.992218,0.007782,0.000000
0.040394,0.413392,0.546214
0.020210,0.439759,0.540032
0.013434,0.730789,0.255777
0.998047,0.001953,0.000000
0.369522,0.630474,0.000004
0.416777,0.583209,0.000014
0.526675,0.467119,0.006207
0.329897,0.641659,0.028444
0.926952,0.072919,0.000129
0.032715,0.277294,0.689991
0.329739,0.633789,0.036472
0.112177,0.887817,0.000006
0.000572,0.999198,0.000230
0.004748,0.183098,0.812154
0.460785,0.530280,0.008936
0.539805,0.441038,0.019157
0.986282,0.013717,0.000001
0.993993,0.006007,0.000000
0.750918,0.216753,0.032329
0.002458,0.964714,0.032828
0.132434,0.621608,0.245957
0.365756,0.607872,0.026372
0.573126,0.426854,0.000020
0.016598,0.014639,0.968763
0.443332,0.552917,0.003751
0.572853,0.426281,0.000866
0.591085,0.401476,0.007439
0.374509,0.625484,0.000007
0.157677,0.842318,0.000004
0.000195,0.000521,0.999283
0.938655,0.061191,0.000154
0.994751,0.005249,0.000000
0.991490,0.008510,0.000000
0.239700,0.739526,0.020774
0.307118,0.689248,0.003634
0.029066,0.101424,0.869510
0.014013,0.577682,0.408305
0.005055,0.019954,0.974991
0.995157,0.004843,0.000000
0.000001,0.000001,0.999997
0.975930,0.024070,0.000000
0.012770,0.275526,0.711704
0.480845,0.519152,0.000002
0.018101,0.392736,0.589163
0.992092,0.007904,0.000005
0.980060,0.015114,0.004827
0.993616,0.006384,0.000000
0.000760,0.014030,0.985210
0.000959,0.987178,0.011864
0.980630,0.019370,0.000000
0.648766,0.351102,0.000132
0.003712,0.036831,0.959456
0.964151,0.035834,0.000015
0.071302,0.511899,0.416799
0.002905,0.031865,0.965230
0.012238,0.068037,0.919725
0.351668,0.292426,0.355906
0.983871,0.016090,0.000040
0.993643,0.006357,0.000000
0.423426,0.576375,0.000198
0.984579,0.015421,0.000000
0.970204,0.029796,0.000000
0.000812,0.000115,0.999073
0.211805,0.788189,0.000006
0.002189,0.969247,0.028565
0.000428,0.992753,0.006820
0.488542,0.508322,0.003136
0.955874,0.043720,0.000406
0.005939,0.006681,0.987380
0.512601,0.486302,0.001097
0.003166,0.859192,0.137643
0.383956,0.577364,0.038680
0.694683,0.297846,0.007471
0.975615,0.024385,0.000000
0.156311,0.731253,0.112437
0.526206,0.473513,0.000281
0.406187,0.301706,0.292107
0.023550,0.728726,0.247724
0.000086,0.000128,0.999786
0.020690,0.739447,0.239863
0.415791,0.579800,0.004408
0.595743,0.384640,0.019617
0.878463,0.121271,0.000266
0.697395,0.274207,0.028399
0.980671,0.019329,0.000000
0.000104,0.000276,0.999620
0.273215,0.726764,0.000021
0.023952,0.137450,0.838598
0.953500,0.046487,0.000013
0.005414,0.976973,0.017613
0.450501,0.548863,0.000637
0.007079,0.877086,0.115835
0.475970,0.520116,0.003913
0.011138,0.346585,0.642277
0.981514,0.018486,0.000000
0.007338,0.191651,0.801010
0.394435,0.594882,0.010683
0.034345,0.514694,0.450961
0.332788,0.666146,0.001067
0.986892,0.013108,0.000000
0.944717,0.055278,0.000005
0.005384,0.045731,0.948885
0.429488,0.550619,0.019893
0.000840,0.007262,0.991898
0.223292,0.773002,0.003706
0.015656,0.622567,0.361777
0.917242,0.082751,0.000007
0.970021,0.029927,0.000052
0.367486,0.632507,0.000006
0.030824,0.643398,0.325778
0.410861,0.588812,0.000327
0.015418,0.655947,0.328635
0.984832,0.015168,0.000000
0.020067,0.376681,0.603252
0.025257,0.133888,0.840855
0.000929,0.981472,0.017599
0.030142,0.012547,0.957311
0.979084,0.020916,0.000000
0.234661,0.741308,0.024031
0.152486,0.277994,0.569519
0.996390,0.003543,0.000067
0.991367,0.008605,0.000028
0.372825,0.572817,0.054358
0.139958,0.851626,0.008416
0.196901,0.721024,0.082075
0.087032,0.188908,0.724061
0.469974,0.520359,0.009666
0.009895,0.329386,0.660718
0.147065,0.741413,0.111522
0.024017,0.336717,0.639266
0.995960,0.004040,0.000000
0.994441,0.005559,0.000000
0.255769,0.738394,0.005836
0.002921,0.038642,0.958438
0.007080,0.969593,0.023327
0.937385,0.062454,0.000161
0.976640,0.023252,0.000108
0.001771,0.970854,0.027375
0.996617,0.003383,0.000000
0.000587,0.000090,0.999324
0.974629,0.020898,0.004473
0.000781,0.849250,0.149969
0.292560,0.024299,0.683141
0.010664,0.663938,0.325398
0.004225,0.975529,0.020246
0.172974,0.825330,0.001696
0.972014,0.027986,0.000001
0.558450,0.441548,0.000002
0.815589,0.184372,0.000040
0.892767,0.106634,0.000600
0.997443,0.002557,0.000000
0.665600,0.334186,0.000214
0.269526,0.713528,0.016946
0.061788,0.694842,0.243371
0.975141,0.024835,0.000024
0.002237,0.954938,0.042825
0.997769,0.002231,0.000000
0.004758,0.292316,0.702925
0.996894,0.003106,0.000000
0.853175,0.146738,0.000087
0.996218,0.003782,0.000000
0.019219,0.166503,0.814278
0.227529,0.768223,0.004248
0.403789,0.589598,0.006613
0.181802,0.727943,0.090255
0.977715,0.022285,0.000000
0.364577,0.635288,0.000136
0.989456,0.010544,0.000000
0.306639,0.689264,0.004097
0.923828,0.075080,0.001092
0.780533,0.212145,0.007322
0.025864,0.076572,0.897563
0.103040,0.393700,0.503260
0.996197,0.003803,0.000000
0.988968,0.011032,0.000000
0.179995,0.746027,0.073978
0.603722,0.391852,0.004426
0.993933,0.006067,0.000000
0.001004,0.991484,0.007513
0.980228,0.019770,0.000003
0.982061,0.017939,0.000001
0.289627,0.694955,0.015419
0.493742,0.246890,0.259367
0.301981,0.697916,0.000103
0.820633,0.140049,0.039318
0.352341,0.647234,0.000425
0.046534,0.595022,0.358444
0.199640,0.765987,0.034373
0.574963,0.420452,0.004585
0.334019,0.665967,0.000015
0.997178,0.002822,0.000000
0.227397,0.772599,0.000005
0.985358,0.014642,0.000000
0.946744,0.053251,0.000004
0.984431,0.015569,0.000000
0.016433,0.468409,0.515158
0.280949,0.637572,0.081479
0.049154,0.327532,0.623314
0.987052,0.012948,0.000000
0.979563,0.020251,0.000185
0.460313,0.539683,0.000004
0.018278,0.790846,0.190876
0.995920,0.004080,0.000000
0.028827,0.373877,0.597297
0.989761,0.010239,0.000000
0.008949,0.765035,0.226016
0.004694,0.001124,0.994183
0.013756,0.722158,0.264087
0.965823,0.034177,0.000000
0.226996,0.752230,0.020774
0.018942,0.085823,0.895235
0.197468,0.487697,0.314835
0.319951,0.680046,0.000003
0.010363,0.070277,0.919360
0.000627,0.998507,0.000865
0.338454,0.661431,0.000115
0.016499,0.042188,0.941313
0.324969,0.625973,0.049059
0.978781,0.021219,0.000000
0.487199,0.512800,0.000001
0.013227,0.132764,0.854010
0.018731,0.725855,0.255413
0.212524,0.787471,0.000005
0.447831,0.552164,0.000005
0.084772,0.649143,0.266085
0.258256,0.731285,0.010459
0.398198,0.036218,0.565584
0.980980,0.019020,0.000000
0.977486,0.022514,0.000000
0.996073,0.003927,0.000000
0.005981,0.025755,0.968264
0.927048,0.056703,0.016249
0.408053,0.578286,0.013661
0.259004,0.723328,0.017668
0.006418,0.025593,0.967989
0.154327,0.830585,0.015088
0.016732,0.258304,0.724964
0.997332,0.002668,0.000000
0.983807,0.016193,0.000000
0.260716,0.692820,0.046464
0.992549,0.007451,0.000000
0.311959,0.674017,0.014024
0.004997,0.986646,0.008356
0.951163,0.048749,0.000088
0.002592,0.075992,0.921416
0.262854,0.731171,0.005976
0.723852,0.275990,0.000158
0.047905,0.515719,0.436375
0.996158,0.003841,0.000001
0.996349,0.003651,0.000001
0.228621,0.761172,0.010207
0.147940,0.840462,0.011598
0.994717,0.005283,0.000000
0.997986,0.002014,0.000000
0.012958,0.020410,0.966632
0.000321,0.000111,0.999568
0.386784,0.605918,0.007298
0.006218,0.093993,0.899789
0.006891,0.135146,0.857963
0.834296,0.165089,0.000615
0.132981,0.866441,0.000578
0.055711,0.354530,0.589759
0.944465,0.055531,0.000004
0.340033,0.659954,0.000012
0.001542,0.991393,0.007065
0.214513,0.785245,0.000242
0.897926,0.102045,0.000029
0.014890,0.261670,0.723440
0.532927,0.466134,0.000939
0.974434,0.025561,0.000005
0.975197,0.024803,0.000000
0.012678,0.268428,0.718894
0.365308,0.634341,0.000351
0.229022,0.766004,0.004974
0.987537,0.012463,0.000000
0.990719,0.009281,0.000000
0.001319,0.029263,0.969418
0.472107,0.527888,0.000004
0.052747,0.704809,0.242444
0.187653,0.808493,0.003855
0.026315,0.462742,0.510943
0.385764,0.607840,0.006396
0.001292,0.000532,0.998176
0.989008,0.010990,0.000003
0.001371,0.616779,0.381851
0.238755,0.761195,0.000050
0.000088,0.000238,0.999674
0.997353,0.002647,0.000000
0.000945,0.989151,0.009903
0.998018,0.001982,0.000000
0.145453,0.852553,0.001994
0.000805,0.000051,0.999144
0.729494,0.063858,0.206648
0.984994,0.015006,0.000000
0.180143,0.819435,0.000422
0.990745,0.009255,0.000000
0.283397,0.426426,0.290177
0.238655,0.758111,0.003234
0.322683,0.677314,0.000003
0.988492,0.011508,0.000000
0.593335,0.406565,0.000100
0.972872,0.027128,0.000000
0.980964,0.019014,0.000022
0.989031,0.010964,0.000005
0.991231,0.008769,0.000000
0.361958,0.637467,0.000575
0.098729,0.273931,0.627340
0.978451,0.021545,0.000005
0.453618,0.438467,0.107915
0.970685,0.029287,0.000029
0.000659,0.983765,0.015576
0.974538,0.025462,0.000000
0.854431,0.145390,0.000179
0.963380,0.036620,0.000000
0.101815,0.275949,0.622236
0.153708,0.810950,0.035343
0.003334,0.062482,0.934185
0.007645,0.010923,0.981432
0.006272,0.035878,0.957850
0.996699,0.003301,0.000000
0.020034,0.809094,0.170873
0.276003,0.711083,0.012914
0.994073,0.005927,0.000000
0.247397,0.730072,0.022530
0.975037,0.024963,0.000000
0.247092,0.750353,0.002555
0.002315,0.004809,0.992875
0.903466,0.079496,0.017038
0.057977,0.130568,0.811455
0.017116,0.745816,0.237068
0.436170,0.561076,0.002754
0.012824,0.581075,0.406102
0.845973,0.153237,0.000790
0.265389,0.647934,0.086677
0.236675,0.717621,0.045704
0.000740,0.000131,0.999129
0.879452,0.118076,0.002472
0.996085,0.003915,0.000000
0.543701,0.456299,0.000000
0.649913,0.348363,0.001724
0.939768,0.060196,0.000036
0.993347,0.006653,0.000000
0.010882,0.739984,0.249134
0.460861,0.539132,0.000007
0.006909,0.037390,0.955701
0.990461,0.009539,0.000000
0.621830,0.318047,0.060122
0.021259,0.431602,0.547139
0.996017,0.003983,0.000000
0.986432,0.013568,0.000000
0.006721,0.802764,0.190516
0.004766,0.842953,0.152282
0.445602,0.443304,0.111094
0.013567,0.727524,0.258909
0.988612,0.011388,0.000000
0.044178,0.322415,0.633407
0.977941,0.022059,0.000000
0.407557,0.592115,0.000328
0.496009,0.503578,0.000414
0.387935,0.535053,0.077013
0.918158,0.077675,0.004168
0.003854,0.836764,0.159382
0.016743,0.376462,0.606794
0.385141,0.612425,0.002435
0.550989,0.448871,0.000140
0.278089,0.721910,0.000001
0.186252,0.810434,0.003313
0.018573,0.506799,0.474628
0.043668,0.121502,0.834830
0.065365,0.720723,0.213913
0.989951,0.010049,0.000000
0.995986,0.004014,0.000000
0.366985,0.633013,0.000002
0.337811,0.662176,0.000012
0.070874,0.641148,0.287978
0.930916,0.069026,0.000058
0.011153,0.791880,0.196967
0.994819,0.005181,0.000000
0.922414,0.077494,0.000092
0.492796,0.506565,0.000639
0.014409,0.272199,0.713392
0.970395,0.029605,0.000000
0.078657,0.566048,0.355295
0.731847,0.267800,0.000353
0.001736,0.005898,0.992366
0.461677,0.532209,0.006114
0.001203,0.005349,0.993448
0.013727,0.034882,0.951391
0.008377,0.000941,0.990682
0.991895,0.008104,0.000002
0.003286,0.982244,0.014471
0.012537,0.019118,0.968344
0.025549,0.728170,0.246281
0.343653,0.654604,0.001743
0.994250,0.005750,0.000000
0.056622,0.391407,0.551971
0.000343,0.992835,0.006822
0.016922,0.568109,0.414968
0.994245,0.005755,0.000000
0.018569,0.065587,0.915844
0.981629,0.018370,0.000000
0.003371,0.000545,0.996085
0.024084,0.157366,0.818551
0.795840,0.202845,0.001315
0.600995,0.399004,0.000001
0.229639,0.770356,0.000005
0.989350,0.010650,0.000000
0.347559,0.652426,0.000015
0.979801,0.020199,0.000000
0.967696,0.032304,0.000000
0.235487,0.711273,0.053240
0.980915,0.019085,0.000000
0.992059,0.007940,0.000001
0.009579,0.864871,0.125550
0.137618,0.665054,0.197328
0.276279,0.723665,0.000056
0.555784,0.444179,0.000037
0.625878,0.373593,0.000530
0.007320,0.016331,0.976348
0.995450,0.004550,0.000000
0.000291,0.000954,0.998754
0.097515,0.377921,0.524563
0.214436,0.759578,0.025986
0.473650,0.526330,0.000020
0.497998,0.501999,0.000003
0.016918,0.050671,0.932412
0.002259,0.010005,0.987736
0.001831,0.983380,0.014789
0.994636,0.005364,0.000000
0.341707,0.554925,0.103367
0.997759,0.002241,0.000000
0.000217,0.000379,0.999404
0.016970,0.648302,0.334728
0.992177,0.007823,0.000000
0.332410,0.666954,0.000636
0.994533,0.005467,0.000000
0.262085,0.737723,0.000192
0.935284,0.064703,0.000013
0.997210,0.002790,0.000000
0.994321,0.005679,0.000000
0.163897,0.836099,0.000003
0.006115,0.012046,0.981839
0.001305,0.005160,0.993535
0.000291,0.001907,0.997802
0.005989,0.804130,0.189881
0.935455,0.064482,0.000063
0.998610,0.001390,0.000000
0.005285,0.862995,0.131720
0.947197,0.052798,0.000004
0.173720,0.763612,0.062667
0.592759,0.406036,0.001205
0.009252,0.662555,0.328193
0.997333,0.002667,0.000000
0.644657,0.354042,0.001301
0.996973,0.003027,0.000000
0.997072,0.002926,0.000002
0.993961,0.006039,0.000000
0.083685,0.398628,0.517687
0.282892,0.716253,0.000855
0.062906,0.373481,0.563612
0.245304,0.752986,0.001710
0.992243,0.007757,0.000000
0.291739,0.708143,0.000118
0.168018,0.831959,0.000023
0.000043,0.000094,0.999862
0.953999,0.045645,0.000356
0.003979,0.014659,0.981361
0.987783,0.012217,0.000000
0.984558,0.015442,0.000000
0.003940,0.002897,0.993162
0.377612,0.588549,0.033838
0.993457,0.006543,0.000000
0.993423,0.006577,0.000000
0.020169,0.492896,0.486935
0.785039,0.199638,0.015324
0.176740,0.677224,0.146037
0.840725,0.109573,0.049703
0.973717,0.026282,0.000000
0.402273,0.597682,0.000044
0.992778,0.007222,0.000000
0.700932,0.298790,0.000279
0.476560,0.523166,0.000273
0.019944,0.431619,0.548438
0.973025,0.025376,0.001599
0.637247,0.362453,0.000300
0.975052,0.024848,0.000100
0.416676,0.550786,0.032538
0.973854,0.026146,0.000000
0.988093,0.011907,0.000000
0.196721,0.798369,0.004910
0.962939,0.036350,0.000711
0.002042,0.996580,0.001379
0.460643,0.513555,0.025802
0.547249,0.452750,0.000001
0.416406,0.583493,0.000101
0.990483,0.009517,0.000000
0.862291,0.137593,0.000116
0.986074,0.013926,0.000000
0.941209,0.058783,0.000008
0.007980,0.058727,0.933293
0.995747,0.004254,0.000000
0.991129,0.008871,0.000000
0.000260,0.001231,0.998509
0.722101,0.277680,0.000219
0.001873,0.959561,0.038566
0.775641,0.158990,0.065368
0.343182,0.452820,0.203999
0.957708,0.042287,0.000006
0.000241,0.000945,0.998814
0.286962,0.713036,0.000002
0.975674,0.024325,0.000000
0.626896,0.373104,0.000000
0.007118,0.040817,0.952065
0.066481,0.643844,0.289675
0.765006,0.234960,0.000033
0.730927,0.268743,0.000330
0.132900,0.304763,0.562338
0.454297,0.513829,0.031874
0.984499,0.015501,0.000000
0.083142,0.533707,0.383151
0.884929,0.113331,0.001740
0.001122,0.996458,0.002419
0.914946,0.058024,0.027030
0.995926,0.004074,0.000000
0.018824,0.081508,0.899669
0.012751,0.060712,0.926537
0.079521,0.337692,0.582787
0.998579,0.001421,0.000000
0.451560,0.548435,0.000004
0.966525,0.013004,0.020471
0.449984,0.549987,0.000029
0.008692,0.548206,0.443102
0.776258,0.207099,0.016643
0.058362,0.937189,0.004449
0.981506,0.018494,0.000000
0.996969,0.003031,0.000000
0.008052,0.574901,0.417048
0.691470,0.308529,0.000001
0.013215,0.040811,0.945974
0.000189,0.000310,0.999501
0.331114,0.633355,0.035531
0.983209,0.016791,0.000000
0.982666,0.017334,0.000000
0.984658,0.015341,0.000000
0.995581,0.004419,0.000000
0.720685,0.278215,0.001100
0.987480,0.012520,0.000000
0.973642,0.025692,0.000665
0.910462,0.049950,0.039588
0.022920,0.513167,0.463913
0.052241,0.193009,0.754750
0.016903,0.286366,0.696731
0.949753,0.050237,0.000010
0.371437,0.616147,0.012416
0.996615,0.003385,0.000000
0.981752,0.018248,0.000000
0.008326,0.394871,0.596803
0.876526,0.123295,0.000179
0.023931,0.755202,0.220866
0.996944,0.003056,0.000000
0.977836,0.022164,0.000000
0.000024,0.000030,0.999946
0.299448,0.700550,0.000002
0.022339,0.178160,0.799501
0.212658,0.607926,0.179416
0.456985,0.542970,0.000045
0.011053,0.318526,0.670420
0.977760,0.022240,0.000000
0.991366,0.008634,0.000000
0.000357,0.000575,0.999068
0.993863,0.006137,0.000000
0.993365,0.006635,0.000000
0.982085,0.017898,0.000016
0.445177,0.554378,0.000445
0.996737,0.003263,0.000000
0.409499,0.317493,0.273008
0.330047,0.654638,0.015315
0.421893,0.529777,0.048330
0.005396,0.005469,0.989136
0.003690,0.010703,0.985607
0.822384,0.165058,0.012557
0.004507,0.072042,0.923452
0.001775,0.004070,0.994155
0.000725,0.987395,0.011880
0.018294,0.474892,0.506815
0.985617,0.014383,0.000000
0.000569,0.000108,0.999323
0.157925,0.809418,0.032657
0.991348,0.008652,0.000000
0.705121,0.294865,0.000014
0.035940,0.824113,0.139947
0.472607,0.527355,0.000038
0.952842,0.010734,0.036424
0.001215,0.987444,0.011341
0.213862,0.766400,0.019738
0.995689,0.004311,0.000000
0.647826,0.352174,0.000000
0.973566,0.026434,0.000000
0.084542,0.347131,0.568327
0.006885,0.120676,0.872439
0.985762,0.014238,0.000000
0.946861,0.047853,0.005285
0.505128,0.493966,0.000906
0.115385,0.884605,0.000010
0.037384,0.119922,0.842694
0.004886,0.440958,0.554156
0.000524,0.994113,0.005363
0.000037,0.000033,0.999931
0.967305,0.032695,0.000000
0.006186,0.293234,0.700580
0.000255,0.000395,0.999350
0.008623,0.299320,0.692057
0.860658,0.138077,0.001265
0.092655,0.907276,0.000069
0.017073,0.605629,0.377299
0.445547,0.554452,0.000001
0.991086,0.008914,0.000000
0.409831,0.590163,0.000006
0.995126,0.004874,0.000000
0.687899,0.312075,0.000026
0.439442,0.560557,0.000001
0.000020,0.000040,0.999940
0.965306,0.034275,0.000419
0.000647,0.000132,0.999221
0.224576,0.663260,0.112164
0.997318,0.002682,0.000000
0.987546,0.012454,0.000000
0.003022,0.968997,0.027981
0.004701,0.015140,0.980159
0.094524,0.819497,0.085979
0.936756,0.062756,0.000488
0.991107,0.008893,0.000000
0.010780,0.825509,0.163711
0.028500,0.189326,0.782174
0.243509,0.752171,0.004321
0.060648,0.480207,0.459145
0.017007,0.310931,0.672062
0.065563,0.406144,0.528293
0.059725,0.694315,0.245959
0.298927,0.542579,0.158493
0.007452,0.414988,0.577560
0.001141,0.997849,0.001010
0.413171,0.586821,0.000008
0.803266,0.172970,0.023764
0.134879,0.752561,0.112560
0.363535,0.636461,0.000005
0.138712,0.395361,0.465927
0.975984,0.024016,0.000000
0.000034,0.000042,0.999925
0.001460,0.005721,0.992819
0.977821,0.022058,0.000122
0.946317,0.053682,0.000000
0.003859,0.050405,0.945737
0.947301,0.052699,0.000000
0.639511,0.353495,0.006995
0.869767,0.129848,0.000385
0.982772,0.017189,0.000039
0.995500,0.004500,0.000000
0.255728,0.738793,0.005479
0.996323,0.003676,0.000001
0.362596,0.620990,0.016414
0.000516,0.004035,0.995449
0.986453,0.013545,0.000003
0.690130,0.214541,0.095329
0.577075,0.422886,0.000039
0.996503,0.003497,0.000000
0.228634,0.771363,0.000003
0.531051,0.454731,0.014218
0.479608,0.512239,0.008153
0.006072,0.046363,0.947565
0.235349,0.764637,0.000014
0.071796,0.174543,0.753661
0.001583,0.000191,0.998226
0.377998,0.622000,0.000001
0.996863,0.003137,0.000000
0.407526,0.592469,0.000005
0.000266,0.000950,0.998784
0.000054,0.000047,0.999899
0.923795,0.076038,0.000167
0.866554,0.130779,0.002666
0.004310,0.018263,0.977427
0.005568,0.048447,0.945986
0.276139,0.723785,0.000076
0.945385,0.028038,0.026577
0.005237,0.026066,0.968697
0.301487,0.694821,0.003692
0.014493,0.662374,0.323134
0.017898,0.611737,0.370364
0.893386,0.106600,0.000014
0.023940,0.632736,0.343324
0.009696,0.170397,0.819907
0.593468,0.402834,0.003698
0.360950,0.634775,0.004275
0.001280,0.004157,0.994563
0.543166,0.452731,0.004103
0.013743,0.040498,0.945758
0.081492,0.302320,0.616188
0.270539,0.698654,0.030807
0.480836,0.519014,0.000150
0.001083,0.998489,0.000428
0.014386,0.618653,0.366961
0.057392,0.685306,0.257302
0.000927,0.000238,0.998835
0.994130,0.005870,0.000000
0.008009,0.185801,0.806190
0.474356,0.521911,0.003733
0.996104,0.003896,0.000000
0.122880,0.164277,0.712843
0.468241,0.531758,0.000001
0.012550,0.594567,0.392884
0.009041,0.378548,0.612411
0.000706,0.999052,0.000243
0.400367,0.599542,0.000091
0.043392,0.735902,0.220706
0.041002,0.707110,0.251888
0.284171,0.715828,0.000001
0.462698,0.536370,0.000932
0.118319,0.719168,0.162513
0.443581,0.556418,0.000001
0.025463,0.130181,0.844357
0.066656,0.932449,0.000895
0.025278,0.491119,0.483603
0.002578,0.932779,0.064643
0.001985,0.996498,0.001517
0.792303,0.207274,0.000423
0.908498,0.084667,0.006835
0.000748,0.997476,0.001775
0.980627,0.019361,0.000012
0.795458,0.204398,0.000143
0.664313,0.251589,0.084098
0.060797,0.430468,0.508735
0.253289,0.196948,0.549763
0.202523,0.733257,0.064220
0.299273,0.696461,0.004267
0.002215,0.996376,0.001409
0.982046,0.017954,0.000000
0.324442,0.653695,0.021863
0.969583,0.030410,0.000007
0.015340,0.090851,0.893809
0.644363,0.347049,0.008588
0.008749,0.602858,0.388393
0.001116,0.998264,0.000620
0.277546,0.716584,0.005870
0.481833,0.517734,0.000433
0.357281,0.641225,0.001494
0.347808,0.628979,0.023213
0.954200,0.045483,0.000316
0.004009,0.994742,0.001248
0.739747,0.260207,0.000046
0.294476,0.705301,0.000223
0.669769,0.122389,0.207843
0.010927,0.436761,0.552312
0.374147,0.625851,0.000003
0.010555,0.031791,0.957654
0.025423,0.150162,0.824415
0.502706,0.497294,0.000000
0.955016,0.044984,0.000000
0.031290,0.439404,0.529306
0.989777,0.010223,0.000000
0.184837,0.763104,0.052058
0.397962,0.547262,0.054776
0.974967,0.025028,0.000005
0.991796,0.008204,0.000000
0.980560,0.019440,0.000000
0.282602,0.717394,0.000004
0.274227,0.724840,0.000933
0.003200,0.936170,0.060631
0.987513,0.012487,0.000000
0.002811,0.019526,0.977663
0.977328,0.022656,0.000016
0.979235,0.020765,0.000000
0.857309,0.140805,0.001886
0.955976,0.043958,0.000066
0.268965,0.731031,0.000004
0.000076,0.000143,0.999781
0.997723,0.002277,0.000000
0.045881,0.378929,0.575190
0.089646,0.519450,0.390904
0.025901,0.837581,0.136518
0.997315,0.002685,0.000000
0.006418,0.904250,0.089332
0.595334,0.401467,0.003199
0.536559,0.389175,0.074266
0.001837,0.042639,0.955524
0.895018,0.104780,0.000202
0.871536,0.125870,0.002594
0.995020,0.004980,0.000000
0.009406,0.022394,0.968200
0.625434,0.374553,0.000013
0.004761,0.017765,0.977474
0.990464,0.009536,0.000000
0.017837,0.147606,0.834557
0.210049,0.766583,0.023368
0.019155,0.100882,0.879962
0.988284,0.011716,0.000000
0.991580,0.008163,0.000257
0.986065,0.013935,0.000000
0.477949,0.521309,0.000742
0.066260,0.915044,0.018696
0.995400,0.004600,0.000000
0.986053,0.013934,0.000013
0.000795,0.997688,0.001516
0.023225,0.566611,0.410164
0.718168,0.281829,0.000003
0.017155,0.046182,0.936663
0.994597,0.005403,0.000000
0.011288,0.127296,0.861416
0.001210,0.997508,0.001282
0.101506,0.381737,0.516757
0.532333,0.457320,0.010346
0.006179,0.017132,0.976689
0.948764,0.051236,0.000000
0.896050,0.103153,0.000797
0.000121,0.000145,0.999734
0.997440,0.002560,0.000000
0.947335,0.052651,0.000014
0.190105,0.791391,0.018503
0.997823,0.002177,0.000000
0.229932,0.729758,0.040311
0.986473,0.013527,0.000000
0.017875,0.479434,0.502690
0.225756,0.774243,0.000001
0.002808,0.994935,0.002257
0.001418,0.005158,0.993423
0.995082,0.004918,0.000000
0.008995,0.033311,0.957694
0.972840,0.027160,0.000000
0.114050,0.818877,0.067073
0.991210,0.008785,0.000005
0.010779,0.328387,0.660834
0.000766,0.990474,0.008760
0.191231,0.808710,0.000059
0.179577,0.820398,0.000025
0.777220,0.201140,0.021640
0.446931,0.321983,0.231086
0.993925,0.004668,0.001408
0.993141,0.006859,0.000000
0.988494,0.011506,0.000000
0.000076,0.000221,0.999703
0.996680,0.003320,0.000000
0.322832,0.677140,0.000027
0.988076,0.011924,0.000000
0.026595,0.754123,0.219281
0.213670,0.786288,0.000042
0.000751,0.998479,0.000771
0.491893,0.124167,0.383940
0.977561,0.022437,0.000001
0.040580,0.778354,0.181066
0.002870,0.005178,0.991952
0.592303,0.407696,0.000001
0.214278,0.755601,0.030121
0.023520,0.524964,0.451516
0.000033,0.000051,0.999916
0.001425,0.000311,0.998264
0.325893,0.622564,0.051544
0.406916,0.592619,0.000464
0.001889,0.994091,0.004020
0.000005,0.000004,0.999990
0.441959,0.393386,0.164655
0.032357,0.568097,0.399546
0.017568,0.409192,0.573239
0.000009,0.000016,0.999975
0.782958,0.217014,0.000028
0.003261,0.972944,0.023795
0.992143,0.007857,0.000000
0.003556,0.921984,0.074460
0.614276,0.383773,0.001951
0.854346,0.145550,0.000104
0.003443,0.662110,0.334447
0.214264,0.678611,0.107125
0.968519,0.031481,0.000000
0.123432,0.644669,0.231899
0.708879,0.279816,0.011305
0.204218,0.391914,0.403868
0.991335,0.008665,0.000000
0.988161,0.011839,0.000000
0.004165,0.142002,0.853832
0.996001,0.003999,0.000000
0.992485,0.007516,0.000000
0.278361,0.721625,0.000014
0.003044,0.132187,0.864769
0.998391,0.001609,0.000000
0.717197,0.281960,0.000842
0.351007,0.648980,0.000012
0.891989,0.107846,0.000165
0.006455,0.212113,0.781431
0.966442,0.033553,0.000005
0.567115,0.432884,0.000001
0.215201,0.685535,0.099265
0.477060,0.522938,0.000001
0.000890,0.001848,0.997261
0.006969,0.251201,0.741830
0.190284,0.809708,0.000008
0.823044,0.175621,0.001335
0.225942,0.767084,0.006975
0.010833,0.031930,0.957237
0.287309,0.712689,0.000002
0.014150,0.626603,0.359247
0.027507,0.505786,0.466708
0.351976,0.648012,0.000011
0.326714,0.069832,0.603454
0.280385,0.717361,0.002254
0.994534,0.005466,0.000000
0.986592,0.013408,0.000000
0.991889,0.008111,0.000000
0.016809,0.458807,0.524384
0.991924,0.008076,0.000000
0.002514,0.000537,0.996949
0.006348,0.924632,0.069021
0.161552,0.756519,0.081929
0.029447,0.256788,0.713765
0.236727,0.763236,0.000037
0.001494,0.965106,0.033400
0.960069,0.039931,0.000000
0.227866,0.562289,0.209845
0.000383,0.000621,0.998995
0.120306,0.406056,0.473638
0.343363,0.643284,0.013353
0.277910,0.717618,0.004472
0.228600,0.747364,0.024036
0.389376,0.608419,0.002205
0.055435,0.487788,0.456777
0.852538,0.147426,0.000035
0.993290,0.006708,0.000002
0.250478,0.749275,0.000247
0.040156,0.236956,0.722888
0.024033,0.364769,0.611197
0.434720,0.563922,0.001358
0.003591,0.089337,0.907072
0.155865,0.844121,0.000014
0.995571,0.004429,0.000000
0.997156,0.002844,0.000000
0.855297,0.144017,0.000686
0.016028,0.593545,0.390426
0.014692,0.021292,0.964016
0.302227,0.405363,0.292410
0.718293,0.281350,0.000357
0.300696,0.692916,0.006388
0.023011,0.351712,0.625277
0.169492,0.830223,0.000285
0.382429,0.250649,0.366922
0.000069,0.000197,0.999734
0.224141,0.734854,0.041004
0.897338,0.064583,0.038079
0.516271,0.483728,0.000001
0.047150,0.795723,0.157127
0.996623,0.003377,0.000000
0.994211,0.005785,0.000004
0.557121,0.442840,0.000039
0.003823,0.079006,0.917171
0.982694,0.016677,0.000629
0.014459,0.051904,0.933638
0.004802,0.907937,0.087260
0.995245,0.004755,0.000000
0.031329,0.419703,0.548968
0.744176,0.235967,0.019857
0.000214,0.001042,0.998744
0.000924,0.000093,0.998984
0.996704,0.003296,0.000000
0.066718,0.508720,0.424562
0.904305,0.095292,0.000403
0.007375,0.846368,0.146257
0.001401,0.015109,0.983490
0.011994,0.756085,0.231921
0.020588,0.155426,0.823986
0.951009,0.048991,0.000000
0.934230,0.065700,0.000070
0.967833,0.031890,0.000277
0.933830,0.066164,0.000006
0.425236,0.574764,0.000001
0.994964,0.005036,0.000000
0.361446,0.025862,0.612692
0.599280,0.400550,0.000170
0.005620,0.593006,0.401374
0.021771,0.537475,0.440754
0.151823,0.844554,0.003623
0.603286,0.365818,0.030896
0.000233,0.002039,0.997728
0.035315,0.741008,0.223677
0.004136,0.794093,0.201771
0.000184,0.000437,0.999379
0.997852,0.002148,0.000000
0.588254,0.411746,0.000000
0.219062,0.780937,0.000001
0.969618,0.029736,0.000645
0.000021,0.000047,0.999932
0.996442,0.003557,0.000000
0.996121,0.003879,0.000000
0.845526,0.153841,0.000633
0.900850,0.099064,0.000086
0.759605,0.239951,0.000444
0.458856,0.541130,0.000014
0.012128,0.050613,0.937259
0.020614,0.735001,0.244386
0.964458,0.035542,0.000000
0.268914,0.731066,0.000019
0.957372,0.042628,0.000000
0.642341,0.207238,0.150421
0.525790,0.472019,0.002191
0.972826,0.027174,0.000000
0.991052,0.008948,0.000000
0.564477,0.289813,0.145710
0.984701,0.015297,0.000002
0.991192,0.008476,0.000332
0.103541,0.675496,0.220963
0.006098,0.148056,0.845846
0.908789,0.090860,0.000350
0.997189,0.002811,0.000000
0.000052,0.000149,0.999798
0.029355,0.167530,0.803115
0.958545,0.041414,0.000042
0.314556,0.684065,0.001380
0.342772,0.657200,0.000028
0.236216,0.748629,0.015155
0.002484,0.926802,0.070714
0.086299,0.605917,0.307784
0.319561,0.680168,0.000271
0.000760,0.002383,0.996857
0.910689,0.089277,0.000034
0.003608,0.510323,0.486068
0.424417,0.575581,0.000002
0.004067,0.068293,0.927640
0.994003,0.005997,0.000000
0.994128,0.005872,0.000000
0.415288,0.580902,0.003810
0.529446,0.470545,0.000009
0.003045,0.964226,0.032730
0.003198,0.969807,0.026995
0.625589,0.374400,0.000010
0.447153,0.060567,0.492280
0.014634,0.626681,0.358685
0.990705,0.009294,0.000001
0.966171,0.033829,0.000000
0.990758,0.009242,0.000000
0.000957,0.998687,0.000356
0.033045,0.409512,0.557443
0.043020,0.142865,0.814115
0.008786,0.033583,0.957630
0.956813,0.043187,0.000000
0.992887,0.007113,0.000000
0.984593,0.015316,0.000091
0.008697,0.075126,0.916176
0.996641,0.003359,0.000000
0.001972,0.992671,0.005357
0.996351,0.003649,0.000000
0.277116,0.668711,0.054172
0.013630,0.536077,0.450293
0.720131,0.257011,0.022858
0.012835,0.208034,0.779131
0.008583,0.945864,0.045553
0.947391,0.052517,0.000092
0.001758,0.992235,0.006007
0.995323,0.004677,0.000000
0.002004,0.047648,0.950349
0.000730,0.998567,0.000703
0.561415,0.436535,0.002050
0.421642,0.499694,0.078664
0.995987,0.004013,0.000000
0.879355,0.120629,0.000015
0.001250,0.995937,0.002813
0.412183,0.587816,0.000001
0.991197,0.008803,0.000000
0.002005,0.975069,0.022926
0.909822,0.067689,0.022489
0.185991,0.813888,0.000121
0.434994,0.565006,0.000000
0.478274,0.517273,0.004453
0.009831,0.061124,0.929045
0.004854,0.962793,0.032354
0.444008,0.552957,0.003035
0.004169,0.032621,0.963210
0.010880,0.058301,0.930819
0.001078,0.004468,0.994454
0.986824,0.013176,0.000000
0.125522,0.522952,0.351526
0.991955,0.008045,0.000000
0.351812,0.646795,0.001393
0.983908,0.016092,0.000000
0.965396,0.034604,0.000000
0.998026,0.001974,0.000000
0.446983,0.506578,0.046439
0.001082,0.965237,0.033681
0.009419,0.320981,0.669600
0.981455,0.018545,0.000000
0.994832,0.005168,0.000000
0.013668,0.029926,0.956406
0.320874,0.657531,0.021595
0.975905,0.024094,0.000000
0.223648,0.776185,0.000167
0.726041,0.271751,0.002208
0.288775,0.710522,0.000703
0.978268,0.021731,0.000000
0.561539,0.433930,0.004530
0.784111,0.215618,0.000271
0.977355,0.022645,0.000000
0.204454,0.795130,0.000416
0.534487,0.465445,0.000068
0.239390,0.691527,0.069083
0.859994,0.137425,0.002582
0.010484,0.360027,0.629489
0.990027,0.009973,0.000000
0.993278,0.006722,0.000000
0.988994,0.010930,0.000076
0.996586,0.003414,0.000000
0.976705,0.023293,0.000002
0.991617,0.008383,0.000000
0.006403,0.963305,0.030291
0.943981,0.054145,0.001874
0.002093,0.995567,0.002340
0.003141,0.982322,0.014537
0.985920,0.014071,0.000009
0.387617,0.517145,0.095238
0.009986,0.158766,0.831248
0.018450,0.550818,0.430731
0.992076,0.007924,0.000000
0.428989,0.570634,0.000376
0.000693,0.993907,0.005400
0.605980,0.393549,0.000471
0.844052,0.155638,0.000310
0.739356,0.260616,0.000028
0.990965,0.009035,0.000001
0.014935,0.021631,0.963434
0.950681,0.049319,0.000000
0.005753,0.014705,0.979542
