0.032312,0.016643,0.202337,0.057028,0.279736,0.155288,0.064049,0.050443,0.074010,0.068155
0.073024,0.078774,0.078109,0.114464,0.122229,0.122588,0.114252,0.133785,0.074316,0.088460
0.041992,0.060774,0.051449,0.161723,0.172844,0.105694,0.206037,0.042466,0.098811,0.058209
0.086336,0.109396,0.081347,0.097269,0.099195,0.110477,0.098983,0.119192,0.094419,0.103385
0.077716,0.069329,0.116076,0.108211,0.105196,0.117209,0.114764,0.074882,0.084671,0.131947
0.067642,0.031105,0.111248,0.152828,0.128195,0.146196,0.029894,0.141029,0.104611,0.087252
0.028251,0.011212,0.204833,0.022943,0.448678,0.047377,0.030617,0.028676,0.149287,0.028124
0.079368,0.095965,0.153982,0.102523,0.093209,0.083700,0.105101,0.101345,0.082151,0.102655
0.063082,0.074674,0.141794,0.076264,0.073184,0.085143,0.062447,0.077069,0.276315,0.070028
0.056751,0.071588,0.049992,0.064207,0.068493,0.411181,0.063068,0.069555,0.076438,0.068727
0.019851,0.034898,0.460984,0.021159,0.314320,0.018362,0.025189,0.065980,0.017742,0.021515
0.043280,0.048233,0.038221,0.048480,0.079915,0.386696,0.053570,0.050357,0.203613,0.047637
0.105635,0.022208,0.049516,0.114957,0.199816,0.236207,0.025657,0.104233,0.073094,0.068676
0.065605,0.085045,0.289388,0.079322,0.083186,0.092676,0.085162,0.064641,0.064889,0.090085
0.103226,0.095730,0.087239,0.096270,0.097853,0.111995,0.094371,0.100665,0.117167,0.095484
0.052147,0.099066,0.070164,0.083345,0.183710,0.094873,0.106484,0.110136,0.111165,0.088908
0.064602,0.089593,0.076547,0.099977,0.149403,0.112125,0.110814,0.128081,0.063930,0.104927
0.053159,0.041907,0.050625,0.067114,0.135059,0.310700,0.075991,0.080069,0.121268,0.064108
0.042500,0.063259,0.039813,0.067260,0.210563,0.330421,0.041198,0.074739,0.066857,0.063391
0.066859,0.057502,0.063058,0.083043,0.114499,0.293576,0.086091,0.073289,0.069430,0.092652
0.102848,0.048841,0.185512,0.102667,0.107880,0.110210,0.046469,0.108651,0.101911,0.085012
0.094439,0.090964,0.117951,0.105643,0.098377,0.108872,0.109589,0.083364,0.092101,0.098699
0.075247,0.106091,0.173847,0.094476,0.089434,0.101299,0.102569,0.095564,0.073444,0.088030
0.021295,0.023679,0.479594,0.022982,0.301450,0.019803,0.035537,0.055923,0.016611,0.023126
0.086922,0.105599,0.055699,0.093046,0.092764,0.152228,0.122851,0.102433,0.085526,0.102931
0.064694,0.074679,0.054678,0.082299,0.068292,0.332277,0.073061,0.117113,0.061987,0.070919
0.067385,0.112177,0.071475,0.107352,0.104937,0.108205,0.096184,0.130077,0.089741,0.112466
0.057928,0.066954,0.209166,0.081152,0.237454,0.077401,0.072117,0.056738,0.058646,0.082445
0.059619,0.064395,0.152235,0.087992,0.081946,0.096667,0.084462,0.072997,0.230021,0.069666
0.068870,0.047339,0.102053,0.121317,0.115472,0.214703,0.060097,0.067164,0.087433,0.115552
0.023763,0.006244,0.253205,0.016182,0.076070,0.522114,0.007018,0.053525,0.015401,0.026478
0.014191,0.007144,0.481844,0.018108,0.394694,0.013850,0.023146,0.015513,0.014394,0.017116
0.083494,0.102460,0.136480,0.096530,0.095581,0.107094,0.098593,0.110309,0.076658,0.092800
0.070978,0.080268,0.072365,0.077083,0.074965,0.294974,0.083230,0.092050,0.073303,0.080784
0.004553,0.008402,0.283184,0.005482,0.657220,0.007144,0.006069,0.006999,0.013715,0.007231
0.067704,0.092893,0.075681,0.099779,0.179920,0.112438,0.120970,0.089011,0.057743,0.103861
0.060707,0.055556,0.063333,0.073915,0.118119,0.301943,0.079853,0.095915,0.064379,0.086279
0.083896,0.086925,0.084771,0.084936,0.083946,0.236553,0.091108,0.082224,0.084140,0.081500
0.054003,0.042350,0.538698,0.044789,0.050075,0.046311,0.056544,0.040278,0.053772,0.073179
0.105377,0.097701,0.088171,0.116297,0.109079,0.102348,0.102168,0.099129,0.084175,0.095554
0.082909,0.096163,0.228958,0.076433,0.078037,0.081619,0.095015,0.075768,0.092513,0.092583
0.002369,0.003505,0.079160,0.002476,0.002995,0.002589,0.003658,0.029162,0.870838,0.003249
0.086542,0.082723,0.065975,0.098837,0.088685,0.100973,0.084208,0.225227,0.083315,0.083514
0.015981,0.008407,0.533897,0.018454,0.299870,0.025387,0.035397,0.022320,0.018787,0.021501
0.067211,0.084948,0.074524,0.109053,0.090972,0.191395,0.079460,0.105985,0.084767,0.111684
0.069249,0.041083,0.280379,0.048840,0.272869,0.038258,0.045674,0.096299,0.038210,0.069137
0.087897,0.059228,0.073670,0.114086,0.105861,0.096160,0.109067,0.130675,0.114491,0.108865
0.035190,0.046843,0.147246,0.038662,0.540380,0.036023,0.051668,0.036707,0.032390,0.034891
0.099293,0.094729,0.080716,0.090722,0.158133,0.105520,0.090613,0.076443,0.108346,0.095487
0.044024,0.059584,0.291327,0.072748,0.057999,0.084972,0.080279,0.197869,0.050181,0.061018
0.046719,0.012430,0.193909,0.057218,0.179877,0.338835,0.011446,0.057834,0.049160,0.052572
0.067781,0.099670,0.079845,0.107727,0.155908,0.115581,0.065234,0.131509,0.066013,0.110732
0.099360,0.088940,0.181862,0.090452,0.082244,0.086256,0.100615,0.080432,0.083634,0.106206
0.074205,0.072837,0.255009,0.075454,0.071542,0.086759,0.085315,0.070188,0.106557,0.102134
0.081581,0.078963,0.153537,0.080123,0.217874,0.089296,0.085945,0.062931,0.070607,0.079144
0.102244,0.090433,0.083958,0.094586,0.108980,0.104043,0.101223,0.109488,0.096900,0.108144
0.064941,0.088638,0.129829,0.108723,0.096534,0.092091,0.093280,0.118615,0.093172,0.114177
0.082746,0.084715,0.066257,0.096134,0.102934,0.195891,0.098710,0.114177,0.071281,0.087154
0.072452,0.024742,0.232382,0.072264,0.186681,0.082834,0.023890,0.072616,0.178586,0.053553
0.051010,0.057893,0.281069,0.052766,0.255819,0.060988,0.057372,0.049625,0.073734,0.059725
0.042446,0.054010,0.419655,0.083244,0.054240,0.075690,0.070811,0.077998,0.050840,0.071067
0.079859,0.085526,0.205998,0.096135,0.101456,0.095026,0.076244,0.076710,0.084571,0.098474
0.090853,0.102798,0.087796,0.105208,0.100987,0.118357,0.101384,0.090030,0.100667,0.101920
0.100314,0.092308,0.125030,0.087555,0.091649,0.092540,0.091410,0.106842,0.099306,0.113045
0.075788,0.102372,0.080862,0.109508,0.108831,0.097025,0.094627,0.122973,0.094964,0.113051
0.085079,0.096711,0.086004,0.113674,0.105665,0.114593,0.104621,0.115997,0.092363,0.085294
0.009948,0.024606,0.076997,0.017422,0.373504,0.327696,0.024520,0.015566,0.115973,0.013769
0.060216,0.074695,0.057767,0.067957,0.068722,0.374352,0.071796,0.071936,0.080184,0.072374
0.079860,0.065626,0.364977,0.066020,0.064816,0.078089,0.076800,0.070911,0.065062,0.067839
0.049830,0.022424,0.057331,0.102396,0.180001,0.331555,0.026194,0.074838,0.064295,0.091135
0.051179,0.057078,0.048134,0.066265,0.065572,0.269761,0.067884,0.071612,0.233913,0.068603
0.100388,0.088026,0.063451,0.121115,0.144572,0.105297,0.062340,0.123813,0.087590,0.103408
0.001762,0.003624,0.521184,0.004315,0.075580,0.338333,0.023485,0.010837,0.002639,0.018242
0.036397,0.045856,0.096387,0.144750,0.103109,0.130856,0.195511,0.035948,0.051170,0.160016
0.011731,0.005095,0.284180,0.019225,0.095799,0.494041,0.005275,0.047052,0.012393,0.025211
0.060808,0.091922,0.090290,0.103243,0.110365,0.118074,0.104477,0.141814,0.081049,0.097957
0.061961,0.091578,0.074290,0.129323,0.114706,0.125433,0.107531,0.112914,0.093193,0.089071
0.034438,0.045654,0.387710,0.047879,0.327218,0.034410,0.011641,0.030150,0.036968,0.043933
0.063112,0.100334,0.073636,0.105866,0.148237,0.131602,0.113145,0.076212,0.069432,0.118424
0.044881,0.038824,0.243709,0.099012,0.214242,0.080886,0.031544,0.108031,0.065597,0.073273
0.081712,0.074682,0.068040,0.080909,0.081451,0.250172,0.043390,0.065160,0.186313,0.068171
0.085368,0.080438,0.067760,0.114724,0.171008,0.101616,0.078024,0.098909,0.106360,0.095792
0.069106,0.078543,0.201924,0.084935,0.199297,0.083856,0.071493,0.065442,0.070128,0.075275
0.078038,0.080948,0.196020,0.094000,0.086347,0.104395,0.092594,0.087641,0.082597,0.097421
0.068559,0.083618,0.279782,0.074983,0.070704,0.076369,0.082703,0.084845,0.074452,0.103986
0.065252,0.084136,0.074679,0.089992,0.090981,0.106651,0.087763,0.217276,0.069055,0.114216
0.102106,0.109721,0.083319,0.099456,0.108306,0.113827,0.102512,0.096620,0.088439,0.095692
0.046972,0.044657,0.261103,0.044006,0.334180,0.041684,0.055703,0.029322,0.036093,0.106278
0.032007,0.059782,0.279388,0.046918,0.256924,0.050768,0.008882,0.045668,0.165515,0.054148
0.082546,0.094187,0.078475,0.098996,0.093283,0.106671,0.097243,0.094994,0.162014,0.091590
0.020403,0.007187,0.564438,0.034212,0.248576,0.027909,0.031314,0.021018,0.018087,0.026857
0.083995,0.087229,0.197819,0.088633,0.086030,0.095763,0.092086,0.091314,0.088649,0.088482
0.008212,0.007572,0.554898,0.004679,0.004659,0.391055,0.011083,0.004400,0.006053,0.007390
0.084991,0.100660,0.082246,0.100699,0.105766,0.114766,0.099759,0.114935,0.093323,0.102855
0.056745,0.061946,0.459545,0.052203,0.055542,0.059035,0.069354,0.060793,0.077415,0.047422
0.089845,0.096209,0.138864,0.096221,0.089644,0.097210,0.092067,0.103464,0.090265,0.106212
0.059333,0.066127,0.052849,0.061601,0.101525,0.354466,0.065964,0.112856,0.059603,0.065677
0.076688,0.088340,0.088050,0.120256,0.100162,0.111818,0.104706,0.126590,0.077767,0.105624
0.075226,0.109711,0.123138,0.111799,0.097488,0.092095,0.102966,0.087478,0.092085,0.108015
0.084474,0.098085,0.083159,0.101916,0.097240,0.110909,0.102641,0.121025,0.104377,0.096175
0.045707,0.058470,0.059673,0.065555,0.211242,0.274420,0.067531,0.081244,0.072887,0.063271
0.116253,0.106152,0.072330,0.100133,0.137679,0.110686,0.084658,0.080858,0.075949,0.115302
0.100930,0.108230,0.085359,0.095037,0.102280,0.100892,0.101040,0.119486,0.084516,0.102228
0.052312,0.062653,0.202853,0.081641,0.238562,0.085641,0.078923,0.055233,0.063876,0.078306
0.048164,0.025169,0.067494,0.132409,0.127407,0.224829,0.025701,0.121412,0.100748,0.126668
0.063703,0.070790,0.061307,0.073923,0.116469,0.330146,0.070391,0.065323,0.067892,0.080057
0.004880,0.006505,0.364372,0.004416,0.003371,0.585180,0.003023,0.003349,0.019024,0.005880
0.074006,0.131082,0.099099,0.104727,0.103532,0.112753,0.106553,0.103745,0.070846,0.093657
0.094057,0.087919,0.179776,0.085504,0.088361,0.097062,0.095361,0.092210,0.093364,0.086385
0.059167,0.110945,0.090018,0.122282,0.107577,0.120358,0.120975,0.074895,0.091788,0.101993
0.078960,0.093144,0.079242,0.092961,0.157985,0.100504,0.094086,0.120465,0.091143,0.091511
0.075952,0.118188,0.103826,0.104766,0.113150,0.115892,0.076179,0.082161,0.094858,0.115028
0.100517,0.102787,0.084882,0.108029,0.095767,0.112668,0.097829,0.091526,0.100810,0.105184
0.065692,0.065045,0.052156,0.065292,0.115624,0.375387,0.064159,0.070387,0.060168,0.066091
0.043388,0.028177,0.211688,0.101771,0.251178,0.095871,0.026224,0.112581,0.056536,0.072586
0.006825,0.008497,0.221405,0.007896,0.100287,0.592180,0.011078,0.035826,0.007206,0.008799
0.071882,0.091048,0.075652,0.095877,0.171437,0.105191,0.088366,0.109539,0.074471,0.116537
0.082624,0.090869,0.128571,0.089289,0.089092,0.102509,0.116573,0.099550,0.091792,0.109133
0.019516,0.033661,0.155822,0.026150,0.531478,0.041758,0.006325,0.021895,0.132124,0.031272
0.070680,0.071042,0.061693,0.066882,0.181837,0.288179,0.060328,0.080977,0.054610,0.063772
0.076217,0.084449,0.070013,0.084930,0.082011,0.097867,0.090490,0.248479,0.080256,0.085288
0.061575,0.101791,0.061695,0.109881,0.118489,0.104861,0.073825,0.096847,0.183329,0.087707
0.005268,0.005793,0.190299,0.003921,0.003239,0.659319,0.002362,0.003915,0.120603,0.005281
0.140222,0.041698,0.065683,0.126436,0.135211,0.103359,0.039516,0.146350,0.056937,0.144588
0.050453,0.061747,0.202231,0.062286,0.061243,0.066839,0.059653,0.057096,0.315342,0.063110
0.014362,0.019087,0.443231,0.011026,0.234288,0.012932,0.003290,0.013342,0.218149,0.030293
0.055386,0.054682,0.519537,0.049351,0.044020,0.056563,0.057112,0.053258,0.055142,0.054949
0.007863,0.009724,0.298234,0.009947,0.007007,0.634808,0.006951,0.007360,0.008405,0.009703
0.058031,0.025693,0.273522,0.096097,0.088924,0.072110,0.025199,0.064103,0.212948,0.083373
0.056737,0.049285,0.079845,0.126664,0.135314,0.117395,0.046627,0.173424,0.074642,0.140068
0.011967,0.012987,0.092273,0.018302,0.559980,0.015564,0.019377,0.016089,0.236525,0.016936
0.002828,0.002034,0.104744,0.002202,0.001972,0.765151,0.003337,0.002634,0.112334,0.002764
0.061313,0.062859,0.425120,0.061050,0.060624,0.071484,0.070391,0.068004,0.051860,0.067294
0.101202,0.092503,0.073787,0.118811,0.097539,0.106923,0.120668,0.126257,0.059586,0.102724
0.064516,0.086507,0.087962,0.091565,0.147568,0.092683,0.085077,0.169220,0.076266,0.098636
0.041357,0.065032,0.268847,0.058643,0.259164,0.070381,0.015670,0.065419,0.045919,0.109569
0.073169,0.125192,0.278490,0.061710,0.174962,0.066769,0.015123,0.052460,0.061377,0.090749
0.046742,0.106200,0.187807,0.048925,0.309962,0.084869,0.013269,0.043480,0.089748,0.068998
0.079794,0.099998,0.057959,0.104274,0.087738,0.161304,0.123816,0.092549,0.089381,0.103186
0.079508,0.105606,0.070784,0.099900,0.108947,0.112776,0.095488,0.129592,0.099435,0.097964
0.014383,0.004667,0.327973,0.019028,0.015813,0.478597,0.005839,0.015868,0.101651,0.016181
0.039480,0.055777,0.416227,0.067065,0.064975,0.070110,0.068544,0.117133,0.044581,0.056108
0.079026,0.082420,0.179707,0.095879,0.092563,0.103887,0.111174,0.078158,0.080593,0.096593
0.068457,0.092457,0.103973,0.110730,0.098338,0.124244,0.122148,0.087779,0.085905,0.105970
0.078242,0.083729,0.227555,0.078730,0.075765,0.096447,0.076775,0.121421,0.080604,0.080732
0.053244,0.086639,0.299103,0.071613,0.056559,0.075718,0.081836,0.115659,0.063625,0.096003
0.003327,0.002918,0.138874,0.003147,0.001985,0.641310,0.003775,0.002522,0.199432,0.002710
0.073927,0.099423,0.070901,0.095629,0.163398,0.115192,0.099058,0.118154,0.078268,0.086050
0.059959,0.057745,0.486106,0.056777,0.046948,0.056143,0.068805,0.045407,0.053956,0.068154
0.055142,0.081543,0.165813,0.073294,0.070478,0.081691,0.060078,0.089062,0.233610,0.089287
0.067750,0.115670,0.075740,0.126471,0.110160,0.116303,0.054511,0.113275,0.130220,0.089900
0.006929,0.001134,0.536335,0.002829,0.140587,0.296569,0.004596,0.002175,0.002282,0.006562
0.091960,0.096465,0.082386,0.094255,0.098700,0.109458,0.098124,0.102936,0.124970,0.100746
0.083427,0.093066,0.067959,0.090242,0.100453,0.245082,0.051799,0.103932,0.073816,0.090225
0.017197,0.004069,0.114914,0.009878,0.329455,0.359966,0.026727,0.007690,0.119544,0.010560
0.026560,0.012692,0.508823,0.041515,0.203373,0.055675,0.010360,0.048431,0.034288,0.058281
0.071515,0.108128,0.159494,0.093918,0.090853,0.100984,0.097838,0.104791,0.081271,0.091210
0.040008,0.087031,0.261355,0.035738,0.354640,0.057131,0.011179,0.040506,0.047627,0.064785
0.072265,0.104993,0.067008,0.086409,0.099397,0.240547,0.065872,0.091515,0.072004,0.099991
0.081371,0.103375,0.180792,0.085669,0.089849,0.106512,0.090322,0.075994,0.089782,0.096335
0.092727,0.088215,0.175986,0.091782,0.087826,0.091909,0.096924,0.089080,0.083572,0.101981
0.062535,0.066740,0.049246,0.060077,0.094753,0.403640,0.068393,0.059775,0.066423,0.068418
0.000385,0.000978,0.520531,0.000532,0.171406,0.301684,0.000407,0.000255,0.000668,0.003154
0.002236,0.002848,0.661924,0.002870,0.001631,0.310384,0.002397,0.002278,0.002014,0.011418
0.027453,0.068685,0.357443,0.039405,0.329926,0.051798,0.009242,0.042218,0.033607,0.040221
0.004123,0.003816,0.181539,0.004046,0.002864,0.786248,0.004961,0.003938,0.004824,0.003641
0.041211,0.045095,0.246497,0.046455,0.348844,0.045213,0.051873,0.042608,0.037325,0.094880
0.000958,0.000835,0.376439,0.000205,0.283838,0.335519,0.000981,0.000332,0.000562,0.000329
0.047265,0.023583,0.070500,0.131091,0.139145,0.195789,0.027304,0.149026,0.097837,0.118461
0.056764,0.028193,0.084458,0.156161,0.148011,0.160135,0.029778,0.088633,0.127743,0.120125
0.072431,0.077717,0.067968,0.080697,0.075168,0.292255,0.084689,0.081673,0.080562,0.086839
0.048262,0.060615,0.053166,0.077969,0.219324,0.287752,0.067698,0.065094,0.053912,0.066209
0.070627,0.084655,0.073722,0.090084,0.085272,0.090484,0.083057,0.225584,0.106606,0.089909
0.025770,0.030842,0.110762,0.030788,0.654262,0.026839,0.033651,0.023439,0.039072,0.024576
0.035141,0.009783,0.207554,0.067217,0.154895,0.364241,0.008442,0.054476,0.047542,0.050708
0.072121,0.121577,0.121158,0.098372,0.081655,0.106539,0.095232,0.095897,0.109081,0.098367
0.008091,0.005861,0.486845,0.004907,0.002930,0.348858,0.004365,0.004100,0.123159,0.010883
0.085287,0.089550,0.086687,0.096885,0.083939,0.204238,0.099228,0.076339,0.086415,0.091431
0.000654,0.000293,0.379845,0.000452,0.138103,0.478769,0.000816,0.000369,0.000386,0.000312
0.066745,0.080718,0.167637,0.062280,0.281621,0.083747,0.066828,0.085255,0.047941,0.057228
0.074294,0.107073,0.080647,0.126141,0.111389,0.118055,0.079744,0.109248,0.093450,0.099958
0.063373,0.063645,0.052791,0.066953,0.117291,0.380636,0.067777,0.069844,0.059004,0.058685
0.017029,0.047555,0.286408,0.019961,0.171365,0.306116,0.018469,0.009479,0.111308,0.012310
0.003002,0.007138,0.687592,0.002252,0.001826,0.287569,0.004846,0.001829,0.002286,0.001661
0.080869,0.064672,0.258484,0.080869,0.071302,0.088263,0.085244,0.083722,0.091407,0.095169
0.062833,0.108896,0.074443,0.125944,0.102005,0.104007,0.122505,0.129463,0.063446,0.106459
0.019116,0.033816,0.210549,0.024105,0.578172,0.020678,0.040755,0.018012,0.027786,0.027011
0.072403,0.062007,0.057356,0.084318,0.086364,0.227647,0.087010,0.077866,0.159289,0.085741
0.080649,0.109475,0.081628,0.103056,0.102134,0.112483,0.098631,0.110117,0.077523,0.124304
0.070558,0.075120,0.053545,0.067960,0.067367,0.365654,0.074639,0.079027,0.069212,0.076920
0.069718,0.096020,0.079732,0.104555,0.091207,0.191493,0.116804,0.080380,0.077952,0.092140
0.039969,0.150426,0.060992,0.150253,0.219413,0.120802,0.068491,0.043512,0.078885,0.067258
0.031161,0.039836,0.240816,0.040017,0.432735,0.029875,0.037250,0.032914,0.077518,0.037878
0.069496,0.065803,0.409736,0.056003,0.056237,0.069453,0.057063,0.080682,0.072345,0.063182
0.062085,0.042298,0.112126,0.122691,0.141703,0.134357,0.040932,0.136203,0.090684,0.116921
0.007786,0.004349,0.126032,0.009846,0.029805,0.008572,0.008315,0.035393,0.753857,0.016045
0.004418,0.004707,0.339449,0.003945,0.003691,0.619664,0.001901,0.003518,0.014921,0.003784
0.092850,0.093618,0.149543,0.089635,0.095360,0.109011,0.091035,0.085262,0.095356,0.098329
0.088886,0.091212,0.081434,0.098208,0.101851,0.110706,0.100800,0.088026,0.139944,0.098934
0.062055,0.047036,0.081450,0.072631,0.069054,0.175609,0.095526,0.095731,0.202515,0.098393
0.066369,0.095365,0.096335,0.082891,0.068004,0.083778,0.079787,0.060910,0.259406,0.107155
0.021732,0.028033,0.236441,0.024276,0.328037,0.275877,0.031637,0.020483,0.012511,0.020972
0.027231,0.023698,0.354122,0.030626,0.399640,0.024702,0.031041,0.025984,0.027659,0.055296
0.003832,0.003822,0.192707,0.001699,0.002602,0.652916,0.002984,0.002103,0.133985,0.003350
0.094650,0.084896,0.143000,0.094996,0.091337,0.099547,0.098255,0.107928,0.091160,0.094232
0.004035,0.003385,0.136966,0.003356,0.002918,0.835023,0.003897,0.003315,0.003967,0.003137
0.041771,0.091780,0.069650,0.108906,0.231770,0.109852,0.110667,0.066511,0.074971,0.094121
0.004316,0.000623,0.572091,0.001321,0.159041,0.203032,0.003850,0.001634,0.039835,0.014257
0.086631,0.098912,0.086381,0.102042,0.106755,0.103677,0.103163,0.121219,0.085874,0.105346
0.029069,0.026409,0.226534,0.103762,0.261002,0.100385,0.032672,0.042265,0.087487,0.090416
0.091694,0.092770,0.174531,0.087493,0.082303,0.085900,0.084570,0.090152,0.112697,0.097891
0.102458,0.097569,0.089152,0.096671,0.100809,0.104132,0.106879,0.123014,0.084614,0.094701
0.068729,0.106112,0.066341,0.132653,0.154521,0.110265,0.069384,0.140964,0.058897,0.092133
0.097021,0.095035,0.163483,0.101915,0.083230,0.104246,0.092441,0.076367,0.092129,0.094133
0.055379,0.103657,0.071237,0.126808,0.102589,0.110784,0.110075,0.124592,0.085624,0.109255
0.070516,0.113634,0.138883,0.088941,0.104591,0.116592,0.080617,0.093951,0.087325,0.104952
0.047998,0.048294,0.119864,0.046323,0.044435,0.046682,0.046368,0.052696,0.500167,0.047173
0.039784,0.041918,0.295320,0.042271,0.044742,0.046466,0.036470,0.049414,0.364017,0.039599
0.049349,0.014162,0.414251,0.060790,0.203664,0.046685,0.053138,0.049202,0.041596,0.067163
0.044608,0.058703,0.454096,0.076714,0.067667,0.071227,0.059988,0.072624,0.047121,0.047251
0.044820,0.052793,0.040768,0.061806,0.130800,0.462014,0.056235,0.047736,0.050431,0.052598
0.091020,0.105811,0.082448,0.096717,0.136467,0.103501,0.098093,0.088866,0.094308,0.102769
0.048847,0.020218,0.073057,0.134150,0.116995,0.239613,0.025473,0.144151,0.109189,0.088309
0.004865,0.004538,0.648710,0.004124,0.002523,0.317922,0.004666,0.004831,0.004747,0.003073
0.078242,0.096724,0.086298,0.121309,0.103382,0.113183,0.099211,0.125388,0.079628,0.096634
0.085344,0.085471,0.232660,0.087733,0.078578,0.082445,0.085220,0.093820,0.076366,0.092363
0.004807,0.003568,0.142466,0.001589,0.002118,0.636450,0.003360,0.002578,0.197441,0.005622
0.080018,0.085850,0.084298,0.090526,0.091148,0.090251,0.091115,0.198172,0.091495,0.097127
0.030179,0.042727,0.179108,0.033779,0.530143,0.041498,0.035748,0.036875,0.032124,0.037819
0.024691,0.022194,0.144331,0.026826,0.022215,0.023418,0.028803,0.031623,0.650650,0.025250
0.083506,0.099515,0.134990,0.098226,0.100299,0.084939,0.112361,0.106640,0.079836,0.099688
0.082791,0.087865,0.090363,0.102541,0.114193,0.123906,0.143126,0.051227,0.086012,0.117976
0.068963,0.026208,0.068247,0.112739,0.171186,0.134682,0.031580,0.125132,0.142785,0.118478
0.024715,0.022617,0.084481,0.028639,0.021524,0.028253,0.029527,0.047557,0.675833,0.036854
0.007188,0.002961,0.209180,0.005778,0.003915,0.749901,0.006645,0.003784,0.005888,0.004759
0.052405,0.062824,0.407918,0.071097,0.060165,0.082009,0.084994,0.063065,0.051000,0.064522
0.064836,0.105420,0.052038,0.094213,0.104502,0.188313,0.102969,0.098636,0.089473,0.099600
0.078521,0.093589,0.164432,0.094219,0.090060,0.094557,0.099862,0.072285,0.112161,0.100315
0.082555,0.109989,0.083330,0.100784,0.107581,0.113978,0.099568,0.126043,0.079688,0.096483
0.060714,0.065806,0.430240,0.074164,0.061276,0.063416,0.065187,0.053541,0.056436,0.069219
0.103760,0.133850,0.077504,0.095753,0.108805,0.115741,0.096502,0.105605,0.084848,0.077632
0.031335,0.040353,0.151053,0.037648,0.225826,0.388153,0.012468,0.047894,0.025375,0.039895
0.006935,0.010975,0.482961,0.013549,0.443620,0.009262,0.002829,0.009428,0.009436,0.011005
0.079085,0.080931,0.259870,0.081445,0.075254,0.080356,0.084353,0.085845,0.104536,0.068325
0.073892,0.070162,0.193508,0.080015,0.169539,0.086948,0.098338,0.068015,0.075072,0.084511
0.110412,0.100352,0.083691,0.099028,0.105777,0.115822,0.101615,0.085550,0.099530,0.098223
0.040615,0.109320,0.067044,0.121546,0.086470,0.196758,0.134919,0.053055,0.095772,0.094502
0.008566,0.011683,0.005895,0.010663,0.015512,0.011421,0.012435,0.058972,0.853284,0.011568
0.091202,0.081826,0.064269,0.088996,0.212240,0.090082,0.117122,0.066221,0.109251,0.078790
0.054073,0.087000,0.049464,0.079699,0.180098,0.090193,0.030726,0.080307,0.268692,0.079748
0.066199,0.088811,0.260805,0.076220,0.069276,0.090289,0.088967,0.121400,0.063927,0.074107
0.054715,0.097755,0.193460,0.105767,0.078303,0.097058,0.102673,0.104503,0.081660,0.084106
0.086319,0.094296,0.197166,0.076405,0.073816,0.091510,0.092883,0.126672,0.078336,0.082597
0.066143,0.091560,0.122330,0.108928,0.088802,0.124350,0.113983,0.091127,0.088370,0.104408
0.049452,0.060664,0.406149,0.050121,0.050814,0.046792,0.058335,0.181791,0.043434,0.052449
0.083215,0.107894,0.061790,0.108262,0.225386,0.088842,0.092577,0.096765,0.057854,0.077416
0.075397,0.091322,0.077640,0.096015,0.163387,0.108759,0.090575,0.117985,0.082960,0.095960
0.137486,0.029577,0.077337,0.124336,0.140818,0.141208,0.031439,0.080555,0.097768,0.139475
0.092878,0.099634,0.168195,0.080812,0.094662,0.100612,0.095707,0.082598,0.073333,0.111570
0.066573,0.088874,0.081886,0.095173,0.159016,0.105406,0.087763,0.119093,0.080619,0.115597
0.134978,0.029366,0.075944,0.099478,0.141491,0.133413,0.031132,0.136480,0.086480,0.131238
0.069883,0.079123,0.076612,0.078370,0.078325,0.288835,0.081896,0.081813,0.076572,0.088571
0.100760,0.078682,0.063303,0.091951,0.132822,0.103179,0.095440,0.113178,0.132932,0.087753
0.056315,0.098290,0.075959,0.106708,0.106120,0.115247,0.075136,0.128042,0.128432,0.109753
0.048653,0.025293,0.076609,0.099158,0.118559,0.229282,0.030079,0.128255,0.109891,0.134223
0.097287,0.095953,0.101254,0.098513,0.098176,0.093493,0.103672,0.094054,0.110004,0.107593
0.077176,0.080039,0.202999,0.080904,0.072548,0.087315,0.085688,0.134695,0.080504,0.098132
0.002192,0.002796,0.213724,0.002566,0.002284,0.594798,0.000928,0.016626,0.156751,0.007335
0.035606,0.048660,0.144661,0.032518,0.562733,0.036439,0.042906,0.026918,0.034668,0.034890
0.094212,0.101063,0.084389,0.104903,0.100232,0.119256,0.099570,0.088839,0.100862,0.106672
0.030804,0.058919,0.227154,0.044019,0.356347,0.060613,0.049011,0.057666,0.053607,0.061859
0.003640,0.004827,0.224848,0.003787,0.002631,0.744939,0.003312,0.002070,0.004760,0.005187
0.095013,0.099064,0.181706,0.089796,0.088091,0.091827,0.089813,0.077813,0.096704,0.090172
0.006932,0.032081,0.093558,0.008981,0.185738,0.310930,0.019116,0.020363,0.313349,0.008952
0.045834,0.056990,0.068646,0.109984,0.112509,0.151616,0.125344,0.125212,0.096770,0.107094
0.017894,0.036026,0.098902,0.033218,0.584300,0.141446,0.038883,0.014212,0.018078,0.017041
0.075100,0.081813,0.071063,0.093584,0.082210,0.267210,0.083410,0.085374,0.077877,0.082359
0.051153,0.058961,0.177435,0.044571,0.428693,0.084657,0.014132,0.049028,0.036962,0.054408
0.029048,0.006801,0.318105,0.030144,0.154008,0.326799,0.032697,0.034305,0.020968,0.047125
0.058690,0.091468,0.076649,0.094019,0.171966,0.089243,0.084363,0.108547,0.120783,0.104272
0.073922,0.114491,0.066921,0.090656,0.102550,0.172850,0.125920,0.112550,0.040005,0.100134
0.050449,0.059380,0.224130,0.063432,0.345253,0.061979,0.015244,0.045768,0.043544,0.090821
0.053672,0.097368,0.062624,0.095911,0.093625,0.130868,0.056567,0.108204,0.209203,0.091958
0.102177,0.143154,0.067128,0.098292,0.102876,0.114385,0.100711,0.099282,0.085452,0.086543
0.067281,0.091301,0.076729,0.100296,0.117359,0.097985,0.104952,0.133733,0.075948,0.134417
0.045071,0.036766,0.342422,0.039924,0.037222,0.052136,0.052275,0.034642,0.322137,0.037403
0.061130,0.098215,0.074095,0.089709,0.109569,0.101352,0.123951,0.130234,0.123310,0.088434
0.032688,0.034192,0.728379,0.033701,0.018993,0.029503,0.034366,0.022915,0.029117,0.036146
0.070241,0.099807,0.089394,0.097197,0.103011,0.099951,0.144371,0.119313,0.075650,0.101065
0.038300,0.035948,0.258672,0.065648,0.278976,0.072679,0.054011,0.089720,0.039608,0.066439
0.074751,0.085182,0.076912,0.107973,0.096017,0.104538,0.098011,0.193974,0.076177,0.086464
0.008879,0.002775,0.293602,0.021588,0.121646,0.410998,0.031248,0.007124,0.093763,0.008376
0.107548,0.102632,0.067516,0.104863,0.104759,0.111805,0.127344,0.071171,0.122898,0.079465
0.088429,0.082783,0.173764,0.095405,0.069303,0.099940,0.090562,0.098609,0.104790,0.096416
0.061483,0.041920,0.187504,0.085267,0.123138,0.110538,0.043064,0.125615,0.075803,0.145668
0.002187,0.000888,0.150536,0.002436,0.019599,0.361596,0.003926,0.017239,0.439409,0.002183
0.005424,0.009434,0.062982,0.009693,0.779221,0.008480,0.010432,0.006407,0.098508,0.009418
0.012864,0.049486,0.126242,0.016036,0.285029,0.395012,0.021161,0.017110,0.013059,0.064000
0.000956,0.001862,0.580570,0.000940,0.206015,0.194544,0.002290,0.000586,0.001973,0.010265
0.087019,0.111462,0.087550,0.097632,0.098029,0.116641,0.100243,0.109997,0.089562,0.101866
0.098073,0.089902,0.074910,0.095621,0.162839,0.107678,0.097037,0.104099,0.071928,0.097913
0.097460,0.094077,0.074818,0.110684,0.157496,0.107315,0.090257,0.105754,0.081550,0.080589
0.039565,0.058364,0.205198,0.049395,0.285473,0.061701,0.045682,0.169317,0.041761,0.043544
0.004450,0.006427,0.382536,0.003940,0.052899,0.534921,0.001558,0.003647,0.005147,0.004476
0.089528,0.100326,0.101000,0.102879,0.099605,0.116804,0.098867,0.087894,0.097038,0.106058
0.062510,0.081112,0.133485,0.081956,0.078556,0.080330,0.080897,0.082945,0.219884,0.098325
0.094488,0.092283,0.144048,0.089133,0.103420,0.096565,0.098829,0.105404,0.092648,0.083182
0.049364,0.066751,0.183277,0.067588,0.249284,0.085501,0.082408,0.045745,0.081078,0.089005
0.080677,0.093080,0.078429,0.112903,0.155979,0.105901,0.093808,0.108354,0.082545,0.088324
0.000701,0.000687,0.430184,0.000589,0.116812,0.447991,0.001317,0.000581,0.000561,0.000579
0.071231,0.080061,0.069425,0.103707,0.167283,0.107187,0.111474,0.116362,0.067144,0.106126
0.075731,0.123921,0.085496,0.121046,0.127687,0.103631,0.068697,0.087266,0.096364,0.110162
0.011213,0.007889,0.397226,0.038750,0.399503,0.028209,0.029886,0.031046,0.037400,0.018877
0.060898,0.070200,0.068566,0.089342,0.066795,0.326966,0.075764,0.078107,0.075856,0.087505
0.069079,0.089497,0.059984,0.080208,0.078568,0.286843,0.081165,0.073033,0.085173,0.096450
0.037002,0.040986,0.231244,0.035478,0.459699,0.041495,0.048977,0.034468,0.034915,0.035735
0.040195,0.060234,0.542379,0.044346,0.044555,0.057481,0.061169,0.042107,0.050271,0.057264
0.082405,0.093737,0.095844,0.114734,0.105578,0.110936,0.095869,0.122177,0.088114,0.090607
0.089923,0.101537,0.082861,0.101748,0.108770,0.105212,0.099969,0.104299,0.099030,0.106652
0.063163,0.086827,0.080585,0.092013,0.163267,0.104002,0.090930,0.120240,0.081747,0.117224
0.034397,0.045115,0.298995,0.056572,0.250029,0.065914,0.067404,0.073303,0.045071,0.063200
0.046241,0.066615,0.063026,0.117583,0.113360,0.178878,0.122525,0.090751,0.074343,0.126680
0.081936,0.081564,0.089391,0.109547,0.165357,0.100860,0.092763,0.116831,0.072534,0.089218
0.003144,0.001119,0.261821,0.001906,0.000957,0.722178,0.001984,0.001575,0.001900,0.003417
0.081468,0.094392,0.092322,0.094002,0.157321,0.098945,0.097124,0.103152,0.085809,0.095464
0.074661,0.082329,0.217943,0.089747,0.084773,0.080988,0.086782,0.086192,0.084405,0.112178
0.045381,0.070174,0.262567,0.078041,0.066150,0.082271,0.068183,0.183888,0.078219,0.065126
0.037554,0.048164,0.357235,0.043535,0.034810,0.040743,0.040938,0.034280,0.319530,0.043211
0.081999,0.090730,0.175440,0.082417,0.079859,0.086935,0.083341,0.134352,0.078291,0.106636
0.079357,0.099767,0.138953,0.103957,0.094991,0.104512,0.096418,0.108217,0.080575,0.093253
0.058412,0.056339,0.063334,0.074661,0.153144,0.261888,0.082040,0.098793,0.065950,0.085438
0.074523,0.093188,0.075974,0.093911,0.098347,0.220740,0.071330,0.079205,0.101464,0.091318
0.075455,0.024354,0.065789,0.156450,0.156983,0.162521,0.029368,0.089325,0.091052,0.148704
0.057663,0.061851,0.059831,0.078361,0.120570,0.273560,0.096967,0.090343,0.070437,0.090418
0.086729,0.107454,0.074752,0.095764,0.154133,0.110441,0.095768,0.083322,0.091065,0.100571
0.063590,0.070543,0.067285,0.077796,0.073445,0.296843,0.083282,0.122189,0.070141,0.074887
0.071079,0.103518,0.081958,0.115184,0.164239,0.107332,0.089811,0.104349,0.073865,0.088665
0.061116,0.061389,0.045276,0.070521,0.168096,0.356941,0.064361,0.060874,0.056045,0.055382
0.070961,0.090912,0.117546,0.102879,0.105058,0.112687,0.114077,0.074318,0.104294,0.107267
0.011059,0.011139,0.006136,0.010767,0.017527,0.012231,0.012634,0.059813,0.847921,0.010773
0.010414,0.009305,0.476888,0.008366,0.449046,0.009723,0.010640,0.009434,0.008933,0.007250
0.070100,0.103026,0.156241,0.102944,0.093887,0.103479,0.094124,0.104822,0.080081,0.091297
0.001974,0.000803,0.211778,0.000638,0.200375,0.469463,0.001122,0.000729,0.110103,0.003014
0.010053,0.014053,0.006796,0.014544,0.021460,0.016017,0.014027,0.048947,0.841721,0.012381
0.015641,0.014037,0.484611,0.012096,0.007098,0.436552,0.003790,0.008765,0.009550,0.007860
0.065306,0.059437,0.065413,0.083659,0.091183,0.269956,0.111508,0.100136,0.066233,0.087169
0.019802,0.036517,0.149991,0.031378,0.272243,0.355178,0.036726,0.040323,0.024133,0.033709
0.046576,0.127890,0.090459,0.096376,0.108621,0.180797,0.067449,0.113885,0.088990,0.078957
0.030242,0.048936,0.129420,0.032131,0.272396,0.336234,0.035509,0.048017,0.031032,0.036082
0.093311,0.092098,0.168600,0.093092,0.088393,0.097247,0.089816,0.095580,0.090448,0.091414
0.075770,0.075813,0.066263,0.074062,0.069246,0.326222,0.075685,0.075964,0.085723,0.075253
0.082215,0.121432,0.050789,0.122229,0.112010,0.157995,0.146148,0.029731,0.085233,0.092215
0.072964,0.093116,0.089170,0.117750,0.166990,0.102326,0.099059,0.106616,0.079352,0.072658
0.031307,0.012466,0.403106,0.034862,0.301447,0.034003,0.060263,0.042544,0.033387,0.046616
0.078853,0.094012,0.140645,0.080873,0.078103,0.091147,0.082857,0.139528,0.102806,0.111175
0.078066,0.100531,0.069535,0.087293,0.096861,0.100115,0.094384,0.086269,0.197230,0.089714
0.087887,0.087695,0.222233,0.085851,0.082007,0.088480,0.085484,0.085070,0.080462,0.094829
0.044973,0.109857,0.059398,0.105163,0.104346,0.133349,0.053334,0.109781,0.184982,0.094819
0.053755,0.021101,0.297770,0.058525,0.275543,0.047575,0.074860,0.061926,0.053237,0.055707
0.024530,0.006325,0.327123,0.018966,0.015934,0.527269,0.005487,0.018207,0.016196,0.039963
0.075167,0.078500,0.073055,0.090337,0.077928,0.276958,0.079463,0.087776,0.085171,0.075645
0.081366,0.104277,0.079740,0.103890,0.107301,0.113787,0.096929,0.129854,0.084319,0.098537
0.061505,0.125513,0.077863,0.125602,0.111184,0.114062,0.102633,0.109682,0.080903,0.091054
0.059068,0.066790,0.142820,0.065113,0.063135,0.075157,0.051735,0.068082,0.342092,0.066009
0.055579,0.058888,0.215074,0.060470,0.179755,0.056731,0.039811,0.062153,0.203581,0.067959
0.059199,0.061689,0.313142,0.058851,0.191099,0.063399,0.066046,0.052916,0.066897,0.066762
0.004036,0.003848,0.371877,0.003264,0.091886,0.516520,0.001486,0.002230,0.002480,0.002372
0.080819,0.097206,0.186628,0.097340,0.091882,0.101955,0.075064,0.071834,0.079414,0.117858
0.075596,0.117757,0.068551,0.106792,0.118660,0.121364,0.051595,0.117806,0.131426,0.090454
0.053800,0.026865,0.079581,0.123299,0.144433,0.149872,0.028434,0.151315,0.137767,0.104634
0.031469,0.015914,0.171378,0.043985,0.411663,0.049593,0.069703,0.052355,0.036366,0.117574
0.046574,0.069207,0.085216,0.127574,0.096044,0.121968,0.137379,0.143470,0.070885,0.101684
0.060572,0.079449,0.054610,0.079490,0.073736,0.290830,0.053057,0.078707,0.155799,0.073751
0.070170,0.078845,0.133839,0.085893,0.062905,0.082558,0.070720,0.074326,0.268012,0.072732
0.095397,0.127164,0.052343,0.119230,0.095197,0.115878,0.112707,0.092992,0.073100,0.115991
0.034423,0.039813,0.341152,0.035395,0.317883,0.045897,0.042944,0.043278,0.050985,0.048231
0.070574,0.025021,0.057718,0.089678,0.185124,0.262792,0.027287,0.083039,0.102867,0.095899
0.048391,0.059747,0.056387,0.076955,0.197491,0.270196,0.075297,0.061856,0.081933,0.071746
0.053517,0.063502,0.505565,0.053426,0.053089,0.062765,0.046205,0.060256,0.044883,0.056791
0.077342,0.106091,0.079612,0.114044,0.138869,0.109894,0.090549,0.097424,0.079814,0.106362
0.003953,0.003656,0.247781,0.003592,0.003116,0.722894,0.001688,0.002216,0.003878,0.007226
0.048158,0.093610,0.049771,0.136736,0.116812,0.113621,0.134836,0.109067,0.083388,0.114000
0.076635,0.086298,0.064798,0.082170,0.090546,0.263875,0.086519,0.087822,0.072103,0.089234
0.105970,0.086943,0.066913,0.100247,0.097165,0.144590,0.113904,0.110014,0.097429,0.076824
0.070157,0.097247,0.093537,0.117938,0.106095,0.107410,0.128968,0.100037,0.077846,0.100765
0.064946,0.077385,0.079397,0.101358,0.110671,0.119139,0.112710,0.120362,0.075499,0.138533
0.024039,0.031440,0.133916,0.021424,0.685749,0.029696,0.021914,0.015265,0.015644,0.020914
0.058542,0.043795,0.212567,0.055650,0.054298,0.049589,0.061484,0.309771,0.077785,0.076521
0.076246,0.098864,0.066638,0.116446,0.105716,0.107801,0.114123,0.083912,0.105353,0.124901
0.099945,0.109077,0.105139,0.089083,0.088780,0.105221,0.095297,0.089853,0.088607,0.129001
0.043712,0.054215,0.075865,0.162291,0.087217,0.171511,0.145957,0.144911,0.056326,0.057995
0.061476,0.064580,0.117220,0.067134,0.072985,0.079932,0.049085,0.060822,0.348740,0.078026
0.005602,0.006280,0.535375,0.006455,0.004226,0.419685,0.002031,0.005137,0.005682,0.009527
0.031072,0.006730,0.106009,0.062974,0.226082,0.416155,0.035000,0.060611,0.026819,0.028547
0.008927,0.008568,0.214486,0.008379,0.006198,0.684564,0.004195,0.048513,0.006093,0.010077
0.101123,0.110968,0.102514,0.099084,0.090352,0.093918,0.103428,0.096268,0.100873,0.101472
0.015428,0.017302,0.097176,0.014683,0.752626,0.018529,0.019329,0.016661,0.030186,0.018080
0.087954,0.085701,0.247908,0.082432,0.073338,0.083749,0.084727,0.079005,0.077937,0.097248
0.014121,0.016774,0.132168,0.024832,0.399872,0.041879,0.005015,0.014663,0.329858,0.020819
0.107571,0.095544,0.067940,0.093713,0.100211,0.107408,0.096886,0.121643,0.118380,0.090704
0.052666,0.016359,0.286005,0.053003,0.275485,0.048348,0.093149,0.052851,0.057796,0.064340
0.060566,0.069764,0.056451,0.074068,0.065383,0.284739,0.070001,0.075699,0.168493,0.074835
0.057658,0.058197,0.043669,0.058742,0.101448,0.351613,0.059103,0.067095,0.145144,0.057330
0.088510,0.097097,0.079104,0.119005,0.099223,0.108805,0.099126,0.106619,0.104641,0.097870
0.012783,0.012335,0.353228,0.012199,0.555158,0.014213,0.004143,0.011651,0.011084,0.013207
0.057451,0.035173,0.117559,0.146379,0.102000,0.153588,0.034470,0.121905,0.083146,0.148330
0.063262,0.098035,0.071005,0.113229,0.189423,0.103123,0.090089,0.118253,0.063492,0.090090
0.083640,0.105962,0.087688,0.122858,0.110627,0.107314,0.099803,0.100256,0.075119,0.106732
0.015535,0.046198,0.265691,0.024132,0.506404,0.022815,0.026170,0.015181,0.014481,0.063394
0.103211,0.100141,0.068123,0.088010,0.096025,0.147849,0.110432,0.110733,0.077221,0.098255
0.023160,0.038484,0.086173,0.023829,0.134470,0.429340,0.002695,0.029354,0.216722,0.015774
0.012191,0.005749,0.007805,0.015274,0.011108,0.016085,0.013165,0.042677,0.863372,0.012573
0.013713,0.008653,0.207459,0.011079,0.091390,0.573586,0.012895,0.051820,0.009022,0.020382
0.071872,0.048064,0.062344,0.068126,0.116814,0.348893,0.073716,0.080587,0.060348,0.069236
0.055095,0.056125,0.049679,0.062817,0.088949,0.339922,0.061299,0.059163,0.157882,0.069069
0.091734,0.092778,0.159451,0.101874,0.086480,0.093226,0.103316,0.087035,0.090029,0.094077
0.082932,0.097092,0.163137,0.085670,0.086103,0.097390,0.079937,0.092257,0.115591,0.099890
0.079754,0.085525,0.088698,0.109343,0.089425,0.103209,0.085985,0.191692,0.079806,0.086563
0.075049,0.085404,0.253406,0.079572,0.088201,0.099876,0.087912,0.074630,0.073811,0.082139
0.004005,0.005371,0.152331,0.003496,0.002926,0.816064,0.005205,0.002644,0.004331,0.003628
0.073525,0.075654,0.068059,0.108242,0.108861,0.112277,0.119030,0.080618,0.142461,0.111273
0.054717,0.037963,0.145971,0.132149,0.115185,0.147794,0.042941,0.147032,0.075804,0.100443
0.127800,0.018876,0.068679,0.108830,0.108910,0.252440,0.024415,0.078377,0.099200,0.112472
0.050282,0.063499,0.441794,0.069756,0.061996,0.077024,0.062937,0.050078,0.052285,0.070350
0.061208,0.065718,0.052921,0.064445,0.095311,0.391073,0.065006,0.071493,0.062414,0.070409
0.005053,0.002781,0.271578,0.003764,0.003018,0.690535,0.005006,0.004249,0.005152,0.008863
0.069776,0.098300,0.213169,0.085678,0.086585,0.104912,0.094554,0.067978,0.100477,0.078573
0.082435,0.016015,0.245446,0.097430,0.106305,0.127082,0.015182,0.115954,0.097700,0.096451
0.072424,0.065945,0.071551,0.081227,0.121101,0.280467,0.084150,0.080310,0.066004,0.076821
0.075161,0.128506,0.162075,0.077790,0.090893,0.103762,0.090785,0.100602,0.081550,0.088874
0.092089,0.092098,0.198405,0.083668,0.082687,0.092941,0.086093,0.101285,0.088958,0.081778
0.044745,0.048311,0.253434,0.068862,0.269010,0.067708,0.065159,0.061491,0.069132,0.052148
0.083478,0.068700,0.067950,0.102645,0.095864,0.244495,0.096760,0.078044,0.081246,0.080816
0.059612,0.086564,0.136378,0.077287,0.074259,0.089025,0.081621,0.085740,0.221722,0.087792
0.016225,0.003375,0.281578,0.011925,0.282620,0.322527,0.038424,0.009330,0.013003,0.020994
0.022574,0.027939,0.189140,0.022267,0.621623,0.022970,0.021999,0.019478,0.020710,0.031300
0.013888,0.003918,0.386980,0.007777,0.075217,0.475386,0.004180,0.010326,0.010897,0.011431
0.059034,0.061318,0.520214,0.050529,0.055482,0.060414,0.031360,0.058218,0.044067,0.059364
0.066670,0.088763,0.266033,0.076098,0.075755,0.088080,0.062616,0.105460,0.069027,0.101496
0.062757,0.067908,0.479257,0.050975,0.048975,0.053432,0.055715,0.046818,0.059964,0.074199
0.043212,0.069833,0.238222,0.074428,0.061435,0.061274,0.057440,0.264037,0.074489,0.055631
0.080566,0.087112,0.080087,0.090903,0.088036,0.105468,0.085786,0.219352,0.076966,0.085724
0.008648,0.009236,0.004453,0.008742,0.011523,0.010030,0.009182,0.053107,0.876208,0.008872
0.069809,0.100446,0.071494,0.100806,0.098094,0.107103,0.055475,0.097330,0.207081,0.092361
