0.026982,0.262734,0.120832,0.042331,0.268177,0.133684,0.047896,0.041626,0.030060,0.025676
0.068280,0.361884,0.071510,0.081824,0.058782,0.074198,0.092846,0.062815,0.087807,0.040054
0.048303,0.218339,0.065678,0.084342,0.143572,0.058293,0.177987,0.072133,0.080346,0.051008
0.077242,0.131345,0.086569,0.115342,0.104818,0.112218,0.109247,0.079437,0.086199,0.097583
0.099441,0.241470,0.031106,0.098517,0.068417,0.124884,0.114909,0.031415,0.070537,0.119304
0.027657,0.397637,0.034973,0.032030,0.020282,0.040518,0.373424,0.022600,0.031519,0.019359
0.039297,0.193800,0.052820,0.024462,0.259046,0.209824,0.053198,0.038918,0.100953,0.027680
0.065142,0.215283,0.037748,0.066880,0.064672,0.248242,0.094603,0.095996,0.054374,0.057062
0.033772,0.128103,0.078384,0.098278,0.089268,0.206555,0.152669,0.079790,0.058135,0.075046
0.042185,0.167312,0.129396,0.119963,0.099672,0.059286,0.128942,0.094156,0.033704,0.125383
0.056684,0.071680,0.278921,0.055521,0.206453,0.036405,0.065729,0.054937,0.074817,0.098853
0.049525,0.125470,0.101774,0.116258,0.158885,0.077522,0.118031,0.095809,0.064163,0.092563
0.028981,0.347011,0.062346,0.035420,0.034301,0.051161,0.358539,0.020943,0.020579,0.040721
0.045265,0.212610,0.251440,0.071974,0.056908,0.073611,0.079734,0.062492,0.059582,0.086383
0.086727,0.085062,0.096023,0.125356,0.087130,0.116737,0.109265,0.100217,0.072160,0.121322
0.069853,0.108961,0.103004,0.090634,0.053343,0.088035,0.296901,0.066355,0.051333,0.071581
0.062093,0.304449,0.099668,0.084992,0.058589,0.090745,0.071105,0.081172,0.070774,0.076412
0.046289,0.256218,0.091898,0.094360,0.072935,0.077249,0.077250,0.067912,0.078319,0.137569
0.050185,0.079578,0.089650,0.063731,0.147441,0.092082,0.210985,0.113903,0.064519,0.087924
0.079519,0.236352,0.102227,0.099700,0.083797,0.061113,0.120380,0.071648,0.065500,0.079763
0.042802,0.261131,0.115278,0.046114,0.047622,0.046946,0.297100,0.031735,0.024997,0.086275
0.041322,0.104712,0.064299,0.080629,0.082423,0.231115,0.130474,0.094508,0.076751,0.093767
0.060043,0.153678,0.084645,0.128715,0.062148,0.119744,0.212331,0.028296,0.066579,0.083820
0.057504,0.035531,0.291160,0.055773,0.199888,0.121204,0.047929,0.041003,0.043043,0.106965
0.067966,0.180626,0.055012,0.130470,0.056127,0.053669,0.126941,0.199544,0.054112,0.075534
0.074483,0.097150,0.093042,0.114379,0.120110,0.090443,0.162886,0.030764,0.098621,0.118121
0.097301,0.046544,0.099978,0.081554,0.075035,0.070000,0.305792,0.048447,0.116854,0.058495
0.052411,0.072556,0.396237,0.055652,0.113523,0.068518,0.071351,0.047725,0.043406,0.078621
0.038022,0.239068,0.047296,0.099716,0.050848,0.152307,0.128161,0.058770,0.082550,0.103261
0.087687,0.341493,0.044312,0.036146,0.033515,0.030191,0.276321,0.025242,0.091658,0.033435
0.040142,0.202405,0.154705,0.050721,0.047331,0.164885,0.155150,0.071437,0.069330,0.043893
0.019249,0.187663,0.225789,0.034779,0.282439,0.082295,0.031753,0.024085,0.037487,0.074461
0.052688,0.197827,0.032957,0.090560,0.071515,0.111033,0.118895,0.029383,0.119129,0.176013
0.049189,0.105502,0.134254,0.131580,0.095976,0.045913,0.127698,0.110345,0.075263,0.124280
0.024246,0.108718,0.403105,0.026116,0.157883,0.079489,0.068281,0.064064,0.028779,0.039318
0.066314,0.093772,0.104548,0.090369,0.056472,0.090875,0.291115,0.030600,0.083318,0.092617
0.050360,0.263483,0.097876,0.118093,0.084285,0.063020,0.090628,0.082182,0.058665,0.091408
0.084357,0.139133,0.090772,0.158511,0.088674,0.036361,0.127075,0.070277,0.080942,0.123898
0.057393,0.050286,0.346845,0.093900,0.084353,0.077879,0.085137,0.045469,0.090940,0.067798
0.078500,0.108903,0.106571,0.059899,0.085105,0.143508,0.097042,0.087987,0.094974,0.137510
0.062663,0.074020,0.047257,0.147065,0.093019,0.256958,0.107649,0.100508,0.037527,0.073333
0.051054,0.045525,0.237214,0.025242,0.055612,0.048243,0.061444,0.060884,0.355317,0.059465
0.086481,0.123851,0.102485,0.051413,0.092614,0.123949,0.122842,0.024216,0.146649,0.125502
0.023487,0.195496,0.253497,0.059414,0.296361,0.039637,0.031011,0.038174,0.038126,0.024796
0.048536,0.093348,0.147774,0.070809,0.087343,0.042487,0.298900,0.096958,0.031839,0.082006
0.049718,0.030218,0.095601,0.063583,0.302436,0.174753,0.054201,0.086543,0.093108,0.049839
0.045527,0.388213,0.057346,0.064385,0.057336,0.095747,0.062242,0.036845,0.131378,0.060981
0.065936,0.061486,0.094973,0.121716,0.268801,0.089708,0.098860,0.062705,0.058735,0.077081
0.092781,0.110045,0.112535,0.122026,0.066630,0.121085,0.121351,0.076798,0.071632,0.105117
0.114573,0.204424,0.186819,0.065233,0.040569,0.121475,0.061485,0.061078,0.077099,0.067244
0.015232,0.241821,0.026530,0.018083,0.321324,0.058807,0.240525,0.031260,0.028225,0.018192
0.059697,0.102524,0.094938,0.088018,0.074534,0.117546,0.270680,0.052485,0.067621,0.071958
0.052945,0.097474,0.292252,0.103085,0.079185,0.077718,0.081689,0.055496,0.066695,0.093461
0.031723,0.105815,0.032662,0.105747,0.098153,0.338145,0.098991,0.091645,0.038060,0.059060
0.076512,0.085863,0.243314,0.042812,0.062150,0.091250,0.117057,0.073053,0.071348,0.136641
0.095710,0.093818,0.117385,0.118167,0.092699,0.106341,0.108925,0.117187,0.036715,0.113053
0.028182,0.081418,0.059101,0.117033,0.128426,0.153472,0.150520,0.126788,0.043618,0.111442
0.065671,0.319690,0.125514,0.098975,0.048651,0.044829,0.100381,0.066523,0.087545,0.042221
0.036647,0.265237,0.091338,0.047364,0.045851,0.044308,0.268619,0.026486,0.104293,0.069857
0.041345,0.079769,0.315985,0.083450,0.100728,0.070858,0.085102,0.050950,0.045682,0.126131
0.032826,0.044997,0.241841,0.050397,0.031881,0.201586,0.203198,0.074827,0.039887,0.078559
0.080534,0.058836,0.186945,0.089873,0.065305,0.073726,0.224260,0.070600,0.080461,0.069461
0.061486,0.110758,0.092099,0.088630,0.062993,0.139425,0.099499,0.075270,0.135260,0.134578
0.094002,0.139491,0.028070,0.140595,0.125349,0.126545,0.139600,0.091764,0.051005,0.063578
0.083909,0.062482,0.080405,0.075352,0.054097,0.126384,0.322243,0.067537,0.065977,0.061613
0.116790,0.104477,0.112741,0.092100,0.094122,0.108208,0.099666,0.072678,0.149544,0.049675
0.041166,0.052335,0.047144,0.070435,0.299592,0.079745,0.139142,0.087547,0.114967,0.067927
0.049342,0.168308,0.124484,0.119302,0.069336,0.046006,0.126640,0.134258,0.033946,0.128377
0.034283,0.104883,0.040793,0.121084,0.094790,0.312977,0.096336,0.058366,0.048178,0.088309
0.052254,0.363033,0.037625,0.040834,0.039287,0.061395,0.315903,0.029127,0.037465,0.023075
0.044932,0.248929,0.110507,0.097022,0.067503,0.054328,0.129406,0.071587,0.075148,0.100638
0.064927,0.066246,0.104734,0.068363,0.058489,0.119956,0.301390,0.048136,0.080420,0.087339
0.011406,0.041956,0.536602,0.016072,0.224146,0.063607,0.043699,0.018892,0.020369,0.023251
0.051440,0.195910,0.054772,0.180376,0.113195,0.060023,0.114617,0.058734,0.050974,0.119960
0.026329,0.146003,0.187209,0.041779,0.077584,0.206882,0.146143,0.070470,0.049479,0.048122
0.104927,0.320685,0.051747,0.077807,0.059697,0.123329,0.092045,0.026621,0.066966,0.076176
0.037885,0.335907,0.081607,0.070456,0.048544,0.075254,0.110570,0.094369,0.066052,0.079356
0.025575,0.070452,0.047434,0.036887,0.341867,0.171171,0.224620,0.024458,0.030440,0.027096
0.044495,0.316460,0.107087,0.093925,0.046478,0.067490,0.100896,0.065041,0.076844,0.081284
0.069840,0.328022,0.106965,0.020252,0.042413,0.087437,0.240965,0.025892,0.042886,0.035329
0.082974,0.075509,0.073809,0.102891,0.052860,0.053101,0.323001,0.063897,0.061105,0.110852
0.086076,0.121749,0.097526,0.090123,0.085786,0.134971,0.105177,0.111817,0.060175,0.106600
0.065257,0.071035,0.357506,0.061448,0.075124,0.134469,0.083242,0.041116,0.063583,0.047220
0.136689,0.058269,0.177180,0.035247,0.074213,0.109595,0.196034,0.051648,0.076509,0.084619
0.110654,0.208533,0.178854,0.071515,0.031868,0.109152,0.071569,0.063144,0.070117,0.084594
0.104409,0.113758,0.105760,0.117593,0.102423,0.149718,0.115934,0.027518,0.093106,0.069781
0.080248,0.113459,0.094472,0.115542,0.077041,0.141585,0.089600,0.077528,0.077049,0.133474
0.079902,0.077980,0.055465,0.048422,0.439985,0.062562,0.070545,0.030539,0.058086,0.076514
0.026828,0.024008,0.052638,0.049666,0.351201,0.049531,0.204714,0.029391,0.126320,0.085704
0.105811,0.084327,0.102449,0.063789,0.068743,0.100206,0.128876,0.080360,0.121682,0.143759
0.027860,0.194945,0.288161,0.030863,0.276928,0.039708,0.051883,0.022352,0.027564,0.039737
0.029827,0.095074,0.067834,0.050198,0.107315,0.141642,0.165579,0.102087,0.058923,0.181522
0.044360,0.091317,0.492159,0.022814,0.024237,0.053131,0.066764,0.089389,0.025398,0.090431
0.128179,0.090198,0.105702,0.118383,0.090275,0.140670,0.102704,0.074237,0.074493,0.075157
0.053070,0.159633,0.286296,0.112127,0.044886,0.084988,0.073642,0.083760,0.031744,0.069855
0.030597,0.162233,0.029111,0.141992,0.054493,0.253940,0.141293,0.091649,0.057714,0.036979
0.098139,0.121473,0.122327,0.159733,0.096821,0.083861,0.158719,0.034152,0.080804,0.043970
0.061757,0.093157,0.117316,0.090011,0.112392,0.137766,0.094367,0.100475,0.078318,0.114442
0.033266,0.083859,0.034178,0.140597,0.121460,0.149709,0.250269,0.058027,0.052123,0.076513
0.093424,0.113659,0.115669,0.117965,0.079739,0.108031,0.100976,0.080246,0.075827,0.114464
0.051748,0.105526,0.090249,0.130337,0.159505,0.081316,0.145416,0.031661,0.081229,0.123012
0.058486,0.084929,0.105999,0.107515,0.037551,0.076263,0.327726,0.066435,0.078117,0.056979
0.084289,0.119845,0.100101,0.105217,0.093518,0.143551,0.095037,0.085580,0.087455,0.085406
0.067104,0.191832,0.277176,0.039711,0.089520,0.089404,0.081971,0.044180,0.058761,0.060342
0.048635,0.388844,0.045243,0.034041,0.034391,0.024118,0.352094,0.024500,0.015084,0.033050
0.048808,0.115490,0.128689,0.134754,0.107839,0.062590,0.128032,0.097949,0.079863,0.095985
0.037864,0.071624,0.407191,0.076172,0.021144,0.081363,0.132254,0.022396,0.037888,0.112106
0.057528,0.261355,0.073188,0.089427,0.063657,0.096371,0.080615,0.078666,0.093083,0.106110
0.030721,0.120824,0.052350,0.143897,0.109201,0.156519,0.138683,0.108392,0.051784,0.087628
0.042698,0.104103,0.035606,0.077886,0.082207,0.162624,0.253355,0.044684,0.092566,0.104271
0.057131,0.120437,0.102726,0.115206,0.051523,0.094896,0.100407,0.076425,0.138281,0.142967
0.070494,0.049357,0.059942,0.096986,0.053271,0.130983,0.327230,0.067258,0.064667,0.079813
0.046501,0.090988,0.096080,0.067211,0.086874,0.182503,0.125799,0.092757,0.100945,0.110343
0.076876,0.106530,0.112821,0.110836,0.124173,0.059702,0.119204,0.125833,0.074412,0.089613
0.063824,0.253459,0.158005,0.029032,0.064382,0.040430,0.266208,0.037252,0.042166,0.045242
0.035956,0.057311,0.309795,0.084593,0.116826,0.195559,0.058613,0.055494,0.028512,0.057342
0.075167,0.111320,0.091557,0.121641,0.096843,0.126415,0.115682,0.101406,0.074913,0.085057
0.041278,0.124849,0.030925,0.053052,0.040602,0.266799,0.240349,0.096187,0.036736,0.069224
0.019462,0.040583,0.090911,0.072787,0.302947,0.046180,0.262112,0.022705,0.111747,0.030564
0.067999,0.066468,0.062013,0.097280,0.092016,0.081656,0.288826,0.059176,0.059939,0.124628
0.100228,0.137186,0.087858,0.120272,0.081770,0.111234,0.142022,0.025579,0.107212,0.086640
0.047497,0.074261,0.106778,0.044516,0.044163,0.131778,0.309583,0.070581,0.091554,0.079288
0.066391,0.037184,0.343493,0.061262,0.033000,0.115319,0.136873,0.028629,0.087891,0.089960
0.024550,0.327437,0.066862,0.041158,0.021268,0.069704,0.351695,0.028635,0.043492,0.025200
0.034298,0.090654,0.034100,0.108255,0.051365,0.300954,0.195255,0.046127,0.060470,0.078523
0.043561,0.024230,0.288730,0.041136,0.267090,0.031462,0.147888,0.041070,0.078685,0.036148
0.052336,0.063686,0.264512,0.090992,0.066927,0.082880,0.074793,0.078298,0.089258,0.136318
0.044677,0.062743,0.379163,0.075466,0.032725,0.106446,0.137404,0.042367,0.046771,0.072238
0.033315,0.284626,0.061775,0.031122,0.017355,0.058456,0.253854,0.033530,0.174655,0.051313
0.030582,0.315162,0.021225,0.067460,0.026969,0.026824,0.356017,0.069360,0.025543,0.060856
0.028617,0.046071,0.095997,0.070900,0.349377,0.115323,0.080501,0.067680,0.095142,0.050392
0.027162,0.039558,0.505777,0.071372,0.050611,0.080491,0.062881,0.042638,0.060656,0.058854
0.054179,0.140270,0.265602,0.097399,0.035097,0.095333,0.126245,0.088621,0.035278,0.061976
0.059876,0.088392,0.100692,0.061757,0.058066,0.101727,0.315144,0.057695,0.090066,0.066585
0.041397,0.093696,0.085496,0.151077,0.072736,0.186083,0.125323,0.030112,0.088621,0.125458
0.025518,0.048189,0.044325,0.028242,0.389735,0.060131,0.279897,0.046290,0.037672,0.040001
0.032878,0.034916,0.045139,0.022013,0.362863,0.048746,0.344935,0.023000,0.054281,0.031229
0.021290,0.031469,0.079793,0.048563,0.359148,0.055368,0.309898,0.025922,0.027808,0.040742
0.050229,0.108086,0.044365,0.155077,0.052481,0.042856,0.124610,0.131846,0.091337,0.199114
0.054655,0.055276,0.103670,0.097735,0.073887,0.067988,0.328122,0.061203,0.057517,0.099948
0.031062,0.182202,0.196713,0.045313,0.022976,0.127985,0.205299,0.021997,0.139624,0.026828
0.040226,0.214232,0.249932,0.071160,0.061328,0.083388,0.120343,0.036431,0.041964,0.080996
0.067785,0.213045,0.046321,0.130772,0.093248,0.157480,0.099808,0.052223,0.063167,0.076152
0.040635,0.215191,0.027732,0.112224,0.054145,0.277155,0.097164,0.065540,0.047305,0.062907
0.074282,0.257949,0.181192,0.113440,0.044925,0.073988,0.090883,0.046967,0.047402,0.068973
0.033313,0.130914,0.060487,0.145274,0.072798,0.177280,0.155484,0.033613,0.055193,0.135643
0.027462,0.071598,0.455614,0.070818,0.031400,0.084613,0.074116,0.052486,0.073469,0.058424
0.156909,0.231192,0.075651,0.106587,0.063404,0.117535,0.105935,0.030760,0.073076,0.038952
0.032273,0.122822,0.336873,0.063377,0.071897,0.172371,0.076710,0.042542,0.023810,0.057326
0.033789,0.148112,0.098167,0.128707,0.068604,0.131762,0.206912,0.068771,0.053068,0.062108
0.039252,0.093872,0.081576,0.064960,0.054207,0.081189,0.377674,0.059800,0.102855,0.044614
0.027471,0.074071,0.460688,0.037357,0.222410,0.060005,0.023391,0.063037,0.010841,0.020730
0.084778,0.112055,0.105505,0.123188,0.063668,0.136387,0.105336,0.107342,0.061620,0.100122
0.053010,0.082224,0.076387,0.094313,0.037972,0.042421,0.349787,0.071422,0.130386,0.062078
0.034920,0.146569,0.033132,0.030789,0.456848,0.074424,0.032609,0.023726,0.138474,0.028510
0.040766,0.263650,0.158876,0.013893,0.213087,0.024835,0.223793,0.015707,0.020406,0.024987
0.032562,0.176889,0.074194,0.110244,0.045124,0.133459,0.131231,0.063670,0.041607,0.191019
0.026821,0.066730,0.040651,0.076718,0.349085,0.053734,0.303771,0.024303,0.031381,0.026806
0.033846,0.057520,0.122527,0.129059,0.085630,0.039290,0.310545,0.068709,0.074226,0.078648
0.030315,0.176167,0.053690,0.129123,0.053027,0.144235,0.129034,0.067081,0.113402,0.103926
0.033356,0.120060,0.055736,0.090597,0.108420,0.256727,0.146824,0.094321,0.054680,0.039278
0.077800,0.098008,0.101245,0.129306,0.204626,0.083626,0.116840,0.065047,0.074710,0.048794
0.017398,0.039561,0.510658,0.024883,0.219803,0.090647,0.025210,0.010555,0.024039,0.037247
0.031952,0.080687,0.606024,0.043961,0.035038,0.063516,0.052001,0.023230,0.013090,0.050501
0.023840,0.033487,0.051394,0.020472,0.270772,0.185742,0.274809,0.031916,0.019871,0.087697
0.035524,0.070597,0.515348,0.052466,0.054912,0.068121,0.068670,0.040452,0.045692,0.048218
0.068367,0.046842,0.068082,0.064864,0.408498,0.076940,0.080683,0.056083,0.037169,0.092471
0.028023,0.055824,0.496797,0.014461,0.205395,0.085335,0.040598,0.028501,0.025888,0.019178
0.064315,0.372687,0.039070,0.021868,0.026754,0.016863,0.385684,0.031534,0.024157,0.017068
0.025753,0.446482,0.035233,0.025085,0.017862,0.028668,0.328731,0.031968,0.015115,0.045101
0.058148,0.125475,0.103562,0.140690,0.097205,0.041717,0.124290,0.143511,0.073455,0.091948
0.042393,0.122375,0.111637,0.109778,0.102415,0.069345,0.105514,0.087738,0.128956,0.119849
0.105665,0.120052,0.093693,0.124095,0.086977,0.159435,0.117167,0.026013,0.067945,0.098958
0.059164,0.067396,0.087429,0.092663,0.298546,0.119603,0.124128,0.044511,0.039615,0.066946
0.019875,0.234628,0.032261,0.017330,0.339318,0.066870,0.237611,0.015924,0.016988,0.019196
0.030936,0.214171,0.023148,0.109648,0.114161,0.140539,0.107812,0.126935,0.043165,0.089484
0.024914,0.101643,0.492206,0.071828,0.022743,0.063581,0.065350,0.056286,0.052712,0.048738
0.070999,0.139364,0.055357,0.082064,0.068889,0.046314,0.226852,0.032125,0.067510,0.210526
0.014209,0.013613,0.547887,0.021080,0.225576,0.097489,0.028838,0.015655,0.015682,0.019971
0.050850,0.086074,0.275913,0.073607,0.114194,0.058560,0.172734,0.038866,0.063192,0.066010
0.076050,0.089370,0.099469,0.043730,0.056669,0.082952,0.327267,0.069163,0.079604,0.075727
0.064822,0.120250,0.105140,0.120811,0.154456,0.064273,0.114347,0.091613,0.060467,0.103819
0.038403,0.038700,0.064586,0.073580,0.459637,0.088185,0.060626,0.027984,0.113093,0.035207
0.017858,0.037390,0.666547,0.033205,0.025755,0.064332,0.066894,0.023585,0.024729,0.039704
0.075390,0.059026,0.292348,0.092289,0.059081,0.079404,0.109786,0.062929,0.072753,0.096994
0.051999,0.097679,0.104254,0.068449,0.057292,0.081579,0.342586,0.049071,0.061369,0.085722
0.039792,0.051091,0.058712,0.065952,0.386915,0.067721,0.080768,0.042708,0.059397,0.146944
0.064278,0.295534,0.081795,0.094509,0.081461,0.043375,0.112003,0.067577,0.086557,0.072912
0.066785,0.121574,0.113025,0.103589,0.103047,0.107688,0.109678,0.109372,0.096033,0.069208
0.038157,0.179220,0.091818,0.144434,0.078660,0.055902,0.131378,0.111913,0.076443,0.092075
0.068358,0.089979,0.147168,0.096284,0.088158,0.050959,0.247067,0.032475,0.090194,0.089357
0.027621,0.050323,0.049485,0.160109,0.084553,0.041103,0.445449,0.046671,0.059502,0.035184
0.031165,0.086962,0.046239,0.054210,0.406778,0.187092,0.056010,0.053584,0.041814,0.036147
0.040163,0.066370,0.241448,0.121593,0.078870,0.086015,0.199851,0.069057,0.032336,0.064297
0.093016,0.305082,0.029685,0.044279,0.021605,0.033907,0.340257,0.028635,0.068295,0.035238
0.037283,0.171012,0.155923,0.032831,0.034455,0.066872,0.041165,0.070969,0.324091,0.065399
0.026776,0.083466,0.490931,0.077815,0.031646,0.099996,0.097899,0.027207,0.039138,0.025124
0.058917,0.112432,0.076268,0.056260,0.105660,0.270074,0.142594,0.063083,0.072809,0.041904
0.067348,0.085636,0.112297,0.113758,0.097860,0.137191,0.128591,0.087952,0.089293,0.080074
0.068794,0.216349,0.071548,0.161364,0.123581,0.049218,0.099312,0.084062,0.057573,0.068199
0.044837,0.093374,0.036202,0.151781,0.080718,0.219131,0.138254,0.075278,0.062294,0.098130
0.059096,0.069688,0.053170,0.029908,0.566460,0.068547,0.060510,0.042886,0.020273,0.029461
0.030105,0.030618,0.084767,0.041472,0.399868,0.167750,0.096532,0.042815,0.048624,0.057449
0.059222,0.060624,0.419793,0.021514,0.046649,0.100982,0.071814,0.039636,0.055914,0.123853
0.053384,0.085002,0.064456,0.139071,0.064397,0.185403,0.155885,0.125776,0.046087,0.080540
0.031707,0.069418,0.405965,0.075339,0.044642,0.085193,0.097748,0.062236,0.092932,0.034821
0.053388,0.094364,0.099178,0.062574,0.074229,0.104853,0.292675,0.037600,0.087759,0.093379
0.028433,0.064714,0.406199,0.019863,0.270098,0.059011,0.048114,0.019600,0.054966,0.029003
0.042797,0.119396,0.095146,0.132146,0.071018,0.158589,0.107765,0.070961,0.104586,0.097596
0.070888,0.277628,0.121925,0.035113,0.057691,0.060496,0.293092,0.034765,0.022679,0.025722
0.115096,0.075941,0.269762,0.095526,0.083242,0.082962,0.100644,0.067914,0.049100,0.059813
0.089074,0.112136,0.109120,0.119458,0.103854,0.099315,0.090034,0.078916,0.091343,0.106750
0.052142,0.070455,0.111362,0.068055,0.058233,0.080199,0.340155,0.057677,0.067509,0.094213
0.050834,0.108426,0.031673,0.089369,0.128072,0.175996,0.138342,0.077322,0.119385,0.080582
0.098855,0.071169,0.079822,0.062712,0.081734,0.113684,0.323060,0.068660,0.035542,0.064762
0.035394,0.053316,0.025266,0.097747,0.066520,0.272894,0.249675,0.099668,0.048042,0.051477
0.077879,0.083088,0.247782,0.102360,0.066996,0.077073,0.094595,0.063100,0.107500,0.079626
0.057356,0.088344,0.271131,0.086625,0.067134,0.097433,0.134494,0.071723,0.061852,0.063909
0.024915,0.318042,0.072610,0.042336,0.357245,0.041189,0.039082,0.030510,0.038828,0.035241
0.031327,0.155669,0.294348,0.055007,0.069931,0.104871,0.083760,0.076123,0.049034,0.079929
0.064351,0.139246,0.095991,0.093912,0.129116,0.114252,0.104824,0.082044,0.079612,0.096651
0.090246,0.132048,0.108625,0.116190,0.063472,0.115373,0.110234,0.081175,0.084593,0.098044
0.042890,0.407668,0.036085,0.020553,0.014310,0.023582,0.368109,0.029150,0.022805,0.034849
0.035129,0.047583,0.605048,0.040837,0.022632,0.058523,0.056434,0.054677,0.032335,0.046801
0.040384,0.121515,0.103030,0.073500,0.116410,0.119758,0.122477,0.075813,0.101390,0.125725
0.078151,0.083807,0.279621,0.102701,0.066427,0.077659,0.101284,0.060933,0.059476,0.089941
0.040170,0.100474,0.421558,0.024652,0.058461,0.077950,0.071471,0.067367,0.070633,0.067265
0.101830,0.126264,0.086564,0.134430,0.088127,0.123116,0.138220,0.026045,0.043865,0.131540
0.037629,0.044596,0.098003,0.085813,0.236334,0.266703,0.076011,0.058511,0.052299,0.044100
0.092880,0.090439,0.063580,0.135413,0.068127,0.112546,0.174524,0.028894,0.150964,0.082634
0.054982,0.112894,0.022879,0.116074,0.069364,0.238710,0.200378,0.079668,0.050115,0.054936
0.063846,0.199727,0.049895,0.111897,0.088920,0.053853,0.120976,0.044912,0.046463,0.219511
0.036009,0.418843,0.040801,0.045382,0.022062,0.048374,0.273232,0.025731,0.067078,0.022488
0.070841,0.074274,0.046569,0.135470,0.068314,0.145686,0.111299,0.038777,0.174350,0.134421
0.043542,0.093479,0.377608,0.064193,0.027005,0.096368,0.099332,0.039679,0.106627,0.052168
0.038260,0.147121,0.227001,0.030126,0.074065,0.178510,0.061322,0.046320,0.057059,0.140215
0.032092,0.184293,0.038092,0.141206,0.105432,0.049790,0.162765,0.144297,0.054645,0.087389
0.025851,0.147760,0.056934,0.117863,0.108116,0.250205,0.142268,0.059997,0.029691,0.061314
0.066773,0.122353,0.092606,0.126055,0.066050,0.108060,0.110930,0.094447,0.098314,0.114411
0.038645,0.146718,0.330840,0.053901,0.036341,0.173178,0.086077,0.042385,0.036983,0.054930
0.069444,0.292157,0.092471,0.103897,0.053260,0.078803,0.087008,0.099575,0.074291,0.049094
0.017527,0.030010,0.038843,0.030212,0.440107,0.090511,0.241518,0.056535,0.033977,0.020760
0.018152,0.070990,0.334820,0.036763,0.308847,0.042716,0.105467,0.025440,0.033640,0.023165
0.032472,0.092085,0.038926,0.116962,0.070277,0.252104,0.183058,0.097097,0.031810,0.085208
0.067056,0.212208,0.252761,0.030558,0.073482,0.068486,0.062855,0.059123,0.055209,0.118261
0.074539,0.094233,0.083365,0.105166,0.061953,0.137301,0.116438,0.084519,0.136242,0.106244
0.039988,0.209365,0.054651,0.173207,0.059725,0.054526,0.158333,0.053076,0.071629,0.125500
0.071694,0.056013,0.042966,0.091223,0.046715,0.067880,0.070693,0.068131,0.369000,0.115684
0.084128,0.094409,0.085103,0.098772,0.058793,0.088381,0.278691,0.036768,0.056650,0.118306
0.043284,0.047717,0.046897,0.065408,0.050625,0.055028,0.281786,0.063792,0.297781,0.047682
0.086096,0.122719,0.062267,0.092000,0.058134,0.197762,0.094418,0.035491,0.051307,0.199807
0.064212,0.097795,0.208279,0.058000,0.071044,0.125634,0.213807,0.045407,0.052973,0.062848
0.089749,0.111375,0.053716,0.138650,0.082245,0.161490,0.157473,0.031998,0.064764,0.108539
0.041245,0.307135,0.027876,0.063934,0.101070,0.119639,0.167914,0.046040,0.058794,0.066352
0.068110,0.068707,0.293966,0.125689,0.085798,0.077007,0.142162,0.028800,0.048065,0.061696
0.075595,0.265280,0.093067,0.081974,0.055404,0.094213,0.074217,0.076564,0.075189,0.108498
0.063082,0.126614,0.116458,0.132897,0.069336,0.157174,0.117454,0.078932,0.041260,0.096793
0.027320,0.411176,0.048932,0.016554,0.031951,0.035110,0.331733,0.034526,0.035880,0.026819
0.071870,0.233347,0.031381,0.113228,0.077503,0.133935,0.166795,0.061608,0.040398,0.069937
0.077419,0.120012,0.113201,0.117094,0.072160,0.119538,0.109599,0.105613,0.084845,0.080520
0.026578,0.395079,0.043928,0.056911,0.033157,0.036681,0.331695,0.019463,0.035998,0.020511
0.051400,0.118202,0.089197,0.163468,0.096139,0.041155,0.129952,0.136054,0.082548,0.091885
0.063319,0.284012,0.093401,0.082627,0.037416,0.078072,0.081107,0.068056,0.098562,0.113426
0.082674,0.086966,0.082777,0.077275,0.055014,0.078249,0.340989,0.072041,0.042807,0.081208
0.045197,0.363717,0.038713,0.052409,0.015169,0.018369,0.379492,0.037450,0.024993,0.024491
0.072047,0.141242,0.028224,0.141083,0.102089,0.127270,0.149492,0.134615,0.034750,0.069189
0.032782,0.159162,0.074453,0.117917,0.070057,0.153780,0.190082,0.026514,0.067831,0.107422
0.029575,0.062779,0.317773,0.044168,0.026522,0.146835,0.076146,0.041801,0.192119,0.062281
0.060359,0.050753,0.104417,0.067887,0.348552,0.075561,0.107610,0.042056,0.095059,0.047746
0.127930,0.114483,0.100241,0.106970,0.069739,0.087378,0.101843,0.074590,0.136693,0.080133
0.076286,0.107964,0.264519,0.091061,0.079843,0.126223,0.113057,0.048019,0.042295,0.050732
0.033298,0.059016,0.543322,0.052575,0.056113,0.067740,0.072825,0.032289,0.048030,0.034790
0.093663,0.105164,0.317087,0.082663,0.062365,0.082440,0.083983,0.057130,0.069353,0.046152
0.026461,0.030805,0.041662,0.030837,0.465254,0.100983,0.046748,0.033144,0.194519,0.029585
0.038759,0.154243,0.055391,0.188062,0.109841,0.047814,0.159815,0.108197,0.066509,0.071368
0.074705,0.118925,0.064730,0.116802,0.321056,0.079466,0.077695,0.043946,0.053336,0.049339
0.064489,0.139391,0.106884,0.077809,0.133971,0.038467,0.153020,0.097731,0.090056,0.098183
0.029937,0.067376,0.069388,0.045421,0.272580,0.129594,0.212533,0.047976,0.026532,0.098664
0.024304,0.241431,0.038742,0.030243,0.483032,0.066886,0.021308,0.057850,0.017175,0.019030
0.074418,0.065628,0.097336,0.094816,0.043981,0.132098,0.293949,0.064199,0.046972,0.086604
0.067517,0.074939,0.056240,0.143740,0.130418,0.055347,0.177757,0.137403,0.037766,0.118873
0.037974,0.071750,0.034503,0.038437,0.323559,0.063221,0.311652,0.060357,0.022872,0.035674
0.044957,0.091190,0.034206,0.147581,0.070863,0.043796,0.265230,0.080401,0.120078,0.101697
0.063158,0.251642,0.111519,0.094275,0.077111,0.071079,0.073718,0.071594,0.066720,0.119184
0.079779,0.323363,0.078405,0.104330,0.045898,0.126665,0.075822,0.044388,0.073054,0.048297
0.045724,0.174603,0.225936,0.096009,0.027380,0.172609,0.088437,0.045545,0.064322,0.059434
0.059758,0.070790,0.104351,0.112155,0.047714,0.081113,0.323509,0.057902,0.046771,0.095938
0.027037,0.135908,0.380629,0.078439,0.033680,0.100889,0.091219,0.049096,0.046670,0.056433
0.031519,0.158340,0.032205,0.071729,0.054920,0.130426,0.260891,0.090457,0.058423,0.111091
0.144308,0.148648,0.184041,0.055168,0.066911,0.125656,0.103220,0.063378,0.059065,0.049605
0.106553,0.099343,0.095866,0.093832,0.077522,0.111733,0.105973,0.023347,0.129021,0.156809
0.013173,0.155095,0.041170,0.016232,0.517303,0.067574,0.031702,0.014456,0.125785,0.017510
0.064140,0.075410,0.115110,0.075850,0.057793,0.083286,0.306756,0.072064,0.046461,0.103130
0.071956,0.103122,0.279266,0.071698,0.058469,0.148051,0.095395,0.065010,0.047534,0.059500
0.054252,0.266788,0.066716,0.072460,0.022066,0.117968,0.235732,0.033975,0.082366,0.047679
0.020873,0.108184,0.241814,0.035481,0.063023,0.174088,0.035751,0.044001,0.242706,0.034080
0.022099,0.098114,0.080863,0.075267,0.275307,0.177715,0.111599,0.034882,0.090948,0.033206
0.022955,0.035469,0.041182,0.040880,0.569690,0.091847,0.051761,0.043416,0.034258,0.068542
0.012815,0.054641,0.577510,0.025595,0.125429,0.056982,0.071606,0.013352,0.024755,0.037314
0.050975,0.129716,0.102564,0.119377,0.077062,0.141948,0.126298,0.107331,0.066001,0.078729
0.077875,0.121239,0.099610,0.111564,0.054294,0.129452,0.125129,0.108720,0.082911,0.089205
0.085102,0.106764,0.087349,0.095608,0.098746,0.178979,0.120023,0.093709,0.081210,0.052509
0.070524,0.105333,0.294775,0.076790,0.087277,0.124958,0.077797,0.036100,0.074816,0.051629
0.028305,0.023519,0.349462,0.057538,0.125796,0.159528,0.158868,0.018140,0.054032,0.024811
0.051261,0.133426,0.074437,0.139577,0.078294,0.153548,0.117750,0.075752,0.080267,0.095689
0.034072,0.125011,0.034674,0.102456,0.096492,0.143923,0.244644,0.085938,0.057338,0.075452
0.034861,0.063717,0.023187,0.154413,0.083683,0.285267,0.104530,0.104490,0.052626,0.093225
0.058758,0.159650,0.265371,0.090092,0.076851,0.118739,0.074466,0.062126,0.042436,0.051511
0.059361,0.121290,0.114017,0.095645,0.092134,0.123930,0.133139,0.094685,0.071649,0.094150
0.018129,0.037291,0.440373,0.024487,0.273818,0.108017,0.043031,0.020532,0.014590,0.019732
0.067474,0.318407,0.072723,0.081475,0.041226,0.122084,0.064049,0.059032,0.089521,0.084007
0.038173,0.053750,0.078352,0.071711,0.049888,0.113046,0.357630,0.062361,0.110398,0.064691
0.022046,0.201258,0.267998,0.038731,0.232386,0.049842,0.074317,0.046079,0.031698,0.035645
0.043620,0.125601,0.092485,0.130575,0.095487,0.046629,0.186859,0.148910,0.033129,0.096706
0.103495,0.134504,0.088342,0.124912,0.063695,0.050725,0.253082,0.061490,0.042882,0.076874
0.064312,0.093275,0.057932,0.034880,0.327807,0.244563,0.054884,0.034351,0.035574,0.052422
0.028708,0.152072,0.366704,0.040417,0.058940,0.117802,0.094388,0.053702,0.028071,0.059196
0.052094,0.135381,0.079015,0.094211,0.095661,0.158959,0.123903,0.088189,0.081972,0.090615
0.062269,0.119319,0.111517,0.107737,0.078793,0.159176,0.106576,0.069972,0.088001,0.096641
0.043818,0.117865,0.110042,0.120938,0.065754,0.112535,0.107233,0.100881,0.143081,0.077852
0.059518,0.247962,0.206798,0.035238,0.077289,0.079243,0.069297,0.064673,0.073325,0.086658
0.034107,0.156650,0.040181,0.163322,0.113840,0.054119,0.245894,0.054107,0.052026,0.085754
0.082604,0.135432,0.081178,0.099772,0.078474,0.128001,0.105391,0.108739,0.075723,0.104684
0.036137,0.107504,0.484755,0.060265,0.019941,0.101998,0.050783,0.034072,0.047102,0.057441
0.042125,0.110331,0.082061,0.144105,0.080819,0.112904,0.116840,0.128312,0.085343,0.097159
0.047280,0.217599,0.285833,0.042239,0.057299,0.055411,0.076397,0.067973,0.068048,0.081920
0.061543,0.052888,0.213036,0.061031,0.071689,0.135370,0.152588,0.055953,0.060980,0.134923
0.037721,0.126844,0.309082,0.060441,0.039688,0.156390,0.093428,0.044017,0.048792,0.083598
0.071506,0.184347,0.034087,0.125395,0.093108,0.176745,0.108379,0.030199,0.059806,0.116428
0.061411,0.174802,0.037213,0.064543,0.057893,0.149509,0.191595,0.125769,0.060184,0.077080
0.057849,0.265563,0.098491,0.117438,0.092314,0.071855,0.090694,0.064428,0.070230,0.071139
0.046110,0.092316,0.123813,0.122757,0.055572,0.037624,0.320891,0.067634,0.052932,0.080350
0.036009,0.322611,0.050574,0.025742,0.023391,0.033750,0.299750,0.028838,0.159723,0.019612
0.076073,0.257537,0.108506,0.121308,0.064095,0.052336,0.076553,0.102596,0.058562,0.082434
0.059312,0.127763,0.080370,0.110994,0.079871,0.164134,0.110280,0.077876,0.076766,0.112635
0.070965,0.108131,0.138910,0.142593,0.108366,0.065331,0.143396,0.029095,0.087923,0.105289
0.068798,0.131811,0.110342,0.091421,0.070107,0.115668,0.106531,0.120155,0.067865,0.117303
0.095155,0.098495,0.084772,0.101435,0.102276,0.060953,0.115563,0.086202,0.141161,0.113988
0.030878,0.204853,0.058287,0.147750,0.068684,0.181166,0.138776,0.067707,0.030172,0.071728
0.071194,0.067640,0.043734,0.085553,0.048103,0.078688,0.107814,0.061464,0.367028,0.068782
0.047285,0.054001,0.384022,0.061157,0.200868,0.067596,0.046103,0.046201,0.056010,0.036757
0.031816,0.162728,0.026976,0.068543,0.083361,0.249088,0.163546,0.096969,0.049766,0.067209
0.019928,0.034493,0.540554,0.036476,0.131272,0.076022,0.037323,0.031393,0.057018,0.035520
0.054393,0.080953,0.050736,0.071606,0.054599,0.144947,0.116974,0.042174,0.326177,0.057441
0.036089,0.076644,0.452853,0.029138,0.040624,0.068446,0.137723,0.083714,0.039001,0.035768
0.032372,0.342008,0.070641,0.114355,0.080595,0.038657,0.060422,0.052891,0.073561,0.134497
0.034379,0.068397,0.050062,0.042089,0.493768,0.088997,0.045440,0.047391,0.052936,0.076542
0.031236,0.147899,0.070087,0.088253,0.085089,0.053367,0.242953,0.169621,0.075739,0.035756
0.056188,0.049429,0.054352,0.044876,0.411741,0.109391,0.057652,0.064151,0.054244,0.097977
0.082936,0.088212,0.248765,0.103804,0.054548,0.090943,0.100385,0.068994,0.084960,0.076453
0.102200,0.093662,0.123894,0.146961,0.085720,0.042524,0.125149,0.130557,0.036354,0.112978
0.074036,0.128395,0.055379,0.162039,0.128123,0.053436,0.180265,0.039858,0.077262,0.101207
0.042268,0.104891,0.136908,0.088543,0.084334,0.131773,0.167320,0.109432,0.081714,0.052816
0.023592,0.234888,0.056725,0.037783,0.321150,0.128088,0.053204,0.031537,0.029129,0.083903
0.043215,0.132339,0.044839,0.166676,0.073697,0.198739,0.170136,0.037724,0.046291,0.086344
0.085291,0.117645,0.076899,0.110850,0.079195,0.099748,0.093619,0.079518,0.118458,0.138777
0.031841,0.142680,0.035183,0.142322,0.071125,0.243378,0.109308,0.112094,0.051362,0.060707
0.043264,0.127823,0.039541,0.049973,0.086809,0.058941,0.271652,0.124939,0.139704,0.057354
0.027521,0.297842,0.056700,0.051415,0.279890,0.136076,0.075849,0.024765,0.025007,0.024935
0.053989,0.187577,0.282702,0.043836,0.015551,0.090036,0.202792,0.027144,0.026073,0.070301
0.047431,0.152572,0.139075,0.080806,0.101527,0.035663,0.127395,0.115542,0.071919,0.128070
0.064153,0.080045,0.085828,0.074836,0.049077,0.109397,0.307827,0.047500,0.074699,0.106638
0.076362,0.270281,0.089784,0.060094,0.062799,0.090723,0.094878,0.083115,0.065830,0.106134
0.123288,0.108537,0.195704,0.036905,0.044330,0.075923,0.153262,0.045269,0.091752,0.125029
0.080811,0.069629,0.224248,0.098371,0.075560,0.084427,0.158802,0.056365,0.091543,0.060242
0.052071,0.071347,0.341896,0.075002,0.113044,0.102701,0.070064,0.047060,0.059758,0.067057
0.045754,0.024611,0.428364,0.036795,0.158797,0.138282,0.101485,0.018020,0.016952,0.030940
0.055737,0.137791,0.047448,0.116895,0.055317,0.131695,0.224673,0.032425,0.070903,0.127117
0.065330,0.051359,0.091152,0.072851,0.053517,0.059317,0.363454,0.043315,0.117557,0.082148
0.079767,0.405082,0.036640,0.035426,0.019068,0.037937,0.331290,0.021896,0.014653,0.018240
0.024543,0.233758,0.086091,0.056730,0.345419,0.048275,0.046597,0.066748,0.031608,0.060231
0.041380,0.219590,0.044795,0.088252,0.151756,0.052675,0.146710,0.121628,0.058140,0.075073
0.052908,0.139308,0.119664,0.082456,0.074651,0.060477,0.234223,0.070016,0.070489,0.095808
0.056811,0.096950,0.070893,0.123536,0.072061,0.166748,0.147505,0.138781,0.044971,0.081745
0.078062,0.092849,0.035466,0.151323,0.151458,0.148572,0.145959,0.064752,0.045357,0.086202
0.036830,0.076350,0.376216,0.029345,0.123886,0.080227,0.075166,0.073642,0.044252,0.084087
0.029382,0.390025,0.058303,0.054321,0.024701,0.031313,0.339156,0.025457,0.017425,0.029918
0.068677,0.258639,0.104863,0.091750,0.098028,0.091687,0.103686,0.036283,0.056093,0.090294
0.044360,0.044335,0.274372,0.084845,0.064270,0.190854,0.134371,0.058588,0.052922,0.051083
0.077350,0.066477,0.102838,0.075262,0.054157,0.130379,0.245870,0.080979,0.083188,0.083498
0.060702,0.043640,0.472252,0.051060,0.047136,0.069359,0.116877,0.030351,0.048315,0.060308
0.036353,0.217493,0.044245,0.119141,0.128018,0.054647,0.117027,0.119847,0.068974,0.094257
0.064777,0.081660,0.083245,0.106173,0.047763,0.040412,0.288738,0.063749,0.149200,0.074283
0.100006,0.198232,0.035166,0.098757,0.105842,0.043902,0.087017,0.178161,0.060829,0.092087
0.073854,0.078924,0.071825,0.064927,0.073361,0.093016,0.327708,0.075815,0.071719,0.068851
0.082387,0.357879,0.076240,0.087091,0.066158,0.098860,0.061989,0.047301,0.084725,0.037369
0.039415,0.044091,0.082635,0.043994,0.350686,0.166482,0.096472,0.028384,0.025187,0.122653
0.096423,0.057287,0.278185,0.097054,0.078738,0.069282,0.127335,0.032957,0.051715,0.111024
0.040072,0.105232,0.038967,0.125378,0.114968,0.174404,0.157363,0.094807,0.073540,0.075268
0.102594,0.082746,0.033988,0.158018,0.056593,0.226549,0.131802,0.058491,0.059672,0.089548
0.044993,0.228227,0.070207,0.150559,0.061726,0.056836,0.116843,0.171715,0.053323,0.045572
0.125349,0.048288,0.186289,0.077464,0.059066,0.090303,0.200700,0.063179,0.112542,0.036819
0.017329,0.087525,0.574252,0.029632,0.018187,0.067290,0.090129,0.054910,0.028365,0.032382
0.047602,0.224097,0.052323,0.032132,0.450137,0.056750,0.033134,0.058093,0.024220,0.021512
0.077942,0.091821,0.384465,0.055353,0.041522,0.143773,0.091403,0.045870,0.021897,0.045953
0.105546,0.083492,0.033570,0.198247,0.061156,0.146665,0.135518,0.155027,0.039288,0.041492
0.046327,0.072863,0.087584,0.104521,0.222517,0.091789,0.120624,0.072095,0.032609,0.149072
0.070271,0.073501,0.253674,0.101601,0.077379,0.126705,0.096888,0.051464,0.044902,0.103615
0.018982,0.020629,0.092329,0.035279,0.390095,0.113091,0.184818,0.023781,0.096236,0.024760
0.059647,0.094371,0.102185,0.095639,0.056492,0.115980,0.274580,0.044228,0.044048,0.112831
0.022244,0.303488,0.042122,0.019419,0.337242,0.119711,0.046170,0.020222,0.020348,0.069033
0.049670,0.112249,0.140337,0.107502,0.133407,0.049265,0.131482,0.127282,0.055610,0.093196
0.100860,0.157662,0.080621,0.144297,0.090452,0.063885,0.122297,0.101981,0.042936,0.095010
0.041648,0.133293,0.090556,0.095256,0.109238,0.118961,0.133812,0.116798,0.041509,0.118931
0.026677,0.047427,0.255244,0.053513,0.203501,0.141313,0.169067,0.037788,0.034570,0.030900
0.031766,0.328481,0.015480,0.032979,0.065473,0.076587,0.350143,0.042007,0.021421,0.035663
0.063589,0.150739,0.119448,0.078487,0.077746,0.133196,0.150280,0.086231,0.038238,0.102046
0.058874,0.155926,0.032351,0.091852,0.058783,0.136671,0.232201,0.090216,0.030535,0.112591
0.038972,0.060321,0.062959,0.065315,0.401626,0.096978,0.091682,0.058302,0.037673,0.086171
0.107974,0.109551,0.042899,0.131569,0.125320,0.052942,0.167135,0.148278,0.043627,0.070706
0.030516,0.014581,0.047454,0.019708,0.391647,0.067697,0.104364,0.028583,0.283366,0.012085
0.130923,0.161258,0.046671,0.043340,0.028183,0.074427,0.062839,0.061550,0.351935,0.038874
0.052798,0.029216,0.298600,0.064667,0.141939,0.172026,0.077075,0.059889,0.026348,0.077443
0.071352,0.176196,0.059464,0.103885,0.142935,0.067326,0.121999,0.081912,0.113067,0.061864
0.054403,0.104085,0.136875,0.147839,0.081867,0.068295,0.150758,0.098128,0.054764,0.102985
0.033390,0.142707,0.029701,0.085452,0.064870,0.229556,0.094973,0.047726,0.096610,0.175015
0.076664,0.070958,0.231528,0.102831,0.038586,0.076582,0.207395,0.040411,0.049259,0.105785
0.105575,0.106565,0.093094,0.074709,0.095927,0.129415,0.130617,0.025667,0.098784,0.139648
0.051761,0.112943,0.321193,0.091951,0.060888,0.124844,0.084284,0.043705,0.047766,0.060665
0.052339,0.053745,0.491116,0.078177,0.030585,0.063478,0.103606,0.033973,0.036498,0.056484
0.126267,0.264798,0.085520,0.068123,0.041404,0.091589,0.044778,0.062483,0.154573,0.060465
0.030671,0.295601,0.029557,0.044271,0.032903,0.083240,0.325383,0.079007,0.043796,0.035570
0.025097,0.415620,0.047545,0.040681,0.037081,0.031301,0.346113,0.025091,0.014194,0.017277
0.036669,0.143755,0.292784,0.096344,0.040646,0.099172,0.090436,0.065490,0.048435,0.086271
0.087000,0.108004,0.119208,0.143484,0.090733,0.075280,0.122290,0.080778,0.072056,0.101167
0.027144,0.133825,0.468368,0.052621,0.019735,0.069392,0.053819,0.042638,0.077832,0.054625
0.073011,0.165639,0.216811,0.092202,0.071984,0.113913,0.111188,0.065198,0.035936,0.054119
0.018304,0.307441,0.037272,0.025971,0.183376,0.022133,0.320971,0.019147,0.014916,0.050469
0.065787,0.237990,0.075759,0.102013,0.097751,0.069646,0.092711,0.109498,0.073956,0.074888
0.038564,0.188231,0.029289,0.132614,0.049274,0.198165,0.088781,0.069776,0.045742,0.159563
0.056330,0.068504,0.239108,0.102098,0.076303,0.082670,0.098563,0.058419,0.131070,0.086936
0.044866,0.189896,0.339886,0.042882,0.120913,0.066128,0.063709,0.034908,0.050473,0.046339
0.065582,0.332374,0.089030,0.047902,0.064835,0.048717,0.120412,0.063705,0.063137,0.104306
0.033896,0.177489,0.035359,0.106015,0.046035,0.256054,0.135341,0.097234,0.053511,0.059065
0.038616,0.142074,0.052129,0.035251,0.504931,0.086600,0.050281,0.025812,0.032201,0.032106
0.059617,0.110691,0.049918,0.088963,0.314519,0.093809,0.076680,0.075692,0.076115,0.053996
0.047824,0.205130,0.252437,0.014180,0.083197,0.148524,0.176742,0.014546,0.038971,0.018449
0.032142,0.054425,0.319489,0.106002,0.071124,0.098314,0.149557,0.054224,0.055316,0.059406
0.037849,0.161067,0.053358,0.142131,0.050813,0.137983,0.181690,0.031861,0.131685,0.071563
0.036190,0.071069,0.358293,0.100088,0.084411,0.083475,0.100341,0.049451,0.055696,0.060986
0.080763,0.086463,0.252442,0.071047,0.083166,0.140776,0.104792,0.044001,0.054762,0.081789
0.162055,0.106789,0.065077,0.115063,0.094838,0.161415,0.107272,0.023713,0.117123,0.046655
0.079485,0.064846,0.048089,0.077298,0.042617,0.096997,0.066661,0.054075,0.360274,0.109657
0.049853,0.064569,0.082523,0.080494,0.047715,0.070126,0.318881,0.058313,0.122335,0.105192
