0.043133,0.271757,0.171766,0.046481,0.219977,0.085861,0.041328,0.052001,0.028954,0.038742
0.062811,0.338524,0.071489,0.086136,0.068051,0.085703,0.097350,0.077787,0.077061,0.035089
0.052131,0.195356,0.078181,0.078096,0.167623,0.060524,0.151497,0.080357,0.094112,0.042124
0.074495,0.130510,0.083216,0.106827,0.107004,0.111757,0.112691,0.075482,0.098779,0.099239
0.106256,0.236201,0.031661,0.083731,0.072006,0.126138,0.107909,0.032147,0.078449,0.125501
0.030458,0.378445,0.041052,0.032915,0.021747,0.044727,0.371437,0.027719,0.034837,0.016663
0.043740,0.207755,0.061976,0.025853,0.334192,0.106961,0.048036,0.033313,0.111617,0.026559
0.081231,0.200160,0.041694,0.075878,0.070044,0.199982,0.091125,0.087848,0.077443,0.074596
0.045700,0.113871,0.078517,0.113539,0.092349,0.141610,0.193701,0.077417,0.050773,0.092522
0.049353,0.158207,0.118692,0.123386,0.101567,0.048483,0.111501,0.092321,0.058935,0.137554
0.063443,0.084749,0.289311,0.064253,0.178890,0.045817,0.061068,0.060721,0.083199,0.068548
0.065890,0.134837,0.113937,0.122903,0.112499,0.071803,0.116662,0.101697,0.065368,0.094403
0.032576,0.337078,0.056749,0.038485,0.037125,0.037064,0.368182,0.022137,0.023907,0.046696
0.060955,0.184078,0.232074,0.072408,0.063678,0.076251,0.083339,0.063800,0.063896,0.099523
0.089605,0.078201,0.091209,0.126778,0.082761,0.115331,0.115018,0.098250,0.075841,0.127006
0.040795,0.113493,0.106723,0.088624,0.049394,0.093819,0.298413,0.071969,0.057528,0.079243
0.060023,0.307071,0.098374,0.087353,0.058149,0.086193,0.072659,0.084044,0.069579,0.076557
0.058279,0.289455,0.103110,0.089814,0.063004,0.056971,0.086815,0.070887,0.063411,0.118254
0.058340,0.065695,0.080258,0.062859,0.143127,0.081026,0.232911,0.113185,0.066213,0.096386
0.084479,0.272106,0.106233,0.091173,0.065585,0.039576,0.105837,0.076810,0.071872,0.086328
0.051652,0.252628,0.116007,0.055291,0.047328,0.050613,0.289226,0.031934,0.026570,0.078750
0.025636,0.104809,0.064926,0.082151,0.082264,0.204119,0.139553,0.095194,0.100017,0.101332
0.054555,0.141846,0.096512,0.114287,0.062646,0.121091,0.220118,0.031224,0.067299,0.090423
0.059221,0.039456,0.323315,0.059974,0.223346,0.088175,0.051234,0.056407,0.034032,0.064840
0.076367,0.152857,0.054601,0.144654,0.063038,0.041112,0.139411,0.151819,0.085311,0.090831
0.032853,0.100538,0.092170,0.128446,0.132357,0.081513,0.163142,0.031530,0.106025,0.131426
0.098353,0.042168,0.095078,0.075524,0.078655,0.074034,0.303934,0.046942,0.117741,0.067572
0.061027,0.094928,0.266970,0.073581,0.086492,0.085529,0.092026,0.064279,0.061019,0.114150
0.046462,0.221939,0.050616,0.114060,0.050252,0.151390,0.109020,0.073644,0.060749,0.121868
0.093835,0.323892,0.042995,0.031745,0.030897,0.033988,0.295264,0.024986,0.089231,0.033168
0.038249,0.215510,0.129876,0.043021,0.052071,0.140667,0.172682,0.074529,0.068635,0.064762
0.018787,0.196894,0.230207,0.037268,0.326125,0.061214,0.030338,0.018627,0.035055,0.045485
0.054793,0.183630,0.031565,0.101839,0.078993,0.111610,0.113981,0.029589,0.160417,0.133583
0.059305,0.096421,0.134282,0.140503,0.091863,0.037459,0.128893,0.102288,0.084742,0.124244
0.023120,0.094348,0.362040,0.024276,0.239773,0.082590,0.060698,0.045026,0.035996,0.032133
0.072789,0.090214,0.091587,0.085410,0.043800,0.076312,0.310488,0.031673,0.103718,0.094009
0.060925,0.255058,0.099030,0.109309,0.070017,0.051706,0.083678,0.087528,0.077049,0.105701
0.092585,0.138706,0.091822,0.138092,0.080790,0.038800,0.110390,0.083959,0.094249,0.130606
0.060039,0.054563,0.271891,0.091785,0.075926,0.082148,0.103125,0.061621,0.109068,0.089834
0.085584,0.115639,0.110184,0.061896,0.090055,0.136859,0.095057,0.089125,0.088116,0.127485
0.073333,0.101047,0.044414,0.130573,0.106814,0.201482,0.110499,0.095610,0.046731,0.089497
0.056138,0.050179,0.238020,0.028936,0.057958,0.056872,0.070542,0.071959,0.292980,0.076417
0.095682,0.118208,0.105633,0.055350,0.091347,0.104409,0.115658,0.025463,0.149328,0.138924
0.024021,0.247976,0.211461,0.045019,0.292685,0.036276,0.026888,0.048208,0.037975,0.029492
0.056710,0.089830,0.137685,0.068413,0.082158,0.041474,0.301193,0.094657,0.058464,0.069416
0.067802,0.033458,0.110748,0.055477,0.280190,0.128028,0.055335,0.116038,0.117494,0.035429
0.059231,0.368311,0.059673,0.071281,0.070853,0.102996,0.071659,0.041980,0.078984,0.075033
0.062523,0.040768,0.159916,0.063784,0.412847,0.057759,0.059823,0.038620,0.049415,0.054546
0.091677,0.117187,0.112034,0.111988,0.059484,0.121284,0.113571,0.084096,0.080729,0.107951
0.117778,0.227634,0.160661,0.072094,0.040182,0.095068,0.063086,0.060911,0.070683,0.091903
0.013250,0.255130,0.024739,0.013885,0.343108,0.055925,0.222083,0.034466,0.023248,0.014167
0.063561,0.087850,0.098223,0.086817,0.059035,0.084654,0.309795,0.054753,0.083850,0.071461
0.061373,0.102523,0.242353,0.098805,0.084131,0.082318,0.083319,0.065281,0.075981,0.103917
0.038476,0.136119,0.030531,0.127549,0.104854,0.232974,0.105320,0.097533,0.051311,0.075332
0.078025,0.090359,0.231460,0.046725,0.064336,0.098025,0.113881,0.076925,0.081820,0.118445
0.095763,0.088635,0.106946,0.105441,0.091312,0.102463,0.097659,0.116146,0.076889,0.118746
0.031050,0.107380,0.061498,0.130404,0.134456,0.140899,0.118097,0.119223,0.065896,0.091096
0.063933,0.316722,0.124576,0.100590,0.055164,0.044776,0.098799,0.070284,0.086024,0.039133
0.043534,0.254074,0.103841,0.046864,0.046067,0.048349,0.248641,0.029378,0.093911,0.085342
0.059036,0.090511,0.282207,0.083995,0.088423,0.078544,0.085053,0.059573,0.069464,0.103194
0.036965,0.050098,0.232298,0.060584,0.034604,0.139641,0.216310,0.067828,0.058369,0.103303
0.055254,0.061091,0.193583,0.088372,0.072811,0.079720,0.211267,0.075035,0.084394,0.078474
0.071342,0.106308,0.102773,0.099389,0.066761,0.121430,0.097341,0.077959,0.135132,0.121564
0.099989,0.147261,0.026285,0.134082,0.114662,0.123514,0.135812,0.084150,0.061185,0.073061
0.043152,0.064759,0.074662,0.085621,0.056517,0.120718,0.332565,0.074374,0.074384,0.073249
0.119300,0.109515,0.112482,0.088722,0.097114,0.103850,0.101446,0.077738,0.141080,0.048753
0.042843,0.057665,0.049769,0.064850,0.324679,0.093828,0.125430,0.061958,0.103673,0.075305
0.061834,0.155183,0.118563,0.122881,0.067493,0.034355,0.107764,0.132111,0.062992,0.136824
0.039378,0.126648,0.045540,0.132412,0.096456,0.197580,0.098366,0.067334,0.074584,0.121702
0.061590,0.358956,0.036566,0.042353,0.031628,0.043822,0.313988,0.034116,0.056874,0.020107
0.054772,0.263599,0.104042,0.097422,0.063268,0.053246,0.106350,0.067469,0.078562,0.111271
0.072735,0.067745,0.102666,0.069761,0.058390,0.106123,0.292479,0.056642,0.072041,0.101418
0.013977,0.026816,0.450317,0.025687,0.290164,0.084634,0.031515,0.029345,0.017351,0.030196
0.049315,0.219217,0.053559,0.144812,0.109436,0.051378,0.109990,0.066639,0.053019,0.142636
0.029434,0.170259,0.159206,0.036057,0.076569,0.188986,0.158718,0.071972,0.036254,0.072546
0.120899,0.339986,0.057207,0.073528,0.055977,0.089462,0.078115,0.025641,0.070331,0.088854
0.047309,0.308949,0.074003,0.071950,0.050569,0.082810,0.105570,0.104630,0.071648,0.082562
0.035090,0.038778,0.063031,0.029531,0.376530,0.080723,0.275687,0.028027,0.044661,0.027942
0.052017,0.296331,0.099022,0.091130,0.046886,0.070464,0.093328,0.064157,0.093176,0.093489
0.077934,0.322170,0.092641,0.023415,0.042387,0.077864,0.255904,0.030312,0.050918,0.026454
0.082063,0.071096,0.073538,0.098829,0.048561,0.047097,0.325898,0.071249,0.069974,0.111695
0.091779,0.109681,0.099972,0.093490,0.079135,0.113898,0.098450,0.121969,0.072186,0.119439
0.074787,0.090565,0.288555,0.080078,0.078442,0.114580,0.092516,0.054998,0.083120,0.042360
0.131396,0.058584,0.166645,0.037133,0.078266,0.085297,0.204382,0.058993,0.079646,0.099659
0.104171,0.190590,0.175068,0.070546,0.032218,0.095599,0.070726,0.073709,0.100937,0.086435
0.052204,0.131761,0.116056,0.122030,0.115349,0.138097,0.117558,0.029071,0.105511,0.072364
0.085686,0.117211,0.099667,0.111827,0.083606,0.123077,0.088171,0.080691,0.090774,0.119288
0.086858,0.060064,0.071037,0.042913,0.408326,0.073168,0.061107,0.037913,0.082142,0.076471
0.026172,0.022895,0.052218,0.045699,0.367204,0.045936,0.241672,0.024653,0.119731,0.053820
0.104937,0.079191,0.102681,0.063357,0.069469,0.100310,0.120913,0.088037,0.141349,0.129755
0.032683,0.229887,0.251981,0.034012,0.238864,0.044347,0.042289,0.032490,0.047472,0.045974
0.037341,0.103299,0.065218,0.059355,0.107388,0.152740,0.151041,0.105788,0.072466,0.145363
0.047105,0.081789,0.473419,0.027670,0.027509,0.072471,0.078699,0.063706,0.042084,0.085549
0.118119,0.100570,0.105879,0.116634,0.092812,0.125514,0.098861,0.080139,0.082138,0.079334
0.064823,0.133967,0.277055,0.094626,0.047490,0.084608,0.074041,0.098993,0.042948,0.081450
0.039417,0.139242,0.027772,0.148851,0.065471,0.209495,0.148245,0.096265,0.090485,0.034758
0.109833,0.132173,0.127645,0.145004,0.087387,0.068505,0.147061,0.032853,0.105848,0.043692
0.062499,0.092306,0.117707,0.087826,0.113341,0.116592,0.099978,0.103964,0.081263,0.124522
0.037338,0.115419,0.029016,0.138784,0.127171,0.138201,0.185582,0.073197,0.061939,0.093352
0.053354,0.127291,0.117686,0.121147,0.082373,0.119179,0.105682,0.081787,0.059678,0.131822
0.071887,0.105913,0.098869,0.136481,0.127092,0.071581,0.134028,0.033317,0.093367,0.127466
0.066808,0.088712,0.097432,0.098480,0.037921,0.077693,0.319587,0.063668,0.093731,0.055967
0.089124,0.121982,0.103401,0.100549,0.092563,0.132923,0.091807,0.089679,0.085720,0.092253
0.075882,0.202511,0.216426,0.051877,0.082157,0.078394,0.088035,0.056636,0.065056,0.083027
0.062150,0.362989,0.039708,0.033737,0.035107,0.020799,0.354610,0.027688,0.024671,0.038540
0.057956,0.114070,0.120868,0.131980,0.099510,0.063691,0.113721,0.095585,0.093977,0.108642
0.055368,0.087619,0.349701,0.070287,0.026070,0.079900,0.148044,0.037177,0.054249,0.091584
0.069329,0.263288,0.076385,0.093210,0.061695,0.093031,0.073531,0.076417,0.082785,0.110329
0.035513,0.134413,0.058810,0.126218,0.103106,0.147321,0.130457,0.098215,0.064608,0.101338
0.057508,0.097228,0.037017,0.072466,0.073182,0.148990,0.240878,0.040506,0.112470,0.119755
0.071811,0.111368,0.105126,0.116723,0.052877,0.101874,0.106368,0.076295,0.134840,0.122719
0.069588,0.046323,0.069423,0.095189,0.056069,0.105551,0.323975,0.068466,0.071395,0.094022
0.056618,0.087285,0.095729,0.071825,0.087546,0.156054,0.121917,0.094666,0.113196,0.115163
0.071407,0.105845,0.110911,0.116893,0.116488,0.062273,0.106557,0.134594,0.086756,0.088277
0.062336,0.275845,0.114789,0.028980,0.055098,0.042951,0.280318,0.041898,0.048987,0.048797
0.044145,0.064034,0.293592,0.066507,0.095568,0.207933,0.062006,0.064707,0.034357,0.067152
0.068136,0.118094,0.091207,0.125362,0.087766,0.123270,0.120763,0.101672,0.082188,0.081543
0.049259,0.123432,0.027268,0.104635,0.051759,0.173874,0.210926,0.101151,0.058539,0.099158
0.029440,0.044414,0.148368,0.050329,0.331343,0.051683,0.198047,0.022812,0.090466,0.033098
0.076653,0.082296,0.071726,0.096664,0.069724,0.067569,0.282303,0.063471,0.081267,0.108328
0.089735,0.130587,0.086785,0.119275,0.081284,0.113662,0.132253,0.025305,0.132342,0.088772
0.059145,0.079900,0.098301,0.045131,0.039860,0.105868,0.323631,0.071096,0.091030,0.086038
0.078159,0.051903,0.316008,0.061633,0.046549,0.101015,0.150829,0.039603,0.074936,0.079365
0.029562,0.311739,0.062363,0.047242,0.022739,0.061483,0.344791,0.031311,0.056678,0.032092
0.045946,0.114775,0.032024,0.116947,0.064135,0.179250,0.208335,0.067266,0.054639,0.116683
0.041482,0.021972,0.259435,0.033837,0.256909,0.029657,0.190990,0.048767,0.080144,0.036807
0.055631,0.069615,0.240691,0.081389,0.072757,0.094742,0.090169,0.094963,0.098526,0.101517
0.050736,0.068750,0.334431,0.083856,0.034079,0.093762,0.143438,0.041252,0.062569,0.087126
0.042796,0.278671,0.071949,0.037620,0.021977,0.058350,0.268763,0.036346,0.129938,0.053590
0.035397,0.291134,0.016569,0.075987,0.026218,0.022443,0.349689,0.076139,0.026009,0.080416
0.036980,0.030586,0.151223,0.051461,0.436504,0.065469,0.062985,0.035482,0.087061,0.042249
0.041368,0.044188,0.437267,0.067502,0.055801,0.102125,0.068149,0.051619,0.060597,0.071384
0.063739,0.155091,0.240767,0.083263,0.034920,0.092824,0.103400,0.101175,0.044793,0.080029
0.068799,0.096279,0.104627,0.062465,0.056851,0.087899,0.310091,0.057557,0.079652,0.075780
0.061863,0.096842,0.093467,0.138897,0.064308,0.156603,0.120161,0.028202,0.100368,0.139289
0.023271,0.045763,0.043721,0.024015,0.381697,0.052311,0.322128,0.027169,0.037478,0.042447
0.033547,0.034661,0.052538,0.019246,0.337905,0.039227,0.379495,0.028064,0.048984,0.026334
0.020803,0.028361,0.126502,0.035916,0.321130,0.042121,0.331348,0.029064,0.024131,0.040624
0.051067,0.114462,0.048042,0.147723,0.052270,0.040469,0.124364,0.136359,0.121582,0.163661
0.052150,0.055175,0.096316,0.091800,0.076569,0.070802,0.338513,0.065936,0.059579,0.093160
0.033409,0.182074,0.187279,0.043237,0.025279,0.125343,0.214533,0.022640,0.134584,0.031621
0.034400,0.205888,0.242151,0.070474,0.065790,0.092341,0.097111,0.038062,0.053128,0.100654
0.078698,0.178576,0.049663,0.122488,0.094257,0.155491,0.097703,0.063763,0.066833,0.092527
0.049166,0.252094,0.024727,0.122789,0.054294,0.170957,0.090443,0.089907,0.062748,0.082875
0.078934,0.241043,0.180250,0.097260,0.041282,0.072430,0.086565,0.054457,0.072258,0.075522
0.037516,0.140766,0.058983,0.116289,0.069201,0.164418,0.131352,0.029938,0.084815,0.166723
0.039741,0.081710,0.405976,0.071428,0.034283,0.074081,0.073108,0.056586,0.087127,0.075960
0.148146,0.263940,0.075308,0.105680,0.063261,0.095826,0.100179,0.030437,0.082005,0.035218
0.038798,0.096515,0.300353,0.078226,0.078670,0.138060,0.083531,0.059189,0.042860,0.083797
0.043476,0.152117,0.097006,0.124655,0.070583,0.130383,0.202064,0.070184,0.052909,0.056622
0.056423,0.099064,0.074363,0.064747,0.057097,0.083199,0.366329,0.068260,0.088234,0.042283
0.031742,0.076935,0.414064,0.033785,0.255594,0.084374,0.044337,0.026935,0.015533,0.016700
0.078029,0.118564,0.108418,0.119594,0.067594,0.115036,0.112432,0.116002,0.056753,0.107578
0.050083,0.090656,0.070187,0.092846,0.040304,0.032461,0.345266,0.075512,0.132012,0.070673
0.038900,0.137775,0.037916,0.025896,0.453265,0.079489,0.054442,0.030182,0.106870,0.035264
0.042343,0.286279,0.147882,0.014374,0.156734,0.025349,0.236253,0.022855,0.036142,0.031787
0.041198,0.187742,0.074272,0.099810,0.053583,0.137774,0.126555,0.071584,0.060208,0.147274
0.040111,0.063195,0.051867,0.055328,0.373412,0.047934,0.264439,0.027873,0.052682,0.023158
0.042541,0.052303,0.114137,0.117302,0.083164,0.028456,0.329133,0.070791,0.078877,0.083295
0.037896,0.151137,0.061196,0.118998,0.054608,0.134608,0.112084,0.076011,0.129404,0.124057
0.039192,0.136940,0.061364,0.115095,0.106731,0.192739,0.136650,0.089207,0.085196,0.036887
0.086156,0.115899,0.121258,0.135399,0.130245,0.066707,0.112455,0.083937,0.102853,0.045091
0.025113,0.046427,0.416416,0.026863,0.229760,0.141682,0.026256,0.016611,0.024988,0.045885
0.045385,0.068111,0.538168,0.042593,0.044270,0.075111,0.065577,0.032124,0.021397,0.067264
0.024703,0.039706,0.069385,0.025714,0.328399,0.099003,0.275222,0.044082,0.030350,0.063435
0.046254,0.076380,0.458386,0.056094,0.057787,0.073184,0.066361,0.050903,0.061638,0.053013
0.069950,0.045956,0.070826,0.066555,0.422888,0.078823,0.068664,0.059593,0.029956,0.086790
0.033609,0.051014,0.426470,0.013038,0.257332,0.119336,0.033539,0.027206,0.022659,0.015798
0.068469,0.340838,0.037500,0.027340,0.032613,0.018969,0.381066,0.042755,0.031265,0.019185
0.031656,0.395918,0.034501,0.034690,0.021289,0.033682,0.340291,0.032107,0.027468,0.048398
0.071099,0.122794,0.095373,0.137540,0.087684,0.033559,0.124249,0.142318,0.080286,0.105098
0.047874,0.126929,0.111184,0.107456,0.075881,0.054781,0.108228,0.097863,0.137698,0.132106
0.094072,0.130036,0.087753,0.120079,0.090794,0.147656,0.119498,0.025357,0.072732,0.112022
0.049635,0.051277,0.122961,0.069634,0.428107,0.073887,0.073079,0.038736,0.038929,0.053755
0.026640,0.203061,0.026376,0.022219,0.378762,0.057414,0.223223,0.013612,0.025163,0.023530
0.022485,0.207587,0.022037,0.115283,0.111289,0.140442,0.104214,0.130752,0.048965,0.096945
0.023388,0.103746,0.456539,0.073328,0.025471,0.070492,0.071951,0.062790,0.051781,0.060514
0.080066,0.159899,0.068616,0.114297,0.061733,0.050978,0.190222,0.028867,0.079636,0.165686
0.022350,0.017450,0.451425,0.029597,0.222444,0.151685,0.036699,0.021710,0.020752,0.025889
0.061485,0.094708,0.182831,0.079566,0.081512,0.066269,0.203481,0.044013,0.095221,0.090913
0.044997,0.089361,0.100628,0.043648,0.054799,0.082875,0.359768,0.070051,0.070741,0.083131
0.064332,0.126718,0.109812,0.122292,0.128989,0.064304,0.102823,0.092435,0.071039,0.117257
0.038369,0.044187,0.079818,0.077148,0.456484,0.098687,0.056097,0.026189,0.096176,0.026845
0.025037,0.051949,0.597387,0.047415,0.032652,0.075326,0.064799,0.028686,0.028074,0.048676
0.075340,0.063801,0.251208,0.084788,0.063793,0.085928,0.101761,0.069323,0.105042,0.099015
0.055141,0.097417,0.101379,0.063702,0.053054,0.081672,0.330026,0.052326,0.068991,0.096292
0.042839,0.054552,0.059606,0.077756,0.396559,0.068237,0.083538,0.047903,0.057282,0.111729
0.063560,0.304718,0.078274,0.096241,0.084205,0.040188,0.106629,0.071786,0.070827,0.083571
0.064525,0.125878,0.108006,0.110421,0.106748,0.108548,0.104103,0.118671,0.086627,0.066472
0.045405,0.177593,0.096009,0.125290,0.085864,0.040917,0.134060,0.108996,0.094519,0.091347
0.098255,0.074744,0.133889,0.086120,0.081280,0.044159,0.261620,0.032213,0.096583,0.091139
0.030116,0.066758,0.061891,0.162207,0.103683,0.044236,0.367307,0.066095,0.066453,0.031254
0.031939,0.064107,0.044890,0.046051,0.508569,0.135417,0.052862,0.037239,0.038145,0.040780
0.035929,0.066455,0.239011,0.102266,0.078280,0.084371,0.201383,0.074935,0.042612,0.074757
0.076986,0.300311,0.034858,0.046123,0.023567,0.037878,0.338066,0.031652,0.070475,0.040084
0.046116,0.168496,0.171328,0.039398,0.040738,0.063100,0.041547,0.088415,0.270000,0.070862
0.050391,0.080933,0.424405,0.075602,0.043314,0.093713,0.109386,0.034486,0.058163,0.029608
0.058626,0.122750,0.073875,0.068952,0.126676,0.195024,0.149565,0.079021,0.086519,0.038993
0.072992,0.094903,0.116733,0.116566,0.103583,0.120851,0.125065,0.092373,0.068943,0.087990
0.072731,0.189473,0.085971,0.146515,0.115593,0.052899,0.138192,0.084329,0.054399,0.059899
0.051488,0.089523,0.036232,0.149375,0.073025,0.195720,0.125067,0.077302,0.066355,0.135913
0.070372,0.055169,0.072008,0.037989,0.510276,0.085556,0.059278,0.052012,0.019989,0.037352
0.039049,0.029083,0.107771,0.043041,0.418918,0.110135,0.071565,0.031195,0.079308,0.069935
0.073012,0.076236,0.403764,0.028758,0.064257,0.085380,0.074988,0.047382,0.045733,0.100490
0.054146,0.092267,0.064359,0.115714,0.070209,0.171082,0.149536,0.128960,0.061838,0.091889
0.041767,0.074932,0.377055,0.076756,0.046466,0.104455,0.082566,0.072205,0.090102,0.033695
0.069610,0.084892,0.079295,0.058459,0.069855,0.091841,0.319590,0.040231,0.093351,0.092876
0.029968,0.086264,0.314444,0.019383,0.347968,0.063007,0.034081,0.022020,0.051310,0.031555
0.053331,0.124658,0.091571,0.128488,0.072969,0.146138,0.103321,0.078518,0.096008,0.104998
0.070098,0.275915,0.118897,0.041377,0.054474,0.051163,0.296471,0.038014,0.026265,0.027325
0.112333,0.071926,0.238233,0.097282,0.090434,0.089542,0.096636,0.068505,0.077729,0.057381
0.091108,0.114612,0.108711,0.117326,0.104448,0.101003,0.094400,0.074468,0.086943,0.106981
0.054591,0.075655,0.100516,0.064226,0.059521,0.080923,0.330676,0.054124,0.079314,0.100453
0.050746,0.105886,0.040608,0.093061,0.116839,0.158385,0.130347,0.081457,0.135104,0.087567
0.098334,0.067788,0.069116,0.059832,0.083199,0.098914,0.327019,0.072204,0.056918,0.066674
0.039993,0.083521,0.023977,0.114320,0.083995,0.155229,0.238209,0.120867,0.066994,0.072895
0.084349,0.087048,0.235127,0.094545,0.068711,0.080948,0.090179,0.059597,0.116061,0.083436
0.065262,0.093966,0.247539,0.067437,0.072442,0.091831,0.153199,0.073200,0.064279,0.070845
0.031779,0.358442,0.088106,0.033013,0.313254,0.037886,0.030381,0.035638,0.043766,0.027736
0.041245,0.143494,0.290549,0.060674,0.077083,0.100259,0.077981,0.062827,0.062934,0.082954
0.067830,0.121891,0.108925,0.103785,0.108503,0.092443,0.103972,0.091960,0.097298,0.103394
0.094856,0.128961,0.109640,0.106488,0.059582,0.111669,0.111339,0.084483,0.090507,0.102474
0.056151,0.374320,0.034489,0.023516,0.016155,0.019063,0.366995,0.036339,0.028807,0.044167
0.044497,0.061505,0.484140,0.063196,0.028920,0.061279,0.093134,0.067021,0.036378,0.059930
0.050771,0.124965,0.095678,0.072596,0.117960,0.118464,0.113832,0.082886,0.092194,0.130655
0.080478,0.090135,0.250130,0.093329,0.070187,0.084421,0.098499,0.060518,0.068768,0.103537
0.031893,0.096375,0.390992,0.024687,0.056608,0.073009,0.078918,0.070853,0.086734,0.089930
0.091257,0.118015,0.089084,0.130648,0.078544,0.117004,0.121612,0.023735,0.099953,0.130147
0.034149,0.040282,0.189772,0.063940,0.344496,0.124474,0.060333,0.043656,0.047622,0.051275
0.107808,0.091980,0.073582,0.136593,0.060371,0.111956,0.158745,0.029106,0.134796,0.095062
0.069529,0.105751,0.024013,0.124623,0.082184,0.190769,0.190346,0.091571,0.050790,0.070422
0.071426,0.181526,0.054258,0.132777,0.107560,0.048359,0.115074,0.039161,0.079231,0.170627
0.042092,0.383898,0.035193,0.048217,0.027041,0.039614,0.323134,0.027324,0.052682,0.020804
0.078117,0.077804,0.048427,0.110298,0.063403,0.147546,0.140860,0.038716,0.135081,0.159749
0.036581,0.101600,0.350956,0.072567,0.027858,0.114261,0.081990,0.046517,0.108602,0.059068
0.047937,0.173404,0.228451,0.034135,0.082310,0.133245,0.072509,0.064725,0.055723,0.107560
0.034187,0.152851,0.030662,0.143192,0.132475,0.040860,0.168391,0.144830,0.055486,0.097065
0.034821,0.130336,0.057029,0.134973,0.111548,0.210162,0.144821,0.069284,0.046053,0.060972
0.061672,0.128940,0.086705,0.124431,0.068367,0.112991,0.106595,0.100814,0.085969,0.123517
0.046780,0.144604,0.304940,0.066423,0.040520,0.141063,0.086984,0.050875,0.047808,0.070003
0.079167,0.263462,0.083277,0.109940,0.055732,0.084348,0.093287,0.107495,0.080822,0.042470
0.026921,0.034189,0.045984,0.023196,0.427815,0.114016,0.214988,0.062539,0.034632,0.015720
0.016445,0.040900,0.272844,0.035495,0.401475,0.034302,0.134901,0.020589,0.027322,0.015726
0.036787,0.101164,0.043664,0.127887,0.080431,0.200648,0.152732,0.104817,0.045589,0.106280
0.051500,0.209251,0.232728,0.036184,0.077716,0.078998,0.072852,0.066005,0.069058,0.105709
0.086065,0.094992,0.080958,0.103464,0.062906,0.124413,0.110685,0.081908,0.137656,0.116953
0.029006,0.162121,0.063360,0.192647,0.062545,0.058540,0.160485,0.055188,0.079949,0.136158
0.075612,0.060375,0.045208,0.094516,0.052018,0.079424,0.079263,0.078853,0.323182,0.111548
0.093668,0.099462,0.072275,0.086766,0.058710,0.087273,0.304912,0.036462,0.053319,0.107152
0.052456,0.047821,0.036056,0.056045,0.049308,0.050587,0.337507,0.071730,0.249890,0.048600
0.109061,0.128909,0.059736,0.116091,0.076207,0.142767,0.100251,0.032164,0.080996,0.153818
0.078790,0.103688,0.181166,0.061067,0.077100,0.097535,0.215371,0.045344,0.068204,0.071735
0.108481,0.097700,0.060512,0.133077,0.073139,0.164862,0.132122,0.029578,0.089097,0.111432
0.045079,0.272108,0.026201,0.090419,0.095565,0.122062,0.125433,0.057967,0.077623,0.087544
0.072269,0.066163,0.284943,0.110774,0.083149,0.083304,0.122686,0.031988,0.068289,0.076434
0.079948,0.252643,0.079310,0.079996,0.057977,0.094787,0.081874,0.080732,0.076356,0.116378
0.068131,0.128382,0.109592,0.123878,0.062795,0.126847,0.121066,0.085241,0.077021,0.097047
0.035640,0.381251,0.052432,0.017587,0.030969,0.037096,0.339973,0.033024,0.039576,0.032451
0.078708,0.235761,0.032919,0.110782,0.077244,0.118821,0.125328,0.076479,0.053194,0.090764
0.083742,0.120757,0.113467,0.117362,0.068066,0.115172,0.111295,0.107344,0.088611,0.074184
0.031456,0.368124,0.040666,0.056294,0.033539,0.041018,0.343389,0.025048,0.040926,0.019540
0.065616,0.112691,0.087313,0.141117,0.087438,0.045613,0.130911,0.131244,0.093610,0.104446
0.071134,0.282742,0.094583,0.082311,0.042362,0.083419,0.078577,0.077736,0.081659,0.105476
0.088458,0.085357,0.074062,0.083487,0.052643,0.080308,0.320560,0.076589,0.044737,0.093798
0.064340,0.334904,0.034002,0.050196,0.016124,0.014632,0.379145,0.043928,0.029344,0.033384
0.065984,0.143873,0.025568,0.133874,0.108389,0.117059,0.141696,0.133822,0.044849,0.084886
0.040560,0.125844,0.079845,0.122860,0.083107,0.140320,0.149149,0.026501,0.095988,0.135826
0.040543,0.052952,0.273809,0.052220,0.035064,0.170708,0.086328,0.057539,0.155098,0.075737
0.071394,0.047298,0.155731,0.051974,0.377961,0.052356,0.065788,0.045763,0.088380,0.043356
0.123452,0.108709,0.099140,0.102822,0.073411,0.091371,0.099303,0.078583,0.133091,0.090117
0.073404,0.126625,0.220679,0.100920,0.072865,0.112251,0.108093,0.062879,0.062242,0.060043
0.044747,0.073653,0.442699,0.059623,0.062883,0.077852,0.069894,0.044552,0.088699,0.035398
0.094696,0.107494,0.262878,0.089029,0.071346,0.084595,0.089994,0.061665,0.093861,0.044443
0.027342,0.038772,0.047613,0.032662,0.477126,0.111720,0.045303,0.049883,0.127993,0.041586
0.031344,0.144721,0.072080,0.151058,0.128739,0.053942,0.160842,0.103157,0.076921,0.077197
0.069909,0.091628,0.073254,0.088528,0.333050,0.070489,0.100030,0.047332,0.064002,0.061778
0.033336,0.149715,0.101432,0.078068,0.136346,0.041417,0.147241,0.108840,0.102101,0.101503
0.027380,0.038785,0.109603,0.035462,0.342707,0.047453,0.275869,0.047973,0.026074,0.048695
0.028526,0.267446,0.054480,0.028894,0.440959,0.079081,0.025237,0.028855,0.013887,0.032635
0.040173,0.067924,0.102215,0.101278,0.042950,0.121757,0.294905,0.074205,0.052253,0.102339
0.067844,0.098169,0.061106,0.133825,0.144544,0.050953,0.126698,0.128378,0.038441,0.150041
0.040356,0.051719,0.047146,0.038979,0.340455,0.065261,0.283422,0.062600,0.022659,0.047403
0.051734,0.101287,0.035131,0.157569,0.081480,0.051108,0.224572,0.080326,0.082749,0.134045
0.073354,0.242243,0.106950,0.090973,0.076375,0.079417,0.072779,0.073783,0.071508,0.112617
0.038090,0.324956,0.078482,0.110063,0.051372,0.126857,0.086376,0.057503,0.076525,0.049775
0.061090,0.168187,0.235017,0.091760,0.030771,0.122948,0.087609,0.059301,0.060918,0.082399
0.066571,0.078256,0.102799,0.103342,0.048127,0.083129,0.311153,0.055883,0.047975,0.102764
0.030247,0.122477,0.363088,0.080620,0.030797,0.105658,0.080461,0.051825,0.060181,0.074645
0.037508,0.129926,0.026420,0.115427,0.056607,0.129372,0.246470,0.086458,0.055704,0.116110
0.130665,0.167381,0.191372,0.059333,0.071816,0.103549,0.092071,0.066683,0.067822,0.049309
0.091137,0.105474,0.094504,0.095195,0.081213,0.119526,0.115172,0.026114,0.122182,0.149484
0.014876,0.159072,0.056466,0.018096,0.487061,0.080578,0.025067,0.023551,0.115663,0.019570
0.071706,0.074328,0.105261,0.085556,0.058345,0.083038,0.300944,0.069024,0.047831,0.103967
0.069218,0.112016,0.265166,0.075838,0.057201,0.120017,0.099787,0.064462,0.078452,0.057845
0.062184,0.281469,0.050026,0.061889,0.024029,0.075305,0.274492,0.030274,0.090933,0.049399
0.029725,0.109404,0.249407,0.036359,0.065936,0.188236,0.041894,0.051447,0.181690,0.045903
0.026974,0.065563,0.115172,0.048632,0.436940,0.104202,0.077098,0.033738,0.070915,0.020767
0.031226,0.044128,0.042029,0.042723,0.534435,0.087558,0.051995,0.053381,0.036523,0.076002
0.013365,0.043777,0.506491,0.030883,0.179247,0.072864,0.057022,0.021961,0.024908,0.049481
0.061199,0.127248,0.105978,0.118471,0.079147,0.112343,0.114775,0.114757,0.084366,0.081717
0.081190,0.113515,0.102050,0.111906,0.053254,0.113918,0.121109,0.121617,0.083308,0.098134
0.083723,0.116996,0.092997,0.098757,0.095458,0.153484,0.112814,0.100831,0.096012,0.048929
0.074972,0.118810,0.286593,0.081488,0.077809,0.100458,0.084148,0.047533,0.093665,0.034523
0.044394,0.031581,0.271284,0.055022,0.102661,0.180803,0.196322,0.030869,0.048515,0.038551
0.059453,0.124222,0.086419,0.132523,0.079261,0.127278,0.112051,0.083651,0.091664,0.103478
0.039990,0.111146,0.030101,0.111618,0.092411,0.136770,0.252019,0.076916,0.049963,0.099066
0.044057,0.076243,0.022975,0.147013,0.101855,0.211301,0.104977,0.099324,0.082855,0.109400
0.075226,0.167682,0.241817,0.083340,0.081400,0.097734,0.082396,0.067637,0.051278,0.051489
0.067534,0.125117,0.111929,0.094246,0.082611,0.119834,0.121595,0.095276,0.084815,0.097042
0.028268,0.052571,0.365082,0.034965,0.254288,0.139612,0.046877,0.029919,0.025356,0.023061
0.056052,0.289671,0.072321,0.094295,0.046836,0.112593,0.076110,0.067664,0.080982,0.103477
0.049441,0.065012,0.083720,0.069249,0.054098,0.103302,0.328602,0.060402,0.112871,0.073303
0.020622,0.186839,0.282418,0.047759,0.225025,0.049599,0.060873,0.048818,0.035357,0.042690
0.049988,0.125788,0.096615,0.127299,0.086136,0.051633,0.162344,0.152891,0.061021,0.086285
0.113623,0.132991,0.080252,0.116196,0.061518,0.038949,0.243920,0.072140,0.050200,0.090211
0.077053,0.083089,0.059578,0.044367,0.361645,0.153483,0.063765,0.037793,0.052596,0.066632
0.032927,0.141868,0.301237,0.041753,0.062482,0.124584,0.094769,0.067975,0.051986,0.080419
0.058586,0.123861,0.087966,0.097616,0.104728,0.132666,0.119322,0.088831,0.090990,0.095434
0.071182,0.110760,0.107229,0.102367,0.081679,0.139440,0.100803,0.078007,0.105157,0.103376
0.054188,0.121244,0.113081,0.113724,0.065464,0.110917,0.101717,0.106170,0.139172,0.074324
0.056182,0.262059,0.173856,0.036331,0.080338,0.079031,0.070279,0.071301,0.076866,0.093756
0.033158,0.132429,0.035177,0.174839,0.146502,0.054954,0.218938,0.070128,0.061169,0.072706
0.074040,0.119104,0.090662,0.098697,0.075668,0.125013,0.109450,0.113788,0.087540,0.106039
0.032022,0.087243,0.460624,0.051147,0.022303,0.105948,0.063071,0.041504,0.045043,0.091097
0.049224,0.114278,0.089453,0.131876,0.071651,0.113813,0.105113,0.132763,0.091430,0.100397
0.060103,0.201552,0.232229,0.044533,0.058162,0.061613,0.075336,0.080652,0.099575,0.086244
0.078479,0.050605,0.206059,0.065364,0.068477,0.104386,0.168669,0.062284,0.083274,0.112403
0.037828,0.130432,0.304486,0.073135,0.043561,0.130042,0.083761,0.052083,0.045205,0.099467
0.064707,0.173292,0.033533,0.118742,0.093218,0.147841,0.134931,0.027340,0.066150,0.140246
0.076263,0.160798,0.039633,0.059465,0.058444,0.147970,0.199514,0.102727,0.071110,0.084076
0.069356,0.299649,0.103559,0.110700,0.076156,0.044741,0.089797,0.066042,0.068522,0.071479
0.056421,0.093246,0.118886,0.113555,0.056224,0.031802,0.299394,0.076701,0.058262,0.095508
0.021640,0.328189,0.049276,0.031267,0.023969,0.029777,0.358599,0.027254,0.104387,0.025642
0.078528,0.295933,0.099752,0.106286,0.056114,0.037422,0.075583,0.104083,0.067479,0.078821
0.065667,0.133712,0.082111,0.105922,0.077540,0.141638,0.108016,0.081255,0.087204,0.116934
0.083525,0.105400,0.127325,0.141144,0.105850,0.070612,0.133155,0.026694,0.100552,0.105743
0.063083,0.129014,0.108707,0.086739,0.065221,0.110883,0.108146,0.125450,0.080750,0.122008
0.094518,0.104308,0.073605,0.092983,0.112403,0.073555,0.102184,0.090203,0.138384,0.117857
0.037454,0.186163,0.062360,0.128646,0.073945,0.152287,0.131967,0.079921,0.051347,0.095910
0.085867,0.075918,0.044617,0.087112,0.051570,0.084174,0.099573,0.076897,0.312233,0.082040
0.045089,0.050652,0.338133,0.040713,0.285137,0.053448,0.048575,0.041861,0.054252,0.042139
0.038364,0.142040,0.027372,0.086460,0.106309,0.181171,0.154390,0.119795,0.062990,0.081110
0.024176,0.044850,0.432511,0.038280,0.139000,0.091752,0.046003,0.045145,0.080894,0.057388
0.076953,0.097186,0.053560,0.084120,0.057240,0.124245,0.111922,0.061998,0.287028,0.045747
0.038041,0.100080,0.435914,0.043334,0.050072,0.078725,0.121416,0.048953,0.037305,0.046160
0.037240,0.348967,0.068572,0.107946,0.088202,0.031157,0.069187,0.065248,0.069037,0.114445
0.037418,0.047038,0.050989,0.033161,0.531387,0.104436,0.050301,0.057659,0.038135,0.049475
0.036083,0.173238,0.060975,0.112336,0.090800,0.041080,0.232422,0.097314,0.124405,0.031346
0.045828,0.043144,0.058818,0.033870,0.484454,0.125095,0.045441,0.066274,0.037436,0.059641
0.090128,0.094211,0.225897,0.096682,0.058035,0.094905,0.097748,0.070471,0.089504,0.082419
0.109228,0.086753,0.118071,0.140350,0.080081,0.036038,0.115092,0.132562,0.069354,0.112471
0.076731,0.138637,0.062949,0.131933,0.131673,0.050296,0.154098,0.032694,0.092905,0.128084
0.056693,0.095259,0.135304,0.089155,0.073712,0.132339,0.148555,0.117688,0.096817,0.054476
0.037922,0.282010,0.066132,0.036950,0.350263,0.079039,0.040645,0.023837,0.032527,0.050674
0.048872,0.145658,0.039176,0.156524,0.061085,0.180627,0.157658,0.031687,0.068150,0.110563
0.075920,0.124909,0.076371,0.115438,0.087445,0.106546,0.094085,0.083002,0.107475,0.128809
0.040028,0.124144,0.041934,0.149545,0.082293,0.193559,0.103669,0.126341,0.080023,0.058463
0.048992,0.123042,0.032981,0.097457,0.097416,0.048664,0.292004,0.093624,0.093585,0.072235
0.031161,0.294528,0.069101,0.047249,0.302061,0.098730,0.066134,0.027974,0.035363,0.027700
0.065913,0.192898,0.235604,0.049304,0.017676,0.081099,0.205676,0.035022,0.038318,0.078491
0.030537,0.136524,0.130868,0.079918,0.099241,0.045766,0.140866,0.114381,0.085480,0.136418
0.068539,0.083767,0.090817,0.076177,0.049251,0.093217,0.321127,0.045869,0.074437,0.096799
0.037232,0.277010,0.098461,0.065028,0.068981,0.083381,0.097166,0.096378,0.071577,0.104786
0.125279,0.101207,0.182148,0.040594,0.047454,0.082074,0.178493,0.050296,0.081619,0.110837
0.081043,0.060603,0.203318,0.102129,0.070877,0.085744,0.191945,0.056559,0.094700,0.053082
0.068044,0.086980,0.261815,0.080211,0.078828,0.100180,0.085732,0.059723,0.093417,0.085070
0.056481,0.033446,0.339380,0.051646,0.119706,0.167770,0.123650,0.030094,0.023797,0.054031
0.061843,0.113785,0.052499,0.098798,0.068336,0.134866,0.221187,0.032119,0.075166,0.141401
0.060676,0.064629,0.092075,0.080150,0.058710,0.068527,0.358561,0.055171,0.072561,0.088940
0.073060,0.372146,0.038426,0.047486,0.022874,0.037075,0.343289,0.030959,0.017961,0.016725
0.031511,0.243516,0.128119,0.036762,0.390143,0.031409,0.037847,0.026442,0.027620,0.046633
0.033026,0.228630,0.057024,0.075705,0.141747,0.057186,0.125724,0.127044,0.066076,0.087839
0.065763,0.129360,0.109772,0.073967,0.067444,0.053310,0.265629,0.064200,0.059947,0.110607
0.052492,0.114320,0.078883,0.120078,0.061198,0.166059,0.134101,0.140963,0.041151,0.090754
0.085661,0.121752,0.027372,0.125164,0.133733,0.137329,0.127148,0.081745,0.055156,0.104940
0.058517,0.085970,0.306742,0.033897,0.098017,0.082329,0.085139,0.092275,0.066432,0.090683
0.020509,0.374908,0.061767,0.056065,0.027468,0.028915,0.330042,0.031615,0.027299,0.041411
0.060917,0.297093,0.100445,0.094537,0.088028,0.084675,0.091002,0.036841,0.055944,0.090518
0.049655,0.045568,0.277906,0.091304,0.063671,0.128037,0.151585,0.070745,0.055228,0.066302
0.046773,0.063117,0.108610,0.077241,0.053833,0.107874,0.261716,0.086579,0.103382,0.090875
0.067340,0.045956,0.410929,0.053994,0.043597,0.087757,0.115399,0.033044,0.057763,0.084221
0.031261,0.239822,0.032153,0.100488,0.115172,0.045035,0.121670,0.132229,0.079723,0.102447
0.060645,0.076072,0.073659,0.103515,0.045138,0.029049,0.322401,0.067825,0.144333,0.077363
0.119742,0.158890,0.029732,0.108490,0.115684,0.039905,0.118983,0.140900,0.059903,0.107771
0.062331,0.079220,0.077362,0.064220,0.074941,0.091334,0.316599,0.077999,0.078619,0.077375
0.087087,0.340174,0.084991,0.087426,0.073983,0.089056,0.067537,0.057752,0.074465,0.037528
0.041534,0.046411,0.117483,0.043906,0.469656,0.078290,0.067897,0.030350,0.034246,0.070228
0.090882,0.058855,0.248923,0.092868,0.073323,0.071769,0.101761,0.039474,0.082807,0.139337
0.043897,0.099388,0.031476,0.124350,0.110720,0.148967,0.191399,0.078446,0.084525,0.086832
0.105103,0.108213,0.026240,0.138131,0.055122,0.184588,0.112222,0.072637,0.086233,0.111510
0.045511,0.225022,0.082409,0.143704,0.049056,0.054907,0.161697,0.146022,0.057737,0.033936
0.125036,0.055414,0.176743,0.086021,0.064802,0.079209,0.219267,0.068491,0.086248,0.038770
0.020834,0.065883,0.513180,0.039517,0.020200,0.083962,0.090131,0.071457,0.043122,0.051714
0.047535,0.235242,0.095523,0.033425,0.417375,0.066626,0.027393,0.028537,0.033315,0.015029
0.110996,0.083063,0.307651,0.066078,0.056945,0.126484,0.120068,0.060794,0.034947,0.032974
0.106570,0.112407,0.026509,0.173277,0.061129,0.129085,0.162261,0.145410,0.049380,0.033972
0.049102,0.074113,0.118091,0.076243,0.310959,0.080918,0.085518,0.078830,0.037826,0.088399
0.050278,0.073895,0.251540,0.093273,0.083516,0.117226,0.106674,0.055262,0.056472,0.111865
0.030763,0.019170,0.142527,0.033873,0.361569,0.053163,0.223615,0.023298,0.083563,0.028458
0.069097,0.089684,0.099751,0.093126,0.055860,0.100180,0.294064,0.049804,0.046233,0.102200
0.022548,0.335947,0.041876,0.017477,0.364261,0.085019,0.041279,0.023279,0.017732,0.050582
0.058168,0.122259,0.130476,0.104602,0.129389,0.042508,0.136818,0.121939,0.046724,0.107117
0.107774,0.133646,0.079393,0.141949,0.103684,0.058923,0.136800,0.098405,0.039955,0.099472
0.049341,0.119044,0.083187,0.091955,0.108677,0.113632,0.119514,0.121043,0.076500,0.117108
0.023615,0.041263,0.247837,0.040598,0.309996,0.061933,0.176158,0.023388,0.044484,0.030727
0.037832,0.336323,0.012636,0.028401,0.061982,0.065967,0.345194,0.053625,0.020423,0.037618
0.067825,0.145844,0.114069,0.078123,0.069102,0.126352,0.134851,0.090704,0.073204,0.099926
0.071870,0.124961,0.031969,0.093738,0.056284,0.128813,0.236134,0.103809,0.038444,0.113977
0.040566,0.067263,0.088164,0.054693,0.433482,0.068008,0.066001,0.053228,0.033086,0.095509
0.112501,0.115183,0.047581,0.149681,0.111109,0.039750,0.164586,0.127661,0.048126,0.083822
0.037772,0.014587,0.103536,0.014395,0.324284,0.089334,0.126492,0.045423,0.228682,0.015495
0.121828,0.184889,0.048728,0.045306,0.027057,0.058218,0.063177,0.087289,0.324525,0.038983
0.056588,0.031790,0.293413,0.069863,0.109518,0.194624,0.067198,0.059463,0.033732,0.083811
0.075175,0.221437,0.070612,0.098358,0.096220,0.041082,0.109079,0.088021,0.127575,0.072441
0.064298,0.104397,0.126715,0.126812,0.082730,0.078277,0.140444,0.107394,0.048711,0.120222
0.025926,0.122067,0.029098,0.101194,0.078852,0.193679,0.106605,0.068712,0.127741,0.146126
0.050233,0.077355,0.211772,0.093867,0.038896,0.079260,0.210944,0.043596,0.071663,0.122415
0.096997,0.104380,0.096925,0.072583,0.090803,0.123631,0.126398,0.026352,0.109747,0.152185
0.058759,0.104685,0.273223,0.092333,0.077226,0.098763,0.099933,0.059614,0.062300,0.073164
0.066783,0.057108,0.412737,0.076398,0.033583,0.100046,0.091010,0.045886,0.051455,0.064996
0.120592,0.271325,0.092705,0.075735,0.051085,0.094352,0.061120,0.064755,0.083499,0.084831
0.036887,0.293646,0.031877,0.045310,0.029748,0.086282,0.327575,0.058219,0.044490,0.045965
0.028464,0.394072,0.049184,0.044797,0.038463,0.022862,0.354385,0.028903,0.023629,0.015241
0.035185,0.149368,0.257420,0.099725,0.040485,0.104659,0.083471,0.073354,0.054516,0.101816
0.087657,0.108827,0.118427,0.136454,0.084653,0.070611,0.112329,0.084365,0.079929,0.116749
0.043354,0.142344,0.376909,0.055134,0.023123,0.070119,0.058076,0.056575,0.091523,0.082841
0.078451,0.174616,0.192660,0.100449,0.085233,0.094669,0.104660,0.075896,0.048047,0.045320
0.018586,0.332501,0.034987,0.025408,0.185571,0.025236,0.313511,0.016522,0.012378,0.035301
0.058421,0.268592,0.076958,0.100532,0.081451,0.050444,0.080488,0.112873,0.089017,0.081225
0.043739,0.177625,0.027503,0.136202,0.069181,0.142809,0.104747,0.081152,0.077396,0.139645
0.064693,0.067234,0.230821,0.095587,0.081603,0.085232,0.095027,0.057235,0.120691,0.101877
0.068339,0.234281,0.242749,0.053575,0.098127,0.078628,0.078112,0.044965,0.064055,0.037170
0.063463,0.320881,0.082249,0.049608,0.066351,0.039653,0.111231,0.072954,0.075799,0.117810
0.041663,0.202384,0.030648,0.103491,0.060714,0.179692,0.142878,0.128439,0.045036,0.065055
0.037175,0.151988,0.066459,0.031257,0.480039,0.083106,0.045318,0.024065,0.038825,0.041768
0.064450,0.116404,0.048005,0.093641,0.258933,0.097371,0.070167,0.084879,0.089611,0.076540
0.056581,0.212913,0.208266,0.015794,0.081060,0.156246,0.182826,0.017255,0.042441,0.026618
0.036828,0.053243,0.310350,0.089546,0.081933,0.109010,0.133842,0.055483,0.056624,0.073140
0.049327,0.147270,0.053010,0.112606,0.041766,0.115942,0.193040,0.030846,0.160955,0.095236
0.041512,0.083726,0.315680,0.092039,0.082408,0.083808,0.092235,0.062186,0.071138,0.075267
0.066838,0.092089,0.241514,0.073858,0.076851,0.117408,0.098522,0.043981,0.086249,0.102690
0.158032,0.119207,0.078504,0.112400,0.103178,0.133563,0.109115,0.024496,0.115264,0.046242
0.073841,0.083823,0.064260,0.083608,0.047104,0.093009,0.082744,0.060657,0.300424,0.110529
0.059120,0.068793,0.089099,0.079643,0.050043,0.077196,0.306750,0.063330,0.102730,0.103297
