0.019430,0.075615,0.050709,0.064788,0.453734,0.132593,0.053443,0.019451,0.076166,0.054072
0.054150,0.175994,0.108019,0.113627,0.105026,0.134924,0.111965,0.105316,0.047087,0.043891
0.052806,0.085642,0.093950,0.182577,0.184683,0.071427,0.129037,0.071479,0.069914,0.058486
0.055431,0.128724,0.112656,0.094783,0.115435,0.125804,0.117708,0.106440,0.048557,0.094460
0.047122,0.137893,0.040170,0.096216,0.146462,0.221604,0.128865,0.036312,0.061343,0.084013
0.033565,0.173794,0.091693,0.091550,0.085886,0.103486,0.221039,0.082274,0.079710,0.037003
0.050291,0.042917,0.021376,0.065512,0.441691,0.125047,0.073717,0.073607,0.034733,0.071110
0.047534,0.127938,0.046185,0.130240,0.117210,0.147924,0.108857,0.144325,0.078043,0.051743
0.036271,0.098054,0.073286,0.111325,0.114112,0.162193,0.099218,0.130454,0.063247,0.111841
0.041530,0.138762,0.122450,0.114339,0.133023,0.054932,0.087488,0.122302,0.052407,0.132767
0.021716,0.074618,0.206661,0.071503,0.390849,0.067137,0.057833,0.017709,0.040170,0.051805
0.041048,0.107217,0.121039,0.101814,0.198167,0.054558,0.115388,0.107500,0.053190,0.100079
0.064604,0.140747,0.090797,0.085041,0.237426,0.044347,0.172403,0.080677,0.038330,0.045628
0.029991,0.127786,0.297824,0.090345,0.091720,0.125457,0.094881,0.050678,0.045074,0.046245
0.081101,0.095629,0.102640,0.102399,0.100867,0.129797,0.107728,0.096029,0.092177,0.091632
0.026473,0.104338,0.094799,0.078813,0.177307,0.089740,0.187102,0.082522,0.080928,0.077978
0.032528,0.153055,0.094451,0.094072,0.198274,0.115084,0.090511,0.088817,0.045025,0.088184
0.038076,0.119482,0.112689,0.081000,0.251413,0.049485,0.110140,0.100256,0.048678,0.088781
0.031377,0.087267,0.096320,0.087627,0.286508,0.044926,0.103823,0.099226,0.097022,0.065904
0.043333,0.112462,0.123837,0.085783,0.238230,0.052285,0.111891,0.105312,0.044238,0.082629
0.063260,0.123541,0.252933,0.066902,0.064386,0.083214,0.161166,0.066692,0.055362,0.062545
0.034181,0.094861,0.069125,0.118010,0.131188,0.185656,0.120958,0.077110,0.077673,0.091237
0.047630,0.144165,0.077920,0.130829,0.108886,0.179452,0.130564,0.029927,0.049431,0.101197
0.026360,0.055033,0.210981,0.073385,0.388101,0.088513,0.060400,0.017587,0.027904,0.051736
0.057948,0.105534,0.073756,0.107236,0.147491,0.062944,0.117096,0.180414,0.081300,0.066281
0.034054,0.135479,0.137177,0.136340,0.137088,0.068742,0.136426,0.033454,0.052468,0.128773
0.042632,0.089660,0.098756,0.098292,0.091252,0.091094,0.204044,0.089754,0.099916,0.094601
0.036378,0.083933,0.285123,0.086925,0.167509,0.116740,0.088443,0.048071,0.042454,0.044423
0.050696,0.093591,0.051258,0.106977,0.151907,0.227269,0.093676,0.073833,0.065554,0.085239
0.062840,0.144112,0.102927,0.100723,0.103641,0.076301,0.176220,0.025597,0.108378,0.099260
0.016120,0.097515,0.310302,0.067669,0.264095,0.038239,0.089661,0.017142,0.061282,0.037974
0.024063,0.039237,0.195783,0.053336,0.439911,0.066688,0.051562,0.064823,0.021724,0.042874
0.054152,0.107256,0.037762,0.115884,0.137810,0.206716,0.121780,0.034245,0.081829,0.102566
0.044534,0.111914,0.132997,0.117594,0.124515,0.055874,0.130272,0.118108,0.047367,0.116827
0.024068,0.072075,0.233824,0.071053,0.228674,0.111331,0.075152,0.078999,0.025625,0.079199
0.048521,0.094705,0.096848,0.093359,0.181871,0.121648,0.194663,0.022339,0.046491,0.099556
0.036192,0.086850,0.114026,0.101894,0.284373,0.044446,0.075449,0.103310,0.041716,0.111745
0.048682,0.125202,0.137287,0.120714,0.128859,0.051878,0.121780,0.072424,0.095428,0.097747
0.033664,0.075173,0.323142,0.080113,0.083270,0.108268,0.101925,0.091236,0.052942,0.050267
0.081507,0.106319,0.113870,0.093685,0.107064,0.142309,0.105220,0.104076,0.046814,0.099135
0.054165,0.088825,0.053020,0.114362,0.151796,0.133731,0.125063,0.163747,0.053550,0.061742
0.036318,0.072466,0.285669,0.065528,0.075703,0.072521,0.073720,0.017812,0.220916,0.079346
0.098413,0.100205,0.117968,0.098696,0.112349,0.129266,0.116065,0.026348,0.122129,0.078561
0.019525,0.041268,0.187676,0.048979,0.454229,0.071043,0.055592,0.049950,0.020521,0.051218
0.039925,0.108235,0.129633,0.105718,0.114716,0.067892,0.163230,0.112078,0.050621,0.107952
0.020303,0.072099,0.023151,0.055381,0.537892,0.103238,0.091099,0.020607,0.051105,0.025126
0.048007,0.188667,0.105129,0.110784,0.103389,0.138345,0.088590,0.099110,0.049578,0.068400
0.034457,0.064617,0.047899,0.074944,0.406164,0.099509,0.070330,0.095468,0.032262,0.074350
0.075637,0.101242,0.105819,0.086429,0.173248,0.131795,0.082028,0.060395,0.096723,0.086684
0.031125,0.138052,0.333537,0.084717,0.076477,0.123966,0.077995,0.019642,0.042377,0.072113
0.031862,0.073331,0.025095,0.078835,0.511245,0.036248,0.069060,0.066297,0.025522,0.082504
0.045379,0.084416,0.103532,0.093125,0.155828,0.111241,0.182751,0.087236,0.040752,0.095740
0.025794,0.086613,0.310516,0.097381,0.092479,0.091466,0.093321,0.087693,0.068842,0.045895
0.043712,0.121846,0.040485,0.111945,0.098644,0.234173,0.104990,0.144604,0.048347,0.051256
0.044590,0.071138,0.269197,0.068213,0.214156,0.088225,0.078570,0.042776,0.058697,0.064436
0.104925,0.102274,0.109096,0.090915,0.105230,0.106917,0.104685,0.108827,0.053374,0.113758
0.035050,0.081104,0.068423,0.130341,0.127576,0.132051,0.095760,0.127443,0.068484,0.133767
0.057761,0.168392,0.128242,0.101019,0.123402,0.069569,0.133301,0.121036,0.050042,0.047236
0.060919,0.115946,0.206604,0.053283,0.176495,0.068643,0.162857,0.056373,0.065200,0.033679
0.026317,0.078736,0.273378,0.075244,0.212522,0.109767,0.057517,0.068328,0.033335,0.064857
0.028100,0.068371,0.267205,0.081874,0.073594,0.134222,0.122352,0.087947,0.051649,0.084686
0.024613,0.085259,0.287352,0.074101,0.090058,0.091224,0.165690,0.051248,0.043728,0.086727
0.046642,0.097427,0.116582,0.113057,0.111429,0.154914,0.089163,0.065907,0.103261,0.101618
0.092837,0.125261,0.041632,0.106704,0.102837,0.145922,0.141162,0.138828,0.051655,0.053161
0.029763,0.095930,0.096503,0.094648,0.095583,0.128235,0.203927,0.094574,0.063638,0.097199
0.057572,0.106806,0.118301,0.104162,0.111927,0.145546,0.115496,0.099422,0.096608,0.044160
0.045290,0.073872,0.035312,0.062810,0.375945,0.048139,0.095376,0.127504,0.047068,0.088684
0.049627,0.129752,0.129614,0.109888,0.120808,0.055294,0.111327,0.116590,0.051573,0.125528
0.033326,0.108900,0.041789,0.124113,0.090374,0.210485,0.093030,0.119977,0.066790,0.111217
0.041570,0.149273,0.106012,0.084429,0.291772,0.048951,0.132115,0.060661,0.044084,0.041134
0.039454,0.143270,0.117405,0.111840,0.107101,0.064959,0.109614,0.101772,0.084875,0.119710
0.085490,0.082698,0.087967,0.081068,0.118438,0.112978,0.184177,0.072916,0.086761,0.087506
0.034122,0.058800,0.319685,0.090748,0.306800,0.037238,0.063134,0.023639,0.033273,0.032562
0.052012,0.122127,0.064646,0.148422,0.144472,0.069482,0.167218,0.079478,0.065959,0.086183
0.033350,0.086524,0.332001,0.062114,0.246317,0.037969,0.107776,0.018698,0.034493,0.040757
0.048615,0.190437,0.103619,0.101564,0.099523,0.151967,0.114175,0.025061,0.063792,0.101246
0.030605,0.180750,0.102130,0.098639,0.093875,0.132080,0.107652,0.102022,0.088599,0.063647
0.022827,0.059909,0.029240,0.090163,0.480706,0.090527,0.064002,0.077861,0.030810,0.053954
0.030454,0.169748,0.103844,0.097785,0.158668,0.126201,0.104138,0.061281,0.044622,0.103259
0.028554,0.126273,0.231178,0.061945,0.162858,0.097829,0.162336,0.064090,0.037583,0.027354
0.109161,0.105252,0.121518,0.111685,0.116216,0.054854,0.158023,0.064669,0.065554,0.093067
0.093914,0.084499,0.098531,0.095561,0.146128,0.111104,0.074985,0.098415,0.092164,0.104698
0.031525,0.076888,0.292036,0.087636,0.181029,0.126382,0.060757,0.080246,0.032558,0.030943
0.044631,0.085079,0.277096,0.077048,0.089719,0.102314,0.147753,0.084298,0.044008,0.048054
0.039166,0.125067,0.303900,0.082472,0.088677,0.117257,0.063292,0.086388,0.034189,0.059591
0.032318,0.117090,0.120987,0.124963,0.113435,0.167106,0.118519,0.028324,0.071150,0.106106
0.097942,0.116915,0.108590,0.102837,0.102688,0.143286,0.097992,0.096286,0.043629,0.089835
0.026214,0.057154,0.024470,0.045757,0.502871,0.129246,0.065388,0.072832,0.038196,0.037873
0.024690,0.055459,0.022459,0.079880,0.494250,0.093719,0.062870,0.079564,0.036900,0.050208
0.049264,0.100509,0.109796,0.090622,0.098586,0.132400,0.110706,0.099695,0.106968,0.101454
0.039139,0.071349,0.183880,0.060097,0.374743,0.086877,0.051290,0.055183,0.020731,0.056712
0.037600,0.095394,0.071494,0.124421,0.103229,0.164242,0.125180,0.139697,0.049927,0.088816
0.033765,0.066246,0.382309,0.110309,0.060518,0.043817,0.070521,0.121288,0.050671,0.060557
0.056000,0.101983,0.104750,0.105451,0.105639,0.142743,0.104723,0.094411,0.086607,0.097693
0.066933,0.069800,0.311419,0.081235,0.085833,0.135290,0.082200,0.081854,0.033393,0.052042
0.041254,0.102169,0.042879,0.120743,0.144026,0.136841,0.145042,0.141675,0.080420,0.044951
0.048951,0.122616,0.127487,0.118851,0.233390,0.060174,0.118032,0.029129,0.095889,0.045482
0.041868,0.105207,0.114647,0.101572,0.110121,0.126297,0.110518,0.107752,0.064756,0.117261
0.048767,0.093974,0.046166,0.169155,0.156339,0.161792,0.134041,0.072259,0.055569,0.061939
0.036375,0.113698,0.117852,0.122328,0.113582,0.127376,0.113666,0.108977,0.042255,0.103891
0.049228,0.102152,0.106751,0.111414,0.251025,0.054646,0.105807,0.025057,0.096694,0.097228
0.083226,0.098004,0.102817,0.102499,0.131466,0.097386,0.187394,0.059718,0.043644,0.093846
0.099523,0.118042,0.108928,0.084489,0.107869,0.136434,0.099243,0.101192,0.043304,0.100975
0.029753,0.079239,0.285428,0.076100,0.188967,0.093286,0.081561,0.043922,0.036837,0.084907
0.039368,0.134082,0.107198,0.107279,0.109355,0.062718,0.193348,0.099442,0.043176,0.104035
0.037883,0.099150,0.117611,0.101791,0.273951,0.043634,0.078603,0.095098,0.078278,0.074000
0.066157,0.091300,0.366988,0.077115,0.081044,0.038767,0.101196,0.084956,0.030708,0.061769
0.045771,0.168701,0.105740,0.104568,0.105762,0.119252,0.106368,0.098396,0.047142,0.098299
0.036094,0.119099,0.069455,0.109628,0.101080,0.159423,0.108952,0.135726,0.052954,0.107590
0.037846,0.132091,0.040235,0.147273,0.143530,0.171244,0.155005,0.037704,0.066047,0.069026
0.043949,0.093904,0.108578,0.105297,0.134887,0.109175,0.111724,0.101344,0.095686,0.095455
0.053039,0.092265,0.095268,0.096317,0.095784,0.135099,0.206774,0.059810,0.062290,0.103355
0.037654,0.112387,0.121171,0.106151,0.124207,0.172510,0.097407,0.072027,0.053466,0.103021
0.062464,0.098086,0.104761,0.098831,0.224596,0.053715,0.075662,0.106377,0.077217,0.098291
0.018277,0.109874,0.271748,0.063641,0.183698,0.069256,0.146429,0.069017,0.032720,0.035339
0.020514,0.065827,0.241828,0.064444,0.349439,0.030644,0.067338,0.017633,0.071002,0.071331
0.048480,0.100507,0.103334,0.099003,0.161469,0.131041,0.108494,0.096374,0.058221,0.093076
0.049450,0.093862,0.039113,0.078196,0.133885,0.170282,0.133176,0.142845,0.099382,0.059808
0.023109,0.075582,0.045605,0.070798,0.439894,0.119811,0.078788,0.040522,0.035061,0.070830
0.078820,0.078522,0.093040,0.081580,0.323263,0.036902,0.119877,0.084829,0.034350,0.068817
0.063948,0.106614,0.118147,0.112458,0.113031,0.158963,0.128381,0.028613,0.057160,0.112683
0.029223,0.093189,0.095585,0.078369,0.142959,0.126114,0.181812,0.084087,0.109762,0.058899
0.037733,0.081051,0.372265,0.087873,0.093118,0.041444,0.079101,0.097469,0.039419,0.070527
0.083668,0.153985,0.086703,0.083582,0.081672,0.109431,0.208091,0.073638,0.036481,0.082748
0.042544,0.118497,0.036398,0.136725,0.113677,0.210598,0.097731,0.062353,0.055659,0.125819
0.022188,0.052959,0.199941,0.054555,0.412786,0.070640,0.070497,0.056494,0.031582,0.028359
0.032064,0.073486,0.289252,0.083913,0.083331,0.141375,0.095970,0.080312,0.052435,0.067862
0.031316,0.077701,0.333316,0.079745,0.088906,0.041546,0.113544,0.083437,0.059389,0.091100
0.029527,0.145085,0.225759,0.067658,0.075002,0.102013,0.170156,0.046066,0.064612,0.074122
0.038155,0.135921,0.042034,0.109638,0.146349,0.066532,0.134691,0.147369,0.047187,0.132124
0.025323,0.062106,0.045897,0.058540,0.413258,0.123761,0.085886,0.090068,0.037850,0.057311
0.032789,0.082809,0.360610,0.090818,0.098163,0.049428,0.091853,0.053300,0.036966,0.103263
0.068816,0.106690,0.284694,0.084222,0.097264,0.109892,0.093255,0.081480,0.033695,0.039992
0.074548,0.095230,0.100564,0.088364,0.094065,0.108918,0.209632,0.091554,0.041323,0.095802
0.032751,0.103808,0.106632,0.112126,0.182793,0.146496,0.093192,0.026099,0.078876,0.117226
0.024729,0.070793,0.022827,0.074597,0.498909,0.094852,0.074244,0.081690,0.028059,0.029300
0.046412,0.046295,0.021210,0.069921,0.526772,0.109952,0.068591,0.066180,0.022668,0.021998
0.029804,0.054621,0.045351,0.059955,0.429418,0.121180,0.091209,0.070128,0.025528,0.072807
0.063009,0.102558,0.078899,0.124472,0.154051,0.060193,0.126839,0.115624,0.073358,0.100996
0.038368,0.095568,0.101368,0.099977,0.094290,0.094042,0.202874,0.094486,0.084387,0.094638
0.033479,0.112164,0.320128,0.061074,0.077846,0.041181,0.135495,0.083253,0.063282,0.072098
0.037379,0.116751,0.283626,0.092621,0.096697,0.142687,0.099551,0.025336,0.060627,0.044725
0.049596,0.109342,0.048737,0.116798,0.143044,0.224542,0.127941,0.066758,0.056164,0.057078
0.038526,0.136700,0.041660,0.120125,0.119465,0.184939,0.115253,0.136634,0.049941,0.056757
0.066767,0.155354,0.284721,0.085486,0.079531,0.118161,0.068347,0.020326,0.041300,0.080009
0.047132,0.136727,0.051505,0.098360,0.138179,0.183235,0.135340,0.038865,0.086218,0.084440
0.031550,0.095507,0.326917,0.081747,0.104561,0.044857,0.100360,0.104094,0.046021,0.064386
0.075877,0.155538,0.105171,0.110422,0.190196,0.121920,0.110294,0.025080,0.061482,0.044022
0.027980,0.075867,0.313872,0.072748,0.088709,0.112174,0.095338,0.093283,0.076833,0.043195
0.032254,0.119609,0.067955,0.126674,0.103535,0.137288,0.127112,0.111982,0.062258,0.111332
0.033251,0.117514,0.103906,0.101715,0.103154,0.113712,0.225305,0.096305,0.059644,0.045494
0.026204,0.038719,0.329166,0.067389,0.243457,0.039584,0.085367,0.103803,0.037364,0.028947
0.059373,0.114599,0.122885,0.113338,0.111825,0.131268,0.121424,0.118332,0.035268,0.071686
0.052005,0.114573,0.115152,0.110851,0.115891,0.053701,0.170827,0.116198,0.093372,0.057430
0.038655,0.047754,0.031821,0.100904,0.491896,0.042092,0.102423,0.047554,0.044909,0.051993
0.019485,0.069973,0.184003,0.051939,0.387170,0.079965,0.070882,0.057212,0.021003,0.058368
0.044181,0.104219,0.078436,0.085185,0.137011,0.158614,0.119552,0.128766,0.049163,0.094872
0.021565,0.079897,0.023283,0.061027,0.521066,0.100138,0.065737,0.074268,0.028717,0.024302
0.035427,0.110155,0.117939,0.119161,0.125960,0.059679,0.156404,0.114950,0.046432,0.113894
0.040314,0.121074,0.065917,0.096198,0.122550,0.182726,0.124270,0.067761,0.063969,0.115221
0.038246,0.128601,0.075189,0.098717,0.118860,0.154775,0.119540,0.137843,0.082822,0.045406
0.047116,0.112070,0.139413,0.116422,0.241002,0.057099,0.117442,0.070135,0.053166,0.046136
0.048182,0.067014,0.211878,0.045019,0.407000,0.026815,0.069130,0.062914,0.027916,0.034132
0.064751,0.075090,0.440659,0.060285,0.067609,0.044692,0.109865,0.042348,0.046149,0.048552
0.024416,0.048943,0.027499,0.078397,0.430223,0.139794,0.073826,0.084814,0.042764,0.049325
0.049329,0.095786,0.338615,0.107135,0.094339,0.044531,0.100013,0.051537,0.035269,0.083445
0.026903,0.052998,0.023067,0.063372,0.509082,0.094429,0.062182,0.081097,0.051754,0.035116
0.026405,0.069737,0.209193,0.067647,0.347804,0.032432,0.066237,0.076052,0.029870,0.074622
0.043990,0.157005,0.098626,0.090289,0.097685,0.057043,0.194816,0.097856,0.077296,0.085393
0.026632,0.180523,0.090164,0.092087,0.089406,0.112347,0.215231,0.055941,0.048419,0.089250
0.046454,0.113155,0.117800,0.114839,0.122997,0.055512,0.128288,0.121125,0.120366,0.059465
0.028775,0.094834,0.105153,0.096650,0.244818,0.046439,0.102904,0.096773,0.078644,0.105011
0.064071,0.112617,0.110051,0.118896,0.109822,0.150979,0.098228,0.027100,0.094974,0.113261
0.063519,0.067703,0.051620,0.080856,0.345926,0.146183,0.080815,0.048246,0.035632,0.079498
0.022647,0.051082,0.025509,0.068313,0.523206,0.032229,0.068496,0.101303,0.031091,0.076124
0.031343,0.124363,0.035545,0.104707,0.104935,0.152789,0.127657,0.105955,0.108468,0.104237
0.029291,0.089090,0.369551,0.075938,0.096367,0.039495,0.099329,0.117185,0.039017,0.044737
0.058827,0.136588,0.079154,0.153510,0.157874,0.056916,0.149507,0.041830,0.060425,0.105370
0.021980,0.054570,0.249192,0.077682,0.365793,0.034561,0.063825,0.036731,0.030206,0.065458
0.063133,0.077332,0.257754,0.064700,0.181124,0.095304,0.117352,0.065808,0.027314,0.050179
0.034475,0.099755,0.115900,0.095745,0.109074,0.123973,0.200480,0.103903,0.047204,0.069491
0.059037,0.101347,0.116082,0.097439,0.253407,0.050769,0.097416,0.102683,0.049058,0.072762
0.031329,0.061080,0.038193,0.097930,0.412726,0.039467,0.104823,0.051470,0.044120,0.118862
0.031947,0.058379,0.425843,0.124106,0.079600,0.042468,0.071034,0.051621,0.038262,0.076739
0.035728,0.085625,0.290204,0.073196,0.088867,0.128175,0.095982,0.094075,0.038892,0.069257
0.036652,0.112750,0.102422,0.096498,0.094949,0.096500,0.218287,0.086246,0.051090,0.104606
0.038812,0.061688,0.027216,0.100068,0.479815,0.094218,0.068635,0.043345,0.029076,0.057126
0.052418,0.151538,0.114668,0.091956,0.122867,0.066306,0.114562,0.111332,0.063603,0.110751
0.043601,0.124543,0.111426,0.105333,0.110530,0.137835,0.111944,0.111223,0.047402,0.096162
0.037558,0.136988,0.120557,0.090969,0.130795,0.058679,0.130761,0.121267,0.051606,0.120821
0.050905,0.124150,0.128168,0.115955,0.122063,0.070580,0.170392,0.029311,0.068133,0.120344
0.056374,0.107498,0.095742,0.129797,0.181277,0.081341,0.147652,0.073101,0.071429,0.055789
0.039136,0.069584,0.031081,0.055364,0.450965,0.088005,0.056900,0.110368,0.035610,0.062987
0.035473,0.073047,0.287756,0.080344,0.084739,0.126022,0.106489,0.094337,0.030338,0.081454
0.056102,0.153893,0.089381,0.091796,0.090900,0.089383,0.188969,0.082735,0.098229,0.058611
0.055925,0.095449,0.175720,0.057123,0.145485,0.079820,0.059355,0.014417,0.261981,0.054725
0.027050,0.071985,0.383705,0.083303,0.084421,0.042247,0.093313,0.091099,0.034625,0.088251
0.056054,0.102684,0.073519,0.134314,0.142833,0.176899,0.144047,0.069449,0.053702,0.046498
0.051010,0.115662,0.121971,0.104222,0.121369,0.135150,0.120588,0.073212,0.043424,0.113393
0.044905,0.115031,0.076391,0.105874,0.109994,0.056935,0.139025,0.142311,0.061722,0.147811
0.044392,0.106982,0.045648,0.129893,0.124432,0.238477,0.091301,0.079252,0.063242,0.076380
0.032800,0.068399,0.035479,0.055873,0.507684,0.036631,0.079854,0.072101,0.054727,0.056453
0.032324,0.048668,0.027067,0.085083,0.518654,0.077041,0.070085,0.082566,0.028844,0.029668
0.042845,0.083693,0.312883,0.104633,0.113667,0.044673,0.069717,0.111646,0.039621,0.076622
0.050815,0.096451,0.071636,0.081045,0.132288,0.182376,0.112482,0.135567,0.048834,0.088507
0.027566,0.087981,0.329893,0.101760,0.084457,0.046678,0.090682,0.084096,0.056728,0.090159
0.025889,0.090229,0.089055,0.086277,0.213201,0.121678,0.191040,0.022452,0.068113,0.092066
0.030561,0.049205,0.344334,0.060466,0.220553,0.036493,0.074873,0.107406,0.037232,0.038877
0.035734,0.110934,0.112570,0.115445,0.105475,0.147803,0.110767,0.098307,0.051122,0.111843
0.016639,0.119625,0.242174,0.061955,0.185143,0.072246,0.155398,0.037312,0.054233,0.055275
0.040496,0.079183,0.315835,0.084409,0.091846,0.092163,0.094792,0.082896,0.037690,0.080690
0.107758,0.109455,0.117431,0.108897,0.113889,0.112210,0.114106,0.104457,0.048125,0.063671
0.035223,0.095399,0.099164,0.095070,0.159435,0.096838,0.203052,0.092634,0.040443,0.082741
0.053590,0.100132,0.048058,0.136810,0.115091,0.174077,0.142571,0.068830,0.068295,0.092546
0.041750,0.095687,0.095685,0.093328,0.093488,0.132810,0.216877,0.093876,0.050122,0.086377
0.039288,0.089734,0.042985,0.109489,0.147326,0.189185,0.121268,0.116052,0.052051,0.092624
0.081052,0.081362,0.265536,0.083539,0.082715,0.091008,0.093512,0.082784,0.054361,0.084131
0.066297,0.086580,0.273542,0.059995,0.095288,0.106695,0.091915,0.095242,0.043841,0.080604
0.030316,0.046997,0.025547,0.042971,0.541047,0.109785,0.075519,0.078230,0.026331,0.023258
0.025544,0.100538,0.302171,0.091669,0.095412,0.110724,0.097105,0.095865,0.033618,0.047354
0.039184,0.079464,0.107182,0.101471,0.324954,0.046300,0.090228,0.079555,0.039341,0.092323
0.045306,0.123641,0.116094,0.089422,0.160602,0.137982,0.112206,0.064223,0.089663,0.060861
0.041616,0.143136,0.107740,0.099574,0.103471,0.051182,0.204369,0.106635,0.086640,0.055637
0.036049,0.059212,0.367779,0.112385,0.093169,0.041803,0.093543,0.091282,0.033373,0.071405
0.036629,0.115591,0.117200,0.101693,0.119106,0.130489,0.120572,0.103451,0.051594,0.103674
0.035865,0.088321,0.301613,0.074196,0.090145,0.099367,0.070952,0.090800,0.047777,0.100964
0.028528,0.109459,0.319935,0.098368,0.100337,0.046836,0.106554,0.097490,0.047255,0.045239
0.066104,0.124601,0.121817,0.118878,0.109531,0.120537,0.121412,0.029591,0.074227,0.113302
0.030561,0.056978,0.042158,0.065636,0.429643,0.130864,0.080232,0.084052,0.031785,0.048090
0.093300,0.116729,0.045422,0.110697,0.131242,0.132734,0.114347,0.033001,0.126044,0.096484
0.048946,0.099561,0.041619,0.144908,0.143574,0.140484,0.095074,0.146740,0.044577,0.094518
0.066370,0.129976,0.053279,0.124206,0.157140,0.060480,0.159821,0.041245,0.093300,0.114184
0.032494,0.159565,0.074473,0.075963,0.144563,0.083251,0.175565,0.066966,0.122912,0.064249
0.066741,0.116071,0.036746,0.087331,0.123059,0.199463,0.134417,0.033524,0.124125,0.078522
0.023338,0.099901,0.350902,0.082428,0.092145,0.048286,0.086449,0.072336,0.060736,0.083478
0.025463,0.100413,0.281443,0.081726,0.087051,0.146222,0.089257,0.088781,0.031640,0.068003
0.054068,0.113072,0.049716,0.119244,0.161432,0.065059,0.162116,0.123828,0.051467,0.099998
0.041471,0.105240,0.077394,0.120429,0.110195,0.149669,0.120654,0.070330,0.052478,0.152141
0.042433,0.128882,0.111548,0.114099,0.107419,0.125641,0.116257,0.110397,0.047608,0.095717
0.027773,0.075134,0.306259,0.099319,0.104805,0.119028,0.107215,0.051104,0.038085,0.071276
0.100316,0.177029,0.098006,0.099742,0.089628,0.126273,0.101993,0.097529,0.066910,0.042574
0.024653,0.090001,0.028271,0.069204,0.575460,0.040792,0.072266,0.025546,0.044822,0.028985
0.026941,0.051619,0.220044,0.076246,0.350522,0.095481,0.058660,0.069356,0.027749,0.023384
0.040838,0.102543,0.051120,0.120672,0.123001,0.146700,0.133051,0.156477,0.051789,0.073809
0.022731,0.083990,0.284513,0.071451,0.170653,0.106384,0.085052,0.045058,0.062149,0.068020
0.088931,0.102695,0.104980,0.092293,0.097092,0.143014,0.106645,0.064257,0.104844,0.095249
0.045145,0.107285,0.078008,0.192671,0.151110,0.068937,0.117645,0.060101,0.061876,0.117222
0.042253,0.074771,0.074674,0.077845,0.148112,0.097805,0.073361,0.017985,0.313167,0.080026
0.087278,0.086514,0.083094,0.089771,0.189997,0.081687,0.193697,0.021025,0.071164,0.095772
0.029881,0.069152,0.069301,0.073143,0.132329,0.093126,0.127872,0.016944,0.318366,0.069886
0.055297,0.119931,0.046972,0.116512,0.124824,0.165867,0.140011,0.034872,0.086086,0.109627
0.024731,0.088309,0.291236,0.074250,0.077157,0.110792,0.151484,0.075809,0.032237,0.073993
0.052651,0.120718,0.046292,0.109410,0.123476,0.202191,0.121984,0.034501,0.078922,0.109855
0.038927,0.143334,0.042363,0.097832,0.127840,0.228647,0.138481,0.070074,0.052769,0.059734
0.034142,0.094629,0.311679,0.091129,0.094785,0.104680,0.105543,0.026882,0.062639,0.073892
0.087249,0.153242,0.088806,0.086674,0.196824,0.086684,0.087379,0.081667,0.051473,0.080003
0.039318,0.102094,0.105337,0.111072,0.174515,0.119435,0.108542,0.092284,0.049775,0.097628
0.076683,0.174567,0.091775,0.076195,0.087818,0.097151,0.199352,0.053632,0.053797,0.089031
0.085864,0.128118,0.044367,0.101522,0.132733,0.160000,0.121176,0.124434,0.043948,0.057839
0.041136,0.098428,0.106781,0.095644,0.171986,0.111595,0.103883,0.098136,0.082184,0.090227
0.084394,0.165194,0.085413,0.088327,0.084530,0.083150,0.211822,0.075029,0.048870,0.073271
0.055183,0.115438,0.130039,0.122098,0.118221,0.053108,0.128154,0.123988,0.093283,0.060487
0.093040,0.150541,0.095967,0.080465,0.117342,0.113768,0.093666,0.089893,0.078680,0.086639
0.039954,0.083650,0.095416,0.091603,0.092733,0.104613,0.214571,0.093008,0.084216,0.100236
0.038897,0.158993,0.097225,0.100256,0.089109,0.054491,0.196874,0.096746,0.083862,0.083546
0.048024,0.132376,0.044474,0.121065,0.148889,0.153403,0.119136,0.117342,0.053350,0.061941
0.038737,0.107951,0.079387,0.117464,0.126523,0.213203,0.142145,0.036964,0.055226,0.082402
0.063219,0.064426,0.387847,0.089870,0.081196,0.043955,0.082253,0.019801,0.112305,0.055129
0.030027,0.055739,0.043773,0.062770,0.462283,0.119423,0.076623,0.040408,0.040701,0.068254
0.061303,0.096826,0.112159,0.115900,0.106342,0.140384,0.088874,0.066213,0.102846,0.109153
0.027076,0.077194,0.236270,0.064521,0.231888,0.101678,0.066783,0.063927,0.067802,0.062861
0.036579,0.082917,0.354200,0.106242,0.095119,0.045105,0.107478,0.099841,0.038908,0.033611
0.039763,0.096380,0.314073,0.083528,0.094901,0.104889,0.092238,0.049346,0.036889,0.087993
0.041989,0.066997,0.026703,0.087430,0.512585,0.037752,0.073085,0.024030,0.051741,0.077688
0.045455,0.076159,0.083781,0.124656,0.164164,0.063119,0.124108,0.173965,0.062060,0.082534
0.049999,0.098850,0.053292,0.110561,0.289502,0.057147,0.138968,0.073114,0.059158,0.069408
0.032797,0.116469,0.116459,0.106470,0.126201,0.064061,0.117163,0.121025,0.090451,0.108905
0.056890,0.063483,0.048939,0.067011,0.405832,0.110410,0.088616,0.069264,0.030575,0.058980
0.052076,0.061716,0.031481,0.067786,0.514905,0.034333,0.048610,0.110499,0.042934,0.035660
0.025879,0.086413,0.090352,0.088129,0.162061,0.117011,0.180717,0.080633,0.076333,0.092473
0.056080,0.081142,0.080920,0.100242,0.154983,0.069537,0.101039,0.175058,0.059275,0.121724
0.050696,0.054177,0.022925,0.082347,0.443392,0.124584,0.076753,0.062425,0.054338,0.028362
0.040723,0.108043,0.042561,0.149168,0.127216,0.053841,0.107033,0.152865,0.083461,0.135089
0.079824,0.164310,0.097458,0.097166,0.092238,0.122445,0.091546,0.084380,0.080581,0.090053
0.031530,0.189224,0.102710,0.106476,0.094031,0.135318,0.107237,0.089114,0.056006,0.088354
0.071102,0.070705,0.291686,0.084203,0.084555,0.150272,0.086509,0.063685,0.041755,0.055529
0.039894,0.098425,0.100325,0.100542,0.088549,0.094619,0.210839,0.093295,0.084863,0.088649
0.036796,0.099034,0.321524,0.111251,0.073224,0.152843,0.078062,0.050125,0.036850,0.040291
0.043930,0.099838,0.040641,0.087528,0.140894,0.146179,0.137300,0.141936,0.043810,0.117943
0.047259,0.101757,0.235201,0.071027,0.208956,0.112497,0.073866,0.018359,0.060211,0.070867
0.064372,0.114455,0.118043,0.111912,0.106021,0.157960,0.115741,0.027789,0.058269,0.125439
0.042107,0.050987,0.036311,0.053875,0.555791,0.045457,0.079795,0.039671,0.049387,0.046619
0.095661,0.094627,0.099320,0.096605,0.093299,0.117366,0.201653,0.058763,0.082763,0.059942
0.044479,0.081575,0.317625,0.079636,0.083534,0.124046,0.078224,0.080448,0.033099,0.077335
0.038290,0.112334,0.072115,0.106196,0.104984,0.184619,0.133735,0.118295,0.069967,0.059465
0.021811,0.064829,0.262512,0.076227,0.261620,0.035296,0.072209,0.018587,0.108699,0.078210
0.034169,0.083538,0.057745,0.070224,0.400417,0.116085,0.105776,0.056496,0.037979,0.037572
0.030974,0.064692,0.033568,0.078344,0.467835,0.044054,0.109057,0.080207,0.040440,0.050830
0.032501,0.066258,0.393930,0.065415,0.168386,0.040049,0.080274,0.070320,0.040093,0.042774
0.041794,0.125413,0.115067,0.107676,0.105833,0.125709,0.109106,0.110928,0.056444,0.102030
0.071349,0.088048,0.102251,0.107693,0.166644,0.115302,0.103346,0.103020,0.042467,0.099879
0.069288,0.104402,0.109392,0.105692,0.175589,0.157508,0.083356,0.105359,0.046434,0.042980
0.032930,0.107064,0.271620,0.092517,0.207263,0.106582,0.094094,0.021923,0.034870,0.031137
0.046851,0.049215,0.258539,0.054633,0.353178,0.030707,0.072967,0.059945,0.025011,0.048953
0.043450,0.101471,0.117793,0.117316,0.118943,0.135754,0.090839,0.067162,0.094811,0.112461
0.042916,0.097025,0.039784,0.114772,0.108848,0.206963,0.127760,0.140795,0.057420,0.063718
0.041268,0.093730,0.043711,0.116856,0.151929,0.150749,0.087794,0.152485,0.084773,0.076706
0.024985,0.105985,0.283066,0.061518,0.182231,0.087311,0.077349,0.042456,0.069137,0.065962
0.042702,0.108730,0.111653,0.104142,0.157721,0.142532,0.110536,0.103894,0.056739,0.061351
0.030051,0.063587,0.208763,0.069611,0.371649,0.032345,0.065491,0.033714,0.053686,0.071103
0.043124,0.150781,0.092397,0.089183,0.181477,0.128628,0.092723,0.083968,0.039818,0.097902
0.030370,0.100113,0.101853,0.103764,0.094198,0.130422,0.213507,0.061113,0.101791,0.062870
0.027466,0.064029,0.214716,0.070082,0.343516,0.102352,0.073054,0.018875,0.024947,0.060963
0.039030,0.111261,0.129817,0.125486,0.124093,0.064760,0.122317,0.119601,0.049844,0.113790
0.054478,0.138801,0.119922,0.115318,0.124012,0.054808,0.119175,0.066654,0.123394,0.083438
0.026147,0.050909,0.022510,0.075719,0.463055,0.123028,0.064574,0.074938,0.039670,0.059449
0.031023,0.094173,0.289488,0.087074,0.080370,0.140599,0.086833,0.084328,0.066971,0.039141
0.041076,0.098440,0.118271,0.108839,0.117961,0.134978,0.122415,0.109696,0.088533,0.059790
0.052922,0.106321,0.122355,0.102319,0.119481,0.159121,0.097212,0.116280,0.053512,0.070477
0.029383,0.096713,0.103597,0.104080,0.173474,0.123361,0.095687,0.096108,0.090926,0.086671
0.027059,0.098725,0.249846,0.058538,0.254938,0.076177,0.070002,0.067367,0.025240,0.072108
0.051362,0.082143,0.050358,0.128739,0.164825,0.072241,0.139839,0.077603,0.057485,0.175406
0.059683,0.083793,0.101432,0.092841,0.176496,0.112856,0.103920,0.098246,0.075277,0.095455
0.029290,0.074094,0.401271,0.072075,0.104123,0.054810,0.111459,0.056012,0.047692,0.049173
0.029594,0.097535,0.103393,0.101561,0.202778,0.103734,0.097715,0.102614,0.080010,0.081066
0.028828,0.096574,0.352385,0.085138,0.095107,0.094330,0.064145,0.088599,0.035328,0.059566
0.029692,0.084621,0.281307,0.084446,0.085905,0.132117,0.147993,0.020514,0.043767,0.089638
0.040327,0.102172,0.299414,0.104689,0.102712,0.104460,0.063365,0.050858,0.035245,0.096757
0.065251,0.149777,0.040564,0.114789,0.140778,0.180017,0.143479,0.036737,0.054261,0.074347
0.043180,0.120747,0.042901,0.114577,0.123345,0.195870,0.104566,0.129324,0.045312,0.080178
0.035928,0.115260,0.105393,0.097122,0.266547,0.046929,0.102029,0.090505,0.048190,0.092096
0.046177,0.116297,0.128123,0.129301,0.115539,0.059665,0.157846,0.070586,0.112659,0.063806
0.027518,0.160322,0.092890,0.087317,0.086990,0.099322,0.198975,0.056856,0.101080,0.088730
0.040842,0.127689,0.104279,0.105489,0.193373,0.052050,0.109035,0.107501,0.058329,0.101414
0.042559,0.128242,0.110527,0.091479,0.166684,0.158064,0.117955,0.064992,0.056836,0.062663
0.066502,0.127101,0.128445,0.120843,0.126814,0.080520,0.126582,0.030820,0.069192,0.123182
0.045405,0.115023,0.107260,0.093922,0.189404,0.112508,0.104000,0.101123,0.049320,0.082035
0.078863,0.080876,0.087785,0.089696,0.319264,0.039355,0.084646,0.095572,0.061494,0.062449
0.037255,0.090211,0.076065,0.118600,0.120342,0.195920,0.118673,0.079548,0.105293,0.058093
0.072018,0.073018,0.071830,0.075395,0.147289,0.080250,0.076060,0.017331,0.314811,0.071999
0.023847,0.065112,0.232858,0.059579,0.308682,0.088873,0.071230,0.079453,0.034359,0.036006
0.036895,0.079487,0.041042,0.134495,0.138231,0.177053,0.117648,0.145227,0.048429,0.081494
0.023729,0.081961,0.266445,0.075350,0.285024,0.037251,0.077124,0.079057,0.036997,0.037063
0.037062,0.088493,0.087869,0.087880,0.163014,0.126777,0.091824,0.020708,0.261344,0.035028
0.030918,0.096452,0.407857,0.052894,0.070202,0.049118,0.076175,0.128217,0.041402,0.046766
0.033952,0.157605,0.116299,0.118800,0.122860,0.065428,0.123770,0.115904,0.045263,0.100119
0.026498,0.067954,0.027358,0.089247,0.536696,0.032270,0.092776,0.024589,0.037904,0.064707
0.046325,0.156276,0.088683,0.116603,0.103265,0.065126,0.101814,0.195467,0.073828,0.052613
0.045228,0.074345,0.025226,0.081157,0.522658,0.036307,0.055249,0.023067,0.075039,0.061724
0.079886,0.080206,0.290509,0.067606,0.085233,0.112402,0.091912,0.080969,0.034111,0.077167
0.103201,0.101633,0.123193,0.126953,0.115017,0.052649,0.107161,0.112160,0.050209,0.107824
0.074155,0.132332,0.096316,0.113250,0.138230,0.074968,0.153354,0.046869,0.073133,0.097393
0.035451,0.106008,0.118989,0.098067,0.186193,0.113506,0.117643,0.108578,0.069992,0.045573
0.023242,0.052472,0.029217,0.065335,0.494310,0.088738,0.070187,0.091576,0.029932,0.054992
0.041297,0.134073,0.042264,0.125113,0.149390,0.186161,0.166723,0.038672,0.057130,0.059177
0.055412,0.120037,0.105545,0.104709,0.104317,0.117220,0.103183,0.101527,0.089589,0.098461
0.038585,0.098790,0.048117,0.143474,0.117230,0.140327,0.081635,0.111847,0.078637,0.141359
0.049021,0.123510,0.051238,0.109030,0.132547,0.062644,0.128723,0.189821,0.087836,0.065630
0.026514,0.049637,0.021448,0.058042,0.517945,0.075231,0.066380,0.073600,0.041074,0.070128
0.020785,0.107925,0.355872,0.087614,0.077666,0.039179,0.124148,0.080886,0.056603,0.049321
0.033156,0.100456,0.132582,0.109435,0.113568,0.060648,0.123973,0.117053,0.121461,0.087668
0.042220,0.095936,0.099824,0.086813,0.092248,0.132195,0.211345,0.091794,0.052850,0.094774
0.030653,0.184018,0.104391,0.097933,0.096201,0.113038,0.107907,0.100228,0.065786,0.099846
0.045495,0.078995,0.261294,0.079313,0.088726,0.120392,0.128107,0.082152,0.034609,0.080918
0.047378,0.069200,0.240367,0.071061,0.206574,0.077137,0.113650,0.068624,0.038809,0.067200
0.073326,0.078405,0.254641,0.075795,0.174752,0.098922,0.082636,0.044153,0.032908,0.084463
0.022818,0.055692,0.270417,0.060594,0.331347,0.029042,0.055833,0.067261,0.064005,0.042991
0.058122,0.110862,0.050633,0.099144,0.132171,0.222840,0.146331,0.037243,0.059760,0.082893
0.055242,0.103733,0.106182,0.100571,0.102872,0.112148,0.214739,0.095175,0.046813,0.062525
0.051491,0.169269,0.089984,0.090328,0.086241,0.101869,0.213432,0.082688,0.078284,0.036414
0.025029,0.051617,0.048848,0.067692,0.454020,0.094291,0.088653,0.096582,0.031714,0.041554
0.044435,0.117940,0.058125,0.155897,0.126243,0.063823,0.124809,0.181800,0.058633,0.068296
0.047610,0.146266,0.140922,0.122928,0.123034,0.057762,0.122031,0.119796,0.053147,0.066505
0.048728,0.092426,0.068594,0.132683,0.104019,0.187938,0.128765,0.102783,0.050903,0.083160
0.066523,0.113843,0.055552,0.101809,0.136477,0.192089,0.104432,0.087472,0.065994,0.075808
0.024809,0.076108,0.273502,0.070614,0.223697,0.091506,0.081029,0.074921,0.031573,0.052241
0.029547,0.147625,0.103275,0.105260,0.243056,0.052388,0.158370,0.058772,0.048219,0.053487
0.050620,0.144815,0.103284,0.101281,0.242530,0.053100,0.099342,0.024170,0.086719,0.094137
0.025261,0.073121,0.295302,0.100146,0.081591,0.150254,0.085501,0.096876,0.031938,0.060010
0.029037,0.091509,0.104425,0.092184,0.192391,0.115070,0.156346,0.094690,0.042227,0.082120
0.035753,0.088368,0.380005,0.093937,0.100243,0.049830,0.095823,0.075978,0.036185,0.043878
0.047592,0.127006,0.044668,0.142402,0.123413,0.069489,0.142324,0.144613,0.058640,0.099853
0.050668,0.104508,0.107100,0.106046,0.099984,0.058068,0.165986,0.101181,0.102320,0.104140
0.098458,0.089295,0.045258,0.086785,0.116690,0.057926,0.141087,0.175754,0.114816,0.073930
0.047534,0.097886,0.096976,0.092150,0.094800,0.126049,0.206873,0.090369,0.060045,0.087317
0.045253,0.188042,0.102730,0.103002,0.097255,0.135674,0.103596,0.091961,0.046877,0.085611
0.029320,0.068271,0.053589,0.062371,0.385502,0.131467,0.093527,0.050039,0.058278,0.067636
0.036943,0.100130,0.319064,0.109858,0.106756,0.100668,0.098735,0.024014,0.049477,0.054355
0.044219,0.102480,0.046150,0.154537,0.132508,0.161844,0.152733,0.081301,0.064756,0.059471
0.099014,0.092240,0.045610,0.112578,0.149329,0.193421,0.085590,0.070931,0.082336,0.068950
0.043067,0.106562,0.083053,0.177739,0.100477,0.068921,0.148245,0.172245,0.051687,0.048004
0.045973,0.084786,0.286143,0.087059,0.093053,0.102004,0.132670,0.052242,0.037126,0.078943
0.041053,0.075131,0.426587,0.055637,0.108965,0.051266,0.073433,0.080274,0.042535,0.045120
0.033090,0.076980,0.053224,0.118931,0.426959,0.044745,0.056834,0.118669,0.038394,0.032175
0.040875,0.074606,0.420722,0.091050,0.093505,0.044627,0.095624,0.022142,0.087601,0.029248
0.093354,0.086899,0.042800,0.142418,0.140743,0.148941,0.137488,0.113759,0.049783,0.043816
0.063437,0.088747,0.052404,0.074205,0.336055,0.119208,0.090058,0.077239,0.034265,0.064381
0.024599,0.081362,0.280790,0.071098,0.092849,0.120957,0.093166,0.081171,0.085097,0.068911
0.024846,0.066883,0.048734,0.064615,0.475627,0.106729,0.065910,0.043483,0.042594,0.060579
0.079498,0.081760,0.095501,0.090209,0.089738,0.124171,0.191000,0.079143,0.081045,0.087934
0.029594,0.068433,0.023152,0.070763,0.511354,0.080518,0.065865,0.037130,0.062680,0.050510
0.046649,0.118353,0.142458,0.126729,0.132107,0.059102,0.134126,0.131670,0.046460,0.062347
0.095443,0.087653,0.100985,0.117311,0.210380,0.048655,0.107910,0.101699,0.036168,0.093797
0.035338,0.103164,0.116940,0.114971,0.118619,0.148006,0.117291,0.119233,0.058338,0.068100
0.018285,0.062789,0.213875,0.071774,0.310994,0.107901,0.076329,0.070273,0.025172,0.042607
0.030680,0.149331,0.033507,0.110264,0.109283,0.178284,0.143132,0.120515,0.037440,0.087563
0.038368,0.119667,0.104902,0.090402,0.185999,0.116510,0.106422,0.092439,0.048425,0.096867
0.046906,0.094722,0.047224,0.134916,0.136069,0.143295,0.116596,0.122623,0.045882,0.111766
0.028965,0.060453,0.036396,0.107416,0.416106,0.107668,0.056965,0.086583,0.053891,0.045557
0.098141,0.106366,0.056175,0.112355,0.106455,0.066283,0.127840,0.171827,0.088020,0.066537
0.027079,0.069619,0.043926,0.054510,0.560149,0.034210,0.057384,0.021098,0.080028,0.051998
0.058804,0.124359,0.071896,0.070088,0.061653,0.080184,0.062813,0.016651,0.387856,0.065696
0.019564,0.067824,0.246070,0.081906,0.347225,0.031611,0.067228,0.018151,0.071588,0.048833
0.094626,0.075715,0.110860,0.096874,0.242599,0.048012,0.103622,0.105180,0.074063,0.048451
0.046825,0.112567,0.123222,0.092989,0.185928,0.065103,0.137883,0.130545,0.043282,0.061655
0.038647,0.106867,0.043561,0.159221,0.127177,0.145533,0.135994,0.071932,0.074268,0.096800
0.024424,0.084759,0.318724,0.089295,0.085497,0.100117,0.131836,0.080318,0.038295,0.046735
0.065828,0.116430,0.119203,0.108503,0.115091,0.165989,0.104711,0.029261,0.088794,0.086188
0.036516,0.075913,0.295633,0.085389,0.094105,0.106004,0.093043,0.091941,0.042801,0.078655
0.071605,0.073907,0.343458,0.079555,0.093692,0.044578,0.083422,0.089265,0.038006,0.082513
0.066145,0.165543,0.106364,0.106096,0.100094,0.136747,0.099106,0.064993,0.048653,0.106260
0.031050,0.132991,0.041030,0.112136,0.122802,0.187382,0.150487,0.128910,0.046964,0.046248
0.098483,0.141797,0.109821,0.102426,0.104815,0.052181,0.196079,0.058372,0.045638,0.090387
0.034929,0.103897,0.272177,0.079384,0.093763,0.132302,0.096694,0.060752,0.036241,0.089862
0.043243,0.107370,0.114029,0.113412,0.250398,0.057214,0.085109,0.108962,0.060670,0.059593
0.030459,0.071608,0.397450,0.090222,0.096537,0.045667,0.066961,0.095268,0.063298,0.042530
0.025466,0.138769,0.285110,0.090320,0.091904,0.105492,0.091809,0.053690,0.082196,0.035243
0.023497,0.074960,0.018318,0.054721,0.493618,0.074627,0.080559,0.071935,0.064002,0.043763
0.048183,0.119763,0.108421,0.098073,0.278944,0.048629,0.099541,0.103943,0.042868,0.051635
0.033717,0.125557,0.036898,0.109043,0.113688,0.158760,0.132632,0.127087,0.075942,0.086675
0.025695,0.082394,0.291045,0.087079,0.095196,0.119512,0.068038,0.086796,0.073032,0.071213
0.024647,0.092309,0.296973,0.073546,0.212661,0.089614,0.079288,0.072596,0.030470,0.027897
0.059553,0.128986,0.129498,0.116449,0.126163,0.061526,0.129954,0.073739,0.068570,0.105560
0.041564,0.120139,0.038130,0.076502,0.132679,0.163464,0.112399,0.134620,0.055702,0.124802
0.031359,0.059775,0.038364,0.113225,0.492352,0.044504,0.079056,0.053234,0.041948,0.046182
0.032311,0.086101,0.028077,0.090712,0.403283,0.117372,0.091659,0.072140,0.041293,0.037053
0.022917,0.070440,0.255508,0.054890,0.373904,0.026980,0.061730,0.062139,0.021038,0.050454
0.037036,0.074067,0.301929,0.083538,0.099824,0.145431,0.089245,0.094900,0.033689,0.040342
0.035066,0.153805,0.046305,0.125522,0.132159,0.211030,0.127705,0.033978,0.079943,0.054487
0.029801,0.074995,0.335260,0.080643,0.085953,0.110747,0.108306,0.091303,0.039897,0.043096
0.041946,0.095040,0.311036,0.093619,0.096922,0.133700,0.076022,0.023318,0.047877,0.080520
0.081731,0.121652,0.122547,0.133304,0.121888,0.175233,0.106175,0.028804,0.057853,0.050812
0.023474,0.086245,0.089090,0.079729,0.148943,0.099024,0.085838,0.020576,0.277661,0.089420
0.029112,0.092371,0.095256,0.097576,0.088545,0.101355,0.196024,0.084241,0.124510,0.091009
