0.025588,0.077914,0.051233,0.071995,0.386706,0.161305,0.064344,0.023324,0.076415,0.061177
0.055394,0.174486,0.099181,0.108917,0.100009,0.125463,0.116908,0.111258,0.059066,0.049317
0.055991,0.082697,0.083820,0.162461,0.160453,0.066677,0.145762,0.110580,0.071582,0.059976
0.053190,0.120322,0.103040,0.111762,0.109409,0.129707,0.106551,0.111469,0.054831,0.099719
0.054397,0.126411,0.048342,0.130839,0.144158,0.178610,0.125177,0.041586,0.066091,0.084389
0.047133,0.163427,0.084823,0.096000,0.083154,0.108677,0.215621,0.089097,0.072413,0.039655
0.060556,0.046326,0.026717,0.071704,0.390668,0.149031,0.070911,0.076334,0.033140,0.074612
0.047576,0.127007,0.047914,0.121163,0.113692,0.143710,0.117675,0.161055,0.068165,0.052043
0.040496,0.103087,0.068592,0.118738,0.120555,0.185753,0.085612,0.118637,0.050409,0.108122
0.058636,0.132157,0.115479,0.123363,0.121574,0.067477,0.100370,0.112619,0.046232,0.122092
0.029170,0.081693,0.205086,0.073515,0.335726,0.073453,0.063032,0.021729,0.045710,0.070886
0.055659,0.107899,0.116956,0.113936,0.157237,0.060733,0.118605,0.111091,0.049690,0.108193
0.079652,0.150918,0.079408,0.079667,0.191584,0.051696,0.205201,0.083144,0.028036,0.050695
0.044345,0.141504,0.281464,0.090682,0.088316,0.111101,0.087759,0.046914,0.053202,0.054712
0.100400,0.099200,0.095838,0.101455,0.096523,0.121648,0.098391,0.094582,0.091707,0.100256
0.040676,0.096277,0.087813,0.089977,0.152359,0.085223,0.209444,0.079873,0.078837,0.079520
0.051266,0.155145,0.092666,0.090536,0.171204,0.111707,0.089892,0.098730,0.047222,0.091634
0.052839,0.114950,0.106291,0.101703,0.199712,0.067349,0.105856,0.102240,0.045381,0.103679
0.051100,0.104040,0.096034,0.095284,0.190467,0.056734,0.115209,0.112130,0.098858,0.080143
0.051882,0.102903,0.118330,0.109955,0.188538,0.067967,0.111339,0.114123,0.050971,0.083992
0.066734,0.136266,0.208034,0.064950,0.064784,0.084369,0.165868,0.070655,0.058928,0.079411
0.042888,0.101456,0.070909,0.115082,0.125972,0.150928,0.120908,0.104510,0.072458,0.094889
0.060572,0.141181,0.078342,0.125858,0.116540,0.154693,0.127930,0.034955,0.048452,0.111478
0.032723,0.066519,0.210799,0.074920,0.323406,0.095057,0.074266,0.021348,0.029710,0.071250
0.059634,0.109978,0.072356,0.109711,0.148581,0.063220,0.115774,0.177155,0.073300,0.070290
0.055759,0.125600,0.121910,0.135274,0.124655,0.081522,0.127379,0.036186,0.065437,0.126279
0.054175,0.090212,0.094443,0.095257,0.089471,0.088416,0.208280,0.094943,0.095332,0.089470
0.036077,0.086080,0.267411,0.094514,0.176747,0.107689,0.085614,0.045210,0.047302,0.053356
0.049063,0.106918,0.056171,0.128123,0.145399,0.179281,0.101516,0.064365,0.063140,0.106024
0.069891,0.142651,0.098894,0.096993,0.100341,0.083102,0.182598,0.029949,0.096754,0.098828
0.026281,0.100265,0.273865,0.074094,0.245115,0.052672,0.094232,0.021902,0.063060,0.048512
0.032859,0.053125,0.208762,0.073214,0.315662,0.083101,0.070001,0.074700,0.029015,0.059560
0.062720,0.115878,0.042367,0.125594,0.126193,0.171796,0.115156,0.036238,0.082690,0.121368
0.060155,0.115300,0.118408,0.117641,0.117180,0.069787,0.119781,0.112153,0.052385,0.117211
0.027986,0.083926,0.238799,0.078763,0.203171,0.098821,0.074911,0.084168,0.027556,0.081899
0.065821,0.090685,0.092335,0.090863,0.164613,0.117188,0.209656,0.025678,0.053321,0.089841
0.048849,0.104911,0.111231,0.106077,0.214148,0.053485,0.088932,0.111979,0.050514,0.109875
0.056162,0.118324,0.128046,0.122907,0.126496,0.056914,0.127727,0.064218,0.085850,0.113357
0.038401,0.080549,0.293918,0.086079,0.100075,0.106424,0.087454,0.097398,0.057189,0.052514
0.102661,0.099200,0.102924,0.090496,0.098872,0.133243,0.101836,0.096452,0.057973,0.116344
0.054050,0.091597,0.053462,0.119631,0.138903,0.138408,0.132803,0.159713,0.046171,0.065263
0.044656,0.068780,0.222816,0.061928,0.069874,0.068963,0.069070,0.020092,0.304011,0.069808
0.107443,0.103051,0.107399,0.091984,0.103612,0.155368,0.109275,0.028379,0.110148,0.083340
0.025595,0.052858,0.225167,0.059752,0.305661,0.092166,0.072051,0.069458,0.029083,0.068207
0.058402,0.109363,0.115565,0.100822,0.112070,0.075753,0.176749,0.103688,0.044345,0.103243
0.027558,0.083806,0.029634,0.079831,0.473958,0.105233,0.088033,0.025106,0.055555,0.031286
0.065062,0.191772,0.094840,0.102530,0.096422,0.126706,0.092949,0.100959,0.053257,0.075503
0.038915,0.079205,0.051262,0.084936,0.340343,0.101389,0.086755,0.096304,0.037127,0.083764
0.099869,0.096746,0.096995,0.100912,0.167122,0.119737,0.087180,0.052482,0.090018,0.088938
0.040214,0.132414,0.288533,0.084807,0.077989,0.149810,0.080068,0.023834,0.041978,0.080353
0.037394,0.080343,0.030627,0.083595,0.460006,0.041260,0.072584,0.080333,0.029850,0.084008
0.039762,0.088803,0.093511,0.092609,0.148252,0.129137,0.186228,0.085898,0.043388,0.092411
0.031593,0.091758,0.266543,0.101977,0.096148,0.095224,0.096280,0.090904,0.071671,0.057901
0.042725,0.106351,0.043787,0.122786,0.118703,0.226594,0.115626,0.129037,0.042280,0.052111
0.075553,0.077453,0.221935,0.069925,0.190391,0.093685,0.088187,0.040186,0.058249,0.084437
0.107071,0.104341,0.107433,0.111738,0.102739,0.104193,0.105812,0.105141,0.046272,0.105261
0.039485,0.084909,0.065190,0.120413,0.120825,0.124155,0.112449,0.114004,0.102089,0.116480
0.065344,0.183894,0.112852,0.115996,0.109884,0.074564,0.116407,0.116989,0.055535,0.048534
0.062111,0.125880,0.194781,0.064034,0.147063,0.074054,0.167136,0.065268,0.058731,0.040941
0.040797,0.081862,0.252691,0.084274,0.156647,0.104315,0.072394,0.083576,0.032486,0.090957
0.027285,0.066692,0.248431,0.081998,0.074088,0.150972,0.122261,0.111269,0.045309,0.071694
0.038377,0.083103,0.257343,0.089621,0.082363,0.083448,0.193276,0.045550,0.041483,0.085438
0.059190,0.101076,0.103864,0.102362,0.099021,0.161189,0.094483,0.058010,0.102943,0.117860
0.101733,0.113484,0.046230,0.112315,0.129387,0.138154,0.120746,0.128095,0.053636,0.056220
0.051608,0.090149,0.089731,0.091676,0.090377,0.121409,0.201411,0.100056,0.072227,0.091355
0.067898,0.109001,0.112597,0.104407,0.108390,0.130888,0.110221,0.100914,0.105117,0.050566
0.047117,0.083031,0.038440,0.072633,0.346897,0.047056,0.098555,0.134551,0.043557,0.088162
0.048180,0.125339,0.120148,0.118164,0.115963,0.070311,0.118879,0.119186,0.045630,0.118198
0.035181,0.098036,0.044620,0.112551,0.113407,0.220449,0.107477,0.109753,0.060281,0.098244
0.050597,0.151971,0.101282,0.108892,0.226027,0.060745,0.146455,0.056405,0.051576,0.046051
0.056996,0.162795,0.110217,0.108693,0.106989,0.071650,0.108955,0.099218,0.066364,0.108121
0.081387,0.079284,0.081933,0.085040,0.120942,0.124457,0.194188,0.075392,0.077510,0.079867
0.045182,0.076246,0.319209,0.093094,0.243445,0.041712,0.072774,0.029651,0.037633,0.041052
0.052366,0.103111,0.065780,0.143567,0.155510,0.067181,0.159118,0.118672,0.055957,0.078738
0.043759,0.098375,0.284332,0.083828,0.208547,0.048097,0.124405,0.023309,0.033883,0.051464
0.060116,0.185743,0.094827,0.107147,0.095017,0.170107,0.105960,0.027627,0.056746,0.096712
0.034740,0.178047,0.096966,0.106214,0.093646,0.119319,0.113051,0.098781,0.085905,0.073331
0.029020,0.072844,0.035646,0.093662,0.416426,0.094999,0.065781,0.089683,0.037642,0.064299
0.031627,0.189185,0.098130,0.097373,0.164865,0.113956,0.107683,0.053909,0.049232,0.094041
0.034393,0.122584,0.226318,0.063673,0.142031,0.098591,0.163168,0.075334,0.042836,0.031073
0.111122,0.107308,0.111177,0.114537,0.109421,0.063196,0.162191,0.056190,0.056683,0.108174
0.092965,0.090272,0.090985,0.096985,0.145524,0.130828,0.080191,0.092866,0.086142,0.093242
0.041401,0.086953,0.251255,0.095551,0.137094,0.146808,0.075567,0.086032,0.041313,0.038025
0.053225,0.083370,0.247514,0.075050,0.084344,0.123848,0.153852,0.079231,0.043289,0.056277
0.043812,0.132560,0.275736,0.085124,0.083091,0.115668,0.072201,0.084724,0.039144,0.067941
0.073548,0.106936,0.108341,0.114308,0.106835,0.176598,0.108357,0.031238,0.068154,0.105685
0.097605,0.107331,0.099033,0.098908,0.095409,0.152147,0.098477,0.093116,0.049258,0.108715
0.031682,0.066614,0.030470,0.060661,0.473203,0.104609,0.067248,0.084075,0.042158,0.039280
0.027191,0.069391,0.028196,0.080287,0.424265,0.099330,0.072392,0.103381,0.037408,0.058160
0.063629,0.100149,0.101144,0.089563,0.094579,0.117312,0.112282,0.094222,0.112189,0.114931
0.048108,0.078463,0.201148,0.067074,0.322055,0.080055,0.055598,0.065142,0.026784,0.055573
0.042118,0.104576,0.068391,0.112478,0.121887,0.148146,0.131407,0.120420,0.052285,0.098291
0.039508,0.076878,0.331725,0.112129,0.071087,0.046476,0.076794,0.129045,0.050441,0.065916
0.064887,0.099498,0.100110,0.103823,0.100343,0.157390,0.101322,0.093259,0.082510,0.096858
0.076878,0.078714,0.277326,0.080471,0.088766,0.115415,0.092647,0.091724,0.031048,0.067012
0.048624,0.112471,0.047845,0.136435,0.141480,0.132121,0.125527,0.133035,0.073732,0.048730
0.065419,0.123782,0.126565,0.125711,0.190682,0.073237,0.118782,0.035447,0.088764,0.051611
0.059104,0.100915,0.104664,0.097170,0.102410,0.146562,0.101937,0.110455,0.073875,0.102909
0.049831,0.098525,0.051701,0.152098,0.152076,0.155881,0.148013,0.065114,0.056715,0.070047
0.059598,0.105865,0.108533,0.114602,0.104747,0.128742,0.108342,0.111664,0.049128,0.108779
0.043938,0.106373,0.107671,0.108785,0.222640,0.064222,0.109896,0.030501,0.100959,0.105016
0.094784,0.093464,0.097263,0.098787,0.126585,0.093711,0.199168,0.054176,0.049421,0.092640
0.099744,0.109715,0.101441,0.100849,0.099642,0.130342,0.100406,0.105944,0.051409,0.100508
0.037804,0.102835,0.240432,0.079215,0.163518,0.118880,0.093740,0.042110,0.037468,0.083998
0.044854,0.151932,0.091683,0.105514,0.096248,0.067513,0.207386,0.100341,0.034895,0.099635
0.054738,0.110003,0.113921,0.113947,0.194786,0.052468,0.091170,0.110086,0.078017,0.080865
0.074081,0.091930,0.315130,0.074882,0.084013,0.048662,0.126028,0.082086,0.027466,0.075723
0.056315,0.171739,0.097113,0.101060,0.099996,0.122727,0.100976,0.094969,0.054115,0.100989
0.039861,0.109133,0.068546,0.114378,0.118758,0.154944,0.103027,0.131240,0.050467,0.109645
0.040789,0.134239,0.046836,0.126595,0.138845,0.168039,0.155580,0.041558,0.068735,0.078785
0.056204,0.100056,0.100843,0.103252,0.124015,0.101547,0.099823,0.104184,0.096906,0.113170
0.046083,0.094760,0.091608,0.097505,0.094529,0.155096,0.206963,0.052474,0.065875,0.095107
0.041258,0.114399,0.109467,0.102932,0.112059,0.179566,0.106036,0.065778,0.060297,0.108208
0.092758,0.103163,0.098390,0.105666,0.177146,0.059212,0.083691,0.106975,0.071896,0.101103
0.022168,0.127651,0.226749,0.068747,0.156738,0.072362,0.160574,0.081367,0.040142,0.043501
0.028476,0.068995,0.247493,0.067482,0.311002,0.035231,0.077084,0.021492,0.072085,0.070661
0.062772,0.101963,0.097262,0.104347,0.147131,0.122212,0.100689,0.095732,0.072689,0.095202
0.046491,0.089361,0.038768,0.078533,0.114655,0.189341,0.133530,0.149289,0.110559,0.049473
0.030847,0.078695,0.051647,0.075224,0.400707,0.107840,0.096298,0.039894,0.038021,0.080827
0.086493,0.082200,0.091787,0.088664,0.244781,0.042557,0.152702,0.087236,0.040612,0.082969
0.079708,0.112458,0.110971,0.120901,0.106242,0.137250,0.128527,0.032203,0.063167,0.108573
0.031296,0.086951,0.089303,0.077682,0.140097,0.137142,0.194074,0.082522,0.096639,0.064294
0.042678,0.085917,0.312838,0.089352,0.097619,0.049109,0.090941,0.101834,0.038605,0.091106
0.078753,0.168405,0.082951,0.079674,0.076649,0.106881,0.216310,0.072910,0.040046,0.077421
0.041031,0.110457,0.042629,0.127345,0.117965,0.241532,0.095402,0.054064,0.051388,0.118186
0.029214,0.067573,0.202706,0.065258,0.341075,0.077658,0.080518,0.069493,0.031827,0.034678
0.037258,0.082825,0.269311,0.089463,0.096862,0.114987,0.084525,0.089131,0.057464,0.078175
0.029446,0.079963,0.311197,0.086322,0.084698,0.049464,0.129517,0.094078,0.051636,0.083679
0.038030,0.140440,0.212895,0.077299,0.070756,0.098154,0.168087,0.040441,0.067330,0.086568
0.043272,0.141054,0.047718,0.113781,0.139738,0.065378,0.137366,0.149039,0.043531,0.119124
0.035641,0.076769,0.053983,0.078654,0.347029,0.115954,0.083325,0.098726,0.040824,0.069095
0.044737,0.090627,0.315313,0.097950,0.105741,0.055745,0.103277,0.049227,0.036393,0.100990
0.077223,0.104697,0.256225,0.087854,0.093668,0.108184,0.101234,0.089186,0.035387,0.046342
0.088206,0.085704,0.088989,0.083096,0.084599,0.124672,0.219135,0.090697,0.047178,0.087723
0.033423,0.101771,0.103760,0.110490,0.182638,0.145062,0.100640,0.031061,0.084538,0.106617
0.028535,0.071504,0.029700,0.084627,0.445522,0.101088,0.084538,0.087645,0.031743,0.035097
0.063156,0.054950,0.029588,0.084490,0.425877,0.104084,0.092855,0.085015,0.030187,0.029799
0.042580,0.061760,0.047642,0.071663,0.381945,0.106996,0.105250,0.083456,0.026786,0.071923
0.063739,0.109940,0.072801,0.134722,0.145090,0.056714,0.124745,0.120096,0.073185,0.098968
0.055449,0.087779,0.094245,0.094003,0.089189,0.088090,0.205047,0.099638,0.078489,0.108071
0.037163,0.121077,0.283058,0.076867,0.075715,0.045238,0.160374,0.079494,0.048673,0.072340
0.047428,0.120506,0.266290,0.094098,0.094457,0.121221,0.110630,0.028500,0.058913,0.057956
0.053598,0.125850,0.053280,0.137157,0.140636,0.170639,0.139495,0.060424,0.053022,0.065899
0.040889,0.109749,0.043916,0.126650,0.116814,0.208405,0.120164,0.128672,0.046397,0.058343
0.093679,0.154551,0.263921,0.086291,0.076594,0.112717,0.077276,0.023012,0.029794,0.082166
0.044960,0.135038,0.055752,0.122529,0.131717,0.174577,0.141257,0.041508,0.072090,0.080571
0.042937,0.090154,0.292630,0.093271,0.099215,0.053813,0.100898,0.102618,0.042509,0.081954
0.086408,0.163848,0.099010,0.104502,0.160862,0.146536,0.104805,0.027632,0.059471,0.046927
0.029507,0.082825,0.274231,0.082887,0.096599,0.110231,0.094060,0.093540,0.088468,0.047652
0.040253,0.122008,0.068696,0.117539,0.108186,0.136772,0.136039,0.105671,0.058628,0.106208
0.036794,0.111197,0.097374,0.107298,0.097714,0.119877,0.227509,0.092661,0.059127,0.050450
0.034279,0.046921,0.336558,0.084923,0.141448,0.046651,0.079947,0.138320,0.052564,0.038388
0.072012,0.107384,0.111872,0.111657,0.105235,0.147118,0.108157,0.109855,0.046195,0.080514
0.060497,0.104558,0.100079,0.107723,0.104275,0.060786,0.187899,0.114285,0.095848,0.064050
0.040273,0.046384,0.035561,0.098870,0.484898,0.044565,0.079822,0.071362,0.042223,0.056042
0.024514,0.074431,0.194354,0.060072,0.341598,0.079798,0.072474,0.065805,0.027260,0.059695
0.042463,0.103698,0.073990,0.112037,0.128149,0.154806,0.109756,0.119355,0.049070,0.106677
0.027843,0.087759,0.029194,0.063963,0.462382,0.103741,0.075986,0.084777,0.035080,0.029276
0.037003,0.112914,0.109212,0.113256,0.114868,0.078592,0.158074,0.109420,0.051862,0.114799
0.041563,0.126700,0.067915,0.104561,0.124363,0.149219,0.113985,0.097517,0.069901,0.104277
0.041588,0.117406,0.075052,0.112668,0.132538,0.150098,0.112061,0.133472,0.075423,0.049694
0.058140,0.115822,0.132630,0.126969,0.189439,0.064894,0.131816,0.066119,0.061568,0.052604
0.060570,0.078934,0.218293,0.061412,0.330422,0.032915,0.071321,0.074865,0.030948,0.040321
0.072589,0.082455,0.373350,0.073685,0.091302,0.047117,0.089443,0.061698,0.058111,0.050250
0.025251,0.050071,0.030325,0.077233,0.393295,0.156830,0.087788,0.085042,0.039577,0.054587
0.065354,0.093258,0.289069,0.107976,0.104969,0.054356,0.106140,0.048390,0.041218,0.089270
0.030430,0.063161,0.028075,0.077522,0.453729,0.093708,0.062433,0.080584,0.074080,0.036278
0.032896,0.081674,0.222993,0.074791,0.276911,0.038834,0.078883,0.081925,0.033156,0.077937
0.048621,0.168167,0.082876,0.081925,0.084239,0.060159,0.229334,0.095928,0.069671,0.079081
0.029148,0.198766,0.084660,0.085313,0.083527,0.106762,0.217797,0.051538,0.039496,0.102992
0.058831,0.115134,0.104305,0.118746,0.117738,0.068954,0.120559,0.118715,0.112321,0.064697
0.033557,0.098039,0.104615,0.103262,0.207090,0.061431,0.105815,0.100068,0.082869,0.103254
0.079137,0.106488,0.106309,0.115501,0.104007,0.148660,0.104382,0.031193,0.097530,0.106792
0.073569,0.081626,0.054682,0.098139,0.318985,0.123870,0.081812,0.045063,0.034324,0.087929
0.027927,0.056711,0.031210,0.085217,0.481503,0.035806,0.080418,0.092859,0.037097,0.071253
0.037473,0.111663,0.039418,0.115446,0.115942,0.139553,0.108896,0.114020,0.109589,0.108001
0.036343,0.102172,0.322701,0.097468,0.106439,0.043178,0.087060,0.113649,0.041037,0.049952
0.066020,0.125526,0.078347,0.143995,0.143806,0.056988,0.154365,0.044014,0.067025,0.119913
0.030076,0.065648,0.240352,0.085385,0.308311,0.041139,0.079965,0.037218,0.035556,0.076350
0.068909,0.078210,0.220836,0.069870,0.168083,0.084498,0.142838,0.070514,0.031749,0.064493
0.055348,0.100565,0.102580,0.090233,0.097918,0.122200,0.215251,0.095960,0.045652,0.074293
0.086962,0.099989,0.109658,0.109199,0.181996,0.056889,0.108676,0.102925,0.049858,0.093849
0.033046,0.060855,0.040459,0.090449,0.456437,0.040752,0.087525,0.045813,0.039665,0.104998
0.038730,0.060906,0.381103,0.115244,0.084554,0.047332,0.090083,0.050801,0.043086,0.088162
0.041812,0.087409,0.267114,0.091006,0.090146,0.107234,0.101667,0.096662,0.042931,0.074021
0.052512,0.104407,0.093760,0.100445,0.088627,0.090977,0.238192,0.091435,0.048089,0.091556
0.047031,0.071208,0.030321,0.088659,0.463115,0.090432,0.080096,0.038344,0.030978,0.059817
0.061759,0.171078,0.101797,0.110623,0.109762,0.070888,0.110782,0.104661,0.048684,0.109966
0.067378,0.117238,0.106982,0.105739,0.104871,0.127941,0.106352,0.104674,0.062378,0.096447
0.040330,0.129619,0.107047,0.115236,0.120032,0.071631,0.124929,0.118728,0.057102,0.115344
0.068513,0.119662,0.121741,0.111126,0.117199,0.086969,0.160127,0.033635,0.064246,0.116782
0.055655,0.115541,0.087406,0.119475,0.165936,0.075765,0.142357,0.114289,0.064350,0.059227
0.039403,0.071204,0.032328,0.064818,0.442934,0.079641,0.055758,0.117164,0.030464,0.066287
0.054440,0.082262,0.257280,0.080237,0.093415,0.111236,0.108463,0.096046,0.028505,0.088116
0.062392,0.165033,0.083169,0.090418,0.085330,0.085409,0.190680,0.081157,0.091756,0.064657
0.056550,0.092607,0.169097,0.063489,0.130664,0.078406,0.057520,0.016584,0.278676,0.056409
0.035552,0.082433,0.335823,0.082858,0.090493,0.053811,0.108850,0.092183,0.031147,0.086851
0.061368,0.115999,0.076045,0.121754,0.133573,0.196644,0.126577,0.060708,0.057942,0.049391
0.069805,0.107605,0.110407,0.115207,0.109450,0.152955,0.114212,0.064330,0.050100,0.105929
0.051818,0.112276,0.076773,0.106480,0.137898,0.060109,0.118548,0.136735,0.059100,0.140264
0.049981,0.116723,0.050243,0.142616,0.128447,0.181083,0.092095,0.110248,0.056238,0.072327
0.044902,0.089197,0.047535,0.074490,0.349756,0.048075,0.091176,0.097197,0.083387,0.074285
0.044147,0.062688,0.033468,0.088402,0.436766,0.088309,0.087039,0.087273,0.036169,0.035739
0.044677,0.086867,0.323242,0.094024,0.104320,0.048467,0.074949,0.097944,0.036976,0.088533
0.057245,0.102271,0.071840,0.108585,0.127792,0.150781,0.107074,0.127718,0.052641,0.094053
0.035364,0.084117,0.302634,0.095204,0.089277,0.051921,0.099441,0.091098,0.064131,0.086813
0.028686,0.089972,0.090181,0.083607,0.190523,0.119416,0.199957,0.026565,0.080033,0.091060
0.036798,0.052371,0.323065,0.071239,0.195919,0.041283,0.090596,0.106771,0.037745,0.044213
0.041259,0.107584,0.105459,0.113259,0.103886,0.142023,0.110213,0.100415,0.065748,0.110155
0.018642,0.132865,0.199077,0.068438,0.159396,0.093635,0.179260,0.033074,0.056462,0.059150
0.055659,0.093911,0.254363,0.096182,0.095324,0.094409,0.096266,0.087609,0.038954,0.087323
0.108483,0.105374,0.109520,0.109114,0.106995,0.106388,0.106707,0.108043,0.061450,0.077925
0.049014,0.089292,0.090706,0.096096,0.147088,0.088543,0.210808,0.093786,0.044285,0.090381
0.056464,0.108183,0.047839,0.121068,0.124500,0.148699,0.117533,0.103538,0.073350,0.098826
0.052867,0.089240,0.087470,0.096070,0.088352,0.140285,0.219132,0.097925,0.040668,0.087991
0.038037,0.083372,0.043542,0.108810,0.128767,0.203183,0.121046,0.121549,0.052221,0.099471
0.086991,0.087206,0.240902,0.088271,0.087068,0.088048,0.088967,0.087459,0.056859,0.088228
0.075862,0.081191,0.249414,0.083609,0.092943,0.106281,0.088863,0.092823,0.041435,0.087580
0.045145,0.058762,0.032392,0.067762,0.463711,0.103301,0.078304,0.088470,0.032218,0.029935
0.031532,0.105067,0.273209,0.092711,0.096486,0.112341,0.090977,0.092424,0.039527,0.065727
0.040381,0.092264,0.103168,0.102040,0.262528,0.052530,0.102631,0.097057,0.046706,0.100694
0.056592,0.119090,0.111960,0.110103,0.150700,0.128330,0.105928,0.060292,0.086174,0.070832
0.046373,0.154936,0.090409,0.090442,0.091636,0.056565,0.229053,0.103527,0.075383,0.061677
0.043266,0.073841,0.333464,0.108271,0.107102,0.047866,0.083258,0.076604,0.040321,0.086006
0.042168,0.109712,0.107296,0.100256,0.111521,0.133719,0.113285,0.102626,0.066468,0.112949
0.042308,0.091307,0.273360,0.092849,0.091028,0.092112,0.078930,0.092751,0.053188,0.092167
0.038455,0.112542,0.289756,0.099825,0.108401,0.056454,0.094644,0.105078,0.044617,0.050229
0.081869,0.120858,0.116906,0.120396,0.110820,0.119359,0.118647,0.034927,0.056290,0.119929
0.038770,0.073336,0.046996,0.077109,0.351457,0.153242,0.078242,0.087575,0.034509,0.058764
0.096085,0.115779,0.048411,0.117673,0.114906,0.120834,0.103498,0.034250,0.152879,0.095685
0.050625,0.109544,0.045169,0.132432,0.134359,0.138582,0.096970,0.137578,0.046715,0.108026
0.074512,0.126248,0.059528,0.125612,0.146293,0.061162,0.151735,0.044446,0.082540,0.127924
0.047930,0.163663,0.072550,0.075021,0.120497,0.102660,0.177192,0.069106,0.104016,0.067364
0.081357,0.117021,0.041086,0.106209,0.118000,0.152457,0.110573,0.036254,0.163786,0.073256
0.031291,0.108152,0.313727,0.088599,0.085761,0.052478,0.082819,0.085170,0.065261,0.086741
0.030192,0.098620,0.248369,0.080190,0.091212,0.156723,0.089091,0.087465,0.035179,0.082960
0.054816,0.119332,0.054787,0.123302,0.147228,0.067308,0.135253,0.134862,0.054465,0.108645
0.044474,0.108856,0.071345,0.125811,0.126309,0.145020,0.107300,0.104223,0.043317,0.123344
0.065197,0.116261,0.100502,0.108614,0.099414,0.124854,0.106101,0.111922,0.061313,0.105820
0.031758,0.078581,0.288575,0.102975,0.105475,0.122519,0.100634,0.047460,0.042871,0.079152
0.096732,0.189002,0.094372,0.098127,0.090404,0.114548,0.095762,0.095452,0.077214,0.048386
0.034050,0.092294,0.037033,0.091364,0.505463,0.047029,0.072677,0.032465,0.050630,0.036995
0.034720,0.066413,0.224213,0.080592,0.306724,0.092370,0.059997,0.075403,0.029896,0.029674
0.039411,0.111986,0.050381,0.127967,0.119596,0.146128,0.138326,0.136927,0.042627,0.086651
0.036068,0.108871,0.238750,0.075914,0.153335,0.103131,0.086047,0.043737,0.062985,0.091161
0.097443,0.098551,0.095488,0.104172,0.092238,0.149875,0.102891,0.059035,0.102301,0.098007
0.049421,0.111176,0.073241,0.162226,0.150291,0.064439,0.117212,0.089321,0.064655,0.118017
0.051572,0.068924,0.070061,0.073912,0.123457,0.089301,0.069584,0.020077,0.348188,0.084924
0.093221,0.082114,0.081389,0.088896,0.167505,0.080634,0.204289,0.024161,0.076222,0.101569
0.044058,0.064111,0.066080,0.069838,0.110619,0.085720,0.136824,0.019176,0.337085,0.066489
0.055445,0.110163,0.048948,0.117178,0.113985,0.203481,0.119845,0.035194,0.072112,0.123648
0.033127,0.085035,0.234616,0.081048,0.075451,0.127129,0.181773,0.078968,0.026109,0.076745
0.058266,0.132715,0.053277,0.112001,0.126245,0.158889,0.133087,0.038848,0.072207,0.114466
0.040406,0.155347,0.046860,0.121300,0.140047,0.167362,0.146081,0.059866,0.057100,0.065632
0.041292,0.103106,0.282898,0.088055,0.100359,0.102478,0.114772,0.030121,0.059376,0.077543
0.088783,0.166394,0.084824,0.094407,0.160630,0.086480,0.086628,0.081888,0.061959,0.088009
0.057745,0.098057,0.099961,0.106651,0.163041,0.142388,0.098634,0.093762,0.042257,0.097505
0.085873,0.178309,0.086174,0.075312,0.084593,0.104303,0.193261,0.047196,0.060106,0.084873
0.093175,0.122579,0.047123,0.106119,0.124992,0.154052,0.131131,0.122018,0.042694,0.056118
0.053343,0.098249,0.103511,0.102585,0.147192,0.116911,0.098627,0.105168,0.080624,0.093790
0.082224,0.174216,0.079259,0.084718,0.080501,0.079585,0.205432,0.080190,0.059636,0.074239
0.052877,0.122419,0.125091,0.120304,0.123763,0.059451,0.116532,0.125278,0.087012,0.067271
0.089460,0.148646,0.089350,0.092021,0.109302,0.106556,0.088884,0.095081,0.080094,0.100606
0.048751,0.089928,0.087256,0.091304,0.087700,0.108814,0.214144,0.098832,0.082972,0.090299
0.043374,0.165239,0.084965,0.091346,0.084809,0.068210,0.220957,0.088648,0.072466,0.079986
0.051966,0.119703,0.047657,0.136395,0.138909,0.142493,0.116148,0.132318,0.046695,0.067714
0.041011,0.117030,0.076358,0.130023,0.121179,0.182120,0.148582,0.038686,0.060909,0.084102
0.072672,0.076275,0.312510,0.085645,0.082568,0.049187,0.091014,0.023266,0.144984,0.061879
0.036928,0.066986,0.051144,0.078474,0.350860,0.111593,0.097536,0.072099,0.051963,0.082419
0.070514,0.105087,0.107247,0.112390,0.105533,0.126951,0.098109,0.060218,0.107300,0.106651
0.027438,0.077557,0.225108,0.069090,0.212929,0.116658,0.067988,0.071027,0.066560,0.065646
0.038265,0.085413,0.311016,0.109532,0.106549,0.055918,0.102796,0.105353,0.046104,0.039054
0.048429,0.103856,0.269065,0.096490,0.096654,0.112371,0.090471,0.048425,0.044687,0.089552
0.055120,0.071449,0.034082,0.098136,0.447987,0.042480,0.076470,0.029370,0.070955,0.073951
0.052331,0.078140,0.078695,0.133760,0.153669,0.063720,0.120491,0.157169,0.068183,0.093843
0.059036,0.109871,0.062510,0.119352,0.255105,0.065844,0.115451,0.069838,0.068535,0.074458
0.050612,0.113564,0.107351,0.106826,0.118873,0.070894,0.115993,0.113515,0.088863,0.113509
0.065053,0.074034,0.049420,0.074589,0.319282,0.140443,0.097102,0.079651,0.032898,0.067528
0.059213,0.059024,0.035675,0.073644,0.482480,0.036734,0.051839,0.096600,0.064218,0.040573
0.042714,0.085179,0.087748,0.088042,0.152820,0.116390,0.181729,0.080703,0.078747,0.085928
0.058503,0.080938,0.074924,0.110689,0.142377,0.066827,0.124268,0.155664,0.081624,0.104185
0.056873,0.061823,0.027937,0.081454,0.400453,0.099887,0.090077,0.073099,0.076390,0.032006
0.048160,0.120393,0.050144,0.139590,0.128834,0.057962,0.110840,0.139299,0.080966,0.123812
0.088073,0.176671,0.092064,0.093745,0.088202,0.108503,0.088610,0.083236,0.075185,0.105711
0.057914,0.183546,0.096473,0.102400,0.092094,0.129123,0.097909,0.093012,0.057749,0.089780
0.076082,0.072799,0.258421,0.079029,0.086488,0.160038,0.080544,0.081725,0.037244,0.067630
0.052487,0.090296,0.092053,0.095183,0.085291,0.089427,0.225942,0.095877,0.082591,0.090853
0.044856,0.102788,0.293571,0.103239,0.082965,0.119788,0.091348,0.073550,0.041671,0.046223
0.042865,0.106633,0.045028,0.099557,0.133071,0.135631,0.149328,0.124287,0.045530,0.118071
0.056310,0.105780,0.224127,0.070428,0.183531,0.130087,0.075189,0.021221,0.058424,0.074904
0.082414,0.107076,0.111406,0.109109,0.103021,0.135940,0.110076,0.030822,0.074317,0.135820
0.048691,0.051592,0.040725,0.061461,0.515076,0.045836,0.077169,0.064326,0.043874,0.051250
0.092107,0.091068,0.094848,0.090281,0.089327,0.113193,0.225654,0.052327,0.082385,0.068810
0.080725,0.082784,0.245614,0.081378,0.085587,0.139321,0.086867,0.086514,0.031412,0.079798
0.039227,0.109552,0.065392,0.093832,0.102119,0.197339,0.118855,0.146240,0.069899,0.057546
0.030209,0.068100,0.256839,0.076840,0.198606,0.039208,0.077259,0.022077,0.158255,0.072607
0.038735,0.087547,0.058217,0.087480,0.386008,0.113195,0.107805,0.047088,0.035613,0.038312
0.037659,0.063159,0.039953,0.085477,0.442089,0.048340,0.095542,0.093023,0.043073,0.051683
0.037492,0.077096,0.358711,0.074218,0.138474,0.045395,0.095260,0.084226,0.041750,0.047378
0.059263,0.115090,0.105586,0.104754,0.103137,0.147737,0.106524,0.103052,0.054923,0.099933
0.094758,0.091893,0.092618,0.098593,0.150210,0.130102,0.105433,0.092885,0.049419,0.094090
0.104059,0.102799,0.097408,0.099296,0.149242,0.159878,0.090913,0.097757,0.051888,0.046760
0.046305,0.103819,0.254243,0.093400,0.161167,0.138953,0.094220,0.025843,0.044995,0.037055
0.055725,0.059410,0.225057,0.056303,0.333475,0.035644,0.091127,0.062331,0.025736,0.055192
0.058195,0.106721,0.105730,0.111208,0.106714,0.160229,0.097168,0.058466,0.085650,0.109920
0.041602,0.100893,0.044125,0.125238,0.125232,0.160296,0.130806,0.162240,0.051322,0.058246
0.046910,0.105504,0.049013,0.111905,0.145184,0.143439,0.092313,0.139704,0.076012,0.090015
0.038318,0.131137,0.232094,0.080098,0.147805,0.113009,0.076832,0.040358,0.069977,0.070373
0.061981,0.105496,0.106476,0.103116,0.152183,0.129597,0.110240,0.101222,0.057225,0.072463
0.043590,0.068427,0.233911,0.078746,0.269782,0.039147,0.078680,0.035099,0.075562,0.077056
0.054965,0.157381,0.086837,0.091887,0.150927,0.141727,0.090707,0.084628,0.049819,0.091121
0.033199,0.094357,0.096465,0.101346,0.092212,0.127699,0.225060,0.056671,0.100906,0.072085
0.037672,0.076408,0.215430,0.080467,0.280066,0.103058,0.087955,0.022993,0.024203,0.071748
0.055924,0.115893,0.116021,0.121640,0.117782,0.072936,0.128903,0.117954,0.044574,0.108372
0.059322,0.133498,0.109918,0.119925,0.122893,0.063940,0.125366,0.060261,0.115614,0.089263
0.033199,0.066712,0.030637,0.088540,0.348126,0.150059,0.080179,0.084877,0.043322,0.074349
0.031770,0.098007,0.279804,0.089059,0.082327,0.115961,0.089449,0.090126,0.078451,0.045047
0.057540,0.104931,0.104876,0.102064,0.106479,0.154482,0.109426,0.110146,0.082428,0.067627
0.065587,0.109490,0.111193,0.116381,0.108548,0.146856,0.102238,0.104585,0.057716,0.077408
0.035111,0.097253,0.101300,0.105048,0.146316,0.119095,0.100469,0.105648,0.098348,0.091412
0.036593,0.111856,0.236835,0.062947,0.217313,0.087241,0.071585,0.079672,0.024619,0.071339
0.052586,0.084429,0.055440,0.150674,0.154568,0.071456,0.150884,0.068547,0.057484,0.153934
0.092793,0.092897,0.095171,0.091495,0.146456,0.113954,0.098618,0.101752,0.069360,0.097503
0.036817,0.086932,0.372334,0.096275,0.105206,0.060220,0.095129,0.048312,0.043945,0.054830
0.033954,0.101492,0.101014,0.102999,0.184356,0.103118,0.104487,0.103162,0.077080,0.088339
0.039350,0.115230,0.284645,0.088002,0.094544,0.093379,0.077210,0.094218,0.042675,0.070748
0.044188,0.079138,0.253667,0.092687,0.081071,0.146984,0.146811,0.022900,0.030681,0.101873
0.047156,0.107257,0.276576,0.103273,0.104937,0.114088,0.073238,0.047364,0.036218,0.089893
0.086090,0.144971,0.046025,0.131998,0.132431,0.166936,0.120654,0.039690,0.057521,0.073686
0.045329,0.123110,0.046334,0.110888,0.122215,0.148468,0.116823,0.148012,0.049470,0.089351
0.046321,0.105081,0.102316,0.097309,0.245072,0.062590,0.095125,0.101390,0.047360,0.097436
0.062762,0.112348,0.115153,0.116744,0.107420,0.079718,0.172218,0.061130,0.103897,0.068609
0.047345,0.170006,0.085623,0.080181,0.080334,0.114986,0.205236,0.048485,0.088249,0.079554
0.048438,0.113512,0.101273,0.105225,0.176885,0.068618,0.109325,0.107484,0.060835,0.108407
0.062047,0.115853,0.099961,0.108653,0.153304,0.162148,0.106962,0.059418,0.056967,0.074686
0.061640,0.123310,0.123561,0.127869,0.126225,0.086399,0.124252,0.036572,0.066914,0.123258
0.058499,0.110240,0.103863,0.095737,0.161274,0.118888,0.098760,0.101387,0.051044,0.100308
0.099979,0.095682,0.092250,0.100840,0.180576,0.050443,0.105373,0.102636,0.078617,0.093603
0.038961,0.091682,0.072923,0.118417,0.118110,0.158210,0.108721,0.107730,0.121782,0.063463
0.069805,0.069545,0.069120,0.073022,0.124770,0.085141,0.073209,0.019869,0.345423,0.070097
0.030625,0.068679,0.240922,0.071684,0.251454,0.097123,0.066811,0.084563,0.041598,0.046542
0.039931,0.088347,0.042043,0.117852,0.124722,0.186944,0.122795,0.130861,0.049973,0.096532
0.038298,0.093969,0.264139,0.096202,0.158365,0.052467,0.102683,0.102730,0.042201,0.048946
0.054345,0.080044,0.081231,0.090701,0.139359,0.135050,0.086773,0.022651,0.271662,0.038185
0.032840,0.100897,0.345274,0.058951,0.091478,0.047559,0.078226,0.158666,0.038482,0.047628
0.037052,0.156611,0.104995,0.114566,0.113391,0.075110,0.113557,0.107643,0.053855,0.123220
0.033839,0.083499,0.035119,0.099454,0.474866,0.038790,0.087945,0.030244,0.039589,0.076656
0.047871,0.146437,0.074317,0.111994,0.126050,0.059375,0.085835,0.225843,0.069877,0.052402
0.059853,0.091784,0.031369,0.087044,0.437334,0.040741,0.061085,0.027696,0.092148,0.070947
0.089438,0.089345,0.232270,0.090317,0.086867,0.106988,0.090925,0.083956,0.044365,0.085529
0.107532,0.109030,0.112557,0.114930,0.111131,0.067653,0.111364,0.111444,0.043336,0.111023
0.076298,0.129399,0.083051,0.132228,0.137181,0.068706,0.157174,0.047150,0.070696,0.098116
0.039090,0.109307,0.112162,0.098511,0.173171,0.109199,0.124900,0.104176,0.079199,0.050287
0.028832,0.060239,0.033874,0.074335,0.424483,0.094503,0.071396,0.116799,0.031895,0.063645
0.052805,0.144043,0.049873,0.123040,0.140048,0.179372,0.149661,0.043578,0.050676,0.066906
0.056414,0.112316,0.097144,0.103164,0.099450,0.120809,0.102416,0.097105,0.095602,0.115580
0.043260,0.108059,0.050991,0.131540,0.118956,0.140914,0.086284,0.122501,0.071223,0.126272
0.051587,0.120102,0.053970,0.105842,0.138032,0.061416,0.125774,0.208699,0.071156,0.063423
0.033820,0.059214,0.028238,0.069711,0.445925,0.082657,0.081439,0.078830,0.042528,0.077637
0.024311,0.122051,0.300570,0.087184,0.079774,0.052504,0.135512,0.091720,0.054141,0.052233
0.045917,0.108705,0.118306,0.106764,0.115361,0.066052,0.108846,0.109979,0.111982,0.108088
0.053294,0.086393,0.088449,0.094112,0.083727,0.139309,0.209132,0.092286,0.048783,0.104515
0.050796,0.183268,0.089612,0.096410,0.085870,0.126576,0.101221,0.088507,0.071293,0.106448
0.052819,0.084906,0.237707,0.077525,0.082841,0.102503,0.143794,0.082763,0.037580,0.097562
0.077446,0.076756,0.220253,0.078347,0.164017,0.076776,0.124932,0.075362,0.035074,0.071037
0.080613,0.078911,0.254523,0.083043,0.157100,0.103623,0.078613,0.041489,0.038586,0.083498
0.029778,0.071111,0.251887,0.077104,0.262320,0.036503,0.060213,0.075654,0.074725,0.060706
0.065368,0.121104,0.055711,0.128893,0.129384,0.174527,0.150536,0.039968,0.053443,0.081067
0.051296,0.097839,0.100147,0.100728,0.098016,0.118778,0.219479,0.091685,0.050345,0.071686
0.058195,0.176557,0.081414,0.084970,0.079703,0.119062,0.207842,0.077361,0.075492,0.039405
0.032630,0.059775,0.052697,0.080763,0.374078,0.101777,0.082099,0.131580,0.037124,0.047477
0.050094,0.106529,0.060659,0.148590,0.145979,0.063089,0.142974,0.150847,0.058311,0.072927
0.060325,0.134633,0.128213,0.118381,0.124141,0.065834,0.121285,0.118274,0.052176,0.076738
0.057602,0.099017,0.071657,0.127713,0.115453,0.151879,0.119629,0.116815,0.047352,0.092884
0.064246,0.111205,0.056380,0.125022,0.161913,0.169809,0.107315,0.072057,0.054058,0.077996
0.038613,0.081307,0.263770,0.077988,0.169549,0.102534,0.081370,0.086761,0.031811,0.066298
0.043827,0.147708,0.097675,0.101641,0.206026,0.075464,0.176942,0.052548,0.038928,0.059239
0.065033,0.140245,0.103165,0.098761,0.202774,0.064787,0.101567,0.029577,0.091604,0.102487
0.028025,0.084451,0.261763,0.094142,0.093573,0.161967,0.077753,0.093931,0.036369,0.068025
0.045320,0.093740,0.096532,0.089476,0.157018,0.134072,0.159675,0.090630,0.047373,0.086165
0.040999,0.093766,0.307226,0.102466,0.104685,0.053074,0.114953,0.094406,0.040695,0.047729
0.048294,0.105727,0.050305,0.139302,0.138919,0.067006,0.143604,0.144831,0.054263,0.107749
0.059114,0.102366,0.095929,0.103587,0.097238,0.077553,0.166503,0.096402,0.097555,0.103753
0.098204,0.081290,0.047861,0.099413,0.129626,0.055216,0.132208,0.144483,0.139537,0.072162
0.056501,0.093626,0.089411,0.088899,0.090190,0.116942,0.221887,0.087387,0.066704,0.088453
0.056043,0.190547,0.094453,0.097687,0.092974,0.146139,0.092993,0.087177,0.056619,0.085369
0.028719,0.066350,0.051015,0.072872,0.379025,0.142995,0.097241,0.041058,0.050527,0.070198
0.050468,0.097913,0.300131,0.107707,0.101419,0.100001,0.103042,0.028056,0.042375,0.068887
0.046314,0.110682,0.051019,0.145639,0.132400,0.152137,0.122879,0.117416,0.059761,0.061753
0.107958,0.089059,0.051807,0.122027,0.152244,0.181824,0.089808,0.063718,0.074443,0.067111
0.052438,0.099644,0.080060,0.169287,0.121574,0.070723,0.125526,0.165025,0.058732,0.056992
0.055456,0.086511,0.232701,0.088967,0.088092,0.124597,0.154026,0.049236,0.039544,0.080870
0.046907,0.084129,0.363647,0.066251,0.116093,0.051788,0.081603,0.092635,0.046742,0.050205
0.041498,0.082571,0.057102,0.121064,0.392891,0.049483,0.068552,0.097718,0.048355,0.040766
0.046202,0.088012,0.359021,0.097003,0.096047,0.056819,0.106198,0.026888,0.088923,0.034887
0.105512,0.092031,0.047696,0.133246,0.141120,0.143179,0.113926,0.129148,0.045959,0.048184
0.069969,0.079841,0.051109,0.073258,0.332116,0.110924,0.097934,0.083416,0.030441,0.070993
0.037779,0.086536,0.254697,0.088800,0.088157,0.117034,0.084684,0.085206,0.081302,0.075806
0.033412,0.076896,0.054220,0.082947,0.390414,0.138994,0.068561,0.042242,0.042755,0.069559
0.083137,0.083375,0.086301,0.085884,0.082601,0.132211,0.192565,0.079415,0.076205,0.098306
0.035859,0.074948,0.028851,0.077026,0.450414,0.085862,0.069331,0.036113,0.081547,0.060049
0.065850,0.119378,0.127979,0.120686,0.128836,0.075010,0.118742,0.127823,0.045280,0.070416
0.109522,0.106243,0.100277,0.119008,0.137612,0.065014,0.105949,0.111404,0.037898,0.107074
0.041026,0.112080,0.108868,0.120770,0.112197,0.137154,0.117812,0.111996,0.053150,0.084945
0.025835,0.064844,0.214435,0.075196,0.228059,0.128923,0.091276,0.087795,0.031559,0.052077
0.036954,0.143327,0.039563,0.108012,0.119011,0.147524,0.154019,0.112585,0.036175,0.102829
0.055990,0.112636,0.100302,0.090415,0.169960,0.122011,0.115185,0.094533,0.041122,0.097846
0.047836,0.104903,0.048882,0.123103,0.127947,0.130715,0.135045,0.125966,0.040386,0.115217
0.031642,0.058138,0.037795,0.098291,0.399415,0.100256,0.058712,0.091704,0.079280,0.044766
0.100540,0.110027,0.056896,0.097758,0.127206,0.065109,0.112509,0.145224,0.116925,0.067805
0.036820,0.091362,0.050549,0.080079,0.444153,0.040753,0.063702,0.027553,0.104644,0.060385
0.066457,0.132142,0.067346,0.076363,0.061603,0.099170,0.065866,0.018731,0.347500,0.064822
0.024274,0.078008,0.261334,0.081329,0.291798,0.036761,0.071715,0.023259,0.075836,0.055687
0.100800,0.075980,0.107634,0.102298,0.201185,0.060927,0.111651,0.109279,0.076745,0.053501
0.065479,0.117922,0.116929,0.119640,0.146632,0.073577,0.125195,0.120652,0.043897,0.070077
0.046118,0.115846,0.048445,0.142500,0.127943,0.139657,0.138575,0.062204,0.077278,0.101432
0.040382,0.087455,0.248127,0.090352,0.083568,0.106870,0.161204,0.087528,0.033987,0.060527
0.078782,0.110601,0.112815,0.105859,0.112000,0.146479,0.111352,0.033919,0.096342,0.091852
0.035470,0.083684,0.272963,0.088407,0.090033,0.129453,0.084231,0.086252,0.047102,0.082406
0.081590,0.086593,0.291451,0.087067,0.095013,0.049538,0.082570,0.093687,0.042485,0.090006
0.072752,0.180654,0.099397,0.100302,0.093050,0.148081,0.092532,0.057815,0.061388,0.094030
0.033662,0.136536,0.044845,0.108974,0.112937,0.146298,0.168376,0.157262,0.042488,0.048622
0.094035,0.158882,0.094922,0.094322,0.092085,0.060988,0.236925,0.048840,0.034005,0.084997
0.042155,0.108267,0.255986,0.092611,0.092437,0.109952,0.091184,0.086200,0.035424,0.085785
0.052681,0.113443,0.108619,0.111339,0.209891,0.065674,0.094891,0.107648,0.066192,0.069622
0.038424,0.077343,0.333281,0.097524,0.102603,0.057215,0.074857,0.103471,0.067847,0.047436
0.027440,0.154780,0.260148,0.088160,0.086508,0.127353,0.090367,0.047559,0.078966,0.038719
0.028468,0.088480,0.023539,0.061208,0.400021,0.082989,0.096658,0.102243,0.063501,0.052895
0.055471,0.127033,0.102540,0.104340,0.236960,0.061667,0.103870,0.103466,0.048440,0.056213
0.035386,0.125658,0.040846,0.098997,0.114094,0.192462,0.114911,0.115199,0.067534,0.094913
0.028823,0.088336,0.258350,0.090079,0.090025,0.109195,0.077622,0.090105,0.079914,0.087552
0.035790,0.100263,0.260859,0.082230,0.182654,0.103626,0.081299,0.087625,0.030613,0.035041
0.067838,0.145114,0.111830,0.108688,0.120297,0.070031,0.120936,0.063538,0.073085,0.118643
0.039835,0.106813,0.041756,0.095129,0.122901,0.195652,0.101510,0.131998,0.049146,0.115261
0.035379,0.059651,0.044058,0.115332,0.448986,0.049811,0.096745,0.049448,0.048320,0.052269
0.032449,0.084930,0.029161,0.079421,0.441229,0.098748,0.074129,0.077244,0.043271,0.039418
0.030018,0.080251,0.249810,0.065818,0.298726,0.035862,0.072463,0.073774,0.028810,0.064467
0.049973,0.088218,0.275796,0.090543,0.099951,0.116533,0.103524,0.092626,0.038435,0.044401
0.043560,0.149278,0.053163,0.132675,0.125279,0.183030,0.131020,0.037820,0.082265,0.061910
0.032780,0.080495,0.293895,0.089621,0.103565,0.108384,0.098617,0.100207,0.045588,0.046847
0.041886,0.089401,0.304398,0.104789,0.092595,0.132242,0.083726,0.027110,0.032585,0.091268
0.088940,0.112009,0.110351,0.122192,0.113800,0.189645,0.108494,0.031569,0.068938,0.054061
0.040976,0.069771,0.072233,0.077376,0.121511,0.105569,0.071070,0.020526,0.335005,0.085962
0.031698,0.087674,0.088446,0.092944,0.083987,0.106268,0.199524,0.082302,0.122917,0.104239
