0.020183,0.095380,0.056249,0.071415,0.411693,0.119136,0.066343,0.020700,0.073770,0.065131
0.043270,0.182682,0.110789,0.116879,0.106701,0.121264,0.118686,0.101839,0.047956,0.049934
0.049447,0.090302,0.092829,0.165148,0.189849,0.078243,0.127184,0.086811,0.065585,0.054600
0.048131,0.118920,0.112391,0.104431,0.109687,0.123868,0.118125,0.098371,0.051324,0.114751
0.045738,0.145245,0.037557,0.100663,0.139245,0.190919,0.136504,0.033271,0.060948,0.109910
0.033255,0.174121,0.092017,0.086549,0.084586,0.104119,0.218517,0.079349,0.085605,0.041881
0.043481,0.051154,0.020124,0.061254,0.467880,0.106557,0.078058,0.066360,0.041237,0.063893
0.051150,0.140326,0.045954,0.122974,0.122202,0.140110,0.110783,0.129019,0.084516,0.052965
0.036382,0.092189,0.074130,0.116326,0.126450,0.150588,0.113153,0.111402,0.066177,0.113202
0.040639,0.125535,0.124823,0.115003,0.124624,0.069612,0.099050,0.112593,0.059474,0.128647
0.024701,0.070218,0.196479,0.080968,0.362319,0.073981,0.070809,0.018883,0.045708,0.055935
0.049986,0.111053,0.121198,0.108683,0.153777,0.060112,0.120100,0.104826,0.063124,0.107141
0.063627,0.150514,0.093482,0.090565,0.196151,0.056783,0.168652,0.076890,0.044967,0.058368
0.028794,0.143095,0.302880,0.087746,0.083572,0.106917,0.091551,0.053084,0.051069,0.051291
0.081500,0.106093,0.102697,0.103206,0.099301,0.113397,0.107902,0.092304,0.091438,0.102163
0.027387,0.101682,0.099360,0.090801,0.138318,0.092951,0.179094,0.085257,0.084394,0.100757
0.033661,0.164738,0.098174,0.096657,0.172604,0.103423,0.093844,0.086677,0.050601,0.099622
0.039336,0.151818,0.110472,0.094857,0.163259,0.060441,0.106792,0.093905,0.084925,0.094197
0.032317,0.101871,0.104639,0.087558,0.197946,0.060953,0.128938,0.096554,0.096344,0.092883
0.045037,0.126122,0.119077,0.094005,0.183309,0.058593,0.118764,0.108108,0.044064,0.102921
0.064636,0.132037,0.227009,0.070454,0.068719,0.076050,0.176734,0.061130,0.059103,0.064126
0.031134,0.102275,0.073785,0.111347,0.126583,0.152517,0.129718,0.096786,0.083298,0.092557
0.056382,0.117068,0.079083,0.127603,0.112647,0.152102,0.168657,0.028339,0.051065,0.107054
0.031394,0.068162,0.205020,0.081531,0.359614,0.085436,0.065756,0.018065,0.030571,0.054453
0.057690,0.103988,0.076020,0.103535,0.137048,0.065710,0.135114,0.164249,0.084738,0.071907
0.031514,0.136275,0.128382,0.122435,0.125083,0.102186,0.138864,0.031035,0.052986,0.131240
0.045730,0.096282,0.097666,0.097752,0.088714,0.089111,0.214066,0.080751,0.093910,0.096019
0.031708,0.091293,0.265611,0.090108,0.139132,0.115593,0.102985,0.054995,0.049018,0.059556
0.038783,0.114269,0.049561,0.109224,0.140283,0.190659,0.101189,0.072523,0.076733,0.106776
0.081508,0.167047,0.092606,0.084284,0.093126,0.084021,0.180593,0.024352,0.104123,0.088340
0.015526,0.113593,0.270624,0.069648,0.233044,0.049232,0.116493,0.018268,0.064786,0.048788
0.026152,0.045409,0.168562,0.058101,0.470700,0.060431,0.050774,0.058330,0.020475,0.041069
0.064477,0.124046,0.036774,0.127155,0.133540,0.158750,0.133956,0.032757,0.086766,0.101779
0.042539,0.122935,0.126973,0.116563,0.124905,0.064188,0.124632,0.107878,0.047556,0.121832
0.019040,0.063657,0.193265,0.062940,0.333656,0.092411,0.076625,0.066325,0.025651,0.066430
0.063496,0.099101,0.099713,0.097012,0.153338,0.107216,0.204379,0.022727,0.050625,0.102393
0.043341,0.115137,0.115889,0.107738,0.208665,0.056905,0.089551,0.102451,0.044922,0.115401
0.050467,0.118230,0.123591,0.112201,0.126992,0.062682,0.118132,0.073777,0.102295,0.111632
0.034018,0.077100,0.285198,0.075542,0.098248,0.106656,0.107873,0.099557,0.051359,0.064449
0.086104,0.108579,0.113320,0.091752,0.105544,0.132359,0.110362,0.099587,0.049453,0.102941
0.054106,0.097777,0.049997,0.106137,0.155175,0.132805,0.138904,0.142135,0.054638,0.068326
0.046075,0.077390,0.247527,0.063859,0.076065,0.073392,0.076969,0.018846,0.237912,0.081965
0.101856,0.098457,0.114070,0.091347,0.106803,0.129091,0.112736,0.024946,0.122814,0.097879
0.016119,0.046381,0.168960,0.046206,0.476326,0.069153,0.058540,0.046829,0.019299,0.052187
0.038001,0.112767,0.119444,0.096215,0.116761,0.071771,0.186693,0.102086,0.058170,0.098092
0.018390,0.076479,0.022606,0.062025,0.537188,0.097654,0.087340,0.019224,0.053333,0.025759
0.053284,0.188471,0.099932,0.105884,0.096565,0.123011,0.091815,0.087243,0.080148,0.073647
0.031433,0.064805,0.044831,0.061979,0.469583,0.087469,0.064026,0.079029,0.027337,0.069507
0.079226,0.106671,0.110685,0.096119,0.134274,0.114735,0.092421,0.066152,0.094067,0.105649
0.039488,0.158020,0.291427,0.085299,0.078705,0.114096,0.081400,0.021536,0.046596,0.083434
0.033615,0.072506,0.023022,0.070370,0.552432,0.036312,0.056436,0.056923,0.023514,0.074869
0.038064,0.087081,0.104308,0.102942,0.131460,0.116095,0.184780,0.085938,0.043354,0.105977
0.025022,0.090610,0.280999,0.101708,0.093036,0.092941,0.095233,0.089928,0.078731,0.051791
0.036303,0.123770,0.039021,0.127358,0.121257,0.212030,0.104197,0.133390,0.051447,0.051228
0.050408,0.086373,0.247265,0.072270,0.166145,0.095518,0.090652,0.049790,0.070802,0.070777
0.104437,0.105853,0.110873,0.096207,0.101207,0.102327,0.105543,0.103925,0.059388,0.110239
0.033865,0.087445,0.069830,0.118373,0.132101,0.128324,0.097271,0.114373,0.102901,0.115517
0.070259,0.180533,0.127251,0.109070,0.111728,0.072830,0.120152,0.105501,0.050383,0.052293
0.061259,0.117313,0.234638,0.058953,0.129559,0.070335,0.163194,0.055453,0.065853,0.043443
0.027898,0.084028,0.304834,0.080397,0.138714,0.097763,0.070619,0.083065,0.041755,0.070928
0.024760,0.074800,0.254403,0.082903,0.085579,0.126477,0.121552,0.086726,0.057599,0.085202
0.022025,0.085124,0.290459,0.077032,0.081074,0.082131,0.179153,0.051825,0.043496,0.087681
0.058724,0.097016,0.111141,0.110312,0.103652,0.136488,0.097911,0.072770,0.106318,0.105666
0.081953,0.125310,0.039102,0.102322,0.126363,0.143914,0.148610,0.128553,0.051833,0.052040
0.028162,0.095740,0.094236,0.096574,0.096665,0.116743,0.217250,0.086281,0.070380,0.097968
0.073878,0.112664,0.114503,0.098552,0.106741,0.132685,0.110314,0.094184,0.104547,0.051933
0.041802,0.070002,0.029112,0.056333,0.447900,0.041951,0.087027,0.104464,0.043838,0.077571
0.041088,0.122808,0.126638,0.112923,0.116818,0.063938,0.115406,0.114507,0.059858,0.126017
0.030487,0.111128,0.041711,0.126772,0.117030,0.180811,0.097546,0.111982,0.073398,0.109135
0.047344,0.175447,0.108994,0.097118,0.175343,0.065518,0.167163,0.067354,0.047294,0.048425
0.038517,0.159287,0.105939,0.105102,0.105821,0.068429,0.109126,0.090942,0.107630,0.109206
0.088143,0.087720,0.090377,0.079182,0.109760,0.107727,0.187448,0.072859,0.087271,0.089513
0.033151,0.055268,0.265612,0.078073,0.373003,0.037496,0.074030,0.020730,0.031801,0.030837
0.043886,0.123083,0.058812,0.125902,0.150308,0.074486,0.165312,0.095263,0.064098,0.098849
0.042083,0.105812,0.280000,0.069424,0.201306,0.060119,0.131107,0.020045,0.037819,0.052284
0.061108,0.217090,0.098081,0.106418,0.092354,0.128681,0.103449,0.023170,0.067867,0.101782
0.028626,0.183071,0.102167,0.094710,0.093557,0.123876,0.109272,0.100766,0.094689,0.069266
0.021378,0.055683,0.027383,0.079349,0.507891,0.080549,0.067849,0.079742,0.028450,0.051725
0.029996,0.165227,0.107800,0.102357,0.141247,0.121421,0.108445,0.069235,0.047796,0.106477
0.031060,0.129075,0.261077,0.059959,0.133083,0.089349,0.163169,0.061767,0.040884,0.030576
0.100053,0.105237,0.109725,0.112060,0.104179,0.067483,0.160907,0.065127,0.072236,0.102993
0.096848,0.086420,0.105587,0.093060,0.123567,0.114519,0.086445,0.098144,0.090582,0.104828
0.037318,0.088915,0.278098,0.093104,0.143195,0.127867,0.074405,0.085083,0.035861,0.036154
0.054404,0.083324,0.270201,0.067773,0.078145,0.094604,0.179905,0.075154,0.043957,0.052532
0.044038,0.126000,0.314411,0.076717,0.082895,0.101075,0.067718,0.078928,0.033234,0.074983
0.037003,0.120603,0.121229,0.125935,0.110594,0.151384,0.114224,0.029415,0.080909,0.108703
0.103916,0.109550,0.107325,0.106580,0.100154,0.131991,0.103597,0.094697,0.046569,0.095622
0.023926,0.052386,0.021193,0.046318,0.522569,0.106412,0.072208,0.074088,0.035906,0.044993
0.019764,0.060089,0.021308,0.079431,0.505007,0.092640,0.056781,0.073054,0.043476,0.048450
0.055069,0.106113,0.105443,0.085556,0.093707,0.120200,0.108147,0.095133,0.127635,0.102997
0.036044,0.082507,0.172224,0.060689,0.365428,0.079594,0.061385,0.062869,0.021740,0.057520
0.034437,0.113186,0.074179,0.113195,0.128059,0.152466,0.127712,0.120729,0.048282,0.087756
0.034367,0.068752,0.350172,0.106083,0.074808,0.045761,0.086154,0.115717,0.055134,0.063050
0.068414,0.103049,0.107304,0.105171,0.102536,0.130321,0.101101,0.090728,0.092722,0.098654
0.060156,0.086519,0.290188,0.082283,0.092413,0.115961,0.085435,0.081795,0.036447,0.068802
0.037929,0.101616,0.039890,0.133368,0.136424,0.135702,0.154383,0.130273,0.086473,0.043942
0.057412,0.119722,0.123744,0.118864,0.180039,0.080392,0.128046,0.027339,0.108377,0.056066
0.042689,0.112495,0.113293,0.097095,0.106206,0.127665,0.108568,0.100599,0.075860,0.115531
0.039458,0.101123,0.042905,0.156820,0.162643,0.157889,0.142265,0.072064,0.055015,0.069818
0.035294,0.111088,0.116573,0.117448,0.106042,0.122260,0.113072,0.096703,0.069624,0.111895
0.039355,0.111915,0.108261,0.111227,0.218604,0.069067,0.111857,0.024263,0.097978,0.107474
0.079468,0.097610,0.103128,0.100779,0.115315,0.094498,0.205653,0.063766,0.044264,0.095518
0.101617,0.110384,0.108244,0.093759,0.106214,0.125809,0.103382,0.096423,0.044232,0.109937
0.035115,0.108196,0.253880,0.078862,0.146222,0.101940,0.092727,0.050378,0.041817,0.090862
0.041209,0.155450,0.102867,0.095715,0.099647,0.062100,0.200084,0.088909,0.048372,0.105648
0.037371,0.109899,0.116472,0.110348,0.188228,0.057119,0.089558,0.105699,0.087941,0.097365
0.062474,0.084156,0.348329,0.079116,0.090818,0.045168,0.106468,0.085812,0.034288,0.063369
0.054134,0.162199,0.102618,0.106435,0.106821,0.115773,0.106255,0.092287,0.048422,0.105057
0.031843,0.116089,0.071954,0.101485,0.124864,0.147439,0.123771,0.116615,0.052688,0.113251
0.034028,0.147615,0.038294,0.126218,0.147792,0.167401,0.146479,0.036877,0.070056,0.085240
0.053396,0.095531,0.115064,0.106905,0.111911,0.106765,0.114849,0.095558,0.101067,0.098955
0.042785,0.100488,0.095264,0.096596,0.099173,0.124359,0.202779,0.064986,0.070849,0.102720
0.035669,0.121417,0.118216,0.099368,0.115430,0.152095,0.105670,0.076878,0.054408,0.120848
0.064059,0.108555,0.109696,0.100186,0.187923,0.055685,0.085648,0.103455,0.084738,0.100055
0.018757,0.128467,0.243963,0.066099,0.153713,0.073620,0.165541,0.069066,0.038743,0.042032
0.022905,0.065465,0.279306,0.064131,0.303717,0.042669,0.068156,0.016533,0.066521,0.070598
0.063624,0.108925,0.106933,0.109511,0.126988,0.115362,0.112667,0.095353,0.070018,0.090618
0.054289,0.090872,0.035525,0.083884,0.123355,0.165102,0.124278,0.120087,0.123029,0.079579
0.024394,0.084128,0.055696,0.080331,0.365507,0.116836,0.093628,0.047170,0.048007,0.084303
0.090716,0.100851,0.105359,0.095570,0.184081,0.053927,0.149085,0.093210,0.042566,0.084635
0.084378,0.107133,0.113940,0.122255,0.107272,0.141852,0.123858,0.027870,0.060474,0.110968
0.028462,0.092897,0.098320,0.078190,0.122411,0.119700,0.168159,0.082635,0.138016,0.071211
0.042976,0.085251,0.336716,0.087793,0.096404,0.050404,0.094315,0.090315,0.045642,0.070184
0.086483,0.150649,0.087754,0.083574,0.085091,0.103593,0.207638,0.072638,0.036748,0.085831
0.034090,0.118810,0.035246,0.141507,0.119625,0.186639,0.116536,0.064940,0.058854,0.123753
0.024859,0.062317,0.197994,0.057085,0.381203,0.077077,0.074763,0.059636,0.033622,0.031443
0.034139,0.087501,0.262859,0.081379,0.094840,0.129302,0.105825,0.080852,0.054281,0.069023
0.022738,0.079900,0.374235,0.080682,0.081616,0.043769,0.100276,0.074704,0.059282,0.082799
0.030853,0.129317,0.224175,0.064463,0.069067,0.083734,0.165326,0.044105,0.121798,0.067162
0.038999,0.148144,0.042405,0.107304,0.146013,0.068746,0.122811,0.144124,0.052228,0.129228
0.024209,0.070101,0.050764,0.063756,0.408809,0.103855,0.094970,0.083709,0.038948,0.060880
0.029974,0.086589,0.356723,0.088082,0.102345,0.049520,0.090667,0.053868,0.044021,0.098212
0.064488,0.123270,0.254981,0.083735,0.096750,0.108868,0.099442,0.082063,0.035872,0.050532
0.075163,0.098507,0.102651,0.087278,0.094998,0.114136,0.194974,0.086319,0.042860,0.103114
0.033410,0.106790,0.108794,0.113426,0.153491,0.138669,0.104242,0.027159,0.094615,0.119404
0.019774,0.069170,0.021102,0.069299,0.531634,0.091011,0.069681,0.071274,0.028523,0.028531
0.039966,0.048237,0.019545,0.064654,0.565442,0.085356,0.064530,0.070016,0.021328,0.020926
0.029853,0.058221,0.045823,0.056564,0.449618,0.101247,0.088192,0.075332,0.026588,0.068561
0.064624,0.112928,0.077956,0.135822,0.136442,0.065475,0.137095,0.106257,0.068700,0.094701
0.036660,0.096015,0.099722,0.097293,0.090562,0.090980,0.219531,0.086295,0.088320,0.094622
0.038574,0.119077,0.304858,0.064549,0.075278,0.049441,0.128622,0.065610,0.085726,0.068265
0.045356,0.130948,0.255449,0.090163,0.096461,0.124657,0.104131,0.026407,0.069466,0.056962
0.050655,0.120692,0.046701,0.127498,0.146071,0.189112,0.134355,0.065737,0.054634,0.064544
0.036202,0.132900,0.037488,0.126359,0.128854,0.183364,0.106886,0.137912,0.048226,0.061807
0.060293,0.160694,0.309106,0.081777,0.074789,0.092470,0.071867,0.020165,0.046575,0.082261
0.035714,0.132391,0.051219,0.100595,0.144960,0.171410,0.128122,0.036298,0.089140,0.110151
0.027691,0.086927,0.357022,0.079799,0.092715,0.047016,0.098495,0.087728,0.046439,0.076169
0.098734,0.173274,0.098968,0.106863,0.148981,0.119229,0.104819,0.023350,0.067852,0.057928
0.025417,0.074688,0.272127,0.075169,0.098228,0.105819,0.101557,0.100936,0.094365,0.051693
0.030889,0.112109,0.074499,0.128971,0.109303,0.132126,0.142040,0.102359,0.067929,0.099775
0.030437,0.099937,0.095008,0.089104,0.096681,0.105015,0.201012,0.088371,0.144624,0.049810
0.022810,0.043826,0.278487,0.062119,0.289934,0.039108,0.091126,0.091146,0.054498,0.026946
0.075054,0.111461,0.114627,0.110736,0.102637,0.125751,0.115523,0.110038,0.050805,0.083370
0.063308,0.109663,0.112475,0.105490,0.105956,0.066063,0.174065,0.103662,0.096817,0.062502
0.031467,0.041555,0.024267,0.076818,0.565011,0.035634,0.088356,0.045338,0.039257,0.052298
0.020828,0.073151,0.175815,0.052768,0.384028,0.070229,0.079382,0.063316,0.021973,0.058511
0.036031,0.130733,0.081283,0.093342,0.127091,0.146040,0.128656,0.113770,0.050537,0.092516
0.019856,0.072023,0.021220,0.062459,0.538982,0.094173,0.061284,0.078498,0.027951,0.023555
0.031595,0.118567,0.120265,0.115361,0.120070,0.068168,0.156994,0.106252,0.044986,0.117743
0.033434,0.114124,0.071092,0.095546,0.119125,0.163860,0.134667,0.088773,0.066036,0.113342
0.033606,0.122746,0.077548,0.101949,0.134175,0.143632,0.131219,0.121651,0.088540,0.044933
0.053096,0.125815,0.143152,0.123452,0.177817,0.062398,0.126659,0.078366,0.057069,0.052178
0.043429,0.063052,0.262167,0.047568,0.334283,0.032433,0.074687,0.068482,0.028128,0.045771
0.058213,0.074413,0.378921,0.064286,0.082761,0.049630,0.120510,0.049768,0.063517,0.057980
0.018123,0.047089,0.024003,0.065290,0.529179,0.104661,0.058681,0.069133,0.040415,0.043426
0.047245,0.091011,0.355786,0.097204,0.097507,0.047415,0.101261,0.050463,0.032554,0.079554
0.025082,0.053928,0.020050,0.064881,0.512602,0.085854,0.066873,0.070403,0.061168,0.039158
0.028962,0.067002,0.271062,0.064576,0.292021,0.033798,0.072709,0.071671,0.030537,0.067663
0.057462,0.168760,0.094551,0.082925,0.090538,0.059933,0.194110,0.086346,0.085149,0.080225
0.025746,0.185669,0.089744,0.091795,0.091811,0.097941,0.206287,0.061204,0.057793,0.092011
0.051512,0.119751,0.118350,0.118152,0.121476,0.062851,0.121403,0.113337,0.111389,0.061781
0.029569,0.104583,0.111939,0.100962,0.175682,0.060000,0.108677,0.102602,0.092031,0.113954
0.082441,0.111971,0.106939,0.117850,0.108070,0.136564,0.105244,0.027322,0.091838,0.111762
0.049039,0.067837,0.046674,0.078981,0.431130,0.100028,0.082387,0.041164,0.031743,0.071018
0.019562,0.049992,0.022711,0.071591,0.575501,0.034630,0.054601,0.076597,0.028394,0.066421
0.027613,0.121516,0.033055,0.111457,0.111829,0.147159,0.130043,0.094996,0.118224,0.104108
0.026979,0.087192,0.332078,0.092147,0.093389,0.046127,0.112805,0.114770,0.037728,0.056784
0.061673,0.138505,0.082396,0.141677,0.149653,0.070313,0.153099,0.039101,0.058234,0.105348
0.023983,0.060838,0.298187,0.076561,0.295391,0.036818,0.066160,0.038992,0.032103,0.070966
0.068237,0.080929,0.236876,0.072311,0.144798,0.096637,0.129337,0.069952,0.031623,0.069301
0.033081,0.094493,0.106870,0.087118,0.098566,0.115733,0.177738,0.092233,0.111068,0.083099
0.065940,0.106791,0.118956,0.110648,0.185016,0.055290,0.105030,0.102166,0.053881,0.096282
0.026036,0.057908,0.034357,0.087009,0.456358,0.041554,0.104712,0.047039,0.043978,0.101048
0.030317,0.064317,0.389583,0.123386,0.089212,0.050034,0.076755,0.053150,0.039173,0.084072
0.036817,0.085400,0.300509,0.076867,0.088529,0.109934,0.095019,0.084848,0.037649,0.084428
0.038037,0.108091,0.105913,0.094622,0.097293,0.098629,0.205026,0.087140,0.057083,0.108164
0.032910,0.058447,0.022504,0.083760,0.553153,0.081136,0.058225,0.037416,0.024188,0.048262
0.062147,0.159229,0.103967,0.095915,0.105815,0.065846,0.111300,0.093544,0.092857,0.109380
0.044906,0.118763,0.118640,0.115252,0.109250,0.122954,0.111719,0.111353,0.051546,0.095617
0.035620,0.129567,0.127908,0.105271,0.123627,0.068360,0.132471,0.112868,0.053901,0.110406
0.058040,0.119830,0.120351,0.103480,0.112837,0.087813,0.187394,0.027045,0.068679,0.114531
0.044256,0.113074,0.095015,0.125807,0.183929,0.079722,0.141438,0.097325,0.068009,0.051427
0.036969,0.060004,0.025199,0.052383,0.519152,0.075753,0.055489,0.087408,0.032320,0.055324
0.036378,0.085308,0.265850,0.080462,0.093868,0.106748,0.119473,0.091609,0.033349,0.086954
0.067629,0.145595,0.086242,0.088986,0.088928,0.084048,0.202410,0.076757,0.092179,0.067226
0.055695,0.112508,0.179282,0.049115,0.121062,0.067146,0.051709,0.014140,0.289858,0.059486
0.026044,0.073092,0.372854,0.084930,0.089672,0.048649,0.100155,0.084030,0.038292,0.082281
0.061030,0.121082,0.078005,0.118179,0.143713,0.163708,0.147666,0.069475,0.051402,0.045740
0.049042,0.109484,0.114109,0.106200,0.108038,0.125470,0.113836,0.076588,0.090577,0.106657
0.044170,0.124944,0.077842,0.103508,0.123959,0.065495,0.146299,0.127900,0.056841,0.129041
0.043326,0.112926,0.041809,0.138408,0.136340,0.186660,0.097491,0.094507,0.056510,0.092023
0.032671,0.067355,0.034910,0.057352,0.475379,0.040956,0.093722,0.068803,0.072339,0.056514
0.030526,0.049309,0.025592,0.077217,0.550459,0.070014,0.070731,0.070830,0.026906,0.028416
0.041712,0.083395,0.372979,0.084888,0.103443,0.048364,0.069716,0.089930,0.037226,0.068347
0.057376,0.106194,0.076717,0.090537,0.127096,0.146738,0.128044,0.124738,0.050755,0.091804
0.027861,0.081769,0.367961,0.097901,0.082727,0.045349,0.088548,0.076616,0.054319,0.076948
0.026959,0.093140,0.091942,0.082066,0.191592,0.105757,0.205654,0.024575,0.082015,0.096301
0.030477,0.050098,0.315806,0.056814,0.235831,0.041060,0.080418,0.103773,0.039860,0.045864
0.033618,0.112226,0.112948,0.116835,0.104811,0.137954,0.114846,0.096140,0.051654,0.118967
0.017340,0.139327,0.223444,0.063760,0.147029,0.081282,0.163837,0.044241,0.058646,0.061093
0.050390,0.092607,0.274894,0.088808,0.093865,0.093964,0.095758,0.083927,0.045695,0.080091
0.110520,0.110230,0.114976,0.108915,0.108663,0.108424,0.110948,0.097300,0.050233,0.079791
0.035500,0.101266,0.105326,0.092640,0.138348,0.096928,0.202977,0.087079,0.043265,0.096670
0.056218,0.112300,0.043807,0.117764,0.124250,0.153284,0.140539,0.092515,0.067456,0.091867
0.048233,0.099770,0.097539,0.090428,0.093822,0.124815,0.192256,0.089264,0.060098,0.103775
0.035980,0.097542,0.041150,0.107059,0.157023,0.194903,0.110405,0.111051,0.051989,0.092898
0.076614,0.086687,0.283879,0.079439,0.083953,0.084208,0.085869,0.074340,0.057953,0.087059
0.060895,0.087909,0.243029,0.067740,0.100180,0.104730,0.114208,0.090649,0.043333,0.087327
0.028691,0.054415,0.023488,0.044565,0.580768,0.080326,0.074968,0.066433,0.024975,0.021371
0.024825,0.116716,0.261103,0.087900,0.102378,0.108996,0.105962,0.088555,0.034919,0.068647
0.035841,0.088506,0.115008,0.105071,0.245970,0.052713,0.101915,0.103905,0.044347,0.106723
0.053334,0.116930,0.114649,0.102117,0.130547,0.120390,0.116838,0.072193,0.100594,0.072408
0.043830,0.161264,0.103640,0.091657,0.096429,0.062531,0.185203,0.095162,0.091543,0.068741
0.035556,0.067484,0.335645,0.111422,0.085787,0.045312,0.103246,0.110582,0.032273,0.072694
0.036124,0.116831,0.117024,0.098421,0.114045,0.129140,0.116546,0.099514,0.055708,0.116647
0.037651,0.092451,0.309980,0.078409,0.089926,0.090983,0.076007,0.079966,0.049890,0.094737
0.023717,0.093866,0.365063,0.083946,0.099928,0.049050,0.105289,0.087572,0.047531,0.044038
0.080310,0.116746,0.114713,0.117693,0.102063,0.111341,0.114893,0.028310,0.087528,0.126403
0.033321,0.063280,0.044124,0.060839,0.452338,0.108625,0.084037,0.071786,0.031358,0.050292
0.084602,0.119964,0.047768,0.119668,0.124808,0.131116,0.125724,0.030642,0.118358,0.097350
0.050808,0.098448,0.039527,0.145522,0.151176,0.135471,0.106008,0.137024,0.043176,0.092839
0.072182,0.134606,0.051551,0.119245,0.150909,0.073592,0.158187,0.038579,0.094816,0.106332
0.040376,0.168151,0.075847,0.076877,0.122111,0.087144,0.157990,0.066977,0.139747,0.064780
0.064588,0.118136,0.034567,0.092455,0.131800,0.174702,0.138861,0.032079,0.110706,0.102107
0.019868,0.102310,0.364080,0.082234,0.080850,0.046883,0.085951,0.078301,0.058324,0.081200
0.027294,0.112113,0.257008,0.080742,0.095768,0.131835,0.098300,0.096640,0.031813,0.068488
0.045134,0.111547,0.048507,0.113007,0.175961,0.069890,0.176416,0.114132,0.050405,0.095000
0.035452,0.097085,0.075496,0.124862,0.131335,0.137103,0.130646,0.094793,0.051890,0.121337
0.044951,0.118925,0.112320,0.116424,0.104062,0.124212,0.111834,0.103499,0.052300,0.111475
0.025799,0.101697,0.276987,0.094704,0.103729,0.115903,0.113411,0.053620,0.040090,0.074061
0.105376,0.166110,0.098301,0.099764,0.089513,0.118031,0.102088,0.096989,0.075126,0.048700
0.021940,0.089727,0.026880,0.073145,0.565544,0.046233,0.077409,0.024235,0.045705,0.029181
0.033670,0.056973,0.207047,0.078641,0.331283,0.086110,0.077957,0.070791,0.031412,0.026116
0.035319,0.114578,0.048467,0.129484,0.122617,0.133161,0.133795,0.138735,0.052300,0.091545
0.023113,0.113709,0.261147,0.073934,0.141434,0.097961,0.090014,0.051341,0.073589,0.073758
0.089181,0.104621,0.101928,0.098064,0.093728,0.129169,0.107968,0.069578,0.102290,0.103472
0.039032,0.105133,0.079355,0.181128,0.139273,0.068153,0.137205,0.070711,0.058961,0.121049
0.052456,0.070160,0.069720,0.072813,0.119229,0.079048,0.068714,0.016962,0.370279,0.080618
0.089775,0.089231,0.085087,0.093113,0.169443,0.082581,0.193623,0.022762,0.072571,0.101813
0.025158,0.053134,0.054138,0.058532,0.086918,0.062009,0.113624,0.013800,0.476052,0.056636
0.061833,0.135155,0.047656,0.119686,0.123218,0.158759,0.127890,0.032742,0.090498,0.102563
0.031815,0.087191,0.255723,0.076232,0.080126,0.107825,0.161126,0.072284,0.041579,0.086100
0.055764,0.129946,0.047357,0.107915,0.132799,0.177571,0.118389,0.033176,0.083022,0.114059
0.034917,0.149350,0.039560,0.102438,0.140956,0.196490,0.141770,0.071281,0.052083,0.071155
0.034850,0.103678,0.282480,0.089076,0.107594,0.105342,0.108007,0.027099,0.067440,0.074433
0.093201,0.160659,0.092453,0.085710,0.149901,0.089463,0.091199,0.085640,0.059551,0.092223
0.040773,0.105634,0.112335,0.112301,0.137971,0.123325,0.111566,0.090478,0.061731,0.103886
0.072115,0.176574,0.087402,0.070641,0.083213,0.093029,0.214625,0.056011,0.059254,0.087138
0.074096,0.133827,0.043478,0.095316,0.133858,0.150761,0.122839,0.128338,0.043114,0.074373
0.048378,0.102246,0.108131,0.106303,0.134262,0.113311,0.110038,0.095949,0.092886,0.088496
0.085770,0.170193,0.084506,0.086959,0.083638,0.081546,0.208995,0.072240,0.054288,0.071865
0.042167,0.122157,0.122637,0.117596,0.119905,0.066844,0.132661,0.116377,0.097846,0.061811
0.095857,0.155860,0.100103,0.087883,0.106401,0.102244,0.094271,0.087138,0.081806,0.088437
0.045812,0.085091,0.096042,0.098472,0.092638,0.105863,0.201938,0.088128,0.085161,0.100856
0.042090,0.163050,0.093285,0.096448,0.084968,0.063182,0.181463,0.091983,0.086775,0.096754
0.045255,0.126755,0.040530,0.130048,0.150712,0.145776,0.135030,0.105994,0.053367,0.066534
0.035157,0.105727,0.082451,0.131145,0.131947,0.168839,0.145342,0.034200,0.054608,0.110584
0.057961,0.062097,0.328054,0.089973,0.077137,0.047588,0.091244,0.018442,0.158292,0.069212
0.029753,0.056134,0.043112,0.056932,0.492778,0.090666,0.075578,0.049556,0.038410,0.067082
0.073967,0.094085,0.110937,0.110380,0.108279,0.125015,0.094843,0.070077,0.102498,0.109919
0.024424,0.077336,0.276184,0.070189,0.172096,0.100050,0.079068,0.066117,0.070061,0.064474
0.028314,0.085862,0.362840,0.097261,0.099494,0.048513,0.106306,0.100652,0.037623,0.033135
0.050855,0.097150,0.263007,0.096120,0.098701,0.107216,0.105272,0.056208,0.040473,0.084998
0.039254,0.063415,0.024282,0.079521,0.541297,0.038505,0.080253,0.021160,0.042356,0.069957
0.038840,0.083264,0.083181,0.113454,0.168696,0.068836,0.148757,0.150812,0.057996,0.086163
0.043033,0.085967,0.045384,0.089736,0.361867,0.051771,0.132507,0.063598,0.050318,0.075819
0.031190,0.114446,0.118179,0.099577,0.117084,0.067852,0.124700,0.113706,0.101893,0.111374
0.050585,0.059690,0.048932,0.062643,0.440796,0.101488,0.085198,0.065243,0.029706,0.055719
0.043884,0.058982,0.028776,0.056799,0.547711,0.036799,0.049306,0.087209,0.054593,0.035940
0.024929,0.090348,0.091795,0.089681,0.134258,0.111445,0.203774,0.082109,0.077052,0.094610
0.053820,0.083273,0.080565,0.095790,0.164377,0.067421,0.102155,0.153988,0.081625,0.116986
0.040395,0.048787,0.019924,0.071029,0.506519,0.101430,0.068039,0.053861,0.064219,0.025797
0.041445,0.120696,0.041349,0.148694,0.130230,0.063316,0.094393,0.137452,0.093887,0.128539
0.076004,0.161311,0.098954,0.098784,0.093127,0.114456,0.095652,0.082765,0.086753,0.092193
0.030168,0.193415,0.103601,0.106867,0.094267,0.127976,0.107913,0.088105,0.059496,0.088192
0.063752,0.090509,0.248086,0.083367,0.091976,0.128382,0.094863,0.078498,0.049576,0.070991
0.047465,0.098544,0.102003,0.101664,0.089608,0.095075,0.194463,0.086157,0.085892,0.099127
0.039133,0.095550,0.288177,0.108532,0.092878,0.137880,0.083286,0.068334,0.037534,0.048694
0.037477,0.102235,0.040509,0.093033,0.139649,0.150857,0.133202,0.133113,0.044232,0.125693
0.064289,0.129627,0.246308,0.063454,0.170038,0.095868,0.074740,0.019222,0.066522,0.069931
0.082210,0.114314,0.115763,0.104923,0.103250,0.144897,0.114065,0.026709,0.062990,0.130878
0.036044,0.049256,0.029842,0.048945,0.572699,0.038368,0.081966,0.043660,0.047000,0.052220
0.100878,0.096623,0.100220,0.097273,0.097116,0.103840,0.183865,0.063745,0.082806,0.073634
0.050295,0.088095,0.276797,0.082070,0.094307,0.120336,0.086814,0.081135,0.041688,0.078463
0.038297,0.128818,0.072898,0.101562,0.105215,0.155035,0.148394,0.102984,0.066355,0.080442
0.025949,0.079571,0.295513,0.074356,0.196603,0.052461,0.073696,0.018587,0.103829,0.079434
0.034410,0.089592,0.067628,0.084987,0.334868,0.125562,0.117085,0.062444,0.042620,0.040805
0.026221,0.058546,0.029369,0.067412,0.509198,0.042518,0.106755,0.067848,0.036788,0.055345
0.026866,0.063484,0.339694,0.060121,0.210493,0.043256,0.084201,0.084565,0.038279,0.049042
0.043496,0.113627,0.111036,0.108333,0.110834,0.125062,0.113998,0.106294,0.061605,0.105715
0.073745,0.089993,0.109649,0.108684,0.131715,0.119576,0.110973,0.102575,0.043634,0.109456
0.079795,0.116030,0.115768,0.103499,0.133671,0.147196,0.099126,0.104003,0.050289,0.050623
0.040723,0.098814,0.307366,0.095996,0.154475,0.112541,0.093366,0.021343,0.038649,0.036727
0.041698,0.054939,0.257283,0.053955,0.353603,0.031839,0.071610,0.060313,0.025320,0.049441
0.044674,0.099311,0.109988,0.115454,0.107646,0.130650,0.099968,0.072767,0.102439,0.117103
0.035833,0.097844,0.038643,0.129255,0.132841,0.169687,0.122289,0.132286,0.056435,0.084888
0.040802,0.095954,0.040866,0.110571,0.156510,0.138894,0.095680,0.136982,0.087414,0.096327
0.027779,0.136483,0.248931,0.076195,0.139684,0.096466,0.081458,0.051238,0.072092,0.069675
0.044494,0.112741,0.121107,0.102228,0.133280,0.125053,0.122045,0.102472,0.062963,0.073617
0.032533,0.066191,0.303255,0.066226,0.253217,0.034650,0.073491,0.036001,0.069960,0.064477
0.056241,0.166638,0.096388,0.098944,0.133204,0.123546,0.095907,0.085890,0.041908,0.101333
0.028680,0.097735,0.101279,0.103623,0.092880,0.121330,0.214584,0.066627,0.100776,0.072486
0.035284,0.089789,0.208019,0.071777,0.302400,0.086026,0.082262,0.021251,0.031687,0.071506
0.038844,0.123569,0.122546,0.116023,0.124311,0.068360,0.127843,0.115874,0.057821,0.104809
0.063876,0.117085,0.111320,0.104240,0.111381,0.066036,0.151232,0.066738,0.101961,0.106130
0.027421,0.051338,0.021438,0.072762,0.467977,0.111457,0.070188,0.070747,0.043103,0.063570
0.026305,0.089561,0.261669,0.084196,0.086233,0.126991,0.095631,0.095160,0.086833,0.047419
0.044370,0.100970,0.113683,0.102748,0.111265,0.134187,0.115083,0.100943,0.103321,0.073430
0.061428,0.103823,0.123355,0.108724,0.112267,0.142104,0.104579,0.110205,0.054262,0.079252
0.029609,0.103165,0.107876,0.109414,0.149032,0.113110,0.105181,0.095636,0.098752,0.088227
0.036040,0.113367,0.277480,0.059780,0.187736,0.079565,0.072277,0.065885,0.032618,0.075254
0.041453,0.089222,0.047166,0.143156,0.174044,0.072122,0.144989,0.075108,0.055381,0.157359
0.070476,0.089753,0.103754,0.093427,0.124431,0.115521,0.105525,0.096787,0.091098,0.109229
0.023361,0.090350,0.406663,0.072692,0.101959,0.050634,0.105385,0.051758,0.043147,0.054052
0.028984,0.105766,0.103433,0.104691,0.155646,0.102721,0.103187,0.102926,0.090787,0.101859
0.032896,0.115913,0.296514,0.083561,0.098721,0.093908,0.073572,0.087278,0.036904,0.080733
0.036648,0.078542,0.286519,0.073826,0.077447,0.107345,0.181131,0.019396,0.051278,0.087869
0.047712,0.100500,0.269204,0.100759,0.103852,0.108404,0.075158,0.054898,0.039597,0.099917
0.062965,0.126780,0.037528,0.124820,0.142703,0.172162,0.147831,0.033040,0.054682,0.097489
0.048643,0.119175,0.045143,0.113423,0.124920,0.181423,0.107380,0.125151,0.047323,0.087420
0.040609,0.129819,0.104017,0.098093,0.233018,0.054282,0.107372,0.087789,0.050220,0.094781
0.043235,0.118230,0.117253,0.121000,0.104133,0.070868,0.182468,0.072722,0.101293,0.068797
0.020833,0.118619,0.072262,0.069401,0.067154,0.079424,0.139616,0.048769,0.313678,0.070245
0.042227,0.135342,0.108330,0.104128,0.175509,0.058614,0.107035,0.102404,0.059665,0.106746
0.046698,0.120933,0.114277,0.106537,0.127654,0.144948,0.114136,0.074938,0.065218,0.084663
0.048672,0.128409,0.131573,0.126779,0.129567,0.088457,0.122868,0.030007,0.069724,0.123944
0.063374,0.110548,0.108613,0.093178,0.135836,0.114153,0.110059,0.103881,0.058176,0.102182
0.084176,0.097068,0.104640,0.095068,0.200459,0.054483,0.097386,0.103939,0.073091,0.089691
0.031385,0.107167,0.076337,0.104737,0.116768,0.145457,0.125654,0.101291,0.125091,0.066113
0.078658,0.068863,0.067734,0.072984,0.118222,0.076866,0.071537,0.016572,0.357810,0.070753
0.024302,0.065884,0.197543,0.056128,0.338957,0.085384,0.075706,0.073588,0.035519,0.046989
0.033675,0.094766,0.038194,0.124499,0.144243,0.175936,0.126959,0.131930,0.047063,0.082734
0.022646,0.085777,0.317542,0.078331,0.211722,0.043462,0.080926,0.080267,0.039355,0.039971
0.038828,0.082329,0.083423,0.080716,0.125365,0.110916,0.088282,0.019250,0.327058,0.043832
0.029238,0.095197,0.368442,0.061472,0.092392,0.051953,0.073696,0.118037,0.043547,0.066025
0.031504,0.174260,0.116704,0.117846,0.114866,0.068150,0.117947,0.110850,0.045894,0.101979
0.025044,0.060588,0.024213,0.079838,0.569060,0.035897,0.091181,0.020884,0.035394,0.057902
0.041791,0.143031,0.087485,0.115238,0.141835,0.072797,0.107145,0.164564,0.075708,0.050406
0.039338,0.072778,0.022677,0.070205,0.548218,0.037132,0.055689,0.020996,0.078860,0.054106
0.078331,0.091388,0.272905,0.076194,0.088144,0.101580,0.093874,0.082120,0.034674,0.080789
0.094570,0.110228,0.118139,0.122874,0.116187,0.059285,0.107070,0.106339,0.053402,0.111905
0.074610,0.140819,0.087211,0.111112,0.155002,0.072765,0.137421,0.037651,0.067975,0.115435
0.034862,0.119266,0.118641,0.096460,0.149172,0.111362,0.123959,0.107659,0.083809,0.054811
0.020681,0.062637,0.027829,0.062174,0.504566,0.082780,0.079356,0.077351,0.029672,0.052953
0.043546,0.140315,0.040918,0.123140,0.144765,0.186001,0.158462,0.037891,0.062912,0.062051
0.048369,0.109977,0.103807,0.105230,0.099514,0.114940,0.106256,0.093936,0.115814,0.102155
0.039326,0.098057,0.048018,0.144722,0.122948,0.135060,0.091681,0.108145,0.084208,0.127835
0.049733,0.120076,0.048016,0.110279,0.156967,0.070606,0.116754,0.170577,0.092848,0.064142
0.031086,0.062999,0.021017,0.055817,0.501052,0.075657,0.072567,0.067866,0.046572,0.065367
0.019568,0.115261,0.325024,0.089437,0.077606,0.044675,0.124383,0.075456,0.060952,0.067638
0.030651,0.100948,0.125133,0.100962,0.118231,0.064307,0.129932,0.107719,0.113755,0.108362
0.050592,0.095737,0.098081,0.092326,0.089937,0.119211,0.219141,0.082603,0.056289,0.096083
0.030164,0.176406,0.103939,0.092558,0.095011,0.114740,0.106288,0.098716,0.078569,0.103609
0.053826,0.074050,0.262794,0.070638,0.079043,0.100919,0.159391,0.072319,0.048702,0.078319
0.046515,0.074278,0.257305,0.074210,0.157067,0.072274,0.135284,0.063359,0.057946,0.061762
0.072959,0.081088,0.286968,0.077163,0.124201,0.097001,0.091711,0.048183,0.034634,0.086092
0.024286,0.063202,0.277404,0.068357,0.264394,0.037728,0.065847,0.071906,0.071322,0.055554
0.065762,0.104298,0.051161,0.105329,0.131588,0.185793,0.150975,0.032922,0.059045,0.113127
0.043490,0.097933,0.103153,0.097527,0.097689,0.108172,0.202707,0.091022,0.083061,0.075246
0.063836,0.174822,0.087427,0.088455,0.083013,0.102176,0.201890,0.080864,0.076021,0.041494
0.020861,0.056749,0.046495,0.059724,0.488901,0.084513,0.085609,0.078713,0.028975,0.049460
0.039717,0.124332,0.056930,0.146951,0.142418,0.073388,0.123700,0.157784,0.059116,0.075664
0.053582,0.125350,0.124124,0.106603,0.120093,0.069103,0.149842,0.103374,0.068540,0.079390
0.053923,0.101237,0.072668,0.120959,0.116636,0.158822,0.133507,0.100233,0.056611,0.085405
0.063173,0.115436,0.048677,0.104714,0.150095,0.178899,0.111145,0.082785,0.064450,0.080627
0.025667,0.079897,0.299821,0.070468,0.147368,0.093500,0.091211,0.077277,0.038781,0.076010
0.027916,0.169036,0.107097,0.104510,0.178662,0.062604,0.174152,0.062335,0.055322,0.058365
0.059933,0.167629,0.098909,0.097538,0.188342,0.087104,0.094296,0.024079,0.082481,0.099689
0.023823,0.081598,0.271159,0.104888,0.096637,0.136277,0.100085,0.093593,0.031466,0.060473
0.028238,0.101862,0.102333,0.087625,0.139804,0.116718,0.188743,0.088603,0.044233,0.101840
0.034455,0.093103,0.376877,0.095732,0.103465,0.048213,0.086091,0.085913,0.033306,0.042844
0.037857,0.125807,0.041896,0.135794,0.141910,0.067429,0.147210,0.151735,0.057762,0.092601
0.059865,0.103309,0.099429,0.099960,0.091131,0.066081,0.185316,0.093032,0.097050,0.104827
0.082530,0.091777,0.041049,0.085808,0.129334,0.063919,0.139620,0.143438,0.132757,0.089767
0.061371,0.101642,0.097911,0.087714,0.094203,0.109317,0.184622,0.087909,0.070328,0.104982
0.050134,0.197817,0.102543,0.102161,0.095195,0.125750,0.103067,0.091825,0.047475,0.084034
0.023563,0.068665,0.051350,0.061899,0.427191,0.113772,0.089881,0.045480,0.057295,0.060904
0.039774,0.095326,0.333510,0.104027,0.095376,0.090935,0.099530,0.021526,0.054814,0.065183
0.039304,0.100932,0.043216,0.145675,0.134784,0.157929,0.161363,0.096396,0.063155,0.057246
0.085889,0.096753,0.042936,0.108429,0.139560,0.187396,0.095437,0.071108,0.086620,0.085872
0.039831,0.115614,0.083100,0.163172,0.122747,0.068011,0.157868,0.154316,0.050214,0.045127
0.056719,0.087843,0.230853,0.084444,0.086360,0.099014,0.168350,0.055446,0.058309,0.072662
0.044113,0.079663,0.398515,0.063499,0.107640,0.054886,0.072698,0.082037,0.043980,0.052969
0.028636,0.074785,0.047776,0.096539,0.507865,0.039256,0.056396,0.088756,0.032662,0.027330
0.053286,0.078563,0.366156,0.095488,0.093349,0.058565,0.112857,0.021828,0.085727,0.034181
0.082370,0.094179,0.041263,0.141404,0.134472,0.150235,0.151076,0.109194,0.052623,0.043186
0.049069,0.074670,0.046750,0.063293,0.443450,0.094898,0.079984,0.063832,0.030274,0.053780
0.022202,0.086827,0.297374,0.075433,0.084912,0.105465,0.091868,0.074135,0.078206,0.083578
0.026523,0.084608,0.060489,0.080727,0.352411,0.118459,0.098387,0.051271,0.052578,0.074548
0.077944,0.081202,0.095372,0.090320,0.092917,0.114151,0.202112,0.076660,0.079553,0.089768
0.031900,0.070592,0.021112,0.064415,0.506560,0.074451,0.073759,0.036234,0.073020,0.047957
0.045265,0.124544,0.134692,0.116061,0.129330,0.067708,0.139733,0.119702,0.055115,0.067849
0.096210,0.093280,0.112788,0.123484,0.148631,0.058411,0.122274,0.100082,0.043259,0.101581
0.035078,0.103697,0.115972,0.108457,0.112775,0.126905,0.123546,0.115142,0.071476,0.086951
0.016207,0.061493,0.183059,0.072014,0.369656,0.092886,0.074541,0.063395,0.024376,0.042372
0.032498,0.159113,0.034297,0.110812,0.124462,0.151587,0.131864,0.123482,0.042719,0.089166
0.041113,0.114775,0.114651,0.091072,0.142362,0.120328,0.116196,0.092402,0.061916,0.105185
0.049360,0.094514,0.046548,0.124683,0.128959,0.141101,0.111486,0.135735,0.048862,0.118753
0.021559,0.049635,0.027283,0.076969,0.510940,0.081860,0.049224,0.076605,0.062064,0.043862
0.083429,0.110533,0.052719,0.099045,0.118138,0.066558,0.141860,0.155912,0.103628,0.068178
0.024964,0.070680,0.041610,0.053517,0.568601,0.034638,0.053073,0.017768,0.086766,0.048382
0.066774,0.117178,0.066538,0.061215,0.056020,0.076693,0.062356,0.015366,0.417138,0.060721
0.018143,0.074435,0.293074,0.085836,0.253020,0.047953,0.075312,0.018428,0.067311,0.066488
0.094760,0.107446,0.112500,0.099820,0.172161,0.057686,0.114259,0.103975,0.082053,0.055340
0.046419,0.121486,0.129720,0.106741,0.148808,0.071276,0.129141,0.123629,0.053973,0.068806
0.034549,0.106688,0.040792,0.148026,0.133048,0.144499,0.145080,0.073325,0.077215,0.096778
0.023361,0.090491,0.267203,0.090410,0.082974,0.099445,0.164218,0.076849,0.045535,0.059514
0.084528,0.110146,0.112244,0.096840,0.105760,0.142238,0.109717,0.027868,0.101348,0.109312
0.030618,0.076712,0.302649,0.084368,0.088168,0.104496,0.095949,0.086000,0.049833,0.081206
0.061289,0.078424,0.352874,0.075466,0.088547,0.044402,0.088275,0.090314,0.037340,0.083070
0.074382,0.149188,0.099670,0.099441,0.096293,0.119531,0.092721,0.066177,0.103154,0.099443
0.029450,0.152853,0.044383,0.109308,0.121800,0.168163,0.156009,0.117177,0.050335,0.050523
0.093338,0.166922,0.100573,0.096591,0.093487,0.067148,0.186525,0.060351,0.052372,0.082692
0.040913,0.116226,0.242130,0.088582,0.091786,0.116800,0.100339,0.077131,0.037802,0.088292
0.047255,0.119777,0.120868,0.115253,0.191968,0.060542,0.097117,0.105343,0.067390,0.074486
0.031594,0.082206,0.385114,0.085844,0.102234,0.049506,0.072297,0.088345,0.060059,0.042800
0.023658,0.152368,0.286461,0.087449,0.083191,0.101823,0.091970,0.057305,0.075187,0.040587
0.027852,0.081576,0.017431,0.051676,0.509323,0.072609,0.075369,0.060784,0.059419,0.043962
0.063021,0.142090,0.110849,0.111900,0.188428,0.059573,0.108302,0.107502,0.047196,0.061140
0.030282,0.135069,0.034987,0.104811,0.116612,0.160723,0.136584,0.114814,0.081613,0.084505
0.023786,0.089976,0.301675,0.084448,0.088453,0.098360,0.076465,0.078260,0.075332,0.083243
0.030353,0.111416,0.273006,0.077627,0.168655,0.097412,0.093984,0.076390,0.038174,0.032983
0.066181,0.159169,0.114540,0.096600,0.116818,0.071948,0.122335,0.070917,0.071180,0.110313
0.033599,0.128862,0.036326,0.084228,0.127355,0.166835,0.127916,0.124800,0.055777,0.114302
0.022045,0.049659,0.029160,0.083652,0.606117,0.036492,0.061080,0.040890,0.031694,0.039211
0.026624,0.064615,0.020959,0.072508,0.521955,0.090399,0.078421,0.056217,0.034306,0.033996
0.027094,0.080879,0.272996,0.055898,0.320351,0.034599,0.074471,0.059144,0.021523,0.053046
0.039670,0.086094,0.281673,0.082947,0.111593,0.134781,0.090853,0.094512,0.034250,0.043626
0.040837,0.138545,0.052408,0.129200,0.132090,0.170342,0.145896,0.033335,0.092872,0.064475
0.027407,0.081293,0.297180,0.079479,0.098118,0.111292,0.117316,0.103905,0.039733,0.044277
0.032323,0.089695,0.327371,0.085835,0.091432,0.119069,0.082778,0.023777,0.057820,0.089899
0.103930,0.120068,0.116941,0.128592,0.113240,0.153034,0.111302,0.026275,0.062978,0.063639
0.023683,0.077381,0.081924,0.082557,0.113764,0.094440,0.078719,0.019005,0.339321,0.089206
0.027470,0.092066,0.093232,0.096178,0.085711,0.100243,0.191586,0.079950,0.140846,0.092717
