0.016355,0.095610,0.066022,0.061590,0.439197,0.114832,0.060168,0.020763,0.066937,0.058525
0.048674,0.185773,0.112081,0.116329,0.099256,0.122231,0.117019,0.097299,0.050681,0.050656
0.044099,0.102566,0.113775,0.152066,0.195697,0.074494,0.133686,0.080222,0.055080,0.048314
0.054300,0.118880,0.118019,0.097307,0.112317,0.131994,0.116939,0.098331,0.044033,0.107881
0.038602,0.161988,0.039302,0.080535,0.128046,0.224377,0.132505,0.035441,0.065523,0.093681
0.032123,0.182496,0.095282,0.083395,0.076726,0.108754,0.212139,0.076397,0.088779,0.043911
0.033989,0.047485,0.017435,0.052550,0.527363,0.097818,0.066118,0.055820,0.049413,0.052010
0.036973,0.143094,0.044956,0.120232,0.120735,0.150032,0.116368,0.124261,0.082472,0.060876
0.032161,0.084318,0.083451,0.110080,0.119697,0.152658,0.099448,0.104082,0.104135,0.109969
0.037482,0.121617,0.140823,0.109444,0.123930,0.069150,0.103854,0.114035,0.057018,0.122648
0.020512,0.062106,0.212309,0.076041,0.380221,0.070117,0.068572,0.020417,0.042879,0.046824
0.043938,0.102570,0.123724,0.095958,0.177179,0.053933,0.119791,0.100782,0.082004,0.100120
0.064505,0.140269,0.098312,0.093468,0.210929,0.058668,0.158513,0.076700,0.044920,0.053715
0.023498,0.135264,0.312989,0.076782,0.072429,0.111698,0.081016,0.055257,0.059119,0.071948
0.082821,0.106485,0.109217,0.106955,0.098682,0.120754,0.108311,0.092068,0.091679,0.083026
0.036299,0.101749,0.102406,0.083603,0.160856,0.091828,0.166967,0.082469,0.081569,0.092253
0.031731,0.162364,0.100998,0.093975,0.169572,0.105863,0.097114,0.083774,0.053711,0.100899
0.030904,0.120464,0.104495,0.074084,0.199856,0.053418,0.102685,0.084336,0.154732,0.075025
0.028904,0.104169,0.109431,0.088554,0.223706,0.059120,0.113177,0.094628,0.095950,0.082361
0.038743,0.121455,0.122936,0.082403,0.219081,0.059177,0.118352,0.104726,0.042583,0.090544
0.065672,0.126746,0.251373,0.067221,0.067581,0.075611,0.170458,0.058768,0.055109,0.061463
0.029428,0.104263,0.088253,0.110147,0.121221,0.160768,0.118784,0.098886,0.078164,0.090085
0.043361,0.102258,0.096187,0.122335,0.105575,0.166954,0.176854,0.029255,0.049824,0.107397
0.019513,0.067031,0.205745,0.071477,0.403320,0.080570,0.062230,0.018176,0.028600,0.043338
0.046646,0.105800,0.100692,0.096563,0.132413,0.071905,0.115883,0.183165,0.081429,0.065506
0.035258,0.130726,0.132375,0.118880,0.125404,0.095339,0.140397,0.034100,0.050334,0.137186
0.042320,0.090948,0.101589,0.098979,0.089414,0.089040,0.202192,0.079893,0.104668,0.100957
0.028389,0.078674,0.294906,0.081813,0.148617,0.120338,0.091390,0.055265,0.053973,0.046634
0.034790,0.135101,0.045229,0.090809,0.124252,0.204921,0.099161,0.074228,0.132519,0.058990
0.044132,0.205828,0.093519,0.084722,0.089485,0.068450,0.198858,0.026720,0.103763,0.084524
0.013836,0.107370,0.301077,0.064278,0.249770,0.043903,0.111647,0.018411,0.056216,0.033493
0.018346,0.043348,0.162315,0.048965,0.530425,0.055469,0.045509,0.049339,0.016274,0.030011
0.049024,0.168022,0.039317,0.124413,0.122940,0.163689,0.131907,0.035343,0.081715,0.083629
0.038213,0.124288,0.132050,0.108664,0.119116,0.065699,0.131016,0.106551,0.047636,0.126767
0.015942,0.049421,0.193321,0.052451,0.388503,0.097228,0.068602,0.058586,0.020680,0.055265
0.052745,0.093133,0.100738,0.095897,0.174674,0.104991,0.208475,0.023915,0.037721,0.107710
0.042630,0.135811,0.117224,0.109830,0.207596,0.054827,0.090350,0.098277,0.037525,0.105930
0.046510,0.120192,0.137634,0.093642,0.127972,0.066862,0.130439,0.085779,0.107384,0.083585
0.028361,0.080787,0.309600,0.069496,0.095092,0.099492,0.111219,0.098277,0.048998,0.058678
0.084880,0.106772,0.119532,0.092070,0.102007,0.134823,0.110717,0.096807,0.053571,0.098821
0.043469,0.101842,0.052065,0.078638,0.170712,0.154852,0.127345,0.155159,0.052916,0.063003
0.033647,0.068102,0.259608,0.064988,0.071317,0.067335,0.067937,0.018977,0.270499,0.077590
0.088885,0.093069,0.119804,0.100854,0.111205,0.139443,0.117876,0.026928,0.123568,0.078369
0.012970,0.044190,0.162554,0.043068,0.525156,0.063689,0.045461,0.042054,0.015406,0.045451
0.035277,0.122027,0.129165,0.101562,0.118786,0.068152,0.165845,0.102869,0.055494,0.100824
0.014956,0.062399,0.021177,0.044294,0.611343,0.086847,0.079063,0.018745,0.041028,0.020147
0.038873,0.160694,0.071962,0.075007,0.068325,0.085764,0.065864,0.060402,0.295125,0.077983
0.020095,0.056153,0.045107,0.036584,0.564385,0.069991,0.058255,0.066918,0.021373,0.061139
0.072542,0.105464,0.112833,0.083020,0.161416,0.116906,0.090587,0.072268,0.091577,0.093387
0.031778,0.158781,0.332125,0.080898,0.072977,0.113968,0.084147,0.022944,0.044694,0.057688
0.024982,0.068671,0.020493,0.068154,0.596189,0.033536,0.051968,0.051737,0.019311,0.064959
0.044078,0.083893,0.107667,0.103911,0.130252,0.121727,0.179407,0.084360,0.037311,0.107393
0.022899,0.079930,0.314713,0.095820,0.086248,0.085018,0.092140,0.083081,0.071884,0.068268
0.033657,0.115313,0.039029,0.121907,0.115141,0.235974,0.109269,0.132028,0.045567,0.052116
0.044853,0.083803,0.281622,0.066047,0.173717,0.092644,0.084218,0.050864,0.064019,0.058214
0.102311,0.109244,0.116287,0.088705,0.097863,0.103449,0.106484,0.103746,0.058123,0.113789
0.031418,0.087612,0.082976,0.117288,0.133452,0.122082,0.104468,0.114154,0.100161,0.106389
0.057659,0.168100,0.142368,0.100274,0.114639,0.071912,0.129887,0.112248,0.051792,0.051121
0.052533,0.101506,0.228971,0.046688,0.137248,0.064312,0.147133,0.047328,0.140124,0.034157
0.023060,0.075863,0.334980,0.072542,0.158129,0.095443,0.068373,0.075381,0.036100,0.060130
0.023315,0.079077,0.267251,0.080337,0.091427,0.130525,0.113258,0.083092,0.056703,0.075016
0.022983,0.085125,0.328989,0.064918,0.075758,0.080109,0.155557,0.055842,0.042894,0.087826
0.059347,0.092063,0.113122,0.106977,0.097910,0.140274,0.097652,0.080413,0.112800,0.099441
0.078969,0.120240,0.040215,0.093981,0.122421,0.142862,0.155156,0.134491,0.056289,0.055377
0.039880,0.093173,0.095260,0.097147,0.094072,0.114042,0.199130,0.083109,0.082839,0.101348
0.053308,0.111771,0.118970,0.099409,0.101748,0.147994,0.114891,0.093390,0.106710,0.051810
0.033217,0.065293,0.026772,0.045639,0.476914,0.039273,0.080046,0.101750,0.055511,0.075585
0.044081,0.118451,0.132966,0.107836,0.111206,0.067964,0.122132,0.117106,0.058133,0.120124
0.028841,0.106168,0.042362,0.117764,0.115968,0.199940,0.105576,0.114359,0.071739,0.097284
0.039886,0.161826,0.113292,0.084402,0.242806,0.063366,0.136173,0.073826,0.038871,0.045552
0.031858,0.134163,0.102350,0.094472,0.097943,0.058948,0.103129,0.082037,0.189956,0.105143
0.077953,0.074994,0.081504,0.068037,0.098645,0.098975,0.168852,0.062802,0.185631,0.082606
0.026217,0.043745,0.265515,0.066229,0.443955,0.031676,0.050503,0.019810,0.026303,0.026046
0.042130,0.143427,0.058520,0.090843,0.179260,0.077391,0.146954,0.102025,0.059677,0.099773
0.027745,0.097944,0.326982,0.049803,0.233479,0.050688,0.125986,0.020068,0.031884,0.035420
0.046481,0.261005,0.101383,0.094919,0.087379,0.131970,0.104873,0.025049,0.063980,0.082961
0.030334,0.183901,0.097293,0.086656,0.080609,0.130119,0.101461,0.092414,0.093102,0.104111
0.018814,0.050916,0.025488,0.075161,0.534657,0.082508,0.063103,0.075904,0.022865,0.050584
0.034340,0.153282,0.107682,0.088296,0.152820,0.131743,0.104460,0.076603,0.040057,0.110717
0.025641,0.119544,0.285785,0.062292,0.144688,0.086944,0.138270,0.059011,0.049824,0.028001
0.093236,0.108896,0.111607,0.110931,0.094050,0.065716,0.146712,0.070849,0.130095,0.067908
0.090658,0.082409,0.109406,0.092738,0.127851,0.120024,0.087709,0.097401,0.089318,0.102485
0.028992,0.081228,0.309608,0.086199,0.156665,0.124448,0.071309,0.078510,0.032123,0.030919
0.034583,0.079826,0.296868,0.069148,0.076095,0.098003,0.151538,0.073370,0.044295,0.076273
0.031454,0.124372,0.344737,0.074770,0.077996,0.101601,0.069824,0.079565,0.027871,0.067809
0.055048,0.114259,0.123793,0.121748,0.108854,0.153728,0.110518,0.030962,0.078065,0.103025
0.103590,0.108667,0.112734,0.109139,0.096105,0.140659,0.104587,0.091649,0.040138,0.092732
0.018560,0.045184,0.019087,0.036400,0.570168,0.116059,0.059683,0.067560,0.029790,0.037510
0.017112,0.057514,0.019474,0.065558,0.530965,0.091415,0.052391,0.065961,0.060756,0.038854
0.042638,0.088114,0.095988,0.073999,0.076483,0.117517,0.094722,0.083007,0.242038,0.085493
0.034025,0.076107,0.174199,0.055335,0.395145,0.085928,0.055494,0.057722,0.017184,0.048861
0.030682,0.122182,0.086592,0.109027,0.124043,0.164113,0.126810,0.119657,0.040967,0.075928
0.028699,0.064153,0.383250,0.091297,0.105761,0.043368,0.068049,0.114468,0.048674,0.052280
0.045862,0.104818,0.112332,0.107325,0.107459,0.140148,0.102238,0.089588,0.093261,0.096968
0.056159,0.102664,0.308292,0.087735,0.089545,0.115445,0.087202,0.082652,0.031732,0.038574
0.033957,0.098500,0.040818,0.131489,0.131486,0.147978,0.159284,0.134236,0.081475,0.040776
0.043399,0.120871,0.128267,0.092303,0.232236,0.075558,0.128671,0.029489,0.100909,0.048298
0.038364,0.107982,0.113989,0.096038,0.103522,0.130250,0.109690,0.095119,0.088621,0.116425
0.037041,0.099100,0.043222,0.161940,0.164170,0.152336,0.142094,0.079419,0.060219,0.060460
0.039918,0.087272,0.097102,0.095401,0.082782,0.102858,0.088154,0.076630,0.256580,0.073303
0.036274,0.109850,0.110131,0.096897,0.245839,0.067212,0.106691,0.024890,0.093686,0.108531
0.079507,0.096456,0.107985,0.102990,0.118341,0.095158,0.191300,0.074196,0.038525,0.095542
0.097003,0.106369,0.113553,0.084519,0.109952,0.127717,0.106312,0.095165,0.045763,0.113647
0.027253,0.111161,0.282125,0.072283,0.155716,0.097622,0.085881,0.051724,0.039697,0.076537
0.035835,0.183703,0.105933,0.093654,0.093569,0.061078,0.182964,0.086153,0.047754,0.109356
0.032648,0.113767,0.118554,0.109475,0.208727,0.054867,0.088854,0.101181,0.085942,0.085985
0.057385,0.074751,0.393657,0.079293,0.080632,0.045489,0.102881,0.081999,0.030114,0.053799
0.057530,0.161057,0.108892,0.109241,0.105326,0.122746,0.102994,0.089886,0.055144,0.087184
0.030609,0.111711,0.086550,0.071706,0.123106,0.165712,0.119509,0.119880,0.054295,0.116921
0.030495,0.142665,0.040030,0.129850,0.130848,0.172997,0.170284,0.039604,0.078665,0.064562
0.054120,0.092760,0.120167,0.107519,0.111523,0.107629,0.113260,0.095108,0.103195,0.094718
0.048310,0.091236,0.096027,0.080849,0.093177,0.125546,0.206519,0.070506,0.081936,0.105893
0.039645,0.118971,0.121398,0.097975,0.110095,0.158678,0.107092,0.087134,0.046266,0.112746
0.059271,0.110690,0.115737,0.088115,0.218653,0.050953,0.084850,0.098891,0.079822,0.093017
0.017529,0.113168,0.264835,0.062413,0.150256,0.068369,0.150793,0.062633,0.048530,0.061474
0.019215,0.057398,0.330664,0.061398,0.285539,0.040862,0.065131,0.016707,0.061686,0.061400
0.049373,0.108275,0.111157,0.110888,0.130747,0.117273,0.109980,0.092666,0.081832,0.087809
0.045440,0.088310,0.036391,0.076413,0.121027,0.185143,0.128843,0.118151,0.123527,0.076755
0.018849,0.069447,0.057188,0.072448,0.392166,0.119336,0.075996,0.045710,0.073125,0.075735
0.084933,0.103301,0.108824,0.073275,0.234253,0.052838,0.139164,0.090592,0.035634,0.077186
0.071852,0.104675,0.119839,0.115594,0.107927,0.163514,0.125411,0.030813,0.048367,0.112007
0.026624,0.077421,0.084871,0.066747,0.121343,0.104994,0.132373,0.066787,0.233117,0.085722
0.027642,0.078125,0.377152,0.084352,0.091967,0.045890,0.078468,0.083322,0.075365,0.057716
0.088657,0.143794,0.091160,0.084418,0.083387,0.102834,0.213264,0.070269,0.031634,0.090582
0.032376,0.110789,0.036596,0.130932,0.117594,0.199391,0.112157,0.071542,0.080280,0.108344
0.018238,0.056752,0.190551,0.046110,0.434749,0.063668,0.066551,0.053257,0.039737,0.030387
0.027991,0.092338,0.280317,0.055678,0.100623,0.144681,0.107202,0.081142,0.051421,0.058606
0.021946,0.083123,0.396806,0.078459,0.073039,0.045207,0.099919,0.070417,0.057783,0.073301
0.021172,0.094855,0.175838,0.041465,0.046429,0.056966,0.106745,0.034314,0.378417,0.043799
0.036812,0.162622,0.043325,0.099800,0.145931,0.069172,0.135704,0.144635,0.047927,0.114072
0.018966,0.062403,0.052599,0.047340,0.468219,0.095979,0.088272,0.074300,0.040238,0.051683
0.023969,0.083093,0.389192,0.074875,0.096456,0.043773,0.085795,0.054311,0.067795,0.080741
0.060560,0.119712,0.286473,0.057274,0.093667,0.115647,0.099560,0.083360,0.041174,0.042573
0.077687,0.095974,0.106304,0.088412,0.090559,0.119585,0.182921,0.084412,0.048556,0.105590
0.034545,0.104125,0.110878,0.110816,0.156697,0.131605,0.100834,0.028437,0.098093,0.123971
0.016170,0.056035,0.018513,0.061694,0.584116,0.087980,0.061616,0.061045,0.026808,0.026023
0.031981,0.038441,0.016269,0.053739,0.641133,0.075199,0.053496,0.058010,0.016075,0.015655
0.028843,0.056114,0.051638,0.050862,0.465235,0.113295,0.081095,0.072195,0.023356,0.057366
0.056500,0.130824,0.103571,0.136663,0.129663,0.066786,0.114882,0.114091,0.064348,0.082671
0.035324,0.096618,0.105662,0.100598,0.093229,0.092725,0.203047,0.085909,0.094153,0.092735
0.027159,0.096696,0.317250,0.049517,0.066483,0.042906,0.107761,0.058058,0.175884,0.058286
0.034798,0.136344,0.278830,0.077531,0.090010,0.142568,0.100666,0.028673,0.066214,0.044366
0.037251,0.122901,0.046338,0.123937,0.143992,0.225453,0.118944,0.072161,0.054182,0.054840
0.031725,0.131186,0.036482,0.117588,0.140566,0.199749,0.108173,0.132927,0.050810,0.050795
0.056644,0.163893,0.338129,0.076981,0.066939,0.088139,0.067444,0.020569,0.039596,0.081667
0.034112,0.125575,0.051974,0.086083,0.146839,0.194572,0.132748,0.041675,0.087244,0.099179
0.023239,0.081595,0.412130,0.066243,0.090268,0.047268,0.090484,0.087656,0.057773,0.043344
0.059393,0.184421,0.103276,0.094114,0.171609,0.130238,0.110256,0.025773,0.066866,0.054054
0.023266,0.070618,0.303245,0.064151,0.104374,0.109034,0.092815,0.100074,0.089473,0.042951
0.027415,0.101163,0.086002,0.124109,0.107953,0.140803,0.122132,0.101787,0.092253,0.096383
0.026002,0.075072,0.071155,0.063998,0.069886,0.081071,0.164950,0.065242,0.343832,0.038793
0.014596,0.036142,0.222706,0.029490,0.486724,0.026611,0.067425,0.065352,0.033908,0.017046
0.051507,0.089676,0.098685,0.080274,0.079462,0.108643,0.093160,0.089645,0.213250,0.095699
0.052278,0.110454,0.124234,0.086464,0.105565,0.067878,0.157964,0.107382,0.099229,0.088552
0.021460,0.043953,0.021635,0.067424,0.608692,0.034094,0.085923,0.038779,0.049592,0.028448
0.017169,0.068828,0.180409,0.051326,0.419430,0.068468,0.067746,0.059305,0.017790,0.049528
0.034020,0.139703,0.093658,0.079524,0.122399,0.156513,0.124799,0.113210,0.056829,0.079345
0.015258,0.055001,0.018746,0.056466,0.602079,0.090624,0.053457,0.068853,0.020716,0.018800
0.032299,0.118553,0.126848,0.118800,0.124431,0.068832,0.141581,0.102428,0.044577,0.121651
0.031632,0.100515,0.082762,0.089054,0.113713,0.189627,0.134383,0.095777,0.063431,0.099106
0.032301,0.118956,0.093983,0.088624,0.134964,0.150339,0.128952,0.124856,0.085184,0.041840
0.043726,0.120844,0.145957,0.114418,0.212809,0.058707,0.126950,0.082834,0.046554,0.047201
0.034311,0.047073,0.259871,0.034841,0.416040,0.026774,0.064229,0.058276,0.023715,0.034870
0.051978,0.068566,0.431497,0.053019,0.089182,0.046144,0.116047,0.040830,0.051028,0.051709
0.015190,0.039961,0.021199,0.059779,0.581981,0.103472,0.049021,0.062472,0.033580,0.033344
0.041575,0.080231,0.406962,0.093700,0.096407,0.045330,0.087172,0.051324,0.028195,0.069104
0.017270,0.055080,0.017955,0.056251,0.563602,0.086123,0.056016,0.064460,0.049549,0.033694
0.018205,0.050769,0.270488,0.053517,0.378235,0.027917,0.055385,0.063131,0.026445,0.055908
0.041813,0.161389,0.102960,0.089358,0.091051,0.062310,0.185020,0.088525,0.092245,0.085328
0.028168,0.208358,0.084983,0.085205,0.083616,0.094734,0.211029,0.064999,0.055328,0.083579
0.046294,0.121498,0.120637,0.116639,0.112212,0.063063,0.124565,0.109966,0.107603,0.077524
0.029501,0.095878,0.111561,0.096666,0.207443,0.059305,0.108946,0.099008,0.087094,0.104599
0.066709,0.110019,0.111509,0.118069,0.109668,0.135477,0.105765,0.030195,0.091879,0.120711
0.038340,0.064534,0.047168,0.063881,0.512232,0.086518,0.064455,0.037558,0.023571,0.061743
0.015026,0.052831,0.019127,0.059649,0.638322,0.029234,0.049490,0.066271,0.021005,0.049045
0.024945,0.117749,0.033305,0.106207,0.122193,0.157919,0.129760,0.095825,0.108396,0.103702
0.024291,0.073288,0.377607,0.087309,0.081937,0.043312,0.109583,0.113820,0.038365,0.050487
0.044618,0.134395,0.108695,0.149362,0.145477,0.074371,0.154287,0.045423,0.050989,0.092383
0.018400,0.052937,0.294456,0.066077,0.353179,0.029631,0.057932,0.036084,0.030372,0.060931
0.062719,0.074545,0.277896,0.068819,0.151349,0.108128,0.118712,0.067221,0.026077,0.044533
0.036558,0.067992,0.082789,0.065838,0.071361,0.089774,0.125175,0.066580,0.305473,0.088461
0.062551,0.101695,0.125341,0.110884,0.222432,0.052903,0.107980,0.101656,0.054223,0.060334
0.020920,0.045439,0.028529,0.067077,0.538216,0.035683,0.089986,0.042619,0.049738,0.081793
0.025639,0.054089,0.424756,0.113791,0.086382,0.045353,0.076642,0.052789,0.037373,0.083187
0.029745,0.087871,0.335250,0.064777,0.084987,0.122621,0.092897,0.080594,0.029957,0.071300
0.038219,0.109269,0.109972,0.092859,0.093642,0.097932,0.191475,0.085268,0.064752,0.116611
0.027235,0.051423,0.018891,0.073049,0.619538,0.066743,0.053581,0.034742,0.019021,0.035777
0.042582,0.123246,0.096843,0.073355,0.098631,0.053577,0.101208,0.081272,0.228505,0.100780
0.040557,0.116235,0.122540,0.116949,0.110124,0.125747,0.111048,0.109848,0.053690,0.093263
0.036904,0.125194,0.138560,0.095331,0.121634,0.070425,0.140736,0.114691,0.046242,0.110283
0.049969,0.112988,0.122239,0.105344,0.105970,0.085587,0.211045,0.028667,0.066494,0.111698
0.040469,0.111580,0.115988,0.125418,0.186051,0.075341,0.144549,0.089495,0.065478,0.045631
0.026749,0.049201,0.021321,0.038962,0.595515,0.070666,0.050432,0.077918,0.024736,0.044500
0.036260,0.089667,0.282360,0.083742,0.094314,0.106067,0.105292,0.086639,0.029654,0.086003
0.049672,0.142438,0.089429,0.078248,0.085863,0.082418,0.197907,0.073003,0.100892,0.100130
0.051087,0.124205,0.196580,0.043094,0.120933,0.059798,0.046487,0.014500,0.293887,0.049428
0.022098,0.066888,0.416491,0.083776,0.084944,0.048223,0.087606,0.080187,0.033310,0.076477
0.049403,0.127228,0.089884,0.111525,0.140804,0.174191,0.148948,0.074560,0.042490,0.040968
0.032901,0.084514,0.091292,0.074883,0.086070,0.103087,0.089778,0.063132,0.293026,0.081315
0.036371,0.123461,0.090975,0.102477,0.133785,0.061488,0.146860,0.123387,0.066476,0.114721
0.037146,0.110681,0.038971,0.125990,0.159074,0.182923,0.099229,0.097077,0.067567,0.081341
0.020856,0.047331,0.024587,0.035784,0.638333,0.030216,0.064538,0.052395,0.045916,0.040043
0.023337,0.040530,0.019756,0.062224,0.644196,0.059043,0.054596,0.054934,0.018117,0.023267
0.028625,0.077840,0.398435,0.079799,0.099472,0.045983,0.071594,0.087685,0.052702,0.057866
0.047847,0.107634,0.089958,0.077214,0.122722,0.157896,0.123573,0.129171,0.055328,0.088656
0.024476,0.074943,0.406556,0.089946,0.079526,0.042205,0.086186,0.074211,0.050361,0.071589
0.026998,0.088070,0.089986,0.087724,0.194058,0.102115,0.204637,0.025641,0.083229,0.097543
0.021868,0.042379,0.300710,0.040809,0.329602,0.032802,0.066802,0.086319,0.043007,0.035701
0.037872,0.109177,0.115676,0.117409,0.097019,0.137208,0.111737,0.094651,0.056912,0.122339
0.017487,0.129741,0.239813,0.058611,0.151378,0.083071,0.157111,0.049653,0.053232,0.059905
0.033398,0.092217,0.320583,0.079999,0.092312,0.090961,0.093753,0.080176,0.040871,0.075729
0.107511,0.107444,0.120168,0.108948,0.110057,0.108713,0.116477,0.096219,0.052160,0.072303
0.035436,0.104486,0.113089,0.095183,0.147323,0.100298,0.200003,0.089116,0.038512,0.076552
0.045350,0.118157,0.042738,0.118707,0.133291,0.165303,0.140033,0.091720,0.060032,0.084669
0.044852,0.098988,0.100996,0.090062,0.095430,0.133108,0.187338,0.088056,0.062618,0.098552
0.032575,0.098747,0.041094,0.097152,0.149658,0.216326,0.112196,0.116235,0.043834,0.092184
0.065050,0.083513,0.311016,0.057289,0.078222,0.079178,0.081495,0.069585,0.089604,0.085047
0.053702,0.081147,0.272055,0.056236,0.095296,0.108619,0.098177,0.087848,0.061147,0.085773
0.022824,0.047328,0.019514,0.031251,0.647021,0.072772,0.063694,0.057090,0.022273,0.016232
0.022256,0.113606,0.293736,0.088783,0.099919,0.117376,0.106912,0.087424,0.029850,0.040137
0.037776,0.085612,0.121573,0.107615,0.235222,0.051131,0.107585,0.102682,0.038308,0.112495
0.044321,0.108392,0.113847,0.088553,0.146763,0.118160,0.108700,0.076845,0.097696,0.096722
0.038397,0.179835,0.110558,0.094817,0.092674,0.063303,0.170592,0.094925,0.092816,0.062083
0.026904,0.074800,0.363785,0.103114,0.073753,0.044861,0.105849,0.104379,0.028521,0.074034
0.040939,0.114806,0.121998,0.098412,0.116042,0.136264,0.116883,0.099909,0.060615,0.094131
0.030951,0.092552,0.339631,0.066782,0.086631,0.087568,0.074716,0.076732,0.058613,0.085823
0.020912,0.079145,0.397380,0.076519,0.095226,0.047194,0.101999,0.080564,0.055604,0.045458
0.068025,0.119375,0.124966,0.124398,0.099270,0.115160,0.116522,0.032303,0.078359,0.121622
0.024004,0.054789,0.044510,0.035295,0.530715,0.105008,0.073991,0.064208,0.027220,0.040260
0.083541,0.118810,0.045978,0.117102,0.113103,0.124004,0.122082,0.032845,0.148664,0.093870
0.039082,0.098033,0.040998,0.134948,0.150452,0.153291,0.108150,0.139171,0.040879,0.094995
0.059789,0.167168,0.052283,0.112510,0.153275,0.076483,0.148883,0.046527,0.090308,0.092774
0.034293,0.164701,0.064326,0.064231,0.107632,0.077799,0.123556,0.054545,0.254522,0.054395
0.060537,0.115032,0.036656,0.077794,0.124049,0.202083,0.134155,0.035259,0.126161,0.088274
0.018009,0.098154,0.400307,0.079184,0.071993,0.042921,0.081879,0.072088,0.055034,0.080431
0.024734,0.108213,0.278775,0.079767,0.095829,0.138880,0.091193,0.094255,0.029441,0.058913
0.042485,0.108075,0.048682,0.098408,0.189302,0.075640,0.179322,0.119055,0.047863,0.091167
0.031714,0.093820,0.091099,0.123915,0.129081,0.144311,0.124440,0.098739,0.047263,0.115618
0.041894,0.120577,0.119501,0.120835,0.100520,0.134014,0.114405,0.104313,0.055912,0.088028
0.022744,0.106099,0.293547,0.090650,0.096093,0.113395,0.108442,0.056447,0.043022,0.069561
0.105777,0.160014,0.097789,0.097571,0.081104,0.129430,0.097004,0.092916,0.087446,0.050949
0.015995,0.066324,0.021118,0.047993,0.659438,0.038598,0.068585,0.022254,0.039028,0.020668
0.025282,0.049809,0.212293,0.072759,0.380640,0.081843,0.061543,0.064767,0.029384,0.021682
0.032965,0.132525,0.048950,0.128869,0.126655,0.149813,0.136808,0.139783,0.048151,0.055481
0.021149,0.115169,0.293004,0.066486,0.155262,0.090571,0.085175,0.050584,0.064017,0.058585
0.084171,0.104295,0.105865,0.093768,0.088383,0.138813,0.110783,0.078255,0.111373,0.084295
0.036815,0.103336,0.102231,0.191995,0.130539,0.068300,0.115437,0.066543,0.052138,0.132667
0.041157,0.067005,0.070516,0.072469,0.129994,0.079163,0.071930,0.018109,0.378186,0.071471
0.078741,0.085992,0.086885,0.091900,0.185317,0.082306,0.200927,0.025057,0.070982,0.091893
0.019028,0.049703,0.051625,0.047080,0.089075,0.058349,0.109208,0.013965,0.506051,0.055916
0.036782,0.150622,0.046918,0.119401,0.118949,0.184325,0.134799,0.036509,0.085996,0.085699
0.030564,0.081174,0.290503,0.072654,0.077649,0.109852,0.144867,0.068544,0.038678,0.085516
0.035962,0.125157,0.046906,0.098953,0.128269,0.209615,0.119550,0.036890,0.080422,0.118277
0.031488,0.149307,0.039859,0.089988,0.142986,0.225074,0.140099,0.078087,0.042852,0.060260
0.028990,0.099733,0.305768,0.090420,0.106015,0.099581,0.104074,0.029477,0.064010,0.071933
0.092636,0.152188,0.092752,0.082435,0.168879,0.087167,0.093869,0.084099,0.075860,0.070116
0.036222,0.099773,0.113905,0.111825,0.158210,0.127688,0.106739,0.087957,0.058105,0.099578
0.066543,0.198232,0.085250,0.071531,0.079903,0.092125,0.189037,0.060723,0.070456,0.086201
0.072282,0.136858,0.042973,0.087590,0.127464,0.163384,0.122412,0.128064,0.048211,0.070761
0.041848,0.097968,0.112022,0.107636,0.144050,0.116808,0.106583,0.093637,0.094173,0.085275
0.082522,0.195444,0.080690,0.082124,0.079935,0.075761,0.201413,0.066119,0.067776,0.068216
0.042110,0.124194,0.124364,0.118652,0.115429,0.064120,0.124092,0.113322,0.095299,0.078418
0.086074,0.145830,0.096472,0.073763,0.105685,0.098702,0.087468,0.079597,0.149854,0.076554
0.042348,0.082360,0.097606,0.099053,0.087876,0.108989,0.209077,0.085056,0.081749,0.105885
0.038206,0.158285,0.097856,0.099466,0.080635,0.070889,0.179361,0.092815,0.091659,0.090829
0.040569,0.124057,0.042252,0.129874,0.163902,0.146788,0.129930,0.114427,0.049121,0.059081
0.032589,0.102172,0.106071,0.132060,0.131294,0.169735,0.144458,0.035840,0.045161,0.100621
0.052735,0.050223,0.324049,0.077538,0.062746,0.040153,0.094683,0.017158,0.228008,0.052704
0.016106,0.039482,0.036836,0.037953,0.634212,0.069328,0.053833,0.036227,0.026362,0.049661
0.051681,0.088723,0.113495,0.111114,0.106834,0.139516,0.094514,0.077209,0.104327,0.112588
0.023556,0.069412,0.299039,0.064430,0.174365,0.102170,0.075622,0.063575,0.067388,0.060442
0.025055,0.076678,0.406952,0.093605,0.097018,0.045868,0.101715,0.095617,0.029421,0.028071
0.035333,0.089574,0.304672,0.095349,0.091751,0.109075,0.100396,0.062273,0.033211,0.078366
0.032597,0.046416,0.021950,0.073536,0.605379,0.036869,0.066784,0.021484,0.041669,0.053316
0.036569,0.098356,0.106367,0.078331,0.180400,0.067468,0.139694,0.156723,0.050620,0.085471
0.029213,0.065064,0.033569,0.050533,0.543744,0.043052,0.111051,0.052205,0.034131,0.037438
0.032325,0.109601,0.125347,0.100565,0.120541,0.063397,0.125912,0.116815,0.098091,0.107407
0.044419,0.053210,0.053252,0.053842,0.477964,0.100660,0.077971,0.063267,0.030633,0.044781
0.037520,0.053457,0.025300,0.034534,0.621998,0.032662,0.047583,0.078465,0.040736,0.027746
0.035253,0.086756,0.093404,0.088386,0.149084,0.107344,0.185824,0.080601,0.073533,0.099813
0.042655,0.078764,0.102743,0.085897,0.172623,0.066480,0.112496,0.157945,0.076353,0.104043
0.034657,0.040842,0.017442,0.060949,0.554761,0.101059,0.061576,0.049360,0.055222,0.024132
0.037374,0.130370,0.038792,0.129943,0.126377,0.060949,0.096141,0.134070,0.137381,0.108603
0.074695,0.152671,0.101445,0.099273,0.094283,0.128875,0.091076,0.078913,0.090127,0.088643
0.042497,0.197424,0.104154,0.106155,0.086379,0.124293,0.103263,0.085365,0.063548,0.086920
0.055309,0.095842,0.257683,0.081874,0.090559,0.128699,0.085396,0.079929,0.086673,0.038035
0.052477,0.101252,0.109801,0.106326,0.085898,0.097935,0.188483,0.088008,0.086533,0.083286
0.037230,0.079241,0.298591,0.101617,0.108868,0.152432,0.083339,0.069046,0.030033,0.039602
0.036089,0.100819,0.041043,0.085819,0.139004,0.146721,0.143683,0.132614,0.041805,0.132401
0.035088,0.126243,0.279764,0.064046,0.174843,0.094630,0.073591,0.020640,0.064780,0.066375
0.067992,0.114810,0.118463,0.108344,0.097434,0.162601,0.121057,0.027981,0.062858,0.118461
0.030663,0.051866,0.025448,0.037157,0.630807,0.033179,0.066667,0.037339,0.060180,0.026694
0.102038,0.095264,0.104118,0.096644,0.095506,0.107997,0.176104,0.072449,0.080710,0.069170
0.047759,0.080934,0.312041,0.078879,0.084757,0.121487,0.087091,0.077103,0.037236,0.072713
0.032186,0.147083,0.084710,0.103333,0.101509,0.158285,0.135504,0.096689,0.067057,0.073644
0.019851,0.091145,0.314075,0.056434,0.216080,0.045010,0.064004,0.017613,0.111403,0.064386
0.023302,0.066510,0.061465,0.056938,0.469560,0.099307,0.091699,0.052813,0.049561,0.028845
0.021154,0.045308,0.026114,0.050830,0.580630,0.040587,0.095145,0.061661,0.033459,0.045110
0.021710,0.053693,0.340826,0.046052,0.278042,0.036458,0.074442,0.075243,0.032999,0.040534
0.038770,0.112159,0.115125,0.106081,0.109561,0.131686,0.115254,0.104427,0.063721,0.103217
0.068367,0.082573,0.110144,0.109182,0.149145,0.122294,0.108450,0.098198,0.042879,0.108769
0.071993,0.116650,0.121585,0.104038,0.141234,0.156981,0.097571,0.102023,0.041260,0.046664
0.029865,0.086169,0.350085,0.082336,0.166366,0.112221,0.086055,0.020909,0.034201,0.031794
0.037395,0.053499,0.287693,0.052756,0.347036,0.028635,0.067857,0.057069,0.024025,0.044036
0.039941,0.092877,0.113477,0.114022,0.101830,0.136015,0.099063,0.080287,0.103171,0.119318
0.033342,0.093443,0.038409,0.124827,0.128255,0.172638,0.126008,0.128379,0.074695,0.080003
0.038240,0.104576,0.042216,0.118066,0.157857,0.154933,0.105388,0.138157,0.083950,0.056616
0.022160,0.112220,0.286184,0.061570,0.156868,0.096895,0.080023,0.052925,0.066470,0.064685
0.037357,0.104813,0.121967,0.100533,0.136114,0.125269,0.119703,0.097302,0.061419,0.095522
0.027332,0.055287,0.298942,0.060361,0.321393,0.029556,0.059278,0.034943,0.057668,0.055239
0.042805,0.189592,0.093928,0.094470,0.144955,0.122394,0.094184,0.078625,0.041333,0.097714
0.030812,0.088958,0.096852,0.096065,0.081357,0.110061,0.219295,0.069814,0.102998,0.103788
0.024892,0.101982,0.204160,0.062995,0.344580,0.077799,0.072112,0.020816,0.024085,0.066579
0.035473,0.129250,0.129594,0.116322,0.117801,0.066647,0.130284,0.117229,0.054999,0.102402
0.049353,0.119585,0.124322,0.089318,0.113747,0.071510,0.141211,0.080972,0.106990,0.102993
0.015899,0.037712,0.016025,0.057119,0.598764,0.094354,0.044351,0.055624,0.030065,0.050089
0.023974,0.076954,0.290663,0.078861,0.083993,0.149148,0.084774,0.092728,0.079881,0.039024
0.039040,0.093564,0.115861,0.100753,0.102969,0.136052,0.110643,0.096162,0.102238,0.102717
0.059372,0.097561,0.125599,0.098712,0.105800,0.141438,0.103935,0.108977,0.044906,0.113701
0.032533,0.098957,0.111167,0.110034,0.151889,0.114212,0.102765,0.092624,0.100586,0.085234
0.027232,0.097805,0.305421,0.058921,0.198601,0.081195,0.073881,0.062630,0.028108,0.066205
0.037564,0.107738,0.046598,0.135059,0.180932,0.070494,0.140858,0.078164,0.056737,0.145857
0.066979,0.082967,0.107686,0.092661,0.127875,0.119610,0.109280,0.093865,0.087912,0.111166
0.020787,0.100508,0.448682,0.058479,0.091994,0.044953,0.100116,0.052763,0.039842,0.041876
0.030213,0.104097,0.106140,0.106402,0.168021,0.099750,0.102723,0.099667,0.090396,0.092591
0.030276,0.133308,0.325584,0.078024,0.093810,0.085990,0.072279,0.082610,0.029136,0.068982
0.029713,0.069108,0.318749,0.064646,0.073959,0.102910,0.207707,0.020278,0.040669,0.072260
0.038091,0.087775,0.288421,0.096794,0.096861,0.111071,0.077434,0.058645,0.058990,0.085918
0.062830,0.113868,0.039663,0.123445,0.134398,0.185095,0.149476,0.035859,0.063891,0.091474
0.036883,0.107764,0.044946,0.111492,0.123207,0.211531,0.108100,0.123087,0.040815,0.092174
0.039977,0.124927,0.109724,0.102856,0.225625,0.056455,0.106078,0.088274,0.052578,0.093507
0.038261,0.113148,0.118979,0.120023,0.095427,0.072579,0.171104,0.079189,0.097259,0.094031
0.026717,0.094159,0.059537,0.055803,0.054296,0.067676,0.107514,0.043483,0.431876,0.058941
0.033905,0.115292,0.111469,0.100980,0.208826,0.055232,0.109726,0.096296,0.064067,0.104206
0.039473,0.116116,0.121068,0.093030,0.140678,0.156607,0.115852,0.081042,0.064340,0.071793
0.044444,0.132181,0.138752,0.129706,0.128240,0.076504,0.132264,0.033381,0.066613,0.117915
0.051999,0.109648,0.116155,0.096026,0.148992,0.122418,0.110467,0.105082,0.061560,0.077653
0.076976,0.095682,0.109861,0.094088,0.242773,0.052006,0.099230,0.102730,0.071006,0.055648
0.029397,0.125810,0.091249,0.072778,0.116715,0.153830,0.122268,0.109621,0.122257,0.056073
0.073452,0.065931,0.067098,0.060834,0.127076,0.077218,0.071571,0.017477,0.366773,0.072570
0.018109,0.054060,0.195978,0.034137,0.429660,0.079264,0.069969,0.064469,0.029649,0.024704
0.029212,0.107783,0.037761,0.122987,0.139486,0.192468,0.123312,0.128463,0.039573,0.078956
0.017501,0.066146,0.313761,0.058362,0.300764,0.036889,0.067967,0.065609,0.038159,0.034843
0.028243,0.076466,0.078975,0.070680,0.143395,0.106684,0.084418,0.019045,0.353750,0.038343
0.026202,0.083651,0.402325,0.054330,0.109848,0.049587,0.075441,0.115929,0.043341,0.039347
0.032407,0.170410,0.121502,0.121884,0.115933,0.063298,0.123916,0.111633,0.045823,0.093194
0.018729,0.048148,0.019276,0.066788,0.647860,0.030254,0.080004,0.019091,0.029077,0.040773
0.038149,0.128677,0.111684,0.106937,0.140086,0.073478,0.110823,0.170418,0.072648,0.047100
0.030950,0.059407,0.019200,0.069525,0.621153,0.033215,0.048324,0.020404,0.059476,0.038345
0.068039,0.092859,0.320289,0.063374,0.080807,0.099991,0.090778,0.077409,0.031992,0.074462
0.088564,0.112325,0.122331,0.124514,0.109006,0.061759,0.110588,0.105847,0.049269,0.115797
0.064000,0.156443,0.119352,0.095449,0.154694,0.081723,0.144649,0.045177,0.073759,0.064752
0.036534,0.109940,0.118103,0.092867,0.168351,0.106413,0.118098,0.103230,0.093827,0.052636
0.016426,0.065562,0.024694,0.050965,0.557213,0.078491,0.066721,0.069782,0.029339,0.040806
0.038199,0.128758,0.043090,0.128093,0.134667,0.202567,0.156658,0.041808,0.052971,0.073189
0.047404,0.099902,0.097799,0.095184,0.087123,0.109738,0.094533,0.083093,0.198753,0.086471
0.036488,0.095444,0.048058,0.131344,0.124554,0.147103,0.099699,0.114511,0.081057,0.121742
0.043518,0.110237,0.043106,0.093762,0.147537,0.066963,0.129007,0.161059,0.141060,0.063752
0.021870,0.057750,0.018273,0.031544,0.593816,0.067224,0.061030,0.058386,0.036007,0.054101
0.017677,0.104478,0.375281,0.087357,0.068936,0.045490,0.113819,0.069911,0.058547,0.058503
0.033245,0.098462,0.137564,0.104860,0.122641,0.063257,0.133679,0.111142,0.120051,0.075100
0.052916,0.094801,0.103626,0.089991,0.088491,0.127735,0.204572,0.082537,0.061957,0.093373
0.046113,0.168508,0.105240,0.088100,0.087923,0.118813,0.102657,0.093695,0.090392,0.098559
0.031619,0.057588,0.233566,0.057372,0.059917,0.092989,0.117049,0.058063,0.231101,0.060736
0.040669,0.064493,0.237597,0.064900,0.132911,0.061118,0.106601,0.053072,0.186999,0.051639
0.064913,0.074845,0.318121,0.056278,0.143797,0.097684,0.087344,0.052171,0.027758,0.077088
0.019216,0.060817,0.301391,0.062802,0.300281,0.035188,0.059661,0.065517,0.064737,0.030390
0.052165,0.096420,0.050480,0.087502,0.127984,0.217030,0.176392,0.035904,0.057700,0.098424
0.035684,0.070202,0.076528,0.060291,0.072048,0.082038,0.146074,0.065615,0.341561,0.049959
0.045503,0.203060,0.085630,0.085511,0.076952,0.105973,0.205935,0.077867,0.070963,0.042605
0.017020,0.062310,0.050980,0.051682,0.516522,0.074031,0.083147,0.071747,0.029970,0.042590
0.035737,0.125764,0.053523,0.146448,0.159829,0.070887,0.127237,0.157290,0.060548,0.062739
0.049511,0.108454,0.115894,0.096842,0.108424,0.062422,0.122107,0.092109,0.177942,0.066295
0.041380,0.090863,0.078300,0.115080,0.122012,0.172984,0.126328,0.095529,0.079295,0.078230
0.048806,0.111927,0.049216,0.093583,0.177263,0.175786,0.121106,0.091920,0.059485,0.070908
0.021527,0.072378,0.325542,0.066711,0.163618,0.093701,0.085149,0.073556,0.034066,0.063751
0.029945,0.150070,0.104796,0.100044,0.225179,0.059625,0.144085,0.064911,0.048449,0.072895
0.044417,0.168437,0.100613,0.094157,0.217842,0.075007,0.091742,0.025641,0.079523,0.102621
0.021321,0.084285,0.289992,0.096406,0.094387,0.141695,0.092869,0.089672,0.028848,0.060525
0.037948,0.097354,0.104837,0.089404,0.158734,0.122520,0.172971,0.084238,0.037559,0.094435
0.027054,0.091367,0.407680,0.088014,0.096716,0.043318,0.086289,0.082956,0.028957,0.047651
0.036889,0.132123,0.043783,0.146443,0.137409,0.068778,0.126802,0.158048,0.059333,0.090393
0.049108,0.105985,0.107415,0.101245,0.089143,0.070736,0.164970,0.097985,0.100377,0.113036
0.086740,0.123222,0.045840,0.081476,0.134840,0.070899,0.125472,0.158096,0.119414,0.054002
0.053910,0.099973,0.103226,0.091497,0.090166,0.112897,0.177516,0.085171,0.087394,0.098249
0.043614,0.231127,0.101076,0.097582,0.090381,0.124943,0.094770,0.086797,0.050237,0.079472
0.019316,0.060208,0.054345,0.048183,0.488696,0.110351,0.079131,0.044542,0.048094,0.047134
0.030609,0.086429,0.369246,0.095603,0.090243,0.083845,0.094489,0.021709,0.043121,0.084706
0.036334,0.104239,0.042612,0.146554,0.132474,0.151612,0.169642,0.097126,0.060896,0.058510
0.082587,0.095170,0.042431,0.097979,0.132692,0.206461,0.103023,0.077495,0.080901,0.081261
0.033773,0.104501,0.096946,0.157877,0.160783,0.060782,0.154162,0.144176,0.049314,0.037685
0.031519,0.072378,0.226132,0.067443,0.073225,0.085902,0.116433,0.051140,0.217426,0.058402
0.042848,0.075492,0.438707,0.054471,0.096832,0.051960,0.073189,0.084813,0.036966,0.044722
0.021343,0.066314,0.051463,0.086922,0.568244,0.033044,0.051440,0.075788,0.024190,0.021253
0.029527,0.067756,0.424680,0.078385,0.090303,0.056228,0.120122,0.022379,0.081827,0.028792
0.080890,0.094844,0.042341,0.130485,0.131334,0.147956,0.165783,0.117503,0.048341,0.040521
0.038818,0.058741,0.046325,0.057496,0.527911,0.084950,0.066738,0.056584,0.023106,0.039331
0.022988,0.085767,0.335290,0.064522,0.083091,0.103265,0.087171,0.071635,0.074620,0.071651
0.021106,0.079662,0.064747,0.062958,0.392806,0.116363,0.081136,0.051242,0.065169,0.064811
0.077456,0.081425,0.102133,0.082060,0.094183,0.125316,0.189427,0.078234,0.079975,0.089789
0.022766,0.060193,0.018717,0.059199,0.586437,0.067935,0.058759,0.033887,0.057346,0.034761
0.037584,0.116533,0.132819,0.110022,0.124089,0.064665,0.129099,0.112254,0.094520,0.078415
0.085735,0.084865,0.115806,0.118992,0.157874,0.057177,0.117088,0.095945,0.071597,0.094921
0.038632,0.099705,0.119843,0.107319,0.113769,0.130735,0.125470,0.114002,0.070179,0.080346
0.013812,0.052470,0.180785,0.061283,0.422671,0.089227,0.065054,0.056793,0.018618,0.039287
0.030037,0.155785,0.035209,0.113427,0.126892,0.157795,0.130615,0.123696,0.039078,0.087467
0.036530,0.109095,0.116228,0.088717,0.162680,0.123642,0.114634,0.089876,0.057935,0.100663
0.037770,0.093887,0.047142,0.127219,0.128751,0.137701,0.116011,0.140189,0.045877,0.125452
0.016869,0.041808,0.022575,0.065090,0.588177,0.066315,0.045368,0.066219,0.051746,0.035833
0.080336,0.127894,0.053247,0.103891,0.115775,0.073041,0.134842,0.166603,0.084895,0.059477
0.017642,0.058241,0.044747,0.037778,0.612550,0.031071,0.051436,0.016704,0.090038,0.039792
0.037934,0.118812,0.066381,0.054932,0.050152,0.077598,0.059126,0.016165,0.461919,0.056981
0.014582,0.063256,0.330862,0.074331,0.286711,0.040679,0.066136,0.017537,0.057591,0.048316
0.083047,0.125025,0.114274,0.070547,0.198634,0.057008,0.110837,0.099149,0.076939,0.064541
0.036151,0.114805,0.129069,0.084590,0.161896,0.060085,0.120704,0.117516,0.094843,0.080342
0.033124,0.104229,0.041686,0.156642,0.135405,0.158463,0.130708,0.081591,0.072539,0.085614
0.025621,0.087647,0.309600,0.089664,0.074711,0.100958,0.144780,0.073129,0.042134,0.051757
0.068686,0.111233,0.118570,0.104593,0.103751,0.158495,0.108924,0.030048,0.106671,0.089028
0.029983,0.069273,0.336851,0.063468,0.082416,0.107349,0.091073,0.084049,0.059165,0.076373
0.053297,0.076659,0.398640,0.065222,0.081005,0.040052,0.080842,0.085327,0.039029,0.079927
0.042085,0.107675,0.077377,0.075424,0.070690,0.094241,0.073079,0.055705,0.323155,0.080569
0.025945,0.152868,0.042994,0.104085,0.104725,0.184497,0.163212,0.104951,0.050512,0.066212
0.090005,0.190526,0.100502,0.092054,0.090394,0.065881,0.173980,0.066595,0.048776,0.081288
0.032306,0.110240,0.259770,0.085859,0.086414,0.131231,0.096958,0.081216,0.038479,0.077527
0.038607,0.121501,0.126933,0.114301,0.208577,0.055162,0.094763,0.102462,0.074746,0.062948
0.026729,0.094736,0.415260,0.072995,0.092636,0.047072,0.069845,0.080696,0.053722,0.046309
0.023095,0.136848,0.317458,0.081427,0.079642,0.104747,0.088904,0.060878,0.069346,0.037656
0.022163,0.075402,0.017531,0.034035,0.551354,0.076843,0.069408,0.057494,0.058677,0.037092
0.048960,0.133277,0.112949,0.111046,0.201738,0.061466,0.109922,0.104733,0.038265,0.077646
0.027777,0.135709,0.036178,0.108844,0.114362,0.182633,0.135846,0.110042,0.076644,0.071966
0.024039,0.091494,0.339845,0.067458,0.088540,0.100887,0.077271,0.076962,0.076628,0.056875
0.026994,0.101335,0.307850,0.072702,0.176155,0.095945,0.085888,0.070816,0.033421,0.028895
0.052146,0.176637,0.122863,0.099540,0.116588,0.069919,0.125611,0.078454,0.082512,0.075730
0.031197,0.123859,0.037437,0.071337,0.120988,0.190707,0.118367,0.124638,0.069181,0.112289
0.017600,0.046127,0.023816,0.072241,0.661237,0.032791,0.056464,0.037268,0.023460,0.028996
0.018456,0.051979,0.018910,0.058337,0.581158,0.090742,0.071745,0.052735,0.029112,0.026826
0.017768,0.069114,0.287391,0.052749,0.363588,0.031139,0.059430,0.053558,0.018664,0.046598
0.039692,0.088767,0.298179,0.056505,0.103987,0.151337,0.092062,0.090130,0.031212,0.048129
0.037307,0.126258,0.052423,0.085145,0.122206,0.176735,0.184614,0.036547,0.095814,0.082951
0.024236,0.079101,0.317111,0.071937,0.108917,0.102734,0.115199,0.101501,0.032436,0.046828
0.033124,0.086397,0.382802,0.080236,0.091894,0.112150,0.079049,0.025327,0.046951,0.062071
0.067126,0.119589,0.127412,0.132616,0.118300,0.166374,0.114119,0.028367,0.063346,0.062751
0.030889,0.072548,0.079755,0.070084,0.128185,0.093730,0.072086,0.019146,0.359260,0.074317
0.027095,0.075383,0.080713,0.080981,0.069232,0.087451,0.173250,0.064413,0.266695,0.074786
