0.011672,0.304372,0.683956
0.091615,0.908380,0.000006
0.447078,0.525632,0.027290
0.997254,0.002746,0.000000
0.234200,0.640012,0.125789
0.000325,0.999519,0.000156
0.003318,0.074897,0.921785
0.445006,0.541237,0.013756
0.042804,0.015537,0.941659
0.992929,0.006667,0.000404
0.001147,0.001298,0.997555
0.990706,0.007304,0.001990
0.000572,0.987063,0.012365
0.518828,0.481095,0.000077
0.998080,0.001920,0.000000
0.349898,0.650092,0.000010
0.315863,0.684129,0.000008
0.136575,0.399088,0.464337
0.286334,0.631448,0.082218
0.661905,0.323951,0.014144
0.002121,0.997034,0.000845
0.994665,0.005335,0.000000
0.276776,0.682954,0.040270
0.000171,0.000263,0.999566
0.935176,0.047332,0.017492
0.321008,0.015705,0.663288
0.355029,0.644971,0.000000
0.913201,0.086788,0.000011
0.200844,0.161489,0.637667
0.001729,0.967181,0.031090
0.010982,0.720720,0.268299
0.003613,0.063710,0.932677
0.366943,0.427379,0.205678
0.997112,0.002885,0.000003
0.000014,0.000045,0.999941
0.225120,0.771014,0.003866
0.387165,0.598679,0.014156
0.998891,0.001109,0.000000
0.909119,0.090807,0.000074
0.996147,0.003853,0.000000
0.983041,0.016943,0.000016
0.000133,0.000896,0.998971
0.966955,0.033044,0.000001
0.007436,0.194825,0.797739
0.521194,0.478563,0.000243
0.023275,0.073523,0.903202
0.060503,0.939492,0.000005
0.000000,0.000000,1.000000
0.994223,0.005777,0.000000
0.157579,0.741782,0.100640
0.008904,0.804773,0.186323
0.432018,0.567975,0.000007
0.987943,0.012057,0.000000
0.996991,0.002938,0.000071
0.962979,0.037021,0.000000
0.997270,0.002730,0.000000
0.983540,0.016460,0.000000
0.231822,0.766686,0.001492
0.003218,0.986264,0.010519
0.963412,0.036588,0.000000
0.173251,0.784836,0.041913
0.510220,0.489773,0.000007
0.997821,0.002179,0.000000
0.998381,0.001619,0.000000
0.345005,0.654995,0.000000
0.992918,0.007082,0.000000
0.017499,0.187085,0.795416
0.997659,0.002062,0.000279
0.992079,0.006961,0.000959
0.001893,0.952105,0.046001
0.448791,0.492482,0.058727
0.238483,0.761509,0.000008
0.053121,0.189356,0.757523
0.504748,0.243163,0.252089
0.010139,0.710648,0.279213
0.171239,0.827441,0.001320
0.204623,0.795375,0.000002
0.009290,0.219741,0.770969
0.177526,0.822367,0.000107
0.003362,0.991010,0.005627
0.363752,0.622228,0.014019
0.991604,0.008396,0.000000
0.931664,0.068336,0.000000
0.503914,0.496060,0.000027
0.374912,0.625000,0.000088
0.987199,0.012794,0.000007
0.996365,0.003635,0.000000
0.001749,0.005871,0.992380
0.006265,0.317664,0.676071
0.988033,0.011967,0.000000
0.012205,0.195406,0.792390
0.993231,0.006769,0.000000
0.007202,0.009890,0.982908
0.995834,0.004166,0.000000
0.494845,0.495010,0.010145
0.994220,0.005780,0.000000
0.795569,0.015824,0.188608
0.996370,0.003630,0.000000
0.992069,0.007931,0.000000
0.994542,0.005458,0.000000
0.844173,0.065581,0.090246
0.336755,0.663243,0.000001
0.996603,0.003397,0.000000
0.348544,0.650237,0.001219
0.000515,0.998229,0.001255
0.994629,0.005366,0.000005
0.001091,0.002209,0.996700
0.539599,0.460400,0.000001
0.996965,0.003035,0.000000
0.099566,0.662784,0.237651
0.997069,0.002931,0.000000
0.384128,0.615871,0.000000
0.996358,0.003642,0.000000
0.992479,0.007426,0.000095
0.002533,0.989780,0.007687
0.001578,0.005711,0.992712
0.995887,0.004113,0.000000
0.186669,0.487385,0.325946
0.007807,0.193952,0.798241
0.224006,0.610315,0.165679
0.987813,0.012179,0.000007
0.111758,0.887668,0.000574
0.000181,0.000608,0.999210
0.000744,0.999025,0.000231
0.044101,0.014267,0.941632
0.001083,0.010634,0.988284
0.950953,0.049046,0.000001
0.003000,0.012893,0.984108
0.001106,0.979256,0.019638
0.002099,0.934031,0.063870
0.000147,0.000577,0.999276
0.000160,0.000018,0.999822
0.598346,0.399056,0.002598
0.194022,0.805968,0.000010
0.933729,0.065789,0.000482
0.007335,0.573254,0.419411
0.005552,0.734144,0.260304
0.004458,0.404511,0.591031
0.993721,0.006103,0.000176
0.241740,0.758259,0.000001
0.003584,0.897108,0.099308
0.074587,0.755324,0.170089
0.390227,0.598273,0.011500
0.521246,0.359597,0.119157
0.055768,0.907565,0.036667
0.787201,0.017941,0.194858
0.000126,0.000023,0.999851
0.369292,0.625579,0.005130
0.876509,0.123335,0.000156
0.389179,0.584473,0.026348
0.074462,0.925448,0.000091
0.056234,0.520824,0.422942
0.997789,0.002211,0.000000
0.389471,0.608829,0.001700
0.080184,0.691328,0.228489
0.004657,0.901241,0.094101
0.806099,0.192303,0.001599
0.015574,0.408745,0.575681
0.410553,0.585515,0.003933
0.996005,0.003995,0.000000
0.995675,0.004325,0.000000
0.989223,0.007267,0.003510
0.012653,0.020958,0.966389
0.015585,0.015881,0.968534
0.015086,0.358411,0.626502
0.000022,0.000002,0.999976
0.006117,0.021331,0.972552
0.002583,0.005791,0.991626
0.000284,0.998586,0.001130
0.000366,0.999403,0.000231
0.997315,0.002683,0.000001
0.985598,0.013497,0.000905
0.984407,0.015587,0.000007
0.000003,0.000003,0.999995
0.008088,0.846244,0.145668
0.784167,0.210774,0.005059
0.002157,0.001767,0.996076
0.531366,0.015399,0.453235
0.023528,0.045920,0.930552
0.462728,0.533733,0.003538
0.216019,0.783978,0.000004
0.994185,0.005647,0.000169
0.008664,0.143899,0.847437
0.036866,0.069675,0.893459
0.982957,0.017043,0.000000
0.183269,0.816705,0.000026
0.005655,0.028567,0.965778
0.156105,0.740065,0.103830
0.994780,0.005220,0.000000
0.978594,0.008441,0.012965
0.561532,0.429666,0.008802
0.018357,0.551200,0.430443
0.001439,0.006950,0.991612
0.219653,0.770178,0.010169
0.001650,0.998221,0.000129
0.002075,0.072599,0.925326
0.001194,0.002321,0.996485
0.981732,0.018268,0.000000
0.994120,0.005880,0.000000
0.043782,0.129359,0.826859
0.993418,0.006077,0.000505
0.018679,0.273501,0.707820
0.004017,0.013691,0.982292
0.000173,0.000077,0.999750
0.993779,0.006221,0.000000
0.000092,0.000017,0.999892
0.089212,0.868827,0.041962
0.034949,0.527105,0.437946
0.994941,0.005059,0.000000
0.001832,0.994660,0.003509
0.989928,0.010072,0.000000
0.997754,0.002246,0.000000
0.237947,0.762048,0.000005
0.996415,0.003585,0.000000
0.271209,0.728783,0.000008
0.571715,0.394369,0.033916
0.978929,0.021071,0.000000
0.339536,0.389894,0.270571
0.017319,0.789115,0.193566
0.382538,0.611838,0.005624
0.932783,0.029370,0.037846
0.997688,0.002312,0.000000
0.000232,0.996263,0.003505
0.013312,0.020524,0.966164
0.996057,0.003943,0.000000
0.984488,0.015512,0.000000
0.000192,0.000024,0.999784
0.992102,0.007896,0.000001
0.000000,0.000000,1.000000
0.000003,0.000001,0.999997
0.675919,0.319167,0.004914
0.067482,0.104260,0.828258
0.001003,0.997594,0.001402
0.000019,0.000009,0.999972
0.001361,0.001397,0.997241
0.401813,0.596452,0.001735
0.993885,0.005992,0.000123
0.991587,0.008413,0.000000
0.996363,0.003637,0.000000
0.377990,0.595918,0.026092
0.501109,0.498890,0.000001
0.061935,0.515591,0.422473
0.009661,0.145545,0.844794
0.989329,0.010511,0.000160
0.414135,0.585783,0.000082
0.996763,0.003237,0.000000
0.980901,0.018362,0.000737
0.000224,0.001134,0.998642
0.163020,0.825729,0.011252
0.011472,0.577427,0.411101
0.156490,0.084260,0.759250
0.227147,0.770547,0.002306
0.983123,0.011088,0.005789
0.460925,0.521827,0.017248
0.814254,0.147298,0.038447
0.438433,0.561552,0.000015
0.994476,0.005524,0.000000
0.000353,0.999522,0.000125
0.300090,0.589003,0.110907
0.995597,0.004403,0.000000
0.000557,0.999376,0.000067
0.997667,0.002333,0.000000
0.242471,0.757524,0.000005
0.327052,0.672947,0.000000
0.000403,0.996309,0.003288
0.997598,0.002402,0.000000
0.952936,0.046664,0.000400
0.006194,0.058424,0.935382
0.000012,0.000021,0.999968
0.996004,0.003996,0.000000
0.862538,0.137304,0.000158
0.000450,0.000097,0.999452
0.980300,0.019700,0.000000
0.039576,0.600168,0.360256
0.831581,0.142129,0.026290
0.000085,0.000157,0.999758
0.996406,0.003594,0.000000
0.000195,0.002688,0.997117
0.021150,0.781036,0.197815
0.298087,0.701908,0.000005
0.969033,0.029352,0.001615
0.009051,0.351812,0.639137
0.072793,0.237707,0.689500
0.488510,0.511487,0.000003
0.297496,0.702503,0.000001
0.028203,0.050534,0.921263
0.267881,0.732113,0.000006
0.865530,0.133722,0.000747
0.512559,0.475844,0.011597
0.112558,0.587893,0.299548
0.987562,0.012438,0.000000
0.097270,0.792163,0.110567
0.263352,0.736645,0.000004
0.969162,0.030838,0.000000
0.003609,0.929108,0.067282
0.006161,0.227695,0.766144
0.000713,0.002357,0.996930
0.019272,0.388531,0.592197
0.078195,0.207427,0.714378
0.997967,0.002033,0.000000
0.988353,0.011647,0.000000
0.991101,0.008899,0.000000
0.792249,0.197180,0.010572
0.049113,0.341494,0.609394
0.995542,0.004458,0.000000
0.056728,0.192157,0.751114
0.993190,0.006810,0.000000
0.470431,0.528759,0.000809
0.995868,0.004132,0.000000
0.009734,0.022650,0.967616
0.155392,0.844601,0.000008
0.274795,0.725204,0.000001
0.035357,0.536669,0.427975
0.989373,0.010548,0.000080
0.625394,0.359495,0.015111
0.000089,0.000187,0.999724
0.871846,0.128126,0.000028
0.994862,0.005138,0.000000
0.996759,0.003241,0.000000
0.991603,0.008397,0.000000
0.123074,0.862245,0.014681
0.383999,0.136754,0.479248
0.992575,0.007425,0.000000
0.009389,0.006239,0.984372
0.993412,0.006588,0.000000
0.526680,0.473297,0.000024
0.269906,0.635806,0.094288
0.774069,0.081081,0.144850
0.949018,0.050268,0.000714
0.644653,0.353730,0.001617
0.347348,0.592804,0.059848
0.654014,0.345890,0.000096
0.000441,0.995413,0.004146
0.333287,0.650489,0.016224
0.995642,0.004358,0.000000
0.980859,0.017111,0.002030
0.996062,0.003938,0.000000
0.988244,0.010751,0.001005
0.853167,0.146753,0.000080
0.000119,0.000386,0.999495
0.000002,0.000003,0.999995
0.664586,0.276937,0.058477
0.002575,0.000775,0.996651
0.000067,0.000203,0.999731
0.018378,0.137089,0.844533
0.120421,0.866431,0.013148
0.033720,0.295117,0.671163
0.015292,0.067368,0.917340
0.015541,0.132267,0.852192
0.994138,0.005862,0.000000
0.998141,0.001820,0.000039
0.873154,0.019791,0.107055
0.990889,0.009111,0.000000
0.013966,0.267599,0.718435
0.985228,0.014446,0.000326
0.987444,0.012556,0.000000
0.995122,0.004878,0.000000
0.008856,0.084295,0.906848
0.006922,0.178273,0.814806
0.008022,0.725160,0.266819
0.998083,0.001917,0.000000
0.423745,0.576255,0.000001
0.382274,0.617722,0.000004
0.445092,0.546782,0.008126
0.298780,0.681962,0.019258
0.969020,0.030980,0.000000
0.003532,0.015785,0.980683
0.406745,0.435782,0.157473
0.096017,0.903970,0.000013
0.000451,0.999368,0.000181
0.002885,0.107010,0.890105
0.303250,0.415190,0.281560
0.436441,0.432412,0.131147
0.989194,0.010633,0.000173
0.997767,0.002233,0.000000
0.896939,0.103004,0.000058
0.001601,0.981695,0.016705
0.071946,0.596701,0.331353
0.424587,0.561517,0.013896
0.680405,0.319594,0.000001
0.004914,0.002908,0.992178
0.360607,0.580037,0.059355
0.348700,0.596239,0.055061
0.770460,0.174397,0.055143
0.183414,0.816564,0.000022
0.139781,0.860218,0.000001
0.000022,0.000038,0.999940
0.954096,0.045244,0.000660
0.996175,0.003825,0.000000
0.996082,0.003918,0.000000
0.209769,0.655060,0.135172
0.320895,0.669986,0.009119
0.025929,0.056638,0.917434
0.008457,0.509756,0.481787
0.001139,0.003275,0.995586
0.997071,0.002929,0.000000
0.000001,0.000001,0.999998
0.984309,0.015691,0.000000
0.007371,0.149851,0.842778
0.475723,0.524276,0.000000
0.012633,0.425107,0.562260
0.993720,0.005949,0.000331
0.497669,0.005005,0.497326
0.994728,0.005272,0.000000
0.001773,0.026765,0.971462
0.000430,0.989541,0.010029
0.989023,0.010977,0.000000
0.614845,0.384514,0.000641
0.006606,0.042235,0.951159
0.986316,0.012544,0.001139
0.050281,0.685206,0.264513
0.001397,0.022224,0.976378
0.002782,0.015708,0.981510
0.512994,0.153385,0.333621
0.987726,0.011906,0.000367
0.996556,0.003444,0.000000
0.497492,0.502470,0.000038
0.977982,0.022016,0.000003
0.970720,0.029280,0.000000
0.000093,0.000009,0.999898
0.152180,0.847815,0.000005
0.001292,0.978424,0.020284
0.000278,0.995250,0.004472
0.527465,0.471130,0.001404
0.978266,0.021168,0.000566
0.000357,0.000274,0.999370
0.461607,0.536762,0.001632
0.002077,0.883300,0.114623
0.397006,0.538514,0.064480
0.723161,0.205130,0.071709
0.975643,0.024357,0.000000
0.213177,0.768017,0.018807
0.307762,0.656773,0.035465
0.017390,0.014800,0.967809
0.050734,0.860703,0.088563
0.000261,0.000590,0.999150
0.010852,0.724003,0.265145
0.491810,0.507127,0.001062
0.534073,0.377617,0.088309
0.904611,0.095135,0.000255
0.502536,0.194863,0.302601
0.974495,0.025505,0.000000
0.000046,0.000155,0.999799
0.187412,0.812568,0.000020
0.000395,0.001126,0.998478
0.958714,0.041252,0.000035
0.005330,0.988136,0.006534
0.290448,0.704149,0.005403
0.004224,0.896812,0.098965
0.311776,0.684954,0.003270
0.006623,0.228491,0.764886
0.988739,0.011261,0.000000
0.014155,0.303707,0.682138
0.303598,0.502689,0.193713
0.045170,0.530267,0.424563
0.231903,0.759539,0.008558
0.989873,0.010127,0.000000
0.978797,0.020867,0.000336
0.001003,0.008638,0.990359
0.303733,0.609705,0.086562
0.000383,0.005730,0.993887
0.204704,0.777654,0.017643
0.010421,0.652576,0.337003
0.934091,0.065908,0.000001
0.983800,0.015770,0.000430
0.248321,0.751674,0.000005
0.023836,0.664271,0.311893
0.350033,0.649865,0.000101
0.011225,0.604888,0.383887
0.987537,0.012463,0.000000
0.037418,0.354697,0.607885
0.009771,0.049065,0.941163
0.000913,0.983000,0.016087
0.012964,0.007180,0.979856
0.970795,0.029205,0.000000
0.071566,0.333081,0.595353
0.055817,0.046142,0.898041
0.939579,0.003539,0.056881
0.962488,0.011387,0.026125
0.251272,0.422060,0.326667
0.170490,0.776813,0.052697
0.317524,0.666054,0.016421
0.007007,0.014332,0.978661
0.589791,0.409454,0.000755
0.009249,0.170630,0.820120
0.149318,0.542599,0.308083
0.015781,0.238357,0.745862
0.996174,0.003826,0.000000
0.993665,0.006335,0.000000
0.174785,0.813687,0.011528
0.003713,0.083324,0.912964
0.004699,0.985181,0.010120
0.941178,0.058796,0.000026
0.852554,0.017924,0.129523
0.000889,0.981858,0.017253
0.996946,0.003054,0.000000
0.000131,0.000019,0.999849
0.755388,0.012619,0.231993
0.001070,0.899131,0.099799
0.111621,0.003770,0.884609
0.008634,0.598932,0.392434
0.002606,0.989035,0.008359
0.169936,0.828423,0.001641
0.978912,0.021087,0.000000
0.416165,0.583832,0.000003
0.812675,0.187020,0.000305
0.953742,0.045748,0.000510
0.997852,0.002148,0.000000
0.477206,0.520660,0.002135
0.285080,0.494727,0.220193
0.044952,0.486070,0.468978
0.992495,0.007473,0.000032
0.001325,0.974331,0.024344
0.997748,0.002252,0.000000
0.001327,0.063568,0.935104
0.998036,0.001964,0.000000
0.903682,0.096201,0.000117
0.996252,0.003748,0.000000
0.002040,0.009489,0.988471
0.182341,0.805134,0.012525
0.585760,0.412866,0.001374
0.181839,0.635896,0.182265
0.981870,0.018130,0.000000
0.353625,0.646367,0.000009
0.991224,0.008776,0.000000
0.270774,0.725567,0.003659
0.590008,0.029910,0.380083
0.803935,0.180041,0.016024
0.002885,0.007054,0.990061
0.045714,0.146804,0.807481
0.995692,0.004308,0.000000
0.993460,0.006540,0.000000
0.111266,0.654606,0.234128
0.596595,0.335546,0.067860
0.996743,0.003257,0.000000
0.001006,0.994556,0.004438
0.981788,0.018149,0.000064
0.985948,0.014042,0.000010
0.363451,0.630525,0.006023
0.755065,0.107668,0.137267
0.208875,0.791074,0.000052
0.316798,0.059737,0.623465
0.364122,0.633649,0.002228
0.059078,0.651709,0.289213
0.113610,0.658224,0.228167
0.349934,0.590630,0.059435
0.253124,0.746874,0.000002
0.997314,0.002686,0.000000
0.153768,0.846229,0.000003
0.992479,0.007521,0.000000
0.956443,0.041875,0.001682
0.989132,0.010868,0.000000
0.016176,0.417644,0.566180
0.273298,0.490228,0.236474
0.028568,0.166525,0.804907
0.988003,0.011997,0.000000
0.385280,0.004087,0.610632
0.261823,0.738173,0.000004
0.010166,0.769071,0.220763
0.995856,0.004144,0.000000
0.003127,0.028292,0.968581
0.992329,0.007671,0.000000
0.004509,0.758435,0.237057
0.000117,0.000014,0.999869
0.008923,0.732291,0.258786
0.966781,0.033219,0.000000
0.080934,0.856259,0.062807
0.007543,0.040672,0.951785
0.139304,0.438037,0.422659
0.279703,0.720296,0.000001
0.002820,0.009040,0.988140
0.000460,0.999128,0.000413
0.304627,0.695310,0.000062
0.025376,0.037333,0.937291
0.467802,0.518139,0.014059
0.990105,0.009895,0.000000
0.246328,0.753670,0.000002
0.014072,0.105063,0.880865
0.011697,0.662293,0.326010
0.139505,0.860492,0.000004
0.310924,0.689072,0.000004
0.074897,0.719877,0.205227
0.277539,0.650433,0.072028
0.075697,0.003880,0.920423
0.989018,0.010982,0.000000
0.986798,0.013202,0.000000
0.996931,0.003069,0.000000
0.003260,0.011173,0.985567
0.971835,0.016987,0.011178
0.487387,0.512104,0.000509
0.179690,0.708301,0.112009
0.001873,0.004278,0.993850
0.138001,0.822648,0.039351
0.008622,0.193614,0.797764
0.997683,0.002317,0.000000
0.988304,0.011696,0.000000
0.261987,0.729280,0.008733
0.995631,0.004369,0.000000
0.434667,0.563694,0.001638
0.002631,0.994998,0.002370
0.946883,0.049264,0.003853
0.001323,0.072301,0.926376
0.332235,0.602455,0.065310
0.711531,0.287888,0.000581
0.044280,0.509809,0.445910
0.995580,0.003277,0.001143
0.997585,0.002015,0.000400
0.159601,0.813418,0.026981
0.140261,0.847139,0.012601
0.997012,0.002987,0.000000
0.998400,0.001595,0.000005
0.002579,0.005312,0.992109
0.000043,0.000012,0.999945
0.408381,0.588407,0.003212
0.009163,0.132646,0.858191
0.004418,0.069862,0.925720
0.896819,0.103138,0.000043
0.092659,0.905369,0.001972
0.024602,0.235126,0.740273
0.951419,0.048497,0.000083
0.232130,0.767852,0.000018
0.001001,0.992643,0.006356
0.155220,0.844638,0.000142
0.951784,0.048216,0.000000
0.002748,0.062635,0.934617
0.611327,0.388570,0.000103
0.981056,0.017117,0.001827
0.984356,0.015644,0.000000
0.009542,0.191577,0.798881
0.326553,0.672848,0.000599
0.187688,0.789653,0.022659
0.992268,0.007732,0.000000
0.991383,0.008616,0.000001
0.000640,0.012833,0.986527
0.357521,0.642476,0.000003
0.028217,0.735098,0.236685
0.151353,0.840231,0.008416
0.017207,0.277843,0.704950
0.410301,0.585579,0.004119
0.000355,0.000118,0.999527
0.989786,0.010085,0.000128
0.001314,0.629831,0.368854
0.227164,0.772819,0.000016
0.000012,0.000026,0.999962
0.997625,0.002375,0.000000
0.000556,0.995183,0.004261
0.997944,0.002056,0.000000
0.096329,0.897419,0.006252
0.000322,0.000021,0.999658
0.879132,0.021481,0.099387
0.989621,0.010379,0.000000
0.083016,0.916795,0.000189
0.992973,0.007027,0.000000
0.033708,0.050704,0.915588
0.230924,0.761278,0.007798
0.282312,0.717687,0.000001
0.992146,0.007854,0.000000
0.447672,0.552190,0.000138
0.986223,0.013777,0.000000
0.984713,0.015150,0.000137
0.989431,0.009881,0.000688
0.994851,0.005149,0.000000
0.589683,0.410080,0.000237
0.038710,0.061068,0.900222
0.974374,0.015194,0.010432
0.346126,0.238028,0.415846
0.974841,0.023863,0.001296
0.000407,0.990189,0.009404
0.971752,0.028230,0.000018
0.913967,0.086031,0.000002
0.968830,0.031170,0.000000
0.064451,0.143459,0.792091
0.209684,0.724083,0.066233
0.004253,0.061884,0.933862
0.003049,0.003228,0.993723
0.000020,0.000046,0.999934
0.997755,0.002245,0.000000
0.010261,0.832058,0.157681
0.219813,0.762682,0.017505
0.993384,0.006616,0.000000
0.272494,0.709879,0.017627
0.981705,0.018295,0.000000
0.216652,0.777392,0.005956
0.001204,0.002167,0.996629
0.965592,0.022127,0.012281
0.009727,0.009574,0.980699
0.012648,0.710316,0.277036
0.383659,0.613062,0.003279
0.005987,0.759488,0.234525
0.891510,0.108292,0.000197
0.232293,0.649384,0.118323
0.250409,0.741439,0.008153
0.000027,0.000003,0.999970
0.943225,0.056130,0.000646
0.997145,0.002855,0.000000
0.285556,0.714444,0.000000
0.492737,0.469883,0.037380
0.949044,0.050843,0.000113
0.991693,0.008307,0.000000
0.006147,0.831205,0.162648
0.307250,0.692745,0.000005
0.004594,0.033381,0.962025
0.992659,0.007341,0.000000
0.507056,0.316758,0.176185
0.009908,0.315235,0.674856
0.995661,0.004328,0.000011
0.991189,0.008811,0.000000
0.003785,0.800787,0.195428
0.004238,0.857747,0.138015
0.259388,0.346596,0.394016
0.009525,0.866922,0.123553
0.991598,0.008401,0.000000
0.014566,0.098983,0.886451
0.981683,0.018317,0.000000
0.280901,0.718454,0.000645
0.466014,0.533801,0.000185
0.529880,0.390345,0.079775
0.908091,0.082800,0.009109
0.002352,0.819659,0.177989
0.017868,0.614898,0.367235
0.440281,0.558801,0.000919
0.475208,0.524525,0.000267
0.200526,0.799473,0.000001
0.116841,0.853620,0.029538
0.029128,0.463672,0.507200
0.004911,0.004837,0.990252
0.046357,0.733022,0.220621
0.987892,0.012108,0.000000
0.996447,0.003553,0.000000
0.263240,0.736758,0.000002
0.195033,0.804953,0.000014
0.073382,0.659526,0.267092
0.973652,0.024005,0.002344
0.005188,0.864846,0.129966
0.994564,0.005436,0.000000
0.926538,0.071954,0.001508
0.630323,0.369572,0.000104
0.006724,0.130979,0.862296
0.980850,0.019149,0.000000
0.034009,0.278154,0.687837
0.649308,0.342634,0.008059
0.000003,0.000007,0.999990
0.264446,0.652267,0.083287
0.000121,0.000446,0.999433
0.000236,0.000452,0.999312
0.000193,0.000009,0.999797
0.994031,0.004744,0.001225
0.001487,0.992487,0.006026
0.022936,0.031167,0.945897
0.013942,0.792581,0.193478
0.244142,0.754998,0.000860
0.994747,0.005239,0.000014
0.011061,0.080534,0.908405
0.000188,0.994049,0.005762
0.014704,0.573237,0.412059
0.996585,0.003413,0.000002
0.000652,0.001733,0.997614
0.986355,0.013644,0.000000
0.000453,0.000037,0.999510
0.006892,0.053259,0.939849
0.713945,0.189775,0.096280
0.482598,0.517401,0.000001
0.132483,0.867512,0.000005
0.991334,0.008666,0.000000
0.256895,0.743096,0.000009
0.981102,0.018898,0.000000
0.977407,0.022593,0.000000
0.291069,0.700650,0.008282
0.979176,0.020824,0.000000
0.989789,0.009093,0.001118
0.005740,0.927672,0.066588
0.149367,0.656631,0.194002
0.131816,0.868104,0.000079
0.541435,0.458563,0.000002
0.520088,0.478071,0.001842
0.003670,0.011402,0.984928
0.996489,0.003511,0.000000
0.000171,0.000706,0.999123
0.068055,0.475990,0.455955
0.100208,0.858748,0.041044
0.487047,0.512950,0.000003
0.255023,0.744971,0.000006
0.003872,0.006590,0.989538
0.000097,0.000331,0.999571
0.001177,0.990238,0.008586
0.996662,0.003337,0.000000
0.354270,0.553571,0.092159
0.997835,0.002165,0.000000
0.000862,0.002561,0.996576
0.012757,0.631302,0.355940
0.995102,0.004898,0.000000
0.300752,0.698466,0.000782
0.996089,0.003911,0.000000
0.222077,0.777886,0.000037
0.970792,0.029208,0.000000
0.997469,0.002531,0.000000
0.995410,0.004590,0.000000
0.127400,0.872598,0.000002
0.000040,0.000040,0.999920
0.000150,0.000458,0.999392
0.000067,0.000433,0.999500
0.003937,0.735997,0.260066
0.968164,0.031383,0.000453
0.998437,0.001563,0.000000
0.002464,0.922753,0.074783
0.967437,0.032560,0.000003
0.259055,0.687349,0.053596
0.592239,0.375540,0.032222
0.008616,0.519465,0.471919
0.996873,0.003127,0.000000
0.659519,0.329129,0.011352
0.998447,0.001553,0.000000
0.997355,0.002194,0.000451
0.996099,0.003901,0.000000
0.077031,0.329885,0.593084
0.254699,0.741062,0.004240
0.057828,0.288259,0.653912
0.190906,0.806858,0.002236
0.994963,0.005037,0.000000
0.247601,0.752302,0.000097
0.131410,0.868585,0.000005
0.000002,0.000004,0.999993
0.957274,0.024698,0.018028
0.001043,0.004517,0.994440
0.992706,0.007294,0.000000
0.987857,0.012143,0.000000
0.001315,0.001587,0.997098
0.384073,0.536860,0.079067
0.995979,0.004021,0.000000
0.996122,0.003878,0.000000
0.012098,0.247376,0.740526
0.882376,0.117177,0.000446
0.180068,0.640594,0.179338
0.939056,0.048313,0.012631
0.978119,0.021861,0.000020
0.359761,0.640230,0.000009
0.996247,0.003753,0.000000
0.611889,0.379201,0.008910
0.469555,0.530314,0.000131
0.011808,0.260498,0.727695
0.723220,0.025756,0.251024
0.464378,0.532394,0.003227
0.605444,0.013606,0.380950
0.324363,0.648797,0.026840
0.980386,0.019614,0.000000
0.988861,0.011139,0.000000
0.098972,0.898122,0.002906
0.991060,0.008936,0.000004
0.001259,0.998351,0.000389
0.248647,0.390884,0.360469
0.454408,0.545591,0.000001
0.275733,0.724216,0.000050
0.993073,0.006927,0.000000
0.887845,0.112134,0.000021
0.987046,0.012811,0.000143
0.960144,0.039693,0.000163
0.002513,0.012701,0.984786
0.996120,0.003880,0.000000
0.984978,0.014991,0.000031
0.000063,0.000244,0.999692
0.780590,0.219052,0.000358
0.000929,0.979528,0.019542
0.910710,0.084790,0.004500
0.285731,0.348167,0.366103
0.972729,0.027253,0.000017
0.000028,0.000095,0.999877
0.243788,0.756211,0.000001
0.976919,0.023052,0.000030
0.365778,0.634221,0.000001
0.000798,0.004785,0.994417
0.051777,0.647185,0.301038
0.781102,0.218688,0.000210
0.745277,0.241481,0.013243
0.219961,0.289446,0.490593
0.556601,0.439104,0.004296
0.985086,0.014914,0.000000
0.060798,0.346824,0.592378
0.902095,0.076668,0.021237
0.001033,0.997775,0.001193
0.976406,0.015281,0.008313
0.996675,0.003325,0.000000
0.005653,0.019611,0.974736
0.001884,0.006624,0.991492
0.087863,0.290220,0.621917
0.998791,0.001207,0.000002
0.308165,0.691829,0.000006
0.361581,0.005759,0.632660
0.311553,0.688418,0.000029
0.004561,0.475967,0.519472
0.299112,0.049133,0.651755
0.049763,0.941487,0.008750
0.983083,0.016917,0.000000
0.997410,0.002591,0.000000
0.005602,0.614221,0.380177
0.648095,0.351905,0.000000
0.002926,0.005864,0.991210
0.000001,0.000001,0.999998
0.549802,0.448685,0.001512
0.985014,0.014986,0.000000
0.984924,0.015075,0.000000
0.981426,0.018566,0.000007
0.996125,0.003875,0.000000
0.578547,0.412307,0.009146
0.992009,0.007809,0.000181
0.988564,0.011219,0.000217
0.916942,0.023050,0.060008
0.010616,0.277048,0.712336
0.013445,0.026097,0.960458
0.005293,0.077538,0.917169
0.954214,0.045749,0.000037
0.293851,0.457516,0.248633
0.996192,0.003808,0.000000
0.979488,0.020512,0.000000
0.002910,0.147726,0.849365
0.947987,0.052013,0.000000
0.018524,0.843351,0.138124
0.997118,0.002882,0.000000
0.981320,0.018680,0.000000
0.000001,0.000002,0.999997
0.277734,0.722266,0.000001
0.012778,0.077800,0.909422
0.322661,0.534148,0.143191
0.455306,0.544686,0.000008
0.002279,0.062187,0.935534
0.987033,0.012967,0.000000
0.994359,0.005641,0.000000
0.000012,0.000013,0.999975
0.994706,0.005294,0.000000
0.996674,0.003326,0.000000
0.987810,0.009893,0.002297
0.316806,0.679824,0.003369
0.996423,0.003577,0.000000
0.514718,0.382658,0.102624
0.337384,0.644654,0.017962
0.523035,0.460101,0.016864
0.000851,0.000516,0.998633
0.000215,0.000458,0.999327
0.893758,0.085729,0.020513
0.004765,0.046171,0.949064
0.000735,0.001255,0.998010
0.000446,0.984723,0.014832
0.003528,0.089167,0.907305
0.988197,0.011801,0.000002
0.000084,0.000017,0.999900
0.119997,0.761650,0.118353
0.985599,0.014401,0.000000
0.663011,0.336979,0.000010
0.021243,0.777442,0.201315
0.532437,0.467549,0.000013
0.144580,0.001238,0.854183
0.000509,0.995478,0.004013
0.161571,0.598609,0.239819
0.996091,0.003909,0.000000
0.522985,0.477015,0.000000
0.975996,0.024004,0.000000
0.126576,0.293608,0.579816
0.002847,0.044777,0.952375
0.988071,0.011929,0.000000
0.803299,0.029922,0.166778
0.325751,0.669841,0.004408
0.054678,0.945295,0.000027
0.022091,0.059560,0.918349
0.002964,0.396414,0.600621
0.000305,0.997214,0.002481
0.000005,0.000010,0.999986
0.975931,0.024069,0.000000
0.007248,0.365730,0.627021
0.000037,0.000064,0.999898
0.005309,0.255659,0.739032
0.847079,0.146944,0.005978
0.085401,0.914564,0.000035
0.019296,0.568174,0.412530
0.274012,0.725986,0.000001
0.991205,0.008795,0.000000
0.276716,0.723279,0.000006
0.996205,0.003795,0.000000
0.707057,0.292818,0.000126
0.270938,0.729061,0.000001
0.000012,0.000050,0.999937
0.959063,0.028286,0.012651
0.000021,0.000002,0.999977
0.148292,0.365887,0.485821
0.997630,0.002370,0.000000
0.984401,0.015599,0.000000
0.001645,0.976298,0.022057
0.002088,0.003953,0.993959
0.080220,0.694324,0.225457
0.895564,0.063188,0.041248
0.995571,0.004429,0.000000
0.006746,0.873282,0.119971
0.010260,0.094082,0.895658
0.199658,0.787613,0.012729
0.041682,0.505450,0.452868
0.002101,0.030167,0.967732
0.043028,0.199902,0.757069
0.038830,0.811085,0.150085
0.319412,0.385300,0.295289
0.006711,0.585118,0.408171
0.000556,0.998926,0.000517
0.289268,0.710723,0.000009
0.937365,0.062624,0.000010
0.096334,0.855602,0.048064
0.313843,0.686155,0.000002
0.055939,0.115949,0.828113
0.984620,0.015380,0.000000
0.000019,0.000038,0.999943
0.000131,0.000389,0.999481
0.830996,0.012480,0.156524
0.962263,0.037737,0.000000
0.000896,0.009891,0.989212
0.968373,0.031627,0.000000
0.685395,0.256423,0.058182
0.806159,0.083595,0.110245
0.989076,0.010755,0.000170
0.996706,0.003294,0.000000
0.222126,0.774883,0.002991
0.997586,0.002386,0.000028
0.472493,0.526135,0.001372
0.000584,0.007354,0.992062
0.996375,0.003624,0.000001
0.943745,0.056248,0.000007
0.521217,0.478731,0.000052
0.995388,0.004612,0.000000
0.201481,0.798517,0.000002
0.636001,0.355538,0.008462
0.598598,0.384416,0.016987
0.002603,0.012185,0.985211
0.130027,0.869967,0.000006
0.101012,0.222404,0.676584
0.000031,0.000003,0.999967
0.468026,0.531974,0.000000
0.998109,0.001891,0.000000
0.468816,0.531184,0.000000
0.000180,0.000669,0.999151
0.000000,0.000000,1.000000
0.956612,0.043351,0.000037
0.957623,0.042375,0.000001
0.000165,0.000483,0.999351
0.051940,0.645775,0.302285
0.206402,0.793570,0.000028
0.899105,0.009281,0.091615
0.000954,0.004735,0.994311
0.322278,0.676435,0.001287
0.009139,0.628821,0.362039
0.011043,0.575939,0.413018
0.888627,0.111104,0.000269
0.021453,0.751215,0.227333
0.001014,0.015603,0.983382
0.558902,0.315382,0.125716
0.449219,0.550130,0.000651
0.000003,0.000003,0.999994
0.668446,0.289752,0.041802
0.003264,0.007294,0.989442
0.004650,0.009099,0.986251
0.310705,0.652105,0.037190
0.420345,0.579431,0.000225
0.000757,0.999032,0.000211
0.009982,0.562437,0.427581
0.046342,0.673690,0.279968
0.000590,0.000193,0.999217
0.994287,0.005713,0.000000
0.005735,0.111571,0.882694
0.401398,0.546356,0.052246
0.996545,0.003445,0.000011
0.024652,0.023084,0.952264
0.252257,0.747739,0.000004
0.008270,0.601855,0.389875
0.002645,0.146382,0.850973
0.000439,0.999443,0.000118
0.357226,0.642742,0.000032
0.033613,0.834310,0.132077
0.018605,0.742163,0.239233
0.189830,0.810169,0.000001
0.272903,0.715751,0.011346
0.099154,0.593965,0.306882
0.259683,0.740316,0.000001
0.001569,0.003017,0.995414
0.044708,0.952697,0.002595
0.008665,0.176585,0.814750
0.002380,0.931264,0.066357
0.001099,0.998464,0.000436
0.854575,0.145376,0.000049
0.540492,0.041092,0.418416
0.000488,0.998872,0.000640
0.991483,0.008508,0.000009
0.810095,0.189179,0.000726
0.903556,0.096407,0.000037
0.041013,0.478156,0.480831
0.327439,0.114218,0.558343
0.085081,0.525053,0.389866
0.369845,0.628703,0.001452
0.001263,0.998208,0.000529
0.980553,0.019447,0.000000
0.398201,0.596238,0.005561
0.965522,0.034292,0.000186
0.010893,0.035066,0.954040
0.494813,0.391472,0.113716
0.006833,0.643770,0.349397
0.000778,0.998785,0.000436
0.198173,0.798772,0.003056
0.360663,0.639068,0.000269
0.238401,0.755206,0.006392
0.473609,0.525442,0.000949
0.975797,0.024201,0.000001
0.002522,0.996789,0.000689
0.798746,0.201248,0.000006
0.256874,0.743076,0.000050
0.613754,0.113944,0.272302
0.006191,0.323314,0.670495
0.375264,0.624735,0.000001
0.001434,0.002632,0.995934
0.003607,0.009016,0.987376
0.371442,0.628558,0.000000
0.977593,0.022407,0.000000
0.073089,0.728822,0.198089
0.993694,0.006306,0.000000
0.112625,0.810647,0.076728
0.605281,0.384256,0.010463
0.976287,0.023588,0.000125
0.995584,0.004416,0.000000
0.988455,0.011545,0.000000
0.139094,0.860897,0.000009
0.226576,0.771225,0.002199
0.003708,0.899289,0.097003
0.993764,0.006236,0.000000
0.018030,0.177503,0.804467
0.989180,0.010768,0.000052
0.985318,0.014682,0.000000
0.817074,0.133964,0.048962
0.959349,0.040642,0.000009
0.292949,0.707050,0.000001
0.000635,0.002714,0.996651
0.997590,0.002409,0.000002
0.028366,0.163822,0.807812
0.055430,0.349909,0.594661
0.016616,0.855376,0.128008
0.997684,0.002315,0.000000
0.003630,0.926336,0.070034
0.416604,0.550127,0.033269
0.320368,0.276765,0.402867
0.001106,0.025231,0.973663
0.884810,0.106758,0.008431
0.917632,0.081742,0.000626
0.994019,0.005981,0.000000
0.002647,0.003937,0.993415
0.591347,0.408646,0.000007
0.000754,0.002180,0.997066
0.995014,0.004986,0.000000
0.009264,0.065063,0.925673
0.182470,0.784633,0.032897
0.001834,0.008000,0.990166
0.991939,0.008061,0.000000
0.738779,0.008330,0.252890
0.992230,0.007770,0.000000
0.319259,0.675490,0.005251
0.049409,0.926223,0.024367
0.995937,0.004063,0.000000
0.979369,0.019170,0.001461
0.000646,0.998437,0.000917
0.023169,0.398398,0.578433
0.615418,0.384581,0.000002
0.005253,0.005157,0.989590
0.992148,0.007852,0.000000
0.005278,0.041967,0.952755
0.000990,0.998707,0.000304
0.051289,0.131605,0.817106
0.527594,0.445629,0.026777
0.001346,0.002053,0.996601
0.965819,0.034181,0.000000
0.935542,0.062565,0.001893
0.000201,0.000642,0.999156
0.997512,0.002488,0.000000
0.963946,0.036009,0.000045
0.156313,0.809994,0.033692
0.998556,0.001444,0.000000
0.152539,0.793765,0.053695
0.991896,0.008104,0.000000
0.011007,0.333309,0.655684
0.176224,0.823775,0.000001
0.001693,0.997279,0.001029
0.000001,0.000001,0.999998
0.997062,0.002938,0.000000
0.001126,0.004807,0.994068
0.985475,0.014525,0.000000
0.118267,0.754088,0.127645
0.990819,0.008273,0.000908
0.001392,0.030670,0.967938
0.000478,0.991831,0.007692
0.077867,0.922051,0.000083
0.130848,0.869140,0.000012
0.200672,0.091272,0.708056
0.497012,0.255235,0.247753
0.107227,0.000572,0.892201
0.994256,0.005744,0.000000
0.988733,0.011238,0.000029
0.000008,0.000018,0.999974
0.996758,0.003242,0.000000
0.235650,0.764336,0.000014
0.990455,0.009545,0.000000
0.013633,0.797160,0.189207
0.205171,0.794814,0.000015
0.000384,0.998947,0.000669
0.556617,0.097543,0.345839
0.983192,0.016535,0.000273
0.024721,0.860461,0.114818
0.000022,0.000019,0.999959
0.464344,0.535656,0.000001
0.297793,0.701473,0.000734
0.023957,0.625573,0.350469
0.000075,0.000225,0.999700
0.000685,0.000168,0.999147
0.067779,0.227583,0.704638
0.352684,0.647105,0.000211
0.001208,0.996986,0.001806
0.000003,0.000004,0.999993
0.208064,0.129619,0.662316
0.006605,0.106379,0.887016
0.017808,0.329117,0.653075
0.000000,0.000000,1.000000
0.816822,0.183082,0.000095
0.001848,0.985559,0.012593
0.993175,0.006825,0.000000
0.002308,0.887194,0.110498
0.557962,0.425523,0.016516
0.915314,0.084685,0.000001
0.002672,0.721378,0.275950
0.135707,0.440499,0.423794
0.974563,0.025436,0.000000
0.057679,0.351650,0.590672
0.748685,0.203999,0.047316
0.062262,0.102755,0.834983
0.993974,0.006026,0.000000
0.991222,0.008778,0.000000
0.001451,0.066069,0.932480
0.995914,0.004086,0.000000
0.994109,0.005891,0.000000
0.230444,0.769550,0.000006
0.000978,0.038474,0.960548
0.998766,0.001234,0.000000
0.845395,0.150646,0.003959
0.172521,0.827446,0.000033
0.931547,0.068434,0.000019
0.016689,0.461332,0.521979
0.970194,0.029711,0.000095
0.530325,0.469675,0.000000
0.183598,0.516155,0.300247
0.255403,0.744594,0.000003
0.000387,0.000769,0.998844
0.007929,0.182925,0.809147
0.137932,0.862062,0.000005
0.882876,0.116955,0.000169
0.165657,0.798200,0.036143
0.003040,0.005681,0.991280
0.226639,0.773360,0.000001
0.024967,0.769208,0.205824
0.019909,0.354085,0.626006
0.287045,0.712949,0.000007
0.458071,0.061032,0.480898
0.184158,0.813933,0.001909
0.994081,0.005919,0.000000
0.991123,0.008877,0.000000
0.990525,0.009475,0.000000
0.009568,0.398897,0.591535
0.992231,0.007762,0.000007
0.000222,0.000058,0.999720
0.003481,0.957585,0.038934
0.053278,0.351873,0.594850
0.017540,0.144866,0.837595
0.173437,0.826524,0.000039
0.001041,0.974350,0.024609
0.974693,0.025307,0.000000
0.185366,0.631709,0.182925
0.003304,0.007860,0.988836
0.092371,0.276928,0.630701
0.347604,0.635626,0.016769
0.266987,0.725899,0.007115
0.209407,0.785251,0.005342
0.326109,0.664195,0.009696
0.053491,0.371323,0.575186
0.776751,0.221742,0.001507
0.993188,0.006523,0.000289
0.140363,0.859496,0.000141
0.009379,0.067901,0.922720
0.010305,0.144289,0.845406
0.458948,0.539702,0.001350
0.003422,0.169383,0.827195
0.099774,0.900207,0.000020
0.995715,0.004285,0.000000
0.996932,0.003068,0.000000
0.916652,0.082802,0.000545
0.012954,0.308811,0.678235
0.002883,0.002077,0.995041
0.054428,0.064563,0.881009
0.646047,0.351672,0.002281
0.302507,0.654384,0.043109
0.013308,0.159907,0.826784
0.151285,0.848650,0.000065
0.581763,0.205899,0.212338
0.000069,0.000310,0.999621
0.281032,0.711402,0.007566
0.990942,0.007997,0.001061
0.463530,0.536470,0.000000
0.109233,0.601852,0.288915
0.995490,0.004020,0.000490
0.993984,0.004889,0.001127
0.522042,0.477952,0.000006
0.013996,0.135692,0.850312
0.913191,0.014033,0.072776
0.000769,0.001692,0.997538
0.002439,0.960117,0.037444
0.995746,0.004254,0.000000
0.017176,0.319955,0.662870
0.472793,0.195410,0.331796
0.000057,0.000232,0.999711
0.000073,0.000009,0.999918
0.996867,0.003059,0.000074
0.059775,0.539989,0.400236
0.939232,0.059955,0.000813
0.006428,0.789033,0.204539
0.000662,0.008795,0.990543
0.007791,0.812743,0.179466
0.002059,0.010550,0.987391
0.967108,0.032892,0.000000
0.904238,0.089097,0.006664
0.931027,0.022978,0.045995
0.983250,0.016750,0.000000
0.468058,0.531942,0.000000
0.996889,0.003111,0.000000
0.532260,0.007063,0.460677
0.544258,0.455215,0.000528
0.003663,0.784575,0.211762
0.014153,0.414693,0.571154
0.101012,0.877257,0.021731
0.485114,0.462550,0.052337
0.000041,0.000379,0.999580
0.014830,0.377080,0.608090
0.003639,0.886795,0.109566
0.000000,0.000000,0.999999
0.998367,0.001633,0.000000
0.483671,0.516329,0.000000
0.131554,0.868444,0.000002
0.746906,0.012552,0.240542
0.000002,0.000002,0.999996
0.995809,0.004191,0.000000
0.995673,0.004315,0.000012
0.882082,0.117724,0.000194
0.935383,0.064615,0.000002
0.765544,0.228607,0.005849
0.404886,0.595100,0.000014
0.000011,0.000012,0.999977
0.014223,0.777190,0.208586
0.972406,0.027594,0.000000
0.163638,0.836350,0.000012
0.981861,0.018138,0.000000
0.725450,0.141663,0.132886
0.583611,0.415049,0.001340
0.985442,0.014558,0.000000
0.991089,0.008911,0.000000
0.421094,0.179769,0.399137
0.990817,0.008740,0.000443
0.962331,0.009396,0.028274
0.063209,0.831735,0.105056
0.001870,0.032821,0.965308
0.966914,0.033086,0.000000
0.997815,0.002185,0.000000
0.000368,0.001544,0.998088
0.032396,0.116245,0.851359
0.982364,0.017586,0.000050
0.298240,0.701480,0.000280
0.234545,0.765438,0.000017
0.168851,0.806061,0.025088
0.001840,0.937228,0.060932
0.049778,0.405793,0.544429
0.198319,0.800963,0.000718
0.000012,0.000021,0.999967
0.937811,0.062184,0.000005
0.003651,0.648967,0.347382
0.294287,0.705710,0.000003
0.001735,0.042001,0.956264
0.994948,0.005052,0.000000
0.995879,0.004121,0.000000
0.542649,0.456142,0.001209
0.425803,0.574187,0.000010
0.003048,0.975374,0.021579
0.002413,0.958375,0.039213
0.499280,0.500718,0.000002
0.452487,0.019490,0.528023
0.007457,0.657852,0.334691
0.992900,0.006852,0.000249
0.974142,0.025858,0.000000
0.993709,0.006291,0.000000
0.000725,0.999103,0.000172
0.024721,0.460130,0.515148
0.014824,0.034574,0.950602
0.003052,0.017083,0.979864
0.983895,0.016105,0.000000
0.995498,0.004502,0.000000
0.982671,0.015660,0.001669
0.003632,0.021904,0.974464
0.996731,0.003269,0.000000
0.001887,0.993920,0.004193
0.995527,0.004472,0.000000
0.105506,0.503748,0.390746
0.006351,0.419723,0.573926
0.283241,0.057373,0.659386
0.006686,0.098168,0.895146
0.004374,0.977280,0.018345
0.949606,0.049567,0.000827
0.000808,0.994760,0.004432
0.995464,0.004536,0.000000
0.001070,0.022218,0.976712
0.000552,0.999120,0.000327
0.658334,0.331870,0.009796
0.494331,0.436622,0.069047
0.996140,0.003860,0.000000
0.902684,0.097312,0.000004
0.000677,0.997777,0.001546
0.267201,0.732798,0.000001
0.992171,0.007828,0.000001
0.001595,0.987835,0.010570
0.391796,0.017271,0.590933
0.145352,0.854565,0.000083
0.262238,0.737761,0.000000
0.605015,0.389657,0.005328
0.009223,0.044181,0.946597
0.002581,0.980190,0.017230
0.495227,0.504248,0.000525
0.000678,0.005474,0.993847
0.001708,0.007085,0.991207
0.000254,0.001223,0.998523
0.985687,0.014313,0.000000
0.069573,0.239869,0.690558
0.992570,0.007430,0.000000
0.266490,0.731269,0.002242
0.990577,0.009423,0.000000
0.974038,0.025962,0.000000
0.997929,0.002071,0.000000
0.151552,0.369198,0.479251
0.000635,0.972240,0.027125
0.004723,0.196278,0.798999
0.985437,0.014563,0.000000
0.996170,0.003830,0.000000
0.006085,0.007971,0.985943
0.308488,0.597865,0.093647
0.975555,0.024444,0.000000
0.176267,0.823684,0.000049
0.796114,0.203499,0.000387
0.157806,0.841377,0.000817
0.977896,0.022087,0.000017
0.318421,0.408174,0.273406
0.832749,0.166055,0.001196
0.988353,0.011647,0.000000
0.146457,0.852614,0.000929
0.624800,0.375178,0.000022
0.338422,0.603607,0.057971
0.912474,0.087328,0.000198
0.003957,0.225091,0.770951
0.988591,0.011409,0.000000
0.992042,0.007959,0.000000
0.977770,0.012986,0.009244
0.996829,0.003171,0.000000
0.985289,0.014704,0.000007
0.995992,0.004008,0.000000
0.003312,0.961902,0.034786
0.978499,0.021232,0.000269
0.001870,0.996778,0.001352
0.001815,0.978056,0.020130
0.991385,0.008441,0.000173
0.426112,0.459222,0.114666
0.017903,0.153778,0.828319
0.010381,0.509453,0.480166
0.995159,0.004841,0.000000
0.316159,0.681992,0.001849
0.000376,0.996872,0.002752
0.587134,0.411577,0.001289
0.871311,0.128212,0.000476
0.764506,0.235442,0.000052
0.993753,0.005879,0.000368
0.003966,0.004021,0.992013
0.962373,0.037627,0.000000
0.001192,0.001930,0.996878
