0.031777,0.253846,0.149081,0.043077,0.250230,0.118990,0.043720,0.051979,0.027824,0.029476
0.068353,0.358531,0.069654,0.079289,0.059902,0.076692,0.092190,0.064390,0.086231,0.044769
0.051335,0.241617,0.075511,0.072402,0.126265,0.058441,0.152638,0.085507,0.086891,0.049393
0.080873,0.126384,0.080607,0.116116,0.100620,0.110590,0.108762,0.078496,0.097000,0.100552
0.118203,0.230352,0.039803,0.103035,0.061015,0.111213,0.112625,0.037193,0.071881,0.114679
0.031520,0.403568,0.033438,0.031278,0.019956,0.038918,0.367581,0.021410,0.031662,0.020670
0.038833,0.208554,0.080681,0.024114,0.268800,0.151287,0.043887,0.031671,0.127485,0.024689
0.085458,0.221160,0.047616,0.068057,0.062938,0.211428,0.090563,0.080870,0.062291,0.069618
0.040870,0.117760,0.100138,0.093593,0.082663,0.183396,0.171633,0.066970,0.068685,0.074292
0.055344,0.156977,0.124660,0.117945,0.098905,0.071125,0.117223,0.093086,0.043015,0.121719
0.061457,0.074154,0.286598,0.049692,0.189277,0.038816,0.072685,0.061986,0.074021,0.091315
0.063883,0.128356,0.108603,0.119186,0.117781,0.079392,0.111508,0.099282,0.076683,0.095327
0.027209,0.354874,0.057779,0.034095,0.029943,0.049733,0.354606,0.020617,0.023849,0.047294
0.053114,0.228162,0.219794,0.066490,0.057684,0.074773,0.080324,0.067050,0.059356,0.093251
0.089344,0.084877,0.093159,0.121337,0.086935,0.116882,0.111713,0.097993,0.076921,0.120840
0.076703,0.104474,0.100305,0.091873,0.046556,0.086971,0.300955,0.065989,0.054030,0.072144
0.067179,0.304970,0.099075,0.082474,0.053374,0.091441,0.070067,0.081886,0.073200,0.076334
0.053657,0.267273,0.090542,0.095019,0.056388,0.078213,0.073447,0.067536,0.092998,0.124926
0.062141,0.080198,0.095306,0.069018,0.109069,0.078983,0.221983,0.114516,0.071786,0.097001
0.089622,0.236966,0.098520,0.101465,0.062491,0.063046,0.117852,0.068885,0.077076,0.084079
0.041916,0.276915,0.105268,0.044029,0.045062,0.045901,0.303898,0.031296,0.025675,0.080039
0.046094,0.104635,0.084477,0.076856,0.084681,0.199004,0.122108,0.100145,0.085239,0.096761
0.060779,0.138978,0.109149,0.107453,0.059090,0.119465,0.221626,0.033235,0.069835,0.080390
0.082936,0.035914,0.302922,0.046351,0.196545,0.098127,0.050981,0.051127,0.042163,0.092935
0.076264,0.166115,0.066948,0.142342,0.061992,0.057484,0.116127,0.157858,0.063605,0.091264
0.069545,0.090379,0.084859,0.112303,0.112163,0.115047,0.156846,0.033956,0.110102,0.114800
0.100374,0.046668,0.097224,0.079187,0.075061,0.071127,0.307608,0.050408,0.110315,0.062029
0.064006,0.084193,0.319636,0.066327,0.077335,0.083101,0.086164,0.061051,0.055558,0.102629
0.042499,0.258104,0.060361,0.095633,0.044474,0.134909,0.102647,0.060283,0.097173,0.103919
0.099567,0.336048,0.040081,0.033667,0.030880,0.039245,0.277549,0.032378,0.079869,0.030718
0.037114,0.216683,0.140811,0.041086,0.046641,0.174999,0.154754,0.076504,0.057379,0.054029
0.018206,0.215017,0.210388,0.030661,0.318706,0.061772,0.029288,0.017540,0.039237,0.059186
0.058628,0.224597,0.039146,0.086148,0.070298,0.099831,0.119491,0.034928,0.117666,0.149269
0.062562,0.100406,0.124730,0.126793,0.092920,0.058676,0.117332,0.107632,0.089795,0.119154
0.025489,0.087147,0.390810,0.022464,0.243096,0.075502,0.053719,0.044449,0.028362,0.028962
0.072634,0.091075,0.100078,0.087427,0.051955,0.086918,0.289490,0.034057,0.094301,0.092065
0.060775,0.274555,0.101118,0.106815,0.066535,0.056152,0.086004,0.085149,0.070478,0.092420
0.099498,0.133662,0.085022,0.147163,0.084602,0.047291,0.119861,0.076459,0.084303,0.122140
0.066211,0.053074,0.314042,0.092347,0.079029,0.074040,0.095478,0.046199,0.097486,0.082095
0.081933,0.108068,0.103183,0.061868,0.086902,0.137880,0.096626,0.086500,0.101581,0.135459
0.081663,0.091681,0.057450,0.139020,0.091112,0.225012,0.094923,0.081844,0.040587,0.096710
0.040945,0.032511,0.205423,0.019576,0.042708,0.037656,0.050577,0.079946,0.443665,0.046993
0.093172,0.120002,0.099056,0.051964,0.091752,0.123041,0.123295,0.027486,0.136783,0.133446
0.025500,0.215367,0.238313,0.040635,0.320577,0.038237,0.023786,0.033677,0.040192,0.023715
0.063058,0.086936,0.131534,0.065806,0.081656,0.049664,0.316269,0.088334,0.041462,0.075279
0.057491,0.036318,0.141278,0.080974,0.239963,0.135218,0.055912,0.109512,0.092930,0.050405
0.046850,0.390489,0.058057,0.064878,0.059605,0.094532,0.063132,0.039864,0.116362,0.066230
0.075384,0.045662,0.143908,0.086117,0.348242,0.062114,0.077670,0.044558,0.059018,0.057327
0.095397,0.108212,0.108669,0.123975,0.065070,0.118796,0.114008,0.080268,0.076427,0.109178
0.114607,0.224612,0.176527,0.061668,0.039652,0.117129,0.055007,0.066901,0.071958,0.071939
0.015656,0.236678,0.035709,0.015066,0.327066,0.080549,0.217673,0.023687,0.032834,0.015081
0.065156,0.092166,0.091094,0.081098,0.059340,0.107067,0.307849,0.048152,0.080103,0.067975
0.058670,0.099477,0.255594,0.099111,0.084473,0.081500,0.079732,0.061703,0.074694,0.105047
0.037027,0.115112,0.040794,0.109823,0.098601,0.284806,0.107319,0.087215,0.046086,0.073218
0.083336,0.086055,0.232120,0.044746,0.059050,0.096435,0.116017,0.075343,0.074766,0.132133
0.095450,0.091182,0.113168,0.120042,0.092673,0.103826,0.105576,0.115739,0.050465,0.111880
0.031652,0.100860,0.076609,0.118920,0.120521,0.138363,0.137699,0.119417,0.060092,0.095867
0.070550,0.320140,0.113966,0.098757,0.048521,0.056369,0.088219,0.064406,0.093317,0.045755
0.035095,0.258352,0.087106,0.047285,0.035485,0.043053,0.260051,0.024143,0.136667,0.072764
0.055487,0.092468,0.268197,0.094707,0.074639,0.081370,0.093391,0.060488,0.048324,0.130930
0.036704,0.045224,0.249132,0.053196,0.033026,0.180975,0.213409,0.064110,0.045739,0.078485
0.087432,0.054964,0.163779,0.090031,0.063315,0.070066,0.245493,0.073821,0.083324,0.067774
0.069073,0.110257,0.092883,0.088988,0.065864,0.135658,0.096994,0.079796,0.128171,0.132318
0.097727,0.137522,0.031390,0.139383,0.116666,0.121257,0.132960,0.090259,0.060981,0.071855
0.084466,0.062539,0.078559,0.076773,0.055317,0.120818,0.324923,0.069522,0.061527,0.065556
0.137940,0.101879,0.107754,0.090712,0.092841,0.106827,0.094290,0.071276,0.138407,0.058073
0.029260,0.030339,0.060211,0.050955,0.414207,0.112531,0.072334,0.039277,0.151447,0.039439
0.058072,0.156892,0.117574,0.118628,0.073420,0.059978,0.121441,0.128118,0.043369,0.122506
0.041505,0.110164,0.054414,0.115672,0.095391,0.260661,0.102602,0.064395,0.060039,0.095158
0.056233,0.372884,0.035051,0.039421,0.022168,0.052205,0.322127,0.031196,0.045760,0.022955
0.054238,0.259691,0.095516,0.083444,0.061233,0.067961,0.115405,0.062944,0.109353,0.090215
0.063409,0.061127,0.096078,0.065866,0.054375,0.113318,0.299622,0.045669,0.117757,0.082779
0.013595,0.035763,0.474114,0.017366,0.255063,0.097289,0.029605,0.026175,0.021375,0.029655
0.054108,0.225487,0.056251,0.157042,0.105336,0.057121,0.088079,0.071954,0.052931,0.131690
0.029754,0.164233,0.150668,0.045720,0.057209,0.206791,0.161651,0.075383,0.048177,0.060414
0.109376,0.332847,0.051218,0.076963,0.058019,0.109877,0.088750,0.032147,0.067024,0.073780
0.045695,0.336146,0.076134,0.070687,0.048325,0.077327,0.105787,0.092019,0.067274,0.080606
0.030773,0.053677,0.073755,0.029413,0.397018,0.108230,0.226077,0.020800,0.035662,0.024594
0.050858,0.311679,0.100052,0.090461,0.044129,0.068717,0.096693,0.067218,0.089685,0.080507
0.071957,0.348653,0.087711,0.020219,0.029927,0.076341,0.264642,0.024649,0.041403,0.034498
0.078116,0.065417,0.063267,0.089964,0.047252,0.072659,0.325864,0.066408,0.091114,0.099938
0.089309,0.117454,0.098322,0.093721,0.082205,0.132808,0.099809,0.112333,0.067815,0.106224
0.083663,0.080045,0.286982,0.073479,0.055158,0.137286,0.091086,0.049064,0.088863,0.054374
0.156186,0.054744,0.154708,0.033877,0.071080,0.100238,0.209948,0.051311,0.078367,0.089543
0.131966,0.217323,0.166330,0.066598,0.032213,0.096432,0.067690,0.062138,0.084280,0.075030
0.098872,0.115655,0.107046,0.115144,0.105432,0.146249,0.111238,0.030115,0.097915,0.072335
0.082342,0.113520,0.092642,0.107455,0.079584,0.138210,0.089566,0.076844,0.089378,0.130459
0.097270,0.065139,0.091770,0.055706,0.387551,0.053756,0.070264,0.028164,0.061167,0.089215
0.031266,0.023828,0.075835,0.041772,0.306058,0.048083,0.211027,0.027869,0.161351,0.072913
0.111087,0.076053,0.090183,0.057438,0.063235,0.094664,0.117737,0.074403,0.184968,0.130231
0.025995,0.208975,0.270312,0.028003,0.285066,0.038013,0.050845,0.021211,0.036075,0.035505
0.036471,0.093929,0.086260,0.049232,0.103332,0.141186,0.158217,0.091784,0.070711,0.168880
0.049951,0.087840,0.496706,0.021666,0.025383,0.073944,0.062234,0.060614,0.031080,0.090581
0.138981,0.090597,0.103943,0.110268,0.090058,0.138553,0.098395,0.075638,0.078243,0.075323
0.056115,0.177019,0.274904,0.093848,0.046387,0.080901,0.076859,0.082677,0.034352,0.076938
0.040664,0.155684,0.035044,0.136493,0.063022,0.226593,0.134832,0.092784,0.072498,0.042385
0.113343,0.113771,0.113018,0.147618,0.084537,0.102450,0.154476,0.036692,0.088221,0.045873
0.074094,0.091116,0.112710,0.091630,0.109392,0.134992,0.092760,0.101096,0.079649,0.112563
0.036110,0.108004,0.037094,0.129249,0.113840,0.137043,0.218055,0.062325,0.062340,0.095940
0.092875,0.111014,0.110851,0.111796,0.078640,0.109050,0.098824,0.081856,0.091701,0.113392
0.054140,0.103994,0.089858,0.129838,0.141915,0.091364,0.146230,0.033566,0.087555,0.121540
0.059216,0.084286,0.102937,0.097443,0.037832,0.076749,0.324438,0.069974,0.091022,0.056103
0.085349,0.118890,0.096143,0.108141,0.092269,0.136152,0.093933,0.086627,0.094499,0.087996
0.078039,0.236172,0.216057,0.047245,0.058463,0.091851,0.086902,0.054553,0.064515,0.066204
0.050798,0.425456,0.034414,0.026906,0.027097,0.025827,0.348687,0.017817,0.016135,0.026863
0.059158,0.115460,0.125466,0.132052,0.092688,0.063813,0.119221,0.097197,0.086684,0.108261
0.039596,0.068508,0.388384,0.060394,0.021350,0.116439,0.136573,0.023422,0.043291,0.102043
0.066022,0.266797,0.072000,0.087712,0.063378,0.095223,0.077328,0.075389,0.094603,0.101547
0.035297,0.118414,0.076128,0.133273,0.103976,0.147542,0.149234,0.091768,0.057491,0.086877
0.054738,0.091149,0.042729,0.072192,0.071433,0.140833,0.263222,0.051325,0.099870,0.112509
0.069030,0.117024,0.103512,0.111762,0.053396,0.096026,0.103274,0.079301,0.130380,0.136294
0.074128,0.047339,0.058572,0.092580,0.052028,0.122137,0.343754,0.069108,0.061374,0.078980
0.056800,0.087991,0.092888,0.066435,0.085495,0.169662,0.118278,0.095436,0.113713,0.113302
0.081286,0.107361,0.113969,0.113421,0.111410,0.063518,0.111762,0.125033,0.080797,0.091443
0.055898,0.288427,0.112234,0.029785,0.039433,0.040858,0.308839,0.036644,0.040590,0.047293
0.042529,0.058015,0.289046,0.065230,0.097901,0.234157,0.063103,0.061545,0.030884,0.057591
0.083749,0.109629,0.092072,0.117133,0.094670,0.121822,0.115232,0.099562,0.082401,0.083729
0.046356,0.120936,0.036999,0.079066,0.044331,0.228242,0.232243,0.083736,0.043375,0.084716
0.020914,0.035347,0.127623,0.046180,0.311587,0.043838,0.232998,0.022278,0.131574,0.027660
0.071764,0.071758,0.067886,0.100182,0.073053,0.071664,0.290999,0.064295,0.069936,0.118466
0.097702,0.132213,0.082499,0.124018,0.079593,0.113638,0.137297,0.029302,0.118914,0.084825
0.057059,0.071057,0.096658,0.042734,0.042464,0.120096,0.270377,0.065213,0.149395,0.084947
0.089094,0.036994,0.287076,0.051877,0.036630,0.136644,0.144026,0.030219,0.102657,0.084783
0.025243,0.333878,0.061894,0.039964,0.021290,0.062787,0.351227,0.028300,0.048587,0.026829
0.041320,0.090516,0.045547,0.097817,0.051389,0.241049,0.222578,0.053667,0.076443,0.079674
0.041822,0.020492,0.259798,0.034458,0.289065,0.026617,0.149392,0.036002,0.104417,0.037937
0.061605,0.064333,0.261722,0.086759,0.066619,0.086020,0.081406,0.077199,0.090661,0.123676
0.050907,0.056331,0.362843,0.067900,0.029228,0.149945,0.135273,0.035072,0.049655,0.062846
0.031707,0.281291,0.057603,0.031399,0.016446,0.048838,0.238803,0.032982,0.214291,0.046638
0.038872,0.329081,0.020095,0.061529,0.024976,0.026785,0.357682,0.054104,0.032219,0.054657
0.027097,0.035117,0.131545,0.058216,0.411439,0.070123,0.069186,0.040950,0.115427,0.040901
0.032530,0.039051,0.449838,0.065634,0.050113,0.120064,0.064017,0.047798,0.074958,0.055998
0.056885,0.145084,0.250223,0.091767,0.035814,0.093939,0.115266,0.085527,0.041792,0.083703
0.061632,0.087190,0.097278,0.064703,0.058356,0.103953,0.305914,0.060000,0.091380,0.069594
0.046986,0.096187,0.090074,0.139672,0.076107,0.174192,0.119080,0.033100,0.094217,0.130385
0.026075,0.039085,0.064272,0.022758,0.411759,0.044699,0.280599,0.028903,0.039398,0.042453
0.028610,0.027758,0.061817,0.018744,0.374890,0.033965,0.344966,0.018991,0.057510,0.032749
0.022353,0.025229,0.115012,0.037890,0.382388,0.046197,0.288475,0.021085,0.028922,0.032448
0.055744,0.110144,0.060265,0.142446,0.060086,0.047539,0.109308,0.127377,0.107812,0.179279
0.059597,0.055006,0.099035,0.089818,0.073404,0.068895,0.330742,0.062363,0.060348,0.100790
0.028880,0.191352,0.150700,0.042449,0.019615,0.145970,0.206816,0.019323,0.172468,0.022427
0.039797,0.229461,0.235665,0.062839,0.057160,0.082175,0.105514,0.042887,0.046056,0.098447
0.083648,0.237612,0.054343,0.108446,0.081195,0.140222,0.078990,0.054861,0.067504,0.093178
0.049713,0.237024,0.032952,0.103589,0.052782,0.233616,0.092081,0.064213,0.056132,0.077898
0.077590,0.271101,0.179518,0.096592,0.043798,0.070497,0.084302,0.056220,0.048459,0.071924
0.034682,0.108643,0.077719,0.158489,0.066964,0.165230,0.147849,0.037594,0.061280,0.141548
0.032408,0.064251,0.415458,0.060914,0.029273,0.126666,0.057840,0.045065,0.107343,0.060783
0.167833,0.244456,0.070895,0.099647,0.056456,0.106590,0.099897,0.033477,0.079312,0.041437
0.038295,0.115902,0.300116,0.078600,0.077425,0.150859,0.072644,0.047059,0.034496,0.084604
0.041357,0.132175,0.115687,0.109970,0.062651,0.121031,0.227455,0.064197,0.071035,0.054440
0.049028,0.084125,0.072936,0.060439,0.050578,0.074035,0.359349,0.055968,0.143464,0.050077
0.029127,0.083935,0.442301,0.037717,0.226257,0.086432,0.032610,0.029155,0.011222,0.021244
0.090030,0.107537,0.099431,0.116753,0.064126,0.127855,0.105116,0.103505,0.082135,0.103513
0.059188,0.078731,0.071818,0.087919,0.038988,0.052490,0.363257,0.067266,0.113281,0.067063
0.030294,0.123387,0.045860,0.018700,0.452959,0.111311,0.022708,0.017770,0.155371,0.021640
0.041339,0.293288,0.147111,0.013326,0.178594,0.022382,0.238112,0.015104,0.026628,0.024116
0.035811,0.197243,0.095032,0.110860,0.042970,0.120771,0.129306,0.057942,0.046192,0.163873
0.035461,0.056123,0.077135,0.051608,0.339132,0.046854,0.293347,0.025963,0.041241,0.033135
0.042945,0.058872,0.114613,0.108024,0.082940,0.052050,0.304414,0.067878,0.088247,0.080016
0.035489,0.155818,0.076245,0.123724,0.056237,0.141862,0.115596,0.072755,0.119619,0.102656
0.039180,0.117144,0.083949,0.102473,0.101352,0.210865,0.152222,0.079314,0.068219,0.045281
0.094518,0.106613,0.112669,0.133590,0.128107,0.076430,0.121019,0.077242,0.094280,0.055533
0.022840,0.045148,0.468283,0.028589,0.158459,0.160822,0.026906,0.013487,0.029653,0.045814
0.035007,0.075919,0.547205,0.066305,0.040523,0.083428,0.052419,0.024007,0.013877,0.061310
0.028532,0.028142,0.080563,0.020533,0.307379,0.129878,0.278431,0.028472,0.023221,0.074851
0.040759,0.065698,0.483628,0.048648,0.051948,0.103020,0.057243,0.045100,0.057973,0.045983
0.082245,0.046512,0.100714,0.059678,0.363843,0.069737,0.085738,0.047733,0.035715,0.108085
0.043779,0.060876,0.444336,0.015285,0.161748,0.149136,0.040355,0.032702,0.031008,0.020776
0.075527,0.374231,0.035731,0.022006,0.026347,0.019432,0.375177,0.030096,0.024816,0.016636
0.028441,0.443713,0.033219,0.025093,0.017973,0.028673,0.328442,0.031385,0.019462,0.043600
0.071047,0.119172,0.097433,0.132704,0.092925,0.055135,0.116534,0.134527,0.077838,0.102684
0.043476,0.124238,0.113368,0.113977,0.085950,0.068758,0.105340,0.093140,0.131734,0.120018
0.102810,0.120667,0.090299,0.121392,0.088275,0.156088,0.114947,0.029507,0.071558,0.104457
0.047607,0.052337,0.127207,0.069381,0.395177,0.075455,0.103708,0.040071,0.037989,0.051068
0.023322,0.225518,0.037625,0.014806,0.345883,0.076653,0.226291,0.013426,0.017706,0.018772
0.035450,0.223633,0.027333,0.107259,0.108181,0.133844,0.103872,0.120586,0.048759,0.091083
0.026900,0.098784,0.457115,0.069424,0.024870,0.086043,0.062510,0.052279,0.063848,0.058227
0.085280,0.135021,0.078853,0.086871,0.070034,0.056552,0.197256,0.036202,0.078898,0.175032
0.021475,0.018239,0.513578,0.026738,0.147865,0.163568,0.039071,0.022448,0.020754,0.026265
0.057254,0.091574,0.227452,0.077566,0.082005,0.067765,0.191574,0.045914,0.079829,0.079066
0.082746,0.087857,0.095467,0.044516,0.056893,0.081184,0.307788,0.067768,0.097245,0.078537
0.073373,0.122993,0.108432,0.121148,0.120958,0.062611,0.116192,0.095297,0.065852,0.113144
0.041711,0.030000,0.082114,0.039324,0.454236,0.123842,0.035535,0.023040,0.145520,0.024677
0.020169,0.043535,0.619889,0.035263,0.028288,0.086509,0.073579,0.025861,0.027309,0.039598
0.084465,0.060531,0.257897,0.098180,0.060267,0.082646,0.105634,0.063662,0.089911,0.096807
0.062000,0.093701,0.099139,0.068393,0.056033,0.080344,0.338513,0.048468,0.067639,0.085769
0.036936,0.036432,0.107041,0.042771,0.477117,0.044070,0.058475,0.037904,0.065849,0.093407
0.065827,0.294770,0.070942,0.090708,0.072035,0.053954,0.102899,0.059753,0.121164,0.067949
0.076269,0.119450,0.109261,0.102169,0.101225,0.107113,0.103929,0.108844,0.102109,0.069630
0.045452,0.164309,0.088821,0.141275,0.079978,0.072560,0.119218,0.109417,0.092108,0.086863
0.084323,0.082980,0.131283,0.093249,0.081729,0.067373,0.242093,0.036633,0.095560,0.084778
0.029270,0.060895,0.068449,0.140988,0.091080,0.046970,0.392129,0.062754,0.068300,0.039166
0.029163,0.061498,0.075198,0.053376,0.513924,0.115266,0.043900,0.031014,0.046530,0.030131
0.047448,0.065723,0.245357,0.101729,0.077234,0.081719,0.211598,0.067060,0.036721,0.065411
0.094166,0.310332,0.030922,0.044274,0.022565,0.035214,0.335225,0.028549,0.062164,0.036589
0.033688,0.165681,0.144283,0.027870,0.028593,0.052395,0.031102,0.090562,0.370355,0.055470
0.035534,0.079798,0.428734,0.065899,0.034118,0.139930,0.116666,0.030917,0.043429,0.024974
0.063288,0.108468,0.101894,0.053105,0.102103,0.235385,0.129828,0.069056,0.088466,0.048409
0.075517,0.082511,0.106285,0.114170,0.093072,0.129118,0.124809,0.088333,0.108579,0.077607
0.078080,0.210609,0.097204,0.133204,0.110659,0.061044,0.112231,0.073683,0.068451,0.054836
0.051501,0.093194,0.044451,0.144288,0.080518,0.188127,0.128342,0.080763,0.073118,0.115697
0.073603,0.064181,0.073981,0.033878,0.499840,0.091053,0.065579,0.043576,0.020728,0.033581
0.033209,0.027265,0.126958,0.036061,0.417212,0.118891,0.077883,0.029733,0.062666,0.070123
0.079087,0.051516,0.396767,0.018783,0.041725,0.147596,0.062839,0.031935,0.067212,0.102538
0.056874,0.084863,0.087455,0.140753,0.065819,0.156287,0.158503,0.113707,0.052877,0.082861
0.042165,0.066523,0.384006,0.064940,0.043014,0.133163,0.088771,0.060818,0.085729,0.030871
0.060960,0.088803,0.092502,0.061229,0.072597,0.099905,0.305618,0.041248,0.082882,0.094256
0.028352,0.075979,0.327653,0.018266,0.334226,0.077253,0.035789,0.013925,0.059369,0.029187
0.053480,0.117188,0.092680,0.123242,0.073138,0.149970,0.106096,0.072943,0.111321,0.099941
0.066033,0.308629,0.096176,0.035234,0.041698,0.056145,0.311654,0.036623,0.023619,0.024190
0.140227,0.075375,0.226166,0.094627,0.090238,0.087717,0.098716,0.072383,0.053431,0.061120
0.087716,0.109832,0.105338,0.113643,0.101831,0.098346,0.089175,0.081391,0.098778,0.113949
0.060161,0.067726,0.103448,0.066090,0.053460,0.076675,0.348777,0.055924,0.077540,0.090199
0.055991,0.105289,0.039337,0.094195,0.119679,0.157348,0.128572,0.085104,0.128058,0.086427
0.103546,0.070393,0.078622,0.066798,0.082463,0.114823,0.300286,0.071862,0.045669,0.065537
0.043773,0.069240,0.031462,0.105934,0.071328,0.210550,0.245868,0.099761,0.062110,0.059976
0.078185,0.078848,0.233777,0.095366,0.063239,0.071586,0.083456,0.060501,0.157242,0.077800
0.057150,0.082092,0.257573,0.088355,0.063768,0.093119,0.148302,0.065139,0.082821,0.061680
0.026586,0.355946,0.101021,0.044495,0.310976,0.033152,0.029440,0.026157,0.036982,0.035244
0.036759,0.153232,0.290288,0.059032,0.069431,0.104946,0.077316,0.064965,0.060944,0.083088
0.060460,0.136389,0.108562,0.107195,0.108494,0.083247,0.115198,0.087615,0.085127,0.107713
0.106121,0.125083,0.103109,0.115755,0.060032,0.108155,0.108806,0.084779,0.085957,0.102203
0.045416,0.438716,0.031429,0.018865,0.013314,0.024706,0.341567,0.025266,0.022008,0.038713
0.041887,0.052341,0.550202,0.045270,0.024336,0.077464,0.069044,0.055230,0.037273,0.046955
0.051233,0.118495,0.098115,0.073820,0.113145,0.119651,0.116008,0.077148,0.109324,0.123060
0.089584,0.083477,0.265695,0.107725,0.066045,0.076355,0.096159,0.062182,0.064466,0.088314
0.043851,0.076616,0.399991,0.018680,0.045071,0.120273,0.064383,0.051573,0.105486,0.074076
0.098668,0.121530,0.087540,0.132033,0.088279,0.121232,0.135102,0.029076,0.054801,0.131738
0.036721,0.038791,0.154103,0.074001,0.303029,0.195387,0.058773,0.043714,0.053343,0.042136
0.083004,0.073383,0.102526,0.110875,0.054786,0.088616,0.165737,0.032697,0.212047,0.076328
0.069925,0.111898,0.028565,0.107244,0.071426,0.195321,0.212761,0.078336,0.062585,0.061939
0.072740,0.217019,0.061169,0.116467,0.087830,0.062055,0.091927,0.053466,0.054287,0.183040
0.036471,0.413925,0.040183,0.046538,0.021757,0.051656,0.240044,0.027827,0.098237,0.023362
0.061669,0.053140,0.072139,0.133491,0.048953,0.118142,0.105024,0.049045,0.229565,0.128831
0.054445,0.101445,0.330651,0.062935,0.027323,0.142117,0.095315,0.035136,0.096758,0.053874
0.045493,0.154991,0.228597,0.030307,0.074520,0.164765,0.058340,0.047067,0.066508,0.129412
0.034433,0.169376,0.038852,0.142544,0.104411,0.056256,0.151781,0.135728,0.067954,0.098664
0.034816,0.138764,0.081619,0.114582,0.104586,0.213919,0.150809,0.069149,0.033892,0.057863
0.075480,0.121742,0.089201,0.117277,0.068366,0.109950,0.105981,0.096510,0.101715,0.113779
0.045390,0.181966,0.301467,0.057351,0.037347,0.149170,0.078730,0.047742,0.043233,0.057605
0.073198,0.282636,0.089047,0.101599,0.055909,0.082962,0.089335,0.100736,0.069386,0.055192
0.020112,0.031324,0.059276,0.035679,0.363907,0.138388,0.216788,0.075428,0.035971,0.023127
0.016131,0.053388,0.293694,0.031031,0.386557,0.032549,0.114375,0.020666,0.031165,0.020443
0.039511,0.094052,0.053956,0.114313,0.075213,0.219453,0.168749,0.091775,0.037731,0.105246
0.073596,0.252875,0.211659,0.032778,0.056258,0.070627,0.060172,0.065914,0.061368,0.114754
0.079151,0.092957,0.080354,0.108774,0.063389,0.136535,0.118360,0.085017,0.128886,0.106576
0.041410,0.186415,0.069609,0.156588,0.068061,0.058067,0.135074,0.075166,0.083616,0.125995
0.061135,0.045305,0.033945,0.070922,0.039004,0.056233,0.054909,0.092186,0.447349,0.099012
0.088514,0.094462,0.080469,0.095375,0.059594,0.089478,0.276377,0.040184,0.058921,0.116627
0.043893,0.041026,0.040542,0.058686,0.043000,0.047137,0.282427,0.078568,0.319303,0.045420
0.120696,0.133877,0.075133,0.091542,0.060789,0.173458,0.075734,0.041092,0.061255,0.166423
0.073794,0.095174,0.180810,0.059233,0.072586,0.118885,0.238196,0.046989,0.049621,0.064711
0.110575,0.097767,0.070370,0.131009,0.074939,0.156083,0.147804,0.036264,0.070993,0.104195
0.050659,0.288946,0.034719,0.073396,0.091268,0.110056,0.141135,0.051497,0.071827,0.086495
0.080621,0.064334,0.298156,0.107626,0.083313,0.075131,0.136256,0.033564,0.056002,0.064997
0.076921,0.266384,0.089378,0.084345,0.055081,0.094175,0.074858,0.078264,0.072143,0.108450
0.078617,0.122357,0.114229,0.123750,0.069477,0.149019,0.117571,0.078976,0.051050,0.094955
0.028912,0.418203,0.046114,0.016276,0.031074,0.035572,0.328721,0.035196,0.031694,0.028237
0.070284,0.242263,0.041100,0.106639,0.073434,0.125089,0.150555,0.057245,0.045662,0.087729
0.094284,0.115842,0.110288,0.112461,0.070415,0.117010,0.109545,0.104482,0.085691,0.079982
0.026671,0.409256,0.041084,0.049424,0.031886,0.036195,0.335991,0.019207,0.030248,0.020037
0.058457,0.113738,0.086054,0.140628,0.095511,0.053475,0.134298,0.128961,0.086723,0.102154
0.061908,0.282478,0.085455,0.081511,0.035032,0.073968,0.072756,0.064441,0.136498,0.105952
0.089976,0.085361,0.078120,0.076009,0.054258,0.078771,0.339507,0.071922,0.044917,0.081159
0.052429,0.367034,0.037011,0.045022,0.016342,0.023013,0.365990,0.039062,0.027361,0.026735
0.086796,0.134867,0.030595,0.127096,0.096186,0.116099,0.156975,0.122721,0.041364,0.087300
0.037589,0.142120,0.101311,0.111380,0.074576,0.134184,0.170654,0.029591,0.083568,0.115025
0.030246,0.053717,0.266850,0.036384,0.026163,0.182792,0.086201,0.050888,0.211829,0.054931
0.087694,0.046259,0.135894,0.061363,0.351785,0.060012,0.089113,0.033899,0.089274,0.044708
0.144993,0.111658,0.097962,0.100285,0.070076,0.089827,0.097080,0.078206,0.127466,0.082447
0.077103,0.113385,0.244199,0.093800,0.070072,0.125525,0.115259,0.053111,0.053546,0.053999
0.041686,0.054617,0.505245,0.046403,0.050834,0.107469,0.059684,0.030210,0.063253,0.040599
0.116096,0.102914,0.269918,0.082685,0.064442,0.085875,0.086265,0.062899,0.084855,0.044052
0.023805,0.026277,0.054415,0.024405,0.392556,0.133695,0.043883,0.042118,0.232982,0.025862
0.039518,0.182507,0.067479,0.159162,0.097533,0.054066,0.160632,0.091753,0.072808,0.074541
0.068918,0.082104,0.076572,0.080043,0.403697,0.097172,0.062489,0.035598,0.048493,0.044915
0.070297,0.135063,0.100363,0.076262,0.125812,0.053177,0.153585,0.096234,0.092291,0.096917
0.026036,0.052557,0.099688,0.038099,0.332399,0.092265,0.216504,0.039477,0.026087,0.076887
0.025915,0.268590,0.061489,0.031413,0.414587,0.100885,0.023003,0.030236,0.018280,0.025602
0.076991,0.064505,0.095262,0.092047,0.042181,0.124532,0.301330,0.066107,0.049473,0.087571
0.071038,0.094265,0.065898,0.148668,0.123794,0.058146,0.163328,0.125401,0.035632,0.113831
0.033458,0.055537,0.062141,0.030218,0.354958,0.049873,0.301306,0.047050,0.023788,0.041672
0.055808,0.086064,0.036769,0.124476,0.069688,0.050259,0.256773,0.073131,0.152029,0.095000
0.067505,0.254522,0.106923,0.090754,0.075794,0.075573,0.072470,0.069455,0.068798,0.118206
0.079984,0.327879,0.077052,0.096532,0.047687,0.120159,0.077764,0.046344,0.077294,0.049305
0.048601,0.188028,0.220354,0.081425,0.029945,0.152771,0.094342,0.041050,0.074830,0.068654
0.063386,0.072909,0.102126,0.104016,0.050427,0.083143,0.315572,0.061718,0.050132,0.096571
0.031976,0.123207,0.359512,0.075126,0.034690,0.104387,0.092527,0.048216,0.056742,0.073618
0.034456,0.140412,0.034121,0.094233,0.055016,0.118944,0.268398,0.081759,0.068327,0.104335
0.161629,0.153026,0.177297,0.054523,0.062865,0.118058,0.098331,0.069181,0.060026,0.045065
0.105938,0.097271,0.093159,0.096965,0.077677,0.115868,0.103332,0.026209,0.129299,0.154281
0.013763,0.169964,0.060136,0.015231,0.418162,0.097170,0.030216,0.014168,0.161714,0.019476
0.066704,0.073586,0.110519,0.076995,0.058664,0.085775,0.297031,0.072953,0.049033,0.108740
0.084752,0.104278,0.249106,0.077896,0.062573,0.143051,0.098511,0.070128,0.049298,0.060408
0.059000,0.292403,0.068988,0.055880,0.021224,0.099030,0.252747,0.028833,0.075582,0.046313
0.021768,0.095569,0.215941,0.025961,0.039350,0.216193,0.030980,0.049776,0.277235,0.027229
0.021190,0.069666,0.135350,0.065176,0.372993,0.102574,0.077402,0.029928,0.096304,0.029417
0.022761,0.028729,0.050321,0.031329,0.588074,0.117059,0.032118,0.032698,0.032052,0.064859
0.013108,0.043293,0.520757,0.024107,0.189409,0.079731,0.052572,0.011374,0.024144,0.041506
0.066266,0.124268,0.098265,0.112635,0.077161,0.133990,0.123996,0.105335,0.079797,0.078287
0.080991,0.117344,0.097822,0.106030,0.055288,0.127194,0.122645,0.108001,0.093035,0.091651
0.088946,0.106375,0.087372,0.096403,0.093749,0.166479,0.112734,0.093242,0.095283,0.059418
0.090179,0.107026,0.271688,0.075437,0.066353,0.121298,0.077330,0.039918,0.100355,0.050415
0.034141,0.026333,0.305616,0.050566,0.111626,0.198696,0.164970,0.021834,0.056684,0.029534
0.064493,0.130151,0.074484,0.126704,0.078266,0.151883,0.110886,0.080875,0.084596,0.097662
0.038209,0.118019,0.041699,0.096958,0.088427,0.126693,0.258224,0.072931,0.068975,0.089866
0.045693,0.073541,0.028526,0.140030,0.090961,0.244879,0.102630,0.100997,0.065680,0.107063
0.069238,0.183590,0.221748,0.098698,0.061785,0.118931,0.072578,0.070714,0.050117,0.052601
0.073349,0.116055,0.111442,0.093195,0.086772,0.116180,0.128624,0.090718,0.083848,0.099816
0.030510,0.048440,0.439119,0.035583,0.171086,0.152404,0.046654,0.030781,0.021578,0.023845
0.068459,0.332337,0.069814,0.078758,0.039650,0.118316,0.062188,0.058924,0.089443,0.082112
0.046106,0.055513,0.078138,0.070035,0.052069,0.106067,0.356759,0.063853,0.102769,0.068693
0.025989,0.214382,0.274849,0.046712,0.177710,0.053421,0.079197,0.052677,0.032289,0.042774
0.057710,0.120754,0.090101,0.128599,0.093828,0.059855,0.172541,0.140507,0.042333,0.093771
0.125177,0.116995,0.077981,0.110987,0.058880,0.063325,0.258756,0.065314,0.043745,0.078840
0.076402,0.080552,0.077303,0.032410,0.391328,0.176752,0.042480,0.031439,0.040313,0.051020
0.032560,0.140613,0.345610,0.039278,0.062547,0.124811,0.083510,0.054524,0.040160,0.076386
0.066182,0.129234,0.077506,0.093816,0.095163,0.150651,0.115030,0.089703,0.085114,0.097602
0.068512,0.116122,0.106321,0.111405,0.078636,0.146303,0.100761,0.070183,0.100580,0.101179
0.049702,0.116328,0.111150,0.116598,0.067327,0.113845,0.105446,0.103796,0.135567,0.080242
0.062325,0.261722,0.188250,0.038660,0.072130,0.086662,0.068725,0.068877,0.063716,0.088935
0.034656,0.193296,0.043580,0.147615,0.108527,0.059305,0.216671,0.058585,0.064494,0.073272
0.085504,0.127750,0.083077,0.103378,0.076109,0.127476,0.102181,0.110226,0.080045,0.104254
0.043711,0.116072,0.405230,0.058790,0.017564,0.154390,0.049856,0.036944,0.046443,0.071000
0.045508,0.111263,0.084817,0.131871,0.077188,0.113927,0.115352,0.126649,0.089342,0.104084
0.055189,0.244481,0.243197,0.044247,0.056854,0.056082,0.073142,0.068993,0.083544,0.074271
0.071704,0.049387,0.200182,0.063203,0.070407,0.129082,0.165349,0.065976,0.057126,0.127583
0.041261,0.121892,0.307763,0.064558,0.041848,0.141831,0.087617,0.049954,0.059818,0.083458
0.073423,0.171223,0.042459,0.113309,0.087302,0.161787,0.120134,0.033778,0.069317,0.127267
0.074737,0.158050,0.046081,0.058181,0.058872,0.147883,0.204025,0.103435,0.070564,0.078171
0.065908,0.261592,0.102050,0.109206,0.085319,0.067564,0.095774,0.068541,0.070897,0.073150
0.059551,0.086102,0.111583,0.109008,0.055732,0.050689,0.313075,0.072735,0.054632,0.086894
0.038010,0.315664,0.048577,0.026967,0.024127,0.035546,0.271011,0.029454,0.188736,0.021908
0.087076,0.265481,0.104696,0.105360,0.058259,0.057484,0.074768,0.099065,0.065882,0.081929
0.071948,0.121066,0.078608,0.111447,0.074807,0.148647,0.101868,0.082292,0.088019,0.121297
0.070562,0.104738,0.132032,0.138757,0.106794,0.081570,0.132961,0.033216,0.094257,0.105113
0.073641,0.127678,0.106904,0.092588,0.066930,0.114993,0.107458,0.116472,0.076678,0.116657
0.100682,0.103044,0.086995,0.103329,0.085173,0.059824,0.113818,0.090725,0.136451,0.119958
0.033957,0.213805,0.081218,0.127712,0.065847,0.141439,0.135798,0.068137,0.039162,0.092925
0.060317,0.054148,0.031370,0.068817,0.038111,0.066632,0.090254,0.084371,0.447338,0.058642
0.049145,0.044882,0.364515,0.049154,0.262821,0.056498,0.047072,0.035255,0.052714,0.037945
0.039988,0.199216,0.031166,0.073091,0.082904,0.200581,0.147924,0.092161,0.060391,0.072579
0.033226,0.046472,0.454334,0.047685,0.055301,0.116938,0.051864,0.043053,0.091223,0.059905
0.049606,0.057757,0.035836,0.055105,0.041140,0.110533,0.093576,0.055723,0.446639,0.054086
0.039294,0.083367,0.444641,0.038475,0.042608,0.087748,0.127888,0.051600,0.040529,0.043849
0.038313,0.357679,0.069112,0.093936,0.077759,0.045887,0.059793,0.055107,0.080498,0.121914
0.041524,0.055053,0.067679,0.034647,0.463818,0.117864,0.042704,0.063658,0.053946,0.059107
0.035770,0.150998,0.078638,0.100251,0.088683,0.054849,0.240873,0.119303,0.092359,0.038274
0.056886,0.044154,0.073580,0.040262,0.380254,0.149934,0.049968,0.079390,0.045552,0.080020
0.087703,0.089222,0.226639,0.108351,0.057440,0.090697,0.095770,0.070616,0.095786,0.077775
0.107657,0.092668,0.116297,0.134213,0.085453,0.058374,0.121459,0.125572,0.046681,0.111626
0.071660,0.118004,0.069450,0.165849,0.115438,0.067246,0.168629,0.041435,0.082894,0.099395
0.051189,0.100697,0.130013,0.087772,0.082720,0.126355,0.157073,0.108713,0.092740,0.062727
0.026515,0.263279,0.081364,0.035260,0.325686,0.089682,0.052660,0.023905,0.029876,0.071774
0.056009,0.124531,0.053052,0.146913,0.079433,0.188358,0.155845,0.041905,0.051039,0.102915
0.083109,0.110730,0.069944,0.101140,0.075574,0.096322,0.087951,0.071837,0.173814,0.129578
0.040799,0.140154,0.047399,0.131895,0.077502,0.220639,0.105204,0.113613,0.065330,0.057465
0.049755,0.115626,0.042390,0.067751,0.080070,0.060871,0.268076,0.096753,0.152381,0.066327
0.032713,0.335756,0.083896,0.054634,0.222575,0.108756,0.071453,0.029386,0.033504,0.027326
0.062077,0.209563,0.218267,0.040740,0.016708,0.101968,0.230637,0.028262,0.031833,0.059946
0.056079,0.143731,0.125762,0.079075,0.099454,0.049603,0.130685,0.108301,0.078520,0.128789
0.064138,0.078039,0.082845,0.077381,0.048927,0.106190,0.310268,0.048086,0.080386,0.103740
0.077554,0.269573,0.087929,0.063370,0.064552,0.093272,0.094430,0.085772,0.058738,0.104810
0.142004,0.096233,0.160884,0.035581,0.042112,0.072841,0.180229,0.041258,0.117429,0.111429
0.087345,0.066199,0.197767,0.098180,0.063680,0.084924,0.179470,0.055549,0.109206,0.057680
0.064465,0.080233,0.294009,0.084763,0.075957,0.103557,0.081831,0.058949,0.081799,0.074437
0.058276,0.033355,0.376881,0.052280,0.094559,0.175638,0.107526,0.027438,0.023047,0.051000
0.058189,0.117572,0.063594,0.130722,0.055081,0.119852,0.218603,0.037938,0.075420,0.123029
0.063861,0.051817,0.084968,0.072486,0.052844,0.060424,0.351915,0.044362,0.129809,0.087513
0.077756,0.413307,0.034056,0.034232,0.019058,0.038042,0.325970,0.022369,0.015184,0.020026
0.022761,0.240767,0.110655,0.040687,0.396338,0.032618,0.041976,0.035164,0.026214,0.052820
0.043399,0.243891,0.053757,0.076115,0.130943,0.058468,0.133112,0.105806,0.067054,0.087455
0.061460,0.115636,0.101339,0.071466,0.065597,0.071996,0.251283,0.058036,0.096845,0.106343
0.058605,0.105147,0.097413,0.115179,0.068596,0.161282,0.130503,0.129169,0.050580,0.083525
0.088203,0.108129,0.036416,0.160231,0.129432,0.126683,0.124446,0.068250,0.051188,0.107022
0.049057,0.087810,0.324437,0.037524,0.087202,0.095108,0.091360,0.085897,0.045697,0.095908
0.031669,0.395922,0.054080,0.043214,0.020877,0.034660,0.336028,0.027986,0.021814,0.033749
0.070386,0.272046,0.100799,0.089067,0.086317,0.098995,0.096887,0.038742,0.057358,0.089402
0.050458,0.046312,0.263613,0.079081,0.064375,0.167654,0.147675,0.060783,0.065486,0.054562
0.084006,0.060475,0.096288,0.071118,0.045255,0.116100,0.275794,0.074213,0.097376,0.079375
0.068934,0.045602,0.401255,0.052759,0.046440,0.099270,0.120759,0.029128,0.063614,0.072241
0.034621,0.221781,0.042509,0.112903,0.118213,0.056784,0.107907,0.115852,0.081574,0.107855
0.068811,0.075709,0.076173,0.098066,0.046887,0.053011,0.314352,0.062612,0.131067,0.073313
0.099210,0.184429,0.035531,0.116213,0.102012,0.045510,0.088113,0.152000,0.064042,0.112938
0.078452,0.076324,0.072589,0.067140,0.074209,0.093134,0.322338,0.074550,0.069653,0.071611
0.087116,0.371267,0.073415,0.078145,0.064400,0.095675,0.062362,0.048125,0.082614,0.036882
0.042896,0.037343,0.128113,0.040427,0.404633,0.119587,0.075646,0.028715,0.027620,0.095020
0.110442,0.057278,0.263017,0.087446,0.076254,0.069399,0.123222,0.040365,0.052320,0.120257
0.045663,0.104651,0.036838,0.119630,0.114418,0.150512,0.161158,0.104667,0.080982,0.081482
0.101433,0.102027,0.036841,0.149105,0.060165,0.192759,0.115146,0.062277,0.067077,0.113169
0.048594,0.255727,0.083511,0.125835,0.058002,0.060002,0.131486,0.134995,0.057603,0.044246
0.137526,0.046101,0.149880,0.070579,0.055375,0.082042,0.224806,0.064451,0.135640,0.033601
0.021335,0.080691,0.504667,0.040813,0.019882,0.090003,0.100990,0.055440,0.039075,0.047106
0.049285,0.217414,0.074714,0.022948,0.460872,0.075796,0.024591,0.030337,0.024757,0.019286
0.114491,0.082696,0.310664,0.050543,0.044693,0.176613,0.101023,0.053298,0.025638,0.040342
0.107650,0.108490,0.035253,0.166455,0.068899,0.132646,0.148669,0.143806,0.044098,0.044033
0.040108,0.057877,0.136194,0.069025,0.323947,0.075954,0.091618,0.058078,0.034284,0.112914
0.075550,0.071421,0.239123,0.107053,0.080031,0.117887,0.099611,0.051755,0.051699,0.105870
0.022418,0.022489,0.131855,0.037129,0.337037,0.096125,0.176473,0.027012,0.121943,0.027520
0.061835,0.092493,0.098631,0.093160,0.055992,0.114600,0.281738,0.044661,0.046216,0.110673
0.028296,0.326777,0.066601,0.022006,0.285168,0.095155,0.057328,0.026688,0.022492,0.069488
0.061499,0.109793,0.123374,0.102051,0.120500,0.065920,0.128965,0.113893,0.070696,0.103309
0.107331,0.144234,0.081761,0.132202,0.080675,0.077123,0.126121,0.102670,0.052129,0.095753
0.053003,0.124865,0.087029,0.093510,0.103831,0.110890,0.128404,0.111338,0.058179,0.128952
0.025752,0.038300,0.255946,0.037856,0.291034,0.099338,0.160280,0.025748,0.039305,0.026441
0.037699,0.360110,0.015901,0.029387,0.052765,0.059668,0.351936,0.035954,0.026098,0.030482
0.076129,0.146028,0.115634,0.078444,0.076374,0.132891,0.144016,0.085474,0.045709,0.099301
0.076715,0.138867,0.038022,0.086609,0.056463,0.117895,0.269163,0.080157,0.034987,0.101122
0.039842,0.051975,0.096449,0.044961,0.487231,0.057502,0.060319,0.038553,0.033834,0.089335
0.107666,0.111240,0.049783,0.125971,0.120030,0.056237,0.168524,0.126007,0.052345,0.082196
0.029677,0.011632,0.060059,0.019575,0.329403,0.090979,0.093518,0.035427,0.318429,0.011302
0.128198,0.149506,0.039357,0.039752,0.024855,0.065706,0.055764,0.079330,0.382142,0.035390
0.055799,0.032136,0.282081,0.057059,0.096095,0.217657,0.082839,0.063088,0.029791,0.083455
0.076929,0.206304,0.065484,0.106880,0.095275,0.057339,0.120745,0.086005,0.115574,0.069465
0.065396,0.098037,0.125558,0.144369,0.074045,0.085674,0.132284,0.093132,0.070007,0.111498
0.038723,0.137212,0.036141,0.086862,0.073838,0.201697,0.087675,0.058059,0.113163,0.166629
0.084798,0.068211,0.184716,0.092766,0.040297,0.078333,0.244342,0.040216,0.051115,0.115206
0.102420,0.102428,0.092641,0.074827,0.094688,0.132492,0.122929,0.029419,0.101206,0.146949
0.061664,0.107499,0.297505,0.093276,0.064558,0.118930,0.090054,0.048277,0.055257,0.062979
0.053191,0.048595,0.463939,0.070143,0.029512,0.102531,0.101875,0.033146,0.041397,0.055671
0.128617,0.259354,0.083151,0.067064,0.043013,0.093014,0.046779,0.062344,0.153181,0.063483
0.034706,0.321529,0.031812,0.037511,0.027371,0.069166,0.345193,0.051888,0.042509,0.038314
0.021439,0.453044,0.039468,0.032885,0.030324,0.032921,0.332415,0.024851,0.018099,0.014554
0.041009,0.154232,0.269422,0.096098,0.043880,0.103247,0.085995,0.061072,0.056852,0.088191
0.096928,0.106340,0.116359,0.128007,0.085788,0.078249,0.113154,0.081276,0.078798,0.115100
0.035140,0.150475,0.411763,0.048887,0.020043,0.101178,0.052265,0.042221,0.073467,0.064561
0.076645,0.188711,0.182941,0.089105,0.074467,0.108567,0.107946,0.073345,0.041367,0.056906
0.018780,0.319243,0.047494,0.023850,0.178975,0.020005,0.321765,0.016579,0.012817,0.040493
0.067264,0.245223,0.074853,0.098717,0.086515,0.069419,0.089913,0.105984,0.082101,0.080010
0.047743,0.202933,0.035912,0.114686,0.057302,0.169569,0.089752,0.068498,0.060015,0.153590
0.062047,0.068514,0.226106,0.103839,0.080899,0.083444,0.096973,0.063154,0.119609,0.095416
0.059303,0.223150,0.276609,0.057541,0.078746,0.084912,0.080054,0.043641,0.046395,0.049648
0.067354,0.356290,0.078619,0.043211,0.059522,0.059779,0.110163,0.065880,0.065126,0.094057
0.039519,0.215640,0.043222,0.115689,0.044779,0.206604,0.134952,0.086250,0.062377,0.050968
0.039060,0.140990,0.064989,0.020112,0.523527,0.119673,0.028415,0.016826,0.023632,0.022776
0.069009,0.073833,0.099156,0.054430,0.413608,0.062054,0.048655,0.053541,0.066325,0.059388
0.065420,0.211850,0.220770,0.015411,0.060105,0.166250,0.173795,0.018621,0.044915,0.022861
0.036876,0.052393,0.308902,0.097623,0.068442,0.098475,0.150555,0.052833,0.063925,0.069975
0.046240,0.141135,0.066353,0.125509,0.046242,0.114502,0.195426,0.035660,0.135480,0.093453
0.041795,0.078716,0.326921,0.099028,0.083739,0.080052,0.091507,0.050190,0.070691,0.077361
0.086637,0.079407,0.256941,0.072859,0.080524,0.128818,0.100228,0.052398,0.054380,0.087807
0.178217,0.105616,0.065226,0.108230,0.093500,0.153030,0.101334,0.026726,0.117261,0.050859
0.068911,0.046624,0.035099,0.065785,0.034025,0.076783,0.053889,0.075261,0.457516,0.086107
0.058273,0.059454,0.073246,0.072153,0.044668,0.067589,0.295129,0.052204,0.177536,0.099746
