0.025004,0.069064,0.048354,0.068427,0.402900,0.164197,0.065959,0.022814,0.081852,0.051429
0.049795,0.170755,0.097458,0.110323,0.101876,0.130333,0.117357,0.123434,0.052211,0.046458
0.057672,0.081879,0.083862,0.182930,0.165926,0.068334,0.128779,0.092830,0.075096,0.062692
0.047773,0.128216,0.101184,0.103292,0.112370,0.139558,0.105168,0.118384,0.051644,0.092412
0.053303,0.120194,0.048734,0.119135,0.149461,0.201349,0.117420,0.042731,0.068061,0.079612
0.044483,0.159166,0.085356,0.101380,0.083117,0.116031,0.209173,0.094717,0.068430,0.038146
0.062864,0.046724,0.029932,0.087751,0.307614,0.166805,0.077772,0.095625,0.033993,0.090920
0.047008,0.110780,0.049227,0.137771,0.109911,0.121584,0.102153,0.205301,0.064851,0.051413
0.039935,0.102345,0.064645,0.115190,0.114027,0.200220,0.078165,0.131656,0.047096,0.106722
0.053121,0.139429,0.113084,0.123468,0.126190,0.058869,0.099794,0.120416,0.041490,0.124140
0.026159,0.084484,0.241627,0.067750,0.332765,0.073076,0.055256,0.021038,0.037313,0.060532
0.049063,0.101849,0.112895,0.105873,0.211741,0.051292,0.113749,0.110383,0.043631,0.099525
0.073468,0.118809,0.073791,0.076109,0.299980,0.041952,0.168721,0.089055,0.023474,0.034639
0.039859,0.124687,0.315033,0.091512,0.090088,0.116657,0.085305,0.041321,0.050483,0.045055
0.099859,0.096253,0.094316,0.101209,0.097338,0.126962,0.097638,0.095474,0.091723,0.099228
0.032809,0.100202,0.086716,0.080202,0.192593,0.084934,0.190928,0.082928,0.077736,0.070952
0.044167,0.141783,0.088457,0.087870,0.214477,0.109545,0.085644,0.103500,0.039282,0.085275
0.046844,0.095001,0.102109,0.087838,0.282084,0.049774,0.102516,0.104933,0.037607,0.091295
0.041591,0.088808,0.084781,0.089459,0.291589,0.045405,0.087910,0.114185,0.092554,0.063716
0.044295,0.082421,0.110245,0.091323,0.312656,0.050297,0.093881,0.100401,0.044110,0.070370
0.063737,0.121888,0.228624,0.066257,0.064328,0.087017,0.159970,0.075141,0.060356,0.072681
0.041711,0.095018,0.067330,0.125027,0.131653,0.164795,0.121701,0.093381,0.070526,0.088858
0.055466,0.157199,0.072756,0.125758,0.114164,0.171568,0.115805,0.034907,0.046268,0.106109
0.029442,0.061198,0.251840,0.072254,0.320334,0.083609,0.068140,0.021261,0.028248,0.063672
0.057276,0.107601,0.069047,0.104579,0.149990,0.060906,0.110396,0.205101,0.070540,0.064563
0.045437,0.133688,0.124785,0.150325,0.135958,0.065406,0.121856,0.036745,0.057317,0.128483
0.046346,0.087653,0.092775,0.097342,0.092706,0.090033,0.204857,0.101640,0.096945,0.089703
0.030593,0.075706,0.264996,0.090307,0.242467,0.102817,0.076247,0.037057,0.042172,0.037638
0.050344,0.093437,0.056688,0.120638,0.157637,0.203201,0.108915,0.064360,0.058642,0.086138
0.063170,0.129853,0.107771,0.107467,0.107357,0.073573,0.179786,0.030172,0.096030,0.104821
0.020244,0.076663,0.293538,0.062115,0.338806,0.036626,0.072267,0.019145,0.046910,0.033688
0.036688,0.051813,0.290144,0.081721,0.191313,0.084070,0.071768,0.092934,0.032730,0.066818
0.059858,0.102726,0.042924,0.128944,0.134978,0.197826,0.109196,0.037621,0.072346,0.113582
0.057219,0.111990,0.122305,0.119516,0.117796,0.056978,0.123490,0.123313,0.049826,0.117568
0.028217,0.083682,0.276188,0.086095,0.137562,0.109256,0.074589,0.087785,0.027321,0.089306
0.056056,0.087549,0.091178,0.090313,0.198773,0.121060,0.190102,0.023839,0.048838,0.092292
0.040002,0.080082,0.100464,0.089857,0.309624,0.044274,0.080413,0.112256,0.044019,0.099010
0.054734,0.122683,0.138846,0.123816,0.128935,0.055023,0.126914,0.062523,0.082932,0.103593
0.036241,0.072895,0.330821,0.082216,0.091426,0.107081,0.087535,0.091640,0.050498,0.049647
0.101421,0.099634,0.105334,0.093715,0.102068,0.136024,0.100700,0.099357,0.051819,0.109929
0.054309,0.076356,0.055269,0.116159,0.142779,0.118711,0.129495,0.198988,0.047547,0.060386
0.042561,0.076193,0.287539,0.070819,0.077436,0.077269,0.076509,0.020929,0.194392,0.076354
0.109798,0.103849,0.108675,0.099160,0.106565,0.168993,0.102844,0.027840,0.106865,0.065411
0.027648,0.051725,0.280965,0.060179,0.213858,0.111409,0.078034,0.072512,0.030698,0.072971
0.054999,0.107984,0.121253,0.108634,0.115907,0.066706,0.157249,0.114596,0.040375,0.112298
0.026853,0.076621,0.029286,0.071839,0.508548,0.092284,0.089159,0.025371,0.048762,0.031278
0.059953,0.182790,0.096737,0.108379,0.103376,0.135465,0.094751,0.111306,0.040066,0.067177
0.044687,0.083686,0.056940,0.095685,0.246475,0.124545,0.086783,0.122469,0.042994,0.095736
0.093018,0.092784,0.093784,0.091844,0.201928,0.122255,0.085551,0.046654,0.090317,0.081863
0.032003,0.113011,0.325896,0.089015,0.077060,0.146724,0.080190,0.021782,0.036155,0.078163
0.041408,0.082640,0.034982,0.103616,0.391295,0.044251,0.079354,0.085266,0.033796,0.103392
0.036202,0.083534,0.091972,0.088922,0.183505,0.128984,0.167272,0.090835,0.040701,0.088073
0.028271,0.088709,0.295756,0.097046,0.096415,0.095544,0.095107,0.091192,0.063872,0.048086
0.043865,0.110752,0.044774,0.119185,0.111157,0.227390,0.102847,0.145306,0.042807,0.051915
0.055386,0.067985,0.226714,0.065120,0.265083,0.091687,0.078096,0.032842,0.047981,0.069106
0.105278,0.102560,0.105621,0.104531,0.106307,0.107732,0.105290,0.112909,0.038897,0.110875
0.039057,0.072682,0.061404,0.126913,0.122259,0.128310,0.097023,0.123880,0.103408,0.125064
0.060286,0.161961,0.117912,0.113814,0.120527,0.066557,0.123492,0.133955,0.052424,0.049071
0.058025,0.105673,0.213794,0.057788,0.191939,0.077534,0.153786,0.068590,0.043724,0.029148
0.036257,0.075604,0.261984,0.077844,0.198124,0.100856,0.067951,0.076271,0.027332,0.077776
0.026202,0.059451,0.277729,0.083794,0.064563,0.145253,0.110912,0.120825,0.041467,0.069805
0.031932,0.082045,0.298931,0.083148,0.086479,0.087468,0.166630,0.040783,0.037065,0.085518
0.053984,0.100551,0.107945,0.108443,0.103361,0.165166,0.095373,0.052955,0.100259,0.111963
0.096029,0.114959,0.045668,0.109837,0.120299,0.142875,0.121110,0.138712,0.056182,0.054329
0.041579,0.088840,0.088752,0.093452,0.090887,0.126067,0.196880,0.111694,0.070004,0.091844
0.059047,0.105788,0.113173,0.107942,0.110573,0.137553,0.111751,0.107908,0.098387,0.047878
0.053433,0.087154,0.044060,0.080349,0.250570,0.052704,0.110214,0.174305,0.047126,0.100085
0.046358,0.131251,0.123920,0.117243,0.123797,0.057919,0.114663,0.121913,0.041992,0.120943
0.036882,0.102102,0.046066,0.107752,0.102157,0.228064,0.092429,0.126625,0.058638,0.099287
0.041722,0.125312,0.092710,0.091950,0.351632,0.049640,0.112670,0.047296,0.046062,0.041005
0.054612,0.142419,0.118430,0.116900,0.112704,0.064067,0.105138,0.111764,0.057443,0.116523
0.078868,0.076327,0.079299,0.089393,0.141677,0.123276,0.189105,0.080747,0.059055,0.082254
0.044371,0.077162,0.368764,0.087422,0.195760,0.042016,0.073469,0.031080,0.038859,0.041098
0.054996,0.105663,0.068941,0.146269,0.151280,0.070032,0.165620,0.097502,0.058249,0.081449
0.034767,0.074073,0.316829,0.068946,0.292359,0.036662,0.091730,0.020877,0.028440,0.035316
0.051633,0.162606,0.102360,0.107473,0.103287,0.180545,0.103639,0.027826,0.054222,0.106410
0.030652,0.175500,0.095392,0.113297,0.094413,0.127413,0.114467,0.105669,0.080710,0.062487
0.035876,0.087335,0.043672,0.129515,0.307824,0.100330,0.075189,0.105253,0.047233,0.067774
0.027454,0.169316,0.093294,0.092579,0.207724,0.117490,0.105514,0.046167,0.044964,0.095498
0.028743,0.106018,0.238633,0.062258,0.190047,0.093374,0.136653,0.076900,0.039507,0.027868
0.111557,0.106567,0.121613,0.120564,0.119416,0.060260,0.151669,0.054377,0.052918,0.101059
0.087151,0.084021,0.085942,0.099094,0.170522,0.128828,0.077406,0.092361,0.083894,0.090782
0.035069,0.073758,0.252963,0.093863,0.183091,0.135805,0.070092,0.086004,0.035465,0.033891
0.043350,0.081125,0.281295,0.077873,0.087249,0.129406,0.134372,0.080917,0.037811,0.046601
0.037807,0.122715,0.305106,0.083081,0.082479,0.111988,0.071314,0.087452,0.037111,0.060948
0.048104,0.107282,0.111664,0.118864,0.112217,0.181431,0.114779,0.029943,0.060839,0.114877
0.095592,0.114937,0.100645,0.097948,0.098032,0.153233,0.095730,0.094761,0.047215,0.101908
0.033964,0.071269,0.032912,0.062010,0.440877,0.121262,0.067163,0.085218,0.043016,0.042307
0.029927,0.067946,0.030745,0.082414,0.361776,0.123897,0.070463,0.132515,0.036713,0.063603
0.056267,0.101080,0.106299,0.094942,0.099171,0.127926,0.116472,0.099185,0.085764,0.112893
0.043782,0.070710,0.237278,0.074222,0.285449,0.090073,0.050720,0.063235,0.027159,0.057371
0.042115,0.098108,0.063134,0.120266,0.112391,0.164242,0.124419,0.130009,0.051946,0.093369
0.038814,0.074536,0.330065,0.114315,0.063804,0.044710,0.073119,0.144317,0.048832,0.067488
0.055150,0.098436,0.099118,0.104154,0.103138,0.160842,0.102922,0.101651,0.077758,0.096831
0.068926,0.068766,0.323698,0.074592,0.085224,0.123884,0.083123,0.087460,0.030292,0.054036
0.049987,0.110917,0.048615,0.132093,0.149333,0.114435,0.124703,0.148778,0.070717,0.050422
0.053825,0.113826,0.118298,0.115772,0.290981,0.053253,0.102161,0.032072,0.074648,0.045163
0.053208,0.096382,0.103708,0.099308,0.103534,0.147863,0.101521,0.120124,0.069779,0.104573
0.049838,0.081578,0.051878,0.170123,0.153802,0.163154,0.143559,0.064368,0.059152,0.062550
0.048249,0.106571,0.107251,0.116472,0.108351,0.139826,0.107743,0.120304,0.037492,0.107741
0.039600,0.097821,0.102514,0.104480,0.284155,0.049895,0.101438,0.027535,0.097085,0.095478
0.094509,0.091708,0.093962,0.098117,0.156653,0.094380,0.187956,0.047195,0.045938,0.089581
0.097141,0.117248,0.103133,0.092983,0.102437,0.127577,0.097872,0.117769,0.044919,0.098922
0.030500,0.072974,0.253501,0.075023,0.230161,0.112082,0.083544,0.034440,0.031004,0.076771
0.041566,0.127026,0.096177,0.121250,0.107100,0.061333,0.186550,0.120971,0.033034,0.104994
0.046822,0.096697,0.104127,0.102927,0.293417,0.043273,0.083312,0.096157,0.065194,0.068073
0.071074,0.102473,0.310552,0.074944,0.086068,0.043125,0.117978,0.091923,0.028138,0.073724
0.052516,0.156394,0.100511,0.103332,0.101045,0.135514,0.101103,0.098284,0.049210,0.102091
0.040301,0.111454,0.065067,0.110794,0.107111,0.179384,0.094842,0.133332,0.050363,0.107351
0.040202,0.126956,0.045690,0.135423,0.134759,0.191188,0.150703,0.041119,0.068660,0.065299
0.050291,0.095678,0.097520,0.100733,0.150552,0.101990,0.097416,0.109958,0.091243,0.104620
0.043630,0.094004,0.094995,0.097269,0.095516,0.157512,0.201347,0.048052,0.066261,0.101413
0.037142,0.114019,0.109782,0.107890,0.117367,0.185852,0.106564,0.059640,0.057882,0.103862
0.071466,0.094324,0.091058,0.098413,0.260285,0.048835,0.079999,0.101827,0.062414,0.091379
0.019148,0.100853,0.245541,0.066722,0.211456,0.069412,0.131201,0.085180,0.036252,0.034234
0.023706,0.061165,0.239221,0.056343,0.376074,0.028876,0.066687,0.018827,0.067701,0.061400
0.053048,0.096637,0.093566,0.100995,0.171983,0.124313,0.097489,0.098518,0.067445,0.096007
0.044658,0.086231,0.037955,0.070549,0.117223,0.186771,0.121271,0.173047,0.114275,0.048020
0.036211,0.092606,0.056368,0.083168,0.320047,0.138377,0.095899,0.044995,0.039940,0.092389
0.076850,0.071015,0.087968,0.079693,0.308909,0.037929,0.136127,0.089100,0.037243,0.075167
0.067978,0.112357,0.112012,0.117360,0.109918,0.148950,0.133215,0.031096,0.059727,0.107387
0.027861,0.085620,0.087973,0.080273,0.161676,0.138517,0.205174,0.083971,0.073462,0.055474
0.039835,0.078855,0.327280,0.086632,0.100347,0.045889,0.080852,0.119185,0.035709,0.085416
0.078219,0.156531,0.082616,0.080905,0.077448,0.110747,0.223437,0.073379,0.038677,0.078042
0.042033,0.113368,0.043031,0.123929,0.115613,0.250541,0.087202,0.053871,0.050848,0.119564
0.029572,0.066241,0.252744,0.067083,0.278079,0.085493,0.082796,0.071053,0.032628,0.034310
0.034573,0.076934,0.303310,0.084003,0.088253,0.122046,0.083621,0.082958,0.049652,0.074653
0.029219,0.077297,0.317100,0.085909,0.090751,0.041785,0.115810,0.107974,0.048658,0.085496
0.034367,0.139073,0.248042,0.074373,0.073606,0.104536,0.162872,0.036884,0.043046,0.083201
0.042282,0.126716,0.046703,0.108864,0.146137,0.061640,0.130549,0.177327,0.042535,0.117246
0.042904,0.082907,0.060651,0.088016,0.229137,0.150071,0.101609,0.122591,0.046817,0.075298
0.045388,0.087286,0.312881,0.100061,0.109483,0.051760,0.101051,0.049056,0.036172,0.106862
0.066143,0.088051,0.294798,0.082643,0.095732,0.119207,0.096641,0.083364,0.035884,0.037538
0.086136,0.083716,0.088121,0.084804,0.083792,0.126485,0.224092,0.095324,0.041912,0.085618
0.029714,0.098620,0.100395,0.104723,0.216002,0.141227,0.095137,0.027843,0.079909,0.106429
0.031601,0.080501,0.032691,0.101235,0.352411,0.126771,0.091068,0.108947,0.036940,0.037834
0.065557,0.054024,0.032541,0.100531,0.364003,0.124623,0.098335,0.093338,0.033421,0.033627
0.043199,0.061093,0.054109,0.081411,0.299110,0.137816,0.114431,0.093366,0.030792,0.084673
0.064029,0.106797,0.070978,0.130980,0.155904,0.058084,0.123223,0.116400,0.069763,0.103842
0.050728,0.087132,0.092980,0.096045,0.092975,0.090206,0.202005,0.111238,0.074517,0.102176
0.034657,0.103966,0.327018,0.071000,0.077798,0.041743,0.144689,0.089280,0.039420,0.070429
0.040492,0.100941,0.311750,0.097266,0.094128,0.129916,0.106695,0.027214,0.049673,0.041925
0.051835,0.110717,0.054390,0.132321,0.146037,0.196129,0.136563,0.060353,0.053018,0.058638
0.042180,0.109345,0.045627,0.125359,0.108024,0.224494,0.108517,0.131943,0.050397,0.054111
0.094010,0.140866,0.288598,0.085123,0.075820,0.116351,0.074066,0.021354,0.025530,0.078282
0.047457,0.116759,0.057081,0.113564,0.124883,0.211708,0.137352,0.044126,0.070103,0.076967
0.043148,0.093993,0.274221,0.092159,0.108720,0.048118,0.106740,0.120907,0.040685,0.071308
0.070186,0.133374,0.100646,0.108457,0.206138,0.160422,0.098461,0.027157,0.052259,0.042900
0.028512,0.079543,0.316845,0.077463,0.089567,0.096308,0.091702,0.089812,0.089828,0.040419
0.039830,0.126787,0.063642,0.115746,0.104384,0.154469,0.112039,0.116345,0.051446,0.115312
0.032457,0.121348,0.097807,0.116585,0.100433,0.132026,0.215449,0.096262,0.040918,0.046714
0.034592,0.044903,0.352980,0.081432,0.106529,0.045908,0.082373,0.158464,0.053727,0.039091
0.064535,0.109152,0.115961,0.111930,0.109456,0.155133,0.109764,0.115277,0.037843,0.070949
0.055298,0.109570,0.104082,0.111468,0.115227,0.056274,0.167234,0.136803,0.087649,0.056395
0.047820,0.055106,0.043208,0.129902,0.388263,0.051385,0.102125,0.073005,0.048334,0.060851
0.022750,0.070456,0.217269,0.061290,0.330040,0.082531,0.066682,0.064095,0.026154,0.058732
0.042892,0.089130,0.070118,0.099468,0.136059,0.175864,0.099947,0.132855,0.051900,0.101766
0.031149,0.099204,0.032107,0.063627,0.400510,0.131058,0.078590,0.091725,0.039170,0.032861
0.036656,0.116073,0.112847,0.116404,0.124622,0.063470,0.142387,0.117361,0.050018,0.120161
0.041667,0.130385,0.064467,0.102745,0.128997,0.164518,0.114068,0.083831,0.063072,0.106249
0.043777,0.124650,0.073478,0.106958,0.127557,0.136938,0.106963,0.152197,0.074833,0.052648
0.051062,0.099730,0.127287,0.115545,0.270537,0.054776,0.116600,0.058314,0.057321,0.048828
0.063653,0.090859,0.199726,0.063988,0.303773,0.035995,0.079829,0.084071,0.034421,0.043685
0.069475,0.083435,0.394845,0.071900,0.078750,0.047878,0.088289,0.053736,0.060210,0.051483
0.029713,0.047017,0.035098,0.098341,0.295916,0.182160,0.087233,0.117520,0.043803,0.063198
0.059106,0.100176,0.260460,0.126762,0.106498,0.050782,0.113322,0.049998,0.042922,0.089976
0.030159,0.062326,0.028638,0.075420,0.425780,0.107990,0.059717,0.095292,0.077862,0.036816
0.034093,0.088257,0.195721,0.088019,0.244292,0.038498,0.084165,0.100755,0.034959,0.091240
0.041644,0.150142,0.086272,0.090285,0.092525,0.053631,0.217246,0.114740,0.065687,0.087829
0.025987,0.187782,0.085195,0.092262,0.086108,0.114942,0.230747,0.045724,0.030864,0.100389
0.054127,0.115208,0.105466,0.122526,0.118974,0.057317,0.124959,0.123812,0.120729,0.056883
0.028823,0.088070,0.095943,0.100270,0.289520,0.045125,0.096452,0.094562,0.066849,0.094384
0.068621,0.105364,0.107005,0.118071,0.105234,0.152848,0.102982,0.029398,0.103260,0.107218
0.080086,0.089811,0.060888,0.109638,0.218434,0.159030,0.088155,0.052755,0.040339,0.100864
0.031121,0.059961,0.034237,0.088905,0.418734,0.039044,0.084580,0.122868,0.041285,0.079266
0.035872,0.105820,0.038607,0.111866,0.107884,0.158595,0.108319,0.110946,0.117939,0.104151
0.035971,0.097009,0.334203,0.089126,0.106926,0.043040,0.081740,0.121552,0.041736,0.048697
0.060637,0.126120,0.072005,0.152266,0.156557,0.055233,0.150587,0.044215,0.066785,0.115594
0.031060,0.062320,0.209808,0.099017,0.324579,0.039860,0.075741,0.038557,0.039499,0.079560
0.058956,0.074423,0.227646,0.062416,0.225926,0.082041,0.120186,0.069376,0.027944,0.051087
0.045588,0.099628,0.105516,0.093900,0.100842,0.133172,0.220817,0.098940,0.036737,0.064860
0.066249,0.091416,0.102938,0.099401,0.282057,0.046182,0.094275,0.100145,0.043181,0.074157
0.040892,0.066166,0.050006,0.101924,0.340011,0.050048,0.104630,0.056401,0.047190,0.142732
0.040466,0.056467,0.397957,0.107242,0.084218,0.048170,0.079118,0.051846,0.046401,0.088115
0.036539,0.080291,0.296497,0.080728,0.086891,0.111399,0.097430,0.104985,0.040277,0.064964
0.046152,0.110021,0.093472,0.105093,0.088492,0.091445,0.231873,0.097655,0.041063,0.094734
0.050884,0.080810,0.037603,0.120111,0.347196,0.116417,0.085500,0.047169,0.038255,0.076056
0.058088,0.151566,0.108274,0.109724,0.121552,0.065037,0.108065,0.114375,0.046263,0.117054
0.058157,0.124141,0.103142,0.105589,0.108016,0.132444,0.106589,0.110173,0.052126,0.099623
0.038399,0.133882,0.105157,0.102775,0.127596,0.058285,0.126786,0.128886,0.055811,0.122423
0.061467,0.128330,0.131899,0.122599,0.127250,0.068726,0.143062,0.034479,0.059892,0.122297
0.059302,0.110735,0.088507,0.118805,0.175484,0.076488,0.143839,0.094906,0.068330,0.063604
0.048239,0.086606,0.040533,0.074768,0.310698,0.085426,0.073952,0.170643,0.038113,0.071022
0.041681,0.075850,0.291672,0.073854,0.089572,0.114571,0.093997,0.108254,0.026804,0.083746
0.056418,0.156812,0.086193,0.091551,0.087971,0.089422,0.194162,0.083463,0.095981,0.058027
0.056149,0.075933,0.207612,0.070955,0.190943,0.084878,0.063519,0.016641,0.179066,0.054304
0.036610,0.085047,0.322587,0.081682,0.092897,0.047142,0.096742,0.107260,0.031803,0.098229
0.058547,0.110290,0.070203,0.131261,0.136325,0.204039,0.124320,0.058143,0.057705,0.049167
0.064337,0.110382,0.112673,0.111230,0.116783,0.166746,0.109736,0.059269,0.039408,0.109435
0.051898,0.101451,0.073372,0.098452,0.124492,0.059172,0.121814,0.154006,0.059080,0.156263
0.051124,0.110292,0.051221,0.139774,0.118699,0.200756,0.101192,0.095750,0.058009,0.073185
0.051111,0.102199,0.054556,0.083937,0.275134,0.054792,0.098279,0.105172,0.097125,0.077695
0.050792,0.070925,0.044361,0.130453,0.275993,0.098828,0.109552,0.124347,0.048807,0.045943
0.043135,0.079431,0.310200,0.102890,0.109412,0.046594,0.079978,0.106821,0.035347,0.086192
0.055899,0.093406,0.067439,0.097534,0.134920,0.165322,0.098241,0.147730,0.055133,0.084377
0.033966,0.085552,0.309188,0.095068,0.088411,0.046394,0.098472,0.092607,0.056760,0.093583
0.024658,0.087078,0.086908,0.086074,0.239032,0.121391,0.170238,0.024034,0.073107,0.087479
0.039176,0.052604,0.359311,0.071752,0.130183,0.043829,0.090710,0.126270,0.039587,0.046578
0.036177,0.107984,0.104390,0.113283,0.106624,0.145732,0.109250,0.109418,0.057032,0.110110
0.016316,0.105586,0.219398,0.069490,0.201275,0.092884,0.152368,0.027628,0.055576,0.059481
0.045062,0.088260,0.281548,0.093690,0.095021,0.094230,0.092500,0.089628,0.032399,0.087661
0.107238,0.105883,0.112205,0.109615,0.111447,0.110391,0.110043,0.117234,0.054149,0.061795
0.044263,0.084828,0.086447,0.099714,0.175928,0.088345,0.195399,0.098375,0.041167,0.085534
0.055571,0.105275,0.048756,0.135686,0.119853,0.175889,0.118101,0.086024,0.064679,0.090165
0.043155,0.086135,0.084228,0.100358,0.089683,0.139609,0.237261,0.107010,0.030854,0.081705
0.039304,0.070968,0.044675,0.108240,0.136677,0.220797,0.116984,0.119265,0.054315,0.088775
0.082045,0.084137,0.263034,0.085309,0.084869,0.089137,0.087141,0.092828,0.045974,0.085526
0.065018,0.078540,0.279116,0.071758,0.091372,0.114460,0.076886,0.102804,0.037727,0.082321
0.047743,0.062163,0.041452,0.075834,0.318839,0.143992,0.096393,0.132014,0.042875,0.038695
0.029999,0.088534,0.303610,0.094128,0.093717,0.120340,0.086184,0.096180,0.037406,0.049902
0.032937,0.075126,0.087669,0.092071,0.395645,0.039321,0.080562,0.075131,0.038640,0.082896
0.047150,0.122471,0.110863,0.098645,0.200462,0.132723,0.102103,0.052509,0.075707,0.057366
0.043086,0.125886,0.096753,0.103416,0.103610,0.052776,0.225390,0.127537,0.072270,0.049277
0.043683,0.072370,0.342911,0.100571,0.110970,0.047481,0.087143,0.068167,0.041426,0.085278
0.036284,0.108456,0.104698,0.102182,0.114682,0.143216,0.113120,0.110439,0.056806,0.110118
0.037383,0.086816,0.295552,0.082991,0.087960,0.092512,0.077027,0.097324,0.052053,0.090381
0.038170,0.119716,0.266690,0.113701,0.109921,0.051392,0.099884,0.108365,0.043855,0.048307
0.074233,0.122171,0.121481,0.123284,0.114141,0.124102,0.124075,0.033642,0.047847,0.115023
0.044485,0.077218,0.052072,0.087930,0.259012,0.185931,0.090618,0.102111,0.040166,0.060458
0.093323,0.114504,0.050132,0.121510,0.132880,0.134208,0.102229,0.036953,0.122931,0.091332
0.049951,0.109159,0.046681,0.128046,0.142951,0.119943,0.091261,0.167367,0.047656,0.096983
0.071614,0.120409,0.059349,0.123493,0.152646,0.060808,0.160177,0.045761,0.080462,0.125280
0.040502,0.148744,0.069532,0.073139,0.151557,0.103988,0.198734,0.072552,0.073301,0.067952
0.073834,0.114588,0.043936,0.102618,0.117405,0.182894,0.121413,0.039455,0.131496,0.072362
0.029680,0.094786,0.340576,0.090570,0.092158,0.047094,0.076743,0.082212,0.058775,0.087405
0.028039,0.085719,0.280076,0.082121,0.087988,0.154940,0.086837,0.086260,0.032581,0.075441
0.055992,0.121552,0.055960,0.122972,0.150777,0.065663,0.138480,0.131936,0.055629,0.101037
0.048325,0.113419,0.071147,0.128305,0.123091,0.131855,0.103998,0.089488,0.045827,0.144544
0.056536,0.123205,0.097740,0.106213,0.100937,0.133643,0.105584,0.122931,0.051576,0.101635
0.030367,0.065968,0.331287,0.107256,0.106794,0.105548,0.096990,0.044103,0.042917,0.068771
0.095803,0.180208,0.093457,0.098327,0.090905,0.122196,0.095147,0.102115,0.076144,0.045698
0.032789,0.092066,0.035748,0.086024,0.517702,0.043319,0.072651,0.031628,0.051716,0.036357
0.035697,0.068976,0.281284,0.094260,0.204353,0.106545,0.057563,0.087910,0.031617,0.031796
0.042007,0.108961,0.052892,0.128370,0.119028,0.128150,0.136934,0.168845,0.044729,0.070083
0.029380,0.081895,0.256203,0.073827,0.206746,0.101097,0.081813,0.037236,0.054003,0.077800
0.100836,0.099181,0.095687,0.099372,0.096021,0.156554,0.097864,0.052300,0.101977,0.100208
0.049135,0.111774,0.071179,0.174089,0.154419,0.063314,0.116167,0.076906,0.065860,0.117157
0.048280,0.076539,0.075102,0.081117,0.169224,0.103649,0.079000,0.020765,0.258764,0.087560
0.092384,0.078168,0.079055,0.087072,0.202978,0.080061,0.185035,0.021874,0.078774,0.094599
0.043679,0.075062,0.074422,0.080552,0.157043,0.104083,0.137312,0.020679,0.232571,0.074597
0.050248,0.099002,0.047995,0.117509,0.114856,0.232580,0.127901,0.036131,0.066136,0.107641
0.028413,0.088750,0.263062,0.084257,0.075568,0.124189,0.157538,0.082623,0.022673,0.072927
0.055425,0.133729,0.052951,0.109009,0.118527,0.181670,0.129352,0.040366,0.067756,0.111214
0.042410,0.139005,0.048665,0.109405,0.138557,0.197194,0.146526,0.060354,0.059439,0.058444
0.036940,0.099111,0.331794,0.078423,0.091143,0.102863,0.111492,0.029158,0.052568,0.066507
0.083373,0.147959,0.080913,0.097401,0.198134,0.084883,0.084171,0.079383,0.059324,0.084459
0.050868,0.095045,0.095068,0.103781,0.189474,0.143576,0.095129,0.098649,0.035100,0.093308
0.090365,0.165926,0.087607,0.078528,0.085767,0.113425,0.190013,0.042474,0.060358,0.085537
0.085092,0.114045,0.046604,0.102236,0.128547,0.175605,0.123766,0.124736,0.045091,0.054278
0.043124,0.091862,0.099292,0.096075,0.185759,0.120522,0.092041,0.110632,0.069350,0.091343
0.080407,0.159961,0.078347,0.086138,0.081298,0.081499,0.207815,0.088451,0.057792,0.078292
0.051999,0.122676,0.131495,0.118255,0.125498,0.056688,0.119499,0.130132,0.083103,0.060656
0.086552,0.145151,0.087287,0.086034,0.135128,0.109608,0.088559,0.104399,0.062966,0.094315
0.041743,0.086721,0.084721,0.090110,0.087390,0.115726,0.210743,0.108535,0.081937,0.092374
0.040473,0.149655,0.092028,0.098385,0.095893,0.057036,0.215195,0.103558,0.072081,0.075696
0.052561,0.123581,0.049129,0.133451,0.143700,0.152794,0.108151,0.126893,0.047248,0.062492
0.040794,0.115658,0.071696,0.124176,0.119841,0.200944,0.148474,0.039308,0.061077,0.078031
0.067826,0.075510,0.370006,0.086666,0.085872,0.043819,0.082537,0.023490,0.106242,0.058032
0.042517,0.070379,0.057917,0.092028,0.253216,0.143914,0.113066,0.073389,0.056115,0.097460
0.060652,0.104688,0.107216,0.116418,0.107088,0.136937,0.099086,0.054998,0.104802,0.108115
0.022187,0.068724,0.218240,0.057901,0.296910,0.100200,0.052348,0.066502,0.058875,0.058113
0.039924,0.079000,0.283755,0.126271,0.108719,0.051566,0.107933,0.113071,0.048738,0.041022
0.040950,0.102729,0.292512,0.091909,0.094322,0.117635,0.086493,0.042457,0.041511,0.089480
0.056394,0.067432,0.036707,0.115277,0.418544,0.044062,0.079512,0.032042,0.068237,0.081792
0.052465,0.075739,0.077469,0.130931,0.154849,0.064633,0.113267,0.175625,0.070374,0.084647
0.064565,0.120533,0.068960,0.127115,0.188027,0.070902,0.131539,0.076932,0.077003,0.074425
0.044822,0.115966,0.108592,0.114369,0.126190,0.062797,0.109033,0.121921,0.082886,0.113422
0.068984,0.083463,0.054040,0.082992,0.231901,0.168861,0.104884,0.086824,0.040016,0.078035
0.061330,0.063677,0.040558,0.079256,0.428094,0.041583,0.063884,0.109596,0.069643,0.042380
0.035616,0.080462,0.085863,0.085172,0.180695,0.115881,0.173035,0.078744,0.077072,0.087460
0.058210,0.074801,0.074275,0.109374,0.143859,0.066528,0.107999,0.171484,0.086077,0.107392
0.059129,0.068084,0.031217,0.102036,0.323752,0.124823,0.092667,0.077022,0.085867,0.035404
0.048062,0.118055,0.050222,0.135135,0.128276,0.057462,0.107542,0.159057,0.069000,0.127190
0.093434,0.162798,0.091870,0.097318,0.090316,0.117555,0.088687,0.085148,0.072090,0.100784
0.046032,0.182150,0.095602,0.104875,0.093307,0.134541,0.097645,0.101986,0.050087,0.093775
0.070330,0.064655,0.305826,0.076118,0.080799,0.164469,0.074293,0.071757,0.034793,0.056960
0.048570,0.086985,0.090514,0.094243,0.083485,0.088803,0.235803,0.100007,0.081727,0.089864
0.039703,0.099328,0.334182,0.110131,0.071184,0.129720,0.076733,0.057658,0.041034,0.040328
0.042590,0.104146,0.044177,0.092497,0.137549,0.140058,0.140110,0.137938,0.044768,0.116168
0.038621,0.075630,0.248568,0.067799,0.241957,0.124607,0.062129,0.018838,0.046813,0.075037
0.070993,0.110106,0.111763,0.114930,0.105155,0.146796,0.115390,0.029802,0.064436,0.130629
0.053869,0.058259,0.047870,0.071785,0.465463,0.052364,0.085890,0.061727,0.048946,0.053826
0.089539,0.089395,0.092897,0.094652,0.089372,0.118312,0.243372,0.046222,0.083476,0.052763
0.062247,0.079608,0.273618,0.082990,0.083074,0.137420,0.081701,0.090686,0.027737,0.080921
0.038527,0.097436,0.063733,0.091138,0.102320,0.208547,0.107325,0.177229,0.059861,0.053883
0.024775,0.050773,0.259841,0.074098,0.301320,0.032021,0.070768,0.020269,0.100787,0.065348
0.050739,0.112292,0.070954,0.102872,0.241955,0.129100,0.135446,0.060293,0.045463,0.050885
0.047449,0.069931,0.049236,0.102942,0.328313,0.056989,0.116218,0.109650,0.055848,0.063425
0.039742,0.079829,0.379096,0.074900,0.110608,0.047429,0.094698,0.079723,0.044222,0.049752
0.053442,0.123912,0.107949,0.104359,0.102604,0.154803,0.097610,0.108224,0.048238,0.098859
0.087224,0.087186,0.088507,0.096002,0.179201,0.131397,0.101401,0.095612,0.042557,0.090912
0.091036,0.096493,0.094410,0.101240,0.176434,0.158276,0.089025,0.100529,0.048774,0.043784
0.035829,0.099229,0.261332,0.086398,0.210953,0.132986,0.084325,0.022436,0.035428,0.031084
0.049752,0.054600,0.215852,0.052302,0.378084,0.030915,0.081137,0.062962,0.024032,0.050363
0.055537,0.104842,0.109349,0.111289,0.110242,0.166785,0.098180,0.053725,0.080709,0.109340
0.041565,0.097799,0.043552,0.117946,0.111842,0.171356,0.120296,0.188613,0.050395,0.056635
0.048299,0.098488,0.050410,0.104221,0.153379,0.130140,0.101013,0.164948,0.074020,0.075083
0.032427,0.100379,0.246583,0.067970,0.202385,0.109099,0.073227,0.033398,0.066398,0.068132
0.055132,0.103947,0.103120,0.107487,0.180138,0.134750,0.099494,0.106645,0.049894,0.059394
0.036683,0.065541,0.188543,0.080220,0.335892,0.034021,0.074179,0.032540,0.073963,0.078418
0.046159,0.141054,0.082955,0.089301,0.189585,0.139236,0.089094,0.087861,0.043046,0.091710
0.029870,0.095165,0.099189,0.105606,0.095813,0.134512,0.223841,0.050708,0.102913,0.062383
0.030613,0.056977,0.232866,0.080552,0.315732,0.101329,0.078670,0.020431,0.021259,0.061572
0.052374,0.113375,0.121320,0.130970,0.117317,0.062613,0.127284,0.120511,0.040513,0.113722
0.054265,0.146580,0.113482,0.121258,0.126788,0.060265,0.110426,0.057664,0.128207,0.081064
0.035653,0.073385,0.033640,0.105129,0.272678,0.160432,0.088712,0.102408,0.046921,0.081041
0.030197,0.094387,0.305956,0.090502,0.076099,0.120010,0.084871,0.081896,0.078305,0.037778
0.053666,0.101549,0.107833,0.106655,0.109910,0.159134,0.108988,0.118416,0.075755,0.058095
0.060521,0.109842,0.112382,0.110925,0.114886,0.152475,0.104208,0.110200,0.056474,0.068087
0.029788,0.092272,0.098441,0.100167,0.178727,0.118643,0.093658,0.111696,0.086246,0.090363
0.028883,0.092278,0.236146,0.058047,0.271944,0.083937,0.064831,0.079297,0.019735,0.064902
0.052976,0.080489,0.055918,0.142511,0.153710,0.069006,0.148393,0.068286,0.060229,0.168482
0.075888,0.085691,0.092769,0.090567,0.180933,0.118186,0.094613,0.108007,0.061837,0.091509
0.037181,0.074688,0.392414,0.088866,0.105870,0.055852,0.102163,0.049231,0.044814,0.048921
0.030319,0.094234,0.099598,0.097409,0.226576,0.101996,0.097926,0.102145,0.069020,0.080776
0.035990,0.097578,0.310837,0.090225,0.094517,0.094736,0.076611,0.094381,0.040716,0.064408
0.036938,0.080557,0.289349,0.097748,0.080750,0.148086,0.124902,0.021682,0.026424,0.093563
0.043514,0.104051,0.309913,0.104922,0.103948,0.097367,0.073102,0.043703,0.033029,0.086451
0.073943,0.148079,0.045402,0.122979,0.129180,0.192279,0.121443,0.039884,0.057968,0.068843
0.042594,0.119143,0.044732,0.118238,0.123423,0.159692,0.097821,0.170849,0.048730,0.074777
0.036639,0.082495,0.090240,0.080768,0.363665,0.043237,0.082667,0.098984,0.038189,0.083116
0.060766,0.119583,0.124893,0.126081,0.119970,0.063600,0.148879,0.059286,0.115775,0.061166
0.038415,0.162083,0.087649,0.085504,0.084358,0.124522,0.234860,0.043924,0.055698,0.082987
0.041101,0.096805,0.092487,0.093907,0.262834,0.050369,0.103706,0.102989,0.055839,0.099963
0.052629,0.122255,0.097146,0.098894,0.201326,0.167028,0.106521,0.051259,0.047861,0.055082
0.058553,0.126935,0.125200,0.129930,0.128971,0.074354,0.131351,0.036052,0.063822,0.124832
0.046849,0.109895,0.098065,0.093069,0.215226,0.121265,0.090609,0.097194,0.041812,0.086016
0.081491,0.075575,0.079793,0.092213,0.318466,0.041306,0.086944,0.093414,0.060146,0.070653
0.040911,0.083841,0.071397,0.120315,0.118972,0.181046,0.103446,0.092473,0.129580,0.058019
0.074144,0.075543,0.074501,0.080870,0.177661,0.101168,0.073690,0.020817,0.246625,0.074981
0.030828,0.071741,0.280973,0.071769,0.183529,0.112876,0.070856,0.096107,0.039544,0.041776
0.040006,0.074237,0.041765,0.127645,0.126959,0.188928,0.116221,0.153774,0.050010,0.080455
0.036902,0.095349,0.219289,0.093954,0.226363,0.047107,0.094120,0.100471,0.040563,0.045881
0.051659,0.089598,0.086964,0.104292,0.180273,0.149261,0.086757,0.023584,0.190044,0.037567
0.032453,0.093944,0.367031,0.052497,0.073299,0.044326,0.068622,0.189789,0.037730,0.040308
0.035270,0.150882,0.107106,0.116487,0.121445,0.066213,0.120824,0.114450,0.049757,0.117565
0.033839,0.084194,0.035228,0.108730,0.454724,0.038757,0.092948,0.030757,0.039805,0.081018
0.048337,0.141674,0.070946,0.106405,0.107620,0.058552,0.083667,0.265080,0.064879,0.052840
0.054357,0.086449,0.030171,0.091807,0.441650,0.037417,0.064440,0.026849,0.095171,0.071691
0.083481,0.085540,0.257844,0.081504,0.087606,0.109397,0.088781,0.086301,0.038861,0.080684
0.104702,0.107160,0.118383,0.117824,0.113642,0.055742,0.110921,0.117487,0.040610,0.113529
0.079327,0.131784,0.085121,0.132512,0.136787,0.071288,0.148044,0.051465,0.077396,0.086276
0.034370,0.104245,0.110731,0.098651,0.196046,0.109306,0.120556,0.103855,0.075722,0.046517
0.035891,0.062158,0.041473,0.085490,0.309623,0.094844,0.078216,0.175143,0.041333,0.075830
0.049825,0.128964,0.048903,0.111449,0.150379,0.204316,0.152152,0.043450,0.048729,0.061835
0.051895,0.122232,0.097611,0.104359,0.103971,0.132664,0.102175,0.101462,0.072933,0.110699
0.044930,0.108709,0.052780,0.127438,0.116944,0.122754,0.093757,0.118553,0.069722,0.144413
0.051019,0.118649,0.053513,0.102450,0.130290,0.060385,0.122363,0.235114,0.064388,0.061829
0.033171,0.050334,0.028755,0.067188,0.455673,0.069350,0.078613,0.090735,0.040001,0.086179
0.024364,0.102388,0.333771,0.088545,0.086679,0.042754,0.115963,0.109133,0.049444,0.046959
0.042316,0.107297,0.121652,0.112675,0.115489,0.058430,0.110826,0.116063,0.117932,0.097319
0.048361,0.088399,0.092218,0.090187,0.087164,0.144126,0.203283,0.101579,0.043917,0.100766
0.041213,0.171236,0.091275,0.103487,0.088433,0.132736,0.103802,0.095669,0.070217,0.101931
0.045605,0.082208,0.262179,0.079714,0.084557,0.108534,0.126634,0.088925,0.030951,0.090693
0.062980,0.069655,0.232014,0.072153,0.220434,0.073729,0.097000,0.076236,0.027011,0.068788
0.070007,0.071642,0.262892,0.073420,0.214059,0.089027,0.072353,0.035189,0.034462,0.076949
0.025235,0.059047,0.212195,0.067131,0.374025,0.030353,0.048650,0.068989,0.069823,0.044552
0.063887,0.122393,0.056552,0.116841,0.130319,0.201891,0.136275,0.042353,0.054110,0.075379
0.048913,0.097985,0.101103,0.101470,0.101291,0.131082,0.223550,0.094785,0.042004,0.057817
0.050225,0.166376,0.081481,0.086061,0.081490,0.126242,0.213326,0.079067,0.077917,0.037815
0.038342,0.062203,0.057608,0.089399,0.256870,0.122639,0.096818,0.177914,0.045228,0.052978
0.050159,0.100973,0.061653,0.164594,0.134787,0.063262,0.122071,0.173260,0.061545,0.067695
0.055143,0.145604,0.134863,0.129253,0.127398,0.060140,0.101805,0.137062,0.046766,0.061966
0.056657,0.087404,0.068506,0.143435,0.106720,0.170803,0.120989,0.113726,0.046384,0.085376
0.064721,0.096586,0.059565,0.118847,0.151930,0.187002,0.116867,0.074794,0.056573,0.073116
0.033366,0.072971,0.265999,0.073156,0.220390,0.100814,0.073255,0.078298,0.026195,0.055557
0.036902,0.126962,0.095238,0.098640,0.314183,0.054810,0.143309,0.046997,0.034304,0.048653
0.053035,0.118804,0.099943,0.098049,0.268660,0.051156,0.098893,0.026760,0.089582,0.095117
0.026837,0.074507,0.302784,0.087152,0.084889,0.161042,0.066956,0.104891,0.033759,0.057183
0.038020,0.090493,0.096810,0.092080,0.193649,0.137280,0.136754,0.091093,0.044437,0.079384
0.041690,0.095448,0.308421,0.106723,0.109541,0.050390,0.110792,0.089049,0.041596,0.046352
0.048421,0.108310,0.050124,0.149438,0.134834,0.064527,0.146238,0.146036,0.054036,0.098038
0.054215,0.107092,0.100184,0.109321,0.105588,0.063148,0.151585,0.104865,0.095530,0.108473
0.090433,0.076852,0.047531,0.093633,0.120222,0.054278,0.131862,0.180490,0.145373,0.059325
0.049760,0.091171,0.090148,0.092501,0.091507,0.121726,0.225030,0.087903,0.066156,0.084099
0.048943,0.173112,0.098381,0.101468,0.099114,0.151575,0.094803,0.090731,0.050676,0.091197
0.035873,0.068901,0.059647,0.081692,0.260091,0.182262,0.115403,0.050272,0.059776,0.086082
0.042663,0.097357,0.342305,0.106024,0.101566,0.101980,0.091153,0.026849,0.036014,0.054089
0.045973,0.103898,0.050741,0.156387,0.131006,0.158715,0.128565,0.104544,0.059564,0.060606
0.099461,0.076748,0.051235,0.115069,0.156714,0.207001,0.094937,0.062397,0.070496,0.065942
0.050998,0.093685,0.075527,0.180149,0.104251,0.067066,0.125809,0.186390,0.059838,0.056287
0.046431,0.084903,0.266149,0.089018,0.090901,0.130829,0.130191,0.044069,0.032712,0.084798
0.044126,0.081916,0.394690,0.061491,0.117849,0.049319,0.071486,0.085520,0.047402,0.046202
0.047982,0.086534,0.063601,0.154275,0.306612,0.056093,0.084851,0.095084,0.057045,0.047923
0.039954,0.082494,0.399534,0.096587,0.095400,0.045856,0.089807,0.025806,0.091350,0.033213
0.101127,0.080148,0.048378,0.128406,0.149354,0.152238,0.118079,0.125961,0.046353,0.049956
0.074196,0.093040,0.055553,0.078835,0.239626,0.143518,0.108256,0.091190,0.034451,0.081335
0.031495,0.082126,0.284242,0.079644,0.089138,0.111329,0.081854,0.091506,0.081627,0.067040
0.038911,0.082313,0.058982,0.090802,0.316715,0.174584,0.071136,0.047801,0.046407,0.072349
0.084900,0.081862,0.084984,0.084391,0.082831,0.132600,0.192315,0.086286,0.077218,0.092612
0.036171,0.072910,0.030012,0.087246,0.437858,0.076022,0.065768,0.037220,0.093867,0.062924
0.062498,0.111333,0.132899,0.129785,0.132340,0.061574,0.120853,0.144775,0.041991,0.061949
0.095520,0.094997,0.091891,0.108417,0.220168,0.050272,0.098246,0.111825,0.033793,0.094870
0.036268,0.111615,0.109350,0.132363,0.119928,0.148641,0.110831,0.122348,0.043264,0.065392
0.026132,0.068775,0.263242,0.074784,0.153907,0.136677,0.090069,0.104632,0.033161,0.048622
0.036172,0.137211,0.039122,0.116502,0.118643,0.160862,0.141471,0.123273,0.035695,0.091050
0.048210,0.114218,0.093099,0.088459,0.201227,0.124817,0.107536,0.097545,0.033558,0.091332
0.046200,0.102039,0.048394,0.133972,0.134507,0.137107,0.118651,0.125849,0.040338,0.112943
0.036625,0.058998,0.043074,0.120612,0.302631,0.120120,0.072931,0.100397,0.093348,0.051263
0.095803,0.108612,0.058429,0.095310,0.119689,0.063155,0.107830,0.167311,0.119593,0.064269
0.043872,0.101333,0.057590,0.090040,0.393805,0.047414,0.072639,0.034531,0.093693,0.065082
0.063055,0.120173,0.074059,0.087358,0.066989,0.112534,0.070464,0.019215,0.316303,0.069850
0.021193,0.067853,0.248848,0.070802,0.363712,0.029505,0.058589,0.020592,0.072825,0.046081
0.086906,0.058288,0.103202,0.089696,0.297752,0.046574,0.099855,0.111951,0.061776,0.043999
0.059476,0.108244,0.112708,0.106904,0.204658,0.061924,0.124169,0.123924,0.038627,0.059367
0.046249,0.115754,0.049683,0.161290,0.125114,0.123681,0.140155,0.062988,0.070401,0.104685
0.033625,0.084961,0.283799,0.088627,0.085530,0.115906,0.136862,0.095438,0.029383,0.045868
0.070497,0.114451,0.116720,0.112561,0.115476,0.158130,0.111497,0.032469,0.094875,0.073325
0.033046,0.078668,0.295427,0.083525,0.088288,0.129922,0.081442,0.086313,0.046720,0.076648
0.079508,0.084425,0.281699,0.088717,0.102860,0.046714,0.078797,0.098925,0.046274,0.092083
0.065370,0.176232,0.101492,0.106643,0.097319,0.154800,0.097939,0.052914,0.044177,0.103113
0.033054,0.112890,0.042983,0.115260,0.119680,0.160300,0.142277,0.188437,0.040605,0.044513
0.098358,0.134103,0.105092,0.101572,0.103390,0.056698,0.225560,0.046571,0.032167,0.096489
0.038612,0.093003,0.290597,0.088035,0.094903,0.117927,0.088390,0.071587,0.033343,0.083603
0.042045,0.097330,0.093851,0.092990,0.328275,0.049418,0.083730,0.105514,0.057298,0.049550
0.039591,0.070942,0.323096,0.102096,0.104234,0.052795,0.083825,0.112471,0.063518,0.047432
0.024890,0.129083,0.296249,0.087091,0.089232,0.133121,0.082320,0.041820,0.080125,0.036068
0.028123,0.080606,0.024130,0.061232,0.365212,0.099319,0.089724,0.126189,0.071687,0.053778
0.045432,0.098852,0.096874,0.094426,0.346304,0.045298,0.090620,0.095289,0.042840,0.044064
0.035111,0.109477,0.040136,0.090435,0.108378,0.209050,0.112251,0.142824,0.061852,0.090486
0.025859,0.083608,0.284138,0.085900,0.090329,0.110714,0.075420,0.094657,0.071248,0.078126
0.029676,0.083104,0.258377,0.076100,0.239288,0.100604,0.072254,0.085197,0.025094,0.030307
0.064305,0.122103,0.119902,0.124200,0.131530,0.066507,0.119166,0.062249,0.074760,0.115279
0.039934,0.094450,0.041434,0.083812,0.128603,0.194996,0.090661,0.153725,0.047844,0.124543
0.043771,0.070496,0.054409,0.149979,0.343310,0.058252,0.099096,0.060622,0.060657,0.059408
0.039658,0.105858,0.037431,0.092564,0.301492,0.145098,0.093160,0.090751,0.049136,0.044852
0.025646,0.068824,0.219848,0.063699,0.376272,0.030557,0.059966,0.074882,0.025234,0.055071
0.040889,0.077762,0.316301,0.084290,0.098658,0.124685,0.083742,0.097683,0.035901,0.040091
0.041576,0.158806,0.051715,0.129827,0.136791,0.204966,0.114024,0.038512,0.069211,0.054572
0.031208,0.069360,0.332916,0.085290,0.094747,0.108911,0.095819,0.094409,0.044312,0.043027
0.034996,0.088065,0.334461,0.106147,0.089828,0.127968,0.079836,0.024556,0.028078,0.086065
0.078024,0.113432,0.114444,0.127080,0.120212,0.193593,0.109560,0.030661,0.061505,0.051490
0.032740,0.082210,0.084251,0.083607,0.163587,0.128185,0.082635,0.022338,0.228419,0.092029
0.028904,0.088883,0.091707,0.097758,0.086855,0.117458,0.203281,0.085081,0.098563,0.101510
