0.017256,0.339011,0.643733
0.350518,0.649482,0.000001
0.312653,0.677525,0.009822
0.995572,0.004428,0.000000
0.208846,0.751726,0.039428
0.001242,0.998655,0.000103
0.014856,0.298950,0.686194
0.654359,0.345382,0.000259
0.561345,0.395962,0.042693
0.992008,0.007992,0.000000
0.029300,0.067422,0.903278
0.974698,0.024751,0.000551
0.001571,0.967321,0.031109
0.579691,0.420248,0.000061
0.997711,0.002289,0.000000
0.433061,0.566906,0.000033
0.314937,0.685016,0.000047
0.283608,0.653752,0.062640
0.222730,0.685500,0.091770
0.603704,0.395485,0.000811
0.005520,0.993351,0.001129
0.989726,0.010274,0.000000
0.192435,0.714037,0.093527
0.041879,0.109320,0.848801
0.968829,0.031164,0.000008
0.949717,0.040796,0.009487
0.388919,0.611080,0.000000
0.875895,0.124104,0.000001
0.600651,0.388285,0.011065
0.003628,0.982732,0.013640
0.013458,0.648251,0.338291
0.040469,0.565972,0.393559
0.658599,0.326598,0.014803
0.995553,0.004447,0.000000
0.000593,0.003126,0.996282
0.147083,0.847727,0.005190
0.361061,0.630285,0.008654
0.997737,0.002263,0.000000
0.869093,0.130753,0.000154
0.996235,0.003765,0.000000
0.988078,0.011922,0.000000
0.000176,0.000834,0.998990
0.972685,0.027314,0.000000
0.035572,0.673211,0.291217
0.626024,0.373946,0.000030
0.069444,0.203795,0.726761
0.201680,0.798316,0.000003
0.026096,0.104679,0.869225
0.991610,0.008390,0.000000
0.120379,0.844334,0.035286
0.027477,0.662179,0.310343
0.499374,0.500625,0.000001
0.967948,0.032052,0.000000
0.994061,0.005939,0.000000
0.901127,0.098872,0.000000
0.997231,0.002769,0.000000
0.969602,0.030398,0.000000
0.429722,0.570158,0.000119
0.010395,0.938964,0.050641
0.902924,0.097071,0.000004
0.229984,0.760591,0.009425
0.642965,0.357028,0.000007
0.998273,0.001727,0.000000
0.995328,0.004672,0.000000
0.452205,0.547795,0.000000
0.993892,0.006108,0.000000
0.003936,0.023059,0.973005
0.995822,0.004178,0.000000
0.991402,0.008598,0.000000
0.007392,0.927588,0.065021
0.489806,0.502864,0.007330
0.414726,0.585264,0.000010
0.134230,0.506840,0.358930
0.362222,0.601894,0.035883
0.016842,0.613225,0.369933
0.158991,0.840780,0.000229
0.425250,0.574749,0.000001
0.027533,0.585125,0.387342
0.314541,0.685423,0.000036
0.006894,0.984232,0.008874
0.569528,0.430109,0.000363
0.984944,0.015056,0.000000
0.868390,0.131609,0.000001
0.486284,0.513679,0.000038
0.557625,0.442317,0.000058
0.970112,0.029888,0.000000
0.995668,0.004332,0.000000
0.049188,0.151712,0.799100
0.014587,0.435981,0.549432
0.985138,0.014862,0.000000
0.063216,0.623465,0.313318
0.985771,0.014229,0.000000
0.007147,0.014390,0.978463
0.996054,0.003946,0.000000
0.423025,0.555153,0.021823
0.994074,0.005926,0.000000
0.964197,0.033088,0.002715
0.993971,0.006029,0.000000
0.982088,0.017912,0.000000
0.991062,0.008938,0.000000
0.867755,0.102481,0.029764
0.358576,0.641421,0.000003
0.996553,0.003447,0.000000
0.289955,0.709536,0.000509
0.002015,0.996979,0.001006
0.978495,0.021501,0.000005
0.001676,0.003258,0.995065
0.694853,0.305147,0.000000
0.992685,0.007315,0.000000
0.157816,0.777006,0.065178
0.995083,0.004917,0.000000
0.665122,0.334878,0.000000
0.996038,0.003961,0.000000
0.972159,0.027824,0.000017
0.004034,0.976779,0.019187
0.009776,0.040940,0.949284
0.991914,0.008086,0.000000
0.592050,0.407268,0.000682
0.017414,0.244256,0.738330
0.253929,0.704106,0.041965
0.989549,0.010451,0.000000
0.227387,0.772364,0.000249
0.001209,0.003800,0.994991
0.002437,0.997452,0.000111
0.731400,0.235043,0.033558
0.072429,0.485384,0.442187
0.901475,0.098503,0.000022
0.002739,0.004084,0.993177
0.004727,0.981140,0.014133
0.004356,0.957852,0.037792
0.007324,0.060267,0.932409
0.000796,0.000213,0.998991
0.367130,0.624631,0.008239
0.393402,0.606596,0.000002
0.957269,0.042729,0.000002
0.013488,0.665478,0.321034
0.017436,0.792283,0.190281
0.010711,0.419616,0.569674
0.983550,0.016448,0.000002
0.318780,0.681220,0.000000
0.009375,0.799636,0.190989
0.084387,0.769494,0.146120
0.698277,0.301348,0.000375
0.428310,0.570705,0.000985
0.121848,0.840214,0.037939
0.969532,0.029602,0.000866
0.000235,0.000058,0.999707
0.361570,0.636450,0.001980
0.779751,0.218731,0.001518
0.478034,0.495647,0.026319
0.222173,0.777814,0.000013
0.056308,0.556760,0.386932
0.996704,0.003296,0.000000
0.550126,0.449843,0.000031
0.034485,0.410536,0.554979
0.014264,0.840670,0.145066
0.738554,0.261369,0.000077
0.023063,0.305829,0.671108
0.535897,0.463974,0.000129
0.989267,0.010733,0.000000
0.993403,0.006597,0.000000
0.979706,0.020281,0.000012
0.041187,0.148835,0.809978
0.018130,0.046867,0.935003
0.019228,0.405761,0.575012
0.000116,0.000026,0.999858
0.041537,0.137700,0.820762
0.023833,0.111774,0.864393
0.000935,0.997637,0.001428
0.001759,0.998203,0.000038
0.996714,0.003285,0.000000
0.948127,0.050960,0.000913
0.987403,0.012597,0.000000
0.002328,0.013701,0.983972
0.020961,0.734835,0.244204
0.742227,0.257706,0.000067
0.007304,0.014987,0.977708
0.921831,0.065128,0.013041
0.053546,0.184381,0.762073
0.262270,0.736926,0.000804
0.306127,0.693870,0.000003
0.971869,0.028089,0.000042
0.050444,0.342048,0.607507
0.022194,0.084667,0.893140
0.963081,0.036919,0.000000
0.280290,0.719704,0.000006
0.002350,0.007391,0.990259
0.395653,0.602354,0.001992
0.992133,0.007867,0.000000
0.989641,0.010356,0.000003
0.598300,0.397431,0.004269
0.072881,0.882685,0.044435
0.010627,0.074193,0.915180
0.183025,0.793936,0.023039
0.004648,0.995312,0.000041
0.004047,0.091232,0.904721
0.001694,0.003248,0.995058
0.978795,0.021205,0.000000
0.996386,0.003614,0.000000
0.216103,0.477701,0.306196
0.981642,0.018282,0.000076
0.049358,0.354323,0.596319
0.087361,0.348390,0.564249
0.001183,0.000242,0.998576
0.989527,0.010473,0.000000
0.000229,0.000054,0.999718
0.084883,0.881886,0.033231
0.037570,0.701964,0.260466
0.995808,0.004192,0.000000
0.004052,0.981463,0.014485
0.974900,0.025100,0.000000
0.996604,0.003396,0.000000
0.277217,0.722771,0.000012
0.990947,0.009053,0.000000
0.271647,0.728347,0.000007
0.628390,0.371472,0.000138
0.956785,0.043212,0.000002
0.237200,0.498592,0.264208
0.031138,0.833124,0.135738
0.253163,0.695578,0.051259
0.887583,0.104518,0.007899
0.994911,0.005089,0.000000
0.001095,0.996647,0.002258
0.004796,0.008677,0.986526
0.994667,0.005333,0.000000
0.978298,0.021702,0.000000
0.000343,0.000090,0.999567
0.993600,0.006400,0.000000
0.021287,0.054849,0.923864
0.001410,0.000123,0.998466
0.754699,0.245173,0.000129
0.559462,0.401388,0.039150
0.001779,0.995898,0.002323
0.000814,0.000129,0.999057
0.004245,0.004173,0.991582
0.270553,0.723094,0.006352
0.990399,0.009598,0.000003
0.987700,0.012300,0.000000
0.994326,0.005674,0.000000
0.321734,0.653174,0.025092
0.722175,0.277825,0.000000
0.095366,0.347793,0.556841
0.033490,0.544623,0.421886
0.990327,0.009673,0.000000
0.346283,0.653534,0.000183
0.997236,0.002764,0.000000
0.908417,0.090377,0.001206
0.000835,0.001701,0.997465
0.129065,0.862682,0.008253
0.017829,0.611965,0.370205
0.762354,0.214641,0.023005
0.256262,0.743523,0.000215
0.974170,0.025671,0.000159
0.313344,0.683209,0.003447
0.702299,0.283048,0.014653
0.450961,0.548657,0.000382
0.985432,0.014568,0.000000
0.001077,0.998787,0.000136
0.400854,0.598012,0.001134
0.986968,0.013032,0.000000
0.001659,0.998295,0.000046
0.995341,0.004659,0.000000
0.469746,0.530249,0.000005
0.524344,0.475656,0.000000
0.001341,0.995739,0.002920
0.992890,0.007110,0.000000
0.943158,0.055939,0.000903
0.011767,0.115231,0.873002
0.016263,0.060252,0.923485
0.996588,0.003413,0.000000
0.825185,0.174699,0.000115
0.000150,0.000047,0.999802
0.961742,0.038258,0.000000
0.090535,0.341444,0.568021
0.683833,0.306281,0.009886
0.000376,0.001238,0.998386
0.994520,0.005480,0.000000
0.007295,0.221044,0.771661
0.069027,0.612241,0.318731
0.371951,0.628028,0.000021
0.937292,0.062406,0.000303
0.019572,0.417840,0.562588
0.344774,0.363218,0.292008
0.658706,0.341294,0.000000
0.425771,0.574228,0.000001
0.217120,0.484285,0.298596
0.466462,0.533538,0.000000
0.458789,0.348798,0.192413
0.615287,0.384557,0.000156
0.091116,0.694333,0.214551
0.988256,0.011744,0.000000
0.277599,0.460052,0.262349
0.530852,0.469148,0.000000
0.938578,0.061422,0.000000
0.004295,0.982799,0.012906
0.011683,0.190275,0.798042
0.006879,0.038260,0.954861
0.032836,0.266815,0.700349
0.031424,0.180133,0.788442
0.996878,0.003122,0.000000
0.982530,0.017470,0.000000
0.986387,0.013613,0.000000
0.571881,0.316342,0.111776
0.045293,0.422476,0.532232
0.996685,0.003315,0.000000
0.474018,0.499385,0.026597
0.992961,0.007039,0.000000
0.326815,0.670581,0.002604
0.987632,0.012368,0.000000
0.048262,0.156111,0.795626
0.423365,0.576619,0.000015
0.534981,0.465019,0.000000
0.047873,0.577621,0.374505
0.982941,0.017058,0.000001
0.849980,0.149999,0.000021
0.006381,0.022469,0.971151
0.754650,0.244094,0.001257
0.993078,0.006922,0.000000
0.996217,0.003783,0.000000
0.980733,0.019267,0.000000
0.116044,0.828557,0.055399
0.793296,0.203215,0.003489
0.981710,0.018290,0.000000
0.013148,0.006453,0.980399
0.989196,0.010804,0.000000
0.478787,0.521193,0.000020
0.211522,0.718898,0.069580
0.733580,0.190951,0.075469
0.944540,0.053242,0.002218
0.686405,0.313517,0.000078
0.350651,0.643147,0.006202
0.752057,0.247926,0.000017
0.000935,0.996753,0.002312
0.336233,0.660149,0.003618
0.991669,0.008331,0.000000
0.988472,0.011512,0.000016
0.986338,0.013662,0.000000
0.928630,0.069434,0.001936
0.800429,0.199554,0.000017
0.000741,0.001213,0.998046
0.020108,0.069305,0.910587
0.783981,0.215759,0.000260
0.006501,0.011633,0.981866
0.002193,0.002716,0.995091
0.011809,0.079485,0.908705
0.315271,0.684491,0.000238
0.056601,0.350761,0.592639
0.448359,0.502564,0.049077
0.075786,0.338729,0.585485
0.985298,0.014702,0.000000
0.996490,0.003510,0.000000
0.947209,0.052304,0.000486
0.986592,0.013408,0.000000
0.022396,0.515105,0.462500
0.970433,0.029274,0.000293
0.993293,0.006707,0.000000
0.990964,0.009036,0.000000
0.144275,0.666438,0.189287
0.040232,0.481930,0.477837
0.009957,0.534254,0.455789
0.996159,0.003841,0.000000
0.497613,0.502386,0.000000
0.443415,0.556581,0.000004
0.478986,0.515865,0.005150
0.183453,0.755123,0.061425
0.937742,0.062258,0.000000
0.012869,0.116997,0.870135
0.475915,0.505687,0.018398
0.277840,0.722158,0.000002
0.001850,0.998112,0.000038
0.009298,0.254182,0.736520
0.260402,0.695404,0.044194
0.487136,0.501851,0.011013
0.964197,0.035294,0.000508
0.989138,0.010862,0.000000
0.758749,0.240185,0.001066
0.006160,0.956667,0.037172
0.102872,0.705047,0.192081
0.265060,0.689627,0.045314
0.496232,0.503734,0.000033
0.011574,0.011302,0.977124
0.385855,0.610357,0.003788
0.465329,0.534206,0.000466
0.853223,0.146561,0.000216
0.422201,0.577797,0.000002
0.250170,0.749829,0.000001
0.002563,0.018833,0.978604
0.905221,0.088926,0.005853
0.991198,0.008802,0.000000
0.990869,0.009131,0.000000
0.199479,0.670229,0.130292
0.373118,0.624996,0.001886
0.025347,0.129520,0.845133
0.042179,0.617406,0.340415
0.001061,0.004686,0.994253
0.995100,0.004900,0.000000
0.000102,0.000275,0.999623
0.967988,0.032012,0.000000
0.015973,0.282200,0.701827
0.594769,0.405231,0.000000
0.018125,0.549076,0.432799
0.987343,0.012592,0.000064
0.962660,0.030254,0.007087
0.993611,0.006389,0.000000
0.013742,0.285114,0.701144
0.001214,0.990715,0.008071
0.975253,0.024747,0.000000
0.648318,0.351653,0.000029
0.014551,0.086395,0.899055
0.968785,0.031155,0.000059
0.130388,0.214024,0.655588
0.004424,0.056718,0.938859
0.009514,0.057660,0.932826
0.572172,0.421530,0.006298
0.967001,0.032592,0.000407
0.993548,0.006452,0.000000
0.417979,0.581976,0.000045
0.982135,0.017865,0.000000
0.969432,0.030568,0.000000
0.000419,0.000092,0.999489
0.453642,0.546357,0.000001
0.002487,0.987177,0.010335
0.000943,0.996967,0.002090
0.413473,0.579821,0.006706
0.951065,0.048874,0.000061
0.001161,0.001222,0.997617
0.565647,0.434288,0.000065
0.004771,0.923707,0.071522
0.307802,0.673585,0.018613
0.835346,0.164528,0.000126
0.964564,0.035436,0.000000
0.157409,0.837685,0.004906
0.607489,0.392465,0.000046
0.651976,0.343351,0.004673
0.034661,0.495348,0.469991
0.000019,0.000019,0.999962
0.019049,0.660653,0.320297
0.354305,0.618544,0.027151
0.526042,0.428482,0.045476
0.787992,0.209683,0.002325
0.807400,0.187030,0.005570
0.985121,0.014879,0.000000
0.000468,0.000652,0.998879
0.482624,0.517374,0.000002
0.059614,0.200938,0.739448
0.967158,0.032786,0.000056
0.010998,0.977151,0.011851
0.256322,0.743113,0.000565
0.006432,0.920791,0.072777
0.381601,0.616075,0.002325
0.018329,0.680503,0.301168
0.982052,0.017948,0.000000
0.025867,0.517232,0.456901
0.321294,0.615130,0.063576
0.050209,0.626520,0.323271
0.399034,0.600797,0.000169
0.984884,0.015116,0.000000
0.909691,0.090179,0.000130
0.003975,0.027976,0.968050
0.633100,0.365721,0.001179
0.000766,0.006094,0.993140
0.352040,0.646430,0.001530
0.019008,0.613032,0.367960
0.845028,0.154631,0.000341
0.946254,0.053613,0.000133
0.564378,0.435622,0.000000
0.050524,0.590909,0.358567
0.509004,0.490956,0.000040
0.019900,0.807951,0.172149
0.986239,0.013761,0.000000
0.057656,0.564793,0.377550
0.060011,0.307556,0.632433
0.002611,0.986366,0.011023
0.033095,0.014368,0.952537
0.985729,0.014271,0.000000
0.154990,0.728405,0.116605
0.011640,0.020822,0.967538
0.993780,0.006043,0.000177
0.992821,0.007179,0.000000
0.317468,0.612985,0.069547
0.182955,0.811293,0.005752
0.277030,0.719511,0.003459
0.104653,0.212967,0.682380
0.359455,0.628423,0.012122
0.021906,0.470631,0.507463
0.410132,0.508977,0.080890
0.025053,0.334353,0.640593
0.996029,0.003971,0.000000
0.996100,0.003900,0.000000
0.345333,0.654200,0.000467
0.002813,0.026758,0.970428
0.008313,0.975795,0.015891
0.938903,0.061097,0.000001
0.983238,0.016725,0.000037
0.003774,0.968618,0.027608
0.995997,0.004003,0.000000
0.000363,0.000049,0.999588
0.948465,0.022974,0.028561
0.003028,0.933209,0.063763
0.954787,0.040419,0.004793
0.015506,0.618688,0.365806
0.005127,0.975773,0.019101
0.158556,0.840960,0.000484
0.976004,0.023995,0.000001
0.643099,0.356901,0.000000
0.657852,0.341811,0.000338
0.890987,0.108644,0.000369
0.995486,0.004514,0.000000
0.737155,0.262802,0.000043
0.308874,0.682367,0.008759
0.057308,0.639271,0.303421
0.981913,0.018086,0.000001
0.002052,0.962008,0.035940
0.997583,0.002417,0.000000
0.007365,0.259968,0.732668
0.994973,0.005027,0.000000
0.810327,0.189549,0.000125
0.996760,0.003240,0.000000
0.051191,0.287641,0.661168
0.140794,0.840818,0.018388
0.495208,0.499505,0.005288
0.184235,0.786509,0.029256
0.973471,0.026529,0.000000
0.422815,0.577173,0.000012
0.980982,0.019018,0.000000
0.231150,0.762635,0.006215
0.951780,0.047632,0.000588
0.480597,0.232365,0.287038
0.066387,0.179013,0.754600
0.128270,0.512689,0.359041
0.996503,0.003497,0.000000
0.988644,0.011356,0.000000
0.165311,0.783362,0.051327
0.344419,0.638570,0.017011
0.994702,0.005299,0.000000
0.002173,0.989836,0.007991
0.963382,0.036308,0.000311
0.985747,0.014253,0.000000
0.355599,0.633114,0.011286
0.444871,0.282509,0.272620
0.396201,0.603772,0.000028
0.810810,0.171726,0.017464
0.545434,0.454537,0.000029
0.067855,0.740252,0.191892
0.277487,0.688139,0.034374
0.599639,0.400064,0.000297
0.390390,0.609606,0.000004
0.996186,0.003814,0.000000
0.376691,0.623309,0.000001
0.961677,0.038323,0.000001
0.849515,0.147874,0.002611
0.979103,0.020897,0.000000
0.026575,0.557360,0.416065
0.152105,0.772318,0.075576
0.221325,0.696662,0.082013
0.988295,0.011705,0.000000
0.958129,0.041746,0.000125
0.488914,0.511083,0.000002
0.008404,0.649692,0.341904
0.994765,0.005235,0.000000
0.098776,0.529243,0.371981
0.982742,0.017258,0.000000
0.007597,0.710604,0.281799
0.000373,0.000071,0.999556
0.024740,0.663886,0.311373
0.922222,0.077778,0.000000
0.282020,0.713021,0.004958
0.034383,0.120386,0.845231
0.238317,0.710408,0.051276
0.562333,0.437667,0.000000
0.018826,0.071610,0.909564
0.001428,0.998312,0.000260
0.378610,0.621378,0.000011
0.019287,0.075116,0.905597
0.276471,0.687844,0.035684
0.975993,0.024007,0.000000
0.521070,0.478928,0.000002
0.021569,0.194012,0.784419
0.024877,0.758006,0.217117
0.476097,0.523902,0.000000
0.545427,0.454572,0.000001
0.146900,0.506499,0.346601
0.343629,0.640646,0.015725
0.946379,0.048403,0.005218
0.984132,0.015868,0.000000
0.976707,0.023293,0.000000
0.995449,0.004551,0.000000
0.010220,0.059814,0.929966
0.973834,0.026038,0.000128
0.310353,0.689243,0.000404
0.426003,0.564179,0.009818
0.003193,0.014890,0.981916
0.158972,0.810433,0.030596
0.023537,0.368037,0.608426
0.995554,0.004446,0.000000
0.971704,0.028296,0.000000
0.260692,0.725694,0.013614
0.990649,0.009351,0.000000
0.314844,0.683689,0.001468
0.007976,0.983243,0.008781
0.977085,0.022914,0.000001
0.004849,0.112233,0.882918
0.418547,0.581099,0.000354
0.719829,0.280118,0.000053
0.122952,0.480229,0.396819
0.995513,0.004487,0.000000
0.991995,0.008000,0.000005
0.135067,0.853017,0.011917
0.120911,0.863999,0.015090
0.991007,0.008993,0.000000
0.997126,0.002874,0.000000
0.005417,0.007660,0.986923
0.000088,0.000037,0.999875
0.408595,0.582032,0.009373
0.013109,0.129826,0.857064
0.021978,0.425196,0.552826
0.829354,0.169821,0.000825
0.130654,0.869018,0.000328
0.080600,0.228017,0.691383
0.961858,0.038141,0.000000
0.444390,0.555607,0.000003
0.001670,0.992244,0.006086
0.241422,0.758549,0.000029
0.891412,0.108587,0.000001
0.006451,0.110083,0.883465
0.617633,0.382319,0.000048
0.967528,0.032157,0.000315
0.970051,0.029949,0.000000
0.013457,0.368890,0.617653
0.374510,0.625446,0.000044
0.134323,0.863523,0.002154
0.980867,0.019133,0.000000
0.988902,0.011098,0.000000
0.005333,0.126385,0.868282
0.453716,0.546280,0.000004
0.141107,0.446688,0.412205
0.231209,0.768523,0.000267
0.054911,0.647168,0.297922
0.279344,0.692946,0.027710
0.000878,0.000339,0.998782
0.983152,0.016834,0.000014
0.001864,0.687697,0.310438
0.314915,0.685074,0.000011
0.001989,0.019277,0.978734
0.992508,0.007492,0.000000
0.001426,0.988548,0.010026
0.997204,0.002796,0.000000
0.182319,0.817495,0.000187
0.000945,0.000075,0.998980
0.974899,0.025078,0.000023
0.980289,0.019711,0.000000
0.179625,0.819661,0.000713
0.990414,0.009586,0.000000
0.244503,0.385749,0.369748
0.340555,0.655163,0.004282
0.384374,0.615623,0.000003
0.991530,0.008470,0.000000
0.481823,0.517819,0.000358
0.968985,0.031015,0.000000
0.968291,0.031317,0.000391
0.994780,0.005220,0.000000
0.991529,0.008471,0.000000
0.724885,0.275104,0.000010
0.017482,0.034807,0.947711
0.962472,0.034237,0.003291
0.302930,0.506280,0.190790
0.955977,0.042053,0.001970
0.000985,0.976046,0.022969
0.981086,0.018914,0.000000
0.812228,0.185427,0.002345
0.934163,0.065837,0.000000
0.075145,0.194087,0.730768
0.221931,0.740867,0.037202
0.012781,0.212316,0.774903
0.007069,0.014010,0.978921
0.043046,0.132275,0.824678
0.996203,0.003797,0.000000
0.011998,0.725546,0.262456
0.225281,0.762910,0.011809
0.993120,0.006880,0.000000
0.213297,0.767477,0.019227
0.966754,0.033246,0.000000
0.230192,0.769088,0.000720
0.001615,0.004778,0.993607
0.885805,0.102258,0.011937
0.020498,0.053833,0.925668
0.037188,0.647591,0.315221
0.230163,0.758500,0.011338
0.048173,0.616946,0.334881
0.774088,0.222823,0.003090
0.101426,0.690302,0.208272
0.196075,0.780729,0.023196
0.000160,0.000035,0.999805
0.899294,0.100431,0.000275
0.995530,0.004470,0.000000
0.500647,0.499353,0.000000
0.731660,0.267848,0.000492
0.930104,0.069871,0.000025
0.992665,0.007335,0.000000
0.010893,0.572330,0.416777
0.521171,0.478827,0.000002
0.008693,0.056579,0.934727
0.985300,0.014700,0.000000
0.433616,0.431217,0.135167
0.036448,0.422788,0.540764
0.996141,0.003859,0.000000
0.979468,0.020532,0.000000
0.009387,0.731125,0.259487
0.003900,0.809335,0.186765
0.726744,0.272513,0.000743
0.024296,0.752683,0.223021
0.990333,0.009666,0.000000
0.036281,0.187120,0.776599
0.975166,0.024834,0.000000
0.508213,0.491702,0.000084
0.483268,0.516562,0.000170
0.352582,0.631305,0.016113
0.897035,0.101675,0.001290
0.004258,0.735956,0.259786
0.009220,0.091207,0.899573
0.190185,0.804851,0.004965
0.564028,0.435933,0.000038
0.372032,0.627968,0.000000
0.385399,0.614507,0.000094
0.032735,0.494354,0.472911
0.030049,0.072337,0.897614
0.033454,0.759808,0.206738
0.991675,0.008325,0.000000
0.995429,0.004571,0.000000
0.398556,0.601443,0.000001
0.298114,0.701876,0.000009
0.043394,0.535107,0.421498
0.934131,0.065784,0.000085
0.007997,0.797573,0.194430
0.993913,0.006087,0.000000
0.917411,0.081555,0.001034
0.509634,0.490190,0.000176
0.017144,0.263822,0.719034
0.966968,0.033032,0.000000
0.067327,0.499612,0.433062
0.611491,0.388387,0.000122
0.058120,0.168922,0.772958
0.512090,0.487364,0.000546
0.002580,0.018263,0.979157
0.025065,0.061062,0.913873
0.003345,0.000293,0.996362
0.985586,0.014394,0.000020
0.003910,0.978063,0.018026
0.005479,0.009274,0.985247
0.026574,0.712634,0.260792
0.395664,0.604133,0.000203
0.991246,0.008754,0.000000
0.042113,0.296324,0.661563
0.000726,0.995005,0.004268
0.021001,0.527914,0.451086
0.994643,0.005357,0.000000
0.042499,0.133322,0.824179
0.977710,0.022290,0.000000
0.000800,0.000131,0.999069
0.049377,0.195802,0.754821
0.748601,0.239447,0.011952
0.704125,0.295875,0.000000
0.394789,0.605211,0.000000
0.984618,0.015382,0.000000
0.491845,0.508154,0.000001
0.956595,0.043405,0.000000
0.956188,0.043812,0.000000
0.178174,0.792503,0.029323
0.983154,0.016846,0.000000
0.992326,0.007674,0.000000
0.016192,0.779240,0.204567
0.096963,0.640944,0.262092
0.220520,0.779394,0.000085
0.441569,0.558408,0.000022
0.588482,0.411433,0.000085
0.007954,0.016901,0.975146
0.995302,0.004698,0.000000
0.000563,0.001620,0.997817
0.112035,0.311892,0.576072
0.177553,0.803893,0.018554
0.414970,0.585022,0.000008
0.380101,0.619890,0.000009
0.013236,0.058672,0.928093
0.041030,0.180695,0.778275
0.002043,0.978999,0.018958
0.990443,0.009557,0.000000
0.370877,0.584943,0.044180
0.996896,0.003104,0.000000
0.001151,0.002906,0.995943
0.025430,0.716483,0.258087
0.993151,0.006849,0.000000
0.254618,0.745162,0.000219
0.991700,0.008300,0.000000
0.431086,0.568910,0.000004
0.890799,0.109161,0.000040
0.995492,0.004508,0.000000
0.988005,0.011995,0.000000
0.301429,0.698571,0.000001
0.046212,0.110412,0.843377
0.010701,0.055241,0.934058
0.000450,0.002366,0.997184
0.006099,0.936257,0.057644
0.936782,0.063209,0.000009
0.998228,0.001772,0.000000
0.004456,0.823810,0.171734
0.932024,0.067969,0.000007
0.176777,0.708961,0.114262
0.659302,0.340590,0.000108
0.015097,0.504406,0.480496
0.996874,0.003126,0.000000
0.658576,0.341229,0.000195
0.993670,0.006330,0.000000
0.995186,0.004814,0.000000
0.993109,0.006891,0.000000
0.136489,0.383445,0.480065
0.253755,0.746063,0.000182
0.160178,0.400117,0.439705
0.125953,0.871842,0.002206
0.988990,0.011010,0.000000
0.367862,0.632128,0.000010
0.289278,0.710719,0.000002
0.008256,0.033322,0.958422
0.970714,0.029147,0.000140
0.011483,0.065079,0.923438
0.985892,0.014108,0.000000
0.983194,0.016806,0.000000
0.002144,0.001744,0.996112
0.280553,0.715009,0.004438
0.991005,0.008995,0.000000
0.986752,0.013248,0.000000
0.039611,0.668630,0.291759
0.708231,0.270918,0.020851
0.158880,0.696258,0.144863
0.906599,0.092361,0.001040
0.976003,0.023997,0.000000
0.469731,0.530260,0.000009
0.990459,0.009541,0.000000
0.624421,0.375546,0.000033
0.526233,0.473758,0.000009
0.026836,0.558897,0.414266
0.981425,0.018541,0.000034
0.625565,0.374129,0.000306
0.962902,0.036238,0.000860
0.403539,0.586657,0.009804
0.966043,0.033955,0.000002
0.987723,0.012277,0.000000
0.139670,0.856127,0.004203
0.929325,0.067583,0.003092
0.002768,0.994610,0.002622
0.479899,0.489039,0.031062
0.466519,0.533479,0.000002
0.506113,0.493861,0.000026
0.993021,0.006979,0.000000
0.762960,0.233728,0.003312
0.982751,0.017245,0.000004
0.939282,0.060685,0.000033
0.006873,0.042494,0.950632
0.995278,0.004722,0.000000
0.988389,0.011605,0.000006
0.007324,0.074829,0.917847
0.706696,0.293220,0.000084
0.004314,0.984232,0.011454
0.787465,0.203291,0.009245
0.237046,0.590958,0.171996
0.927372,0.072357,0.000272
0.006759,0.042542,0.950699
0.439821,0.560178,0.000000
0.982419,0.017581,0.000000
0.637588,0.362411,0.000000
0.002856,0.011148,0.985996
0.120237,0.832983,0.046780
0.764640,0.235334,0.000026
0.663160,0.333275,0.003566
0.274096,0.602394,0.123511
0.303424,0.647018,0.049558
0.978983,0.021017,0.000000
0.032190,0.283969,0.683841
0.844283,0.150931,0.004786
0.002289,0.996020,0.001692
0.963200,0.036652,0.000148
0.996435,0.003565,0.000000
0.028985,0.086166,0.884849
0.003668,0.018514,0.977819
0.081702,0.375889,0.542408
0.997468,0.002532,0.000000
0.483005,0.516995,0.000000
0.982087,0.016535,0.001378
0.334334,0.665622,0.000045
0.015745,0.610586,0.373669
0.718383,0.138672,0.142945
0.082767,0.916776,0.000458
0.970159,0.029841,0.000000
0.995278,0.004722,0.000000
0.011331,0.540924,0.447744
0.601439,0.398561,0.000000
0.025325,0.064270,0.910405
0.000613,0.000802,0.998586
0.465394,0.533762,0.000843
0.984470,0.015530,0.000000
0.974167,0.025833,0.000000
0.993126,0.006874,0.000000
0.995267,0.004733,0.000000
0.750245,0.249373,0.000382
0.968851,0.031117,0.000032
0.952430,0.045706,0.001864
0.979042,0.020921,0.000037
0.037801,0.531062,0.431137
0.013144,0.049066,0.937790
0.041690,0.596624,0.361685
0.943534,0.056454,0.000012
0.428327,0.524441,0.047232
0.995516,0.004484,0.000000
0.982102,0.017898,0.000000
0.010466,0.343316,0.646218
0.868397,0.131597,0.000006
0.064795,0.742897,0.192309
0.995427,0.004573,0.000000
0.963948,0.036052,0.000000
0.000067,0.000022,0.999910
0.408286,0.591713,0.000000
0.042756,0.297436,0.659808
0.103805,0.620142,0.276053
0.476291,0.523704,0.000005
0.019354,0.587330,0.393316
0.979027,0.020973,0.000000
0.991551,0.008449,0.000000
0.000725,0.000878,0.998398
0.992992,0.007008,0.000000
0.993807,0.006193,0.000000
0.974501,0.025328,0.000171
0.467506,0.532249,0.000245
0.996304,0.003696,0.000000
0.220173,0.334978,0.444849
0.308544,0.664910,0.026546
0.370949,0.589898,0.039153
0.001619,0.002166,0.996214
0.028848,0.118814,0.852338
0.662837,0.305660,0.031503
0.021270,0.302900,0.675830
0.000990,0.002462,0.996548
0.001477,0.994337,0.004186
0.043549,0.449745,0.506706
0.978173,0.021827,0.000000
0.000223,0.000051,0.999726
0.323358,0.674696,0.001946
0.989539,0.010461,0.000000
0.718596,0.281403,0.000001
0.023340,0.728394,0.248266
0.472802,0.527195,0.000003
0.949079,0.016090,0.034831
0.002193,0.985069,0.012738
0.167419,0.804716,0.027865
0.995328,0.004672,0.000000
0.725489,0.274511,0.000000
0.975238,0.024762,0.000000
0.279016,0.609771,0.111214
0.004626,0.035445,0.959929
0.980314,0.019686,0.000000
0.927245,0.043218,0.029537
0.353731,0.645886,0.000382
0.210719,0.789275,0.000006
0.019659,0.097387,0.882954
0.007094,0.364560,0.628346
0.000870,0.994634,0.004495
0.000018,0.000020,0.999962
0.963638,0.036362,0.000000
0.007008,0.262877,0.730115
0.000235,0.000204,0.999561
0.015515,0.469996,0.514489
0.768844,0.219481,0.011675
0.255513,0.744479,0.000009
0.014227,0.357415,0.628358
0.391908,0.608091,0.000000
0.991271,0.008729,0.000000
0.591817,0.408183,0.000001
0.994892,0.005108,0.000000
0.775110,0.224884,0.000007
0.583793,0.416207,0.000000
0.000069,0.000070,0.999862
0.966406,0.033459,0.000135
0.000085,0.000016,0.999899
0.237233,0.682127,0.080640
0.997267,0.002733,0.000000
0.985797,0.014203,0.000000
0.005635,0.976751,0.017615
0.034318,0.153005,0.812677
0.096473,0.770126,0.133401
0.916627,0.083154,0.000219
0.993939,0.006061,0.000000
0.013657,0.764944,0.221398
0.030802,0.202494,0.766704
0.202670,0.796669,0.000660
0.073242,0.409070,0.517687
0.033607,0.393039,0.573354
0.144967,0.435466,0.419567
0.084386,0.487861,0.427753
0.475024,0.423920,0.101056
0.011130,0.452462,0.536408
0.001535,0.998168,0.000298
0.509248,0.490751,0.000001
0.884563,0.115423,0.000013
0.091670,0.731196,0.177133
0.471697,0.528298,0.000005
0.101994,0.378967,0.519039
0.960250,0.039749,0.000000
0.000332,0.000221,0.999447
0.002599,0.006312,0.991089
0.968507,0.030196,0.001297
0.950374,0.049626,0.000000
0.001410,0.016152,0.982439
0.958404,0.041596,0.000000
0.652428,0.347296,0.000275
0.810651,0.167089,0.022260
0.990600,0.009400,0.000000
0.993732,0.006268,0.000000
0.168790,0.816381,0.014830
0.996024,0.003976,0.000000
0.305832,0.687171,0.006996
0.001191,0.008627,0.990182
0.984905,0.015094,0.000001
0.859794,0.140127,0.000079
0.560338,0.439656,0.000005
0.996199,0.003801,0.000000
0.375495,0.624505,0.000000
0.476029,0.519214,0.004757
0.684703,0.315116,0.000181
0.008052,0.080882,0.911066
0.383178,0.616818,0.000003
0.278494,0.675548,0.045958
0.000992,0.000117,0.998891
0.427015,0.572984,0.000001
0.994480,0.005520,0.000000
0.414234,0.585764,0.000001
0.008940,0.090504,0.900556
0.000278,0.000206,0.999516
0.889475,0.110131,0.000394
0.877366,0.122613,0.000020
0.029627,0.104789,0.865584
0.020160,0.118145,0.861695
0.385155,0.614821,0.000024
0.954108,0.043783,0.002108
0.058264,0.290099,0.651637
0.254581,0.726482,0.018937
0.018157,0.754816,0.227028
0.037327,0.580157,0.382516
0.799374,0.200603,0.000023
0.039384,0.610596,0.350021
0.027915,0.241186,0.730899
0.732887,0.267023,0.000090
0.314233,0.685019,0.000748
0.026155,0.082527,0.891318
0.465733,0.522772,0.011495
0.028912,0.086579,0.884509
0.016950,0.089924,0.893127
0.308259,0.687958,0.003783
0.420057,0.579871,0.000072
0.002666,0.997242,0.000092
0.028174,0.540863,0.430963
0.064403,0.690658,0.244939
0.000711,0.000158,0.999131
0.996178,0.003822,0.000000
0.010367,0.214139,0.775494
0.368397,0.620504,0.011099
0.994924,0.005076,0.000000
0.559999,0.393943,0.046058
0.482550,0.517450,0.000000
0.019242,0.476555,0.504203
0.020510,0.392164,0.587326
0.001383,0.998536,0.000081
0.304716,0.695258,0.000025
0.060602,0.720373,0.219025
0.080242,0.492495,0.427263
0.432047,0.567953,0.000000
0.549953,0.449949,0.000098
0.071639,0.661405,0.266956
0.432567,0.567432,0.000001
0.012957,0.063994,0.923050
0.104192,0.895561,0.000247
0.056327,0.597621,0.346052
0.004554,0.950395,0.045051
0.004599,0.994722,0.000680
0.795497,0.203378,0.001126
0.147258,0.025004,0.827737
0.001047,0.996822,0.002131
0.975117,0.024880,0.000003
0.814516,0.185375,0.000109
0.757078,0.241099,0.001823
0.085666,0.363787,0.550547
0.567571,0.409142,0.023288
0.280806,0.697091,0.022103
0.348154,0.649594,0.002251
0.003725,0.993753,0.002521
0.973548,0.026452,0.000000
0.240514,0.739364,0.020122
0.965579,0.034418,0.000003
0.015730,0.101229,0.883041
0.819635,0.180253,0.000112
0.007567,0.674226,0.318207
0.001693,0.998163,0.000144
0.199605,0.795306,0.005088
0.502768,0.497134,0.000098
0.457994,0.541922,0.000084
0.349740,0.646670,0.003591
0.958111,0.041884,0.000005
0.015002,0.984496,0.000502
0.676960,0.323031,0.000008
0.379771,0.620125,0.000104
0.700360,0.170789,0.128850
0.018335,0.534489,0.447176
0.583276,0.416724,0.000000
0.030833,0.093213,0.875954
0.042660,0.155436,0.801904
0.576696,0.423304,0.000000
0.944810,0.055190,0.000000
0.030482,0.300026,0.669491
0.978581,0.021419,0.000000
0.190605,0.754685,0.054710
0.431518,0.557328,0.011153
0.982444,0.017556,0.000000
0.988177,0.011823,0.000000
0.982620,0.017380,0.000000
0.281519,0.718477,0.000004
0.443477,0.556491,0.000033
0.002846,0.959088,0.038066
0.987433,0.012567,0.000000
0.042680,0.294524,0.662796
0.977004,0.022994,0.000002
0.980540,0.019460,0.000000
0.680147,0.254911,0.064942
0.920934,0.078733,0.000333
0.573040,0.426960,0.000000
0.000374,0.000795,0.998831
0.995210,0.004790,0.000000
0.100103,0.435357,0.464541
0.036063,0.292532,0.671405
0.023981,0.707074,0.268945
0.996015,0.003985,0.000000
0.012435,0.911845,0.075721
0.574258,0.417227,0.008515
0.370384,0.357718,0.271898
0.007123,0.203457,0.789420
0.854557,0.145421,0.000023
0.772723,0.217882,0.009395
0.994019,0.005981,0.000000
0.030557,0.087401,0.882042
0.529495,0.470499,0.000006
0.003514,0.013665,0.982821
0.986631,0.013369,0.000000
0.023761,0.111389,0.864850
0.203134,0.732874,0.063992
0.036750,0.125895,0.837354
0.980984,0.019015,0.000000
0.989266,0.010676,0.000058
0.988944,0.011056,0.000000
0.406547,0.592995,0.000458
0.130992,0.867410,0.001598
0.995478,0.004522,0.000000
0.974881,0.024978,0.000141
0.001639,0.997033,0.001327
0.023116,0.605362,0.371522
0.509216,0.490784,0.000001
0.023959,0.077288,0.898753
0.993187,0.006813,0.000000
0.011875,0.100324,0.887800
0.003217,0.996073,0.000709
0.025100,0.098915,0.875986
0.427080,0.550987,0.021933
0.027409,0.100533,0.872057
0.940996,0.059004,0.000000
0.883290,0.115685,0.001025
0.000156,0.000132,0.999711
0.996225,0.003775,0.000000
0.944072,0.055924,0.000004
0.177473,0.803693,0.018834
0.996393,0.003607,0.000000
0.239961,0.734431,0.025608
0.981858,0.018142,0.000000
0.025516,0.710383,0.264101
0.471901,0.528099,0.000000
0.004275,0.993995,0.001730
0.019572,0.060010,0.920417
0.989838,0.010162,0.000000
0.033204,0.167019,0.799777
0.966903,0.033097,0.000000
0.091558,0.737709,0.170733
0.974788,0.017501,0.007711
0.024293,0.394864,0.580843
0.001005,0.996211,0.002784
0.303328,0.696656,0.000015
0.328091,0.671907,0.000002
0.750794,0.235696,0.013510
0.451551,0.393148,0.155301
0.994830,0.005100,0.000070
0.994964,0.005036,0.000000
0.990104,0.009896,0.000000
0.002354,0.024864,0.972782
0.994613,0.005387,0.000000
0.299560,0.700432,0.000008
0.985765,0.014235,0.000000
0.008790,0.762876,0.228334
0.223195,0.776756,0.000049
0.000974,0.998654,0.000372
0.472883,0.174995,0.352122
0.971536,0.028424,0.000041
0.051868,0.693246,0.254886
0.004284,0.007710,0.988007
0.661312,0.338688,0.000000
0.226935,0.771183,0.001883
0.056700,0.597103,0.346197
0.006996,0.040014,0.952991
0.001539,0.000367,0.998094
0.296935,0.552791,0.150274
0.382279,0.617556,0.000165
0.003579,0.993395,0.003026
0.000342,0.000895,0.998763
0.774926,0.224627,0.000446
0.061246,0.539864,0.398890
0.026634,0.584231,0.389135
0.000051,0.000096,0.999852
0.693062,0.306913,0.000025
0.005121,0.972856,0.022023
0.990067,0.009933,0.000000
0.003824,0.986733,0.009443
0.543961,0.455817,0.000222
0.830363,0.169610,0.000028
0.009442,0.711020,0.279538
0.151113,0.788440,0.060447
0.955021,0.044979,0.000000
0.374473,0.563840,0.061686
0.629374,0.330289,0.040337
0.158575,0.302461,0.538963
0.991692,0.008308,0.000000
0.981989,0.018011,0.000000
0.005986,0.236651,0.757363
0.996754,0.003246,0.000000
0.990079,0.009921,0.000000
0.271971,0.728024,0.000005
0.003424,0.079565,0.917011
0.997129,0.002871,0.000000
0.805155,0.194794,0.000051
0.385821,0.614175,0.000004
0.850526,0.149113,0.000361
0.008010,0.158138,0.833852
0.940024,0.059836,0.000141
0.677370,0.322630,0.000000
0.359380,0.614411,0.026209
0.506255,0.493745,0.000000
0.020874,0.108420,0.870706
0.017241,0.387086,0.595673
0.317540,0.682458,0.000001
0.805056,0.193566,0.001379
0.346791,0.643982,0.009227
0.037860,0.108070,0.854071
0.417625,0.582375,0.000001
0.014137,0.286715,0.699148
0.044573,0.642111,0.313316
0.479980,0.520019,0.000001
0.537697,0.169493,0.292810
0.286725,0.713066,0.000209
0.996320,0.003680,0.000000
0.980957,0.019043,0.000000
0.990616,0.009384,0.000000
0.017869,0.585940,0.396190
0.989061,0.010939,0.000000
0.004918,0.000722,0.994360
0.009677,0.875238,0.115085
0.343153,0.643560,0.013287
0.051667,0.282461,0.665873
0.324583,0.675413,0.000003
0.002246,0.989443,0.008312
0.918177,0.081823,0.000000
0.264572,0.701136,0.034293
0.004680,0.013293,0.982028
0.198386,0.630640,0.170975
0.237469,0.744118,0.018413
0.414514,0.585018,0.000468
0.177863,0.803747,0.018390
0.378634,0.621091,0.000275
0.052876,0.491744,0.455380
0.762745,0.237084,0.000171
0.984398,0.015412,0.000190
0.299434,0.700488,0.000078
0.074495,0.232518,0.692988
0.061576,0.573877,0.364547
0.456528,0.543130,0.000342
0.003582,0.068732,0.927686
0.219983,0.780011,0.000005
0.995774,0.004226,0.000000
0.995006,0.004994,0.000000
0.849596,0.148388,0.002016
0.028733,0.513615,0.457652
0.004513,0.005152,0.990334
0.547507,0.429926,0.022566
0.733143,0.266740,0.000117
0.389042,0.603064,0.007894
0.036651,0.448076,0.515273
0.239680,0.760258,0.000062
0.694788,0.287989,0.017223
0.000229,0.000388,0.999383
0.228470,0.749489,0.022041
0.981770,0.018229,0.000002
0.626988,0.373012,0.000000
0.262352,0.683212,0.054436
0.996085,0.003915,0.000000
0.991167,0.008821,0.000012
0.613082,0.386905,0.000013
0.028527,0.379211,0.592262
0.986856,0.013038,0.000105
0.008865,0.044770,0.946365
0.008204,0.898738,0.093058
0.993837,0.006163,0.000000
0.038844,0.405932,0.555224
0.799048,0.192839,0.008113
0.005802,0.048571,0.945626
0.001551,0.000123,0.998326
0.996209,0.003791,0.000000
0.024765,0.295099,0.680136
0.921317,0.078618,0.000064
0.018173,0.817860,0.163967
0.002317,0.023481,0.974202
0.008854,0.743836,0.247309
0.006687,0.065724,0.927589
0.945613,0.054387,0.000000
0.976683,0.023315,0.000003
0.979060,0.020850,0.000090
0.919566,0.080434,0.000000
0.455804,0.544196,0.000000
0.994455,0.005545,0.000000
0.936914,0.046694,0.016392
0.532840,0.467124,0.000036
0.009583,0.690142,0.300276
0.030519,0.573733,0.395748
0.166843,0.832841,0.000316
0.583144,0.361645,0.055211
0.001321,0.007514,0.991165
0.073952,0.670808,0.255240
0.004706,0.828921,0.166373
0.000696,0.001519,0.997785
0.998182,0.001818,0.000000
0.576359,0.423641,0.000000
0.275594,0.724404,0.000003
0.781012,0.045856,0.173132
0.001644,0.010842,0.987515
0.996389,0.003611,0.000000
0.994325,0.005675,0.000000
0.705721,0.269780,0.024500
0.829924,0.168172,0.001904
0.621071,0.378736,0.000193
0.409825,0.590168,0.000007
0.076194,0.213686,0.710120
0.072641,0.599628,0.327731
0.953547,0.046453,0.000000
0.449205,0.550792,0.000002
0.957501,0.042499,0.000000
0.550235,0.313032,0.136733
0.373112,0.621135,0.005753
0.968872,0.031128,0.000000
0.980708,0.019292,0.000000
0.397420,0.266473,0.336107
0.979765,0.020167,0.000068
0.988313,0.011461,0.000227
0.220021,0.424611,0.355368
0.006109,0.064984,0.928907
0.923695,0.076304,0.000001
0.996105,0.003895,0.000000
0.005658,0.033829,0.960512
0.025214,0.153446,0.821340
0.951204,0.048768,0.000028
0.342932,0.651287,0.005781
0.315544,0.684441,0.000015
0.168374,0.746755,0.084871
0.002564,0.937492,0.059944
0.047504,0.395889,0.556607
0.242802,0.756697,0.000500
0.008457,0.034883,0.956660
0.832169,0.167206,0.000625
0.010914,0.411000,0.578085
0.321578,0.678420,0.000002
0.003987,0.072594,0.923419
0.991392,0.008608,0.000000
0.992284,0.007716,0.000000
0.439109,0.558501,0.002390
0.603693,0.396306,0.000001
0.005426,0.977595,0.016979
0.001726,0.991263,0.007011
0.548385,0.451599,0.000016
0.951028,0.048605,0.000368
0.017790,0.561689,0.420521
0.989964,0.010035,0.000001
0.956935,0.043065,0.000000
0.987594,0.012406,0.000000
0.003649,0.996204,0.000147
0.020023,0.119695,0.860282
0.077245,0.274560,0.648195
0.009361,0.035916,0.954723
0.948215,0.051785,0.000000
0.990723,0.009277,0.000000
0.987522,0.012444,0.000034
0.005368,0.051488,0.943144
0.996115,0.003885,0.000000
0.004131,0.994655,0.001214
0.994681,0.005319,0.000000
0.238757,0.753516,0.007728
0.022403,0.499565,0.478032
0.596475,0.386138,0.017387
0.029719,0.538624,0.431658
0.006292,0.867989,0.125719
0.947815,0.051515,0.000670
0.001918,0.994825,0.003256
0.994736,0.005264,0.000000
0.004234,0.081692,0.914074
0.002420,0.997462,0.000118
0.640713,0.359098,0.000189
0.369359,0.603077,0.027564
0.996409,0.003592,0.000000
0.850563,0.149299,0.000139
0.002812,0.994942,0.002247
0.570057,0.429943,0.000000
0.991294,0.008706,0.000000
0.003946,0.989642,0.006412
0.069290,0.006960,0.923750
0.228725,0.771253,0.000022
0.482281,0.517719,0.000000
0.473977,0.524186,0.001837
0.007856,0.047420,0.944724
0.005708,0.966755,0.027538
0.265040,0.733738,0.001222
0.030655,0.159321,0.810024
0.055124,0.271391,0.673485
0.001292,0.004425,0.994283
0.984342,0.015658,0.000000
0.225291,0.638265,0.136444
0.992916,0.007084,0.000000
0.394898,0.604398,0.000704
0.987460,0.012540,0.000000
0.968312,0.031688,0.000000
0.997081,0.002919,0.000000
0.467509,0.474685,0.057806
0.001672,0.982674,0.015654
0.015734,0.604147,0.380119
0.970869,0.029131,0.000000
0.993769,0.006231,0.000000
0.034054,0.105011,0.860934
0.318024,0.678135,0.003841
0.987518,0.012482,0.000000
0.294988,0.704869,0.000143
0.781367,0.217207,0.001426
0.319359,0.680352,0.000289
0.982720,0.017280,0.000000
0.485947,0.509776,0.004277
0.800372,0.199611,0.000017
0.957435,0.042565,0.000000
0.122707,0.876695,0.000598
0.424394,0.575584,0.000022
0.118076,0.511870,0.370054
0.719525,0.250623,0.029852
0.019956,0.309926,0.670118
0.988008,0.011992,0.000000
0.992793,0.007207,0.000000
0.987920,0.012043,0.000038
0.996782,0.003218,0.000000
0.974887,0.025113,0.000001
0.988268,0.011731,0.000000
0.003809,0.980886,0.015305
0.825898,0.119975,0.054127
0.004477,0.994470,0.001053
0.007296,0.978763,0.013941
0.986874,0.013125,0.000000
0.379282,0.591097,0.029622
0.035809,0.429186,0.535005
0.013895,0.360833,0.625272
0.978466,0.021534,0.000000
0.416263,0.583447,0.000291
0.000776,0.996717,0.002507
0.662497,0.337474,0.000029
0.741528,0.255625,0.002847
0.745439,0.254548,0.000013
0.992427,0.007573,0.000000
0.001599,0.001620,0.996780
0.934484,0.065516,0.000000
0.029893,0.096343,0.873765
