0.017742,0.079098,0.048450,0.061988,0.459244,0.134154,0.056328,0.019197,0.070107,0.053692
0.053041,0.170378,0.107140,0.119905,0.104771,0.132376,0.113895,0.109870,0.045219,0.043404
0.050772,0.088594,0.088336,0.176659,0.185135,0.075978,0.130012,0.081492,0.066884,0.056138
0.056939,0.125539,0.109757,0.091924,0.111288,0.129783,0.117737,0.106295,0.048617,0.102122
0.044874,0.142048,0.038922,0.085675,0.142327,0.231806,0.133156,0.034536,0.053038,0.093617
0.029429,0.171563,0.090987,0.091885,0.083698,0.110232,0.227902,0.083558,0.074358,0.036389
0.039755,0.045014,0.019763,0.061537,0.480880,0.117305,0.070251,0.068138,0.032563,0.064793
0.046024,0.131202,0.045705,0.131039,0.117786,0.150183,0.110782,0.142093,0.072777,0.052410
0.036253,0.093899,0.069951,0.110055,0.122897,0.170129,0.105152,0.124442,0.059693,0.107529
0.037003,0.132622,0.121736,0.118782,0.132466,0.061793,0.090826,0.125324,0.048207,0.131241
0.020906,0.064332,0.202531,0.070080,0.414588,0.063302,0.058765,0.016878,0.039694,0.048924
0.043662,0.103806,0.119678,0.106183,0.205761,0.051157,0.111180,0.108865,0.053326,0.096382
0.058524,0.133850,0.085681,0.080372,0.257190,0.045435,0.178604,0.077898,0.033608,0.048836
0.025910,0.132197,0.314640,0.089013,0.083998,0.122890,0.092263,0.049363,0.042828,0.046899
0.083352,0.097554,0.103361,0.099042,0.098858,0.128576,0.109655,0.094638,0.091803,0.093161
0.024962,0.105751,0.094539,0.074954,0.173706,0.089291,0.187395,0.084970,0.080301,0.084132
0.027250,0.146278,0.092005,0.092007,0.223667,0.110912,0.089928,0.091043,0.041347,0.085562
0.034429,0.133535,0.112816,0.079839,0.227921,0.057373,0.109191,0.104623,0.050225,0.090049
0.027531,0.085939,0.093574,0.087549,0.276410,0.048557,0.109106,0.102384,0.093306,0.075644
0.043197,0.115639,0.119574,0.080053,0.233932,0.057372,0.113468,0.104492,0.041854,0.090418
0.059265,0.121629,0.240348,0.068603,0.068155,0.083681,0.170971,0.068203,0.056428,0.062717
0.033159,0.098625,0.068854,0.118892,0.131557,0.179640,0.118600,0.089189,0.073428,0.088056
0.046984,0.133268,0.072789,0.134741,0.106771,0.180651,0.150433,0.028642,0.047146,0.098576
0.025431,0.058893,0.213668,0.075034,0.389128,0.085523,0.058479,0.016675,0.026231,0.050939
0.056061,0.105429,0.072448,0.102067,0.148424,0.068382,0.116007,0.184846,0.077069,0.069267
0.031524,0.132246,0.131961,0.133988,0.131201,0.088468,0.142434,0.031747,0.052329,0.124102
0.043678,0.088624,0.096811,0.103575,0.091687,0.090489,0.208924,0.090714,0.091666,0.093831
0.038251,0.083178,0.264735,0.089265,0.160625,0.124708,0.093666,0.050578,0.043581,0.051414
0.047933,0.112781,0.048146,0.119033,0.139993,0.215057,0.094889,0.071237,0.060039,0.090893
0.071953,0.163757,0.095624,0.097631,0.095399,0.070181,0.186541,0.024890,0.102828,0.091196
0.014463,0.101119,0.285142,0.063984,0.274962,0.045320,0.098474,0.016982,0.058555,0.040999
0.024285,0.045258,0.204474,0.054419,0.425283,0.064398,0.052055,0.064674,0.021521,0.043633
0.052420,0.122345,0.037068,0.114538,0.134459,0.192727,0.127368,0.032864,0.085277,0.100935
0.039343,0.111983,0.130943,0.120259,0.126838,0.063936,0.125104,0.121215,0.046001,0.114378
0.022270,0.063679,0.231246,0.067334,0.260960,0.110907,0.072930,0.073660,0.023404,0.073610
0.051662,0.088479,0.093855,0.090222,0.174459,0.115964,0.214506,0.021083,0.046721,0.103049
0.036621,0.097550,0.111462,0.099061,0.279940,0.045931,0.075425,0.106268,0.040455,0.107287
0.050964,0.120367,0.133242,0.117901,0.132693,0.056623,0.120207,0.073890,0.091022,0.103092
0.033676,0.072581,0.329789,0.070903,0.087009,0.105248,0.101531,0.091145,0.052733,0.055384
0.082557,0.103085,0.113812,0.095634,0.105988,0.146194,0.104414,0.101353,0.046206,0.100756
0.051129,0.098465,0.051377,0.113700,0.149696,0.137482,0.125213,0.157418,0.050460,0.065060
0.036928,0.073490,0.268803,0.069000,0.080039,0.071330,0.073145,0.018085,0.225617,0.083564
0.097847,0.093844,0.113200,0.099422,0.114032,0.134955,0.118517,0.024417,0.115253,0.088514
0.019522,0.045254,0.204204,0.049461,0.431249,0.078421,0.054204,0.047932,0.020461,0.049292
0.035467,0.106819,0.127084,0.106942,0.113903,0.063427,0.178235,0.112773,0.047304,0.108046
0.017723,0.066757,0.021129,0.049085,0.573497,0.096804,0.083948,0.018478,0.049620,0.022959
0.049786,0.199113,0.100773,0.112474,0.100087,0.137451,0.086101,0.097488,0.047391,0.069336
0.029250,0.059584,0.041249,0.065195,0.477235,0.087212,0.063814,0.084548,0.027824,0.064090
0.078280,0.101811,0.105682,0.084485,0.165590,0.128615,0.084766,0.061665,0.094327,0.094778
0.037244,0.148858,0.313070,0.087580,0.074081,0.125542,0.079368,0.020434,0.041085,0.072738
0.032021,0.072304,0.025960,0.081465,0.513979,0.040195,0.062343,0.059693,0.025640,0.086399
0.046497,0.081594,0.100303,0.091434,0.154164,0.117782,0.186207,0.086420,0.040707,0.094893
0.024285,0.086094,0.297623,0.105770,0.094112,0.092860,0.094095,0.089104,0.066489,0.049567
0.041804,0.116171,0.039504,0.113435,0.108113,0.242398,0.103240,0.140215,0.045239,0.049882
0.045695,0.074805,0.248383,0.069762,0.223822,0.094192,0.079258,0.043831,0.054939,0.065311
0.100222,0.101913,0.110630,0.087371,0.107082,0.109163,0.104909,0.108728,0.048601,0.121381
0.034044,0.083449,0.064506,0.127816,0.126336,0.129640,0.095203,0.127358,0.085040,0.126609
0.059148,0.176787,0.127845,0.098766,0.119139,0.064803,0.132253,0.124831,0.049290,0.047137
0.055841,0.108939,0.236080,0.050529,0.160599,0.072698,0.167345,0.057059,0.053352,0.037558
0.024296,0.075856,0.302348,0.071968,0.186718,0.105118,0.060927,0.073963,0.032293,0.066514
0.027223,0.066710,0.273604,0.082014,0.075492,0.134875,0.124561,0.089414,0.045848,0.080259
0.022355,0.079600,0.315303,0.067664,0.083631,0.085331,0.174907,0.049199,0.039973,0.082038
0.052620,0.094818,0.112919,0.114094,0.104614,0.155197,0.091082,0.067339,0.102961,0.104356
0.080965,0.122269,0.042283,0.098891,0.112226,0.149803,0.145624,0.145807,0.048745,0.053388
0.027808,0.093795,0.095980,0.092981,0.093860,0.132692,0.207158,0.098495,0.060414,0.096817
0.062543,0.107016,0.115007,0.103808,0.107416,0.150253,0.112863,0.098614,0.097700,0.044779
0.040968,0.068752,0.032271,0.054537,0.428787,0.043545,0.088104,0.121656,0.043545,0.077835
0.048248,0.125411,0.130466,0.114476,0.120503,0.063368,0.111225,0.113907,0.047627,0.124768
0.030182,0.103662,0.041084,0.126629,0.106302,0.206038,0.095597,0.119583,0.062229,0.108693
0.045564,0.168093,0.107614,0.084954,0.232477,0.054511,0.155658,0.063159,0.045575,0.042394
0.034953,0.149146,0.113345,0.113979,0.104896,0.059446,0.114145,0.101654,0.084747,0.123689
0.079336,0.079250,0.085545,0.080649,0.129806,0.116800,0.194995,0.073609,0.069396,0.090614
0.031316,0.054232,0.315481,0.084731,0.336777,0.035370,0.058983,0.021933,0.030420,0.030759
0.047256,0.129282,0.062858,0.140483,0.139428,0.075042,0.156191,0.093750,0.061280,0.094429
0.032099,0.089868,0.309166,0.058376,0.243986,0.047626,0.121918,0.019044,0.032416,0.045501
0.055550,0.213745,0.097542,0.097758,0.094302,0.149695,0.113548,0.023181,0.058441,0.096239
0.027587,0.177490,0.101536,0.099314,0.092161,0.139368,0.111360,0.102365,0.083276,0.065543
0.020901,0.054529,0.026937,0.082327,0.518891,0.083063,0.063652,0.074392,0.027688,0.047621
0.027459,0.156232,0.102118,0.095519,0.165536,0.131718,0.107582,0.062000,0.044973,0.106863
0.028503,0.119651,0.256846,0.060574,0.157861,0.095705,0.158435,0.062401,0.034096,0.025929
0.101526,0.104561,0.118685,0.111246,0.111977,0.059406,0.165408,0.066270,0.064099,0.096821
0.087092,0.081311,0.096819,0.095002,0.155940,0.119296,0.076136,0.094386,0.089399,0.104619
0.035195,0.080740,0.278022,0.091658,0.161459,0.135161,0.066563,0.084930,0.033842,0.032428
0.046672,0.078406,0.286831,0.072733,0.081901,0.103157,0.164302,0.076796,0.040300,0.048902
0.039090,0.125289,0.323112,0.074310,0.082722,0.111286,0.063147,0.079840,0.032731,0.068472
0.032076,0.111128,0.117794,0.129318,0.111072,0.168083,0.119427,0.028084,0.069860,0.113158
0.094159,0.113902,0.108300,0.103086,0.101139,0.148188,0.097611,0.097125,0.044254,0.092237
0.023465,0.050332,0.021584,0.039432,0.534047,0.123320,0.065433,0.068261,0.035921,0.038204
0.023019,0.054316,0.021020,0.078647,0.506892,0.096019,0.059675,0.076417,0.035475,0.048521
0.052956,0.099908,0.108603,0.091441,0.095805,0.138856,0.114032,0.098591,0.096999,0.102808
0.030004,0.067191,0.184362,0.057955,0.394656,0.087601,0.053127,0.053483,0.019626,0.051996
0.033258,0.106567,0.068632,0.117229,0.119628,0.165941,0.123662,0.128762,0.047384,0.088938
0.033439,0.065075,0.386491,0.106583,0.066610,0.042248,0.069218,0.122715,0.047134,0.060486
0.059684,0.101445,0.104407,0.104290,0.108807,0.147313,0.104864,0.095565,0.081254,0.092373
0.053746,0.075303,0.329672,0.080367,0.086418,0.130332,0.080561,0.076870,0.031794,0.054936
0.037567,0.101449,0.041936,0.123277,0.143702,0.139856,0.148952,0.144191,0.075517,0.043553
0.053698,0.122412,0.125262,0.117204,0.216535,0.076374,0.122888,0.027953,0.090517,0.047157
0.036727,0.102061,0.112366,0.101795,0.108235,0.135074,0.109978,0.110545,0.062651,0.120569
0.047047,0.099810,0.045115,0.166130,0.155996,0.160666,0.135165,0.072787,0.051960,0.065323
0.035020,0.108529,0.116610,0.127231,0.108884,0.133428,0.110967,0.109996,0.046169,0.103166
0.048379,0.101999,0.104830,0.111280,0.247309,0.067229,0.104464,0.024132,0.094443,0.095935
0.079185,0.093886,0.101680,0.101116,0.140317,0.096708,0.194578,0.059814,0.043381,0.089336
0.093981,0.115906,0.110551,0.080430,0.111656,0.137890,0.098621,0.107384,0.041735,0.101844
0.031619,0.097331,0.259131,0.078047,0.186180,0.101154,0.081883,0.044876,0.035819,0.083959
0.040331,0.152574,0.103803,0.105774,0.105010,0.056075,0.197226,0.099210,0.039424,0.100573
0.034248,0.103524,0.116875,0.102379,0.251810,0.049604,0.081921,0.100095,0.073587,0.085957
0.056040,0.084892,0.369762,0.077079,0.083753,0.043652,0.108854,0.085733,0.028922,0.061314
0.050115,0.160372,0.105443,0.103926,0.104805,0.128115,0.105400,0.097539,0.046298,0.097986
0.032286,0.112370,0.067214,0.107296,0.118184,0.162077,0.119881,0.125415,0.050593,0.104684
0.033245,0.136483,0.037974,0.141690,0.142612,0.178467,0.157226,0.037002,0.060788,0.074513
0.046706,0.091731,0.107863,0.100138,0.137515,0.107596,0.114227,0.104180,0.094014,0.096030
0.052759,0.091211,0.093498,0.093070,0.093592,0.137812,0.208098,0.059959,0.062879,0.107121
0.034663,0.112487,0.119088,0.104997,0.115740,0.171611,0.100263,0.073956,0.054571,0.112624
0.057081,0.098674,0.100761,0.098759,0.263058,0.048884,0.075364,0.099383,0.068011,0.090025
0.016937,0.107241,0.253735,0.064908,0.200889,0.069051,0.148550,0.072336,0.030213,0.036140
0.020037,0.058050,0.273217,0.059763,0.347874,0.034122,0.061118,0.015645,0.062265,0.067908
0.050365,0.100848,0.102639,0.098862,0.158524,0.127883,0.111051,0.098081,0.058866,0.092881
0.046238,0.087432,0.035485,0.089878,0.123105,0.171002,0.137244,0.132302,0.110307,0.067008
0.021094,0.072510,0.044952,0.072188,0.439365,0.123850,0.079453,0.041369,0.035496,0.069722
0.078331,0.086519,0.099049,0.087492,0.249236,0.042750,0.148066,0.094515,0.037782,0.076259
0.068256,0.103998,0.115308,0.112627,0.107893,0.161822,0.131377,0.027996,0.061393,0.109332
0.026022,0.091993,0.094809,0.079977,0.143206,0.130821,0.185073,0.082514,0.101922,0.063663
0.037772,0.081727,0.362101,0.088745,0.091089,0.044462,0.084086,0.100691,0.038534,0.070794
0.079128,0.146933,0.086302,0.079354,0.080846,0.114684,0.220451,0.073215,0.035915,0.083173
0.041940,0.113120,0.035377,0.141390,0.113103,0.208577,0.107168,0.063232,0.053221,0.122873
0.022161,0.051189,0.205873,0.047754,0.426030,0.068431,0.070976,0.051860,0.028093,0.027633
0.032763,0.079442,0.288964,0.081266,0.080278,0.143069,0.096050,0.076242,0.054352,0.067574
0.028560,0.075494,0.370124,0.073934,0.080227,0.043611,0.114796,0.078678,0.050939,0.083638
0.030931,0.135508,0.247601,0.062903,0.070676,0.100580,0.170629,0.044346,0.065035,0.071791
0.038888,0.137558,0.044371,0.099925,0.150602,0.066194,0.125737,0.163082,0.046712,0.126930
0.021624,0.061057,0.042793,0.062806,0.450655,0.109907,0.083005,0.081166,0.034840,0.052147
0.029447,0.084695,0.372857,0.085723,0.097456,0.046601,0.090636,0.053916,0.038017,0.100649
0.056468,0.105653,0.296309,0.082788,0.095797,0.117229,0.093275,0.077422,0.031393,0.043667
0.071147,0.091113,0.100230,0.089916,0.092121,0.118813,0.208372,0.093144,0.039497,0.095646
0.029209,0.101777,0.103614,0.114288,0.177375,0.150571,0.093248,0.025896,0.081044,0.122978
0.022462,0.064220,0.021455,0.073236,0.516260,0.098445,0.075359,0.076385,0.024700,0.027479
0.041180,0.049445,0.021371,0.073479,0.519734,0.105985,0.074469,0.069884,0.022684,0.021768
0.028174,0.053785,0.041320,0.052172,0.452012,0.120755,0.092275,0.069301,0.023341,0.066863
0.061380,0.110346,0.076081,0.127655,0.151866,0.065218,0.122552,0.110305,0.074957,0.099639
0.032605,0.093740,0.100134,0.099381,0.095250,0.093957,0.212672,0.099119,0.078382,0.094761
0.032404,0.109357,0.336707,0.056468,0.073206,0.042398,0.144190,0.078690,0.060952,0.065628
0.035993,0.118085,0.290747,0.091785,0.093996,0.143333,0.097908,0.025864,0.054236,0.048052
0.047522,0.116782,0.047559,0.118023,0.140652,0.224626,0.123190,0.066963,0.053553,0.061131
0.037016,0.132494,0.039447,0.117825,0.125798,0.198912,0.110285,0.134501,0.045526,0.058196
0.061447,0.157563,0.316452,0.083905,0.074252,0.106756,0.067253,0.019710,0.036442,0.076220
0.044382,0.133092,0.051900,0.091142,0.141103,0.192236,0.129975,0.038317,0.077929,0.099924
0.026623,0.085683,0.368253,0.082404,0.096097,0.047268,0.089722,0.098654,0.041510,0.063786
0.090111,0.168394,0.097287,0.103711,0.177692,0.124740,0.110479,0.022652,0.059384,0.045549
0.025449,0.072935,0.315736,0.079144,0.085292,0.107403,0.089882,0.093226,0.084423,0.046512
0.029542,0.113086,0.066514,0.130265,0.103921,0.145411,0.129946,0.113887,0.059762,0.107665
0.029404,0.116834,0.101195,0.100728,0.100072,0.118497,0.230582,0.094826,0.063152,0.044709
0.023336,0.041739,0.318329,0.065861,0.251031,0.037483,0.086702,0.099818,0.048589,0.027111
0.063019,0.109586,0.119237,0.110856,0.105913,0.139144,0.121415,0.115736,0.037267,0.077826
0.052605,0.108617,0.112291,0.107048,0.110381,0.056503,0.179627,0.119159,0.094648,0.059121
0.033577,0.044950,0.028992,0.092512,0.524608,0.041833,0.096434,0.046145,0.040386,0.050562
0.018807,0.063034,0.186462,0.050548,0.413222,0.073836,0.067061,0.054252,0.019768,0.053010
0.042520,0.123007,0.074176,0.079996,0.129776,0.161302,0.124258,0.126283,0.045363,0.093318
0.017767,0.067344,0.020439,0.057502,0.569936,0.095953,0.056587,0.068424,0.025074,0.020975
0.031088,0.108971,0.116429,0.116281,0.129398,0.068195,0.162781,0.110965,0.044104,0.111789
0.039470,0.114038,0.064441,0.089451,0.119919,0.187132,0.125877,0.079818,0.067989,0.111865
0.034269,0.120498,0.072609,0.110727,0.129436,0.152290,0.128324,0.131620,0.076724,0.043503
0.050098,0.115730,0.140339,0.114308,0.230578,0.055555,0.119539,0.073004,0.054186,0.046663
0.039447,0.059992,0.226850,0.047321,0.408379,0.027883,0.066859,0.060575,0.025456,0.037237
0.055864,0.073017,0.436421,0.056952,0.066975,0.046577,0.112780,0.045788,0.053446,0.052180
0.021162,0.046229,0.024432,0.070560,0.496618,0.123046,0.062219,0.076347,0.035127,0.044259
0.047562,0.090099,0.363032,0.104899,0.090328,0.048823,0.093585,0.050980,0.033478,0.077215
0.023513,0.049837,0.021265,0.058372,0.525822,0.097018,0.061436,0.077899,0.050215,0.034624
0.024043,0.060898,0.223951,0.063577,0.369540,0.029328,0.059604,0.073146,0.027038,0.068874
0.044091,0.153170,0.097314,0.092539,0.096858,0.051799,0.204883,0.102905,0.068929,0.087513
0.023934,0.193780,0.087445,0.090452,0.086431,0.107910,0.220343,0.055746,0.045084,0.088874
0.049577,0.116298,0.115699,0.113581,0.124848,0.063961,0.123043,0.116622,0.116149,0.060223
0.026617,0.093586,0.106920,0.099753,0.232553,0.053742,0.102192,0.098003,0.080062,0.106573
0.068353,0.107783,0.107949,0.124113,0.105976,0.153209,0.099162,0.027256,0.093772,0.112426
0.052790,0.071524,0.048256,0.079261,0.377679,0.131826,0.086076,0.046583,0.032535,0.073470
0.020792,0.051959,0.025053,0.067489,0.543404,0.035161,0.060701,0.096085,0.029547,0.069808
0.029885,0.123423,0.035188,0.104976,0.100617,0.165248,0.128632,0.098815,0.112556,0.100660
0.027882,0.080647,0.375734,0.076937,0.093312,0.041398,0.101112,0.118320,0.037291,0.047366
0.056467,0.132871,0.077050,0.153096,0.156827,0.066775,0.151011,0.041234,0.058149,0.106519
0.022407,0.054570,0.273950,0.076290,0.349851,0.032335,0.062486,0.036482,0.028262,0.063366
0.058213,0.074476,0.238883,0.062029,0.187350,0.101951,0.127124,0.068949,0.027835,0.053191
0.032859,0.094875,0.111533,0.094797,0.102848,0.127623,0.208152,0.098241,0.053384,0.075687
0.058377,0.097676,0.114756,0.097142,0.260193,0.047816,0.096577,0.103671,0.047085,0.076708
0.026132,0.057708,0.034142,0.089959,0.466332,0.038502,0.097019,0.046137,0.038584,0.105486
0.029251,0.060768,0.426990,0.124648,0.081858,0.044531,0.072005,0.051005,0.035902,0.073042
0.036187,0.080419,0.309597,0.066925,0.084097,0.126697,0.090981,0.092065,0.037118,0.075916
0.031561,0.114048,0.101836,0.096843,0.092593,0.095682,0.220854,0.088004,0.048458,0.110120
0.033215,0.055253,0.023965,0.089080,0.538627,0.084300,0.061230,0.038654,0.025391,0.050285
0.053757,0.159148,0.112383,0.090424,0.124504,0.060444,0.120292,0.105270,0.063370,0.110408
0.039258,0.125894,0.111969,0.105497,0.111341,0.137358,0.113692,0.110171,0.046722,0.098098
0.034521,0.133480,0.121912,0.089930,0.128035,0.067971,0.127345,0.125672,0.052106,0.119028
0.055330,0.119541,0.122353,0.116705,0.112940,0.088570,0.180898,0.027307,0.063316,0.113040
0.052901,0.109385,0.089262,0.132722,0.177046,0.076961,0.155896,0.086595,0.066829,0.052403
0.038729,0.069054,0.030659,0.053616,0.451849,0.088998,0.060740,0.112294,0.033926,0.060135
0.033412,0.076183,0.309261,0.077527,0.077322,0.121750,0.102346,0.098325,0.028919,0.074956
0.060263,0.146604,0.088387,0.089250,0.089277,0.088403,0.200512,0.081490,0.092968,0.062846
0.050013,0.109475,0.186785,0.052816,0.149568,0.075698,0.055431,0.013896,0.248756,0.057563
0.024356,0.069703,0.389311,0.083003,0.083857,0.047246,0.091209,0.092173,0.032474,0.086668
0.054850,0.115684,0.072326,0.126126,0.139502,0.181573,0.143768,0.069575,0.051904,0.044692
0.046513,0.112685,0.118792,0.101613,0.122052,0.142068,0.124380,0.074027,0.051356,0.106516
0.045433,0.115793,0.073159,0.107854,0.107660,0.062473,0.142891,0.144136,0.057649,0.142951
0.043766,0.105689,0.043315,0.128402,0.133908,0.216802,0.094521,0.091944,0.056852,0.084802
0.035072,0.071295,0.038010,0.064050,0.458526,0.042318,0.092192,0.073160,0.068656,0.056721
0.030441,0.049305,0.025550,0.078750,0.544232,0.073793,0.067997,0.074775,0.026578,0.028579
0.038162,0.080429,0.373711,0.091486,0.101670,0.044583,0.066768,0.098541,0.034211,0.070439
0.051234,0.099414,0.070789,0.078596,0.131754,0.174623,0.124398,0.138658,0.046761,0.083772
0.027044,0.079293,0.375815,0.097675,0.079519,0.041493,0.085300,0.075811,0.055426,0.082622
0.022903,0.086849,0.084642,0.086972,0.215235,0.111774,0.210988,0.022297,0.069491,0.088849
0.031592,0.045380,0.370397,0.055352,0.190000,0.039389,0.075342,0.112519,0.037908,0.042122
0.032687,0.107566,0.112645,0.115843,0.102850,0.152782,0.110269,0.100028,0.051563,0.113768
0.015634,0.122547,0.228360,0.063242,0.169673,0.080800,0.168135,0.038399,0.054520,0.058690
0.042309,0.081814,0.297788,0.089532,0.092621,0.093379,0.097080,0.086792,0.036481,0.082204
0.104233,0.106294,0.117543,0.104766,0.113889,0.111869,0.115528,0.108205,0.047246,0.070427
0.030449,0.093761,0.097185,0.094066,0.172290,0.094350,0.202825,0.093106,0.040020,0.081949
0.050339,0.109042,0.045006,0.129924,0.111228,0.172598,0.138221,0.085088,0.071334,0.087221
0.043298,0.096435,0.094437,0.092798,0.093527,0.136462,0.210530,0.096903,0.044649,0.090963
0.036517,0.097042,0.042395,0.102502,0.148054,0.205952,0.117296,0.111496,0.051006,0.087740
0.074263,0.082673,0.292817,0.079764,0.080289,0.086481,0.089701,0.082315,0.050045,0.081650
0.050743,0.081929,0.296945,0.054760,0.095914,0.115812,0.090472,0.099422,0.039159,0.074844
0.028788,0.051867,0.024744,0.040057,0.558055,0.098580,0.074925,0.076899,0.024105,0.021980
0.023235,0.099272,0.302965,0.089894,0.094222,0.115602,0.097321,0.092793,0.032766,0.051929
0.039296,0.078499,0.105142,0.100640,0.326747,0.043711,0.089568,0.086790,0.039172,0.090434
0.048858,0.120566,0.115482,0.088094,0.160373,0.135506,0.116175,0.065814,0.085230,0.063901
0.041510,0.159396,0.101928,0.097839,0.097496,0.051205,0.208519,0.107457,0.075688,0.058962
0.033001,0.060614,0.365812,0.109542,0.088738,0.043901,0.094046,0.107636,0.031581,0.065129
0.033977,0.111357,0.116515,0.102328,0.116739,0.136854,0.119365,0.103840,0.053219,0.105807
0.036576,0.087717,0.329103,0.068090,0.085687,0.093628,0.070231,0.088846,0.044131,0.095991
0.025212,0.096225,0.373586,0.090640,0.091703,0.048983,0.102038,0.086666,0.042459,0.042490
0.067520,0.123302,0.119460,0.118226,0.106102,0.118487,0.120291,0.029447,0.071265,0.125900
0.027601,0.054665,0.037661,0.059294,0.487283,0.116629,0.074141,0.071428,0.027944,0.043355
0.083376,0.116910,0.047291,0.112236,0.125968,0.133595,0.124211,0.031812,0.130304,0.094297
0.046915,0.097659,0.042201,0.149280,0.146135,0.137050,0.097898,0.154339,0.044107,0.084415
0.065891,0.129504,0.055180,0.118959,0.162669,0.071915,0.151800,0.043125,0.085321,0.115635
0.035501,0.171026,0.074077,0.072304,0.150154,0.091039,0.174933,0.069602,0.095494,0.065869
0.064323,0.113360,0.035023,0.082569,0.125568,0.202912,0.133964,0.032462,0.119151,0.090667
0.020825,0.094273,0.383790,0.077503,0.083314,0.043044,0.084459,0.076121,0.059835,0.076836
0.025726,0.097326,0.293518,0.082489,0.082071,0.148970,0.084187,0.088172,0.030690,0.066851
0.053350,0.112369,0.051506,0.110786,0.169918,0.073139,0.170097,0.115517,0.052405,0.090914
0.036327,0.100195,0.072889,0.118815,0.124002,0.145529,0.130663,0.085298,0.048300,0.137983
0.038880,0.126712,0.110574,0.113122,0.104129,0.132162,0.115406,0.114284,0.047192,0.097539
0.025356,0.088420,0.313228,0.098568,0.101621,0.114248,0.107598,0.051071,0.035192,0.064697
0.097900,0.167513,0.099060,0.096508,0.089485,0.134967,0.104179,0.100526,0.067118,0.042744
0.022033,0.081053,0.025914,0.059657,0.612362,0.044289,0.065466,0.023795,0.038922,0.026509
0.026078,0.048910,0.220073,0.073174,0.365205,0.088735,0.061225,0.068617,0.025887,0.022096
0.037001,0.111408,0.050277,0.120409,0.124303,0.142057,0.131882,0.154393,0.048310,0.079960
0.022088,0.101938,0.266215,0.073501,0.175103,0.104399,0.083152,0.046140,0.058139,0.069325
0.089544,0.105569,0.103216,0.090501,0.094077,0.145552,0.110772,0.065572,0.100577,0.094619
0.043312,0.107012,0.075766,0.191991,0.152498,0.067817,0.118480,0.067145,0.060559,0.115420
0.044809,0.070927,0.072020,0.078216,0.145970,0.092613,0.072597,0.017225,0.322837,0.082787
0.085390,0.079679,0.079817,0.092050,0.193222,0.078228,0.205825,0.021071,0.068993,0.095725
0.024223,0.058315,0.058211,0.062078,0.113808,0.075870,0.131318,0.014558,0.401319,0.060300
0.055448,0.125162,0.048545,0.114133,0.121416,0.180697,0.130872,0.034825,0.078269,0.110633
0.026186,0.087244,0.277229,0.075402,0.077981,0.116359,0.160090,0.076884,0.029501,0.073123
0.051361,0.121075,0.047655,0.103781,0.128246,0.213923,0.119176,0.034500,0.072624,0.107660
0.034420,0.142456,0.039726,0.113580,0.127134,0.223836,0.134774,0.069583,0.050320,0.064171
0.033870,0.093401,0.328294,0.088835,0.099286,0.103137,0.104902,0.027380,0.055821,0.065074
0.083096,0.151080,0.090529,0.089257,0.192340,0.088582,0.091385,0.084211,0.049416,0.080105
0.035859,0.098213,0.105506,0.116291,0.169127,0.129500,0.110784,0.092940,0.047711,0.094069
0.069870,0.181761,0.088520,0.075577,0.088965,0.099978,0.208089,0.051663,0.049854,0.085722
0.071742,0.129431,0.045114,0.092163,0.134075,0.173793,0.121539,0.126294,0.040867,0.064983
0.042287,0.093271,0.105438,0.093399,0.180565,0.117272,0.104617,0.100850,0.073381,0.088920
0.077195,0.173862,0.083172,0.085375,0.086274,0.081062,0.218833,0.075173,0.045438,0.073616
0.053839,0.119637,0.128426,0.121093,0.117492,0.059200,0.132263,0.120282,0.086477,0.061291
0.088835,0.147830,0.096609,0.078028,0.130056,0.114360,0.096534,0.095670,0.065033,0.087047
0.041904,0.080763,0.093756,0.089849,0.090418,0.110433,0.209336,0.095981,0.083481,0.104080
0.039622,0.155371,0.095255,0.097067,0.086531,0.060640,0.205670,0.095552,0.075674,0.088619
0.048114,0.126367,0.044807,0.121958,0.150913,0.154815,0.129513,0.108806,0.050394,0.064314
0.035371,0.105843,0.076924,0.119892,0.127509,0.200919,0.144485,0.035356,0.054611,0.099089
0.054805,0.061243,0.371183,0.094879,0.079172,0.042338,0.088364,0.018996,0.126530,0.062490
0.030751,0.061558,0.044654,0.061312,0.437385,0.118623,0.080942,0.050319,0.045217,0.069240
0.065874,0.093288,0.109705,0.118714,0.103879,0.143843,0.089477,0.066568,0.100284,0.108367
0.027703,0.072747,0.257799,0.060708,0.220772,0.102446,0.068711,0.063775,0.064276,0.061061
0.035147,0.082990,0.363948,0.102248,0.092016,0.049445,0.106309,0.098238,0.037458,0.032202
0.041646,0.094847,0.291123,0.085889,0.096986,0.113811,0.097779,0.051987,0.038141,0.087792
0.037933,0.062633,0.025645,0.086572,0.534398,0.040276,0.075527,0.022806,0.044434,0.069777
0.042832,0.080064,0.079462,0.120480,0.164965,0.067593,0.136333,0.171556,0.059289,0.077428
0.048530,0.094659,0.051763,0.104510,0.301685,0.059062,0.140504,0.070603,0.055677,0.073007
0.031845,0.114374,0.117942,0.110149,0.126668,0.060571,0.124818,0.121592,0.085753,0.106287
0.046216,0.059181,0.045292,0.058964,0.438667,0.113523,0.090751,0.063425,0.027494,0.056486
0.041245,0.054505,0.028097,0.058544,0.565708,0.033787,0.045498,0.092026,0.047667,0.032922
0.023777,0.083722,0.089274,0.082755,0.163144,0.120881,0.184629,0.080194,0.074846,0.096778
0.053281,0.084495,0.076868,0.094247,0.159625,0.067125,0.103452,0.174256,0.069972,0.116679
0.038632,0.047491,0.020155,0.072955,0.492999,0.116961,0.074461,0.053174,0.057854,0.025319
0.040793,0.114477,0.042608,0.151913,0.127771,0.060417,0.098326,0.153204,0.080370,0.130121
0.077018,0.157843,0.096559,0.102751,0.096661,0.128523,0.090392,0.083182,0.075831,0.091241
0.029641,0.186433,0.102166,0.106184,0.092293,0.140256,0.107747,0.091042,0.053730,0.090507
0.057751,0.078881,0.292617,0.082318,0.085152,0.147944,0.089764,0.067106,0.041018,0.057449
0.042178,0.097977,0.100306,0.099671,0.087328,0.094371,0.212148,0.094556,0.084379,0.087086
0.036108,0.091319,0.316736,0.106156,0.082597,0.152991,0.077732,0.058207,0.035359,0.042795
0.041774,0.096235,0.039999,0.095589,0.137661,0.145417,0.145463,0.142137,0.042602,0.113123
0.052039,0.106085,0.247184,0.066813,0.206076,0.105009,0.074296,0.017969,0.054084,0.070444
0.067935,0.111146,0.114589,0.113876,0.100685,0.160487,0.114631,0.026274,0.061309,0.129069
0.035299,0.047115,0.031167,0.051932,0.593570,0.037853,0.076011,0.039905,0.042528,0.044619
0.091868,0.094937,0.097979,0.096878,0.091885,0.115642,0.204305,0.058901,0.081532,0.066074
0.045826,0.080471,0.295422,0.083748,0.088427,0.130775,0.079573,0.084758,0.032319,0.078681
0.037761,0.125430,0.065987,0.102663,0.100141,0.178734,0.136379,0.114799,0.069579,0.068528
0.023144,0.075338,0.292069,0.076199,0.226743,0.041684,0.067946,0.017800,0.100924,0.078152
0.027799,0.074027,0.051757,0.062157,0.464495,0.106148,0.095591,0.051526,0.033531,0.032969
0.030646,0.067612,0.035756,0.075327,0.446095,0.051010,0.117895,0.077840,0.040085,0.057735
0.030636,0.063745,0.392621,0.059040,0.175619,0.041489,0.079300,0.074519,0.037809,0.045222
0.038343,0.125455,0.113358,0.103427,0.105509,0.136467,0.114845,0.108853,0.055311,0.098433
0.070180,0.085593,0.101308,0.112382,0.162200,0.124363,0.103756,0.099717,0.040880,0.099621
0.075557,0.105406,0.108037,0.105720,0.163373,0.158214,0.087623,0.105211,0.047063,0.043795
0.035217,0.100218,0.298653,0.091536,0.188916,0.110899,0.090021,0.020115,0.033678,0.030745
0.036583,0.045728,0.245124,0.050313,0.403288,0.026903,0.071794,0.055544,0.022147,0.042576
0.040727,0.099720,0.115017,0.116818,0.112949,0.146146,0.094993,0.069101,0.090801,0.113729
0.041713,0.094543,0.038168,0.114728,0.122951,0.186798,0.135024,0.138661,0.053483,0.073931
0.041187,0.094530,0.043411,0.117837,0.152186,0.146103,0.092341,0.152183,0.077225,0.082997
0.023875,0.115412,0.263852,0.063253,0.169836,0.099170,0.080112,0.045428,0.069628,0.069434
0.038788,0.104032,0.110997,0.105345,0.164035,0.137907,0.114744,0.103984,0.055201,0.064967
0.028598,0.057897,0.263407,0.065909,0.341585,0.029306,0.060012,0.032401,0.057135,0.063751
0.044132,0.163445,0.091114,0.087997,0.161301,0.132322,0.093707,0.085604,0.038368,0.102011
0.026739,0.097150,0.099538,0.107217,0.091626,0.132141,0.223493,0.060685,0.095669,0.065742
0.026068,0.071549,0.220135,0.067959,0.352755,0.092220,0.070901,0.019231,0.022727,0.056455
0.035546,0.117274,0.128357,0.126604,0.128974,0.061153,0.124479,0.116629,0.046950,0.114033
0.055967,0.130062,0.114096,0.108680,0.120464,0.057911,0.137701,0.065778,0.111418,0.097923
0.028274,0.056173,0.025187,0.086984,0.397489,0.145845,0.067096,0.086499,0.041204,0.065250
0.029808,0.087132,0.291648,0.084749,0.080227,0.143171,0.081951,0.084908,0.074568,0.041839
0.038340,0.097367,0.115337,0.109655,0.113769,0.144319,0.120168,0.111756,0.085088,0.064201
0.056174,0.103586,0.121501,0.099193,0.116729,0.161712,0.099091,0.114648,0.053555,0.073810
0.026680,0.092768,0.102473,0.109003,0.179941,0.120482,0.094063,0.099639,0.088213,0.086738
0.025037,0.090144,0.265511,0.055160,0.275463,0.074784,0.061627,0.064712,0.022045,0.065516
0.048868,0.084236,0.051214,0.129850,0.168567,0.071312,0.137048,0.076926,0.053502,0.178477
0.058462,0.081723,0.101529,0.096352,0.171874,0.121770,0.100923,0.103633,0.068815,0.094918
0.024855,0.087046,0.429317,0.064934,0.099662,0.047361,0.103644,0.051831,0.041640,0.049710
0.027171,0.097773,0.101951,0.100769,0.209243,0.102225,0.096369,0.100055,0.074647,0.089797
0.030655,0.116411,0.316377,0.086707,0.098617,0.092604,0.066944,0.085811,0.035329,0.070546
0.032691,0.076727,0.291309,0.078809,0.085330,0.123856,0.164682,0.018847,0.040714,0.087035
0.040213,0.096809,0.308722,0.103691,0.101706,0.101750,0.066633,0.051522,0.035368,0.093586
0.060557,0.136295,0.040056,0.114391,0.141137,0.194501,0.146253,0.035661,0.048785,0.082363
0.042683,0.115878,0.042987,0.112667,0.123773,0.201075,0.107504,0.128881,0.044637,0.079916
0.035324,0.115953,0.098464,0.090544,0.298253,0.050128,0.098684,0.087007,0.042939,0.082705
0.039546,0.116594,0.120389,0.130333,0.106156,0.069093,0.182074,0.068524,0.103910,0.063381
0.025305,0.150154,0.090857,0.084676,0.090842,0.106961,0.200057,0.055850,0.107157,0.088142
0.039658,0.119337,0.100630,0.100830,0.229754,0.055650,0.106019,0.100140,0.051109,0.096874
0.040678,0.125331,0.110225,0.092298,0.158978,0.159712,0.115520,0.067520,0.057345,0.072393
0.067209,0.127683,0.129504,0.121667,0.126624,0.079010,0.129573,0.030739,0.067375,0.120615
0.046759,0.109946,0.105060,0.094372,0.190662,0.117739,0.105801,0.097950,0.047982,0.083731
0.076056,0.087666,0.094198,0.098056,0.265152,0.045461,0.090364,0.101111,0.069383,0.072554
0.031835,0.108329,0.070969,0.110671,0.113471,0.168093,0.122531,0.095313,0.117064,0.061725
0.072539,0.069773,0.068683,0.073012,0.144751,0.082588,0.077987,0.016628,0.323066,0.070973
0.024489,0.061848,0.239429,0.057783,0.296195,0.092222,0.072722,0.080877,0.035681,0.038754
0.033455,0.086885,0.039841,0.133504,0.136203,0.189051,0.117004,0.144774,0.046191,0.073091
0.022773,0.079420,0.294691,0.070770,0.263383,0.041945,0.076908,0.076323,0.036183,0.037605
0.034145,0.084398,0.083777,0.085822,0.148624,0.124946,0.095051,0.019238,0.286702,0.037298
0.028560,0.088533,0.411256,0.060253,0.070666,0.047266,0.071888,0.130151,0.039671,0.051758
0.030923,0.170544,0.115122,0.117788,0.120740,0.060582,0.122335,0.113999,0.044628,0.103340
0.023618,0.058877,0.024334,0.082124,0.581546,0.032869,0.085810,0.021553,0.032785,0.056484
0.042646,0.144218,0.083444,0.110034,0.121248,0.070960,0.101443,0.197479,0.077582,0.050946
0.037126,0.065885,0.022890,0.075393,0.565743,0.037684,0.051599,0.021232,0.069190,0.053259
0.076423,0.086330,0.280329,0.067439,0.085948,0.113015,0.094561,0.085059,0.034500,0.076396
0.091543,0.102792,0.124247,0.132711,0.119476,0.060653,0.106707,0.109285,0.045441,0.107145
0.070583,0.141256,0.088604,0.104716,0.148452,0.082347,0.148406,0.044451,0.066870,0.104314
0.031763,0.106979,0.118403,0.099928,0.183531,0.112362,0.122904,0.108019,0.070167,0.045943
0.019372,0.058135,0.026483,0.056436,0.524621,0.082348,0.072268,0.083086,0.025939,0.051314
0.040327,0.133800,0.041099,0.123952,0.143375,0.200599,0.163779,0.038423,0.053414,0.061231
0.057580,0.120593,0.105150,0.100966,0.102220,0.123852,0.102479,0.097853,0.087894,0.101412
0.038997,0.097845,0.048531,0.147615,0.121449,0.140046,0.087129,0.108394,0.073374,0.136620
0.048055,0.117993,0.049195,0.115112,0.138340,0.067648,0.129150,0.189252,0.081925,0.063330
0.025150,0.053508,0.020149,0.053965,0.542891,0.069377,0.063567,0.070835,0.035861,0.064697
0.019088,0.104345,0.351725,0.091999,0.076133,0.043397,0.122445,0.084082,0.050230,0.056557
0.031306,0.098788,0.130393,0.109766,0.113286,0.057274,0.127673,0.117567,0.120857,0.093090
0.044766,0.091185,0.098786,0.083553,0.089923,0.136070,0.218440,0.092449,0.050221,0.094606
0.028603,0.173310,0.104405,0.098292,0.095847,0.123812,0.111686,0.101468,0.062682,0.099894
0.047303,0.072660,0.272007,0.074755,0.079609,0.116471,0.147770,0.077050,0.033503,0.078871
0.045463,0.065641,0.259447,0.066811,0.204542,0.071493,0.119686,0.065690,0.037889,0.063339
0.067031,0.074880,0.281900,0.074170,0.158522,0.098905,0.084273,0.044926,0.032817,0.082576
0.023401,0.055883,0.273500,0.061288,0.314507,0.032599,0.057999,0.068391,0.066546,0.045887
0.055960,0.103304,0.050959,0.092364,0.127152,0.222985,0.158016,0.034045,0.055876,0.099341
0.054194,0.100252,0.102475,0.095953,0.104609,0.115718,0.218303,0.092538,0.048050,0.067909
0.054200,0.180561,0.086232,0.083258,0.081307,0.107584,0.216338,0.080159,0.074937,0.035424
0.021252,0.054789,0.043772,0.058077,0.488661,0.086831,0.084306,0.090773,0.027691,0.043847
0.042864,0.122081,0.058553,0.156661,0.119423,0.071138,0.124597,0.179178,0.054999,0.070507
0.050847,0.138042,0.134220,0.120761,0.119026,0.061005,0.135601,0.116672,0.050873,0.072953
0.048119,0.097188,0.066968,0.128237,0.111351,0.190002,0.129411,0.099199,0.049921,0.079606
0.062192,0.118721,0.053699,0.098018,0.136535,0.191075,0.111073,0.087526,0.061887,0.079275
0.021285,0.069542,0.299458,0.068085,0.213032,0.092336,0.079591,0.068952,0.028355,0.059363
0.027317,0.153189,0.101700,0.102524,0.241070,0.059291,0.162726,0.057702,0.042280,0.052200
0.048136,0.155955,0.098447,0.098756,0.237712,0.067245,0.098313,0.023789,0.081492,0.090155
0.023105,0.071925,0.301201,0.099831,0.085816,0.149794,0.088435,0.096811,0.030442,0.052640
0.027594,0.090678,0.101776,0.092408,0.173697,0.122982,0.168972,0.089911,0.042168,0.089813
0.034515,0.089801,0.384927,0.089623,0.101372,0.045488,0.098740,0.079797,0.033419,0.042318
0.045981,0.130372,0.044803,0.149634,0.130933,0.066435,0.136029,0.149020,0.057007,0.089786
0.050239,0.106909,0.104061,0.099462,0.096237,0.066495,0.178141,0.099350,0.096618,0.102487
0.084448,0.094336,0.045539,0.080440,0.120415,0.065015,0.132409,0.173884,0.123501,0.080014
0.048203,0.100131,0.095889,0.093317,0.093528,0.122955,0.205652,0.088599,0.058464,0.093261
0.046134,0.195963,0.100702,0.100496,0.096160,0.138467,0.102398,0.090607,0.043404,0.085669
0.023706,0.065464,0.046802,0.064916,0.437688,0.121847,0.084916,0.044811,0.048867,0.060983
0.039659,0.092094,0.333619,0.107233,0.104126,0.091183,0.098582,0.021527,0.046093,0.065884
0.039911,0.100544,0.044441,0.154809,0.133867,0.159412,0.155638,0.092482,0.061408,0.057489
0.085550,0.096577,0.044596,0.104592,0.147595,0.205676,0.090764,0.071513,0.076094,0.077044
0.041377,0.105550,0.077997,0.175533,0.112497,0.066359,0.153133,0.172773,0.048418,0.046362
0.050254,0.083349,0.257655,0.082737,0.092165,0.109345,0.155498,0.053156,0.038009,0.077831
0.040446,0.074176,0.430799,0.063121,0.107897,0.049571,0.069780,0.076256,0.041211,0.046742
0.029960,0.070809,0.045914,0.104841,0.490008,0.039560,0.054529,0.102569,0.033574,0.028236
0.043471,0.072383,0.403402,0.094611,0.091797,0.054045,0.106335,0.021395,0.083330,0.029229
0.081392,0.093435,0.042574,0.147442,0.141479,0.150334,0.143788,0.109159,0.047485,0.042912
0.047739,0.075355,0.045674,0.067162,0.419029,0.112981,0.080436,0.065270,0.029016,0.057338
0.022546,0.078375,0.305230,0.066162,0.087141,0.116608,0.091529,0.078391,0.078538,0.075480
0.022103,0.068986,0.047457,0.072494,0.458680,0.111533,0.075019,0.043476,0.041598,0.058654
0.077584,0.078531,0.093545,0.087482,0.087806,0.127079,0.201054,0.079572,0.078939,0.088407
0.027625,0.068036,0.021564,0.067469,0.521099,0.076306,0.069335,0.035374,0.065351,0.047843
0.041052,0.116850,0.139911,0.128104,0.128676,0.066825,0.136442,0.133749,0.046200,0.062190
0.088275,0.088320,0.103594,0.123225,0.189570,0.056768,0.114051,0.106533,0.037061,0.092601
0.032761,0.100975,0.115874,0.114969,0.115991,0.143352,0.123433,0.117549,0.057399,0.077697
0.015764,0.053982,0.198061,0.065949,0.371085,0.098558,0.074127,0.064345,0.022378,0.035751
0.031430,0.154254,0.034509,0.116994,0.107503,0.178623,0.136206,0.123505,0.036578,0.080398
0.033956,0.118079,0.104947,0.092136,0.184373,0.124496,0.109430,0.094526,0.045178,0.092878
0.045506,0.094158,0.047333,0.136377,0.136156,0.143479,0.113928,0.128879,0.044025,0.110158
0.022827,0.052488,0.029244,0.086050,0.497806,0.086955,0.049399,0.074778,0.058702,0.041751
0.082845,0.106679,0.056258,0.106433,0.106229,0.071369,0.134112,0.176536,0.092817,0.066722
0.025626,0.066202,0.039584,0.048306,0.589108,0.036327,0.055292,0.019385,0.074670,0.045500
0.066916,0.124564,0.069815,0.068710,0.058209,0.085488,0.061341,0.015743,0.386974,0.062242
0.017319,0.068134,0.289324,0.085765,0.286518,0.039838,0.071463,0.017821,0.065033,0.058784
0.081095,0.085157,0.109051,0.092437,0.249144,0.053417,0.101983,0.107980,0.072104,0.047631
0.043061,0.113403,0.124136,0.092136,0.190074,0.062187,0.137145,0.128407,0.045353,0.064098
0.036724,0.105130,0.042691,0.158519,0.129942,0.148209,0.130971,0.072254,0.078499,0.097062
0.023526,0.085540,0.290899,0.088968,0.082542,0.106022,0.151559,0.081206,0.036594,0.053145
0.069010,0.110930,0.112404,0.109453,0.107748,0.163894,0.103468,0.028037,0.093273,0.101782
0.036735,0.072663,0.315176,0.081616,0.088608,0.111017,0.093132,0.085781,0.041538,0.073733
0.060663,0.073627,0.365488,0.073395,0.092159,0.042166,0.087741,0.089307,0.035302,0.080154
0.068877,0.154004,0.103803,0.110299,0.097547,0.140318,0.099158,0.064300,0.051607,0.110086
0.027608,0.139272,0.040510,0.109483,0.112652,0.183858,0.171932,0.122252,0.045125,0.047307
0.087363,0.161457,0.105930,0.093757,0.101665,0.054819,0.208652,0.056611,0.039949,0.089797
0.034610,0.101434,0.276051,0.078585,0.090665,0.135442,0.096519,0.066306,0.034418,0.085969
0.043840,0.108391,0.110054,0.109738,0.262187,0.052126,0.085576,0.107607,0.057230,0.063250
0.031108,0.080666,0.396409,0.081864,0.097534,0.050152,0.068212,0.089013,0.063157,0.041886
0.022794,0.144797,0.296195,0.083326,0.085797,0.108980,0.093771,0.053636,0.075302,0.035403
0.022635,0.074774,0.017053,0.051472,0.513198,0.076361,0.077540,0.066697,0.057517,0.042753
0.049105,0.121862,0.107323,0.098725,0.270135,0.056124,0.098965,0.101355,0.043137,0.053268
0.030488,0.127513,0.035591,0.109572,0.112358,0.172600,0.132967,0.122374,0.070322,0.086214
0.023257,0.081022,0.306018,0.083377,0.090126,0.111116,0.070683,0.085628,0.075224,0.073550
0.026388,0.099454,0.274428,0.075429,0.214636,0.096065,0.082259,0.074379,0.029050,0.027911
0.057566,0.159277,0.121335,0.110945,0.118551,0.063716,0.128666,0.071030,0.064906,0.104008
0.039675,0.120387,0.036951,0.072199,0.128002,0.173918,0.121243,0.136616,0.051442,0.119566
0.023620,0.050860,0.030938,0.091327,0.584837,0.038980,0.065323,0.042720,0.032837,0.038560
0.026690,0.070129,0.023778,0.081138,0.477326,0.108284,0.080397,0.060138,0.038150,0.033970
0.022812,0.072886,0.260354,0.055692,0.364047,0.028892,0.065629,0.062312,0.020335,0.047041
0.036358,0.075094,0.306130,0.081297,0.099098,0.148706,0.084050,0.095938,0.032722,0.040608
0.036499,0.148394,0.048095,0.122939,0.124404,0.192456,0.143191,0.032052,0.089755,0.062217
0.027377,0.078336,0.338500,0.074765,0.084969,0.109203,0.109293,0.095117,0.038922,0.043518
0.041969,0.089351,0.330811,0.089058,0.097470,0.130448,0.074822,0.023031,0.044169,0.078873
0.094738,0.114515,0.116914,0.136715,0.118175,0.176786,0.105079,0.026901,0.058578,0.051600
0.023498,0.082175,0.084981,0.078406,0.140439,0.104556,0.081463,0.019459,0.293546,0.091477
0.025988,0.092506,0.094039,0.101891,0.085940,0.106608,0.206142,0.082096,0.112326,0.092465
