0.027329,0.011720,0.222009,0.056552,0.269466,0.137034,0.062889,0.050621,0.079838,0.082543
0.075302,0.062503,0.083257,0.118655,0.124671,0.126817,0.112300,0.131390,0.073818,0.091288
0.035773,0.046593,0.060277,0.180779,0.189121,0.089821,0.197888,0.048309,0.100595,0.050844
0.083887,0.109403,0.080661,0.093429,0.096029,0.109754,0.101428,0.122380,0.099883,0.103147
0.060860,0.053904,0.169437,0.098610,0.105298,0.121629,0.114353,0.087788,0.064983,0.123137
0.065114,0.021740,0.104885,0.156023,0.122150,0.148141,0.019681,0.145015,0.114958,0.102292
0.031205,0.007975,0.194700,0.025212,0.469443,0.039616,0.037691,0.029080,0.137290,0.027787
0.075603,0.071715,0.179643,0.109173,0.092819,0.085393,0.105719,0.099136,0.079573,0.101226
0.057630,0.090527,0.157510,0.088833,0.088782,0.101788,0.056303,0.085424,0.188553,0.084649
0.066784,0.086951,0.059229,0.075313,0.083698,0.295927,0.078037,0.080236,0.090765,0.083062
0.016234,0.033590,0.420902,0.023472,0.350342,0.020210,0.026967,0.066236,0.019760,0.022288
0.046704,0.058166,0.043325,0.055804,0.093209,0.322968,0.061573,0.058358,0.202026,0.057866
0.099124,0.018882,0.055650,0.120315,0.164625,0.224231,0.019522,0.116303,0.105540,0.075809
0.065736,0.065138,0.308530,0.074195,0.082774,0.096517,0.082195,0.070890,0.058724,0.095301
0.100356,0.098034,0.087291,0.094579,0.098790,0.116014,0.099041,0.100164,0.111871,0.093860
0.060464,0.106817,0.074351,0.086093,0.163364,0.105300,0.073089,0.117992,0.115717,0.096812
0.067776,0.071221,0.075389,0.100501,0.146591,0.119660,0.112472,0.128667,0.070624,0.107099
0.060295,0.037011,0.059089,0.076462,0.140962,0.251641,0.089577,0.098007,0.112978,0.073977
0.051605,0.074922,0.054865,0.087303,0.214764,0.222635,0.047056,0.090492,0.081127,0.075230
0.062718,0.047600,0.069099,0.090145,0.126882,0.245321,0.100353,0.080885,0.074660,0.102337
0.106542,0.033193,0.238819,0.099357,0.107964,0.114241,0.029616,0.101197,0.089810,0.079262
0.084555,0.083563,0.168911,0.105025,0.092213,0.110967,0.101384,0.070074,0.086112,0.097196
0.072216,0.099030,0.230777,0.090602,0.081256,0.101139,0.069291,0.103722,0.070301,0.081666
0.027324,0.023949,0.468786,0.024636,0.296879,0.020012,0.031881,0.066115,0.016963,0.023454
0.085989,0.114677,0.071574,0.097026,0.091202,0.124813,0.123738,0.108505,0.083321,0.099155
0.072532,0.080894,0.060745,0.089444,0.075262,0.266556,0.083871,0.121640,0.068843,0.080213
0.059709,0.116993,0.073594,0.116163,0.106707,0.115525,0.068952,0.136226,0.090513,0.115619
0.066259,0.078894,0.226856,0.084900,0.130500,0.096653,0.081480,0.072861,0.065375,0.096223
0.056782,0.049770,0.185133,0.085371,0.082233,0.114175,0.087294,0.076102,0.188506,0.074635
0.062499,0.034229,0.095445,0.118408,0.120715,0.252416,0.038276,0.068575,0.089540,0.119897
0.037322,0.006031,0.252822,0.021031,0.063277,0.501902,0.006646,0.060995,0.019741,0.030233
0.017146,0.004899,0.564853,0.024088,0.274532,0.017400,0.032188,0.019346,0.021672,0.023874
0.077719,0.066312,0.189094,0.087939,0.090529,0.105362,0.096485,0.126315,0.072107,0.088136
0.071990,0.085929,0.073354,0.080854,0.081594,0.250786,0.088192,0.102709,0.077179,0.087413
0.004112,0.008166,0.287268,0.005091,0.656484,0.008239,0.007060,0.005069,0.011240,0.007271
0.061756,0.102979,0.075481,0.105738,0.173839,0.123340,0.081506,0.096493,0.068201,0.110666
0.055862,0.041466,0.060091,0.076361,0.160154,0.274607,0.081025,0.093981,0.069210,0.087241
0.081389,0.095065,0.086863,0.087962,0.091453,0.196573,0.098806,0.086998,0.088693,0.086199
0.047829,0.042247,0.543871,0.047069,0.053535,0.047721,0.055256,0.043154,0.052401,0.066919
0.104220,0.100638,0.083427,0.117556,0.110151,0.101598,0.104149,0.094318,0.088880,0.095062
0.082031,0.097785,0.205788,0.076853,0.086249,0.087880,0.096010,0.078652,0.095705,0.093049
0.003078,0.003959,0.100502,0.002894,0.003820,0.003184,0.004425,0.038325,0.835792,0.004021
0.082575,0.084152,0.062347,0.097795,0.088565,0.099070,0.088873,0.226746,0.083974,0.085902
0.018478,0.006687,0.571986,0.024163,0.221210,0.032203,0.038488,0.031960,0.025334,0.029491
0.067203,0.089073,0.074349,0.114613,0.093510,0.183669,0.061291,0.107685,0.092354,0.116252
0.088904,0.035267,0.284467,0.040978,0.253782,0.036311,0.044998,0.124464,0.038036,0.052793
0.076556,0.049390,0.080768,0.122282,0.102925,0.096933,0.112710,0.135944,0.112083,0.110410
0.039498,0.043730,0.193386,0.037069,0.477063,0.039087,0.058870,0.039342,0.033366,0.038589
0.098071,0.097792,0.079941,0.090135,0.146485,0.108421,0.093826,0.085232,0.101780,0.098319
0.037824,0.043894,0.313854,0.068846,0.060321,0.080487,0.077747,0.199078,0.054812,0.063136
0.038127,0.007329,0.191199,0.047348,0.218004,0.341592,0.006406,0.057817,0.045383,0.046793
0.075054,0.102202,0.077750,0.108721,0.155984,0.121882,0.044521,0.127151,0.075772,0.110963
0.097540,0.087428,0.216183,0.089061,0.070383,0.082410,0.092354,0.077095,0.079349,0.108196
0.070292,0.082397,0.205124,0.082807,0.084610,0.092130,0.093243,0.074249,0.105121,0.110026
0.083662,0.082350,0.201436,0.076891,0.146949,0.085145,0.087160,0.074848,0.075707,0.085852
0.104867,0.090607,0.082300,0.092225,0.108377,0.104118,0.102178,0.108178,0.100312,0.106838
0.056458,0.089066,0.165419,0.109728,0.093318,0.087371,0.091059,0.116863,0.081004,0.109714
0.085889,0.074344,0.069185,0.094983,0.106492,0.180218,0.107758,0.121103,0.072081,0.087948
0.085239,0.017947,0.223489,0.072489,0.172408,0.089462,0.016344,0.078264,0.182566,0.061792
0.053617,0.056370,0.345419,0.050419,0.205496,0.060039,0.058819,0.036812,0.072615,0.060395
0.047690,0.061653,0.380832,0.095007,0.063399,0.078014,0.052686,0.084103,0.059097,0.077517
0.090457,0.083870,0.218868,0.092235,0.101059,0.093288,0.051335,0.085677,0.087734,0.095475
0.087414,0.105778,0.082964,0.102430,0.102548,0.115942,0.103894,0.096612,0.100498,0.101920
0.100324,0.092527,0.135180,0.085210,0.093602,0.089449,0.097127,0.106322,0.086126,0.114134
0.079221,0.108281,0.088697,0.112863,0.112644,0.097883,0.071975,0.125598,0.087171,0.115667
0.088499,0.098853,0.079867,0.116092,0.106468,0.119343,0.102547,0.110632,0.091363,0.086337
0.008760,0.018431,0.075587,0.013308,0.418140,0.319312,0.022989,0.012991,0.097690,0.012793
0.063226,0.084697,0.061051,0.073760,0.076467,0.310764,0.081158,0.081458,0.085751,0.081667
0.077951,0.070508,0.333373,0.072229,0.072460,0.077663,0.079981,0.078017,0.065749,0.072068
0.045154,0.018986,0.074333,0.103657,0.178854,0.280145,0.024554,0.093870,0.073034,0.107412
0.047718,0.046890,0.045133,0.065425,0.065885,0.271695,0.071865,0.070858,0.244568,0.069962
0.105531,0.094375,0.066198,0.119058,0.140236,0.107976,0.043800,0.118460,0.098173,0.106193
0.002199,0.006256,0.533396,0.008622,0.067401,0.326376,0.015497,0.015488,0.003242,0.021523
0.039415,0.038413,0.073120,0.151480,0.102289,0.081729,0.199340,0.050924,0.094621,0.168670
0.016797,0.005531,0.265036,0.022139,0.080900,0.499144,0.005488,0.056676,0.018082,0.030206
0.053461,0.068160,0.088355,0.104072,0.118159,0.121863,0.115557,0.142818,0.086999,0.100554
0.065814,0.073422,0.079038,0.125664,0.114368,0.128805,0.108031,0.114002,0.097744,0.093111
0.026130,0.051374,0.416583,0.042751,0.289999,0.036193,0.006936,0.027518,0.046391,0.056125
0.071149,0.072317,0.074311,0.102866,0.142262,0.133993,0.114697,0.090782,0.079004,0.118619
0.041736,0.028514,0.218831,0.109167,0.212530,0.085891,0.022687,0.123356,0.063840,0.093449
0.088169,0.078194,0.067204,0.083675,0.084202,0.222991,0.036980,0.071716,0.196064,0.070805
0.090407,0.085702,0.070722,0.109438,0.159697,0.106261,0.081526,0.099885,0.099653,0.096708
0.055689,0.066732,0.270539,0.065224,0.233468,0.065967,0.064413,0.050220,0.064936,0.062813
0.080745,0.082409,0.206956,0.094497,0.081330,0.105694,0.069795,0.089538,0.084975,0.104059
0.067760,0.055028,0.343539,0.067432,0.063036,0.068899,0.080193,0.078216,0.081755,0.094144
0.070441,0.087417,0.070512,0.093708,0.092157,0.105263,0.093949,0.198102,0.071132,0.117318
0.105473,0.110014,0.078760,0.097169,0.109151,0.110730,0.103898,0.089501,0.100405,0.094899
0.038476,0.051021,0.263386,0.039947,0.328179,0.062469,0.066024,0.029361,0.038657,0.082480
0.029664,0.046274,0.263782,0.055138,0.297840,0.052125,0.007003,0.048646,0.146936,0.052592
0.079066,0.093790,0.071247,0.098586,0.091592,0.111709,0.096805,0.094171,0.170746,0.092289
0.026694,0.006483,0.505752,0.031850,0.268488,0.046347,0.036696,0.024808,0.023566,0.029316
0.076365,0.090064,0.190500,0.093494,0.091257,0.095100,0.093990,0.085928,0.092074,0.091229
0.009499,0.010328,0.566439,0.005879,0.006136,0.366821,0.012213,0.005603,0.007489,0.009594
0.087252,0.102165,0.080538,0.098477,0.104873,0.112836,0.104420,0.112994,0.093345,0.103101
0.053049,0.036954,0.539580,0.045554,0.046557,0.054316,0.059722,0.054543,0.064869,0.044856
0.079802,0.100296,0.148447,0.095917,0.086984,0.099921,0.101011,0.105949,0.086447,0.095224
0.055858,0.069947,0.052337,0.063338,0.104829,0.334696,0.071834,0.119576,0.062784,0.064800
0.077488,0.088837,0.084273,0.125474,0.099536,0.115635,0.103372,0.124907,0.075130,0.105347
0.068820,0.113888,0.109762,0.112965,0.105448,0.098490,0.109415,0.090114,0.082712,0.108385
0.086933,0.098661,0.080659,0.103595,0.096292,0.108579,0.101991,0.121367,0.108595,0.093328
0.052800,0.064180,0.063463,0.068315,0.174438,0.257335,0.072859,0.100507,0.076201,0.069901
0.111241,0.110081,0.073142,0.102111,0.134908,0.113532,0.061258,0.093160,0.084456,0.116111
0.105576,0.109380,0.079772,0.092438,0.102912,0.099685,0.102928,0.115301,0.089113,0.102897
0.052815,0.048696,0.266992,0.083139,0.169103,0.085418,0.080056,0.065787,0.069088,0.078905
0.039826,0.020517,0.076355,0.136421,0.131959,0.203424,0.019982,0.128848,0.116828,0.125839
0.066138,0.077613,0.062850,0.079126,0.141582,0.271382,0.077625,0.064475,0.073419,0.085791
0.007864,0.009433,0.419377,0.006347,0.004840,0.522789,0.002748,0.004748,0.013225,0.008630
0.068174,0.114074,0.100777,0.107879,0.107233,0.117163,0.111453,0.106968,0.072831,0.093448
0.088025,0.090195,0.193862,0.081297,0.092342,0.095194,0.098864,0.085318,0.086224,0.088680
0.064629,0.111783,0.118604,0.127906,0.108319,0.117536,0.094457,0.077821,0.078287,0.100658
0.077111,0.095577,0.077094,0.091403,0.157676,0.101469,0.097854,0.120008,0.091117,0.090692
0.082716,0.121844,0.103685,0.102965,0.115999,0.116917,0.053246,0.095196,0.089079,0.118353
0.098065,0.101733,0.081561,0.109665,0.095539,0.111004,0.098795,0.092487,0.106404,0.104748
0.074747,0.073836,0.056410,0.070971,0.123358,0.306494,0.072846,0.078205,0.068585,0.074548
0.047650,0.019374,0.256271,0.098096,0.218162,0.101789,0.017001,0.110541,0.048914,0.082202
0.009425,0.013174,0.181220,0.012287,0.110250,0.562802,0.015879,0.070528,0.011125,0.013309
0.074031,0.092957,0.075232,0.093578,0.167210,0.108052,0.090972,0.108392,0.071862,0.117714
0.084604,0.102455,0.111309,0.088705,0.094611,0.116746,0.081396,0.107875,0.099556,0.112744
0.014268,0.025805,0.157545,0.020417,0.593285,0.045229,0.003355,0.018460,0.099209,0.022427
0.077573,0.076918,0.063496,0.068956,0.196710,0.263461,0.040531,0.083214,0.062211,0.066931
0.079787,0.087649,0.066761,0.084475,0.082733,0.104457,0.090825,0.224147,0.091804,0.087364
0.071297,0.110461,0.066283,0.118996,0.121799,0.111034,0.044396,0.101945,0.155410,0.098380
0.007651,0.007737,0.286189,0.005413,0.003857,0.536484,0.002360,0.004979,0.137788,0.007543
0.148218,0.030608,0.067959,0.123005,0.144902,0.098776,0.026893,0.145933,0.065642,0.148065
0.050219,0.068402,0.182058,0.070937,0.066186,0.071229,0.053926,0.061398,0.306650,0.068992
0.011916,0.017685,0.448660,0.015541,0.243828,0.017930,0.002906,0.022190,0.186780,0.032563
0.051195,0.056801,0.505787,0.047788,0.041907,0.066878,0.057116,0.058744,0.055637,0.058147
0.015453,0.020768,0.220133,0.021059,0.016430,0.638668,0.011600,0.016586,0.018069,0.021236
0.054536,0.020821,0.244147,0.100436,0.107996,0.079552,0.020034,0.087460,0.196543,0.088476
0.042971,0.037827,0.071842,0.134497,0.133336,0.113289,0.035529,0.187285,0.096493,0.146930
0.012327,0.013205,0.150148,0.017080,0.518581,0.019529,0.019798,0.014661,0.214729,0.019940
0.003467,0.002553,0.211661,0.002942,0.002097,0.640341,0.004181,0.003331,0.125978,0.003450
0.066951,0.044842,0.453417,0.056616,0.059331,0.068515,0.069842,0.068935,0.045062,0.066488
0.097061,0.099596,0.075116,0.127395,0.103509,0.116451,0.079086,0.131638,0.064884,0.105263
0.070914,0.087239,0.085609,0.093780,0.137577,0.095079,0.087552,0.168614,0.074665,0.098971
0.036304,0.067634,0.264206,0.058418,0.293867,0.068602,0.010274,0.064577,0.034110,0.102009
0.072314,0.106374,0.311879,0.053060,0.180994,0.074915,0.009237,0.043880,0.067423,0.079924
0.033577,0.075350,0.222082,0.039875,0.355519,0.101268,0.007146,0.036977,0.076361,0.051844
0.078836,0.107731,0.071407,0.110264,0.088078,0.110714,0.130136,0.098830,0.089091,0.114914
0.080262,0.112416,0.073575,0.104609,0.108482,0.120351,0.065470,0.132101,0.107933,0.094801
0.022664,0.005516,0.303920,0.026524,0.024284,0.442845,0.005962,0.023742,0.116678,0.027865
0.044607,0.046106,0.418091,0.060951,0.066817,0.075930,0.065766,0.113539,0.047300,0.060894
0.076453,0.053821,0.229496,0.090895,0.092022,0.112605,0.101273,0.076741,0.075368,0.091326
0.059534,0.077337,0.098339,0.115650,0.107242,0.139798,0.130182,0.095960,0.074180,0.101777
0.064107,0.064544,0.239660,0.075119,0.068951,0.093012,0.075468,0.159326,0.083385,0.076427
0.055400,0.086769,0.264943,0.075501,0.066245,0.081494,0.087573,0.114402,0.067940,0.099732
0.006019,0.005635,0.136392,0.005617,0.003918,0.571878,0.006465,0.004588,0.253726,0.005760
0.074234,0.086127,0.076532,0.097625,0.145235,0.121968,0.109008,0.115953,0.082356,0.090961
0.054220,0.056636,0.529247,0.050460,0.038426,0.053284,0.059730,0.042879,0.051591,0.063526
0.052363,0.082982,0.192572,0.077492,0.071408,0.079979,0.042247,0.090163,0.221692,0.089102
0.071531,0.119023,0.083919,0.127654,0.113234,0.119713,0.043533,0.117706,0.104578,0.099108
0.008189,0.000929,0.517712,0.003015,0.149515,0.300310,0.005798,0.002479,0.005541,0.006514
0.090983,0.098291,0.077981,0.090792,0.098643,0.111486,0.099577,0.104891,0.124646,0.102709
0.089679,0.099195,0.075611,0.090497,0.106448,0.213448,0.044727,0.109021,0.077144,0.094231
0.017682,0.002398,0.109605,0.010156,0.409194,0.301891,0.026865,0.005257,0.103706,0.013248
0.019815,0.009505,0.500125,0.044105,0.204111,0.068348,0.007498,0.051273,0.038200,0.057021
0.066662,0.080265,0.169718,0.092215,0.095407,0.105943,0.107659,0.115794,0.071995,0.094342
0.032069,0.082170,0.247215,0.032303,0.419957,0.045735,0.006473,0.031386,0.053465,0.049225
0.073203,0.109408,0.070759,0.094038,0.105802,0.217583,0.054761,0.093987,0.074965,0.105494
0.069969,0.098416,0.236617,0.079285,0.080858,0.109154,0.091864,0.059603,0.084110,0.090123
0.085181,0.089068,0.210597,0.084947,0.090657,0.090885,0.098717,0.081460,0.078978,0.089510
0.064842,0.077317,0.054124,0.069764,0.110412,0.324760,0.079398,0.068958,0.077878,0.072546
0.000559,0.001457,0.582851,0.000653,0.183633,0.226594,0.000730,0.000336,0.000678,0.002507
0.004092,0.004848,0.688158,0.003924,0.002196,0.275677,0.004883,0.002295,0.004139,0.009788
0.022556,0.058950,0.365332,0.035939,0.361149,0.041423,0.005976,0.036258,0.030847,0.041569
0.006243,0.006135,0.263097,0.005822,0.003953,0.687220,0.007067,0.006162,0.007878,0.006423
0.044696,0.047773,0.246391,0.047737,0.336979,0.046008,0.064220,0.043653,0.041543,0.080999
0.001737,0.001337,0.450556,0.000309,0.264860,0.278549,0.001100,0.000409,0.000647,0.000496
0.046801,0.020240,0.083160,0.130197,0.143753,0.189283,0.020832,0.153074,0.106014,0.106644
0.060490,0.021037,0.092763,0.142062,0.151171,0.157947,0.019931,0.108278,0.143563,0.102758
0.069559,0.084092,0.070221,0.085769,0.081794,0.252751,0.089193,0.088441,0.085699,0.092481
0.055553,0.067816,0.055675,0.080387,0.203211,0.261310,0.072275,0.071188,0.060589,0.071998
0.075601,0.088458,0.072701,0.094093,0.085116,0.093557,0.085810,0.209962,0.103394,0.091308
0.024704,0.027407,0.155422,0.026357,0.628134,0.027247,0.031776,0.021428,0.035169,0.022358
0.028470,0.005856,0.202849,0.057584,0.170378,0.381732,0.005161,0.050634,0.051088,0.046249
0.060420,0.089960,0.126981,0.103911,0.075746,0.114768,0.114027,0.097529,0.109341,0.107317
0.014342,0.008132,0.532790,0.006622,0.004180,0.294274,0.007406,0.005345,0.116414,0.010495
0.081764,0.092110,0.120079,0.107356,0.079939,0.172368,0.098947,0.067357,0.085287,0.094792
0.000882,0.000541,0.438521,0.000743,0.132903,0.423007,0.001435,0.000741,0.000608,0.000618
0.074235,0.083126,0.239818,0.064145,0.206170,0.089776,0.035037,0.078603,0.065991,0.063099
0.077414,0.109747,0.080928,0.133302,0.116756,0.122401,0.051597,0.111552,0.094185,0.102120
0.071521,0.072529,0.055331,0.073430,0.128876,0.315004,0.076013,0.074445,0.066460,0.066391
0.017038,0.048126,0.253735,0.029637,0.187035,0.273064,0.041492,0.014301,0.112178,0.023396
0.004859,0.007302,0.704488,0.004438,0.003004,0.259416,0.006646,0.003397,0.003258,0.003192
0.076423,0.062640,0.263951,0.077933,0.070269,0.095273,0.083248,0.077302,0.102604,0.090356
0.067235,0.113532,0.075449,0.127712,0.108643,0.111876,0.081786,0.130617,0.071847,0.111303
0.014772,0.022804,0.182685,0.018078,0.643151,0.015763,0.034293,0.016579,0.026923,0.024950
0.077274,0.060584,0.065109,0.085907,0.095282,0.204303,0.096942,0.080391,0.140731,0.093478
0.081778,0.108869,0.078478,0.101262,0.097777,0.115248,0.103415,0.108988,0.081408,0.122776
0.075627,0.085391,0.059143,0.074422,0.076629,0.283484,0.082535,0.092181,0.081342,0.089246
0.061750,0.097751,0.077860,0.112433,0.095297,0.198619,0.092332,0.088395,0.080225,0.095338
0.037859,0.164441,0.057463,0.153730,0.239457,0.102493,0.045913,0.049052,0.094226,0.055365
0.026956,0.042728,0.240502,0.031955,0.458119,0.031090,0.036980,0.027154,0.062724,0.041793
0.060137,0.068081,0.431138,0.057209,0.050950,0.074964,0.043069,0.076840,0.071940,0.065674
0.061116,0.031405,0.112036,0.119337,0.148014,0.146386,0.031484,0.141553,0.090304,0.118364
0.010271,0.003626,0.124331,0.010175,0.021889,0.009912,0.010764,0.045831,0.749556,0.013645
0.005756,0.006674,0.448919,0.005199,0.004937,0.505523,0.001729,0.004453,0.011373,0.005437
0.086320,0.092667,0.168864,0.089007,0.095018,0.107345,0.097366,0.082458,0.096490,0.084465
0.086765,0.091708,0.081015,0.095385,0.103991,0.113756,0.105753,0.090561,0.130344,0.100721
0.053552,0.037676,0.107607,0.074071,0.061451,0.156657,0.098799,0.106292,0.201911,0.101985
0.058538,0.085879,0.114887,0.077301,0.065710,0.089965,0.077216,0.045386,0.288772,0.096347
0.017307,0.023399,0.320799,0.015610,0.216052,0.333405,0.028656,0.014464,0.010044,0.020264
0.024747,0.022750,0.456485,0.026194,0.264888,0.026164,0.033377,0.021837,0.045335,0.078223
0.009783,0.008954,0.221835,0.004104,0.006902,0.556119,0.007944,0.004172,0.171810,0.008376
0.087829,0.079578,0.183800,0.087278,0.085948,0.103376,0.098910,0.100233,0.078019,0.095028
0.006351,0.005996,0.158664,0.006048,0.005055,0.792059,0.006613,0.006260,0.006968,0.005985
0.048687,0.102547,0.080726,0.113334,0.205264,0.121012,0.083553,0.069780,0.073022,0.102075
0.004076,0.000580,0.598752,0.002283,0.149286,0.187079,0.005313,0.002133,0.039566,0.010931
0.089193,0.101616,0.084370,0.101563,0.105799,0.103260,0.104153,0.117132,0.088137,0.104778
0.032916,0.020539,0.248892,0.100275,0.250176,0.103813,0.021725,0.058608,0.079888,0.083167
0.096986,0.087118,0.227515,0.080336,0.069513,0.079964,0.086468,0.074851,0.105769,0.091480
0.105137,0.099483,0.083572,0.094282,0.096697,0.105395,0.105593,0.124461,0.087268,0.098112
0.073155,0.112671,0.068623,0.131208,0.152719,0.116169,0.043673,0.141225,0.070411,0.090146
0.090573,0.093526,0.185764,0.107727,0.073535,0.101384,0.100125,0.060601,0.088531,0.098234
0.049894,0.110469,0.082067,0.129186,0.104020,0.114141,0.072291,0.127977,0.099780,0.110175
0.068195,0.118712,0.118170,0.093005,0.112581,0.129248,0.059054,0.096044,0.091408,0.113582
0.051635,0.049389,0.146279,0.044799,0.044425,0.047121,0.050669,0.051547,0.466324,0.047812
0.047676,0.046798,0.334876,0.042924,0.050061,0.047988,0.028527,0.049758,0.306786,0.044605
0.041964,0.008942,0.482961,0.048854,0.175808,0.050349,0.056493,0.040160,0.031391,0.063077
0.038517,0.037036,0.535720,0.069111,0.060252,0.057623,0.058450,0.053429,0.046348,0.043515
0.056823,0.069476,0.052074,0.075490,0.135163,0.345216,0.071630,0.056412,0.069578,0.068138
0.085450,0.106580,0.076916,0.093977,0.140289,0.107663,0.099727,0.090245,0.093418,0.105734
0.041316,0.018434,0.089633,0.139805,0.119113,0.210614,0.021386,0.151427,0.119649,0.088624
0.010130,0.009380,0.602794,0.010000,0.005863,0.328320,0.009498,0.006652,0.009855,0.007509
0.082793,0.098466,0.084842,0.123331,0.100985,0.111166,0.103391,0.120317,0.081685,0.093024
0.081676,0.085968,0.243700,0.085330,0.077928,0.081905,0.089624,0.090053,0.072949,0.090868
0.011670,0.006890,0.120283,0.003140,0.003696,0.573361,0.005833,0.005473,0.259895,0.009760
0.083957,0.089117,0.084698,0.091517,0.091750,0.092879,0.093010,0.185919,0.089770,0.097382
0.032903,0.042462,0.235365,0.035704,0.441631,0.044545,0.048740,0.036417,0.033986,0.048247
0.036207,0.031149,0.174326,0.036159,0.030529,0.032421,0.041355,0.044714,0.536412,0.036729
0.081802,0.106125,0.135324,0.107258,0.106744,0.089726,0.080231,0.105330,0.079758,0.107702
0.084411,0.070644,0.107519,0.102011,0.119465,0.125061,0.133547,0.050264,0.087301,0.119776
0.061817,0.021556,0.082068,0.116640,0.153782,0.150141,0.021789,0.133510,0.146666,0.112032
0.032694,0.031249,0.133362,0.035617,0.029065,0.041892,0.037642,0.073938,0.539006,0.045535
0.018491,0.005153,0.216621,0.011448,0.008296,0.698655,0.013772,0.005697,0.011651,0.010216
0.047186,0.047707,0.421459,0.077370,0.056958,0.079893,0.082765,0.067945,0.053677,0.065042
0.056702,0.113967,0.057599,0.094600,0.110470,0.163757,0.121251,0.097320,0.080849,0.103485
0.065341,0.099410,0.173652,0.094665,0.096239,0.099029,0.107162,0.053268,0.104855,0.106379
0.083608,0.110518,0.082279,0.099440,0.106369,0.112886,0.105310,0.122896,0.083315,0.093378
0.056114,0.043955,0.487546,0.069936,0.053882,0.058677,0.065424,0.051668,0.045767,0.067031
0.105636,0.114594,0.083086,0.096360,0.109320,0.120088,0.101361,0.108048,0.078281,0.083226
0.039588,0.042905,0.153492,0.033946,0.253511,0.368785,0.008829,0.043345,0.021173,0.034426
0.008291,0.014415,0.494870,0.014093,0.422816,0.013362,0.002101,0.011302,0.008994,0.009757
0.074882,0.088939,0.222308,0.087392,0.081789,0.089179,0.092525,0.088925,0.099760,0.074300
0.082901,0.052812,0.242170,0.077710,0.124226,0.090508,0.092255,0.075625,0.077013,0.084779
0.107147,0.102786,0.081938,0.095935,0.105100,0.114400,0.107381,0.091032,0.097716,0.096565
0.032335,0.124832,0.078446,0.132605,0.087903,0.148185,0.140760,0.048449,0.097517,0.108969
0.010298,0.012581,0.005590,0.012088,0.016071,0.013901,0.013567,0.079100,0.823271,0.013533
0.088718,0.091803,0.075546,0.100111,0.183948,0.099003,0.094875,0.072534,0.111701,0.081763
0.052815,0.091989,0.048667,0.076435,0.157963,0.098202,0.021821,0.083942,0.282695,0.085471
0.073280,0.075162,0.240583,0.083055,0.077448,0.099557,0.092489,0.105358,0.068917,0.084152
0.052634,0.099822,0.237051,0.101143,0.073720,0.094565,0.060041,0.100558,0.093348,0.087118
0.078924,0.079858,0.273984,0.067716,0.063002,0.087818,0.081741,0.128992,0.066791,0.071174
0.069139,0.063052,0.141525,0.100000,0.077933,0.141491,0.119148,0.093622,0.090732,0.103356
0.046491,0.059445,0.418337,0.053710,0.054851,0.050124,0.059104,0.152067,0.046210,0.059660
0.087773,0.095470,0.070006,0.107735,0.219097,0.093464,0.094211,0.098563,0.056769,0.076912
0.078180,0.093438,0.077224,0.098305,0.153830,0.110534,0.093858,0.112021,0.086621,0.095989
0.122976,0.022268,0.076614,0.124781,0.149603,0.148511,0.024098,0.103758,0.080308,0.147084
0.104954,0.070521,0.157800,0.086166,0.104830,0.107299,0.104159,0.084881,0.065361,0.114028
0.065286,0.091387,0.077836,0.094018,0.159590,0.103558,0.091805,0.116288,0.083543,0.116688
0.141526,0.022219,0.089678,0.104438,0.146090,0.141518,0.022197,0.143531,0.070871,0.117931
0.070265,0.086841,0.079297,0.083280,0.084959,0.237879,0.089811,0.089781,0.081718,0.096170
0.107658,0.058093,0.063440,0.091341,0.129534,0.110689,0.105858,0.113243,0.132041,0.088103
0.053075,0.101428,0.084747,0.109713,0.111450,0.118731,0.051478,0.128398,0.127663,0.113316
0.038751,0.022921,0.091490,0.109790,0.116058,0.201320,0.024091,0.131347,0.122051,0.142183
0.085907,0.100260,0.101502,0.098558,0.101907,0.094054,0.111322,0.094772,0.106817,0.104902
0.073625,0.078229,0.239811,0.075162,0.067627,0.088501,0.079409,0.124023,0.080943,0.092669
0.002393,0.002927,0.277034,0.002590,0.002362,0.511820,0.000621,0.024063,0.170712,0.005479
0.044708,0.054388,0.247340,0.030795,0.460997,0.037412,0.041159,0.017689,0.033031,0.032480
0.098379,0.102352,0.078769,0.105462,0.097898,0.122602,0.100116,0.092505,0.098161,0.103756
0.039807,0.067959,0.239241,0.051819,0.278054,0.066447,0.062342,0.062026,0.060166,0.072140
0.005136,0.007288,0.280904,0.005753,0.003844,0.670430,0.006377,0.003829,0.008745,0.007695
0.091322,0.084995,0.285078,0.074738,0.074134,0.071290,0.075011,0.070897,0.098838,0.073697
0.007795,0.032882,0.100403,0.016305,0.249635,0.297406,0.026800,0.029054,0.227554,0.012166
0.038821,0.041749,0.101001,0.099989,0.117035,0.143734,0.130054,0.131449,0.091734,0.104435
0.017488,0.038758,0.116054,0.032340,0.552761,0.131183,0.042971,0.021971,0.023832,0.022642
0.076592,0.085050,0.068948,0.099337,0.080708,0.249625,0.088438,0.087295,0.078872,0.085136
0.047902,0.058250,0.200584,0.040545,0.443330,0.079650,0.006745,0.046343,0.024276,0.052375
0.045024,0.005579,0.300893,0.034764,0.148610,0.304156,0.046906,0.030661,0.031889,0.051519
0.065324,0.098674,0.077598,0.097986,0.156476,0.091714,0.067879,0.113455,0.121464,0.109430
0.072812,0.110264,0.090285,0.086844,0.105251,0.153656,0.118918,0.115652,0.048277,0.098042
0.039927,0.050493,0.211633,0.041289,0.413954,0.071139,0.007051,0.039110,0.038127,0.087278
0.053338,0.097997,0.080312,0.101305,0.093440,0.137763,0.047208,0.115347,0.178099,0.095191
0.099211,0.113207,0.069843,0.105466,0.106475,0.120709,0.104800,0.101058,0.093421,0.085809
0.068203,0.076582,0.083262,0.101915,0.118936,0.095796,0.109229,0.131764,0.077474,0.136838
0.056654,0.035177,0.377559,0.047162,0.044787,0.056432,0.062300,0.032605,0.240609,0.046713
0.059286,0.106073,0.076716,0.096019,0.116275,0.109961,0.084419,0.138639,0.124659,0.087953
0.039639,0.043146,0.654171,0.038304,0.026410,0.044639,0.042676,0.022181,0.043212,0.045622
0.067815,0.111051,0.085288,0.095210,0.108190,0.111051,0.094899,0.138396,0.077010,0.111091
0.047891,0.039147,0.246887,0.073837,0.230033,0.076672,0.066647,0.095450,0.050557,0.072879
0.077077,0.083833,0.072678,0.109119,0.092597,0.107387,0.095131,0.198910,0.078428,0.084840
0.011594,0.002567,0.280254,0.022482,0.124089,0.401714,0.049200,0.005406,0.086816,0.015879
0.112709,0.107788,0.072680,0.105841,0.106945,0.119209,0.077388,0.087468,0.121969,0.088003
0.080257,0.078818,0.248033,0.087658,0.061320,0.086098,0.085079,0.085666,0.099692,0.087380
0.050029,0.029110,0.183720,0.095930,0.136019,0.117049,0.031001,0.140024,0.075791,0.141327
0.002732,0.001264,0.145449,0.004180,0.030711,0.384134,0.005877,0.026569,0.394844,0.004240
0.003531,0.007208,0.060539,0.005859,0.839988,0.006976,0.007277,0.004797,0.059111,0.004715
0.011723,0.044404,0.124764,0.014888,0.347417,0.349619,0.033635,0.017792,0.009791,0.045966
0.000911,0.002823,0.592355,0.001358,0.228168,0.162302,0.002694,0.000810,0.001824,0.006755
0.086759,0.111810,0.080992,0.094882,0.097212,0.118271,0.106229,0.110009,0.091243,0.102594
0.095054,0.094048,0.074701,0.099099,0.149032,0.109710,0.097925,0.103666,0.079524,0.097241
0.094515,0.095754,0.075802,0.113934,0.151796,0.105309,0.089524,0.104121,0.087279,0.081967
0.039377,0.057352,0.227362,0.045520,0.209126,0.057139,0.050142,0.222950,0.048118,0.042915
0.007212,0.007085,0.396616,0.006057,0.059210,0.502617,0.001806,0.005107,0.006670,0.007619
0.087103,0.102457,0.096109,0.101230,0.099378,0.118951,0.099741,0.092104,0.097029,0.105900
0.053776,0.082105,0.146759,0.079901,0.079989,0.087222,0.049940,0.078005,0.249095,0.093207
0.080463,0.094449,0.138435,0.092468,0.108632,0.102833,0.101388,0.102829,0.090686,0.087817
0.049843,0.044054,0.249150,0.060736,0.238895,0.080198,0.074190,0.052562,0.069714,0.080657
0.080375,0.094365,0.074849,0.114876,0.150954,0.108519,0.097625,0.105042,0.082584,0.090813
0.001615,0.001813,0.423029,0.001747,0.134300,0.430332,0.002353,0.001603,0.001524,0.001684
0.078685,0.065373,0.077185,0.104591,0.158265,0.108795,0.110644,0.117999,0.070076,0.108387
0.080489,0.125255,0.081283,0.126741,0.131901,0.100880,0.045992,0.100778,0.093823,0.112857
0.013202,0.006586,0.382286,0.029004,0.420195,0.036900,0.026607,0.034031,0.030665,0.020523
0.065404,0.078095,0.070143,0.091697,0.072910,0.274964,0.082396,0.084709,0.085011,0.094672
0.075128,0.100817,0.069426,0.086158,0.089799,0.219674,0.077288,0.082818,0.094871,0.104022
0.044984,0.043926,0.302790,0.033065,0.389634,0.036705,0.046648,0.032482,0.033426,0.036340
0.040376,0.061690,0.517942,0.047980,0.046241,0.066264,0.058700,0.046266,0.053098,0.061441
0.082020,0.094059,0.090062,0.116229,0.104765,0.111566,0.099197,0.121903,0.087708,0.092492
0.081616,0.103882,0.078146,0.099164,0.109208,0.103961,0.101495,0.103041,0.106486,0.113000
0.068800,0.089525,0.075771,0.095085,0.154686,0.107170,0.092066,0.116951,0.081981,0.117964
0.043497,0.044224,0.281066,0.062963,0.230628,0.068199,0.068616,0.074663,0.058969,0.067175
0.046016,0.049335,0.058329,0.121815,0.128156,0.148414,0.134607,0.093953,0.072670,0.146703
0.081695,0.084145,0.087577,0.113527,0.159091,0.099617,0.092759,0.113777,0.077985,0.089825
0.009583,0.002172,0.273397,0.004343,0.002510,0.688649,0.004493,0.004072,0.004397,0.006384
0.083724,0.096640,0.089848,0.094592,0.150247,0.099808,0.097600,0.103393,0.088107,0.096041
0.056463,0.045895,0.361699,0.072808,0.070721,0.065523,0.077080,0.073311,0.084059,0.092441
0.042313,0.070573,0.237783,0.076252,0.070659,0.080393,0.057079,0.215981,0.078921,0.070047
0.038124,0.047496,0.425256,0.044509,0.034017,0.041087,0.042492,0.035899,0.249701,0.041419
0.079362,0.093167,0.178616,0.082985,0.084010,0.086126,0.085395,0.134774,0.069651,0.105915
0.079081,0.099134,0.194134,0.096984,0.087812,0.107551,0.061534,0.095321,0.083702,0.094747
0.058449,0.057023,0.068709,0.084812,0.139899,0.225628,0.092093,0.106180,0.073652,0.093556
0.071841,0.096132,0.075535,0.099590,0.099663,0.215010,0.061200,0.084575,0.101570,0.094884
0.071881,0.019531,0.066006,0.149932,0.160042,0.167513,0.020490,0.108122,0.080014,0.156469
0.055131,0.050475,0.064285,0.088556,0.125675,0.242842,0.103243,0.100000,0.070810,0.098982
0.086447,0.107422,0.073432,0.093125,0.146484,0.108112,0.101420,0.088495,0.092426,0.102636
0.064731,0.075625,0.068942,0.081480,0.077324,0.270819,0.085867,0.121245,0.073554,0.080413
0.078790,0.103060,0.076801,0.116733,0.155577,0.104561,0.094156,0.103814,0.079472,0.087036
0.055613,0.055546,0.036164,0.063237,0.266469,0.313481,0.057274,0.052530,0.050028,0.049658
0.075820,0.070905,0.160207,0.093375,0.101125,0.119444,0.115427,0.060985,0.101746,0.100965
0.014653,0.013575,0.006197,0.012477,0.019439,0.014056,0.016316,0.080465,0.809348,0.013475
0.010604,0.012426,0.515331,0.009699,0.393582,0.011828,0.013384,0.011703,0.010836,0.010608
0.066782,0.075771,0.142727,0.112690,0.100341,0.112591,0.098480,0.105444,0.086026,0.099147
0.004644,0.001283,0.324341,0.001097,0.130361,0.375406,0.001707,0.001270,0.154520,0.005370
0.014557,0.019843,0.008459,0.019688,0.025120,0.021360,0.021544,0.089639,0.763088,0.016701
0.015059,0.015051,0.548694,0.011417,0.006346,0.373164,0.002566,0.008260,0.009630,0.009813
0.067540,0.052534,0.075865,0.093115,0.092928,0.229063,0.117904,0.110313,0.070664,0.090074
0.012642,0.033325,0.141538,0.027135,0.304534,0.362291,0.030352,0.041517,0.018875,0.027792
0.040563,0.149135,0.100307,0.106688,0.115743,0.152352,0.049762,0.128927,0.088987,0.067536
0.020968,0.034145,0.132019,0.026802,0.316392,0.336807,0.030336,0.043061,0.027609,0.031861
0.094075,0.088968,0.195246,0.087229,0.080448,0.096651,0.091577,0.081800,0.093723,0.090284
0.082979,0.079672,0.064978,0.080812,0.073362,0.290604,0.080465,0.081060,0.086091,0.079977
0.083110,0.127002,0.075504,0.114296,0.114231,0.138188,0.148547,0.029958,0.077357,0.091808
0.077130,0.094789,0.086320,0.120905,0.156288,0.103797,0.099104,0.106113,0.078693,0.076860
0.028898,0.007110,0.436082,0.034586,0.278804,0.035256,0.069360,0.039544,0.023569,0.046791
0.066438,0.089063,0.173865,0.076931,0.071534,0.083795,0.087522,0.142731,0.096984,0.111138
0.078480,0.104130,0.069345,0.088558,0.101175,0.101922,0.098017,0.082320,0.183911,0.092141
0.070455,0.091078,0.230183,0.089873,0.080892,0.091122,0.086451,0.086306,0.075371,0.098268
0.039737,0.129753,0.055689,0.111697,0.118734,0.108817,0.040319,0.134481,0.145322,0.115450
0.057178,0.015620,0.295384,0.057690,0.266947,0.053685,0.079582,0.063890,0.056146,0.053878
0.028653,0.006878,0.332494,0.031552,0.023664,0.477316,0.005990,0.028125,0.024955,0.040372
0.081978,0.084498,0.071083,0.096489,0.081574,0.244362,0.085273,0.090027,0.086167,0.078547
0.076114,0.113510,0.079954,0.106054,0.115865,0.116825,0.066878,0.137229,0.089851,0.097720
0.066851,0.099694,0.077456,0.127506,0.118280,0.123598,0.108093,0.114937,0.074915,0.088671
0.063723,0.069703,0.162675,0.064795,0.063027,0.080343,0.037754,0.063901,0.326243,0.067837
0.058915,0.063698,0.213308,0.065955,0.144899,0.063785,0.036726,0.064744,0.213495,0.074476
0.065850,0.064736,0.336205,0.057385,0.131210,0.066831,0.066760,0.060587,0.083160,0.067275
0.004660,0.004840,0.428302,0.004663,0.102696,0.442676,0.001528,0.002949,0.003489,0.004197
0.077473,0.095854,0.224823,0.090624,0.088573,0.108527,0.050166,0.078189,0.075147,0.110625
0.082499,0.123081,0.072044,0.104813,0.125021,0.127228,0.040883,0.124634,0.105158,0.094640
0.052988,0.021566,0.090846,0.116769,0.145536,0.156795,0.021287,0.149470,0.125333,0.119411
0.024549,0.008039,0.226151,0.038116,0.444734,0.042644,0.062979,0.044284,0.023825,0.084678
0.040801,0.053652,0.094324,0.143558,0.086749,0.109490,0.136073,0.161874,0.071259,0.102221
0.060166,0.091814,0.060975,0.095875,0.084884,0.243417,0.050299,0.090546,0.140842,0.081181
0.065420,0.073821,0.199025,0.074639,0.057374,0.084870,0.071646,0.071418,0.229348,0.072438
0.090381,0.132908,0.044072,0.109263,0.085498,0.124142,0.110768,0.093449,0.101466,0.108053
0.040831,0.043863,0.366777,0.037886,0.265729,0.045131,0.045624,0.047916,0.055450,0.050793
0.076296,0.020276,0.060621,0.098695,0.164764,0.236196,0.022386,0.096828,0.123700,0.100238
0.056753,0.056570,0.058229,0.079002,0.192370,0.240379,0.087531,0.062863,0.088023,0.078279
0.052385,0.062202,0.497719,0.059157,0.058025,0.061054,0.035915,0.060374,0.048467,0.064700
0.077499,0.107253,0.079601,0.121979,0.136388,0.116044,0.072076,0.099842,0.083424,0.105894
0.004852,0.005428,0.361932,0.005291,0.005154,0.596478,0.001530,0.002216,0.005989,0.011131
0.049482,0.067791,0.052614,0.153719,0.118919,0.116004,0.134758,0.105219,0.084959,0.116535
0.081585,0.090959,0.071632,0.085397,0.095018,0.238538,0.075423,0.092863,0.075347,0.093239
0.115356,0.063600,0.069219,0.101512,0.106411,0.123448,0.117806,0.119432,0.100663,0.082554
0.078804,0.102964,0.096720,0.126756,0.112702,0.115487,0.086442,0.103776,0.073422,0.102929
0.057884,0.062150,0.079829,0.105857,0.109225,0.119971,0.119642,0.125525,0.078185,0.141730
0.020219,0.027709,0.151060,0.018861,0.684389,0.025500,0.021431,0.015455,0.014598,0.020778
0.051887,0.041430,0.219206,0.054213,0.052797,0.046669,0.061715,0.326734,0.066702,0.078646
0.087127,0.095994,0.087733,0.120803,0.102279,0.105310,0.112495,0.068883,0.097081,0.122295
0.108651,0.111825,0.089493,0.092677,0.089983,0.110789,0.097781,0.088546,0.085935,0.124319
0.040572,0.044203,0.095761,0.157437,0.101697,0.146108,0.151455,0.144160,0.061764,0.056843
0.061082,0.058386,0.137674,0.061379,0.067836,0.073888,0.034190,0.061632,0.372661,0.071274
0.005263,0.007043,0.607968,0.006051,0.004188,0.344474,0.001443,0.005986,0.008145,0.009438
0.025659,0.006008,0.135068,0.071984,0.198357,0.405036,0.050000,0.039205,0.040427,0.028257
0.011220,0.009888,0.286651,0.008659,0.005862,0.588578,0.003076,0.068981,0.007001,0.010083
0.103095,0.107990,0.113636,0.101648,0.085160,0.092600,0.102312,0.096179,0.107174,0.090207
0.015361,0.016081,0.101060,0.013108,0.768071,0.015470,0.017429,0.015369,0.021265,0.016786
0.099781,0.086839,0.222365,0.083082,0.072302,0.089623,0.087470,0.080440,0.081805,0.096294
0.014718,0.021397,0.174404,0.023862,0.412197,0.038912,0.004374,0.019022,0.260802,0.030314
0.107977,0.103315,0.072241,0.096732,0.107064,0.111147,0.066205,0.122721,0.120565,0.092034
0.045286,0.009918,0.279159,0.046040,0.308992,0.046161,0.095419,0.049040,0.059065,0.060921
0.062690,0.077155,0.059601,0.086297,0.068241,0.252207,0.077284,0.083954,0.152256,0.080315
0.063097,0.063359,0.043280,0.064173,0.124371,0.307478,0.063381,0.072829,0.135439,0.062594
0.089778,0.098571,0.075826,0.114715,0.094427,0.113027,0.104146,0.107095,0.102377,0.100039
0.014140,0.011155,0.372461,0.011420,0.539756,0.010805,0.002061,0.009958,0.013615,0.014628
0.045593,0.026362,0.134684,0.141186,0.085062,0.164827,0.024458,0.114366,0.109711,0.153751
0.071215,0.099100,0.074125,0.115790,0.162625,0.102403,0.092220,0.112880,0.077152,0.092491
0.080022,0.108993,0.094974,0.130000,0.103559,0.108514,0.074476,0.096331,0.095360,0.107771
0.011885,0.041217,0.280678,0.022023,0.526049,0.018389,0.023435,0.013457,0.014735,0.048132
0.104825,0.099656,0.092244,0.085420,0.093203,0.138576,0.113175,0.104973,0.076260,0.091669
0.017583,0.023990,0.129299,0.019697,0.179576,0.386429,0.002486,0.038662,0.173974,0.028302
0.016708,0.004564,0.008185,0.018946,0.014228,0.020546,0.018511,0.077336,0.803439,0.017537
0.016486,0.010536,0.189605,0.014638,0.095318,0.559185,0.017323,0.066564,0.011353,0.018991
0.086282,0.047026,0.070118,0.075677,0.124448,0.269877,0.084912,0.090480,0.069404,0.081777
0.054208,0.058402,0.048812,0.064014,0.097770,0.330523,0.067681,0.062008,0.142247,0.074335
0.077092,0.099494,0.156310,0.101514,0.089144,0.097702,0.102859,0.086566,0.090660,0.098659
0.087682,0.091014,0.239356,0.078835,0.077922,0.088044,0.055169,0.078375,0.106099,0.097505
0.081218,0.085028,0.085097,0.108849,0.088881,0.107240,0.087289,0.188650,0.077447,0.090302
0.070255,0.086880,0.278911,0.073093,0.086515,0.093630,0.084233,0.072704,0.069334,0.084445
0.005477,0.006118,0.252048,0.004659,0.003653,0.708419,0.006754,0.003432,0.004801,0.004639
0.078438,0.064467,0.074053,0.119761,0.115133,0.118992,0.123097,0.095652,0.090650,0.119757
0.052871,0.030519,0.179043,0.125484,0.103712,0.151361,0.030912,0.145106,0.079829,0.101162
0.135205,0.019237,0.069420,0.106226,0.099550,0.229098,0.022480,0.093699,0.120659,0.104426
0.053650,0.051060,0.442588,0.068733,0.061741,0.084184,0.070889,0.043568,0.053726,0.069860
0.065835,0.076227,0.059713,0.074224,0.107789,0.308270,0.076659,0.079666,0.069364,0.082252
0.005149,0.002395,0.373605,0.005203,0.003893,0.578478,0.006772,0.005937,0.006495,0.012072
0.075040,0.075934,0.225943,0.084739,0.080375,0.105082,0.099799,0.076860,0.095683,0.080544
0.082202,0.012163,0.263623,0.084437,0.124371,0.115337,0.010884,0.111224,0.105560,0.090200
0.079905,0.065558,0.075910,0.086397,0.118470,0.236299,0.090456,0.087600,0.074130,0.085276
0.076992,0.099178,0.158329,0.083659,0.093404,0.110706,0.102311,0.100682,0.082529,0.092209
0.096069,0.086471,0.237749,0.074985,0.069801,0.091400,0.086655,0.090842,0.085305,0.080724
0.046257,0.038998,0.299436,0.076116,0.193763,0.070709,0.071882,0.063209,0.079561,0.060068
0.090629,0.066240,0.077696,0.114968,0.101069,0.190499,0.106428,0.087142,0.078068,0.087262
0.057287,0.070858,0.122652,0.076745,0.082238,0.100284,0.092382,0.094662,0.200663,0.102229
0.013815,0.001631,0.272061,0.010423,0.343352,0.282556,0.030064,0.008762,0.017103,0.020234
0.020631,0.025352,0.155597,0.019570,0.679268,0.017969,0.021663,0.017309,0.016615,0.026025
0.019267,0.003180,0.416108,0.010103,0.080507,0.421480,0.003541,0.012740,0.016733,0.016342
0.057248,0.059200,0.511308,0.048384,0.059341,0.068807,0.024911,0.058104,0.048429,0.064267
0.050669,0.084882,0.321940,0.068362,0.069464,0.089156,0.041588,0.111407,0.063575,0.098958
0.046916,0.051629,0.598205,0.039398,0.031764,0.039918,0.047963,0.035247,0.050724,0.058236
0.043803,0.067051,0.232889,0.067388,0.061733,0.062471,0.060322,0.274095,0.071004,0.059244
0.083426,0.090665,0.075502,0.094832,0.086114,0.103677,0.088504,0.212924,0.079710,0.084646
0.013717,0.011871,0.005221,0.011009,0.012320,0.012534,0.012076,0.074112,0.835058,0.012081
0.075200,0.107343,0.069128,0.109781,0.103817,0.111521,0.041092,0.096196,0.194001,0.091921
