0.019420,0.093327,0.078677,0.071367,0.375533,0.120077,0.076840,0.023583,0.070250,0.070925
0.046510,0.173942,0.114969,0.118268,0.098093,0.114628,0.116729,0.097033,0.056759,0.063070
0.045077,0.105997,0.111182,0.136359,0.180887,0.069888,0.137807,0.107047,0.054327,0.051429
0.048853,0.125634,0.121049,0.095840,0.110162,0.137564,0.114140,0.096886,0.043958,0.105916
0.044368,0.153939,0.040016,0.083766,0.125796,0.204601,0.134888,0.036022,0.077268,0.099338
0.032241,0.169175,0.093821,0.079293,0.069726,0.107858,0.226904,0.071779,0.093573,0.055629
0.053322,0.061023,0.020722,0.057939,0.440179,0.108586,0.078422,0.063238,0.057533,0.059037
0.036420,0.118487,0.044324,0.109802,0.122895,0.166648,0.118615,0.111898,0.092530,0.078382
0.035098,0.087364,0.086835,0.107768,0.120526,0.147583,0.103429,0.101589,0.100737,0.109070
0.038460,0.127332,0.145593,0.097170,0.115338,0.067561,0.114588,0.106288,0.071310,0.116360
0.023074,0.066130,0.189890,0.077892,0.393164,0.066648,0.069795,0.022513,0.041209,0.049685
0.050644,0.105698,0.126072,0.088175,0.132779,0.055838,0.118045,0.095376,0.122567,0.104807
0.076554,0.121084,0.106751,0.097619,0.179458,0.063639,0.146107,0.076575,0.063576,0.068636
0.025582,0.131408,0.281116,0.074590,0.073881,0.106384,0.081658,0.063227,0.066517,0.095637
0.086284,0.108844,0.112923,0.109102,0.098001,0.113815,0.106489,0.092948,0.090514,0.081079
0.063868,0.105339,0.106871,0.089873,0.127953,0.092398,0.157194,0.080633,0.079534,0.096339
0.036742,0.161151,0.107839,0.094088,0.142836,0.100653,0.096355,0.084475,0.070901,0.104960
0.034514,0.119658,0.106929,0.076599,0.140338,0.054348,0.097817,0.080654,0.206641,0.082502
0.032388,0.109944,0.115987,0.087289,0.180035,0.061342,0.134287,0.096428,0.094321,0.087978
0.050100,0.130520,0.134236,0.090569,0.142705,0.063503,0.126568,0.106732,0.054117,0.100951
0.089482,0.106315,0.219759,0.068283,0.069530,0.072782,0.189496,0.058869,0.055132,0.070352
0.032113,0.109529,0.088140,0.101355,0.114261,0.140815,0.122761,0.113249,0.085913,0.091863
0.054704,0.106456,0.098625,0.118940,0.108136,0.142254,0.172634,0.028524,0.060701,0.109026
0.022831,0.073899,0.197701,0.082659,0.336668,0.100556,0.073577,0.020427,0.039078,0.052604
0.045463,0.108427,0.098665,0.101787,0.124311,0.067240,0.125570,0.165806,0.090557,0.072172
0.047585,0.130704,0.133501,0.115027,0.120493,0.084339,0.136387,0.037105,0.054432,0.140427
0.052501,0.087237,0.103244,0.095178,0.084081,0.086442,0.220405,0.075835,0.096476,0.098602
0.028300,0.085714,0.282767,0.083656,0.128762,0.115480,0.092578,0.064075,0.062123,0.056546
0.033794,0.149640,0.047038,0.076392,0.118656,0.183259,0.111588,0.084192,0.134998,0.060443
0.047798,0.226146,0.099737,0.085215,0.092996,0.067425,0.169736,0.030489,0.093178,0.087278
0.021965,0.109775,0.272360,0.074550,0.223718,0.045922,0.127167,0.022646,0.055976,0.045921
0.025235,0.054568,0.157504,0.055772,0.458773,0.077050,0.056835,0.054101,0.021158,0.039003
0.062468,0.179213,0.038594,0.122409,0.118720,0.143811,0.129865,0.034669,0.077908,0.092343
0.041258,0.124885,0.136461,0.103047,0.114964,0.064510,0.126390,0.103031,0.055030,0.130424
0.018332,0.058316,0.203580,0.057616,0.325097,0.103402,0.078826,0.066156,0.027669,0.061007
0.064170,0.103657,0.110694,0.102984,0.140195,0.104085,0.197186,0.025291,0.041858,0.109879
0.051163,0.161753,0.124019,0.116529,0.138877,0.058350,0.103836,0.097903,0.040024,0.107546
0.052064,0.119868,0.137664,0.091097,0.118851,0.064551,0.128415,0.091572,0.113093,0.082825
0.031992,0.090723,0.283144,0.075191,0.095790,0.094537,0.116203,0.101663,0.050191,0.060565
0.089162,0.108854,0.121359,0.086196,0.097018,0.132517,0.106138,0.093622,0.060717,0.104418
0.041430,0.121028,0.049541,0.073827,0.142382,0.175586,0.136465,0.130967,0.058837,0.069938
0.050080,0.072613,0.231214,0.061127,0.076025,0.072003,0.071037,0.021910,0.266229,0.077761
0.093266,0.097155,0.128079,0.092161,0.113478,0.133622,0.117495,0.026646,0.110983,0.087115
0.015265,0.052209,0.170624,0.055851,0.443436,0.080916,0.057835,0.051362,0.019857,0.052645
0.036249,0.119727,0.127247,0.090945,0.116977,0.068158,0.185133,0.094360,0.069780,0.091424
0.018567,0.074965,0.022775,0.048671,0.551783,0.108790,0.084622,0.020135,0.043800,0.025892
0.045525,0.189508,0.071375,0.073020,0.065090,0.084768,0.071580,0.058087,0.245006,0.096042
0.025770,0.074436,0.057723,0.044786,0.451692,0.081206,0.078575,0.080665,0.029367,0.075780
0.080438,0.104294,0.120394,0.086320,0.131859,0.109847,0.102020,0.080720,0.088224,0.095885
0.040853,0.153494,0.293040,0.082239,0.076980,0.116329,0.087198,0.026848,0.060615,0.062404
0.034750,0.070526,0.023845,0.071619,0.532672,0.037344,0.066693,0.067190,0.024603,0.070757
0.041438,0.086843,0.114551,0.106473,0.112485,0.118384,0.186120,0.084294,0.038250,0.111162
0.025819,0.083625,0.283477,0.096855,0.083282,0.085267,0.089793,0.082658,0.080506,0.088717
0.033851,0.117576,0.038593,0.117558,0.115904,0.215762,0.117755,0.124318,0.054114,0.064569
0.047673,0.081747,0.261821,0.062090,0.185053,0.094996,0.083456,0.055001,0.067370,0.060792
0.120812,0.105228,0.118015,0.087069,0.091775,0.099941,0.100961,0.098913,0.070492,0.106792
0.033075,0.101599,0.084376,0.112537,0.125091,0.111616,0.110941,0.109098,0.110990,0.100676
0.076849,0.138882,0.147102,0.099929,0.107556,0.074559,0.125834,0.107271,0.058102,0.063916
0.069904,0.082320,0.179462,0.049153,0.094624,0.065363,0.159233,0.045061,0.212564,0.042316
0.025861,0.084509,0.305379,0.080055,0.130922,0.093048,0.082152,0.079376,0.048871,0.069827
0.023982,0.090966,0.250660,0.083067,0.093493,0.132125,0.097500,0.085560,0.068239,0.074408
0.032583,0.085705,0.280154,0.065881,0.073920,0.080821,0.173553,0.062422,0.054897,0.090064
0.065866,0.092873,0.115064,0.102933,0.093711,0.131051,0.104683,0.086250,0.104137,0.103431
0.098935,0.118760,0.038615,0.098260,0.118444,0.126303,0.149859,0.123145,0.060842,0.066838
0.064981,0.085605,0.089396,0.090451,0.085905,0.106734,0.219881,0.076244,0.085879,0.094926
0.059133,0.109863,0.124008,0.099265,0.099471,0.135829,0.112253,0.091680,0.103179,0.065319
0.045736,0.080615,0.032352,0.054805,0.370946,0.047311,0.095146,0.117589,0.065501,0.089998
0.042338,0.124074,0.136264,0.097194,0.105494,0.065162,0.123960,0.118433,0.072597,0.114485
0.029842,0.108148,0.042796,0.121301,0.118197,0.179012,0.113214,0.106402,0.085137,0.095951
0.047473,0.158144,0.114666,0.087856,0.180778,0.066978,0.160400,0.083511,0.041008,0.059187
0.032853,0.108256,0.099487,0.085325,0.089376,0.059449,0.094316,0.074388,0.261832,0.094717
0.087888,0.068395,0.078708,0.060690,0.077430,0.087386,0.171892,0.056512,0.236884,0.074214
0.035712,0.057278,0.279037,0.078375,0.342825,0.038290,0.068802,0.024381,0.037717,0.037583
0.041287,0.125977,0.054665,0.082711,0.173265,0.067548,0.150369,0.139719,0.065997,0.098462
0.044817,0.094010,0.299418,0.057622,0.170064,0.055405,0.155804,0.024643,0.047667,0.050549
0.054577,0.274307,0.098823,0.092933,0.082248,0.120655,0.097607,0.023350,0.075359,0.080141
0.035123,0.178466,0.096584,0.082984,0.074972,0.116991,0.097765,0.088891,0.099783,0.128441
0.025128,0.065177,0.032054,0.087439,0.395812,0.119764,0.085563,0.092128,0.028584,0.068351
0.043742,0.136339,0.115343,0.093153,0.138586,0.124782,0.104969,0.087907,0.043554,0.111625
0.034378,0.121663,0.255036,0.062577,0.102669,0.096082,0.162720,0.062446,0.062382,0.040048
0.102096,0.100893,0.102975,0.097479,0.079153,0.059302,0.154658,0.069759,0.171012,0.062671
0.108564,0.083773,0.115100,0.090118,0.111461,0.114452,0.095852,0.097285,0.084294,0.099102
0.036581,0.096482,0.293119,0.090351,0.106091,0.127279,0.087415,0.082379,0.039329,0.040974
0.039866,0.080396,0.253030,0.064657,0.074496,0.094285,0.164417,0.073697,0.056547,0.098608
0.038548,0.128313,0.290419,0.083075,0.078570,0.108886,0.083040,0.083734,0.030640,0.074774
0.084940,0.114208,0.122542,0.115499,0.102360,0.141560,0.104892,0.032619,0.089618,0.091762
0.122508,0.111389,0.113867,0.105207,0.090814,0.130702,0.099736,0.087982,0.040306,0.097489
0.024607,0.057561,0.022769,0.045257,0.483607,0.123858,0.074218,0.081671,0.038359,0.048092
0.019921,0.069008,0.022721,0.076468,0.440445,0.115332,0.066079,0.074038,0.067064,0.048924
0.048353,0.083060,0.094354,0.067581,0.069508,0.103603,0.088635,0.078337,0.279557,0.087012
0.053160,0.072194,0.175750,0.061344,0.341886,0.088931,0.065326,0.066503,0.020379,0.054526
0.031501,0.116210,0.088859,0.103072,0.120205,0.176026,0.126221,0.115575,0.041733,0.080598
0.031393,0.069802,0.346927,0.086098,0.117096,0.044737,0.078431,0.112522,0.056396,0.056599
0.049496,0.101648,0.116853,0.106832,0.107111,0.133295,0.099626,0.086082,0.101323,0.097734
0.073460,0.098686,0.273644,0.095241,0.096981,0.105693,0.092999,0.085506,0.038511,0.039280
0.033861,0.099058,0.039673,0.121817,0.123522,0.170170,0.153374,0.124978,0.089172,0.044374
0.054607,0.125411,0.140212,0.096421,0.155845,0.074490,0.134469,0.033672,0.119139,0.065734
0.040570,0.108238,0.119157,0.096208,0.100706,0.124604,0.107291,0.094025,0.097054,0.112146
0.036213,0.119649,0.042285,0.153332,0.150625,0.136665,0.140029,0.087044,0.065347,0.068812
0.059187,0.086484,0.096739,0.089871,0.076234,0.100139,0.081816,0.070957,0.267625,0.070948
0.036145,0.121327,0.123715,0.090393,0.206826,0.064659,0.113374,0.026823,0.096997,0.119741
0.084431,0.098083,0.110312,0.098202,0.093027,0.092546,0.215016,0.079977,0.039207,0.089199
0.114643,0.109394,0.113117,0.082821,0.105298,0.124728,0.099957,0.089468,0.050197,0.110377
0.032267,0.120029,0.266316,0.074072,0.132374,0.097349,0.090457,0.060083,0.050411,0.076643
0.040171,0.186666,0.103769,0.088495,0.088350,0.060692,0.183550,0.080714,0.059366,0.108226
0.036076,0.118429,0.126843,0.112249,0.154025,0.057072,0.104080,0.101606,0.098821,0.090798
0.077413,0.083083,0.345346,0.088365,0.079264,0.046264,0.094666,0.082958,0.040453,0.062188
0.064738,0.139441,0.112119,0.110123,0.104693,0.126125,0.101795,0.089770,0.063686,0.087510
0.031625,0.112645,0.088134,0.068608,0.120890,0.169638,0.119591,0.112192,0.063035,0.113641
0.033211,0.141294,0.039037,0.123535,0.124195,0.180308,0.152634,0.043306,0.086950,0.075531
0.060859,0.095756,0.127069,0.110378,0.092794,0.108691,0.109950,0.093534,0.100558,0.100412
0.046372,0.087682,0.095490,0.079167,0.089224,0.117480,0.222919,0.075429,0.086512,0.099726
0.045312,0.116181,0.120906,0.092643,0.105352,0.150379,0.116039,0.093761,0.046878,0.112547
0.066718,0.110239,0.125661,0.077090,0.183269,0.052769,0.095837,0.102255,0.087914,0.098248
0.021782,0.096353,0.238979,0.066198,0.117932,0.072373,0.174615,0.065078,0.059771,0.086919
0.022381,0.063708,0.304068,0.071854,0.286070,0.041634,0.070647,0.017891,0.060369,0.061378
0.064804,0.108838,0.114394,0.112138,0.114024,0.110551,0.107749,0.091594,0.089447,0.086459
0.055710,0.094597,0.037516,0.065829,0.121488,0.180901,0.115454,0.116572,0.128861,0.083073
0.021566,0.080029,0.066366,0.086340,0.309018,0.119675,0.092270,0.057346,0.084486,0.082904
0.111506,0.107808,0.115755,0.079805,0.176490,0.057611,0.132479,0.090152,0.038624,0.089770
0.096303,0.106083,0.120587,0.113549,0.104406,0.146417,0.122209,0.033442,0.048925,0.108078
0.030775,0.071309,0.084328,0.060362,0.092127,0.095288,0.116651,0.062687,0.284153,0.102321
0.030495,0.089664,0.326451,0.093268,0.090021,0.046467,0.090151,0.082305,0.084966,0.066211
0.107664,0.118376,0.092713,0.083740,0.079618,0.100974,0.227346,0.067500,0.032653,0.089416
0.030458,0.108649,0.034674,0.128522,0.118987,0.175441,0.118612,0.077894,0.106538,0.100226
0.023685,0.068404,0.188798,0.056817,0.352835,0.068137,0.067384,0.063752,0.063656,0.046532
0.031840,0.091827,0.262171,0.054704,0.106010,0.137681,0.113638,0.086288,0.051559,0.064282
0.022488,0.088247,0.372818,0.083347,0.076242,0.047204,0.091168,0.074488,0.068655,0.075343
0.027806,0.100000,0.160218,0.047611,0.050321,0.063460,0.130154,0.042248,0.325044,0.053138
0.039765,0.139639,0.042942,0.107668,0.142023,0.068903,0.145423,0.141779,0.057631,0.114227
0.022032,0.075408,0.059976,0.043934,0.403058,0.097062,0.102340,0.081250,0.052752,0.062187
0.024926,0.093166,0.353065,0.077443,0.095240,0.045317,0.091446,0.061869,0.078162,0.079365
0.080110,0.099984,0.255154,0.057831,0.092559,0.122787,0.103169,0.088108,0.047777,0.052522
0.084897,0.100731,0.109965,0.088934,0.088086,0.115164,0.165184,0.082626,0.057621,0.106791
0.042501,0.106499,0.115478,0.110391,0.117124,0.135272,0.112021,0.032436,0.106891,0.121387
0.019733,0.069901,0.022326,0.071764,0.487699,0.113563,0.066511,0.070151,0.037327,0.041025
0.053952,0.060586,0.020171,0.064289,0.541390,0.081797,0.060903,0.072451,0.022030,0.022431
0.039277,0.074763,0.063664,0.063905,0.371875,0.118099,0.083057,0.084848,0.034039,0.066473
0.063349,0.121697,0.102028,0.128184,0.123326,0.063614,0.124830,0.122095,0.065195,0.085681
0.036887,0.091368,0.105924,0.093959,0.086189,0.088645,0.219762,0.080699,0.098880,0.097688
0.040219,0.087066,0.281645,0.054015,0.075257,0.046694,0.100960,0.060485,0.186680,0.066978
0.045177,0.127601,0.255557,0.068074,0.092189,0.134361,0.106592,0.033082,0.081203,0.056164
0.038617,0.118356,0.047626,0.120943,0.131513,0.195431,0.133295,0.082949,0.065212,0.066057
0.035152,0.121974,0.036380,0.114758,0.130858,0.188056,0.118078,0.133256,0.060384,0.061103
0.064057,0.156010,0.300506,0.081764,0.069533,0.085397,0.078399,0.022135,0.052582,0.089618
0.032692,0.130591,0.049691,0.081919,0.133662,0.198853,0.133580,0.043238,0.098900,0.096874
0.025332,0.087076,0.367407,0.060726,0.087621,0.048345,0.101147,0.086996,0.088020,0.047330
0.070566,0.156995,0.110380,0.098142,0.135760,0.128095,0.112681,0.026326,0.086192,0.074863
0.024721,0.073742,0.261659,0.054975,0.104211,0.129905,0.099708,0.100713,0.099164,0.051202
0.026548,0.100991,0.085201,0.119388,0.107745,0.136661,0.129119,0.092136,0.116242,0.085968
0.029719,0.075335,0.071467,0.062247,0.068696,0.082473,0.180183,0.063724,0.316887,0.049269
0.020727,0.052696,0.262437,0.039667,0.316586,0.037045,0.098126,0.085017,0.061797,0.025901
0.067360,0.088317,0.096476,0.076413,0.071985,0.098250,0.084902,0.083112,0.223149,0.110036
0.065496,0.107216,0.116159,0.082541,0.093310,0.064214,0.172237,0.097485,0.091991,0.109351
0.026140,0.056580,0.025286,0.074854,0.516540,0.038851,0.106827,0.063333,0.056182,0.035407
0.023168,0.074832,0.184021,0.055904,0.356154,0.073671,0.083048,0.070188,0.021875,0.057139
0.032917,0.140845,0.095026,0.077900,0.116663,0.160457,0.122507,0.107374,0.062426,0.083886
0.018850,0.070222,0.022354,0.074517,0.490788,0.115842,0.073839,0.082448,0.025340,0.025801
0.035698,0.112988,0.126869,0.116941,0.118587,0.064414,0.158470,0.095366,0.048879,0.121788
0.031326,0.104917,0.085113,0.090909,0.110232,0.177128,0.135170,0.109511,0.061158,0.094537
0.032893,0.117749,0.094181,0.072743,0.129986,0.169778,0.125765,0.114237,0.095712,0.046956
0.050955,0.132234,0.148227,0.117731,0.159284,0.061198,0.132443,0.092485,0.047490,0.057953
0.051719,0.059007,0.274754,0.034804,0.330164,0.031262,0.074699,0.068766,0.032923,0.041902
0.063284,0.072672,0.386990,0.052717,0.101885,0.045598,0.115297,0.048584,0.060095,0.052877
0.017573,0.059741,0.024742,0.064848,0.504430,0.106976,0.063469,0.068451,0.047055,0.042714
0.046851,0.084284,0.371700,0.093684,0.098615,0.045543,0.094723,0.059109,0.031493,0.073998
0.021099,0.064245,0.021406,0.065518,0.457734,0.110958,0.069339,0.074268,0.072219,0.043213
0.023195,0.067611,0.297492,0.062309,0.257086,0.035461,0.076460,0.075885,0.039239,0.065262
0.049488,0.137226,0.108547,0.092922,0.092514,0.069655,0.168245,0.090824,0.105498,0.085082
0.031762,0.220984,0.080240,0.081494,0.077091,0.082153,0.211495,0.066984,0.063264,0.084533
0.050672,0.119580,0.121032,0.113246,0.106791,0.060402,0.118618,0.110982,0.100432,0.098245
0.036612,0.104581,0.120618,0.097165,0.167185,0.062658,0.109529,0.101769,0.091680,0.108202
0.091022,0.110139,0.108487,0.111146,0.104168,0.130753,0.110231,0.032386,0.085746,0.115923
0.053629,0.068387,0.054962,0.069381,0.444639,0.088895,0.074318,0.047120,0.030849,0.067819
0.018599,0.064140,0.022612,0.068309,0.571023,0.033375,0.063109,0.074227,0.026051,0.058557
0.027158,0.102295,0.033114,0.100434,0.121546,0.172236,0.126739,0.097681,0.115602,0.103195
0.026795,0.082110,0.345641,0.087586,0.083041,0.044712,0.113690,0.116367,0.045562,0.054495
0.045141,0.137964,0.111238,0.146347,0.138401,0.070311,0.151656,0.049547,0.052442,0.096953
0.022570,0.068766,0.301877,0.073852,0.272085,0.034941,0.070724,0.046982,0.038346,0.069856
0.084593,0.086040,0.263389,0.077262,0.126410,0.105265,0.108366,0.070286,0.028667,0.049720
0.056802,0.070578,0.086004,0.062976,0.069610,0.091956,0.117438,0.066410,0.272124,0.106103
0.074894,0.108469,0.132009,0.112790,0.164239,0.056254,0.117015,0.099456,0.068735,0.066139
0.025683,0.070485,0.034289,0.082433,0.430829,0.040984,0.106332,0.056492,0.063402,0.089069
0.026633,0.067554,0.385554,0.111301,0.095493,0.045953,0.083388,0.058737,0.040303,0.085084
0.036005,0.099731,0.298734,0.067377,0.094137,0.116595,0.098407,0.082700,0.031886,0.074428
0.041840,0.110359,0.113295,0.090748,0.090850,0.097719,0.177868,0.083544,0.080924,0.112853
0.036539,0.064442,0.022938,0.085752,0.530522,0.073602,0.068620,0.046649,0.024769,0.046167
0.057152,0.099743,0.092737,0.072325,0.093448,0.054399,0.095308,0.075788,0.260017,0.099083
0.040533,0.121881,0.129272,0.117717,0.107425,0.116846,0.110238,0.109337,0.056572,0.090179
0.041081,0.133535,0.141324,0.095205,0.116128,0.070022,0.139055,0.110803,0.047308,0.105538
0.055384,0.109192,0.123364,0.099470,0.099787,0.075892,0.224156,0.027910,0.078885,0.105959
0.038336,0.120454,0.111445,0.135708,0.163834,0.071289,0.123258,0.114985,0.072463,0.048227
0.035065,0.059672,0.024296,0.045106,0.495307,0.098954,0.067519,0.083578,0.033034,0.057470
0.042010,0.089644,0.259285,0.092305,0.098044,0.100244,0.105630,0.089432,0.037363,0.086042
0.055330,0.118296,0.090141,0.077482,0.084179,0.081538,0.211589,0.072019,0.090986,0.118441
0.068220,0.144479,0.172836,0.045980,0.103507,0.064773,0.049153,0.017280,0.282555,0.051216
0.023693,0.070506,0.371013,0.093561,0.092651,0.048564,0.103256,0.079129,0.043232,0.074396
0.056799,0.122458,0.091844,0.106088,0.134617,0.167923,0.146974,0.083059,0.043235,0.047002
0.032698,0.081918,0.093260,0.073384,0.083881,0.095853,0.086158,0.066423,0.309753,0.076672
0.038827,0.104318,0.092108,0.114118,0.136840,0.060070,0.151173,0.117463,0.076707,0.108375
0.039031,0.112313,0.037697,0.118377,0.144034,0.155987,0.109341,0.122061,0.079085,0.082074
0.031647,0.070808,0.034676,0.044161,0.457987,0.040424,0.091765,0.081443,0.081863,0.065225
0.033078,0.059889,0.025381,0.072603,0.524593,0.090232,0.069515,0.063833,0.022966,0.037909
0.030592,0.089744,0.360336,0.077556,0.095704,0.047013,0.083542,0.085874,0.063737,0.065901
0.054798,0.118060,0.090879,0.076210,0.118512,0.138543,0.123742,0.124571,0.060028,0.094657
0.027470,0.081283,0.366952,0.096155,0.088620,0.044793,0.091109,0.079672,0.052247,0.071698
0.034324,0.093185,0.097343,0.083811,0.170846,0.100523,0.191769,0.030582,0.092755,0.104863
0.025614,0.045753,0.288808,0.050267,0.295326,0.035980,0.073586,0.093972,0.048983,0.041712
0.042003,0.111795,0.116282,0.115420,0.092451,0.137264,0.109242,0.091920,0.061161,0.122461
0.022896,0.117061,0.235829,0.064681,0.135415,0.089018,0.152581,0.062062,0.057894,0.062564
0.035464,0.095783,0.303357,0.072993,0.093181,0.092788,0.097155,0.080954,0.052455,0.075873
0.125576,0.106850,0.118514,0.108227,0.100559,0.102702,0.106942,0.089297,0.059473,0.081861
0.038266,0.100596,0.117562,0.091340,0.121786,0.099290,0.226467,0.086011,0.039872,0.078810
0.050703,0.107565,0.042320,0.111449,0.128802,0.171335,0.133757,0.109322,0.057744,0.087002
0.055619,0.098569,0.102270,0.088051,0.092699,0.127876,0.169494,0.086918,0.077805,0.100700
0.033072,0.116915,0.039474,0.100734,0.134422,0.193980,0.122331,0.116531,0.043435,0.099105
0.078406,0.083717,0.268607,0.055758,0.081995,0.078039,0.080460,0.067404,0.120197,0.085417
0.072210,0.083855,0.231405,0.057466,0.088029,0.110609,0.103814,0.085078,0.082529,0.085006
0.032463,0.063365,0.024944,0.039788,0.557944,0.079261,0.078588,0.068675,0.031628,0.023343
0.024239,0.097744,0.276080,0.091862,0.100713,0.131157,0.113772,0.089598,0.032225,0.042609
0.037504,0.088332,0.126569,0.104405,0.218799,0.053533,0.113446,0.101603,0.039564,0.116245
0.049421,0.112346,0.116364,0.086391,0.126986,0.107293,0.102862,0.080874,0.103579,0.113885
0.044519,0.191700,0.109307,0.093030,0.086458,0.063779,0.143433,0.091330,0.102609,0.073836
0.028620,0.074226,0.342937,0.103586,0.072101,0.045930,0.117862,0.105575,0.031684,0.077480
0.044646,0.117798,0.124192,0.094276,0.113096,0.140342,0.115756,0.098074,0.063284,0.088537
0.036321,0.095480,0.304038,0.067516,0.093655,0.089278,0.085293,0.076574,0.066373,0.085472
0.024761,0.085646,0.352681,0.073131,0.094587,0.047034,0.098168,0.083867,0.078085,0.062038
0.088417,0.114889,0.123131,0.120699,0.091512,0.111407,0.110750,0.034336,0.088569,0.116291
0.033606,0.070083,0.054472,0.041733,0.423692,0.118310,0.089463,0.074060,0.038960,0.055620
0.106747,0.123702,0.044318,0.110324,0.102740,0.112303,0.117963,0.031403,0.152456,0.098045
0.038535,0.098197,0.038715,0.132963,0.132636,0.174910,0.112220,0.127502,0.043221,0.101102
0.068329,0.147684,0.051036,0.114090,0.138977,0.071072,0.153872,0.048991,0.107276,0.098674
0.039466,0.178865,0.061213,0.061885,0.085725,0.070367,0.108769,0.050080,0.293939,0.049692
0.069108,0.125259,0.036277,0.078202,0.119206,0.182835,0.128505,0.038240,0.132472,0.089896
0.024036,0.091187,0.360325,0.085378,0.074431,0.047978,0.089453,0.076318,0.060248,0.090647
0.028356,0.093875,0.256764,0.078612,0.099749,0.138982,0.102285,0.099883,0.034388,0.067107
0.041613,0.109789,0.047137,0.100218,0.188169,0.070613,0.170678,0.125188,0.049250,0.097344
0.031052,0.092032,0.089028,0.113596,0.121619,0.161022,0.119772,0.115114,0.053508,0.103258
0.041558,0.125911,0.120669,0.120364,0.096423,0.137676,0.112462,0.102116,0.058926,0.083894
0.024048,0.106684,0.262596,0.089109,0.093467,0.130648,0.109721,0.063696,0.046281,0.073751
0.125450,0.134735,0.098871,0.099624,0.076991,0.118223,0.093474,0.091108,0.094309,0.067215
0.021254,0.080591,0.025196,0.055551,0.584204,0.043004,0.082331,0.028086,0.051439,0.028344
0.034934,0.061122,0.215240,0.081452,0.302366,0.086633,0.073461,0.073361,0.041678,0.029754
0.032991,0.123018,0.048019,0.120082,0.131116,0.172792,0.132845,0.129119,0.054650,0.055370
0.028187,0.127566,0.275051,0.066146,0.129568,0.087118,0.087361,0.058982,0.073350,0.066670
0.087627,0.105607,0.108699,0.094293,0.085651,0.136033,0.111096,0.085154,0.103142,0.082697
0.037818,0.106118,0.102504,0.179145,0.121718,0.066536,0.124102,0.083781,0.051586,0.126692
0.061799,0.072680,0.077491,0.076557,0.112037,0.079171,0.074944,0.021610,0.342805,0.080906
0.087201,0.093610,0.092241,0.094125,0.157049,0.086080,0.187274,0.029380,0.072258,0.100782
0.024842,0.061762,0.066159,0.057449,0.085776,0.067984,0.118440,0.019391,0.426931,0.071266
0.040223,0.132354,0.047778,0.119478,0.127347,0.166626,0.131570,0.040423,0.099599,0.094602
0.034960,0.090506,0.270919,0.074782,0.079425,0.110839,0.124435,0.070457,0.052304,0.091372
0.037295,0.123374,0.046768,0.100519,0.122329,0.188172,0.124783,0.040195,0.094058,0.122509
0.035172,0.130602,0.041258,0.078387,0.145262,0.209894,0.146762,0.092251,0.045907,0.074505
0.032320,0.098242,0.283010,0.097608,0.107081,0.094541,0.105078,0.033246,0.073212,0.075663
0.121229,0.133755,0.095733,0.083242,0.137198,0.089374,0.093266,0.085006,0.086589,0.074608
0.037608,0.105113,0.122157,0.114669,0.129986,0.124407,0.104830,0.087633,0.071955,0.101643
0.067395,0.209876,0.082604,0.062569,0.074640,0.089246,0.196608,0.063024,0.071919,0.082118
0.097300,0.125392,0.042266,0.090347,0.112668,0.163468,0.119352,0.120555,0.054612,0.074039
0.049310,0.102093,0.116595,0.107890,0.124477,0.119540,0.102534,0.091970,0.102982,0.082609
0.096948,0.208786,0.076262,0.075133,0.074332,0.070932,0.205181,0.060522,0.070437,0.061467
0.037893,0.119750,0.126247,0.120763,0.116831,0.059860,0.116041,0.111091,0.097881,0.093644
0.100210,0.130816,0.096299,0.071803,0.076522,0.087175,0.081773,0.074379,0.202165,0.078858
0.049168,0.082195,0.096308,0.097418,0.083401,0.109277,0.224194,0.081727,0.077016,0.099296
0.047799,0.134650,0.104109,0.102788,0.080273,0.072711,0.163511,0.095530,0.103849,0.094781
0.043666,0.125687,0.041269,0.125316,0.148974,0.133474,0.132493,0.122006,0.058004,0.069111
0.035088,0.105339,0.110576,0.128972,0.140164,0.153128,0.145208,0.036542,0.046489,0.098495
0.075925,0.058269,0.289491,0.086383,0.067431,0.044839,0.118163,0.019164,0.180756,0.059580
0.022760,0.064144,0.051873,0.056244,0.476170,0.086738,0.074995,0.062442,0.037175,0.067458
0.054693,0.089344,0.118347,0.110957,0.104468,0.128141,0.101953,0.082172,0.096716,0.113210
0.024176,0.079426,0.273360,0.070926,0.171519,0.104107,0.081135,0.065817,0.067555,0.061979
0.025575,0.087748,0.374295,0.095025,0.100645,0.046582,0.104898,0.099760,0.031509,0.033962
0.036851,0.096892,0.287106,0.096041,0.089970,0.113805,0.098655,0.069804,0.033907,0.076969
0.042268,0.067315,0.024881,0.081304,0.530324,0.039749,0.078624,0.024327,0.048581,0.062626
0.038962,0.104437,0.105436,0.076470,0.168500,0.066340,0.142915,0.145009,0.051239,0.100692
0.034975,0.076898,0.037602,0.055112,0.472206,0.046445,0.130729,0.064638,0.038834,0.042560
0.042092,0.111486,0.124574,0.093292,0.113069,0.063788,0.122735,0.113092,0.106010,0.109862
0.065729,0.063823,0.062784,0.065199,0.386016,0.110335,0.076772,0.074883,0.038705,0.055755
0.058232,0.060297,0.029015,0.039772,0.517324,0.036039,0.067113,0.083177,0.071276,0.037756
0.060133,0.083186,0.093967,0.087751,0.113023,0.104952,0.216570,0.077201,0.069121,0.094095
0.040739,0.096345,0.097678,0.089304,0.165320,0.063286,0.114785,0.139814,0.095871,0.096858
0.055650,0.051140,0.020835,0.070803,0.459147,0.108030,0.064258,0.060600,0.072046,0.037492
0.040116,0.123631,0.038513,0.130842,0.135754,0.057702,0.106957,0.126990,0.131620,0.107874
0.082931,0.130526,0.107261,0.099813,0.094374,0.118373,0.089577,0.078495,0.099888,0.098762
0.067174,0.189607,0.102745,0.101196,0.080075,0.122071,0.097025,0.081632,0.076847,0.081629
0.071967,0.105308,0.222482,0.089362,0.086466,0.122321,0.087534,0.083251,0.090676,0.040633
0.063117,0.099758,0.114956,0.105143,0.082516,0.099262,0.176651,0.087014,0.085115,0.086469
0.043305,0.085044,0.266854,0.098831,0.105875,0.139394,0.091470,0.090074,0.031464,0.047689
0.037792,0.109284,0.042677,0.075225,0.142329,0.141780,0.131301,0.133071,0.047704,0.138837
0.042798,0.115958,0.260190,0.069459,0.161100,0.100099,0.080013,0.025828,0.079513,0.065040
0.092907,0.113280,0.118346,0.105413,0.091957,0.144163,0.114614,0.026887,0.070123,0.122310
0.041319,0.068216,0.030049,0.039442,0.531862,0.038184,0.080312,0.068320,0.069126,0.033171
0.122411,0.092825,0.107081,0.095590,0.092169,0.098612,0.159901,0.078361,0.076447,0.076604
0.055862,0.086652,0.283819,0.078962,0.084302,0.118813,0.093100,0.076821,0.049860,0.071809
0.036239,0.145649,0.087505,0.109248,0.107249,0.147586,0.131891,0.092572,0.066950,0.075109
0.024932,0.114252,0.298338,0.054449,0.165690,0.047599,0.071894,0.021885,0.133776,0.067186
0.027332,0.077793,0.072305,0.064591,0.352566,0.132183,0.104881,0.067429,0.062984,0.037935
0.023977,0.066019,0.028358,0.061562,0.503380,0.042800,0.103986,0.076387,0.040715,0.052815
0.024204,0.063135,0.334533,0.054964,0.228708,0.039937,0.081055,0.085485,0.041800,0.046179
0.039742,0.115725,0.118305,0.106101,0.106333,0.123427,0.112245,0.101457,0.076590,0.100077
0.074350,0.085841,0.117862,0.111996,0.121922,0.119087,0.109952,0.099697,0.047737,0.111556
0.080885,0.117508,0.122613,0.102191,0.119821,0.149173,0.108647,0.098307,0.042337,0.058518
0.037758,0.098866,0.332507,0.078621,0.136860,0.115656,0.094062,0.022866,0.040530,0.042273
0.054017,0.059639,0.263588,0.062239,0.318790,0.031947,0.065788,0.060848,0.031714,0.051430
0.038772,0.092077,0.115336,0.111751,0.097301,0.127843,0.105507,0.083963,0.108686,0.118765
0.034172,0.099510,0.039402,0.122824,0.130701,0.157992,0.111762,0.126198,0.092164,0.085274
0.038069,0.110664,0.039194,0.123679,0.136782,0.173395,0.112198,0.120728,0.090688,0.054604
0.025396,0.102273,0.282674,0.067811,0.130793,0.102577,0.086198,0.064291,0.069415,0.068573
0.039572,0.107068,0.125119,0.097571,0.114911,0.112539,0.117281,0.092234,0.075703,0.118002
0.034021,0.063386,0.299234,0.064458,0.260565,0.033876,0.071163,0.043899,0.071019,0.058379
0.062873,0.221929,0.092124,0.093173,0.108146,0.114408,0.089055,0.074806,0.049654,0.093832
0.035973,0.082197,0.094768,0.090142,0.075474,0.105159,0.226957,0.073686,0.092776,0.122868
0.033097,0.106281,0.201142,0.070117,0.297285,0.079505,0.079871,0.025470,0.033146,0.074087
0.035585,0.128177,0.133549,0.111393,0.112329,0.066927,0.129228,0.118205,0.067848,0.096759
0.052320,0.122896,0.119908,0.086669,0.105051,0.069679,0.159648,0.086132,0.097413,0.100285
0.022306,0.055518,0.021963,0.075018,0.446749,0.121095,0.067443,0.072426,0.048730,0.068753
0.024293,0.081987,0.263500,0.076334,0.092515,0.137701,0.092224,0.095209,0.090161,0.046076
0.038113,0.092799,0.118485,0.098225,0.099098,0.127737,0.108032,0.092312,0.107346,0.117854
0.065100,0.095059,0.123846,0.096733,0.096658,0.133641,0.108174,0.100787,0.044268,0.135734
0.040045,0.105721,0.118217,0.112376,0.133172,0.108429,0.103211,0.093134,0.101180,0.084516
0.039947,0.105139,0.268233,0.060816,0.175243,0.091569,0.077751,0.066733,0.042555,0.072015
0.038002,0.114443,0.046620,0.129086,0.172508,0.070817,0.140944,0.087085,0.063229,0.137267
0.073941,0.085697,0.112422,0.092002,0.105604,0.122862,0.106448,0.092051,0.096711,0.112263
0.026524,0.123495,0.379936,0.063095,0.090726,0.048759,0.098553,0.063632,0.051744,0.053536
0.036300,0.101772,0.110598,0.107223,0.145418,0.100418,0.101174,0.099198,0.102948,0.094951
0.035133,0.146546,0.286881,0.078375,0.095648,0.086553,0.082622,0.086555,0.030368,0.071321
0.035802,0.073471,0.272868,0.068430,0.076864,0.102020,0.215049,0.021445,0.054208,0.079842
0.043419,0.090096,0.250689,0.091763,0.093890,0.127507,0.086385,0.065236,0.069627,0.081387
0.068709,0.118490,0.038474,0.117127,0.126035,0.194012,0.140284,0.035360,0.069935,0.091575
0.038141,0.115567,0.046818,0.104999,0.121949,0.190718,0.121474,0.118691,0.042199,0.099443
0.045709,0.117470,0.115858,0.108426,0.200906,0.056525,0.103356,0.086676,0.065985,0.099091
0.036762,0.107674,0.118163,0.114690,0.086668,0.067191,0.185795,0.081822,0.089256,0.111978
0.047480,0.089487,0.068237,0.061926,0.059471,0.071074,0.113833,0.052433,0.370739,0.065319
0.041509,0.118589,0.122029,0.112151,0.143691,0.057739,0.110022,0.103458,0.078135,0.112676
0.040105,0.121216,0.120699,0.091023,0.121186,0.147932,0.112950,0.086322,0.077523,0.081043
0.041074,0.130983,0.142989,0.124485,0.128350,0.072624,0.126232,0.035727,0.079003,0.118533
0.069077,0.114383,0.117613,0.093174,0.126450,0.121631,0.103307,0.101071,0.075238,0.078056
0.098186,0.109132,0.115932,0.094687,0.179995,0.053172,0.108555,0.104597,0.075548,0.060195
0.030735,0.133483,0.092362,0.070801,0.120578,0.131973,0.120255,0.114789,0.119619,0.065406
0.093113,0.070096,0.072735,0.063149,0.110800,0.084636,0.074307,0.020878,0.332065,0.078221
0.023593,0.066300,0.204784,0.039555,0.336538,0.099474,0.087184,0.075709,0.036381,0.030483
0.030492,0.109979,0.038161,0.119560,0.132513,0.186068,0.125418,0.127136,0.041182,0.089491
0.024084,0.081103,0.322208,0.072375,0.167065,0.043471,0.085669,0.080234,0.066554,0.057238
0.031554,0.076965,0.082276,0.071677,0.110498,0.104295,0.084031,0.019200,0.365410,0.054093
0.028421,0.092490,0.364446,0.048808,0.118603,0.052097,0.084461,0.115942,0.052805,0.041927
0.037285,0.160380,0.121892,0.122563,0.110585,0.065958,0.119010,0.109763,0.052089,0.100475
0.023948,0.059809,0.023214,0.077524,0.567880,0.034007,0.098895,0.023043,0.040644,0.051036
0.038492,0.132933,0.110563,0.112778,0.136720,0.068733,0.116458,0.158780,0.073417,0.051126
0.041035,0.069014,0.022811,0.071847,0.539735,0.036961,0.065293,0.026166,0.078559,0.048579
0.080449,0.091859,0.307651,0.061569,0.081133,0.094120,0.093136,0.076935,0.034776,0.078372
0.104182,0.107966,0.120607,0.120584,0.100107,0.057776,0.109649,0.104242,0.061395,0.113491
0.072541,0.145983,0.119985,0.093459,0.152405,0.076584,0.150749,0.043928,0.078812,0.065555
0.043946,0.108849,0.123200,0.089420,0.137095,0.107050,0.116200,0.102368,0.102808,0.069066
0.021590,0.093339,0.032040,0.069250,0.396887,0.118666,0.086298,0.081332,0.043264,0.057333
0.038812,0.129489,0.039733,0.130302,0.123382,0.205309,0.146903,0.042633,0.059288,0.084149
0.042590,0.098093,0.093008,0.090626,0.079962,0.106046,0.087435,0.077152,0.238372,0.086715
0.036185,0.092665,0.045824,0.125687,0.125156,0.164050,0.105940,0.110611,0.087919,0.105964
0.048579,0.117623,0.044202,0.082478,0.149155,0.065264,0.119992,0.159230,0.134679,0.078799
0.031422,0.076943,0.021810,0.038595,0.477120,0.099121,0.075394,0.065519,0.053125,0.060952
0.020593,0.093084,0.329811,0.093600,0.067933,0.047791,0.140136,0.071796,0.070928,0.064328
0.043595,0.100575,0.141466,0.099157,0.128360,0.064816,0.126791,0.106132,0.111969,0.077138
0.061596,0.093040,0.099179,0.089277,0.080182,0.112884,0.218861,0.075123,0.073188,0.096670
0.078233,0.139257,0.106713,0.084855,0.085007,0.111970,0.099419,0.090837,0.096915,0.106795
0.036896,0.063764,0.216593,0.059044,0.062179,0.092349,0.130614,0.061289,0.207838,0.069434
0.048332,0.067539,0.212371,0.068029,0.119545,0.064526,0.121032,0.054126,0.192411,0.052088
0.082822,0.082688,0.283900,0.059799,0.122876,0.108228,0.088473,0.061955,0.029732,0.079528
0.025819,0.075207,0.306891,0.074114,0.209078,0.041400,0.080410,0.077817,0.070755,0.038508
0.064611,0.096380,0.048910,0.085249,0.130499,0.182324,0.191347,0.033855,0.069967,0.096858
0.036891,0.069896,0.082111,0.062461,0.073348,0.086475,0.169683,0.066129,0.294791,0.058216
0.051085,0.220508,0.080711,0.081537,0.069722,0.093927,0.212283,0.071746,0.064209,0.054272
0.020785,0.074593,0.061326,0.064102,0.430532,0.080054,0.097397,0.081476,0.038640,0.051096
0.038260,0.116560,0.053444,0.132819,0.168759,0.066339,0.136834,0.145432,0.068512,0.073041
0.052517,0.106273,0.110276,0.088187,0.101347,0.057891,0.129415,0.081731,0.200690,0.071673
0.048180,0.099039,0.079856,0.111122,0.117830,0.155147,0.125233,0.098179,0.081963,0.083451
0.046026,0.130897,0.045239,0.088656,0.173712,0.149024,0.129496,0.095723,0.064796,0.076431
0.023595,0.080337,0.302556,0.067586,0.142470,0.103733,0.087477,0.080630,0.045126,0.066490
0.043314,0.141200,0.104909,0.094999,0.159830,0.058793,0.168142,0.070066,0.061504,0.097244
0.062315,0.156697,0.113558,0.092115,0.176876,0.070950,0.098606,0.030462,0.084100,0.114320
0.023150,0.089803,0.255849,0.102715,0.098129,0.136428,0.100149,0.090417,0.033019,0.070340
0.063765,0.092190,0.105226,0.086959,0.119731,0.113222,0.203277,0.080745,0.039356,0.095529
0.031892,0.094338,0.362636,0.090337,0.103242,0.045942,0.081616,0.087374,0.034067,0.068556
0.036602,0.116981,0.042935,0.139067,0.134002,0.067457,0.135741,0.154626,0.070307,0.102283
0.066062,0.102093,0.104888,0.099908,0.081683,0.067556,0.178960,0.093862,0.092121,0.112868
0.108472,0.120508,0.042370,0.077203,0.127396,0.062849,0.130231,0.138090,0.140002,0.052880
0.078651,0.097810,0.103906,0.090090,0.086733,0.103373,0.161210,0.083207,0.095307,0.099713
0.053103,0.251394,0.100656,0.091946,0.084702,0.115872,0.088154,0.082755,0.057106,0.074314
0.022317,0.074695,0.060885,0.043644,0.424892,0.117757,0.086846,0.054433,0.059618,0.054913
0.038112,0.089377,0.317294,0.097503,0.092498,0.086349,0.094340,0.022308,0.056228,0.105991
0.036036,0.110098,0.040252,0.131826,0.134376,0.131405,0.161881,0.118510,0.067217,0.068400
0.096683,0.106734,0.038098,0.094483,0.117755,0.202178,0.106882,0.077607,0.083539,0.076041
0.035800,0.096112,0.096620,0.149266,0.162513,0.060986,0.161965,0.140932,0.053954,0.041852
0.035134,0.071832,0.199521,0.068890,0.073094,0.081933,0.129882,0.056154,0.227488,0.056073
0.050252,0.084191,0.387995,0.050643,0.098634,0.054214,0.083110,0.098050,0.039270,0.053640
0.029086,0.073610,0.066137,0.103207,0.456382,0.042584,0.077505,0.089957,0.031460,0.030072
0.034510,0.076122,0.379336,0.073353,0.095001,0.056776,0.138075,0.024090,0.084091,0.038645
0.098904,0.111411,0.039958,0.124970,0.122116,0.128358,0.159710,0.117455,0.053896,0.043224
0.055650,0.068210,0.053302,0.071161,0.429468,0.102176,0.075739,0.065935,0.030715,0.047643
0.031965,0.090429,0.303052,0.066916,0.084780,0.111708,0.088541,0.073501,0.074571,0.074538
0.023872,0.095804,0.073666,0.056596,0.307080,0.121129,0.093419,0.063424,0.090251,0.074759
0.081611,0.081333,0.102392,0.080339,0.088459,0.114934,0.208510,0.073410,0.074249,0.094764
0.032974,0.068812,0.022794,0.065136,0.459808,0.101502,0.073850,0.047520,0.080334,0.047269
0.038545,0.118220,0.129998,0.101093,0.112336,0.060830,0.116589,0.103453,0.119350,0.099585
0.099793,0.086558,0.119379,0.121386,0.121939,0.055850,0.112655,0.093125,0.090554,0.098761
0.043511,0.100236,0.120155,0.103398,0.109219,0.119325,0.122802,0.111084,0.082139,0.088131
0.019531,0.066916,0.191858,0.077693,0.328779,0.103077,0.068042,0.067070,0.023439,0.053594
0.033126,0.134671,0.035636,0.114923,0.127592,0.144326,0.137532,0.128102,0.049171,0.094922
0.037197,0.116088,0.123018,0.085306,0.134005,0.128843,0.114322,0.088260,0.070662,0.102297
0.038378,0.096853,0.047704,0.120361,0.125081,0.124779,0.130831,0.137546,0.054015,0.124453
0.020066,0.060233,0.025628,0.068311,0.511667,0.067879,0.059323,0.074193,0.070625,0.042075
0.095700,0.113636,0.048480,0.114699,0.113236,0.064166,0.126899,0.148530,0.111024,0.063630
0.023950,0.071336,0.056823,0.046348,0.542665,0.036832,0.067034,0.020644,0.079012,0.055356
0.049306,0.112721,0.078319,0.062575,0.055107,0.083779,0.074053,0.018489,0.402074,0.063577
0.017730,0.076097,0.313387,0.084834,0.254727,0.044379,0.072656,0.021888,0.059789,0.054514
0.100369,0.137008,0.116892,0.071076,0.148399,0.055624,0.110819,0.095034,0.077617,0.087162
0.036711,0.122200,0.132001,0.081969,0.115239,0.060822,0.114160,0.112010,0.121204,0.103685
0.034112,0.100520,0.039125,0.141730,0.135356,0.174825,0.132716,0.085874,0.069497,0.086246
0.038766,0.084986,0.263060,0.089289,0.070661,0.103405,0.160201,0.070419,0.056581,0.062633
0.093944,0.108348,0.117179,0.092283,0.098526,0.138118,0.114941,0.031881,0.109966,0.094814
0.029051,0.073851,0.311706,0.064491,0.083628,0.107867,0.092028,0.087970,0.066405,0.083004
0.071599,0.081315,0.355999,0.069371,0.078820,0.042182,0.084242,0.087512,0.045394,0.083567
0.049636,0.096735,0.083208,0.076945,0.071935,0.093469,0.072457,0.063134,0.311946,0.080532
0.028799,0.134525,0.046143,0.105900,0.101334,0.166912,0.148139,0.103193,0.065721,0.099332
0.107892,0.202990,0.100182,0.089807,0.083483,0.064457,0.144981,0.070558,0.061128,0.074521
0.040571,0.093847,0.241823,0.089605,0.089186,0.125296,0.102884,0.089042,0.049198,0.078549
0.045031,0.119370,0.131482,0.120235,0.168004,0.057378,0.104981,0.095836,0.083709,0.073974
0.030658,0.108522,0.357600,0.077519,0.089459,0.047167,0.080665,0.084915,0.057645,0.065850
0.028164,0.118582,0.289939,0.087946,0.082320,0.106204,0.093776,0.070953,0.070966,0.051150
0.031824,0.072483,0.020248,0.039987,0.481044,0.092385,0.091306,0.061043,0.061774,0.047907
0.064044,0.117375,0.117195,0.111498,0.167062,0.063303,0.108399,0.104790,0.040370,0.105963
0.029550,0.114395,0.036175,0.116859,0.121845,0.175174,0.135949,0.105922,0.086986,0.077145
0.028299,0.096261,0.312204,0.069479,0.090691,0.098262,0.089651,0.079285,0.076290,0.059578
0.031416,0.096785,0.294142,0.076525,0.150013,0.106354,0.088945,0.074062,0.044916,0.036843
0.065963,0.189934,0.115787,0.088312,0.113376,0.066294,0.117613,0.081716,0.086760,0.074245
0.031429,0.116575,0.037475,0.073880,0.120716,0.182483,0.121383,0.121533,0.088460,0.106066
0.021483,0.052935,0.027622,0.079428,0.595689,0.036425,0.070915,0.048564,0.027896,0.039044
0.021909,0.063703,0.021979,0.068145,0.491298,0.113403,0.083648,0.064628,0.035185,0.036101
0.022620,0.077350,0.288404,0.057851,0.290933,0.037252,0.077880,0.060993,0.025303,0.061414
0.046894,0.095372,0.266847,0.057006,0.100991,0.139097,0.104180,0.089825,0.035674,0.064113
0.041282,0.132688,0.051922,0.081327,0.115486,0.153819,0.193430,0.035792,0.086455,0.107798
0.025966,0.090531,0.283423,0.077835,0.111263,0.096875,0.116347,0.104390,0.033761,0.059609
0.032419,0.089583,0.334195,0.083535,0.095930,0.118465,0.090542,0.029244,0.061236,0.064851
0.072410,0.119842,0.125318,0.125196,0.110439,0.152026,0.119471,0.026325,0.070449,0.078524
0.054769,0.073994,0.085494,0.074484,0.099930,0.091417,0.073675,0.021782,0.342155,0.082300
0.029987,0.071226,0.079300,0.075992,0.063820,0.085200,0.180641,0.060774,0.277282,0.075778
