0.036981,0.287736,0.166927,0.044583,0.199298,0.105357,0.043593,0.041055,0.030499,0.043971
0.058253,0.342370,0.070805,0.085823,0.070221,0.095552,0.096447,0.086028,0.064073,0.030429
0.046909,0.193390,0.073082,0.086555,0.171544,0.058632,0.145553,0.087820,0.100373,0.036140
0.074899,0.130820,0.085136,0.101866,0.113048,0.115424,0.109198,0.077719,0.095042,0.096848
0.101177,0.237363,0.034724,0.083046,0.070586,0.127793,0.114855,0.029286,0.086093,0.115076
0.026486,0.389931,0.037719,0.028995,0.017789,0.040467,0.390513,0.025224,0.030569,0.012308
0.043996,0.196468,0.068429,0.030225,0.341335,0.117256,0.048584,0.038334,0.077915,0.037458
0.097697,0.191822,0.044656,0.072650,0.066046,0.197138,0.080827,0.087301,0.078541,0.083320
0.045267,0.108581,0.075383,0.110111,0.104259,0.134614,0.213936,0.073617,0.040172,0.094060
0.042607,0.159442,0.117422,0.127065,0.101335,0.046854,0.108722,0.089883,0.054764,0.151906
0.058935,0.091161,0.276541,0.057914,0.217474,0.051567,0.065321,0.054011,0.066281,0.060796
0.065935,0.129065,0.123084,0.130403,0.117118,0.057545,0.117700,0.107172,0.055298,0.096678
0.029854,0.338785,0.056138,0.038652,0.038186,0.026013,0.388487,0.024295,0.018729,0.040862
0.059294,0.211575,0.163975,0.083106,0.074296,0.088600,0.080877,0.066751,0.068873,0.102653
0.091823,0.072782,0.091061,0.118090,0.088418,0.121407,0.111291,0.102782,0.080907,0.121440
0.033913,0.113914,0.108669,0.077801,0.048568,0.092816,0.323313,0.072389,0.056550,0.072067
0.050242,0.331128,0.094564,0.085352,0.062550,0.086754,0.068653,0.088153,0.060759,0.071843
0.051388,0.345490,0.104458,0.078803,0.057722,0.047294,0.082180,0.069154,0.054774,0.108737
0.049545,0.059078,0.080427,0.072788,0.156760,0.067074,0.217926,0.136522,0.069257,0.090622
0.081979,0.296123,0.107445,0.080883,0.067018,0.038668,0.103814,0.077348,0.063768,0.082955
0.051692,0.271100,0.096317,0.056875,0.046209,0.051276,0.295824,0.030842,0.023981,0.075883
0.022381,0.098743,0.064741,0.090572,0.080521,0.215979,0.131239,0.100036,0.096730,0.099060
0.055319,0.144534,0.086856,0.104802,0.058127,0.121575,0.242628,0.027481,0.067428,0.091251
0.082299,0.047497,0.295762,0.062417,0.205354,0.101396,0.053156,0.048574,0.036565,0.066981
0.079024,0.148993,0.050887,0.128460,0.060780,0.037744,0.129402,0.168861,0.090791,0.105057
0.031166,0.095630,0.093060,0.126724,0.136640,0.082426,0.170172,0.028179,0.095876,0.140127
0.094882,0.039192,0.097092,0.075351,0.085684,0.075137,0.304909,0.048755,0.107150,0.071847
0.063815,0.100106,0.225847,0.084841,0.080024,0.104515,0.095269,0.071212,0.068147,0.106225
0.049965,0.248198,0.054208,0.114724,0.045853,0.150053,0.103711,0.076235,0.046035,0.111018
0.120655,0.328690,0.041129,0.026774,0.026196,0.023594,0.314296,0.023286,0.067533,0.027846
0.030195,0.272469,0.108162,0.053118,0.049636,0.110694,0.192316,0.065870,0.059390,0.058150
0.016348,0.228617,0.181022,0.038830,0.350100,0.064653,0.027017,0.020289,0.029741,0.043383
0.056791,0.219887,0.030352,0.099617,0.077155,0.112640,0.117321,0.026176,0.133953,0.126109
0.055040,0.089872,0.137913,0.143448,0.099000,0.036035,0.129031,0.102417,0.078914,0.128330
0.019101,0.087136,0.348166,0.030444,0.230600,0.100728,0.059868,0.045286,0.033760,0.044911
0.065750,0.079616,0.092350,0.084257,0.042662,0.077209,0.344329,0.027704,0.087197,0.098927
0.055249,0.247386,0.098350,0.104958,0.082399,0.050970,0.076197,0.098239,0.072417,0.113835
0.096178,0.129773,0.094634,0.134689,0.087330,0.040336,0.105957,0.089946,0.096085,0.125073
0.062115,0.054547,0.262275,0.083404,0.092051,0.089760,0.103144,0.074190,0.090158,0.088355
0.088627,0.112517,0.114306,0.063739,0.093262,0.140199,0.092819,0.091866,0.077261,0.125405
0.082830,0.102580,0.047468,0.123875,0.098166,0.204839,0.100217,0.094527,0.045233,0.100264
0.056771,0.053189,0.219947,0.035810,0.077763,0.067954,0.073828,0.069926,0.241081,0.103732
0.103010,0.116764,0.105762,0.058027,0.102148,0.105286,0.119108,0.024740,0.135962,0.129193
0.017106,0.237151,0.180655,0.046157,0.340784,0.036581,0.025549,0.057245,0.030025,0.028746
0.052514,0.083314,0.138825,0.068552,0.078386,0.037657,0.328141,0.093280,0.051824,0.067507
0.058628,0.039586,0.126382,0.064874,0.259102,0.138893,0.062264,0.113092,0.103974,0.033204
0.055963,0.389806,0.058938,0.066882,0.073499,0.101136,0.066679,0.041428,0.066290,0.079379
0.073209,0.041384,0.149677,0.065406,0.397955,0.063360,0.058186,0.044797,0.045418,0.060609
0.094514,0.119513,0.114169,0.105056,0.056614,0.129264,0.109155,0.085116,0.083849,0.102749
0.112524,0.261408,0.131970,0.077528,0.042977,0.096843,0.063962,0.053373,0.071328,0.088087
0.011511,0.238884,0.027580,0.015930,0.383174,0.049986,0.203757,0.033245,0.017897,0.018036
0.058409,0.082348,0.097435,0.084216,0.058501,0.080664,0.334238,0.056286,0.076646,0.071256
0.058550,0.099615,0.216030,0.094477,0.090196,0.086712,0.087191,0.078241,0.081646,0.107342
0.045558,0.122017,0.032067,0.121368,0.125053,0.232781,0.097284,0.087994,0.051232,0.084645
0.081323,0.091119,0.200055,0.056138,0.069049,0.104281,0.119602,0.076647,0.087385,0.114401
0.101443,0.084402,0.105216,0.100064,0.093586,0.103496,0.095064,0.123878,0.061750,0.131102
0.026522,0.105365,0.055623,0.139103,0.136069,0.143045,0.102699,0.127504,0.062116,0.101955
0.067784,0.320852,0.131676,0.097891,0.056256,0.035894,0.102394,0.075424,0.077203,0.034627
0.047114,0.271968,0.077714,0.045605,0.037664,0.049020,0.296013,0.031899,0.074523,0.068479
0.057596,0.095264,0.229440,0.090438,0.095374,0.094234,0.092454,0.065637,0.073310,0.106254
0.035374,0.047778,0.187464,0.063320,0.039081,0.151250,0.217278,0.079515,0.059624,0.119315
0.053131,0.059743,0.155698,0.088582,0.076470,0.082084,0.239030,0.073834,0.085213,0.086214
0.069738,0.105497,0.105561,0.104253,0.069940,0.125852,0.094902,0.080062,0.123210,0.120986
0.104770,0.135553,0.027723,0.117553,0.129402,0.122101,0.134550,0.084759,0.064985,0.078606
0.041279,0.062301,0.073752,0.086745,0.054755,0.120691,0.332266,0.078524,0.073153,0.076535
0.120412,0.110487,0.113316,0.092766,0.099217,0.111072,0.102578,0.080863,0.125997,0.043294
0.031302,0.041562,0.057445,0.044131,0.436697,0.088012,0.095732,0.056267,0.091862,0.056991
0.059256,0.155496,0.118862,0.125104,0.064453,0.033765,0.102187,0.135643,0.056580,0.148655
0.040413,0.114639,0.051459,0.118386,0.108350,0.195872,0.090109,0.065830,0.078426,0.136516
0.061375,0.390985,0.037089,0.038793,0.020927,0.027357,0.322491,0.032812,0.052027,0.016144
0.050795,0.265424,0.104572,0.101194,0.059340,0.045903,0.106529,0.062993,0.079331,0.123919
0.067668,0.057765,0.094602,0.064763,0.053764,0.105042,0.338905,0.052979,0.063591,0.100921
0.019325,0.036759,0.411707,0.029787,0.295925,0.079216,0.037001,0.032692,0.022151,0.035436
0.045630,0.262570,0.045497,0.140125,0.101385,0.036094,0.097028,0.079583,0.044391,0.147696
0.028980,0.202584,0.127192,0.042209,0.067104,0.140586,0.225395,0.062181,0.038363,0.065408
0.116116,0.345834,0.058795,0.070932,0.055029,0.093253,0.078076,0.025036,0.071014,0.085915
0.046233,0.307399,0.069661,0.072626,0.049963,0.087286,0.102566,0.109360,0.070859,0.084047
0.028703,0.041082,0.066460,0.031496,0.375201,0.091982,0.258318,0.033080,0.043727,0.029951
0.051940,0.283678,0.098665,0.090249,0.049886,0.077288,0.093437,0.063398,0.087539,0.103921
0.070145,0.340077,0.072154,0.024320,0.039483,0.074080,0.279150,0.032074,0.047213,0.021302
0.087178,0.066096,0.070967,0.094841,0.043749,0.046135,0.340475,0.071510,0.076457,0.102591
0.088466,0.102617,0.095601,0.096489,0.082470,0.115303,0.091133,0.128474,0.072462,0.126985
0.084895,0.100230,0.238787,0.090794,0.069882,0.128491,0.098416,0.066480,0.080297,0.041728
0.149313,0.058415,0.123107,0.041329,0.087327,0.082364,0.207715,0.070334,0.081045,0.099051
0.118289,0.199197,0.135322,0.070931,0.037307,0.101740,0.072091,0.092874,0.097463,0.074785
0.052645,0.122568,0.118173,0.119355,0.123142,0.144816,0.117119,0.026743,0.101628,0.073812
0.087146,0.118249,0.101570,0.111856,0.083794,0.130624,0.083163,0.080419,0.087672,0.115508
0.077406,0.062485,0.081095,0.046417,0.384884,0.093234,0.072112,0.048236,0.070060,0.064071
0.023667,0.023915,0.054788,0.046234,0.355547,0.054306,0.267433,0.036977,0.083036,0.054095
0.104156,0.075336,0.104279,0.065749,0.071537,0.111368,0.123593,0.098048,0.118464,0.127469
0.033037,0.215446,0.236737,0.037074,0.234560,0.056549,0.047103,0.035770,0.039570,0.064153
0.034971,0.099695,0.068623,0.064328,0.117437,0.153005,0.148514,0.101006,0.080122,0.132299
0.048981,0.088262,0.420800,0.038789,0.036263,0.065858,0.081140,0.087745,0.048712,0.083450
0.121221,0.101092,0.102624,0.114852,0.095169,0.128977,0.096739,0.079385,0.081905,0.078036
0.068322,0.125804,0.254494,0.102651,0.047980,0.097627,0.070205,0.118269,0.039954,0.074693
0.036678,0.136509,0.028524,0.144035,0.065150,0.220663,0.146415,0.096235,0.094019,0.031771
0.113413,0.136862,0.128299,0.136087,0.088993,0.071378,0.150060,0.030422,0.105829,0.038657
0.054003,0.086630,0.116587,0.090773,0.117872,0.115907,0.100761,0.111140,0.076835,0.129493
0.038124,0.118719,0.027049,0.130878,0.121662,0.132254,0.181859,0.083325,0.061785,0.104345
0.054479,0.122914,0.120629,0.119536,0.088911,0.123348,0.103063,0.084779,0.052277,0.130062
0.072202,0.103253,0.105404,0.142711,0.128109,0.066911,0.126699,0.029390,0.094683,0.130638
0.071137,0.085351,0.099821,0.100205,0.037457,0.079962,0.318039,0.063373,0.088049,0.056607
0.092075,0.125617,0.102743,0.094947,0.097025,0.136436,0.087341,0.093843,0.073892,0.096081
0.075340,0.205397,0.189246,0.054668,0.084144,0.079303,0.092692,0.055677,0.063936,0.099598
0.056509,0.367289,0.035965,0.030038,0.030521,0.015238,0.382371,0.026774,0.019281,0.036014
0.053930,0.110686,0.127811,0.133067,0.098046,0.060021,0.112263,0.100927,0.095477,0.107773
0.069644,0.093839,0.309270,0.076630,0.027340,0.076176,0.153910,0.042410,0.057380,0.093402
0.065262,0.260719,0.083084,0.094572,0.061548,0.099915,0.071902,0.083635,0.071785,0.107579
0.035407,0.122796,0.060173,0.123613,0.114856,0.143986,0.136049,0.090049,0.069168,0.103902
0.059669,0.093001,0.036606,0.068429,0.071450,0.133117,0.251798,0.037302,0.120030,0.128598
0.067422,0.111049,0.108697,0.113032,0.055950,0.109090,0.107501,0.082785,0.124622,0.119852
0.065516,0.041166,0.068826,0.090278,0.052336,0.107233,0.345892,0.066012,0.067141,0.095600
0.059615,0.082818,0.095581,0.074140,0.093514,0.156825,0.117596,0.096839,0.110711,0.112359
0.072533,0.098981,0.108680,0.117982,0.130394,0.053535,0.101428,0.144791,0.085721,0.085956
0.050870,0.276894,0.098388,0.027472,0.059089,0.041493,0.310687,0.047845,0.042677,0.044585
0.045869,0.067438,0.233460,0.085301,0.099579,0.203776,0.063966,0.063651,0.039318,0.097643
0.062737,0.118974,0.088732,0.123362,0.091799,0.132293,0.115763,0.105767,0.076687,0.083886
0.053707,0.116105,0.025909,0.115712,0.051338,0.156039,0.212718,0.105662,0.058630,0.104179
0.029499,0.056727,0.160482,0.072195,0.246600,0.082475,0.215428,0.029171,0.057226,0.050198
0.072228,0.083640,0.079151,0.092824,0.061027,0.050423,0.313770,0.066832,0.078284,0.101821
0.088992,0.126880,0.086657,0.116679,0.086185,0.118517,0.133645,0.024493,0.127378,0.090573
0.057638,0.077232,0.093456,0.042296,0.036533,0.105943,0.352116,0.069528,0.081686,0.083572
0.099739,0.056081,0.273418,0.071700,0.052547,0.086601,0.161830,0.047699,0.063080,0.087304
0.030496,0.300138,0.057537,0.039778,0.020503,0.058479,0.380202,0.030426,0.050177,0.032263
0.051108,0.100723,0.031484,0.103046,0.059597,0.174612,0.229174,0.069970,0.052657,0.127629
0.035187,0.020681,0.250831,0.029040,0.272928,0.032520,0.206699,0.060803,0.059240,0.032071
0.059744,0.071490,0.214638,0.080783,0.076076,0.114966,0.088036,0.111678,0.086369,0.096219
0.051767,0.070983,0.260382,0.090866,0.037386,0.110210,0.151953,0.044594,0.070913,0.110947
0.041711,0.308184,0.057636,0.041142,0.022919,0.063134,0.266430,0.035888,0.101948,0.061008
0.032318,0.270081,0.018133,0.069802,0.027201,0.021618,0.337002,0.095718,0.025043,0.103085
0.032326,0.033975,0.156470,0.062971,0.400529,0.084240,0.067047,0.042304,0.071716,0.048421
0.044503,0.052155,0.373539,0.075554,0.065343,0.096273,0.073460,0.060907,0.057601,0.100664
0.067121,0.143349,0.218037,0.081590,0.036950,0.100229,0.110933,0.117062,0.044168,0.080560
0.066362,0.087869,0.106619,0.062367,0.058602,0.084346,0.332607,0.058961,0.065717,0.076550
0.057509,0.095454,0.096410,0.140560,0.064280,0.155764,0.113226,0.026268,0.097383,0.153147
0.018988,0.037381,0.045122,0.021732,0.375784,0.046942,0.359675,0.025808,0.033376,0.035190
0.034085,0.031158,0.045858,0.016705,0.327885,0.041747,0.419849,0.026737,0.037512,0.018465
0.017846,0.030569,0.108172,0.030029,0.335805,0.053805,0.320425,0.029456,0.021507,0.052388
0.055866,0.119372,0.042619,0.146171,0.052360,0.041389,0.124287,0.142762,0.115660,0.159515
0.045343,0.051313,0.094960,0.088925,0.080372,0.068643,0.347569,0.069357,0.058180,0.095337
0.035701,0.212066,0.136517,0.050844,0.027594,0.111782,0.255168,0.026182,0.108867,0.035279
0.032193,0.223013,0.208429,0.080702,0.072564,0.102034,0.104434,0.031252,0.055931,0.089447
0.089166,0.199312,0.051178,0.108046,0.083093,0.150903,0.086019,0.067233,0.065156,0.099893
0.047040,0.246448,0.025090,0.118954,0.058713,0.157887,0.084768,0.094386,0.066760,0.099955
0.080742,0.260948,0.144398,0.106801,0.045642,0.076534,0.083820,0.050981,0.067452,0.082683
0.045315,0.138215,0.061120,0.119057,0.078222,0.157611,0.121534,0.026639,0.092443,0.159844
0.042371,0.079588,0.359804,0.076601,0.037181,0.098271,0.076759,0.064471,0.090488,0.074467
0.168259,0.284628,0.073121,0.096303,0.058932,0.086493,0.095559,0.026873,0.079932,0.029899
0.034404,0.097576,0.246327,0.090107,0.086360,0.152541,0.085042,0.075946,0.044171,0.087525
0.039298,0.146847,0.093048,0.115189,0.066301,0.132517,0.227100,0.073767,0.048274,0.057658
0.057027,0.096740,0.069642,0.060936,0.051724,0.080311,0.406851,0.067547,0.074854,0.034368
0.033491,0.121218,0.334418,0.042847,0.259642,0.077766,0.050343,0.044651,0.018439,0.017185
0.079230,0.113899,0.110362,0.117329,0.068500,0.114160,0.109352,0.121490,0.055015,0.110663
0.052465,0.084397,0.068166,0.091866,0.038606,0.031397,0.367496,0.078386,0.111193,0.076029
0.038248,0.136833,0.047146,0.023601,0.494259,0.083675,0.040108,0.024496,0.084483,0.027150
0.033782,0.302172,0.148690,0.016012,0.176577,0.031214,0.195039,0.024172,0.028222,0.044120
0.041231,0.230591,0.069651,0.085499,0.048283,0.135726,0.124328,0.071537,0.058395,0.134758
0.039595,0.064887,0.065975,0.060795,0.339072,0.051870,0.273931,0.034447,0.050487,0.018941
0.045042,0.049165,0.112497,0.112621,0.089865,0.029866,0.333640,0.070582,0.069205,0.087518
0.039514,0.147423,0.058659,0.104443,0.054918,0.157755,0.114715,0.075840,0.109522,0.137210
0.039028,0.123805,0.061824,0.120349,0.117463,0.195818,0.139882,0.082657,0.086426,0.032748
0.093544,0.122642,0.131658,0.128813,0.126348,0.052298,0.110558,0.088320,0.105339,0.040479
0.042228,0.065738,0.357503,0.040850,0.200399,0.142757,0.037724,0.030278,0.034011,0.048512
0.058449,0.080892,0.460523,0.052987,0.053156,0.078813,0.080018,0.036051,0.024593,0.074517
0.019720,0.036778,0.078288,0.023666,0.342022,0.097347,0.268154,0.055503,0.028732,0.049790
0.058208,0.080602,0.397860,0.058196,0.065631,0.077357,0.074136,0.058803,0.067804,0.061402
0.076458,0.044341,0.074077,0.065724,0.412862,0.078159,0.071779,0.077700,0.027875,0.071027
0.043383,0.062091,0.387623,0.017828,0.237330,0.108990,0.040856,0.046990,0.026499,0.028411
0.074235,0.324406,0.035738,0.027618,0.031734,0.015330,0.393766,0.048813,0.030053,0.018307
0.032723,0.388517,0.029636,0.032061,0.017497,0.030458,0.376257,0.026673,0.020865,0.045314
0.071080,0.118160,0.094333,0.134068,0.094543,0.033068,0.123467,0.143180,0.081499,0.106601
0.043155,0.118589,0.115777,0.111237,0.078489,0.047605,0.109011,0.112415,0.120594,0.143126
0.091676,0.123371,0.089888,0.119375,0.090422,0.149934,0.115306,0.024307,0.075319,0.120401
0.060132,0.057468,0.103029,0.078038,0.378870,0.089687,0.089434,0.042230,0.039268,0.061845
0.021958,0.211096,0.026830,0.019047,0.378084,0.045749,0.233738,0.014814,0.021585,0.027099
0.018904,0.220348,0.021214,0.110909,0.108613,0.145282,0.102907,0.128695,0.046759,0.096370
0.021061,0.104155,0.418614,0.080002,0.029373,0.071053,0.079353,0.088034,0.047223,0.061132
0.089751,0.143893,0.064143,0.115634,0.063287,0.051012,0.204620,0.026202,0.086792,0.154667
0.034676,0.033515,0.385520,0.051480,0.150350,0.152721,0.057784,0.038872,0.040959,0.054122
0.063276,0.097017,0.171284,0.073237,0.090360,0.072740,0.219762,0.044757,0.085077,0.082490
0.043777,0.083756,0.099256,0.040590,0.053963,0.081527,0.383012,0.070450,0.059776,0.083893
0.070921,0.119032,0.118113,0.121962,0.141935,0.050402,0.096623,0.098005,0.071642,0.111364
0.038343,0.051223,0.090196,0.074837,0.426056,0.098854,0.060691,0.031361,0.084254,0.044184
0.025471,0.072634,0.493676,0.061205,0.044872,0.080353,0.076077,0.041106,0.036922,0.067684
0.081710,0.066400,0.211851,0.087811,0.065895,0.100253,0.111404,0.081241,0.103755,0.089680
0.047245,0.097407,0.098998,0.061489,0.051863,0.076002,0.351141,0.052565,0.062766,0.100523
0.037628,0.039695,0.082632,0.050498,0.529382,0.051351,0.054831,0.035589,0.047622,0.070772
0.065610,0.303789,0.075789,0.091348,0.090737,0.036095,0.107736,0.072177,0.068203,0.088517
0.053966,0.129068,0.105774,0.111204,0.112530,0.117702,0.104594,0.125328,0.073244,0.066590
0.043386,0.177166,0.094414,0.117377,0.086737,0.042802,0.133260,0.109855,0.099483,0.095521
0.090694,0.068223,0.131412,0.083022,0.080076,0.046414,0.287006,0.030313,0.093672,0.089168
0.028896,0.067535,0.052514,0.171549,0.099568,0.032191,0.388730,0.069478,0.065037,0.024501
0.030088,0.064019,0.050487,0.046860,0.480335,0.147253,0.055127,0.048430,0.035099,0.042302
0.033796,0.061871,0.234348,0.107185,0.081724,0.098776,0.171763,0.097518,0.036953,0.076067
0.093527,0.301062,0.035909,0.044468,0.022214,0.035106,0.331945,0.032399,0.059227,0.044142
0.064723,0.221243,0.128750,0.040530,0.042486,0.075056,0.044201,0.094008,0.227809,0.061194
0.049873,0.084287,0.361910,0.089265,0.045121,0.097750,0.134741,0.036050,0.065448,0.035555
0.058798,0.117885,0.071633,0.078041,0.126765,0.192732,0.145289,0.084461,0.090712,0.033685
0.067427,0.094261,0.115245,0.114258,0.108730,0.118642,0.125344,0.094867,0.072587,0.088640
0.070017,0.180796,0.082703,0.152994,0.110829,0.052509,0.136434,0.092262,0.050681,0.070777
0.053403,0.081820,0.033113,0.143648,0.083508,0.201700,0.127495,0.083191,0.057426,0.134696
0.077092,0.059323,0.077306,0.043433,0.473445,0.076647,0.067555,0.061923,0.020884,0.042392
0.038180,0.026151,0.104947,0.038937,0.432899,0.113522,0.071408,0.032082,0.076244,0.065630
0.087471,0.077177,0.359046,0.032288,0.068012,0.116741,0.077968,0.042321,0.046131,0.092846
0.054223,0.086407,0.061125,0.102479,0.066340,0.185075,0.154087,0.141409,0.059552,0.089304
0.045013,0.075234,0.320224,0.074020,0.048914,0.112087,0.096248,0.099742,0.085875,0.042642
0.062639,0.075637,0.075719,0.056697,0.070918,0.090069,0.360080,0.036756,0.081600,0.089883
0.032539,0.082415,0.367471,0.025334,0.249619,0.064872,0.055264,0.044026,0.043191,0.035269
0.053500,0.120508,0.091070,0.129712,0.075145,0.147191,0.102038,0.081670,0.087156,0.112011
0.054734,0.294314,0.095399,0.043114,0.045994,0.049957,0.324363,0.036072,0.026902,0.029152
0.118200,0.066851,0.224505,0.101500,0.096007,0.094356,0.095945,0.069483,0.072179,0.060975
0.093626,0.111201,0.113251,0.112224,0.110497,0.103856,0.098541,0.076857,0.075685,0.104263
0.046590,0.074009,0.094853,0.063432,0.061744,0.077544,0.366151,0.054601,0.070922,0.090155
0.055612,0.103383,0.040722,0.098734,0.117897,0.159138,0.128146,0.087572,0.121216,0.087580
0.089892,0.062389,0.066690,0.059764,0.087018,0.104635,0.348100,0.076375,0.044594,0.060543
0.039300,0.095032,0.027149,0.100019,0.087451,0.156007,0.211397,0.127874,0.080507,0.075264
0.099596,0.092164,0.198494,0.095666,0.071694,0.091271,0.094548,0.063125,0.097055,0.096387
0.066128,0.088118,0.245532,0.063156,0.081462,0.100941,0.132677,0.092923,0.053226,0.075836
0.025431,0.376607,0.068798,0.028773,0.336954,0.039545,0.025871,0.042287,0.037494,0.018239
0.036530,0.138751,0.248601,0.071005,0.091467,0.112415,0.085139,0.070599,0.063519,0.081974
0.069105,0.117471,0.123837,0.111642,0.112024,0.060996,0.098712,0.102381,0.093464,0.110369
0.098031,0.128418,0.112305,0.101002,0.058999,0.116979,0.106846,0.085049,0.091305,0.101065
0.050873,0.379679,0.031748,0.021641,0.014406,0.014532,0.385683,0.036009,0.025841,0.039589
0.050384,0.071397,0.418882,0.073472,0.035988,0.060756,0.099762,0.077500,0.038900,0.072958
0.050534,0.118333,0.095486,0.076125,0.125237,0.123693,0.114414,0.088522,0.081670,0.125985
0.086408,0.091098,0.218582,0.093393,0.069547,0.089531,0.099269,0.060589,0.071043,0.120539
0.036696,0.096624,0.343106,0.027258,0.055353,0.097995,0.070495,0.088556,0.089982,0.093936
0.086661,0.119105,0.095694,0.132298,0.083114,0.122113,0.119323,0.022772,0.088025,0.130894
0.030691,0.039344,0.200041,0.062414,0.322176,0.139214,0.061698,0.047062,0.045326,0.052034
0.120487,0.089197,0.078949,0.135858,0.059409,0.112040,0.173302,0.025394,0.109184,0.096179
0.073910,0.101318,0.024538,0.116978,0.079326,0.202334,0.187912,0.098481,0.047157,0.068048
0.077077,0.181696,0.057396,0.119313,0.107566,0.047152,0.113688,0.035741,0.087625,0.172745
0.036280,0.383920,0.033568,0.041686,0.026928,0.035712,0.352245,0.026513,0.044438,0.018710
0.089632,0.080490,0.054279,0.121478,0.068547,0.155790,0.130125,0.036577,0.111496,0.151587
0.040636,0.112265,0.268766,0.089019,0.036228,0.118306,0.100551,0.050312,0.107360,0.076557
0.041690,0.161954,0.215225,0.040231,0.088492,0.154207,0.072437,0.076493,0.048835,0.100436
0.034501,0.150748,0.033717,0.129382,0.132330,0.041087,0.177743,0.140516,0.054312,0.105663
0.030064,0.120509,0.055349,0.124831,0.124287,0.215078,0.150503,0.071111,0.043237,0.065030
0.052833,0.132493,0.085719,0.125408,0.070381,0.120711,0.108923,0.110931,0.073670,0.118931
0.040893,0.152931,0.255867,0.074184,0.046081,0.154727,0.092979,0.058362,0.050536,0.073439
0.088589,0.242185,0.082802,0.105421,0.057815,0.094250,0.093934,0.116498,0.080849,0.037656
0.023803,0.038396,0.061477,0.029190,0.379800,0.116824,0.223436,0.065565,0.045789,0.015721
0.015924,0.045424,0.247416,0.039886,0.383784,0.047939,0.148869,0.029375,0.027981,0.013402
0.035135,0.097968,0.049134,0.120832,0.076752,0.215011,0.156212,0.108703,0.043663,0.096590
0.045811,0.230865,0.193504,0.042610,0.076528,0.088788,0.076369,0.066227,0.073760,0.105539
0.092876,0.094243,0.080514,0.100470,0.064109,0.131236,0.111246,0.083457,0.126655,0.115193
0.025858,0.165540,0.055001,0.184105,0.065835,0.043777,0.154216,0.067506,0.091103,0.147058
0.076800,0.056742,0.049094,0.105115,0.049473,0.081450,0.081696,0.083024,0.299834,0.116771
0.093676,0.087776,0.071330,0.081144,0.059550,0.083066,0.339678,0.032457,0.050898,0.100424
0.042763,0.041524,0.032021,0.044680,0.043753,0.044144,0.388794,0.072887,0.244792,0.044645
0.146746,0.139474,0.058383,0.111039,0.068986,0.122031,0.093733,0.029686,0.083510,0.146413
0.069443,0.105550,0.158813,0.059327,0.082159,0.102812,0.247802,0.044156,0.057671,0.072267
0.126260,0.088383,0.067290,0.115816,0.077152,0.170635,0.121259,0.026429,0.091802,0.114975
0.045211,0.234851,0.027342,0.097221,0.091970,0.121249,0.120432,0.064186,0.093122,0.104417
0.068939,0.059164,0.260934,0.119110,0.101176,0.085563,0.132637,0.026548,0.066217,0.079712
0.078053,0.248016,0.078817,0.084404,0.058991,0.097220,0.084976,0.088763,0.070946,0.109813
0.061973,0.123694,0.112590,0.123792,0.066741,0.131019,0.119897,0.093334,0.065886,0.101073
0.034528,0.391210,0.052065,0.015492,0.029706,0.035615,0.342543,0.029720,0.036804,0.032317
0.081646,0.212472,0.037964,0.091979,0.078846,0.131094,0.131136,0.081032,0.052863,0.100969
0.076094,0.111457,0.113569,0.115668,0.077814,0.120316,0.105869,0.119356,0.084661,0.075196
0.028365,0.376520,0.033853,0.047965,0.029741,0.034427,0.376007,0.022899,0.035216,0.015007
0.066373,0.109226,0.088814,0.137794,0.086164,0.047107,0.127525,0.133775,0.095177,0.108044
0.071463,0.303972,0.091784,0.075097,0.040601,0.088183,0.075898,0.082975,0.068766,0.101259
0.082244,0.078969,0.067794,0.078669,0.051133,0.079813,0.347521,0.076535,0.043136,0.094185
0.059796,0.322362,0.034267,0.049626,0.015804,0.014391,0.391862,0.046601,0.029512,0.035779
0.067054,0.129386,0.026549,0.127878,0.106693,0.115315,0.156565,0.133076,0.041748,0.095736
0.038570,0.121452,0.072816,0.123192,0.080270,0.147091,0.160355,0.023011,0.104026,0.129218
0.061827,0.062627,0.245877,0.055352,0.044700,0.146051,0.130602,0.058630,0.123314,0.071019
0.083297,0.052897,0.110981,0.051824,0.386495,0.069632,0.079272,0.042011,0.073641,0.049952
0.132514,0.106515,0.098934,0.099192,0.072268,0.098243,0.096287,0.080112,0.120418,0.095517
0.068860,0.131306,0.177262,0.099220,0.079879,0.119889,0.109404,0.072805,0.069207,0.072167
0.049613,0.082497,0.371684,0.064959,0.073613,0.081354,0.076772,0.062085,0.101442,0.035980
0.104525,0.111896,0.234544,0.092789,0.077339,0.086926,0.085988,0.064242,0.091464,0.050286
0.030037,0.042808,0.054631,0.032543,0.487483,0.101447,0.053421,0.047100,0.090437,0.060093
0.025835,0.158233,0.064925,0.144281,0.121667,0.048159,0.169292,0.101934,0.082560,0.083115
0.074142,0.094669,0.079463,0.088279,0.302269,0.067759,0.100547,0.054806,0.072377,0.065689
0.030195,0.139239,0.097573,0.081930,0.138621,0.036434,0.150311,0.122805,0.102534,0.100359
0.029128,0.038536,0.087107,0.030487,0.345355,0.047759,0.293917,0.055860,0.024393,0.047458
0.030362,0.322811,0.057473,0.029308,0.388594,0.070153,0.025851,0.029382,0.015920,0.030146
0.035949,0.064309,0.104758,0.093849,0.042784,0.119738,0.293609,0.079597,0.052550,0.112857
0.066396,0.111485,0.056180,0.120766,0.145807,0.042776,0.118771,0.130678,0.039049,0.168092
0.038214,0.044362,0.056792,0.034944,0.323221,0.069423,0.295737,0.074134,0.022122,0.041051
0.051709,0.097797,0.036263,0.144280,0.081166,0.047097,0.236629,0.079123,0.070222,0.155715
0.076933,0.234079,0.105587,0.087801,0.079975,0.083689,0.069968,0.077782,0.072664,0.111523
0.034875,0.324311,0.076761,0.110720,0.053393,0.127551,0.085605,0.062891,0.073932,0.049960
0.067258,0.175581,0.195121,0.100515,0.036823,0.141690,0.095869,0.060071,0.046492,0.080581
0.059265,0.078996,0.103946,0.098824,0.045678,0.080610,0.332214,0.057616,0.047328,0.095521
0.038537,0.130077,0.274048,0.089630,0.042756,0.137724,0.081695,0.057978,0.067770,0.079784
0.037621,0.122802,0.025118,0.121935,0.052111,0.126513,0.255195,0.092224,0.051200,0.115281
0.150351,0.185031,0.144776,0.060578,0.075383,0.106454,0.093589,0.056936,0.070113,0.056788
0.091600,0.105587,0.096079,0.097269,0.085408,0.124966,0.119453,0.025937,0.110157,0.143544
0.019218,0.219868,0.057856,0.023258,0.439829,0.065325,0.032421,0.024532,0.095778,0.021914
0.073928,0.069984,0.102674,0.089047,0.055655,0.086301,0.311215,0.066564,0.048424,0.096208
0.075564,0.111303,0.228156,0.083572,0.067304,0.127662,0.096762,0.069418,0.074424,0.065836
0.059422,0.302591,0.044064,0.059121,0.022723,0.082057,0.283708,0.034474,0.066616,0.045224
0.035513,0.142856,0.205233,0.053206,0.060439,0.186380,0.048108,0.054428,0.136429,0.077407
0.028090,0.076965,0.158041,0.058552,0.328836,0.130934,0.103623,0.039198,0.055379,0.020381
0.028361,0.051715,0.049707,0.044385,0.488583,0.084016,0.060282,0.068308,0.044357,0.080287
0.013466,0.051765,0.466066,0.035379,0.168080,0.077506,0.076775,0.032938,0.027971,0.050053
0.053018,0.131943,0.107150,0.112501,0.077858,0.114675,0.116482,0.122371,0.082081,0.081921
0.081234,0.109477,0.101665,0.110110,0.052458,0.117183,0.121160,0.131637,0.071630,0.103447
0.087105,0.118835,0.092217,0.104143,0.092781,0.158374,0.107201,0.104262,0.090579,0.044505
0.089944,0.132688,0.238259,0.094412,0.084651,0.105684,0.089498,0.045357,0.086598,0.032909
0.049614,0.028814,0.210143,0.059628,0.126281,0.150777,0.255146,0.035345,0.045554,0.038698
0.055126,0.120682,0.088416,0.129514,0.084537,0.125012,0.107998,0.086197,0.093056,0.109462
0.042846,0.101527,0.028607,0.101576,0.100826,0.132090,0.276815,0.074612,0.046773,0.094328
0.042445,0.075174,0.023516,0.148888,0.099232,0.221603,0.106688,0.093542,0.084182,0.104730
0.068337,0.174664,0.207085,0.086207,0.077253,0.103703,0.091326,0.070909,0.059230,0.061285
0.062008,0.118555,0.113133,0.099454,0.083022,0.128639,0.120449,0.098737,0.083505,0.092498
0.033166,0.054483,0.358293,0.040798,0.227898,0.136645,0.053212,0.033025,0.027223,0.035258
0.053223,0.314706,0.070001,0.090422,0.041229,0.116595,0.073708,0.066273,0.066491,0.107351
0.051266,0.062637,0.081676,0.062611,0.050283,0.096687,0.366288,0.056548,0.094964,0.077042
0.018815,0.199974,0.266096,0.051871,0.204898,0.062796,0.072676,0.039775,0.032587,0.050513
0.043370,0.121558,0.098974,0.129756,0.094176,0.043556,0.161816,0.160160,0.055750,0.090884
0.132114,0.120552,0.075775,0.107004,0.061405,0.036145,0.261766,0.072700,0.047887,0.084652
0.089268,0.078505,0.061175,0.038500,0.360302,0.155723,0.057667,0.036523,0.056135,0.066202
0.033988,0.135953,0.258051,0.054583,0.064048,0.146469,0.090999,0.084170,0.051642,0.080097
0.054281,0.118398,0.092527,0.102394,0.108046,0.132081,0.118475,0.091406,0.091475,0.090916
0.066340,0.109158,0.105402,0.099217,0.080451,0.142414,0.097568,0.083070,0.105274,0.111106
0.048026,0.113282,0.114707,0.111550,0.075186,0.121696,0.096274,0.119686,0.122643,0.076951
0.045061,0.280511,0.140502,0.040785,0.090336,0.079610,0.068585,0.086121,0.060465,0.108022
0.030496,0.132057,0.037084,0.156448,0.138818,0.047122,0.224536,0.080315,0.059963,0.093161
0.070952,0.109845,0.091704,0.103179,0.076327,0.128169,0.106504,0.124028,0.083304,0.105989
0.046005,0.122782,0.298934,0.074792,0.032141,0.128390,0.068553,0.054975,0.066006,0.107423
0.045048,0.115352,0.092374,0.130467,0.077549,0.116900,0.098882,0.139424,0.089397,0.094608
0.058960,0.211502,0.202150,0.046317,0.066017,0.065587,0.075912,0.097710,0.098159,0.077685
0.080243,0.048828,0.150422,0.066731,0.082787,0.112597,0.194724,0.064486,0.083257,0.115924
0.037852,0.131233,0.269089,0.078896,0.046821,0.140741,0.085229,0.057121,0.034578,0.118440
0.071769,0.165192,0.032942,0.116574,0.095507,0.150140,0.130163,0.023205,0.078244,0.136263
0.082536,0.150185,0.047566,0.060898,0.056278,0.161730,0.174421,0.106451,0.078018,0.081917
0.062724,0.330497,0.100364,0.102076,0.085326,0.041445,0.079779,0.069373,0.062005,0.066411
0.053541,0.083716,0.114975,0.102490,0.051383,0.031675,0.331613,0.075983,0.056062,0.098562
0.020460,0.322347,0.051476,0.035038,0.027241,0.030259,0.374888,0.027180,0.080730,0.030380
0.074026,0.289624,0.094939,0.103549,0.065754,0.039253,0.077216,0.111605,0.062834,0.081199
0.060784,0.134742,0.084037,0.102639,0.073109,0.148059,0.108471,0.084392,0.089162,0.114605
0.083547,0.109668,0.132986,0.142660,0.106924,0.050673,0.136742,0.024693,0.101676,0.110432
0.059154,0.127488,0.111095,0.090822,0.071428,0.115385,0.103080,0.131224,0.075578,0.114747
0.093986,0.111568,0.077732,0.105436,0.105980,0.060864,0.099501,0.113011,0.119225,0.112698
0.035146,0.231921,0.059265,0.117277,0.065490,0.142210,0.120770,0.080833,0.048039,0.099049
0.101624,0.074812,0.046606,0.084421,0.047969,0.082253,0.103391,0.081928,0.285399,0.091597
0.047143,0.058085,0.328458,0.048874,0.226112,0.068608,0.057685,0.068614,0.051869,0.044552
0.033843,0.135311,0.027926,0.090407,0.106474,0.174295,0.148477,0.134176,0.067941,0.081150
0.028689,0.057812,0.376751,0.050263,0.092795,0.105010,0.056823,0.079722,0.079960,0.072175
0.074861,0.099197,0.056475,0.080248,0.051918,0.129930,0.118301,0.069387,0.276359,0.043324
0.035431,0.105825,0.369487,0.057751,0.059017,0.065526,0.136944,0.076894,0.040599,0.052525
0.037450,0.377858,0.065662,0.100743,0.087652,0.024496,0.068147,0.069187,0.058387,0.110417
0.035862,0.045877,0.063928,0.033465,0.513472,0.115803,0.047849,0.059114,0.038161,0.046470
0.032312,0.155213,0.056084,0.096387,0.116063,0.038222,0.252773,0.116018,0.110608,0.026322
0.043120,0.038714,0.067860,0.038575,0.488536,0.123010,0.043700,0.064557,0.039515,0.052412
0.098542,0.094139,0.213120,0.095541,0.061634,0.100511,0.097718,0.071591,0.082686,0.084517
0.114746,0.081902,0.119005,0.133825,0.085316,0.036040,0.111035,0.137093,0.063525,0.117513
0.076687,0.136613,0.054980,0.121987,0.168635,0.048214,0.138992,0.027451,0.108007,0.118432
0.049443,0.088254,0.135272,0.094867,0.078533,0.138503,0.146716,0.130816,0.090677,0.046920
0.031774,0.285797,0.066623,0.033034,0.342391,0.083618,0.045069,0.033206,0.030782,0.047706
0.049415,0.145932,0.040055,0.165435,0.064403,0.174308,0.150904,0.028476,0.063072,0.118000
0.075480,0.127882,0.078379,0.111178,0.088830,0.109560,0.091054,0.085173,0.104242,0.128222
0.038206,0.116844,0.049766,0.138514,0.079124,0.202847,0.102467,0.129287,0.079593,0.063351
0.046951,0.110221,0.032761,0.098107,0.113545,0.042306,0.310374,0.094359,0.073883,0.077494
0.026610,0.312259,0.070993,0.044916,0.278751,0.093896,0.067136,0.036648,0.036806,0.031984
0.060818,0.200994,0.198467,0.048847,0.019411,0.070992,0.244416,0.043883,0.045294,0.066876
0.028380,0.132066,0.137867,0.088580,0.099685,0.036387,0.138366,0.119314,0.088494,0.130862
0.064590,0.076576,0.092367,0.070011,0.048707,0.097229,0.336901,0.044430,0.071940,0.097249
0.033044,0.263839,0.101396,0.067906,0.070469,0.084157,0.097452,0.104284,0.070438,0.107015
0.143215,0.100011,0.138615,0.046968,0.052834,0.090296,0.195186,0.055478,0.067640,0.109756
0.081837,0.059041,0.172642,0.113079,0.084248,0.097380,0.191758,0.066192,0.072016,0.061807
0.081463,0.088203,0.211879,0.081292,0.081201,0.109395,0.084583,0.063072,0.093420,0.105493
0.063296,0.040981,0.299027,0.070484,0.111682,0.147734,0.123147,0.049602,0.031288,0.062759
0.063353,0.105482,0.056087,0.098661,0.061019,0.129564,0.259966,0.029547,0.073977,0.122343
0.057153,0.063860,0.087700,0.077066,0.058331,0.068241,0.386173,0.056442,0.060885,0.084150
0.080555,0.371034,0.033428,0.037379,0.021075,0.030800,0.368047,0.028160,0.016218,0.013304
0.025553,0.239974,0.113704,0.033349,0.406479,0.035660,0.038381,0.039464,0.027148,0.040286
0.027638,0.239301,0.059460,0.079407,0.131680,0.052378,0.114303,0.131277,0.069186,0.095369
0.065930,0.125964,0.113945,0.071497,0.064362,0.045971,0.285574,0.065648,0.052589,0.108519
0.053326,0.114438,0.073181,0.116980,0.069022,0.179707,0.128994,0.144506,0.031617,0.088229
0.094377,0.123682,0.027042,0.116424,0.121569,0.123782,0.126391,0.093253,0.050035,0.123445
0.053854,0.085617,0.256314,0.046102,0.113979,0.088357,0.083308,0.125603,0.067209,0.079658
0.015812,0.385604,0.058929,0.051131,0.022752,0.023520,0.349808,0.029319,0.021928,0.041198
0.053952,0.327227,0.099340,0.099393,0.088887,0.072267,0.086602,0.030891,0.052936,0.088504
0.043649,0.044435,0.235716,0.087268,0.078690,0.149680,0.146993,0.091067,0.052081,0.070421
0.043081,0.056760,0.116176,0.079333,0.050432,0.104960,0.273631,0.094759,0.097064,0.083802
0.077481,0.054602,0.315603,0.064911,0.065300,0.079437,0.144352,0.033824,0.064845,0.099645
0.031761,0.235849,0.029712,0.099848,0.134610,0.035315,0.113807,0.130468,0.081004,0.107625
0.063500,0.078847,0.076399,0.100906,0.047658,0.029647,0.306156,0.078872,0.129812,0.088204
0.117089,0.192423,0.028426,0.095678,0.130541,0.035785,0.107105,0.123479,0.064413,0.105063
0.059439,0.073403,0.080895,0.062993,0.072460,0.095037,0.332111,0.081385,0.071510,0.070768
0.083129,0.343796,0.086799,0.086290,0.079196,0.096998,0.064409,0.061539,0.062592,0.035252
0.035205,0.055197,0.114884,0.054707,0.420959,0.084848,0.084622,0.033472,0.040767,0.075340
0.107855,0.061539,0.193159,0.088099,0.089085,0.078461,0.108307,0.041941,0.088837,0.142715
0.041724,0.100219,0.028904,0.126618,0.110945,0.144708,0.176049,0.094394,0.087314,0.089127
0.109964,0.112074,0.025743,0.118258,0.050681,0.178770,0.112741,0.082696,0.086631,0.122443
0.040802,0.212121,0.072341,0.144118,0.061938,0.042332,0.165453,0.175562,0.056887,0.028446
0.146802,0.056256,0.155621,0.084539,0.070751,0.077259,0.227860,0.069018,0.072066,0.039828
0.026294,0.076783,0.448421,0.053812,0.025405,0.072733,0.091321,0.095732,0.052110,0.057390
0.043585,0.281092,0.095530,0.031369,0.386306,0.056516,0.028104,0.031590,0.033254,0.012655
0.147082,0.083412,0.236859,0.074361,0.063339,0.115110,0.163114,0.055640,0.033329,0.027756
0.111032,0.120108,0.027556,0.168765,0.058927,0.128244,0.162648,0.147356,0.045595,0.029768
0.049127,0.062907,0.111774,0.077753,0.336025,0.074969,0.087289,0.089032,0.036082,0.075042
0.053338,0.076629,0.200718,0.100402,0.097762,0.129572,0.107173,0.064306,0.065454,0.104645
0.029472,0.027841,0.150225,0.053137,0.306285,0.072868,0.220699,0.030290,0.069242,0.039943
0.071066,0.084885,0.098565,0.088733,0.052375,0.103077,0.305313,0.049761,0.045788,0.100438
0.018522,0.364905,0.042183,0.018504,0.345949,0.081815,0.044121,0.020690,0.018354,0.044956
0.052397,0.124259,0.135569,0.108846,0.130646,0.040887,0.132355,0.133129,0.039180,0.102731
0.111750,0.130247,0.085302,0.138075,0.099707,0.056086,0.134004,0.106472,0.034604,0.103752
0.051707,0.115139,0.083002,0.093602,0.113079,0.117540,0.117863,0.126053,0.068512,0.113504
0.017864,0.039549,0.231807,0.038010,0.290868,0.074430,0.202183,0.033233,0.040336,0.031719
0.034075,0.348541,0.012684,0.030070,0.066051,0.077281,0.327871,0.049837,0.017570,0.036020
0.057926,0.147069,0.112686,0.085264,0.073172,0.134325,0.132356,0.098579,0.058578,0.100045
0.075510,0.125990,0.038756,0.105168,0.055949,0.132701,0.195495,0.115388,0.035706,0.119338
0.035615,0.062200,0.107281,0.044678,0.472987,0.060063,0.058883,0.054724,0.028351,0.075219
0.109562,0.103973,0.053160,0.141775,0.118525,0.037905,0.170134,0.123923,0.051015,0.090028
0.037369,0.015284,0.106716,0.015508,0.328577,0.080307,0.190066,0.045345,0.163650,0.017176
0.162910,0.207675,0.050439,0.039401,0.024634,0.050641,0.058863,0.079760,0.289489,0.036188
0.055525,0.046118,0.241444,0.080957,0.093626,0.200312,0.093524,0.054738,0.044694,0.089062
0.072275,0.231573,0.072519,0.092359,0.115692,0.040203,0.105373,0.097973,0.103744,0.068290
0.060917,0.103279,0.130327,0.124191,0.079720,0.068625,0.140357,0.125909,0.043502,0.123174
0.023699,0.119707,0.028080,0.093641,0.078633,0.208862,0.102335,0.079193,0.123581,0.142268
0.048175,0.082402,0.176742,0.102156,0.042649,0.083981,0.234917,0.048841,0.067828,0.112309
0.094643,0.105539,0.102064,0.074653,0.097871,0.127643,0.121980,0.025820,0.107904,0.141882
0.061397,0.105136,0.214378,0.094202,0.091008,0.104554,0.098760,0.080918,0.067690,0.081958
0.082383,0.057199,0.381181,0.073523,0.033685,0.086824,0.099892,0.054989,0.058926,0.071399
0.135861,0.255771,0.092066,0.073930,0.050560,0.101911,0.064653,0.063497,0.069004,0.092746
0.034761,0.292547,0.030088,0.039856,0.026102,0.077682,0.354991,0.056293,0.041410,0.046270
0.029443,0.389996,0.051107,0.038213,0.039787,0.017940,0.374102,0.026887,0.018884,0.013641
0.035089,0.137111,0.220487,0.102022,0.044662,0.122745,0.086677,0.072315,0.054253,0.124639
0.091820,0.105536,0.121643,0.137709,0.090378,0.056715,0.110227,0.092999,0.080081,0.112890
0.044308,0.150216,0.321655,0.058234,0.026799,0.073722,0.065457,0.076609,0.086913,0.096086
0.073781,0.190605,0.146803,0.103261,0.101321,0.098058,0.112215,0.077281,0.055521,0.041153
0.017327,0.360352,0.033279,0.023828,0.138636,0.024517,0.337202,0.020591,0.012542,0.031725
0.058889,0.265499,0.082986,0.100295,0.086380,0.044565,0.076682,0.118434,0.086660,0.079610
0.045134,0.175569,0.029027,0.139268,0.070759,0.136618,0.105196,0.077663,0.084189,0.136577
0.063939,0.069570,0.179419,0.100569,0.096658,0.098712,0.100658,0.064918,0.117557,0.108001
0.062541,0.270766,0.198159,0.060194,0.100611,0.086958,0.076376,0.054282,0.058275,0.031838
0.064386,0.338526,0.079585,0.048094,0.063207,0.038595,0.110166,0.074067,0.073932,0.109442
0.040495,0.211112,0.032118,0.089932,0.058303,0.172146,0.144206,0.139173,0.042303,0.070214
0.032686,0.191997,0.073749,0.019601,0.496002,0.089421,0.024268,0.015794,0.030094,0.026387
0.070044,0.086860,0.068167,0.062231,0.379923,0.069922,0.050325,0.084506,0.063613,0.064410
0.071836,0.273596,0.159318,0.018925,0.079746,0.123123,0.178307,0.023387,0.040643,0.031120
0.042391,0.053015,0.272084,0.090033,0.094268,0.132787,0.125370,0.062953,0.054344,0.072756
0.049992,0.136753,0.052169,0.101813,0.037378,0.109729,0.243278,0.027707,0.135695,0.105486
0.035589,0.089878,0.287127,0.085264,0.085844,0.093768,0.097743,0.076708,0.073657,0.074421
0.068294,0.102159,0.187533,0.078216,0.096243,0.127555,0.100956,0.042741,0.089876,0.106424
0.179918,0.111058,0.082338,0.109027,0.107625,0.140655,0.104785,0.022751,0.101087,0.040756
0.080770,0.085673,0.069546,0.091296,0.042465,0.087667,0.077251,0.068186,0.281357,0.115790
0.059993,0.059269,0.084108,0.068002,0.046027,0.070641,0.356707,0.058131,0.098803,0.098318
