0.038745,0.281096,0.156847,0.053446,0.166019,0.112158,0.055068,0.035297,0.043370,0.057953
0.052533,0.316283,0.076856,0.091205,0.074662,0.094399,0.102952,0.090449,0.067425,0.033237
0.049587,0.204964,0.070237,0.085037,0.160584,0.056845,0.136249,0.102884,0.098460,0.035152
0.065695,0.127959,0.088274,0.105860,0.117303,0.116770,0.111344,0.078785,0.088252,0.099759
0.109102,0.216827,0.037130,0.090769,0.074226,0.116729,0.112490,0.027142,0.099784,0.115800
0.032370,0.360020,0.047131,0.033257,0.020406,0.048439,0.374923,0.029764,0.038000,0.015690
0.054349,0.216643,0.068535,0.036843,0.285228,0.114820,0.055900,0.051582,0.071858,0.044243
0.106424,0.196005,0.043452,0.073053,0.071432,0.168905,0.083053,0.092148,0.086162,0.079366
0.050024,0.105220,0.075694,0.118954,0.096617,0.124064,0.215681,0.074731,0.038295,0.100720
0.051820,0.140283,0.119389,0.121723,0.100256,0.048718,0.113263,0.090237,0.067151,0.147160
0.066783,0.092388,0.254473,0.076778,0.152728,0.073946,0.078488,0.042513,0.087328,0.074576
0.069618,0.131876,0.126787,0.127492,0.093318,0.057303,0.126872,0.107127,0.054527,0.105080
0.033761,0.318255,0.068567,0.048798,0.034168,0.029310,0.361213,0.030699,0.027382,0.047848
0.060869,0.211401,0.143592,0.088638,0.076138,0.085893,0.086994,0.069879,0.075761,0.100834
0.082494,0.074902,0.091031,0.117534,0.089183,0.114464,0.112070,0.107684,0.085400,0.125236
0.033215,0.116760,0.118336,0.087311,0.047834,0.099660,0.272762,0.079574,0.064825,0.079723
0.052773,0.291902,0.103964,0.092473,0.054571,0.088468,0.080688,0.090945,0.066087,0.078130
0.054508,0.350728,0.103691,0.079885,0.044159,0.041825,0.081522,0.061525,0.074651,0.107506
0.058997,0.068687,0.091167,0.077643,0.116274,0.063607,0.206471,0.133227,0.081442,0.102483
0.085617,0.278795,0.113784,0.086349,0.058089,0.034396,0.103236,0.086045,0.065408,0.088281
0.057486,0.265053,0.086219,0.063901,0.048292,0.053052,0.282413,0.034758,0.027621,0.081204
0.019626,0.100666,0.062264,0.091516,0.075825,0.189021,0.144577,0.109059,0.103020,0.104426
0.066847,0.128769,0.078164,0.106194,0.063455,0.107948,0.246397,0.025637,0.079588,0.097003
0.087829,0.061886,0.272833,0.076186,0.169041,0.098671,0.067587,0.042709,0.048915,0.074343
0.090555,0.141127,0.048032,0.123039,0.057031,0.036217,0.137196,0.158095,0.099312,0.109395
0.025375,0.102983,0.091161,0.126097,0.136739,0.088601,0.159194,0.027638,0.097025,0.145188
0.100584,0.041822,0.101930,0.078567,0.091643,0.079305,0.263345,0.051602,0.113881,0.077320
0.055787,0.106740,0.211113,0.092151,0.072312,0.104769,0.104383,0.073577,0.070412,0.108754
0.037927,0.235973,0.057393,0.113878,0.043085,0.143112,0.113409,0.080807,0.047978,0.126439
0.126734,0.304170,0.048742,0.028765,0.030020,0.028348,0.299663,0.025880,0.074731,0.032947
0.021164,0.276439,0.108885,0.063101,0.044973,0.101819,0.190503,0.057696,0.071237,0.064183
0.019479,0.229516,0.187364,0.050880,0.307216,0.057462,0.035508,0.028285,0.037072,0.047219
0.069787,0.198727,0.031097,0.113566,0.080913,0.103519,0.113153,0.024564,0.137719,0.126955
0.060217,0.094030,0.134525,0.134802,0.099221,0.035228,0.133504,0.098622,0.078993,0.130858
0.020557,0.073108,0.322770,0.037826,0.243013,0.094842,0.065081,0.054771,0.033775,0.054256
0.071712,0.089223,0.104286,0.093146,0.045273,0.080658,0.299367,0.024213,0.084207,0.107915
0.058258,0.252489,0.106963,0.110233,0.064504,0.044525,0.081176,0.095021,0.069398,0.117433
0.095887,0.126822,0.095361,0.131431,0.085968,0.042529,0.105818,0.088232,0.098931,0.129021
0.066380,0.064995,0.203000,0.088434,0.092221,0.099830,0.113022,0.083669,0.093371,0.095079
0.084069,0.114945,0.116185,0.064545,0.094336,0.130916,0.095466,0.097946,0.077127,0.124464
0.088329,0.105562,0.046877,0.124991,0.100116,0.172366,0.111713,0.094249,0.054062,0.101735
0.062089,0.061785,0.203942,0.037156,0.074993,0.074417,0.082146,0.062079,0.228101,0.113292
0.100763,0.118571,0.109436,0.058937,0.101580,0.101177,0.117310,0.024093,0.141508,0.126623
0.021113,0.242244,0.184053,0.056918,0.281721,0.041286,0.031862,0.065687,0.037670,0.037446
0.062185,0.085818,0.136694,0.066655,0.079717,0.043761,0.304393,0.091116,0.066263,0.063398
0.050047,0.060933,0.133030,0.080881,0.204713,0.134582,0.083821,0.095822,0.120646,0.035523
0.059518,0.337320,0.062542,0.070147,0.079179,0.098331,0.073301,0.043830,0.088685,0.087148
0.076134,0.052031,0.157214,0.068958,0.331670,0.071937,0.067126,0.053376,0.050004,0.071549
0.087040,0.125357,0.114557,0.108417,0.052249,0.121357,0.112226,0.084769,0.087608,0.106420
0.111524,0.248617,0.122943,0.083899,0.046695,0.096195,0.071462,0.044199,0.079527,0.094938
0.013816,0.256422,0.032000,0.016889,0.347266,0.057070,0.199415,0.036613,0.022012,0.018498
0.051490,0.088305,0.104751,0.094266,0.055991,0.081626,0.310672,0.060702,0.073867,0.078330
0.059313,0.103782,0.182499,0.098297,0.096230,0.094279,0.094736,0.086095,0.086850,0.097917
0.034613,0.130543,0.031945,0.138397,0.119797,0.211881,0.103054,0.092691,0.059700,0.077380
0.073086,0.100318,0.191100,0.059330,0.059105,0.108899,0.123435,0.077066,0.092865,0.114795
0.103080,0.087077,0.102649,0.101378,0.091771,0.101986,0.095601,0.116014,0.074527,0.125916
0.028842,0.107626,0.055689,0.133085,0.133808,0.140545,0.100406,0.120741,0.078690,0.100569
0.079992,0.287347,0.134380,0.103280,0.056740,0.038833,0.104154,0.075767,0.080387,0.039119
0.054415,0.255183,0.075295,0.047220,0.033667,0.052121,0.296143,0.035384,0.080762,0.069810
0.059072,0.105433,0.193770,0.099257,0.076007,0.100692,0.101992,0.078551,0.073568,0.111659
0.030826,0.054463,0.163552,0.070743,0.044672,0.150096,0.197451,0.091939,0.068007,0.128252
0.042524,0.067321,0.134308,0.090854,0.078572,0.089091,0.226804,0.076872,0.097081,0.096573
0.070936,0.106214,0.106667,0.104728,0.071185,0.117026,0.097388,0.080226,0.124351,0.121279
0.107040,0.136492,0.026418,0.117057,0.120854,0.122898,0.134346,0.085089,0.076030,0.073777
0.039201,0.068735,0.080216,0.096532,0.060211,0.117306,0.285012,0.081992,0.086003,0.084792
0.121363,0.115441,0.114422,0.090046,0.098699,0.101262,0.107385,0.081726,0.125466,0.044188
0.034650,0.053662,0.063377,0.045555,0.388435,0.102791,0.092481,0.060830,0.095315,0.062905
0.049107,0.145121,0.124258,0.123856,0.065937,0.031486,0.109021,0.131744,0.069525,0.149945
0.040646,0.118867,0.048246,0.121196,0.105203,0.179747,0.092644,0.070315,0.085920,0.137215
0.071795,0.383055,0.042293,0.044125,0.019986,0.027971,0.302788,0.036175,0.053068,0.018744
0.055496,0.254254,0.104030,0.096945,0.059501,0.053004,0.097618,0.062156,0.095955,0.121040
0.074897,0.060269,0.097545,0.065602,0.049531,0.101791,0.313191,0.055135,0.075978,0.106060
0.024486,0.042418,0.365393,0.031507,0.284754,0.098498,0.046542,0.037556,0.030334,0.038511
0.044960,0.244273,0.045113,0.135391,0.107312,0.035079,0.101557,0.091420,0.053427,0.141468
0.036367,0.204367,0.118277,0.045602,0.057101,0.127852,0.239323,0.053179,0.048361,0.069572
0.122497,0.302314,0.069651,0.075676,0.059048,0.090734,0.079628,0.023266,0.082438,0.094748
0.050420,0.275640,0.074148,0.075802,0.051643,0.086028,0.107714,0.111515,0.078987,0.088104
0.033314,0.049035,0.078716,0.045539,0.310674,0.085320,0.258839,0.044326,0.049448,0.044788
0.054492,0.258431,0.106193,0.099018,0.046105,0.076410,0.098635,0.066231,0.083830,0.110656
0.075665,0.331207,0.069814,0.025953,0.036462,0.071021,0.280986,0.036091,0.051559,0.021242
0.095056,0.067793,0.072586,0.099332,0.041045,0.055142,0.302857,0.071611,0.087621,0.106956
0.092698,0.103661,0.098280,0.096623,0.071665,0.109197,0.095999,0.125896,0.078288,0.127693
0.079544,0.107395,0.229112,0.096343,0.067825,0.130192,0.100632,0.072976,0.078367,0.037614
0.146343,0.063682,0.106445,0.043230,0.092643,0.080135,0.203412,0.075972,0.090780,0.097357
0.115218,0.188947,0.133722,0.075146,0.041742,0.096845,0.079270,0.098351,0.090486,0.080272
0.042205,0.127330,0.123806,0.120595,0.125722,0.136387,0.119981,0.024923,0.107313,0.071738
0.091236,0.114818,0.103475,0.114696,0.084554,0.121735,0.086249,0.086179,0.081353,0.115704
0.084671,0.068952,0.078646,0.054149,0.326160,0.093851,0.073692,0.060337,0.081029,0.078513
0.026062,0.033253,0.060212,0.052633,0.316898,0.060397,0.260166,0.048740,0.084503,0.057136
0.108623,0.077213,0.102404,0.062101,0.068850,0.102293,0.122404,0.097665,0.129735,0.128711
0.041968,0.228022,0.211317,0.050679,0.186643,0.062252,0.053537,0.044776,0.041448,0.079359
0.040332,0.107463,0.063303,0.068095,0.116113,0.150260,0.147881,0.102909,0.076437,0.127207
0.053994,0.090186,0.345210,0.046793,0.044413,0.069331,0.093312,0.105783,0.063589,0.087388
0.118633,0.105483,0.101892,0.115918,0.092887,0.121530,0.097365,0.079504,0.085010,0.081778
0.073917,0.142597,0.196245,0.110258,0.054978,0.097981,0.075292,0.114726,0.043918,0.090087
0.041808,0.134928,0.028254,0.156481,0.063334,0.189657,0.149516,0.097425,0.104794,0.033803
0.114636,0.142872,0.133405,0.139500,0.079405,0.059659,0.145837,0.028411,0.113199,0.043077
0.057554,0.088662,0.115845,0.088465,0.121375,0.105739,0.106010,0.107828,0.081399,0.127122
0.029481,0.121057,0.028654,0.129877,0.118852,0.130392,0.176693,0.082474,0.072864,0.109656
0.048618,0.122218,0.119151,0.115032,0.087586,0.119613,0.102866,0.081188,0.071386,0.132341
0.058183,0.111996,0.110391,0.138511,0.115650,0.061539,0.133212,0.028828,0.101479,0.140211
0.070637,0.091328,0.107271,0.106228,0.035438,0.082974,0.291986,0.066463,0.085583,0.062090
0.096666,0.120167,0.104037,0.098597,0.095391,0.125398,0.090951,0.093288,0.074862,0.100642
0.079472,0.193488,0.168450,0.059657,0.071356,0.083543,0.100147,0.059609,0.072423,0.111856
0.066498,0.343069,0.039788,0.032554,0.032869,0.018809,0.367765,0.029111,0.028224,0.041313
0.056571,0.112593,0.127436,0.137953,0.078670,0.054570,0.114374,0.106053,0.100133,0.111647
0.085225,0.092296,0.241615,0.094505,0.035617,0.075425,0.155902,0.054845,0.060407,0.104164
0.067308,0.228861,0.089038,0.100530,0.063889,0.100680,0.075352,0.088048,0.072048,0.114245
0.037894,0.125230,0.055288,0.124608,0.111292,0.140794,0.129366,0.091124,0.073583,0.110821
0.066625,0.102805,0.039286,0.067696,0.076219,0.128949,0.221825,0.035364,0.130240,0.130991
0.069994,0.111277,0.110865,0.113058,0.050730,0.108974,0.108812,0.081260,0.125669,0.119361
0.062430,0.044689,0.075666,0.099498,0.056163,0.104350,0.305745,0.070184,0.078309,0.102966
0.059535,0.088046,0.095773,0.074825,0.095533,0.148067,0.122538,0.097106,0.100928,0.117651
0.072687,0.108603,0.115252,0.118957,0.095608,0.047729,0.110102,0.137585,0.095694,0.097783
0.053699,0.274729,0.081638,0.029323,0.045282,0.045510,0.325515,0.049692,0.047715,0.046896
0.047118,0.070892,0.221575,0.092960,0.081931,0.203175,0.076125,0.052006,0.048822,0.105396
0.070023,0.124450,0.091661,0.127398,0.081073,0.123902,0.115765,0.104752,0.081160,0.079816
0.065600,0.118315,0.027560,0.110393,0.050553,0.155646,0.182657,0.104750,0.073748,0.110778
0.036145,0.070873,0.140469,0.093971,0.162400,0.089804,0.245716,0.040798,0.050649,0.069175
0.080659,0.094187,0.086403,0.101513,0.050960,0.047901,0.282481,0.069116,0.077467,0.109314
0.098374,0.127936,0.089675,0.119197,0.089318,0.109675,0.131396,0.022804,0.114171,0.097454
0.062536,0.082350,0.096606,0.041416,0.035248,0.100430,0.319103,0.068720,0.103788,0.089802
0.102496,0.065570,0.224822,0.083670,0.061160,0.094646,0.159935,0.054896,0.059896,0.092910
0.038751,0.274107,0.067619,0.045796,0.024231,0.062469,0.360818,0.036516,0.051621,0.038072
0.041266,0.106219,0.033346,0.109602,0.065796,0.160570,0.218309,0.074875,0.055891,0.134127
0.044234,0.033761,0.250518,0.040859,0.203257,0.049117,0.201720,0.079693,0.058315,0.038527
0.062946,0.080820,0.178253,0.087410,0.085992,0.111714,0.097143,0.109283,0.089626,0.096811
0.045659,0.079329,0.252718,0.101660,0.038959,0.110189,0.130559,0.049313,0.073954,0.117661
0.041935,0.300054,0.058730,0.040768,0.023267,0.057487,0.250903,0.036828,0.125298,0.064728
0.034864,0.271842,0.019153,0.072038,0.027054,0.022305,0.324180,0.086739,0.032488,0.109337
0.039078,0.047973,0.153863,0.072178,0.300150,0.101602,0.088218,0.066189,0.062892,0.067856
0.046581,0.062456,0.322646,0.078673,0.070668,0.105317,0.084676,0.065907,0.052917,0.110160
0.072900,0.160720,0.168086,0.089314,0.038442,0.102325,0.114071,0.114425,0.054395,0.085322
0.067785,0.097372,0.114635,0.066869,0.065303,0.085437,0.283968,0.064409,0.068831,0.085392
0.063418,0.099713,0.100224,0.138745,0.058378,0.143673,0.116557,0.024190,0.105504,0.149597
0.023846,0.046195,0.055528,0.028644,0.320137,0.056974,0.346337,0.036854,0.046590,0.038894
0.047596,0.039711,0.064052,0.020818,0.283428,0.039285,0.405034,0.031646,0.048487,0.019942
0.022336,0.043946,0.121190,0.039260,0.274486,0.059717,0.303650,0.039875,0.024767,0.070772
0.067984,0.125463,0.041572,0.159386,0.049576,0.042573,0.131391,0.128514,0.107926,0.145614
0.051566,0.055562,0.100823,0.094735,0.087065,0.073246,0.299827,0.071399,0.065406,0.100371
0.039647,0.202457,0.126446,0.051388,0.030639,0.121317,0.251797,0.028311,0.107543,0.040454
0.042571,0.222296,0.170778,0.086425,0.074799,0.100147,0.112726,0.028470,0.066538,0.095250
0.095103,0.186463,0.050998,0.117969,0.083750,0.132885,0.094714,0.068111,0.069816,0.100191
0.048244,0.224861,0.027119,0.128268,0.060860,0.144741,0.086804,0.098458,0.078150,0.102495
0.078614,0.248819,0.136948,0.114339,0.048901,0.075746,0.090448,0.047678,0.067942,0.090566
0.034368,0.144428,0.061747,0.121389,0.082987,0.143750,0.126283,0.025742,0.102643,0.156662
0.048084,0.088498,0.291940,0.083404,0.045305,0.100350,0.085936,0.073731,0.093407,0.089346
0.163662,0.261662,0.081266,0.105696,0.055360,0.086144,0.097516,0.024210,0.089328,0.035155
0.037966,0.098821,0.191397,0.091416,0.103106,0.134944,0.100370,0.089616,0.060920,0.091444
0.047592,0.129343,0.088759,0.109114,0.067620,0.123380,0.257834,0.071915,0.050872,0.053572
0.068014,0.093734,0.067801,0.058575,0.053225,0.079554,0.346393,0.068852,0.123180,0.040672
0.038670,0.130381,0.300823,0.044289,0.249519,0.091754,0.053225,0.050807,0.024236,0.016297
0.085639,0.113555,0.109030,0.118304,0.066822,0.104080,0.108749,0.116256,0.068346,0.109216
0.064679,0.091403,0.071805,0.099749,0.039899,0.035141,0.319973,0.078702,0.115901,0.082750
0.039455,0.162383,0.052302,0.024930,0.437419,0.091061,0.039201,0.033834,0.088145,0.031269
0.038098,0.318994,0.133028,0.019586,0.143927,0.037456,0.197551,0.029378,0.029069,0.052911
0.035202,0.239156,0.065293,0.091858,0.045069,0.131057,0.118035,0.071819,0.070690,0.131821
0.049685,0.068577,0.067830,0.084568,0.239267,0.068236,0.289162,0.052498,0.059642,0.020535
0.053699,0.055621,0.117005,0.118578,0.089697,0.031563,0.284923,0.078414,0.074001,0.096499
0.029493,0.139184,0.053425,0.108752,0.054587,0.151345,0.124695,0.086276,0.108730,0.143513
0.041574,0.131138,0.058774,0.119236,0.117109,0.172863,0.136385,0.091294,0.096960,0.034665
0.095861,0.131644,0.136766,0.130265,0.103806,0.050492,0.117241,0.092311,0.097557,0.044058
0.058630,0.067553,0.328441,0.049701,0.130145,0.155860,0.051897,0.044905,0.049061,0.063807
0.073283,0.086084,0.347862,0.065363,0.069747,0.081004,0.093857,0.050049,0.040496,0.092255
0.022586,0.043338,0.089573,0.026244,0.311784,0.089148,0.271075,0.060482,0.034910,0.050860
0.057705,0.088222,0.328749,0.071873,0.074092,0.078408,0.083359,0.065026,0.075549,0.077017
0.086601,0.056662,0.074382,0.083689,0.338761,0.083071,0.071473,0.084136,0.038800,0.082425
0.057804,0.070197,0.333098,0.031197,0.148354,0.137048,0.063476,0.067934,0.045162,0.045730
0.095190,0.314964,0.040899,0.029882,0.033274,0.017788,0.362099,0.049863,0.035647,0.020394
0.037357,0.345626,0.036349,0.041899,0.021968,0.034504,0.361870,0.032752,0.030398,0.057277
0.071692,0.118359,0.093029,0.137776,0.093710,0.032241,0.127246,0.136859,0.089183,0.099905
0.047074,0.120877,0.119005,0.109358,0.067630,0.039540,0.117218,0.113422,0.122514,0.143361
0.096927,0.125444,0.090685,0.117715,0.092201,0.137773,0.118074,0.022713,0.077081,0.121387
0.061608,0.058941,0.125180,0.086788,0.369005,0.076540,0.076052,0.041309,0.038772,0.065806
0.026177,0.212337,0.031953,0.025120,0.346227,0.058503,0.226282,0.017762,0.023412,0.032227
0.017289,0.203900,0.021943,0.119335,0.117726,0.138317,0.103104,0.119716,0.058038,0.100632
0.021492,0.096085,0.334758,0.108249,0.038589,0.079242,0.094172,0.099118,0.048759,0.079538
0.103944,0.146857,0.063016,0.110640,0.063320,0.051714,0.197866,0.026081,0.087839,0.148724
0.040686,0.043073,0.351931,0.063739,0.110539,0.162012,0.070106,0.044813,0.045199,0.067901
0.074078,0.099320,0.154269,0.083704,0.074211,0.076618,0.204361,0.053818,0.082260,0.097361
0.044487,0.090836,0.101876,0.041429,0.056655,0.084130,0.320087,0.072744,0.090942,0.096813
0.069485,0.123746,0.123575,0.131590,0.103118,0.044385,0.102366,0.101550,0.076844,0.123341
0.044717,0.061997,0.100603,0.078165,0.362630,0.109161,0.066056,0.035721,0.088628,0.052322
0.029549,0.086167,0.398822,0.069380,0.056593,0.089817,0.089176,0.050925,0.043745,0.085826
0.081598,0.075824,0.187384,0.091039,0.073408,0.098343,0.114608,0.084060,0.094841,0.098894
0.052356,0.100755,0.107537,0.065328,0.058661,0.082319,0.297887,0.057503,0.070677,0.106976
0.040129,0.051935,0.089122,0.056581,0.473290,0.057570,0.063835,0.039130,0.058593,0.069817
0.076399,0.276875,0.075069,0.092452,0.083561,0.043255,0.099318,0.074644,0.087677,0.090751
0.056920,0.123049,0.106788,0.116727,0.117494,0.111016,0.106695,0.123065,0.072851,0.065396
0.051158,0.161034,0.099771,0.121810,0.087385,0.039475,0.143153,0.110217,0.092165,0.093831
0.093554,0.071626,0.134224,0.079014,0.081221,0.044239,0.266660,0.030111,0.102104,0.097248
0.024927,0.074558,0.054250,0.173323,0.103754,0.036410,0.344628,0.085377,0.076745,0.026028
0.033059,0.058806,0.059665,0.046756,0.499364,0.105220,0.058063,0.053352,0.035697,0.050017
0.036202,0.070169,0.170802,0.113231,0.097655,0.097541,0.191093,0.096833,0.040369,0.086106
0.103303,0.278734,0.045092,0.053834,0.026495,0.041215,0.294233,0.038209,0.067550,0.051336
0.072740,0.217426,0.122573,0.041098,0.036654,0.067765,0.042842,0.094766,0.242703,0.061432
0.055130,0.090010,0.291630,0.106922,0.056709,0.099153,0.147185,0.044825,0.067229,0.041206
0.067995,0.124798,0.071212,0.080728,0.127052,0.176950,0.146443,0.084239,0.084850,0.035735
0.070811,0.095039,0.111536,0.113095,0.102548,0.104957,0.118320,0.094840,0.097702,0.091151
0.072152,0.207378,0.083196,0.143335,0.119191,0.051822,0.125769,0.085333,0.046418,0.065405
0.055980,0.093808,0.034569,0.154781,0.083543,0.168879,0.130518,0.085478,0.052497,0.139947
0.086151,0.059851,0.098028,0.042598,0.397446,0.096697,0.064794,0.069701,0.029340,0.055395
0.041521,0.033270,0.134105,0.048291,0.374798,0.100657,0.081177,0.040248,0.076161,0.069773
0.088089,0.086421,0.304431,0.035062,0.070379,0.136953,0.085942,0.046528,0.050558,0.095636
0.063199,0.093762,0.057777,0.109057,0.064767,0.163058,0.148811,0.135378,0.067443,0.096748
0.047873,0.078357,0.270193,0.078787,0.056697,0.124125,0.100787,0.102755,0.096340,0.044086
0.070950,0.083250,0.082205,0.059814,0.066366,0.093487,0.319284,0.033296,0.095987,0.095362
0.035154,0.117500,0.285084,0.026339,0.281774,0.073334,0.055038,0.042070,0.043860,0.039848
0.050931,0.123700,0.091455,0.133258,0.073960,0.140484,0.104969,0.083236,0.081742,0.116265
0.061001,0.280933,0.092380,0.048538,0.047032,0.054869,0.311705,0.037752,0.032972,0.032817
0.112093,0.073589,0.188626,0.104788,0.104020,0.103467,0.103104,0.075883,0.071115,0.063315
0.092971,0.111874,0.113327,0.110226,0.112705,0.104255,0.102454,0.076262,0.074591,0.101336
0.050328,0.083780,0.101235,0.065412,0.054767,0.081917,0.335955,0.058092,0.068395,0.100119
0.062641,0.106025,0.037474,0.094728,0.124961,0.147769,0.125962,0.096151,0.112286,0.092004
0.095492,0.072049,0.072798,0.065512,0.096576,0.105260,0.284240,0.081105,0.059850,0.067118
0.040965,0.103365,0.029295,0.101614,0.092404,0.153010,0.190420,0.121684,0.080555,0.086688
0.105175,0.096937,0.174188,0.099024,0.074591,0.094695,0.095911,0.062731,0.093677,0.103072
0.076143,0.094619,0.170052,0.071497,0.081427,0.102389,0.169617,0.092669,0.051841,0.089746
0.033391,0.363143,0.104445,0.036013,0.256855,0.045970,0.034919,0.055303,0.049041,0.020920
0.040919,0.160722,0.181339,0.076001,0.091666,0.114900,0.092627,0.077875,0.065007,0.098943
0.052634,0.121450,0.128835,0.119494,0.096368,0.054622,0.109503,0.112448,0.083215,0.121431
0.098759,0.125078,0.113881,0.104139,0.054329,0.111944,0.109500,0.085515,0.095648,0.101205
0.065394,0.347406,0.041052,0.028763,0.018857,0.019747,0.348697,0.044919,0.036031,0.049135
0.056148,0.083692,0.341574,0.084015,0.042757,0.059760,0.112770,0.086319,0.046316,0.086649
0.049496,0.118636,0.095726,0.075704,0.128183,0.122906,0.114243,0.088604,0.077273,0.129228
0.086828,0.098005,0.182110,0.095391,0.075452,0.095783,0.103723,0.063168,0.074356,0.125184
0.034459,0.092775,0.288431,0.033555,0.066484,0.103919,0.083207,0.099853,0.097529,0.099789
0.091875,0.117684,0.095181,0.132506,0.080064,0.119473,0.116866,0.021271,0.097882,0.127198
0.035863,0.052997,0.182655,0.072138,0.245847,0.146542,0.076543,0.066658,0.053579,0.067179
0.123305,0.098443,0.078334,0.148780,0.057725,0.114739,0.157375,0.024206,0.092057,0.105036
0.091305,0.103683,0.024766,0.116525,0.081229,0.166735,0.189618,0.095484,0.053213,0.077442
0.088847,0.181979,0.055881,0.118216,0.103319,0.047236,0.115744,0.033424,0.096406,0.158947
0.039823,0.351859,0.037966,0.047147,0.025068,0.039434,0.333909,0.031205,0.072534,0.021057
0.089543,0.095119,0.055794,0.125167,0.073782,0.143843,0.137770,0.032405,0.092925,0.153650
0.032090,0.112524,0.231597,0.102120,0.039801,0.124201,0.095934,0.057551,0.116131,0.088051
0.044942,0.173687,0.166496,0.046459,0.104453,0.145354,0.083671,0.083074,0.053657,0.098207
0.028963,0.146241,0.036040,0.129895,0.135117,0.038417,0.174187,0.137359,0.058316,0.115465
0.037019,0.120266,0.056504,0.139599,0.119606,0.176197,0.140104,0.086159,0.055566,0.068980
0.057125,0.125652,0.087881,0.125626,0.069774,0.118399,0.109060,0.107225,0.074696,0.124562
0.045824,0.172053,0.203507,0.078789,0.049562,0.140361,0.103216,0.062072,0.060640,0.083976
0.094899,0.211873,0.088020,0.109022,0.059236,0.090793,0.098700,0.115741,0.091124,0.040591
0.025282,0.052165,0.067832,0.043022,0.288801,0.115507,0.255342,0.064883,0.068576,0.018591
0.025686,0.059500,0.224722,0.065000,0.275456,0.070500,0.167881,0.051304,0.042580,0.017371
0.037474,0.105156,0.049259,0.131405,0.082214,0.174235,0.152112,0.104507,0.053839,0.109799
0.038404,0.218161,0.175039,0.048639,0.068907,0.094220,0.089506,0.070863,0.083718,0.112544
0.088086,0.097764,0.081563,0.102612,0.063816,0.123523,0.110607,0.083480,0.128739,0.119809
0.023179,0.151347,0.054000,0.185536,0.061201,0.045263,0.159856,0.078105,0.090028,0.151485
0.077745,0.055996,0.047250,0.102642,0.041699,0.072179,0.077506,0.085627,0.323163,0.116193
0.093835,0.098759,0.079679,0.088229,0.057172,0.092168,0.291374,0.029463,0.059046,0.110276
0.054407,0.047935,0.038194,0.051826,0.045565,0.045908,0.404528,0.092784,0.166179,0.052674
0.148590,0.147167,0.057330,0.118123,0.072083,0.110468,0.095342,0.028033,0.088639,0.134226
0.069518,0.103962,0.135195,0.066829,0.092533,0.104463,0.230391,0.051922,0.061730,0.083457
0.119105,0.101438,0.064301,0.114535,0.080621,0.150306,0.124597,0.024699,0.097568,0.122830
0.047832,0.229471,0.027011,0.096763,0.102497,0.114141,0.123626,0.068105,0.085547,0.105007
0.073139,0.075005,0.207615,0.123982,0.096022,0.096590,0.136683,0.024232,0.076126,0.090606
0.080339,0.228485,0.082813,0.081696,0.051055,0.096962,0.091337,0.091306,0.078453,0.117554
0.062631,0.124592,0.112986,0.121880,0.061940,0.121761,0.120871,0.093167,0.075203,0.104969
0.039446,0.365302,0.062669,0.018646,0.033226,0.041697,0.318852,0.034636,0.047725,0.037801
0.086953,0.208033,0.038657,0.092370,0.077160,0.122275,0.125551,0.082803,0.066110,0.100089
0.077067,0.114025,0.113821,0.121535,0.065757,0.119641,0.109133,0.114578,0.091204,0.073239
0.036879,0.341541,0.040200,0.057225,0.034406,0.040609,0.357592,0.027564,0.046275,0.017709
0.052157,0.112282,0.091751,0.137451,0.090503,0.050728,0.129861,0.128809,0.100625,0.105832
0.077580,0.285780,0.095029,0.078167,0.036828,0.082992,0.076702,0.080757,0.081833,0.104333
0.085724,0.084201,0.071464,0.086080,0.055678,0.084689,0.307120,0.077996,0.048222,0.098826
0.074249,0.295676,0.043079,0.061693,0.020208,0.017513,0.349205,0.055520,0.039591,0.043267
0.069443,0.129971,0.026507,0.137847,0.106807,0.116843,0.140431,0.119669,0.053167,0.099316
0.042254,0.118197,0.066036,0.138101,0.088488,0.132179,0.163565,0.022626,0.093086,0.135467
0.070394,0.061353,0.219210,0.061051,0.043520,0.157291,0.140770,0.054859,0.117507,0.074046
0.087237,0.056123,0.140083,0.048227,0.352323,0.059381,0.078362,0.047243,0.076108,0.054913
0.130463,0.107030,0.099286,0.098253,0.073537,0.090370,0.099159,0.080568,0.123132,0.098202
0.057870,0.122102,0.168627,0.103521,0.072829,0.125779,0.112346,0.081106,0.080213,0.075606
0.045865,0.096020,0.326690,0.078048,0.082172,0.083743,0.086129,0.072867,0.093647,0.034819
0.105927,0.108671,0.193348,0.106224,0.084597,0.095271,0.096562,0.069764,0.084821,0.054814
0.036424,0.055334,0.062527,0.033836,0.434320,0.110284,0.056768,0.050857,0.087104,0.072545
0.023687,0.173505,0.061420,0.141895,0.118308,0.046903,0.153035,0.099466,0.084229,0.097552
0.072891,0.075305,0.083503,0.074139,0.364013,0.069012,0.084829,0.048399,0.064456,0.063454
0.027998,0.136178,0.097781,0.081265,0.139562,0.039067,0.139150,0.124990,0.107412,0.106597
0.040796,0.045565,0.111750,0.039234,0.270581,0.060861,0.275120,0.070720,0.030274,0.055099
0.036397,0.347959,0.057998,0.033456,0.339631,0.069218,0.029650,0.034208,0.019043,0.032440
0.033401,0.068669,0.113226,0.098339,0.041896,0.116320,0.268683,0.085407,0.057099,0.116960
0.076089,0.111073,0.052133,0.115779,0.141384,0.041822,0.116419,0.120706,0.057057,0.167538
0.047453,0.047361,0.060761,0.043897,0.291779,0.067238,0.291585,0.079373,0.028732,0.041821
0.056836,0.106313,0.039557,0.140416,0.083659,0.048925,0.226320,0.075573,0.071041,0.151360
0.074364,0.212259,0.111171,0.090588,0.081559,0.080049,0.074135,0.082286,0.078967,0.114623
0.031650,0.292508,0.082152,0.118847,0.055713,0.125353,0.092222,0.068598,0.080515,0.052442
0.072074,0.194803,0.148294,0.107360,0.042325,0.133215,0.093490,0.072935,0.041577,0.093927
0.060969,0.091909,0.111010,0.107040,0.048556,0.086615,0.269624,0.062562,0.054178,0.107539
0.040856,0.119081,0.226306,0.105182,0.051270,0.137441,0.091461,0.070947,0.070282,0.087174
0.029807,0.131099,0.026717,0.117247,0.050724,0.134966,0.225387,0.097709,0.055150,0.131195
0.146479,0.189771,0.131967,0.065794,0.071808,0.109185,0.097466,0.048862,0.079974,0.058692
0.097206,0.108355,0.096314,0.095302,0.084937,0.118466,0.124640,0.024536,0.106886,0.143359
0.023009,0.254141,0.063908,0.024938,0.367276,0.069626,0.034802,0.039063,0.093149,0.030088
0.084990,0.078772,0.108561,0.098462,0.061097,0.086120,0.255614,0.071551,0.053717,0.101115
0.069479,0.117052,0.195047,0.087541,0.074332,0.132756,0.105555,0.077170,0.072349,0.068720
0.066328,0.292232,0.042563,0.065252,0.025361,0.078446,0.275744,0.036742,0.070590,0.046743
0.038859,0.140257,0.194762,0.053562,0.052283,0.199156,0.057035,0.050895,0.127407,0.085784
0.042611,0.107211,0.143013,0.091691,0.165315,0.156016,0.148646,0.067905,0.049040,0.028552
0.031886,0.050729,0.054265,0.039393,0.493282,0.089496,0.050093,0.067973,0.048884,0.073999
0.016526,0.054009,0.394465,0.040751,0.179329,0.092650,0.084392,0.039375,0.035697,0.062806
0.056944,0.124860,0.109161,0.112500,0.080790,0.106499,0.114342,0.119086,0.087379,0.088440
0.076905,0.111236,0.105204,0.111371,0.049157,0.111527,0.123521,0.129575,0.072299,0.109204
0.081746,0.127391,0.098304,0.104738,0.085241,0.154807,0.111040,0.108228,0.082384,0.046123
0.097104,0.123677,0.216414,0.100838,0.074161,0.111074,0.100343,0.042920,0.099501,0.033967
0.062022,0.041861,0.218567,0.075724,0.096271,0.165133,0.186621,0.044863,0.054357,0.054581
0.059765,0.119264,0.090186,0.129346,0.084943,0.111771,0.110264,0.086056,0.097321,0.111084
0.035352,0.107286,0.031621,0.121174,0.102503,0.128385,0.237795,0.083478,0.047808,0.104598
0.046508,0.080117,0.024211,0.147908,0.101277,0.184183,0.112211,0.089700,0.093620,0.120266
0.070650,0.180222,0.173807,0.090165,0.072371,0.104878,0.102889,0.072268,0.068567,0.064181
0.063834,0.121708,0.116892,0.097931,0.076625,0.123049,0.121440,0.099874,0.087291,0.091356
0.043023,0.070540,0.316776,0.055097,0.140300,0.155618,0.073726,0.046041,0.049078,0.049801
0.060736,0.281503,0.074670,0.097916,0.039813,0.113507,0.081804,0.071295,0.066524,0.112233
0.054105,0.070666,0.088005,0.066899,0.053381,0.094516,0.325937,0.060178,0.103014,0.083299
0.028413,0.208785,0.229594,0.070349,0.153713,0.075790,0.091195,0.035373,0.036498,0.070292
0.052316,0.123799,0.098914,0.123038,0.094859,0.049689,0.154019,0.150318,0.069152,0.083895
0.143498,0.112370,0.077063,0.110143,0.063146,0.039693,0.236867,0.074829,0.054057,0.088334
0.105145,0.077983,0.082925,0.036656,0.339377,0.123052,0.059607,0.039288,0.062498,0.073469
0.029743,0.122496,0.208815,0.063119,0.074222,0.140850,0.107460,0.097710,0.070494,0.085091
0.060057,0.117680,0.095895,0.098566,0.107617,0.119853,0.118931,0.090643,0.098320,0.092439
0.069420,0.111108,0.107996,0.102738,0.082009,0.128500,0.102455,0.088249,0.096541,0.110984
0.048052,0.117160,0.116144,0.113129,0.068022,0.118339,0.100788,0.118156,0.124382,0.075827
0.052071,0.233468,0.136917,0.049041,0.070381,0.092142,0.085810,0.094278,0.061464,0.124428
0.027897,0.146727,0.039310,0.166554,0.127880,0.047971,0.200824,0.081549,0.076421,0.084868
0.070861,0.110703,0.095980,0.099211,0.064052,0.125191,0.114430,0.118472,0.091834,0.109266
0.039574,0.120457,0.252958,0.078370,0.037640,0.136568,0.078025,0.062997,0.078867,0.114544
0.045834,0.120928,0.092218,0.131009,0.065139,0.116194,0.101951,0.132151,0.094634,0.099941
0.060344,0.184824,0.184453,0.052720,0.072440,0.078002,0.086017,0.105885,0.091016,0.084298
0.082797,0.056555,0.138098,0.072080,0.080771,0.110422,0.192740,0.060882,0.082561,0.123094
0.050014,0.124422,0.216200,0.087670,0.054653,0.134111,0.098613,0.065119,0.035266,0.133931
0.074842,0.140911,0.035463,0.133719,0.096334,0.138116,0.133344,0.022882,0.088418,0.135971
0.092412,0.139828,0.046596,0.064452,0.054341,0.153461,0.171606,0.111240,0.076153,0.089912
0.062915,0.286730,0.110602,0.113157,0.074664,0.037645,0.091505,0.077226,0.067775,0.077780
0.060438,0.090121,0.120457,0.105233,0.053189,0.032966,0.291677,0.080010,0.061481,0.104429
0.025480,0.272038,0.049628,0.037050,0.025068,0.027490,0.339535,0.030490,0.160916,0.032306
0.078612,0.282071,0.100415,0.106056,0.053359,0.034522,0.082983,0.106610,0.070501,0.084871
0.064205,0.129905,0.087940,0.107204,0.066124,0.138648,0.110612,0.086099,0.095593,0.113670
0.061928,0.113415,0.125985,0.147862,0.108158,0.057973,0.137394,0.024418,0.106219,0.116648
0.069555,0.122520,0.113388,0.088303,0.059301,0.114606,0.105670,0.124511,0.081071,0.121076
0.095629,0.119435,0.083802,0.102618,0.083742,0.051996,0.103170,0.116571,0.119358,0.123679
0.037146,0.210555,0.056780,0.121820,0.071223,0.132679,0.119862,0.091772,0.058620,0.099542
0.105756,0.074819,0.045392,0.086486,0.040031,0.076610,0.091696,0.080592,0.305044,0.093574
0.048925,0.061712,0.295997,0.053793,0.202855,0.073723,0.065687,0.079477,0.060592,0.057240
0.039111,0.151216,0.028087,0.089115,0.105170,0.157138,0.144231,0.127137,0.070988,0.087807
0.026602,0.066570,0.345691,0.059527,0.070741,0.106206,0.071766,0.091210,0.083601,0.078086
0.076816,0.100523,0.058094,0.079156,0.047011,0.119585,0.110088,0.068739,0.298285,0.041703
0.039702,0.094070,0.298644,0.060484,0.077824,0.066064,0.150084,0.092295,0.050516,0.070317
0.043523,0.342154,0.067784,0.104015,0.094078,0.027591,0.075567,0.074609,0.060451,0.110229
0.041714,0.052853,0.067647,0.036993,0.446051,0.131751,0.057863,0.059097,0.049063,0.056967
0.037913,0.139365,0.054715,0.101317,0.110034,0.038859,0.262982,0.112717,0.113049,0.029048
0.051502,0.054227,0.073505,0.043319,0.418974,0.124531,0.056129,0.063297,0.051065,0.063452
0.099919,0.099320,0.197611,0.094723,0.062777,0.100221,0.101552,0.072525,0.079179,0.092175
0.115761,0.086804,0.115133,0.126897,0.084817,0.034894,0.112658,0.128470,0.073313,0.121253
0.088637,0.141243,0.053123,0.125968,0.144750,0.042099,0.134493,0.025248,0.113117,0.131320
0.054177,0.091344,0.134768,0.090926,0.071269,0.135667,0.144911,0.129283,0.097856,0.049801
0.039232,0.290129,0.074727,0.041903,0.274522,0.079649,0.051584,0.050487,0.041177,0.056590
0.058013,0.153512,0.040708,0.162455,0.065888,0.160570,0.148929,0.027134,0.075350,0.107442
0.070859,0.121705,0.078909,0.109779,0.087610,0.108267,0.092732,0.087423,0.112929,0.129789
0.044264,0.116894,0.051867,0.138706,0.087280,0.173871,0.110662,0.122812,0.090762,0.062882
0.055415,0.115570,0.037633,0.097099,0.112018,0.046593,0.277948,0.101491,0.074570,0.081664
0.033569,0.311559,0.065200,0.057757,0.213195,0.092865,0.082341,0.052976,0.051034,0.039504
0.067007,0.191794,0.167883,0.057201,0.023300,0.069893,0.246494,0.051563,0.052499,0.072366
0.026421,0.128277,0.132986,0.085630,0.100718,0.040864,0.136330,0.113168,0.097170,0.138435
0.068060,0.084709,0.101169,0.076218,0.054284,0.095486,0.286861,0.049279,0.080462,0.103472
0.032004,0.236623,0.109274,0.070753,0.073704,0.082691,0.100132,0.104180,0.080896,0.109745
0.142613,0.101351,0.126231,0.047529,0.053661,0.086322,0.195217,0.058959,0.073813,0.114304
0.075390,0.066240,0.169142,0.124822,0.073993,0.100705,0.184446,0.071108,0.073024,0.061129
0.091571,0.095199,0.185467,0.090722,0.066274,0.105615,0.093975,0.067956,0.088528,0.114693
0.067765,0.051662,0.264356,0.086438,0.091318,0.146283,0.119672,0.058509,0.041823,0.072174
0.076190,0.107636,0.058052,0.104427,0.071534,0.118153,0.227893,0.026492,0.087242,0.122382
0.055415,0.067910,0.089659,0.082395,0.057690,0.069748,0.348461,0.058844,0.084498,0.085381
0.095414,0.330718,0.041506,0.045533,0.027269,0.035945,0.347843,0.037022,0.021732,0.017018
0.030519,0.240060,0.130698,0.039562,0.333202,0.047059,0.046613,0.053065,0.032191,0.047031
0.024711,0.248213,0.055915,0.073063,0.139832,0.047876,0.105845,0.117109,0.084697,0.102738
0.070076,0.117604,0.115393,0.068052,0.066142,0.052121,0.270527,0.064583,0.066122,0.109380
0.060797,0.120913,0.067147,0.120519,0.072581,0.161553,0.133466,0.136484,0.030817,0.095723
0.103263,0.118766,0.025904,0.117301,0.122065,0.117846,0.124148,0.088974,0.061016,0.120716
0.055012,0.099578,0.210074,0.055281,0.084347,0.099268,0.100211,0.134078,0.069063,0.093087
0.014764,0.374722,0.064916,0.054191,0.019167,0.020823,0.346469,0.031084,0.028097,0.045767
0.062568,0.303641,0.107260,0.101323,0.079549,0.076703,0.088111,0.029543,0.058047,0.093254
0.048648,0.054133,0.193120,0.093091,0.079967,0.144484,0.152192,0.095091,0.059050,0.080224
0.040917,0.060601,0.124693,0.081033,0.049793,0.102625,0.254239,0.101675,0.095339,0.089085
0.079603,0.067827,0.280229,0.080451,0.064506,0.091206,0.125176,0.041874,0.072366,0.096762
0.026905,0.213863,0.030806,0.098334,0.127553,0.036667,0.125514,0.133434,0.090781,0.116142
0.076665,0.084825,0.080749,0.102996,0.049604,0.030469,0.260533,0.085818,0.134306,0.094034
0.116475,0.179987,0.028221,0.100959,0.119550,0.033341,0.115437,0.108080,0.080204,0.117746
0.072062,0.082121,0.089229,0.068157,0.078221,0.093474,0.268762,0.088757,0.082877,0.076341
0.088116,0.302143,0.094145,0.093461,0.086815,0.095462,0.069153,0.068168,0.065678,0.036859
0.041979,0.069729,0.131253,0.059488,0.317009,0.103016,0.099485,0.041980,0.055239,0.080822
0.108175,0.071762,0.182175,0.094118,0.088172,0.086815,0.106234,0.040393,0.086793,0.135363
0.042450,0.103051,0.030091,0.119311,0.112917,0.144199,0.175178,0.099804,0.090596,0.082402
0.116052,0.113159,0.026315,0.114317,0.045406,0.160894,0.116916,0.082770,0.094578,0.129593
0.042145,0.236502,0.070806,0.137574,0.063084,0.042711,0.157711,0.154067,0.067448,0.027951
0.146914,0.062549,0.137429,0.089114,0.073736,0.077647,0.220312,0.072921,0.078234,0.041146
0.030575,0.079946,0.383691,0.057167,0.030788,0.079160,0.104538,0.102041,0.057431,0.074664
0.045120,0.309879,0.111484,0.032709,0.331887,0.061963,0.030009,0.033747,0.031251,0.011951
0.139183,0.090965,0.209818,0.082473,0.077675,0.101790,0.175441,0.048544,0.045779,0.028331
0.116192,0.122305,0.028443,0.163279,0.053745,0.128258,0.165411,0.133917,0.057591,0.030859
0.056298,0.065300,0.136482,0.085999,0.281881,0.077097,0.091669,0.095470,0.036407,0.073397
0.040961,0.085050,0.180050,0.101407,0.101858,0.120829,0.113519,0.069609,0.075160,0.111558
0.040095,0.046881,0.134592,0.073770,0.189143,0.100453,0.241272,0.047765,0.063979,0.062048
0.071454,0.091438,0.105076,0.097499,0.055699,0.101586,0.267135,0.053534,0.049781,0.106798
0.026855,0.387515,0.047567,0.023178,0.279064,0.076920,0.050067,0.028703,0.026647,0.053484
0.061007,0.129193,0.134538,0.102817,0.133677,0.039501,0.131988,0.125898,0.040226,0.101155
0.117855,0.131410,0.091663,0.137101,0.080651,0.049332,0.139152,0.104206,0.035852,0.112779
0.052098,0.114746,0.084866,0.093628,0.116388,0.111287,0.116076,0.122235,0.079087,0.109590
0.018102,0.048252,0.224659,0.047029,0.235799,0.085004,0.201151,0.051575,0.043259,0.045169
0.037346,0.327358,0.013776,0.034989,0.080983,0.073261,0.306386,0.056835,0.023824,0.045241
0.061158,0.137791,0.115755,0.083101,0.065327,0.131297,0.132248,0.097392,0.071455,0.104476
0.093380,0.120729,0.037705,0.097257,0.050240,0.128004,0.188681,0.115849,0.046783,0.121373
0.039132,0.070720,0.121160,0.044546,0.408908,0.067135,0.067023,0.059334,0.038239,0.083802
0.112227,0.112917,0.052104,0.136405,0.114646,0.034013,0.153293,0.117832,0.068495,0.098068
0.044219,0.023356,0.127863,0.020607,0.270988,0.099749,0.176700,0.049615,0.159547,0.027356
0.143319,0.201123,0.054271,0.040387,0.024549,0.048829,0.061741,0.080909,0.306671,0.038200
0.061475,0.054696,0.227543,0.084205,0.081961,0.203642,0.089954,0.047956,0.051822,0.096746
0.080746,0.240058,0.081173,0.100244,0.076430,0.034561,0.108057,0.093216,0.110950,0.074565
0.065755,0.108135,0.130022,0.125971,0.067357,0.072430,0.136474,0.124479,0.047032,0.122344
0.021792,0.121955,0.030180,0.100027,0.089011,0.175249,0.113354,0.084812,0.125013,0.138605
0.038053,0.094396,0.155212,0.114158,0.046652,0.092971,0.218338,0.055931,0.071953,0.112335
0.102222,0.108174,0.103526,0.072297,0.098039,0.115886,0.124750,0.024050,0.114285,0.136771
0.056601,0.106135,0.177693,0.101727,0.094590,0.103339,0.105919,0.088396,0.072902,0.092697
0.092042,0.071441,0.319025,0.077833,0.039218,0.095045,0.096638,0.063310,0.060005,0.085443
0.137795,0.223548,0.093024,0.073228,0.051124,0.093325,0.067465,0.065756,0.100161,0.094574
0.038858,0.280053,0.033211,0.044802,0.028337,0.081120,0.322268,0.068980,0.049834,0.052536
0.040420,0.354825,0.062648,0.045622,0.048680,0.024615,0.341504,0.033581,0.030783,0.017321
0.042079,0.145143,0.174630,0.114050,0.045478,0.112420,0.092816,0.085123,0.059863,0.128397
0.089635,0.111216,0.121856,0.139913,0.073113,0.054301,0.115464,0.092854,0.087679,0.113968
0.048934,0.137760,0.274858,0.065952,0.033339,0.074563,0.078417,0.086909,0.102508,0.096761
0.077304,0.184602,0.131166,0.107227,0.107682,0.098447,0.110963,0.078882,0.062893,0.040835
0.023364,0.345433,0.040779,0.030950,0.117245,0.031971,0.325454,0.029377,0.016229,0.039198
0.069618,0.245268,0.092109,0.112672,0.068452,0.038153,0.085323,0.119170,0.083655,0.085579
0.047259,0.175891,0.029857,0.143985,0.073860,0.126391,0.106131,0.078466,0.091011,0.127148
0.064980,0.074108,0.160234,0.103486,0.098513,0.096962,0.103830,0.066166,0.120502,0.111218
0.063123,0.249180,0.186639,0.067397,0.088947,0.098514,0.088005,0.065665,0.059710,0.032820
0.076878,0.292306,0.082798,0.050193,0.066864,0.041723,0.105167,0.077021,0.088862,0.118188
0.034327,0.216885,0.035685,0.096639,0.056677,0.166588,0.138921,0.136688,0.045038,0.072552
0.036120,0.228083,0.080430,0.020230,0.445153,0.090610,0.027119,0.016530,0.028520,0.027205
0.076669,0.070080,0.078073,0.063550,0.358531,0.069456,0.051520,0.088446,0.072295,0.071380
0.072438,0.267139,0.159657,0.021115,0.070488,0.124436,0.171821,0.028680,0.045527,0.038699
0.044315,0.063828,0.226648,0.098127,0.097571,0.128145,0.133449,0.071275,0.061569,0.075074
0.056710,0.126768,0.051551,0.114651,0.040107,0.103943,0.235554,0.024807,0.145745,0.100162
0.038914,0.098478,0.225871,0.090437,0.100584,0.105728,0.107889,0.088528,0.071797,0.071775
0.065133,0.112615,0.172311,0.085607,0.095087,0.118926,0.107934,0.039132,0.087686,0.115570
0.166044,0.115760,0.090409,0.109564,0.112725,0.130215,0.109769,0.020974,0.099961,0.044580
0.058300,0.084414,0.071383,0.085998,0.037012,0.078969,0.075692,0.071774,0.319175,0.117282
0.064372,0.061438,0.084288,0.068345,0.045848,0.072008,0.327080,0.058373,0.116051,0.102196
