0.014803,0.367589,0.617609
0.168343,0.831654,0.000003
0.199705,0.775130,0.025164
0.994722,0.005277,0.000000
0.198414,0.778808,0.022778
0.000640,0.999230,0.000130
0.008620,0.172018,0.819363
0.479207,0.518470,0.002323
0.376911,0.304625,0.318464
0.980798,0.017709,0.001493
0.037383,0.121554,0.841062
0.879052,0.036025,0.084923
0.001428,0.959097,0.039475
0.409023,0.590682,0.000294
0.996747,0.003253,0.000000
0.245787,0.753449,0.000764
0.228742,0.771149,0.000109
0.126613,0.499017,0.374371
0.096190,0.487811,0.415999
0.510892,0.472573,0.016535
0.004428,0.994262,0.001310
0.986700,0.013300,0.000000
0.159144,0.773790,0.067066
0.044915,0.141132,0.813953
0.946376,0.053520,0.000104
0.940358,0.044583,0.015060
0.321461,0.678538,0.000001
0.808107,0.191816,0.000078
0.352834,0.535370,0.111796
0.003071,0.980325,0.016604
0.023878,0.648271,0.327852
0.007508,0.129933,0.862559
0.503457,0.485734,0.010808
0.994575,0.005424,0.000001
0.000202,0.000997,0.998801
0.130925,0.848832,0.020243
0.288357,0.666885,0.044758
0.996902,0.003098,0.000000
0.812905,0.185871,0.001224
0.995040,0.004961,0.000000
0.967879,0.032083,0.000038
0.000085,0.000615,0.999301
0.961276,0.038722,0.000002
0.016247,0.438076,0.545677
0.461308,0.538134,0.000559
0.055749,0.235387,0.708864
0.066922,0.933049,0.000029
0.007482,0.043569,0.948948
0.985991,0.014009,0.000000
0.103834,0.805051,0.091115
0.029401,0.710498,0.260101
0.307920,0.692069,0.000011
0.956573,0.043427,0.000000
0.990152,0.009837,0.000011
0.867129,0.132855,0.000016
0.994216,0.005784,0.000000
0.950639,0.049360,0.000000
0.269542,0.729628,0.000830
0.008064,0.957208,0.034728
0.840032,0.159558,0.000410
0.180638,0.792091,0.027270
0.455383,0.544556,0.000061
0.996970,0.003030,0.000000
0.995887,0.004113,0.000000
0.322015,0.677984,0.000001
0.991244,0.008756,0.000000
0.016862,0.199948,0.783190
0.993271,0.006654,0.000075
0.984531,0.015451,0.000018
0.005056,0.907013,0.087931
0.353103,0.524428,0.122469
0.265651,0.734273,0.000076
0.061702,0.372109,0.566189
0.255713,0.664518,0.079769
0.023976,0.576595,0.399428
0.143110,0.856071,0.000819
0.218097,0.781898,0.000005
0.018727,0.470179,0.511094
0.163020,0.836524,0.000455
0.005952,0.986157,0.007891
0.280117,0.707632,0.012252
0.976677,0.023323,0.000000
0.825525,0.174454,0.000021
0.428798,0.571072,0.000130
0.403463,0.596381,0.000156
0.970897,0.029101,0.000002
0.992951,0.007049,0.000000
0.052383,0.226815,0.720802
0.013077,0.503883,0.483040
0.982493,0.017507,0.000000
0.061022,0.651601,0.287377
0.981615,0.018385,0.000000
0.004953,0.012990,0.982057
0.992989,0.007011,0.000000
0.371223,0.615172,0.013605
0.992508,0.007492,0.000000
0.797788,0.068352,0.133860
0.992098,0.007902,0.000000
0.971598,0.028400,0.000002
0.990274,0.009726,0.000000
0.626461,0.147067,0.226471
0.231765,0.768224,0.000011
0.995008,0.004992,0.000000
0.231298,0.763010,0.005692
0.001032,0.997315,0.001653
0.958913,0.040552,0.000535
0.003085,0.011619,0.985295
0.510656,0.489342,0.000002
0.990113,0.009887,0.000000
0.078774,0.849022,0.072204
0.993501,0.006499,0.000000
0.339775,0.660224,0.000000
0.994453,0.005547,0.000000
0.954535,0.044117,0.001348
0.004809,0.972052,0.023138
0.009856,0.059880,0.930263
0.988905,0.011095,0.000000
0.347881,0.636215,0.015904
0.016531,0.269018,0.714451
0.094627,0.659249,0.246124
0.985304,0.014696,0.000001
0.094103,0.901044,0.004853
0.000729,0.004284,0.994987
0.001039,0.998719,0.000242
0.270143,0.226976,0.502881
0.059986,0.521477,0.418537
0.860112,0.139661,0.000227
0.002714,0.008992,0.988295
0.002362,0.969626,0.028012
0.002775,0.954633,0.042592
0.001337,0.011695,0.986968
0.000219,0.000138,0.999642
0.419977,0.573142,0.006881
0.188217,0.811746,0.000037
0.939143,0.060826,0.000032
0.013301,0.724229,0.262469
0.010813,0.838968,0.150219
0.010723,0.532759,0.456517
0.975436,0.024556,0.000009
0.177632,0.822364,0.000004
0.008031,0.794916,0.197053
0.080024,0.788352,0.131624
0.448822,0.548222,0.002956
0.370345,0.626861,0.002794
0.070622,0.893228,0.036149
0.952425,0.042504,0.005071
0.000143,0.000095,0.999762
0.288241,0.700681,0.011078
0.799478,0.200061,0.000462
0.418218,0.519897,0.061885
0.097417,0.902401,0.000182
0.022790,0.255324,0.721886
0.995297,0.004703,0.000000
0.314078,0.685268,0.000655
0.059431,0.384491,0.556078
0.015346,0.879976,0.104678
0.625300,0.374280,0.000420
0.027020,0.377228,0.595752
0.428743,0.570557,0.000699
0.984679,0.015321,0.000000
0.990012,0.009988,0.000000
0.961372,0.036681,0.001947
0.022916,0.104709,0.872376
0.010519,0.034854,0.954627
0.018775,0.421582,0.559643
0.000096,0.000039,0.999865
0.044719,0.215809,0.739472
0.011152,0.067696,0.921152
0.000577,0.998037,0.001386
0.000534,0.999283,0.000182
0.995006,0.004993,0.000000
0.883873,0.078101,0.038026
0.981422,0.018577,0.000000
0.000602,0.002491,0.996907
0.021340,0.772865,0.205795
0.579313,0.420351,0.000336
0.003780,0.009086,0.987134
0.925346,0.069901,0.004754
0.021106,0.090264,0.888630
0.204896,0.779577,0.015527
0.118066,0.881891,0.000043
0.959994,0.038310,0.001696
0.042179,0.444397,0.513424
0.011472,0.049511,0.939016
0.949503,0.050497,0.000000
0.114459,0.885347,0.000193
0.033826,0.197519,0.768655
0.185585,0.770926,0.043489
0.990716,0.009284,0.000000
0.984120,0.015391,0.000489
0.524275,0.465472,0.010253
0.020457,0.775908,0.203634
0.012524,0.095256,0.892220
0.161440,0.808582,0.029977
0.001912,0.997941,0.000146
0.003464,0.069852,0.926685
0.002213,0.008138,0.989648
0.970391,0.029608,0.000000
0.992914,0.007086,0.000000
0.111094,0.412909,0.475998
0.972202,0.026382,0.001417
0.010500,0.138815,0.850684
0.009509,0.044916,0.945575
0.000343,0.000340,0.999317
0.984779,0.015221,0.000000
0.000059,0.000032,0.999910
0.068236,0.851841,0.079922
0.025421,0.447747,0.526832
0.993940,0.006060,0.000000
0.004136,0.986001,0.009863
0.955972,0.044028,0.000000
0.995842,0.004158,0.000000
0.164208,0.835723,0.000070
0.990102,0.009898,0.000000
0.096565,0.903213,0.000222
0.469515,0.529741,0.000744
0.943117,0.055716,0.001167
0.175981,0.337075,0.486944
0.014889,0.802022,0.183090
0.324566,0.661717,0.013717
0.633646,0.116659,0.249695
0.992493,0.007507,0.000000
0.000531,0.996942,0.002526
0.005525,0.016561,0.977914
0.993494,0.006506,0.000000
0.962906,0.037094,0.000000
0.000262,0.000149,0.999589
0.988844,0.011156,0.000000
0.003706,0.011041,0.985253
0.000107,0.000025,0.999868
0.667801,0.331848,0.000351
0.265446,0.675113,0.059441
0.001049,0.997101,0.001851
0.000191,0.000081,0.999729
0.001464,0.002238,0.996298
0.315800,0.675452,0.008748
0.991913,0.008084,0.000003
0.978207,0.021792,0.000001
0.992439,0.007561,0.000000
0.335276,0.657447,0.007278
0.494781,0.505214,0.000005
0.070991,0.319188,0.609821
0.015762,0.331956,0.652282
0.981453,0.018534,0.000013
0.301999,0.697290,0.000711
0.995607,0.004393,0.000000
0.904627,0.093338,0.002035
0.000284,0.000799,0.998917
0.103496,0.860624,0.035880
0.020352,0.713015,0.266633
0.648781,0.290359,0.060860
0.192105,0.805115,0.002781
0.974228,0.025734,0.000038
0.238792,0.754698,0.006511
0.629426,0.326589,0.043986
0.356595,0.641837,0.001568
0.979649,0.020351,0.000000
0.000569,0.999323,0.000108
0.313802,0.681634,0.004564
0.985089,0.014911,0.000000
0.000682,0.999240,0.000078
0.993783,0.006217,0.000000
0.324160,0.675799,0.000041
0.275903,0.724096,0.000001
0.000710,0.995580,0.003710
0.991919,0.008081,0.000000
0.927072,0.071927,0.001001
0.011238,0.171432,0.817329
0.000847,0.003457,0.995696
0.995152,0.004848,0.000000
0.690793,0.277049,0.032158
0.000235,0.000159,0.999607
0.949910,0.050090,0.000000
0.071430,0.316843,0.611727
0.655642,0.339386,0.004972
0.000500,0.002262,0.997239
0.993524,0.006476,0.000000
0.005317,0.211103,0.783580
0.057300,0.663051,0.279648
0.278198,0.721699,0.000104
0.891619,0.106367,0.002014
0.022667,0.547900,0.429433
0.153888,0.508297,0.337816
0.482803,0.517191,0.000006
0.247108,0.752890,0.000002
0.066883,0.192550,0.740567
0.173452,0.826517,0.000031
0.506745,0.357835,0.135421
0.487163,0.511412,0.001425
0.066940,0.520321,0.412739
0.986960,0.013040,0.000000
0.197338,0.421838,0.380824
0.180200,0.819777,0.000023
0.921818,0.078182,0.000000
0.003601,0.963696,0.032703
0.008096,0.144858,0.847047
0.002060,0.014359,0.983582
0.030041,0.394139,0.575820
0.015907,0.106805,0.877288
0.995815,0.004185,0.000000
0.978515,0.021485,0.000000
0.980722,0.019278,0.000000
0.518596,0.321411,0.159992
0.059413,0.530881,0.409706
0.994756,0.005244,0.000000
0.278773,0.558407,0.162820
0.989626,0.010375,0.000000
0.346114,0.646439,0.007447
0.985961,0.014039,0.000000
0.024469,0.138962,0.836569
0.240410,0.759492,0.000099
0.240220,0.759779,0.000001
0.054057,0.555622,0.390321
0.975645,0.024215,0.000141
0.646950,0.350927,0.002123
0.002682,0.011009,0.986309
0.726115,0.271739,0.002146
0.991433,0.008567,0.000000
0.994651,0.005349,0.000000
0.980321,0.019679,0.000000
0.074792,0.810162,0.115046
0.685863,0.298940,0.015197
0.981718,0.018282,0.000000
0.003399,0.004386,0.992215
0.982708,0.017292,0.000000
0.430958,0.568996,0.000046
0.173849,0.716115,0.110036
0.540630,0.144903,0.314467
0.930961,0.067658,0.001382
0.629038,0.370574,0.000388
0.191166,0.745026,0.063808
0.607307,0.392566,0.000127
0.000567,0.993654,0.005779
0.307111,0.677074,0.015816
0.984304,0.015696,0.000000
0.983377,0.016353,0.000270
0.984293,0.015707,0.000000
0.894837,0.082879,0.022284
0.588235,0.411576,0.000190
0.000258,0.000568,0.999173
0.005408,0.020537,0.974054
0.696506,0.302418,0.001076
0.004699,0.009519,0.985782
0.000287,0.000663,0.999049
0.008248,0.062186,0.929566
0.162865,0.835495,0.001641
0.044155,0.295969,0.659876
0.192741,0.634626,0.172633
0.047783,0.306108,0.646109
0.984571,0.015429,0.000000
0.995428,0.004570,0.000003
0.920957,0.078438,0.000605
0.979451,0.020549,0.000000
0.019800,0.468203,0.511997
0.958495,0.040701,0.000804
0.988094,0.011906,0.000000
0.988943,0.011057,0.000000
0.047767,0.533223,0.419011
0.034219,0.555040,0.410741
0.011974,0.490169,0.497857
0.995835,0.004165,0.000000
0.339903,0.660095,0.000001
0.325373,0.674601,0.000025
0.393254,0.539993,0.066753
0.155214,0.639601,0.205186
0.891089,0.108896,0.000015
0.011512,0.105155,0.883332
0.322229,0.645163,0.032607
0.103688,0.896266,0.000047
0.000600,0.999323,0.000077
0.007282,0.279172,0.713546
0.250462,0.701519,0.048019
0.314533,0.561034,0.124433
0.954967,0.041964,0.003069
0.985024,0.014975,0.000000
0.692263,0.287797,0.019940
0.003972,0.951769,0.044259
0.068139,0.610510,0.321351
0.328567,0.650783,0.020650
0.476717,0.523234,0.000049
0.005692,0.007004,0.987304
0.384506,0.610651,0.004844
0.420937,0.576916,0.002147
0.734349,0.262416,0.003236
0.192902,0.807042,0.000056
0.119046,0.880951,0.000003
0.001364,0.008614,0.990022
0.819944,0.164267,0.015789
0.989520,0.010480,0.000000
0.987806,0.012194,0.000000
0.142527,0.702011,0.155462
0.262364,0.705034,0.032602
0.011672,0.057592,0.930737
0.022290,0.521885,0.455826
0.001213,0.006810,0.991978
0.990749,0.009251,0.000000
0.000140,0.000492,0.999368
0.955786,0.044214,0.000000
0.013202,0.282792,0.704006
0.407147,0.592853,0.000001
0.018666,0.609280,0.372054
0.977037,0.019916,0.003046
0.895101,0.032030,0.072868
0.989853,0.010147,0.000000
0.004460,0.094872,0.900667
0.000815,0.993571,0.005614
0.962894,0.037106,0.000000
0.462655,0.537052,0.000294
0.015117,0.135276,0.849607
0.936747,0.063035,0.000218
0.059167,0.202567,0.738265
0.002720,0.037986,0.959294
0.008355,0.069373,0.922272
0.388966,0.481866,0.129168
0.926292,0.050763,0.022946
0.993065,0.006935,0.000000
0.360630,0.639248,0.000122
0.976678,0.023322,0.000000
0.962273,0.037727,0.000000
0.000139,0.000052,0.999809
0.183963,0.815940,0.000096
0.001937,0.986529,0.011533
0.000398,0.996452,0.003151
0.372525,0.616393,0.011082
0.910101,0.083492,0.006407
0.001219,0.001916,0.996865
0.440021,0.559412,0.000566
0.004037,0.938845,0.057118
0.192597,0.699940,0.107463
0.716560,0.281929,0.001511
0.959930,0.040070,0.000000
0.127641,0.834360,0.037999
0.337130,0.662065,0.000806
0.444322,0.445864,0.109814
0.062988,0.578189,0.358823
0.002953,0.011256,0.985791
0.018802,0.552756,0.428442
0.335519,0.638642,0.025840
0.459393,0.461620,0.078987
0.809716,0.189666,0.000618
0.655636,0.300380,0.043984
0.978152,0.021848,0.000000
0.000113,0.000238,0.999649
0.276020,0.723934,0.000046
0.053786,0.243585,0.702629
0.925352,0.073722,0.000926
0.007776,0.982593,0.009631
0.185380,0.811201,0.003419
0.007191,0.931273,0.061536
0.337069,0.631848,0.031083
0.012581,0.547151,0.440268
0.973096,0.026904,0.000000
0.019866,0.457425,0.522709
0.173473,0.776490,0.050037
0.031266,0.402680,0.566054
0.225570,0.771647,0.002783
0.978100,0.021900,0.000000
0.880831,0.118927,0.000242
0.001970,0.027878,0.970153
0.475017,0.517361,0.007622
0.000735,0.008884,0.990381
0.274327,0.715374,0.010299
0.017053,0.728956,0.253991
0.864468,0.135465,0.000067
0.870617,0.110409,0.018974
0.343401,0.656590,0.000009
0.037776,0.667898,0.294326
0.385848,0.613877,0.000275
0.013379,0.640920,0.345701
0.978592,0.021408,0.000000
0.042002,0.473708,0.484290
0.002364,0.010563,0.987073
0.001659,0.988743,0.009599
0.008951,0.009029,0.982020
0.975444,0.024556,0.000000
0.171353,0.728767,0.099880
0.035603,0.115418,0.848979
0.942982,0.009281,0.047736
0.983502,0.015856,0.000642
0.264221,0.532698,0.203081
0.106121,0.880554,0.013326
0.191910,0.755794,0.052296
0.084668,0.201488,0.713844
0.376825,0.605674,0.017501
0.019223,0.425384,0.555393
0.202736,0.581831,0.215433
0.020398,0.319910,0.659692
0.993547,0.006453,0.000000
0.994235,0.005765,0.000000
0.179445,0.815196,0.005359
0.003579,0.047151,0.949270
0.008533,0.975347,0.016119
0.915461,0.083852,0.000687
0.958935,0.030406,0.010659
0.002796,0.971700,0.025504
0.994169,0.005831,0.000000
0.000391,0.000197,0.999411
0.938797,0.027138,0.034065
0.001758,0.950793,0.047449
0.076447,0.011415,0.912138
0.016105,0.764287,0.219608
0.006085,0.979061,0.014854
0.141002,0.856960,0.002038
0.954306,0.045685,0.000009
0.430636,0.569356,0.000008
0.564423,0.435273,0.000304
0.662344,0.158502,0.179154
0.994572,0.005428,0.000000
0.566386,0.433105,0.000509
0.216233,0.762526,0.021242
0.065686,0.686169,0.248145
0.961868,0.037680,0.000453
0.001901,0.964860,0.033239
0.996582,0.003418,0.000000
0.008657,0.257382,0.733960
0.991294,0.008705,0.000000
0.793304,0.205122,0.001574
0.994952,0.005048,0.000000
0.035232,0.346809,0.617959
0.143058,0.756637,0.100306
0.430596,0.562956,0.006447
0.178091,0.715126,0.106783
0.970190,0.029810,0.000000
0.358729,0.641139,0.000132
0.968254,0.031746,0.000000
0.192640,0.799155,0.008205
0.909038,0.086868,0.004094
0.529020,0.293537,0.177442
0.069828,0.217750,0.712422
0.059842,0.236474,0.703684
0.994357,0.005643,0.000000
0.984530,0.015470,0.000000
0.166616,0.774588,0.058796
0.311873,0.634582,0.053545
0.992859,0.007141,0.000000
0.001741,0.991625,0.006635
0.960149,0.039409,0.000442
0.973396,0.026598,0.000006
0.325725,0.659038,0.015238
0.192800,0.219131,0.588069
0.247533,0.752241,0.000226
0.535928,0.192883,0.271189
0.264559,0.734418,0.001022
0.035120,0.492638,0.472242
0.158153,0.725146,0.116701
0.415984,0.564033,0.019982
0.236736,0.763230,0.000033
0.995206,0.004794,0.000000
0.170091,0.829906,0.000003
0.958376,0.041623,0.000001
0.818718,0.179945,0.001337
0.969979,0.030021,0.000000
0.023833,0.588661,0.387506
0.148086,0.693171,0.158744
0.103207,0.489318,0.407475
0.980685,0.019315,0.000000
0.942922,0.054665,0.002413
0.342572,0.657409,0.000019
0.013731,0.654421,0.331848
0.993104,0.006896,0.000000
0.063942,0.465820,0.470237
0.977343,0.022657,0.000000
0.009120,0.657654,0.333226
0.001089,0.000437,0.998475
0.021658,0.730034,0.248308
0.931947,0.068053,0.000000
0.080133,0.813745,0.106122
0.028702,0.132899,0.838398
0.120090,0.655672,0.224238
0.324449,0.675545,0.000006
0.016560,0.099386,0.884054
0.000600,0.998736,0.000664
0.318044,0.681921,0.000036
0.008401,0.032228,0.959371
0.306806,0.652072,0.041122
0.973740,0.026260,0.000000
0.292975,0.707017,0.000008
0.009254,0.093951,0.896796
0.020092,0.771984,0.207924
0.167416,0.832579,0.000005
0.318721,0.681266,0.000013
0.090887,0.530773,0.378339
0.300232,0.676660,0.023108
0.217986,0.027588,0.754426
0.977773,0.022227,0.000000
0.967898,0.032102,0.000000
0.994561,0.005439,0.000000
0.004554,0.030899,0.964547
0.909661,0.070806,0.019533
0.312299,0.683188,0.004513
0.401504,0.578029,0.020467
0.002126,0.014137,0.983737
0.128588,0.844685,0.026727
0.026506,0.395366,0.578127
0.994590,0.005410,0.000000
0.965784,0.034216,0.000000
0.214958,0.742816,0.042226
0.988486,0.011514,0.000000
0.333352,0.658290,0.008358
0.004878,0.987856,0.007266
0.957500,0.042438,0.000062
0.004408,0.091052,0.904541
0.211753,0.783590,0.004657
0.567520,0.432182,0.000298
0.066483,0.459704,0.473813
0.994272,0.005727,0.000001
0.986854,0.013103,0.000043
0.113412,0.842761,0.043827
0.097239,0.867251,0.035509
0.986508,0.013492,0.000000
0.996234,0.003765,0.000001
0.003674,0.011659,0.984666
0.000123,0.000108,0.999769
0.381291,0.610137,0.008573
0.006996,0.103580,0.889423
0.008767,0.232326,0.758906
0.795051,0.202913,0.002036
0.109656,0.889475,0.000869
0.070447,0.298338,0.631215
0.935402,0.063625,0.000972
0.257691,0.742277,0.000032
0.001649,0.993564,0.004788
0.104201,0.895171,0.000628
0.832308,0.167564,0.000128
0.013672,0.229241,0.757087
0.538574,0.460909,0.000517
0.946400,0.053087,0.000513
0.961143,0.038857,0.000000
0.011539,0.393420,0.595041
0.276801,0.722669,0.000530
0.152677,0.841705,0.005618
0.978126,0.021874,0.000000
0.988380,0.011620,0.000000
0.002619,0.080805,0.916576
0.265584,0.734386,0.000030
0.088732,0.538383,0.372885
0.099747,0.895727,0.004527
0.023253,0.519361,0.457386
0.302906,0.686918,0.010176
0.000396,0.000336,0.999268
0.971874,0.026837,0.001290
0.001721,0.708667,0.289612
0.219158,0.780803,0.000039
0.000583,0.003728,0.995688
0.993509,0.006491,0.000000
0.001236,0.987927,0.010837
0.996224,0.003776,0.000000
0.147378,0.851398,0.001224
0.000237,0.000068,0.999695
0.928397,0.063278,0.008325
0.971959,0.028041,0.000000
0.081299,0.912509,0.006193
0.984963,0.015037,0.000000
0.181409,0.297867,0.520723
0.183064,0.803855,0.013082
0.256238,0.743752,0.000010
0.983458,0.016541,0.000000
0.410136,0.589607,0.000258
0.961690,0.038310,0.000000
0.944679,0.047198,0.008123
0.988673,0.011326,0.000001
0.986054,0.013946,0.000000
0.434707,0.565102,0.000192
0.043246,0.158477,0.798277
0.963154,0.036033,0.000812
0.160493,0.361122,0.478384
0.959002,0.039772,0.001226
0.001118,0.983972,0.014909
0.969820,0.030180,0.000001
0.796264,0.202639,0.001096
0.919189,0.080811,0.000000
0.058033,0.256759,0.685208
0.166126,0.786994,0.046880
0.012267,0.193603,0.794130
0.004038,0.011401,0.984561
0.028845,0.158441,0.812714
0.994829,0.005171,0.000000
0.017611,0.731196,0.251193
0.189119,0.781901,0.028980
0.989593,0.010407,0.000000
0.216033,0.741358,0.042609
0.954963,0.045037,0.000000
0.167445,0.828978,0.003577
0.001141,0.003595,0.995264
0.413084,0.096321,0.490595
0.023368,0.095719,0.880913
0.028306,0.749513,0.222181
0.222422,0.732176,0.045402
0.031566,0.487537,0.480898
0.782108,0.215995,0.001897
0.105473,0.647892,0.246636
0.172879,0.782609,0.044512
0.000147,0.000053,0.999800
0.802662,0.169196,0.028142
0.991872,0.008128,0.000000
0.138786,0.861205,0.000009
0.509069,0.487740,0.003191
0.886430,0.112160,0.001410
0.990444,0.009556,0.000000
0.010694,0.519202,0.470104
0.248147,0.751797,0.000056
0.014532,0.123901,0.861567
0.982127,0.017873,0.000000
0.353919,0.338183,0.307898
0.028062,0.417266,0.554672
0.992809,0.007189,0.000001
0.977705,0.022295,0.000000
0.006099,0.684772,0.309129
0.005799,0.780240,0.213961
0.496183,0.490615,0.013202
0.009943,0.704117,0.285940
0.987257,0.012743,0.000000
0.054466,0.372600,0.572933
0.965060,0.034940,0.000000
0.333602,0.666188,0.000210
0.424529,0.575122,0.000349
0.333002,0.625335,0.041664
0.724270,0.117465,0.158265
0.005188,0.801313,0.193499
0.002211,0.028441,0.969348
0.223768,0.760260,0.015972
0.451052,0.548555,0.000394
0.181808,0.818191,0.000001
0.100341,0.894616,0.005043
0.029496,0.452713,0.517791
0.019871,0.111903,0.868226
0.040777,0.649698,0.309525
0.986385,0.013615,0.000000
0.994769,0.005231,0.000000
0.218320,0.781676,0.000004
0.092813,0.906971,0.000216
0.042315,0.529109,0.428576
0.905309,0.094360,0.000331
0.013460,0.773804,0.212736
0.992452,0.007548,0.000000
0.869145,0.125229,0.005626
0.346789,0.649893,0.003318
0.024132,0.375652,0.600216
0.954978,0.044874,0.000148
0.066785,0.512129,0.421086
0.622839,0.376786,0.000375
0.021977,0.068605,0.909418
0.299620,0.693858,0.006522
0.004989,0.041159,0.953851
0.025726,0.064940,0.909334
0.000785,0.000209,0.999006
0.981823,0.018046,0.000131
0.003760,0.974411,0.021829
0.004987,0.012086,0.982926
0.030542,0.728411,0.241047
0.351716,0.647880,0.000404
0.988900,0.011095,0.000005
0.036895,0.344843,0.618262
0.000379,0.994773,0.004848
0.021850,0.634068,0.344082
0.994356,0.005644,0.000000
0.042929,0.181490,0.775581
0.954664,0.045330,0.000006
0.000370,0.000143,0.999487
0.037969,0.231614,0.730417
0.666713,0.322625,0.010662
0.446860,0.553134,0.000007
0.181262,0.818734,0.000004
0.978393,0.021607,0.000000
0.280112,0.719881,0.000006
0.944764,0.055236,0.000000
0.933050,0.066949,0.000000
0.177745,0.680096,0.142158
0.975626,0.024374,0.000000
0.987365,0.012631,0.000004
0.019003,0.820047,0.160950
0.068880,0.474874,0.456246
0.087014,0.911972,0.001015
0.405316,0.594632,0.000052
0.502086,0.497170,0.000745
0.003451,0.012091,0.984458
0.993209,0.006791,0.000000
0.000245,0.001022,0.998733
0.099581,0.247838,0.652581
0.067758,0.836640,0.095602
0.333000,0.666972,0.000028
0.166618,0.833241,0.000140
0.007981,0.035555,0.956465
0.001538,0.007517,0.990944
0.001683,0.981034,0.017283
0.985143,0.014856,0.000001
0.155958,0.431500,0.412542
0.995509,0.004492,0.000000
0.010315,0.044606,0.945080
0.015118,0.765087,0.219795
0.986207,0.013792,0.000000
0.269687,0.729776,0.000537
0.986960,0.013040,0.000000
0.280744,0.719190,0.000066
0.856386,0.142169,0.001445
0.994910,0.005090,0.000000
0.987239,0.012761,0.000000
0.114710,0.885286,0.000003
0.028540,0.079502,0.891958
0.009011,0.053744,0.937245
0.000280,0.002097,0.997623
0.005187,0.932995,0.061818
0.903900,0.093055,0.003045
0.997767,0.002233,0.000000
0.006144,0.821724,0.172132
0.905746,0.094199,0.000056
0.178691,0.714536,0.106773
0.475445,0.522723,0.001832
0.009958,0.505215,0.484826
0.995733,0.004267,0.000000
0.520627,0.477921,0.001452
0.992628,0.007372,0.000000
0.993654,0.006318,0.000027
0.991340,0.008660,0.000000
0.054458,0.312543,0.633000
0.304427,0.694832,0.000741
0.082451,0.373744,0.543805
0.155024,0.841739,0.003237
0.986564,0.013436,0.000000
0.206838,0.793080,0.000082
0.136626,0.863351,0.000024
0.000105,0.000268,0.999627
0.964025,0.035621,0.000355
0.014034,0.110818,0.875148
0.982019,0.017981,0.000000
0.979721,0.020279,0.000000
0.001931,0.002914,0.995155
0.278690,0.701060,0.020251
0.985592,0.014408,0.000000
0.980183,0.019817,0.000001
0.023511,0.584455,0.392034
0.499760,0.293850,0.206390
0.129016,0.608274,0.262710
0.670471,0.167814,0.161715
0.964991,0.035006,0.000003
0.347423,0.652518,0.000058
0.983970,0.016030,0.000000
0.457620,0.541860,0.000520
0.450876,0.549070,0.000055
0.026148,0.513323,0.460529
0.952234,0.038129,0.009636
0.480280,0.518366,0.001354
0.945738,0.052198,0.002064
0.248501,0.652858,0.098641
0.955187,0.044801,0.000012
0.981724,0.018276,0.000000
0.122265,0.869571,0.008164
0.880042,0.087968,0.031990
0.002063,0.994980,0.002957
0.238356,0.665614,0.096030
0.345887,0.654106,0.000007
0.345935,0.653447,0.000618
0.989599,0.010401,0.000000
0.710827,0.280252,0.008922
0.974495,0.025484,0.000021
0.790085,0.090078,0.119837
0.006619,0.049966,0.943414
0.993200,0.006800,0.000000
0.988019,0.011968,0.000013
0.000816,0.007185,0.991999
0.607055,0.392640,0.000305
0.002412,0.976386,0.021202
0.290747,0.119751,0.589502
0.052438,0.263684,0.683878
0.779903,0.087626,0.132471
0.000160,0.000595,0.999246
0.223525,0.776473,0.000002
0.971575,0.028423,0.000002
0.255571,0.744417,0.000012
0.001551,0.012255,0.986195
0.041941,0.700471,0.257589
0.618346,0.381564,0.000090
0.540267,0.455982,0.003750
0.182747,0.439288,0.377964
0.277890,0.602889,0.119222
0.965664,0.034336,0.000000
0.064796,0.457823,0.477382
0.631053,0.181396,0.187551
0.001469,0.997476,0.001055
0.925948,0.065855,0.008197
0.994260,0.005740,0.000000
0.027323,0.136037,0.836640
0.002438,0.019408,0.978154
0.074515,0.302980,0.622505
0.996874,0.003126,0.000000
0.228107,0.771860,0.000033
0.762847,0.021856,0.215296
0.202224,0.797452,0.000324
0.009190,0.630490,0.360320
0.345865,0.209756,0.444379
0.043637,0.954872,0.001490
0.954944,0.045056,0.000000
0.994203,0.005797,0.000000
0.010892,0.464437,0.524670
0.399884,0.600115,0.000001
0.029300,0.094103,0.876597
0.000587,0.001601,0.997812
0.378756,0.614734,0.006510
0.981754,0.018246,0.000000
0.964552,0.035448,0.000000
0.988419,0.011581,0.000000
0.992800,0.007200,0.000000
0.650825,0.346609,0.002567
0.964356,0.035431,0.000213
0.782567,0.072266,0.145167
0.926651,0.056514,0.016835
0.035051,0.588376,0.376573
0.016689,0.077510,0.905801
0.019507,0.419105,0.561389
0.927193,0.072722,0.000085
0.397969,0.576622,0.025408
0.994387,0.005613,0.000000
0.969939,0.030061,0.000000
0.006678,0.301624,0.691698
0.806763,0.192931,0.000306
0.016054,0.499346,0.484601
0.994684,0.005316,0.000000
0.951288,0.048712,0.000000
0.000082,0.000181,0.999738
0.212786,0.787211,0.000003
0.008091,0.060360,0.931549
0.098698,0.520751,0.380552
0.370437,0.629513,0.000051
0.009398,0.387311,0.603291
0.971747,0.028253,0.000000
0.989048,0.010952,0.000000
0.001815,0.007552,0.990633
0.991776,0.008223,0.000000
0.989608,0.010392,0.000000
0.965699,0.031732,0.002568
0.379487,0.618848,0.001665
0.994513,0.005487,0.000000
0.190217,0.245183,0.564600
0.193178,0.761222,0.045601
0.418699,0.554828,0.026473
0.002211,0.003624,0.994165
0.004677,0.018328,0.976995
0.630498,0.287052,0.082451
0.016083,0.233080,0.750837
0.001246,0.004158,0.994597
0.000744,0.992550,0.006707
0.033489,0.550232,0.416278
0.979322,0.020677,0.000001
0.000233,0.000164,0.999602
0.173626,0.813351,0.013023
0.986420,0.013580,0.000000
0.622203,0.377786,0.000011
0.031885,0.724934,0.243181
0.429707,0.570279,0.000014
0.216573,0.006765,0.776662
0.001563,0.987901,0.010536
0.156532,0.823344,0.020124
0.993746,0.006254,0.000000
0.523053,0.476947,0.000000
0.958427,0.041573,0.000000
0.105952,0.459024,0.435023
0.004954,0.061614,0.933432
0.977022,0.022978,0.000000
0.890212,0.053311,0.056477
0.367377,0.630705,0.001918
0.087053,0.912885,0.000062
0.022993,0.119360,0.857648
0.007663,0.441283,0.551054
0.000605,0.996185,0.003210
0.000060,0.000152,0.999788
0.951016,0.048984,0.000000
0.005740,0.245725,0.748535
0.000240,0.000995,0.998765
0.014744,0.522933,0.462323
0.728836,0.250428,0.020735
0.105533,0.894178,0.000288
0.023835,0.579767,0.396398
0.136661,0.863322,0.000017
0.986859,0.013141,0.000000
0.316139,0.683847,0.000014
0.992310,0.007690,0.000000
0.639273,0.360658,0.000068
0.250564,0.749433,0.000004
0.000035,0.000072,0.999893
0.888758,0.067779,0.043463
0.000119,0.000054,0.999827
0.130583,0.728736,0.140681
0.995625,0.004375,0.000000
0.984574,0.015426,0.000000
0.003678,0.979531,0.016791
0.019146,0.086308,0.894546
0.091990,0.771567,0.136443
0.871511,0.124566,0.003923
0.989914,0.010086,0.000000
0.015637,0.839701,0.144661
0.021099,0.255415,0.723486
0.112557,0.882090,0.005353
0.062724,0.363508,0.573768
0.032030,0.440752,0.527218
0.068503,0.353662,0.577834
0.036952,0.550435,0.412613
0.344866,0.501100,0.154034
0.005120,0.426558,0.568321
0.000608,0.998284,0.001108
0.302538,0.697447,0.000016
0.827655,0.171902,0.000443
0.087636,0.628286,0.284077
0.233481,0.766439,0.000080
0.060964,0.284053,0.654983
0.953120,0.046880,0.000000
0.000083,0.000111,0.999806
0.008824,0.052642,0.938534
0.954069,0.041843,0.004088
0.926689,0.073310,0.000000
0.001205,0.018470,0.980325
0.945270,0.054730,0.000000
0.566760,0.429754,0.003486
0.441055,0.278502,0.280443
0.977325,0.022634,0.000041
0.992181,0.007819,0.000000
0.179450,0.802769,0.017781
0.995193,0.004805,0.000002
0.251854,0.703748,0.044398
0.000739,0.007644,0.991617
0.980212,0.019763,0.000026
0.834836,0.164824,0.000339
0.500844,0.499113,0.000043
0.995255,0.004745,0.000000
0.138006,0.861991,0.000003
0.404443,0.573876,0.021681
0.463099,0.532898,0.004003
0.004831,0.044406,0.950763
0.195690,0.804290,0.000020
0.134804,0.517516,0.347680
0.000237,0.000084,0.999679
0.314253,0.685740,0.000007
0.994849,0.005151,0.000000
0.332865,0.667131,0.000004
0.001575,0.011323,0.987102
0.000123,0.000214,0.999664
0.847175,0.139982,0.012844
0.871650,0.128207,0.000143
0.003940,0.021348,0.974712
0.054356,0.502136,0.443508
0.169903,0.829673,0.000424
0.921979,0.056859,0.021162
0.002403,0.010068,0.987529
0.266879,0.726405,0.006716
0.011918,0.774235,0.213846
0.030046,0.630593,0.339361
0.773797,0.226131,0.000072
0.025984,0.548806,0.425211
0.021757,0.279929,0.698314
0.498366,0.500942,0.000692
0.262246,0.732462,0.005291
0.016190,0.077348,0.906462
0.361260,0.613483,0.025256
0.019872,0.095989,0.884140
0.015940,0.091813,0.892246
0.194878,0.765073,0.040049
0.410744,0.589101,0.000155
0.000972,0.998748,0.000281
0.024297,0.609805,0.365898
0.047418,0.491846,0.460736
0.000303,0.000220,0.999477
0.993775,0.006225,0.000000
0.014063,0.304302,0.681635
0.198537,0.748962,0.052501
0.993468,0.006531,0.000000
0.095165,0.160024,0.744811
0.183834,0.816150,0.000016
0.020008,0.595668,0.384324
0.015313,0.463126,0.521561
0.000729,0.999136,0.000135
0.253468,0.746470,0.000062
0.068223,0.670151,0.261627
0.065443,0.548330,0.386226
0.159588,0.840409,0.000002
0.377453,0.620872,0.001675
0.085879,0.679766,0.234355
0.265174,0.734819,0.000007
0.009665,0.060426,0.929909
0.091608,0.907864,0.000528
0.051330,0.576063,0.372607
0.002578,0.932718,0.064704
0.002549,0.996687,0.000765
0.768672,0.230353,0.000976
0.782304,0.118086,0.099610
0.000998,0.997756,0.001246
0.954367,0.045046,0.000586
0.748067,0.251711,0.000221
0.450984,0.301128,0.247888
0.074669,0.291916,0.633415
0.179131,0.286734,0.534136
0.161590,0.740953,0.097457
0.289513,0.703344,0.007143
0.002477,0.995368,0.002154
0.969415,0.030584,0.000000
0.232494,0.704857,0.062649
0.939632,0.059963,0.000405
0.010432,0.065806,0.923761
0.613176,0.384926,0.001899
0.010242,0.619742,0.370016
0.000973,0.998749,0.000278
0.182798,0.794001,0.023201
0.464957,0.534875,0.000167
0.280792,0.716350,0.002858
0.253599,0.706145,0.040257
0.938322,0.059228,0.002450
0.005100,0.993960,0.000940
0.575215,0.424716,0.000069
0.279551,0.720126,0.000324
0.086692,0.026962,0.886346
0.017952,0.663665,0.318383
0.287746,0.712252,0.000002
0.027206,0.092584,0.880210
0.039548,0.258466,0.701986
0.323650,0.676349,0.000001
0.924094,0.075905,0.000001
0.051257,0.437695,0.511048
0.979443,0.020557,0.000001
0.148932,0.648947,0.202121
0.344341,0.572995,0.082664
0.976405,0.023592,0.000002
0.986558,0.013441,0.000001
0.967098,0.032900,0.000002
0.083586,0.916345,0.000070
0.196284,0.802672,0.001045
0.002135,0.971524,0.026341
0.983686,0.016314,0.000000
0.033355,0.289121,0.677524
0.952351,0.047304,0.000346
0.971583,0.028417,0.000000
0.745486,0.226415,0.028099
0.856902,0.090000,0.053097
0.278088,0.721910,0.000001
0.000741,0.002273,0.996986
0.994506,0.005493,0.000000
0.049389,0.351178,0.599434
0.035500,0.374231,0.590269
0.020732,0.732569,0.246699
0.995380,0.004620,0.000000
0.009049,0.918282,0.072669
0.453218,0.525969,0.020813
0.378473,0.385803,0.235723
0.003847,0.126044,0.870109
0.811887,0.187828,0.000285
0.724165,0.240359,0.035476
0.992485,0.007515,0.000000
0.022248,0.063884,0.913868
0.466986,0.532990,0.000025
0.001566,0.010510,0.987923
0.987760,0.012240,0.000000
0.022423,0.175512,0.802064
0.207784,0.757021,0.035194
0.040615,0.183702,0.775682
0.971011,0.028986,0.000003
0.824219,0.020786,0.154995
0.985133,0.014867,0.000000
0.347336,0.651259,0.001405
0.094829,0.896980,0.008192
0.993530,0.006470,0.000000
0.973526,0.025706,0.000768
0.001071,0.997106,0.001824
0.021279,0.502471,0.476249
0.467545,0.532446,0.000009
0.011636,0.049800,0.938564
0.990179,0.009821,0.000000
0.010718,0.100163,0.889119
0.001784,0.997499,0.000717
0.027182,0.167616,0.805202
0.349912,0.623957,0.026131
0.026247,0.108957,0.864796
0.928462,0.071538,0.000000
0.754647,0.169867,0.075486
0.000160,0.000283,0.999557
0.995171,0.004829,0.000000
0.926878,0.073061,0.000061
0.196514,0.780166,0.023320
0.996131,0.003869,0.000000
0.115887,0.754274,0.129839
0.972850,0.027150,0.000000
0.017221,0.652192,0.330586
0.183866,0.816127,0.000007
0.004305,0.993541,0.002154
0.020587,0.090659,0.888754
0.989850,0.010150,0.000000
0.010718,0.073218,0.916063
0.947507,0.052493,0.000000
0.089777,0.769381,0.140841
0.978770,0.018785,0.002445
0.020681,0.455304,0.524014
0.000904,0.996358,0.002738
0.118502,0.881283,0.000215
0.147575,0.852406,0.000019
0.625718,0.280487,0.093795
0.180466,0.246230,0.573304
0.946704,0.009400,0.043896
0.991516,0.008484,0.000000
0.979957,0.020031,0.000012
0.000324,0.001792,0.997884
0.992795,0.007205,0.000000
0.165232,0.834743,0.000025
0.980287,0.019713,0.000000
0.021752,0.674785,0.303463
0.209361,0.790536,0.000103
0.000580,0.999069,0.000351
0.086050,0.045394,0.868557
0.970972,0.028988,0.000040
0.037928,0.732242,0.229830
0.002535,0.007236,0.990229
0.421640,0.578356,0.000004
0.186159,0.794502,0.019340
0.031699,0.508684,0.459617
0.001619,0.008552,0.989829
0.000446,0.000318,0.999236
0.164997,0.575998,0.259004
0.274578,0.724480,0.000942
0.002536,0.993236,0.004228
0.000143,0.000365,0.999492
0.583587,0.401908,0.014505
0.050731,0.590873,0.358396
0.023846,0.590563,0.385592
0.000049,0.000164,0.999787
0.490992,0.508838,0.000170
0.003839,0.980000,0.016161
0.987725,0.012275,0.000000
0.002056,0.985342,0.012602
0.537049,0.461899,0.001052
0.766195,0.233197,0.000609
0.009555,0.717027,0.273417
0.167114,0.705597,0.127289
0.932844,0.067156,0.000000
0.183662,0.670047,0.146290
0.546662,0.373435,0.079902
0.062086,0.192306,0.745608
0.987440,0.012560,0.000000
0.979941,0.020059,0.000000
0.005366,0.252574,0.742060
0.995016,0.004984,0.000000
0.985772,0.014228,0.000000
0.196530,0.803453,0.000017
0.005734,0.252624,0.741642
0.996604,0.003396,0.000000
0.674524,0.325247,0.000229
0.122578,0.877308,0.000114
0.807992,0.190565,0.001444
0.010159,0.251433,0.738407
0.890288,0.079817,0.029896
0.407126,0.592870,0.000004
0.184500,0.680037,0.135463
0.229686,0.770297,0.000017
0.005381,0.022836,0.971782
0.013908,0.355156,0.630936
0.126446,0.873547,0.000008
0.795298,0.203621,0.001081
0.203338,0.712552,0.084110
0.037673,0.115979,0.846348
0.229238,0.770758,0.000004
0.024026,0.538012,0.437962
0.026910,0.580261,0.392830
0.271841,0.728144,0.000015
0.050059,0.018707,0.931234
0.222410,0.775476,0.002114
0.992850,0.007150,0.000000
0.974706,0.025294,0.000000
0.987663,0.012337,0.000000
0.015249,0.638112,0.346639
0.986875,0.013125,0.000001
0.001254,0.000862,0.997884
0.009869,0.928288,0.061843
0.112522,0.794313,0.093164
0.037952,0.274422,0.687626
0.211358,0.788572,0.000070
0.001676,0.984863,0.013461
0.918606,0.081394,0.000000
0.206801,0.586065,0.207134
0.003083,0.007771,0.989146
0.120620,0.443647,0.435734
0.270727,0.708582,0.020691
0.263419,0.730340,0.006240
0.158381,0.735933,0.105686
0.323654,0.674322,0.002024
0.058448,0.437144,0.504408
0.678130,0.321592,0.000278
0.987076,0.012854,0.000070
0.213610,0.785962,0.000428
0.062512,0.262039,0.675449
0.027447,0.419769,0.552784
0.279509,0.718480,0.002011
0.003876,0.081032,0.915092
0.093896,0.906072,0.000032
0.994242,0.005758,0.000000
0.993548,0.006452,0.000000
0.810194,0.183819,0.005986
0.032623,0.530032,0.437345
0.003103,0.005765,0.991133
0.315391,0.611035,0.073574
0.580939,0.417841,0.001220
0.260897,0.726642,0.012460
0.045519,0.472143,0.482338
0.112381,0.887349,0.000270
0.606845,0.297282,0.095873
0.000079,0.000246,0.999675
0.129022,0.706064,0.164914
0.961468,0.038107,0.000424
0.398582,0.601416,0.000002
0.170483,0.719579,0.109938
0.995163,0.004837,0.000000
0.986521,0.012766,0.000713
0.561391,0.438515,0.000094
0.018548,0.233826,0.747627
0.973068,0.022693,0.004239
0.004217,0.023640,0.972143
0.008681,0.916196,0.075123
0.992009,0.007991,0.000000
0.029945,0.327455,0.642600
0.605955,0.344906,0.049139
0.000821,0.006529,0.992651
0.000353,0.000145,0.999502
0.994241,0.005758,0.000001
0.058064,0.516994,0.424943
0.872793,0.125341,0.001866
0.010208,0.857795,0.131997
0.001514,0.015136,0.983350
0.009411,0.746990,0.243598
0.007820,0.068863,0.923317
0.914481,0.085519,0.000000
0.956659,0.043302,0.000039
0.954842,0.036165,0.008993
0.914446,0.085553,0.000000
0.332498,0.667501,0.000001
0.992726,0.007274,0.000000
0.372749,0.046789,0.580463
0.438361,0.561137,0.000501
0.010675,0.611207,0.378119
0.017895,0.610499,0.371606
0.095853,0.903133,0.001014
0.522734,0.370901,0.106365
0.004147,0.079414,0.916439
0.054450,0.712838,0.232712
0.006256,0.854809,0.138935
0.000558,0.001580,0.997861
0.997238,0.002762,0.000000
0.382257,0.617743,0.000000
0.124463,0.875515,0.000022
0.812140,0.072788,0.115072
0.000144,0.000585,0.999271
0.992560,0.007440,0.000000
0.993630,0.006369,0.000001
0.732582,0.255512,0.011905
0.847148,0.152237,0.000615
0.483462,0.515860,0.000678
0.346608,0.653366,0.000026
0.065505,0.273919,0.660576
0.040362,0.587696,0.371942
0.932033,0.067967,0.000000
0.217065,0.782920,0.000015
0.918106,0.081894,0.000000
0.272985,0.215429,0.511586
0.423390,0.572007,0.004604
0.958840,0.041160,0.000000
0.978537,0.021463,0.000000
0.565627,0.300604,0.133769
0.968473,0.031384,0.000143
0.949964,0.017767,0.032269
0.097362,0.477690,0.424948
0.016809,0.366493,0.616698
0.883127,0.116848,0.000025
0.994521,0.005479,0.000000
0.001453,0.008741,0.989806
0.016327,0.104262,0.879411
0.903155,0.077685,0.019160
0.317986,0.675412,0.006602
0.154870,0.844882,0.000248
0.091399,0.579555,0.329045
0.002871,0.943091,0.054038
0.066166,0.562326,0.371508
0.155099,0.843761,0.001141
0.000253,0.000688,0.999059
0.845948,0.153666,0.000386
0.010985,0.422402,0.566613
0.139372,0.860580,0.000049
0.002860,0.053666,0.943473
0.991073,0.008927,0.000000
0.989463,0.010536,0.000000
0.368577,0.620426,0.010997
0.475479,0.524512,0.000010
0.003821,0.982360,0.013819
0.001237,0.986004,0.012759
0.434624,0.565180,0.000196
0.615480,0.091090,0.293429
0.011665,0.589916,0.398419
0.982576,0.017362,0.000062
0.938140,0.061860,0.000000
0.979793,0.020206,0.000001
0.001286,0.998489,0.000225
0.015116,0.200633,0.784251
0.048256,0.167525,0.784219
0.004395,0.032650,0.962955
0.919486,0.080514,0.000000
0.987076,0.012924,0.000000
0.971330,0.025812,0.002858
0.004426,0.045751,0.949823
0.994921,0.005079,0.000000
0.002541,0.995678,0.001781
0.993966,0.006034,0.000000
0.164021,0.760553,0.075426
0.013411,0.630461,0.356128
0.518639,0.405915,0.075446
0.018041,0.369209,0.612749
0.008610,0.887681,0.103708
0.944681,0.054447,0.000871
0.001039,0.995322,0.003639
0.992407,0.007593,0.000000
0.002197,0.034515,0.963288
0.000911,0.998759,0.000330
0.410181,0.587232,0.002587
0.350945,0.567831,0.081223
0.995344,0.004656,0.000000
0.836164,0.163670,0.000165
0.001563,0.995675,0.002762
0.284064,0.715935,0.000002
0.988924,0.011076,0.000000
0.002607,0.987960,0.009433
0.652600,0.088897,0.258503
0.139904,0.859990,0.000105
0.298960,0.701040,0.000000
0.407813,0.585014,0.007173
0.006206,0.040276,0.953518
0.004548,0.978234,0.017219
0.310080,0.685790,0.004130
0.002677,0.021623,0.975700
0.007485,0.038339,0.954175
0.000694,0.005866,0.993440
0.980312,0.019688,0.000000
0.098388,0.614815,0.286797
0.988924,0.011076,0.000000
0.273445,0.722541,0.004014
0.981213,0.018787,0.000000
0.962969,0.037031,0.000000
0.996843,0.003157,0.000000
0.344294,0.487407,0.168299
0.001140,0.981148,0.017712
0.010051,0.491759,0.498190
0.957939,0.042061,0.000000
0.992150,0.007850,0.000000
0.041863,0.141506,0.816631
0.237494,0.720023,0.042483
0.980352,0.019648,0.000000
0.215737,0.783512,0.000751
0.720560,0.276283,0.003158
0.255362,0.744184,0.000454
0.975494,0.024505,0.000001
0.235017,0.708755,0.056228
0.761121,0.238661,0.000217
0.958773,0.041227,0.000000
0.114621,0.884657,0.000722
0.436262,0.563715,0.000024
0.191005,0.657523,0.151472
0.752858,0.235176,0.011966
0.017482,0.371808,0.610710
0.984149,0.015851,0.000000
0.988944,0.011056,0.000000
0.982654,0.016582,0.000765
0.994566,0.005434,0.000000
0.961568,0.038408,0.000025
0.981404,0.018596,0.000000
0.002823,0.969710,0.027468
0.320482,0.093809,0.585708
0.002509,0.995455,0.002036
0.003300,0.981670,0.015030
0.980278,0.019706,0.000016
0.234466,0.472629,0.292904
0.027634,0.336779,0.635587
0.011975,0.361913,0.626113
0.984473,0.015527,0.000000
0.295070,0.703951,0.000979
0.000695,0.997019,0.002287
0.527176,0.472258,0.000567
0.706498,0.289830,0.003672
0.647403,0.352531,0.000066
0.988498,0.011502,0.000001
0.001509,0.003005,0.995486
0.934019,0.065981,0.000000
0.017093,0.055613,0.927294
