0.018059,0.014378,0.253582,0.049910,0.337254,0.091027,0.052204,0.049453,0.055123,0.079010
0.062560,0.073770,0.079757,0.114663,0.131230,0.133001,0.110705,0.141174,0.066472,0.086667
0.032764,0.043134,0.084965,0.172661,0.176546,0.151867,0.167887,0.038827,0.080833,0.050517
0.076565,0.097717,0.079146,0.091618,0.097545,0.107431,0.103371,0.141820,0.089749,0.115038
0.036287,0.041184,0.327360,0.070039,0.075672,0.090516,0.080395,0.134755,0.052402,0.091390
0.051171,0.024275,0.085843,0.172652,0.112220,0.124489,0.019769,0.165025,0.120689,0.123867
0.040039,0.007676,0.219340,0.030145,0.406035,0.045728,0.047646,0.038577,0.130975,0.033839
0.048459,0.071785,0.277316,0.098059,0.089573,0.069727,0.097508,0.095259,0.075549,0.076765
0.041727,0.060160,0.233584,0.074822,0.070636,0.091214,0.039438,0.069457,0.244646,0.074316
0.051408,0.068864,0.048990,0.056575,0.081261,0.382923,0.068956,0.084750,0.081572,0.074701
0.017937,0.029403,0.446173,0.029671,0.269181,0.030345,0.034390,0.089989,0.028385,0.024526
0.048399,0.059474,0.044146,0.052112,0.111464,0.297963,0.071005,0.076043,0.170071,0.069323
0.096503,0.017452,0.043897,0.107399,0.141550,0.298579,0.016441,0.117013,0.093377,0.067788
0.057048,0.084779,0.266299,0.063356,0.097883,0.117737,0.094618,0.072632,0.064826,0.080822
0.096275,0.102855,0.084808,0.088096,0.103938,0.123011,0.097323,0.105528,0.114236,0.083929
0.058110,0.092541,0.066533,0.084897,0.142296,0.116200,0.077178,0.133331,0.118164,0.110750
0.055489,0.071296,0.065061,0.082719,0.152325,0.128570,0.119675,0.139464,0.064662,0.120739
0.044894,0.029319,0.046888,0.074050,0.107532,0.308107,0.092684,0.099737,0.138636,0.058154
0.046732,0.082908,0.058474,0.096406,0.135027,0.254499,0.059104,0.098450,0.085516,0.082883
0.047712,0.045262,0.057422,0.085598,0.128218,0.287880,0.103452,0.070267,0.065563,0.108625
0.126144,0.032781,0.225752,0.075566,0.120960,0.122203,0.028956,0.112527,0.094239,0.060871
0.074148,0.079197,0.233987,0.115669,0.075499,0.102411,0.093273,0.053872,0.078440,0.093502
0.058191,0.074301,0.268965,0.081950,0.079588,0.099141,0.053415,0.136974,0.063481,0.083994
0.017878,0.027491,0.475434,0.024396,0.271588,0.019175,0.036231,0.088430,0.018294,0.021081
0.064105,0.092702,0.110846,0.081728,0.064024,0.179889,0.116092,0.109427,0.081470,0.099717
0.041391,0.057785,0.033720,0.060671,0.048530,0.448280,0.058400,0.144836,0.046667,0.059718
0.052196,0.113681,0.065554,0.115180,0.095542,0.122092,0.081292,0.145252,0.081051,0.128161
0.066962,0.076818,0.190399,0.092618,0.127545,0.111884,0.087770,0.072145,0.069352,0.104507
0.037533,0.036396,0.293418,0.048960,0.057126,0.102969,0.067441,0.057530,0.249033,0.049595
0.029756,0.028074,0.078923,0.116231,0.119728,0.313747,0.028196,0.079810,0.079610,0.125923
0.031128,0.007085,0.224454,0.026799,0.060780,0.500825,0.006820,0.068655,0.027840,0.045613
0.014899,0.003429,0.564003,0.043770,0.242764,0.017095,0.042049,0.020280,0.028451,0.023259
0.058591,0.052968,0.281722,0.082922,0.083240,0.085645,0.086231,0.144149,0.060776,0.063756
0.056662,0.080561,0.056562,0.060412,0.075122,0.339282,0.077537,0.100408,0.066388,0.087065
0.003678,0.006998,0.429909,0.005922,0.500966,0.014604,0.008543,0.006496,0.013306,0.009578
0.055636,0.101608,0.066033,0.122568,0.148111,0.133969,0.076019,0.130067,0.059058,0.106931
0.050237,0.041056,0.052946,0.072022,0.127071,0.329800,0.081294,0.104706,0.060141,0.080729
0.065071,0.077946,0.072086,0.068523,0.084494,0.320642,0.088250,0.072037,0.082373,0.068578
0.039426,0.043474,0.591520,0.040030,0.047451,0.044962,0.049335,0.036416,0.047714,0.059671
0.104636,0.094099,0.074167,0.138839,0.119294,0.095730,0.106366,0.096915,0.084768,0.085185
0.056417,0.068921,0.349902,0.056137,0.076842,0.067088,0.081380,0.070344,0.088840,0.084130
0.005582,0.008837,0.076874,0.005617,0.007233,0.006589,0.008163,0.086973,0.786120,0.008012
0.073046,0.065778,0.048641,0.095744,0.080900,0.098295,0.082719,0.308252,0.070272,0.076352
0.016405,0.004545,0.557879,0.025012,0.196935,0.023752,0.045888,0.056965,0.031968,0.040651
0.052847,0.089462,0.056798,0.110941,0.090443,0.245774,0.050877,0.109481,0.087192,0.106184
0.075402,0.037615,0.358390,0.039349,0.151371,0.032409,0.038486,0.185218,0.044264,0.037497
0.070043,0.046070,0.074425,0.126000,0.093775,0.091294,0.111240,0.145396,0.147238,0.094518
0.022154,0.057842,0.198113,0.023732,0.496780,0.033987,0.059573,0.032263,0.032460,0.043097
0.096389,0.093562,0.074042,0.085517,0.160196,0.112086,0.089951,0.078777,0.103448,0.106033
0.033863,0.050138,0.245244,0.057770,0.075093,0.086980,0.094054,0.238770,0.060385,0.057701
0.026450,0.004601,0.240583,0.030343,0.183482,0.357175,0.004101,0.075850,0.049321,0.028094
0.063892,0.087444,0.063945,0.113579,0.163975,0.139678,0.037880,0.137061,0.066204,0.126344
0.092238,0.080550,0.205443,0.091131,0.071233,0.093252,0.099501,0.083546,0.090791,0.092315
0.061767,0.068232,0.275752,0.084252,0.078145,0.079374,0.089278,0.070653,0.101057,0.091489
0.092009,0.091878,0.180380,0.094715,0.121977,0.083148,0.096432,0.072692,0.088054,0.078712
0.120651,0.086497,0.069136,0.088815,0.109408,0.106945,0.100092,0.113556,0.101357,0.103544
0.056335,0.065258,0.251077,0.095737,0.084484,0.081047,0.075523,0.111166,0.067756,0.111616
0.072633,0.079931,0.061998,0.089137,0.096397,0.214082,0.109048,0.130397,0.063812,0.082567
0.107112,0.018308,0.211680,0.081528,0.155843,0.082756,0.015580,0.089584,0.164266,0.073343
0.065515,0.074857,0.266850,0.071045,0.125806,0.083248,0.081927,0.052253,0.101904,0.076594
0.040662,0.062308,0.434505,0.082152,0.060361,0.066625,0.051785,0.080358,0.058141,0.063104
0.076467,0.083799,0.241050,0.087479,0.099399,0.094665,0.052154,0.077162,0.083485,0.104339
0.084280,0.101301,0.079128,0.095111,0.116002,0.121820,0.108648,0.097825,0.100145,0.095739
0.108155,0.076639,0.200908,0.072472,0.085407,0.084285,0.091160,0.106212,0.080793,0.093969
0.072057,0.108189,0.079880,0.115445,0.108514,0.089109,0.087978,0.128607,0.085520,0.124702
0.071547,0.095456,0.071061,0.124746,0.114945,0.133737,0.105491,0.125645,0.084498,0.072875
0.006595,0.035752,0.133540,0.014105,0.336364,0.308722,0.025549,0.007077,0.117599,0.014696
0.054073,0.071200,0.051698,0.059204,0.069248,0.374962,0.079481,0.081995,0.080672,0.077467
0.065761,0.056008,0.413542,0.063345,0.063525,0.064283,0.072665,0.075927,0.062243,0.062702
0.034163,0.019507,0.077519,0.103497,0.124884,0.343616,0.027079,0.093941,0.058528,0.117267
0.039594,0.044151,0.040297,0.056188,0.074230,0.320676,0.082171,0.084983,0.189211,0.068499
0.120024,0.104001,0.057235,0.125510,0.143638,0.099506,0.033248,0.125290,0.094899,0.096649
0.003540,0.006792,0.524009,0.006992,0.103046,0.285096,0.019344,0.026541,0.006302,0.018338
0.035569,0.034677,0.141181,0.094764,0.082185,0.135906,0.174919,0.028720,0.107531,0.164548
0.017905,0.005194,0.212211,0.029522,0.061062,0.539519,0.005165,0.061403,0.024115,0.043903
0.041054,0.065614,0.075036,0.102169,0.124046,0.113932,0.122919,0.199181,0.076507,0.079544
0.059084,0.087195,0.071683,0.129146,0.106764,0.141617,0.108851,0.118037,0.099956,0.077668
0.030384,0.040207,0.379629,0.050163,0.321256,0.032520,0.009764,0.038021,0.034561,0.063495
0.063968,0.076191,0.070389,0.083801,0.158544,0.151997,0.119617,0.092008,0.072300,0.111187
0.035455,0.032007,0.217944,0.107406,0.200199,0.083868,0.022616,0.136084,0.064142,0.100279
0.074173,0.060833,0.037634,0.064983,0.054203,0.410973,0.023596,0.050564,0.180166,0.042874
0.100010,0.075020,0.061971,0.108166,0.162327,0.117538,0.079126,0.107859,0.094937,0.093046
0.065853,0.086084,0.192376,0.098615,0.142122,0.089057,0.086549,0.086152,0.084291,0.068900
0.057129,0.090768,0.210137,0.105931,0.082642,0.121819,0.068526,0.098580,0.081077,0.083390
0.050766,0.065881,0.324762,0.068277,0.070744,0.068100,0.081209,0.092378,0.074545,0.103338
0.053968,0.077778,0.059522,0.092380,0.093375,0.103995,0.091183,0.240719,0.064454,0.122627
0.130114,0.098222,0.069943,0.096324,0.120441,0.109265,0.108373,0.091161,0.091089,0.085069
0.036019,0.039054,0.303837,0.042469,0.305585,0.067128,0.056137,0.029058,0.047166,0.073547
0.028310,0.056030,0.282795,0.050538,0.286478,0.041344,0.008276,0.047512,0.156402,0.042313
0.067189,0.096958,0.055980,0.103720,0.086070,0.119473,0.097161,0.093573,0.199190,0.080686
0.024993,0.006752,0.457561,0.030181,0.324771,0.049243,0.034792,0.026874,0.017100,0.027733
0.060377,0.083602,0.276617,0.096945,0.080587,0.080562,0.086706,0.087730,0.074244,0.072630
0.013568,0.014269,0.527569,0.011252,0.010876,0.364675,0.018418,0.010532,0.014650,0.014192
0.071052,0.098115,0.073411,0.094929,0.103919,0.109793,0.107327,0.132985,0.098089,0.110380
0.048785,0.025775,0.616364,0.034800,0.044771,0.040110,0.053811,0.050468,0.054132,0.030985
0.064033,0.082008,0.236071,0.097931,0.071013,0.083862,0.093995,0.110226,0.083956,0.076905
0.047219,0.067344,0.045874,0.053707,0.096609,0.341552,0.072978,0.156033,0.064861,0.053824
0.068182,0.088083,0.071026,0.128725,0.099251,0.131764,0.104570,0.136686,0.072203,0.099511
0.059115,0.083864,0.213065,0.101662,0.096689,0.088772,0.100847,0.073565,0.078950,0.103469
0.079492,0.093497,0.074799,0.104368,0.102298,0.105413,0.105852,0.136306,0.112111,0.085864
0.046953,0.067729,0.059085,0.057107,0.099415,0.304626,0.071368,0.144624,0.075072,0.074021
0.113400,0.099977,0.068419,0.094914,0.141455,0.123031,0.073248,0.090271,0.074545,0.120741
0.127587,0.093853,0.066256,0.091234,0.100480,0.090805,0.103488,0.120099,0.086145,0.120054
0.050674,0.055493,0.205774,0.098612,0.129887,0.116401,0.099672,0.073353,0.078708,0.091426
0.025621,0.015559,0.067315,0.128829,0.126283,0.259542,0.014648,0.126912,0.105615,0.129677
0.053141,0.075557,0.052292,0.081749,0.118018,0.334557,0.070066,0.056749,0.071998,0.085874
0.019272,0.014153,0.211525,0.012362,0.010550,0.677743,0.006305,0.010670,0.022463,0.014957
0.063647,0.120509,0.091413,0.117362,0.112832,0.115172,0.118681,0.110626,0.068995,0.080764
0.076756,0.074189,0.263900,0.064609,0.084648,0.082804,0.092658,0.086823,0.080120,0.093493
0.047809,0.090584,0.252308,0.096027,0.086765,0.082521,0.072182,0.118732,0.070005,0.083067
0.071190,0.086007,0.071662,0.087423,0.172159,0.110925,0.100038,0.135987,0.084670,0.079938
0.076006,0.129340,0.093026,0.088324,0.125818,0.117712,0.053814,0.101248,0.100963,0.113750
0.091446,0.106599,0.076309,0.126058,0.097535,0.108986,0.096318,0.086146,0.098096,0.112507
0.075796,0.075266,0.050523,0.057056,0.126603,0.315193,0.069336,0.081481,0.070740,0.078005
0.044889,0.019959,0.257554,0.107638,0.200203,0.118387,0.015530,0.123076,0.048472,0.064292
0.009223,0.010559,0.145723,0.011238,0.039550,0.651568,0.013930,0.097241,0.008861,0.012108
0.060797,0.087872,0.070214,0.100013,0.173525,0.109380,0.088480,0.119517,0.063508,0.126693
0.074826,0.079704,0.194116,0.062362,0.079035,0.119293,0.088967,0.103322,0.090793,0.107582
0.020501,0.040235,0.236756,0.035576,0.367388,0.067036,0.007819,0.032753,0.142107,0.049830
0.095128,0.078917,0.062951,0.060424,0.127492,0.309464,0.045722,0.101008,0.058555,0.060340
0.066373,0.072435,0.056760,0.075853,0.081452,0.105364,0.087091,0.297599,0.073219,0.083854
0.062518,0.120798,0.063469,0.131283,0.133830,0.114212,0.043309,0.106020,0.136586,0.087974
0.006628,0.009399,0.157606,0.007436,0.005299,0.582984,0.003149,0.007451,0.210709,0.009338
0.161317,0.031510,0.059400,0.125295,0.149629,0.091870,0.023701,0.128726,0.056601,0.171952
0.038522,0.054049,0.239863,0.063177,0.063512,0.059655,0.048022,0.051439,0.325749,0.056014
0.010512,0.025636,0.499087,0.013172,0.260045,0.016290,0.002233,0.034401,0.118391,0.020232
0.038181,0.049223,0.598357,0.033174,0.031130,0.059179,0.046864,0.053803,0.046760,0.043329
0.011829,0.017607,0.213789,0.019089,0.012235,0.669180,0.009243,0.012518,0.016907,0.017603
0.038750,0.015942,0.259753,0.090081,0.087896,0.062951,0.013588,0.076247,0.296468,0.058324
0.033120,0.030304,0.097294,0.135174,0.103262,0.139205,0.031464,0.190879,0.115025,0.124274
0.015452,0.027723,0.244495,0.019490,0.449172,0.033297,0.034562,0.031518,0.107532,0.036759
0.004744,0.005584,0.113638,0.005161,0.003780,0.596144,0.007465,0.005653,0.251165,0.006666
0.068483,0.039735,0.506683,0.041031,0.049124,0.056841,0.068685,0.068891,0.039379,0.061147
0.094434,0.087922,0.063482,0.126474,0.105566,0.129267,0.078677,0.138388,0.061213,0.114577
0.059587,0.086324,0.072495,0.087894,0.128669,0.082379,0.081495,0.231379,0.077159,0.092619
0.034429,0.060309,0.293246,0.059671,0.321578,0.054074,0.010317,0.066711,0.037487,0.062178
0.092908,0.080929,0.380160,0.047059,0.140316,0.051353,0.007609,0.047177,0.082540,0.069949
0.034724,0.046221,0.249527,0.036300,0.398140,0.087159,0.007332,0.042159,0.056091,0.042346
0.059685,0.096732,0.113382,0.105712,0.047849,0.223878,0.107324,0.087959,0.073972,0.083507
0.066680,0.122881,0.068077,0.098121,0.102364,0.132563,0.074406,0.144506,0.113197,0.077206
0.015002,0.003778,0.226919,0.022335,0.020354,0.514924,0.004245,0.018716,0.149382,0.024345
0.033555,0.043807,0.456428,0.035702,0.062579,0.074166,0.061525,0.128876,0.048647,0.054714
0.040146,0.048903,0.431833,0.070771,0.068629,0.090060,0.073155,0.051261,0.054754,0.070489
0.055530,0.076184,0.229837,0.095002,0.083176,0.124966,0.103954,0.074987,0.066769,0.089594
0.056887,0.061061,0.229527,0.065436,0.065845,0.078756,0.067564,0.216507,0.078858,0.079558
0.039737,0.057037,0.394723,0.057656,0.051149,0.056951,0.063901,0.150649,0.053300,0.074898
0.005707,0.006372,0.143340,0.004743,0.004901,0.602488,0.007695,0.006170,0.212066,0.006517
0.048646,0.082905,0.078388,0.077841,0.139965,0.140247,0.119424,0.149713,0.073328,0.089543
0.056700,0.055230,0.500572,0.041490,0.045489,0.053932,0.068933,0.053228,0.054537,0.069890
0.040716,0.067322,0.247508,0.077785,0.077534,0.072929,0.036129,0.094147,0.204958,0.080972
0.067733,0.102562,0.069698,0.130347,0.116202,0.106170,0.032691,0.120248,0.150773,0.103576
0.013695,0.001151,0.477360,0.005424,0.180344,0.290817,0.012570,0.004920,0.006447,0.007273
0.087694,0.093225,0.067351,0.081017,0.098431,0.131823,0.102605,0.116873,0.126551,0.094428
0.075713,0.084975,0.067308,0.069161,0.091859,0.317577,0.043489,0.103694,0.069342,0.076882
0.014918,0.001816,0.173703,0.010002,0.296853,0.325469,0.031701,0.002905,0.126809,0.015825
0.015282,0.008370,0.501789,0.032044,0.266841,0.053331,0.005119,0.047449,0.024543,0.045232
0.054155,0.070736,0.232973,0.088075,0.083866,0.095614,0.109960,0.125826,0.064544,0.074251
0.036417,0.059315,0.319839,0.047362,0.302453,0.053911,0.013439,0.057992,0.052496,0.056776
0.057663,0.099779,0.055450,0.077193,0.100622,0.315535,0.048370,0.070930,0.065747,0.108710
0.062437,0.081755,0.281870,0.072991,0.072121,0.123418,0.092841,0.044506,0.080038,0.088023
0.076438,0.078077,0.266932,0.062335,0.088931,0.080814,0.098517,0.092643,0.081921,0.073392
0.064781,0.079068,0.057895,0.073958,0.133862,0.281400,0.089979,0.072499,0.077084,0.069474
0.005867,0.003845,0.346252,0.002478,0.103790,0.517997,0.004052,0.002265,0.004994,0.008459
0.009169,0.007995,0.597493,0.008319,0.004604,0.338720,0.009246,0.002778,0.006630,0.015046
0.019824,0.045386,0.434963,0.031942,0.309107,0.037442,0.004862,0.039642,0.040837,0.035995
0.010647,0.008960,0.141379,0.009479,0.006228,0.778387,0.010954,0.009325,0.012962,0.011679
0.031894,0.050194,0.273101,0.056249,0.344041,0.034261,0.057153,0.041024,0.037099,0.074985
0.005102,0.003797,0.361506,0.002630,0.183585,0.426523,0.005110,0.003679,0.004505,0.003563
0.027417,0.021612,0.084483,0.130160,0.141200,0.218308,0.019369,0.151141,0.109990,0.096320
0.050047,0.022862,0.099091,0.114224,0.166575,0.178880,0.019119,0.122343,0.148279,0.078580
0.057086,0.072201,0.053801,0.080275,0.071555,0.363921,0.076512,0.080334,0.073811,0.070503
0.054041,0.064718,0.050787,0.085179,0.131970,0.326079,0.077527,0.078778,0.058567,0.072355
0.065036,0.075762,0.061413,0.088220,0.078839,0.079687,0.077664,0.284494,0.094233,0.094652
0.024017,0.027504,0.220820,0.032205,0.565377,0.020670,0.029819,0.016539,0.037661,0.025388
0.019716,0.003461,0.239049,0.068340,0.122371,0.427835,0.003546,0.039768,0.037199,0.038715
0.065422,0.092121,0.207439,0.095315,0.059977,0.085921,0.104253,0.088219,0.093885,0.107448
0.011876,0.006856,0.524288,0.009012,0.005017,0.328712,0.008090,0.006986,0.087616,0.011548
0.051713,0.067327,0.150232,0.088088,0.054912,0.284691,0.084951,0.086681,0.060211,0.071196
0.006466,0.004837,0.314687,0.004867,0.066715,0.580604,0.006876,0.004723,0.004758,0.005468
0.104011,0.078885,0.213340,0.073976,0.137723,0.116923,0.044002,0.099834,0.067458,0.063846
0.079278,0.103388,0.069994,0.144015,0.130790,0.118580,0.049300,0.108213,0.099658,0.096783
0.075647,0.068145,0.050496,0.083616,0.128488,0.298967,0.080355,0.086848,0.067203,0.060235
0.014196,0.030634,0.273239,0.022500,0.178991,0.298395,0.030530,0.011730,0.118274,0.021512
0.004799,0.007344,0.609830,0.005685,0.006095,0.338060,0.010040,0.005259,0.006257,0.006631
0.066730,0.062511,0.292655,0.074843,0.070646,0.096325,0.082000,0.077546,0.090635,0.086108
0.059326,0.097096,0.066438,0.136095,0.119373,0.124730,0.080298,0.144655,0.071262,0.100728
0.021097,0.051509,0.286735,0.020695,0.457626,0.019997,0.048959,0.019851,0.043624,0.029907
0.053825,0.037166,0.046974,0.068739,0.079245,0.274767,0.081872,0.056772,0.215671,0.084969
0.069720,0.093774,0.070608,0.111344,0.098323,0.121445,0.105455,0.118443,0.074531,0.136357
0.066033,0.071504,0.053840,0.068167,0.070243,0.331402,0.079396,0.097168,0.069033,0.093214
0.046253,0.084673,0.053725,0.099386,0.088056,0.279659,0.067896,0.123624,0.067537,0.089191
0.026778,0.183537,0.085132,0.114466,0.223259,0.128612,0.041861,0.038980,0.098378,0.058998
0.019434,0.028214,0.289880,0.030585,0.445512,0.023048,0.032999,0.025256,0.053806,0.051266
0.053964,0.063992,0.502801,0.045081,0.041027,0.061401,0.034925,0.070961,0.060415,0.065433
0.042392,0.041876,0.105072,0.099632,0.164178,0.169972,0.039121,0.143482,0.091819,0.102456
0.025022,0.004687,0.171357,0.016581,0.024000,0.014602,0.017100,0.077038,0.626723,0.022890
0.008852,0.011760,0.244259,0.010752,0.012224,0.667808,0.003449,0.009775,0.020440,0.010680
0.071068,0.080440,0.287578,0.086903,0.084113,0.103759,0.081269,0.065463,0.077083,0.062325
0.075610,0.091091,0.070091,0.094840,0.102851,0.128497,0.108797,0.086528,0.137112,0.104582
0.038480,0.034830,0.153825,0.056403,0.051681,0.231845,0.092063,0.098511,0.160896,0.081467
0.054312,0.086278,0.179409,0.076904,0.058991,0.073282,0.066714,0.029924,0.285666,0.088520
0.015676,0.014488,0.296536,0.007635,0.254419,0.330917,0.023913,0.021695,0.009578,0.025143
0.029905,0.026611,0.514324,0.025547,0.218152,0.025105,0.041324,0.020925,0.039357,0.058748
0.005824,0.005430,0.191377,0.003224,0.005160,0.575435,0.005611,0.002747,0.199255,0.005938
0.074768,0.078859,0.237730,0.079421,0.070867,0.094024,0.094484,0.101713,0.072794,0.095340
0.007879,0.006369,0.172932,0.006932,0.006768,0.766762,0.007888,0.008613,0.008684,0.007173
0.043040,0.115114,0.082451,0.112665,0.153459,0.126446,0.080582,0.086229,0.085411,0.114603
0.004258,0.000515,0.583748,0.003531,0.140109,0.196984,0.008438,0.002715,0.046928,0.012773
0.083477,0.094118,0.079207,0.099676,0.105298,0.097140,0.105426,0.130263,0.083959,0.121437
0.030094,0.024991,0.236601,0.108848,0.223654,0.120833,0.022621,0.064356,0.085330,0.082673
0.074275,0.101623,0.194360,0.065082,0.074252,0.093811,0.089856,0.090329,0.108478,0.107935
0.123951,0.090526,0.070996,0.088052,0.092568,0.111775,0.106255,0.140231,0.080635,0.095011
0.060369,0.110532,0.062750,0.140347,0.167944,0.126742,0.039848,0.155764,0.061184,0.074520
0.075892,0.082811,0.301604,0.095947,0.062599,0.081835,0.087728,0.043757,0.074542,0.093286
0.045829,0.117989,0.078323,0.132540,0.096435,0.106650,0.072364,0.134949,0.093643,0.121279
0.060484,0.083433,0.244355,0.073108,0.097622,0.130330,0.049684,0.088091,0.069258,0.103634
0.055525,0.046174,0.194844,0.034645,0.042454,0.044990,0.043733,0.046587,0.441159,0.049889
0.052340,0.040799,0.383241,0.042458,0.052106,0.042249,0.027215,0.051715,0.255435,0.052443
0.061922,0.007532,0.482618,0.064083,0.136380,0.043142,0.059130,0.048788,0.042503,0.053902
0.034494,0.046020,0.491307,0.075140,0.073126,0.058533,0.067797,0.071443,0.040731,0.041409
0.059508,0.072471,0.058379,0.093702,0.122621,0.282081,0.084988,0.065980,0.069701,0.090568
0.076921,0.097191,0.071053,0.094570,0.163043,0.113647,0.102655,0.087747,0.101493,0.091680
0.030055,0.019416,0.081831,0.134996,0.093664,0.296855,0.020055,0.128683,0.113558,0.080888
0.012460,0.014308,0.577113,0.012590,0.009209,0.323417,0.013544,0.008798,0.015258,0.013304
0.074166,0.090350,0.081720,0.142302,0.102829,0.109714,0.106972,0.134156,0.074843,0.082949
0.070991,0.085824,0.262242,0.081852,0.079305,0.083985,0.083950,0.090051,0.069777,0.092023
0.009148,0.005486,0.149088,0.003527,0.003614,0.596380,0.005602,0.006556,0.212483,0.008115
0.067148,0.081849,0.067240,0.090782,0.078408,0.087273,0.081732,0.273063,0.080991,0.091513
0.021213,0.048290,0.236685,0.022832,0.481046,0.038109,0.039660,0.032067,0.027226,0.052872
0.027160,0.023226,0.311239,0.026831,0.017864,0.021620,0.027149,0.062913,0.455483,0.026516
0.055532,0.084904,0.209266,0.098446,0.107405,0.078165,0.081327,0.099782,0.073820,0.111352
0.061799,0.052045,0.203880,0.071750,0.095144,0.206960,0.100872,0.061524,0.066919,0.079106
0.055639,0.019981,0.086614,0.126710,0.143930,0.175731,0.018453,0.162230,0.104097,0.106614
0.025992,0.027047,0.246279,0.028209,0.022597,0.034208,0.027784,0.106869,0.445210,0.035804
0.018959,0.009484,0.202139,0.019880,0.012852,0.673184,0.019912,0.006746,0.018017,0.018827
0.040166,0.048095,0.475446,0.070691,0.052209,0.068649,0.080285,0.068792,0.046793,0.048874
0.035034,0.084462,0.108569,0.075223,0.099898,0.225060,0.108399,0.091579,0.074225,0.097552
0.055596,0.077241,0.257652,0.095696,0.086555,0.079255,0.097829,0.039940,0.102565,0.107670
0.075500,0.099326,0.082322,0.099325,0.110239,0.113338,0.111481,0.143025,0.079845,0.085599
0.050798,0.043611,0.497117,0.068850,0.051472,0.052370,0.067484,0.048655,0.044361,0.075283
0.110950,0.130500,0.075626,0.089304,0.099990,0.125790,0.104279,0.110998,0.076434,0.076131
0.040282,0.037676,0.215943,0.039880,0.163240,0.369033,0.009479,0.056533,0.036606,0.031329
0.011046,0.018063,0.457639,0.028376,0.407679,0.025325,0.003512,0.023186,0.013841,0.011334
0.057341,0.069908,0.406515,0.072883,0.064230,0.059485,0.072594,0.067104,0.081084,0.048856
0.073588,0.052072,0.209731,0.096399,0.129219,0.093952,0.104113,0.076091,0.090977,0.073858
0.110715,0.107307,0.077847,0.096841,0.105703,0.114703,0.112888,0.088679,0.095751,0.089567
0.035500,0.099525,0.126218,0.127598,0.066023,0.176556,0.128391,0.038173,0.080651,0.121365
0.016444,0.023506,0.007382,0.020329,0.023498,0.021318,0.023669,0.156391,0.686917,0.020546
0.093274,0.093166,0.078771,0.107972,0.138367,0.111233,0.091561,0.100922,0.116183,0.068551
0.047725,0.111598,0.057081,0.068996,0.127095,0.109731,0.018831,0.091236,0.252719,0.114990
0.033736,0.041781,0.442498,0.063803,0.057402,0.078232,0.065866,0.116858,0.049456,0.050368
0.052512,0.084277,0.199667,0.111394,0.075927,0.093051,0.061863,0.115892,0.096118,0.109300
0.042274,0.057889,0.463415,0.039735,0.039602,0.059493,0.052758,0.150333,0.045025,0.049476
0.057024,0.065797,0.257436,0.063798,0.065335,0.141228,0.107366,0.079796,0.068680,0.093539
0.030631,0.051048,0.502469,0.038110,0.039496,0.038167,0.044678,0.167852,0.038140,0.049410
0.095665,0.106032,0.069940,0.113102,0.182701,0.101999,0.100722,0.104560,0.060023,0.065256
0.067260,0.084788,0.070619,0.096216,0.158112,0.124768,0.095231,0.122033,0.080232,0.100740
0.132859,0.024012,0.060674,0.121015,0.156769,0.125988,0.025305,0.106212,0.086150,0.161016
0.091635,0.069816,0.290615,0.065448,0.090853,0.076943,0.086632,0.072837,0.053544,0.101677
0.056556,0.080923,0.065624,0.102435,0.167562,0.098504,0.091885,0.125512,0.084891,0.126107
0.149482,0.020989,0.087792,0.089840,0.154768,0.146321,0.018264,0.157792,0.069788,0.104964
0.051965,0.070912,0.056043,0.064111,0.069979,0.396637,0.074175,0.075868,0.069348,0.070964
0.124972,0.058455,0.056228,0.091191,0.132687,0.116052,0.115918,0.123939,0.109756,0.070802
0.050840,0.091152,0.084807,0.119063,0.122439,0.113575,0.042708,0.142350,0.129627,0.103439
0.029733,0.025152,0.086574,0.091529,0.095144,0.261859,0.024105,0.120181,0.118711,0.147014
0.067735,0.074408,0.207474,0.095665,0.089610,0.080209,0.097702,0.087495,0.100579,0.099123
0.059735,0.061143,0.276196,0.074871,0.065020,0.070650,0.073186,0.173798,0.061860,0.083541
0.008316,0.005349,0.208515,0.005656,0.005602,0.478218,0.001194,0.055823,0.220246,0.011081
0.028647,0.044254,0.269800,0.030392,0.450227,0.027753,0.052498,0.009556,0.042920,0.043954
0.081924,0.092982,0.070984,0.105763,0.099367,0.141075,0.099620,0.089302,0.095138,0.123845
0.047320,0.072970,0.223652,0.063921,0.146675,0.087438,0.082814,0.090955,0.077482,0.106773
0.010554,0.012583,0.146340,0.012173,0.008000,0.762061,0.012491,0.008640,0.015165,0.011992
0.077494,0.085027,0.193350,0.104116,0.096169,0.080993,0.089716,0.076124,0.096454,0.100557
0.009153,0.033058,0.157905,0.015057,0.228281,0.325517,0.032632,0.045478,0.136760,0.016158
0.036730,0.039090,0.127935,0.069570,0.107962,0.213252,0.114549,0.123302,0.067316,0.100293
0.011841,0.013743,0.275034,0.009355,0.371316,0.266851,0.020784,0.009495,0.011857,0.009723
0.061424,0.070676,0.059567,0.107161,0.074644,0.300743,0.082792,0.086161,0.074526,0.082306
0.039026,0.035370,0.242391,0.034767,0.449587,0.079337,0.005941,0.060665,0.021250,0.031667
0.040303,0.004029,0.306958,0.023121,0.144741,0.323084,0.044242,0.027710,0.029242,0.056570
0.062688,0.108184,0.068623,0.096509,0.146591,0.087515,0.081819,0.122613,0.123337,0.102121
0.061162,0.084865,0.127889,0.073860,0.102692,0.171517,0.107877,0.116692,0.064294,0.089153
0.051819,0.041639,0.272267,0.045988,0.322644,0.086400,0.007327,0.073193,0.039313,0.059410
0.035313,0.080925,0.115265,0.076226,0.075263,0.192105,0.030000,0.091846,0.237603,0.065453
0.097768,0.126248,0.062787,0.104324,0.109669,0.130864,0.106714,0.096375,0.095443,0.069807
0.060274,0.091264,0.079628,0.095304,0.113289,0.088291,0.117562,0.142747,0.070598,0.141042
0.063909,0.030447,0.384522,0.043826,0.048362,0.052854,0.065356,0.024425,0.247082,0.039216
0.054528,0.109502,0.066885,0.090688,0.113480,0.123605,0.084999,0.155708,0.126444,0.074160
0.051434,0.042872,0.583873,0.048931,0.033127,0.061664,0.054287,0.020666,0.046317,0.056829
0.056692,0.093372,0.137113,0.070671,0.089332,0.110657,0.098094,0.149861,0.072530,0.121678
0.036110,0.056506,0.237207,0.081660,0.180557,0.087205,0.081767,0.092781,0.069180,0.077028
0.064010,0.078431,0.058276,0.100546,0.081033,0.104966,0.088368,0.289305,0.066851,0.068214
0.021441,0.003082,0.308423,0.015299,0.139902,0.314974,0.067530,0.003872,0.105141,0.020335
0.123856,0.114474,0.065614,0.085347,0.106454,0.123280,0.090388,0.084556,0.117262,0.088769
0.086972,0.075890,0.180592,0.096539,0.068831,0.089485,0.091793,0.105506,0.097330,0.107061
0.036608,0.023159,0.214606,0.077513,0.141897,0.107384,0.025974,0.150005,0.065932,0.156922
0.004875,0.001629,0.146156,0.003933,0.016278,0.499828,0.008390,0.044722,0.266992,0.007198
0.019957,0.032569,0.230662,0.033602,0.369339,0.032368,0.039758,0.027308,0.190630,0.023809
0.007683,0.033976,0.175645,0.015186,0.287595,0.356345,0.027537,0.032555,0.012611,0.050867
0.001341,0.002853,0.515534,0.002545,0.253085,0.204945,0.005427,0.001238,0.003318,0.009713
0.075034,0.098958,0.070423,0.089873,0.096361,0.138870,0.110517,0.121342,0.089613,0.109009
0.092007,0.081855,0.064707,0.095130,0.151044,0.121880,0.098654,0.111266,0.075769,0.107687
0.090212,0.091470,0.075483,0.120242,0.166932,0.102250,0.085057,0.121570,0.076011,0.070774
0.044064,0.058049,0.230672,0.043699,0.090253,0.075939,0.058297,0.303585,0.057512,0.037929
0.018535,0.017435,0.316144,0.011246,0.062810,0.530035,0.003265,0.009137,0.014378,0.017014
0.075878,0.091257,0.087675,0.098440,0.102980,0.137389,0.096995,0.085412,0.101530,0.122443
0.044072,0.065644,0.199693,0.078008,0.074684,0.078229,0.044422,0.078621,0.243706,0.092919
0.071669,0.097168,0.219527,0.077666,0.102700,0.085713,0.088857,0.100543,0.085590,0.070568
0.047874,0.069559,0.182399,0.070528,0.173590,0.113496,0.095604,0.059092,0.089085,0.098773
0.069355,0.085149,0.069539,0.119965,0.169411,0.114687,0.099469,0.121420,0.076649,0.074356
0.008263,0.008019,0.296968,0.008307,0.082603,0.562452,0.010039,0.007323,0.006784,0.009242
0.070858,0.062783,0.077393,0.115891,0.138391,0.105647,0.124188,0.137551,0.066842,0.100456
0.072689,0.127087,0.070032,0.136030,0.151266,0.100011,0.046529,0.105673,0.091644,0.099040
0.016241,0.009648,0.403694,0.041537,0.322303,0.041186,0.043408,0.044742,0.038404,0.038837
0.051172,0.071375,0.057293,0.083666,0.067774,0.344024,0.075774,0.083171,0.072173,0.093577
0.049809,0.078070,0.061734,0.064897,0.088637,0.317237,0.075175,0.073143,0.089046,0.102251
0.032253,0.033757,0.333098,0.026313,0.402472,0.028563,0.041963,0.027741,0.036397,0.037443
0.038325,0.048129,0.535513,0.053375,0.050082,0.067601,0.056362,0.044299,0.045704,0.060610
0.071976,0.082880,0.083766,0.120603,0.110222,0.126678,0.099870,0.135351,0.091178,0.077476
0.079187,0.097035,0.075369,0.103106,0.122173,0.101060,0.103907,0.115223,0.101278,0.101662
0.063199,0.080546,0.066457,0.092036,0.161551,0.112706,0.092976,0.127018,0.073964,0.129546
0.044736,0.062649,0.255449,0.078306,0.163436,0.075265,0.083738,0.094956,0.065148,0.076317
0.035698,0.043207,0.147140,0.097022,0.095474,0.238081,0.099379,0.068723,0.065347,0.109927
0.081482,0.075156,0.081392,0.113404,0.159171,0.094530,0.093983,0.118791,0.081953,0.100140
0.014963,0.005116,0.208827,0.011350,0.006604,0.705516,0.010750,0.009869,0.011690,0.015316
0.075074,0.091174,0.079839,0.088131,0.159183,0.105693,0.098006,0.109391,0.089688,0.103821
0.062684,0.052712,0.248789,0.089009,0.089456,0.086828,0.085747,0.096271,0.078562,0.109941
0.036577,0.069300,0.222892,0.071718,0.068145,0.071113,0.047923,0.278887,0.078075,0.055370
0.036116,0.040518,0.380255,0.044294,0.034592,0.038628,0.042507,0.035156,0.302818,0.045114
0.060550,0.059904,0.296479,0.068466,0.063721,0.059804,0.063723,0.186744,0.059722,0.080887
0.053549,0.076091,0.299238,0.093767,0.070936,0.106498,0.051727,0.089269,0.065885,0.093039
0.048567,0.055149,0.056828,0.076377,0.121073,0.264475,0.098231,0.113342,0.066755,0.099204
0.054677,0.095586,0.057993,0.093448,0.088075,0.308813,0.053440,0.075609,0.097603,0.074756
0.066626,0.011477,0.045663,0.137624,0.148208,0.154346,0.011974,0.103605,0.164815,0.155662
0.041842,0.044842,0.049637,0.072444,0.119118,0.313562,0.098861,0.092125,0.065999,0.101569
0.077117,0.097636,0.073526,0.093991,0.164832,0.107513,0.105793,0.086132,0.091661,0.101797
0.043009,0.060403,0.043630,0.069210,0.059650,0.364170,0.066423,0.172892,0.056400,0.064214
0.073038,0.091621,0.069050,0.122696,0.170836,0.102791,0.098570,0.114186,0.078321,0.078892
0.079584,0.065025,0.047930,0.081530,0.134004,0.330885,0.073999,0.072617,0.058999,0.055427
0.061513,0.075092,0.197910,0.073679,0.109083,0.120905,0.117628,0.048803,0.102828,0.092560
0.025614,0.021261,0.006893,0.015048,0.021991,0.018602,0.023323,0.144396,0.699243,0.023629
0.009241,0.010414,0.487254,0.007413,0.427722,0.009710,0.013396,0.012958,0.013103,0.008789
0.051364,0.069245,0.245332,0.092764,0.090624,0.111468,0.085017,0.094896,0.065844,0.093445
0.007304,0.003188,0.255139,0.003123,0.063072,0.495119,0.004840,0.004422,0.155560,0.008235
0.017997,0.030696,0.012300,0.033379,0.033967,0.033667,0.035773,0.197852,0.584431,0.019936
0.020735,0.020651,0.530045,0.013600,0.013676,0.343789,0.004815,0.019168,0.017948,0.015573
0.052703,0.046701,0.070555,0.081259,0.083577,0.294477,0.123324,0.116208,0.062354,0.068842
0.014394,0.020416,0.182507,0.016499,0.206044,0.437632,0.026658,0.054165,0.019340,0.022347
0.032350,0.111189,0.110138,0.097676,0.117596,0.188369,0.049999,0.141789,0.081625,0.069269
0.015533,0.051342,0.189072,0.017041,0.232369,0.365124,0.031312,0.051515,0.018895,0.027797
0.108677,0.090491,0.196440,0.083741,0.074479,0.085791,0.087933,0.085575,0.090254,0.096620
0.079890,0.070991,0.043242,0.065251,0.058761,0.395423,0.067091,0.070600,0.075454,0.073296
0.062734,0.100063,0.124612,0.085773,0.091180,0.236053,0.108706,0.056647,0.073565,0.060666
0.069783,0.098624,0.074705,0.134607,0.158339,0.109972,0.100674,0.110644,0.076855,0.065797
0.025655,0.009021,0.395147,0.045174,0.300879,0.036027,0.064792,0.052666,0.030370,0.040268
0.052658,0.069917,0.273284,0.061389,0.056027,0.067219,0.071275,0.176591,0.086060,0.085580
0.075377,0.098485,0.069888,0.091474,0.116792,0.104085,0.107665,0.086131,0.162419,0.087683
0.055073,0.061344,0.402380,0.069959,0.065994,0.063463,0.064511,0.071844,0.062248,0.083184
0.034655,0.091167,0.097384,0.066390,0.101396,0.161787,0.030300,0.116808,0.209849,0.090264
0.045494,0.012674,0.299285,0.043770,0.279715,0.052206,0.092673,0.062780,0.067610,0.043795
0.029919,0.007399,0.268252,0.032423,0.021713,0.531882,0.006181,0.028298,0.029982,0.043950
0.068145,0.070748,0.058938,0.105268,0.075908,0.297750,0.078528,0.096617,0.082060,0.066037
0.071171,0.106742,0.070214,0.108966,0.126588,0.114567,0.075064,0.155944,0.088326,0.082418
0.061009,0.108035,0.064602,0.130294,0.122908,0.139517,0.108755,0.119753,0.074970,0.070156
0.036309,0.050229,0.148439,0.055185,0.049264,0.071172,0.025545,0.053557,0.463181,0.047120
0.052168,0.062840,0.210359,0.065271,0.084725,0.059693,0.029908,0.056920,0.318753,0.059363
0.091998,0.068586,0.285597,0.058264,0.112628,0.070067,0.077295,0.066347,0.085745,0.083472
0.008697,0.013494,0.278144,0.011735,0.076621,0.586197,0.003282,0.006628,0.007110,0.008093
0.049724,0.058699,0.397644,0.065000,0.066179,0.082439,0.035515,0.108777,0.053526,0.082497
0.068256,0.116696,0.060753,0.083051,0.134145,0.110392,0.031978,0.129767,0.166397,0.098566
0.031350,0.022591,0.086768,0.113855,0.140193,0.169118,0.019239,0.153019,0.132923,0.130944
0.018657,0.007571,0.261698,0.039551,0.416168,0.054481,0.060670,0.053425,0.024150,0.063629
0.036439,0.044257,0.168472,0.111034,0.064552,0.170245,0.116097,0.136152,0.063716,0.089037
0.041754,0.062208,0.039174,0.077146,0.070070,0.327411,0.039637,0.075392,0.203372,0.063835
0.050288,0.054036,0.235601,0.062913,0.045328,0.078180,0.059431,0.065176,0.282755,0.066292
0.069831,0.099632,0.134634,0.102099,0.075098,0.111161,0.101031,0.082642,0.110895,0.112977
0.053269,0.062698,0.308242,0.074205,0.117763,0.067386,0.071733,0.085739,0.082118,0.076846
0.071062,0.018258,0.050359,0.082932,0.151133,0.318010,0.019818,0.094605,0.118848,0.074974
0.050808,0.051393,0.048455,0.065754,0.129641,0.314655,0.090568,0.074225,0.086417,0.088086
0.049651,0.060536,0.561851,0.047812,0.048718,0.046075,0.029111,0.053018,0.041419,0.061808
0.065835,0.108236,0.069733,0.128058,0.132892,0.130014,0.079175,0.101834,0.071116,0.113106
0.009551,0.013663,0.235843,0.014224,0.012407,0.676190,0.003784,0.003502,0.014482,0.016355
0.042735,0.068415,0.112647,0.132679,0.098434,0.161695,0.113533,0.090650,0.074952,0.104261
0.065662,0.087032,0.060762,0.073289,0.079986,0.302529,0.083688,0.088342,0.064377,0.094334
0.106876,0.062238,0.102724,0.090899,0.096264,0.158150,0.110057,0.113724,0.096486,0.062583
0.068066,0.108695,0.084219,0.127045,0.116485,0.119390,0.085360,0.103360,0.076620,0.110760
0.048763,0.064222,0.068098,0.100960,0.106613,0.117331,0.135994,0.142348,0.071369,0.144301
0.023509,0.028628,0.254138,0.016871,0.537948,0.041518,0.031447,0.019245,0.024470,0.022226
0.040904,0.041993,0.222498,0.048267,0.047903,0.045314,0.053718,0.379000,0.061014,0.059388
0.084336,0.093672,0.190940,0.106243,0.093771,0.092294,0.100341,0.045820,0.088880,0.103703
0.116565,0.087164,0.173042,0.078068,0.068723,0.100598,0.089335,0.075947,0.084691,0.125868
0.039396,0.052583,0.141294,0.129838,0.095539,0.174267,0.127687,0.119780,0.062049,0.057567
0.034658,0.051885,0.112181,0.048414,0.058315,0.068685,0.026501,0.047720,0.492999,0.058641
0.009312,0.010153,0.613501,0.006090,0.006800,0.309531,0.002290,0.013550,0.009605,0.019168
0.020764,0.004720,0.149976,0.064213,0.242212,0.367783,0.052190,0.048839,0.028218,0.021085
0.013754,0.019168,0.145050,0.013927,0.014598,0.619751,0.007371,0.132131,0.016633,0.017618
0.111041,0.084758,0.184301,0.096312,0.063711,0.089325,0.100188,0.094857,0.105830,0.069677
0.020942,0.017429,0.194247,0.016127,0.631477,0.017190,0.024649,0.029071,0.031443,0.017424
0.078965,0.096411,0.240835,0.080347,0.073434,0.081509,0.086459,0.086319,0.078694,0.097026
0.023248,0.048099,0.246931,0.033351,0.296608,0.069016,0.013196,0.036409,0.174095,0.059048
0.115277,0.093493,0.069534,0.081133,0.113413,0.108185,0.078569,0.137985,0.123276,0.079132
0.038367,0.012215,0.283783,0.048821,0.336926,0.040830,0.083871,0.046763,0.062487,0.045939
0.048075,0.063120,0.044922,0.079318,0.059058,0.310099,0.068674,0.081707,0.185458,0.059569
0.068502,0.055907,0.040748,0.061423,0.092404,0.311539,0.062413,0.074573,0.168424,0.064067
0.080911,0.087980,0.072266,0.122343,0.095898,0.119013,0.108814,0.117645,0.097877,0.097253
0.012527,0.015003,0.436435,0.017104,0.437045,0.017697,0.002906,0.017148,0.012773,0.031361
0.040602,0.026542,0.183832,0.136626,0.067079,0.151815,0.024329,0.122553,0.106960,0.139664
0.062918,0.087474,0.069542,0.132684,0.153980,0.102308,0.095615,0.124050,0.072601,0.098828
0.056105,0.083824,0.198146,0.116821,0.079533,0.098220,0.071457,0.090542,0.098294,0.107059
0.018604,0.028404,0.377664,0.016538,0.437207,0.018451,0.024494,0.014037,0.017124,0.047478
0.088130,0.085363,0.183844,0.059997,0.074424,0.183173,0.094564,0.084536,0.064382,0.081586
0.018691,0.035575,0.121803,0.025414,0.134080,0.389960,0.002117,0.052696,0.173481,0.046184
0.014543,0.004884,0.010606,0.032709,0.021789,0.038742,0.031320,0.156702,0.657991,0.030713
0.013614,0.008764,0.166203,0.009357,0.039722,0.659019,0.011282,0.072086,0.006842,0.013111
0.098381,0.045937,0.060861,0.061149,0.121058,0.300766,0.086829,0.093860,0.062677,0.068483
0.041553,0.055204,0.038896,0.055927,0.083636,0.331127,0.059526,0.057003,0.219409,0.057717
0.085751,0.076518,0.262451,0.091985,0.084095,0.077786,0.090826,0.071065,0.080219,0.079304
0.077038,0.092117,0.195945,0.082264,0.086635,0.088231,0.065720,0.099546,0.113699,0.098805
0.065525,0.079047,0.069646,0.107916,0.084160,0.103561,0.077528,0.256304,0.074978,0.081335
0.068685,0.079307,0.243424,0.065995,0.095129,0.112587,0.088185,0.082999,0.068597,0.095092
0.009962,0.011221,0.180838,0.006663,0.005206,0.756137,0.009042,0.004954,0.007691,0.008288
0.058865,0.052587,0.062867,0.122549,0.119119,0.109838,0.132905,0.097655,0.133564,0.110051
0.043376,0.025170,0.284735,0.111000,0.080652,0.154894,0.023966,0.134464,0.068778,0.072964
0.131060,0.016116,0.047236,0.094106,0.075250,0.349705,0.016484,0.084228,0.102207,0.083609
0.043081,0.048299,0.488987,0.072129,0.053136,0.085786,0.067382,0.031200,0.048527,0.061473
0.057243,0.079188,0.053301,0.069853,0.113397,0.320055,0.073176,0.085791,0.069084,0.078912
0.009496,0.003886,0.226969,0.009285,0.007367,0.692106,0.011846,0.012667,0.011905,0.014471
0.063683,0.089721,0.201993,0.084612,0.087203,0.123963,0.106976,0.073670,0.100173,0.068004
0.074936,0.012759,0.346593,0.065935,0.130926,0.083698,0.011112,0.113733,0.087007,0.073300
0.071071,0.065594,0.069216,0.094926,0.111884,0.264270,0.095446,0.092315,0.063491,0.071786
0.062079,0.077696,0.258393,0.066274,0.088164,0.115162,0.093214,0.092152,0.075838,0.071028
0.090828,0.096874,0.261922,0.063964,0.068538,0.083447,0.083500,0.095579,0.083411,0.071935
0.051951,0.059215,0.218293,0.099276,0.150131,0.080742,0.094888,0.094123,0.088588,0.062793
0.070270,0.058337,0.062081,0.106290,0.090756,0.305211,0.097579,0.073911,0.071119,0.064447
0.043341,0.066322,0.207886,0.063250,0.061008,0.098323,0.079553,0.082892,0.214572,0.082853
0.017099,0.001373,0.330591,0.009411,0.229236,0.317006,0.034844,0.011820,0.015743,0.032876
0.021586,0.020502,0.272175,0.023032,0.504116,0.016029,0.025005,0.035757,0.030206,0.051593
0.012181,0.003740,0.330884,0.011763,0.087786,0.484321,0.003558,0.014700,0.022757,0.028309
0.051931,0.060603,0.573738,0.034507,0.053034,0.063705,0.022370,0.048192,0.044189,0.047731
0.039673,0.070095,0.384806,0.055956,0.063785,0.087794,0.039597,0.118854,0.059972,0.079469
0.045253,0.047414,0.601382,0.040286,0.033872,0.047321,0.051573,0.038549,0.044447,0.049903
0.039481,0.059894,0.220856,0.065537,0.060918,0.054698,0.058166,0.319627,0.070271,0.050553
0.058594,0.079099,0.069142,0.092359,0.082224,0.097425,0.081465,0.305473,0.068288,0.065931
0.014589,0.019012,0.007815,0.020382,0.020795,0.024471,0.021000,0.153260,0.699819,0.018857
0.066688,0.129639,0.058000,0.120302,0.117990,0.106837,0.033570,0.091772,0.195598,0.079604
