0.022063,0.245673,0.135834,0.050594,0.262169,0.140508,0.053639,0.037055,0.024113,0.028352
0.057057,0.387895,0.069006,0.074337,0.054198,0.072432,0.096439,0.063060,0.085439,0.040136
0.047141,0.207094,0.069420,0.090343,0.143523,0.058815,0.182706,0.077951,0.070977,0.052028
0.063362,0.141929,0.084079,0.115909,0.107165,0.110036,0.109466,0.084828,0.075269,0.107956
0.105506,0.226225,0.031778,0.104344,0.064310,0.119146,0.120164,0.028307,0.066836,0.133384
0.023629,0.403609,0.033629,0.030016,0.018932,0.037454,0.382267,0.022980,0.028206,0.019279
0.038376,0.187071,0.053668,0.023379,0.286566,0.210182,0.049804,0.035392,0.087802,0.027761
0.065528,0.221468,0.037990,0.074475,0.062315,0.216894,0.099443,0.113550,0.051346,0.056992
0.031620,0.141618,0.084695,0.099392,0.092302,0.209526,0.139691,0.077083,0.047132,0.076940
0.042757,0.175667,0.124349,0.113387,0.098761,0.056285,0.132121,0.096184,0.037183,0.123306
0.051402,0.073224,0.300030,0.045021,0.218565,0.034800,0.069183,0.046915,0.078529,0.082329
0.046132,0.123840,0.102780,0.109631,0.184040,0.076477,0.111536,0.092582,0.061554,0.091428
0.025789,0.354745,0.056111,0.031425,0.037488,0.045354,0.375260,0.019993,0.018384,0.035450
0.041684,0.225763,0.256864,0.070162,0.055739,0.071402,0.077834,0.060545,0.054623,0.085384
0.084185,0.085330,0.094508,0.128369,0.084825,0.120148,0.109498,0.099898,0.072124,0.121115
0.072557,0.104881,0.096911,0.082739,0.047280,0.082341,0.329658,0.062763,0.048497,0.072374
0.057929,0.314177,0.098703,0.079238,0.062028,0.091309,0.067489,0.084012,0.072229,0.072885
0.046098,0.256284,0.101963,0.100849,0.073343,0.061717,0.082593,0.080308,0.063686,0.133159
0.048099,0.075657,0.087073,0.061641,0.171501,0.082348,0.210132,0.115153,0.060763,0.087632
0.083269,0.233362,0.103358,0.099985,0.081926,0.052273,0.123533,0.073468,0.066364,0.082461
0.040839,0.272525,0.104849,0.046197,0.048070,0.048873,0.297526,0.034278,0.025377,0.081466
0.046783,0.103065,0.071972,0.081831,0.081483,0.232927,0.128639,0.098087,0.073794,0.081419
0.056611,0.168989,0.092973,0.118047,0.061936,0.122171,0.201367,0.025079,0.068467,0.084359
0.056771,0.034342,0.340997,0.047021,0.202669,0.095791,0.055989,0.034987,0.042290,0.089142
0.061240,0.175238,0.055979,0.143708,0.051691,0.047845,0.109082,0.234856,0.049712,0.070649
0.086707,0.097191,0.091248,0.107342,0.122247,0.091869,0.164514,0.027708,0.098914,0.112261
0.097207,0.045795,0.094833,0.076821,0.072594,0.068259,0.321450,0.050460,0.116603,0.055977
0.052147,0.072741,0.357163,0.053698,0.165181,0.069001,0.070312,0.045577,0.039505,0.074675
0.036429,0.242847,0.052123,0.093523,0.050131,0.159249,0.143289,0.058564,0.073650,0.090195
0.089382,0.356272,0.036151,0.031537,0.026419,0.029200,0.298020,0.022759,0.083431,0.026830
0.036735,0.239494,0.118958,0.044737,0.059744,0.146732,0.177893,0.062038,0.072206,0.041464
0.020032,0.164433,0.259539,0.041203,0.256541,0.079334,0.042698,0.024879,0.038306,0.073036
0.051675,0.203686,0.033091,0.090250,0.072650,0.112784,0.128148,0.027025,0.126844,0.153847
0.051142,0.106436,0.134457,0.125208,0.096193,0.044197,0.125174,0.119772,0.073482,0.123939
0.024188,0.114614,0.434075,0.023992,0.155199,0.076628,0.057251,0.051676,0.025983,0.036394
0.058318,0.090046,0.101868,0.085013,0.054772,0.089326,0.334865,0.026209,0.071582,0.088002
0.049232,0.258667,0.103727,0.117730,0.079972,0.051610,0.095968,0.093706,0.055336,0.094053
0.091888,0.138158,0.088407,0.167909,0.086551,0.037552,0.128443,0.070167,0.074803,0.116123
0.056598,0.046778,0.345519,0.102456,0.080990,0.074229,0.083300,0.042461,0.099981,0.067687
0.078545,0.110398,0.106262,0.061757,0.085666,0.141023,0.099936,0.089890,0.091349,0.135173
0.060849,0.079300,0.045876,0.163555,0.096046,0.224064,0.102341,0.117805,0.036393,0.073770
0.052300,0.049617,0.225685,0.027625,0.061747,0.052561,0.074541,0.051338,0.345182,0.059403
0.090443,0.127709,0.093899,0.050141,0.090940,0.127008,0.125682,0.021223,0.150413,0.122542
0.024910,0.161887,0.301221,0.059989,0.255906,0.045413,0.032402,0.051171,0.037842,0.029259
0.046603,0.093438,0.144157,0.072211,0.085545,0.040563,0.303020,0.099037,0.033116,0.082311
0.045284,0.028963,0.091588,0.070154,0.345486,0.143655,0.052145,0.080601,0.094621,0.047502
0.041264,0.405530,0.058712,0.063482,0.058446,0.092425,0.063151,0.040054,0.115476,0.061460
0.064065,0.060826,0.101439,0.131995,0.249576,0.089129,0.105977,0.065478,0.057618,0.073896
0.091247,0.107412,0.106681,0.121458,0.072046,0.123793,0.121932,0.072351,0.070483,0.112597
0.107922,0.217224,0.176478,0.066769,0.041070,0.127242,0.058529,0.048189,0.078672,0.077905
0.015581,0.258715,0.020191,0.017788,0.326283,0.047930,0.233437,0.033163,0.029118,0.017793
0.050990,0.107634,0.091011,0.086598,0.099429,0.121792,0.257886,0.054797,0.059394,0.070469
0.046397,0.102523,0.270154,0.104114,0.090157,0.084521,0.082984,0.060492,0.066454,0.092206
0.029699,0.105348,0.032173,0.105248,0.099541,0.338637,0.107962,0.085962,0.037299,0.058131
0.085138,0.089102,0.217668,0.045635,0.070795,0.089882,0.129956,0.071341,0.069231,0.131253
0.093604,0.092130,0.112082,0.116406,0.091599,0.106255,0.109993,0.122265,0.044145,0.111520
0.026876,0.081459,0.063304,0.123695,0.123818,0.149835,0.149677,0.133148,0.044206,0.103982
0.058914,0.357614,0.116428,0.090880,0.044860,0.044678,0.093116,0.067085,0.084596,0.041829
0.036347,0.273344,0.093061,0.050390,0.042839,0.044231,0.265995,0.028258,0.097431,0.068104
0.038126,0.077443,0.304903,0.089263,0.127229,0.068469,0.087961,0.049700,0.043657,0.113249
0.030955,0.042187,0.253870,0.052795,0.030784,0.192539,0.207277,0.079171,0.036552,0.073871
0.082975,0.057731,0.180867,0.089604,0.063811,0.073141,0.233688,0.068223,0.085095,0.064865
0.055088,0.116575,0.090910,0.087108,0.062566,0.144148,0.099971,0.073430,0.141041,0.129163
0.096485,0.136524,0.026731,0.153213,0.122540,0.127216,0.128836,0.097691,0.047957,0.062808
0.082082,0.060714,0.079975,0.071947,0.051618,0.117410,0.345249,0.070754,0.061091,0.059160
0.115801,0.102179,0.110753,0.094225,0.092421,0.106931,0.096175,0.076501,0.153671,0.051344
0.039143,0.050319,0.045868,0.079686,0.285508,0.078198,0.156925,0.101871,0.096123,0.066360
0.043015,0.178788,0.121053,0.110590,0.068407,0.046295,0.129603,0.139642,0.037351,0.125256
0.032056,0.104536,0.040211,0.115570,0.096681,0.305285,0.104314,0.065434,0.045891,0.090021
0.054196,0.374118,0.042654,0.041217,0.034070,0.045981,0.320854,0.029469,0.033932,0.023509
0.042753,0.276045,0.106161,0.087786,0.064350,0.055655,0.127831,0.068935,0.075246,0.095238
0.061742,0.065100,0.100899,0.066926,0.068956,0.119750,0.308403,0.049136,0.075055,0.084034
0.011035,0.043627,0.576383,0.017691,0.194380,0.065575,0.033081,0.015581,0.019281,0.023366
0.046667,0.186100,0.052031,0.193847,0.128892,0.057849,0.101817,0.062331,0.048026,0.122441
0.023250,0.168070,0.161250,0.043430,0.103465,0.190981,0.159163,0.058625,0.048679,0.043088
0.108694,0.315430,0.048015,0.079099,0.058204,0.126417,0.094603,0.023616,0.067499,0.078422
0.033560,0.361653,0.079240,0.065896,0.044853,0.072809,0.115546,0.092669,0.060223,0.073552
0.023578,0.084293,0.044397,0.038002,0.348120,0.155126,0.221401,0.025276,0.029750,0.030057
0.038944,0.348106,0.100986,0.093439,0.047034,0.063806,0.103394,0.061324,0.067395,0.075573
0.066376,0.335835,0.106698,0.020080,0.044094,0.080434,0.242432,0.027209,0.040450,0.036390
0.081668,0.075344,0.071627,0.100942,0.052407,0.053188,0.329239,0.063035,0.062282,0.110268
0.082945,0.123457,0.091354,0.086789,0.103959,0.133529,0.104482,0.113082,0.059377,0.101026
0.066690,0.076163,0.311917,0.065464,0.077994,0.146523,0.095070,0.049628,0.063767,0.046783
0.138707,0.056434,0.175524,0.034423,0.075129,0.108263,0.200723,0.050075,0.078311,0.082410
0.113356,0.215125,0.182721,0.075802,0.030992,0.097813,0.073524,0.064971,0.062652,0.083045
0.106719,0.112434,0.102642,0.112962,0.103755,0.151327,0.112857,0.024106,0.101686,0.071512
0.079230,0.120559,0.094068,0.113809,0.077302,0.145573,0.091982,0.079101,0.070094,0.128282
0.080854,0.079165,0.061747,0.055906,0.421646,0.056071,0.074012,0.027306,0.065160,0.078132
0.028277,0.025898,0.045444,0.051552,0.366191,0.050883,0.212554,0.040349,0.105407,0.073445
0.112790,0.083080,0.100063,0.062465,0.066323,0.098894,0.136330,0.078353,0.125767,0.135934
0.025452,0.182575,0.306717,0.027222,0.285791,0.035999,0.054698,0.020550,0.025892,0.035103
0.028480,0.094327,0.072447,0.050300,0.109750,0.136809,0.191248,0.095181,0.053179,0.168280
0.044287,0.099997,0.496533,0.021548,0.024171,0.055367,0.059108,0.094890,0.025454,0.078645
0.133987,0.089172,0.103694,0.116594,0.089477,0.144121,0.102082,0.074520,0.071412,0.074941
0.049773,0.147923,0.324435,0.098253,0.041031,0.080870,0.079522,0.087231,0.029104,0.061857
0.030724,0.177982,0.028367,0.143633,0.057219,0.230513,0.132301,0.104445,0.057336,0.037481
0.106675,0.119050,0.117605,0.167612,0.097057,0.079292,0.162914,0.029956,0.074996,0.044842
0.062744,0.092061,0.114786,0.094334,0.111981,0.139145,0.093297,0.108387,0.070525,0.112741
0.031513,0.089759,0.032343,0.128078,0.116928,0.149834,0.271876,0.056571,0.049414,0.073685
0.091649,0.114364,0.113356,0.116615,0.079032,0.108129,0.103260,0.087380,0.069274,0.116941
0.043420,0.096804,0.083437,0.117847,0.199128,0.084343,0.148793,0.029702,0.077846,0.118681
0.056153,0.085193,0.103853,0.106563,0.039923,0.077115,0.340947,0.064196,0.069300,0.056757
0.082918,0.127107,0.097304,0.104437,0.093560,0.136444,0.097033,0.093215,0.082461,0.085520
0.062466,0.207234,0.225893,0.043654,0.119702,0.090266,0.092943,0.042756,0.057700,0.057387
0.048660,0.394257,0.045532,0.031101,0.031960,0.022593,0.358326,0.024305,0.013995,0.029272
0.048755,0.116133,0.128630,0.133458,0.109585,0.052828,0.131945,0.100288,0.075416,0.102961
0.040470,0.083846,0.376140,0.074870,0.023408,0.079541,0.158854,0.025496,0.034694,0.102681
0.050385,0.293467,0.070115,0.085003,0.060657,0.092257,0.077492,0.077374,0.090867,0.102384
0.029270,0.117629,0.057257,0.155620,0.112055,0.142260,0.151722,0.092927,0.053029,0.088231
0.039667,0.101372,0.035697,0.086277,0.082005,0.151636,0.274518,0.042599,0.090035,0.096194
0.051541,0.124657,0.098845,0.118598,0.054855,0.094647,0.099445,0.080957,0.142129,0.134325
0.058896,0.049518,0.057803,0.102089,0.051561,0.133900,0.347675,0.064448,0.056439,0.077670
0.044060,0.091133,0.095238,0.066639,0.084965,0.190337,0.127083,0.089122,0.089935,0.121487
0.072460,0.101081,0.103043,0.100215,0.163671,0.065016,0.118599,0.125401,0.065049,0.085463
0.051014,0.271520,0.132017,0.029971,0.089569,0.039246,0.270810,0.038191,0.036506,0.041158
0.033714,0.056369,0.305523,0.072158,0.126967,0.207771,0.064734,0.053137,0.027373,0.052254
0.072126,0.109100,0.090634,0.118696,0.115264,0.128090,0.114381,0.099418,0.068631,0.083660
0.039641,0.134656,0.030488,0.053571,0.040951,0.249453,0.235077,0.107918,0.037164,0.071082
0.018129,0.045622,0.101133,0.072509,0.315636,0.051096,0.251586,0.025149,0.085749,0.033392
0.073529,0.070232,0.068938,0.112862,0.083970,0.057172,0.292069,0.070531,0.054004,0.116693
0.096489,0.144351,0.084797,0.122910,0.079600,0.110862,0.153703,0.023786,0.097416,0.086086
0.040246,0.066854,0.099414,0.040208,0.042984,0.125577,0.367971,0.065452,0.081172,0.070122
0.075805,0.043471,0.313040,0.066861,0.044760,0.104988,0.145855,0.038880,0.074162,0.092178
0.021005,0.349264,0.061577,0.039374,0.018906,0.059771,0.365001,0.027484,0.035042,0.022577
0.032563,0.093506,0.033974,0.103713,0.051935,0.302889,0.194269,0.045789,0.060979,0.080384
0.037107,0.020782,0.300809,0.043620,0.284684,0.027686,0.136418,0.041571,0.074083,0.033241
0.052587,0.061386,0.283554,0.093252,0.069358,0.075838,0.072397,0.082304,0.095529,0.113794
0.047250,0.060757,0.380395,0.071517,0.029781,0.107001,0.154630,0.041780,0.042518,0.064370
0.030785,0.304290,0.064749,0.032819,0.017807,0.055789,0.268885,0.033480,0.141209,0.050186
0.030853,0.313547,0.020036,0.080074,0.026950,0.025979,0.332841,0.078875,0.025676,0.065168
0.027565,0.050772,0.093107,0.073728,0.314649,0.135258,0.095457,0.067571,0.088445,0.053448
0.027426,0.042462,0.463054,0.086166,0.061434,0.084856,0.076241,0.044112,0.052782,0.061467
0.050056,0.134629,0.282503,0.099442,0.031901,0.082252,0.136518,0.091254,0.031578,0.059867
0.052165,0.082181,0.092642,0.060338,0.052791,0.097850,0.358450,0.057107,0.085586,0.060891
0.038670,0.098080,0.087386,0.149082,0.080936,0.175976,0.130717,0.026534,0.087969,0.124651
0.023153,0.047918,0.034119,0.029460,0.382499,0.053963,0.313063,0.042588,0.034713,0.038523
0.033400,0.032449,0.031029,0.025079,0.347274,0.056681,0.373361,0.025080,0.049194,0.026453
0.020609,0.033342,0.073598,0.066344,0.323851,0.064232,0.324426,0.027498,0.023089,0.043009
0.047944,0.107288,0.051424,0.153471,0.053872,0.042732,0.118117,0.147451,0.104884,0.172817
0.050737,0.054440,0.099879,0.095123,0.072360,0.067181,0.348214,0.064468,0.053874,0.093724
0.027481,0.190957,0.198152,0.044922,0.020612,0.126506,0.225276,0.021811,0.116000,0.028283
0.036697,0.225485,0.267059,0.063632,0.056143,0.076103,0.126766,0.033328,0.036765,0.078023
0.066956,0.237941,0.044549,0.124931,0.091800,0.150470,0.092914,0.050781,0.065471,0.074186
0.039229,0.230741,0.026988,0.109491,0.054023,0.268355,0.100866,0.065651,0.045027,0.059628
0.081862,0.264515,0.188645,0.104545,0.043800,0.072717,0.092927,0.041399,0.044236,0.065355
0.029222,0.120728,0.061008,0.166781,0.066279,0.154342,0.175123,0.029459,0.045194,0.151864
0.025807,0.067552,0.477291,0.066023,0.029035,0.084499,0.063973,0.053175,0.072149,0.060496
0.159368,0.250623,0.069723,0.104953,0.070470,0.110870,0.099417,0.026702,0.070213,0.037660
0.030563,0.131354,0.364292,0.059860,0.077851,0.143256,0.071252,0.040741,0.024306,0.056525
0.031018,0.163000,0.102369,0.124337,0.067116,0.128111,0.192344,0.076712,0.051635,0.063358
0.033403,0.093696,0.082110,0.061937,0.051418,0.076623,0.404249,0.057543,0.094894,0.044128
0.026978,0.073434,0.500678,0.049964,0.151041,0.062486,0.028816,0.073707,0.010974,0.021923
0.082693,0.110826,0.103024,0.127263,0.062430,0.137752,0.104409,0.109784,0.062906,0.098916
0.049858,0.079625,0.075449,0.097237,0.037185,0.040085,0.356537,0.075156,0.129520,0.059348
0.035262,0.136014,0.033778,0.028179,0.483193,0.082971,0.033654,0.023435,0.112792,0.030722
0.037260,0.273794,0.170917,0.012619,0.208526,0.023999,0.216279,0.014471,0.019491,0.022643
0.029283,0.163601,0.078712,0.121648,0.044881,0.131580,0.147588,0.071555,0.037058,0.174094
0.025913,0.068815,0.046257,0.066902,0.362788,0.044555,0.299910,0.024061,0.031215,0.029584
0.031697,0.059269,0.120453,0.124230,0.084763,0.037033,0.318968,0.072201,0.075290,0.076096
0.028178,0.179995,0.060909,0.138637,0.050009,0.135828,0.113852,0.067123,0.123643,0.101827
0.032553,0.122780,0.061597,0.086351,0.114226,0.234286,0.167564,0.088072,0.052107,0.040464
0.077829,0.090034,0.097865,0.131173,0.241151,0.075498,0.114132,0.061087,0.064589,0.046642
0.017310,0.044585,0.486967,0.025314,0.237753,0.093601,0.023729,0.009817,0.024861,0.036063
0.028898,0.081453,0.610851,0.056130,0.040987,0.061074,0.042162,0.020121,0.011061,0.047263
0.025854,0.033983,0.052561,0.024298,0.280997,0.201179,0.248618,0.038177,0.019992,0.074343
0.039418,0.072933,0.497887,0.051849,0.063401,0.070020,0.065817,0.040753,0.045767,0.052155
0.078748,0.053115,0.079180,0.070212,0.355079,0.071515,0.092778,0.062429,0.036065,0.100878
0.028526,0.060517,0.465692,0.012764,0.222446,0.096816,0.036909,0.030991,0.026463,0.018876
0.063818,0.382359,0.034932,0.019393,0.022533,0.015653,0.400146,0.027922,0.019213,0.014032
0.020770,0.450354,0.035579,0.022651,0.016256,0.028251,0.340646,0.029014,0.016096,0.040382
0.055163,0.124579,0.103847,0.139212,0.096687,0.041801,0.122458,0.149992,0.076553,0.089709
0.034649,0.126580,0.119491,0.112359,0.096957,0.047710,0.108758,0.092737,0.138188,0.122572
0.105983,0.121130,0.094263,0.122247,0.087252,0.154228,0.120786,0.023488,0.071556,0.099067
0.061660,0.073507,0.083805,0.099867,0.252006,0.131964,0.143893,0.045661,0.035292,0.072345
0.017404,0.226773,0.022954,0.020851,0.367360,0.050249,0.237388,0.016785,0.016903,0.023333
0.034578,0.212668,0.022464,0.108817,0.117533,0.130917,0.104668,0.131211,0.044980,0.092163
0.024458,0.109470,0.499979,0.066703,0.021104,0.065493,0.054220,0.058367,0.052392,0.047814
0.068610,0.136003,0.062777,0.089253,0.063538,0.049828,0.253210,0.030687,0.059017,0.187078
0.013040,0.013531,0.507269,0.020392,0.246715,0.109685,0.036741,0.015971,0.015526,0.021130
0.045990,0.085546,0.229113,0.074572,0.158360,0.053321,0.194298,0.038997,0.052758,0.067045
0.071930,0.081950,0.089685,0.038642,0.049737,0.071454,0.389775,0.063091,0.077598,0.066136
0.061339,0.114537,0.098303,0.114389,0.192135,0.066910,0.113453,0.083761,0.060633,0.094541
0.036838,0.039115,0.067732,0.065874,0.485801,0.093184,0.054351,0.028502,0.095636,0.032967
0.014999,0.033394,0.687048,0.034461,0.022603,0.060413,0.069909,0.020649,0.021521,0.035003
0.074607,0.057716,0.288712,0.097392,0.057456,0.076641,0.119393,0.066873,0.065305,0.095905
0.049225,0.090182,0.094725,0.060953,0.051581,0.074104,0.391372,0.045881,0.064662,0.077316
0.040784,0.048684,0.060762,0.055995,0.427677,0.065247,0.085927,0.041768,0.058515,0.114641
0.057989,0.325122,0.078554,0.089485,0.076976,0.045981,0.110096,0.065853,0.084136,0.065807
0.065424,0.126593,0.109207,0.101566,0.103266,0.111167,0.108333,0.113129,0.092163,0.069154
0.036570,0.190530,0.088774,0.145524,0.076439,0.056012,0.127883,0.118985,0.067796,0.091486
0.061219,0.090936,0.143945,0.103387,0.086818,0.050709,0.251261,0.029263,0.094975,0.087485
0.026327,0.049411,0.049807,0.153758,0.084784,0.038939,0.453224,0.050093,0.059981,0.033676
0.031700,0.098050,0.042158,0.068954,0.380145,0.163158,0.067209,0.069318,0.038211,0.041097
0.041357,0.065725,0.267674,0.109615,0.080001,0.084043,0.184780,0.075227,0.030837,0.060741
0.098133,0.320067,0.025896,0.041622,0.018621,0.030249,0.345749,0.025813,0.062760,0.031090
0.037964,0.193447,0.156709,0.031964,0.038794,0.063944,0.040691,0.061004,0.306690,0.068792
0.027002,0.098203,0.466017,0.076505,0.035481,0.096897,0.099182,0.035255,0.036301,0.029160
0.055889,0.111515,0.085665,0.056404,0.105849,0.276995,0.135926,0.062021,0.065977,0.043758
0.064326,0.084771,0.108359,0.115961,0.099244,0.144649,0.135982,0.083677,0.081227,0.081803
0.070142,0.206622,0.079137,0.153260,0.130078,0.050847,0.103108,0.084025,0.059846,0.062935
0.040461,0.092615,0.035700,0.147542,0.078558,0.217280,0.148018,0.077230,0.061412,0.101184
0.068236,0.115921,0.056249,0.041080,0.411323,0.065332,0.105718,0.071248,0.023691,0.041202
0.031554,0.038735,0.063818,0.053467,0.326253,0.170498,0.154051,0.051142,0.049140,0.061343
0.061769,0.056803,0.440813,0.020694,0.044705,0.104608,0.077049,0.036054,0.050357,0.107147
0.049460,0.080625,0.072675,0.142321,0.061339,0.180247,0.165730,0.136077,0.041347,0.070179
0.028788,0.065228,0.407000,0.065793,0.041025,0.094362,0.103804,0.064933,0.096442,0.032624
0.047013,0.085612,0.095384,0.059249,0.076179,0.099417,0.341207,0.033940,0.077765,0.084233
0.026409,0.062288,0.423737,0.024004,0.253423,0.059721,0.057766,0.020148,0.045149,0.027356
0.040633,0.120150,0.096154,0.132189,0.070904,0.154487,0.109676,0.077036,0.100884,0.097886
0.054203,0.292478,0.105357,0.034761,0.051142,0.062523,0.317804,0.033399,0.022366,0.025968
0.111652,0.077472,0.254986,0.096035,0.091072,0.086163,0.100752,0.070826,0.049760,0.061282
0.086217,0.111470,0.107740,0.121876,0.104877,0.100088,0.089336,0.085211,0.088988,0.104195
0.047454,0.068642,0.106724,0.066312,0.072801,0.078808,0.348158,0.060699,0.057890,0.092511
0.048250,0.105888,0.031584,0.098251,0.135714,0.161027,0.128929,0.082700,0.134572,0.073085
0.093889,0.062584,0.074425,0.055210,0.072926,0.105515,0.368734,0.065493,0.038623,0.062602
0.033246,0.056952,0.026548,0.114253,0.068008,0.265296,0.234433,0.107760,0.042660,0.050847
0.077700,0.084138,0.247561,0.107229,0.066122,0.077734,0.091452,0.067690,0.102038,0.078337
0.054439,0.084376,0.298618,0.092669,0.064129,0.087935,0.118436,0.077103,0.061382,0.060913
0.025253,0.293679,0.058016,0.059160,0.347117,0.058792,0.047466,0.043519,0.034590,0.032408
0.028355,0.159976,0.335979,0.059293,0.065891,0.094507,0.075381,0.064728,0.043680,0.072211
0.060328,0.140359,0.099390,0.087836,0.154268,0.096231,0.107507,0.081609,0.075692,0.096779
0.100615,0.135484,0.107000,0.112594,0.071894,0.115036,0.107334,0.078363,0.078342,0.093338
0.040824,0.404874,0.033503,0.018609,0.012014,0.019805,0.395918,0.026530,0.018572,0.029352
0.033916,0.049114,0.600624,0.048994,0.023242,0.058058,0.060725,0.045854,0.030914,0.048560
0.038334,0.121890,0.102534,0.073776,0.117200,0.118559,0.122360,0.081773,0.097608,0.125966
0.078367,0.083741,0.282225,0.106550,0.064392,0.076848,0.103245,0.064958,0.054417,0.085257
0.040371,0.098128,0.436704,0.021549,0.057010,0.080528,0.066479,0.065981,0.069340,0.063908
0.096098,0.121374,0.080343,0.128945,0.082734,0.118993,0.140462,0.023433,0.062210,0.145408
0.035325,0.043679,0.105140,0.095749,0.242788,0.262966,0.068970,0.049283,0.052379,0.043721
0.088902,0.082331,0.067108,0.129416,0.061745,0.109652,0.187419,0.026344,0.172949,0.074133
0.058403,0.127335,0.024209,0.113423,0.072227,0.198945,0.201186,0.094750,0.053363,0.056157
0.061774,0.212454,0.050733,0.138503,0.092599,0.057024,0.105406,0.042240,0.045789,0.193478
0.028450,0.423401,0.037883,0.041053,0.020211,0.042266,0.305869,0.021944,0.059932,0.018990
0.067087,0.063422,0.048060,0.147188,0.058996,0.132067,0.105333,0.033722,0.200181,0.143945
0.048457,0.099544,0.357338,0.061942,0.025498,0.105020,0.101734,0.037357,0.113213,0.049899
0.035497,0.151523,0.249300,0.029059,0.076133,0.174228,0.058679,0.044534,0.057943,0.123104
0.031454,0.191404,0.036402,0.157792,0.104400,0.049592,0.145226,0.150483,0.054952,0.078295
0.024507,0.161917,0.062213,0.116661,0.110427,0.218334,0.157375,0.059051,0.029311,0.060204
0.067099,0.126535,0.092533,0.124245,0.064497,0.104331,0.109373,0.100928,0.096721,0.113737
0.037002,0.149011,0.375434,0.056830,0.032984,0.147958,0.076499,0.040112,0.033187,0.050983
0.063334,0.324719,0.089019,0.102788,0.049537,0.075647,0.082541,0.096986,0.066048,0.049382
0.016750,0.027162,0.040269,0.029760,0.454931,0.106848,0.217219,0.054363,0.032742,0.019958
0.017058,0.074218,0.340536,0.032541,0.318526,0.041914,0.094831,0.025702,0.033000,0.021675
0.031914,0.091364,0.042057,0.115695,0.070475,0.222517,0.213348,0.108082,0.032361,0.072187
0.066507,0.229905,0.220178,0.031696,0.099784,0.070887,0.060676,0.056918,0.052447,0.111001
0.072747,0.092723,0.079938,0.103944,0.059486,0.142625,0.120507,0.079641,0.141333,0.107055
0.041063,0.224782,0.057684,0.155843,0.063147,0.051985,0.147624,0.058259,0.064383,0.135229
0.074122,0.058705,0.046648,0.090088,0.050371,0.071554,0.069199,0.060763,0.365865,0.112686
0.079186,0.087373,0.082552,0.088757,0.059340,0.083088,0.327759,0.033524,0.052867,0.105554
0.038319,0.046422,0.049981,0.069963,0.053878,0.054774,0.334396,0.043706,0.264131,0.044430
0.094800,0.131795,0.063725,0.096374,0.060670,0.201149,0.084899,0.032414,0.049899,0.184274
0.055491,0.102915,0.184008,0.057400,0.074983,0.128051,0.243694,0.049487,0.044242,0.059729
0.085252,0.108940,0.055013,0.153318,0.076537,0.155672,0.168992,0.028609,0.059011,0.108655
0.038395,0.305124,0.028640,0.059479,0.102856,0.113149,0.191680,0.045415,0.051289,0.063972
0.072932,0.065168,0.315190,0.109617,0.082882,0.073563,0.152580,0.026285,0.043907,0.057875
0.070847,0.289434,0.093200,0.079590,0.056604,0.092049,0.071715,0.075527,0.065130,0.105903
0.061636,0.124320,0.112034,0.127566,0.076649,0.157979,0.115815,0.082721,0.045961,0.095320
0.027458,0.410093,0.048509,0.016469,0.031970,0.034600,0.338438,0.033473,0.032263,0.026728
0.067266,0.245574,0.030572,0.121544,0.071382,0.114796,0.183322,0.055865,0.035993,0.073688
0.086941,0.116842,0.112505,0.111992,0.081807,0.113297,0.107433,0.111416,0.078892,0.078875
0.023875,0.396350,0.044738,0.054623,0.031422,0.035574,0.342864,0.019901,0.030885,0.019768
0.043704,0.118917,0.089756,0.162291,0.097895,0.041244,0.134925,0.144315,0.077330,0.089623
0.059967,0.299763,0.090528,0.080202,0.038583,0.080483,0.080186,0.072524,0.090694,0.107070
0.084737,0.086116,0.082232,0.072748,0.053007,0.073992,0.351933,0.074459,0.042593,0.078184
0.040920,0.380640,0.033643,0.042724,0.011725,0.015220,0.403293,0.031406,0.019226,0.021203
0.076396,0.137093,0.026805,0.135146,0.099316,0.126780,0.156315,0.140300,0.035658,0.066191
0.030608,0.162755,0.079151,0.111136,0.064943,0.144635,0.210721,0.023210,0.056344,0.116495
0.036328,0.080822,0.306911,0.049756,0.034062,0.143291,0.081930,0.035439,0.155850,0.075609
0.064390,0.055278,0.088395,0.097202,0.220336,0.100836,0.153971,0.047813,0.113662,0.058118
0.134619,0.118398,0.096297,0.101994,0.068037,0.087309,0.101135,0.072954,0.140377,0.078881
0.086966,0.108550,0.246803,0.095370,0.090212,0.121347,0.113787,0.046804,0.041561,0.048601
0.031832,0.056168,0.558662,0.048891,0.061764,0.066501,0.068512,0.031794,0.042639,0.033238
0.094381,0.119059,0.287910,0.088039,0.066438,0.084978,0.088215,0.057597,0.063216,0.050167
0.025951,0.032206,0.038095,0.031123,0.415242,0.097098,0.057171,0.028501,0.245617,0.028997
0.039738,0.142173,0.058937,0.203591,0.106513,0.049270,0.166017,0.111924,0.057766,0.064071
0.074375,0.126462,0.062823,0.133084,0.306828,0.076931,0.080810,0.042743,0.048231,0.047713
0.070138,0.137554,0.103438,0.077092,0.133939,0.045197,0.159112,0.094456,0.082874,0.096200
0.030229,0.078242,0.068586,0.057956,0.249794,0.138411,0.211072,0.056357,0.024463,0.084889
0.025914,0.247825,0.043538,0.037671,0.469637,0.074240,0.026718,0.038328,0.014618,0.021513
0.075731,0.066007,0.096669,0.098048,0.045050,0.123663,0.297372,0.064726,0.047936,0.084799
0.062371,0.075540,0.056011,0.166986,0.127890,0.051980,0.173885,0.139568,0.032908,0.112862
0.039857,0.079952,0.034630,0.039534,0.308645,0.065958,0.302271,0.068179,0.021648,0.039325
0.045982,0.097785,0.033221,0.150777,0.079061,0.042246,0.248884,0.096407,0.090908,0.114728
0.061752,0.275535,0.106925,0.090317,0.074909,0.071903,0.072354,0.071420,0.062133,0.112753
0.077401,0.345230,0.077459,0.100146,0.043353,0.116344,0.072805,0.044963,0.075980,0.046319
0.044330,0.172980,0.245833,0.087112,0.026999,0.168649,0.094986,0.043230,0.057428,0.058453
0.050269,0.064468,0.096166,0.104194,0.042702,0.074985,0.379002,0.056484,0.042958,0.088771
0.026322,0.140632,0.406549,0.066646,0.031827,0.093180,0.095619,0.044776,0.040682,0.053767
0.029012,0.162465,0.030116,0.066435,0.052463,0.128471,0.270647,0.094801,0.057212,0.108378
0.145488,0.159555,0.179329,0.057781,0.074459,0.124001,0.102562,0.055341,0.052923,0.048561
0.104561,0.099266,0.097213,0.100836,0.076659,0.113743,0.105402,0.021017,0.126934,0.154369
0.012653,0.140554,0.046272,0.015597,0.538769,0.076240,0.034302,0.013862,0.102773,0.018978
0.055974,0.067674,0.107723,0.066943,0.051146,0.080515,0.369017,0.065170,0.042244,0.093594
0.073874,0.099634,0.273388,0.075439,0.056168,0.151929,0.099012,0.069204,0.042646,0.058704
0.052904,0.264680,0.070497,0.069267,0.021869,0.116400,0.227965,0.041122,0.088724,0.046572
0.018222,0.107695,0.249369,0.033834,0.064433,0.179225,0.040495,0.038144,0.239732,0.028850
0.020377,0.110743,0.085136,0.089896,0.265710,0.147074,0.138819,0.035205,0.073611,0.033428
0.023856,0.044691,0.038259,0.063142,0.499062,0.082999,0.063398,0.063294,0.038641,0.082657
0.012626,0.051650,0.590128,0.027403,0.117839,0.055990,0.077742,0.010057,0.022726,0.033840
0.050480,0.133298,0.095972,0.121000,0.073367,0.140554,0.128302,0.108559,0.071108,0.077360
0.075423,0.124578,0.094695,0.106362,0.059147,0.129527,0.133383,0.110611,0.078934,0.087339
0.082632,0.102458,0.082858,0.095642,0.123103,0.181650,0.119590,0.089095,0.071209,0.051763
0.070576,0.107397,0.303477,0.072494,0.107409,0.121305,0.068374,0.031561,0.069967,0.047440
0.026422,0.021429,0.270973,0.051920,0.161817,0.156883,0.211763,0.016830,0.054360,0.027602
0.053084,0.139849,0.073275,0.136825,0.077862,0.156403,0.118545,0.074601,0.075784,0.093773
0.031702,0.127375,0.033549,0.095406,0.091856,0.138983,0.252721,0.095840,0.057879,0.074689
0.036508,0.071568,0.023653,0.164638,0.090626,0.246407,0.120356,0.103445,0.055667,0.087132
0.052455,0.164333,0.245520,0.096003,0.087103,0.124387,0.073243,0.058300,0.044540,0.054115
0.057777,0.118112,0.109392,0.095382,0.107370,0.122811,0.134925,0.091011,0.074421,0.088800
0.017239,0.033521,0.437904,0.024645,0.310087,0.095714,0.033930,0.018637,0.011442,0.016881
0.065214,0.325494,0.073611,0.078802,0.043424,0.123358,0.062292,0.059367,0.087411,0.081027
0.032929,0.052714,0.076980,0.068343,0.048468,0.104368,0.382434,0.059388,0.111128,0.063246
0.020600,0.201877,0.288688,0.033630,0.227004,0.046206,0.082238,0.039501,0.027796,0.032460
0.042978,0.121298,0.088313,0.122022,0.091766,0.050745,0.199951,0.152546,0.035886,0.094493
0.103394,0.132177,0.083474,0.124857,0.059650,0.049069,0.266538,0.059732,0.041861,0.079250
0.060944,0.111433,0.043338,0.049917,0.265287,0.263256,0.057920,0.047342,0.037230,0.063334
0.027712,0.158627,0.382227,0.038880,0.056714,0.112576,0.085664,0.050609,0.029611,0.057379
0.051900,0.140892,0.076477,0.097297,0.094466,0.160820,0.120403,0.095444,0.076058,0.086242
0.055445,0.129726,0.109488,0.111145,0.080517,0.157054,0.110173,0.070672,0.078700,0.097081
0.038934,0.115341,0.108375,0.116107,0.073354,0.113554,0.105729,0.106912,0.144782,0.076912
0.059198,0.283708,0.181189,0.034939,0.083723,0.074899,0.064712,0.067835,0.067694,0.082103
0.033007,0.153445,0.038233,0.155455,0.109703,0.054527,0.273088,0.051892,0.048577,0.082074
0.081818,0.136572,0.080051,0.104575,0.084002,0.121394,0.102494,0.116494,0.069288,0.103312
0.037244,0.108957,0.483565,0.062410,0.017539,0.109034,0.047408,0.031072,0.046460,0.056310
0.038007,0.107804,0.081346,0.140137,0.089954,0.113249,0.116604,0.131389,0.079441,0.102070
0.042681,0.215737,0.264808,0.049092,0.062516,0.060217,0.083826,0.077161,0.060708,0.083254
0.054382,0.054793,0.231266,0.058684,0.074600,0.142336,0.149809,0.048443,0.057331,0.128355
0.035874,0.133547,0.323942,0.065269,0.037963,0.135696,0.097655,0.043770,0.046607,0.079677
0.074298,0.200300,0.034394,0.119755,0.090648,0.149909,0.114393,0.027187,0.056723,0.132391
0.061033,0.186990,0.037762,0.064176,0.056914,0.144908,0.184920,0.138250,0.054962,0.070084
0.053911,0.283210,0.100671,0.112789,0.096449,0.055500,0.088774,0.067924,0.070165,0.070608
0.047873,0.090282,0.121992,0.115941,0.055837,0.035373,0.332427,0.067748,0.054921,0.077607
0.031572,0.351036,0.045601,0.021959,0.020360,0.030012,0.344895,0.023896,0.113998,0.016670
0.077909,0.270745,0.106631,0.116776,0.067373,0.045001,0.074749,0.105885,0.054522,0.080409
0.057406,0.131623,0.077273,0.108508,0.096797,0.164321,0.105046,0.073363,0.080776,0.104887
0.059783,0.107898,0.135939,0.142681,0.107179,0.075302,0.143734,0.028194,0.094128,0.105162
0.064657,0.134904,0.108388,0.092370,0.078740,0.110043,0.105050,0.120760,0.070432,0.114656
0.096182,0.096330,0.083455,0.106349,0.109034,0.054153,0.118681,0.084108,0.143883,0.107825
0.028628,0.188542,0.062196,0.160313,0.066617,0.177689,0.147101,0.068064,0.031546,0.069305
0.069740,0.069417,0.044547,0.093544,0.050337,0.077076,0.113422,0.052409,0.361534,0.067973
0.043516,0.048250,0.393439,0.063033,0.210970,0.055843,0.044038,0.046102,0.060093,0.034717
0.030598,0.160459,0.027184,0.075900,0.080458,0.230506,0.181236,0.107475,0.044182,0.062001
0.021654,0.036751,0.508680,0.045699,0.140210,0.070471,0.046318,0.037591,0.054855,0.037770
0.053368,0.083649,0.053755,0.070829,0.059221,0.156285,0.126640,0.036193,0.303152,0.056907
0.032961,0.084789,0.465284,0.029118,0.043708,0.071391,0.113362,0.085036,0.039264,0.035088
0.028875,0.382869,0.071530,0.105413,0.078385,0.037758,0.056406,0.051353,0.072623,0.114787
0.031226,0.068526,0.049574,0.037915,0.514596,0.096436,0.044304,0.044398,0.054892,0.058132
0.027965,0.145070,0.069931,0.092964,0.075713,0.049208,0.218635,0.208855,0.078143,0.033516
0.056363,0.046733,0.057443,0.041751,0.425119,0.124174,0.062053,0.061963,0.045233,0.079168
0.083709,0.090443,0.237181,0.107941,0.055085,0.094064,0.100172,0.071355,0.080140,0.079910
0.103445,0.094693,0.121037,0.140467,0.084862,0.041667,0.127655,0.135864,0.039110,0.111201
0.065198,0.118293,0.059119,0.176521,0.124527,0.062535,0.209667,0.037363,0.068957,0.077821
0.039441,0.103969,0.133929,0.087683,0.092423,0.130138,0.177924,0.105507,0.074829,0.054158
0.020723,0.234666,0.051812,0.051859,0.316473,0.113171,0.065490,0.041075,0.028004,0.076727
0.042281,0.137438,0.043111,0.170325,0.079222,0.185056,0.164928,0.034932,0.051515,0.091193
0.074648,0.126603,0.076998,0.116958,0.079370,0.098564,0.096778,0.080260,0.114481,0.135340
0.030401,0.157813,0.036322,0.135168,0.073230,0.211834,0.120232,0.123854,0.049640,0.061505
0.040941,0.133905,0.037008,0.052138,0.085195,0.055340,0.281105,0.152108,0.103256,0.059004
0.030573,0.294991,0.065909,0.063302,0.248808,0.112778,0.098190,0.030359,0.028577,0.026513
0.048452,0.220593,0.235205,0.046231,0.017454,0.080144,0.224856,0.034532,0.028078,0.064454
0.055118,0.157258,0.132725,0.080234,0.098967,0.040677,0.128916,0.111985,0.072784,0.121336
0.055701,0.078134,0.082737,0.071041,0.047690,0.109717,0.325934,0.049399,0.079814,0.099835
0.075098,0.296048,0.085141,0.056988,0.059492,0.089426,0.099258,0.082845,0.058307,0.097398
0.128006,0.114318,0.188471,0.038876,0.044923,0.075939,0.160480,0.048617,0.082002,0.118368
0.091334,0.071164,0.218651,0.100420,0.080830,0.085637,0.152848,0.059394,0.078021,0.061700
0.052508,0.071406,0.322054,0.080872,0.143786,0.095351,0.069299,0.046265,0.054487,0.063975
0.044580,0.026170,0.401569,0.041114,0.175632,0.149114,0.090283,0.018986,0.016020,0.036531
0.050209,0.148186,0.051007,0.132806,0.054184,0.129020,0.191310,0.028191,0.071765,0.143322
0.054457,0.051542,0.090317,0.078491,0.053524,0.058564,0.389876,0.043396,0.101241,0.078592
0.084780,0.405768,0.035685,0.033863,0.017218,0.035058,0.336688,0.019917,0.013160,0.017863
0.022499,0.227823,0.086377,0.073592,0.299782,0.055939,0.054516,0.089324,0.030495,0.059653
0.042648,0.214605,0.045972,0.087846,0.156775,0.053155,0.147675,0.126201,0.053689,0.071433
0.049907,0.144812,0.118649,0.086679,0.074498,0.056429,0.236466,0.076487,0.065217,0.090856
0.053997,0.097055,0.078390,0.118718,0.071229,0.172645,0.140283,0.153483,0.040970,0.073229
0.072992,0.095968,0.033422,0.159272,0.154900,0.144244,0.150967,0.061174,0.045339,0.081723
0.032669,0.070987,0.376013,0.027017,0.161483,0.071120,0.068921,0.076000,0.040334,0.075456
0.030149,0.399033,0.058467,0.052117,0.021856,0.023919,0.344815,0.025149,0.016008,0.028488
0.063903,0.281125,0.102947,0.086031,0.109995,0.084104,0.098686,0.032266,0.055218,0.085724
0.041842,0.043716,0.301323,0.077113,0.063183,0.183310,0.125516,0.062442,0.051812,0.049742
0.078278,0.067877,0.102154,0.079201,0.055119,0.131806,0.240369,0.081854,0.073654,0.089688
0.061969,0.048686,0.420052,0.055073,0.051341,0.073862,0.142545,0.033137,0.051693,0.061642
0.035153,0.205893,0.041485,0.131514,0.126774,0.053990,0.123235,0.121024,0.075992,0.084939
0.059650,0.076461,0.079108,0.107198,0.044273,0.039732,0.316553,0.059436,0.149295,0.068294
0.107379,0.155739,0.033909,0.118697,0.112558,0.042467,0.102019,0.184589,0.059202,0.083442
0.067065,0.071171,0.065173,0.062364,0.066644,0.089016,0.376307,0.071049,0.059635,0.071575
0.084588,0.370415,0.072997,0.083038,0.064049,0.097858,0.060462,0.045733,0.084290,0.036571
0.034409,0.043349,0.079510,0.044537,0.325363,0.180842,0.129301,0.029447,0.025190,0.108050
0.101857,0.054475,0.283173,0.087622,0.077922,0.068063,0.130226,0.029155,0.055233,0.112275
0.037152,0.103081,0.035950,0.134840,0.111653,0.173166,0.158548,0.098548,0.075601,0.071461
0.102751,0.086861,0.031498,0.177700,0.057092,0.195444,0.140736,0.055922,0.056337,0.095658
0.042574,0.235632,0.067513,0.130937,0.061686,0.053223,0.124935,0.189033,0.049858,0.044610
0.131657,0.050212,0.171749,0.085434,0.061769,0.094604,0.209696,0.061631,0.094794,0.038455
0.016537,0.086276,0.609808,0.027587,0.015430,0.067852,0.066809,0.056160,0.023632,0.029910
0.049071,0.229477,0.052940,0.028450,0.459610,0.056216,0.038876,0.040510,0.022946,0.021903
0.080382,0.106165,0.376199,0.061000,0.051592,0.132626,0.088043,0.037497,0.024349,0.042146
0.104548,0.088518,0.031044,0.181833,0.061721,0.147543,0.139270,0.166998,0.038805,0.039721
0.047114,0.075552,0.090708,0.099693,0.207630,0.087798,0.150042,0.083371,0.029130,0.128962
0.068674,0.072547,0.258299,0.104901,0.080562,0.115918,0.093990,0.053705,0.044535,0.106868
0.016268,0.021667,0.083878,0.035036,0.389920,0.130650,0.181692,0.024868,0.089337,0.026684
0.057364,0.096961,0.097365,0.098694,0.055147,0.118081,0.278487,0.045930,0.044614,0.107356
0.022392,0.317272,0.036304,0.018309,0.365894,0.095237,0.049252,0.020944,0.018168,0.056229
0.049238,0.110345,0.136523,0.112320,0.136212,0.048198,0.131732,0.135496,0.050588,0.089349
0.102464,0.161250,0.080320,0.137916,0.092852,0.059035,0.121980,0.109061,0.040409,0.094714
0.038906,0.137688,0.087759,0.090591,0.109182,0.120010,0.136588,0.119722,0.048148,0.111407
0.027380,0.044848,0.268313,0.048095,0.205082,0.132577,0.172639,0.038008,0.031298,0.031760
0.028767,0.351852,0.013761,0.033583,0.059385,0.073324,0.350001,0.039306,0.019748,0.030274
0.060961,0.153340,0.113427,0.076651,0.081363,0.127109,0.157536,0.089020,0.042133,0.098461
0.057918,0.168455,0.031525,0.100693,0.057029,0.136137,0.220839,0.085389,0.030190,0.111826
0.034776,0.063713,0.062717,0.076612,0.381242,0.100372,0.105633,0.052160,0.033659,0.089115
0.106884,0.105795,0.040388,0.130635,0.126940,0.048925,0.171574,0.158402,0.042345,0.068112
0.031892,0.016548,0.045232,0.028237,0.423714,0.066960,0.100217,0.023911,0.249533,0.013756
0.146240,0.187106,0.045131,0.038610,0.025654,0.072989,0.062115,0.048566,0.335127,0.038462
0.051894,0.032670,0.319476,0.060862,0.106267,0.178461,0.089378,0.050149,0.027975,0.082867
0.067514,0.170013,0.056084,0.104293,0.164879,0.057996,0.126601,0.081361,0.113802,0.057457
0.052892,0.104583,0.133890,0.150213,0.092669,0.069440,0.147851,0.097637,0.051897,0.098929
0.036613,0.158529,0.028769,0.088617,0.072300,0.200475,0.094297,0.050240,0.114157,0.156004
0.078076,0.074030,0.209881,0.103417,0.041130,0.078064,0.220256,0.046388,0.046548,0.102209
0.103318,0.106691,0.090962,0.078316,0.095837,0.131925,0.132453,0.023890,0.097935,0.138673
0.051328,0.115068,0.333647,0.094114,0.057675,0.121246,0.080392,0.041405,0.042914,0.062211
0.053087,0.054933,0.463932,0.087914,0.030863,0.071188,0.111286,0.034680,0.034427,0.057688
0.135389,0.303438,0.082936,0.063979,0.039271,0.090342,0.042424,0.057672,0.126825,0.057724
0.027574,0.299716,0.027832,0.044667,0.028814,0.074092,0.340904,0.081052,0.042401,0.032949
0.021316,0.414926,0.042933,0.039092,0.033015,0.028247,0.369220,0.022985,0.012775,0.015493
0.036169,0.154204,0.294850,0.093867,0.040031,0.094102,0.085688,0.064887,0.051715,0.084487
0.091804,0.107302,0.118285,0.139803,0.102540,0.066249,0.123715,0.086226,0.067595,0.096481
0.025449,0.135071,0.434743,0.061976,0.020408,0.071616,0.060884,0.048927,0.085900,0.055028
0.066737,0.171479,0.216254,0.097290,0.072548,0.111780,0.112076,0.062140,0.035173,0.054525
0.018056,0.318540,0.030727,0.029906,0.192901,0.020312,0.317628,0.021126,0.012272,0.038533
0.061716,0.253833,0.073441,0.096775,0.113210,0.063045,0.091272,0.108685,0.066281,0.071743
0.034084,0.207779,0.027579,0.133298,0.053549,0.185563,0.091872,0.073264,0.047625,0.145386
0.050867,0.065793,0.245095,0.102750,0.077270,0.078104,0.098078,0.059856,0.132407,0.089779
0.039158,0.210456,0.287226,0.045285,0.178340,0.060736,0.058984,0.035475,0.041862,0.042478
0.059901,0.361345,0.085506,0.045877,0.060982,0.048643,0.119807,0.061357,0.057461,0.099121
0.030604,0.172472,0.035298,0.108517,0.042143,0.254119,0.140587,0.105140,0.055314,0.055806
0.035562,0.128139,0.052335,0.034805,0.517533,0.088531,0.057459,0.025081,0.029474,0.031081
0.060642,0.120536,0.049436,0.082977,0.311869,0.081400,0.072113,0.081666,0.084568,0.054792
0.056998,0.218613,0.220577,0.015641,0.072885,0.148744,0.174107,0.019472,0.045555,0.027406
0.032037,0.053165,0.351784,0.109599,0.066234,0.090524,0.128882,0.056482,0.053143,0.058150
0.034146,0.165910,0.053291,0.152114,0.046231,0.130128,0.176068,0.027632,0.143705,0.070776
0.034150,0.066187,0.387322,0.107606,0.086862,0.078775,0.086652,0.044501,0.048592,0.059353
0.077637,0.083493,0.276898,0.064874,0.082328,0.125997,0.108240,0.036922,0.053778,0.089834
0.174193,0.104723,0.061707,0.109104,0.095809,0.165338,0.108048,0.021230,0.112812,0.047035
0.080789,0.066934,0.049557,0.086067,0.045422,0.103672,0.076358,0.044505,0.340739,0.105956
0.042791,0.062779,0.081470,0.076463,0.046865,0.066645,0.346865,0.058491,0.119042,0.098589
