0.035259,0.020158,0.176890,0.061062,0.309330,0.141318,0.067893,0.063492,0.055075,0.069522
0.087158,0.072330,0.081986,0.112521,0.119559,0.120187,0.114472,0.124380,0.074998,0.092409
0.038857,0.068664,0.050891,0.159149,0.157606,0.117782,0.199786,0.073557,0.075976,0.057731
0.102600,0.104353,0.084813,0.100768,0.098521,0.107419,0.094220,0.110322,0.096844,0.100141
0.087386,0.079317,0.129445,0.112872,0.096284,0.108297,0.117614,0.064019,0.077986,0.126781
0.088311,0.040152,0.116355,0.142140,0.122150,0.139117,0.037995,0.126574,0.103750,0.083457
0.023872,0.017685,0.200377,0.018479,0.529628,0.038626,0.023116,0.022298,0.103431,0.022489
0.078308,0.107370,0.173071,0.097052,0.089477,0.084526,0.099552,0.099095,0.076830,0.094719
0.064646,0.083478,0.135570,0.077320,0.075306,0.089813,0.084881,0.071191,0.247354,0.070440
0.063851,0.076460,0.063859,0.070677,0.075159,0.354023,0.072513,0.073077,0.078679,0.071703
0.016312,0.021731,0.347951,0.016172,0.457046,0.013885,0.022329,0.065813,0.017658,0.021103
0.046130,0.049151,0.042649,0.050939,0.073191,0.412094,0.054041,0.047933,0.173504,0.050367
0.105192,0.030150,0.060372,0.114124,0.175646,0.221019,0.035065,0.099230,0.084106,0.075097
0.071741,0.098375,0.246711,0.083702,0.081069,0.091919,0.083023,0.075541,0.076031,0.091886
0.107540,0.095070,0.089978,0.097456,0.099921,0.110917,0.090632,0.101042,0.112002,0.095441
0.070265,0.102735,0.083299,0.097219,0.126267,0.098600,0.110635,0.107880,0.110599,0.092500
0.078565,0.092697,0.085308,0.097192,0.132755,0.109284,0.106987,0.116120,0.075750,0.105342
0.061173,0.054256,0.060094,0.073661,0.091928,0.347004,0.076989,0.080384,0.082522,0.071988
0.058699,0.071084,0.053970,0.075094,0.133483,0.312505,0.069557,0.080181,0.074221,0.071206
0.068544,0.056027,0.064812,0.079951,0.101025,0.328863,0.081752,0.070071,0.065375,0.083579
0.099897,0.055025,0.160481,0.101651,0.107179,0.108632,0.060434,0.108364,0.098779,0.099558
0.090938,0.092952,0.115208,0.104276,0.100035,0.107919,0.106196,0.091251,0.090602,0.100623
0.078248,0.106683,0.128176,0.094714,0.090713,0.099625,0.135048,0.091997,0.083968,0.090828
0.013893,0.014078,0.366879,0.013625,0.479460,0.013613,0.018946,0.047441,0.014016,0.018049
0.073620,0.102433,0.060660,0.092123,0.079390,0.242607,0.105713,0.090846,0.068640,0.083966
0.058735,0.065743,0.052480,0.068800,0.063498,0.391720,0.068674,0.108992,0.056125,0.065234
0.079974,0.105801,0.079535,0.103521,0.104498,0.103499,0.097358,0.119573,0.095833,0.110408
0.064901,0.047380,0.172754,0.048805,0.410621,0.053632,0.049691,0.046367,0.049243,0.056607
0.047642,0.083519,0.178638,0.098532,0.083203,0.101291,0.098728,0.073734,0.161483,0.073231
0.069456,0.046331,0.095659,0.110996,0.105198,0.254379,0.057141,0.066543,0.088396,0.105901
0.018293,0.009389,0.213022,0.018709,0.084021,0.556353,0.009842,0.049458,0.019911,0.021002
0.011290,0.015091,0.410432,0.014906,0.478795,0.012071,0.017435,0.011423,0.011978,0.016579
0.072889,0.118961,0.176505,0.088029,0.083478,0.093332,0.094214,0.104842,0.077384,0.090367
0.071352,0.077744,0.074204,0.076326,0.076144,0.301551,0.081722,0.087104,0.073461,0.080393
0.007885,0.006331,0.215541,0.003958,0.735775,0.005297,0.004695,0.004816,0.010640,0.005062
0.076310,0.095431,0.088504,0.105534,0.130818,0.115672,0.129505,0.081727,0.071599,0.104900
0.066219,0.073919,0.071969,0.077429,0.113177,0.265985,0.083187,0.092454,0.071338,0.084324
0.088877,0.089449,0.090290,0.090303,0.088949,0.197512,0.094191,0.087400,0.086129,0.086899
0.059615,0.044225,0.505906,0.055944,0.054854,0.046705,0.055800,0.040226,0.059640,0.077085
0.107600,0.094646,0.092780,0.110617,0.107610,0.101658,0.101341,0.099234,0.085635,0.098879
0.081418,0.089616,0.234161,0.080426,0.079375,0.085481,0.091462,0.082706,0.089638,0.085716
0.002534,0.003435,0.038190,0.002668,0.003415,0.002739,0.003912,0.021565,0.918515,0.003029
0.093394,0.094654,0.073793,0.094749,0.092521,0.107454,0.092152,0.178341,0.089254,0.083688
0.025877,0.013784,0.506518,0.011427,0.369856,0.014865,0.018740,0.014031,0.012388,0.012515
0.077295,0.088329,0.085126,0.105208,0.092353,0.168857,0.089277,0.100774,0.086069,0.106712
0.042564,0.034442,0.280046,0.046554,0.312473,0.034578,0.037631,0.091341,0.036819,0.083552
0.093616,0.081959,0.078464,0.111400,0.109843,0.102767,0.113210,0.123355,0.075448,0.109938
0.022490,0.026564,0.055908,0.023872,0.756945,0.020964,0.028551,0.022575,0.020330,0.021801
0.103159,0.092115,0.086541,0.096057,0.143420,0.104186,0.094731,0.083727,0.102939,0.093124
0.061027,0.080110,0.197085,0.080933,0.065413,0.094114,0.083761,0.199502,0.065508,0.072547
0.048560,0.020119,0.171540,0.061118,0.193070,0.315857,0.019196,0.067778,0.046384,0.056379
0.081360,0.101326,0.082059,0.103338,0.148011,0.111696,0.076835,0.114936,0.076964,0.103474
0.121991,0.089021,0.152355,0.092067,0.089370,0.087954,0.099991,0.083598,0.083957,0.099696
0.088228,0.070548,0.268038,0.073821,0.071883,0.088188,0.081873,0.064111,0.097908,0.095403
0.099703,0.087057,0.143146,0.088645,0.134950,0.100433,0.096899,0.077645,0.078556,0.092966
0.100003,0.092772,0.092108,0.099573,0.108191,0.100885,0.100900,0.107545,0.095356,0.102668
0.070555,0.093221,0.095407,0.112336,0.104375,0.097774,0.102089,0.116449,0.091883,0.115910
0.082218,0.072568,0.072873,0.100085,0.100021,0.213922,0.093533,0.106724,0.070412,0.087644
0.074898,0.032139,0.224852,0.082340,0.161175,0.085069,0.030663,0.074022,0.175332,0.059511
0.048401,0.052731,0.237133,0.056438,0.313947,0.055218,0.059459,0.043898,0.071049,0.061725
0.061665,0.055399,0.401969,0.076502,0.054269,0.078239,0.081068,0.076104,0.050553,0.064232
0.083722,0.087360,0.164037,0.103514,0.099868,0.093293,0.090591,0.084289,0.092509,0.100817
0.091261,0.105606,0.090066,0.100473,0.097195,0.115976,0.102159,0.093201,0.101225,0.102837
0.103725,0.097387,0.093871,0.098621,0.099004,0.096457,0.096507,0.105161,0.098358,0.110908
0.084726,0.101186,0.083293,0.108345,0.106285,0.099726,0.096162,0.114996,0.094119,0.111163
0.089649,0.094964,0.090421,0.108991,0.104353,0.108701,0.103279,0.111242,0.095497,0.092903
0.009560,0.017653,0.066025,0.018792,0.476840,0.302186,0.018231,0.013196,0.063881,0.013636
0.070932,0.070705,0.059982,0.066839,0.065176,0.385995,0.069866,0.068824,0.075646,0.066035
0.087519,0.063374,0.380932,0.063538,0.065318,0.079130,0.073040,0.066498,0.059079,0.061572
0.064377,0.031782,0.060374,0.106393,0.128932,0.326622,0.038085,0.079849,0.076947,0.086639
0.059470,0.068137,0.057725,0.070294,0.069182,0.272260,0.073643,0.071427,0.188279,0.069584
0.102105,0.093032,0.074966,0.112745,0.138128,0.108355,0.063788,0.117532,0.086747,0.102603
0.001071,0.003092,0.496987,0.001387,0.105512,0.368312,0.008162,0.005427,0.001630,0.008419
0.038539,0.051645,0.110068,0.128425,0.109654,0.188227,0.149917,0.055177,0.048516,0.119832
0.012520,0.006607,0.249008,0.025830,0.122500,0.503040,0.006697,0.041228,0.015579,0.016991
0.077333,0.110083,0.082386,0.104175,0.097924,0.112440,0.102976,0.132461,0.085688,0.094535
0.087558,0.083208,0.079918,0.116358,0.109805,0.117160,0.106769,0.110223,0.094363,0.094638
0.019374,0.045411,0.342079,0.030759,0.438653,0.026936,0.014404,0.021692,0.025416,0.035277
0.088534,0.088384,0.080620,0.104692,0.133112,0.119971,0.109103,0.084262,0.080352,0.110969
0.061083,0.045512,0.245037,0.084617,0.203045,0.079654,0.036078,0.095774,0.070507,0.078692
0.086768,0.081047,0.079654,0.087813,0.086929,0.216992,0.056558,0.074919,0.150603,0.078717
0.087145,0.090885,0.076508,0.105490,0.152932,0.106417,0.086848,0.099363,0.101409,0.093004
0.080291,0.080016,0.155791,0.080862,0.178390,0.095981,0.084343,0.074635,0.078032,0.091659
0.082957,0.082244,0.161940,0.087727,0.089594,0.107847,0.115242,0.084540,0.091925,0.095983
0.071876,0.090891,0.268615,0.080721,0.067759,0.076177,0.084925,0.080651,0.078048,0.100337
0.080040,0.082388,0.077934,0.088241,0.089676,0.104937,0.083083,0.211381,0.077557,0.104763
0.099493,0.105444,0.089357,0.098398,0.106407,0.113940,0.101313,0.096375,0.090367,0.098907
0.036603,0.044676,0.271587,0.039405,0.401721,0.029648,0.047134,0.020647,0.028560,0.080018
0.055938,0.041601,0.253225,0.036920,0.347332,0.041275,0.013472,0.037885,0.123869,0.048483
0.089435,0.094909,0.085515,0.097852,0.094752,0.105195,0.100272,0.094420,0.140335,0.097315
0.015117,0.006710,0.563410,0.016001,0.312153,0.017550,0.028249,0.012326,0.013632,0.014852
0.087017,0.092951,0.143422,0.091140,0.095333,0.102818,0.101498,0.090805,0.094488,0.100528
0.007401,0.008642,0.477477,0.004147,0.004217,0.471819,0.009118,0.004516,0.004709,0.007956
0.090046,0.098832,0.090937,0.100954,0.105879,0.114788,0.095438,0.107955,0.094283,0.100888
0.048494,0.084684,0.504474,0.044517,0.046476,0.046853,0.059539,0.051930,0.069036,0.043997
0.081760,0.107860,0.125063,0.100763,0.092620,0.103899,0.095387,0.101878,0.086199,0.104571
0.057857,0.059066,0.051394,0.059020,0.081983,0.413578,0.063152,0.095465,0.053642,0.064844
0.084530,0.091394,0.092354,0.114373,0.101736,0.112216,0.103539,0.116828,0.081626,0.101402
0.072121,0.108023,0.095188,0.112108,0.107916,0.103253,0.115557,0.094413,0.088553,0.102868
0.091370,0.096111,0.091773,0.100911,0.099588,0.110746,0.102609,0.115688,0.094205,0.096999
0.050898,0.051585,0.051000,0.055325,0.223191,0.333930,0.059865,0.063144,0.056110,0.054953
0.114764,0.100569,0.080452,0.099423,0.127129,0.104136,0.096872,0.086165,0.083721,0.106770
0.099088,0.104756,0.090166,0.099916,0.102318,0.100700,0.100695,0.111739,0.087636,0.102986
0.054604,0.103461,0.151925,0.068229,0.290832,0.078095,0.070824,0.054601,0.065395,0.062032
0.063807,0.036069,0.065280,0.117086,0.112523,0.255043,0.031070,0.103906,0.102100,0.113117
0.071212,0.077001,0.073900,0.081142,0.114600,0.272118,0.078841,0.074783,0.074254,0.082148
0.009168,0.011271,0.168286,0.008230,0.006732,0.749285,0.008809,0.006583,0.020001,0.011634
0.080235,0.123927,0.101673,0.104914,0.102358,0.111420,0.104590,0.102655,0.070805,0.097423
0.089177,0.094132,0.121631,0.095160,0.098249,0.102548,0.110293,0.093244,0.103636,0.091931
0.059179,0.108666,0.081356,0.118103,0.105681,0.119499,0.143913,0.074717,0.089386,0.099502
0.085681,0.100310,0.086800,0.096584,0.135872,0.096993,0.091677,0.112972,0.095762,0.097349
0.088926,0.110229,0.103147,0.103897,0.107929,0.115067,0.078985,0.089136,0.094861,0.107823
0.112282,0.098652,0.087091,0.101153,0.095170,0.111598,0.099752,0.094317,0.098948,0.101038
0.064974,0.062110,0.054341,0.062437,0.098206,0.405776,0.064717,0.066488,0.057687,0.063265
0.074722,0.030516,0.186422,0.090416,0.281810,0.082143,0.028721,0.093501,0.058194,0.073556
0.007182,0.008338,0.166021,0.008077,0.116512,0.633309,0.010955,0.034360,0.007374,0.007873
0.082083,0.093413,0.084521,0.100375,0.143400,0.107212,0.089115,0.104260,0.083234,0.112387
0.074493,0.093969,0.180409,0.090233,0.079618,0.099786,0.111821,0.090639,0.077628,0.101404
0.023232,0.041266,0.128981,0.033347,0.537742,0.046576,0.013049,0.032312,0.103354,0.040141
0.076315,0.075340,0.072105,0.075258,0.135880,0.251228,0.083492,0.086567,0.067879,0.075936
0.076904,0.092462,0.073779,0.091791,0.083967,0.095518,0.094111,0.224750,0.080437,0.086280
0.087812,0.099767,0.072397,0.106402,0.118673,0.108407,0.069680,0.097724,0.147436,0.091702
0.010381,0.010398,0.087689,0.008462,0.008228,0.771071,0.008279,0.008677,0.075087,0.011729
0.127952,0.046289,0.076947,0.128114,0.129458,0.103302,0.044685,0.136130,0.073425,0.133699
0.063501,0.056664,0.214675,0.056649,0.055600,0.068726,0.070256,0.055091,0.304367,0.054470
0.007375,0.007083,0.332772,0.006646,0.451460,0.005344,0.002512,0.006253,0.167682,0.012874
0.065369,0.059665,0.445893,0.058007,0.053762,0.062406,0.060558,0.060877,0.066025,0.067437
0.014968,0.010373,0.221497,0.011116,0.008290,0.697358,0.009478,0.008989,0.008377,0.009556
0.068395,0.037652,0.271289,0.109653,0.095542,0.081190,0.039805,0.076420,0.118641,0.101412
0.061346,0.063428,0.074177,0.136253,0.117946,0.133319,0.057637,0.153788,0.072788,0.129319
0.008448,0.011842,0.044358,0.018401,0.688653,0.014076,0.016433,0.013999,0.166828,0.016963
0.005699,0.004624,0.042658,0.006265,0.005108,0.847221,0.007148,0.006330,0.069525,0.005422
0.062206,0.069581,0.413949,0.062624,0.057571,0.069310,0.071310,0.067257,0.061237,0.064955
0.111029,0.092436,0.083003,0.115066,0.100125,0.109088,0.102110,0.119931,0.061288,0.105924
0.085089,0.088677,0.089276,0.091796,0.136183,0.093092,0.090724,0.153795,0.077056,0.094312
0.060132,0.059416,0.237294,0.056794,0.312072,0.064253,0.022576,0.059383,0.046935,0.081144
0.078142,0.081720,0.255947,0.072453,0.210005,0.067775,0.024474,0.063256,0.055560,0.090666
0.051270,0.064277,0.143386,0.063043,0.415996,0.069459,0.022912,0.044427,0.070033,0.055197
0.070746,0.088616,0.058076,0.093928,0.079771,0.229418,0.105244,0.088609,0.085219,0.100374
0.088102,0.101517,0.078911,0.099910,0.106501,0.105387,0.102782,0.117884,0.096164,0.102843
0.014874,0.006945,0.323117,0.022777,0.017291,0.502906,0.008340,0.017605,0.065262,0.020884
0.046611,0.077460,0.340160,0.075465,0.067384,0.072705,0.077091,0.133696,0.048468,0.060960
0.076783,0.102971,0.171723,0.098672,0.092649,0.102644,0.107047,0.078411,0.081399,0.087701
0.074256,0.118596,0.140043,0.100522,0.088455,0.114504,0.107193,0.083825,0.080332,0.092275
0.083744,0.091558,0.213751,0.077921,0.073055,0.092839,0.082529,0.123058,0.081215,0.080331
0.051233,0.064354,0.417613,0.064513,0.044944,0.059907,0.065691,0.110236,0.044399,0.077111
0.003087,0.003142,0.070419,0.003808,0.002349,0.756385,0.003789,0.002726,0.151093,0.003203
0.081025,0.097255,0.071818,0.098784,0.135523,0.114789,0.103782,0.113150,0.088639,0.095235
0.088846,0.057502,0.530430,0.053013,0.041165,0.047984,0.056073,0.033773,0.038193,0.053020
0.062333,0.084587,0.117985,0.077358,0.075161,0.086985,0.080349,0.089046,0.236162,0.090033
0.096337,0.117306,0.085304,0.122863,0.114596,0.121222,0.061780,0.115270,0.070426,0.094896
0.011624,0.002132,0.543485,0.001943,0.129051,0.300032,0.002108,0.001447,0.001150,0.007028
0.094747,0.096328,0.090046,0.098059,0.099179,0.112590,0.096735,0.103217,0.108547,0.100551
0.081788,0.091584,0.072338,0.091652,0.097868,0.238955,0.053177,0.099674,0.081968,0.090996
0.013554,0.007688,0.120034,0.010995,0.327732,0.407512,0.017539,0.008393,0.076224,0.010330
0.028213,0.013792,0.535850,0.027372,0.238860,0.040104,0.013113,0.033680,0.030694,0.038321
0.078621,0.142664,0.154086,0.094726,0.078938,0.091463,0.098274,0.087356,0.079889,0.093983
0.040937,0.070830,0.266822,0.038471,0.336411,0.059772,0.017521,0.045142,0.049206,0.074888
0.083681,0.095383,0.072030,0.085575,0.094751,0.250586,0.064590,0.088631,0.069376,0.095397
0.101044,0.105808,0.123753,0.098410,0.093305,0.106649,0.094166,0.082224,0.100303,0.094340
0.083546,0.095490,0.116009,0.108670,0.098937,0.103812,0.113703,0.091031,0.081733,0.107069
0.052182,0.051594,0.040210,0.050960,0.076043,0.513953,0.054748,0.049663,0.052662,0.057986
0.000240,0.000414,0.259294,0.000477,0.468297,0.268377,0.000249,0.000148,0.000644,0.001859
0.001440,0.002600,0.652689,0.002271,0.000999,0.328709,0.001373,0.000886,0.000790,0.008244
0.047310,0.036951,0.368815,0.030317,0.367522,0.044874,0.011095,0.030871,0.024854,0.037389
0.006963,0.005854,0.048363,0.005436,0.005054,0.901528,0.006972,0.006351,0.007000,0.006479
0.037780,0.039380,0.232807,0.041902,0.420575,0.040875,0.048355,0.036892,0.034580,0.066852
0.000649,0.000566,0.124512,0.000241,0.534083,0.337997,0.000572,0.000333,0.000704,0.000342
0.051460,0.028555,0.071558,0.126075,0.133131,0.201006,0.034368,0.138918,0.099517,0.115412
0.093598,0.039034,0.078619,0.138568,0.131237,0.139693,0.033995,0.091982,0.126329,0.126944
0.071487,0.077159,0.072427,0.080813,0.076946,0.296213,0.082883,0.081546,0.080165,0.080361
0.072079,0.070198,0.068982,0.082928,0.115523,0.294032,0.077663,0.075197,0.069103,0.074294
0.076212,0.084394,0.078614,0.090635,0.088642,0.093090,0.089944,0.202690,0.102911,0.092867
0.020668,0.021940,0.053781,0.022851,0.773477,0.019527,0.026748,0.018816,0.022742,0.019450
0.031071,0.018723,0.205817,0.058075,0.183507,0.349599,0.014267,0.051533,0.041890,0.045517
0.076144,0.150960,0.104847,0.095959,0.091787,0.102560,0.087337,0.095646,0.099637,0.095123
0.004900,0.004984,0.391954,0.004361,0.002713,0.451763,0.003881,0.003312,0.123688,0.008444
0.070680,0.073400,0.069372,0.078697,0.069333,0.320660,0.085946,0.079840,0.068975,0.083097
0.000228,0.000166,0.177486,0.000186,0.390157,0.430687,0.000388,0.000230,0.000290,0.000182
0.050707,0.061110,0.138118,0.053293,0.431957,0.060827,0.052857,0.059637,0.044821,0.046673
0.084998,0.112157,0.091967,0.121420,0.111756,0.118921,0.074830,0.109519,0.071680,0.102751
0.060441,0.057762,0.051269,0.062122,0.097557,0.433141,0.062944,0.058264,0.060748,0.055752
0.019006,0.015440,0.268481,0.010145,0.284558,0.319233,0.008662,0.005325,0.061165,0.007986
0.001192,0.002537,0.689082,0.001286,0.001018,0.298480,0.002537,0.001084,0.001889,0.000895
0.090354,0.068735,0.209385,0.092648,0.075884,0.091248,0.092910,0.083140,0.093800,0.101896
0.078014,0.105725,0.084310,0.115779,0.103520,0.102090,0.111125,0.121785,0.072896,0.104756
0.019402,0.020916,0.167044,0.016630,0.681092,0.015505,0.023073,0.016436,0.017518,0.022384
0.071259,0.063238,0.061352,0.087513,0.086248,0.277288,0.088100,0.078881,0.099208,0.086912
0.088479,0.105459,0.090228,0.103592,0.102625,0.110665,0.093574,0.107323,0.082074,0.115983
0.073685,0.068661,0.053831,0.067060,0.062319,0.401263,0.069033,0.070350,0.064262,0.069536
0.074036,0.095008,0.085429,0.100163,0.091138,0.219464,0.100595,0.062628,0.080793,0.090745
0.038978,0.132235,0.057434,0.157579,0.204120,0.129475,0.088616,0.061418,0.070620,0.059525
0.017856,0.030229,0.183215,0.029208,0.601841,0.020880,0.026347,0.019847,0.043070,0.027507
0.080020,0.065795,0.356620,0.059978,0.064732,0.069723,0.088383,0.075623,0.073168,0.065958
0.067772,0.045546,0.114971,0.120818,0.132197,0.126518,0.048500,0.127020,0.098311,0.118348
0.005597,0.005851,0.084211,0.005800,0.015428,0.006175,0.005502,0.026066,0.833913,0.011457
0.004743,0.006792,0.179527,0.004568,0.004417,0.775336,0.003085,0.004453,0.012563,0.004516
0.090110,0.096842,0.125758,0.089757,0.097900,0.116929,0.093780,0.090987,0.094748,0.103189
0.091746,0.092136,0.088464,0.103226,0.103065,0.113900,0.104361,0.093781,0.109777,0.099545
0.067208,0.058855,0.068374,0.074950,0.083484,0.185554,0.091577,0.093772,0.180805,0.095421
0.067097,0.089741,0.103724,0.084661,0.074055,0.083161,0.087747,0.065089,0.241031,0.103695
0.012004,0.025371,0.168737,0.013797,0.485107,0.238134,0.024963,0.014654,0.004818,0.012415
0.028778,0.020334,0.290537,0.023784,0.504772,0.023690,0.028951,0.022118,0.024743,0.032293
0.005275,0.004544,0.129121,0.002571,0.003513,0.776183,0.004758,0.002928,0.065871,0.005235
0.091027,0.086824,0.123985,0.102561,0.092452,0.099277,0.105149,0.102299,0.095025,0.101403
0.004616,0.004345,0.083641,0.004289,0.003931,0.880079,0.005335,0.004418,0.005250,0.004096
0.066540,0.092556,0.072712,0.107599,0.189266,0.109125,0.111697,0.075118,0.079081,0.096306
0.002116,0.000403,0.556981,0.000936,0.200443,0.212239,0.001898,0.000611,0.016745,0.007629
0.101919,0.095573,0.089583,0.100248,0.102524,0.102148,0.101864,0.113634,0.088100,0.104408
0.056478,0.031649,0.207941,0.092223,0.246421,0.102390,0.040933,0.054347,0.081287,0.086332
0.096670,0.093309,0.149298,0.093593,0.090699,0.088866,0.086800,0.090795,0.109823,0.100147
0.101506,0.095867,0.094367,0.099402,0.102485,0.101430,0.105575,0.115960,0.088909,0.094499
0.081826,0.101117,0.077153,0.118355,0.142817,0.104925,0.077893,0.126084,0.072144,0.097687
0.090590,0.095168,0.139660,0.103401,0.094411,0.105424,0.092810,0.083184,0.095640,0.099712
0.073800,0.102596,0.078169,0.117249,0.105807,0.112940,0.097792,0.118321,0.090514,0.102811
0.075370,0.097224,0.171038,0.094258,0.091594,0.113272,0.079612,0.091131,0.084779,0.101722
0.063892,0.063355,0.128030,0.064116,0.060269,0.060602,0.060340,0.069046,0.365055,0.065296
0.038745,0.039368,0.294038,0.045765,0.040870,0.044500,0.049812,0.043262,0.365429,0.038210
0.046672,0.022635,0.416719,0.054767,0.251128,0.034796,0.036926,0.037643,0.036401,0.062312
0.049590,0.060496,0.460814,0.071361,0.063797,0.069998,0.056608,0.062191,0.053704,0.051439
0.061073,0.058974,0.046368,0.057341,0.099323,0.458642,0.058266,0.048940,0.056096,0.054977
0.096706,0.103441,0.090056,0.101038,0.120034,0.103707,0.095688,0.095127,0.093972,0.100231
0.065476,0.028316,0.070161,0.124249,0.108104,0.259886,0.029401,0.126802,0.100345,0.087260
0.004270,0.004021,0.508703,0.003882,0.002469,0.461595,0.003983,0.003965,0.004140,0.002972
0.096091,0.094729,0.090735,0.112207,0.102747,0.110906,0.094329,0.116791,0.084781,0.096685
0.092427,0.087716,0.188785,0.098197,0.083368,0.083843,0.095156,0.097067,0.085826,0.087615
0.005440,0.004811,0.060800,0.002334,0.003359,0.752848,0.004328,0.003858,0.156023,0.006200
0.081015,0.087769,0.086480,0.092833,0.092233,0.089299,0.093640,0.191704,0.090150,0.094877
0.017013,0.022540,0.073708,0.019529,0.762261,0.024077,0.018733,0.018196,0.021039,0.022904
0.018858,0.016604,0.140942,0.020678,0.017361,0.017695,0.023673,0.021545,0.701457,0.021188
0.081228,0.103000,0.141321,0.093150,0.094388,0.086420,0.126042,0.097399,0.077516,0.099538
0.065474,0.089897,0.133213,0.091695,0.087051,0.204327,0.106009,0.059939,0.063146,0.099248
0.081715,0.043915,0.071461,0.118303,0.126013,0.130463,0.041823,0.118267,0.150030,0.118009
0.019032,0.015766,0.084546,0.023007,0.015881,0.020127,0.019866,0.038108,0.737335,0.026330
0.008186,0.005201,0.138609,0.007658,0.005644,0.805154,0.009562,0.005029,0.008091,0.006867
0.058625,0.076302,0.350548,0.067845,0.070632,0.090132,0.085649,0.064220,0.057815,0.078232
0.040307,0.120421,0.041747,0.106398,0.100850,0.231218,0.102064,0.102746,0.058219,0.096030
0.076377,0.106720,0.138334,0.097134,0.095121,0.099330,0.108663,0.072928,0.107802,0.097590
0.090893,0.106387,0.090541,0.101218,0.104968,0.112500,0.095173,0.116263,0.084402,0.097654
0.089059,0.068428,0.518818,0.048893,0.039417,0.046655,0.044136,0.042926,0.047156,0.054509
0.105757,0.111635,0.083594,0.100581,0.107518,0.112239,0.096706,0.106597,0.090283,0.085089
0.019833,0.025966,0.158524,0.036887,0.183469,0.456114,0.010801,0.041054,0.017441,0.049912
0.004542,0.011183,0.411706,0.005716,0.533214,0.005177,0.003071,0.005325,0.009534,0.010531
0.075568,0.075684,0.296747,0.078592,0.072159,0.079572,0.083436,0.077187,0.091557,0.069499
0.075736,0.115967,0.143373,0.076299,0.168819,0.086827,0.094595,0.074572,0.072790,0.091021
0.110933,0.097875,0.086671,0.102069,0.101283,0.114348,0.101906,0.088814,0.099635,0.096467
0.046280,0.125135,0.052114,0.107808,0.086992,0.210870,0.129182,0.063951,0.076509,0.101159
0.007685,0.009796,0.006015,0.009342,0.011213,0.010144,0.010579,0.038081,0.886100,0.011045
0.102834,0.082339,0.067811,0.089659,0.170773,0.089888,0.123734,0.073656,0.109349,0.089956
0.064307,0.087500,0.053270,0.084249,0.162307,0.093885,0.040787,0.074173,0.254840,0.084680
0.051881,0.069904,0.404979,0.058287,0.051711,0.069947,0.064631,0.120588,0.044704,0.063369
0.062175,0.098639,0.139175,0.098983,0.087087,0.104380,0.126361,0.104421,0.087023,0.091757
0.075172,0.075437,0.284693,0.072448,0.062349,0.075097,0.078700,0.143853,0.063360,0.068892
0.064364,0.110671,0.111868,0.109300,0.100037,0.116130,0.112264,0.089482,0.089372,0.096511
0.060928,0.063968,0.307980,0.058421,0.061291,0.052821,0.070174,0.211987,0.047414,0.065015
0.095453,0.123909,0.076352,0.109531,0.127870,0.096882,0.101695,0.103141,0.074263,0.090903
0.085038,0.090674,0.086501,0.095861,0.143861,0.110572,0.089196,0.111242,0.092473,0.094582
0.133643,0.045499,0.086028,0.111372,0.131927,0.134933,0.042376,0.089394,0.095662,0.129166
0.087023,0.114266,0.190852,0.086150,0.086325,0.093531,0.091927,0.076618,0.070542,0.102766
0.080651,0.090013,0.089877,0.099005,0.134253,0.107353,0.087927,0.112115,0.087240,0.111566
0.125089,0.045624,0.078734,0.104694,0.133688,0.125844,0.040243,0.124109,0.093241,0.128734
0.084571,0.085090,0.086373,0.084843,0.085081,0.227549,0.085675,0.088272,0.081814,0.090732
0.101355,0.079488,0.073619,0.100071,0.125952,0.104031,0.091649,0.108330,0.118071,0.097434
0.071207,0.102014,0.080284,0.106587,0.105347,0.113606,0.076548,0.118612,0.119518,0.106277
0.066244,0.028818,0.073958,0.096129,0.111995,0.234507,0.034279,0.125823,0.103990,0.124257
0.101118,0.099565,0.086586,0.103664,0.101585,0.097351,0.111288,0.100292,0.097774,0.100777
0.099442,0.096462,0.158754,0.084897,0.074140,0.087118,0.093931,0.122135,0.081149,0.101972
0.002886,0.004474,0.124386,0.003143,0.002713,0.642745,0.001761,0.017907,0.193609,0.006376
0.028929,0.034252,0.073771,0.031788,0.687388,0.028638,0.034352,0.022111,0.029798,0.028972
0.095660,0.104814,0.088863,0.100734,0.097949,0.111706,0.101586,0.092872,0.100854,0.104962
0.050488,0.054180,0.246047,0.046920,0.347899,0.059492,0.053451,0.047961,0.042494,0.051068
0.007501,0.005605,0.121456,0.004221,0.003927,0.836539,0.004538,0.002894,0.005818,0.007501
0.097609,0.099056,0.162076,0.093348,0.089029,0.096460,0.088109,0.086133,0.096075,0.092105
0.004533,0.013126,0.085574,0.005526,0.173748,0.351382,0.019158,0.013527,0.328992,0.004433
0.049968,0.063947,0.055683,0.116215,0.106652,0.179974,0.133136,0.117700,0.078056,0.098669
0.009886,0.029345,0.070063,0.022605,0.672146,0.155297,0.019328,0.006813,0.007461,0.007056
0.079449,0.083818,0.078814,0.092617,0.087545,0.233413,0.088888,0.087094,0.082546,0.085817
0.032628,0.043166,0.114964,0.034900,0.616628,0.043904,0.015304,0.031867,0.027449,0.039190
0.024186,0.008153,0.332006,0.024102,0.156710,0.358891,0.034667,0.020604,0.014016,0.026665
0.074561,0.095255,0.086500,0.098254,0.128851,0.094176,0.099868,0.105462,0.113997,0.103076
0.064203,0.099224,0.047120,0.114600,0.105054,0.193039,0.134916,0.117092,0.029620,0.095131
0.051948,0.066927,0.204109,0.051233,0.399443,0.055736,0.022476,0.047890,0.035779,0.064458
0.056252,0.102422,0.055050,0.102376,0.099690,0.133084,0.079366,0.111397,0.162563,0.097799
0.106816,0.144593,0.074879,0.094853,0.100188,0.106397,0.097119,0.097140,0.085679,0.092336
0.082748,0.086682,0.081799,0.103005,0.111399,0.101917,0.099879,0.123751,0.086118,0.122703
0.047611,0.071746,0.354924,0.043015,0.038721,0.059040,0.059592,0.036716,0.245608,0.043027
0.069506,0.097278,0.084240,0.094030,0.107469,0.100628,0.112267,0.122071,0.117327,0.095183
0.049186,0.042284,0.657432,0.035374,0.026479,0.037881,0.044068,0.026935,0.038205,0.042156
0.061325,0.110777,0.086696,0.101201,0.100448,0.099976,0.149512,0.111982,0.074965,0.103117
0.049231,0.056435,0.191643,0.072617,0.252402,0.079978,0.066026,0.112024,0.046658,0.072986
0.084080,0.093349,0.086018,0.109339,0.101573,0.106366,0.103281,0.134322,0.083382,0.098290
0.007328,0.002967,0.288865,0.017510,0.134761,0.465975,0.026565,0.002466,0.047675,0.005887
0.106526,0.101927,0.078386,0.104041,0.104952,0.111672,0.113136,0.079122,0.117287,0.082951
0.098239,0.082713,0.152292,0.096453,0.074631,0.105669,0.092503,0.098532,0.103033,0.095935
0.074316,0.064761,0.181777,0.080887,0.104204,0.113727,0.058178,0.110389,0.081526,0.130235
0.001090,0.001114,0.090660,0.001759,0.012493,0.386643,0.002194,0.010857,0.492038,0.001152
0.004430,0.010181,0.033749,0.009802,0.860589,0.007806,0.009194,0.006770,0.048315,0.009163
0.006029,0.015883,0.076540,0.017204,0.393944,0.414493,0.015571,0.015319,0.008946,0.036072
0.002232,0.001848,0.653883,0.000511,0.161259,0.172203,0.001088,0.000164,0.001523,0.005290
0.090158,0.106440,0.088582,0.099091,0.095873,0.116315,0.102701,0.105182,0.096999,0.098658
0.102564,0.096203,0.080759,0.093626,0.144256,0.108825,0.097639,0.101094,0.076444,0.098589
0.102622,0.092257,0.078938,0.106088,0.141207,0.108804,0.095124,0.098149,0.087064,0.089748
0.043725,0.051887,0.162317,0.046520,0.325605,0.057866,0.038998,0.173599,0.043062,0.056420
0.006192,0.007241,0.263518,0.005398,0.077171,0.615556,0.003022,0.005272,0.009098,0.007531
0.090440,0.103803,0.099689,0.100649,0.098822,0.116668,0.100841,0.090533,0.093815,0.104739
0.069205,0.082568,0.154243,0.076944,0.074545,0.071724,0.080214,0.076977,0.224012,0.089569
0.089901,0.097680,0.109001,0.096028,0.108223,0.105663,0.108450,0.104981,0.091918,0.088155
0.055138,0.080212,0.127353,0.075148,0.281058,0.088348,0.080098,0.052732,0.076105,0.083808
0.088052,0.092478,0.087200,0.108083,0.134616,0.105132,0.098235,0.101187,0.092766,0.092250
0.000629,0.000444,0.303882,0.000394,0.210255,0.482628,0.000606,0.000460,0.000331,0.000372
0.079282,0.102956,0.075932,0.106026,0.130092,0.111177,0.109833,0.108337,0.072760,0.103605
0.098322,0.113241,0.091300,0.112451,0.118944,0.102484,0.068019,0.090345,0.098942,0.105951
0.013667,0.011717,0.360672,0.021440,0.440705,0.022496,0.028957,0.036629,0.046182,0.017534
0.067450,0.075481,0.076736,0.087319,0.074917,0.286329,0.081350,0.082517,0.078944,0.088957
0.069085,0.085578,0.062199,0.079970,0.077737,0.300354,0.080348,0.073581,0.080914,0.090234
0.032081,0.038245,0.200113,0.030493,0.537066,0.038119,0.037474,0.029288,0.026819,0.030302
0.062618,0.060717,0.525687,0.040393,0.048046,0.056861,0.062411,0.040747,0.045472,0.057048
0.087104,0.099857,0.096851,0.110321,0.104791,0.112880,0.091612,0.114876,0.089824,0.091883
0.091039,0.105179,0.089583,0.104074,0.105436,0.103706,0.102005,0.099290,0.098427,0.101261
0.086639,0.087157,0.086170,0.093031,0.137598,0.104571,0.094140,0.111390,0.088199,0.111104
0.047824,0.060896,0.238617,0.064373,0.228739,0.076736,0.075437,0.076694,0.062597,0.068087
0.041052,0.078134,0.068800,0.111949,0.100090,0.244075,0.117623,0.074849,0.051506,0.111921
0.088654,0.088704,0.093149,0.106412,0.145039,0.103151,0.094283,0.109726,0.078333,0.092549
0.001750,0.002440,0.190822,0.001816,0.000853,0.795709,0.001477,0.001412,0.001864,0.001856
0.100623,0.093134,0.094971,0.094607,0.137589,0.096475,0.098017,0.101702,0.088540,0.094342
0.074106,0.150028,0.159389,0.087068,0.085068,0.076912,0.090304,0.085229,0.085702,0.106194
0.049921,0.069780,0.218326,0.071910,0.070453,0.087352,0.090451,0.184954,0.080442,0.076411
0.047014,0.058571,0.342278,0.053826,0.044330,0.052539,0.056763,0.048349,0.246973,0.049357
0.090707,0.098103,0.154747,0.090840,0.085548,0.095109,0.087347,0.099992,0.085972,0.111634
0.081923,0.096583,0.146721,0.094740,0.091266,0.098305,0.109104,0.103955,0.083283,0.094120
0.067371,0.063927,0.071529,0.077827,0.112659,0.275706,0.080216,0.093726,0.073667,0.083372
0.080398,0.091370,0.082558,0.091978,0.096047,0.219452,0.070186,0.081042,0.097817,0.089151
0.092356,0.036384,0.081321,0.151911,0.152991,0.154212,0.043964,0.096594,0.046343,0.143925
0.066913,0.061672,0.066540,0.078380,0.110943,0.278107,0.090457,0.086949,0.072740,0.087299
0.089591,0.104425,0.080052,0.101033,0.136387,0.111382,0.092060,0.090310,0.097678,0.097082
0.073929,0.070246,0.069404,0.077338,0.072747,0.305169,0.080834,0.103380,0.073386,0.073567
0.082610,0.101607,0.089212,0.109998,0.136264,0.108038,0.089431,0.103568,0.088044,0.091229
0.070907,0.069538,0.060974,0.078853,0.111478,0.325636,0.074154,0.070109,0.070899,0.067453
0.072310,0.124349,0.099648,0.103707,0.101876,0.106967,0.116412,0.081033,0.093279,0.100420
0.008258,0.008011,0.005203,0.008481,0.009919,0.009173,0.010077,0.035989,0.896540,0.008350
0.005319,0.004443,0.312779,0.004434,0.650331,0.004595,0.004774,0.003941,0.005067,0.004317
0.070381,0.127519,0.189616,0.090385,0.083628,0.098195,0.087387,0.088389,0.076628,0.087872
0.000924,0.000620,0.054672,0.000683,0.365242,0.509627,0.000857,0.000594,0.065544,0.001237
0.010013,0.012918,0.007571,0.012603,0.015249,0.016051,0.014806,0.035949,0.859898,0.014942
0.024448,0.007432,0.490555,0.010987,0.004383,0.439609,0.002691,0.005040,0.008811,0.006044
0.079640,0.057608,0.063823,0.080604,0.088478,0.290805,0.098215,0.088610,0.062341,0.089876
0.015521,0.046487,0.159900,0.024126,0.238510,0.395951,0.026987,0.037554,0.023636,0.031328
0.045765,0.089358,0.108535,0.081910,0.081650,0.304504,0.062564,0.083901,0.070229,0.071583
0.029090,0.033458,0.139650,0.026355,0.244761,0.383276,0.034393,0.049857,0.024413,0.034749
0.094993,0.093345,0.146753,0.100446,0.091216,0.100273,0.089519,0.093671,0.093916,0.095868
0.071502,0.071292,0.066417,0.071204,0.068517,0.352118,0.073113,0.073506,0.079389,0.072943
0.063015,0.095865,0.050067,0.107505,0.093959,0.311652,0.116247,0.031101,0.059023,0.071567
0.092616,0.094149,0.091203,0.108391,0.144521,0.098367,0.099670,0.100583,0.084556,0.085944
0.018642,0.016312,0.391663,0.026489,0.405346,0.021474,0.039443,0.023993,0.023663,0.032973
0.077355,0.094320,0.121947,0.089890,0.087512,0.099419,0.088147,0.123860,0.104967,0.112582
0.095372,0.098591,0.074998,0.092220,0.095513,0.100237,0.095254,0.086383,0.166981,0.094452
0.076751,0.093009,0.249507,0.081617,0.079276,0.087617,0.088332,0.083545,0.072477,0.087869
0.042083,0.106925,0.084112,0.088403,0.092702,0.207271,0.057410,0.095503,0.143176,0.082414
0.045316,0.037249,0.294519,0.051969,0.322978,0.042970,0.057945,0.052141,0.044269,0.050645
0.060837,0.012243,0.211696,0.030123,0.026511,0.545738,0.011068,0.029975,0.024319,0.047489
0.081388,0.087789,0.082064,0.092371,0.084225,0.230482,0.083422,0.088117,0.088424,0.081719
0.082544,0.098370,0.084528,0.105849,0.102205,0.112115,0.106072,0.117139,0.088661,0.102517
0.074769,0.118621,0.084565,0.113189,0.108336,0.111618,0.101221,0.106723,0.083046,0.097912
0.079532,0.092650,0.149313,0.076763,0.078784,0.092090,0.084350,0.084624,0.173220,0.088673
0.084767,0.076527,0.167145,0.082468,0.142782,0.074566,0.075796,0.084470,0.124051,0.087427
0.054003,0.055606,0.277868,0.056240,0.265320,0.058857,0.057917,0.055704,0.064152,0.054333
0.003207,0.002882,0.242011,0.002739,0.193729,0.547639,0.001771,0.001863,0.001952,0.002208
0.062985,0.094428,0.291674,0.091153,0.073375,0.082301,0.066127,0.063046,0.072311,0.102599
0.092319,0.117666,0.082943,0.113692,0.121490,0.125103,0.059186,0.118446,0.071863,0.097291
0.063783,0.040980,0.080835,0.131585,0.137080,0.143593,0.035387,0.138776,0.130406,0.097576
0.023234,0.026977,0.119981,0.045808,0.550603,0.038073,0.047176,0.041228,0.031837,0.075084
0.053586,0.088336,0.085228,0.115760,0.108773,0.144195,0.127320,0.125293,0.059237,0.092271
0.069772,0.086027,0.070253,0.086259,0.080735,0.273633,0.071522,0.087260,0.095622,0.078918
0.080842,0.092791,0.105981,0.094646,0.081030,0.098139,0.086552,0.091585,0.174837,0.093598
0.088481,0.110336,0.066608,0.127402,0.109748,0.110165,0.118979,0.092292,0.072997,0.102990
0.027136,0.029833,0.307906,0.021652,0.433161,0.034441,0.031248,0.032385,0.042375,0.039862
0.078692,0.033488,0.070551,0.094007,0.130192,0.251017,0.035107,0.092521,0.109645,0.104781
0.057188,0.068086,0.064976,0.078258,0.168074,0.260812,0.072088,0.073442,0.081390,0.075685
0.099330,0.052281,0.490999,0.046623,0.048981,0.059888,0.054987,0.048318,0.043150,0.055442
0.084141,0.100072,0.086379,0.107816,0.128532,0.109302,0.100598,0.095278,0.087229,0.100655
0.010965,0.009851,0.098779,0.010284,0.009756,0.823043,0.006709,0.006736,0.010121,0.013757
0.038585,0.102036,0.045463,0.132721,0.121764,0.136303,0.133974,0.112187,0.070988,0.105978
0.069068,0.078993,0.061477,0.079251,0.081233,0.317327,0.077342,0.078603,0.073634,0.083071
0.101764,0.105434,0.060210,0.104958,0.098000,0.156905,0.107625,0.097605,0.090578,0.076921
0.076808,0.098800,0.099319,0.114384,0.107595,0.108678,0.111611,0.101583,0.083711,0.097511
0.081336,0.095913,0.085759,0.101407,0.107758,0.117730,0.104191,0.108951,0.074775,0.122180
0.030447,0.013538,0.066858,0.014139,0.815247,0.015301,0.013150,0.009767,0.007622,0.013930
0.072364,0.053442,0.146576,0.065601,0.068158,0.058802,0.080065,0.283466,0.088873,0.082654
0.055689,0.106810,0.049314,0.122647,0.114556,0.116069,0.118319,0.096252,0.105039,0.115304
0.104275,0.101557,0.091437,0.102634,0.093587,0.108679,0.106520,0.087075,0.080499,0.123737
0.044460,0.074841,0.056435,0.153277,0.112776,0.148328,0.143436,0.152209,0.052628,0.061609
0.080086,0.079960,0.134831,0.090483,0.091623,0.102239,0.078291,0.081353,0.167024,0.094112
0.005296,0.003809,0.522208,0.003806,0.001330,0.456346,0.000883,0.001858,0.001994,0.002469
0.026219,0.008682,0.077240,0.028283,0.285208,0.469848,0.036293,0.024938,0.015341,0.027948
0.006142,0.007195,0.138513,0.006241,0.004400,0.787680,0.003246,0.030363,0.004009,0.012211
0.108102,0.107911,0.083484,0.105308,0.100028,0.101100,0.106992,0.105708,0.089126,0.092241
0.014458,0.014759,0.051123,0.013128,0.822284,0.015791,0.017147,0.014963,0.018722,0.017626
0.092713,0.089160,0.184417,0.096278,0.084407,0.092300,0.087049,0.089375,0.082731,0.101571
0.008081,0.011594,0.084674,0.020280,0.520152,0.033417,0.006400,0.011810,0.284936,0.018655
0.108311,0.098264,0.074709,0.092681,0.095997,0.106310,0.109998,0.111256,0.107719,0.094754
0.048887,0.021742,0.294831,0.047500,0.289915,0.044408,0.088561,0.053097,0.045448,0.065612
0.070478,0.076845,0.072283,0.083577,0.077535,0.298754,0.076880,0.084194,0.078389,0.081064
0.058276,0.062939,0.048361,0.058936,0.082813,0.426596,0.058246,0.063847,0.080687,0.059298
0.106230,0.101350,0.082781,0.106521,0.098055,0.104973,0.100376,0.102707,0.102483,0.094524
0.011197,0.011874,0.298337,0.011736,0.609019,0.014744,0.005974,0.011122,0.011252,0.014744
0.070292,0.046518,0.108343,0.132632,0.116174,0.135682,0.044628,0.126914,0.087915,0.130902
0.077743,0.098248,0.082615,0.107102,0.150477,0.105896,0.095214,0.113239,0.079354,0.090112
0.084881,0.109239,0.096243,0.112357,0.102639,0.101083,0.121992,0.097424,0.071519,0.102623
0.012951,0.028264,0.186450,0.026908,0.618762,0.023014,0.029485,0.018122,0.013409,0.042633
0.095494,0.091112,0.072493,0.081246,0.093131,0.210545,0.104676,0.096490,0.072148,0.082665
0.023397,0.030150,0.065760,0.034937,0.136293,0.491228,0.004210,0.026970,0.164704,0.022352
0.015743,0.009364,0.011629,0.017408,0.014486,0.021438,0.018661,0.041239,0.832440,0.017591
0.031258,0.005971,0.146129,0.007852,0.085183,0.647432,0.010775,0.045765,0.006492,0.013143
0.056642,0.054360,0.049471,0.056024,0.085385,0.465795,0.060027,0.060076,0.053565,0.058656
0.068988,0.071187,0.069037,0.080586,0.097432,0.297443,0.074512,0.073788,0.084992,0.082036
0.087790,0.102485,0.153692,0.092160,0.087329,0.096805,0.100613,0.086689,0.091793,0.100644
0.082666,0.091902,0.140242,0.087578,0.088064,0.098621,0.115621,0.094683,0.108819,0.091805
0.082541,0.090505,0.093389,0.106353,0.092904,0.101101,0.092861,0.171516,0.082983,0.085847
0.103300,0.089255,0.274197,0.074112,0.072869,0.096077,0.075848,0.058367,0.076937,0.079040
0.006582,0.007686,0.058379,0.007177,0.005312,0.886624,0.009181,0.004644,0.008035,0.006379
0.082053,0.077970,0.083290,0.113671,0.116050,0.121770,0.123363,0.093739,0.072818,0.115278
0.071807,0.045161,0.152936,0.123293,0.104401,0.132533,0.051685,0.136185,0.080778,0.101222
0.107266,0.028483,0.071012,0.106767,0.100783,0.276004,0.031745,0.079482,0.099285,0.099172
0.060456,0.088742,0.339496,0.080547,0.070576,0.083420,0.068860,0.063204,0.070753,0.073945
0.072105,0.072962,0.066314,0.072571,0.095934,0.316726,0.075123,0.080224,0.072683,0.075357
0.004592,0.007018,0.123095,0.004930,0.003155,0.834737,0.005571,0.004442,0.005331,0.007130
0.103895,0.089957,0.225111,0.082555,0.077030,0.097044,0.092056,0.070013,0.078065,0.084275
0.076952,0.024429,0.245466,0.093481,0.127515,0.115184,0.023255,0.110463,0.082182,0.101073
0.072868,0.075531,0.074146,0.081741,0.097690,0.283292,0.082896,0.080842,0.072808,0.078187
0.082296,0.128805,0.178970,0.075970,0.087418,0.103348,0.084913,0.088256,0.076169,0.093855
0.119287,0.087106,0.180675,0.085051,0.082587,0.088879,0.090885,0.094157,0.090316,0.081056
0.034456,0.036649,0.213159,0.047179,0.434499,0.048892,0.044085,0.042721,0.053131,0.045228
0.075429,0.078697,0.065753,0.089799,0.087559,0.275476,0.093048,0.076356,0.077253,0.080630
0.061273,0.078901,0.193168,0.066714,0.054386,0.073422,0.068897,0.060321,0.280180,0.062737
0.019788,0.004834,0.244927,0.011757,0.301386,0.360081,0.034757,0.006750,0.007194,0.008526
0.018510,0.021790,0.124732,0.018619,0.721975,0.019482,0.017985,0.017974,0.018602,0.020331
0.014728,0.007065,0.297277,0.010045,0.080897,0.538001,0.008855,0.013880,0.012413,0.016840
0.071544,0.061846,0.468619,0.057303,0.057095,0.063428,0.042611,0.060690,0.051276,0.065588
0.063831,0.084057,0.297793,0.075606,0.072835,0.081559,0.064238,0.093988,0.073268,0.092825
0.084605,0.058552,0.500183,0.054037,0.046725,0.045206,0.049450,0.038662,0.054396,0.068184
0.071628,0.065078,0.193775,0.064419,0.062958,0.063203,0.065205,0.278712,0.076227,0.058797
0.091178,0.089701,0.083845,0.094011,0.092565,0.111558,0.096226,0.157590,0.082042,0.101284
0.005852,0.006185,0.003663,0.006938,0.007173,0.007720,0.006682,0.030044,0.918810,0.006933
0.093685,0.100745,0.081882,0.101222,0.100787,0.109587,0.058781,0.098960,0.152587,0.101763
