0.019886,0.382686,0.597429
0.375415,0.624585,0.000000
0.350343,0.621338,0.028318
0.997011,0.002989,0.000000
0.071874,0.312610,0.615516
0.000528,0.999454,0.000018
0.034100,0.341445,0.624455
0.594929,0.403042,0.002029
0.484611,0.392699,0.122690
0.990851,0.008714,0.000435
0.059342,0.123555,0.817103
0.972875,0.019882,0.007242
0.000898,0.989954,0.009148
0.512613,0.487359,0.000028
0.998490,0.001510,0.000000
0.314926,0.685042,0.000031
0.204238,0.795706,0.000056
0.175244,0.670573,0.154182
0.288810,0.634711,0.076480
0.486185,0.502730,0.011085
0.002699,0.996974,0.000326
0.992736,0.007264,0.000000
0.159368,0.671074,0.169558
0.046433,0.110089,0.843478
0.966748,0.032900,0.000351
0.306744,0.009899,0.683357
0.395468,0.604532,0.000000
0.951685,0.048315,0.000000
0.492699,0.398352,0.108949
0.001783,0.993302,0.004915
0.009417,0.788144,0.202440
0.048990,0.792915,0.158095
0.298317,0.264490,0.437193
0.996634,0.003360,0.000007
0.002317,0.007478,0.990206
0.085339,0.908047,0.006614
0.308959,0.627309,0.063732
0.998516,0.001484,0.000000
0.895851,0.103648,0.000502
0.996954,0.003046,0.000000
0.987501,0.012487,0.000011
0.000186,0.000438,0.999376
0.974142,0.025818,0.000041
0.048662,0.827708,0.123630
0.432409,0.567234,0.000357
0.104941,0.241588,0.653470
0.123856,0.876138,0.000005
0.051980,0.124973,0.823047
0.995045,0.004955,0.000000
0.092074,0.855283,0.052643
0.069319,0.653161,0.277520
0.386843,0.613156,0.000001
0.974938,0.025062,0.000000
0.991662,0.008213,0.000125
0.929643,0.070357,0.000000
0.997317,0.002683,0.000000
0.979246,0.020753,0.000000
0.370263,0.629366,0.000371
0.004568,0.984681,0.010751
0.906826,0.093168,0.000006
0.281973,0.714416,0.003611
0.537272,0.462717,0.000010
0.998590,0.001410,0.000000
0.992621,0.007378,0.000001
0.454499,0.545501,0.000000
0.994996,0.005004,0.000000
0.093173,0.331161,0.575666
0.995847,0.003637,0.000516
0.988834,0.011130,0.000036
0.004750,0.984149,0.011100
0.333200,0.558841,0.107958
0.220379,0.779612,0.000009
0.228865,0.564587,0.206548
0.308682,0.627431,0.063888
0.010580,0.843331,0.146089
0.130030,0.869164,0.000806
0.409922,0.590078,0.000000
0.044257,0.619303,0.336441
0.328341,0.671642,0.000018
0.003400,0.994361,0.002239
0.450201,0.542923,0.006876
0.985936,0.014064,0.000000
0.925922,0.074078,0.000000
0.417911,0.582064,0.000025
0.524687,0.475278,0.000035
0.970682,0.029299,0.000019
0.996516,0.003484,0.000000
0.095805,0.191908,0.712287
0.017404,0.424925,0.557671
0.987793,0.012207,0.000000
0.088095,0.586492,0.325413
0.983403,0.016595,0.000002
0.011640,0.016092,0.972268
0.995414,0.004586,0.000000
0.483321,0.489097,0.027582
0.992784,0.007214,0.000002
0.281745,0.010607,0.707648
0.994541,0.005459,0.000000
0.988201,0.011798,0.000001
0.993894,0.006106,0.000000
0.588834,0.050295,0.360871
0.387546,0.612453,0.000001
0.996942,0.003058,0.000000
0.334396,0.665413,0.000191
0.000900,0.998746,0.000354
0.980290,0.019589,0.000122
0.001250,0.002035,0.996715
0.714270,0.285730,0.000000
0.992905,0.007095,0.000000
0.100647,0.631611,0.267742
0.995512,0.004488,0.000000
0.565372,0.434628,0.000000
0.997073,0.002927,0.000000
0.959402,0.035660,0.004939
0.001958,0.987939,0.010103
0.019599,0.063409,0.916992
0.992888,0.007112,0.000000
0.663863,0.335067,0.001071
0.017313,0.215457,0.767231
0.242073,0.741292,0.016635
0.990653,0.009337,0.000010
0.142803,0.857029,0.000168
0.001263,0.003168,0.995569
0.001000,0.998980,0.000020
0.270543,0.139583,0.589874
0.131292,0.595435,0.273273
0.926215,0.073761,0.000025
0.002319,0.004526,0.993155
0.003594,0.988658,0.007749
0.004485,0.959751,0.035764
0.006896,0.034386,0.958718
0.000190,0.000033,0.999777
0.462210,0.531110,0.006680
0.333388,0.666612,0.000001
0.957390,0.042482,0.000129
0.015723,0.704173,0.280104
0.016630,0.885987,0.097383
0.012187,0.411142,0.576671
0.981242,0.018222,0.000536
0.237513,0.762486,0.000000
0.006555,0.938612,0.054833
0.091267,0.723054,0.185678
0.611758,0.384267,0.003976
0.492942,0.505225,0.001833
0.088926,0.834860,0.076214
0.843583,0.017753,0.138664
0.000272,0.000104,0.999624
0.230573,0.764742,0.004684
0.887068,0.112795,0.000137
0.386760,0.546856,0.066385
0.136492,0.863503,0.000005
0.073700,0.654019,0.272281
0.997269,0.002731,0.000000
0.412502,0.587304,0.000194
0.143950,0.420968,0.435083
0.026946,0.857291,0.115763
0.567794,0.431637,0.000569
0.045754,0.398378,0.555869
0.443993,0.553904,0.002103
0.991230,0.008770,0.000000
0.992247,0.007753,0.000001
0.986022,0.013856,0.000122
0.085275,0.169977,0.744748
0.024321,0.037581,0.938098
0.048808,0.562204,0.388988
0.000025,0.000003,0.999972
0.084546,0.192710,0.722744
0.074426,0.175038,0.750536
0.000673,0.998844,0.000483
0.000606,0.999386,0.000008
0.997561,0.002431,0.000008
0.961488,0.032781,0.005731
0.989753,0.010244,0.000002
0.000768,0.002767,0.996465
0.041386,0.838013,0.120600
0.712998,0.286077,0.000925
0.012754,0.017219,0.970026
0.112894,0.007625,0.879481
0.040725,0.082075,0.877201
0.241970,0.757185,0.000845
0.204666,0.795332,0.000002
0.970280,0.029170,0.000550
0.114329,0.401891,0.483780
0.022581,0.044172,0.933247
0.967191,0.032809,0.000000
0.168709,0.831287,0.000004
0.118315,0.278434,0.603252
0.305140,0.663780,0.031080
0.993226,0.006774,0.000000
0.989158,0.010079,0.000763
0.442729,0.487097,0.070174
0.051161,0.910849,0.037990
0.012244,0.058674,0.929082
0.269777,0.696247,0.033976
0.002975,0.997013,0.000012
0.005543,0.163580,0.830877
0.001446,0.002984,0.995571
0.985305,0.014695,0.000000
0.996593,0.003407,0.000000
0.069419,0.136843,0.793738
0.988038,0.009462,0.002500
0.097075,0.434848,0.468076
0.181345,0.521680,0.296975
0.001669,0.000596,0.997736
0.989584,0.010416,0.000000
0.000239,0.000063,0.999699
0.044353,0.932181,0.023465
0.079981,0.702333,0.217686
0.996407,0.003593,0.000000
0.001854,0.994718,0.003428
0.973516,0.026484,0.000000
0.997599,0.002401,0.000000
0.155504,0.844482,0.000014
0.995242,0.004758,0.000000
0.202302,0.797696,0.000002
0.681740,0.316373,0.001887
0.962369,0.037625,0.000006
0.288295,0.406475,0.305230
0.036563,0.903615,0.059822
0.382453,0.596093,0.021455
0.948364,0.050661,0.000975
0.995653,0.004347,0.000000
0.000605,0.999018,0.000377
0.004162,0.004397,0.991441
0.995847,0.004153,0.000000
0.972643,0.027357,0.000000
0.000538,0.000260,0.999202
0.994254,0.005745,0.000000
0.035514,0.062494,0.901992
0.000318,0.000022,0.999660
0.680091,0.315295,0.004614
0.264194,0.226417,0.509388
0.000936,0.998608,0.000457
0.000100,0.000012,0.999888
0.004196,0.005307,0.990497
0.329110,0.663083,0.007807
0.983506,0.012657,0.003837
0.985702,0.014296,0.000002
0.995606,0.004394,0.000000
0.427661,0.565699,0.006639
0.782102,0.217897,0.000000
0.149239,0.467764,0.382998
0.035924,0.502697,0.461378
0.987264,0.012628,0.000108
0.340314,0.659616,0.000070
0.997836,0.002164,0.000000
0.938963,0.058321,0.002716
0.001661,0.002362,0.995977
0.073578,0.917457,0.008966
0.016043,0.680966,0.302991
0.476538,0.208112,0.315350
0.184648,0.815244,0.000108
0.790684,0.026154,0.183161
0.376297,0.596389,0.027314
0.551197,0.203444,0.245359
0.474012,0.525686,0.000302
0.988237,0.011763,0.000000
0.000573,0.999402,0.000025
0.508939,0.486937,0.004123
0.987027,0.012973,0.000000
0.000522,0.999464,0.000014
0.996283,0.003714,0.000003
0.401431,0.598564,0.000005
0.379978,0.620022,0.000000
0.000890,0.998003,0.001107
0.991172,0.008826,0.000001
0.932148,0.037119,0.030733
0.010483,0.094522,0.894995
0.006012,0.024922,0.969066
0.997043,0.002957,0.000000
0.834716,0.165215,0.000070
0.000026,0.000004,0.999969
0.975864,0.024136,0.000000
0.166658,0.339989,0.493352
0.581031,0.267285,0.151684
0.000372,0.000976,0.998652
0.995138,0.004861,0.000001
0.007894,0.235630,0.756476
0.128431,0.716703,0.154866
0.364317,0.635671,0.000012
0.925111,0.067256,0.007633
0.042193,0.496789,0.461018
0.059376,0.078295,0.862329
0.636825,0.363174,0.000000
0.409145,0.590855,0.000000
0.245802,0.396892,0.357306
0.347050,0.652950,0.000000
0.792472,0.203751,0.003777
0.562300,0.437029,0.000671
0.058570,0.719103,0.222327
0.990362,0.009637,0.000001
0.316863,0.504839,0.178299
0.509864,0.490136,0.000000
0.960162,0.039838,0.000000
0.002526,0.994390,0.003083
0.018185,0.262147,0.719668
0.016298,0.039783,0.943918
0.043309,0.211341,0.745350
0.068811,0.207722,0.723467
0.997377,0.002623,0.000000
0.987433,0.012567,0.000000
0.990520,0.009480,0.000000
0.461091,0.231898,0.307011
0.064961,0.720493,0.214546
0.997363,0.002637,0.000000
0.305692,0.511645,0.182663
0.991390,0.008610,0.000001
0.380595,0.618653,0.000753
0.987199,0.012801,0.000000
0.077795,0.198571,0.723634
0.329358,0.670634,0.000007
0.302489,0.697511,0.000000
0.046114,0.527397,0.426489
0.985024,0.014849,0.000128
0.805479,0.194372,0.000149
0.012074,0.047038,0.940888
0.859749,0.140115,0.000135
0.994204,0.005796,0.000000
0.996479,0.003521,0.000000
0.980760,0.019240,0.000000
0.079986,0.845691,0.074323
0.582657,0.181072,0.236271
0.985290,0.014710,0.000000
0.008271,0.008616,0.983114
0.989582,0.010418,0.000000
0.495787,0.504209,0.000004
0.142969,0.728630,0.128401
0.726127,0.109431,0.164443
0.598647,0.028555,0.372798
0.679668,0.319609,0.000723
0.217348,0.754797,0.027855
0.580206,0.419309,0.000485
0.000703,0.998827,0.000470
0.323172,0.637820,0.039008
0.994697,0.005303,0.000000
0.987850,0.006027,0.006123
0.989121,0.010879,0.000000
0.967035,0.031877,0.001087
0.710996,0.288962,0.000042
0.001162,0.001497,0.997340
0.005868,0.011726,0.982407
0.816596,0.180468,0.002936
0.005204,0.005005,0.989790
0.002726,0.002682,0.994592
0.019955,0.111047,0.868999
0.228851,0.770085,0.001064
0.160704,0.431105,0.408191
0.224236,0.409420,0.366344
0.176358,0.376655,0.446987
0.987469,0.012531,0.000000
0.996609,0.003163,0.000228
0.553023,0.031010,0.415966
0.987513,0.012487,0.000000
0.032528,0.586622,0.380850
0.590500,0.019025,0.390475
0.995437,0.004563,0.000000
0.987875,0.012109,0.000016
0.047844,0.303370,0.648786
0.060807,0.537787,0.401406
0.007394,0.730230,0.262376
0.997278,0.002722,0.000000
0.387961,0.612039,0.000000
0.478568,0.521429,0.000002
0.403464,0.590679,0.005857
0.199805,0.741366,0.058829
0.945737,0.054262,0.000000
0.022373,0.107108,0.870519
0.284644,0.574363,0.140993
0.192336,0.807663,0.000001
0.000764,0.999232,0.000004
0.009286,0.225251,0.765463
0.246636,0.627315,0.126050
0.498135,0.480198,0.021667
0.968143,0.020186,0.011671
0.987296,0.012703,0.000000
0.747062,0.248898,0.004040
0.003165,0.980441,0.016394
0.076507,0.650132,0.273361
0.358839,0.622642,0.018519
0.515626,0.484367,0.000008
0.007712,0.009212,0.983076
0.505514,0.482447,0.012039
0.578593,0.419635,0.001771
0.740783,0.246784,0.012433
0.382418,0.617581,0.000000
0.206461,0.793539,0.000000
0.001728,0.007629,0.990643
0.563774,0.082355,0.353872
0.995271,0.004729,0.000000
0.992270,0.007730,0.000000
0.238325,0.525403,0.236272
0.380787,0.616870,0.002343
0.040976,0.145875,0.813150
0.067309,0.579176,0.353514
0.000689,0.004065,0.995246
0.994174,0.005825,0.000001
0.001597,0.003768,0.994635
0.971477,0.028523,0.000000
0.015372,0.234611,0.750017
0.540537,0.459463,0.000000
0.017667,0.526543,0.455790
0.971501,0.009903,0.018596
0.874993,0.020792,0.104215
0.994634,0.005366,0.000000
0.036442,0.429851,0.533707
0.000967,0.996222,0.002811
0.975755,0.024245,0.000000
0.761417,0.238497,0.000087
0.097804,0.267485,0.634711
0.904316,0.038395,0.057289
0.266591,0.253253,0.480156
0.002710,0.047108,0.950182
0.006755,0.035378,0.957867
0.438802,0.478052,0.083146
0.889747,0.028252,0.082001
0.995197,0.004799,0.000005
0.398474,0.601517,0.000010
0.986358,0.013639,0.000003
0.977551,0.022449,0.000000
0.000169,0.000027,0.999804
0.468442,0.531557,0.000000
0.001322,0.995616,0.003062
0.000556,0.998779,0.000665
0.519329,0.476977,0.003695
0.962709,0.036739,0.000552
0.000505,0.000493,0.999002
0.514309,0.485642,0.000048
0.004102,0.948224,0.047674
0.323564,0.642793,0.033644
0.789674,0.206397,0.003929
0.970022,0.029978,0.000000
0.131047,0.866934,0.002019
0.527610,0.472199,0.000191
0.539197,0.370611,0.090192
0.272860,0.516079,0.211062
0.010498,0.022387,0.967115
0.018815,0.832916,0.148269
0.458254,0.527751,0.013994
0.244605,0.451191,0.304204
0.848004,0.150399,0.001598
0.742831,0.159445,0.097725
0.984126,0.015861,0.000013
0.000794,0.000786,0.998420
0.219029,0.780967,0.000004
0.106854,0.210436,0.682710
0.949984,0.033810,0.016205
0.008466,0.987355,0.004179
0.171271,0.827963,0.000766
0.006446,0.958194,0.035360
0.409739,0.589107,0.001154
0.027057,0.683735,0.289207
0.985351,0.014649,0.000000
0.062139,0.669430,0.268431
0.166122,0.402022,0.431856
0.082197,0.697508,0.220295
0.403151,0.595828,0.001021
0.987950,0.012050,0.000000
0.908093,0.088419,0.003488
0.005157,0.026015,0.968827
0.634800,0.359093,0.006106
0.001195,0.014660,0.984144
0.218161,0.756654,0.025185
0.025619,0.679455,0.294927
0.916377,0.083586,0.000036
0.927455,0.068405,0.004139
0.508267,0.491732,0.000001
0.061298,0.675127,0.263575
0.522622,0.477359,0.000019
0.023978,0.890584,0.085438
0.987102,0.012898,0.000000
0.102171,0.626124,0.271705
0.157582,0.466886,0.375533
0.002174,0.990208,0.007618
0.015287,0.019561,0.965152
0.987264,0.012736,0.000000
0.080185,0.229895,0.689920
0.005690,0.005716,0.988594
0.951005,0.004642,0.044353
0.992518,0.007242,0.000240
0.233917,0.352777,0.413306
0.200497,0.787877,0.011626
0.255701,0.742922,0.001377
0.155207,0.294454,0.550339
0.349922,0.638373,0.011705
0.042116,0.498551,0.459333
0.373757,0.342426,0.283817
0.024661,0.448718,0.526621
0.995432,0.004568,0.000000
0.996729,0.003271,0.000000
0.292595,0.706912,0.000493
0.004830,0.039305,0.955865
0.007241,0.985084,0.007675
0.959052,0.040947,0.000000
0.629628,0.014100,0.356272
0.005542,0.977093,0.017364
0.997484,0.002516,0.000000
0.000249,0.000060,0.999691
0.044637,0.000683,0.954681
0.002083,0.969334,0.028582
0.524143,0.033983,0.441875
0.018652,0.771321,0.210027
0.004088,0.989269,0.006643
0.092708,0.906677,0.000616
0.976029,0.023939,0.000031
0.691563,0.308437,0.000000
0.516339,0.475114,0.008548
0.922328,0.074326,0.003346
0.996175,0.003825,0.000000
0.620650,0.379210,0.000139
0.367261,0.587993,0.044746
0.055021,0.611814,0.333165
0.989620,0.010368,0.000012
0.001233,0.982197,0.016569
0.997501,0.002499,0.000000
0.005737,0.211671,0.782592
0.992993,0.007007,0.000001
0.900096,0.099890,0.000013
0.997705,0.002295,0.000000
0.082319,0.250812,0.666869
0.169402,0.753056,0.077541
0.612986,0.382277,0.004737
0.125789,0.833150,0.041062
0.980648,0.019352,0.000000
0.337732,0.662256,0.000012
0.978533,0.021467,0.000000
0.208164,0.785570,0.006266
0.459746,0.023798,0.516456
0.362025,0.109941,0.528034
0.078784,0.181115,0.740101
0.106225,0.245412,0.648363
0.996710,0.003290,0.000000
0.992564,0.007436,0.000000
0.096271,0.808259,0.095471
0.365021,0.611380,0.023599
0.995424,0.004576,0.000000
0.001334,0.995092,0.003574
0.956192,0.024321,0.019487
0.986046,0.013952,0.000002
0.465013,0.521854,0.013133
0.217231,0.118761,0.664008
0.317914,0.682048,0.000038
0.698464,0.231464,0.070072
0.516889,0.482430,0.000681
0.100948,0.777185,0.121867
0.429577,0.448056,0.122368
0.384457,0.608215,0.007328
0.358962,0.641036,0.000002
0.997426,0.002574,0.000000
0.291703,0.708297,0.000000
0.967447,0.032534,0.000019
0.913278,0.076498,0.010224
0.988398,0.011602,0.000000
0.041127,0.634837,0.324037
0.133971,0.753886,0.112143
0.215211,0.638567,0.146222
0.992834,0.007166,0.000000
0.958331,0.033500,0.008169
0.412089,0.587910,0.000001
0.007212,0.778151,0.214637
0.995180,0.004820,0.000000
0.121508,0.519521,0.358972
0.980013,0.019985,0.000002
0.006447,0.828816,0.164737
0.000049,0.000005,0.999945
0.036184,0.698328,0.265488
0.925730,0.074270,0.000000
0.161129,0.822536,0.016335
0.080193,0.182266,0.737541
0.197171,0.731621,0.071208
0.297446,0.702553,0.000001
0.022356,0.073206,0.904439
0.000587,0.999354,0.000059
0.299671,0.700324,0.000005
0.032325,0.071714,0.895961
0.437544,0.558932,0.003523
0.987039,0.012961,0.000000
0.557766,0.442233,0.000000
0.024230,0.117516,0.858254
0.036443,0.805668,0.157889
0.325365,0.674635,0.000000
0.478292,0.521707,0.000000
0.146023,0.578889,0.275088
0.361094,0.556845,0.082062
0.533228,0.027214,0.439558
0.984058,0.015942,0.000000
0.983887,0.016113,0.000000
0.995500,0.004500,0.000000
0.036783,0.122473,0.840744
0.974473,0.023196,0.002331
0.289774,0.710111,0.000114
0.221292,0.486018,0.292690
0.003603,0.020053,0.976344
0.160830,0.742737,0.096433
0.036783,0.448600,0.514616
0.996853,0.003147,0.000000
0.973544,0.026456,0.000000
0.316192,0.673935,0.009873
0.990780,0.009220,0.000000
0.330432,0.668845,0.000723
0.004410,0.993211,0.002379
0.982102,0.017834,0.000064
0.002734,0.080072,0.917194
0.362737,0.636010,0.001252
0.582460,0.417079,0.000461
0.111765,0.530789,0.357446
0.996858,0.003140,0.000002
0.985170,0.011660,0.003171
0.064845,0.923055,0.012100
0.097071,0.862517,0.040412
0.994677,0.005323,0.000000
0.997450,0.002545,0.000005
0.008647,0.014693,0.976660
0.000018,0.000004,0.999978
0.475506,0.519036,0.005459
0.022137,0.299389,0.678475
0.031469,0.461116,0.507415
0.834932,0.163269,0.001799
0.109760,0.889772,0.000468
0.160722,0.284757,0.554521
0.976013,0.023986,0.000001
0.417612,0.582385,0.000003
0.001243,0.996073,0.002684
0.155970,0.844004,0.000026
0.875600,0.124390,0.000011
0.005292,0.096989,0.897719
0.562458,0.437504,0.000037
0.962716,0.023441,0.013843
0.976362,0.023638,0.000000
0.010172,0.404755,0.585074
0.401938,0.598047,0.000014
0.128851,0.867333,0.003816
0.982827,0.017173,0.000000
0.990369,0.009628,0.000003
0.005302,0.119202,0.875495
0.341354,0.658643,0.000003
0.260230,0.464648,0.275122
0.121063,0.878330,0.000608
0.067907,0.774214,0.157879
0.434465,0.555851,0.009684
0.000415,0.000095,0.999490
0.986971,0.012020,0.001009
0.001023,0.737940,0.261037
0.299079,0.700918,0.000004
0.000923,0.005749,0.993327
0.993364,0.006633,0.000003
0.000612,0.992252,0.007135
0.997592,0.002408,0.000000
0.074672,0.924932,0.000396
0.000841,0.000121,0.999038
0.985793,0.014179,0.000028
0.979207,0.020793,0.000000
0.137506,0.862228,0.000266
0.992774,0.007226,0.000000
0.268231,0.388605,0.343164
0.365867,0.629562,0.004571
0.208373,0.791623,0.000004
0.991317,0.008683,0.000000
0.447280,0.552651,0.000068
0.977810,0.022190,0.000000
0.960049,0.024083,0.015868
0.994731,0.005268,0.000001
0.992414,0.007586,0.000000
0.759546,0.240435,0.000019
0.025052,0.039145,0.935803
0.694904,0.027723,0.277372
0.220792,0.312474,0.466734
0.909529,0.028066,0.062405
0.000440,0.991690,0.007870
0.985035,0.014964,0.000001
0.901318,0.098530,0.000152
0.949760,0.050240,0.000000
0.090422,0.216668,0.692909
0.202000,0.660857,0.137142
0.030416,0.304429,0.665156
0.007312,0.007808,0.984879
0.074384,0.136297,0.789318
0.996734,0.003266,0.000000
0.009953,0.843976,0.146071
0.173054,0.806480,0.020466
0.993308,0.006692,0.000000
0.263515,0.722456,0.014029
0.966754,0.033246,0.000000
0.170870,0.827477,0.001653
0.002438,0.005547,0.992015
0.943868,0.051059,0.005073
0.033824,0.053162,0.913015
0.058890,0.699887,0.241223
0.226356,0.757450,0.016194
0.061303,0.666520,0.272177
0.805577,0.190633,0.003790
0.060960,0.679753,0.259288
0.176970,0.804718,0.018312
0.000049,0.000008,0.999943
0.863809,0.129303,0.006888
0.995245,0.004755,0.000000
0.385220,0.614780,0.000000
0.559921,0.430772,0.009307
0.943289,0.056614,0.000097
0.992553,0.007443,0.000003
0.004646,0.860607,0.134748
0.365335,0.634663,0.000002
0.009552,0.051085,0.939363
0.985082,0.014915,0.000003
0.405174,0.383248,0.211577
0.036592,0.406862,0.556546
0.997182,0.002818,0.000000
0.987293,0.012707,0.000000
0.009253,0.843570,0.147177
0.002179,0.920030,0.077792
0.551962,0.445299,0.002739
0.015950,0.840893,0.143157
0.989817,0.010183,0.000000
0.046969,0.139324,0.813707
0.970051,0.029945,0.000004
0.421511,0.578457,0.000032
0.492437,0.507475,0.000088
0.269842,0.613758,0.116400
0.920803,0.079099,0.000098
0.003409,0.875491,0.121100
0.004864,0.021294,0.973842
0.175778,0.819190,0.005031
0.513066,0.486863,0.000071
0.335890,0.664110,0.000000
0.295205,0.704455,0.000340
0.076803,0.603898,0.319299
0.197263,0.441236,0.361500
0.018720,0.869790,0.111490
0.993098,0.006902,0.000000
0.996541,0.003459,0.000000
0.331271,0.668728,0.000000
0.235654,0.764341,0.000004
0.039340,0.716708,0.243953
0.833418,0.092496,0.074086
0.009189,0.860168,0.130642
0.995143,0.004857,0.000000
0.864724,0.055427,0.079849
0.447289,0.551007,0.001704
0.020737,0.310018,0.669245
0.976762,0.023233,0.000005
0.110558,0.703204,0.186237
0.599028,0.400158,0.000814
0.098327,0.183584,0.718090
0.438767,0.558630,0.002603
0.000922,0.003290,0.995788
0.005569,0.012538,0.981894
0.001361,0.000098,0.998542
0.982109,0.012400,0.005491
0.002240,0.990286,0.007475
0.005600,0.006195,0.988206
0.052144,0.795199,0.152657
0.406990,0.592906,0.000103
0.995682,0.004316,0.000001
0.089438,0.472715,0.437846
0.000386,0.998572,0.001042
0.025417,0.628814,0.345769
0.995788,0.004208,0.000005
0.092402,0.189618,0.717980
0.985537,0.014462,0.000000
0.000300,0.000031,0.999669
0.112100,0.239814,0.648086
0.565082,0.319398,0.115520
0.699545,0.300455,0.000000
0.345752,0.654248,0.000000
0.986918,0.013082,0.000000
0.430444,0.569555,0.000000
0.967226,0.032774,0.000000
0.968805,0.031195,0.000000
0.183202,0.810948,0.005850
0.988570,0.011430,0.000000
0.992273,0.007723,0.000003
0.015386,0.849511,0.135102
0.071068,0.758938,0.169994
0.153634,0.846315,0.000051
0.433727,0.566267,0.000006
0.540830,0.459096,0.000074
0.009489,0.025619,0.964892
0.996395,0.003605,0.000000
0.000808,0.001505,0.997687
0.186044,0.417662,0.396294
0.114521,0.852259,0.033220
0.375335,0.624660,0.000005
0.331207,0.668791,0.000002
0.010944,0.029704,0.959351
0.028501,0.095242,0.876258
0.001013,0.991303,0.007684
0.990593,0.009404,0.000003
0.223704,0.553334,0.222962
0.997205,0.002795,0.000000
0.039196,0.091615,0.869190
0.026350,0.841248,0.132402
0.991936,0.008064,0.000000
0.290979,0.708954,0.000066
0.994009,0.005991,0.000000
0.341812,0.658184,0.000004
0.906365,0.093604,0.000030
0.996308,0.003692,0.000000
0.987609,0.012383,0.000008
0.210931,0.789069,0.000000
0.100628,0.166751,0.732620
0.013303,0.041828,0.944868
0.000503,0.001415,0.998083
0.003079,0.946961,0.049961
0.964973,0.035002,0.000025
0.998459,0.001541,0.000000
0.004095,0.901591,0.094313
0.942127,0.057826,0.000047
0.152128,0.718923,0.128949
0.633657,0.365539,0.000805
0.030018,0.591989,0.377993
0.997850,0.002150,0.000000
0.658222,0.340988,0.000790
0.994849,0.005151,0.000000
0.995976,0.003779,0.000246
0.994734,0.005266,0.000000
0.326395,0.456520,0.217085
0.103235,0.896072,0.000693
0.329553,0.371881,0.298567
0.088223,0.908906,0.002871
0.990984,0.009016,0.000000
0.359928,0.640069,0.000003
0.192191,0.807806,0.000003
0.003429,0.007666,0.988905
0.508735,0.015374,0.475891
0.001202,0.002508,0.996290
0.988681,0.011319,0.000000
0.985317,0.014683,0.000000
0.002502,0.002875,0.994623
0.159721,0.826002,0.014277
0.995030,0.004970,0.000000
0.983734,0.016258,0.000008
0.049789,0.811139,0.139072
0.818950,0.180453,0.000597
0.103463,0.780693,0.115844
0.916298,0.080846,0.002855
0.984050,0.015941,0.000009
0.460327,0.539665,0.000008
0.991389,0.008611,0.000000
0.594649,0.404948,0.000403
0.482240,0.517758,0.000002
0.042415,0.595203,0.362382
0.979394,0.018252,0.002354
0.591103,0.407934,0.000963
0.374616,0.011289,0.614095
0.359307,0.621568,0.019126
0.969741,0.029987,0.000271
0.991669,0.008331,0.000000
0.099256,0.896420,0.004324
0.965366,0.033035,0.001599
0.001204,0.997939,0.000856
0.421704,0.444031,0.134264
0.482378,0.517621,0.000001
0.537652,0.462335,0.000013
0.993951,0.006049,0.000001
0.851053,0.148646,0.000301
0.986266,0.013520,0.000215
0.961548,0.038236,0.000216
0.022481,0.097469,0.880050
0.995988,0.004012,0.000000
0.990632,0.008963,0.000404
0.002500,0.013738,0.983762
0.714605,0.285240,0.000154
0.002339,0.992142,0.005519
0.902959,0.096372,0.000669
0.234931,0.525196,0.239873
0.943583,0.052751,0.003666
0.007115,0.039036,0.953849
0.269798,0.730202,0.000000
0.982812,0.017166,0.000022
0.626164,0.373836,0.000000
0.003269,0.014007,0.982724
0.119223,0.849620,0.031157
0.723955,0.275847,0.000199
0.667188,0.302206,0.030605
0.293960,0.523715,0.182325
0.311453,0.661951,0.026596
0.978848,0.021152,0.000000
0.047417,0.483467,0.469116
0.828673,0.133148,0.038179
0.001153,0.998554,0.000293
0.915560,0.044854,0.039586
0.997221,0.002779,0.000000
0.046287,0.098595,0.855118
0.005055,0.017401,0.977545
0.057012,0.244071,0.698916
0.998275,0.001725,0.000000
0.443145,0.556855,0.000000
0.615017,0.011210,0.373774
0.269369,0.730617,0.000013
0.023141,0.732070,0.244789
0.090799,0.012208,0.896994
0.045060,0.954326,0.000614
0.977580,0.022421,0.000000
0.996822,0.003178,0.000000
0.021275,0.549547,0.429178
0.584579,0.415421,0.000000
0.029232,0.051084,0.919685
0.000052,0.000053,0.999895
0.505804,0.494157,0.000039
0.989161,0.010839,0.000000
0.979834,0.020166,0.000000
0.994110,0.005889,0.000001
0.996312,0.003688,0.000000
0.730132,0.267697,0.002171
0.975871,0.023023,0.001106
0.962914,0.033321,0.003765
0.986470,0.013122,0.000409
0.038962,0.598956,0.362082
0.004773,0.007392,0.987835
0.057807,0.705194,0.236999
0.950391,0.049318,0.000291
0.438072,0.488220,0.073708
0.995561,0.004439,0.000000
0.984129,0.015871,0.000000
0.016989,0.442594,0.540416
0.902710,0.097289,0.000001
0.071661,0.785585,0.142754
0.996832,0.003168,0.000000
0.973391,0.026609,0.000000
0.000012,0.000002,0.999986
0.256218,0.743782,0.000000
0.066329,0.232821,0.700850
0.084006,0.674696,0.241298
0.295958,0.704037,0.000005
0.030193,0.733815,0.235992
0.982812,0.017188,0.000000
0.993948,0.006052,0.000000
0.000416,0.000323,0.999261
0.995368,0.004632,0.000000
0.993190,0.006810,0.000000
0.969239,0.023335,0.007425
0.347419,0.651517,0.001064
0.995964,0.004036,0.000000
0.243855,0.347008,0.409137
0.151105,0.764090,0.084804
0.483015,0.510827,0.006159
0.000601,0.000736,0.998663
0.081125,0.280270,0.638605
0.734559,0.205661,0.059780
0.055605,0.366490,0.577905
0.001537,0.002946,0.995517
0.000767,0.998335,0.000897
0.074035,0.439642,0.486322
0.986389,0.013574,0.000037
0.000169,0.000049,0.999782
0.283750,0.711673,0.004578
0.991516,0.008483,0.000000
0.553068,0.446931,0.000001
0.012342,0.841574,0.146084
0.435217,0.564782,0.000001
0.269981,0.004634,0.725385
0.001448,0.993636,0.004917
0.092704,0.747828,0.159468
0.996889,0.003111,0.000000
0.733039,0.266961,0.000000
0.977123,0.022877,0.000000
0.123594,0.505600,0.370806
0.011826,0.064381,0.923793
0.985645,0.014355,0.000000
0.693340,0.016479,0.290180
0.291576,0.707453,0.000971
0.238591,0.761406,0.000003
0.019607,0.062807,0.917586
0.016446,0.677735,0.305819
0.000533,0.997456,0.002011
0.000037,0.000053,0.999909
0.966163,0.033837,0.000000
0.007446,0.250858,0.741696
0.000115,0.000045,0.999840
0.021912,0.458886,0.519202
0.890601,0.109093,0.000307
0.193417,0.806555,0.000028
0.031071,0.464263,0.504666
0.336453,0.663547,0.000000
0.994065,0.005935,0.000000
0.610926,0.389074,0.000001
0.995344,0.004656,0.000000
0.632657,0.367161,0.000182
0.602396,0.397604,0.000000
0.000087,0.000036,0.999877
0.949978,0.033903,0.016120
0.000029,0.000004,0.999967
0.059908,0.389820,0.550273
0.997274,0.002726,0.000000
0.990147,0.009853,0.000000
0.003304,0.980111,0.016585
0.032013,0.102782,0.865205
0.123675,0.638302,0.238023
0.904393,0.083492,0.012115
0.993695,0.006303,0.000001
0.017486,0.858785,0.123729
0.045731,0.268683,0.685586
0.100419,0.898664,0.000918
0.141200,0.511428,0.347373
0.060937,0.498028,0.441034
0.276620,0.496339,0.227041
0.131944,0.573587,0.294469
0.202080,0.297432,0.500488
0.017718,0.814159,0.168123
0.000747,0.999161,0.000091
0.535541,0.464458,0.000001
0.909115,0.090879,0.000005
0.077786,0.710982,0.211232
0.359850,0.640148,0.000002
0.105137,0.416848,0.478015
0.960442,0.039558,0.000000
0.000623,0.000257,0.999121
0.002461,0.003259,0.994281
0.534474,0.023728,0.441798
0.955813,0.044187,0.000000
0.001266,0.014481,0.984253
0.974814,0.025186,0.000000
0.634551,0.360705,0.004744
0.346390,0.033760,0.619850
0.993156,0.006829,0.000016
0.995075,0.004925,0.000000
0.145017,0.822995,0.031988
0.996652,0.003331,0.000017
0.293200,0.703516,0.003284
0.001854,0.011889,0.986257
0.983352,0.016555,0.000093
0.915615,0.084373,0.000011
0.531802,0.468195,0.000003
0.997075,0.002925,0.000000
0.366760,0.633240,0.000000
0.470641,0.515063,0.014296
0.700019,0.296393,0.003588
0.011890,0.111801,0.876310
0.268850,0.731147,0.000003
0.199076,0.748910,0.052014
0.000373,0.000038,0.999589
0.408217,0.591782,0.000000
0.992279,0.007705,0.000016
0.382064,0.617936,0.000000
0.012830,0.056483,0.930687
0.000238,0.000078,0.999683
0.910127,0.088939,0.000935
0.939315,0.060685,0.000000
0.022636,0.094203,0.883161
0.268953,0.471626,0.259420
0.337134,0.662835,0.000030
0.984674,0.014999,0.000327
0.141877,0.460698,0.397425
0.410304,0.583142,0.006554
0.020967,0.858469,0.120564
0.042768,0.615558,0.341674
0.808224,0.191583,0.000193
0.056147,0.670434,0.273420
0.044939,0.254688,0.700373
0.635709,0.363161,0.001130
0.215326,0.784463,0.000210
0.041021,0.096581,0.862398
0.222136,0.389993,0.387871
0.040952,0.086545,0.872503
0.024049,0.078063,0.897887
0.222964,0.764141,0.012894
0.374312,0.625657,0.000032
0.001035,0.998937,0.000029
0.045775,0.560533,0.393692
0.102165,0.736195,0.161639
0.000564,0.000188,0.999248
0.996746,0.003254,0.000000
0.020637,0.341543,0.637820
0.298716,0.661420,0.039864
0.995282,0.004713,0.000005
0.105777,0.091640,0.802583
0.472610,0.527390,0.000000
0.029880,0.550603,0.419517
0.032042,0.371828,0.596130
0.000678,0.999309,0.000012
0.330386,0.669609,0.000005
0.127939,0.704162,0.167899
0.136101,0.543051,0.320847
0.294977,0.705023,0.000000
0.505216,0.494222,0.000561
0.071977,0.654093,0.273929
0.394284,0.605715,0.000001
0.024409,0.060259,0.915331
0.086239,0.913508,0.000252
0.110865,0.623088,0.266047
0.002224,0.966107,0.031669
0.002415,0.997339,0.000246
0.843003,0.155982,0.001014
0.021171,0.001734,0.977094
0.000738,0.998637,0.000625
0.974120,0.025700,0.000180
0.863849,0.135393,0.000758
0.763696,0.235611,0.000694
0.144468,0.487810,0.367722
0.526601,0.360330,0.113069
0.235876,0.641352,0.122772
0.405019,0.583271,0.011710
0.001456,0.997601,0.000943
0.976000,0.023999,0.000001
0.284918,0.712108,0.002974
0.976371,0.023583,0.000046
0.018398,0.087802,0.893800
0.764637,0.233941,0.001422
0.004787,0.840303,0.154910
0.000769,0.999194,0.000037
0.200385,0.797751,0.001864
0.477255,0.522674,0.000071
0.397432,0.601476,0.001093
0.310850,0.688670,0.000480
0.972735,0.027262,0.000004
0.004877,0.995031,0.000092
0.629924,0.370071,0.000005
0.351029,0.648801,0.000171
0.864880,0.132051,0.003069
0.023925,0.482619,0.493456
0.373421,0.626579,0.000000
0.040571,0.112996,0.846433
0.049588,0.136879,0.813533
0.496686,0.503314,0.000000
0.960687,0.039313,0.000000
0.242424,0.518263,0.239314
0.987152,0.012845,0.000003
0.208083,0.719192,0.072725
0.415536,0.576665,0.007799
0.981840,0.018122,0.000038
0.988237,0.011651,0.000112
0.980495,0.019491,0.000014
0.266169,0.733830,0.000000
0.143353,0.856496,0.000151
0.001296,0.972843,0.025861
0.991359,0.008641,0.000000
0.131232,0.336742,0.532026
0.986137,0.013860,0.000003
0.986747,0.013253,0.000000
0.520990,0.126444,0.352566
0.926967,0.072015,0.001018
0.490858,0.509142,0.000000
0.036944,0.088657,0.874400
0.996470,0.003529,0.000001
0.176364,0.518304,0.305333
0.031291,0.265427,0.703282
0.019287,0.817624,0.163089
0.997067,0.002933,0.000000
0.013749,0.962188,0.024063
0.614413,0.369779,0.015808
0.319626,0.296474,0.383900
0.006701,0.158281,0.835019
0.768442,0.231315,0.000242
0.630816,0.213087,0.156098
0.993555,0.006445,0.000000
0.021242,0.055510,0.923248
0.373380,0.626609,0.000011
0.005136,0.016278,0.978586
0.986559,0.013434,0.000007
0.027468,0.106710,0.865822
0.202730,0.676323,0.120948
0.073625,0.161308,0.765067
0.980004,0.019990,0.000006
0.991615,0.007676,0.000709
0.991851,0.008149,0.000000
0.385267,0.611672,0.003061
0.071676,0.925420,0.002904
0.996615,0.003385,0.000000
0.947147,0.027173,0.025680
0.000926,0.998817,0.000257
0.019678,0.790928,0.189394
0.517518,0.482482,0.000000
0.031095,0.068036,0.900869
0.994624,0.005376,0.000000
0.023342,0.130863,0.845795
0.001423,0.998373,0.000204
0.070439,0.217717,0.711845
0.263240,0.655365,0.081395
0.027985,0.081789,0.890226
0.943405,0.056595,0.000000
0.889437,0.106018,0.004545
0.000150,0.000082,0.999768
0.997028,0.002972,0.000000
0.941991,0.057871,0.000138
0.220129,0.760035,0.019836
0.997018,0.002982,0.000000
0.182683,0.778025,0.039292
0.986659,0.013341,0.000000
0.028121,0.840030,0.131849
0.257185,0.742815,0.000001
0.001950,0.997727,0.000323
0.034837,0.067496,0.897667
0.992779,0.007221,0.000000
0.094002,0.416933,0.489065
0.967920,0.032080,0.000000
0.126639,0.773334,0.100028
0.095720,0.001505,0.902775
0.034828,0.417828,0.547344
0.000731,0.998637,0.000632
0.251565,0.748427,0.000008
0.258676,0.741322,0.000002
0.678942,0.194750,0.126308
0.379990,0.344429,0.275581
0.926446,0.004260,0.069295
0.995433,0.004567,0.000000
0.990212,0.009781,0.000007
0.001132,0.008183,0.990685
0.996823,0.003177,0.000000
0.222070,0.777925,0.000005
0.985239,0.014761,0.000000
0.007259,0.890887,0.101854
0.226529,0.773446,0.000025
0.000652,0.999309,0.000039
0.779780,0.131708,0.088512
0.968953,0.027103,0.003944
0.068652,0.794866,0.136482
0.000524,0.000533,0.998942
0.671038,0.328962,0.000000
0.210739,0.787936,0.001325
0.045129,0.685744,0.269127
0.041539,0.124364,0.834096
0.003174,0.001208,0.995618
0.146447,0.191316,0.662237
0.344691,0.655207,0.000102
0.001539,0.997812,0.000649
0.017673,0.042080,0.940248
0.623745,0.347042,0.029213
0.090461,0.588847,0.320692
0.034933,0.698907,0.266159
0.000004,0.000004,0.999992
0.732404,0.267551,0.000045
0.004627,0.988371,0.007003
0.989479,0.010520,0.000001
0.001677,0.993614,0.004709
0.476283,0.520567,0.003150
0.840146,0.159833,0.000021
0.012972,0.847971,0.139056
0.115221,0.782358,0.102421
0.950783,0.049217,0.000000
0.455965,0.434506,0.109529
0.525580,0.226400,0.248020
0.263340,0.464859,0.271801
0.992934,0.007067,0.000000
0.983284,0.016716,0.000000
0.004067,0.153416,0.842518
0.997204,0.002796,0.000000
0.992535,0.007465,0.000000
0.269621,0.730378,0.000001
0.001775,0.035229,0.962996
0.997909,0.002091,0.000000
0.667343,0.331043,0.001614
0.352525,0.647475,0.000001
0.838038,0.158583,0.003379
0.058334,0.416382,0.525284
0.946877,0.052117,0.001006
0.499063,0.500937,0.000000
0.184241,0.509445,0.306314
0.435347,0.564653,0.000000
0.024866,0.082088,0.893045
0.031259,0.393242,0.575500
0.205266,0.794733,0.000001
0.861906,0.137614,0.000480
0.230490,0.763741,0.005769
0.069784,0.156001,0.774215
0.346545,0.653454,0.000000
0.064675,0.505348,0.429977
0.038698,0.789369,0.171933
0.557790,0.442210,0.000000
0.665138,0.122064,0.212798
0.234379,0.765375,0.000246
0.996623,0.003377,0.000000
0.980746,0.019254,0.000000
0.992405,0.007595,0.000000
0.021801,0.622643,0.355555
0.987937,0.012021,0.000042
0.010290,0.002715,0.986995
0.010617,0.930497,0.058886
0.207718,0.706571,0.085711
0.116715,0.358269,0.525015
0.340266,0.659733,0.000001
0.001512,0.995855,0.002633
0.921688,0.078312,0.000000
0.213362,0.781276,0.005362
0.091586,0.171096,0.737318
0.283895,0.554511,0.161594
0.221863,0.747769,0.030368
0.419966,0.579157,0.000877
0.111505,0.880719,0.007775
0.421648,0.577357,0.000995
0.053858,0.503422,0.442720
0.727059,0.268799,0.004142
0.907113,0.011229,0.081658
0.257184,0.742746,0.000070
0.090192,0.216842,0.692966
0.055698,0.772176,0.172126
0.268788,0.730503,0.000709
0.003175,0.069782,0.927043
0.156436,0.843561,0.000003
0.996437,0.003563,0.000000
0.996493,0.003507,0.000000
0.779840,0.130914,0.089246
0.035273,0.525796,0.438931
0.003998,0.004213,0.991789
0.648848,0.328507,0.022645
0.655660,0.344004,0.000336
0.485699,0.499784,0.014517
0.041855,0.445345,0.512801
0.168927,0.831043,0.000030
0.772470,0.225467,0.002063
0.000515,0.000796,0.998689
0.186621,0.807314,0.006065
0.983895,0.016043,0.000062
0.641130,0.358870,0.000000
0.338122,0.518599,0.143278
0.997587,0.002413,0.000000
0.985651,0.008222,0.006126
0.541387,0.458584,0.000029
0.060888,0.425945,0.513167
0.748631,0.007143,0.244226
0.007852,0.020926,0.971223
0.010347,0.917116,0.072537
0.994505,0.005495,0.000000
0.038016,0.445475,0.516509
0.483258,0.198314,0.318428
0.001366,0.005781,0.992854
0.001561,0.000212,0.998227
0.996328,0.003670,0.000002
0.026778,0.379873,0.593348
0.924274,0.074895,0.000831
0.009814,0.919138,0.071048
0.001685,0.044985,0.953329
0.004278,0.888456,0.107266
0.007595,0.053269,0.939136
0.941503,0.058497,0.000000
0.982365,0.017505,0.000129
0.906333,0.025789,0.067878
0.959315,0.040685,0.000000
0.299917,0.700083,0.000000
0.995624,0.004376,0.000000
0.542112,0.028519,0.429369
0.486801,0.513166,0.000033
0.006842,0.777027,0.216131
0.047586,0.748816,0.203598
0.121668,0.877887,0.000445
0.559420,0.339149,0.101432
0.000871,0.006976,0.992153
0.080416,0.679921,0.239663
0.002629,0.915408,0.081963
0.000325,0.000808,0.998867
0.998543,0.001457,0.000000
0.515574,0.484426,0.000000
0.343289,0.656710,0.000001
0.051753,0.003069,0.945179
0.000473,0.001817,0.997710
0.997335,0.002665,0.000000
0.996558,0.003440,0.000003
0.873691,0.125757,0.000553
0.890497,0.108931,0.000573
0.402248,0.588514,0.009238
0.370960,0.629038,0.000001
0.165001,0.273028,0.561972
0.092312,0.527066,0.380622
0.966228,0.033772,0.000000
0.410393,0.589606,0.000001
0.966758,0.033242,0.000000
0.434756,0.229447,0.335797
0.439119,0.556432,0.004449
0.979248,0.020752,0.000000
0.985112,0.014872,0.000015
0.349020,0.140064,0.510916
0.969363,0.019058,0.011580
0.985553,0.006595,0.007852
0.475854,0.385463,0.138683
0.003768,0.053886,0.942346
0.946181,0.053819,0.000000
0.995559,0.004441,0.000000
0.051276,0.150615,0.798109
0.034084,0.171009,0.794908
0.963255,0.036519,0.000227
0.415047,0.561173,0.023780
0.241795,0.758198,0.000007
0.170851,0.724346,0.104802
0.002246,0.977464,0.020290
0.075111,0.736048,0.188841
0.241524,0.757579,0.000897
0.001641,0.004816,0.993543
0.850517,0.148052,0.001431
0.008073,0.623411,0.368516
0.251224,0.748775,0.000001
0.002111,0.071405,0.926485
0.989272,0.010704,0.000023
0.993348,0.006652,0.000000
0.530663,0.463363,0.005973
0.609011,0.390989,0.000001
0.003827,0.990526,0.005647
0.000990,0.997062,0.001948
0.551674,0.448319,0.000007
0.923736,0.050682,0.025582
0.013995,0.825714,0.160291
0.991518,0.007940,0.000542
0.964079,0.035921,0.000000
0.988671,0.011326,0.000004
0.001430,0.998542,0.000028
0.033030,0.151338,0.815632
0.070744,0.212143,0.717113
0.010139,0.048968,0.940893
0.965879,0.034121,0.000000
0.993061,0.006939,0.000000
0.937077,0.010485,0.052439
0.006003,0.044025,0.949972
0.996871,0.003129,0.000000
0.001988,0.997532,0.000480
0.995631,0.004369,0.000000
0.150837,0.708354,0.140809
0.028876,0.598301,0.372823
0.255731,0.406896,0.337373
0.034608,0.593559,0.371833
0.002078,0.957354,0.040568
0.925150,0.031547,0.043303
0.001470,0.997564,0.000966
0.996017,0.003983,0.000000
0.005081,0.084195,0.910724
0.000900,0.999067,0.000033
0.445887,0.552165,0.001949
0.357248,0.602727,0.040026
0.997650,0.002350,0.000000
0.879194,0.120537,0.000269
0.001129,0.998547,0.000324
0.511120,0.488880,0.000000
0.989741,0.010246,0.000014
0.001794,0.996501,0.001705
0.016611,0.001193,0.982197
0.129219,0.870726,0.000055
0.450143,0.549857,0.000000
0.484752,0.512937,0.002310
0.009869,0.035106,0.955026
0.005936,0.982500,0.011564
0.275951,0.723621,0.000427
0.054975,0.190939,0.754086
0.140097,0.561421,0.298482
0.002606,0.012214,0.985180
0.987038,0.012961,0.000000
0.179197,0.565789,0.255013
0.994415,0.005585,0.000000
0.431486,0.566431,0.002082
0.991512,0.008488,0.000000
0.974986,0.025014,0.000000
0.997360,0.002640,0.000000
0.339298,0.490270,0.170432
0.001052,0.994202,0.004746
0.017972,0.762158,0.219870
0.971298,0.028702,0.000000
0.994268,0.005732,0.000000
0.040797,0.089513,0.869690
0.292964,0.699287,0.007750
0.990083,0.009917,0.000000
0.290579,0.709359,0.000062
0.843232,0.155980,0.000788
0.265389,0.734344,0.000267
0.983389,0.016608,0.000003
0.297944,0.644136,0.057920
0.679551,0.318931,0.001518
0.965271,0.034729,0.000000
0.108730,0.890584,0.000686
0.402385,0.597611,0.000003
0.093645,0.518559,0.387797
0.830953,0.164577,0.004470
0.028911,0.368315,0.602774
0.991090,0.008908,0.000001
0.993980,0.006020,0.000000
0.983524,0.007617,0.008859
0.997436,0.002564,0.000000
0.974919,0.025059,0.000022
0.992415,0.007585,0.000000
0.001573,0.993960,0.004468
0.939214,0.055342,0.005445
0.003521,0.995779,0.000699
0.002882,0.989934,0.007184
0.989734,0.010253,0.000012
0.289185,0.492095,0.218720
0.078617,0.537893,0.383491
0.013135,0.590992,0.395873
0.979849,0.020151,0.000000
0.432686,0.564605,0.002709
0.000490,0.998869,0.000641
0.569311,0.430490,0.000199
0.651762,0.315597,0.032641
0.719288,0.280616,0.000096
0.990544,0.009407,0.000048
0.000785,0.000760,0.998456
0.955040,0.044961,0.000000
0.029696,0.080902,0.889402
