0.044249,0.734638,0.221113
0.017133,0.757727,0.225140
0.970270,0.029730,0.000001
0.912213,0.086788,0.000999
0.987591,0.012409,0.000000
0.113769,0.650930,0.235300
0.016223,0.089052,0.894725
0.176915,0.823066,0.000019
0.226412,0.769584,0.004003
0.265076,0.627828,0.107096
0.994069,0.005927,0.000004
0.743448,0.238145,0.018406
0.842288,0.152719,0.004993
0.023212,0.248956,0.727832
0.993674,0.006325,0.000000
0.268013,0.716003,0.015984
0.044456,0.382226,0.573318
0.990260,0.009740,0.000000
0.991453,0.008547,0.000000
0.995815,0.004185,0.000000
0.002316,0.995027,0.002657
0.992268,0.007732,0.000000
0.014597,0.456128,0.529275
0.952341,0.047659,0.000000
0.000100,0.000319,0.999581
0.568220,0.275495,0.156285
0.990880,0.009120,0.000000
0.994630,0.005370,0.000000
0.593434,0.327038,0.079528
0.169231,0.221652,0.609117
0.520762,0.479234,0.000003
0.872658,0.127224,0.000118
0.311947,0.688042,0.000011
0.987125,0.012874,0.000000
0.524757,0.475228,0.000015
0.000048,0.000216,0.999736
0.843366,0.156332,0.000301
0.246372,0.290182,0.463446
0.361563,0.612986,0.025451
0.007266,0.036119,0.956615
0.973849,0.026151,0.000000
0.476571,0.523404,0.000025
0.000038,0.000073,0.999889
0.258901,0.741087,0.000012
0.990390,0.009609,0.000000
0.995243,0.004757,0.000000
0.231737,0.522042,0.246220
0.996251,0.003749,0.000000
0.006290,0.049403,0.944307
0.004839,0.984012,0.011149
0.969702,0.030265,0.000032
0.859133,0.140866,0.000001
0.000778,0.998266,0.000956
0.011294,0.056142,0.932564
0.005746,0.363739,0.630516
0.049897,0.375838,0.574264
0.309860,0.690075,0.000065
0.014497,0.081954,0.903549
0.989204,0.010797,0.000000
0.851288,0.145805,0.002906
0.303643,0.663854,0.032503
0.035039,0.107778,0.857183
0.213816,0.080031,0.706152
0.994274,0.005726,0.000000
0.069930,0.452718,0.477352
0.294698,0.705300,0.000002
0.415979,0.582103,0.001918
0.002472,0.992561,0.004966
0.035267,0.320511,0.644222
0.452673,0.546930,0.000397
0.019925,0.656095,0.323980
0.006120,0.062231,0.931649
0.962542,0.037450,0.000008
0.418777,0.551704,0.029519
0.982278,0.017717,0.000005
0.988792,0.011208,0.000000
0.119372,0.880625,0.000003
0.975592,0.024408,0.000000
0.001233,0.990781,0.007986
0.031354,0.230755,0.737892
0.940527,0.059140,0.000333
0.711237,0.255320,0.033443
0.994222,0.005778,0.000000
0.184003,0.815706,0.000291
0.188050,0.811018,0.000932
0.001605,0.996563,0.001833
0.994001,0.005999,0.000000
0.103908,0.839513,0.056579
0.562406,0.436583,0.001010
0.004807,0.055116,0.940076
0.454744,0.545245,0.000011
0.293399,0.690074,0.016527
0.010777,0.172056,0.817167
0.000976,0.998961,0.000063
0.173013,0.821492,0.005495
0.983863,0.016137,0.000000
0.779385,0.202757,0.017859
0.406730,0.592531,0.000739
0.288296,0.711656,0.000048
0.995139,0.004861,0.000000
0.001099,0.992040,0.006861
0.333978,0.666016,0.000006
0.934351,0.065649,0.000000
0.304994,0.628773,0.066233
0.023110,0.325329,0.651561
0.993042,0.006958,0.000000
0.007004,0.291697,0.701299
0.005753,0.934990,0.059257
0.914675,0.056611,0.028714
0.013061,0.631678,0.355260
0.024156,0.127944,0.847900
0.388146,0.611625,0.000229
0.987122,0.012875,0.000004
0.023760,0.303347,0.672893
0.002847,0.010412,0.986740
0.948777,0.051223,0.000000
0.943640,0.035424,0.020935
0.993184,0.006806,0.000010
0.982355,0.017490,0.000155
0.133612,0.798961,0.067427
0.994908,0.005092,0.000000
0.979419,0.020581,0.000000
0.936476,0.063524,0.000000
0.978019,0.021981,0.000000
0.105458,0.892414,0.002128
0.354881,0.639962,0.005157
0.028336,0.271701,0.699963
0.106781,0.483828,0.409391
0.318768,0.681230,0.000002
0.007907,0.020680,0.971414
0.034712,0.434714,0.530573
0.020052,0.340029,0.639919
0.255788,0.744208,0.000004
0.001537,0.004363,0.994100
0.638902,0.359495,0.001603
0.000486,0.001153,0.998360
0.001175,0.008522,0.990302
0.003127,0.985330,0.011543
0.000762,0.995064,0.004173
0.979253,0.020747,0.000000
0.000411,0.000178,0.999411
0.001546,0.934696,0.063758
0.025740,0.010683,0.963577
0.388299,0.611263,0.000438
0.105513,0.813545,0.080941
0.808721,0.191106,0.000173
0.980106,0.017519,0.002375
0.002044,0.022159,0.975798
0.088226,0.835836,0.075938
0.991609,0.008391,0.000000
0.980150,0.019850,0.000000
0.971563,0.028435,0.000001
0.981642,0.018358,0.000000
0.074237,0.902392,0.023371
0.003509,0.990821,0.005670
0.004322,0.083005,0.912673
0.483393,0.147335,0.369272
0.006954,0.025095,0.967950
0.993918,0.006083,0.000000
0.003581,0.012715,0.983703
0.993730,0.006270,0.000000
0.174193,0.820848,0.004959
0.994693,0.005300,0.000007
0.982044,0.017956,0.000000
0.189617,0.810268,0.000115
0.016248,0.523207,0.460545
0.004955,0.927392,0.067654
0.002611,0.996652,0.000738
0.987737,0.012263,0.000000
0.989705,0.010294,0.000001
0.199130,0.739120,0.061751
0.133103,0.840409,0.026488
0.000680,0.004808,0.994512
0.981451,0.018542,0.000007
0.064835,0.279310,0.655856
0.124946,0.782271,0.092783
0.001692,0.983520,0.014789
0.396622,0.602064,0.001314
0.980908,0.017049,0.002043
0.030264,0.684741,0.284995
0.988730,0.011270,0.000000
0.016992,0.650251,0.332756
0.269845,0.730143,0.000013
0.687877,0.271432,0.040691
0.994920,0.005080,0.000000
0.971135,0.028820,0.000045
0.000453,0.001504,0.998043
0.129924,0.835957,0.034119
0.991877,0.008123,0.000000
0.289085,0.710915,0.000001
0.158534,0.840832,0.000634
0.254027,0.744077,0.001896
0.003003,0.994889,0.002108
0.992092,0.007908,0.000000
0.007167,0.038949,0.953883
0.931127,0.017035,0.051839
0.258014,0.740630,0.001356
0.214776,0.060185,0.725039
0.000262,0.001572,0.998166
0.153630,0.845804,0.000566
0.006269,0.019236,0.974495
0.991578,0.008422,0.000000
0.984149,0.015851,0.000000
0.987423,0.012576,0.000000
0.107375,0.627188,0.265437
0.000064,0.000335,0.999601
0.952444,0.046096,0.001461
0.006063,0.986706,0.007231
0.001939,0.007703,0.990358
0.219392,0.537664,0.242944
0.076141,0.732235,0.191624
0.412706,0.581412,0.005882
0.160657,0.839200,0.000143
0.876308,0.037442,0.086250
0.841271,0.064245,0.094484
0.954374,0.045608,0.000018
0.990736,0.009264,0.000000
0.004449,0.096481,0.899070
0.162586,0.833067,0.004347
0.992892,0.007107,0.000000
0.953192,0.046808,0.000000
0.437047,0.551644,0.011309
0.017258,0.603326,0.379416
0.000678,0.960912,0.038410
0.799089,0.198921,0.001990
0.976111,0.023889,0.000000
0.050881,0.349066,0.600052
0.937691,0.061918,0.000392
0.983072,0.016926,0.000002
0.253987,0.745955,0.000058
0.346687,0.653292,0.000022
0.217157,0.775240,0.007604
0.007593,0.128472,0.863935
0.971926,0.028074,0.000000
0.978120,0.021872,0.000008
0.791080,0.208497,0.000423
0.234883,0.765108,0.000009
0.333616,0.666271,0.000113
0.056945,0.339323,0.603732
0.993798,0.006202,0.000000
0.465859,0.522403,0.011739
0.993419,0.006581,0.000000
0.940304,0.059645,0.000051
0.258910,0.732350,0.008741
0.045392,0.327414,0.627195
0.355248,0.585788,0.058963
0.994003,0.005997,0.000000
0.222563,0.749528,0.027908
0.003209,0.992350,0.004442
0.979109,0.020891,0.000000
0.079679,0.335295,0.585025
0.949622,0.044961,0.005417
0.028283,0.511209,0.460508
0.964642,0.035355,0.000004
0.234365,0.764029,0.001606
0.168487,0.807993,0.023520
0.321648,0.678167,0.000185
0.170523,0.828351,0.001125
0.002017,0.009640,0.988343
0.051579,0.394608,0.553812
0.987072,0.012927,0.000000
0.020124,0.795963,0.183913
0.050615,0.577312,0.372072
0.994620,0.005380,0.000000
0.003945,0.962278,0.033777
0.001349,0.990061,0.008590
0.011770,0.630578,0.357652
0.211785,0.788132,0.000083
0.486544,0.495510,0.017945
0.001377,0.996320,0.002303
0.378201,0.621776,0.000024
0.044459,0.269505,0.686036
0.019845,0.074317,0.905838
0.973268,0.026732,0.000000
0.027339,0.419861,0.552800
0.461095,0.143130,0.395775
0.005121,0.016651,0.978229
0.002136,0.995510,0.002353
0.285665,0.059915,0.654420
0.142438,0.838207,0.019355
0.026656,0.174313,0.799031
0.842954,0.150080,0.006967
0.981927,0.018073,0.000000
0.281546,0.718048,0.000406
0.693406,0.305516,0.001077
0.289079,0.289367,0.421554
0.992006,0.007994,0.000000
0.994381,0.005619,0.000000
0.118025,0.660043,0.221932
0.631220,0.325122,0.043658
0.981769,0.018231,0.000000
0.003330,0.009597,0.987074
0.009243,0.510960,0.479797
0.988906,0.011094,0.000000
0.756243,0.213378,0.030379
0.981006,0.018814,0.000180
0.964051,0.035949,0.000000
0.975142,0.024803,0.000055
0.109538,0.890429,0.000033
0.968600,0.031400,0.000000
0.039684,0.214643,0.745672
0.996300,0.003700,0.000000
0.052018,0.621889,0.326093
0.996635,0.003365,0.000000
0.991124,0.008876,0.000000
0.033183,0.119650,0.847167
0.216868,0.765954,0.017178
0.995348,0.004650,0.000002
0.786264,0.211355,0.002381
0.302838,0.697141,0.000021
0.461464,0.538211,0.000325
0.942700,0.057300,0.000000
0.010470,0.084630,0.904900
0.004643,0.804883,0.190474
0.014022,0.047328,0.938650
0.990080,0.009920,0.000000
0.183272,0.787478,0.029250
0.000517,0.002952,0.996530
0.877583,0.122393,0.000024
0.989210,0.010790,0.000000
0.993586,0.006413,0.000000
0.993501,0.006499,0.000000
0.983931,0.016069,0.000000
0.001398,0.012614,0.985988
0.649272,0.350449,0.000279
0.970568,0.029432,0.000000
0.158293,0.841399,0.000308
0.011824,0.852243,0.135933
0.492349,0.507134,0.000517
0.931639,0.033994,0.034366
0.990727,0.009273,0.000000
0.985056,0.014941,0.000003
0.039879,0.159735,0.800386
0.317910,0.671272,0.010818
0.037963,0.106081,0.855956
0.010683,0.093093,0.896223
0.988577,0.011423,0.000000
0.954989,0.045005,0.000006
0.002934,0.018017,0.979048
0.433093,0.566906,0.000001
0.968642,0.031333,0.000025
0.003371,0.985528,0.011101
0.985780,0.014220,0.000000
0.115706,0.884188,0.000106
0.011157,0.266566,0.722277
0.656912,0.228568,0.114520
0.806438,0.192890,0.000672
0.231237,0.767314,0.001448
0.256316,0.743611,0.000072
0.978490,0.021510,0.000001
0.981461,0.018539,0.000000
0.224653,0.690229,0.085118
0.003821,0.994551,0.001628
0.867015,0.132980,0.000006
0.299786,0.487641,0.212573
0.327904,0.672080,0.000016
0.000105,0.000509,0.999385
0.178944,0.817892,0.003164
0.802557,0.133854,0.063590
0.791100,0.200172,0.008729
0.981562,0.018437,0.000000
0.000036,0.000123,0.999841
0.309235,0.381109,0.309656
0.002841,0.012082,0.985077
0.992054,0.007852,0.000094
0.950356,0.048888,0.000757
0.186949,0.808824,0.004227
0.018118,0.593557,0.388325
0.986356,0.013499,0.000145
0.101560,0.748821,0.149618
0.022290,0.216370,0.761340
0.428905,0.570976,0.000119
0.985558,0.014442,0.000000
0.947621,0.052379,0.000000
0.994404,0.005596,0.000000
0.003107,0.015221,0.981672
0.782541,0.214650,0.002810
0.134322,0.865670,0.000007
0.932991,0.063157,0.003852
0.005453,0.160961,0.833586
0.993490,0.006510,0.000000
0.029548,0.415287,0.555165
0.398568,0.601425,0.000006
0.005717,0.045102,0.949180
0.292239,0.706270,0.001491
0.010477,0.072953,0.916570
0.003113,0.969069,0.027818
0.009971,0.705222,0.284806
0.240339,0.716345,0.043315
0.967456,0.032544,0.000000
0.655670,0.338704,0.005626
0.342855,0.657143,0.000002
0.001220,0.996552,0.002228
0.970399,0.029386,0.000215
0.002438,0.995646,0.001916
0.986429,0.013571,0.000000
0.000545,0.988308,0.011147
0.005748,0.122916,0.871335
0.417201,0.554534,0.028265
0.016470,0.231352,0.752179
0.015736,0.632753,0.351511
0.128170,0.871816,0.000014
0.443244,0.556755,0.000001
0.983130,0.016870,0.000000
0.701228,0.295019,0.003753
0.271814,0.636295,0.091891
0.024995,0.661939,0.313066
0.454881,0.540406,0.004713
0.939433,0.060530,0.000037
0.007236,0.373865,0.618899
0.280355,0.719590,0.000056
0.989017,0.010982,0.000000
0.202331,0.772317,0.025353
0.421087,0.577047,0.001866
0.026410,0.390283,0.583307
0.000047,0.000284,0.999669
0.002283,0.010265,0.987452
0.595631,0.402571,0.001798
0.991800,0.008200,0.000000
0.920620,0.025724,0.053656
0.928397,0.070229,0.001374
0.660277,0.335244,0.004479
0.634345,0.267712,0.097943
0.181253,0.708769,0.109978
0.976157,0.022810,0.001033
0.002141,0.996064,0.001794
0.297531,0.702467,0.000002
0.000113,0.000165,0.999722
0.340689,0.659295,0.000016
0.942880,0.057104,0.000016
0.495834,0.502705,0.001461
0.982753,0.017247,0.000000
0.154571,0.752219,0.093210
0.978218,0.021782,0.000000
0.812998,0.186919,0.000083
0.344412,0.635596,0.019992
0.950610,0.049390,0.000000
0.005125,0.117072,0.877803
0.003028,0.977781,0.019191
0.347613,0.651574,0.000813
0.364665,0.611773,0.023562
0.006044,0.993325,0.000630
0.025870,0.175999,0.798130
0.996288,0.003712,0.000000
0.001419,0.996876,0.001706
0.271611,0.707904,0.020485
0.032822,0.729150,0.238028
0.001435,0.995708,0.002857
0.106126,0.672236,0.221638
0.912496,0.062944,0.024559
0.020990,0.523380,0.455629
0.986101,0.013899,0.000000
0.184423,0.805920,0.009657
0.000024,0.000064,0.999912
0.102350,0.290965,0.606685
0.886006,0.029862,0.084132
0.002610,0.008184,0.989206
0.364960,0.634370,0.000669
0.000027,0.000016,0.999957
0.001064,0.998805,0.000131
0.493654,0.326162,0.180184
0.053426,0.472826,0.473748
0.818578,0.033240,0.148182
0.028398,0.585481,0.386121
0.003707,0.047047,0.949246
0.939410,0.060590,0.000000
0.002885,0.011388,0.985727
0.018742,0.062843,0.918415
0.495572,0.496769,0.007659
0.964490,0.035417,0.000093
0.992692,0.007308,0.000000
0.947673,0.020815,0.031512
0.002851,0.013699,0.983450
0.612065,0.369079,0.018855
0.002579,0.895109,0.102311
0.994239,0.005761,0.000000
0.077987,0.921352,0.000661
0.994657,0.005343,0.000000
0.029920,0.111325,0.858755
0.229267,0.770731,0.000002
0.989160,0.010840,0.000000
0.384617,0.615148,0.000235
0.394046,0.605948,0.000006
0.000586,0.998599,0.000815
0.988282,0.011718,0.000000
0.794033,0.199706,0.006260
0.402058,0.592714,0.005228
0.978629,0.021371,0.000000
0.306408,0.693591,0.000000
0.983296,0.016704,0.000000
0.375895,0.620949,0.003156
0.375909,0.521745,0.102346
0.886376,0.113620,0.000004
0.001304,0.996592,0.002104
0.940339,0.058802,0.000859
0.918499,0.080855,0.000646
0.003326,0.027138,0.969535
0.418700,0.248384,0.332916
0.760711,0.238757,0.000531
0.357183,0.570992,0.071826
0.000766,0.984183,0.015050
0.990695,0.009279,0.000026
0.000511,0.000314,0.999175
0.270847,0.728982,0.000171
0.995647,0.004353,0.000000
0.563809,0.436003,0.000188
0.798157,0.109486,0.092357
0.025865,0.775733,0.198402
0.001079,0.007184,0.991737
0.003552,0.011093,0.985355
0.111995,0.887820,0.000185
0.243640,0.756356,0.000004
0.927070,0.072930,0.000000
0.995948,0.004052,0.000000
0.985201,0.014799,0.000000
0.105411,0.894525,0.000064
0.000841,0.996983,0.002176
0.000109,0.000129,0.999763
0.986345,0.013655,0.000000
0.384601,0.614043,0.001356
0.189718,0.718448,0.091834
0.004193,0.012113,0.983694
0.057906,0.306627,0.635466
0.004572,0.009137,0.986291
0.429433,0.570093,0.000474
0.001432,0.997110,0.001458
0.012205,0.118836,0.868959
0.002716,0.984586,0.012698
0.008785,0.356251,0.634965
0.974690,0.025310,0.000000
0.931823,0.064452,0.003725
0.888528,0.097330,0.014142
0.979593,0.020406,0.000000
0.003217,0.066336,0.930448
0.132021,0.736419,0.131560
0.340317,0.062844,0.596839
0.118950,0.680526,0.200524
0.040707,0.436648,0.522645
0.212940,0.787054,0.000006
0.608146,0.391845,0.000009
0.983185,0.016801,0.000013
0.589921,0.410069,0.000010
0.000058,0.000195,0.999747
0.036004,0.199076,0.764920
0.948476,0.051522,0.000002
0.585820,0.403258,0.010922
0.983429,0.016571,0.000000
0.005952,0.522667,0.471381
0.810972,0.188377,0.000651
0.100863,0.575782,0.323355
0.100483,0.529768,0.369749
0.952942,0.023763,0.023294
0.001311,0.996958,0.001731
0.009549,0.965751,0.024700
0.807397,0.191347,0.001255
0.953031,0.046969,0.000000
0.127485,0.713110,0.159405
0.984597,0.015403,0.000000
0.223562,0.776385,0.000054
0.000260,0.000331,0.999408
0.004214,0.147267,0.848519
0.001464,0.946425,0.052111
0.000637,0.001754,0.997610
0.158498,0.841234,0.000268
0.056402,0.248524,0.695074
0.386546,0.122988,0.490466
0.855632,0.081988,0.062380
0.255600,0.723509,0.020891
0.983692,0.016308,0.000000
0.993583,0.006417,0.000000
0.734686,0.258605,0.006709
0.971774,0.028226,0.000000
0.002782,0.108075,0.889142
0.960441,0.039559,0.000000
0.195193,0.739941,0.064865
0.000248,0.000603,0.999150
0.705671,0.234226,0.060103
0.001991,0.931332,0.066678
0.979370,0.020630,0.000000
0.107712,0.891336,0.000952
0.244611,0.755377,0.000012
0.617241,0.316861,0.065898
0.051392,0.228131,0.720477
0.884910,0.104789,0.010301
0.290085,0.709706,0.000209
0.282009,0.715388,0.002603
0.398460,0.594751,0.006788
0.993793,0.006207,0.000000
0.005157,0.948026,0.046817
0.880922,0.118167,0.000910
0.335845,0.646287,0.017868
0.015155,0.087446,0.897399
0.318921,0.681070,0.000009
0.684621,0.025622,0.289757
0.006623,0.012654,0.980723
0.995720,0.004280,0.000000
0.011514,0.516795,0.471691
0.004197,0.979277,0.016525
0.224938,0.775056,0.000007
0.001111,0.987064,0.011825
0.840807,0.153114,0.006078
0.913156,0.086016,0.000828
0.336180,0.663802,0.000018
0.019621,0.608680,0.371699
0.559353,0.295312,0.145335
0.138378,0.859419,0.002203
0.997294,0.002706,0.000000
0.270500,0.722738,0.006762
0.973568,0.026431,0.000000
0.762506,0.213043,0.024451
0.000113,0.000068,0.999819
0.106894,0.368966,0.524140
0.072870,0.438515,0.488615
0.003701,0.080188,0.916112
0.993557,0.006443,0.000000
0.006912,0.047352,0.945736
0.003256,0.963264,0.033480
0.143887,0.856084,0.000029
0.852822,0.054136,0.093043
0.965576,0.034353,0.000071
0.982567,0.015446,0.001987
0.006077,0.029769,0.964153
0.904674,0.091858,0.003468
0.000805,0.001933,0.997262
0.965634,0.034366,0.000000
0.294956,0.704924,0.000120
0.014838,0.078461,0.906701
0.317565,0.682435,0.000000
0.966630,0.033370,0.000000
0.001029,0.998552,0.000419
0.000140,0.001032,0.998828
0.935388,0.064612,0.000000
0.549263,0.449981,0.000757
0.970604,0.029368,0.000028
0.001513,0.008256,0.990231
0.129078,0.870820,0.000102
0.987286,0.012070,0.000644
0.385497,0.349611,0.264892
0.873378,0.081900,0.044721
0.142218,0.458720,0.399062
0.002914,0.072915,0.924171
0.983589,0.016411,0.000000
0.147140,0.852569,0.000290
0.098233,0.385051,0.516716
0.612041,0.085343,0.302616
0.032913,0.170529,0.796558
0.891402,0.050183,0.058416
0.199989,0.746658,0.053353
0.000328,0.999255,0.000417
0.993329,0.006671,0.000000
0.255829,0.595448,0.148723
0.009607,0.274651,0.715742
0.218785,0.695246,0.085970
0.949005,0.050995,0.000000
0.337402,0.653058,0.009540
0.001084,0.988141,0.010776
0.994659,0.005338,0.000002
0.038901,0.413939,0.547160
0.959860,0.040140,0.000000
0.013011,0.095597,0.891392
0.939088,0.059268,0.001643
0.000668,0.007644,0.991689
0.620139,0.326447,0.053414
0.996257,0.003743,0.000000
0.006193,0.762644,0.231163
0.476127,0.523048,0.000825
0.982541,0.017454,0.000004
0.026151,0.336914,0.636935
0.060254,0.632082,0.307664
0.862999,0.136967,0.000035
0.939461,0.060459,0.000080
0.156422,0.207796,0.635782
0.004853,0.987589,0.007557
0.383790,0.615110,0.001100
0.472747,0.527249,0.000004
0.991354,0.008646,0.000000
0.989594,0.010404,0.000002
0.000728,0.994008,0.005263
0.439759,0.560116,0.000125
0.104587,0.407910,0.487503
0.007107,0.074798,0.918095
0.988922,0.011037,0.000041
0.006195,0.203255,0.790551
0.986717,0.013259,0.000024
0.979598,0.020402,0.000001
0.983440,0.016560,0.000000
0.975243,0.024754,0.000003
0.002134,0.980804,0.017062
0.647915,0.138191,0.213894
0.000031,0.000032,0.999937
0.989084,0.010916,0.000000
0.141263,0.785898,0.072839
0.052799,0.287722,0.659479
0.001243,0.943987,0.054771
0.001533,0.008087,0.990380
0.336059,0.663917,0.000024
0.000041,0.000077,0.999882
0.075970,0.497787,0.426242
0.005872,0.041545,0.952584
0.019701,0.465595,0.514705
0.177325,0.720745,0.101930
0.974057,0.025943,0.000000
0.993832,0.006162,0.000006
0.012872,0.290243,0.696885
0.472484,0.316202,0.211314
0.044608,0.255966,0.699427
0.021663,0.370752,0.607585
0.048723,0.310486,0.640791
0.340492,0.653221,0.006287
0.035249,0.125287,0.839464
0.994633,0.005367,0.000000
0.001090,0.965715,0.033195
0.009360,0.059505,0.931135
0.126824,0.811213,0.061963
0.267199,0.732800,0.000001
0.089074,0.216075,0.694851
0.003001,0.014431,0.982568
0.674257,0.325397,0.000346
0.993811,0.006189,0.000000
0.000309,0.001020,0.998670
0.001364,0.997452,0.001184
0.173773,0.730381,0.095846
0.990012,0.009988,0.000000
0.701111,0.262531,0.036358
0.024020,0.644045,0.331936
0.309643,0.690310,0.000047
0.653651,0.345968,0.000381
0.223363,0.748363,0.028275
0.431537,0.276416,0.292047
0.990091,0.009907,0.000002
0.153419,0.846209,0.000372
0.002151,0.996305,0.001544
0.234217,0.765758,0.000025
0.458930,0.541005,0.000065
0.110284,0.367501,0.522215
0.265699,0.731020,0.003281
0.165593,0.834395,0.000012
0.244311,0.069000,0.686689
0.562161,0.066735,0.371104
0.294157,0.627325,0.078518
0.380073,0.599526,0.020401
0.020006,0.557863,0.422132
0.921424,0.078547,0.000029
0.031330,0.328157,0.640514
0.933526,0.066470,0.000003
0.994171,0.005829,0.000000
0.249837,0.750156,0.000008
0.001060,0.998755,0.000185
0.928632,0.070350,0.001018
0.305367,0.634923,0.059710
0.030149,0.604464,0.365387
0.991938,0.008003,0.000060
0.304596,0.695401,0.000003
0.295245,0.704753,0.000001
0.161956,0.823904,0.014141
0.000271,0.000097,0.999632
0.000606,0.968617,0.030777
0.783548,0.215680,0.000772
0.010754,0.549910,0.439337
0.549760,0.447387,0.002853
0.000432,0.995460,0.004108
0.641092,0.358264,0.000643
0.526697,0.471616,0.001687
0.820316,0.178609,0.001075
0.337930,0.661708,0.000362
0.076718,0.923037,0.000245
0.076161,0.923675,0.000164
0.982486,0.017513,0.000000
0.406222,0.593488,0.000289
0.005666,0.019310,0.975024
0.243907,0.755824,0.000270
0.399565,0.084389,0.516046
0.608655,0.391338,0.000007
0.993990,0.006010,0.000000
0.312707,0.687234,0.000059
0.054275,0.298236,0.647488
0.009628,0.057763,0.932610
0.000138,0.000392,0.999470
0.635506,0.314751,0.049743
0.173560,0.801403,0.025038
0.096337,0.903539,0.000124
0.471181,0.420159,0.108660
0.987385,0.012615,0.000000
0.925397,0.074602,0.000000
0.113130,0.358964,0.527905
0.000630,0.997227,0.002144
0.762169,0.235183,0.002647
0.939529,0.059480,0.000991
0.994399,0.005601,0.000000
0.000435,0.001823,0.997742
0.025653,0.394746,0.579600
0.001337,0.989399,0.009264
0.985073,0.014927,0.000000
0.007994,0.609918,0.382088
0.001389,0.021543,0.977068
0.968675,0.022799,0.008526
0.056365,0.683167,0.260468
0.072151,0.842658,0.085191
0.995099,0.004901,0.000000
0.287557,0.700927,0.011516
0.001463,0.976804,0.021733
0.460343,0.539656,0.000000
0.004378,0.116514,0.879108
0.327555,0.671415,0.001030
0.993454,0.006543,0.000003
0.606218,0.392297,0.001485
0.057597,0.770609,0.171794
0.001164,0.008159,0.990677
0.994756,0.005244,0.000000
0.997174,0.002826,0.000000
0.376321,0.610862,0.012817
0.000914,0.928445,0.070641
0.066213,0.933021,0.000766
0.989293,0.010707,0.000000
0.972112,0.027888,0.000000
0.992937,0.007063,0.000000
0.299994,0.699982,0.000024
0.748522,0.251185,0.000294
0.993740,0.006257,0.000002
0.985470,0.014530,0.000000
0.486606,0.167297,0.346097
0.000065,0.000091,0.999844
0.966871,0.033121,0.000007
0.328003,0.671974,0.000023
0.970263,0.029737,0.000000
0.374499,0.620502,0.004999
0.902839,0.092045,0.005117
0.000594,0.004547,0.994859
0.674583,0.306634,0.018783
0.343647,0.571714,0.084639
0.990994,0.009006,0.000000
0.381080,0.617398,0.001522
0.995780,0.004220,0.000000
0.330419,0.668488,0.001093
0.988487,0.011513,0.000000
0.994231,0.005769,0.000000
0.994852,0.005148,0.000000
0.978889,0.021110,0.000001
0.952086,0.047746,0.000167
0.020630,0.320695,0.658675
0.006686,0.072132,0.921181
0.979667,0.020332,0.000001
0.292769,0.707184,0.000047
0.327058,0.672941,0.000001
0.750143,0.214101,0.035756
0.001324,0.005019,0.993656
0.991087,0.008855,0.000057
0.001318,0.990477,0.008205
0.992990,0.007010,0.000000
0.394094,0.605899,0.000008
0.087140,0.625718,0.287142
0.001802,0.996084,0.002114
0.049222,0.183740,0.767038
0.001823,0.986791,0.011386
0.280897,0.521261,0.197842
0.006390,0.460944,0.532666
0.027920,0.473436,0.498644
0.004989,0.908537,0.086474
0.933332,0.066447,0.000221
0.187492,0.641420,0.171088
0.000323,0.000552,0.999125
0.989058,0.010941,0.000001
0.047560,0.480248,0.472192
0.180262,0.817266,0.002472
0.003387,0.943461,0.053152
0.993600,0.006400,0.000000
0.000095,0.000041,0.999864
0.890401,0.090569,0.019030
0.002457,0.007337,0.990206
0.985039,0.014871,0.000090
0.938789,0.058386,0.002825
0.989168,0.010829,0.000002
0.194907,0.805091,0.000002
0.002131,0.301264,0.696606
0.993147,0.006853,0.000000
0.991294,0.008706,0.000000
0.546517,0.187112,0.266371
0.080984,0.913363,0.005653
0.327981,0.642768,0.029250
0.028387,0.243188,0.728426
0.238621,0.761360,0.000019
0.051307,0.608038,0.340655
0.046723,0.362203,0.591074
0.235813,0.755873,0.008314
0.002211,0.984999,0.012790
0.022892,0.098237,0.878872
0.996872,0.003128,0.000000
0.972653,0.027344,0.000003
0.251747,0.748031,0.000222
0.133734,0.791479,0.074787
0.242606,0.757392,0.000001
0.368210,0.631749,0.000041
0.193732,0.704336,0.101932
0.000517,0.002592,0.996891
0.633443,0.133720,0.232836
0.181048,0.818063,0.000889
0.001016,0.004401,0.994583
0.983925,0.016069,0.000005
0.002775,0.873220,0.124005
0.743663,0.245658,0.010679
0.491502,0.507300,0.001198
0.289554,0.710001,0.000445
0.028096,0.099118,0.872786
0.000001,0.000001,0.999999
0.986985,0.013015,0.000000
0.244415,0.559334,0.196251
0.507416,0.479272,0.013312
0.000412,0.000178,0.999410
0.859629,0.108711,0.031659
0.333861,0.664942,0.001197
0.465690,0.533550,0.000760
0.063186,0.248446,0.688368
0.977063,0.022936,0.000002
0.006177,0.184828,0.808994
0.145766,0.833067,0.021167
0.948543,0.051457,0.000000
0.708032,0.277420,0.014547
0.980335,0.019665,0.000000
0.977832,0.021987,0.000181
0.315701,0.684298,0.000001
0.103970,0.848288,0.047742
0.264495,0.735503,0.000002
0.000745,0.999013,0.000241
0.074716,0.329524,0.595760
0.018786,0.065422,0.915792
0.829770,0.169564,0.000667
0.992244,0.007756,0.000000
0.993740,0.006260,0.000000
0.044861,0.145002,0.810137
0.967638,0.032362,0.000000
0.123897,0.875927,0.000176
0.969534,0.030466,0.000000
0.006496,0.021060,0.972444
0.006915,0.142817,0.850268
0.169199,0.583709,0.247093
0.300216,0.689676,0.010108
0.992055,0.007945,0.000000
0.040507,0.502476,0.457016
0.051063,0.279343,0.669594
0.001167,0.810355,0.188478
0.000889,0.994041,0.005070
0.003608,0.065758,0.930634
0.918811,0.025385,0.055804
0.351327,0.635103,0.013570
0.972218,0.027782,0.000000
0.000567,0.001717,0.997715
0.017446,0.108862,0.873693
0.019722,0.521378,0.458901
0.021626,0.142701,0.835673
0.000174,0.000644,0.999181
0.039299,0.246222,0.714480
0.157694,0.803219,0.039087
0.031446,0.151640,0.816914
0.994344,0.005656,0.000000
0.418803,0.581182,0.000015
0.070962,0.644272,0.284767
0.966660,0.016333,0.017008
0.450573,0.538981,0.010446
0.055125,0.763165,0.181710
0.994775,0.005225,0.000000
0.002307,0.015552,0.982141
0.994285,0.005714,0.000001
0.996944,0.003056,0.000000
0.955531,0.044469,0.000000
0.976651,0.023349,0.000001
0.992935,0.007065,0.000000
0.021822,0.068927,0.909250
0.000259,0.000749,0.998991
0.123066,0.871302,0.005632
0.001913,0.996488,0.001599
0.392238,0.549624,0.058138
0.148450,0.851521,0.000029
0.968869,0.030906,0.000225
0.000924,0.004421,0.994655
0.888509,0.110822,0.000669
0.056008,0.444719,0.499272
0.924246,0.075754,0.000000
0.977116,0.022884,0.000000
0.417138,0.582825,0.000036
0.958221,0.040121,0.001658
0.240393,0.743339,0.016268
0.002988,0.033119,0.963894
0.273763,0.641364,0.084874
0.261236,0.422142,0.316622
0.001881,0.986994,0.011125
0.443082,0.115107,0.441812
0.062516,0.829021,0.108463
0.000193,0.000108,0.999698
0.992495,0.007505,0.000000
0.995165,0.004835,0.000000
0.959623,0.040377,0.000000
0.820167,0.178360,0.001473
0.994283,0.005717,0.000000
0.047711,0.551250,0.401039
0.003393,0.779489,0.217118
0.915367,0.083709,0.000924
0.224963,0.774997,0.000040
0.454130,0.545856,0.000014
0.808979,0.189321,0.001700
0.235298,0.664486,0.100216
0.413143,0.582306,0.004551
0.992474,0.007526,0.000000
0.991226,0.008774,0.000000
0.152083,0.029553,0.818364
0.103413,0.894362,0.002225
0.432232,0.567267,0.000502
0.192615,0.797590,0.009795
0.946022,0.053978,0.000000
0.282992,0.717007,0.000002
0.948157,0.051832,0.000012
0.200347,0.799442,0.000212
0.099775,0.259707,0.640518
0.983641,0.016359,0.000000
0.001106,0.998462,0.000432
0.237961,0.609259,0.152780
0.592332,0.264617,0.143051
0.404855,0.593817,0.001329
0.220733,0.779264,0.000002
0.039515,0.446338,0.514147
0.527512,0.472276,0.000212
0.000687,0.003967,0.995346
0.012999,0.099993,0.887008
0.412241,0.018019,0.569740
0.986789,0.013211,0.000001
0.266108,0.733855,0.000037
0.018344,0.101235,0.880421
0.023562,0.485728,0.490710
0.740303,0.251053,0.008644
0.067835,0.377157,0.555007
0.428849,0.566686,0.004465
0.986990,0.012925,0.000085
0.980832,0.019168,0.000000
0.983638,0.016315,0.000047
0.025889,0.876795,0.097316
0.000952,0.001664,0.997384
0.976128,0.023872,0.000000
0.841917,0.141879,0.016205
0.457595,0.540986,0.001419
0.239352,0.753161,0.007487
0.927093,0.072690,0.000217
0.881314,0.116315,0.002371
0.100523,0.899055,0.000422
0.946147,0.053817,0.000037
0.981631,0.018368,0.000001
0.007893,0.516337,0.475770
0.007903,0.973568,0.018529
0.798388,0.127860,0.073752
0.759257,0.236383,0.004360
0.170354,0.829500,0.000146
0.976499,0.023500,0.000001
0.383759,0.056044,0.560196
0.356281,0.642319,0.001399
0.336756,0.124484,0.538760
0.996116,0.003884,0.000000
0.175579,0.824287,0.000134
0.972907,0.027093,0.000000
0.000991,0.002713,0.996296
0.032142,0.524368,0.443490
0.000482,0.001069,0.998449
0.176393,0.781368,0.042239
0.086155,0.686526,0.227319
0.056247,0.390256,0.553497
0.829202,0.147338,0.023460
0.021144,0.744045,0.234811
0.948056,0.049030,0.002913
0.006000,0.063046,0.930954
0.001203,0.004883,0.993914
0.444303,0.047910,0.507787
0.024961,0.582003,0.393037
0.026825,0.358148,0.615027
0.000593,0.994804,0.004603
0.038085,0.245089,0.716827
0.486175,0.322845,0.190980
0.977760,0.022239,0.000001
0.000495,0.005963,0.993541
0.001417,0.003666,0.994917
0.385919,0.609231,0.004850
0.001315,0.975947,0.022738
0.018358,0.452703,0.528939
0.045110,0.630176,0.324713
0.986965,0.013035,0.000000
0.000574,0.998567,0.000859
0.004194,0.994753,0.001053
0.035869,0.481890,0.482240
0.001400,0.996476,0.002125
0.648670,0.350169,0.001160
0.000147,0.000126,0.999727
0.522849,0.473547,0.003604
0.233463,0.766536,0.000001
0.975081,0.024918,0.000001
0.001759,0.991155,0.007086
0.990868,0.009132,0.000000
0.963293,0.027090,0.009617
0.001224,0.895613,0.103162
0.200168,0.799829,0.000003
0.817765,0.182138,0.000097
0.030400,0.109009,0.860590
0.578627,0.421350,0.000023
0.000565,0.003749,0.995686
0.983051,0.016949,0.000000
0.363039,0.565071,0.071889
0.003558,0.008409,0.988033
0.070615,0.921153,0.008232
0.984787,0.015213,0.000000
0.006428,0.050783,0.942789
0.203090,0.796906,0.000004
0.435928,0.563862,0.000210
0.005698,0.976658,0.017644
0.576227,0.087921,0.335852
0.008485,0.296022,0.695493
0.990692,0.009307,0.000001
0.985386,0.014613,0.000001
0.006428,0.029089,0.964483
0.191091,0.790217,0.018691
0.000630,0.000359,0.999011
0.364161,0.611821,0.024018
0.991306,0.008694,0.000000
0.022278,0.427824,0.549898
0.996914,0.003086,0.000000
0.031626,0.781318,0.187056
0.863558,0.136295,0.000146
0.972393,0.027607,0.000000
0.125858,0.565762,0.308380
0.077496,0.921616,0.000888
0.127906,0.069044,0.803051
0.818836,0.180685,0.000479
0.946755,0.053236,0.000009
0.002317,0.979702,0.017981
0.277917,0.721992,0.000090
0.877462,0.032486,0.090052
0.991380,0.008618,0.000003
0.535266,0.461394,0.003340
0.979722,0.019942,0.000336
0.000201,0.000170,0.999630
0.517741,0.467245,0.015014
0.284643,0.669223,0.046134
0.969387,0.030613,0.000000
0.183807,0.816073,0.000120
0.166595,0.833365,0.000040
0.016573,0.751273,0.232154
0.023047,0.092378,0.884575
0.983202,0.016798,0.000000
0.163105,0.759933,0.076962
0.899635,0.099287,0.001077
0.007235,0.122825,0.869940
0.010811,0.068396,0.920793
0.974130,0.025173,0.000698
0.055817,0.204001,0.740182
0.034499,0.839230,0.126271
0.005311,0.844115,0.150573
0.013390,0.674625,0.311985
0.984836,0.012022,0.003142
0.410244,0.588075,0.001682
0.001855,0.990522,0.007623
0.278183,0.721790,0.000027
0.381487,0.048473,0.570040
0.117357,0.881238,0.001405
0.000816,0.997875,0.001309
0.064430,0.255533,0.680037
0.325232,0.674728,0.000040
0.768494,0.164255,0.067251
0.866183,0.111776,0.022041
0.772286,0.117028,0.110685
0.027296,0.280650,0.692054
0.074246,0.534521,0.391232
0.000112,0.000172,0.999717
0.199308,0.800691,0.000001
0.001232,0.998393,0.000376
0.003906,0.905282,0.090811
0.957353,0.038904,0.003743
0.063176,0.641358,0.295466
0.004262,0.995194,0.000544
0.000136,0.000487,0.999377
0.801418,0.197371,0.001211
0.015780,0.644718,0.339502
0.227875,0.769263,0.002863
0.533169,0.463853,0.002978
0.001294,0.991673,0.007033
0.934617,0.040840,0.024543
0.000059,0.000016,0.999925
0.093719,0.905117,0.001164
0.245818,0.741508,0.012675
0.010973,0.398449,0.590578
0.011807,0.592424,0.395769
0.246390,0.753608,0.000002
0.027343,0.584190,0.388468
0.937597,0.056305,0.006098
0.951159,0.048823,0.000018
0.989772,0.010228,0.000000
0.505402,0.493600,0.000999
0.135814,0.864099,0.000088
0.001408,0.980105,0.018487
0.930598,0.069402,0.000000
0.332870,0.664177,0.002953
0.058420,0.687468,0.254112
0.004768,0.021973,0.973259
0.985666,0.014334,0.000000
0.001350,0.994871,0.003779
0.991280,0.008708,0.000012
0.476179,0.523547,0.000274
0.176431,0.823563,0.000006
0.154452,0.832874,0.012674
0.355272,0.644537,0.000191
0.000914,0.997126,0.001960
0.002104,0.996203,0.001692
0.028932,0.017010,0.954058
0.157580,0.042266,0.800154
0.000252,0.000085,0.999664
0.901108,0.077683,0.021208
0.293455,0.011276,0.695269
0.211385,0.769995,0.018620
0.975119,0.024881,0.000000
0.037767,0.774257,0.187976
0.221858,0.647385,0.130757
0.001959,0.006622,0.991419
0.333058,0.666941,0.000002
0.027859,0.622529,0.349612
0.006495,0.110822,0.882683
0.996826,0.003174,0.000000
0.485351,0.431037,0.083612
0.952899,0.047101,0.000000
0.908062,0.089545,0.002393
0.003845,0.009647,0.986508
0.002011,0.982970,0.015019
0.752416,0.238932,0.008652
0.008315,0.276927,0.714759
0.442957,0.270909,0.286134
0.005072,0.016172,0.978756
0.041958,0.468707,0.489335
0.000324,0.002114,0.997562
0.022021,0.123024,0.854956
0.135918,0.623384,0.240698
0.075791,0.344757,0.579451
0.153922,0.648324,0.197754
0.001508,0.983802,0.014690
0.159905,0.840029,0.000065
0.186900,0.769793,0.043307
0.006974,0.081615,0.911411
0.020161,0.564727,0.415112
0.954914,0.045086,0.000000
0.748612,0.251068,0.000320
0.038806,0.115346,0.845847
0.005144,0.953741,0.041115
0.179469,0.820448,0.000083
0.994673,0.005327,0.000000
0.826752,0.050857,0.122392
0.228953,0.771047,0.000000
0.038482,0.460766,0.500752
0.982607,0.016903,0.000490
0.001473,0.985532,0.012996
0.071841,0.484830,0.443330
0.387143,0.612589,0.000268
0.993041,0.006959,0.000000
0.330147,0.667389,0.002465
0.000029,0.000108,0.999863
0.768619,0.227523,0.003858
0.982985,0.017015,0.000000
0.298773,0.701047,0.000179
0.202190,0.777011,0.020798
0.982219,0.017781,0.000000
0.984993,0.015007,0.000000
0.934705,0.065289,0.000006
0.996818,0.003182,0.000000
0.000333,0.000190,0.999477
0.268496,0.729649,0.001855
0.009777,0.416069,0.574154
0.022357,0.158097,0.819546
0.033837,0.704624,0.261539
0.019018,0.212124,0.768858
0.205400,0.794495,0.000106
0.292427,0.707456,0.000117
0.805977,0.192633,0.001390
0.955344,0.023727,0.020929
0.110894,0.889069,0.000037
0.985580,0.014420,0.000000
0.147145,0.692521,0.160335
0.005362,0.902761,0.091877
0.144714,0.692453,0.162832
0.008018,0.028253,0.963728
0.015651,0.227575,0.756774
0.014521,0.615346,0.370134
0.149732,0.850215,0.000052
0.551625,0.354032,0.094342
0.982851,0.017149,0.000000
0.027254,0.173348,0.799398
0.987131,0.012827,0.000042
0.000040,0.000016,0.999943
0.983365,0.016584,0.000051
0.302299,0.694808,0.002893
0.967617,0.032383,0.000000
0.000083,0.000186,0.999731
0.847485,0.148403,0.004113
0.194238,0.788977,0.016785
0.075334,0.170702,0.753964
0.939301,0.060699,0.000000
0.007723,0.358590,0.633687
0.981324,0.018676,0.000000
0.989815,0.008133,0.002052
0.354879,0.644836,0.000284
0.100485,0.519224,0.380291
0.995962,0.004038,0.000000
0.992871,0.007129,0.000000
0.985547,0.014446,0.000007
0.480394,0.518978,0.000628
0.016002,0.730956,0.253042
0.079810,0.012121,0.908069
0.075491,0.372481,0.552027
0.938745,0.061242,0.000013
0.158778,0.841220,0.000002
0.927123,0.072592,0.000285
0.200381,0.799405,0.000213
0.076683,0.497825,0.425492
0.985085,0.014915,0.000000
0.316350,0.683403,0.000248
0.043173,0.295794,0.661033
0.001869,0.983271,0.014860
0.000785,0.989870,0.009345
0.238319,0.077590,0.684091
0.995264,0.004736,0.000000
0.542613,0.104190,0.353197
0.089817,0.543768,0.366414
0.202221,0.551084,0.246694
0.048562,0.542701,0.408737
0.236085,0.051475,0.712440
0.326517,0.673481,0.000002
0.104647,0.635442,0.259910
0.880124,0.041983,0.077893
0.245439,0.754139,0.000422
0.000044,0.000098,0.999858
0.196382,0.803614,0.000003
0.166312,0.833512,0.000176
0.977974,0.022026,0.000000
0.000142,0.000352,0.999506
0.148555,0.849965,0.001480
0.345843,0.654144,0.000014
0.077470,0.844538,0.077992
0.471630,0.524456,0.003915
0.205819,0.788087,0.006093
0.069062,0.441819,0.489119
0.204886,0.036379,0.758736
0.558279,0.064213,0.377507
0.991722,0.008278,0.000000
0.993884,0.006093,0.000023
0.281292,0.718707,0.000001
0.418197,0.581767,0.000035
0.981051,0.018949,0.000000
0.135055,0.824691,0.040254
0.002982,0.969509,0.027509
0.986579,0.013421,0.000000
0.250589,0.173782,0.575629
0.966600,0.033393,0.000007
0.931783,0.068217,0.000000
0.111993,0.887312,0.000695
0.354098,0.108888,0.537014
0.004676,0.158609,0.836715
0.884162,0.054830,0.061008
0.712165,0.261147,0.026688
0.360817,0.610091,0.029092
0.008377,0.145339,0.846284
0.845218,0.138670,0.016112
0.010472,0.579745,0.409783
0.066359,0.222150,0.711491
0.000856,0.998959,0.000185
0.147666,0.545355,0.306979
0.919992,0.079451,0.000557
0.004342,0.917418,0.078240
0.963447,0.036552,0.000001
0.851065,0.109188,0.039746
0.665969,0.312619,0.021412
0.356600,0.643382,0.000019
0.929982,0.070018,0.000000
0.988404,0.011596,0.000000
0.014178,0.391742,0.594081
0.995742,0.004258,0.000000
0.218110,0.781470,0.000421
0.008957,0.035922,0.955120
0.996097,0.003903,0.000000
0.993012,0.006987,0.000000
0.391416,0.591225,0.017360
0.941418,0.058411,0.000171
0.026004,0.264718,0.709278
0.000053,0.000015,0.999932
0.593207,0.406789,0.000004
0.954486,0.045428,0.000086
0.115470,0.883706,0.000824
0.003400,0.023763,0.972837
0.005177,0.961832,0.032991
0.339055,0.659953,0.000992
0.009749,0.029458,0.960793
0.623576,0.239598,0.136826
0.012029,0.076619,0.911352
0.012674,0.114211,0.873115
0.255056,0.687296,0.057647
0.967034,0.032966,0.000000
0.021427,0.682846,0.295727
0.001373,0.001759,0.996869
0.831875,0.168074,0.000051
0.217160,0.782837,0.000003
0.057285,0.334412,0.608303
0.976359,0.023635,0.000006
0.988090,0.011910,0.000000
0.899785,0.100210,0.000005
0.002746,0.024127,0.973127
0.505374,0.376490,0.118136
0.040534,0.329978,0.629488
0.428874,0.533518,0.037608
0.298414,0.695195,0.006391
0.110273,0.868251,0.021476
0.962651,0.037349,0.000000
0.966756,0.033186,0.000058
0.964828,0.035172,0.000000
0.996322,0.003678,0.000000
0.000767,0.005411,0.993822
0.980976,0.019024,0.000000
0.000156,0.000137,0.999707
0.890161,0.109834,0.000005
0.970888,0.029112,0.000000
0.566461,0.430624,0.002915
0.563935,0.354857,0.081208
0.061357,0.633008,0.305635
0.094506,0.042114,0.863380
0.842142,0.157831,0.000027
0.982253,0.017747,0.000000
0.062699,0.777673,0.159628
0.273101,0.462199,0.264700
0.933145,0.066855,0.000000
0.009831,0.283759,0.706411
0.035887,0.604021,0.360092
0.007345,0.024424,0.968230
0.923877,0.068841,0.007283
0.051025,0.624234,0.324741
0.036029,0.425556,0.538415
0.065126,0.454143,0.480731
0.948615,0.051385,0.000000
0.807497,0.192298,0.000206
0.993821,0.006179,0.000000
0.416674,0.581137,0.002188
0.133525,0.824480,0.041995
0.210897,0.789102,0.000001
0.001680,0.997853,0.000468
0.001819,0.006500,0.991681
0.001938,0.029562,0.968501
0.982953,0.016055,0.000992
0.027254,0.450771,0.521976
0.011632,0.047378,0.940990
0.010994,0.499654,0.489352
0.339005,0.652752,0.008244
0.008981,0.019716,0.971303
0.053706,0.430889,0.515405
0.021764,0.543147,0.435089
0.445558,0.359730,0.194713
0.002349,0.036419,0.961232
0.674765,0.262123,0.063112
0.038848,0.148667,0.812484
0.111848,0.579066,0.309086
0.017446,0.470392,0.512162
0.085057,0.885960,0.028983
0.177410,0.822523,0.000067
0.183663,0.816321,0.000017
0.496947,0.502964,0.000089
0.000961,0.985484,0.013554
0.221575,0.766357,0.012068
0.345464,0.654536,0.000000
0.986032,0.013968,0.000000
0.289131,0.710752,0.000116
0.005267,0.025556,0.969177
0.914378,0.048342,0.037280
0.988594,0.011406,0.000000
0.995597,0.004402,0.000001
0.000558,0.999190,0.000252
0.988978,0.011022,0.000000
0.990525,0.009475,0.000000
0.107297,0.641211,0.251492
0.970774,0.029225,0.000000
0.985825,0.014174,0.000001
0.996150,0.003850,0.000000
0.278451,0.721494,0.000055
0.388524,0.611073,0.000404
0.144880,0.855070,0.000050
0.005471,0.493018,0.501511
0.934420,0.019498,0.046081
