0.066475,0.028594,0.066213,0.025862,0.334431,0.094498,0.274853,0.020807,0.033265,0.055002
0.085793,0.389413,0.051563,0.036605,0.066578,0.051771,0.044643,0.090109,0.146637,0.036888
0.142093,0.073965,0.082404,0.128077,0.097441,0.107207,0.113271,0.024284,0.095103,0.136155
0.097027,0.129714,0.044687,0.139013,0.104468,0.056456,0.149671,0.119534,0.114540,0.044889
0.070892,0.070365,0.083531,0.108898,0.114938,0.101053,0.113171,0.090396,0.123979,0.122777
0.069108,0.119886,0.042822,0.093868,0.077538,0.151118,0.244521,0.112137,0.054787,0.034216
0.028993,0.057612,0.147308,0.044661,0.445540,0.063082,0.059417,0.044002,0.051563,0.057821
0.097072,0.096863,0.093096,0.052516,0.052955,0.115929,0.287417,0.076307,0.078164,0.049682
0.060574,0.238489,0.052501,0.105925,0.058929,0.177260,0.104610,0.071417,0.047350,0.082947
0.032472,0.110662,0.030863,0.150905,0.034191,0.112687,0.230598,0.126783,0.054223,0.116616
0.107708,0.123280,0.121891,0.120361,0.086686,0.031681,0.133331,0.089014,0.078694,0.107354
0.057760,0.105394,0.210236,0.085609,0.054504,0.111662,0.101643,0.094760,0.072791,0.105640
0.020061,0.146979,0.080042,0.126010,0.065224,0.173264,0.165456,0.025569,0.078634,0.118761
0.042506,0.152546,0.224072,0.071368,0.092356,0.173842,0.068802,0.059550,0.069830,0.045128
0.052309,0.073358,0.119836,0.122331,0.127912,0.039503,0.117737,0.127568,0.098486,0.120959
0.093303,0.198549,0.034401,0.095191,0.101654,0.038325,0.097014,0.085943,0.097898,0.157722
0.038187,0.047310,0.290644,0.039662,0.260014,0.107573,0.036455,0.042810,0.100341,0.037004
0.107165,0.136479,0.054060,0.106984,0.057274,0.164061,0.141663,0.116752,0.078368,0.037194
0.066757,0.117086,0.112186,0.069113,0.104971,0.136125,0.118193,0.084357,0.091482,0.099731
0.111132,0.083526,0.108927,0.105052,0.092677,0.117333,0.097890,0.078411,0.087242,0.117811
0.071240,0.290674,0.075239,0.059251,0.030592,0.035323,0.271854,0.040094,0.069638,0.056095
0.081282,0.131441,0.035104,0.109498,0.096969,0.170687,0.105094,0.095968,0.066320,0.107638
0.045970,0.313209,0.135291,0.033601,0.250766,0.062063,0.037916,0.044362,0.028870,0.047952
0.077551,0.102817,0.157224,0.089003,0.063290,0.103129,0.101737,0.087848,0.114058,0.103343
0.021244,0.068368,0.156270,0.088533,0.369888,0.077382,0.074025,0.059761,0.041248,0.043281
0.089464,0.107586,0.211585,0.089765,0.083444,0.101442,0.095150,0.068548,0.065899,0.087117
0.045866,0.095485,0.092799,0.094873,0.084824,0.129280,0.113434,0.101951,0.132263,0.109224
0.042239,0.125157,0.120001,0.094160,0.071041,0.112899,0.118658,0.129946,0.082990,0.102909
0.050133,0.101491,0.229599,0.080783,0.071652,0.125342,0.108859,0.077591,0.056139,0.098411
0.057184,0.264980,0.081882,0.109592,0.061776,0.043907,0.099925,0.108616,0.058715,0.113424
0.078089,0.206603,0.090994,0.091903,0.067485,0.109098,0.102062,0.093202,0.085216,0.075347
0.048218,0.105327,0.195717,0.087922,0.087735,0.125129,0.094816,0.075166,0.076828,0.103142
0.058073,0.053107,0.088442,0.090614,0.032891,0.097610,0.327393,0.067374,0.147782,0.036715
0.109676,0.080150,0.036356,0.103042,0.089892,0.156016,0.141094,0.074616,0.092717,0.116441
0.064142,0.103938,0.166499,0.039189,0.076773,0.090891,0.194553,0.075260,0.088110,0.100645
0.033563,0.054941,0.308105,0.047682,0.280731,0.086718,0.048916,0.047395,0.046612,0.045337
0.064566,0.109746,0.202747,0.083950,0.070958,0.122589,0.109694,0.081949,0.084585,0.069218
0.065566,0.122739,0.202689,0.101731,0.077979,0.100986,0.114766,0.058755,0.080936,0.073852
0.074984,0.086904,0.158302,0.080457,0.045773,0.081115,0.224510,0.076594,0.074431,0.096931
0.057915,0.131111,0.343401,0.113584,0.027338,0.070984,0.068686,0.080894,0.049416,0.056671
0.062804,0.082200,0.092861,0.140043,0.068565,0.117335,0.129901,0.113788,0.080655,0.111848
0.068367,0.091039,0.095081,0.092518,0.069950,0.086435,0.226146,0.070005,0.095044,0.105415
0.058654,0.093511,0.227534,0.107607,0.074618,0.102832,0.083134,0.040246,0.124289,0.087574
0.057310,0.085308,0.104563,0.102270,0.041762,0.076521,0.319638,0.061696,0.051450,0.099482
0.068605,0.135086,0.031500,0.109500,0.049622,0.184402,0.136527,0.130131,0.052716,0.101911
0.072352,0.097003,0.123284,0.119160,0.043068,0.133861,0.100089,0.105231,0.097555,0.108397
0.066437,0.112645,0.093395,0.080033,0.046398,0.033619,0.277709,0.095603,0.069652,0.124510
0.098042,0.097731,0.092757,0.113624,0.099212,0.111097,0.112676,0.103629,0.075594,0.095638
0.040175,0.142967,0.300919,0.046763,0.093957,0.073783,0.091148,0.084670,0.055440,0.070177
0.047297,0.270613,0.084256,0.073141,0.030786,0.047768,0.320573,0.050050,0.056943,0.018572
0.080169,0.089923,0.043687,0.152366,0.118939,0.040782,0.151654,0.113256,0.065430,0.143794
0.051351,0.108906,0.165775,0.094277,0.103382,0.106140,0.101649,0.099041,0.102330,0.067148
0.033269,0.291717,0.068252,0.051401,0.018800,0.055721,0.345239,0.026846,0.047755,0.061001
0.065515,0.149503,0.271172,0.062604,0.032267,0.065998,0.075231,0.102966,0.073263,0.101481
0.081210,0.092207,0.062413,0.040889,0.062542,0.074440,0.281096,0.048983,0.163616,0.092604
0.012096,0.327940,0.149043,0.022267,0.286867,0.066791,0.028972,0.043256,0.025711,0.037056
0.058285,0.203753,0.165960,0.077324,0.065912,0.097889,0.074516,0.102448,0.074008,0.079904
0.030463,0.059535,0.383724,0.046285,0.168185,0.088857,0.057571,0.074232,0.043644,0.047503
0.080539,0.119086,0.089324,0.102566,0.113450,0.123500,0.102244,0.094215,0.073702,0.101374
0.070304,0.105273,0.161026,0.097554,0.104008,0.097800,0.098416,0.041324,0.105302,0.118993
0.065170,0.109027,0.116011,0.093528,0.050815,0.031048,0.273931,0.072513,0.084799,0.103159
0.057892,0.061069,0.335922,0.085464,0.139551,0.113744,0.059823,0.038997,0.049645,0.057893
0.046591,0.103848,0.217622,0.089419,0.110340,0.125628,0.113855,0.064371,0.057826,0.070500
0.071916,0.105133,0.046454,0.126445,0.112664,0.121380,0.120641,0.083738,0.093031,0.118598
0.030582,0.051358,0.240919,0.045978,0.168767,0.089818,0.229608,0.043126,0.049940,0.049904
0.064954,0.269397,0.125539,0.057413,0.066133,0.097985,0.092411,0.102057,0.069463,0.054648
0.071885,0.167229,0.039751,0.102547,0.100256,0.119769,0.104852,0.121621,0.063565,0.108525
0.043090,0.301081,0.021599,0.050147,0.026186,0.129715,0.288562,0.047203,0.061118,0.031299
0.027330,0.167926,0.195844,0.059586,0.101772,0.173035,0.075288,0.060121,0.067891,0.071206
0.044502,0.119741,0.038878,0.054481,0.073212,0.148566,0.216010,0.126546,0.075792,0.102272
0.042581,0.316033,0.049365,0.016407,0.401698,0.054256,0.022485,0.035728,0.025200,0.036246
0.066757,0.057668,0.099184,0.092373,0.313862,0.090284,0.053487,0.034808,0.124142,0.067436
0.040695,0.119260,0.038016,0.129760,0.128325,0.173947,0.140868,0.109284,0.083168,0.036677
0.019310,0.136436,0.026174,0.148089,0.132063,0.031033,0.199820,0.128027,0.085528,0.093519
0.074913,0.114400,0.028340,0.099758,0.121896,0.180625,0.112535,0.118965,0.074053,0.074514
0.058265,0.117891,0.103859,0.128054,0.058941,0.120691,0.108573,0.095354,0.101177,0.107194
0.092651,0.304668,0.068638,0.058948,0.091371,0.075721,0.067371,0.087991,0.072834,0.079806
0.055782,0.104069,0.195639,0.107841,0.063740,0.104744,0.109402,0.070673,0.085560,0.102551
0.085733,0.318316,0.057646,0.033637,0.021421,0.055128,0.301128,0.047523,0.025401,0.054066
0.056708,0.062129,0.141335,0.087501,0.181026,0.134561,0.088398,0.055979,0.119352,0.073011
0.128595,0.093453,0.121271,0.123261,0.067320,0.120572,0.142393,0.031202,0.117095,0.054839
0.103389,0.113507,0.168820,0.056833,0.075805,0.105880,0.121779,0.041203,0.097094,0.115690
0.111952,0.107041,0.103404,0.103292,0.072313,0.122554,0.087429,0.108994,0.084753,0.098267
0.033356,0.328865,0.108564,0.106841,0.075586,0.083721,0.078896,0.027358,0.083832,0.072981
0.024291,0.072583,0.065401,0.137746,0.060874,0.123967,0.260312,0.066670,0.083950,0.104206
0.047549,0.285315,0.054254,0.061001,0.029522,0.019017,0.372368,0.059296,0.035628,0.036051
0.075024,0.106381,0.111105,0.113234,0.101268,0.113592,0.101770,0.091033,0.086272,0.100321
0.042484,0.080771,0.063891,0.098931,0.065187,0.112016,0.265545,0.095635,0.068926,0.106613
0.049608,0.155592,0.028329,0.125532,0.050704,0.142451,0.141548,0.090480,0.090375,0.125381
0.055611,0.047854,0.146258,0.063583,0.286138,0.114935,0.066000,0.055676,0.127504,0.036440
0.059450,0.215191,0.102865,0.079210,0.070289,0.104525,0.085596,0.073540,0.087348,0.121986
0.065297,0.133471,0.178811,0.101716,0.079084,0.135614,0.079432,0.099843,0.059301,0.067432
0.083453,0.048942,0.117911,0.031103,0.372120,0.104026,0.056855,0.067710,0.050634,0.067246
0.041341,0.335060,0.045615,0.060689,0.029461,0.039702,0.300898,0.029078,0.078189,0.039967
0.067189,0.216691,0.159163,0.110463,0.062730,0.107646,0.083122,0.086416,0.075834,0.030745
0.110691,0.104786,0.121983,0.125274,0.085244,0.130310,0.123114,0.022590,0.077990,0.098018
0.079635,0.102793,0.166057,0.123138,0.088378,0.117398,0.122425,0.040534,0.111886,0.047757
0.074192,0.170721,0.106792,0.094673,0.104300,0.083291,0.088967,0.077911,0.086225,0.112929
0.059040,0.223153,0.086731,0.093273,0.079916,0.083973,0.106105,0.092430,0.063682,0.111697
0.047743,0.123985,0.099291,0.122873,0.075089,0.111778,0.108454,0.090187,0.091793,0.128808
0.041132,0.344578,0.048068,0.039102,0.020973,0.044241,0.347329,0.025325,0.028936,0.060316
0.070304,0.282489,0.098918,0.108348,0.037334,0.109533,0.066486,0.056233,0.068738,0.101617
0.059874,0.114697,0.176968,0.123818,0.070407,0.098945,0.103162,0.067721,0.074688,0.109720
0.122149,0.199947,0.113587,0.104892,0.041939,0.083400,0.086664,0.064186,0.114401,0.068837
0.058195,0.173222,0.206228,0.026853,0.102186,0.172821,0.058927,0.095866,0.074981,0.030721
0.090958,0.123485,0.089571,0.089510,0.071521,0.129219,0.109651,0.079267,0.088736,0.128082
0.012412,0.227711,0.106225,0.019914,0.397302,0.059555,0.028353,0.056007,0.059022,0.033500
0.112351,0.236426,0.107648,0.048023,0.043446,0.048626,0.275895,0.032020,0.026876,0.068688
0.045354,0.141535,0.062889,0.129641,0.107189,0.176813,0.123521,0.098900,0.070751,0.043408
0.042734,0.337598,0.169373,0.039305,0.215767,0.046334,0.042762,0.040316,0.040095,0.025716
0.041728,0.064330,0.274979,0.100765,0.125526,0.144095,0.068689,0.050473,0.053355,0.076060
0.111987,0.195712,0.122848,0.052751,0.066649,0.095422,0.109120,0.070755,0.066370,0.108385
0.069181,0.119554,0.047651,0.103778,0.048063,0.189014,0.126426,0.096241,0.101852,0.098241
0.022825,0.043038,0.156750,0.071604,0.222348,0.062090,0.277757,0.067683,0.034110,0.041794
0.022609,0.044357,0.344466,0.090336,0.084237,0.088255,0.091961,0.103123,0.048276,0.082380
0.089361,0.068105,0.146847,0.114345,0.090347,0.095558,0.097654,0.072655,0.108361,0.116767
0.116905,0.101154,0.133993,0.122344,0.075665,0.043059,0.146134,0.092098,0.040201,0.128446
0.087549,0.130795,0.122019,0.060171,0.095081,0.050989,0.133817,0.094032,0.079461,0.146085
0.065411,0.139226,0.105452,0.133724,0.102565,0.041597,0.132768,0.023507,0.125928,0.129823
0.085193,0.311958,0.072672,0.096023,0.088151,0.037727,0.102730,0.030506,0.063989,0.111051
0.090466,0.109827,0.111198,0.110433,0.075853,0.092748,0.098042,0.094004,0.120832,0.096596
0.088576,0.112246,0.081167,0.111890,0.059695,0.122175,0.104905,0.091807,0.112129,0.115411
0.058398,0.112733,0.176303,0.053926,0.100108,0.107004,0.119072,0.092217,0.072839,0.107401
0.066825,0.076226,0.082149,0.112297,0.106199,0.106165,0.109296,0.103584,0.100757,0.136502
0.082593,0.096649,0.076732,0.083796,0.097566,0.089477,0.296289,0.023903,0.091047,0.061947
0.035458,0.107986,0.086814,0.105040,0.097733,0.037789,0.238875,0.088924,0.092155,0.109227
0.013818,0.371699,0.131155,0.019382,0.278646,0.065151,0.025220,0.040793,0.022965,0.031171
0.024849,0.049781,0.096030,0.073004,0.461468,0.104388,0.052529,0.049220,0.041796,0.046935
0.069153,0.087248,0.076802,0.074332,0.073083,0.078543,0.284708,0.078320,0.071079,0.106732
0.039002,0.089392,0.359356,0.071283,0.043729,0.081666,0.105090,0.059669,0.056912,0.093902
0.024409,0.081970,0.062491,0.067635,0.217766,0.102262,0.307143,0.050536,0.063266,0.022522
0.023624,0.325507,0.147494,0.071364,0.176882,0.068924,0.035497,0.049813,0.066608,0.034287
0.066872,0.081029,0.116865,0.064794,0.064204,0.120299,0.250029,0.059990,0.060382,0.115535
0.096595,0.090412,0.270745,0.087826,0.074538,0.088879,0.158637,0.051627,0.046988,0.033753
0.069649,0.238368,0.084669,0.114357,0.078803,0.033463,0.098536,0.109647,0.087243,0.085265
0.024270,0.054024,0.268651,0.114417,0.082268,0.086994,0.129745,0.036108,0.104986,0.098536
0.037669,0.064586,0.106543,0.045010,0.342451,0.107776,0.067972,0.083207,0.073695,0.071091
0.058077,0.303625,0.024632,0.068599,0.024845,0.095872,0.277264,0.036898,0.025903,0.084284
0.042288,0.348718,0.023574,0.014042,0.023785,0.043639,0.332465,0.019504,0.137610,0.014374
0.063444,0.128917,0.116428,0.099391,0.055583,0.142583,0.107266,0.103262,0.093978,0.089148
0.056274,0.087799,0.320548,0.075167,0.078697,0.082103,0.088149,0.066946,0.111187,0.033131
0.035367,0.293035,0.016515,0.054119,0.066853,0.060198,0.331589,0.049853,0.041220,0.051251
0.063835,0.146017,0.109814,0.151759,0.075587,0.051621,0.113363,0.108566,0.062805,0.116634
0.086936,0.050662,0.164637,0.042211,0.064930,0.109548,0.209418,0.079503,0.114540,0.077616
0.063834,0.063097,0.167095,0.077432,0.040114,0.137634,0.235649,0.036961,0.083083,0.095102
0.055559,0.065644,0.217643,0.096463,0.091487,0.100827,0.112058,0.108554,0.088780,0.062985
0.082180,0.132676,0.036493,0.108766,0.118637,0.153511,0.139915,0.115305,0.032941,0.079577
0.130351,0.071588,0.197030,0.063681,0.055937,0.149359,0.144481,0.059313,0.087732,0.040527
0.038015,0.059536,0.060580,0.146210,0.100429,0.042450,0.230326,0.136897,0.042373,0.143184
0.054057,0.132440,0.104015,0.143891,0.063690,0.046088,0.133229,0.136317,0.078732,0.107543
0.060690,0.130206,0.114339,0.074684,0.058871,0.131992,0.128389,0.136205,0.089788,0.074835
0.109500,0.113896,0.116989,0.093514,0.057258,0.113746,0.129626,0.029646,0.103963,0.131861
0.038344,0.110872,0.052687,0.131149,0.088443,0.155063,0.141728,0.110911,0.093462,0.077341
0.080272,0.046843,0.110994,0.060340,0.053136,0.116688,0.302748,0.031754,0.090172,0.107053
0.065800,0.241901,0.051245,0.068013,0.026864,0.059382,0.305708,0.048208,0.062971,0.069909
0.059154,0.237306,0.154197,0.069630,0.253439,0.082437,0.038186,0.025614,0.036010,0.044027
0.079769,0.074991,0.251892,0.086901,0.052120,0.127555,0.105506,0.082624,0.043419,0.095224
0.026257,0.059805,0.320649,0.080815,0.111055,0.152095,0.054068,0.085805,0.053749,0.055700
0.062104,0.115639,0.112181,0.125326,0.100642,0.129707,0.104605,0.070218,0.092350,0.087230
0.051610,0.075624,0.252531,0.099574,0.067686,0.099133,0.148410,0.039879,0.063483,0.102069
0.108037,0.102495,0.086094,0.120558,0.083137,0.102320,0.104821,0.101544,0.083244,0.107750
0.040746,0.076009,0.112873,0.069561,0.040702,0.116772,0.339200,0.034324,0.094585,0.075228
0.054938,0.134176,0.136283,0.143561,0.098202,0.032047,0.112273,0.097815,0.073781,0.116925
0.090022,0.075938,0.115723,0.133359,0.124143,0.118417,0.113849,0.022943,0.105690,0.099916
0.069050,0.099803,0.117176,0.068238,0.040904,0.090906,0.271099,0.069681,0.085208,0.087935
0.050856,0.047616,0.195783,0.041907,0.229527,0.066863,0.246887,0.045592,0.043159,0.031811
0.028842,0.314238,0.093265,0.046536,0.028372,0.045715,0.242762,0.040811,0.085494,0.073967
0.036845,0.302933,0.083753,0.029182,0.020053,0.064934,0.280028,0.052647,0.082923,0.046702
0.059633,0.115728,0.101664,0.132945,0.058431,0.125362,0.102008,0.122804,0.063609,0.117816
0.093055,0.128974,0.127148,0.113471,0.060870,0.035025,0.124360,0.110686,0.079539,0.126872
0.021846,0.091342,0.067912,0.136565,0.092043,0.110597,0.234738,0.094540,0.047518,0.102898
0.019966,0.073092,0.039666,0.104853,0.134380,0.031293,0.262452,0.129571,0.076483,0.128244
0.028699,0.071723,0.141179,0.061523,0.288814,0.116753,0.074468,0.115102,0.080205,0.021534
0.035812,0.081332,0.034586,0.125090,0.123903,0.152594,0.166495,0.088971,0.059272,0.131945
0.064155,0.060791,0.160998,0.112365,0.180749,0.114456,0.072657,0.070298,0.081098,0.082433
0.055899,0.250253,0.175733,0.042585,0.065014,0.086865,0.102762,0.062678,0.057271,0.100940
0.054351,0.296173,0.034837,0.059953,0.032708,0.064956,0.328682,0.027958,0.051996,0.048385
0.046626,0.107490,0.035984,0.119827,0.072213,0.116213,0.228137,0.098303,0.052079,0.123127
0.026616,0.148756,0.053122,0.127675,0.084278,0.133746,0.162141,0.104359,0.048685,0.110623
0.031375,0.362986,0.033160,0.015166,0.204621,0.057076,0.232771,0.026285,0.018268,0.018292
0.107911,0.135460,0.088071,0.119987,0.066099,0.111718,0.115861,0.022840,0.092775,0.139279
0.055239,0.193494,0.117167,0.063579,0.039809,0.085266,0.230153,0.046015,0.088952,0.080326
0.085151,0.083798,0.113461,0.118008,0.063898,0.083194,0.234668,0.061346,0.083151,0.073327
0.042357,0.125317,0.244362,0.103674,0.075942,0.130166,0.121557,0.033594,0.089984,0.033048
0.077397,0.115181,0.118641,0.118786,0.069345,0.104671,0.122372,0.079946,0.083983,0.109679
0.025130,0.098508,0.046289,0.121714,0.129562,0.044086,0.142814,0.099920,0.129436,0.162541
0.081609,0.069143,0.101331,0.059795,0.268843,0.081168,0.096862,0.095132,0.052426,0.093690
0.032165,0.112151,0.131767,0.084583,0.073793,0.034231,0.296265,0.109299,0.090285,0.035462
0.126298,0.113582,0.090054,0.120099,0.081723,0.107813,0.109503,0.021827,0.104298,0.124802
0.063250,0.097809,0.103083,0.063556,0.041494,0.070123,0.305027,0.078557,0.074409,0.102691
0.058596,0.086228,0.099461,0.088687,0.031994,0.100516,0.341669,0.052244,0.065661,0.074944
0.100796,0.085031,0.024662,0.095370,0.117423,0.110517,0.232372,0.075672,0.062170,0.095987
0.084719,0.252582,0.078015,0.055605,0.020005,0.048165,0.305727,0.031352,0.056608,0.067221
0.025173,0.092208,0.032393,0.127826,0.054122,0.167957,0.148962,0.099712,0.131920,0.119727
0.041919,0.041294,0.102906,0.053562,0.329062,0.088897,0.087415,0.094037,0.047633,0.113274
0.085254,0.122950,0.032105,0.111096,0.131348,0.151195,0.146651,0.093160,0.032432,0.093810
0.053064,0.080147,0.119356,0.094145,0.074034,0.034579,0.297763,0.089299,0.123967,0.033646
0.135090,0.104352,0.105625,0.113285,0.068986,0.061879,0.130386,0.031078,0.111182,0.138137
0.022367,0.044836,0.311581,0.043582,0.265994,0.075182,0.059308,0.048979,0.069073,0.059097
0.071378,0.059910,0.098533,0.078549,0.030461,0.074778,0.288982,0.078159,0.112249,0.107000
0.050270,0.058550,0.343181,0.099887,0.083594,0.086425,0.094442,0.061689,0.093162,0.028800
0.060527,0.108906,0.109670,0.102104,0.096165,0.122893,0.114144,0.093503,0.087903,0.104186
0.090188,0.124637,0.114351,0.076407,0.076506,0.109045,0.114944,0.094010,0.096016,0.103896
0.141887,0.075855,0.089079,0.120443,0.097702,0.109664,0.102918,0.023485,0.102121,0.136845
0.025047,0.278618,0.080752,0.025768,0.365302,0.092963,0.032546,0.030964,0.037883,0.030158
0.049114,0.056848,0.289898,0.083428,0.226539,0.089175,0.064851,0.031427,0.048964,0.059757
0.072339,0.086773,0.037551,0.066312,0.093553,0.184029,0.152937,0.135981,0.046341,0.124184
0.064285,0.258933,0.129009,0.055147,0.052769,0.064804,0.230213,0.052153,0.039588,0.053100
0.039010,0.034682,0.229310,0.051516,0.366823,0.061084,0.054471,0.045464,0.057716,0.059923
0.051158,0.281402,0.115043,0.098798,0.066632,0.036004,0.109160,0.111694,0.050314,0.079794
0.084274,0.258419,0.168895,0.080727,0.030524,0.123767,0.079954,0.032937,0.045719,0.094783
0.043036,0.140212,0.172654,0.091110,0.043837,0.112678,0.106702,0.092340,0.063971,0.133460
0.054643,0.291737,0.104042,0.087211,0.051756,0.090160,0.078914,0.091373,0.049362,0.100802
0.120489,0.132270,0.064559,0.146992,0.118600,0.041234,0.135674,0.080002,0.051902,0.108277
0.080477,0.150607,0.059396,0.117384,0.105091,0.058163,0.202053,0.081586,0.060218,0.085026
0.038660,0.136769,0.063323,0.064716,0.136921,0.174516,0.100349,0.137106,0.052082,0.095560
0.067774,0.071596,0.108775,0.087377,0.123308,0.130397,0.110213,0.104677,0.086836,0.109047
0.066280,0.268523,0.077210,0.028939,0.028402,0.078677,0.072692,0.086901,0.266722,0.025652
0.085531,0.034649,0.098404,0.089722,0.054572,0.098171,0.283516,0.034801,0.110572,0.110062
0.072620,0.157117,0.049196,0.137392,0.088926,0.136158,0.115411,0.135170,0.069914,0.038096
0.059891,0.107126,0.188785,0.047053,0.092082,0.117739,0.100886,0.075760,0.085117,0.125563
0.118846,0.171987,0.118085,0.095881,0.060748,0.098997,0.080923,0.069309,0.080625,0.104599
0.026220,0.068389,0.059694,0.051842,0.236732,0.086849,0.346796,0.044563,0.055937,0.022977
0.032635,0.286181,0.047314,0.063101,0.056016,0.046854,0.351087,0.029809,0.039390,0.047613
0.093257,0.151357,0.039845,0.119856,0.149133,0.040104,0.142865,0.030955,0.117224,0.115403
0.062484,0.108265,0.112559,0.136383,0.052735,0.141872,0.115961,0.098789,0.068032,0.102920
0.082369,0.066711,0.260850,0.053538,0.140278,0.101657,0.067688,0.048036,0.097476,0.081397
0.053248,0.124042,0.036080,0.112828,0.127515,0.034205,0.136117,0.126964,0.100171,0.148830
0.092854,0.110356,0.037023,0.167300,0.119717,0.039390,0.131772,0.121509,0.067856,0.112222
0.055481,0.290125,0.087404,0.098209,0.045880,0.087407,0.085725,0.063780,0.108617,0.077373
0.067860,0.097812,0.082531,0.082391,0.034846,0.112089,0.244121,0.103172,0.079295,0.095883
0.124047,0.069015,0.148330,0.125514,0.050592,0.101763,0.196756,0.068579,0.062264,0.053141
0.063218,0.028098,0.212434,0.032551,0.308610,0.043304,0.206010,0.028428,0.040115,0.037232
0.039118,0.079276,0.050938,0.158014,0.055898,0.176167,0.153532,0.112884,0.086415,0.087757
0.044157,0.115191,0.051474,0.106436,0.076504,0.149798,0.139562,0.104321,0.111416,0.101141
0.099817,0.086188,0.188921,0.089908,0.084232,0.123234,0.109067,0.077703,0.098477,0.042452
0.063594,0.085973,0.119454,0.110724,0.068024,0.099529,0.248287,0.090106,0.064221,0.050087
0.127342,0.087834,0.099000,0.041453,0.032775,0.083640,0.319022,0.062130,0.081986,0.064817
0.046535,0.074288,0.230218,0.041295,0.085777,0.170093,0.136647,0.062506,0.078475,0.074166
0.049754,0.118792,0.097465,0.090968,0.128010,0.105926,0.108155,0.110826,0.073761,0.116343
0.039688,0.132943,0.066245,0.102233,0.042431,0.123321,0.234467,0.096023,0.043037,0.119613
0.059523,0.118382,0.095055,0.084670,0.102836,0.129038,0.105793,0.077265,0.128236,0.099202
0.080263,0.093798,0.114055,0.118694,0.068928,0.152123,0.136676,0.030285,0.119161,0.086017
0.043359,0.200751,0.065526,0.090124,0.056418,0.120528,0.092075,0.118961,0.075084,0.137174
0.028156,0.042325,0.072877,0.050681,0.409922,0.122678,0.082548,0.070506,0.057338,0.062969
0.107312,0.193297,0.151181,0.113941,0.045881,0.090776,0.099605,0.056120,0.064397,0.077491
0.094926,0.114738,0.114490,0.110814,0.046158,0.111445,0.105775,0.104552,0.078035,0.119067
0.100729,0.107177,0.071435,0.128530,0.058709,0.104858,0.234073,0.023844,0.064805,0.105839
0.025899,0.246822,0.079149,0.032395,0.052687,0.064745,0.286877,0.089908,0.071633,0.049886
0.085888,0.111854,0.099403,0.111104,0.066244,0.132103,0.121524,0.122935,0.071219,0.077726
0.039647,0.110264,0.115287,0.094311,0.041095,0.075499,0.257618,0.078605,0.089031,0.098643
0.028435,0.148997,0.065719,0.120578,0.113436,0.041499,0.170986,0.028426,0.132240,0.149684
0.029970,0.041681,0.084301,0.066999,0.425740,0.129953,0.049880,0.055064,0.047391,0.069021
0.111479,0.103409,0.182656,0.097846,0.053687,0.097879,0.113884,0.078406,0.052045,0.108709
0.061029,0.102702,0.121326,0.096982,0.064180,0.025896,0.247414,0.109576,0.059155,0.111741
0.048616,0.113567,0.078347,0.110648,0.067244,0.127245,0.283467,0.025589,0.058317,0.086960
0.065277,0.236647,0.083211,0.105438,0.043253,0.117511,0.088064,0.092391,0.056937,0.111271
0.070147,0.267634,0.085982,0.093575,0.044946,0.085931,0.091816,0.111042,0.105907,0.043019
0.085981,0.150024,0.232625,0.038842,0.072178,0.102130,0.071290,0.062128,0.094182,0.090619
0.087226,0.197383,0.144527,0.085645,0.053536,0.102677,0.087829,0.057102,0.068900,0.115175
0.077449,0.095542,0.036244,0.116129,0.107372,0.187579,0.132738,0.097008,0.087526,0.062414
0.026392,0.405049,0.083426,0.034803,0.199764,0.063013,0.048381,0.026302,0.062211,0.050659
0.036364,0.293977,0.104409,0.097658,0.119459,0.078057,0.068276,0.058652,0.071521,0.071628
0.058334,0.107844,0.126124,0.115033,0.095819,0.034710,0.113938,0.114983,0.090645,0.142570
0.044643,0.306459,0.091519,0.060528,0.031953,0.047108,0.260261,0.036297,0.059674,0.061557
0.019020,0.355645,0.058134,0.029654,0.024544,0.034986,0.330949,0.043478,0.054253,0.049338
0.049105,0.385755,0.060005,0.027842,0.257845,0.043986,0.026240,0.059777,0.042259,0.047188
0.111923,0.307734,0.097738,0.065051,0.035029,0.101921,0.074126,0.054316,0.054907,0.097255
0.070028,0.111336,0.202521,0.127402,0.040368,0.132354,0.096709,0.078624,0.063671,0.076988
0.039580,0.365812,0.063595,0.037750,0.035569,0.022937,0.275978,0.036160,0.048476,0.074144
0.064175,0.217586,0.090901,0.075274,0.121744,0.086492,0.102028,0.072748,0.090329,0.078723
0.028114,0.046122,0.095405,0.035399,0.459262,0.061917,0.056315,0.095762,0.053027,0.068678
0.059788,0.081222,0.330689,0.069556,0.102679,0.139722,0.074725,0.056433,0.056292,0.028896
0.106008,0.122821,0.094417,0.107708,0.046224,0.102370,0.108057,0.107946,0.074443,0.130007
0.024253,0.259089,0.171064,0.078341,0.187686,0.071249,0.055884,0.046205,0.055272,0.050958
0.062635,0.145330,0.130763,0.082819,0.094350,0.100729,0.140867,0.031896,0.092234,0.118376
0.030729,0.077274,0.324274,0.110558,0.054621,0.068971,0.094084,0.095633,0.050029,0.093828
0.036427,0.257768,0.080703,0.049482,0.059750,0.040852,0.329265,0.049527,0.060477,0.035747
0.069787,0.102613,0.184639,0.101171,0.071560,0.117370,0.114929,0.078898,0.057981,0.101053
0.073100,0.092214,0.106303,0.083783,0.049611,0.074672,0.305836,0.030789,0.091049,0.092644
0.026422,0.044047,0.344965,0.026821,0.253334,0.077001,0.056597,0.070542,0.042974,0.057299
0.041663,0.116881,0.062796,0.148310,0.095740,0.042854,0.168069,0.153536,0.080695,0.089456
0.088213,0.123261,0.117042,0.076449,0.065151,0.117646,0.132006,0.093834,0.088756,0.097643
0.066304,0.236017,0.112236,0.087824,0.052896,0.077857,0.085464,0.095038,0.075144,0.111219
0.079195,0.116522,0.086640,0.120757,0.101316,0.031179,0.222388,0.067986,0.080243,0.093774
0.065709,0.084239,0.206399,0.086901,0.068667,0.121255,0.109624,0.048335,0.098572,0.110299
0.075229,0.143230,0.044370,0.121253,0.050897,0.133610,0.114535,0.091912,0.084666,0.140298
0.077056,0.105306,0.092978,0.064020,0.070163,0.130967,0.115659,0.123326,0.097259,0.123265
0.046778,0.101122,0.146544,0.101335,0.046622,0.112317,0.246166,0.053262,0.112523,0.033329
0.088187,0.102086,0.197394,0.097213,0.061692,0.107195,0.118245,0.043786,0.069461,0.114741
0.082971,0.130853,0.111795,0.121389,0.050226,0.108381,0.128274,0.093083,0.074858,0.098169
0.046499,0.058228,0.289642,0.052032,0.233529,0.092888,0.073011,0.049213,0.045209,0.059750
0.075278,0.221678,0.169312,0.030919,0.027559,0.083715,0.207102,0.042403,0.079180,0.062855
0.076158,0.115601,0.099210,0.077806,0.077020,0.125889,0.130734,0.107535,0.087035,0.103012
0.049881,0.076777,0.167710,0.098361,0.063512,0.109899,0.111783,0.138330,0.075773,0.107974
0.062211,0.136585,0.048999,0.116630,0.134296,0.188726,0.122913,0.075273,0.079399,0.034969
0.077741,0.104836,0.174962,0.050236,0.079168,0.101843,0.106764,0.120577,0.079771,0.104101
0.054248,0.104874,0.123092,0.110260,0.112265,0.039265,0.127510,0.114447,0.098463,0.115575
0.114480,0.080043,0.068593,0.095552,0.067140,0.071866,0.281157,0.056390,0.069330,0.095449
0.104682,0.087377,0.145670,0.104650,0.072111,0.121118,0.109664,0.064732,0.091869,0.098127
0.062528,0.049264,0.248998,0.056498,0.092975,0.181261,0.062266,0.094384,0.068533,0.083292
0.096139,0.115845,0.086926,0.111397,0.102748,0.130024,0.110305,0.069678,0.081783,0.095155
0.060066,0.126734,0.086746,0.108358,0.056590,0.048080,0.291656,0.127946,0.059274,0.034550
0.075817,0.113461,0.115412,0.119145,0.080427,0.127906,0.095212,0.074175,0.093216,0.105230
0.064767,0.123533,0.110172,0.091854,0.127848,0.104699,0.113148,0.083775,0.069209,0.110995
0.039527,0.035510,0.296145,0.050150,0.224399,0.104537,0.059480,0.056158,0.068703,0.065392
0.081755,0.222213,0.028448,0.145068,0.126564,0.031246,0.116495,0.083363,0.081525,0.083323
0.061154,0.137511,0.123418,0.106492,0.129640,0.031230,0.120651,0.099127,0.094851,0.095925
0.044881,0.111194,0.220340,0.072376,0.074790,0.118163,0.111924,0.112739,0.052691,0.080902
0.106547,0.212692,0.146909,0.077614,0.036798,0.080125,0.086848,0.066486,0.078018,0.107962
0.019811,0.127465,0.064433,0.073830,0.054646,0.141632,0.178249,0.126879,0.086785,0.126271
0.071398,0.114983,0.142728,0.097294,0.102479,0.105321,0.096682,0.075950,0.069256,0.123909
0.052427,0.059783,0.078858,0.069596,0.403884,0.113604,0.071021,0.062190,0.064088,0.024548
0.103924,0.262488,0.037457,0.031364,0.024504,0.036997,0.343804,0.034074,0.038970,0.086419
0.081422,0.070858,0.079153,0.116851,0.215863,0.128371,0.072161,0.059150,0.059529,0.116642
0.068465,0.103593,0.116019,0.127068,0.055213,0.122717,0.108936,0.093143,0.083284,0.121562
0.097345,0.090983,0.150064,0.063345,0.062951,0.072716,0.197665,0.106788,0.068796,0.089347
0.032941,0.034885,0.321733,0.048018,0.268149,0.069389,0.063041,0.034714,0.039461,0.087670
0.056551,0.121805,0.167233,0.083904,0.073632,0.111857,0.111101,0.085281,0.076406,0.112230
0.065346,0.109834,0.120424,0.114842,0.058731,0.109592,0.117082,0.096407,0.090639,0.117102
0.085254,0.137086,0.133748,0.134816,0.088347,0.038868,0.115589,0.107485,0.091721,0.067086
0.067997,0.088983,0.115523,0.116732,0.099028,0.109765,0.117410,0.092332,0.077513,0.114716
0.106089,0.122025,0.120653,0.060124,0.069713,0.117731,0.104477,0.023802,0.142013,0.133373
0.077829,0.095322,0.185743,0.086369,0.048556,0.110483,0.164017,0.052492,0.085295,0.093894
0.094515,0.208379,0.130676,0.107390,0.050739,0.033403,0.114359,0.078711,0.077708,0.104120
0.030219,0.080516,0.056086,0.098164,0.075016,0.175769,0.157271,0.113541,0.108291,0.105126
0.075903,0.327992,0.107764,0.054936,0.075959,0.076512,0.087898,0.028422,0.083789,0.080824
0.033851,0.258527,0.105154,0.021117,0.130656,0.052425,0.286443,0.028053,0.049534,0.034240
0.073376,0.109913,0.126442,0.098631,0.054197,0.094552,0.174090,0.084660,0.092966,0.091172
0.068318,0.125123,0.065871,0.107880,0.094854,0.153812,0.119596,0.085890,0.053277,0.125378
0.094776,0.101645,0.091700,0.126881,0.103456,0.134268,0.113016,0.094559,0.083785,0.055914
0.064232,0.125321,0.044115,0.099736,0.046831,0.192042,0.127958,0.091737,0.083308,0.124720
0.058848,0.057432,0.293213,0.051330,0.134229,0.184535,0.062836,0.073087,0.059259,0.025230
0.088164,0.064487,0.116864,0.091287,0.058938,0.094200,0.161883,0.122706,0.119577,0.081896
0.031093,0.061261,0.118729,0.102387,0.311532,0.129140,0.090044,0.057683,0.043480,0.054649
0.063334,0.034708,0.057379,0.076110,0.436547,0.086932,0.048371,0.080160,0.042415,0.074045
0.066517,0.081845,0.048846,0.152894,0.052806,0.159735,0.158015,0.092733,0.077554,0.109056
0.115183,0.097660,0.107852,0.088235,0.077290,0.118461,0.106002,0.024876,0.132938,0.131504
0.060207,0.126641,0.243219,0.064313,0.044294,0.157044,0.085898,0.046559,0.073941,0.097884
0.062923,0.046119,0.084571,0.099562,0.081808,0.107944,0.238045,0.080550,0.086296,0.112180
0.041890,0.139101,0.046538,0.174192,0.040216,0.042447,0.176336,0.133217,0.108327,0.097737
0.056938,0.290164,0.060037,0.062242,0.025359,0.068101,0.254352,0.043465,0.117578,0.021764
0.041100,0.106276,0.058700,0.143108,0.112374,0.159188,0.098994,0.088812,0.091241,0.100206
0.063065,0.092695,0.110592,0.066778,0.076592,0.082717,0.281477,0.084500,0.074770,0.066815
0.022943,0.246145,0.163243,0.049025,0.224875,0.070857,0.067515,0.063897,0.059718,0.031783
0.067004,0.218727,0.051094,0.089319,0.097563,0.125517,0.102964,0.057089,0.052064,0.138658
0.129979,0.121679,0.073150,0.063588,0.151455,0.054544,0.130961,0.030565,0.130902,0.113177
0.085016,0.042092,0.075931,0.111152,0.077414,0.089016,0.295577,0.034137,0.104753,0.084914
0.057398,0.309948,0.090285,0.075837,0.041957,0.094861,0.104170,0.064979,0.076329,0.084236
0.064974,0.080316,0.033643,0.120962,0.090301,0.175922,0.149206,0.097030,0.096521,0.091126
0.072561,0.122849,0.098146,0.130006,0.056296,0.119381,0.126824,0.098935,0.080176,0.094826
0.115344,0.058762,0.060222,0.111330,0.072818,0.159246,0.178579,0.030076,0.089957,0.123666
0.047167,0.314399,0.074710,0.058396,0.054570,0.060205,0.287105,0.043896,0.035287,0.024267
0.069323,0.105775,0.182640,0.099898,0.051141,0.118678,0.105308,0.074906,0.081276,0.111056
0.043849,0.126190,0.061646,0.119442,0.079767,0.048066,0.266457,0.100209,0.058911,0.095464
0.059671,0.279249,0.079751,0.085049,0.044874,0.105004,0.092710,0.080913,0.109785,0.062994
0.056886,0.071047,0.226935,0.073205,0.047643,0.121152,0.105856,0.045276,0.136809,0.115191
0.081702,0.225277,0.105874,0.096192,0.055489,0.108635,0.090866,0.026219,0.092548,0.117197
0.065904,0.080810,0.162524,0.093126,0.094331,0.106465,0.098586,0.089268,0.101380,0.107607
0.069609,0.079320,0.175875,0.102493,0.064579,0.115519,0.100266,0.111361,0.077791,0.103188
0.086215,0.110346,0.119835,0.090602,0.046194,0.126499,0.120767,0.081931,0.086273,0.131339
0.055104,0.046190,0.256528,0.025155,0.315692,0.077133,0.056298,0.047101,0.070429,0.050369
0.051133,0.104218,0.138853,0.044739,0.050538,0.098904,0.191122,0.082200,0.146986,0.091307
0.083791,0.167279,0.284370,0.030002,0.081288,0.103649,0.092848,0.057865,0.062600,0.036309
0.096303,0.121480,0.089636,0.123127,0.123952,0.043002,0.130743,0.090519,0.073775,0.107462
0.074406,0.148655,0.059359,0.118462,0.144421,0.038910,0.153509,0.078287,0.087585,0.096405
0.049876,0.053401,0.167974,0.045156,0.112470,0.116465,0.198940,0.103974,0.069719,0.082026
0.020768,0.277035,0.110088,0.015640,0.249779,0.054497,0.182661,0.016879,0.065716,0.006937
0.125317,0.148640,0.106238,0.139524,0.103746,0.044152,0.138660,0.025459,0.119354,0.048912
0.087004,0.240311,0.165670,0.102278,0.066088,0.112144,0.058205,0.032725,0.058562,0.077014
0.054582,0.219416,0.225552,0.049675,0.101962,0.119667,0.050685,0.061679,0.032984,0.083799
0.097413,0.067979,0.114177,0.096717,0.057113,0.115367,0.174011,0.113607,0.086671,0.076943
0.048881,0.115358,0.036747,0.118511,0.123910,0.156098,0.133761,0.114242,0.091764,0.060729
0.080874,0.085467,0.183663,0.102613,0.082236,0.117322,0.122571,0.091557,0.082651,0.051046
0.111086,0.108866,0.088701,0.107702,0.097455,0.098945,0.100847,0.084824,0.078212,0.123363
0.089369,0.120069,0.208576,0.062529,0.083565,0.120954,0.082958,0.074674,0.071194,0.086112
0.043199,0.112558,0.192038,0.055692,0.115506,0.120111,0.105982,0.045261,0.102503,0.107150
0.036864,0.083793,0.100874,0.074901,0.094323,0.102952,0.339985,0.076231,0.055021,0.035056
0.038445,0.099439,0.072210,0.114260,0.114446,0.151380,0.136695,0.027268,0.085566,0.160289
0.063416,0.072063,0.086397,0.069318,0.064003,0.053688,0.320562,0.058660,0.144414,0.067479
0.091854,0.119635,0.120738,0.097658,0.105279,0.119400,0.117601,0.102066,0.079531,0.046236
0.028525,0.042847,0.204694,0.052085,0.058004,0.206307,0.143661,0.063824,0.127473,0.072580
0.108905,0.098469,0.089391,0.102568,0.042627,0.087691,0.264390,0.074806,0.088085,0.043068
0.024696,0.082757,0.253018,0.074680,0.042724,0.080774,0.223617,0.038010,0.064987,0.114736
0.035757,0.059695,0.157820,0.059262,0.063926,0.092019,0.231064,0.118891,0.078285,0.103281
0.049788,0.048528,0.324462,0.081244,0.202991,0.087764,0.055590,0.041001,0.062507,0.046125
0.050911,0.273315,0.018959,0.074665,0.043912,0.022668,0.301716,0.072395,0.054410,0.087047
0.066792,0.377357,0.037560,0.019966,0.084275,0.030109,0.285288,0.037609,0.026455,0.034589
0.023284,0.104831,0.210208,0.049645,0.093374,0.124074,0.186937,0.079114,0.047211,0.081323
0.064836,0.097750,0.146862,0.106917,0.073426,0.115672,0.116287,0.076421,0.095358,0.106470
0.040828,0.126951,0.042828,0.138681,0.104855,0.113405,0.219651,0.079375,0.046085,0.087340
0.066109,0.267725,0.110206,0.099055,0.070221,0.084698,0.090219,0.083251,0.058673,0.069842
0.046171,0.309280,0.069360,0.031075,0.025407,0.050786,0.358237,0.041646,0.027422,0.040616
0.024446,0.103283,0.039849,0.166587,0.051988,0.042983,0.204753,0.147540,0.108497,0.110072
0.099181,0.320748,0.035290,0.035775,0.040753,0.050706,0.278520,0.021481,0.071673,0.045873
0.082941,0.105245,0.120163,0.132279,0.106361,0.119339,0.100154,0.107055,0.064166,0.062297
0.027118,0.349301,0.026604,0.029864,0.020536,0.021605,0.345835,0.027499,0.095089,0.056550
0.049945,0.260549,0.105002,0.039074,0.032893,0.050584,0.065515,0.087800,0.233760,0.074876
0.069466,0.109004,0.105069,0.131443,0.059803,0.038773,0.249417,0.092601,0.096925,0.047499
0.018707,0.042324,0.271678,0.032581,0.311839,0.048790,0.161982,0.038471,0.033086,0.040542
0.097894,0.031968,0.079614,0.033807,0.228110,0.036904,0.324649,0.051749,0.062761,0.052544
0.061656,0.275359,0.104929,0.088718,0.055161,0.107635,0.088045,0.080748,0.058263,0.079486
0.080838,0.248666,0.083534,0.052360,0.069489,0.089921,0.111100,0.067034,0.084393,0.112665
0.043046,0.121398,0.059831,0.113862,0.131761,0.161448,0.137275,0.080321,0.055258,0.095800
0.039785,0.058046,0.206568,0.100747,0.107864,0.109744,0.120177,0.091022,0.046470,0.119576
0.076620,0.168115,0.190513,0.081746,0.045123,0.128080,0.106357,0.064587,0.050354,0.088507
0.047951,0.295650,0.127327,0.032432,0.051295,0.069919,0.044875,0.092212,0.182618,0.055720
0.052095,0.154639,0.069171,0.134656,0.065653,0.128949,0.135043,0.104118,0.068986,0.086690
0.097273,0.113669,0.057211,0.135506,0.098274,0.127303,0.113466,0.022156,0.090897,0.144244
0.029356,0.023669,0.108809,0.047695,0.349476,0.053864,0.255238,0.021641,0.063367,0.046884
0.117302,0.101022,0.103517,0.097641,0.046575,0.083331,0.250427,0.056995,0.056421,0.086768
0.149246,0.119412,0.091052,0.079667,0.087768,0.114427,0.108488,0.022981,0.106885,0.120074
0.047871,0.074335,0.173607,0.110866,0.070633,0.120675,0.175944,0.083700,0.098691,0.043677
0.121048,0.101428,0.135946,0.062953,0.083054,0.096001,0.154665,0.071698,0.088630,0.084577
0.044217,0.197948,0.238845,0.040808,0.241863,0.061107,0.046845,0.045601,0.029050,0.053716
0.107866,0.058934,0.181949,0.082044,0.041763,0.068534,0.099734,0.071849,0.251753,0.035575
0.060382,0.102313,0.340150,0.049783,0.037801,0.098737,0.103761,0.033221,0.080448,0.093403
0.038802,0.196677,0.051036,0.124916,0.042540,0.131767,0.142376,0.102878,0.080100,0.088908
0.082066,0.093514,0.111679,0.085160,0.095521,0.131262,0.111578,0.084100,0.084084,0.121035
0.066539,0.137897,0.091308,0.150365,0.132943,0.046354,0.117535,0.025349,0.094948,0.136762
0.099093,0.120558,0.043966,0.173722,0.116182,0.041101,0.164661,0.027983,0.100536,0.112199
0.044072,0.185431,0.048664,0.100627,0.095273,0.035430,0.144294,0.120314,0.077707,0.148187
0.053595,0.100268,0.195964,0.092834,0.076138,0.119095,0.108530,0.082683,0.075635,0.095258
0.061857,0.264664,0.047882,0.104576,0.090679,0.087679,0.093974,0.103009,0.053920,0.091759
0.066817,0.092766,0.109174,0.079623,0.127832,0.048776,0.141337,0.127517,0.040393,0.165764
0.042683,0.352116,0.065632,0.036626,0.032484,0.044366,0.319953,0.031660,0.051682,0.022799
0.071282,0.280256,0.082797,0.043535,0.106091,0.088467,0.082320,0.087872,0.077882,0.079498
0.076059,0.092674,0.210110,0.096923,0.060404,0.147356,0.101512,0.042409,0.137403,0.035151
0.065092,0.262815,0.113814,0.103193,0.050561,0.084228,0.091100,0.066287,0.075971,0.086940
0.073550,0.133986,0.102325,0.118762,0.069765,0.124971,0.109160,0.025631,0.095107,0.146743
0.063517,0.177998,0.027190,0.051716,0.104971,0.174597,0.090619,0.077587,0.074714,0.157091
0.072092,0.110484,0.115003,0.098975,0.063848,0.124272,0.122921,0.089705,0.128565,0.074135
0.039616,0.102519,0.199901,0.093422,0.053412,0.135335,0.199278,0.091730,0.054194,0.030595
0.105641,0.095158,0.160933,0.107368,0.066039,0.110575,0.090891,0.068986,0.083192,0.111217
0.076041,0.115418,0.023849,0.118602,0.076085,0.114722,0.202218,0.102513,0.083251,0.087301
0.024657,0.145044,0.046507,0.165042,0.053549,0.053872,0.312961,0.040316,0.119028,0.039024
0.056966,0.107904,0.134566,0.102049,0.097468,0.116625,0.109561,0.073323,0.072719,0.128820
0.045855,0.187674,0.104305,0.025238,0.455782,0.066253,0.033120,0.026483,0.044661,0.010630
0.058724,0.316346,0.070455,0.029243,0.020252,0.064922,0.304254,0.048143,0.064598,0.023062
0.074727,0.271617,0.103033,0.108153,0.098047,0.026955,0.080800,0.078634,0.079280,0.078756
0.058769,0.297500,0.132629,0.113687,0.065420,0.034512,0.098177,0.076240,0.086167,0.036898
0.029113,0.297377,0.080122,0.070997,0.030446,0.061105,0.271604,0.042768,0.062517,0.053951
0.031468,0.050158,0.175788,0.092886,0.312499,0.066349,0.055528,0.091644,0.073821,0.049858
0.024566,0.143648,0.028340,0.139392,0.051117,0.170645,0.116226,0.099562,0.109772,0.116732
