0.035524,0.096881,0.040074,0.086884,0.406449,0.048909,0.069461,0.127030,0.037474,0.051315
0.023330,0.115069,0.077626,0.084396,0.083647,0.126469,0.079739,0.021116,0.311855,0.076754
0.080280,0.111679,0.110211,0.118768,0.110809,0.147434,0.114456,0.029532,0.059397,0.117434
0.074982,0.132025,0.091292,0.126509,0.129119,0.076505,0.136946,0.085746,0.076201,0.070677
0.066425,0.104171,0.101962,0.116463,0.110871,0.135064,0.100583,0.103636,0.089600,0.071224
0.057443,0.107256,0.041589,0.139120,0.107999,0.168486,0.132505,0.153591,0.049402,0.042610
0.037163,0.060744,0.042216,0.086792,0.329240,0.118363,0.102027,0.116255,0.054007,0.053193
0.048020,0.093083,0.092738,0.087332,0.090688,0.128890,0.223600,0.095603,0.049804,0.090242
0.053005,0.126979,0.070440,0.107068,0.108024,0.239667,0.120494,0.053450,0.039319,0.081553
0.045724,0.087989,0.046500,0.108015,0.146393,0.148784,0.096368,0.134381,0.058188,0.127657
0.112788,0.112644,0.114161,0.122905,0.121076,0.061611,0.131327,0.114795,0.050446,0.058247
0.031782,0.067833,0.251265,0.066080,0.264229,0.077160,0.061464,0.073961,0.071734,0.034492
0.035818,0.111482,0.069075,0.141183,0.122637,0.220281,0.136367,0.034682,0.048663,0.079811
0.023950,0.049606,0.319906,0.071375,0.294417,0.035459,0.071133,0.020552,0.038413,0.075189
0.056357,0.112231,0.109970,0.119371,0.121821,0.057673,0.118971,0.121337,0.079342,0.102926
0.061017,0.128193,0.059166,0.114812,0.162798,0.073287,0.128524,0.073134,0.062415,0.136655
0.031807,0.055673,0.303984,0.098056,0.209965,0.035978,0.074316,0.026434,0.071179,0.092608
0.092492,0.109791,0.048366,0.091069,0.133115,0.190912,0.114094,0.120324,0.054309,0.045528
0.055610,0.099300,0.100483,0.093699,0.101896,0.161732,0.102756,0.113821,0.073470,0.097234
0.053318,0.096852,0.105636,0.101077,0.104456,0.159763,0.098543,0.100332,0.075418,0.104605
0.029848,0.128122,0.244186,0.073029,0.069873,0.093457,0.170189,0.089794,0.066462,0.035040
0.052749,0.122050,0.049796,0.093728,0.117947,0.182283,0.112382,0.156497,0.050917,0.061652
0.071319,0.091432,0.057721,0.080919,0.277096,0.152405,0.087084,0.098042,0.034771,0.049210
0.034716,0.078329,0.296020,0.076581,0.084069,0.108740,0.087606,0.102052,0.061488,0.070399
0.039004,0.116258,0.059065,0.079957,0.199883,0.127075,0.085994,0.118249,0.043767,0.130749
0.063201,0.082005,0.260286,0.068496,0.247380,0.076672,0.058460,0.072385,0.024095,0.047019
0.044012,0.097596,0.099073,0.117678,0.100052,0.140089,0.101456,0.096032,0.103389,0.100624
0.048397,0.110859,0.118701,0.113722,0.112691,0.142522,0.111107,0.118802,0.055871,0.067329
0.031906,0.067344,0.347911,0.077626,0.088174,0.140098,0.098087,0.069752,0.034297,0.044805
0.034968,0.065482,0.116255,0.112797,0.267093,0.053953,0.097385,0.113723,0.039264,0.099079
0.097560,0.171899,0.092191,0.095486,0.094419,0.124859,0.094417,0.090812,0.047359,0.090998
0.038602,0.079994,0.310874,0.074106,0.083013,0.123391,0.065257,0.095199,0.047865,0.081698
0.061549,0.094020,0.098772,0.102951,0.091524,0.130137,0.217330,0.054403,0.101410,0.047904
0.101440,0.111000,0.050491,0.100389,0.123646,0.193926,0.107578,0.089850,0.059577,0.062105
0.038772,0.089424,0.318798,0.088233,0.097814,0.098424,0.116668,0.045679,0.056786,0.049402
0.033386,0.097186,0.319633,0.085612,0.108118,0.129298,0.085414,0.058502,0.042296,0.040555
0.034222,0.090985,0.292153,0.077176,0.073479,0.117941,0.080528,0.093158,0.043041,0.097315
0.031659,0.071617,0.284362,0.075728,0.234136,0.102344,0.073295,0.019423,0.032866,0.074571
0.063121,0.060890,0.223426,0.065578,0.230636,0.085922,0.112380,0.064614,0.028301,0.065133
0.041139,0.062161,0.385804,0.095586,0.115646,0.048521,0.068711,0.088467,0.047036,0.046929
0.055390,0.103179,0.098815,0.107229,0.201549,0.134723,0.099913,0.102775,0.038868,0.057560
0.039807,0.080288,0.290428,0.082912,0.085382,0.109113,0.159547,0.039004,0.038039,0.075480
0.064740,0.092199,0.357900,0.080056,0.096596,0.048034,0.090105,0.026628,0.057106,0.086635
0.027136,0.087010,0.091587,0.092759,0.166030,0.114449,0.196204,0.045233,0.082139,0.097452
0.047758,0.122248,0.045183,0.100594,0.135562,0.166921,0.105474,0.152594,0.042758,0.080908
0.048114,0.101605,0.110846,0.106170,0.154188,0.137203,0.105984,0.105530,0.070715,0.059646
0.042816,0.100143,0.095563,0.077556,0.331602,0.044127,0.093359,0.085550,0.036439,0.092845
0.105016,0.102061,0.105629,0.106168,0.107532,0.108827,0.108252,0.103205,0.051434,0.101877
0.042891,0.076905,0.357680,0.105875,0.102371,0.044750,0.089715,0.090435,0.040965,0.048413
0.033421,0.112198,0.230889,0.072076,0.178619,0.091609,0.154323,0.066275,0.031586,0.029003
0.061260,0.111166,0.074792,0.129767,0.118809,0.063969,0.130440,0.129236,0.056286,0.124274
0.023637,0.076216,0.277995,0.091805,0.083024,0.121848,0.082139,0.099120,0.066190,0.078026
0.077886,0.156514,0.077530,0.076561,0.068521,0.117661,0.220749,0.083954,0.036709,0.083913
0.039361,0.081074,0.388797,0.086173,0.070005,0.046837,0.083786,0.080716,0.046113,0.077138
0.044359,0.129646,0.049500,0.149421,0.136082,0.061996,0.108771,0.042885,0.166635,0.110705
0.036614,0.072143,0.054805,0.082072,0.435703,0.048376,0.109051,0.033840,0.041918,0.085478
0.034921,0.115658,0.289016,0.084052,0.086048,0.141705,0.081221,0.088171,0.036173,0.043036
0.042317,0.083666,0.352713,0.089623,0.080882,0.050940,0.072836,0.129601,0.047818,0.049605
0.099026,0.119913,0.097606,0.108072,0.102750,0.136739,0.090905,0.094634,0.091918,0.058436
0.036804,0.084798,0.338615,0.088686,0.090877,0.119401,0.087812,0.023927,0.043351,0.085729
0.043156,0.099181,0.095305,0.085557,0.302840,0.043668,0.122196,0.090713,0.046948,0.070435
0.037920,0.063530,0.215873,0.093847,0.317649,0.044023,0.069771,0.044173,0.040761,0.072453
0.045136,0.066885,0.302065,0.086367,0.099086,0.125687,0.091241,0.042704,0.039056,0.101775
0.056917,0.105335,0.050217,0.123629,0.121782,0.173705,0.126480,0.057539,0.068438,0.115958
0.032489,0.062230,0.240477,0.067786,0.314310,0.129692,0.067718,0.021013,0.031965,0.032321
0.055841,0.178169,0.097322,0.087371,0.094159,0.123886,0.094081,0.090221,0.087911,0.091038
0.042609,0.100930,0.045785,0.134074,0.125012,0.129758,0.118742,0.151428,0.044712,0.106950
0.036502,0.119672,0.038131,0.114169,0.119934,0.225746,0.130350,0.046473,0.056741,0.112283
0.022636,0.061412,0.265515,0.066790,0.360136,0.036905,0.076415,0.020468,0.028435,0.061288
0.035777,0.106132,0.045722,0.117347,0.105140,0.170706,0.121218,0.110253,0.125616,0.062089
0.047444,0.093386,0.052049,0.074249,0.300313,0.056618,0.082781,0.152262,0.048592,0.092305
0.035097,0.057740,0.033489,0.068232,0.340074,0.175345,0.093794,0.106650,0.037233,0.052347
0.041383,0.096728,0.042279,0.139024,0.125685,0.165640,0.119366,0.178596,0.047735,0.043562
0.043092,0.142290,0.048101,0.126399,0.120098,0.054812,0.095301,0.166584,0.143738,0.059586
0.048904,0.099658,0.044566,0.143810,0.108009,0.218634,0.119219,0.110299,0.055205,0.051697
0.046023,0.090454,0.098224,0.098845,0.173614,0.143872,0.095459,0.097692,0.065577,0.090239
0.052555,0.174088,0.100100,0.119613,0.108593,0.106498,0.107229,0.111801,0.053364,0.066159
0.037114,0.087495,0.275324,0.088889,0.087918,0.113144,0.090316,0.097373,0.039699,0.082729
0.039908,0.139203,0.073271,0.071507,0.199545,0.100442,0.201359,0.076756,0.023131,0.074879
0.038092,0.074797,0.032427,0.081979,0.400020,0.090015,0.078703,0.024485,0.092435,0.087048
0.095060,0.098789,0.099730,0.099967,0.238046,0.155642,0.094345,0.026999,0.050491,0.040931
0.035246,0.080428,0.342346,0.079048,0.083749,0.141071,0.077340,0.023499,0.055759,0.081514
0.058498,0.103864,0.105154,0.107847,0.105391,0.143961,0.105381,0.113141,0.050314,0.106449
0.048412,0.189660,0.111902,0.115299,0.111093,0.109977,0.111912,0.030063,0.059491,0.112191
0.040884,0.097871,0.071452,0.104014,0.110673,0.175907,0.140723,0.132369,0.052336,0.073772
0.096354,0.146339,0.101673,0.099112,0.100649,0.055910,0.165259,0.104346,0.032700,0.097658
0.060071,0.107768,0.108126,0.118259,0.108916,0.110502,0.107786,0.110022,0.101450,0.067100
0.044307,0.103642,0.075356,0.108508,0.118100,0.140423,0.147129,0.131359,0.061814,0.069361
0.039755,0.120840,0.045221,0.117403,0.142464,0.143865,0.128058,0.057926,0.139606,0.064862
0.039021,0.075448,0.041309,0.135953,0.265190,0.206686,0.098515,0.052356,0.042230,0.043292
0.042327,0.163392,0.095550,0.096997,0.096401,0.127365,0.096326,0.109559,0.075153,0.096931
0.032864,0.062782,0.301231,0.066604,0.092265,0.157698,0.085976,0.106236,0.046403,0.047941
0.046605,0.087074,0.047552,0.128878,0.243004,0.050949,0.101688,0.183919,0.041068,0.069264
0.080174,0.158529,0.075449,0.078802,0.077203,0.101097,0.190655,0.084486,0.081392,0.072215
0.022275,0.073211,0.248539,0.071651,0.211472,0.124877,0.077392,0.091083,0.049305,0.030194
0.058092,0.106541,0.108828,0.118263,0.102858,0.149595,0.124730,0.028182,0.100110,0.102802
0.037509,0.088674,0.323909,0.096788,0.089925,0.152408,0.091436,0.025182,0.060967,0.033202
0.022938,0.136648,0.279025,0.082328,0.084082,0.109416,0.080703,0.076582,0.036065,0.092213
0.027751,0.176388,0.089626,0.098952,0.089871,0.136189,0.105997,0.085364,0.084482,0.105379
0.046211,0.107806,0.109554,0.111649,0.107494,0.139498,0.109347,0.056061,0.104630,0.107749
0.041898,0.162006,0.079382,0.090253,0.183403,0.114811,0.190077,0.021863,0.029336,0.086971
0.086828,0.145247,0.086873,0.091389,0.156081,0.119276,0.086444,0.090903,0.042419,0.094541
0.035823,0.081376,0.308008,0.084332,0.087312,0.114024,0.086401,0.096958,0.029224,0.076541
0.045590,0.115064,0.263495,0.086787,0.083136,0.108475,0.077326,0.083831,0.055076,0.081221
0.054625,0.041247,0.197664,0.062737,0.408775,0.029415,0.049373,0.064995,0.026392,0.064777
0.094661,0.113208,0.090114,0.094448,0.093330,0.148293,0.097063,0.103968,0.066259,0.098656
0.046482,0.068697,0.064213,0.148627,0.222210,0.056745,0.095348,0.155364,0.051211,0.091101
0.034369,0.088423,0.279425,0.087030,0.083750,0.128918,0.118783,0.024351,0.088265,0.066685
0.050888,0.095872,0.075809,0.160983,0.125281,0.193523,0.121181,0.063796,0.058564,0.054103
0.065646,0.066954,0.051169,0.076181,0.327819,0.123662,0.068607,0.091167,0.034663,0.094130
0.033026,0.062474,0.194411,0.072363,0.357704,0.031382,0.070912,0.086794,0.033890,0.057045
0.036364,0.119569,0.279860,0.071442,0.077277,0.101867,0.071950,0.088830,0.071765,0.081076
0.045185,0.096881,0.047808,0.099997,0.130401,0.221471,0.107343,0.131900,0.059807,0.059206
0.040174,0.076933,0.049319,0.069109,0.388451,0.154356,0.082668,0.059716,0.034571,0.044703
0.037614,0.064065,0.371651,0.065910,0.103667,0.044168,0.086535,0.126963,0.039761,0.059667
0.039655,0.081051,0.281843,0.084724,0.086423,0.110674,0.080822,0.081683,0.067667,0.085457
0.051994,0.098070,0.119903,0.111095,0.240004,0.054977,0.118874,0.054558,0.036356,0.114169
0.065941,0.124240,0.126117,0.127966,0.133896,0.064149,0.120782,0.063875,0.048238,0.124795
0.052830,0.121454,0.132220,0.135157,0.128387,0.070555,0.113247,0.035419,0.086234,0.124497
0.121374,0.152902,0.121074,0.134037,0.131940,0.070216,0.118632,0.034876,0.046332,0.068619
0.050354,0.102480,0.108754,0.109863,0.104067,0.154417,0.106946,0.100673,0.102534,0.059915
0.101849,0.099659,0.096859,0.105707,0.096896,0.154321,0.101664,0.096752,0.083133,0.063162
0.036686,0.080531,0.272256,0.076807,0.084584,0.107975,0.094345,0.080686,0.078079,0.088051
0.033776,0.099709,0.096903,0.109735,0.104058,0.146947,0.104143,0.120676,0.077645,0.106407
0.106313,0.093723,0.092432,0.101709,0.097407,0.127519,0.215964,0.024516,0.051798,0.088619
0.047202,0.119668,0.117954,0.130009,0.135303,0.066696,0.133390,0.128949,0.057916,0.062912
0.032186,0.072656,0.053363,0.089764,0.460866,0.041744,0.096392,0.031622,0.036496,0.084911
0.036400,0.060687,0.044191,0.075663,0.440903,0.044746,0.102299,0.101217,0.039948,0.053944
0.085815,0.084356,0.085602,0.084190,0.088196,0.113837,0.194791,0.107896,0.064376,0.090940
0.041363,0.086154,0.382305,0.081893,0.073740,0.051691,0.093109,0.055436,0.043689,0.090620
0.028332,0.084792,0.031057,0.092040,0.481415,0.097872,0.081489,0.027545,0.042939,0.032519
0.042163,0.075471,0.048209,0.070909,0.390969,0.096772,0.075675,0.127769,0.035013,0.037051
0.041506,0.087999,0.090789,0.089372,0.086132,0.124180,0.196446,0.101437,0.082312,0.099826
0.075873,0.067995,0.282018,0.094127,0.097477,0.044546,0.096570,0.112728,0.094795,0.033871
0.058726,0.095402,0.129101,0.126412,0.128900,0.065603,0.117667,0.128419,0.065779,0.083989
0.032301,0.089670,0.394926,0.072300,0.081843,0.047271,0.113383,0.032576,0.051936,0.083794
0.047519,0.124995,0.055735,0.086590,0.197178,0.056256,0.108182,0.162166,0.054935,0.106444
0.076304,0.104494,0.041271,0.106185,0.098325,0.127084,0.156913,0.153163,0.033151,0.103110
0.050504,0.158311,0.079025,0.073868,0.081588,0.110594,0.212208,0.084261,0.070344,0.079297
0.041629,0.115854,0.094420,0.097645,0.163111,0.158072,0.085288,0.097072,0.094218,0.052690
0.057916,0.095903,0.266861,0.092134,0.112295,0.052145,0.082209,0.136812,0.061225,0.042500
0.060667,0.131445,0.038951,0.097963,0.119365,0.169888,0.120085,0.158409,0.051250,0.051977
0.040317,0.099507,0.097018,0.077266,0.384817,0.042646,0.086823,0.093518,0.035220,0.042867
0.031077,0.070262,0.233971,0.067274,0.177905,0.096680,0.122420,0.070878,0.061555,0.067980
0.056462,0.091375,0.304229,0.108071,0.092105,0.126728,0.097532,0.026455,0.053614,0.043429
0.035126,0.070737,0.240153,0.073372,0.207668,0.094600,0.066262,0.089652,0.048689,0.073741
0.051836,0.112357,0.045635,0.142312,0.111623,0.165714,0.108149,0.161643,0.047104,0.053627
0.039387,0.083926,0.392694,0.105195,0.084847,0.046803,0.076184,0.024997,0.048131,0.097834
0.043565,0.079572,0.066191,0.118452,0.130228,0.054390,0.100439,0.264405,0.044524,0.098235
0.053574,0.119860,0.132796,0.129521,0.131280,0.054898,0.132550,0.130359,0.053531,0.061632
0.054505,0.095954,0.097621,0.090380,0.149805,0.132490,0.111259,0.103788,0.070889,0.093308
0.097753,0.099136,0.101977,0.100328,0.178038,0.133165,0.096965,0.026432,0.054581,0.111625
0.040342,0.097616,0.062569,0.114960,0.098762,0.125847,0.104139,0.123909,0.114498,0.117358
0.056466,0.090771,0.096866,0.095624,0.190669,0.130225,0.205442,0.024589,0.047856,0.061492
0.018046,0.124615,0.236189,0.069997,0.065010,0.111504,0.184415,0.085066,0.030346,0.074811
0.043373,0.068436,0.059935,0.083879,0.278913,0.220242,0.092998,0.049693,0.043882,0.058650
0.041528,0.085032,0.305692,0.080180,0.105151,0.125209,0.075962,0.076621,0.032483,0.072142
0.034743,0.105824,0.217129,0.098080,0.245067,0.041410,0.087216,0.093831,0.033454,0.043246
0.048909,0.101745,0.103837,0.109426,0.105909,0.143233,0.095957,0.117119,0.074241,0.099624
0.048856,0.080746,0.314533,0.087899,0.091946,0.044442,0.119021,0.110388,0.028057,0.074111
0.060987,0.100662,0.097044,0.103150,0.100726,0.150025,0.094656,0.096919,0.094355,0.101475
0.039419,0.092218,0.097114,0.112549,0.181886,0.132942,0.179263,0.024518,0.049331,0.090761
0.053501,0.124800,0.136750,0.119955,0.129836,0.063556,0.128140,0.131033,0.047963,0.064466
0.069075,0.106056,0.113595,0.116075,0.112352,0.146052,0.113978,0.028429,0.090636,0.103750
0.085253,0.082640,0.089294,0.084858,0.158575,0.109803,0.206516,0.041718,0.055505,0.085838
0.031410,0.087614,0.052553,0.082169,0.293458,0.133956,0.071159,0.108869,0.037367,0.101444
0.027743,0.115327,0.220897,0.075168,0.229525,0.090966,0.124559,0.033688,0.045504,0.036623
0.026849,0.124109,0.237361,0.068225,0.065244,0.115255,0.164315,0.065637,0.064601,0.068404
0.046481,0.095142,0.103674,0.102825,0.176682,0.128094,0.100966,0.119721,0.036321,0.090094
0.052334,0.111106,0.118037,0.111870,0.128951,0.065328,0.105276,0.129032,0.051912,0.126155
0.042082,0.115703,0.074820,0.127467,0.135422,0.137508,0.098429,0.129238,0.052048,0.087282
0.046124,0.090638,0.057051,0.164252,0.129043,0.059844,0.118860,0.082498,0.146342,0.105347
0.042499,0.098366,0.062744,0.084599,0.234476,0.165625,0.104757,0.101383,0.059515,0.046035
0.044598,0.102237,0.046497,0.155842,0.140679,0.180655,0.131275,0.057669,0.043722,0.096825
0.028156,0.079335,0.032593,0.077515,0.438539,0.161335,0.063698,0.024383,0.039431,0.055014
0.039125,0.102420,0.246656,0.073825,0.191834,0.117603,0.089083,0.038122,0.029268,0.072066
0.082120,0.120912,0.048266,0.130092,0.119488,0.183339,0.148057,0.035820,0.042007,0.089898
0.054885,0.131358,0.046263,0.086540,0.126969,0.172147,0.122770,0.109246,0.041823,0.107999
0.044576,0.134019,0.052396,0.111605,0.104907,0.146458,0.128300,0.167019,0.052466,0.058253
0.026039,0.067630,0.028219,0.057387,0.472923,0.033216,0.067795,0.123168,0.091343,0.032279
0.108652,0.138965,0.109314,0.112441,0.103005,0.111659,0.113332,0.029348,0.045205,0.128079
0.060411,0.103759,0.349255,0.083406,0.080844,0.046114,0.112439,0.080509,0.035430,0.047834
0.086597,0.086387,0.089769,0.092511,0.086482,0.112975,0.227332,0.090166,0.044329,0.083452
0.036543,0.094910,0.365519,0.092043,0.092528,0.113836,0.084536,0.031629,0.048737,0.039719
0.057368,0.100808,0.108421,0.107936,0.101533,0.148134,0.116817,0.102420,0.052208,0.104355
0.055540,0.104790,0.083393,0.129557,0.165349,0.072717,0.113080,0.075750,0.080218,0.119605
0.059777,0.080276,0.073778,0.110327,0.145317,0.065252,0.109006,0.225535,0.057688,0.073044
0.038858,0.098294,0.100076,0.108634,0.253058,0.053169,0.144129,0.101828,0.059614,0.042338
0.061731,0.119007,0.122066,0.122710,0.121392,0.159056,0.114335,0.033492,0.062432,0.083780
0.087225,0.103197,0.087184,0.098789,0.081895,0.127317,0.202077,0.082512,0.043515,0.086289
0.045315,0.081260,0.085684,0.086353,0.169761,0.132311,0.189120,0.092750,0.034291,0.083154
0.052442,0.122152,0.048934,0.124660,0.138430,0.184427,0.152558,0.063169,0.051041,0.062187
0.033954,0.126263,0.254763,0.078013,0.074452,0.078554,0.187132,0.077317,0.048333,0.041220
0.047327,0.112498,0.050249,0.103310,0.155229,0.200715,0.132403,0.063818,0.071906,0.062545
0.047569,0.068496,0.043225,0.076727,0.278127,0.149102,0.081713,0.063644,0.096960,0.094436
0.051378,0.117255,0.045713,0.093046,0.120786,0.204170,0.128432,0.090622,0.049049,0.099548
0.054054,0.110622,0.115885,0.112568,0.114117,0.057429,0.164158,0.132988,0.091821,0.046358
0.052910,0.095954,0.100191,0.093316,0.323380,0.048697,0.100874,0.027407,0.064986,0.092286
0.032184,0.074878,0.287900,0.073730,0.156261,0.089314,0.080661,0.096152,0.036844,0.072077
0.027878,0.085332,0.089517,0.088098,0.132865,0.112752,0.186236,0.106284,0.078869,0.092169
0.049939,0.066467,0.390889,0.139551,0.083721,0.050108,0.073263,0.051141,0.051639,0.043281
0.059669,0.104142,0.105418,0.114927,0.108268,0.168074,0.121005,0.103517,0.053619,0.061359
0.086804,0.104238,0.093630,0.083853,0.171710,0.112742,0.086116,0.089983,0.087024,0.083899
0.070048,0.115215,0.113650,0.119106,0.114782,0.147266,0.115673,0.031313,0.056809,0.116137
0.046751,0.053685,0.040846,0.063074,0.456550,0.041973,0.092978,0.115148,0.047112,0.041883
0.039985,0.101681,0.330497,0.091969,0.103747,0.134271,0.073608,0.045076,0.034936,0.044230
0.065320,0.103019,0.047621,0.140512,0.112188,0.118220,0.123113,0.170092,0.054216,0.065698
0.031825,0.092377,0.296120,0.080304,0.092619,0.114235,0.110255,0.088814,0.033051,0.060400
0.042201,0.082974,0.062574,0.086777,0.231081,0.161000,0.105491,0.129211,0.048582,0.050108
0.047778,0.078683,0.111183,0.107926,0.288727,0.054017,0.114446,0.110115,0.036944,0.050181
0.070959,0.102477,0.320344,0.100882,0.094179,0.130389,0.078324,0.028179,0.029473,0.044794
0.036088,0.097249,0.272929,0.083093,0.087613,0.090087,0.079761,0.086027,0.084784,0.082369
0.046626,0.151997,0.089092,0.090177,0.214559,0.089806,0.090619,0.108395,0.030664,0.088066
0.106388,0.132671,0.061463,0.131806,0.125258,0.066418,0.133901,0.088155,0.057437,0.096503
0.059672,0.127180,0.074296,0.114030,0.118864,0.060499,0.136922,0.081087,0.059344,0.168105
0.043835,0.132391,0.065358,0.128477,0.115067,0.207876,0.103413,0.107457,0.041727,0.054399
0.056896,0.101300,0.103889,0.104507,0.107302,0.166119,0.106437,0.098715,0.051160,0.103676
0.081322,0.107533,0.076674,0.069089,0.131488,0.123743,0.069100,0.019709,0.289907,0.031432
0.026763,0.092871,0.101492,0.102784,0.094697,0.137044,0.196054,0.026329,0.108710,0.113255
0.066649,0.144159,0.058115,0.119086,0.108495,0.161512,0.111584,0.122269,0.053969,0.054160
0.039182,0.086421,0.307574,0.085055,0.094213,0.121767,0.088592,0.043677,0.040287,0.093231
0.031657,0.096980,0.252681,0.071343,0.210739,0.091724,0.068326,0.068137,0.037306,0.071107
0.035789,0.095624,0.038517,0.076148,0.375075,0.151132,0.100030,0.048319,0.039577,0.039790
0.042430,0.135770,0.080620,0.113063,0.134957,0.182685,0.154465,0.054941,0.047293,0.053774
0.086714,0.124411,0.050363,0.152812,0.140257,0.064216,0.104828,0.045182,0.158618,0.072599
0.043511,0.095443,0.094578,0.098878,0.193068,0.155675,0.094446,0.097251,0.034719,0.092430
0.029836,0.062060,0.227997,0.060013,0.316838,0.090792,0.071385,0.020649,0.086680,0.033750
0.045011,0.109515,0.050540,0.098215,0.121511,0.061579,0.097262,0.241633,0.055018,0.119715
0.069654,0.124121,0.055349,0.141578,0.136301,0.062416,0.126771,0.151282,0.055252,0.077277
0.027975,0.135114,0.090823,0.096412,0.204963,0.118549,0.092537,0.095284,0.085519,0.052825
0.084977,0.083365,0.086096,0.083486,0.175851,0.142471,0.141864,0.092678,0.064360,0.044853
0.033485,0.066769,0.236442,0.070795,0.221855,0.093301,0.109987,0.033158,0.066298,0.067910
0.035618,0.073422,0.306910,0.074770,0.159324,0.124172,0.055914,0.095644,0.035227,0.039000
0.043049,0.100453,0.065656,0.118682,0.133314,0.121087,0.095978,0.159976,0.109348,0.052457
0.042941,0.075515,0.053956,0.113958,0.112617,0.241889,0.103336,0.131680,0.065530,0.058579
0.070298,0.067909,0.262312,0.075952,0.208542,0.091369,0.062883,0.081130,0.048859,0.030746
0.029168,0.095531,0.100119,0.098877,0.092224,0.096834,0.212422,0.090271,0.089236,0.095317
0.052567,0.089337,0.090389,0.083953,0.168282,0.092440,0.183212,0.091622,0.065099,0.083100
0.032089,0.062770,0.244342,0.069885,0.362758,0.035653,0.051460,0.073212,0.026098,0.041734
0.034154,0.105210,0.107582,0.107812,0.112148,0.161512,0.110035,0.105625,0.050813,0.105110
0.038985,0.130567,0.064831,0.132042,0.123504,0.124608,0.126727,0.125711,0.036747,0.096279
0.055731,0.104121,0.106754,0.106462,0.110411,0.141934,0.109170,0.107999,0.096336,0.061081
0.054692,0.097932,0.096327,0.099339,0.208211,0.136071,0.102467,0.025925,0.077758,0.101278
0.033603,0.112744,0.066127,0.131610,0.099398,0.157982,0.086132,0.146840,0.061591,0.103973
0.030781,0.074212,0.034211,0.092817,0.494634,0.038406,0.102358,0.029814,0.051529,0.051237
0.043128,0.113706,0.284802,0.088724,0.086463,0.090463,0.081031,0.096869,0.032584,0.082229
0.100914,0.099679,0.099450,0.108880,0.146149,0.104519,0.091884,0.099962,0.049134,0.099428
0.048930,0.123790,0.076300,0.127630,0.122312,0.205448,0.122717,0.038223,0.047892,0.086760
0.027256,0.128174,0.244901,0.064546,0.068439,0.094153,0.186003,0.074787,0.045703,0.066038
0.048368,0.097873,0.093374,0.112292,0.186540,0.131639,0.100734,0.096741,0.038343,0.094096
0.040636,0.103386,0.105053,0.099284,0.297989,0.053873,0.095638,0.052271,0.040118,0.111754
0.055053,0.110202,0.064301,0.136262,0.142043,0.069931,0.161627,0.048987,0.081278,0.130315
0.034442,0.075341,0.035463,0.090418,0.345037,0.039721,0.076903,0.171861,0.050118,0.080696
0.049809,0.091876,0.262370,0.094753,0.094903,0.135507,0.105402,0.047918,0.030058,0.087403
0.043465,0.095262,0.107082,0.107993,0.102982,0.056986,0.189864,0.107120,0.097187,0.092060
0.037717,0.114810,0.072541,0.125502,0.113013,0.169945,0.131606,0.033772,0.120811,0.080284
0.089404,0.154750,0.083846,0.088107,0.163301,0.139817,0.081168,0.082108,0.030151,0.087347
0.055641,0.152617,0.094751,0.105511,0.184199,0.124461,0.097243,0.102872,0.038397,0.044307
0.036557,0.108155,0.331661,0.095766,0.097110,0.043837,0.072691,0.119260,0.055036,0.039928
0.020067,0.075727,0.295018,0.075716,0.253007,0.131907,0.065242,0.020083,0.023297,0.039936
0.070861,0.113684,0.053354,0.105151,0.131133,0.128761,0.103657,0.065940,0.065070,0.162389
0.037266,0.087495,0.031631,0.063433,0.361445,0.166790,0.087422,0.092227,0.039306,0.032985
0.027566,0.059821,0.033407,0.063963,0.478138,0.166450,0.067062,0.025593,0.038845,0.039156
0.053487,0.104873,0.108796,0.103494,0.115788,0.062463,0.114183,0.115182,0.111694,0.110040
0.058022,0.104738,0.200434,0.059718,0.192040,0.078201,0.152886,0.055743,0.041550,0.056667
0.031130,0.133263,0.073924,0.083108,0.180249,0.107655,0.200393,0.089465,0.059954,0.040859
0.032171,0.070879,0.034113,0.079361,0.375249,0.152422,0.088924,0.087391,0.034620,0.044870
0.051010,0.136604,0.097036,0.105500,0.151227,0.146978,0.091576,0.095236,0.033584,0.091249
0.036611,0.053026,0.315365,0.090327,0.101550,0.124434,0.089190,0.102782,0.040694,0.046021
0.098432,0.151091,0.099570,0.096831,0.098067,0.051181,0.140361,0.111096,0.065619,0.087752
0.045530,0.172981,0.093906,0.097586,0.100524,0.126885,0.095677,0.104229,0.069541,0.093142
0.033784,0.076169,0.033937,0.104943,0.399711,0.105170,0.079376,0.086532,0.037992,0.042386
0.030122,0.066765,0.218165,0.070990,0.348218,0.038430,0.088682,0.073049,0.030320,0.035258
0.045837,0.111237,0.095642,0.098852,0.198837,0.120036,0.096151,0.092126,0.044085,0.097197
0.030933,0.060103,0.048927,0.069210,0.405370,0.123865,0.069969,0.094715,0.038714,0.058195
0.035816,0.114017,0.118823,0.107664,0.321460,0.049881,0.103603,0.031396,0.054039,0.063302
0.037432,0.096318,0.358344,0.087234,0.067798,0.046637,0.071589,0.124476,0.042298,0.067873
0.026581,0.124788,0.242706,0.068721,0.069739,0.105546,0.179419,0.087495,0.030521,0.064484
0.035136,0.082823,0.294909,0.089381,0.081368,0.122680,0.072677,0.099035,0.038045,0.083946
0.029894,0.095388,0.100314,0.105280,0.193828,0.151858,0.176561,0.026078,0.052108,0.068691
0.041859,0.083232,0.366093,0.059017,0.115450,0.051704,0.077924,0.077253,0.052119,0.075349
0.049546,0.071250,0.058623,0.089989,0.104402,0.061448,0.103378,0.229659,0.064908,0.166796
0.045496,0.096187,0.096633,0.092064,0.184527,0.143135,0.110110,0.098326,0.046941,0.086581
0.042766,0.154207,0.087276,0.091027,0.204495,0.108956,0.083693,0.103230,0.039670,0.084680
0.082611,0.112824,0.110687,0.127544,0.131312,0.063089,0.104485,0.136320,0.050115,0.081014
0.036117,0.081011,0.281855,0.079815,0.235574,0.107426,0.081397,0.022564,0.032709,0.041533
0.061213,0.123404,0.054659,0.100709,0.150195,0.153070,0.114690,0.061422,0.055047,0.125592
0.060211,0.102561,0.099269,0.095116,0.098756,0.140319,0.103883,0.110003,0.085526,0.104356
0.030583,0.084795,0.324868,0.094726,0.079028,0.150923,0.135734,0.023479,0.042933,0.032932
0.034131,0.073595,0.296455,0.075787,0.210719,0.080274,0.089520,0.021304,0.074492,0.043722
0.088903,0.113515,0.093062,0.098751,0.168447,0.121231,0.107156,0.094700,0.033134,0.081101
0.047145,0.075669,0.255364,0.085841,0.187759,0.128083,0.071904,0.074506,0.031443,0.042284
0.071534,0.085931,0.327249,0.085314,0.083415,0.044119,0.096380,0.086577,0.035413,0.084068
0.089431,0.093084,0.090800,0.090804,0.173473,0.100663,0.108698,0.096266,0.064284,0.092498
0.025100,0.061116,0.245145,0.069832,0.237649,0.101889,0.059505,0.069191,0.063930,0.066642
0.055789,0.122652,0.048330,0.101703,0.105155,0.229501,0.111646,0.131916,0.048645,0.044664
0.037652,0.083285,0.287243,0.085541,0.088672,0.117471,0.093452,0.091995,0.038124,0.076565
0.038536,0.113782,0.118120,0.142020,0.130234,0.069318,0.128497,0.127174,0.071422,0.060896
0.054184,0.088560,0.086701,0.095060,0.090628,0.115372,0.239970,0.090605,0.045070,0.093850
0.081300,0.079911,0.297014,0.085500,0.086796,0.110552,0.083278,0.094666,0.037492,0.043491
0.022070,0.060598,0.191204,0.068893,0.414343,0.030148,0.053085,0.068278,0.023627,0.067755
0.101860,0.099858,0.096318,0.104500,0.105405,0.135951,0.105161,0.113216,0.049457,0.088274
0.028230,0.108211,0.084098,0.098245,0.328178,0.048805,0.139472,0.096837,0.031764,0.036161
0.053261,0.100076,0.108804,0.105609,0.104740,0.137208,0.103274,0.105530,0.077081,0.104416
0.056195,0.106274,0.107262,0.108772,0.112218,0.138760,0.111113,0.111188,0.039579,0.108639
0.027422,0.057305,0.241417,0.061623,0.280381,0.127228,0.070800,0.070554,0.030694,0.032577
0.066685,0.123533,0.054132,0.144756,0.139024,0.067711,0.107374,0.068148,0.166465,0.062173
0.051982,0.135731,0.112034,0.104700,0.125770,0.061797,0.113767,0.114697,0.067408,0.112115
0.032012,0.081244,0.241745,0.077304,0.192075,0.104258,0.081778,0.082659,0.027190,0.079734
0.041313,0.127865,0.277152,0.091151,0.083726,0.087902,0.079755,0.082955,0.039347,0.088835
0.037784,0.090721,0.069732,0.111002,0.121157,0.124154,0.104075,0.118000,0.118866,0.104509
0.058073,0.095054,0.296990,0.079798,0.085367,0.105120,0.079316,0.037324,0.079785,0.083173
0.038126,0.084528,0.039311,0.128155,0.334443,0.089442,0.074734,0.124581,0.046362,0.040317
0.061237,0.127695,0.065530,0.174591,0.171854,0.066176,0.135657,0.050536,0.056706,0.090018
0.056230,0.072192,0.027362,0.076020,0.426141,0.156421,0.061170,0.023938,0.031402,0.069126
0.050858,0.098086,0.096499,0.100105,0.188423,0.128446,0.088854,0.098495,0.046801,0.103432
0.028144,0.076557,0.233553,0.073693,0.220574,0.084075,0.119588,0.067554,0.042682,0.053581
0.034321,0.067144,0.321497,0.083784,0.144222,0.104052,0.082449,0.042231,0.040754,0.079546
0.032606,0.102232,0.319491,0.087354,0.086606,0.135592,0.083067,0.083337,0.028974,0.040741
0.050188,0.096481,0.101508,0.097189,0.198713,0.122832,0.094730,0.095920,0.045226,0.097213
0.049636,0.132817,0.125180,0.122553,0.119572,0.053161,0.098720,0.111445,0.067166,0.119750
0.063805,0.107831,0.115360,0.112789,0.114460,0.143906,0.125840,0.109330,0.037627,0.069051
0.102997,0.104064,0.107891,0.098083,0.098023,0.140540,0.106792,0.027934,0.106630,0.107046
0.028495,0.089360,0.370769,0.088311,0.096792,0.049749,0.102894,0.028660,0.056037,0.088933
0.105001,0.139145,0.114464,0.109409,0.109030,0.058382,0.101173,0.106992,0.046269,0.110136
0.039752,0.095439,0.061470,0.112105,0.119122,0.152591,0.108580,0.084241,0.110983,0.115718
0.066590,0.183026,0.105911,0.106986,0.103545,0.142346,0.103554,0.028519,0.056092,0.103431
0.020270,0.078034,0.214771,0.054145,0.303106,0.082797,0.106201,0.064344,0.034685,0.041647
0.038650,0.074394,0.266449,0.083630,0.076650,0.118160,0.165844,0.076155,0.034683,0.065385
0.061177,0.104702,0.050700,0.149377,0.112548,0.204994,0.090796,0.056715,0.052609,0.116383
0.110536,0.108347,0.104752,0.115638,0.111912,0.147570,0.103114,0.105703,0.040291,0.052136
0.057948,0.098412,0.047510,0.087497,0.130777,0.230910,0.110402,0.076505,0.050892,0.109147
0.034599,0.073980,0.207202,0.066323,0.313928,0.036814,0.078374,0.106295,0.048381,0.034103
0.062182,0.060370,0.223861,0.065778,0.229152,0.064638,0.109448,0.067536,0.056928,0.060106
0.030179,0.076784,0.034616,0.060555,0.380801,0.169185,0.085401,0.097272,0.029599,0.035608
0.041706,0.082671,0.038253,0.073737,0.373453,0.087462,0.073470,0.095980,0.039230,0.094039
0.065682,0.103190,0.051683,0.099236,0.142792,0.178697,0.115931,0.089200,0.058281,0.095307
0.052542,0.101258,0.104997,0.122162,0.097791,0.172508,0.104578,0.027738,0.108490,0.107936
0.036086,0.062760,0.323197,0.116243,0.092923,0.045202,0.105502,0.123124,0.037971,0.056992
0.029730,0.095139,0.095957,0.098886,0.099619,0.161308,0.158146,0.093608,0.069552,0.098055
0.052781,0.120437,0.076912,0.136468,0.167604,0.067040,0.112792,0.117324,0.075782,0.072859
0.074962,0.135144,0.247932,0.076931,0.074532,0.105396,0.155449,0.037494,0.058794,0.033367
0.042818,0.093154,0.048731,0.114920,0.104438,0.169690,0.097995,0.190260,0.061411,0.076582
0.046374,0.087097,0.092301,0.101757,0.090211,0.115277,0.235262,0.109387,0.042595,0.079739
0.029187,0.066647,0.049164,0.099640,0.294297,0.096706,0.094203,0.136136,0.044433,0.089587
0.053272,0.083879,0.047993,0.092726,0.122752,0.176240,0.123886,0.132500,0.051941,0.114811
0.104348,0.127473,0.079817,0.157696,0.142317,0.059825,0.116001,0.047077,0.081912,0.083535
0.057487,0.097521,0.098894,0.109208,0.103921,0.138769,0.183904,0.027350,0.083258,0.099688
0.032006,0.120980,0.104526,0.119686,0.184568,0.107523,0.117853,0.107273,0.047575,0.058008
0.051578,0.093230,0.043083,0.133719,0.096817,0.187807,0.089770,0.132322,0.120365,0.051309
0.090137,0.095507,0.100893,0.101659,0.175275,0.127757,0.112377,0.099415,0.045149,0.051832
0.092836,0.128855,0.050234,0.132555,0.132779,0.161452,0.140161,0.037199,0.069665,0.054264
0.069269,0.124676,0.246697,0.066193,0.067133,0.090059,0.165236,0.080136,0.062437,0.028166
0.022622,0.070222,0.237169,0.072251,0.278611,0.091240,0.076297,0.072889,0.042375,0.036325
0.055781,0.138604,0.080726,0.132635,0.128256,0.066518,0.116021,0.127342,0.066148,0.087970
0.041995,0.122769,0.086837,0.088899,0.173366,0.142841,0.099841,0.086038,0.081251,0.076164
0.036733,0.097595,0.327513,0.102545,0.095308,0.046685,0.081410,0.027800,0.093843,0.090567
0.112488,0.160330,0.095330,0.101373,0.083843,0.129777,0.104532,0.024253,0.080758,0.107316
0.026483,0.082334,0.278869,0.082360,0.090204,0.110572,0.088595,0.104347,0.049383,0.086855
0.028748,0.063406,0.243433,0.072268,0.231457,0.088558,0.058603,0.083847,0.066652,0.063028
0.042831,0.090303,0.098820,0.093971,0.188926,0.120368,0.104992,0.102263,0.060115,0.097410
0.032734,0.076354,0.275264,0.091253,0.103700,0.143598,0.066473,0.098885,0.034801,0.076938
0.035786,0.087506,0.276025,0.083015,0.087810,0.117327,0.130111,0.044954,0.058575,0.078891
0.040307,0.089041,0.328506,0.104359,0.108872,0.051186,0.087038,0.047347,0.035561,0.107784
0.057715,0.121883,0.124334,0.146143,0.146618,0.064854,0.123394,0.066543,0.050824,0.097692
0.053364,0.119208,0.056216,0.113265,0.132371,0.060335,0.121929,0.076581,0.107166,0.159565
0.027023,0.073698,0.306750,0.088730,0.093642,0.123736,0.105688,0.072461,0.051371,0.056899
0.042411,0.086675,0.064478,0.150045,0.264796,0.056265,0.093875,0.142106,0.052134,0.047214
0.064465,0.133693,0.134535,0.136859,0.142193,0.075987,0.146851,0.039800,0.070112,0.055504
0.038208,0.091192,0.352026,0.083632,0.098262,0.124766,0.098179,0.029694,0.038055,0.045987
0.020160,0.055364,0.199964,0.059988,0.381238,0.031971,0.065000,0.052792,0.068931,0.064591
0.034103,0.075226,0.268926,0.079199,0.079526,0.106893,0.163647,0.083099,0.035099,0.074283
0.043149,0.103641,0.042281,0.096339,0.118789,0.168081,0.124674,0.125011,0.052251,0.125784
0.044821,0.088044,0.286337,0.103489,0.091437,0.120625,0.094732,0.043920,0.088685,0.037909
0.053629,0.101868,0.106549,0.104777,0.109779,0.152323,0.107494,0.104731,0.050378,0.108473
0.066689,0.095497,0.341800,0.093406,0.084191,0.042866,0.062430,0.104199,0.029803,0.079121
0.030801,0.084756,0.336095,0.082445,0.090762,0.117879,0.088830,0.023766,0.062020,0.082644
0.041467,0.089168,0.093672,0.098285,0.093634,0.125042,0.226945,0.111286,0.033489,0.087012
0.041731,0.115106,0.049303,0.103596,0.125642,0.238597,0.131892,0.037301,0.049813,0.107019
0.053824,0.100750,0.045010,0.115893,0.109889,0.175733,0.093522,0.033572,0.171411,0.100395
0.056328,0.114180,0.115492,0.118726,0.122105,0.122852,0.121377,0.117901,0.059047,0.051991
0.023481,0.075074,0.306565,0.075474,0.269099,0.031858,0.062887,0.021215,0.099605,0.034741
0.050313,0.105156,0.107057,0.108895,0.195819,0.135044,0.143171,0.054596,0.053079,0.046870
0.035238,0.085828,0.427798,0.100189,0.072879,0.043993,0.081195,0.033359,0.047435,0.072086
0.026229,0.066287,0.240295,0.071004,0.204338,0.094395,0.122094,0.074404,0.029927,0.071027
0.067458,0.073691,0.357031,0.093463,0.098960,0.047789,0.087434,0.084505,0.039810,0.049861
0.054886,0.119963,0.047505,0.128046,0.114347,0.062822,0.134620,0.178060,0.058359,0.101393
0.033133,0.090303,0.032964,0.076189,0.453784,0.087616,0.094593,0.024936,0.031287,0.075195
0.028960,0.100285,0.302020,0.087967,0.093906,0.101611,0.108923,0.095346,0.028319,0.052662
0.043512,0.085064,0.286986,0.084777,0.091303,0.118633,0.092668,0.094106,0.055141,0.047809
0.041704,0.135804,0.049182,0.118223,0.114505,0.138379,0.126665,0.156560,0.040927,0.078052
0.054903,0.178917,0.103689,0.106035,0.100006,0.132404,0.099526,0.096030,0.035843,0.092646
0.021439,0.144113,0.078548,0.077669,0.196825,0.102558,0.206513,0.071486,0.024082,0.076767
0.047900,0.111804,0.052352,0.128942,0.158356,0.061851,0.139217,0.165440,0.061612,0.072526
0.053940,0.157448,0.083595,0.088437,0.089027,0.118875,0.182500,0.087650,0.082825,0.055702
0.059101,0.105388,0.110521,0.109565,0.108638,0.136941,0.105473,0.126165,0.036778,0.101429
0.044220,0.130598,0.099925,0.115110,0.109684,0.062591,0.230293,0.051165,0.045261,0.111153
0.034156,0.083570,0.204514,0.072248,0.183452,0.061044,0.071724,0.016872,0.211958,0.060463
0.057416,0.115703,0.106467,0.121153,0.292522,0.059050,0.093364,0.057310,0.049710,0.047306
0.028633,0.057658,0.294992,0.072132,0.215327,0.093741,0.059768,0.094039,0.035735,0.047975
0.032202,0.074988,0.030654,0.065677,0.397318,0.114224,0.063492,0.109338,0.044482,0.067625
0.092395,0.165271,0.091524,0.092122,0.088580,0.148224,0.088172,0.112512,0.030250,0.090950
0.087699,0.160307,0.084852,0.081110,0.086359,0.130961,0.101931,0.099521,0.070028,0.097231
0.046370,0.107817,0.068151,0.115737,0.117803,0.180866,0.098980,0.140028,0.044442,0.079806
0.027114,0.076498,0.296271,0.100083,0.085577,0.096416,0.094184,0.116517,0.029010,0.078330
0.066897,0.073358,0.345417,0.080226,0.078456,0.100562,0.074619,0.104525,0.030986,0.044954
0.065495,0.079325,0.223998,0.058932,0.170229,0.087598,0.060608,0.016356,0.177385,0.060073
0.042148,0.100508,0.058532,0.098503,0.088843,0.169227,0.112011,0.160446,0.104361,0.065420
0.085508,0.110060,0.067850,0.115681,0.123722,0.173583,0.127312,0.035406,0.058531,0.102348
0.082979,0.092758,0.065692,0.083757,0.214799,0.057584,0.104852,0.147859,0.053377,0.096344
0.049336,0.115293,0.094878,0.097856,0.188886,0.123322,0.146813,0.099455,0.033312,0.050849
0.077923,0.111457,0.112314,0.115783,0.112703,0.151822,0.120099,0.031214,0.093174,0.073510
0.027090,0.069392,0.238017,0.071706,0.239407,0.092148,0.130152,0.070859,0.031530,0.029699
0.036725,0.077750,0.316741,0.083297,0.086832,0.110367,0.156138,0.038129,0.034045,0.059977
0.023049,0.054800,0.267815,0.063877,0.231661,0.105227,0.056097,0.073875,0.075571,0.048028
0.074506,0.077219,0.282321,0.083663,0.074238,0.107665,0.074104,0.021558,0.173803,0.030925
0.038997,0.075640,0.384133,0.107809,0.113737,0.040215,0.100873,0.032172,0.051114,0.055310
0.041334,0.083899,0.047631,0.124254,0.132751,0.215924,0.129487,0.127433,0.047413,0.049874
0.104479,0.101143,0.103133,0.104847,0.105585,0.166533,0.106430,0.053213,0.051377,0.103261
0.045867,0.142576,0.134051,0.135618,0.147678,0.074903,0.145927,0.039502,0.060747,0.073131
0.089192,0.116759,0.049810,0.135639,0.132912,0.061434,0.153099,0.043259,0.155763,0.062133
0.052236,0.077707,0.062702,0.115570,0.124298,0.068660,0.128474,0.182783,0.069205,0.118367
0.025629,0.065139,0.248705,0.068055,0.251174,0.103163,0.069454,0.075777,0.028395,0.064510
0.060564,0.116963,0.053094,0.135619,0.137852,0.151330,0.100705,0.131118,0.055801,0.056954
0.056381,0.114326,0.123948,0.114311,0.123725,0.059888,0.122131,0.122065,0.041307,0.121918
0.068036,0.132397,0.070302,0.078144,0.159680,0.088282,0.196144,0.077355,0.064528,0.065132
0.098633,0.160963,0.098203,0.091844,0.102659,0.101043,0.097939,0.120974,0.068649,0.059094
0.051305,0.098568,0.364912,0.093982,0.101568,0.046072,0.108279,0.029462,0.068389,0.037463
0.084470,0.128149,0.087951,0.087960,0.188635,0.124793,0.085911,0.086929,0.040377,0.084825
0.046026,0.101721,0.101381,0.108874,0.221141,0.135976,0.103545,0.027365,0.049829,0.104141
0.061294,0.091605,0.043994,0.127093,0.136528,0.121143,0.108357,0.053737,0.135385,0.120865
0.052142,0.094368,0.094595,0.093440,0.182411,0.096793,0.096296,0.106244,0.093052,0.090660
0.031561,0.062680,0.317441,0.084228,0.075515,0.124215,0.109864,0.129385,0.029870,0.035241
0.042908,0.083611,0.266327,0.086017,0.085481,0.112808,0.089289,0.084243,0.061501,0.087814
0.063911,0.129786,0.050501,0.125230,0.130236,0.189204,0.087938,0.099849,0.063601,0.059744
0.054351,0.150022,0.059401,0.171080,0.182622,0.066665,0.121274,0.052567,0.081344,0.060674
0.032222,0.078555,0.284192,0.086142,0.084392,0.108690,0.084183,0.080729,0.077087,0.083808
0.065207,0.073519,0.083855,0.097809,0.232143,0.070185,0.110349,0.133387,0.068942,0.064603
0.038101,0.123592,0.291699,0.078455,0.069403,0.110179,0.146616,0.020960,0.035725,0.085269
0.102697,0.109698,0.102380,0.105099,0.112374,0.058231,0.111668,0.130179,0.059568,0.108107
0.053926,0.081423,0.121816,0.118424,0.292852,0.058456,0.119463,0.055287,0.052132,0.046220
0.026577,0.119031,0.252873,0.069696,0.067623,0.106540,0.160671,0.080331,0.050395,0.066263
0.047884,0.080740,0.053228,0.096896,0.314107,0.111253,0.093232,0.118198,0.041128,0.043334
0.047351,0.111700,0.051072,0.117882,0.155111,0.197888,0.112627,0.063546,0.071291,0.071532
