0.137391,0.765700,0.096909
0.017130,0.779597,0.203274
0.976061,0.023905,0.000034
0.947897,0.050371,0.001732
0.991776,0.008224,0.000000
0.149596,0.577562,0.272842
0.135982,0.331987,0.532031
0.275712,0.724287,0.000001
0.485051,0.514301,0.000649
0.494056,0.371373,0.134572
0.996284,0.003705,0.000011
0.914171,0.085821,0.000008
0.893700,0.056277,0.050023
0.028458,0.360765,0.610777
0.996166,0.003833,0.000001
0.503006,0.468186,0.028808
0.284393,0.492880,0.222727
0.992298,0.007701,0.000001
0.994685,0.005315,0.000000
0.996855,0.003145,0.000000
0.001687,0.998056,0.000257
0.990811,0.009179,0.000010
0.021214,0.427215,0.551571
0.970417,0.029583,0.000000
0.000656,0.002678,0.996666
0.740952,0.238536,0.020512
0.995499,0.004501,0.000000
0.995548,0.004452,0.000000
0.843978,0.153141,0.002881
0.192577,0.275306,0.532117
0.716154,0.283846,0.000000
0.880068,0.119345,0.000588
0.298009,0.701990,0.000001
0.988777,0.011213,0.000010
0.635190,0.364809,0.000001
0.001004,0.003153,0.995843
0.906068,0.093834,0.000098
0.328897,0.320324,0.350780
0.452229,0.547702,0.000070
0.024226,0.098959,0.876815
0.986995,0.013005,0.000000
0.575476,0.424522,0.000002
0.000026,0.000029,0.999944
0.296939,0.703060,0.000001
0.992362,0.007633,0.000005
0.997176,0.002824,0.000000
0.442140,0.527252,0.030608
0.998031,0.001969,0.000000
0.010692,0.044697,0.944611
0.001986,0.996069,0.001945
0.948358,0.026070,0.025573
0.887701,0.112298,0.000001
0.000638,0.999250,0.000112
0.023337,0.080290,0.896373
0.003818,0.105507,0.890675
0.101548,0.492517,0.405935
0.436648,0.563348,0.000004
0.063486,0.176058,0.760456
0.993981,0.006019,0.000000
0.843915,0.089971,0.066114
0.328647,0.659601,0.011751
0.089124,0.118245,0.792631
0.794156,0.126292,0.079552
0.995359,0.004641,0.000001
0.049659,0.531903,0.418438
0.430818,0.569182,0.000000
0.624226,0.375199,0.000575
0.002912,0.995346,0.001742
0.048240,0.521351,0.430410
0.661529,0.338258,0.000214
0.029690,0.640312,0.329998
0.048705,0.252831,0.698464
0.979106,0.020858,0.000037
0.559858,0.384626,0.055516
0.981471,0.018293,0.000236
0.993312,0.006688,0.000000
0.236517,0.763483,0.000000
0.984865,0.015135,0.000000
0.001300,0.997187,0.001513
0.027539,0.078237,0.894224
0.960589,0.039071,0.000341
0.784331,0.170811,0.044858
0.996733,0.003267,0.000000
0.138617,0.861156,0.000227
0.302275,0.696402,0.001323
0.001769,0.997745,0.000487
0.996197,0.003803,0.000000
0.173073,0.814963,0.011964
0.873998,0.125820,0.000181
0.107861,0.428243,0.463896
0.660555,0.339444,0.000001
0.478179,0.501242,0.020579
0.093247,0.549435,0.357318
0.000955,0.999038,0.000008
0.192553,0.807093,0.000354
0.987856,0.012142,0.000002
0.878642,0.109585,0.011773
0.448139,0.551728,0.000133
0.542413,0.457586,0.000002
0.997438,0.002562,0.000000
0.000647,0.997199,0.002155
0.403182,0.596817,0.000001
0.957957,0.042043,0.000000
0.338164,0.660574,0.001263
0.050835,0.576214,0.372950
0.995439,0.004561,0.000000
0.010470,0.265223,0.724308
0.003278,0.969347,0.027374
0.982010,0.015504,0.002486
0.027921,0.602202,0.369877
0.047277,0.083660,0.869062
0.387085,0.612886,0.000029
0.993869,0.006130,0.000001
0.049496,0.329253,0.621252
0.008343,0.014123,0.977534
0.970105,0.029895,0.000000
0.931060,0.014550,0.054390
0.996310,0.003684,0.000006
0.988341,0.007463,0.004196
0.069930,0.279642,0.650429
0.997427,0.002573,0.000000
0.992021,0.007979,0.000000
0.966024,0.033976,0.000000
0.985191,0.014809,0.000000
0.091438,0.907961,0.000600
0.555023,0.440819,0.004158
0.063777,0.391039,0.545184
0.228009,0.463835,0.308156
0.408191,0.591809,0.000000
0.024319,0.038669,0.937013
0.040285,0.517988,0.441727
0.029298,0.379560,0.591142
0.343254,0.656746,0.000000
0.000538,0.000686,0.998776
0.721120,0.277505,0.001375
0.000734,0.000902,0.998364
0.005954,0.019107,0.974939
0.002053,0.994967,0.002980
0.000712,0.997901,0.001386
0.988083,0.011917,0.000000
0.000045,0.000005,0.999951
0.001145,0.939939,0.058916
0.532850,0.039882,0.427268
0.303265,0.696683,0.000052
0.082866,0.772541,0.144593
0.886408,0.113587,0.000005
0.875850,0.011454,0.112695
0.003597,0.034966,0.961438
0.312553,0.567516,0.119931
0.995411,0.004589,0.000001
0.980653,0.019347,0.000000
0.964301,0.035642,0.000057
0.987955,0.012045,0.000000
0.064956,0.928841,0.006203
0.002347,0.996369,0.001284
0.019699,0.191916,0.788384
0.773428,0.128180,0.098392
0.026735,0.036138,0.937127
0.996435,0.003565,0.000000
0.006162,0.011254,0.982584
0.996947,0.003053,0.000000
0.071222,0.922047,0.006732
0.997144,0.002826,0.000030
0.987659,0.012341,0.000001
0.339498,0.660500,0.000002
0.042599,0.552624,0.404777
0.003489,0.988147,0.008364
0.001706,0.998221,0.000073
0.991322,0.008678,0.000000
0.993431,0.006566,0.000003
0.408548,0.550790,0.040662
0.365630,0.616701,0.017669
0.001500,0.006313,0.992187
0.991459,0.008530,0.000011
0.189521,0.339702,0.470778
0.214793,0.775942,0.009265
0.001012,0.992978,0.006009
0.616105,0.381011,0.002884
0.988634,0.008762,0.002604
0.050348,0.810168,0.139483
0.994656,0.005343,0.000001
0.014250,0.835859,0.149891
0.505626,0.494374,0.000000
0.579971,0.196350,0.223679
0.997398,0.002602,0.000000
0.969123,0.029061,0.001816
0.000087,0.000144,0.999769
0.186311,0.807957,0.005733
0.993075,0.006912,0.000013
0.305285,0.694715,0.000000
0.153669,0.846196,0.000134
0.396372,0.602529,0.001099
0.001559,0.998207,0.000234
0.995330,0.004669,0.000001
0.022014,0.066009,0.911977
0.909872,0.007635,0.082493
0.332445,0.666955,0.000600
0.129934,0.008460,0.861606
0.014674,0.041262,0.944065
0.189845,0.810088,0.000067
0.005446,0.005832,0.988722
0.995035,0.004965,0.000000
0.987441,0.012559,0.000000
0.985669,0.014306,0.000024
0.230430,0.645367,0.124204
0.000563,0.001298,0.998139
0.962107,0.025668,0.012225
0.008999,0.984957,0.006044
0.052375,0.177637,0.769989
0.194527,0.586416,0.219058
0.076943,0.691513,0.231544
0.589964,0.407754,0.002281
0.245473,0.754510,0.000017
0.040026,0.001159,0.958816
0.513876,0.028444,0.457681
0.970518,0.029462,0.000020
0.994512,0.005488,0.000000
0.004714,0.135175,0.860111
0.134137,0.864178,0.001685
0.994209,0.005791,0.000001
0.976049,0.023951,0.000000
0.359876,0.637583,0.002540
0.017972,0.505498,0.476530
0.000683,0.987468,0.011849
0.852087,0.082550,0.065363
0.987558,0.012442,0.000000
0.024562,0.080908,0.894530
0.966059,0.030462,0.003480
0.988572,0.011278,0.000150
0.279535,0.720456,0.000009
0.467275,0.532724,0.000001
0.306679,0.692960,0.000361
0.056754,0.774146,0.169099
0.987114,0.012885,0.000000
0.992793,0.007201,0.000006
0.869446,0.130545,0.000010
0.347316,0.652683,0.000001
0.272182,0.727804,0.000014
0.066365,0.397922,0.535713
0.996298,0.003703,0.000000
0.419524,0.577355,0.003120
0.995440,0.004560,0.000000
0.950200,0.049705,0.000095
0.399000,0.594916,0.006084
0.094295,0.405684,0.500020
0.392935,0.595361,0.011703
0.995911,0.004089,0.000000
0.228994,0.720910,0.050096
0.003325,0.995004,0.001671
0.986636,0.013364,0.000000
0.260949,0.482346,0.256705
0.174252,0.002521,0.823226
0.122479,0.678684,0.198838
0.983628,0.016372,0.000000
0.403317,0.596379,0.000304
0.149278,0.797079,0.053643
0.498889,0.501099,0.000012
0.270387,0.729488,0.000125
0.007015,0.017605,0.975380
0.064281,0.554975,0.380744
0.987268,0.012731,0.000001
0.023576,0.895980,0.080444
0.040043,0.585803,0.374154
0.997060,0.002940,0.000000
0.002968,0.983070,0.013962
0.001077,0.997179,0.001744
0.025739,0.787477,0.186784
0.280957,0.719035,0.000007
0.616556,0.379290,0.004154
0.001459,0.998040,0.000501
0.588420,0.411578,0.000002
0.130282,0.280804,0.588914
0.009600,0.008394,0.982006
0.984479,0.015521,0.000000
0.036020,0.344122,0.619858
0.143671,0.026614,0.829715
0.010978,0.018727,0.970296
0.001231,0.998350,0.000419
0.862455,0.091386,0.046160
0.082257,0.906059,0.011684
0.082413,0.282446,0.635141
0.863313,0.048209,0.088478
0.987586,0.012414,0.000000
0.319344,0.680564,0.000091
0.711879,0.287538,0.000583
0.271021,0.213780,0.515199
0.995138,0.004862,0.000000
0.996479,0.003521,0.000000
0.071054,0.822014,0.106932
0.587445,0.195837,0.216718
0.988523,0.011477,0.000000
0.020982,0.042737,0.936281
0.010835,0.738508,0.250657
0.991696,0.008304,0.000000
0.877984,0.121936,0.000080
0.990410,0.009581,0.000010
0.970573,0.029427,0.000000
0.990155,0.009818,0.000027
0.251899,0.748101,0.000000
0.980102,0.019898,0.000000
0.068574,0.148091,0.783334
0.997749,0.002251,0.000000
0.128301,0.768449,0.103250
0.998111,0.001889,0.000000
0.994432,0.005568,0.000000
0.061505,0.131708,0.806787
0.437936,0.544713,0.017351
0.997076,0.002924,0.000001
0.804234,0.194990,0.000776
0.360775,0.639223,0.000001
0.735449,0.264428,0.000123
0.971304,0.028696,0.000000
0.031487,0.164458,0.804054
0.004219,0.903196,0.092585
0.024194,0.055729,0.920077
0.991771,0.008229,0.000000
0.200673,0.797854,0.001473
0.015967,0.047614,0.936419
0.957881,0.042119,0.000000
0.989762,0.010238,0.000000
0.996179,0.003821,0.000000
0.996247,0.003753,0.000000
0.988328,0.011671,0.000001
0.001246,0.010183,0.988572
0.732353,0.267075,0.000572
0.986140,0.013860,0.000000
0.109956,0.889769,0.000276
0.007819,0.909234,0.082947
0.526591,0.473386,0.000023
0.957676,0.016803,0.025521
0.995474,0.004526,0.000000
0.992036,0.007963,0.000001
0.119094,0.250766,0.630140
0.376769,0.620266,0.002966
0.126587,0.201384,0.672029
0.005588,0.022988,0.971425
0.992863,0.007136,0.000000
0.965973,0.034009,0.000019
0.005696,0.022645,0.971659
0.538204,0.461796,0.000000
0.962180,0.029574,0.008246
0.003811,0.993947,0.002243
0.985945,0.014027,0.000028
0.221069,0.778930,0.000001
0.019838,0.276680,0.703482
0.539775,0.328884,0.131341
0.578130,0.094859,0.327011
0.178089,0.821262,0.000649
0.241069,0.758916,0.000015
0.990943,0.009055,0.000001
0.990704,0.009296,0.000000
0.160081,0.318666,0.521253
0.003201,0.996520,0.000279
0.936256,0.063743,0.000000
0.233346,0.459377,0.307276
0.365427,0.634571,0.000001
0.000160,0.000355,0.999485
0.269361,0.728642,0.001996
0.899415,0.100245,0.000340
0.858904,0.140855,0.000241
0.986744,0.013256,0.000000
0.003932,0.015773,0.980295
0.392711,0.592511,0.014777
0.001308,0.003320,0.995372
0.996838,0.003148,0.000013
0.963693,0.027166,0.009141
0.278105,0.719572,0.002323
0.122857,0.516045,0.361099
0.986108,0.006136,0.007755
0.060227,0.547803,0.391970
0.022545,0.221595,0.755860
0.507728,0.492266,0.000007
0.979824,0.020087,0.000089
0.983929,0.016071,0.000000
0.995297,0.004703,0.000000
0.011900,0.036017,0.952082
0.756270,0.203778,0.039952
0.123917,0.876082,0.000001
0.796108,0.021905,0.181988
0.004324,0.075910,0.919766
0.995773,0.004227,0.000000
0.047821,0.592077,0.360102
0.519924,0.480076,0.000000
0.007861,0.069276,0.922863
0.229642,0.770015,0.000343
0.056343,0.165090,0.778566
0.005869,0.969480,0.024652
0.007007,0.821431,0.171562
0.248775,0.694628,0.056596
0.974709,0.025291,0.000000
0.523058,0.472468,0.004473
0.574954,0.425046,0.000000
0.000867,0.998332,0.000801
0.925213,0.029657,0.045130
0.002788,0.996579,0.000633
0.990962,0.009038,0.000000
0.000607,0.996269,0.003124
0.006375,0.193936,0.799689
0.573341,0.416362,0.010296
0.095891,0.536610,0.367499
0.031570,0.754423,0.214006
0.275562,0.724437,0.000000
0.628206,0.371794,0.000000
0.982250,0.017744,0.000006
0.786744,0.210222,0.003034
0.380212,0.558600,0.061188
0.019864,0.588860,0.391276
0.713758,0.285520,0.000723
0.949333,0.041345,0.009322
0.018028,0.498403,0.483569
0.410411,0.589588,0.000002
0.991654,0.008340,0.000006
0.233146,0.765482,0.001372
0.569574,0.430393,0.000033
0.074324,0.540642,0.385034
0.000361,0.000905,0.998734
0.002297,0.005075,0.992628
0.700644,0.298229,0.001127
0.996710,0.003290,0.000000
0.132718,0.002366,0.864916
0.901834,0.035106,0.063060
0.607614,0.225314,0.167072
0.837041,0.162752,0.000207
0.216415,0.504313,0.279272
0.972147,0.011981,0.015873
0.001496,0.997764,0.000740
0.417471,0.582529,0.000000
0.000158,0.000127,0.999716
0.357013,0.642983,0.000004
0.958443,0.041528,0.000029
0.762852,0.236590,0.000558
0.987438,0.012562,0.000000
0.255744,0.736904,0.007353
0.988936,0.011063,0.000000
0.802416,0.197291,0.000293
0.175945,0.444622,0.379433
0.962259,0.037741,0.000000
0.013151,0.322786,0.664063
0.000980,0.992694,0.006326
0.417295,0.581356,0.001349
0.384292,0.609381,0.006327
0.004333,0.995518,0.000149
0.072516,0.160167,0.767318
0.996934,0.003066,0.000000
0.001660,0.997629,0.000711
0.343244,0.644942,0.011814
0.068153,0.733550,0.198297
0.001527,0.998294,0.000180
0.110778,0.452373,0.436849
0.962183,0.035547,0.002270
0.036521,0.671574,0.291905
0.989968,0.010032,0.000000
0.242721,0.741319,0.015960
0.000251,0.000194,0.999554
0.286498,0.422878,0.290624
0.941328,0.015350,0.043322
0.004202,0.005535,0.990263
0.532956,0.466439,0.000605
0.000148,0.000016,0.999835
0.001125,0.998852,0.000023
0.748552,0.243553,0.007894
0.164307,0.478806,0.356887
0.265183,0.004421,0.730396
0.074432,0.706931,0.218637
0.003429,0.015895,0.980676
0.965087,0.034913,0.000000
0.004379,0.005915,0.989707
0.080024,0.148394,0.771582
0.615031,0.381313,0.003656
0.961630,0.031988,0.006381
0.996221,0.003779,0.000000
0.060081,0.001034,0.938885
0.070538,0.276299,0.653163
0.837918,0.160836,0.001246
0.002011,0.942002,0.055987
0.997271,0.002729,0.000000
0.097422,0.902363,0.000216
0.996520,0.003480,0.000000
0.046264,0.083095,0.870641
0.378454,0.621546,0.000000
0.993784,0.006216,0.000000
0.438482,0.561476,0.000042
0.412996,0.587003,0.000000
0.000459,0.999443,0.000098
0.992265,0.007726,0.000010
0.833568,0.154803,0.011629
0.539968,0.447494,0.012537
0.987617,0.012383,0.000000
0.472547,0.527453,0.000000
0.989856,0.010144,0.000000
0.496473,0.502174,0.001353
0.360387,0.633919,0.005694
0.935914,0.064085,0.000001
0.001391,0.998115,0.000494
0.499760,0.025886,0.474354
0.953022,0.046765,0.000213
0.006679,0.023019,0.970302
0.665245,0.280755,0.054001
0.916770,0.083230,0.000000
0.512693,0.450682,0.036624
0.000785,0.994756,0.004459
0.993449,0.006435,0.000115
0.000479,0.000090,0.999432
0.217167,0.782803,0.000030
0.996720,0.003280,0.000000
0.711971,0.287952,0.000077
0.964424,0.033320,0.002257
0.087511,0.848369,0.064120
0.002408,0.015565,0.982026
0.004130,0.005370,0.990501
0.265052,0.734947,0.000002
0.312222,0.687778,0.000000
0.968276,0.031724,0.000000
0.997763,0.002237,0.000000
0.993362,0.006638,0.000000
0.232674,0.767325,0.000001
0.000478,0.998961,0.000561
0.000326,0.000569,0.999104
0.992124,0.007876,0.000000
0.489922,0.509285,0.000793
0.330981,0.659791,0.009228
0.012509,0.020557,0.966934
0.078241,0.337678,0.584081
0.008031,0.007438,0.984531
0.468518,0.531367,0.000115
0.000963,0.998738,0.000299
0.119989,0.376477,0.503534
0.001367,0.994014,0.004620
0.010918,0.316970,0.672112
0.985161,0.014839,0.000000
0.939378,0.050541,0.010080
0.903643,0.027134,0.069223
0.984837,0.015160,0.000003
0.009960,0.252519,0.737521
0.152551,0.531211,0.316238
0.877633,0.085780,0.036587
0.133684,0.846360,0.019956
0.059452,0.573698,0.366850
0.245704,0.754295,0.000000
0.686693,0.313306,0.000001
0.992601,0.007393,0.000006
0.604707,0.395290,0.000003
0.001727,0.005377,0.992896
0.029919,0.059741,0.910340
0.965498,0.034500,0.000002
0.609786,0.285868,0.104347
0.990183,0.009817,0.000000
0.006196,0.705806,0.287998
0.915736,0.084233,0.000031
0.234394,0.730668,0.034938
0.145867,0.599972,0.254161
0.838272,0.012446,0.149282
0.001052,0.998714,0.000234
0.005081,0.985410,0.009509
0.806878,0.186496,0.006625
0.964001,0.035999,0.000000
0.143922,0.826221,0.029856
0.992244,0.007756,0.000000
0.517384,0.482616,0.000000
0.036797,0.125914,0.837289
0.004043,0.155443,0.840514
0.000989,0.978872,0.020139
0.037877,0.086296,0.875827
0.359604,0.640384,0.000012
0.118581,0.235195,0.646224
0.860406,0.082757,0.056837
0.966335,0.029214,0.004451
0.286075,0.709431,0.004494
0.989941,0.010059,0.000000
0.995297,0.004703,0.000000
0.894716,0.105284,0.000000
0.979528,0.020471,0.000001
0.010081,0.173402,0.816518
0.981178,0.018822,0.000000
0.299997,0.692912,0.007091
0.016296,0.059378,0.924327
0.679661,0.110264,0.210075
0.001544,0.968957,0.029500
0.992292,0.007708,0.000000
0.059278,0.940264,0.000458
0.279159,0.720840,0.000001
0.476086,0.152581,0.371333
0.180512,0.375379,0.444109
0.946994,0.052971,0.000035
0.318061,0.681898,0.000041
0.394044,0.605159,0.000797
0.558836,0.418715,0.022449
0.996696,0.003304,0.000000
0.002787,0.972175,0.025038
0.824813,0.065301,0.109886
0.422357,0.499525,0.078118
0.036158,0.115986,0.847856
0.364077,0.635922,0.000001
0.008096,0.000203,0.991701
0.033595,0.048459,0.917946
0.997354,0.002646,0.000000
0.009188,0.719939,0.270873
0.002796,0.993563,0.003640
0.194530,0.805470,0.000001
0.001062,0.996407,0.002531
0.938071,0.053406,0.008523
0.753783,0.063495,0.182722
0.517940,0.482059,0.000001
0.028502,0.599990,0.371508
0.785056,0.213989,0.000956
0.121566,0.878198,0.000236
0.998485,0.001515,0.000000
0.295174,0.699064,0.005762
0.987942,0.012057,0.000000
0.834897,0.160902,0.004201
0.000412,0.000055,0.999533
0.245512,0.335099,0.419389
0.152091,0.360115,0.487794
0.002788,0.068263,0.928949
0.996969,0.003031,0.000000
0.010180,0.048745,0.941075
0.002976,0.977036,0.019988
0.342508,0.657492,0.000000
0.920331,0.033287,0.046381
0.979119,0.020794,0.000088
0.991670,0.007202,0.001128
0.008554,0.023036,0.968410
0.920802,0.041918,0.037280
0.001296,0.001837,0.996867
0.984975,0.015025,0.000000
0.393900,0.606098,0.000002
0.044307,0.096017,0.859676
0.507469,0.492531,0.000000
0.985547,0.014453,0.000000
0.000829,0.999074,0.000097
0.000916,0.002503,0.996581
0.963582,0.036418,0.000000
0.617185,0.381536,0.001279
0.988890,0.011079,0.000031
0.022705,0.064266,0.913029
0.187056,0.812925,0.000019
0.995347,0.004288,0.000365
0.382945,0.305019,0.312036
0.444139,0.025651,0.530210
0.317926,0.540764,0.141310
0.003888,0.089266,0.906846
0.992326,0.007674,0.000000
0.203854,0.796125,0.000021
0.381471,0.550919,0.067610
0.905397,0.089533,0.005070
0.050177,0.126351,0.823472
0.971875,0.020073,0.008052
0.195006,0.770328,0.034666
0.000415,0.999547,0.000038
0.993175,0.006825,0.000000
0.376385,0.589629,0.033986
0.010142,0.368279,0.621578
0.137128,0.742195,0.120677
0.958806,0.041194,0.000000
0.378053,0.621783,0.000164
0.000799,0.996263,0.002938
0.995942,0.004014,0.000044
0.024903,0.131637,0.843460
0.973206,0.026794,0.000000
0.084508,0.293045,0.622447
0.333852,0.022838,0.643310
0.001236,0.020606,0.978158
0.634570,0.191768,0.173662
0.997955,0.002045,0.000000
0.004265,0.861866,0.133869
0.638390,0.359292,0.002318
0.986903,0.012492,0.000605
0.096240,0.626481,0.277280
0.208859,0.752080,0.039061
0.922580,0.077419,0.000000
0.956054,0.042171,0.001775
0.349706,0.201671,0.448622
0.002243,0.996516,0.001241
0.432413,0.567554,0.000033
0.682108,0.317892,0.000000
0.995200,0.004800,0.000000
0.994926,0.005045,0.000030
0.001354,0.997463,0.001183
0.392024,0.607957,0.000019
0.182251,0.764129,0.053620
0.012261,0.070269,0.917470
0.993092,0.006522,0.000386
0.016676,0.227526,0.755798
0.990975,0.008829,0.000196
0.983892,0.016098,0.000011
0.993132,0.006868,0.000000
0.966072,0.033710,0.000218
0.001237,0.991306,0.007456
0.813577,0.120203,0.066220
0.000035,0.000029,0.999936
0.995280,0.004720,0.000000
0.189982,0.806306,0.003712
0.046004,0.281388,0.672608
0.000858,0.972023,0.027119
0.000570,0.001396,0.998035
0.325020,0.674972,0.000008
0.000534,0.000473,0.998992
0.220296,0.561422,0.218282
0.014117,0.049974,0.935909
0.049534,0.723008,0.227459
0.166920,0.680788,0.152292
0.986209,0.013791,0.000000
0.995590,0.004191,0.000219
0.027042,0.340809,0.632149
0.569110,0.255974,0.174916
0.088908,0.357299,0.553793
0.035864,0.334543,0.629593
0.110260,0.336876,0.552863
0.350908,0.649008,0.000084
0.017465,0.028503,0.954032
0.995843,0.004157,0.000000
0.000930,0.991509,0.007561
0.011593,0.044663,0.943745
0.309437,0.673917,0.016646
0.378051,0.621949,0.000000
0.245045,0.449686,0.305269
0.020884,0.040603,0.938512
0.731782,0.262014,0.006204
0.996449,0.003551,0.000000
0.000638,0.000670,0.998692
0.001080,0.998699,0.000220
0.247744,0.734755,0.017501
0.994974,0.005026,0.000000
0.713894,0.265319,0.020787
0.043435,0.599926,0.356639
0.241970,0.758024,0.000006
0.717950,0.281742,0.000308
0.130983,0.860713,0.008304
0.303937,0.108917,0.587145
0.994684,0.005315,0.000000
0.308551,0.691444,0.000005
0.001021,0.998638,0.000340
0.392701,0.607299,0.000000
0.583455,0.416541,0.000004
0.066888,0.110935,0.822177
0.214946,0.784161,0.000893
0.388541,0.611459,0.000000
0.577702,0.088731,0.333567
0.649210,0.054988,0.295802
0.443185,0.552524,0.004291
0.381807,0.603905,0.014288
0.030004,0.477573,0.492423
0.946091,0.053888,0.000021
0.032417,0.417433,0.550151
0.965756,0.034237,0.000007
0.996855,0.003145,0.000000
0.323305,0.676692,0.000003
0.001041,0.998947,0.000012
0.963095,0.031287,0.005618
0.179347,0.558559,0.262094
0.033631,0.568992,0.397377
0.995070,0.004321,0.000609
0.443680,0.556319,0.000000
0.350973,0.649027,0.000000
0.206969,0.792765,0.000265
0.000563,0.000072,0.999365
0.000451,0.994720,0.004828
0.840925,0.158578,0.000496
0.005286,0.767477,0.227237
0.578249,0.419588,0.002163
0.000581,0.998543,0.000876
0.591136,0.396094,0.012770
0.548668,0.449726,0.001606
0.839004,0.132601,0.028395
0.371988,0.627990,0.000022
0.106039,0.893918,0.000044
0.221821,0.778177,0.000001
0.992428,0.007572,0.000000
0.455245,0.544571,0.000183
0.006184,0.008701,0.985114
0.200938,0.799015,0.000047
0.344537,0.037340,0.618123
0.607132,0.392867,0.000001
0.996849,0.003151,0.000000
0.384597,0.615399,0.000004
0.125009,0.448217,0.426774
0.053786,0.149401,0.796813
0.000506,0.000990,0.998505
0.675383,0.237274,0.087343
0.222211,0.711322,0.066467
0.265876,0.734124,0.000000
0.585997,0.324912,0.089091
0.992382,0.007618,0.000000
0.956541,0.043459,0.000000
0.269813,0.523409,0.206778
0.000416,0.999029,0.000554
0.819962,0.176123,0.003915
0.511519,0.034192,0.454289
0.997191,0.002809,0.000000
0.009620,0.028942,0.961438
0.091146,0.401313,0.507541
0.000682,0.995732,0.003586
0.990357,0.009643,0.000000
0.012396,0.664986,0.322618
0.002209,0.027966,0.969825
0.459719,0.006322,0.533959
0.069822,0.784811,0.145367
0.053044,0.906199,0.040757
0.997162,0.002838,0.000000
0.387315,0.602180,0.010505
0.000972,0.986820,0.012207
0.536433,0.463567,0.000000
0.001731,0.053735,0.944534
0.342261,0.657447,0.000292
0.996835,0.003164,0.000000
0.648194,0.349348,0.002458
0.043563,0.614373,0.342063
0.026110,0.091386,0.882505
0.997575,0.002425,0.000000
0.998382,0.001618,0.000000
0.291520,0.673742,0.034738
0.000788,0.971566,0.027647
0.090988,0.908724,0.000289
0.993724,0.006276,0.000000
0.983934,0.016066,0.000000
0.996506,0.003494,0.000000
0.531520,0.468480,0.000001
0.812556,0.186800,0.000644
0.995940,0.004057,0.000003
0.988858,0.011142,0.000000
0.878595,0.112615,0.008790
0.000137,0.000151,0.999712
0.978125,0.021857,0.000018
0.419399,0.580597,0.000003
0.984276,0.015724,0.000000
0.588254,0.407789,0.003957
0.938136,0.061855,0.000009
0.001173,0.004455,0.994372
0.632024,0.229490,0.138486
0.435994,0.554161,0.009845
0.995146,0.004854,0.000000
0.500893,0.498510,0.000598
0.995683,0.004317,0.000000
0.457536,0.542438,0.000026
0.990272,0.009719,0.000009
0.996802,0.003198,0.000000
0.996195,0.003805,0.000000
0.987541,0.012447,0.000012
0.977613,0.022387,0.000000
0.046526,0.294128,0.659346
0.012195,0.085326,0.902479
0.988077,0.011920,0.000003
0.313261,0.686731,0.000008
0.509080,0.490919,0.000000
0.829071,0.127264,0.043665
0.002401,0.005982,0.991617
0.995153,0.004798,0.000049
0.001181,0.995236,0.003583
0.995726,0.004274,0.000000
0.606359,0.393641,0.000000
0.187109,0.574988,0.237903
0.000657,0.998196,0.001147
0.070399,0.130070,0.799532
0.001368,0.996175,0.002457
0.093629,0.133748,0.772622
0.003433,0.620535,0.376032
0.036728,0.460775,0.502497
0.004556,0.961707,0.033737
0.917431,0.050783,0.031786
0.164918,0.668550,0.166532
0.000280,0.000094,0.999625
0.990743,0.009134,0.000123
0.071629,0.322366,0.606005
0.413438,0.585855,0.000707
0.003545,0.967478,0.028978
0.996709,0.003291,0.000000
0.000029,0.000005,0.999966
0.971037,0.028959,0.000004
0.005082,0.005973,0.988945
0.992173,0.007821,0.000006
0.967701,0.032044,0.000255
0.991610,0.008382,0.000008
0.458589,0.541411,0.000000
0.002428,0.514103,0.483468
0.994885,0.005115,0.000000
0.996774,0.003226,0.000000
0.864911,0.134054,0.001035
0.067852,0.930763,0.001384
0.428833,0.555972,0.015195
0.016546,0.159689,0.823765
0.238311,0.761685,0.000004
0.265791,0.524916,0.209293
0.039010,0.134085,0.826905
0.289323,0.707689,0.002987
0.001763,0.993263,0.004973
0.029194,0.055388,0.915418
0.997710,0.002290,0.000000
0.988754,0.011246,0.000001
0.399016,0.600976,0.000008
0.358427,0.636829,0.004744
0.255041,0.744959,0.000000
0.548281,0.451714,0.000005
0.212061,0.777116,0.010823
0.000672,0.001319,0.998009
0.656522,0.091542,0.251936
0.201647,0.798318,0.000034
0.038835,0.170168,0.790997
0.989408,0.010587,0.000005
0.003054,0.920011,0.076935
0.792654,0.174146,0.033200
0.467062,0.532440,0.000498
0.401175,0.598805,0.000020
0.070363,0.196778,0.732859
0.000032,0.000039,0.999930
0.986784,0.013196,0.000020
0.312052,0.682409,0.005539
0.557931,0.295311,0.146758
0.004226,0.000899,0.994875
0.928518,0.071426,0.000057
0.450262,0.549038,0.000700
0.375776,0.623974,0.000250
0.098565,0.237190,0.664245
0.984439,0.015541,0.000019
0.005686,0.094635,0.899679
0.068176,0.913130,0.018694
0.967258,0.032742,0.000000
0.807582,0.188276,0.004142
0.989216,0.010784,0.000000
0.990769,0.009093,0.000138
0.461964,0.538036,0.000000
0.093870,0.894396,0.011734
0.443219,0.556781,0.000000
0.000757,0.999217,0.000027
0.162916,0.528863,0.308221
0.069082,0.125189,0.805728
0.904738,0.095095,0.000167
0.993346,0.006653,0.000001
0.996678,0.003319,0.000002
0.111918,0.227280,0.660802
0.984159,0.015841,0.000000
0.182388,0.817599,0.000013
0.979490,0.020510,0.000000
0.021809,0.038733,0.939458
0.002244,0.059528,0.938228
0.293034,0.631867,0.075099
0.334338,0.657549,0.008112
0.994998,0.005002,0.000000
0.114841,0.583319,0.301839
0.086462,0.240256,0.673282
0.001231,0.946123,0.052646
0.000812,0.998327,0.000860
0.007124,0.050009,0.942867
0.894267,0.014951,0.090782
0.340382,0.570154,0.089464
0.986638,0.013362,0.000000
0.000244,0.000082,0.999674
0.076459,0.206469,0.717072
0.029660,0.590160,0.380180
0.086567,0.269054,0.644378
0.000134,0.000202,0.999665
0.093704,0.291816,0.614480
0.184837,0.807425,0.007738
0.262702,0.542444,0.194854
0.997143,0.002857,0.000000
0.416240,0.583759,0.000001
0.050086,0.753487,0.196428
0.932323,0.010273,0.057405
0.686290,0.278264,0.035446
0.087298,0.865920,0.046781
0.996418,0.003582,0.000000
0.047147,0.135716,0.817138
0.997609,0.002391,0.000000
0.997197,0.002803,0.000000
0.977105,0.022895,0.000000
0.980637,0.019343,0.000020
0.989658,0.010327,0.000015
0.048457,0.087066,0.864477
0.000286,0.000486,0.999228
0.249496,0.750045,0.000459
0.001317,0.998333,0.000350
0.509612,0.346095,0.144292
0.244098,0.755896,0.000006
0.973820,0.020507,0.005673
0.018117,0.049738,0.932145
0.947530,0.051902,0.000568
0.066303,0.741674,0.192023
0.952677,0.047323,0.000000
0.988172,0.011828,0.000000
0.334829,0.665158,0.000013
0.942430,0.038345,0.019225
0.221101,0.777975,0.000923
0.018779,0.082391,0.898830
0.519418,0.328319,0.152262
0.115492,0.168461,0.716048
0.001420,0.996396,0.002184
0.777991,0.123987,0.098022
0.083430,0.768505,0.148065
0.000128,0.000036,0.999836
0.994181,0.005819,0.000000
0.997380,0.002620,0.000000
0.969556,0.030444,0.000000
0.843271,0.154483,0.002245
0.996221,0.003778,0.000001
0.173496,0.543502,0.283002
0.002635,0.802945,0.194419
0.939676,0.059828,0.000496
0.408093,0.591905,0.000002
0.550644,0.449355,0.000001
0.837849,0.158096,0.004055
0.066527,0.082437,0.851036
0.563489,0.432458,0.004053
0.996163,0.003837,0.000000
0.991392,0.008606,0.000002
0.903167,0.048946,0.047887
0.209288,0.790667,0.000045
0.519137,0.480554,0.000309
0.324394,0.672325,0.003280
0.973327,0.026673,0.000000
0.250954,0.749046,0.000000
0.943056,0.056699,0.000245
0.289350,0.710636,0.000014
0.281762,0.557911,0.160327
0.990732,0.009268,0.000000
0.001085,0.998748,0.000167
0.132393,0.400608,0.466999
0.486335,0.257499,0.256166
0.463207,0.536279,0.000514
0.390324,0.609675,0.000000
0.033199,0.341066,0.625736
0.507420,0.492519,0.000061
0.000677,0.002419,0.996904
0.036423,0.176483,0.787095
0.718505,0.016238,0.265256
0.989216,0.010779,0.000005
0.331282,0.668707,0.000011
0.068442,0.170855,0.760703
0.027705,0.455231,0.517064
0.727130,0.183198,0.089672
0.054951,0.140228,0.804821
0.687258,0.311646,0.001096
0.995239,0.004754,0.000007
0.986860,0.013140,0.000000
0.993373,0.006626,0.000002
0.021056,0.907006,0.071938
0.004026,0.005245,0.990729
0.989099,0.010901,0.000000
0.508708,0.038878,0.452414
0.500815,0.498622,0.000562
0.374546,0.613691,0.011763
0.939795,0.060132,0.000073
0.240055,0.016014,0.743931
0.125753,0.874174,0.000073
0.987394,0.012569,0.000037
0.984879,0.015117,0.000004
0.005029,0.757636,0.237335
0.006862,0.986444,0.006694
0.952299,0.042301,0.005399
0.855944,0.142160,0.001896
0.249804,0.750190,0.000006
0.986676,0.013323,0.000001
0.504364,0.045677,0.449958
0.254441,0.744419,0.001140
0.116724,0.031510,0.851766
0.997695,0.002305,0.000000
0.315606,0.684380,0.000013
0.989879,0.010121,0.000000
0.001800,0.003050,0.995150
0.046511,0.577538,0.375951
0.001268,0.002823,0.995909
0.228904,0.767565,0.003531
0.221407,0.539878,0.238715
0.199048,0.388715,0.412237
0.932298,0.067699,0.000003
0.042484,0.819014,0.138503
0.933494,0.027467,0.039039
0.002436,0.016904,0.980660
0.000590,0.001475,0.997935
0.789612,0.026876,0.183512
0.038567,0.603332,0.358101
0.094610,0.669876,0.235515
0.000286,0.998478,0.001235
0.044199,0.128376,0.827425
0.597136,0.364242,0.038622
0.989171,0.010828,0.000001
0.001328,0.011653,0.987018
0.002236,0.003649,0.994115
0.413282,0.585346,0.001371
0.001491,0.992939,0.005569
0.024431,0.485430,0.490139
0.104841,0.638319,0.256840
0.989144,0.010856,0.000000
0.000472,0.999342,0.000186
0.002871,0.996873,0.000256
0.031121,0.381657,0.587221
0.001167,0.998106,0.000727
0.693956,0.304070,0.001974
0.000237,0.000049,0.999714
0.631067,0.367371,0.001562
0.242839,0.757161,0.000000
0.987013,0.012986,0.000001
0.000617,0.997732,0.001651
0.994364,0.005636,0.000000
0.917502,0.017019,0.065479
0.000866,0.965065,0.034069
0.312320,0.687680,0.000000
0.905917,0.094082,0.000000
0.052690,0.080776,0.866534
0.656210,0.343785,0.000004
0.001131,0.004421,0.994448
0.990244,0.009756,0.000000
0.281043,0.554574,0.164383
0.008463,0.011477,0.980060
0.074869,0.912504,0.012627
0.991613,0.008387,0.000000
0.008718,0.052234,0.939048
0.394398,0.605602,0.000000
0.413042,0.586912,0.000045
0.003438,0.986543,0.010019
0.003987,0.000331,0.995683
0.012906,0.445038,0.542056
0.996659,0.003341,0.000000
0.992524,0.007473,0.000003
0.053025,0.134402,0.812572
0.147227,0.841714,0.011059
0.001930,0.000637,0.997434
0.568346,0.427805,0.003848
0.992206,0.007704,0.000091
0.044635,0.511181,0.444183
0.998085,0.001915,0.000000
0.086802,0.864032,0.049166
0.931817,0.068182,0.000001
0.984842,0.015158,0.000000
0.231471,0.614447,0.154083
0.079534,0.920242,0.000223
0.343018,0.092200,0.564782
0.926265,0.073734,0.000001
0.945796,0.053956,0.000249
0.001078,0.987746,0.011177
0.401490,0.598501,0.000009
0.935557,0.021625,0.042818
0.988515,0.009370,0.002115
0.440487,0.538853,0.020660
0.962590,0.015939,0.021470
0.000395,0.000075,0.999530
0.689779,0.285832,0.024389
0.333883,0.648346,0.017771
0.984727,0.015273,0.000000
0.261284,0.738696,0.000020
0.375848,0.624152,0.000000
0.014892,0.864510,0.120598
0.033425,0.067000,0.899575
0.988604,0.011396,0.000000
0.171961,0.788305,0.039734
0.962265,0.029724,0.008011
0.018023,0.280687,0.701290
0.100325,0.397992,0.501683
0.988390,0.011465,0.000145
0.107927,0.346384,0.545689
0.070190,0.898419,0.031391
0.003966,0.958579,0.037455
0.011127,0.681218,0.307655
0.502970,0.002924,0.494106
0.446770,0.549473,0.003757
0.001189,0.995772,0.003039
0.291786,0.708209,0.000004
0.908737,0.053810,0.037453
0.249441,0.750511,0.000047
0.000734,0.999163,0.000103
0.222381,0.680443,0.097176
0.426331,0.573667,0.000002
0.928691,0.071213,0.000096
0.901710,0.080505,0.017784
0.612737,0.027396,0.359867
0.061077,0.525756,0.413168
0.142130,0.601150,0.256720
0.002411,0.001129,0.996461
0.363439,0.636561,0.000000
0.000746,0.999223,0.000031
0.002662,0.964138,0.033200
0.841326,0.012822,0.145852
0.045290,0.841457,0.113253
0.001755,0.997800,0.000445
0.000062,0.000016,0.999922
0.892180,0.107687,0.000133
0.028386,0.640346,0.331269
0.138934,0.859713,0.001354
0.674013,0.324816,0.001170
0.002893,0.994564,0.002543
0.341334,0.006643,0.652023
0.000021,0.000002,0.999977
0.153644,0.846322,0.000034
0.302890,0.688848,0.008262
0.015489,0.309146,0.675365
0.029572,0.785993,0.184434
0.496357,0.503642,0.000000
0.036314,0.602247,0.361438
0.143630,0.004889,0.851481
0.959018,0.040860,0.000121
0.995642,0.004358,0.000000
0.547686,0.451023,0.001291
0.295774,0.704225,0.000001
0.000576,0.995332,0.004092
0.945532,0.054468,0.000000
0.423532,0.575995,0.000472
0.051098,0.685328,0.263574
0.010210,0.020762,0.969028
0.993546,0.006454,0.000000
0.001053,0.998160,0.000787
0.995708,0.004289,0.000003
0.515981,0.484003,0.000016
0.414584,0.585416,0.000000
0.139411,0.841093,0.019496
0.483461,0.516531,0.000009
0.001561,0.998174,0.000265
0.002297,0.997333,0.000369
0.789435,0.079341,0.131224
0.698249,0.095068,0.206684
0.001412,0.000223,0.998365
0.018787,0.000964,0.980249
0.185965,0.004450,0.809585
0.320159,0.674356,0.005485
0.985450,0.014550,0.000001
0.049853,0.914584,0.035563
0.105412,0.091181,0.803407
0.007526,0.016851,0.975623
0.481412,0.518588,0.000000
0.051182,0.840408,0.108410
0.008697,0.045156,0.946147
0.998379,0.001621,0.000000
0.413128,0.296017,0.290855
0.973976,0.026024,0.000000
0.926341,0.047259,0.026400
0.005721,0.007627,0.986653
0.000913,0.996651,0.002437
0.837688,0.159192,0.003120
0.012633,0.331172,0.656195
0.768094,0.230946,0.000960
0.119588,0.232285,0.648127
0.039847,0.529929,0.430223
0.001382,0.006123,0.992494
0.036344,0.129043,0.834613
0.147953,0.359495,0.492552
0.152284,0.323056,0.524660
0.117399,0.681096,0.201506
0.001140,0.996485,0.002375
0.302111,0.697888,0.000001
0.247924,0.668103,0.083973
0.054032,0.798513,0.147455
0.019797,0.445260,0.534943
0.970820,0.029180,0.000000
0.782613,0.216898,0.000489
0.136417,0.198125,0.665458
0.003739,0.980637,0.015624
0.157668,0.842299,0.000033
0.996469,0.003530,0.000000
0.122271,0.003841,0.873888
0.514302,0.485698,0.000000
0.296704,0.308765,0.394531
0.990133,0.009521,0.000346
0.000707,0.995863,0.003430
0.059723,0.366115,0.574162
0.534192,0.465756,0.000052
0.996610,0.003390,0.000000
0.279902,0.719867,0.000231
0.000099,0.000112,0.999789
0.906918,0.093081,0.000001
0.990453,0.009547,0.000000
0.350525,0.649407,0.000068
0.213198,0.709823,0.076978
0.992110,0.007890,0.000000
0.989527,0.010473,0.000000
0.965383,0.034605,0.000012
0.998222,0.001778,0.000000
0.000669,0.000154,0.999177
0.352565,0.645652,0.001782
0.018771,0.464259,0.516970
0.034365,0.177023,0.788612
0.056504,0.893888,0.049609
0.291820,0.468888,0.239292
0.223866,0.776117,0.000017
0.347851,0.652089,0.000060
0.820480,0.148731,0.030789
0.958267,0.007867,0.033866
0.259185,0.740815,0.000000
0.993230,0.006771,0.000000
0.204152,0.749145,0.046703
0.002414,0.936271,0.061315
0.275299,0.639811,0.084890
0.031536,0.070706,0.897758
0.071687,0.480772,0.447541
0.022427,0.738442,0.239131
0.338315,0.661683,0.000001
0.489917,0.189420,0.320663
0.987507,0.012489,0.000004
0.065295,0.277179,0.657526
0.984511,0.009543,0.005946
0.000031,0.000003,0.999966
0.989381,0.010427,0.000192
0.286655,0.712875,0.000469
0.987019,0.012981,0.000000
0.000022,0.000024,0.999954
0.778657,0.105808,0.115535
0.160190,0.820452,0.019357
0.057066,0.084793,0.858141
0.956725,0.043275,0.000000
0.022749,0.528422,0.448830
0.990662,0.009338,0.000000
0.979414,0.004455,0.016131
0.594258,0.405738,0.000004
0.213942,0.432253,0.353806
0.997941,0.002059,0.000000
0.997007,0.002993,0.000000
0.992529,0.007468,0.000003
0.581956,0.417878,0.000165
0.022307,0.780499,0.197194
0.560385,0.036785,0.402830
0.094979,0.271165,0.633856
0.945511,0.054435,0.000055
0.344035,0.655965,0.000000
0.943619,0.030984,0.025397
0.491045,0.508954,0.000001
0.161241,0.674626,0.164134
0.990931,0.009069,0.000000
0.398953,0.600996,0.000051
0.061762,0.216836,0.721402
0.001288,0.994768,0.003944
0.000514,0.991588,0.007898
0.063537,0.013491,0.922971
0.997075,0.002925,0.000000
0.920246,0.056428,0.023325
0.304411,0.654376,0.041212
0.197232,0.707854,0.094914
0.104749,0.619664,0.275587
0.956082,0.036844,0.007075
0.546103,0.453897,0.000000
0.069081,0.766263,0.164656
0.863855,0.018475,0.117670
0.457503,0.542176,0.000321
0.000362,0.001176,0.998462
0.254442,0.745558,0.000000
0.182220,0.817660,0.000120
0.987581,0.012419,0.000000
0.000034,0.000037,0.999929
0.210219,0.789400,0.000381
0.639638,0.360362,0.000000
0.107454,0.727943,0.164603
0.659463,0.329742,0.010795
0.325786,0.634777,0.039437
0.114451,0.420548,0.465001
0.933617,0.033909,0.032474
0.921400,0.049533,0.029066
0.994681,0.005319,0.000000
0.994927,0.004214,0.000859
0.491845,0.508155,0.000000
0.362407,0.637582,0.000010
0.988754,0.011246,0.000000
0.127486,0.826194,0.046320
0.001694,0.990156,0.008150
0.990208,0.009776,0.000016
0.793626,0.201290,0.005084
0.981544,0.018449,0.000007
0.944513,0.055487,0.000000
0.216644,0.783346,0.000010
0.236814,0.022343,0.740843
0.005960,0.135853,0.858188
0.434735,0.019564,0.545700
0.868959,0.131008,0.000033
0.414563,0.568692,0.016745
0.004198,0.148413,0.847389
0.926555,0.073440,0.000005
0.009537,0.820001,0.170461
0.052826,0.123701,0.823474
0.000880,0.999077,0.000043
0.317558,0.642973,0.039469
0.889172,0.035204,0.075624
0.004715,0.920438,0.074847
0.979019,0.020979,0.000002
0.946570,0.050769,0.002660
0.778315,0.214152,0.007534
0.300916,0.699080,0.000003
0.951349,0.048651,0.000000
0.993750,0.006249,0.000001
0.015201,0.464908,0.519890
0.997851,0.002149,0.000000
0.353850,0.646134,0.000016
0.015828,0.030857,0.953316
0.997748,0.002252,0.000000
0.995156,0.004844,0.000000
0.439395,0.539668,0.020937
0.928353,0.046489,0.025157
0.051398,0.425954,0.522648
0.000017,0.000002,0.999981
0.631640,0.368360,0.000000
0.936319,0.059797,0.003885
0.308127,0.691864,0.000008
0.012291,0.050750,0.936959
0.001678,0.986081,0.012241
0.277282,0.722331,0.000387
0.022886,0.029594,0.947519
0.866906,0.133018,0.000076
0.019376,0.085052,0.895572
0.021897,0.181604,0.796499
0.303531,0.684441,0.012029
0.974242,0.025757,0.000000
0.040205,0.615936,0.343859
0.001203,0.001194,0.997602
0.903359,0.096639,0.000002
0.321904,0.678096,0.000000
0.334767,0.625996,0.039237
0.991071,0.008629,0.000300
0.993370,0.006630,0.000000
0.935259,0.064740,0.000000
0.014039,0.059454,0.926506
0.505157,0.358423,0.136420
0.076238,0.363040,0.560722
0.576976,0.271436,0.151588
0.414218,0.582752,0.003030
0.222449,0.754874,0.022677
0.981740,0.018260,0.000000
0.981042,0.018429,0.000530
0.982324,0.017676,0.000000
0.997951,0.002049,0.000000
0.002706,0.011562,0.985732
0.993371,0.006629,0.000000
0.000671,0.000197,0.999131
0.956652,0.043348,0.000000
0.980131,0.019869,0.000000
0.613976,0.382221,0.003802
0.660473,0.196640,0.142887
0.098391,0.670166,0.231443
0.849797,0.112767,0.037436
0.952128,0.047872,0.000000
0.981792,0.018168,0.000040
0.079371,0.477710,0.442919
0.229536,0.229412,0.541051
0.972279,0.027721,0.000000
0.013153,0.369660,0.617187
0.045691,0.658415,0.295894
0.001583,0.003035,0.995382
0.983848,0.015851,0.000301
0.063557,0.665334,0.271109
0.076598,0.457934,0.465468
0.119124,0.798414,0.082462
0.979746,0.020254,0.000000
0.851812,0.147609,0.000579
0.996350,0.003650,0.000000
0.510536,0.485817,0.003647
0.185283,0.813777,0.000939
0.338925,0.661075,0.000000
0.001217,0.998649,0.000134
0.049161,0.203291,0.747548
0.001987,0.041923,0.956090
0.980554,0.008074,0.011373
0.051694,0.540991,0.407314
0.041389,0.075323,0.883287
0.019546,0.590186,0.390267
0.350805,0.641036,0.008159
0.003915,0.002906,0.993179
0.072323,0.692385,0.235292
0.048045,0.621271,0.330684
0.336021,0.178817,0.485162
0.010317,0.056764,0.932919
0.567584,0.156190,0.276226
0.051245,0.108490,0.840265
0.089956,0.546495,0.363549
0.032501,0.538946,0.428553
0.067074,0.926121,0.006805
0.353263,0.646735,0.000002
0.454400,0.545600,0.000000
0.411703,0.588289,0.000007
0.000836,0.994629,0.004534
0.411205,0.586193,0.002603
0.420172,0.579828,0.000000
0.992738,0.007262,0.000000
0.254486,0.745439,0.000074
0.076732,0.205172,0.718096
0.971785,0.015877,0.012338
0.992969,0.007031,0.000000
0.996142,0.003793,0.000066
0.000534,0.999447,0.000019
0.994430,0.005570,0.000000
0.993174,0.006826,0.000000
0.083392,0.598106,0.318502
0.979953,0.020047,0.000000
0.991962,0.008037,0.000001
0.997738,0.002262,0.000000
0.550324,0.449673,0.000002
0.470215,0.529575,0.000211
0.163362,0.836632,0.000007
0.005525,0.703470,0.291005
0.695013,0.009834,0.295152
