0.030146,0.027816,0.162362,0.018854,0.151577,0.468969,0.004325,0.018930,0.056682,0.060339
0.052878,0.019666,0.066978,0.094995,0.090637,0.117061,0.107564,0.100057,0.259916,0.090249
0.081592,0.086165,0.061450,0.085967,0.090920,0.103010,0.090963,0.222664,0.086706,0.090563
0.080749,0.159524,0.043446,0.125394,0.106578,0.068521,0.188220,0.102488,0.087108,0.037972
0.078814,0.092402,0.065402,0.093925,0.082752,0.100271,0.089734,0.077254,0.219866,0.099580
0.078235,0.089113,0.150014,0.099017,0.086449,0.105130,0.056121,0.094074,0.164828,0.077018
0.009912,0.030308,0.308741,0.015773,0.545630,0.015450,0.027416,0.016433,0.014703,0.015633
0.053151,0.104377,0.100907,0.133317,0.118494,0.093739,0.065854,0.126745,0.069912,0.133502
0.083354,0.069217,0.168280,0.087078,0.089143,0.105766,0.108116,0.081857,0.101805,0.105384
0.060665,0.108787,0.093499,0.086254,0.097530,0.100841,0.073667,0.095943,0.181087,0.101725
0.087819,0.085969,0.062540,0.080299,0.079903,0.279532,0.087240,0.063407,0.075923,0.097369
0.048974,0.057738,0.324620,0.052883,0.251933,0.049089,0.056066,0.044510,0.048013,0.066174
0.061667,0.090527,0.248045,0.089068,0.072773,0.099122,0.083723,0.115276,0.067077,0.072722
0.003178,0.001896,0.293054,0.005377,0.048925,0.599466,0.006908,0.032303,0.003917,0.004975
0.071308,0.090391,0.070817,0.083217,0.080440,0.259632,0.091690,0.091460,0.081523,0.079522
0.080294,0.056362,0.041675,0.113659,0.142084,0.100434,0.150543,0.097057,0.087492,0.130399
0.005352,0.020474,0.380559,0.005904,0.093736,0.359017,0.006722,0.014449,0.100864,0.012923
0.091018,0.087555,0.204399,0.087425,0.078080,0.101470,0.092574,0.077293,0.094528,0.085658
0.073504,0.096118,0.081551,0.121505,0.107898,0.111194,0.103172,0.128485,0.077190,0.099383
0.090018,0.093398,0.083909,0.092726,0.106196,0.112685,0.103083,0.113310,0.095399,0.109277
0.039654,0.023395,0.242625,0.094827,0.143686,0.139639,0.018342,0.140109,0.072321,0.085403
0.086220,0.089987,0.167473,0.088506,0.085341,0.108761,0.100906,0.079123,0.090134,0.103550
0.046770,0.006541,0.212931,0.041695,0.354790,0.056152,0.075540,0.032358,0.079155,0.094068
0.073794,0.083921,0.285637,0.077493,0.061124,0.097164,0.084101,0.078549,0.081791,0.076427
0.023404,0.032454,0.149488,0.021140,0.651979,0.022514,0.031395,0.020561,0.021700,0.025364
0.033663,0.040934,0.438863,0.029903,0.278621,0.029976,0.035548,0.025279,0.045855,0.041358
0.082188,0.092293,0.097537,0.118651,0.096595,0.100889,0.106022,0.108600,0.093658,0.103566
0.091862,0.100252,0.078880,0.114166,0.099078,0.119620,0.099641,0.105560,0.089711,0.101229
0.039607,0.041521,0.667592,0.034909,0.030325,0.033729,0.040886,0.019876,0.047241,0.044314
0.060409,0.038658,0.059586,0.076369,0.107031,0.283566,0.080582,0.077041,0.144178,0.072580
0.101274,0.118636,0.083040,0.093601,0.102510,0.111589,0.104675,0.101467,0.075987,0.107223
0.050074,0.053848,0.530884,0.047464,0.054003,0.054227,0.055110,0.056655,0.046537,0.051197
0.086142,0.107307,0.074234,0.102289,0.116044,0.098096,0.039980,0.097921,0.171506,0.106481
0.100050,0.104527,0.142649,0.094549,0.088315,0.118720,0.106994,0.056768,0.081209,0.106219
0.070235,0.095577,0.252737,0.080250,0.093812,0.085185,0.051728,0.085487,0.072741,0.112247
0.003669,0.004773,0.248272,0.003680,0.714325,0.004574,0.004117,0.001890,0.005863,0.008836
0.052273,0.056133,0.554220,0.041533,0.042890,0.048360,0.050675,0.049877,0.048207,0.055831
0.023316,0.043502,0.373583,0.039965,0.231958,0.048293,0.043428,0.118667,0.029289,0.047999
0.081781,0.081712,0.202122,0.069307,0.244107,0.094417,0.029444,0.058501,0.064446,0.074163
0.008528,0.002259,0.621353,0.006971,0.004618,0.330529,0.007035,0.004471,0.008218,0.006018
0.080323,0.094632,0.072911,0.094875,0.152860,0.116080,0.098810,0.098307,0.095952,0.095251
0.087274,0.092309,0.246679,0.082084,0.097395,0.094529,0.041037,0.082990,0.093001,0.082703
0.008434,0.012318,0.133470,0.009659,0.009916,0.720451,0.010541,0.075475,0.011057,0.008677
0.070685,0.109631,0.080035,0.102975,0.156174,0.124687,0.046726,0.088099,0.128971,0.092019
0.092865,0.100919,0.155600,0.080530,0.077530,0.104670,0.095572,0.090592,0.106439,0.095284
0.083458,0.092796,0.083986,0.092116,0.155716,0.100242,0.102582,0.105612,0.084935,0.098556
0.077658,0.089633,0.075566,0.078716,0.195616,0.215361,0.041374,0.074901,0.064105,0.087071
0.103220,0.090528,0.097083,0.091527,0.108053,0.104564,0.102513,0.105422,0.097049,0.100041
0.012436,0.005886,0.428931,0.012833,0.017317,0.312782,0.018603,0.011826,0.165440,0.013944
0.065027,0.025170,0.212693,0.093673,0.181740,0.136188,0.022479,0.105307,0.064676,0.093048
0.082449,0.110515,0.083641,0.110325,0.097817,0.149117,0.117437,0.076777,0.072485,0.099437
0.070982,0.071891,0.324665,0.079394,0.074331,0.080866,0.069897,0.078459,0.067240,0.082274
0.136270,0.026518,0.069585,0.151676,0.132093,0.141337,0.026583,0.151608,0.061780,0.102551
0.011280,0.003140,0.558986,0.008026,0.006502,0.370810,0.013358,0.009643,0.008759,0.009495
0.035939,0.087033,0.082447,0.071934,0.074705,0.205859,0.031339,0.033324,0.297156,0.080264
0.010721,0.004638,0.135392,0.023436,0.298089,0.403764,0.056848,0.027452,0.015964,0.023695
0.059295,0.056383,0.284700,0.073905,0.088777,0.086845,0.087723,0.087239,0.075519,0.099615
0.003056,0.003237,0.657279,0.001766,0.154479,0.164524,0.002739,0.001623,0.002221,0.009075
0.098864,0.107658,0.093814,0.103265,0.096529,0.098525,0.093262,0.105507,0.108250,0.094326
0.042747,0.056028,0.249573,0.054692,0.046531,0.057542,0.057541,0.312154,0.068530,0.054663
0.079568,0.096303,0.067041,0.083180,0.134645,0.228455,0.063407,0.100524,0.068312,0.078566
0.001196,0.001501,0.496680,0.000691,0.126715,0.370187,0.000873,0.000617,0.000711,0.000829
0.033190,0.035283,0.393473,0.026960,0.032348,0.030712,0.032619,0.027330,0.353846,0.034241
0.085559,0.081806,0.253435,0.083654,0.082633,0.091791,0.087410,0.077621,0.075100,0.080992
0.012523,0.021690,0.400090,0.019590,0.410603,0.038997,0.004181,0.033836,0.017681,0.040808
0.067850,0.084287,0.075627,0.125860,0.095331,0.111623,0.096283,0.100530,0.115972,0.126637
0.063241,0.078668,0.129999,0.117785,0.107646,0.101368,0.109177,0.116355,0.076053,0.099707
0.061974,0.040021,0.156414,0.146145,0.121232,0.115352,0.032813,0.104668,0.101282,0.120098
0.024681,0.004418,0.201187,0.013757,0.077985,0.584308,0.015982,0.048654,0.014616,0.014410
0.066808,0.104501,0.131541,0.123029,0.097907,0.113768,0.075289,0.098870,0.108005,0.080282
0.027565,0.004868,0.299015,0.029698,0.217940,0.290645,0.038622,0.035385,0.023347,0.032914
0.029719,0.053349,0.273876,0.020906,0.289708,0.032927,0.042562,0.021923,0.210221,0.024808
0.073348,0.086136,0.194830,0.094415,0.089504,0.103931,0.092823,0.088465,0.086000,0.090548
0.039999,0.144122,0.064638,0.125556,0.086164,0.119278,0.078334,0.140217,0.111869,0.089822
0.086122,0.091445,0.193175,0.090930,0.062250,0.094510,0.095408,0.082821,0.091290,0.112049
0.076592,0.089826,0.088888,0.089204,0.165656,0.108879,0.093897,0.110286,0.083723,0.093049
0.061541,0.058680,0.084366,0.134135,0.104906,0.120646,0.124464,0.119088,0.084400,0.107775
0.074565,0.089953,0.192949,0.083319,0.083522,0.100219,0.093401,0.102885,0.087084,0.092104
0.055208,0.025626,0.065899,0.122198,0.185273,0.099531,0.024274,0.145631,0.129035,0.147325
0.015717,0.017560,0.303620,0.022547,0.127623,0.020455,0.030809,0.051639,0.387158,0.022871
0.089115,0.085912,0.068195,0.081956,0.121230,0.100732,0.090906,0.209262,0.077189,0.075503
0.049256,0.057867,0.307649,0.057094,0.047637,0.069241,0.065561,0.249504,0.042201,0.053991
0.093446,0.105516,0.081127,0.097001,0.100088,0.103319,0.107004,0.111295,0.094012,0.107191
0.068741,0.074073,0.079684,0.106937,0.121136,0.116522,0.124582,0.106833,0.082226,0.119266
0.073450,0.100594,0.162421,0.089712,0.102253,0.129747,0.057217,0.130469,0.071881,0.082255
0.119977,0.029776,0.093687,0.097158,0.117279,0.178793,0.026897,0.109885,0.107389,0.119159
0.087437,0.097861,0.083871,0.103430,0.107930,0.104235,0.100834,0.111519,0.107548,0.095334
0.053231,0.090524,0.093304,0.088975,0.089815,0.096954,0.053726,0.086185,0.240485,0.106801
0.067927,0.102684,0.084728,0.098082,0.104165,0.106845,0.115448,0.090477,0.106529,0.123115
0.059130,0.018620,0.284790,0.020632,0.303306,0.029462,0.030642,0.022258,0.191801,0.039358
0.065508,0.113646,0.093687,0.122599,0.095016,0.110954,0.099077,0.128708,0.087001,0.083805
0.048641,0.039690,0.526623,0.048205,0.061260,0.058313,0.063790,0.060410,0.046166,0.046903
0.021627,0.018550,0.259784,0.013977,0.220695,0.367054,0.029163,0.012965,0.035305,0.020879
0.125507,0.023473,0.085600,0.108413,0.132789,0.149145,0.023968,0.132128,0.083277,0.135699
0.072289,0.047808,0.232600,0.078219,0.132964,0.091725,0.095489,0.092190,0.077623,0.079092
0.062380,0.089675,0.074918,0.091766,0.090743,0.092690,0.093008,0.206268,0.105809,0.092743
0.055180,0.060117,0.190848,0.074926,0.061209,0.085696,0.076940,0.273884,0.054254,0.066947
0.070199,0.084771,0.215704,0.086935,0.084869,0.105995,0.096040,0.093189,0.076004,0.086293
0.058484,0.113967,0.080499,0.106277,0.111968,0.117328,0.101822,0.104356,0.121263,0.084036
0.089963,0.100566,0.094965,0.095651,0.103136,0.122982,0.102823,0.087406,0.107186,0.095320
0.073910,0.027878,0.103566,0.141842,0.171821,0.145495,0.030288,0.072625,0.124402,0.108173
0.115274,0.068369,0.069948,0.099684,0.145897,0.093956,0.114238,0.126926,0.074681,0.091025
0.065590,0.075817,0.347169,0.067531,0.053344,0.076440,0.077521,0.074169,0.093143,0.069277
0.051301,0.040782,0.180653,0.049891,0.048019,0.065499,0.055508,0.038729,0.414665,0.054953
0.006205,0.002172,0.304402,0.004516,0.046441,0.439909,0.006756,0.006185,0.178533,0.004881
0.095562,0.102787,0.077145,0.119396,0.099819,0.107005,0.096952,0.126675,0.072991,0.101668
0.010782,0.005674,0.117115,0.026876,0.319623,0.270503,0.068195,0.035313,0.101321,0.044597
0.044596,0.021583,0.402626,0.092049,0.088133,0.105211,0.022506,0.069870,0.091729,0.061697
0.049789,0.074378,0.140659,0.073605,0.063549,0.072044,0.075767,0.060935,0.326708,0.062566
0.067884,0.012800,0.296267,0.060960,0.261705,0.077040,0.069763,0.052102,0.049825,0.051654
0.003015,0.003499,0.422571,0.003469,0.158291,0.396883,0.003668,0.002222,0.002575,0.003807
0.068612,0.082022,0.253744,0.087533,0.071799,0.092750,0.090576,0.087519,0.087668,0.077776
0.075430,0.081450,0.291160,0.070575,0.069761,0.084804,0.082187,0.068717,0.078426,0.097490
0.049532,0.088480,0.232285,0.053879,0.252833,0.121180,0.007594,0.027976,0.051341,0.114899
0.005433,0.005926,0.526038,0.006915,0.008014,0.317255,0.008695,0.006989,0.104988,0.009746
0.092161,0.081947,0.278193,0.081421,0.083073,0.081248,0.081303,0.054805,0.082519,0.083331
0.071770,0.068142,0.056965,0.070334,0.105323,0.277529,0.077241,0.068663,0.129673,0.074359
0.083806,0.084951,0.064995,0.085484,0.079422,0.258556,0.088670,0.077091,0.092797,0.084228
0.066391,0.086417,0.075564,0.084046,0.081594,0.259296,0.083963,0.100055,0.076050,0.086623
0.079291,0.053928,0.061972,0.093173,0.091652,0.256442,0.094543,0.082857,0.092512,0.093630
0.080830,0.104693,0.083737,0.099517,0.099764,0.118338,0.106465,0.108488,0.096386,0.101783
0.097341,0.093924,0.067649,0.090687,0.091746,0.102598,0.097922,0.094084,0.166064,0.097985
0.070957,0.089511,0.218260,0.084097,0.091326,0.106741,0.089475,0.078530,0.084412,0.086690
0.083211,0.089771,0.065312,0.093281,0.092250,0.102287,0.092592,0.101696,0.183892,0.095708
0.097195,0.103420,0.082485,0.113404,0.109438,0.117944,0.094422,0.098639,0.068221,0.114830
0.075705,0.098516,0.070545,0.089178,0.098952,0.224445,0.069581,0.094260,0.082760,0.096058
0.036981,0.006720,0.155436,0.055798,0.169632,0.346586,0.083527,0.042241,0.038244,0.064835
0.026750,0.053490,0.304210,0.019618,0.173031,0.317459,0.044883,0.014570,0.026678,0.019311
0.107816,0.105014,0.094424,0.089690,0.107605,0.115042,0.057638,0.121294,0.093781,0.107697
0.004204,0.004582,0.628148,0.003370,0.002429,0.341300,0.004332,0.002314,0.006148,0.003173
0.048945,0.066193,0.163924,0.056344,0.436628,0.061598,0.016185,0.058998,0.046915,0.044271
0.044826,0.008742,0.240055,0.048317,0.265104,0.052792,0.081647,0.063669,0.114300,0.080548
0.075416,0.106844,0.070735,0.129203,0.107733,0.091824,0.074759,0.132407,0.122579,0.088499
0.010960,0.012105,0.320468,0.010466,0.010242,0.603858,0.003631,0.007055,0.008704,0.012510
0.082682,0.068988,0.075440,0.092175,0.095983,0.226284,0.094881,0.093056,0.070085,0.100424
0.032125,0.007789,0.291553,0.009070,0.009494,0.573806,0.011033,0.045006,0.009410,0.010713
0.007176,0.027899,0.144313,0.017278,0.469682,0.154561,0.023925,0.017136,0.121576,0.016452
0.119668,0.028355,0.191224,0.111142,0.111030,0.072697,0.032545,0.126465,0.104244,0.102631
0.084541,0.019489,0.095789,0.128813,0.162833,0.113339,0.022653,0.146440,0.101457,0.124645
0.071750,0.100456,0.073989,0.114812,0.161268,0.104459,0.084720,0.105368,0.101227,0.081950
0.004332,0.004898,0.376936,0.004249,0.004176,0.587339,0.004774,0.002992,0.004828,0.005476
0.075944,0.019085,0.143442,0.100293,0.077862,0.136738,0.021901,0.128006,0.176548,0.120181
0.047355,0.058262,0.040765,0.051514,0.075197,0.341356,0.056228,0.050720,0.219983,0.058621
0.059457,0.101510,0.191973,0.101198,0.149515,0.088126,0.041994,0.081191,0.082810,0.102226
0.061897,0.065620,0.318637,0.085835,0.070040,0.068319,0.048771,0.131416,0.062175,0.087292
0.061785,0.071370,0.231687,0.063971,0.192641,0.077754,0.078948,0.077862,0.062378,0.081605
0.072899,0.068076,0.174491,0.073367,0.070202,0.073639,0.070727,0.063297,0.244944,0.088358
0.010214,0.006172,0.257902,0.005952,0.004948,0.652279,0.002817,0.049858,0.004005,0.005853
0.045444,0.104914,0.086865,0.120626,0.135606,0.116502,0.043765,0.137625,0.091464,0.117188
0.071434,0.089781,0.079302,0.089826,0.087349,0.218998,0.093818,0.091267,0.079978,0.098247
0.073214,0.093932,0.075100,0.116775,0.161498,0.092634,0.094276,0.103023,0.070903,0.118646
0.086309,0.082560,0.065483,0.103707,0.129050,0.100706,0.087304,0.195011,0.070573,0.079296
0.076411,0.085516,0.212591,0.089038,0.076241,0.088870,0.088228,0.087741,0.091259,0.104105
0.081254,0.112419,0.071294,0.132600,0.132712,0.102277,0.082459,0.111789,0.083049,0.090148
0.053279,0.027936,0.238346,0.101915,0.125248,0.120137,0.023271,0.144574,0.070169,0.095125
0.025842,0.004400,0.152859,0.017560,0.679747,0.030022,0.035619,0.018094,0.017832,0.018026
0.045888,0.044905,0.421529,0.040723,0.034356,0.042942,0.043356,0.026056,0.255453,0.044791
0.002404,0.000996,0.385920,0.000508,0.326754,0.249150,0.000561,0.000488,0.029505,0.003713
0.083050,0.104730,0.083754,0.101123,0.107875,0.102586,0.097359,0.129874,0.084228,0.105421
0.004801,0.004921,0.392276,0.005114,0.004814,0.567045,0.001641,0.003047,0.010540,0.005802
0.091288,0.098871,0.082827,0.101744,0.096224,0.116191,0.094816,0.106655,0.108678,0.102706
0.070684,0.113785,0.071070,0.129279,0.126395,0.101006,0.059854,0.131821,0.077616,0.118492
0.067888,0.083143,0.067332,0.079521,0.080095,0.272262,0.085869,0.085687,0.090158,0.088045
0.074635,0.090495,0.076894,0.093906,0.096026,0.102608,0.096281,0.189867,0.085620,0.093669
0.101929,0.100552,0.077403,0.130718,0.136741,0.118506,0.067395,0.082019,0.075286,0.109451
0.036438,0.064154,0.287323,0.052337,0.293880,0.096330,0.011103,0.059723,0.045065,0.053648
0.057791,0.017072,0.197200,0.081795,0.081346,0.093270,0.016423,0.063954,0.322953,0.068195
0.066488,0.028236,0.223039,0.130692,0.110428,0.112183,0.022183,0.104765,0.071373,0.130613
0.072076,0.092103,0.084519,0.094988,0.162186,0.107717,0.096131,0.111949,0.092296,0.086035
0.075277,0.092120,0.070235,0.087420,0.086928,0.243295,0.088387,0.087302,0.078841,0.090193
0.051877,0.108729,0.115911,0.108219,0.112714,0.105509,0.059343,0.090932,0.163610,0.083157
0.038115,0.130217,0.081072,0.178863,0.098382,0.094722,0.057597,0.060116,0.120228,0.140687
0.011021,0.021052,0.167476,0.018468,0.680083,0.027586,0.021413,0.019043,0.016608,0.017249
0.070980,0.094560,0.196372,0.090065,0.086271,0.094297,0.089447,0.081022,0.106461,0.090525
0.029110,0.033276,0.441986,0.032917,0.246865,0.047621,0.032704,0.082260,0.020189,0.033072
0.057414,0.038741,0.194493,0.062249,0.104560,0.075904,0.070653,0.056878,0.278881,0.060227
0.075719,0.028290,0.211525,0.130266,0.120793,0.138994,0.028164,0.072667,0.066674,0.126908
0.085517,0.112202,0.193971,0.078468,0.105222,0.106258,0.058013,0.089234,0.072758,0.098357
0.062462,0.085029,0.183296,0.068689,0.066582,0.071470,0.079497,0.070897,0.228247,0.083831
0.032682,0.008119,0.185677,0.067158,0.139818,0.304319,0.010290,0.078195,0.071739,0.102004
0.089984,0.097050,0.066537,0.083127,0.087868,0.088575,0.092401,0.223216,0.087613,0.083628
0.025127,0.008706,0.285971,0.030362,0.029549,0.519062,0.010056,0.025930,0.018238,0.047000
0.107810,0.103434,0.077995,0.098360,0.102656,0.123038,0.082984,0.123539,0.071370,0.108813
0.034340,0.050243,0.512001,0.045789,0.034712,0.041231,0.048683,0.131323,0.053208,0.048471
0.090435,0.098594,0.084410,0.097979,0.103841,0.115454,0.103513,0.114567,0.088348,0.102857
0.027008,0.096619,0.062515,0.112499,0.141110,0.123364,0.113006,0.091630,0.098313,0.133937
0.021110,0.047743,0.056710,0.034334,0.564312,0.127505,0.051430,0.032031,0.019795,0.045031
0.071487,0.099907,0.066528,0.119547,0.141009,0.201169,0.048462,0.090133,0.076809,0.084949
0.073659,0.092568,0.079904,0.092047,0.088358,0.100213,0.090867,0.200079,0.082489,0.099815
0.107942,0.117094,0.071992,0.129598,0.121377,0.125129,0.048947,0.110997,0.073090,0.093832
0.072750,0.109410,0.075067,0.104570,0.150375,0.110359,0.042684,0.134249,0.090461,0.110075
0.069050,0.121077,0.117710,0.103901,0.086363,0.136377,0.076873,0.098931,0.083440,0.106279
0.045583,0.027371,0.228123,0.112552,0.116701,0.138220,0.027821,0.134533,0.074376,0.094720
0.067747,0.109214,0.122455,0.095611,0.089137,0.107996,0.107506,0.090986,0.098801,0.110546
0.019366,0.019234,0.373938,0.022964,0.440683,0.027866,0.036836,0.011299,0.023136,0.024678
0.080595,0.085361,0.123473,0.080432,0.063756,0.100871,0.090318,0.050776,0.236864,0.087553
0.068242,0.103195,0.072479,0.093111,0.109957,0.220771,0.048473,0.112837,0.076577,0.094358
0.059272,0.057908,0.054471,0.059649,0.158972,0.307803,0.065673,0.115418,0.058555,0.062278
0.002231,0.003696,0.213633,0.003337,0.648938,0.003349,0.003710,0.002531,0.114907,0.003669
0.073286,0.097325,0.064185,0.097656,0.115325,0.111756,0.045593,0.111370,0.175685,0.107821
0.006336,0.005600,0.559481,0.007318,0.007590,0.383193,0.007821,0.006578,0.007689,0.008393
0.088845,0.103079,0.080442,0.109199,0.108285,0.114553,0.106694,0.094033,0.091166,0.103704
0.082990,0.092068,0.072650,0.110681,0.162895,0.106519,0.082363,0.108135,0.096252,0.085448
0.083901,0.086249,0.072185,0.078847,0.091223,0.103391,0.089309,0.226157,0.077889,0.090850
0.020245,0.004899,0.310213,0.027545,0.146969,0.323618,0.047497,0.028578,0.022292,0.068143
0.004198,0.003644,0.192552,0.003014,0.733502,0.003474,0.003639,0.002520,0.048458,0.004999
0.078408,0.083789,0.128017,0.075786,0.068211,0.081241,0.081437,0.079488,0.228408,0.095215
0.037222,0.026141,0.421669,0.071175,0.099917,0.099078,0.016938,0.078532,0.052047,0.097281
0.025566,0.032274,0.276286,0.038420,0.389490,0.040888,0.044909,0.033698,0.033034,0.085435
0.053856,0.036484,0.049271,0.071843,0.138014,0.337198,0.078245,0.077375,0.081190,0.076524
0.060712,0.041119,0.405126,0.062136,0.054749,0.055282,0.061958,0.119596,0.075292,0.064030
0.048965,0.059620,0.416959,0.060607,0.064575,0.067918,0.069082,0.065484,0.075788,0.071002
0.078268,0.066206,0.068792,0.098990,0.146544,0.114490,0.114761,0.129437,0.092972,0.089540
0.076932,0.079034,0.139879,0.082805,0.072800,0.187638,0.089803,0.037979,0.157449,0.075681
0.077293,0.097743,0.081805,0.083199,0.085122,0.138890,0.105409,0.044890,0.181392,0.104258
0.067364,0.102191,0.187811,0.086398,0.067155,0.105836,0.099407,0.089567,0.098356,0.095914
0.075733,0.098730,0.083190,0.124877,0.102015,0.114335,0.104124,0.110125,0.083125,0.103747
0.022202,0.006445,0.011529,0.020812,0.025965,0.028735,0.025812,0.077383,0.759206,0.021910
0.066855,0.111479,0.068640,0.098890,0.115557,0.100279,0.089312,0.152641,0.097817,0.098529
0.088852,0.116331,0.150229,0.091139,0.085180,0.094291,0.114074,0.095282,0.082592,0.082030
0.074501,0.088843,0.256387,0.073616,0.086444,0.085581,0.085145,0.077414,0.085022,0.087047
0.056556,0.046996,0.255125,0.065228,0.249754,0.073421,0.074317,0.068432,0.045260,0.064911
0.059715,0.055740,0.282285,0.046247,0.353325,0.053489,0.006354,0.042058,0.048834,0.051952
0.053371,0.021974,0.142757,0.112816,0.107629,0.195165,0.024495,0.117278,0.095860,0.128655
0.087238,0.118547,0.053332,0.142870,0.117720,0.144282,0.106262,0.045624,0.097811,0.086313
0.075499,0.094765,0.077922,0.096287,0.154014,0.109059,0.095721,0.111500,0.086693,0.098542
0.020351,0.014124,0.326797,0.012832,0.208146,0.019626,0.016107,0.048275,0.313237,0.020504
0.057790,0.111575,0.057716,0.100513,0.106706,0.136014,0.105820,0.123181,0.088726,0.111960
0.090458,0.122032,0.050333,0.122745,0.108153,0.106793,0.127437,0.100183,0.081038,0.090828
0.067277,0.062373,0.095115,0.102869,0.138596,0.120510,0.115665,0.126809,0.081753,0.089033
0.104482,0.103449,0.091148,0.096701,0.132428,0.108534,0.064675,0.110120,0.098240,0.090223
0.063572,0.069465,0.186162,0.076380,0.227842,0.085800,0.048259,0.066387,0.083529,0.092604
0.026244,0.019551,0.570106,0.014686,0.268317,0.017494,0.003286,0.014836,0.020932,0.044547
0.073279,0.096915,0.172938,0.091556,0.082284,0.095664,0.099780,0.089551,0.088581,0.109454
0.072551,0.100028,0.216803,0.078848,0.074689,0.105088,0.099979,0.071802,0.083639,0.096573
0.072906,0.055302,0.307567,0.080286,0.131927,0.073089,0.072508,0.078757,0.063333,0.064325
0.064263,0.103283,0.072706,0.104093,0.105494,0.108135,0.080321,0.111767,0.120727,0.129210
0.073302,0.106319,0.069309,0.120228,0.125848,0.109905,0.042986,0.116810,0.125410,0.109883
0.005204,0.007140,0.338443,0.004309,0.058392,0.484562,0.001787,0.004388,0.083691,0.012084
0.086745,0.101848,0.097005,0.123340,0.098480,0.117561,0.104632,0.094781,0.083340,0.092268
0.057734,0.108347,0.165949,0.113482,0.095142,0.097588,0.077494,0.104262,0.091697,0.088305
0.085556,0.100176,0.092171,0.117459,0.101814,0.097983,0.102249,0.112716,0.091778,0.098097
0.068177,0.083832,0.079051,0.077542,0.183319,0.087404,0.090181,0.150622,0.068305,0.111567
0.055897,0.073763,0.190192,0.114868,0.085518,0.111885,0.083989,0.112915,0.074095,0.096878
0.045964,0.038861,0.164471,0.041044,0.181377,0.348855,0.053976,0.055422,0.034543,0.035487
0.055020,0.047199,0.226658,0.062234,0.055212,0.058316,0.067782,0.065222,0.299945,0.062411
0.101839,0.097478,0.080319,0.102218,0.155992,0.102298,0.093463,0.089905,0.085195,0.091294
0.062873,0.119636,0.192770,0.104801,0.090311,0.128023,0.057736,0.082731,0.077506,0.083614
0.057060,0.028915,0.235066,0.103948,0.125864,0.133497,0.030393,0.121218,0.053111,0.110927
0.068392,0.093103,0.078175,0.114002,0.153631,0.095350,0.098285,0.094713,0.084664,0.119685
0.065240,0.079894,0.051022,0.077020,0.091103,0.299136,0.041892,0.071190,0.144501,0.079002
0.042046,0.099728,0.169063,0.083045,0.074321,0.227571,0.098639,0.053605,0.070866,0.081116
0.015734,0.023272,0.187667,0.023450,0.214135,0.439545,0.036325,0.019938,0.019103,0.020831
0.067527,0.058519,0.127095,0.053196,0.051127,0.064637,0.061686,0.055779,0.403369,0.057066
0.058117,0.097121,0.069632,0.099620,0.094818,0.208102,0.091285,0.097966,0.104672,0.078666
0.053508,0.102958,0.217026,0.090967,0.086148,0.110254,0.057247,0.087105,0.098420,0.096368
0.096837,0.096372,0.079492,0.103215,0.138569,0.111219,0.093625,0.102772,0.090029,0.087868
0.075310,0.070972,0.095184,0.109902,0.130464,0.124604,0.113436,0.112217,0.084775,0.083135
0.009392,0.002643,0.400185,0.007860,0.004861,0.538280,0.009621,0.006677,0.008072,0.012409
0.045131,0.024455,0.332869,0.046507,0.123090,0.059645,0.051779,0.199432,0.060570,0.056521
0.090215,0.111528,0.090676,0.098070,0.096236,0.112757,0.099009,0.087779,0.098278,0.115452
0.044573,0.008444,0.446331,0.051467,0.150536,0.056104,0.068879,0.049878,0.043967,0.079820
0.031728,0.012830,0.378049,0.044385,0.228180,0.067948,0.071088,0.077803,0.028491,0.059497
0.072183,0.078527,0.072499,0.082867,0.082787,0.261015,0.089418,0.087343,0.088008,0.085353
0.079819,0.016509,0.234774,0.077897,0.180646,0.082272,0.014914,0.075903,0.182062,0.055204
0.065929,0.021781,0.059856,0.152390,0.161645,0.157720,0.019214,0.156644,0.122005,0.082816
0.041691,0.008336,0.317537,0.044762,0.194891,0.084003,0.069620,0.051446,0.062338,0.125376
0.068553,0.057292,0.075391,0.129351,0.144171,0.113598,0.110836,0.128588,0.079574,0.092646
0.052583,0.041319,0.526285,0.053549,0.044096,0.063817,0.054615,0.043959,0.056408,0.063369
0.101628,0.022293,0.096112,0.126603,0.125890,0.194229,0.026867,0.123443,0.102846,0.080090
0.067396,0.114218,0.080355,0.126009,0.100155,0.118314,0.097829,0.123418,0.068027,0.104277
0.012790,0.025177,0.215168,0.019560,0.593873,0.019298,0.037241,0.020928,0.019564,0.036400
0.004360,0.003050,0.400863,0.002413,0.069726,0.439354,0.002584,0.001051,0.073540,0.003060
0.082925,0.102389,0.085145,0.097415,0.146294,0.114966,0.097144,0.086068,0.087852,0.099802
0.022889,0.008992,0.232143,0.033362,0.266888,0.069622,0.059207,0.039083,0.218937,0.048878
0.050818,0.062297,0.044584,0.066546,0.156205,0.346425,0.063382,0.096788,0.052824,0.060130
0.006443,0.006933,0.669530,0.005610,0.005703,0.283848,0.007027,0.004675,0.005133,0.005098
0.065592,0.024529,0.232611,0.099740,0.096598,0.138850,0.020311,0.136018,0.063557,0.122194
0.036653,0.038640,0.288713,0.039004,0.034792,0.038971,0.043655,0.032702,0.410561,0.036309
0.069221,0.105697,0.073835,0.111653,0.133558,0.122925,0.074081,0.122951,0.080403,0.105677
0.002409,0.003151,0.647457,0.002789,0.164810,0.168655,0.004406,0.002089,0.002552,0.001683
0.046080,0.106050,0.124607,0.083834,0.079519,0.159445,0.106473,0.095716,0.085692,0.112585
0.073224,0.093727,0.078634,0.112380,0.152811,0.109239,0.096518,0.109936,0.082075,0.091454
0.060355,0.094009,0.077104,0.109332,0.138674,0.126034,0.104376,0.127776,0.071479,0.090861
0.092178,0.094974,0.067118,0.094018,0.095250,0.211927,0.071199,0.098078,0.071756,0.103501
0.035735,0.043419,0.260630,0.046884,0.205348,0.042642,0.047310,0.215027,0.043799,0.059205
0.089809,0.104711,0.120741,0.097295,0.092133,0.100836,0.113733,0.089551,0.089761,0.101430
0.084218,0.099078,0.084904,0.122570,0.105573,0.100885,0.105443,0.109713,0.093385,0.094232
0.068680,0.065850,0.309115,0.059488,0.051928,0.068692,0.032597,0.223452,0.062187,0.058011
0.035387,0.044331,0.325025,0.038314,0.174831,0.038498,0.045124,0.209229,0.039914,0.049346
0.092523,0.101031,0.073152,0.089252,0.153161,0.112767,0.094682,0.099880,0.091973,0.091579
0.012891,0.016370,0.500538,0.014299,0.386701,0.012640,0.014131,0.009862,0.016384,0.016182
0.016364,0.004242,0.378336,0.012714,0.010943,0.529248,0.004991,0.010149,0.019005,0.014008
0.088880,0.088185,0.077678,0.116179,0.162830,0.098732,0.093601,0.107887,0.072864,0.093163
0.038921,0.042945,0.229361,0.058168,0.326331,0.067246,0.060885,0.063010,0.058326,0.054807
0.081911,0.085313,0.301993,0.067541,0.057926,0.082352,0.083400,0.080985,0.075192,0.083387
0.079591,0.085771,0.272276,0.069300,0.072169,0.081632,0.086692,0.084315,0.089357,0.078897
0.075250,0.073520,0.064251,0.092350,0.086531,0.284688,0.085142,0.080996,0.069985,0.087288
0.066491,0.111796,0.084671,0.102075,0.120557,0.126962,0.062020,0.131390,0.074814,0.119223
0.089946,0.069659,0.230513,0.077450,0.069243,0.089392,0.087880,0.089182,0.089498,0.107238
0.007973,0.003808,0.378848,0.003330,0.055809,0.456093,0.003695,0.003270,0.083814,0.003361
0.104010,0.099325,0.078294,0.092374,0.100667,0.099193,0.102485,0.118340,0.102363,0.102948
0.047939,0.078153,0.045282,0.074341,0.225024,0.293908,0.030300,0.074010,0.072042,0.059001
0.093057,0.099442,0.085232,0.103152,0.098462,0.101999,0.103410,0.115726,0.095164,0.104355
0.074944,0.098394,0.081021,0.120656,0.098014,0.120197,0.100757,0.116327,0.089768,0.099921
0.010000,0.009158,0.440580,0.011074,0.300650,0.012713,0.013435,0.009647,0.173520,0.019223
0.085178,0.059038,0.037656,0.151064,0.106670,0.074830,0.129476,0.106181,0.131558,0.118348
0.069209,0.095380,0.068530,0.083858,0.078894,0.279473,0.089449,0.071772,0.076175,0.087260
0.056791,0.060018,0.175261,0.060764,0.110535,0.069248,0.065429,0.056883,0.273885,0.071185
0.074343,0.062675,0.227761,0.094153,0.084593,0.087977,0.101559,0.083503,0.088534,0.094902
0.052797,0.106464,0.123078,0.122619,0.102606,0.104967,0.089222,0.098748,0.103401,0.096099
0.082571,0.093967,0.260433,0.071730,0.067368,0.101797,0.086405,0.072182,0.077848,0.085699
0.022972,0.036830,0.253854,0.036057,0.495071,0.029609,0.036109,0.030302,0.021039,0.038158
0.063488,0.037576,0.113226,0.178418,0.154123,0.108311,0.043307,0.041965,0.070289,0.189297
0.034107,0.037273,0.200599,0.037451,0.462897,0.049513,0.036183,0.079364,0.027660,0.034954
0.079398,0.098086,0.079824,0.100439,0.152663,0.107551,0.094943,0.107595,0.086634,0.092866
0.056445,0.085994,0.240154,0.086001,0.206857,0.081343,0.035902,0.080081,0.063797,0.063426
0.004024,0.003002,0.274898,0.003572,0.694944,0.003598,0.004835,0.003578,0.003143,0.004406
0.055005,0.075008,0.411260,0.065257,0.046149,0.070683,0.065582,0.040242,0.087743,0.083070
0.081669,0.094254,0.080100,0.087844,0.155394,0.116851,0.095292,0.108458,0.082363,0.097775
0.078218,0.098138,0.074329,0.091645,0.086578,0.222616,0.088289,0.075320,0.080885,0.103984
0.086546,0.093296,0.082447,0.102658,0.104977,0.110179,0.103785,0.091839,0.121283,0.102989
0.089003,0.085002,0.070425,0.109063,0.090839,0.096914,0.090158,0.197429,0.085707,0.085461
0.022619,0.026864,0.155843,0.024195,0.019968,0.608316,0.014053,0.083899,0.020976,0.023267
0.093586,0.097556,0.069583,0.084309,0.093727,0.210530,0.092488,0.099761,0.066558,0.091904
0.067277,0.091267,0.158680,0.111696,0.090957,0.103739,0.096881,0.069611,0.094606,0.115289
0.060543,0.073325,0.075827,0.138566,0.118116,0.130322,0.112741,0.107937,0.069922,0.112702
0.026134,0.008332,0.441171,0.048593,0.263350,0.040242,0.006589,0.060507,0.030921,0.074162
0.077719,0.088504,0.247283,0.088646,0.080535,0.097146,0.069089,0.080634,0.074321,0.096122
0.066666,0.073145,0.194959,0.073964,0.064372,0.081109,0.070870,0.063425,0.245599,0.065891
0.105477,0.102048,0.082695,0.099313,0.105843,0.101841,0.098586,0.094256,0.115074,0.094867
0.091275,0.092191,0.235485,0.087654,0.079830,0.099155,0.093392,0.056957,0.078344,0.085717
0.002133,0.001599,0.371523,0.001522,0.255948,0.360513,0.002248,0.001134,0.001297,0.002083
0.081349,0.066355,0.209186,0.073920,0.193453,0.078922,0.062606,0.085127,0.067571,0.081512
0.022713,0.035580,0.378930,0.027835,0.306349,0.036757,0.037968,0.029312,0.056066,0.068491
0.034365,0.033556,0.267401,0.022900,0.488054,0.026599,0.033171,0.028027,0.036213,0.029714
0.089180,0.097193,0.215254,0.082516,0.078838,0.100817,0.092445,0.057139,0.094142,0.092476
0.056853,0.087616,0.067290,0.105749,0.087710,0.104353,0.095908,0.213325,0.085767,0.095428
0.006121,0.003443,0.273439,0.006391,0.004201,0.523452,0.007603,0.004257,0.161250,0.009842
0.076337,0.116831,0.100146,0.111574,0.115379,0.116588,0.073324,0.107559,0.085638,0.096625
0.042254,0.126995,0.067669,0.117589,0.090386,0.130407,0.141838,0.103834,0.092760,0.086268
0.085371,0.017029,0.193071,0.078674,0.068705,0.057959,0.016374,0.064002,0.343574,0.075241
0.070252,0.080564,0.269717,0.079459,0.080786,0.096847,0.089183,0.076635,0.072314,0.084243
0.081690,0.110450,0.074479,0.126511,0.113075,0.119594,0.070846,0.124534,0.070540,0.108281
0.015320,0.006904,0.209901,0.034002,0.596404,0.024468,0.034463,0.030140,0.021364,0.027034
0.064165,0.056048,0.195917,0.065806,0.068685,0.071187,0.074533,0.076419,0.257455,0.069785
0.115095,0.118576,0.089499,0.129940,0.086825,0.117456,0.111603,0.047538,0.092914,0.090554
0.062521,0.110030,0.086407,0.104308,0.113823,0.115170,0.104207,0.113139,0.081432,0.108963
0.072258,0.066919,0.093871,0.121753,0.139822,0.108972,0.106634,0.121011,0.074960,0.093798
0.088840,0.093565,0.151067,0.098349,0.077580,0.102093,0.096732,0.103155,0.089372,0.099246
0.092304,0.094225,0.086159,0.094598,0.156676,0.106144,0.095657,0.102642,0.081587,0.090011
0.081030,0.087009,0.273912,0.082580,0.080258,0.072081,0.062196,0.095846,0.063817,0.101272
0.091476,0.029253,0.213743,0.091707,0.125222,0.124740,0.022971,0.117216,0.098119,0.085553
0.093420,0.084273,0.214999,0.077115,0.111335,0.085563,0.089691,0.074518,0.069252,0.099834
0.041425,0.112686,0.080687,0.095444,0.103824,0.122456,0.040782,0.104456,0.193827,0.104414
0.068627,0.068029,0.094072,0.099239,0.150949,0.111975,0.108579,0.103974,0.084056,0.110501
0.002528,0.003497,0.073001,0.003022,0.001936,0.397728,0.003969,0.033420,0.477859,0.003041
0.102724,0.111514,0.069759,0.109186,0.105541,0.099901,0.107913,0.118256,0.082132,0.093074
0.048934,0.032715,0.149931,0.040805,0.041077,0.051893,0.042663,0.042203,0.509427,0.040351
0.044364,0.047265,0.232484,0.062500,0.301345,0.061395,0.059465,0.068865,0.060722,0.061594
0.066608,0.092323,0.078692,0.117793,0.152765,0.093422,0.097742,0.123616,0.074997,0.102044
0.008132,0.008471,0.351572,0.006366,0.424945,0.008622,0.012024,0.006815,0.165873,0.007182
0.044827,0.043015,0.156818,0.034338,0.034927,0.040956,0.023976,0.038428,0.535475,0.047241
0.006558,0.003136,0.404043,0.004574,0.004103,0.544753,0.008619,0.006513,0.011533,0.006168
0.073085,0.086175,0.060425,0.087827,0.072966,0.261164,0.091091,0.077280,0.095190,0.094798
0.074059,0.100709,0.122613,0.090606,0.100468,0.161099,0.115735,0.048976,0.068319,0.117416
0.061473,0.075162,0.358347,0.094258,0.069216,0.107015,0.036052,0.057933,0.070900,0.069644
0.013006,0.003940,0.109964,0.043542,0.299986,0.388266,0.002863,0.032698,0.084910,0.020824
0.070984,0.085112,0.063256,0.080797,0.079390,0.265890,0.089224,0.107208,0.077790,0.080348
0.035702,0.027588,0.450123,0.048749,0.057145,0.048533,0.069548,0.136683,0.047339,0.078590
0.005744,0.000865,0.429064,0.002313,0.127273,0.424924,0.003153,0.001424,0.002314,0.002926
0.063714,0.089679,0.205420,0.090142,0.091603,0.090716,0.076775,0.105687,0.081367,0.104895
0.078784,0.089038,0.189133,0.086366,0.090068,0.108218,0.096016,0.078035,0.081806,0.102538
0.089254,0.091346,0.206266,0.096379,0.072148,0.092152,0.094346,0.083849,0.082907,0.091352
0.092521,0.098641,0.090019,0.090686,0.101794,0.113417,0.102465,0.105826,0.099478,0.105153
0.011751,0.005885,0.300026,0.011742,0.007452,0.619142,0.012183,0.010513,0.010957,0.010350
0.062961,0.059539,0.276410,0.060579,0.053281,0.073467,0.064760,0.237969,0.051627,0.059407
0.071658,0.111355,0.071289,0.119504,0.108515,0.094707,0.045826,0.133579,0.103752,0.139815
0.058035,0.065785,0.274973,0.068975,0.077679,0.091935,0.083174,0.133340,0.069013,0.077093
0.036552,0.051212,0.285999,0.050692,0.047207,0.056536,0.017072,0.070683,0.340238,0.043808
0.082926,0.099811,0.082663,0.117694,0.108549,0.104585,0.104450,0.107979,0.098877,0.092464
0.011114,0.002961,0.319680,0.002890,0.022817,0.451276,0.000698,0.022857,0.144291,0.021416
0.072622,0.110765,0.096530,0.112056,0.134354,0.118865,0.056409,0.098581,0.093491,0.106325
0.013166,0.024379,0.458292,0.018929,0.015855,0.367846,0.005321,0.053884,0.021418,0.020910
0.071685,0.072271,0.226937,0.096460,0.172616,0.088904,0.031817,0.090144,0.071110,0.078057
0.002317,0.003285,0.503813,0.002670,0.160864,0.275301,0.003317,0.001233,0.044434,0.002765
0.084732,0.028522,0.068052,0.164502,0.147299,0.099640,0.030977,0.163824,0.087000,0.125451
0.057024,0.013081,0.320200,0.096816,0.182945,0.108149,0.014943,0.051921,0.059873,0.095048
0.053935,0.071239,0.485617,0.058400,0.066277,0.052899,0.033479,0.058580,0.069114,0.050460
0.087528,0.073935,0.214104,0.088604,0.080348,0.093430,0.092265,0.083627,0.076350,0.109808
0.054743,0.111891,0.165175,0.098913,0.096704,0.096137,0.071620,0.101355,0.099849,0.103612
0.084467,0.077975,0.075607,0.102723,0.116540,0.119357,0.109799,0.102026,0.101566,0.109938
0.037487,0.022755,0.071761,0.123495,0.218775,0.137664,0.021106,0.139436,0.099010,0.128510
0.044459,0.114248,0.069309,0.112079,0.095626,0.168136,0.112895,0.112062,0.082540,0.088647
0.061757,0.022075,0.092353,0.114770,0.106614,0.093768,0.022366,0.141769,0.224704,0.119823
0.079385,0.094414,0.079591,0.094930,0.099466,0.106022,0.097367,0.115810,0.115642,0.117373
0.071744,0.016175,0.077275,0.138336,0.140162,0.257851,0.017104,0.098371,0.087729,0.095253
0.006992,0.003298,0.128706,0.010122,0.021215,0.008780,0.011162,0.044798,0.755275,0.009651
0.071436,0.095445,0.071641,0.093023,0.128513,0.225626,0.062734,0.085805,0.077086,0.088691
0.012608,0.013820,0.431693,0.006500,0.507536,0.007290,0.001591,0.007404,0.004673,0.006885
0.050774,0.067269,0.371890,0.061466,0.201980,0.063693,0.013380,0.052180,0.050738,0.066630
0.103309,0.077075,0.066467,0.097014,0.105934,0.108637,0.108877,0.120566,0.102172,0.109948
0.100542,0.097582,0.076693,0.122399,0.096710,0.111728,0.097846,0.127495,0.088085,0.080919
0.071991,0.088494,0.219938,0.075467,0.065216,0.103529,0.093500,0.090741,0.100408,0.090715
0.050630,0.054604,0.516823,0.061277,0.041019,0.050634,0.056067,0.051880,0.062534,0.054531
0.053969,0.037855,0.534071,0.044470,0.039196,0.047118,0.059382,0.051247,0.066359,0.066333
0.032967,0.010991,0.334564,0.036834,0.101893,0.040652,0.046425,0.076179,0.277413,0.042083
0.072130,0.083692,0.161202,0.093315,0.082584,0.111397,0.096744,0.106281,0.096912,0.095744
0.081441,0.080080,0.222481,0.081531,0.084450,0.086449,0.087421,0.128329,0.064831,0.082986
0.032786,0.041740,0.106915,0.028716,0.263436,0.341851,0.005267,0.039263,0.102211,0.037816
0.076546,0.113776,0.069111,0.107550,0.144730,0.115077,0.053244,0.116648,0.109197,0.094123
0.081689,0.087563,0.068957,0.105759,0.083670,0.096254,0.092265,0.222190,0.073499,0.088156
0.073890,0.086981,0.239556,0.079239,0.137528,0.103074,0.050454,0.082619,0.071647,0.075011
0.072827,0.077139,0.339782,0.078181,0.076277,0.087713,0.044631,0.066662,0.070720,0.086068
0.011467,0.002025,0.443420,0.006775,0.488877,0.009047,0.009622,0.006980,0.008584,0.013203
0.003301,0.002223,0.069230,0.003311,0.002191,0.003610,0.004070,0.035903,0.873092,0.003070
0.013218,0.018350,0.411754,0.009602,0.009396,0.439820,0.015450,0.053277,0.011888,0.017246
0.065610,0.077379,0.185052,0.099242,0.090094,0.110575,0.099486,0.085442,0.081849,0.105271
0.103907,0.092889,0.082367,0.118858,0.109841,0.112549,0.106745,0.089085,0.089198,0.094561
0.061582,0.071122,0.043807,0.066325,0.069546,0.374469,0.072718,0.092310,0.062346,0.085776
0.090459,0.097101,0.062330,0.103157,0.095121,0.170665,0.116641,0.048032,0.095373,0.121120
0.046215,0.046177,0.089233,0.103691,0.109771,0.134694,0.132710,0.128493,0.093873,0.115143
0.032676,0.045198,0.299036,0.054755,0.335134,0.054611,0.048166,0.044632,0.039797,0.045996
0.072172,0.045329,0.151771,0.105149,0.097263,0.092707,0.087975,0.085370,0.163243,0.099020
0.059485,0.075650,0.068581,0.085816,0.080490,0.239054,0.078270,0.076139,0.157159,0.079357
0.120940,0.028689,0.056996,0.133782,0.173181,0.135192,0.024890,0.124007,0.093855,0.108468
0.107675,0.073023,0.095693,0.130010,0.098941,0.109428,0.104957,0.123519,0.071813,0.084940
0.011854,0.012691,0.102004,0.012648,0.009600,0.716769,0.014254,0.091179,0.014044,0.014956
0.097785,0.074542,0.076167,0.098476,0.135105,0.114984,0.107957,0.119441,0.071046,0.104497
0.065555,0.094022,0.080977,0.093000,0.146608,0.099694,0.091958,0.162874,0.069904,0.095409
0.090827,0.080973,0.127031,0.108610,0.103824,0.092054,0.109036,0.085935,0.099912,0.101798
0.074774,0.091245,0.077505,0.081712,0.153069,0.099211,0.098103,0.122152,0.086091,0.116138
0.044238,0.070737,0.471886,0.055153,0.052210,0.079475,0.034121,0.061233,0.074701,0.056247
0.100082,0.092346,0.200316,0.085794,0.084761,0.092392,0.097516,0.065479,0.085047,0.096267
0.094631,0.107731,0.124916,0.094840,0.104814,0.122719,0.077508,0.060517,0.094752,0.117571
0.037144,0.164757,0.064703,0.158703,0.156113,0.110032,0.076399,0.043073,0.119951,0.069123
0.067477,0.087446,0.210366,0.090704,0.088149,0.089394,0.092992,0.089379,0.089699,0.094396
0.012789,0.003159,0.085301,0.021868,0.368054,0.266711,0.023825,0.018985,0.188747,0.010560
0.049297,0.027587,0.313397,0.113921,0.096124,0.094939,0.030004,0.101637,0.067045,0.106050
0.099479,0.064056,0.061841,0.084191,0.083690,0.235944,0.100492,0.105086,0.068357,0.096863
0.065787,0.048571,0.064546,0.087056,0.130401,0.269965,0.094961,0.078408,0.078582,0.081723
0.066571,0.032031,0.210780,0.092677,0.104722,0.130255,0.025141,0.120567,0.096388,0.120869
0.021988,0.031144,0.194743,0.031377,0.338597,0.025528,0.036191,0.026958,0.237273,0.056200
0.063831,0.114831,0.099433,0.099678,0.098360,0.118295,0.120313,0.097025,0.094990,0.093244
