0.046208,0.028416,0.040468,0.024098,0.452192,0.076195,0.219260,0.018031,0.036274,0.058860
0.068351,0.341866,0.034445,0.031373,0.043072,0.055035,0.046793,0.075370,0.274812,0.028884
0.161632,0.071673,0.074810,0.126229,0.091208,0.106003,0.097700,0.026600,0.121301,0.122844
0.096888,0.110161,0.059097,0.163459,0.071765,0.077848,0.185876,0.079458,0.095093,0.060354
0.069228,0.075301,0.080272,0.113161,0.100129,0.112242,0.109664,0.084178,0.140302,0.115523
0.045795,0.119812,0.038590,0.101452,0.063580,0.132037,0.277048,0.108238,0.079998,0.033450
0.031386,0.067673,0.103817,0.068349,0.452204,0.062077,0.070933,0.044355,0.041392,0.057813
0.086848,0.083864,0.070585,0.046926,0.046412,0.112534,0.363658,0.063880,0.077452,0.047841
0.040568,0.305469,0.078199,0.084965,0.036361,0.236207,0.080401,0.048402,0.034724,0.054705
0.036833,0.077354,0.029662,0.152990,0.043577,0.098551,0.270984,0.124333,0.078713,0.087002
0.095135,0.131888,0.114845,0.118595,0.079316,0.056726,0.150481,0.074285,0.080202,0.098527
0.052648,0.094828,0.332450,0.083139,0.079064,0.072400,0.081789,0.055714,0.044718,0.103249
0.024258,0.133774,0.105738,0.123155,0.059796,0.200516,0.166080,0.026572,0.055302,0.104809
0.028229,0.096083,0.292313,0.044293,0.130929,0.245316,0.048147,0.059818,0.029411,0.025460
0.050637,0.075242,0.125072,0.119650,0.111208,0.059924,0.116121,0.128997,0.084577,0.128572
0.081537,0.277387,0.036577,0.096248,0.094906,0.051827,0.109531,0.055121,0.079385,0.117480
0.024402,0.036827,0.360789,0.030388,0.229795,0.081353,0.024699,0.025516,0.165817,0.020414
0.090211,0.141560,0.050758,0.120739,0.057411,0.215529,0.125501,0.079188,0.082058,0.037047
0.072126,0.120353,0.111727,0.074024,0.100599,0.157526,0.102573,0.093044,0.078326,0.089702
0.117913,0.078543,0.099398,0.108918,0.088534,0.139588,0.099807,0.079921,0.076429,0.110949
0.061882,0.347618,0.076891,0.046698,0.025627,0.027168,0.265432,0.025225,0.066723,0.056735
0.082839,0.142269,0.036924,0.110060,0.086931,0.151723,0.121746,0.120218,0.062607,0.084684
0.027739,0.249536,0.100408,0.038622,0.378922,0.049783,0.036053,0.026381,0.030489,0.062066
0.076353,0.096527,0.276599,0.087434,0.044403,0.073966,0.079958,0.065720,0.113702,0.085338
0.028477,0.130325,0.103574,0.099972,0.319139,0.068143,0.095199,0.069791,0.044940,0.040441
0.050314,0.098717,0.344766,0.060281,0.147796,0.055332,0.067397,0.045103,0.050866,0.079427
0.059341,0.090771,0.082769,0.102722,0.084450,0.145713,0.099424,0.090903,0.146538,0.097371
0.058824,0.109297,0.112376,0.095443,0.072051,0.112496,0.119750,0.127515,0.093665,0.098581
0.034740,0.077885,0.423408,0.080534,0.046332,0.095979,0.086066,0.042803,0.037543,0.074709
0.041238,0.215501,0.065379,0.096673,0.117015,0.069222,0.104395,0.106113,0.068723,0.115740
0.070130,0.285269,0.080364,0.087618,0.060016,0.092187,0.094452,0.070942,0.099380,0.059643
0.033537,0.102389,0.314514,0.089420,0.077835,0.110043,0.085534,0.064124,0.050348,0.072255
0.055416,0.050960,0.077569,0.087511,0.035113,0.100413,0.360767,0.064893,0.124936,0.042421
0.101268,0.081064,0.038362,0.127644,0.089354,0.171872,0.165503,0.067404,0.065201,0.092328
0.070962,0.092818,0.234866,0.033382,0.062982,0.067019,0.221403,0.063835,0.056993,0.095741
0.026899,0.089369,0.399527,0.054261,0.205044,0.056391,0.044038,0.030036,0.045788,0.048648
0.051900,0.129945,0.314679,0.086045,0.052803,0.101987,0.077409,0.062040,0.073560,0.049631
0.061504,0.105484,0.286725,0.088127,0.092166,0.085723,0.093409,0.062132,0.063765,0.060966
0.055343,0.066915,0.251292,0.074138,0.068161,0.060269,0.199085,0.055393,0.076011,0.093394
0.040312,0.091006,0.515976,0.066889,0.020104,0.073642,0.048786,0.067780,0.038890,0.036615
0.060774,0.081986,0.084451,0.140999,0.107447,0.122320,0.133810,0.096064,0.049252,0.122898
0.052103,0.081494,0.149060,0.081859,0.062738,0.070364,0.241596,0.061341,0.110571,0.088874
0.042032,0.083225,0.361447,0.084086,0.050497,0.117900,0.075776,0.039372,0.098949,0.046717
0.048611,0.080566,0.088300,0.098513,0.053947,0.076745,0.356864,0.059048,0.043900,0.093506
0.056722,0.180348,0.031477,0.125335,0.049288,0.220361,0.115340,0.109576,0.036251,0.075302
0.082176,0.092630,0.114540,0.125394,0.064230,0.151204,0.104013,0.092148,0.077662,0.096001
0.048853,0.117874,0.070038,0.080940,0.099073,0.074103,0.263209,0.075181,0.063033,0.107697
0.099379,0.093397,0.086073,0.125842,0.099793,0.109888,0.113591,0.093779,0.090190,0.088068
0.027075,0.131804,0.445969,0.028919,0.067042,0.074370,0.064815,0.045640,0.061044,0.053323
0.043709,0.285497,0.118354,0.063665,0.037153,0.037577,0.297678,0.035276,0.057429,0.023664
0.079468,0.081615,0.055822,0.175912,0.125295,0.052083,0.154248,0.085423,0.068532,0.121602
0.049152,0.093051,0.258597,0.082345,0.079770,0.107610,0.080403,0.075611,0.116590,0.056871
0.029601,0.353475,0.056335,0.030117,0.016573,0.048959,0.352301,0.021328,0.048302,0.043010
0.041876,0.106920,0.500500,0.054519,0.014803,0.072068,0.051590,0.060983,0.043199,0.053542
0.051590,0.054919,0.044079,0.036794,0.044960,0.066766,0.265892,0.044189,0.342924,0.047885
0.012659,0.230151,0.101661,0.022126,0.431918,0.078563,0.024601,0.046132,0.026508,0.025681
0.055588,0.248901,0.208595,0.063824,0.051199,0.099249,0.066310,0.071344,0.059695,0.075295
0.017520,0.043088,0.588727,0.039520,0.117750,0.065610,0.032079,0.038992,0.024990,0.031723
0.086952,0.131934,0.078947,0.111020,0.103374,0.141852,0.104765,0.085985,0.066694,0.088477
0.073323,0.093816,0.222096,0.095881,0.073031,0.083170,0.096883,0.046589,0.123699,0.091510
0.045968,0.115315,0.097624,0.096494,0.081840,0.052434,0.289032,0.070794,0.054511,0.095988
0.027434,0.026228,0.471831,0.022858,0.280241,0.104890,0.022248,0.013356,0.018006,0.012909
0.031748,0.082963,0.353237,0.093679,0.080943,0.108296,0.082856,0.041991,0.071333,0.052954
0.058062,0.101318,0.052157,0.144125,0.116106,0.165813,0.115386,0.066255,0.075735,0.105042
0.017753,0.027701,0.304511,0.020809,0.285928,0.079966,0.137032,0.044813,0.038450,0.043037
0.058053,0.354206,0.103577,0.053730,0.062512,0.094980,0.084613,0.077071,0.054961,0.056297
0.066971,0.210037,0.042412,0.114252,0.100854,0.110480,0.088527,0.119436,0.052058,0.094972
0.031021,0.318442,0.021248,0.034667,0.023421,0.167185,0.315842,0.027984,0.034246,0.025945
0.033233,0.128107,0.262378,0.046923,0.132267,0.213814,0.041970,0.064105,0.047333,0.029871
0.034052,0.119471,0.032049,0.056757,0.054068,0.142653,0.267788,0.133430,0.053574,0.106158
0.035891,0.248602,0.043931,0.019891,0.460573,0.064997,0.025778,0.037522,0.031017,0.031798
0.036641,0.050125,0.063622,0.070845,0.361177,0.152482,0.041010,0.027592,0.151894,0.044612
0.038649,0.104762,0.039664,0.149146,0.128029,0.176269,0.131348,0.126339,0.068606,0.037189
0.027273,0.170783,0.031042,0.117146,0.089244,0.041972,0.251024,0.120084,0.061097,0.090336
0.063881,0.111133,0.036365,0.088895,0.084502,0.279118,0.091043,0.110869,0.071133,0.063061
0.051435,0.127951,0.085257,0.120916,0.084592,0.149313,0.111553,0.091714,0.083205,0.094064
0.081183,0.417468,0.057301,0.050431,0.061412,0.058626,0.056119,0.073026,0.083250,0.061183
0.074580,0.091653,0.252187,0.103433,0.058667,0.095350,0.095462,0.071887,0.078744,0.078037
0.067910,0.389791,0.044732,0.025577,0.024292,0.045838,0.317944,0.035542,0.014624,0.033751
0.028015,0.025909,0.105759,0.052014,0.278543,0.109768,0.053434,0.057719,0.255354,0.033486
0.114049,0.088602,0.110074,0.129816,0.088084,0.151576,0.143043,0.037785,0.092113,0.044856
0.104719,0.101070,0.263088,0.045503,0.053448,0.120404,0.118898,0.051005,0.063685,0.078180
0.130902,0.092782,0.105196,0.107222,0.068923,0.134756,0.088770,0.109143,0.078419,0.083889
0.046176,0.367107,0.092633,0.104028,0.071251,0.078468,0.064458,0.030274,0.069636,0.075969
0.027879,0.058731,0.074151,0.138664,0.043753,0.108723,0.331459,0.062680,0.047819,0.106140
0.035474,0.346930,0.039904,0.051008,0.024952,0.018440,0.383399,0.054277,0.018516,0.027101
0.070332,0.103368,0.115287,0.121274,0.100795,0.109829,0.107154,0.100222,0.074595,0.097145
0.040941,0.062247,0.074082,0.107741,0.046101,0.096397,0.325427,0.069159,0.075866,0.102038
0.043623,0.243286,0.030925,0.144144,0.060037,0.124112,0.123417,0.058731,0.062836,0.108890
0.039327,0.029572,0.064766,0.040421,0.387093,0.180157,0.058123,0.035014,0.130428,0.035099
0.069569,0.283083,0.079397,0.074227,0.063251,0.101901,0.074686,0.069895,0.069400,0.114593
0.057480,0.154789,0.256244,0.090155,0.058927,0.157465,0.058451,0.061924,0.038453,0.066112
0.059580,0.051250,0.080692,0.048094,0.421883,0.083324,0.072846,0.083890,0.048484,0.049959
0.029617,0.398838,0.034738,0.040983,0.021155,0.028035,0.334954,0.019687,0.063831,0.028162
0.060753,0.221706,0.242238,0.083083,0.087530,0.101846,0.057005,0.055511,0.052194,0.038134
0.123240,0.101875,0.111552,0.114234,0.082256,0.145387,0.131739,0.027132,0.074383,0.088202
0.075721,0.067484,0.294201,0.103855,0.056848,0.130907,0.107147,0.048207,0.069287,0.046341
0.070464,0.201143,0.155762,0.087373,0.077150,0.075529,0.086254,0.057723,0.077518,0.111083
0.047363,0.297476,0.075969,0.085710,0.074117,0.095116,0.099953,0.069034,0.048353,0.106908
0.059540,0.127787,0.088468,0.128771,0.078040,0.116317,0.110081,0.081056,0.078649,0.131291
0.045718,0.410197,0.033605,0.036460,0.022804,0.035584,0.322458,0.028110,0.016448,0.048615
0.060605,0.320619,0.090491,0.098224,0.041580,0.109789,0.062731,0.047420,0.071987,0.096553
0.061621,0.096784,0.290441,0.104074,0.050936,0.083728,0.094696,0.060878,0.060444,0.096399
0.118753,0.211808,0.186215,0.086202,0.035863,0.063750,0.074557,0.049666,0.123831,0.049354
0.023348,0.162033,0.250709,0.014494,0.139029,0.228194,0.032954,0.036625,0.097593,0.015020
0.091762,0.130270,0.081376,0.092514,0.071036,0.144026,0.104534,0.088003,0.074373,0.122106
0.018329,0.177113,0.073764,0.030534,0.380622,0.065753,0.047987,0.060995,0.094474,0.050430
0.082184,0.214021,0.176659,0.051611,0.042987,0.053093,0.242048,0.035519,0.033462,0.068415
0.048048,0.120474,0.092034,0.134710,0.089866,0.175897,0.138114,0.068200,0.086993,0.045664
0.029562,0.327691,0.122776,0.036011,0.316966,0.042742,0.039483,0.027784,0.036352,0.020632
0.021071,0.026644,0.367319,0.034859,0.260709,0.180553,0.025421,0.015084,0.022213,0.046128
0.123456,0.222792,0.180006,0.041040,0.047832,0.079096,0.099584,0.051226,0.044924,0.110044
0.066604,0.111060,0.052535,0.103678,0.043171,0.250140,0.098279,0.087710,0.099978,0.086845
0.016900,0.033950,0.118664,0.051946,0.337708,0.055125,0.281907,0.031016,0.031322,0.041463
0.019127,0.027901,0.519545,0.070140,0.054888,0.083969,0.069403,0.059061,0.058951,0.037016
0.098825,0.057370,0.273657,0.084630,0.066338,0.076823,0.088373,0.054693,0.109695,0.089597
0.108326,0.084118,0.111181,0.124277,0.133467,0.067626,0.146568,0.071461,0.052953,0.100023
0.070690,0.140912,0.124406,0.065297,0.087322,0.074555,0.144267,0.079821,0.049590,0.163141
0.073175,0.154207,0.092697,0.139644,0.100224,0.064563,0.132786,0.030263,0.094889,0.117551
0.075662,0.367385,0.069025,0.093786,0.073431,0.048085,0.101562,0.033214,0.044166,0.093685
0.095615,0.094142,0.101534,0.100019,0.070537,0.115013,0.097020,0.078370,0.135742,0.112006
0.084153,0.110722,0.073337,0.100757,0.062430,0.141459,0.092346,0.078486,0.130020,0.126289
0.061230,0.096877,0.259652,0.049085,0.084365,0.090589,0.116785,0.066765,0.055479,0.119173
0.055590,0.075947,0.078334,0.113252,0.098753,0.128178,0.105303,0.099156,0.120870,0.124615
0.082680,0.089005,0.071783,0.079222,0.079778,0.078705,0.342984,0.029657,0.095157,0.051030
0.044902,0.076521,0.077125,0.103056,0.078576,0.058574,0.349285,0.062613,0.064977,0.084372
0.018025,0.251079,0.092301,0.016662,0.428983,0.079356,0.021493,0.041169,0.024353,0.026578
0.026649,0.035875,0.072966,0.046305,0.578434,0.107858,0.036765,0.029888,0.036319,0.028941
0.062381,0.067720,0.066225,0.077088,0.068580,0.084687,0.341889,0.075682,0.059959,0.095789
0.025217,0.066084,0.611214,0.044629,0.018144,0.071319,0.064745,0.026032,0.034099,0.038518
0.027640,0.048023,0.056542,0.030403,0.382704,0.042789,0.281501,0.067074,0.042987,0.020338
0.016728,0.280193,0.124384,0.048537,0.270482,0.065068,0.025615,0.023903,0.113324,0.031765
0.072214,0.065670,0.103711,0.059187,0.052271,0.116279,0.329459,0.054550,0.044351,0.102307
0.047405,0.064262,0.471095,0.062699,0.048230,0.095049,0.120287,0.031775,0.023551,0.035647
0.051573,0.262828,0.069406,0.105201,0.083955,0.048443,0.109150,0.114016,0.060036,0.095392
0.025304,0.032728,0.430822,0.084366,0.054924,0.087153,0.110093,0.035879,0.058493,0.080237
0.031356,0.125876,0.082051,0.063113,0.300934,0.091692,0.080881,0.074629,0.090950,0.058518
0.040511,0.318195,0.023526,0.049943,0.019960,0.123927,0.290483,0.046790,0.024226,0.062438
0.026850,0.337202,0.027468,0.013210,0.022472,0.044313,0.350252,0.017375,0.146709,0.014148
0.070111,0.139229,0.105463,0.097283,0.071064,0.159145,0.106162,0.098471,0.074030,0.079042
0.026396,0.062268,0.552458,0.054155,0.041191,0.073294,0.052920,0.035178,0.071591,0.030549
0.033323,0.306581,0.020684,0.042858,0.046010,0.055407,0.352622,0.042955,0.042575,0.056984
0.059928,0.136952,0.066210,0.120880,0.126894,0.120057,0.100895,0.081567,0.082541,0.104075
0.082657,0.044680,0.227835,0.034154,0.085710,0.104085,0.193311,0.057262,0.117892,0.052413
0.059590,0.048758,0.269910,0.078544,0.039018,0.148227,0.188464,0.036488,0.053550,0.077450
0.046729,0.058529,0.319103,0.080493,0.131813,0.076748,0.099810,0.073507,0.062663,0.050606
0.073547,0.142301,0.038891,0.094849,0.118946,0.166398,0.133083,0.108700,0.053904,0.069380
0.094619,0.053665,0.318710,0.055831,0.038997,0.211594,0.086620,0.059894,0.044093,0.035976
0.036098,0.048451,0.069870,0.102893,0.090772,0.043113,0.315309,0.155572,0.035012,0.102910
0.064564,0.141609,0.090473,0.133649,0.074858,0.061855,0.118131,0.139838,0.081093,0.093931
0.061859,0.108487,0.111031,0.076345,0.073111,0.144107,0.133019,0.133089,0.076563,0.082388
0.103838,0.102669,0.108482,0.096410,0.070824,0.119548,0.125993,0.029838,0.104564,0.137835
0.031604,0.092906,0.070916,0.139673,0.060914,0.206315,0.137844,0.125969,0.056290,0.077570
0.063440,0.042521,0.098978,0.058236,0.062063,0.116318,0.336658,0.039007,0.068268,0.114510
0.063614,0.282673,0.062962,0.059809,0.022639,0.060338,0.287950,0.034138,0.069628,0.056248
0.045132,0.236216,0.110762,0.053687,0.324536,0.114605,0.031744,0.019290,0.029055,0.034972
0.069992,0.060602,0.376808,0.094524,0.042965,0.101868,0.089659,0.052265,0.048418,0.062898
0.015713,0.040095,0.484597,0.024874,0.187968,0.120669,0.029252,0.023635,0.041307,0.031890
0.079370,0.099215,0.112860,0.127241,0.095130,0.143891,0.105639,0.080544,0.077138,0.078971
0.032379,0.052846,0.437390,0.052458,0.036790,0.113500,0.124455,0.023255,0.048253,0.078675
0.125147,0.098179,0.084609,0.113793,0.083982,0.129684,0.108193,0.089254,0.070934,0.096224
0.060347,0.070678,0.102182,0.074252,0.049516,0.125055,0.304472,0.037357,0.097831,0.078310
0.065108,0.140366,0.124043,0.147037,0.092321,0.050148,0.118563,0.103272,0.047871,0.111271
0.092793,0.079703,0.120505,0.140371,0.112265,0.123303,0.117015,0.027441,0.095928,0.090677
0.063822,0.091171,0.096135,0.064689,0.047555,0.087740,0.360342,0.059318,0.060973,0.068255
0.035379,0.050086,0.134118,0.043973,0.321079,0.048542,0.268301,0.037040,0.037277,0.024206
0.042226,0.322094,0.099372,0.034580,0.030925,0.028101,0.253104,0.034729,0.084427,0.070441
0.041473,0.348028,0.094813,0.023895,0.017319,0.061973,0.269892,0.032527,0.080651,0.029430
0.058790,0.126877,0.085006,0.123143,0.080260,0.132957,0.108320,0.119903,0.039773,0.124971
0.088623,0.114556,0.129228,0.131993,0.070199,0.057742,0.124859,0.090615,0.083369,0.108815
0.029125,0.073961,0.081205,0.105514,0.086136,0.094642,0.281600,0.068203,0.069429,0.110185
0.031588,0.061816,0.046524,0.126127,0.098979,0.049311,0.347534,0.065758,0.039911,0.132453
0.026474,0.072943,0.106044,0.058606,0.417065,0.072896,0.072093,0.071340,0.075195,0.027344
0.039421,0.071135,0.040699,0.124856,0.111562,0.168520,0.187452,0.060665,0.044881,0.150810
0.046036,0.036269,0.127210,0.056304,0.370865,0.157344,0.051899,0.074778,0.044012,0.035283
0.043186,0.259962,0.209466,0.031201,0.076994,0.081637,0.085954,0.049723,0.084123,0.077754
0.061013,0.336344,0.027308,0.062677,0.029930,0.066433,0.312274,0.026817,0.044148,0.033056
0.034259,0.128469,0.034800,0.122677,0.069188,0.104683,0.258296,0.101423,0.047596,0.098609
0.034649,0.186199,0.057283,0.135168,0.059865,0.113080,0.174138,0.097126,0.055081,0.087410
0.025684,0.285521,0.030222,0.013035,0.255706,0.069146,0.264222,0.020867,0.016608,0.018988
0.106518,0.151915,0.083653,0.125302,0.074515,0.109582,0.110904,0.026892,0.060482,0.150238
0.038380,0.168724,0.228427,0.039669,0.023047,0.123247,0.218767,0.024186,0.042492,0.093063
0.065960,0.067844,0.097180,0.108616,0.055439,0.072365,0.340714,0.052012,0.083441,0.056429
0.036146,0.111918,0.372312,0.109671,0.040501,0.080441,0.098379,0.032441,0.086223,0.031969
0.069719,0.121137,0.108684,0.109023,0.071010,0.126263,0.128219,0.077896,0.091588,0.096459
0.037026,0.083851,0.059913,0.151036,0.127635,0.052253,0.136822,0.067566,0.111824,0.172073
0.083230,0.069767,0.078548,0.086094,0.212767,0.078501,0.113893,0.118699,0.056715,0.101787
0.036267,0.100104,0.105612,0.070415,0.127854,0.065332,0.342429,0.067291,0.051721,0.032975
0.119448,0.120340,0.077879,0.128251,0.082446,0.117440,0.109390,0.027723,0.103845,0.113237
0.059380,0.088691,0.096937,0.061375,0.041190,0.083182,0.340115,0.061478,0.075195,0.092457
0.058263,0.070980,0.088862,0.075855,0.046243,0.116267,0.344479,0.057574,0.074416,0.067061
0.103226,0.065815,0.026143,0.102900,0.082340,0.115781,0.319023,0.051530,0.062558,0.070684
0.071079,0.290153,0.095306,0.045420,0.018516,0.036955,0.312433,0.024258,0.035298,0.070583
0.037652,0.087608,0.038604,0.135754,0.066374,0.186473,0.145687,0.072937,0.130288,0.098624
0.035854,0.035267,0.084018,0.069435,0.437598,0.091338,0.091843,0.048258,0.025807,0.080583
0.072295,0.123568,0.036893,0.107462,0.094641,0.210916,0.161994,0.060663,0.062476,0.069090
0.040483,0.063365,0.097296,0.090171,0.065269,0.044786,0.370528,0.075084,0.121745,0.031272
0.102957,0.085305,0.085892,0.114069,0.132829,0.104990,0.113961,0.043643,0.081812,0.134542
0.019542,0.029601,0.340852,0.043885,0.257960,0.075855,0.054436,0.032860,0.084257,0.060753
0.058582,0.056633,0.091188,0.076797,0.038113,0.074844,0.342073,0.069250,0.103093,0.089428
0.024150,0.028389,0.594375,0.069573,0.047240,0.082638,0.053141,0.026390,0.049045,0.025057
0.060411,0.104955,0.104095,0.100281,0.085445,0.141323,0.116739,0.076662,0.093161,0.116928
0.095117,0.136978,0.101067,0.078941,0.108970,0.111440,0.107502,0.089202,0.080041,0.090742
0.141988,0.078068,0.076968,0.126289,0.097449,0.116307,0.109607,0.026400,0.098089,0.128836
0.019997,0.187689,0.067226,0.020981,0.486702,0.107880,0.027155,0.021545,0.029449,0.031376
0.042085,0.079652,0.377476,0.053458,0.208302,0.050194,0.061650,0.023692,0.051304,0.052189
0.055412,0.076536,0.038948,0.066562,0.072256,0.244025,0.139493,0.136303,0.057160,0.113304
0.052250,0.293131,0.157502,0.054094,0.041970,0.054309,0.246996,0.033316,0.035829,0.030604
0.038864,0.041940,0.125387,0.078123,0.341165,0.090370,0.088568,0.059549,0.056943,0.079091
0.042880,0.260926,0.084444,0.083902,0.126120,0.080240,0.113707,0.104108,0.036060,0.067614
0.052508,0.220439,0.255619,0.072200,0.030651,0.133676,0.074397,0.037952,0.035165,0.087392
0.028654,0.150831,0.285198,0.082193,0.043576,0.088376,0.097762,0.064422,0.044164,0.114825
0.045363,0.373371,0.094505,0.084100,0.058542,0.075204,0.068856,0.074263,0.032531,0.093263
0.097548,0.148837,0.068636,0.158400,0.114743,0.054729,0.136444,0.054404,0.083716,0.082544
0.072471,0.159008,0.068633,0.133657,0.087736,0.064388,0.223217,0.050334,0.070109,0.070448
0.031383,0.183856,0.077251,0.050678,0.098098,0.214404,0.109071,0.125491,0.032962,0.076803
0.074983,0.074401,0.113671,0.092855,0.107657,0.155385,0.108658,0.090793,0.084280,0.097317
0.055610,0.196827,0.056930,0.028211,0.036906,0.092798,0.059873,0.077804,0.364908,0.030134
0.065415,0.037310,0.094478,0.084193,0.062471,0.108199,0.292378,0.036736,0.120373,0.098448
0.043229,0.212527,0.053811,0.148825,0.058915,0.118980,0.125265,0.136521,0.061899,0.040030
0.061888,0.089995,0.287961,0.039731,0.073464,0.114453,0.096619,0.063447,0.072720,0.099723
0.114907,0.142486,0.222142,0.073329,0.082625,0.078352,0.075932,0.054700,0.053823,0.101705
0.023802,0.029918,0.042909,0.027140,0.481014,0.030899,0.293456,0.017616,0.033783,0.019463
0.021261,0.306911,0.049762,0.061802,0.036081,0.038119,0.405569,0.021219,0.028444,0.030833
0.095841,0.160902,0.040515,0.114349,0.139145,0.054432,0.133578,0.043156,0.110982,0.107101
0.079824,0.100509,0.108605,0.132453,0.068314,0.159841,0.114209,0.097003,0.049162,0.090081
0.041921,0.030277,0.230321,0.031005,0.247495,0.030652,0.023655,0.043500,0.280362,0.040811
0.053319,0.107109,0.041855,0.111028,0.118717,0.053389,0.128551,0.168344,0.083588,0.134100
0.069917,0.098015,0.041318,0.177278,0.109730,0.051769,0.155138,0.104884,0.073212,0.118739
0.049963,0.333298,0.069799,0.083217,0.057475,0.087750,0.067830,0.055602,0.123647,0.071419
0.061248,0.089118,0.060039,0.077814,0.044628,0.121730,0.293041,0.095472,0.060749,0.096162
0.128307,0.054087,0.199268,0.101240,0.063146,0.077672,0.228446,0.057345,0.043830,0.046660
0.051440,0.027868,0.303148,0.043000,0.273763,0.053807,0.134485,0.025434,0.038157,0.048897
0.039128,0.074716,0.071357,0.140095,0.063816,0.225196,0.149317,0.114268,0.050539,0.071569
0.041457,0.092258,0.051325,0.122507,0.053612,0.229070,0.143628,0.067838,0.112890,0.085417
0.069024,0.056513,0.306952,0.066125,0.137936,0.106893,0.087448,0.058733,0.064235,0.046141
0.048849,0.074170,0.115345,0.091249,0.061002,0.088955,0.338842,0.073330,0.053241,0.055018
0.123831,0.086756,0.096363,0.046274,0.044823,0.078026,0.319596,0.063143,0.072522,0.068667
0.024225,0.044813,0.325310,0.018476,0.117164,0.202525,0.095681,0.021497,0.098973,0.051336
0.042328,0.105808,0.085129,0.095621,0.111494,0.137420,0.111678,0.093596,0.090153,0.126773
0.032437,0.162074,0.091994,0.107250,0.048068,0.102052,0.191274,0.107710,0.029361,0.127780
0.057267,0.102593,0.081422,0.089517,0.100997,0.148817,0.107458,0.075494,0.145511,0.090924
0.074493,0.092229,0.094970,0.129088,0.091598,0.162433,0.130229,0.032993,0.092935,0.099033
0.035090,0.221136,0.091613,0.096392,0.041170,0.137858,0.091221,0.108064,0.053860,0.123597
0.032382,0.028669,0.059528,0.052991,0.492614,0.125314,0.067602,0.071866,0.027444,0.041590
0.113892,0.202748,0.214338,0.081884,0.038840,0.067236,0.092812,0.049606,0.084600,0.054044
0.094427,0.116060,0.110423,0.113793,0.062516,0.103819,0.105392,0.089194,0.084834,0.119542
0.093566,0.101786,0.097084,0.103997,0.050835,0.135654,0.213459,0.032068,0.065651,0.105898
0.038075,0.299980,0.090998,0.023408,0.043244,0.043411,0.321192,0.063726,0.044133,0.031833
0.091848,0.106994,0.090603,0.116210,0.085980,0.147633,0.117556,0.104464,0.051333,0.087381
0.046228,0.099727,0.096077,0.087696,0.062176,0.110565,0.275195,0.058883,0.090015,0.073438
0.034197,0.154274,0.074669,0.141287,0.097527,0.058462,0.173853,0.041782,0.097423,0.126526
0.027000,0.036187,0.056429,0.051769,0.535444,0.100205,0.054083,0.055096,0.030979,0.052807
0.122382,0.090841,0.228537,0.085032,0.045399,0.098077,0.102811,0.066858,0.068656,0.091407
0.053014,0.069051,0.103323,0.091923,0.052189,0.035290,0.347429,0.103076,0.043662,0.101043
0.033891,0.112943,0.106790,0.120444,0.068728,0.142957,0.244810,0.031022,0.067514,0.070901
0.071933,0.288716,0.073560,0.088626,0.052828,0.128733,0.084799,0.070987,0.034749,0.105067
0.061414,0.312470,0.074304,0.094643,0.062730,0.083686,0.074837,0.110983,0.081887,0.043047
0.071392,0.126549,0.373515,0.025422,0.037005,0.127469,0.049060,0.033452,0.081366,0.074771
0.074108,0.149087,0.203366,0.068476,0.072638,0.107865,0.069540,0.080368,0.060683,0.113867
0.052066,0.080178,0.037281,0.132881,0.091880,0.256045,0.126964,0.066677,0.088550,0.067478
0.025822,0.306623,0.064604,0.027606,0.304863,0.093162,0.045462,0.015662,0.067453,0.048745
0.022469,0.275468,0.086002,0.058317,0.300255,0.061846,0.038373,0.076098,0.036886,0.044287
0.049583,0.096894,0.130170,0.129909,0.086706,0.049733,0.120290,0.096771,0.073286,0.166656
0.029182,0.341773,0.106264,0.041198,0.037810,0.035412,0.267168,0.025802,0.067927,0.047463
0.024930,0.399000,0.046514,0.024047,0.026229,0.034265,0.329517,0.028832,0.041436,0.045231
0.036743,0.318453,0.042106,0.028246,0.366636,0.050813,0.022288,0.036861,0.042107,0.055746
0.110216,0.325614,0.080635,0.065440,0.041232,0.111532,0.072422,0.047477,0.056571,0.088861
0.059578,0.103156,0.327484,0.094783,0.037509,0.090611,0.075228,0.072716,0.063052,0.075883
0.033086,0.398109,0.040588,0.030815,0.024605,0.023760,0.332893,0.029105,0.029721,0.057317
0.072517,0.304602,0.085350,0.072632,0.094398,0.082373,0.093258,0.063426,0.068929,0.062514
0.027301,0.035421,0.074792,0.033667,0.557776,0.045849,0.054911,0.062096,0.052940,0.055246
0.023183,0.030964,0.442340,0.029807,0.218303,0.145323,0.020833,0.015005,0.056707,0.017534
0.102138,0.136196,0.078022,0.110839,0.069070,0.105725,0.103517,0.087672,0.081055,0.125766
0.022238,0.280791,0.148012,0.054758,0.295515,0.035014,0.039710,0.020601,0.081465,0.021896
0.049243,0.128766,0.117779,0.083714,0.128906,0.117908,0.142910,0.037035,0.079716,0.114023
0.019907,0.079705,0.565736,0.053001,0.031681,0.062839,0.057025,0.055685,0.028861,0.045561
0.043524,0.300831,0.088113,0.043433,0.038813,0.043630,0.316734,0.033883,0.066414,0.024626
0.057380,0.092753,0.308848,0.088208,0.054061,0.098523,0.101020,0.067705,0.069141,0.062361
0.051409,0.090130,0.087329,0.084552,0.064615,0.096575,0.297501,0.036320,0.108516,0.083053
0.016762,0.034096,0.549870,0.023565,0.193231,0.063783,0.037743,0.029647,0.023309,0.027993
0.046592,0.086286,0.065885,0.151562,0.069731,0.061838,0.163281,0.181606,0.082551,0.090668
0.087815,0.120648,0.108389,0.076091,0.078638,0.131296,0.131420,0.083678,0.079095,0.102930
0.064804,0.292266,0.094376,0.083859,0.063382,0.073184,0.078175,0.081567,0.066435,0.101952
0.058832,0.117953,0.078457,0.106376,0.089911,0.046513,0.268338,0.066375,0.077029,0.090216
0.049800,0.061511,0.319928,0.060488,0.078415,0.107131,0.089522,0.050092,0.079053,0.104061
0.056308,0.166697,0.051850,0.134648,0.066633,0.133411,0.139950,0.067642,0.067780,0.115081
0.074514,0.100377,0.092086,0.072997,0.072848,0.146585,0.099274,0.126390,0.087842,0.127087
0.077137,0.077103,0.214881,0.072935,0.036238,0.121692,0.166948,0.071584,0.122469,0.039013
0.084291,0.100575,0.261720,0.081746,0.072949,0.074834,0.109131,0.044685,0.051721,0.118348
0.086171,0.143914,0.097710,0.109790,0.074009,0.109683,0.132478,0.096166,0.044467,0.105613
0.027212,0.073492,0.336798,0.044378,0.223758,0.113738,0.068094,0.040388,0.041000,0.031142
0.034088,0.207780,0.311556,0.022476,0.016387,0.089212,0.196713,0.022379,0.067403,0.032005
0.084932,0.123731,0.084792,0.079912,0.107887,0.113446,0.135310,0.107938,0.070573,0.091479
0.059173,0.058637,0.266698,0.087239,0.082092,0.108092,0.105203,0.105335,0.051417,0.076113
0.040474,0.160362,0.060044,0.113124,0.086210,0.284047,0.096961,0.062917,0.060108,0.035752
0.078460,0.101451,0.279892,0.042018,0.061265,0.087184,0.086184,0.093052,0.080039,0.090455
0.042254,0.095396,0.131449,0.128896,0.113640,0.064148,0.130925,0.096782,0.072819,0.123690
0.111823,0.066193,0.058962,0.083425,0.051758,0.062641,0.369197,0.044243,0.079786,0.071973
0.074378,0.062986,0.270430,0.095318,0.050782,0.113162,0.100308,0.058648,0.074162,0.099827
0.044111,0.019418,0.307579,0.024857,0.171884,0.236182,0.028929,0.028399,0.108070,0.030569
0.092186,0.100849,0.080079,0.114699,0.096622,0.139398,0.094540,0.080900,0.099309,0.101419
0.045058,0.109074,0.055148,0.082220,0.096822,0.094695,0.351196,0.100527,0.035603,0.029658
0.066330,0.123196,0.112347,0.114085,0.079252,0.147306,0.100355,0.077315,0.084059,0.095756
0.073173,0.113771,0.118348,0.104371,0.116562,0.116084,0.118169,0.087341,0.046104,0.106078
0.028638,0.020483,0.311312,0.039504,0.283025,0.104460,0.033987,0.024957,0.097321,0.056314
0.061733,0.316386,0.036723,0.130529,0.100097,0.049759,0.111687,0.059185,0.067090,0.066810
0.056857,0.167657,0.121260,0.124826,0.111254,0.053578,0.132843,0.081181,0.066616,0.083929
0.065705,0.093362,0.277396,0.058761,0.082994,0.099629,0.105687,0.080282,0.065128,0.071056
0.112108,0.251530,0.194380,0.065772,0.030767,0.057846,0.078077,0.043122,0.088592,0.077806
0.025335,0.087547,0.078588,0.071642,0.065303,0.128737,0.228487,0.097368,0.061707,0.155284
0.062456,0.122665,0.277242,0.091368,0.073325,0.081605,0.089360,0.055538,0.046209,0.100233
0.038301,0.042441,0.058463,0.054665,0.486589,0.147482,0.055473,0.047716,0.037693,0.031175
0.086877,0.285280,0.033495,0.037942,0.033846,0.042390,0.306888,0.037167,0.038720,0.097395
0.050232,0.063078,0.074365,0.063077,0.323086,0.175851,0.055627,0.069340,0.053890,0.071454
0.070392,0.097333,0.108397,0.113856,0.072372,0.114411,0.107729,0.094416,0.090644,0.130451
0.095818,0.084927,0.216034,0.050816,0.099360,0.054999,0.202209,0.077240,0.047047,0.071551
0.022874,0.024072,0.405436,0.053408,0.283055,0.041677,0.061337,0.024957,0.024044,0.059139
0.050140,0.113098,0.332752,0.054030,0.038679,0.098765,0.089852,0.054139,0.056047,0.112498
0.063189,0.103541,0.110006,0.125125,0.081995,0.113527,0.117205,0.103982,0.076682,0.104748
0.081539,0.168467,0.126591,0.130510,0.081021,0.055145,0.120130,0.088525,0.068944,0.079128
0.066920,0.091005,0.112469,0.114709,0.101664,0.118491,0.135419,0.090255,0.062116,0.106951
0.101697,0.125024,0.107276,0.071037,0.073835,0.118118,0.108461,0.024641,0.144797,0.125115
0.058563,0.081468,0.322618,0.075157,0.031840,0.121075,0.145542,0.058759,0.050082,0.054896
0.080182,0.262092,0.112265,0.108917,0.054034,0.041878,0.106009,0.078135,0.074062,0.082424
0.036710,0.083021,0.074861,0.096001,0.089063,0.206051,0.151574,0.073409,0.075361,0.113949
0.068704,0.362886,0.090209,0.056762,0.068507,0.076904,0.083011,0.028766,0.098363,0.065887
0.023462,0.237352,0.120671,0.016546,0.246340,0.044315,0.241973,0.013388,0.042798,0.013154
0.053515,0.096759,0.198117,0.080222,0.040130,0.096513,0.201235,0.054253,0.089260,0.089996
0.044380,0.137647,0.065838,0.119199,0.081747,0.222140,0.114505,0.060118,0.060609,0.093818
0.089295,0.098489,0.089266,0.133517,0.099237,0.153786,0.112150,0.088685,0.078230,0.057345
0.044665,0.125715,0.053035,0.110533,0.046931,0.305966,0.109868,0.062506,0.052141,0.088641
0.028467,0.017032,0.419675,0.022773,0.293173,0.149918,0.024952,0.015334,0.013691,0.014984
0.066819,0.052883,0.159271,0.072157,0.077785,0.073266,0.214419,0.097476,0.127161,0.058762
0.031040,0.055139,0.102615,0.078419,0.341693,0.173572,0.077025,0.038480,0.047092,0.054925
0.048762,0.024370,0.049861,0.062431,0.526624,0.107186,0.040475,0.049224,0.043634,0.047434
0.048555,0.079422,0.054285,0.165539,0.061321,0.191125,0.156464,0.065954,0.087481,0.089854
0.115053,0.090997,0.100000,0.092827,0.070476,0.143023,0.093598,0.030443,0.142078,0.121505
0.039380,0.085888,0.409831,0.040332,0.021015,0.157239,0.052080,0.024125,0.088156,0.081954
0.050242,0.047535,0.066663,0.085260,0.072736,0.127869,0.314795,0.067311,0.065016,0.102573
0.044658,0.157048,0.054892,0.155131,0.054721,0.051233,0.165636,0.137373,0.090946,0.088363
0.028082,0.345791,0.071052,0.037621,0.018086,0.055664,0.272087,0.036614,0.109227,0.025777
0.036994,0.097056,0.052131,0.139254,0.118516,0.163247,0.121542,0.117265,0.067423,0.086574
0.048172,0.064056,0.088733,0.061133,0.063804,0.077289,0.374808,0.070678,0.089974,0.061351
0.020090,0.242302,0.143139,0.037954,0.304677,0.079611,0.060327,0.034553,0.055862,0.021484
0.048014,0.181816,0.060540,0.108000,0.097579,0.140745,0.097904,0.072845,0.061333,0.131224
0.119058,0.114342,0.075961,0.086024,0.134118,0.055143,0.146422,0.043741,0.107417,0.117774
0.079999,0.047583,0.078776,0.120933,0.081257,0.092142,0.306015,0.034186,0.079586,0.079523
0.041724,0.326936,0.073500,0.085293,0.057654,0.090677,0.113028,0.063005,0.076740,0.071444
0.050806,0.076652,0.036279,0.111957,0.069762,0.248684,0.154667,0.122485,0.056823,0.071885
0.082921,0.107012,0.080445,0.120174,0.077954,0.125047,0.136426,0.101955,0.066931,0.101134
0.079384,0.051357,0.057377,0.112379,0.075863,0.214489,0.225464,0.037013,0.061239,0.085436
0.047765,0.364591,0.089752,0.050605,0.044347,0.045953,0.278741,0.029422,0.023674,0.025150
0.070375,0.091655,0.254041,0.084950,0.066200,0.107266,0.080558,0.062393,0.060817,0.121747
0.041518,0.129722,0.064903,0.135117,0.063968,0.059484,0.230790,0.135499,0.077580,0.061418
0.053483,0.309577,0.056402,0.080695,0.058958,0.114647,0.090774,0.058861,0.113384,0.063220
0.034272,0.042406,0.355309,0.055008,0.022534,0.126666,0.072734,0.036620,0.194779,0.059672
0.084923,0.273936,0.100302,0.075226,0.052879,0.113086,0.094583,0.031989,0.069821,0.103255
0.056126,0.063499,0.262645,0.095510,0.077514,0.082773,0.082705,0.074394,0.128778,0.076055
0.075498,0.062630,0.268247,0.091833,0.084085,0.112651,0.092844,0.083781,0.054605,0.073826
0.078789,0.115664,0.103856,0.093404,0.065968,0.134531,0.124800,0.088958,0.069803,0.124226
0.052324,0.068112,0.307491,0.023597,0.171807,0.142079,0.074688,0.042489,0.072811,0.044602
0.066410,0.080091,0.218875,0.036453,0.040270,0.076723,0.163952,0.064715,0.162198,0.090314
0.066308,0.136566,0.467395,0.016503,0.039013,0.107207,0.068311,0.034308,0.042423,0.021965
0.102878,0.107842,0.082086,0.132139,0.107047,0.076477,0.147769,0.079098,0.050190,0.114475
0.074137,0.167018,0.066336,0.164908,0.134468,0.054935,0.163501,0.045810,0.038978,0.089910
0.039633,0.047171,0.259210,0.036784,0.079654,0.093572,0.232231,0.069777,0.051084,0.090884
0.016983,0.223376,0.065110,0.023910,0.318813,0.048804,0.186986,0.016192,0.088326,0.011500
0.129699,0.155694,0.096771,0.145416,0.089720,0.066620,0.141097,0.034973,0.096819,0.043190
0.071224,0.207588,0.247788,0.087569,0.049113,0.119432,0.058713,0.034174,0.052164,0.072236
0.035465,0.143387,0.390579,0.032187,0.148244,0.147182,0.025176,0.023846,0.014132,0.039801
0.096294,0.051242,0.160091,0.083316,0.041760,0.109650,0.231917,0.087749,0.087256,0.050725
0.037924,0.109380,0.035275,0.128619,0.132311,0.179902,0.131464,0.097109,0.060903,0.087114
0.062123,0.074884,0.339398,0.089096,0.058659,0.100057,0.098739,0.070685,0.053677,0.052683
0.111490,0.108348,0.072013,0.110617,0.091588,0.119683,0.097862,0.083842,0.090383,0.114174
0.049861,0.114018,0.355200,0.053527,0.051827,0.150248,0.067242,0.050279,0.057931,0.049867
0.070904,0.109693,0.272888,0.051503,0.086738,0.100594,0.106484,0.046891,0.078748,0.075557
0.051045,0.075832,0.096989,0.070488,0.071587,0.103931,0.390850,0.065442,0.034782,0.039055
0.037200,0.077657,0.064924,0.123124,0.104901,0.213922,0.132760,0.033645,0.069127,0.142740
0.042788,0.075967,0.078621,0.075987,0.058500,0.074243,0.234395,0.053611,0.253888,0.051999
0.097932,0.125638,0.118918,0.093375,0.097743,0.107448,0.111159,0.096111,0.102859,0.048818
0.027994,0.019436,0.234328,0.027224,0.083218,0.233076,0.064810,0.052011,0.209018,0.048883
0.095487,0.087666,0.065599,0.082553,0.049660,0.084605,0.327451,0.066931,0.098491,0.041557
0.018475,0.071176,0.446795,0.068916,0.020005,0.087434,0.141640,0.036863,0.046782,0.061914
0.054394,0.047450,0.218704,0.050873,0.089604,0.069863,0.216600,0.089933,0.066408,0.096171
0.024613,0.030228,0.517617,0.047763,0.152776,0.073713,0.047651,0.018441,0.060449,0.026748
0.029517,0.326168,0.018007,0.054547,0.031265,0.025824,0.357604,0.058823,0.037543,0.060701
0.036897,0.328801,0.036016,0.018178,0.180508,0.017835,0.283868,0.045419,0.027922,0.024556
0.026630,0.118655,0.281079,0.030947,0.068425,0.130749,0.171912,0.063615,0.033211,0.074776
0.059848,0.073355,0.275948,0.106381,0.056888,0.099607,0.094438,0.060819,0.066953,0.105764
0.034979,0.175860,0.046489,0.111556,0.094082,0.098752,0.213557,0.121149,0.037993,0.065584
0.056969,0.362223,0.090873,0.078225,0.067089,0.084431,0.088378,0.062491,0.038421,0.070900
0.032882,0.366467,0.050592,0.027539,0.029688,0.036922,0.379822,0.030631,0.015709,0.029749
0.034607,0.088078,0.041475,0.173653,0.072307,0.057210,0.214261,0.146433,0.066937,0.105038
0.076825,0.361599,0.022695,0.031998,0.027830,0.047527,0.323980,0.017869,0.055628,0.034049
0.072322,0.102877,0.113496,0.135160,0.105560,0.120604,0.105734,0.110238,0.055759,0.078251
0.022601,0.427963,0.021168,0.021878,0.015893,0.016628,0.350586,0.017971,0.072665,0.032648
0.031616,0.173343,0.157992,0.038434,0.053247,0.036545,0.058683,0.074100,0.327379,0.048662
0.053837,0.095782,0.085511,0.114896,0.096361,0.072026,0.280547,0.070962,0.084809,0.045268
0.020175,0.035491,0.321545,0.034500,0.337106,0.031375,0.134387,0.029768,0.020836,0.034818
0.091132,0.022213,0.051508,0.032324,0.356906,0.029959,0.292510,0.024582,0.053801,0.045067
0.058939,0.372482,0.093021,0.080987,0.045384,0.112243,0.078616,0.066299,0.034071,0.057958
0.068434,0.313001,0.074658,0.048841,0.056989,0.099234,0.102798,0.062453,0.065328,0.108263
0.034597,0.137920,0.073402,0.140375,0.107811,0.158742,0.142863,0.090902,0.035875,0.077513
0.032668,0.049750,0.332101,0.096101,0.075437,0.081485,0.126892,0.068013,0.032872,0.104680
0.051242,0.160967,0.300538,0.072491,0.025850,0.130964,0.089504,0.044998,0.038673,0.084773
0.048595,0.210280,0.149798,0.025245,0.055522,0.069105,0.049197,0.082821,0.269752,0.039685
0.034862,0.189004,0.087073,0.110498,0.044340,0.167304,0.147443,0.106561,0.048391,0.064524
0.082001,0.126654,0.085372,0.120547,0.100382,0.148014,0.118089,0.026098,0.058765,0.134079
0.029319,0.026574,0.068560,0.062962,0.332849,0.054201,0.249078,0.028471,0.103254,0.044733
0.116338,0.094729,0.091251,0.079295,0.059912,0.078034,0.301898,0.047486,0.037568,0.093489
0.156550,0.119321,0.082126,0.088556,0.082553,0.114971,0.109152,0.027270,0.083519,0.135982
0.070242,0.053635,0.217017,0.080385,0.086871,0.072510,0.219503,0.055634,0.093301,0.050901
0.125246,0.086759,0.220582,0.048114,0.060760,0.064229,0.185757,0.052606,0.068326,0.087623
0.029552,0.166800,0.293385,0.033633,0.334571,0.043395,0.034555,0.022011,0.018696,0.023402
0.054161,0.039036,0.252165,0.062072,0.030119,0.056610,0.084795,0.062349,0.315911,0.042782
0.048694,0.094883,0.480718,0.029194,0.030303,0.084672,0.071545,0.030104,0.050143,0.079744
0.037765,0.214532,0.047411,0.120704,0.045433,0.182450,0.155148,0.071940,0.060222,0.064396
0.084755,0.086044,0.111447,0.085754,0.092503,0.152180,0.093360,0.078869,0.094886,0.120200
0.050424,0.124995,0.079755,0.150950,0.117085,0.080139,0.129822,0.032195,0.096316,0.138319
0.097053,0.115302,0.046356,0.161682,0.113762,0.057371,0.181451,0.042260,0.096635,0.088128
0.046792,0.186331,0.049610,0.125945,0.091169,0.051834,0.126408,0.126161,0.073208,0.122542
0.060394,0.076623,0.292924,0.068513,0.089336,0.106918,0.076934,0.053913,0.069790,0.104655
0.043261,0.301704,0.044889,0.106544,0.079924,0.082310,0.087875,0.106351,0.080929,0.066212
0.064979,0.094811,0.100886,0.090747,0.126180,0.054554,0.143514,0.110072,0.050447,0.163808
0.031107,0.390442,0.056738,0.033690,0.035387,0.038739,0.319739,0.027689,0.043550,0.022919
0.068490,0.357067,0.069668,0.047144,0.085420,0.082281,0.080536,0.081560,0.060398,0.067437
0.047833,0.058909,0.366546,0.081548,0.034346,0.158629,0.072804,0.048463,0.094221,0.036701
0.068918,0.307361,0.093623,0.084201,0.061508,0.099312,0.071151,0.057807,0.081818,0.074300
0.078416,0.120232,0.083010,0.122179,0.103507,0.129398,0.117157,0.029909,0.075089,0.141102
0.048237,0.227277,0.027932,0.054162,0.095677,0.221831,0.089908,0.046295,0.049411,0.139269
0.064022,0.102060,0.108906,0.110314,0.080481,0.111314,0.104718,0.095787,0.139916,0.082481
0.033434,0.069068,0.341140,0.090302,0.030187,0.091882,0.205766,0.067089,0.040387,0.030747
0.114590,0.084737,0.253362,0.092567,0.052783,0.106483,0.070331,0.053971,0.062839,0.108336
0.054868,0.123543,0.031277,0.124298,0.069222,0.143471,0.228338,0.071438,0.084209,0.069336
0.038131,0.112516,0.047246,0.188629,0.070525,0.059504,0.266519,0.056583,0.116665,0.043681
0.063983,0.099301,0.235464,0.092809,0.079922,0.113949,0.088657,0.067497,0.050830,0.107588
0.053641,0.133553,0.057866,0.039970,0.439241,0.079011,0.041243,0.049185,0.084161,0.022128
0.049544,0.318658,0.099790,0.030566,0.022806,0.071782,0.259289,0.053447,0.068109,0.026009
0.069848,0.310586,0.103818,0.113622,0.083218,0.039932,0.068777,0.080106,0.059307,0.070785
0.048805,0.285978,0.102946,0.098192,0.125899,0.076033,0.096074,0.061769,0.064924,0.039381
0.042874,0.349189,0.093148,0.057047,0.024363,0.059775,0.269153,0.029014,0.041359,0.034079
0.024594,0.038489,0.148894,0.060942,0.422130,0.047211,0.046936,0.055505,0.100546,0.054751
0.034481,0.150992,0.033617,0.154805,0.061992,0.183051,0.128209,0.067097,0.077723,0.108033
