0.048898,0.019413,0.155258,0.019609,0.164293,0.453896,0.008889,0.017056,0.047216,0.065472
0.096008,0.035353,0.071475,0.089214,0.084310,0.100575,0.086341,0.088270,0.262428,0.086027
0.088553,0.095546,0.081579,0.095462,0.100638,0.104231,0.101930,0.150399,0.085034,0.096629
0.049472,0.140344,0.045095,0.150387,0.080771,0.204331,0.172246,0.057852,0.055794,0.043708
0.089472,0.096788,0.082049,0.096971,0.096300,0.102148,0.097785,0.092075,0.150636,0.095775
0.092951,0.089562,0.114323,0.096651,0.089703,0.097983,0.103187,0.095603,0.139119,0.080917
0.015246,0.021815,0.207363,0.020512,0.648988,0.016359,0.024458,0.017540,0.012216,0.015503
0.075230,0.098102,0.103615,0.118697,0.110681,0.097206,0.091603,0.114595,0.069091,0.121179
0.080241,0.096261,0.146992,0.102286,0.084827,0.111462,0.092080,0.083706,0.097702,0.104442
0.061096,0.100475,0.086809,0.085195,0.095824,0.094669,0.102898,0.098622,0.175706,0.098706
0.067702,0.071847,0.057354,0.067985,0.064745,0.397945,0.071592,0.059988,0.065114,0.075729
0.064334,0.082323,0.139423,0.078748,0.286918,0.067468,0.076250,0.061916,0.067526,0.075094
0.082238,0.091774,0.166151,0.089786,0.079133,0.109197,0.095797,0.125651,0.080292,0.079982
0.008344,0.002739,0.190512,0.003192,0.091296,0.675127,0.004491,0.018595,0.002429,0.003277
0.075469,0.083343,0.078046,0.081811,0.084011,0.272294,0.079647,0.086625,0.079789,0.078966
0.057427,0.092499,0.040711,0.139999,0.120689,0.157762,0.152469,0.065531,0.058934,0.113979
0.004296,0.007729,0.324349,0.001610,0.109380,0.416093,0.001924,0.010225,0.122302,0.002092
0.082122,0.080744,0.240223,0.091655,0.075789,0.101027,0.080179,0.070575,0.083456,0.094231
0.082764,0.092557,0.090322,0.111372,0.106835,0.112790,0.104664,0.117977,0.083952,0.096765
0.092489,0.094886,0.094272,0.098671,0.105095,0.113939,0.095796,0.106687,0.095022,0.103142
0.065193,0.047896,0.169775,0.097953,0.132679,0.132502,0.039933,0.138672,0.087820,0.087578
0.101477,0.099686,0.090931,0.105733,0.097387,0.109021,0.110461,0.093519,0.090720,0.101064
0.038608,0.017606,0.112937,0.053797,0.496034,0.046428,0.056410,0.027809,0.053253,0.097119
0.088865,0.096761,0.213721,0.092930,0.068536,0.093073,0.092254,0.085153,0.090021,0.078686
0.015290,0.019314,0.044634,0.014840,0.824395,0.014352,0.020602,0.015251,0.014953,0.016369
0.022028,0.028930,0.332908,0.024741,0.456805,0.020251,0.027094,0.019544,0.034955,0.032746
0.085925,0.092940,0.101770,0.112416,0.097312,0.100962,0.105184,0.104164,0.095771,0.103555
0.094806,0.098636,0.092957,0.108776,0.100964,0.110256,0.096757,0.104429,0.092961,0.099459
0.066574,0.024766,0.738324,0.025749,0.017874,0.020716,0.026544,0.013735,0.041256,0.024462
0.047987,0.035123,0.033167,0.043712,0.069688,0.546769,0.047130,0.042190,0.089664,0.044570
0.108170,0.140634,0.078306,0.098691,0.098007,0.106834,0.097136,0.098124,0.075351,0.098747
0.052447,0.056941,0.479647,0.059919,0.059361,0.063185,0.064177,0.061507,0.048273,0.054543
0.096940,0.107385,0.089792,0.104379,0.115624,0.103568,0.056692,0.093299,0.130566,0.101754
0.104810,0.108010,0.095965,0.111789,0.095861,0.110058,0.115596,0.076142,0.083127,0.098640
0.105470,0.103453,0.157674,0.079449,0.089939,0.084277,0.099985,0.086786,0.089156,0.103810
0.003313,0.004228,0.160458,0.003339,0.810714,0.003518,0.003250,0.002313,0.003717,0.005150
0.058023,0.060895,0.502862,0.052411,0.049640,0.057382,0.049405,0.054908,0.058741,0.055732
0.040833,0.061937,0.191356,0.056798,0.275997,0.068536,0.066419,0.118570,0.048077,0.071476
0.086237,0.086379,0.135229,0.085321,0.197119,0.097265,0.072534,0.077713,0.071929,0.090274
0.003322,0.001871,0.502673,0.002878,0.001840,0.476347,0.003264,0.002557,0.002622,0.002625
0.087317,0.096043,0.083654,0.097023,0.139233,0.108381,0.099505,0.097885,0.098371,0.092587
0.085082,0.094756,0.166765,0.095791,0.100297,0.105565,0.083298,0.086439,0.089955,0.092052
0.006315,0.007622,0.072525,0.006438,0.005937,0.842005,0.006776,0.038656,0.007668,0.006059
0.083900,0.099004,0.087828,0.098963,0.144417,0.113994,0.071848,0.079024,0.119693,0.101327
0.085514,0.087720,0.227125,0.078984,0.073126,0.099888,0.078764,0.079039,0.102173,0.087667
0.099666,0.092184,0.091570,0.096742,0.128785,0.100698,0.100802,0.098541,0.092947,0.098064
0.073608,0.086514,0.080113,0.083804,0.124811,0.258243,0.064714,0.079128,0.066035,0.083029
0.100179,0.094979,0.104670,0.098116,0.108477,0.102468,0.095144,0.104874,0.092623,0.098470
0.010696,0.007189,0.329742,0.011430,0.012955,0.431823,0.012811,0.010320,0.160860,0.012173
0.082913,0.041874,0.162218,0.094168,0.194448,0.127077,0.039405,0.111914,0.060372,0.085612
0.079752,0.110571,0.055240,0.103204,0.103918,0.195881,0.099681,0.084041,0.065794,0.101917
0.104380,0.081467,0.189554,0.090598,0.085778,0.104411,0.074178,0.092586,0.084469,0.092579
0.132114,0.043940,0.073837,0.128344,0.116954,0.131544,0.054934,0.133927,0.064336,0.120069
0.005284,0.002511,0.479007,0.004767,0.003237,0.484010,0.007092,0.004676,0.005282,0.004134
0.034637,0.078199,0.072336,0.071085,0.070836,0.242683,0.044773,0.026762,0.301649,0.057040
0.017281,0.011819,0.076105,0.032484,0.274044,0.463839,0.036919,0.033491,0.022715,0.031303
0.075396,0.096253,0.159062,0.093069,0.092361,0.108900,0.091060,0.094650,0.091050,0.098199
0.000783,0.001993,0.636826,0.000757,0.118573,0.233681,0.001086,0.000561,0.001806,0.003935
0.105514,0.103589,0.098946,0.097852,0.100510,0.099336,0.095852,0.102248,0.108944,0.087209
0.084883,0.063104,0.185742,0.077000,0.062460,0.074028,0.065711,0.255148,0.067333,0.064589
0.073313,0.087411,0.071730,0.081824,0.109860,0.253299,0.084127,0.087715,0.073725,0.076997
0.000429,0.000297,0.205396,0.000208,0.301980,0.490535,0.000269,0.000200,0.000448,0.000238
0.040745,0.035496,0.294265,0.032413,0.031981,0.035179,0.030475,0.030640,0.435433,0.033374
0.089807,0.088867,0.188308,0.089354,0.090689,0.093439,0.096721,0.088909,0.083507,0.090400
0.013019,0.017752,0.363508,0.014344,0.451332,0.045562,0.008548,0.038854,0.013596,0.033485
0.078618,0.112496,0.084248,0.111554,0.096063,0.105785,0.088524,0.098164,0.110428,0.114120
0.075314,0.130324,0.119030,0.103850,0.097380,0.092279,0.102267,0.106018,0.080262,0.093277
0.076884,0.053261,0.174333,0.127459,0.107561,0.112711,0.044477,0.095368,0.091374,0.116571
0.006184,0.003165,0.145350,0.007120,0.046812,0.749261,0.006798,0.024029,0.005180,0.006101
0.059965,0.100378,0.096797,0.116167,0.099630,0.114821,0.121247,0.106409,0.105507,0.079078
0.019040,0.010496,0.231434,0.027255,0.264512,0.333780,0.031155,0.037619,0.022854,0.021855
0.021824,0.029720,0.258599,0.019900,0.409468,0.034816,0.031576,0.020386,0.152038,0.021673
0.090772,0.089314,0.135343,0.097127,0.093487,0.098054,0.098282,0.105863,0.095230,0.096527
0.064054,0.102425,0.071421,0.099922,0.093083,0.168922,0.128300,0.103792,0.092448,0.075634
0.082305,0.087729,0.248113,0.076482,0.070853,0.092165,0.086855,0.075654,0.081944,0.097899
0.082586,0.096468,0.091258,0.090998,0.147031,0.110409,0.095962,0.109088,0.084647,0.091553
0.086735,0.087214,0.080916,0.116941,0.108281,0.107738,0.104890,0.111715,0.089044,0.106526
0.105598,0.089960,0.151203,0.092969,0.086917,0.096505,0.085876,0.101960,0.096130,0.092882
0.054644,0.039715,0.069182,0.131318,0.199172,0.096851,0.045506,0.134054,0.097313,0.132246
0.006742,0.007254,0.291745,0.012652,0.094444,0.008582,0.013114,0.030558,0.526563,0.008346
0.080366,0.082928,0.069382,0.087857,0.116014,0.100198,0.086790,0.216369,0.076043,0.084053
0.068517,0.066443,0.147774,0.066980,0.060945,0.090641,0.079579,0.290718,0.060231,0.068174
0.093755,0.099013,0.090351,0.100659,0.098884,0.103280,0.103520,0.106486,0.098418,0.105635
0.081856,0.090119,0.085978,0.099182,0.106253,0.100027,0.111219,0.132557,0.084328,0.108480
0.083345,0.104871,0.098540,0.093125,0.107469,0.121545,0.094149,0.125470,0.086949,0.084536
0.109048,0.046476,0.099281,0.102521,0.109775,0.178127,0.041799,0.109594,0.093242,0.110136
0.087644,0.097508,0.093772,0.100561,0.108187,0.101603,0.101072,0.108220,0.110484,0.090951
0.053128,0.087305,0.074512,0.103001,0.087335,0.092106,0.102398,0.084711,0.206999,0.108505
0.055177,0.140035,0.067961,0.107009,0.107671,0.105548,0.103921,0.089962,0.104154,0.118564
0.024031,0.018175,0.208105,0.021370,0.498979,0.029135,0.024912,0.021719,0.119282,0.034292
0.070333,0.133466,0.097044,0.110691,0.095611,0.105265,0.097167,0.115517,0.084357,0.090548
0.052545,0.099864,0.433618,0.051445,0.059919,0.072433,0.070496,0.063060,0.046708,0.049912
0.017806,0.022830,0.173008,0.021971,0.368715,0.301158,0.029248,0.021056,0.021725,0.022483
0.128433,0.053040,0.073886,0.112645,0.120383,0.131181,0.045432,0.113504,0.094661,0.126836
0.090101,0.077643,0.172594,0.056348,0.274020,0.076721,0.071685,0.065117,0.050460,0.065310
0.080463,0.091346,0.085735,0.098068,0.093453,0.097143,0.099777,0.155383,0.105808,0.092826
0.078901,0.053751,0.156931,0.064353,0.054217,0.084161,0.072618,0.298798,0.055252,0.081019
0.095897,0.122120,0.171801,0.089213,0.086461,0.093972,0.084696,0.082479,0.081134,0.092226
0.073081,0.114798,0.075478,0.099483,0.108516,0.111314,0.100389,0.103318,0.116615,0.097006
0.092333,0.096010,0.101177,0.099659,0.102451,0.111334,0.101991,0.091533,0.106936,0.096575
0.074099,0.046371,0.106580,0.120690,0.171090,0.133475,0.045308,0.073192,0.108262,0.120932
0.106090,0.089453,0.077338,0.097403,0.135524,0.096277,0.106660,0.120263,0.070133,0.100860
0.080676,0.087994,0.192133,0.086186,0.075339,0.091866,0.095523,0.096987,0.110681,0.082615
0.044527,0.075765,0.128325,0.044279,0.041949,0.051984,0.049918,0.039073,0.475725,0.048455
0.003677,0.003853,0.213192,0.002279,0.073411,0.551390,0.004797,0.003777,0.140218,0.003407
0.097499,0.102805,0.085650,0.112198,0.100530,0.110765,0.090323,0.117325,0.082247,0.100658
0.014122,0.011408,0.052688,0.023130,0.403669,0.295140,0.052732,0.034619,0.074626,0.037866
0.052170,0.035251,0.331194,0.087710,0.093397,0.101125,0.045922,0.079469,0.086653,0.087109
0.060584,0.077772,0.085811,0.072527,0.068802,0.077327,0.082711,0.064675,0.335135,0.074657
0.062391,0.035866,0.167132,0.073121,0.360730,0.061456,0.069833,0.052997,0.057725,0.058750
0.000735,0.000818,0.301229,0.000880,0.206858,0.486030,0.000737,0.000642,0.000922,0.001150
0.070500,0.116419,0.182939,0.086869,0.079424,0.093017,0.093249,0.097267,0.090709,0.089608
0.069069,0.071456,0.399607,0.062429,0.054864,0.074021,0.059900,0.056628,0.067482,0.084545
0.039468,0.075974,0.178838,0.039079,0.377824,0.087602,0.015006,0.036630,0.037765,0.111813
0.007623,0.002520,0.495139,0.003087,0.002977,0.418669,0.003799,0.002989,0.058318,0.004880
0.094231,0.090190,0.184420,0.094411,0.091390,0.099072,0.087443,0.077199,0.093860,0.087785
0.054687,0.049220,0.046104,0.054852,0.076621,0.475552,0.058043,0.052522,0.077276,0.055123
0.065649,0.071176,0.058767,0.065046,0.064577,0.389218,0.072499,0.065235,0.077861,0.069972
0.071745,0.077272,0.063883,0.071938,0.067683,0.366813,0.073629,0.067294,0.068348,0.071396
0.072551,0.058506,0.052625,0.073138,0.075661,0.370778,0.078894,0.064036,0.077542,0.076269
0.094425,0.099408,0.093377,0.100587,0.099504,0.115133,0.096079,0.102244,0.100597,0.098646
0.103706,0.091240,0.079946,0.094534,0.093345,0.107584,0.100222,0.092825,0.143419,0.093179
0.076633,0.090015,0.148159,0.097015,0.099371,0.105738,0.099783,0.089503,0.098976,0.094808
0.102673,0.093420,0.077867,0.094036,0.097067,0.107324,0.088633,0.102163,0.142197,0.094621
0.112931,0.105374,0.075966,0.102501,0.104317,0.114305,0.124915,0.090444,0.064451,0.104796
0.068801,0.083446,0.062580,0.083746,0.085616,0.299595,0.074936,0.079455,0.077213,0.084613
0.025757,0.010341,0.107659,0.038090,0.191927,0.460070,0.036709,0.043323,0.023821,0.062302
0.014704,0.022592,0.321654,0.009978,0.184933,0.387406,0.026292,0.007690,0.014860,0.009891
0.097631,0.094637,0.098791,0.096371,0.102288,0.107117,0.103074,0.113290,0.086154,0.100647
0.001914,0.003050,0.551004,0.002193,0.001220,0.433148,0.002109,0.001252,0.002642,0.001467
0.038141,0.055651,0.176784,0.046878,0.430039,0.056396,0.024824,0.063001,0.043097,0.065189
0.058056,0.016022,0.178247,0.042023,0.357873,0.044580,0.069777,0.054507,0.112436,0.066477
0.079061,0.099337,0.075929,0.114330,0.101811,0.093699,0.105133,0.118204,0.113582,0.098914
0.012840,0.014210,0.138141,0.012732,0.012102,0.761770,0.009128,0.011470,0.009911,0.017696
0.071304,0.086824,0.072316,0.082575,0.081120,0.284092,0.080166,0.080909,0.072005,0.088690
0.008829,0.004640,0.167482,0.005941,0.006631,0.743389,0.008240,0.039382,0.007113,0.008353
0.004548,0.017618,0.105759,0.017920,0.552809,0.159840,0.014753,0.012952,0.101906,0.011894
0.105490,0.056527,0.196298,0.112006,0.098140,0.076974,0.056697,0.109562,0.086519,0.101786
0.112350,0.040556,0.089452,0.126767,0.149106,0.116488,0.044363,0.135486,0.050580,0.134852
0.086380,0.099300,0.081904,0.107141,0.140426,0.107892,0.091852,0.099375,0.100851,0.084879
0.003267,0.003562,0.138240,0.003187,0.002447,0.836669,0.003124,0.001986,0.003165,0.004352
0.098066,0.032754,0.155209,0.101958,0.084584,0.103669,0.041304,0.098212,0.168895,0.115349
0.047275,0.053558,0.044000,0.049004,0.066712,0.423664,0.053121,0.047929,0.162273,0.052465
0.073471,0.090849,0.139357,0.086006,0.205705,0.085870,0.063758,0.080044,0.083993,0.090947
0.073404,0.062615,0.315142,0.077654,0.067956,0.070630,0.076276,0.119190,0.055936,0.081198
0.066397,0.078151,0.140198,0.078980,0.226034,0.081961,0.087060,0.087401,0.066704,0.087114
0.084568,0.082329,0.117567,0.086101,0.083919,0.083558,0.084372,0.087931,0.194271,0.095384
0.010161,0.009182,0.130460,0.009296,0.008377,0.754971,0.007909,0.051603,0.008287,0.009754
0.061528,0.092678,0.091743,0.112113,0.106182,0.174867,0.067308,0.120857,0.073630,0.099095
0.085527,0.083640,0.082486,0.087390,0.084409,0.229436,0.089975,0.086753,0.079843,0.090543
0.081593,0.091482,0.085751,0.109572,0.143175,0.095645,0.097484,0.103435,0.079081,0.112782
0.089274,0.087947,0.080681,0.104524,0.133740,0.104946,0.091520,0.139737,0.074750,0.092881
0.086122,0.095157,0.126232,0.097052,0.090757,0.101360,0.095143,0.097759,0.099775,0.110644
0.079017,0.108465,0.076542,0.118565,0.131206,0.100402,0.113217,0.099003,0.085679,0.087903
0.078658,0.044191,0.236462,0.088792,0.101884,0.116700,0.040919,0.119077,0.067695,0.105621
0.024906,0.017053,0.119652,0.021960,0.659215,0.044576,0.037444,0.024041,0.028835,0.022318
0.053247,0.052291,0.347496,0.055653,0.040668,0.044211,0.053481,0.037720,0.261676,0.053556
0.000351,0.000284,0.052297,0.000228,0.742437,0.196648,0.000240,0.000198,0.006724,0.000594
0.095361,0.098140,0.090185,0.100321,0.105303,0.103031,0.100196,0.117608,0.089671,0.100186
0.008101,0.006709,0.139995,0.007303,0.006795,0.795602,0.005932,0.005581,0.015467,0.008516
0.086653,0.096091,0.086970,0.102854,0.096939,0.113899,0.097472,0.103908,0.110878,0.104335
0.084429,0.104189,0.079838,0.116518,0.125871,0.102384,0.087079,0.116081,0.071705,0.111904
0.076887,0.073157,0.069287,0.073671,0.073166,0.321663,0.077747,0.074569,0.082548,0.077304
0.083884,0.096876,0.089896,0.098465,0.100394,0.109179,0.092667,0.143266,0.088945,0.096428
0.107876,0.099410,0.083724,0.113851,0.127749,0.107289,0.103486,0.073751,0.077957,0.104909
0.039659,0.057246,0.152764,0.060369,0.438278,0.062024,0.027029,0.056061,0.053130,0.053440
0.062961,0.033384,0.147068,0.083548,0.099597,0.094876,0.035272,0.067578,0.302374,0.073343
0.077076,0.050143,0.171860,0.125190,0.107607,0.118282,0.041121,0.107738,0.079846,0.121138
0.079229,0.095742,0.092517,0.097465,0.145978,0.103976,0.095744,0.109593,0.091649,0.088108
0.075075,0.075771,0.067283,0.080154,0.073908,0.328266,0.078391,0.072048,0.071628,0.077474
0.078193,0.098668,0.098302,0.103218,0.101043,0.096521,0.098367,0.091882,0.148927,0.084878
0.051060,0.107784,0.064845,0.137671,0.119841,0.118410,0.094259,0.082631,0.096405,0.127095
0.010013,0.020018,0.045010,0.017887,0.832184,0.015372,0.016115,0.014111,0.015177,0.014112
0.089294,0.091901,0.184994,0.088561,0.085712,0.085978,0.093176,0.083561,0.102287,0.094536
0.016585,0.022800,0.523498,0.021504,0.246600,0.049988,0.023415,0.055632,0.016695,0.023282
0.065769,0.067691,0.134831,0.074185,0.192768,0.097267,0.088276,0.067568,0.136631,0.075012
0.104101,0.054129,0.192445,0.119462,0.113006,0.125827,0.046458,0.059330,0.063955,0.121287
0.099036,0.099260,0.168609,0.077327,0.095591,0.101977,0.102865,0.094900,0.069697,0.090740
0.068236,0.070223,0.213902,0.064423,0.058547,0.061121,0.070581,0.065218,0.256727,0.071023
0.036408,0.014606,0.203102,0.072088,0.147624,0.322868,0.019837,0.055395,0.048818,0.079254
0.091749,0.102244,0.078946,0.092694,0.095507,0.091804,0.099748,0.161146,0.090103,0.096057
0.011689,0.005691,0.282550,0.012393,0.010003,0.616678,0.007965,0.009645,0.010390,0.032995
0.103207,0.098627,0.086370,0.096790,0.101544,0.111876,0.114622,0.118959,0.066106,0.101901
0.051230,0.042950,0.557263,0.040873,0.022161,0.026294,0.038262,0.124747,0.033467,0.062754
0.088211,0.101772,0.090853,0.098202,0.100523,0.113519,0.103390,0.112048,0.087943,0.103539
0.042717,0.077302,0.051585,0.104630,0.095776,0.248722,0.104546,0.071246,0.089863,0.113613
0.032351,0.041795,0.039053,0.046980,0.443705,0.221678,0.058684,0.043545,0.022227,0.049983
0.065549,0.086266,0.058290,0.088701,0.113286,0.311236,0.054251,0.075260,0.071799,0.075363
0.086239,0.087814,0.086607,0.091657,0.089309,0.100403,0.093121,0.191686,0.081837,0.091326
0.116615,0.109328,0.079260,0.118574,0.111817,0.115136,0.074777,0.106662,0.067692,0.100138
0.085836,0.103729,0.088184,0.104696,0.132988,0.114393,0.069536,0.125210,0.063200,0.112229
0.082630,0.109037,0.102206,0.108113,0.104147,0.110857,0.111807,0.094304,0.078380,0.098518
0.075435,0.042262,0.155509,0.118797,0.118432,0.123683,0.052297,0.123792,0.095524,0.094270
0.085588,0.110878,0.082340,0.107308,0.099261,0.113671,0.102122,0.092661,0.103499,0.102673
0.017275,0.017392,0.211004,0.026683,0.629360,0.019987,0.027890,0.014750,0.015655,0.020004
0.066233,0.063167,0.204193,0.074119,0.059271,0.081655,0.071706,0.050188,0.260825,0.068643
0.076730,0.091302,0.077207,0.090792,0.096361,0.241077,0.066613,0.100066,0.078379,0.081471
0.056297,0.056382,0.055791,0.062804,0.094024,0.384038,0.064537,0.109656,0.054126,0.062347
0.003878,0.002271,0.125032,0.002461,0.751842,0.001972,0.002064,0.001578,0.106393,0.002510
0.089550,0.091107,0.072441,0.099513,0.114111,0.101592,0.072364,0.104294,0.157260,0.097766
0.001883,0.001520,0.512369,0.001863,0.002306,0.466881,0.002810,0.002032,0.002709,0.005628
0.093451,0.098098,0.089698,0.102913,0.106800,0.116052,0.106769,0.099909,0.088404,0.097906
0.086641,0.095277,0.083635,0.104709,0.148089,0.102238,0.080720,0.111393,0.100572,0.086727
0.084652,0.089536,0.084119,0.088241,0.093508,0.096922,0.092914,0.203041,0.077473,0.089594
0.017331,0.006419,0.334844,0.024330,0.143523,0.384848,0.027391,0.010244,0.013807,0.037262
0.002556,0.002628,0.143881,0.002332,0.808694,0.002125,0.003055,0.002035,0.029973,0.002722
0.088172,0.088148,0.109129,0.077590,0.076104,0.086977,0.080803,0.084487,0.207385,0.101206
0.059613,0.045089,0.356979,0.086274,0.092824,0.091382,0.032614,0.080364,0.057171,0.097690
0.022416,0.024347,0.056386,0.035496,0.706461,0.028745,0.032528,0.029117,0.028148,0.036355
0.042359,0.047778,0.037306,0.050690,0.088927,0.518978,0.053744,0.050985,0.056549,0.052683
0.051118,0.062165,0.353090,0.065765,0.051038,0.054797,0.062149,0.145730,0.098955,0.055192
0.059651,0.107773,0.302047,0.077313,0.075156,0.075180,0.074240,0.071414,0.079994,0.077232
0.078896,0.084937,0.079525,0.103476,0.137113,0.106117,0.098961,0.119873,0.091017,0.100085
0.086714,0.089258,0.091721,0.091417,0.091582,0.202171,0.086777,0.058855,0.118855,0.082651
0.057362,0.070495,0.056978,0.074410,0.065971,0.263132,0.082185,0.047425,0.209820,0.072222
0.079082,0.096060,0.171031,0.078000,0.081910,0.108871,0.097479,0.088759,0.106766,0.092041
0.085277,0.097740,0.091621,0.114105,0.102916,0.114209,0.093877,0.104767,0.090208,0.105280
0.019204,0.009596,0.012210,0.015441,0.020627,0.027001,0.019827,0.046177,0.808999,0.020919
0.089973,0.098140,0.070085,0.092763,0.097814,0.094012,0.110713,0.155752,0.092858,0.097890
0.092291,0.095656,0.203249,0.086700,0.077242,0.080518,0.098121,0.086896,0.083038,0.096290
0.087188,0.094617,0.160377,0.088374,0.096427,0.097886,0.092659,0.089573,0.100069,0.092830
0.059017,0.070606,0.228555,0.066879,0.235908,0.074258,0.072632,0.064706,0.056267,0.071172
0.037951,0.040828,0.288989,0.068039,0.373272,0.043702,0.011971,0.032304,0.035730,0.067213
0.070622,0.035869,0.134864,0.103190,0.130086,0.157455,0.043193,0.106172,0.091179,0.127371
0.101827,0.123341,0.045911,0.119410,0.106773,0.165418,0.113447,0.050103,0.098832,0.074939
0.090713,0.093345,0.084517,0.095172,0.143116,0.110734,0.089994,0.102286,0.094735,0.095389
0.013660,0.008452,0.352132,0.019191,0.238265,0.008989,0.008188,0.035135,0.303721,0.012268
0.053117,0.088965,0.079094,0.090694,0.088867,0.238837,0.093055,0.100626,0.078494,0.088253
0.084944,0.119425,0.043032,0.113321,0.108407,0.146193,0.122873,0.102589,0.069975,0.089243
0.088842,0.086736,0.095456,0.097393,0.127298,0.106638,0.106607,0.114292,0.087726,0.089012
0.102512,0.097672,0.086783,0.096128,0.126282,0.105158,0.120899,0.098516,0.083110,0.082939
0.067876,0.077074,0.128121,0.082245,0.188533,0.095943,0.102547,0.069266,0.090809,0.097586
0.011795,0.012845,0.412725,0.011834,0.494936,0.011266,0.006357,0.009675,0.010130,0.018438
0.086251,0.099835,0.125227,0.097835,0.089841,0.099307,0.105027,0.099977,0.088334,0.108365
0.066688,0.080345,0.348817,0.070572,0.058059,0.089938,0.083084,0.054758,0.072796,0.074945
0.051449,0.043212,0.285295,0.057558,0.288033,0.055199,0.058468,0.057980,0.044212,0.058593
0.078115,0.097900,0.078168,0.103256,0.102116,0.100501,0.101951,0.105789,0.114739,0.117465
0.079563,0.100243,0.080924,0.112313,0.129805,0.103640,0.063621,0.110446,0.114506,0.104940
0.002396,0.003713,0.269420,0.001800,0.029225,0.647501,0.001994,0.002016,0.035318,0.006618
0.102656,0.097275,0.099569,0.112039,0.101204,0.114565,0.094113,0.097617,0.085811,0.095151
0.068508,0.099256,0.125782,0.100324,0.091255,0.089132,0.150835,0.094216,0.086213,0.094479
0.091278,0.096520,0.099524,0.109727,0.102354,0.101129,0.093810,0.113086,0.097163,0.095410
0.079176,0.092109,0.091062,0.094858,0.142135,0.094811,0.087995,0.125975,0.078204,0.113675
0.062398,0.136306,0.121944,0.109136,0.089676,0.105269,0.093439,0.111771,0.075850,0.094211
0.025185,0.022940,0.164617,0.028039,0.221311,0.412544,0.035056,0.049256,0.019574,0.021478
0.074264,0.082013,0.186206,0.084068,0.073659,0.074179,0.090632,0.085606,0.167493,0.081881
0.099757,0.094515,0.092045,0.099660,0.136046,0.100636,0.098068,0.098563,0.085399,0.095310
0.089720,0.114735,0.108022,0.110613,0.095586,0.117897,0.120036,0.068721,0.079991,0.094681
0.064417,0.042434,0.223024,0.095431,0.115035,0.116289,0.055182,0.114936,0.067603,0.105649
0.083960,0.094752,0.087175,0.109852,0.134077,0.098438,0.091566,0.097951,0.089922,0.112306
0.056188,0.067586,0.046817,0.066883,0.074542,0.421916,0.050636,0.057848,0.093978,0.063605
0.023741,0.121581,0.107214,0.115978,0.097304,0.207120,0.115813,0.022461,0.079498,0.109289
0.033158,0.030205,0.161361,0.031719,0.268884,0.358979,0.036702,0.028625,0.023744,0.026623
0.094631,0.086717,0.142613,0.090612,0.082750,0.105815,0.097001,0.086810,0.127300,0.085751
0.069210,0.091072,0.078192,0.092089,0.093272,0.186833,0.106575,0.096158,0.101711,0.084889
0.050626,0.113844,0.111434,0.115129,0.100558,0.113379,0.120709,0.065645,0.102997,0.105677
0.109414,0.114764,0.073923,0.101216,0.129376,0.107315,0.093973,0.099279,0.077812,0.092928
0.088018,0.084198,0.101827,0.104204,0.129119,0.114746,0.112498,0.109296,0.069316,0.086780
0.015488,0.011550,0.123676,0.015504,0.013464,0.754513,0.017789,0.014600,0.015394,0.018021
0.111432,0.034585,0.238537,0.049510,0.193053,0.063760,0.052654,0.149973,0.058480,0.048015
0.098776,0.105290,0.109446,0.110005,0.093278,0.105790,0.104454,0.084223,0.088046,0.100692
0.068144,0.013209,0.454423,0.050557,0.184416,0.059309,0.047840,0.040825,0.035423,0.045852
0.054160,0.013819,0.489552,0.024816,0.162837,0.073707,0.063591,0.061397,0.023483,0.032639
0.072970,0.074447,0.075446,0.081882,0.078452,0.288605,0.082336,0.080634,0.083996,0.081232
0.082009,0.034557,0.167170,0.090556,0.187129,0.093938,0.038057,0.080852,0.154201,0.071533
0.075183,0.038565,0.070639,0.138108,0.151291,0.137051,0.041592,0.140549,0.122704,0.084317
0.037518,0.016334,0.309458,0.048203,0.276713,0.075716,0.043381,0.042109,0.038639,0.111930
0.076487,0.077995,0.086468,0.116283,0.135183,0.115101,0.100119,0.120132,0.072772,0.099460
0.050231,0.084840,0.516953,0.051657,0.040029,0.051074,0.044493,0.043739,0.049065,0.067919
0.110029,0.042424,0.097936,0.115578,0.107784,0.184687,0.051873,0.112642,0.088420,0.088626
0.076205,0.121071,0.078948,0.113345,0.101277,0.110538,0.098113,0.117315,0.082373,0.100816
0.024526,0.028978,0.157958,0.023847,0.631950,0.022149,0.032045,0.024311,0.027237,0.026999
0.002999,0.000397,0.228876,0.000542,0.367403,0.384822,0.000267,0.000180,0.012989,0.001526
0.086725,0.100972,0.096694,0.096102,0.143373,0.106988,0.090257,0.094063,0.087329,0.097497
0.046738,0.015940,0.154334,0.022115,0.308967,0.032400,0.062522,0.026100,0.289778,0.041105
0.072328,0.069198,0.060878,0.070812,0.116388,0.330670,0.072963,0.073774,0.066505,0.066482
0.002131,0.002669,0.584723,0.002408,0.002293,0.395502,0.003209,0.001711,0.003501,0.001853
0.075523,0.043682,0.173794,0.112536,0.110031,0.127479,0.039895,0.127406,0.072125,0.117531
0.036843,0.032149,0.251441,0.032211,0.030632,0.034615,0.040095,0.029743,0.482541,0.029730
0.092161,0.094234,0.081495,0.098789,0.137390,0.114802,0.108721,0.099549,0.078249,0.094608
0.000406,0.001557,0.679847,0.001902,0.144182,0.169577,0.001372,0.000277,0.000646,0.000236
0.049505,0.087561,0.119633,0.077421,0.074969,0.232751,0.098817,0.094691,0.073723,0.090930
0.086409,0.091576,0.086804,0.103510,0.129079,0.109988,0.099732,0.108932,0.090880,0.093089
0.074117,0.118538,0.086964,0.099541,0.128082,0.111382,0.092425,0.115149,0.077551,0.096251
0.074714,0.075096,0.053477,0.072207,0.071259,0.363054,0.077931,0.072539,0.060914,0.078809
0.050288,0.063392,0.160676,0.066415,0.149299,0.063710,0.069136,0.250224,0.057381,0.069477
0.085808,0.096499,0.139053,0.105895,0.091792,0.093344,0.108123,0.087732,0.095911,0.095842
0.086632,0.097758,0.091665,0.113627,0.104471,0.102122,0.105544,0.107281,0.093612,0.097286
0.065315,0.077176,0.188520,0.078368,0.067276,0.090257,0.083858,0.205063,0.064174,0.079992
0.055369,0.069652,0.176300,0.060249,0.233977,0.053788,0.068786,0.167405,0.055700,0.058773
0.101235,0.100268,0.082902,0.091737,0.135764,0.104939,0.098314,0.097690,0.095412,0.091739
0.004874,0.006042,0.340363,0.004603,0.615970,0.006283,0.005993,0.004450,0.005045,0.006375
0.015232,0.015900,0.218794,0.014515,0.012274,0.667551,0.013088,0.012326,0.015574,0.014747
0.100752,0.096224,0.081797,0.106338,0.144236,0.096317,0.098442,0.102310,0.080713,0.092873
0.065463,0.048167,0.241216,0.058651,0.262584,0.076098,0.067834,0.064161,0.055983,0.059842
0.068286,0.062406,0.433182,0.055451,0.051787,0.068417,0.064894,0.055328,0.066772,0.073477
0.094811,0.100323,0.193628,0.072877,0.080919,0.095079,0.096515,0.089538,0.092840,0.083471
0.086354,0.081128,0.079817,0.094484,0.091018,0.230639,0.083282,0.086555,0.081777,0.084947
0.070188,0.105123,0.082682,0.102955,0.116274,0.119277,0.089356,0.123183,0.076944,0.114018
0.088278,0.076751,0.187192,0.088854,0.076674,0.093557,0.089710,0.093474,0.102082,0.103426
0.010749,0.001655,0.235705,0.001292,0.139014,0.581103,0.001752,0.001267,0.026306,0.001157
0.100159,0.096492,0.087847,0.098462,0.102235,0.101755,0.104164,0.112349,0.097020,0.099517
0.069394,0.082056,0.052208,0.076138,0.129909,0.315789,0.050069,0.079118,0.077010,0.068308
0.089031,0.101117,0.093422,0.103220,0.098463,0.101846,0.100826,0.114942,0.093034,0.104099
0.084306,0.095421,0.091618,0.112854,0.101658,0.110144,0.092331,0.116565,0.092067,0.103036
0.003932,0.003787,0.302442,0.005526,0.502710,0.006968,0.004165,0.003455,0.160903,0.006114
0.068652,0.108834,0.042694,0.129470,0.117676,0.132631,0.118948,0.077892,0.113419,0.089785
0.069372,0.080281,0.068437,0.079031,0.074805,0.332186,0.075096,0.069920,0.075230,0.075640
0.079172,0.085921,0.134013,0.091040,0.132969,0.096465,0.093462,0.085532,0.100230,0.101196
0.079782,0.099765,0.147195,0.097859,0.096923,0.094761,0.106802,0.092191,0.086696,0.098026
0.076820,0.094937,0.093221,0.105194,0.098671,0.096398,0.144535,0.094294,0.098681,0.097250
0.100666,0.098243,0.191011,0.085638,0.083848,0.098507,0.093541,0.079882,0.082931,0.085733
0.020468,0.027361,0.202296,0.024625,0.586675,0.023731,0.029922,0.022257,0.023686,0.038978
0.092174,0.057870,0.105542,0.145197,0.142295,0.125786,0.060781,0.045723,0.056742,0.167890
0.031916,0.033156,0.205186,0.037174,0.463093,0.056386,0.038026,0.072463,0.031772,0.030828
0.085224,0.095718,0.089150,0.101953,0.134578,0.109503,0.097348,0.104857,0.084123,0.097545
0.052031,0.078190,0.122985,0.077567,0.334947,0.073032,0.069840,0.074642,0.055187,0.061580
0.003622,0.002985,0.167299,0.004088,0.802339,0.003280,0.004392,0.003824,0.004402,0.003769
0.091445,0.075656,0.343666,0.065609,0.050113,0.083504,0.066657,0.050016,0.095764,0.077571
0.088442,0.094581,0.091247,0.094966,0.135715,0.108434,0.090876,0.104109,0.090486,0.101145
0.078802,0.084921,0.075685,0.083480,0.078394,0.271556,0.081964,0.076618,0.079836,0.088744
0.092446,0.094597,0.093347,0.103920,0.104340,0.110680,0.104774,0.098400,0.100282,0.097213
0.089132,0.095898,0.083392,0.106458,0.097550,0.105177,0.096111,0.143272,0.090381,0.092629
0.040552,0.010803,0.115749,0.010306,0.005676,0.747572,0.006252,0.049864,0.006050,0.007176
0.085457,0.109645,0.074650,0.084053,0.086872,0.229195,0.086705,0.088508,0.067080,0.087834
0.083275,0.098161,0.107185,0.106806,0.099186,0.111047,0.093400,0.089164,0.098199,0.113578
0.077235,0.096623,0.086848,0.116635,0.106585,0.115199,0.101063,0.120047,0.074528,0.105237
0.022863,0.009217,0.482522,0.055990,0.274754,0.027428,0.008559,0.031955,0.029797,0.056914
0.075143,0.098399,0.166027,0.088877,0.086238,0.104639,0.127229,0.082263,0.072371,0.098815
0.049579,0.051992,0.284978,0.044044,0.041648,0.056386,0.048581,0.043044,0.338404,0.041342
0.109709,0.099346,0.088592,0.100805,0.105050,0.103312,0.101196,0.099089,0.094868,0.098033
0.077220,0.076526,0.372768,0.075489,0.060539,0.081156,0.064636,0.054367,0.073713,0.063586
0.000247,0.000117,0.233354,0.000237,0.560628,0.204514,0.000194,0.000091,0.000086,0.000532
0.074110,0.065315,0.179279,0.074750,0.206085,0.072391,0.098634,0.080394,0.072341,0.076701
0.031973,0.017082,0.402199,0.014272,0.394170,0.026586,0.020647,0.015052,0.044316,0.033702
0.024679,0.030825,0.232688,0.020768,0.566257,0.023112,0.030180,0.024631,0.023465,0.023393
0.100468,0.103072,0.138525,0.094910,0.092575,0.099953,0.097933,0.080353,0.092187,0.100025
0.071629,0.083383,0.074070,0.098086,0.084780,0.103724,0.093706,0.217031,0.085249,0.088341
0.004126,0.006384,0.243511,0.003636,0.002834,0.669393,0.004954,0.003236,0.054851,0.007076
0.096061,0.102031,0.095706,0.103489,0.104053,0.111013,0.105069,0.097601,0.089675,0.095302
0.033334,0.116613,0.044042,0.102581,0.071408,0.294279,0.116795,0.086323,0.078600,0.056025
0.058287,0.033117,0.219376,0.059868,0.049678,0.047398,0.022511,0.046062,0.407230,0.056473
0.077174,0.083039,0.229642,0.086271,0.084274,0.089971,0.091239,0.093443,0.075373,0.089575
0.077965,0.103244,0.086144,0.116645,0.109300,0.112175,0.100419,0.117306,0.074693,0.102109
0.043365,0.026607,0.145187,0.041356,0.554118,0.033505,0.044598,0.040311,0.034138,0.036815
0.054853,0.104588,0.206062,0.066110,0.060926,0.064993,0.067117,0.063490,0.254019,0.057842
0.103632,0.103965,0.062684,0.106397,0.100986,0.174028,0.109476,0.061862,0.091949,0.085020
0.077408,0.099189,0.076715,0.094892,0.100786,0.105279,0.132923,0.128185,0.085522,0.099102
0.091690,0.099288,0.093171,0.108562,0.128746,0.098326,0.101791,0.111717,0.074099,0.092611
0.088478,0.094671,0.154409,0.094783,0.083035,0.108183,0.100036,0.096851,0.084926,0.094628
0.098744,0.090849,0.093075,0.098107,0.143596,0.104236,0.098222,0.100241,0.086564,0.086366
0.078942,0.088590,0.245694,0.080158,0.078303,0.077263,0.110413,0.079105,0.065669,0.095862
0.110013,0.050702,0.234163,0.099573,0.103251,0.104044,0.040399,0.098629,0.093432,0.065793
0.118743,0.081809,0.156078,0.085773,0.126073,0.086958,0.092924,0.076934,0.082475,0.092233
0.030313,0.110546,0.051179,0.117207,0.101402,0.169274,0.051956,0.100215,0.186489,0.081419
0.076408,0.113103,0.086199,0.096207,0.139206,0.108836,0.100530,0.090664,0.087724,0.101124
0.001143,0.001411,0.032294,0.001472,0.000791,0.438701,0.001782,0.010140,0.511227,0.001039
0.105504,0.139716,0.071583,0.101232,0.094747,0.093313,0.097445,0.117810,0.083390,0.095259
0.060687,0.033889,0.101299,0.045612,0.041531,0.045553,0.037890,0.041591,0.551097,0.040851
0.071982,0.068463,0.173025,0.080132,0.190738,0.082345,0.083483,0.089663,0.079353,0.080814
0.080706,0.096275,0.086943,0.107546,0.144378,0.094999,0.097974,0.112126,0.082396,0.096657
0.010069,0.009020,0.152715,0.006459,0.629186,0.011259,0.011648,0.007477,0.154081,0.008086
0.046164,0.046199,0.111037,0.037199,0.040383,0.048183,0.044515,0.044108,0.527880,0.054331
0.006908,0.005893,0.137678,0.004250,0.004830,0.809092,0.008111,0.006023,0.012084,0.005130
0.066209,0.066318,0.053626,0.066731,0.064606,0.394067,0.073231,0.064050,0.076180,0.074981
0.082743,0.098896,0.087380,0.101673,0.095077,0.186910,0.116930,0.067423,0.059992,0.102976
0.086254,0.071307,0.328007,0.078121,0.078835,0.090777,0.067717,0.066393,0.065101,0.067487
0.016358,0.013558,0.079832,0.047657,0.280477,0.388350,0.011258,0.045061,0.083808,0.033641
0.065485,0.070516,0.051627,0.065869,0.060152,0.393860,0.062374,0.091257,0.065394,0.073467
0.052459,0.048432,0.418102,0.048989,0.056595,0.052030,0.067514,0.134654,0.047010,0.074216
0.009689,0.000880,0.245164,0.001499,0.211638,0.526424,0.001350,0.001070,0.001017,0.001270
0.081145,0.087791,0.161774,0.095022,0.089713,0.092316,0.115303,0.099765,0.077323,0.099848
0.085134,0.095273,0.117839,0.100638,0.098008,0.105879,0.103791,0.091104,0.097120,0.105214
0.087715,0.093787,0.152086,0.098390,0.083229,0.102043,0.100433,0.089173,0.089399,0.103744
0.095685,0.096224,0.097722,0.098102,0.102888,0.113871,0.094915,0.102856,0.097171,0.100566
0.007999,0.006571,0.227857,0.008155,0.007335,0.706546,0.009607,0.008039,0.009936,0.007957
0.077600,0.076088,0.152659,0.080375,0.078599,0.089085,0.088316,0.209004,0.068036,0.080237
0.080361,0.102405,0.080587,0.108055,0.110408,0.099947,0.072997,0.123322,0.094086,0.127832
0.065344,0.052162,0.359615,0.062029,0.060080,0.079099,0.070731,0.132193,0.060942,0.057805
0.031149,0.047182,0.293769,0.039565,0.040104,0.041922,0.027193,0.063167,0.378742,0.037207
0.094354,0.102841,0.092115,0.109130,0.105289,0.099923,0.095653,0.103207,0.096632,0.100856
0.004884,0.002804,0.181446,0.002354,0.052153,0.568439,0.001256,0.017121,0.160127,0.009415
0.090287,0.100844,0.098370,0.106262,0.125302,0.107391,0.081533,0.094226,0.094448,0.101337
0.014993,0.010210,0.449891,0.006415,0.004497,0.471898,0.002813,0.027557,0.006133,0.005592
0.062971,0.066379,0.129067,0.086592,0.281553,0.085849,0.054549,0.081754,0.070987,0.080298
0.001191,0.001339,0.446238,0.001392,0.172412,0.346250,0.001325,0.000610,0.027864,0.001378
0.075736,0.052553,0.069700,0.130459,0.131669,0.135331,0.054355,0.143652,0.081399,0.125147
0.043706,0.020565,0.356275,0.091780,0.199596,0.062808,0.021667,0.062096,0.046008,0.095498
0.057421,0.076401,0.407242,0.058406,0.067718,0.061656,0.071167,0.066626,0.076929,0.056433
0.086750,0.079431,0.179648,0.099699,0.084530,0.100877,0.086352,0.092880,0.088134,0.101700
0.060423,0.093876,0.187644,0.089530,0.087379,0.081174,0.144566,0.084432,0.079775,0.091202
0.082998,0.093905,0.086338,0.103711,0.109216,0.110677,0.105457,0.101363,0.100491,0.105844
0.063214,0.036391,0.084652,0.125258,0.190327,0.132586,0.036130,0.127389,0.087326,0.116727
0.064271,0.096712,0.063696,0.090056,0.085255,0.261242,0.097063,0.091972,0.072449,0.077284
0.065310,0.036449,0.094071,0.115260,0.108431,0.092476,0.038636,0.115990,0.222541,0.110837
0.084179,0.096288,0.091777,0.098757,0.103332,0.110360,0.100379,0.113995,0.086821,0.114113
0.068772,0.022396,0.052899,0.096542,0.103121,0.407553,0.022160,0.073946,0.057908,0.094702
0.005040,0.006300,0.096409,0.006872,0.017662,0.006087,0.009033,0.025428,0.820242,0.006925
0.070198,0.083894,0.065309,0.084999,0.105121,0.297046,0.067541,0.075737,0.068680,0.081474
0.006568,0.007223,0.351730,0.006571,0.602764,0.005092,0.003251,0.005348,0.006175,0.005277
0.048941,0.056026,0.326356,0.065402,0.270736,0.048438,0.027128,0.051211,0.046069,0.059693
0.108539,0.127434,0.069244,0.095493,0.093783,0.107040,0.098621,0.106711,0.090591,0.102544
0.100113,0.106447,0.075071,0.112856,0.098106,0.109567,0.098472,0.118600,0.086348,0.094421
0.080202,0.102980,0.141154,0.089689,0.085183,0.096699,0.104455,0.091776,0.107648,0.100213
0.087549,0.060940,0.421184,0.063881,0.054919,0.053774,0.066026,0.062613,0.072636,0.056477
0.036149,0.069329,0.584481,0.038111,0.025605,0.034773,0.046968,0.034498,0.067301,0.062784
0.051085,0.025976,0.246985,0.042867,0.121803,0.048763,0.049002,0.071396,0.292594,0.049528
0.067398,0.125939,0.160237,0.090631,0.078179,0.102085,0.090458,0.105820,0.092447,0.086805
0.096073,0.094418,0.118474,0.102356,0.100723,0.110221,0.093699,0.096784,0.091574,0.095679
0.031092,0.036739,0.058919,0.030989,0.367453,0.300860,0.015532,0.045068,0.083407,0.029939
0.079583,0.106659,0.077333,0.104738,0.135242,0.106002,0.085091,0.111219,0.103250,0.090882
0.085752,0.085832,0.079409,0.099917,0.088181,0.099378,0.086382,0.208446,0.080982,0.085722
0.078943,0.091283,0.187350,0.089658,0.114922,0.098243,0.089969,0.085694,0.073996,0.089943
0.069589,0.085178,0.287776,0.076786,0.072170,0.080761,0.092014,0.066371,0.077863,0.091493
0.030063,0.006524,0.432887,0.007473,0.486619,0.007536,0.008574,0.004643,0.004955,0.010726
0.002387,0.001843,0.026080,0.002482,0.001898,0.002587,0.003347,0.019433,0.935758,0.004185
0.010637,0.012225,0.311703,0.006704,0.006656,0.577610,0.008602,0.043417,0.009736,0.012710
0.073377,0.104781,0.296581,0.071598,0.068100,0.087859,0.079147,0.062110,0.072800,0.083646
0.108300,0.093627,0.090706,0.112616,0.107457,0.113110,0.106095,0.087215,0.084979,0.095894
0.068656,0.061332,0.046302,0.059962,0.062778,0.452356,0.065341,0.057708,0.056113,0.069452
0.104783,0.096522,0.051732,0.108839,0.100734,0.170109,0.117114,0.040764,0.097471,0.111932
0.043214,0.068278,0.073178,0.111141,0.110725,0.189875,0.115029,0.116505,0.073860,0.098195
0.069339,0.057663,0.259209,0.064381,0.232392,0.075710,0.053765,0.059440,0.062910,0.065190
0.071858,0.080109,0.168594,0.086891,0.089267,0.082809,0.090758,0.087245,0.152312,0.090157
0.075037,0.084931,0.086904,0.093587,0.090732,0.235376,0.081929,0.087125,0.077871,0.086509
0.106490,0.043082,0.065604,0.124127,0.168197,0.122285,0.048635,0.122271,0.084127,0.115183
0.101731,0.093051,0.100971,0.115539,0.102559,0.101926,0.095237,0.114404,0.084905,0.089677
0.006038,0.006532,0.057658,0.008542,0.004943,0.830658,0.007891,0.059308,0.007804,0.010626
0.102589,0.120109,0.080145,0.091979,0.124349,0.105238,0.100575,0.107880,0.068013,0.099122
0.080052,0.093863,0.086240,0.090651,0.159835,0.105386,0.096414,0.118305,0.076385,0.092869
0.099371,0.138639,0.105571,0.100373,0.096902,0.088307,0.099942,0.083295,0.095334,0.092266
0.077069,0.091431,0.086101,0.093460,0.136788,0.096561,0.100615,0.115537,0.090584,0.111854
0.052615,0.052829,0.549200,0.047330,0.036730,0.051316,0.040749,0.046992,0.070344,0.051895
0.097245,0.091882,0.151920,0.093485,0.090776,0.098510,0.103004,0.085318,0.087129,0.100731
0.092226,0.105932,0.078248,0.105964,0.106297,0.110314,0.113010,0.085112,0.094243,0.108654
0.048453,0.147311,0.058337,0.153394,0.144211,0.143866,0.087489,0.051168,0.098739,0.067031
0.099654,0.085469,0.178615,0.089205,0.092248,0.092695,0.097410,0.087606,0.088424,0.088672
0.005057,0.002522,0.025343,0.008305,0.510786,0.290492,0.010236,0.003949,0.136926,0.006384
0.073105,0.052837,0.247554,0.114480,0.098852,0.097738,0.051864,0.095168,0.058199,0.110203
0.083147,0.088244,0.063374,0.076245,0.081093,0.275452,0.087981,0.088838,0.070096,0.085529
0.057006,0.058623,0.053202,0.067893,0.092154,0.412521,0.064536,0.060893,0.065190,0.067982
0.070347,0.054332,0.195124,0.101233,0.105985,0.119192,0.043724,0.111349,0.087965,0.110748
0.019940,0.019405,0.087946,0.020589,0.566455,0.015956,0.017788,0.017531,0.208882,0.025507
0.089300,0.114134,0.106956,0.101447,0.094976,0.108606,0.112303,0.093633,0.087028,0.091618
