0.041369,0.017743,0.173179,0.016125,0.157275,0.467173,0.007768,0.012428,0.037920,0.069019
0.072809,0.036557,0.076727,0.084995,0.087791,0.123488,0.093039,0.086968,0.257390,0.080237
0.086600,0.092486,0.077772,0.093836,0.098385,0.105423,0.098224,0.168341,0.082215,0.096717
0.082234,0.129006,0.053935,0.128010,0.088125,0.161908,0.138126,0.079111,0.079000,0.060546
0.087358,0.097619,0.079234,0.098081,0.095503,0.102545,0.096585,0.091062,0.153801,0.098211
0.087946,0.082954,0.147524,0.091482,0.083044,0.092044,0.087828,0.086967,0.159909,0.080301
0.019871,0.023017,0.366314,0.019772,0.475648,0.018492,0.024844,0.018601,0.016627,0.016813
0.068207,0.093845,0.100793,0.118300,0.107633,0.096602,0.111325,0.114486,0.071152,0.117657
0.080521,0.116362,0.154773,0.092827,0.084088,0.104285,0.091756,0.084162,0.092886,0.098338
0.070879,0.091647,0.101068,0.081149,0.088247,0.085519,0.106985,0.087117,0.196186,0.091202
0.071779,0.071901,0.060072,0.068327,0.066963,0.379250,0.071986,0.061898,0.070650,0.077173
0.061544,0.081939,0.146171,0.079645,0.260204,0.072833,0.075563,0.069597,0.077802,0.074700
0.073342,0.087781,0.182012,0.097248,0.081891,0.108111,0.090769,0.126823,0.071818,0.080206
0.004808,0.003934,0.213426,0.004857,0.043511,0.687566,0.006341,0.027799,0.003574,0.004183
0.077033,0.086071,0.080676,0.085977,0.086978,0.241836,0.085350,0.090209,0.081984,0.083887
0.074145,0.101961,0.041854,0.129740,0.116557,0.136180,0.139634,0.076904,0.070532,0.112493
0.006601,0.008869,0.300785,0.003617,0.092604,0.429858,0.004780,0.014237,0.136386,0.002262
0.081397,0.078590,0.251243,0.085472,0.074044,0.093806,0.078028,0.070513,0.088853,0.098053
0.079508,0.092953,0.088827,0.113757,0.106624,0.112597,0.102534,0.122299,0.082331,0.098570
0.090703,0.094394,0.093413,0.098060,0.104643,0.114065,0.097217,0.109142,0.093406,0.104956
0.059728,0.057637,0.171175,0.103313,0.126462,0.127666,0.051508,0.135373,0.084857,0.082282
0.103051,0.091491,0.134634,0.093311,0.090280,0.100545,0.099791,0.085428,0.098863,0.102605
0.031268,0.011142,0.156698,0.042921,0.489894,0.045480,0.048411,0.023919,0.049944,0.100324
0.084234,0.094579,0.197636,0.092470,0.073793,0.103568,0.093041,0.092120,0.086169,0.082391
0.016146,0.020142,0.079492,0.015100,0.788474,0.014185,0.020719,0.015313,0.016189,0.014240
0.058493,0.069982,0.348203,0.057364,0.152658,0.053044,0.061692,0.053934,0.070751,0.073878
0.078273,0.093027,0.101712,0.117870,0.097495,0.101530,0.103796,0.108015,0.094071,0.104211
0.090341,0.098828,0.092817,0.109680,0.102410,0.113679,0.097963,0.104342,0.092727,0.097212
0.067854,0.048768,0.536521,0.051864,0.041541,0.052443,0.053535,0.031915,0.061702,0.053857
0.059180,0.048089,0.048192,0.058804,0.073702,0.427214,0.061335,0.056080,0.107731,0.059672
0.106642,0.147600,0.080160,0.095443,0.096733,0.107835,0.094829,0.098226,0.073016,0.099515
0.050827,0.057946,0.476504,0.056890,0.058035,0.068637,0.061126,0.063407,0.050157,0.056471
0.090676,0.101756,0.084863,0.105110,0.108287,0.103066,0.066843,0.093189,0.144580,0.101631
0.098275,0.097525,0.133001,0.098960,0.089256,0.101026,0.102130,0.075579,0.102060,0.102187
0.090237,0.101441,0.157874,0.085426,0.093680,0.088208,0.102797,0.089217,0.087477,0.103642
0.003764,0.004305,0.189984,0.003281,0.779006,0.003937,0.003422,0.002193,0.003983,0.006126
0.064212,0.068751,0.439210,0.058992,0.056285,0.070630,0.058030,0.065443,0.058589,0.059857
0.041046,0.063043,0.229351,0.059113,0.239867,0.071729,0.066475,0.114525,0.043629,0.071222
0.086937,0.083281,0.135462,0.082558,0.208369,0.100051,0.072983,0.076104,0.067103,0.087154
0.006124,0.003593,0.476075,0.005207,0.003421,0.485977,0.005445,0.004574,0.005215,0.004369
0.085337,0.096585,0.084893,0.098967,0.140061,0.113418,0.098646,0.103416,0.087554,0.091123
0.078611,0.093971,0.175585,0.093901,0.099490,0.108110,0.091469,0.082344,0.084591,0.091927
0.006905,0.007814,0.097153,0.007231,0.006701,0.807476,0.008082,0.044038,0.007629,0.006970
0.071231,0.099133,0.088049,0.102287,0.138186,0.114282,0.089830,0.074183,0.122944,0.099875
0.091209,0.087409,0.218999,0.079971,0.075711,0.097060,0.080068,0.081275,0.103080,0.085217
0.091604,0.093334,0.092458,0.096759,0.133631,0.101564,0.101515,0.102641,0.090766,0.095728
0.070908,0.085257,0.077657,0.080174,0.148468,0.239266,0.073754,0.077710,0.064588,0.082217
0.101428,0.094046,0.103979,0.096668,0.107928,0.103238,0.097627,0.107536,0.087471,0.100079
0.013408,0.009755,0.317845,0.013058,0.016303,0.427158,0.016607,0.012598,0.158483,0.014786
0.077833,0.056770,0.157165,0.104761,0.154383,0.130646,0.054373,0.114563,0.068366,0.081140
0.094322,0.104229,0.064215,0.094582,0.095352,0.184105,0.096265,0.083038,0.086163,0.097730
0.076408,0.082717,0.176280,0.105149,0.091681,0.106974,0.081114,0.103395,0.079669,0.096611
0.122540,0.072010,0.073808,0.120346,0.108977,0.124650,0.092547,0.123475,0.054602,0.107046
0.008393,0.003890,0.463636,0.007164,0.005119,0.481600,0.010048,0.006367,0.006877,0.006907
0.033435,0.054439,0.101813,0.045322,0.046509,0.316483,0.034996,0.031546,0.289853,0.045604
0.015235,0.009994,0.096294,0.025588,0.309358,0.425742,0.032367,0.038800,0.019240,0.027381
0.074912,0.103957,0.160294,0.090396,0.094059,0.108720,0.093930,0.093041,0.085248,0.095442
0.001207,0.002235,0.548283,0.001261,0.173149,0.263328,0.001530,0.000919,0.002209,0.005880
0.104966,0.104837,0.098727,0.097704,0.100187,0.099289,0.091056,0.105738,0.113297,0.084200
0.064829,0.064615,0.206935,0.074802,0.062112,0.079048,0.068659,0.246559,0.066719,0.065722
0.072120,0.088705,0.074778,0.081854,0.109957,0.220556,0.105667,0.092257,0.073320,0.080785
0.001106,0.000843,0.219425,0.000785,0.073467,0.700953,0.000872,0.000815,0.000950,0.000785
0.049464,0.042805,0.286672,0.040760,0.041433,0.048102,0.040028,0.039180,0.372153,0.039402
0.094621,0.089269,0.176585,0.088729,0.089243,0.092059,0.094504,0.093948,0.088034,0.093007
0.017049,0.027358,0.346074,0.022686,0.412155,0.057150,0.013904,0.047064,0.019055,0.037506
0.073944,0.108775,0.083716,0.114403,0.095360,0.106518,0.088976,0.099138,0.114702,0.114469
0.072318,0.135750,0.114691,0.107497,0.097343,0.092898,0.099484,0.106551,0.079137,0.094330
0.071355,0.057255,0.172161,0.122920,0.105413,0.114810,0.053013,0.098382,0.094714,0.109977
0.007720,0.005411,0.151295,0.009851,0.050476,0.717639,0.009590,0.031590,0.008146,0.008282
0.069260,0.093821,0.103746,0.109966,0.092981,0.108500,0.131384,0.098737,0.108430,0.083175
0.024395,0.006130,0.288581,0.018830,0.213315,0.364284,0.022837,0.020125,0.024387,0.017116
0.018626,0.024896,0.313917,0.018597,0.342390,0.039515,0.026140,0.018566,0.178983,0.018371
0.087902,0.086698,0.155738,0.098355,0.090927,0.098072,0.093153,0.103186,0.092397,0.093572
0.064227,0.104912,0.071804,0.102236,0.091221,0.135418,0.141993,0.105680,0.101235,0.081275
0.086530,0.085384,0.239350,0.081494,0.069851,0.090964,0.085024,0.074847,0.086570,0.099986
0.076539,0.091931,0.093705,0.092000,0.152345,0.108342,0.095152,0.116116,0.081053,0.092817
0.083646,0.086908,0.082302,0.121038,0.107419,0.108473,0.107937,0.111233,0.086435,0.104607
0.087668,0.091869,0.154086,0.091889,0.091073,0.100590,0.090802,0.109515,0.088635,0.093871
0.059430,0.058759,0.072893,0.121926,0.176844,0.100745,0.071214,0.132394,0.073740,0.132057
0.006808,0.007465,0.300096,0.010104,0.070412,0.009647,0.013143,0.036581,0.538087,0.007657
0.085079,0.083691,0.071411,0.087595,0.117252,0.102982,0.086836,0.216910,0.074136,0.074108
0.059873,0.062728,0.214519,0.063091,0.056818,0.085954,0.072514,0.266215,0.053818,0.064472
0.092469,0.100034,0.090403,0.100157,0.100248,0.104379,0.104420,0.107105,0.093056,0.107730
0.073557,0.112873,0.087456,0.099642,0.105645,0.101100,0.108845,0.124145,0.080049,0.106688
0.079731,0.097526,0.118761,0.091456,0.098768,0.113832,0.106934,0.117613,0.086719,0.088660
0.109887,0.056779,0.101893,0.104083,0.106080,0.176220,0.052875,0.109606,0.077474,0.105103
0.082200,0.097936,0.092258,0.100482,0.108156,0.102842,0.101543,0.111765,0.114091,0.088726
0.065797,0.079875,0.094217,0.089455,0.078888,0.081514,0.098900,0.077972,0.232935,0.100448
0.067875,0.159638,0.083210,0.094795,0.099282,0.095817,0.096127,0.090710,0.101032,0.111513
0.029032,0.014559,0.320245,0.015291,0.354631,0.035314,0.021741,0.018615,0.146791,0.043781
0.062814,0.153690,0.094811,0.109670,0.092133,0.103647,0.094556,0.117516,0.079328,0.091835
0.056636,0.085918,0.409855,0.057150,0.065397,0.076861,0.072540,0.068421,0.051897,0.055325
0.017131,0.016254,0.236561,0.013171,0.261191,0.379731,0.019656,0.014215,0.025411,0.016679
0.125630,0.057594,0.077041,0.112787,0.116713,0.130546,0.055960,0.108396,0.092997,0.122334
0.086808,0.095352,0.159431,0.083667,0.126196,0.103725,0.095561,0.092868,0.074540,0.081852
0.072715,0.092223,0.085646,0.099249,0.094905,0.096965,0.097845,0.152889,0.112731,0.094833
0.061709,0.055726,0.195070,0.065556,0.056408,0.085714,0.072963,0.283467,0.053791,0.069596
0.073993,0.141239,0.168067,0.088106,0.087954,0.098018,0.087439,0.089680,0.072972,0.092530
0.061287,0.135112,0.076938,0.097281,0.106417,0.109545,0.098145,0.102253,0.119534,0.093488
0.084654,0.096617,0.101640,0.098504,0.104446,0.115170,0.102313,0.085545,0.111897,0.099214
0.070407,0.057424,0.110953,0.122909,0.165771,0.132964,0.062341,0.067662,0.082793,0.126776
0.104261,0.101544,0.075852,0.098118,0.131411,0.094768,0.103969,0.121422,0.071452,0.097204
0.077179,0.088140,0.191175,0.088846,0.078271,0.096795,0.096552,0.105531,0.091725,0.085785
0.053796,0.073065,0.165932,0.052070,0.048106,0.062782,0.055760,0.043769,0.390230,0.054490
0.008054,0.007397,0.159825,0.005708,0.039918,0.590793,0.008786,0.007295,0.165777,0.006447
0.097393,0.103044,0.082147,0.112524,0.101219,0.109911,0.092478,0.121721,0.078381,0.101181
0.012382,0.008660,0.075769,0.011614,0.347640,0.354753,0.041162,0.021965,0.090300,0.035756
0.052952,0.042155,0.323149,0.085683,0.090568,0.098456,0.054144,0.074981,0.087893,0.090020
0.064025,0.063185,0.102539,0.062870,0.057569,0.066649,0.067653,0.061525,0.382940,0.071046
0.068843,0.031025,0.218565,0.072753,0.289632,0.069657,0.070365,0.063362,0.060114,0.055684
0.002963,0.003272,0.258072,0.003474,0.058089,0.660991,0.003071,0.002331,0.003410,0.004326
0.066045,0.116110,0.187847,0.087974,0.078006,0.092814,0.088593,0.099730,0.095961,0.086920
0.079602,0.075197,0.341541,0.066681,0.062064,0.079977,0.067485,0.063267,0.071574,0.092612
0.044139,0.070004,0.189440,0.047376,0.339601,0.092239,0.017488,0.045923,0.045184,0.108607
0.006340,0.004295,0.450281,0.004956,0.004791,0.425784,0.006223,0.004364,0.086397,0.006571
0.091090,0.087754,0.190717,0.093351,0.091280,0.103691,0.089068,0.075838,0.086874,0.090335
0.064673,0.057952,0.053526,0.061835,0.078794,0.409364,0.065626,0.062092,0.081455,0.064683
0.069148,0.072284,0.061209,0.067983,0.067557,0.366549,0.073758,0.069902,0.079157,0.072453
0.074579,0.080073,0.070533,0.076499,0.074148,0.318475,0.076623,0.076687,0.073606,0.078777
0.071841,0.065623,0.052467,0.071327,0.073253,0.371626,0.075573,0.073296,0.071247,0.073746
0.087135,0.100189,0.094322,0.102333,0.101222,0.115321,0.099547,0.107655,0.098156,0.094119
0.105099,0.092598,0.075716,0.094965,0.093299,0.108518,0.099162,0.093946,0.143130,0.093567
0.069954,0.088041,0.153624,0.097331,0.097805,0.109923,0.096406,0.091274,0.103310,0.092332
0.094015,0.093981,0.074515,0.094775,0.097107,0.107954,0.092413,0.102073,0.145860,0.097306
0.107116,0.095420,0.076186,0.096578,0.099374,0.110451,0.152968,0.092025,0.069748,0.100135
0.068968,0.081214,0.063756,0.080489,0.082826,0.294856,0.084231,0.079522,0.078948,0.085189
0.027959,0.012399,0.117512,0.036422,0.213187,0.400423,0.046046,0.049670,0.036253,0.060130
0.016870,0.019169,0.308656,0.012523,0.198784,0.379904,0.021993,0.009034,0.021258,0.011807
0.097163,0.094449,0.096583,0.092440,0.100614,0.106351,0.114737,0.115317,0.081567,0.100780
0.003743,0.003545,0.542123,0.002567,0.001640,0.435583,0.002991,0.001572,0.004153,0.002082
0.043757,0.066360,0.159737,0.056653,0.384954,0.064517,0.045258,0.068797,0.054707,0.055261
0.058787,0.018332,0.191302,0.048034,0.331186,0.047903,0.067197,0.053912,0.117524,0.065823
0.072050,0.097882,0.075349,0.113495,0.099764,0.093220,0.116237,0.120243,0.115899,0.095861
0.012123,0.012144,0.158962,0.011356,0.010977,0.751781,0.008297,0.009859,0.009274,0.015227
0.075423,0.089764,0.073752,0.082841,0.082079,0.267719,0.082014,0.080259,0.076375,0.089775
0.013135,0.007181,0.190027,0.008881,0.009059,0.690837,0.010918,0.050131,0.008535,0.011296
0.004528,0.013426,0.192841,0.012877,0.370046,0.253975,0.011809,0.008702,0.123411,0.008384
0.109203,0.052743,0.202175,0.113445,0.094699,0.075002,0.057660,0.108283,0.080299,0.106491
0.102529,0.051919,0.087685,0.113137,0.139908,0.115213,0.060565,0.125212,0.083024,0.120809
0.075200,0.100947,0.081751,0.108886,0.146900,0.108245,0.087300,0.104509,0.106328,0.079933
0.003998,0.004253,0.123611,0.003440,0.003070,0.846356,0.003905,0.002524,0.003609,0.005235
0.093872,0.036379,0.180025,0.093329,0.076671,0.099728,0.044541,0.092323,0.163686,0.119446
0.047929,0.057414,0.046912,0.052355,0.072608,0.416717,0.056533,0.052436,0.141948,0.055148
0.072481,0.096964,0.141649,0.101416,0.137059,0.093735,0.081626,0.090356,0.086074,0.098640
0.072725,0.064623,0.292036,0.084074,0.070001,0.071514,0.087142,0.122404,0.057123,0.078359
0.069607,0.085797,0.147662,0.085549,0.150814,0.095214,0.092140,0.102017,0.075406,0.095794
0.082812,0.076822,0.139739,0.078239,0.076729,0.076821,0.079872,0.080284,0.216162,0.092519
0.008981,0.007703,0.173685,0.008282,0.006831,0.726920,0.006636,0.047608,0.006516,0.006840
0.062876,0.104297,0.083950,0.117552,0.112689,0.138263,0.078732,0.124726,0.069419,0.107496
0.083593,0.084158,0.082513,0.086976,0.084731,0.230223,0.088259,0.085468,0.083266,0.090814
0.075917,0.091787,0.084256,0.113334,0.152055,0.094737,0.095504,0.103005,0.076325,0.113080
0.089944,0.087537,0.078974,0.105121,0.137768,0.104038,0.088561,0.143772,0.073507,0.090777
0.084017,0.092625,0.143386,0.093715,0.087835,0.097764,0.093461,0.099054,0.103407,0.104735
0.073623,0.101922,0.078235,0.115993,0.120887,0.098528,0.147453,0.101373,0.077686,0.084299
0.060789,0.056759,0.224189,0.098197,0.099032,0.117969,0.055983,0.119137,0.063747,0.104197
0.032009,0.013933,0.151424,0.024253,0.604199,0.053815,0.040604,0.026270,0.029718,0.023775
0.066571,0.062309,0.270572,0.064736,0.052723,0.056919,0.062913,0.047583,0.252976,0.062697
0.003468,0.003051,0.155180,0.002575,0.084130,0.694936,0.002922,0.002134,0.047200,0.004404
0.087639,0.099460,0.091244,0.101462,0.105621,0.103948,0.097043,0.121886,0.089274,0.102423
0.007709,0.006843,0.166096,0.007386,0.006615,0.773751,0.005520,0.005449,0.011911,0.008722
0.086247,0.096890,0.085708,0.102626,0.096797,0.113612,0.093387,0.106609,0.113710,0.104414
0.073062,0.101865,0.077661,0.118052,0.117282,0.100144,0.110206,0.116375,0.076630,0.108722
0.074485,0.074395,0.069075,0.074343,0.073967,0.318140,0.078295,0.076411,0.083087,0.077802
0.078434,0.094768,0.088007,0.097609,0.099607,0.109930,0.095132,0.152152,0.087050,0.097311
0.105101,0.093888,0.085080,0.113822,0.126088,0.107193,0.123466,0.066790,0.076484,0.102088
0.051046,0.063574,0.218087,0.060943,0.342083,0.073799,0.024639,0.057763,0.057987,0.050081
0.058469,0.039714,0.156027,0.079314,0.083695,0.093371,0.040496,0.065728,0.311761,0.071425
0.065335,0.059755,0.172412,0.119664,0.102815,0.120444,0.052646,0.108301,0.078944,0.119684
0.074656,0.092213,0.095570,0.097471,0.153105,0.106434,0.095946,0.115662,0.077514,0.091431
0.075673,0.074447,0.066617,0.078017,0.073397,0.330035,0.076193,0.072743,0.074740,0.078138
0.075277,0.092882,0.108501,0.095731,0.094041,0.089718,0.096223,0.086798,0.175745,0.085084
0.060607,0.106945,0.072646,0.120394,0.099669,0.121114,0.108109,0.087064,0.109703,0.113749
0.013381,0.016895,0.087724,0.014987,0.793068,0.015064,0.015520,0.011978,0.012612,0.018770
0.088385,0.085940,0.209869,0.088508,0.082955,0.082752,0.086465,0.084837,0.100898,0.089392
0.019626,0.027139,0.450552,0.027247,0.283638,0.049650,0.026879,0.066512,0.021706,0.027051
0.070345,0.084173,0.145916,0.085907,0.124544,0.105853,0.096201,0.074458,0.125959,0.086644
0.101658,0.057389,0.201381,0.109058,0.103083,0.117417,0.056848,0.075885,0.069740,0.107542
0.099174,0.097784,0.168737,0.079495,0.093358,0.101758,0.105959,0.090373,0.072585,0.090777
0.070890,0.070856,0.205090,0.064965,0.059201,0.061628,0.069588,0.065438,0.258381,0.073963
0.034246,0.015614,0.204887,0.062451,0.163933,0.319881,0.021879,0.050443,0.046604,0.080062
0.094313,0.103151,0.078696,0.091701,0.097602,0.093815,0.098832,0.165408,0.081148,0.095334
0.015883,0.008019,0.280549,0.015371,0.013690,0.590894,0.011527,0.013160,0.013730,0.037176
0.098181,0.094018,0.085655,0.094567,0.095387,0.110039,0.136071,0.120121,0.067459,0.098502
0.055124,0.058226,0.421905,0.057808,0.036519,0.041717,0.053312,0.153288,0.053403,0.068698
0.082722,0.099274,0.091433,0.099731,0.103082,0.113327,0.102621,0.117527,0.085493,0.104791
0.049149,0.089703,0.059169,0.100546,0.098111,0.200295,0.102992,0.090862,0.093712,0.115462
0.021981,0.030031,0.032073,0.029251,0.566557,0.201722,0.038848,0.024406,0.017604,0.037528
0.071278,0.092157,0.071497,0.099190,0.118985,0.210887,0.084445,0.087399,0.082990,0.081170
0.083154,0.087483,0.085553,0.090155,0.087945,0.100205,0.088803,0.202617,0.084471,0.089613
0.111136,0.106914,0.076872,0.119399,0.108589,0.111467,0.095120,0.103338,0.067688,0.099476
0.080509,0.104398,0.087521,0.106176,0.126940,0.114828,0.083887,0.129168,0.055131,0.111442
0.081659,0.103450,0.107463,0.099816,0.094887,0.103575,0.132533,0.096413,0.082790,0.097416
0.067578,0.062886,0.148023,0.114307,0.112635,0.119003,0.074055,0.120101,0.094434,0.086979
0.098270,0.097875,0.134140,0.092982,0.088977,0.101601,0.091633,0.097343,0.093894,0.103286
0.015140,0.015203,0.305138,0.022282,0.551490,0.017783,0.024145,0.013777,0.016492,0.018551
0.070148,0.063107,0.201113,0.065801,0.057582,0.076606,0.067901,0.052156,0.279866,0.065719
0.075339,0.092087,0.078578,0.090372,0.096702,0.222002,0.083354,0.101767,0.079096,0.080703
0.050633,0.050106,0.048446,0.055864,0.124349,0.403691,0.056953,0.104932,0.048367,0.056659
0.002773,0.002703,0.149228,0.002609,0.729349,0.002555,0.002800,0.001966,0.102811,0.003206
0.084593,0.090716,0.071290,0.099675,0.108764,0.101469,0.081800,0.103651,0.158370,0.099671
0.003380,0.003013,0.437554,0.003780,0.003761,0.528343,0.004511,0.003980,0.004103,0.007576
0.089973,0.099519,0.090286,0.103516,0.107013,0.116608,0.106444,0.100866,0.089868,0.095907
0.083927,0.093240,0.080583,0.106306,0.149208,0.103484,0.077468,0.116334,0.103805,0.085644
0.081686,0.087067,0.082976,0.085761,0.092704,0.098788,0.091545,0.211806,0.077126,0.090542
0.019362,0.007590,0.318846,0.016767,0.165902,0.375952,0.023643,0.013166,0.013779,0.044994
0.003034,0.002612,0.173862,0.002320,0.775939,0.002331,0.002873,0.002097,0.032068,0.002866
0.087581,0.082309,0.143739,0.071354,0.071691,0.082185,0.076883,0.078143,0.207912,0.098201
0.056695,0.052631,0.329046,0.087890,0.095757,0.094670,0.038898,0.086081,0.060224,0.098109
0.033305,0.027742,0.132557,0.035497,0.590307,0.028992,0.036582,0.028397,0.034446,0.052174
0.060912,0.069627,0.059524,0.072735,0.097983,0.342788,0.075884,0.073847,0.072569,0.074130
0.061530,0.076697,0.318493,0.072423,0.062734,0.064011,0.066996,0.144599,0.070776,0.061742
0.052302,0.116803,0.288724,0.073617,0.077157,0.075546,0.072648,0.074981,0.089590,0.078630
0.072843,0.101131,0.080166,0.101313,0.133858,0.106589,0.102056,0.124488,0.074688,0.102868
0.083544,0.079884,0.101407,0.078574,0.078913,0.197815,0.080266,0.060950,0.155230,0.083415
0.079867,0.074497,0.075696,0.074056,0.072885,0.224642,0.080727,0.056688,0.191694,0.069248
0.079378,0.098155,0.162816,0.084998,0.083702,0.108519,0.097920,0.089787,0.101447,0.093279
0.082818,0.097053,0.090633,0.116021,0.103288,0.114875,0.097641,0.108696,0.083231,0.105745
0.014767,0.007401,0.008925,0.010714,0.015426,0.022430,0.014347,0.046208,0.846024,0.013758
0.071834,0.098182,0.070957,0.092950,0.099470,0.094213,0.133831,0.150007,0.091022,0.097534
0.100239,0.094475,0.178131,0.086661,0.079171,0.080964,0.096697,0.084847,0.093453,0.105360
0.085039,0.092600,0.169698,0.087562,0.095911,0.098049,0.094761,0.086679,0.094422,0.095280
0.063431,0.096858,0.213306,0.075047,0.160944,0.089682,0.081630,0.080426,0.059512,0.079164
0.034947,0.037877,0.297434,0.044769,0.408213,0.044228,0.012903,0.033661,0.035186,0.050781
0.072574,0.042188,0.141138,0.106451,0.117693,0.147004,0.050755,0.106055,0.091813,0.124329
0.112545,0.118471,0.046618,0.117853,0.110965,0.129312,0.111053,0.046862,0.110593,0.095727
0.079422,0.094975,0.085248,0.096949,0.151565,0.112256,0.091793,0.108788,0.080787,0.098217
0.020178,0.012753,0.326357,0.019884,0.200215,0.015245,0.013422,0.044729,0.331690,0.015526
0.059155,0.096850,0.069103,0.096775,0.093940,0.189120,0.098540,0.104663,0.092801,0.099053
0.101321,0.111750,0.049992,0.104416,0.103589,0.127000,0.113899,0.099032,0.093551,0.095451
0.072595,0.093442,0.097740,0.100118,0.127518,0.109514,0.105533,0.122790,0.086501,0.084248
0.105935,0.097518,0.090933,0.096271,0.121602,0.107186,0.112804,0.100996,0.085303,0.081452
0.066665,0.076215,0.133109,0.083602,0.194830,0.098701,0.093151,0.065587,0.094311,0.093828
0.016287,0.012958,0.423243,0.011780,0.468272,0.013776,0.005587,0.010264,0.013017,0.024817
0.092133,0.095450,0.139478,0.094525,0.087390,0.095948,0.099349,0.096130,0.091616,0.107983
0.088606,0.080087,0.295725,0.072530,0.064614,0.090779,0.084736,0.063244,0.074690,0.084990
0.080791,0.067069,0.229821,0.085821,0.137949,0.083160,0.080352,0.091096,0.068296,0.075645
0.066798,0.096663,0.078167,0.100951,0.100377,0.099679,0.117482,0.106963,0.116988,0.115932
0.081913,0.100088,0.078301,0.109760,0.122857,0.102434,0.072176,0.110330,0.115981,0.106160
0.002817,0.004063,0.269857,0.002007,0.024991,0.637105,0.002302,0.002400,0.046981,0.007476
0.089003,0.098196,0.101566,0.114646,0.102130,0.114434,0.097998,0.100065,0.083502,0.098461
0.064452,0.095902,0.146330,0.103292,0.090764,0.087266,0.149943,0.096676,0.077246,0.088129
0.085948,0.096960,0.100807,0.111799,0.102686,0.101102,0.096894,0.118721,0.094205,0.090878
0.076104,0.091698,0.092816,0.092678,0.141427,0.095607,0.092761,0.123284,0.077816,0.115808
0.058749,0.134176,0.138645,0.112586,0.087612,0.103172,0.085044,0.112362,0.072885,0.094769
0.027097,0.025525,0.179247,0.031152,0.222209,0.377150,0.036447,0.053046,0.023217,0.024910
0.076647,0.088765,0.190213,0.087292,0.078017,0.078298,0.091176,0.091743,0.133603,0.084245
0.100673,0.094565,0.090501,0.098863,0.141418,0.101437,0.093425,0.098673,0.083309,0.097138
0.082586,0.103953,0.131411,0.101788,0.089032,0.107548,0.132033,0.075411,0.081698,0.094539
0.054915,0.060136,0.201339,0.093211,0.114552,0.115759,0.076056,0.113317,0.070755,0.099960
0.076492,0.095054,0.085242,0.115488,0.145597,0.098579,0.094809,0.099266,0.076448,0.113025
0.057672,0.067798,0.046874,0.067301,0.069104,0.408950,0.053529,0.061788,0.100457,0.066527
0.041876,0.101912,0.125250,0.098280,0.089730,0.224643,0.097142,0.038110,0.084860,0.098197
0.024503,0.022395,0.195691,0.023170,0.235908,0.408181,0.029197,0.020730,0.019010,0.021215
0.095355,0.088842,0.147877,0.089315,0.084931,0.106322,0.096731,0.086608,0.116836,0.087182
0.066428,0.087422,0.078017,0.088255,0.089755,0.177564,0.130849,0.092994,0.102785,0.085932
0.058951,0.100100,0.151445,0.099679,0.090765,0.103648,0.123785,0.072107,0.103576,0.095944
0.107023,0.132363,0.076243,0.099765,0.127716,0.107233,0.087924,0.100279,0.065194,0.096260
0.084925,0.101055,0.101648,0.103849,0.125565,0.116962,0.110143,0.108487,0.063686,0.083680
0.018726,0.014596,0.133127,0.018308,0.015320,0.724796,0.020334,0.017322,0.016453,0.021018
0.073639,0.043991,0.281707,0.054280,0.152270,0.071641,0.054816,0.159550,0.054539,0.053566
0.104653,0.097251,0.133341,0.099234,0.089112,0.097778,0.096672,0.094508,0.098786,0.088666
0.063243,0.020680,0.370294,0.056300,0.223423,0.068692,0.059612,0.049515,0.038448,0.049793
0.035546,0.020284,0.412620,0.035272,0.223803,0.071497,0.053960,0.078639,0.031099,0.037281
0.070233,0.073213,0.072461,0.079299,0.077044,0.299701,0.081424,0.081516,0.085398,0.079711
0.080151,0.041204,0.179210,0.085377,0.180411,0.092745,0.045080,0.076553,0.144789,0.074480
0.069103,0.056086,0.072897,0.136046,0.129289,0.132613,0.062145,0.138080,0.118180,0.085562
0.042305,0.014759,0.330827,0.039034,0.257891,0.070172,0.042128,0.033714,0.046321,0.122848
0.075625,0.086305,0.084981,0.120241,0.130773,0.114422,0.100307,0.123441,0.062540,0.101365
0.057698,0.081756,0.456844,0.058397,0.047513,0.061862,0.052538,0.051436,0.056720,0.075235
0.106950,0.048170,0.097629,0.108040,0.103628,0.190879,0.057768,0.103989,0.087025,0.095921
0.069539,0.141230,0.079075,0.111285,0.097998,0.109321,0.092175,0.119256,0.081303,0.098819
0.032050,0.034290,0.260542,0.030573,0.472621,0.030723,0.040496,0.030329,0.034031,0.034345
0.007726,0.003884,0.145312,0.004473,0.020493,0.747377,0.003431,0.001997,0.059825,0.005482
0.081773,0.101830,0.095577,0.095244,0.148870,0.110420,0.092865,0.093931,0.080612,0.098878
0.033748,0.017861,0.176459,0.030625,0.290295,0.047494,0.057693,0.032311,0.273108,0.040407
0.070575,0.073134,0.064611,0.077667,0.100126,0.314758,0.075952,0.084841,0.068185,0.070151
0.003629,0.004460,0.535299,0.004012,0.003573,0.432924,0.004995,0.002884,0.004633,0.003590
0.066269,0.054653,0.170202,0.111251,0.110530,0.126992,0.052658,0.130665,0.066110,0.110668
0.044009,0.039405,0.260227,0.038455,0.037258,0.045263,0.046577,0.036611,0.414770,0.037425
0.078337,0.095121,0.084372,0.099151,0.125814,0.114554,0.123713,0.110250,0.076508,0.092180
0.001516,0.001583,0.586401,0.001327,0.191885,0.213652,0.001843,0.000479,0.000737,0.000578
0.061209,0.099942,0.094452,0.086341,0.085077,0.191600,0.102722,0.096881,0.092792,0.088983
0.079183,0.091668,0.085584,0.106235,0.140043,0.109751,0.098555,0.113871,0.083388,0.091721
0.070637,0.141931,0.086006,0.095991,0.122707,0.111490,0.089149,0.117309,0.068168,0.096612
0.077787,0.076657,0.057167,0.075491,0.074102,0.330207,0.082329,0.076279,0.067466,0.082516
0.045102,0.059803,0.204225,0.064414,0.118691,0.062621,0.066830,0.253506,0.057601,0.067206
0.095691,0.092206,0.146109,0.095095,0.088259,0.088914,0.100731,0.095815,0.102828,0.094352
0.082239,0.098455,0.090554,0.115679,0.106233,0.102318,0.104257,0.107509,0.092379,0.100377
0.057267,0.076002,0.216462,0.077067,0.068927,0.091172,0.082690,0.198944,0.062389,0.069079
0.058073,0.073673,0.212551,0.064951,0.139815,0.062219,0.075066,0.178048,0.069408,0.066195
0.100514,0.101545,0.081459,0.092872,0.148431,0.109864,0.096397,0.104243,0.076479,0.088195
0.007387,0.009808,0.426372,0.009154,0.503618,0.010154,0.009244,0.007475,0.007611,0.009178
0.016090,0.011810,0.256058,0.013443,0.012186,0.634972,0.011503,0.012300,0.016058,0.015579
0.098703,0.091955,0.081828,0.110154,0.144620,0.097837,0.096365,0.106898,0.077528,0.094111
0.053042,0.053080,0.213997,0.063679,0.261276,0.081359,0.069206,0.068549,0.068704,0.067106
0.076172,0.071921,0.352820,0.064413,0.058766,0.077991,0.072504,0.065876,0.075877,0.083660
0.090753,0.096316,0.194047,0.076269,0.082418,0.101682,0.094670,0.088355,0.092040,0.083449
0.081006,0.074609,0.072242,0.090072,0.084106,0.283172,0.078904,0.081311,0.075474,0.079104
0.074102,0.100164,0.084102,0.103423,0.109965,0.114812,0.110970,0.119560,0.073221,0.109681
0.091853,0.076630,0.193012,0.087514,0.075898,0.093663,0.091102,0.095879,0.095327,0.099121
0.012202,0.005151,0.158666,0.004445,0.044788,0.699670,0.005301,0.004140,0.061314,0.004323
0.102917,0.097092,0.086661,0.097520,0.102262,0.102355,0.102824,0.115798,0.093297,0.099274
0.066282,0.088282,0.060053,0.081716,0.127801,0.280621,0.069697,0.084599,0.072567,0.068381
0.084903,0.099431,0.093317,0.103339,0.098851,0.102405,0.101692,0.118857,0.092151,0.105053
0.079884,0.096478,0.090155,0.115311,0.102027,0.114760,0.095960,0.123077,0.078608,0.103741
0.007215,0.007920,0.331379,0.010156,0.441139,0.013312,0.009689,0.008343,0.160607,0.010240
0.082483,0.116432,0.041893,0.124233,0.106908,0.109261,0.115914,0.085729,0.114617,0.102531
0.073620,0.081519,0.069946,0.079141,0.075224,0.317908,0.077540,0.071641,0.076349,0.077111
0.071793,0.088398,0.139514,0.095474,0.136750,0.100153,0.095570,0.091157,0.080426,0.100765
0.078053,0.106441,0.149825,0.096411,0.096663,0.094417,0.103091,0.093525,0.082068,0.099507
0.071152,0.090573,0.111644,0.102217,0.095981,0.092809,0.148746,0.093098,0.102745,0.091035
0.093432,0.096806,0.210163,0.082237,0.079340,0.102433,0.090454,0.072348,0.086360,0.086426
0.022930,0.024326,0.276090,0.023289,0.523321,0.020564,0.025257,0.020857,0.021906,0.041460
0.096115,0.064659,0.113478,0.117877,0.119133,0.132071,0.069097,0.054166,0.073171,0.160233
0.036667,0.038019,0.215702,0.041491,0.423023,0.061342,0.039368,0.075253,0.033639,0.035498
0.082902,0.095835,0.087451,0.101200,0.140351,0.111282,0.093288,0.106705,0.084021,0.096965
0.062220,0.096603,0.138798,0.103555,0.153457,0.093217,0.111883,0.090748,0.068309,0.081210
0.003039,0.002734,0.253719,0.003634,0.719055,0.002840,0.004227,0.003468,0.003722,0.003561
0.083649,0.090083,0.259961,0.080575,0.063672,0.097677,0.081484,0.062264,0.094552,0.086084
0.082120,0.094237,0.089836,0.093327,0.145872,0.111917,0.091131,0.107749,0.082878,0.100933
0.083000,0.089934,0.080917,0.088141,0.083927,0.230117,0.084921,0.082284,0.084551,0.092208
0.090794,0.096208,0.094163,0.104926,0.105289,0.113784,0.105240,0.099749,0.092434,0.097413
0.090445,0.091253,0.082466,0.111429,0.099323,0.107702,0.095905,0.139000,0.087248,0.095230
0.026531,0.013130,0.149271,0.012717,0.007647,0.704431,0.008819,0.058594,0.008740,0.010123
0.085673,0.124706,0.074377,0.082084,0.086766,0.217544,0.084208,0.089785,0.067596,0.087261
0.080887,0.090369,0.132419,0.105133,0.096394,0.107503,0.089794,0.088714,0.101765,0.107024
0.077907,0.113679,0.085396,0.115835,0.103767,0.113000,0.096673,0.122068,0.069390,0.102283
0.025098,0.015963,0.374909,0.052726,0.348676,0.037756,0.015446,0.048440,0.029122,0.051864
0.069326,0.093151,0.162959,0.088361,0.087781,0.103735,0.140702,0.086281,0.072211,0.095492
0.052382,0.051165,0.270961,0.047254,0.043179,0.056228,0.049083,0.048461,0.336844,0.044444
0.110279,0.100867,0.089539,0.102006,0.105242,0.104658,0.099346,0.099662,0.092473,0.095928
0.084586,0.079409,0.314684,0.079149,0.067517,0.085903,0.071570,0.061180,0.083040,0.072963
0.002169,0.001666,0.302477,0.002095,0.097677,0.586509,0.002101,0.001220,0.001427,0.002658
0.083710,0.072215,0.168364,0.081192,0.153355,0.081366,0.114695,0.087729,0.073692,0.083680
0.026230,0.025334,0.390508,0.022507,0.364881,0.035898,0.028679,0.021961,0.041220,0.042781
0.026546,0.029527,0.294816,0.022402,0.498579,0.023335,0.029134,0.023568,0.027052,0.025040
0.104977,0.096954,0.154284,0.091846,0.088324,0.093214,0.095152,0.080854,0.099569,0.094826
0.065628,0.084930,0.074733,0.104788,0.086830,0.106043,0.093069,0.208514,0.083198,0.092267
0.004036,0.004247,0.274652,0.003580,0.002506,0.630569,0.004310,0.002855,0.066059,0.007186
0.083214,0.101270,0.096892,0.103326,0.103946,0.110416,0.114447,0.099311,0.088787,0.098390
0.050405,0.107821,0.056348,0.099561,0.085504,0.225694,0.110301,0.087419,0.090467,0.086480
0.063821,0.035057,0.212476,0.062363,0.050066,0.050743,0.028077,0.049525,0.389510,0.058362
0.082352,0.084842,0.208189,0.087569,0.084287,0.094885,0.092106,0.095407,0.081949,0.088413
0.071623,0.099261,0.086219,0.117452,0.104827,0.109859,0.128988,0.118056,0.067767,0.095948
0.029654,0.020966,0.178025,0.045086,0.542413,0.033907,0.045442,0.040008,0.028717,0.035783
0.055909,0.090167,0.216959,0.063660,0.058850,0.065590,0.064677,0.062278,0.263426,0.058484
0.113202,0.108454,0.072837,0.112903,0.102880,0.123471,0.109665,0.058143,0.097098,0.101346
0.076390,0.095037,0.075743,0.092343,0.097160,0.103301,0.153659,0.128367,0.082597,0.095402
0.080465,0.098442,0.094693,0.114663,0.124613,0.100714,0.102339,0.117223,0.075975,0.090872
0.090824,0.090328,0.171612,0.091266,0.081621,0.101219,0.093820,0.096450,0.089026,0.093835
0.098760,0.091277,0.094046,0.097698,0.150752,0.105562,0.096860,0.105415,0.078392,0.081237
0.077786,0.082555,0.241689,0.076035,0.075400,0.073825,0.123542,0.090323,0.066703,0.092142
0.108140,0.060089,0.221799,0.096052,0.105081,0.107237,0.051669,0.095784,0.094057,0.060091
0.103512,0.085686,0.159459,0.085978,0.124044,0.091376,0.093613,0.084666,0.079970,0.091696
0.044078,0.098950,0.061368,0.098745,0.096186,0.160067,0.059577,0.097516,0.181732,0.101781
0.076315,0.110679,0.091284,0.096081,0.134821,0.109489,0.100780,0.095094,0.085486,0.099971
0.000992,0.001071,0.048462,0.001022,0.000624,0.443114,0.001427,0.009179,0.493223,0.000886
0.105717,0.152826,0.071824,0.101409,0.093064,0.092278,0.095409,0.112663,0.082186,0.092623
0.065226,0.042550,0.145977,0.055609,0.050864,0.060401,0.048920,0.050999,0.426072,0.053382
0.060990,0.065624,0.173764,0.076659,0.220438,0.079498,0.074667,0.089330,0.082042,0.076988
0.072910,0.093107,0.086789,0.109020,0.152444,0.094968,0.096760,0.117373,0.077900,0.098730
0.007530,0.006967,0.187840,0.005098,0.620934,0.008597,0.008834,0.005536,0.142486,0.006177
0.045838,0.046247,0.143933,0.036534,0.040585,0.051860,0.044518,0.046307,0.486747,0.057429
0.008866,0.007701,0.133760,0.005539,0.006158,0.802183,0.010253,0.008357,0.010975,0.006208
0.071254,0.068386,0.056946,0.069155,0.066105,0.365775,0.074389,0.070429,0.079571,0.077989
0.101704,0.098351,0.074879,0.098626,0.097173,0.159755,0.108908,0.078946,0.086972,0.094686
0.072877,0.075286,0.286244,0.086079,0.080737,0.098993,0.080337,0.076087,0.067764,0.075596
0.018773,0.008470,0.091757,0.030613,0.269132,0.432597,0.005892,0.022504,0.087637,0.032625
0.069241,0.072342,0.055166,0.068200,0.064720,0.359608,0.067928,0.096706,0.068837,0.077252
0.054639,0.058846,0.365047,0.055485,0.058627,0.056286,0.069941,0.147618,0.055697,0.077815
0.011045,0.003383,0.228339,0.004380,0.095273,0.642507,0.004246,0.003059,0.003614,0.004154
0.076054,0.087836,0.161764,0.093982,0.090028,0.093589,0.120485,0.098630,0.079013,0.098619
0.089092,0.092112,0.140335,0.091520,0.093618,0.104068,0.097328,0.092099,0.100837,0.098990
0.082311,0.092633,0.157884,0.105293,0.083220,0.106986,0.098464,0.085825,0.094081,0.093303
0.093367,0.096791,0.097509,0.097353,0.102485,0.112994,0.097660,0.105442,0.093678,0.102722
0.007790,0.005885,0.261149,0.008373,0.006320,0.678384,0.008529,0.007235,0.008638,0.007698
0.065754,0.074950,0.182670,0.080527,0.075231,0.091645,0.086314,0.200401,0.065186,0.077323
0.073059,0.101876,0.080910,0.106902,0.109240,0.100682,0.093631,0.125986,0.080676,0.127038
0.067381,0.060781,0.295520,0.067711,0.069294,0.087605,0.076907,0.138826,0.067655,0.068320
0.029363,0.045596,0.376431,0.038636,0.038251,0.040020,0.021657,0.081588,0.291602,0.036856
0.091472,0.101516,0.092250,0.110117,0.106178,0.101792,0.098984,0.106434,0.095108,0.096149
0.005576,0.003178,0.211306,0.003098,0.017151,0.570027,0.001608,0.023673,0.152219,0.012164
0.087925,0.101746,0.098169,0.106195,0.124289,0.107313,0.087289,0.093822,0.093084,0.100166
0.013460,0.016956,0.407355,0.013323,0.009861,0.464956,0.006926,0.041408,0.013274,0.012481
0.068427,0.083760,0.146775,0.106076,0.136098,0.108437,0.078516,0.098028,0.078474,0.095409
0.001496,0.001808,0.417527,0.001795,0.194558,0.341932,0.001904,0.000760,0.036625,0.001597
0.087711,0.051332,0.075167,0.122077,0.123179,0.138387,0.057845,0.130793,0.096135,0.117374
0.048966,0.027291,0.303963,0.083597,0.232387,0.068642,0.030349,0.067363,0.047775,0.089667
0.054737,0.082763,0.352310,0.068688,0.076059,0.067261,0.089248,0.078285,0.065940,0.064709
0.080012,0.080993,0.181343,0.096836,0.087038,0.106849,0.089650,0.097749,0.082764,0.096766
0.068712,0.093553,0.146234,0.090307,0.087666,0.084674,0.165346,0.089657,0.083038,0.090814
0.079525,0.111225,0.087228,0.104434,0.109550,0.111553,0.102707,0.102656,0.086917,0.104206
0.050063,0.052407,0.089028,0.120734,0.199980,0.131674,0.052370,0.125891,0.064465,0.113387
0.072499,0.097096,0.067500,0.090335,0.087717,0.220579,0.095249,0.091378,0.093301,0.084346
0.073297,0.046711,0.089748,0.108992,0.102895,0.092129,0.050754,0.110417,0.214984,0.110073
0.081061,0.098001,0.092522,0.100163,0.104185,0.113365,0.101957,0.117661,0.077256,0.113829
0.065246,0.029473,0.057169,0.094948,0.100263,0.387163,0.031372,0.075446,0.068531,0.090387
0.004171,0.004892,0.127326,0.006576,0.014062,0.005497,0.008117,0.026193,0.797007,0.006160
0.070350,0.081050,0.064514,0.080664,0.096876,0.302801,0.070734,0.077097,0.073185,0.082728
0.007573,0.008301,0.381827,0.007271,0.564662,0.006849,0.003463,0.006925,0.006702,0.006427
0.054460,0.055120,0.353659,0.060723,0.247138,0.049480,0.028749,0.050034,0.041809,0.058828
0.110792,0.116441,0.071410,0.096935,0.097846,0.110137,0.098968,0.113701,0.077864,0.105904
0.098802,0.118663,0.074365,0.112927,0.095961,0.107704,0.096815,0.120901,0.082165,0.091696
0.083640,0.096691,0.154327,0.087986,0.082962,0.099625,0.098778,0.093138,0.107753,0.095100
0.067665,0.064914,0.382305,0.080950,0.060934,0.062613,0.071514,0.078001,0.064523,0.066582
0.050865,0.081236,0.480220,0.049607,0.039092,0.048739,0.060546,0.050556,0.063705,0.075434
0.048192,0.020255,0.318543,0.036620,0.108012,0.047047,0.048612,0.060478,0.266433,0.045808
0.062878,0.137104,0.161386,0.087456,0.076217,0.097942,0.086656,0.107840,0.098509,0.084011
0.090828,0.088191,0.149004,0.094687,0.093911,0.104594,0.089939,0.109714,0.087889,0.091244
0.022389,0.024899,0.074761,0.020538,0.326242,0.379783,0.008717,0.024468,0.098067,0.020135
0.078548,0.108221,0.077550,0.105061,0.131926,0.107789,0.094750,0.116310,0.091359,0.088488
0.082265,0.084545,0.075807,0.099096,0.086284,0.099199,0.087176,0.224115,0.078561,0.082952
0.073478,0.091786,0.170064,0.089666,0.114513,0.106307,0.102289,0.093543,0.076765,0.081590
0.071875,0.082245,0.264999,0.078651,0.075158,0.087109,0.106960,0.067194,0.074386,0.091422
0.021406,0.005310,0.453710,0.008067,0.467140,0.011718,0.009250,0.006037,0.006814,0.010548
0.001302,0.000923,0.039087,0.001251,0.000972,0.001270,0.001725,0.014421,0.936869,0.002181
0.017688,0.018445,0.293237,0.011583,0.012921,0.532582,0.016018,0.062298,0.014432,0.020796
0.075000,0.109187,0.254154,0.076596,0.075348,0.090433,0.082065,0.069790,0.077824,0.089602
0.108473,0.093763,0.090177,0.113640,0.107769,0.113919,0.104791,0.083435,0.085052,0.098982
0.068798,0.060079,0.046249,0.060048,0.062027,0.442213,0.064353,0.066221,0.060943,0.069069
0.105686,0.095177,0.058544,0.103451,0.097451,0.169966,0.108771,0.041566,0.097163,0.122224
0.054130,0.069421,0.069277,0.108867,0.110118,0.158466,0.119017,0.110115,0.096158,0.104431
0.056221,0.062241,0.231319,0.071053,0.240241,0.080835,0.061093,0.070396,0.057886,0.068717
0.073285,0.077647,0.166862,0.082015,0.083422,0.078330,0.084181,0.078866,0.185796,0.089596
0.073247,0.081675,0.081519,0.088683,0.086576,0.248077,0.081074,0.084448,0.090452,0.084248
0.106726,0.061150,0.067048,0.121723,0.148167,0.119504,0.072107,0.115745,0.080689,0.107141
0.100927,0.103201,0.099487,0.115960,0.100637,0.101313,0.094149,0.116030,0.083414,0.084882
0.007705,0.008740,0.090881,0.010739,0.006750,0.765951,0.010095,0.077361,0.009237,0.012542
0.102813,0.107936,0.080530,0.094502,0.125075,0.106094,0.099940,0.114522,0.068437,0.100152
0.070261,0.096207,0.090030,0.092629,0.150260,0.109908,0.097988,0.123522,0.071294,0.097900
0.098973,0.133273,0.122080,0.097407,0.094046,0.082880,0.097296,0.084713,0.098120,0.091213
0.070459,0.091481,0.085024,0.090568,0.147033,0.097702,0.098197,0.120160,0.087920,0.111456
0.054846,0.063514,0.447615,0.061039,0.050388,0.072020,0.062981,0.066350,0.062948,0.058298
0.096794,0.092159,0.160028,0.092721,0.089879,0.098432,0.099898,0.082618,0.086726,0.100746
0.095466,0.096246,0.095344,0.095308,0.096861,0.097741,0.134344,0.084599,0.096035,0.108057
0.048605,0.138729,0.064004,0.137871,0.131770,0.124670,0.102421,0.053175,0.124608,0.074149
0.079993,0.086312,0.184727,0.089166,0.091680,0.093417,0.095002,0.092604,0.094682,0.092419
0.008821,0.003243,0.043515,0.009975,0.453466,0.317275,0.008800,0.005445,0.139200,0.010258
0.068165,0.063057,0.252451,0.104692,0.090795,0.095910,0.068492,0.091782,0.066165,0.098491
0.086329,0.087363,0.065516,0.080556,0.081668,0.258518,0.088087,0.091524,0.072758,0.087683
0.068880,0.074404,0.067122,0.080349,0.101393,0.294312,0.079870,0.075010,0.078410,0.080250
0.062806,0.062909,0.200088,0.100930,0.100800,0.118104,0.054332,0.105293,0.084882,0.109856
0.025242,0.024172,0.130549,0.025564,0.446574,0.020760,0.023362,0.021982,0.246192,0.035603
0.099021,0.103698,0.124237,0.094672,0.089531,0.103460,0.103944,0.099705,0.092345,0.089388
