0.190737,0.609066,0.200197
0.023989,0.952513,0.023498
0.992137,0.007854,0.000009
0.956102,0.042211,0.001687
0.994031,0.005969,0.000000
0.331865,0.216089,0.452046
0.055633,0.125010,0.819357
0.812330,0.187670,0.000000
0.845564,0.152674,0.001762
0.269310,0.153581,0.577109
0.999330,0.000670,0.000000
0.971250,0.028749,0.000001
0.676199,0.013045,0.310757
0.018997,0.344486,0.636517
0.999270,0.000730,0.000000
0.648098,0.340747,0.011155
0.306741,0.421328,0.271931
0.996007,0.003989,0.000004
0.998419,0.001581,0.000000
0.998958,0.001042,0.000000
0.004963,0.995021,0.000017
0.997091,0.002909,0.000000
0.009040,0.222143,0.768818
0.985573,0.014427,0.000000
0.001874,0.005161,0.992965
0.942416,0.057564,0.000020
0.998966,0.001034,0.000000
0.999467,0.000533,0.000000
0.978759,0.021189,0.000052
0.270220,0.386482,0.343298
0.946001,0.053999,0.000000
0.981562,0.018413,0.000026
0.247747,0.752253,0.000000
0.994220,0.005780,0.000000
0.816441,0.183559,0.000000
0.002780,0.007249,0.989972
0.972160,0.027782,0.000058
0.619068,0.303043,0.077889
0.574133,0.425857,0.000011
0.040586,0.130162,0.829252
0.997558,0.002442,0.000000
0.652444,0.347555,0.000000
0.000056,0.000050,0.999894
0.735398,0.264602,0.000000
0.995366,0.004625,0.000009
0.999469,0.000531,0.000000
0.734846,0.258554,0.006600
0.999209,0.000791,0.000000
0.013824,0.043193,0.942983
0.003876,0.995858,0.000266
0.961123,0.026318,0.012559
0.932051,0.067949,0.000000
0.005066,0.994932,0.000003
0.028665,0.067650,0.903685
0.008182,0.124645,0.867173
0.090315,0.509097,0.400589
0.792786,0.207214,0.000000
0.025316,0.033433,0.941251
0.998593,0.001407,0.000000
0.927320,0.034541,0.038139
0.845088,0.154477,0.000434
0.029154,0.021408,0.949437
0.822923,0.029088,0.147988
0.997593,0.002407,0.000001
0.020566,0.435306,0.544128
0.605355,0.394645,0.000000
0.881440,0.118276,0.000284
0.015623,0.979528,0.004848
0.057083,0.636212,0.306705
0.801739,0.198144,0.000117
0.062348,0.661182,0.276470
0.034544,0.057793,0.907663
0.994665,0.005320,0.000015
0.815408,0.159353,0.025240
0.996787,0.003206,0.000007
0.998038,0.001962,0.000000
0.634507,0.365493,0.000000
0.992375,0.007625,0.000000
0.006078,0.993918,0.000004
0.019991,0.027987,0.952022
0.988995,0.010564,0.000440
0.879434,0.109714,0.010853
0.999016,0.000984,0.000000
0.465106,0.534888,0.000007
0.687050,0.309977,0.002973
0.012676,0.986925,0.000399
0.998819,0.001181,0.000000
0.261744,0.573102,0.165154
0.949753,0.050206,0.000041
0.074372,0.130031,0.795597
0.926805,0.073195,0.000000
0.688719,0.308965,0.002317
0.037905,0.058596,0.903499
0.003364,0.996636,0.000001
0.368270,0.631698,0.000032
0.998310,0.001690,0.000000
0.852079,0.098962,0.048959
0.609602,0.390384,0.000014
0.857204,0.142796,0.000000
0.999665,0.000335,0.000000
0.000682,0.998835,0.000483
0.688018,0.311982,0.000000
0.982966,0.017034,0.000000
0.131314,0.866557,0.002130
0.029916,0.368537,0.601547
0.998436,0.001564,0.000000
0.037712,0.312157,0.650130
0.002277,0.991528,0.006196
0.778517,0.003649,0.217833
0.024458,0.350072,0.625470
0.017457,0.017780,0.964762
0.430568,0.569410,0.000021
0.997911,0.002088,0.000001
0.013017,0.101066,0.885917
0.003411,0.002029,0.994559
0.984963,0.015037,0.000000
0.758475,0.003410,0.238115
0.998773,0.001225,0.000002
0.995993,0.002024,0.001983
0.520416,0.399335,0.080250
0.999373,0.000627,0.000000
0.994874,0.005126,0.000000
0.985677,0.014323,0.000000
0.991680,0.008320,0.000000
0.392667,0.607313,0.000020
0.951109,0.048847,0.000045
0.083470,0.424447,0.492083
0.123202,0.317125,0.559673
0.774099,0.225901,0.000000
0.013062,0.008278,0.978659
0.028038,0.446202,0.525761
0.019636,0.255333,0.725031
0.681994,0.318006,0.000000
0.005744,0.004568,0.989689
0.754571,0.245169,0.000260
0.001399,0.000737,0.997864
0.002877,0.006610,0.990514
0.003744,0.995504,0.000752
0.000988,0.998714,0.000298
0.997065,0.002935,0.000000
0.000527,0.000027,0.999445
0.002435,0.930247,0.067318
0.809858,0.019722,0.170420
0.544263,0.455716,0.000021
0.207952,0.700353,0.091694
0.956655,0.043345,0.000000
0.682864,0.002429,0.314708
0.005212,0.053123,0.941665
0.570676,0.296663,0.132661
0.999232,0.000768,0.000001
0.995546,0.004454,0.000000
0.988382,0.011607,0.000011
0.997122,0.002802,0.000075
0.215772,0.783474,0.000754
0.003430,0.996436,0.000134
0.004267,0.058072,0.937661
0.634804,0.039710,0.325486
0.003296,0.002454,0.994250
0.999140,0.000860,0.000000
0.007137,0.005405,0.987458
0.998446,0.001554,0.000000
0.194137,0.805561,0.000302
0.999503,0.000493,0.000004
0.993885,0.006114,0.000001
0.888824,0.111176,0.000000
0.016220,0.152612,0.831169
0.001629,0.997875,0.000496
0.003851,0.996111,0.000038
0.999099,0.000901,0.000000
0.998206,0.001794,0.000001
0.177626,0.310895,0.511479
0.679279,0.306964,0.013756
0.002083,0.005504,0.992413
0.997696,0.002302,0.000002
0.089369,0.091143,0.819488
0.169145,0.730253,0.100602
0.001354,0.995896,0.002750
0.751813,0.247765,0.000422
0.989653,0.004346,0.006001
0.043303,0.847183,0.109514
0.998674,0.001324,0.000002
0.012140,0.901355,0.086506
0.899513,0.100487,0.000000
0.832369,0.084145,0.083486
0.999216,0.000784,0.000000
0.981625,0.014570,0.003805
0.000114,0.000238,0.999648
0.832387,0.167539,0.000073
0.998861,0.001063,0.000077
0.699172,0.300828,0.000000
0.289997,0.710000,0.000002
0.863335,0.136646,0.000020
0.007705,0.992267,0.000029
0.998210,0.001790,0.000000
0.012926,0.011758,0.975317
0.492085,0.002921,0.504994
0.933358,0.066629,0.000013
0.175557,0.005599,0.818843
0.007058,0.016739,0.976203
0.132681,0.867317,0.000002
0.010431,0.004067,0.985502
0.999295,0.000705,0.000000
0.992237,0.007763,0.000000
0.997089,0.002870,0.000041
0.172638,0.606826,0.220537
0.006824,0.008893,0.984283
0.985105,0.006502,0.008393
0.018665,0.977978,0.003357
0.029301,0.051842,0.918857
0.772421,0.226274,0.001305
0.154415,0.755977,0.089608
0.761976,0.236232,0.001792
0.760603,0.239397,0.000000
0.209921,0.006463,0.783616
0.443529,0.011925,0.544546
0.988872,0.010731,0.000397
0.998243,0.001757,0.000000
0.013310,0.973712,0.012979
0.173070,0.826662,0.000269
0.997238,0.002762,0.000000
0.994070,0.005930,0.000000
0.496111,0.503749,0.000140
0.021675,0.334314,0.644011
0.002981,0.993159,0.003860
0.772108,0.028530,0.199362
0.995381,0.004620,0.000000
0.015412,0.042920,0.941668
0.981328,0.017771,0.000902
0.989186,0.010770,0.000044
0.778849,0.221151,0.000000
0.831088,0.168912,0.000000
0.353432,0.646496,0.000072
0.033431,0.307870,0.658699
0.997947,0.002049,0.000004
0.997440,0.002558,0.000002
0.935306,0.064692,0.000002
0.556267,0.443733,0.000000
0.150256,0.849737,0.000008
0.035641,0.273571,0.690788
0.998557,0.001443,0.000000
0.688497,0.309882,0.001620
0.999291,0.000709,0.000000
0.988062,0.011901,0.000037
0.766631,0.221614,0.011755
0.114758,0.415470,0.469772
0.265944,0.674145,0.059911
0.999036,0.000964,0.000000
0.226432,0.708514,0.065054
0.007909,0.991728,0.000363
0.995607,0.004393,0.000000
0.232678,0.423476,0.343847
0.598480,0.009687,0.391832
0.074622,0.111030,0.814348
0.973471,0.009515,0.017013
0.918772,0.081225,0.000003
0.203918,0.668480,0.127601
0.912620,0.087380,0.000000
0.370805,0.629184,0.000011
0.011938,0.017205,0.970858
0.165790,0.725242,0.108968
0.997122,0.002878,0.000000
0.051583,0.759802,0.188616
0.034566,0.486994,0.478440
0.998803,0.001194,0.000003
0.001102,0.996660,0.002238
0.001425,0.998519,0.000057
0.060108,0.605608,0.334284
0.334494,0.665506,0.000000
0.698167,0.298675,0.003158
0.006500,0.993180,0.000320
0.907753,0.092247,0.000000
0.052578,0.094091,0.853331
0.006221,0.004765,0.989015
0.994152,0.005848,0.000000
0.022648,0.230270,0.747082
0.801121,0.018795,0.180084
0.009369,0.003936,0.986695
0.003471,0.996449,0.000080
0.827300,0.032354,0.140345
0.231930,0.767316,0.000755
0.123333,0.332465,0.544201
0.970065,0.009428,0.020507
0.994159,0.005841,0.000000
0.871146,0.128854,0.000000
0.941228,0.058743,0.000029
0.537375,0.184425,0.278200
0.997254,0.002746,0.000000
0.998717,0.001283,0.000000
0.201974,0.792315,0.005712
0.910284,0.065474,0.024242
0.998305,0.001695,0.000000
0.008783,0.009694,0.981523
0.007079,0.914136,0.078785
0.997392,0.002608,0.000000
0.821533,0.175174,0.003294
0.997254,0.002744,0.000002
0.983188,0.016812,0.000000
0.997862,0.002126,0.000012
0.741600,0.258400,0.000000
0.991731,0.008269,0.000000
0.013989,0.023043,0.962968
0.999217,0.000783,0.000000
0.704725,0.292826,0.002449
0.999055,0.000945,0.000000
0.998312,0.001688,0.000000
0.018469,0.033888,0.947643
0.755272,0.232276,0.012451
0.998974,0.001025,0.000000
0.825619,0.170285,0.004096
0.477849,0.522151,0.000000
0.866865,0.131876,0.001259
0.986018,0.013982,0.000000
0.008205,0.019281,0.972514
0.004720,0.913206,0.082073
0.005093,0.008030,0.986877
0.998217,0.001783,0.000000
0.446984,0.552970,0.000046
0.008029,0.019203,0.972767
0.972022,0.027978,0.000000
0.996561,0.003439,0.000000
0.998661,0.001339,0.000000
0.998589,0.001411,0.000000
0.996924,0.003075,0.000002
0.002824,0.028883,0.968294
0.911160,0.088736,0.000103
0.994001,0.005958,0.000041
0.257532,0.742451,0.000018
0.006751,0.863784,0.129466
0.629539,0.370457,0.000005
0.628784,0.007428,0.363788
0.998727,0.001273,0.000000
0.997012,0.002988,0.000000
0.048222,0.111556,0.840222
0.596952,0.402612,0.000437
0.031921,0.030166,0.937913
0.003822,0.009077,0.987101
0.996737,0.003263,0.000000
0.993627,0.006351,0.000021
0.004901,0.022911,0.972188
0.847284,0.152716,0.000000
0.954493,0.037001,0.008506
0.000814,0.999008,0.000178
0.994422,0.005538,0.000040
0.774273,0.225727,0.000000
0.005505,0.080860,0.913636
0.463535,0.456121,0.080344
0.431219,0.061939,0.506842
0.232284,0.767633,0.000083
0.606387,0.393613,0.000000
0.995323,0.004676,0.000001
0.998083,0.001917,0.000000
0.343416,0.375440,0.281145
0.006086,0.993858,0.000056
0.985112,0.014888,0.000000
0.181684,0.362063,0.456253
0.741208,0.258792,0.000000
0.000607,0.001531,0.997862
0.740835,0.259046,0.000119
0.923817,0.072737,0.003445
0.929975,0.069923,0.000102
0.997707,0.002293,0.000000
0.010524,0.023887,0.965589
0.106424,0.888558,0.005018
0.002708,0.007911,0.989382
0.999399,0.000600,0.000000
0.981020,0.012919,0.006061
0.456397,0.542436,0.001167
0.116907,0.572739,0.310354
0.981636,0.001228,0.017135
0.128117,0.608988,0.262894
0.018722,0.152126,0.829151
0.802343,0.197657,0.000000
0.991967,0.008023,0.000010
0.991715,0.008285,0.000000
0.998330,0.001670,0.000000
0.005699,0.011259,0.983042
0.909110,0.088306,0.002584
0.744165,0.255835,0.000000
0.376789,0.004297,0.618914
0.021089,0.349496,0.629416
0.999018,0.000982,0.000000
0.030141,0.509604,0.460255
0.838134,0.161866,0.000000
0.013117,0.106706,0.880177
0.620960,0.379037,0.000003
0.075014,0.135226,0.789760
0.019648,0.960096,0.020257
0.004647,0.914023,0.081330
0.513881,0.481996,0.004123
0.989986,0.010013,0.000000
0.795934,0.203916,0.000150
0.852137,0.147863,0.000000
0.003134,0.996840,0.000026
0.978453,0.018719,0.002828
0.001989,0.997989,0.000022
0.993380,0.006620,0.000000
0.004594,0.988766,0.006641
0.007135,0.759412,0.233454
0.923043,0.076640,0.000317
0.019994,0.133142,0.846864
0.069550,0.537332,0.393118
0.605169,0.394831,0.000000
0.709708,0.290292,0.000000
0.993143,0.006807,0.000050
0.944559,0.054523,0.000918
0.683411,0.315673,0.000916
0.016560,0.771808,0.211631
0.898616,0.087926,0.013458
0.767384,0.010003,0.222613
0.047986,0.407193,0.544821
0.775968,0.224032,0.000000
0.998203,0.001790,0.000007
0.509462,0.490325,0.000212
0.727379,0.272619,0.000002
0.014222,0.157512,0.828266
0.021521,0.019978,0.958501
0.007674,0.012189,0.980137
0.830253,0.168965,0.000782
0.999373,0.000627,0.000000
0.694913,0.001490,0.303597
0.529194,0.015930,0.454876
0.850776,0.138786,0.010438
0.756809,0.235521,0.007670
0.261427,0.271815,0.466758
0.882854,0.006261,0.110885
0.000656,0.999243,0.000102
0.775535,0.224465,0.000000
0.000310,0.000290,0.999401
0.640685,0.359315,0.000000
0.991512,0.008473,0.000014
0.884496,0.115257,0.000248
0.995168,0.004832,0.000000
0.631073,0.367829,0.001098
0.994875,0.005125,0.000000
0.890158,0.109752,0.000090
0.120344,0.703584,0.176072
0.981514,0.018486,0.000000
0.046449,0.302675,0.650876
0.000495,0.998247,0.001258
0.607584,0.391951,0.000465
0.811877,0.187869,0.000254
0.008325,0.991609,0.000066
0.014492,0.022193,0.963315
0.997519,0.002481,0.000000
0.008525,0.991361,0.000114
0.648703,0.349102,0.002195
0.062556,0.644525,0.292919
0.004864,0.995133,0.000003
0.296058,0.579039,0.124902
0.996761,0.003236,0.000003
0.027677,0.291227,0.681097
0.997875,0.002125,0.000000
0.206965,0.773967,0.019068
0.002733,0.000626,0.996641
0.149660,0.580287,0.270053
0.776482,0.006924,0.216594
0.003641,0.001553,0.994806
0.785190,0.211228,0.003582
0.002496,0.000187,0.997316
0.003496,0.996503,0.000001
0.929820,0.070178,0.000002
0.059272,0.132876,0.807852
0.723155,0.002040,0.274805
0.088910,0.466581,0.444509
0.003020,0.007190,0.989790
0.990569,0.009431,0.000000
0.003841,0.004452,0.991707
0.029634,0.038219,0.932146
0.773357,0.225073,0.001570
0.955237,0.024904,0.019859
0.999091,0.000909,0.000000
0.572362,0.001638,0.426000
0.045905,0.085096,0.868999
0.972177,0.027213,0.000610
0.003715,0.866560,0.129725
0.999600,0.000400,0.000000
0.170525,0.829447,0.000028
0.998989,0.001011,0.000000
0.010659,0.022714,0.966627
0.632430,0.367570,0.000000
0.998921,0.001079,0.000000
0.857182,0.142818,0.000000
0.815246,0.184754,0.000000
0.002977,0.997017,0.000006
0.998427,0.001544,0.000029
0.975522,0.024110,0.000367
0.827161,0.171649,0.001189
0.997392,0.002608,0.000000
0.822781,0.177219,0.000000
0.998043,0.001957,0.000000
0.695506,0.303488,0.001006
0.287239,0.711081,0.001680
0.986932,0.013068,0.000000
0.020206,0.979620,0.000174
0.508032,0.011279,0.480689
0.994026,0.005781,0.000193
0.007777,0.013776,0.978447
0.750611,0.237157,0.012232
0.972914,0.027086,0.000000
0.578901,0.371444,0.049654
0.004065,0.993607,0.002328
0.999073,0.000922,0.000005
0.000447,0.000048,0.999505
0.288040,0.711957,0.000003
0.999205,0.000795,0.000000
0.745107,0.254452,0.000441
0.994912,0.005008,0.000080
0.140680,0.620836,0.238485
0.009275,0.033256,0.957469
0.009963,0.003453,0.986584
0.893793,0.106207,0.000000
0.670062,0.329938,0.000000
0.982074,0.017926,0.000000
0.999593,0.000407,0.000000
0.997532,0.002468,0.000000
0.926100,0.073900,0.000000
0.000516,0.999308,0.000176
0.965184,0.030812,0.004004
0.998797,0.001203,0.000000
0.791176,0.207269,0.001555
0.703776,0.293267,0.002956
0.010517,0.006694,0.982788
0.039660,0.177594,0.782746
0.015081,0.008790,0.976129
0.605780,0.394203,0.000018
0.001335,0.998643,0.000022
0.075782,0.116868,0.807350
0.000761,0.997257,0.001983
0.025848,0.377326,0.596826
0.989202,0.010798,0.000000
0.941997,0.042411,0.015592
0.968621,0.018445,0.012935
0.994977,0.005020,0.000004
0.055782,0.344513,0.599706
0.337096,0.239699,0.423206
0.955041,0.023420,0.021539
0.068226,0.927472,0.004302
0.094396,0.552790,0.352814
0.838407,0.161593,0.000000
0.897727,0.102273,0.000000
0.997272,0.002718,0.000010
0.686011,0.313987,0.000002
0.000526,0.001223,0.998251
0.044947,0.064676,0.890377
0.982339,0.017658,0.000003
0.416149,0.570534,0.013317
0.998289,0.001711,0.000000
0.004438,0.912249,0.083312
0.959585,0.039895,0.000519
0.321511,0.559002,0.119487
0.111282,0.770100,0.118618
0.314058,0.003738,0.682204
0.002265,0.997721,0.000014
0.016756,0.976039,0.007205
0.965442,0.034260,0.000298
0.979550,0.020450,0.000000
0.107270,0.781242,0.111488
0.996354,0.003646,0.000000
0.938581,0.061419,0.000000
0.069699,0.096967,0.833334
0.004489,0.064124,0.931387
0.001146,0.996028,0.002826
0.010824,0.019804,0.969373
0.267887,0.732110,0.000003
0.048628,0.078851,0.872522
0.982677,0.012342,0.004981
0.960549,0.006216,0.033235
0.331967,0.667832,0.000201
0.987857,0.012143,0.000000
0.999336,0.000664,0.000000
0.953979,0.046022,0.000000
0.995404,0.004584,0.000012
0.006432,0.147776,0.845792
0.991808,0.008192,0.000000
0.606026,0.393436,0.000538
0.002197,0.002562,0.995241
0.907995,0.024754,0.067251
0.000909,0.989496,0.009595
0.997421,0.002579,0.000000
0.222435,0.777512,0.000052
0.316388,0.683612,0.000000
0.558305,0.065891,0.375803
0.039719,0.049499,0.910782
0.960739,0.039185,0.000075
0.620042,0.379950,0.000008
0.785685,0.214236,0.000079
0.617571,0.378991,0.003439
0.997992,0.002008,0.000000
0.002094,0.984741,0.013166
0.064714,0.002565,0.932721
0.492484,0.471284,0.036232
0.014975,0.052382,0.932642
0.759701,0.240299,0.000000
0.210069,0.001653,0.788278
0.012225,0.006161,0.981614
0.999114,0.000886,0.000000
0.008052,0.668957,0.322991
0.006546,0.993047,0.000407
0.573278,0.426722,0.000000
0.002197,0.996704,0.001099
0.969316,0.019856,0.010829
0.353725,0.010270,0.636005
0.899928,0.100072,0.000000
0.035695,0.525690,0.438616
0.885569,0.114359,0.000072
0.087871,0.912107,0.000022
0.999635,0.000365,0.000000
0.272627,0.417879,0.309493
0.995986,0.003918,0.000096
0.758258,0.072962,0.168780
0.000964,0.000057,0.998979
0.050982,0.054378,0.894640
0.061246,0.183435,0.755319
0.008121,0.569088,0.422791
0.998619,0.001381,0.000000
0.006160,0.035170,0.958670
0.006908,0.978409,0.014682
0.902251,0.097749,0.000000
0.595696,0.008179,0.396126
0.996497,0.003456,0.000047
0.966356,0.002947,0.030697
0.001711,0.002244,0.996045
0.472594,0.006270,0.521136
0.000775,0.000623,0.998602
0.996049,0.003951,0.000000
0.794094,0.205906,0.000000
0.006165,0.007578,0.986257
0.701016,0.298984,0.000000
0.990240,0.009760,0.000000
0.002930,0.997063,0.000008
0.003034,0.010274,0.986692
0.987394,0.012606,0.000000
0.845166,0.151970,0.002864
0.989020,0.010334,0.000647
0.002800,0.005068,0.992132
0.425150,0.574850,0.000000
0.934549,0.002108,0.063342
0.431141,0.441346,0.127513
0.714693,0.006694,0.278613
0.140703,0.726298,0.132998
0.014584,0.964177,0.021239
0.996811,0.003164,0.000025
0.816823,0.183177,0.000000
0.741718,0.250170,0.008111
0.908692,0.080634,0.010675
0.039038,0.056374,0.904588
0.990007,0.004947,0.005047
0.646786,0.351778,0.001435
0.002774,0.997225,0.000001
0.997137,0.002863,0.000000
0.704515,0.293201,0.002283
0.006381,0.366097,0.627522
0.188113,0.671582,0.140305
0.972075,0.027925,0.000000
0.396397,0.603479,0.000125
0.005101,0.993847,0.001052
0.998527,0.001467,0.000006
0.019197,0.038665,0.942138
0.987304,0.012696,0.000000
0.062825,0.089944,0.847231
0.723451,0.011503,0.265046
0.006443,0.179639,0.813918
0.730186,0.033432,0.236382
0.999570,0.000430,0.000000
0.002006,0.979730,0.018264
0.853925,0.145457,0.000618
0.986995,0.012581,0.000424
0.111819,0.592614,0.295567
0.728661,0.266409,0.004930
0.974501,0.025499,0.000000
0.946977,0.047967,0.005056
0.600366,0.155848,0.243786
0.009247,0.990089,0.000664
0.586774,0.413201,0.000025
0.916087,0.083913,0.000000
0.999248,0.000752,0.000000
0.998636,0.001362,0.000002
0.005415,0.993723,0.000862
0.626735,0.373263,0.000003
0.088271,0.869428,0.042301
0.009956,0.033516,0.956528
0.991815,0.005028,0.003157
0.003122,0.066130,0.930748
0.997907,0.002090,0.000003
0.995730,0.004267,0.000003
0.998554,0.001446,0.000000
0.990576,0.009418,0.000007
0.001182,0.992417,0.006401
0.905087,0.036471,0.058442
0.000045,0.000022,0.999933
0.998774,0.001226,0.000000
0.401919,0.597695,0.000385
0.015043,0.087895,0.897063
0.004939,0.991022,0.004039
0.002006,0.004559,0.993435
0.712363,0.287637,0.000000
0.799638,0.062197,0.138165
0.114923,0.542016,0.343061
0.010962,0.021208,0.967830
0.034002,0.299362,0.666636
0.249606,0.660251,0.090143
0.993958,0.006042,0.000000
0.998866,0.001128,0.000006
0.009360,0.166642,0.823999
0.626272,0.138901,0.234826
0.139513,0.544231,0.316257
0.008389,0.091344,0.900267
0.106191,0.163476,0.730333
0.481627,0.518360,0.000013
0.022845,0.052713,0.924442
0.998904,0.001097,0.000000
0.001302,0.994992,0.003706
0.019150,0.085372,0.895478
0.726042,0.270829,0.003129
0.664954,0.335046,0.000000
0.465042,0.426612,0.108346
0.010176,0.019952,0.969872
0.707968,0.291494,0.000538
0.999321,0.000679,0.000000
0.000284,0.000141,0.999575
0.003165,0.996808,0.000027
0.544124,0.453802,0.002074
0.999126,0.000874,0.000000
0.808738,0.169883,0.021379
0.033836,0.446191,0.519973
0.439301,0.560698,0.000001
0.766414,0.233399,0.000186
0.093043,0.905282,0.001675
0.652940,0.019495,0.327565
0.998646,0.001354,0.000000
0.854587,0.145412,0.000000
0.003901,0.996089,0.000010
0.831359,0.168641,0.000000
0.646172,0.353823,0.000006
0.066304,0.184408,0.749288
0.236213,0.763723,0.000064
0.962896,0.037104,0.000000
0.268200,0.009583,0.722217
0.887952,0.015380,0.096669
0.757614,0.239223,0.003163
0.600687,0.261773,0.137540
0.012977,0.150905,0.836118
0.982167,0.017819,0.000014
0.012887,0.094252,0.892861
0.987200,0.012414,0.000386
0.999016,0.000984,0.000000
0.687658,0.312342,0.000000
0.019469,0.980531,0.000000
0.989662,0.006610,0.003728
0.122227,0.551952,0.325821
0.012707,0.328762,0.658531
0.999224,0.000631,0.000145
0.865973,0.134027,0.000000
0.872064,0.127936,0.000000
0.446709,0.553256,0.000035
0.001060,0.000055,0.998884
0.000661,0.997838,0.001501
0.934347,0.064432,0.001221
0.004467,0.848192,0.147342
0.738813,0.248268,0.012918
0.006966,0.992938,0.000096
0.429304,0.566635,0.004061
0.834909,0.162847,0.002244
0.958232,0.034968,0.006800
0.604270,0.395728,0.000002
0.094183,0.905809,0.000008
0.556708,0.443292,0.000000
0.997575,0.002425,0.000000
0.886731,0.113242,0.000028
0.013568,0.006002,0.980430
0.322190,0.677806,0.000003
0.772566,0.012881,0.214553
0.729479,0.270520,0.000000
0.999518,0.000482,0.000000
0.653584,0.346416,0.000000
0.179872,0.294938,0.525190
0.075946,0.102222,0.821832
0.000735,0.001641,0.997624
0.945888,0.048089,0.006023
0.391359,0.547212,0.061429
0.837357,0.162643,0.000000
0.487266,0.266694,0.246039
0.998258,0.001742,0.000000
0.983347,0.016653,0.000000
0.192239,0.625166,0.182595
0.000505,0.999337,0.000158
0.960744,0.039011,0.000246
0.828128,0.023210,0.148662
0.999361,0.000640,0.000000
0.001731,0.004677,0.993592
0.038884,0.076340,0.884776
0.000709,0.998467,0.000824
0.998714,0.001286,0.000001
0.013162,0.561003,0.425835
0.001794,0.019203,0.979003
0.956699,0.001167,0.042134
0.044750,0.819333,0.135917
0.091600,0.901404,0.006997
0.999613,0.000387,0.000000
0.914880,0.084343,0.000778
0.002801,0.968018,0.029181
0.809865,0.190135,0.000000
0.016032,0.724788,0.259180
0.808643,0.191342,0.000015
0.998767,0.001233,0.000000
0.867151,0.132427,0.000423
0.031973,0.574214,0.393814
0.010584,0.030528,0.958888
0.999617,0.000384,0.000000
0.999712,0.000288,0.000000
0.632311,0.357402,0.010287
0.001048,0.988869,0.010082
0.158341,0.841583,0.000076
0.998765,0.001235,0.000000
0.995398,0.004602,0.000000
0.999336,0.000664,0.000000
0.306331,0.693669,0.000000
0.911854,0.087778,0.000368
0.999399,0.000601,0.000000
0.997708,0.002292,0.000000
0.599353,0.065122,0.335525
0.000249,0.000203,0.999547
0.996240,0.003741,0.000019
0.872984,0.127016,0.000000
0.995373,0.004627,0.000000
0.865584,0.133819,0.000597
0.949579,0.049774,0.000647
0.014686,0.060080,0.925233
0.674023,0.074640,0.251337
0.835317,0.164303,0.000381
0.998745,0.001255,0.000000
0.886841,0.113116,0.000042
0.997822,0.002178,0.000000
0.676066,0.323932,0.000001
0.999048,0.000952,0.000000
0.998967,0.001033,0.000000
0.998805,0.001195,0.000000
0.998618,0.001380,0.000002
0.989292,0.010707,0.000001
0.019863,0.142027,0.838110
0.005336,0.013515,0.981149
0.998408,0.001591,0.000000
0.563537,0.436462,0.000000
0.769011,0.230989,0.000000
0.943527,0.028403,0.028070
0.002265,0.002354,0.995381
0.999106,0.000888,0.000006
0.003604,0.994722,0.001673
0.999010,0.000990,0.000000
0.859610,0.140391,0.000000
0.062326,0.450287,0.487387
0.000821,0.999039,0.000140
0.036500,0.077448,0.886052
0.000879,0.999075,0.000046
0.071685,0.069474,0.858841
0.001715,0.746101,0.252184
0.019102,0.355329,0.625569
0.012653,0.973704,0.013644
0.976312,0.022843,0.000845
0.123140,0.540626,0.336235
0.001530,0.000343,0.998127
0.998598,0.001399,0.000003
0.042639,0.085523,0.871838
0.942634,0.057345,0.000020
0.002041,0.993857,0.004102
0.999365,0.000635,0.000000
0.000433,0.000051,0.999516
0.982878,0.016627,0.000495
0.002515,0.000694,0.996792
0.996819,0.003175,0.000006
0.990728,0.009229,0.000042
0.997237,0.002760,0.000004
0.782743,0.217257,0.000000
0.004551,0.591678,0.403771
0.999292,0.000708,0.000000
0.997970,0.002030,0.000000
0.851098,0.130060,0.018842
0.284589,0.715368,0.000043
0.677672,0.318253,0.004075
0.014444,0.179099,0.806458
0.690487,0.309513,0.000000
0.243783,0.576190,0.180027
0.011847,0.028593,0.959560
0.725688,0.274141,0.000171
0.012275,0.981690,0.006035
0.007483,0.012456,0.980061
0.998813,0.001187,0.000000
0.995680,0.004306,0.000014
0.708590,0.291410,0.000000
0.891412,0.108484,0.000105
0.621041,0.378959,0.000000
0.892489,0.107511,0.000000
0.302853,0.696413,0.000735
0.012927,0.042259,0.944814
0.360578,0.017138,0.622284
0.477987,0.522012,0.000001
0.021388,0.036146,0.942465
0.997399,0.002600,0.000000
0.005738,0.946300,0.047962
0.879534,0.082114,0.038351
0.884352,0.115617,0.000031
0.784447,0.215553,0.000000
0.013110,0.038693,0.948196
0.000134,0.000151,0.999715
0.998701,0.001281,0.000018
0.212345,0.777780,0.009876
0.639245,0.313330,0.047425
0.002713,0.000514,0.996773
0.919778,0.079773,0.000449
0.846767,0.153199,0.000034
0.514684,0.485303,0.000013
0.019280,0.056971,0.923750
0.997147,0.002824,0.000030
0.028921,0.403820,0.567259
0.132391,0.861487,0.006122
0.989887,0.010113,0.000000
0.953532,0.045675,0.000793
0.996445,0.003507,0.000048
0.997908,0.002084,0.000009
0.924705,0.075295,0.000000
0.142657,0.856254,0.001089
0.670454,0.329546,0.000000
0.003202,0.996797,0.000001
0.113031,0.588177,0.298791
0.025707,0.023863,0.950429
0.977216,0.022680,0.000104
0.998297,0.001703,0.000000
0.998804,0.001192,0.000004
0.020766,0.033953,0.945281
0.991469,0.008531,0.000000
0.407680,0.592319,0.000000
0.991017,0.008983,0.000000
0.010280,0.008069,0.981651
0.037058,0.931771,0.031171
0.187404,0.717651,0.094945
0.629453,0.366691,0.003855
0.999238,0.000762,0.000000
0.120950,0.535115,0.343935
0.061370,0.116328,0.822302
0.001755,0.936669,0.061576
0.000533,0.999398,0.000070
0.003715,0.012506,0.983778
0.765484,0.007360,0.227156
0.252476,0.735589,0.011935
0.993957,0.006043,0.000000
0.001169,0.000195,0.998636
0.034033,0.045918,0.920048
0.016030,0.297989,0.685981
0.061711,0.122690,0.815599
0.000716,0.001252,0.998032
0.096568,0.209980,0.693452
0.360474,0.638521,0.001005
0.153158,0.123782,0.723061
0.999165,0.000835,0.000000
0.732640,0.267360,0.000000
0.065402,0.845279,0.089319
0.965735,0.004197,0.030068
0.796984,0.129648,0.073368
0.496615,0.487301,0.016085
0.999110,0.000890,0.000000
0.004867,0.010893,0.984240
0.999507,0.000493,0.000000
0.999333,0.000667,0.000000
0.993475,0.006525,0.000000
0.994476,0.005517,0.000006
0.996589,0.003410,0.000002
0.010092,0.014420,0.975487
0.011448,0.035120,0.953433
0.924889,0.075105,0.000006
0.002914,0.997076,0.000010
0.263850,0.220583,0.515567
0.483550,0.516450,0.000000
0.973112,0.020087,0.006801
0.002046,0.003575,0.994379
0.961242,0.037413,0.001345
0.028964,0.691437,0.279598
0.983858,0.016142,0.000000
0.995647,0.004353,0.000000
0.603671,0.396329,0.000000
0.983686,0.011987,0.004327
0.463576,0.536382,0.000042
0.017771,0.023327,0.958902
0.686520,0.293675,0.019805
0.165860,0.175735,0.658405
0.000980,0.998887,0.000132
0.942787,0.029322,0.027891
0.091909,0.664672,0.243419
0.000122,0.000024,0.999854
0.999092,0.000908,0.000000
0.999475,0.000525,0.000000
0.968885,0.031115,0.000000
0.957177,0.041341,0.001482
0.999121,0.000879,0.000001
0.130522,0.530633,0.338845
0.000995,0.985666,0.013338
0.983364,0.016371,0.000265
0.789602,0.210398,0.000000
0.781242,0.218757,0.000000
0.966473,0.032999,0.000529
0.239917,0.564163,0.195919
0.730881,0.266622,0.002496
0.998608,0.001392,0.000000
0.999268,0.000730,0.000002
0.903109,0.023756,0.073135
0.249583,0.750415,0.000002
0.899317,0.100672,0.000011
0.744414,0.249478,0.006107
0.975825,0.024175,0.000000
0.561426,0.438574,0.000000
0.979175,0.020795,0.000030
0.540190,0.459810,0.000000
0.288862,0.335075,0.376063
0.996910,0.003090,0.000000
0.001995,0.997992,0.000013
0.339686,0.619961,0.040353
0.397079,0.254829,0.348092
0.521675,0.478241,0.000084
0.916585,0.083415,0.000000
0.021072,0.308363,0.670565
0.707943,0.292049,0.000008
0.013050,0.086571,0.900379
0.121850,0.352445,0.525705
0.238282,0.001952,0.759766
0.997593,0.002405,0.000001
0.516778,0.483221,0.000001
0.023579,0.041436,0.934985
0.029686,0.380816,0.589498
0.746742,0.070830,0.182429
0.006881,0.003775,0.989344
0.866544,0.131219,0.002237
0.999287,0.000712,0.000001
0.989878,0.010122,0.000000
0.998288,0.001711,0.000001
0.019188,0.820021,0.160790
0.010925,0.016321,0.972754
0.997340,0.002660,0.000000
0.243666,0.004133,0.752201
0.668645,0.331264,0.000091
0.729120,0.270094,0.000786
0.978457,0.021505,0.000038
0.810325,0.025162,0.164512
0.138311,0.861686,0.000003
0.985237,0.014751,0.000012
0.997258,0.002742,0.000000
0.004418,0.936939,0.058643
0.018752,0.978480,0.002768
0.981226,0.011640,0.007134
0.979269,0.020614,0.000117
0.099838,0.900161,0.000001
0.997368,0.002629,0.000003
0.984888,0.010065,0.005047
0.317506,0.682395,0.000099
0.389698,0.023479,0.586823
0.999614,0.000386,0.000000
0.767588,0.232412,0.000000
0.997172,0.002818,0.000010
0.002650,0.002712,0.994638
0.043455,0.556191,0.400354
0.004442,0.006450,0.989107
0.183795,0.812261,0.003944
0.519011,0.458540,0.022449
0.179851,0.301967,0.518182
0.940801,0.059193,0.000007
0.070507,0.478461,0.451032
0.977487,0.008932,0.013581
0.019411,0.070121,0.910469
0.003788,0.010144,0.986068
0.864261,0.013675,0.122064
0.025368,0.425633,0.548999
0.156735,0.568548,0.274718
0.000591,0.999340,0.000069
0.033155,0.097302,0.869544
0.324106,0.462660,0.213234
0.996051,0.003948,0.000001
0.002819,0.048138,0.949043
0.005108,0.019340,0.975552
0.759760,0.239941,0.000299
0.006301,0.991052,0.002647
0.026958,0.188581,0.784461
0.065487,0.419883,0.514630
0.995046,0.004954,0.000000
0.001827,0.998162,0.000011
0.002388,0.997484,0.000128
0.014741,0.253949,0.731311
0.003076,0.996898,0.000027
0.953725,0.045929,0.000346
0.000435,0.000066,0.999499
0.830421,0.162373,0.007207
0.618402,0.381598,0.000000
0.995357,0.004642,0.000001
0.004440,0.994912,0.000648
0.998327,0.001673,0.000000
0.682033,0.006401,0.311566
0.001061,0.991111,0.007828
0.653382,0.346618,0.000000
0.898847,0.101144,0.000009
0.004160,0.007427,0.988413
0.797023,0.202975,0.000003
0.003149,0.007153,0.989697
0.996014,0.003986,0.000000
0.601305,0.385567,0.013128
0.010193,0.005543,0.984263
0.171598,0.827002,0.001400
0.997588,0.002411,0.000001
0.006856,0.016805,0.976340
0.577383,0.422617,0.000000
0.531130,0.468854,0.000016
0.006051,0.991664,0.002286
0.115190,0.001866,0.882944
0.050238,0.382974,0.566788
0.999424,0.000576,0.000000
0.998872,0.001123,0.000005
0.016215,0.034583,0.949202
0.397878,0.601029,0.001093
0.000383,0.000079,0.999538
0.815863,0.183147,0.000990
0.998421,0.001577,0.000002
0.020309,0.230308,0.749383
0.999408,0.000592,0.000000
0.147796,0.727417,0.124787
0.968649,0.031351,0.000000
0.996593,0.003407,0.000000
0.134898,0.632394,0.232708
0.117502,0.882415,0.000083
0.235647,0.011997,0.752357
0.960919,0.039080,0.000001
0.989245,0.010731,0.000023
0.001722,0.995964,0.002314
0.844860,0.155140,0.000000
0.529254,0.007925,0.462821
0.986657,0.011343,0.002000
0.785874,0.212434,0.001692
0.939914,0.010705,0.049380
0.003557,0.000513,0.995930
0.825357,0.161775,0.012868
0.744827,0.254899,0.000274
0.992729,0.007271,0.000000
0.626608,0.373392,0.000000
0.886945,0.113055,0.000000
0.012402,0.859145,0.128453
0.011857,0.029791,0.958352
0.998142,0.001858,0.000000
0.270210,0.717102,0.012688
0.978847,0.007661,0.013492
0.017569,0.116480,0.865951
0.067857,0.067841,0.864303
0.997744,0.002233,0.000023
0.063397,0.402222,0.534381
0.121228,0.828609,0.050163
0.005105,0.973132,0.021763
0.021304,0.968748,0.009949
0.513941,0.000359,0.485699
0.831251,0.154971,0.013778
0.001677,0.998103,0.000220
0.296079,0.703913,0.000008
0.745965,0.038857,0.215178
0.224293,0.775706,0.000001
0.004475,0.995521,0.000004
0.384073,0.601525,0.014402
0.698867,0.301132,0.000000
0.956848,0.043115,0.000037
0.890134,0.063202,0.046664
0.178662,0.002140,0.819198
0.033726,0.175027,0.791247
0.055461,0.344817,0.599722
0.812970,0.083284,0.103746
0.808767,0.191233,0.000000
0.003578,0.996421,0.000001
0.005656,0.942982,0.051361
0.843511,0.002670,0.153819
0.052133,0.919504,0.028363
0.012478,0.987360,0.000162
0.001313,0.000209,0.998478
0.971270,0.028710,0.000021
0.014720,0.154401,0.830878
0.474605,0.525354,0.000041
0.830007,0.169940,0.000053
0.006258,0.992315,0.001426
0.701911,0.008279,0.289811
0.000169,0.000006,0.999825
0.629260,0.370740,0.000000
0.512425,0.482147,0.005428
0.013683,0.159550,0.826767
0.072189,0.594751,0.333061
0.812286,0.187714,0.000000
0.049247,0.570501,0.380252
0.516832,0.003923,0.479245
0.991255,0.008730,0.000016
0.999274,0.000726,0.000000
0.756230,0.241149,0.002621
0.869532,0.130468,0.000000
0.001130,0.997017,0.001852
0.977787,0.022213,0.000000
0.881970,0.118014,0.000016
0.011020,0.357422,0.631558
0.005592,0.002741,0.991667
0.997528,0.002471,0.000000
0.003450,0.996490,0.000059
0.999391,0.000609,0.000000
0.712413,0.287585,0.000002
0.675576,0.324424,0.000000
0.276244,0.712365,0.011391
0.855074,0.144926,0.000000
0.008308,0.991503,0.000189
0.003453,0.996417,0.000130
0.984597,0.012271,0.003132
0.472286,0.016787,0.510927
0.000993,0.000089,0.998918
0.222333,0.007103,0.770564
0.657045,0.008208,0.334747
0.670498,0.322932,0.006570
0.996428,0.003568,0.000004
0.149547,0.792219,0.058234
0.146300,0.506610,0.347090
0.005486,0.012376,0.982137
0.846726,0.153274,0.000000
0.045227,0.404171,0.550602
0.004510,0.013228,0.982261
0.999438,0.000562,0.000000
0.690253,0.217883,0.091863
0.986366,0.013634,0.000000
0.953274,0.016960,0.029765
0.015176,0.009277,0.975547
0.005641,0.991783,0.002576
0.977868,0.021997,0.000136
0.029484,0.371842,0.598674
0.763539,0.234881,0.001580
0.033057,0.024146,0.942796
0.013996,0.397039,0.588966
0.010995,0.034284,0.954722
0.011571,0.033600,0.954830
0.231738,0.166800,0.601462
0.055075,0.076087,0.868838
0.125138,0.806757,0.068105
0.000960,0.998640,0.000400
0.846196,0.153804,0.000000
0.177903,0.789852,0.032246
0.055496,0.474070,0.470434
0.015496,0.171771,0.812733
0.982598,0.017401,0.000000
0.910507,0.089441,0.000051
0.054888,0.058125,0.886986
0.006080,0.990709,0.003210
0.285062,0.714936,0.000003
0.998636,0.001364,0.000000
0.062805,0.001219,0.935976
0.857437,0.142563,0.000000
0.260401,0.228011,0.511588
0.997341,0.002499,0.000160
0.000750,0.998272,0.000978
0.202634,0.645296,0.152070
0.696216,0.303767,0.000017
0.999630,0.000370,0.000000
0.480982,0.519000,0.000017
0.002359,0.000778,0.996863
0.964556,0.035444,0.000000
0.992667,0.007333,0.000000
0.757894,0.242105,0.000001
0.412583,0.555959,0.031458
0.997678,0.002311,0.000011
0.998390,0.001610,0.000000
0.995517,0.004470,0.000014
0.999405,0.000595,0.000000
0.001164,0.000174,0.998662
0.857421,0.142244,0.000335
0.031160,0.352767,0.616072
0.201832,0.522503,0.275665
0.127774,0.779678,0.092548
0.181455,0.362984,0.455561
0.550029,0.449971,0.000000
0.758823,0.241176,0.000000
0.944329,0.049767,0.005904
0.329154,0.002558,0.668288
0.868898,0.131102,0.000000
0.992507,0.007493,0.000000
0.374714,0.624402,0.000883
0.001582,0.992085,0.006333
0.263102,0.523166,0.213732
0.008931,0.015130,0.975939
0.014190,0.109899,0.875911
0.016021,0.856310,0.127669
0.828399,0.171601,0.000000
0.821725,0.059905,0.118369
0.996824,0.003175,0.000000
0.033125,0.257557,0.709317
0.962355,0.007261,0.030384
0.000553,0.000037,0.999411
0.994271,0.005705,0.000023
0.672817,0.327179,0.000003
0.993219,0.006781,0.000000
0.000053,0.000096,0.999851
0.918331,0.045019,0.036649
0.238578,0.691395,0.070027
0.047682,0.099421,0.852897
0.987198,0.012802,0.000000
0.049000,0.390296,0.560704
0.992647,0.007353,0.000000
0.908475,0.003076,0.088449
0.377526,0.622473,0.000000
0.085343,0.246956,0.667701
0.999508,0.000492,0.000000
0.999304,0.000696,0.000000
0.998597,0.001402,0.000001
0.916438,0.083519,0.000044
0.024904,0.542696,0.432401
0.959576,0.015089,0.025335
0.057446,0.159196,0.783357
0.982625,0.017366,0.000009
0.727632,0.272368,0.000000
0.766088,0.007851,0.226061
0.756259,0.243741,0.000000
0.191304,0.485078,0.323618
0.996473,0.003527,0.000000
0.906942,0.093058,0.000000
0.044384,0.109697,0.845919
0.004761,0.988170,0.007069
0.003646,0.993826,0.002528
0.371927,0.023239,0.604835
0.998766,0.001234,0.000001
0.990440,0.008442,0.001118
0.682681,0.312003,0.005316
0.431109,0.547587,0.021304
0.049384,0.384581,0.566035
0.980662,0.016355,0.002983
0.875933,0.124067,0.000000
0.106181,0.852581,0.041238
0.696340,0.009722,0.293938
0.768002,0.231269,0.000729
0.000652,0.001707,0.997640
0.708572,0.291428,0.000000
0.420299,0.579688,0.000013
0.992552,0.007448,0.000000
0.950339,0.048180,0.001481
0.299727,0.700249,0.000024
0.940307,0.059693,0.000000
0.115930,0.261869,0.622201
0.941208,0.058480,0.000312
0.491820,0.479495,0.028685
0.169078,0.678721,0.152201
0.948454,0.014652,0.036894
0.757467,0.027134,0.215400
0.998438,0.001562,0.000000
0.999317,0.000644,0.000039
0.884547,0.115453,0.000000
0.691203,0.308797,0.000000
0.993831,0.006169,0.000000
0.272994,0.718925,0.008081
0.004037,0.994828,0.001135
0.997798,0.002190,0.000013
0.878645,0.117116,0.004239
0.990543,0.009154,0.000303
0.963284,0.036716,0.000000
0.640745,0.359255,0.000000
0.352687,0.011675,0.635638
0.006662,0.084157,0.909181
0.500863,0.009628,0.489510
0.879153,0.120335,0.000512
0.718888,0.277129,0.003983
0.010049,0.953439,0.036513
0.939726,0.060264,0.000010
0.010312,0.897923,0.091765
0.028152,0.069625,0.902223
0.002435,0.997560,0.000005
0.646050,0.351271,0.002679
0.970018,0.009603,0.020379
0.003298,0.956371,0.040331
0.995682,0.004279,0.000039
0.991654,0.008178,0.000168
0.971119,0.028758,0.000123
0.667996,0.332004,0.000000
0.972995,0.027005,0.000000
0.998221,0.001779,0.000000
0.017430,0.412652,0.569917
0.999439,0.000561,0.000000
0.645871,0.354128,0.000001
0.009127,0.006338,0.984535
0.999748,0.000252,0.000000
0.998963,0.001037,0.000000
0.558623,0.407862,0.033516
0.786755,0.013038,0.200207
0.020453,0.254592,0.724955
0.000606,0.000033,0.999361
0.794788,0.205212,0.000000
0.958881,0.033366,0.007752
0.848167,0.151833,0.000000
0.008460,0.011447,0.980093
0.000739,0.998267,0.000995
0.565976,0.433881,0.000144
0.020965,0.012378,0.966657
0.796966,0.185156,0.017878
0.015967,0.055489,0.928544
0.022553,0.088103,0.889344
0.658269,0.341546,0.000185
0.991598,0.008402,0.000000
0.029634,0.466071,0.504295
0.003789,0.005003,0.991208
0.979141,0.020859,0.000000
0.723919,0.276081,0.000000
0.871403,0.126971,0.001626
0.988922,0.009974,0.001104
0.998396,0.001604,0.000000
0.959515,0.040485,0.000000
0.014864,0.035838,0.949297
0.203470,0.093478,0.703053
0.036689,0.246765,0.716547
0.795738,0.117349,0.086914
0.903179,0.096697,0.000123
0.170382,0.596813,0.232805
0.993028,0.006972,0.000000
0.977521,0.021260,0.001219
0.987832,0.012168,0.000000
0.999773,0.000227,0.000000
0.008067,0.022056,0.969877
0.998357,0.001643,0.000000
0.000263,0.000049,0.999687
0.991608,0.008392,0.000000
0.989632,0.010368,0.000000
0.743184,0.256024,0.000791
0.756246,0.043863,0.199892
0.029174,0.328675,0.642151
0.964486,0.026603,0.008911
0.957795,0.042205,0.000000
0.996703,0.003283,0.000014
0.069765,0.759871,0.170365
0.250614,0.149468,0.599917
0.986838,0.013162,0.000000
0.015488,0.277413,0.707099
0.034642,0.542604,0.422754
0.008977,0.010231,0.980792
0.997607,0.002305,0.000089
0.047584,0.637988,0.314428
0.057270,0.466260,0.476470
0.214707,0.687465,0.097828
0.994138,0.005862,0.000000
0.873722,0.125644,0.000634
0.999170,0.000830,0.000000
0.707682,0.289563,0.002755
0.302160,0.697763,0.000077
0.890632,0.109368,0.000000
0.002574,0.997417,0.000009
0.018890,0.017373,0.963737
0.011368,0.966998,0.021633
0.992556,0.006206,0.001238
0.033499,0.429329,0.537172
0.013074,0.015073,0.971853
0.018735,0.224954,0.756311
0.681158,0.318084,0.000758
0.013952,0.005585,0.980463
0.052340,0.825502,0.122158
0.050792,0.427561,0.521648
0.856899,0.118516,0.024585
0.010087,0.025208,0.964705
0.649514,0.043216,0.307269
0.007433,0.012248,0.980318
0.128727,0.708723,0.162550
0.032232,0.370987,0.596781
0.176677,0.822747,0.000576
0.798710,0.201290,0.000000
0.946317,0.053683,0.000000
0.716128,0.283871,0.000001
0.003281,0.995076,0.001643
0.733772,0.256843,0.009385
0.922185,0.077815,0.000000
0.994067,0.005933,0.000000
0.481747,0.518241,0.000012
0.013029,0.023552,0.963418
0.971991,0.004180,0.023828
0.997844,0.002155,0.000001
0.999280,0.000717,0.000003
0.003201,0.996798,0.000000
0.998890,0.001110,0.000000
0.998958,0.001042,0.000000
0.117620,0.696896,0.185484
0.992699,0.007301,0.000000
0.998772,0.001227,0.000001
0.999606,0.000394,0.000000
0.911741,0.088259,0.000000
0.798330,0.200800,0.000869
0.423976,0.576024,0.000000
0.007260,0.826121,0.166619
0.610431,0.003808,0.385762
