0.039759,0.025758,0.041016,0.025085,0.517814,0.080440,0.168982,0.019599,0.029417,0.052129
0.057441,0.279719,0.042775,0.041933,0.058466,0.095233,0.062822,0.044918,0.278115,0.038577
0.205750,0.077078,0.091083,0.127381,0.084602,0.102059,0.084844,0.024439,0.104901,0.097862
0.078173,0.115932,0.058892,0.185340,0.068935,0.074369,0.203796,0.067406,0.085279,0.061878
0.070342,0.072713,0.086240,0.107575,0.091676,0.096342,0.103246,0.076552,0.187972,0.107342
0.054317,0.110650,0.035380,0.082655,0.061563,0.135393,0.291461,0.106978,0.082758,0.038845
0.037436,0.060996,0.093284,0.101136,0.433606,0.069649,0.057079,0.051939,0.034882,0.059994
0.107684,0.081621,0.063568,0.040055,0.040683,0.127014,0.338969,0.052786,0.103250,0.044370
0.037890,0.313780,0.068500,0.057767,0.037047,0.278747,0.092105,0.044359,0.029193,0.040613
0.030231,0.074513,0.031023,0.179249,0.043486,0.120315,0.210138,0.135118,0.076103,0.099823
0.091545,0.147582,0.112859,0.099930,0.076080,0.061585,0.177818,0.076713,0.069312,0.086576
0.044034,0.129922,0.305080,0.098027,0.056153,0.077252,0.100665,0.052559,0.038991,0.097317
0.044404,0.103817,0.096002,0.084043,0.052970,0.245279,0.197945,0.023483,0.062664,0.089393
0.054594,0.111777,0.322522,0.056806,0.075323,0.205439,0.058971,0.055888,0.031152,0.027528
0.046117,0.084487,0.133699,0.106055,0.120696,0.057480,0.130449,0.123290,0.078334,0.119392
0.074995,0.278968,0.038548,0.108329,0.099702,0.053443,0.126266,0.049734,0.076820,0.093196
0.026848,0.028161,0.367160,0.018920,0.206960,0.087575,0.021253,0.027851,0.198810,0.016461
0.076919,0.119089,0.043228,0.130603,0.043233,0.315416,0.121762,0.057349,0.054767,0.037634
0.069622,0.125151,0.122031,0.066579,0.094659,0.169133,0.095962,0.092172,0.075148,0.089544
0.136267,0.076240,0.100338,0.118709,0.089737,0.145112,0.097149,0.070201,0.074034,0.092213
0.072859,0.348021,0.058834,0.045291,0.021900,0.024474,0.267056,0.020594,0.087217,0.053756
0.084986,0.143871,0.035230,0.075227,0.084414,0.187756,0.147733,0.113198,0.054571,0.073015
0.039886,0.212263,0.084088,0.071018,0.329782,0.072713,0.061048,0.028262,0.030398,0.070543
0.088041,0.112622,0.257315,0.084149,0.043325,0.068683,0.061031,0.055490,0.148404,0.080941
0.038443,0.126459,0.088773,0.115818,0.283694,0.073671,0.132692,0.052309,0.048111,0.040031
0.058369,0.093881,0.347406,0.095330,0.079722,0.059828,0.084009,0.043007,0.048797,0.089651
0.097266,0.084804,0.073876,0.083241,0.077470,0.160318,0.084099,0.075495,0.175482,0.087950
0.091354,0.102771,0.112410,0.088551,0.063469,0.111006,0.113526,0.115818,0.098010,0.103085
0.033377,0.063302,0.482282,0.096578,0.043836,0.092276,0.063598,0.038795,0.030789,0.055167
0.037901,0.187849,0.060065,0.092179,0.098479,0.072854,0.136746,0.099567,0.073064,0.141295
0.063272,0.291074,0.094821,0.087398,0.058724,0.081465,0.105765,0.070034,0.088002,0.059445
0.032094,0.089183,0.332526,0.113700,0.085895,0.091684,0.099946,0.055496,0.038197,0.061279
0.045290,0.042093,0.070042,0.076185,0.027507,0.101085,0.346814,0.064649,0.172836,0.053497
0.096087,0.085974,0.033701,0.142855,0.079126,0.191483,0.191297,0.067653,0.042812,0.069012
0.073575,0.109709,0.277412,0.029031,0.056626,0.065875,0.186080,0.063841,0.048531,0.089320
0.021761,0.082993,0.427217,0.063986,0.176971,0.061543,0.054082,0.027754,0.035226,0.048468
0.052614,0.112214,0.317031,0.100686,0.048375,0.087088,0.077281,0.054870,0.111134,0.038708
0.060355,0.102111,0.283312,0.107252,0.065707,0.088389,0.084733,0.051694,0.095184,0.061263
0.058225,0.066411,0.227999,0.091417,0.042917,0.065915,0.184760,0.052793,0.093872,0.115691
0.031601,0.088414,0.588607,0.051522,0.015291,0.068239,0.059309,0.037678,0.025725,0.033613
0.063912,0.088021,0.096756,0.140522,0.089761,0.112944,0.151178,0.080274,0.053193,0.123439
0.058430,0.081917,0.198893,0.091829,0.054998,0.064753,0.218510,0.067500,0.084375,0.078795
0.051128,0.057657,0.376069,0.090465,0.045352,0.099591,0.063962,0.031421,0.134892,0.049463
0.041536,0.083464,0.092748,0.102900,0.048490,0.076914,0.339866,0.068855,0.039065,0.106162
0.051014,0.151687,0.030259,0.133391,0.034075,0.311391,0.102456,0.098037,0.033166,0.054524
0.068237,0.089307,0.117228,0.143710,0.054218,0.179548,0.109992,0.079904,0.058949,0.098907
0.056401,0.125691,0.077990,0.102826,0.062697,0.049927,0.275821,0.078510,0.072829,0.097308
0.097820,0.093584,0.081873,0.145075,0.095162,0.112486,0.126675,0.083975,0.077927,0.085423
0.028885,0.132125,0.454271,0.027020,0.059248,0.074693,0.068490,0.034089,0.071164,0.050016
0.031924,0.312155,0.080214,0.057449,0.017247,0.031559,0.310617,0.026914,0.093281,0.038640
0.070501,0.092092,0.053626,0.184883,0.148862,0.047339,0.157073,0.069021,0.057740,0.118863
0.062809,0.080562,0.256133,0.061653,0.064336,0.118648,0.085975,0.061710,0.161445,0.046730
0.024908,0.351850,0.070568,0.028553,0.017875,0.051229,0.332878,0.022595,0.051255,0.048289
0.037130,0.099423,0.503144,0.075348,0.016498,0.062133,0.033892,0.059812,0.075571,0.037048
0.038193,0.061913,0.044770,0.050527,0.054748,0.065906,0.240179,0.036293,0.365076,0.042396
0.016500,0.222224,0.064383,0.036444,0.413950,0.078101,0.040723,0.050164,0.044178,0.033332
0.042677,0.244914,0.209030,0.083380,0.044526,0.109694,0.065500,0.059840,0.067127,0.073312
0.011718,0.053517,0.581983,0.045687,0.131512,0.057578,0.037527,0.027347,0.024766,0.028366
0.082070,0.124615,0.073139,0.117442,0.101999,0.154281,0.112136,0.075030,0.058427,0.100862
0.083353,0.089131,0.277056,0.101141,0.070035,0.079416,0.095904,0.036225,0.081216,0.086522
0.052223,0.118556,0.111511,0.121150,0.048861,0.044409,0.303951,0.063398,0.045003,0.090938
0.025892,0.022208,0.549283,0.022229,0.217939,0.083043,0.030657,0.014164,0.020126,0.014461
0.037944,0.072192,0.355358,0.112217,0.070116,0.097645,0.089228,0.046610,0.073611,0.045079
0.051309,0.108546,0.043142,0.158188,0.134948,0.177510,0.098305,0.059942,0.061479,0.106631
0.033678,0.045180,0.305330,0.024093,0.147803,0.125332,0.141796,0.058193,0.045862,0.072734
0.063043,0.348496,0.108857,0.048535,0.064385,0.093791,0.088734,0.076826,0.052043,0.055289
0.078777,0.235005,0.036587,0.090531,0.096224,0.115136,0.076645,0.112104,0.064018,0.094974
0.023649,0.317239,0.022962,0.030222,0.018678,0.187056,0.323278,0.025537,0.027213,0.024167
0.062132,0.101879,0.323944,0.062468,0.072619,0.190729,0.035389,0.049014,0.068688,0.033137
0.029508,0.121830,0.031734,0.058455,0.063944,0.152224,0.274233,0.140239,0.048746,0.079088
0.040838,0.240776,0.039828,0.021521,0.433259,0.070959,0.042651,0.039154,0.041744,0.029270
0.025187,0.045043,0.069653,0.082737,0.338448,0.183467,0.032021,0.025972,0.147797,0.049675
0.038614,0.108671,0.042611,0.118993,0.121887,0.182175,0.110387,0.153815,0.078155,0.044692
0.035879,0.169422,0.032696,0.118500,0.127156,0.042608,0.206361,0.128494,0.059776,0.079108
0.054593,0.127208,0.030910,0.077558,0.101115,0.320712,0.073854,0.110740,0.049766,0.053544
0.049334,0.154618,0.075741,0.113314,0.061610,0.175624,0.121325,0.077668,0.078953,0.091813
0.096273,0.397203,0.070171,0.046233,0.063178,0.059713,0.067262,0.064561,0.069977,0.065429
0.072277,0.087627,0.275629,0.119444,0.047082,0.085314,0.097907,0.064719,0.078978,0.071022
0.103125,0.377158,0.052941,0.024046,0.012496,0.055782,0.306693,0.027202,0.016606,0.023950
0.033345,0.029282,0.115714,0.054867,0.161899,0.132662,0.064854,0.048972,0.325625,0.032779
0.102028,0.085954,0.102355,0.123869,0.060944,0.153758,0.154397,0.036524,0.109097,0.071074
0.124730,0.094590,0.235070,0.037371,0.052770,0.133550,0.137720,0.041002,0.065606,0.077591
0.149363,0.083296,0.103902,0.115471,0.063250,0.143448,0.085391,0.092450,0.089101,0.074328
0.091970,0.341372,0.083576,0.096191,0.067940,0.070994,0.052118,0.032970,0.084168,0.078700
0.045251,0.054304,0.071277,0.154718,0.046580,0.111291,0.337835,0.058686,0.034067,0.085992
0.035606,0.343905,0.040794,0.065789,0.027999,0.022306,0.364900,0.052948,0.018262,0.027490
0.089171,0.104207,0.122049,0.124519,0.089964,0.105298,0.105349,0.084011,0.065262,0.110169
0.035313,0.063562,0.077127,0.126195,0.056391,0.112581,0.299199,0.062959,0.079244,0.087430
0.033821,0.242352,0.032636,0.172671,0.051827,0.138970,0.138147,0.052086,0.050691,0.086798
0.037108,0.026256,0.054035,0.034649,0.371953,0.239337,0.048634,0.032591,0.114035,0.041401
0.064280,0.303523,0.074604,0.069067,0.063569,0.100785,0.080919,0.066151,0.072381,0.104722
0.077579,0.192294,0.223110,0.101985,0.050892,0.150928,0.044943,0.052223,0.038908,0.067137
0.051660,0.047348,0.071511,0.043065,0.445453,0.092543,0.048551,0.120007,0.040919,0.038942
0.023573,0.394071,0.045739,0.046005,0.022000,0.029082,0.308125,0.016469,0.078418,0.036518
0.068550,0.232347,0.235507,0.088247,0.057647,0.111313,0.046639,0.047083,0.050818,0.061850
0.159507,0.100260,0.106278,0.095802,0.075469,0.156653,0.140131,0.024626,0.061512,0.079761
0.100633,0.051650,0.292309,0.093564,0.048391,0.133707,0.092302,0.046021,0.066082,0.075341
0.074254,0.182736,0.174189,0.099962,0.069109,0.064201,0.080779,0.044156,0.097918,0.112696
0.045803,0.315596,0.087905,0.086597,0.063475,0.092585,0.102686,0.061623,0.040866,0.102864
0.089938,0.124077,0.077104,0.144972,0.067290,0.114078,0.113099,0.082468,0.064687,0.122286
0.057542,0.415723,0.034294,0.045840,0.017932,0.035331,0.310999,0.027386,0.016896,0.038057
0.051579,0.322889,0.095800,0.092809,0.026722,0.118096,0.059152,0.034301,0.099960,0.098693
0.053794,0.086323,0.312652,0.109518,0.051792,0.080171,0.093687,0.061135,0.054295,0.096632
0.132564,0.244011,0.152118,0.074529,0.027711,0.053050,0.067262,0.040741,0.165267,0.042747
0.039887,0.164631,0.283510,0.018505,0.063242,0.197590,0.060477,0.050015,0.098037,0.024105
0.091088,0.130122,0.095393,0.086556,0.065790,0.149905,0.116759,0.084855,0.073668,0.105864
0.022380,0.166761,0.056987,0.032902,0.373152,0.071187,0.058280,0.057429,0.098986,0.061937
0.148383,0.214948,0.150058,0.052771,0.044322,0.043889,0.231564,0.044752,0.020167,0.049147
0.041616,0.105176,0.081147,0.119625,0.089189,0.196268,0.166803,0.063489,0.084595,0.052092
0.036002,0.332422,0.121208,0.034400,0.257487,0.050733,0.058650,0.027116,0.057648,0.024332
0.026052,0.037297,0.448855,0.037395,0.143686,0.138834,0.041194,0.019267,0.030513,0.076908
0.159448,0.242277,0.155826,0.031839,0.045336,0.067116,0.109193,0.038213,0.034562,0.116189
0.058645,0.127557,0.044092,0.114298,0.032433,0.276102,0.095051,0.061879,0.126054,0.063888
0.021915,0.064983,0.086728,0.076021,0.257339,0.117230,0.255075,0.025413,0.047600,0.047696
0.022975,0.026176,0.561779,0.073618,0.047474,0.073730,0.049825,0.050278,0.062264,0.031882
0.112737,0.060109,0.258773,0.075600,0.058531,0.072259,0.087170,0.052882,0.152180,0.069758
0.102738,0.078041,0.109308,0.145270,0.112771,0.061809,0.170281,0.068256,0.054669,0.096856
0.061753,0.154242,0.118773,0.056251,0.080529,0.078615,0.166490,0.069173,0.041914,0.172261
0.050749,0.191603,0.082780,0.126752,0.096755,0.076040,0.151532,0.028583,0.071223,0.123984
0.082619,0.346287,0.076385,0.097473,0.076047,0.062076,0.114439,0.028039,0.034922,0.081713
0.111001,0.084824,0.095766,0.086614,0.064180,0.126989,0.101451,0.063305,0.159595,0.106274
0.072491,0.106914,0.082794,0.091486,0.056443,0.138088,0.079641,0.068915,0.177262,0.125967
0.060710,0.095097,0.232617,0.046659,0.078288,0.092103,0.138368,0.063493,0.049452,0.143214
0.051833,0.075366,0.084583,0.109974,0.092039,0.129654,0.106198,0.082676,0.174580,0.093096
0.066466,0.087697,0.084148,0.083599,0.074333,0.068542,0.301112,0.030040,0.155608,0.048454
0.071322,0.068576,0.083464,0.121516,0.082703,0.068776,0.310748,0.051524,0.067541,0.073829
0.018066,0.229589,0.056995,0.018827,0.447780,0.086213,0.025763,0.033948,0.034434,0.048385
0.030637,0.043469,0.065491,0.072532,0.521553,0.098967,0.044879,0.032620,0.046480,0.043372
0.063892,0.072459,0.067266,0.084055,0.074075,0.085839,0.331138,0.072797,0.067336,0.081142
0.017062,0.078169,0.665883,0.049796,0.015854,0.057149,0.039967,0.018377,0.027281,0.030463
0.031950,0.062689,0.065896,0.039648,0.337275,0.061841,0.247855,0.068346,0.043692,0.040808
0.024489,0.236264,0.102780,0.070263,0.231055,0.114153,0.037221,0.033190,0.108268,0.042317
0.078563,0.066475,0.110479,0.051634,0.048434,0.128382,0.325148,0.048589,0.037461,0.104835
0.049927,0.055368,0.439542,0.075438,0.047914,0.091544,0.139045,0.034576,0.021849,0.044797
0.054084,0.273403,0.070042,0.102718,0.085581,0.058149,0.108305,0.113146,0.045967,0.088606
0.029183,0.026276,0.379254,0.082445,0.059691,0.077279,0.125332,0.029962,0.087669,0.102910
0.024091,0.108418,0.067774,0.074209,0.343777,0.093651,0.059560,0.070776,0.103655,0.054089
0.036398,0.321619,0.020059,0.042467,0.020848,0.169844,0.293672,0.031770,0.020628,0.042696
0.026197,0.325219,0.040766,0.013277,0.023743,0.051585,0.320231,0.015922,0.168158,0.014902
0.073273,0.136341,0.116795,0.088173,0.052033,0.166340,0.121814,0.083756,0.062938,0.098537
0.025442,0.076746,0.541715,0.038685,0.044681,0.066724,0.054359,0.031096,0.089459,0.031094
0.045237,0.314030,0.024860,0.027276,0.049502,0.049224,0.330034,0.040699,0.065406,0.053732
0.049684,0.159321,0.077354,0.153380,0.093905,0.079718,0.125442,0.089158,0.074723,0.097315
0.096729,0.048051,0.195127,0.029067,0.054268,0.122131,0.192812,0.051582,0.158662,0.051570
0.066932,0.045965,0.271770,0.058267,0.036589,0.179386,0.174414,0.033464,0.047871,0.085341
0.057957,0.070300,0.272819,0.115962,0.082260,0.080729,0.132029,0.070981,0.066130,0.050833
0.067114,0.128719,0.037706,0.093434,0.137291,0.169189,0.109831,0.130188,0.060678,0.065851
0.112384,0.060107,0.328567,0.046911,0.044222,0.169082,0.098759,0.050340,0.051904,0.037724
0.036246,0.049092,0.068440,0.094293,0.087426,0.049138,0.306884,0.194702,0.035329,0.078450
0.052569,0.146994,0.091779,0.139001,0.073954,0.060262,0.117883,0.148409,0.073403,0.095746
0.069408,0.106168,0.123341,0.065491,0.056799,0.164376,0.149721,0.118761,0.072237,0.073697
0.099376,0.103100,0.110062,0.084326,0.052762,0.102177,0.143068,0.028938,0.127467,0.148722
0.027850,0.103839,0.068763,0.151918,0.070614,0.236462,0.121123,0.099581,0.047058,0.072792
0.078584,0.042600,0.108116,0.049831,0.042976,0.129992,0.314779,0.033729,0.082749,0.116645
0.073614,0.293033,0.065833,0.058784,0.021212,0.057620,0.280466,0.027303,0.065172,0.056961
0.050271,0.240480,0.092143,0.065710,0.278264,0.137533,0.036491,0.022065,0.039591,0.037451
0.077425,0.069241,0.334019,0.107967,0.040635,0.098550,0.108653,0.056981,0.048342,0.058187
0.027471,0.056298,0.535993,0.036229,0.090575,0.094792,0.040388,0.036779,0.040723,0.040752
0.075618,0.092606,0.115355,0.129519,0.094843,0.165205,0.111695,0.074926,0.066208,0.074025
0.036209,0.054599,0.428940,0.045822,0.045762,0.103470,0.126097,0.024770,0.037598,0.096734
0.164968,0.098336,0.093317,0.099945,0.078157,0.130465,0.111756,0.075619,0.060133,0.087305
0.102131,0.061370,0.100844,0.051858,0.029755,0.122148,0.279250,0.031938,0.144774,0.075931
0.048338,0.142539,0.133900,0.162819,0.095818,0.049595,0.134328,0.097936,0.043685,0.091042
0.108058,0.082899,0.125331,0.137219,0.109960,0.111594,0.124029,0.024353,0.092611,0.083946
0.060345,0.102949,0.100617,0.062323,0.034709,0.087237,0.355700,0.072020,0.057644,0.066458
0.032067,0.054581,0.123699,0.072527,0.300154,0.055950,0.247148,0.031693,0.055707,0.026475
0.056738,0.311312,0.077359,0.034227,0.015320,0.024557,0.261661,0.038093,0.119609,0.061124
0.054062,0.341062,0.082605,0.020626,0.015168,0.058859,0.262334,0.024894,0.115162,0.025227
0.056916,0.151528,0.080177,0.118765,0.060079,0.133028,0.119155,0.110160,0.043565,0.126627
0.094707,0.107074,0.126903,0.139452,0.062830,0.065227,0.138975,0.079586,0.078204,0.107042
0.053948,0.090956,0.086861,0.103524,0.090016,0.107312,0.245802,0.060906,0.061307,0.099368
0.033128,0.057977,0.031578,0.097806,0.138324,0.040424,0.347018,0.077583,0.042348,0.133812
0.027822,0.122495,0.065282,0.045531,0.344381,0.100144,0.066701,0.081080,0.108564,0.038000
0.033061,0.074307,0.035452,0.099929,0.104385,0.177296,0.233478,0.052297,0.040072,0.149723
0.034644,0.048307,0.146031,0.062276,0.248893,0.204100,0.087838,0.065058,0.058683,0.044170
0.049189,0.253159,0.199203,0.024911,0.052155,0.095149,0.096903,0.056638,0.104001,0.068692
0.071203,0.343787,0.027619,0.065692,0.026048,0.062996,0.296226,0.021904,0.060070,0.024455
0.050817,0.122777,0.029881,0.139454,0.067919,0.094051,0.268490,0.095671,0.054994,0.075945
0.047124,0.166161,0.048297,0.150725,0.060925,0.109994,0.197813,0.086615,0.056095,0.076250
0.019273,0.292868,0.035639,0.015817,0.229102,0.076154,0.274770,0.015843,0.015798,0.024735
0.102996,0.142258,0.090538,0.143271,0.067658,0.107257,0.096928,0.024689,0.066441,0.157965
0.039530,0.176123,0.251949,0.030319,0.020510,0.111211,0.224291,0.018638,0.045653,0.081777
0.059748,0.072168,0.097190,0.106748,0.054389,0.070463,0.324279,0.041400,0.118008,0.055608
0.032927,0.131418,0.403230,0.104804,0.036062,0.067084,0.102830,0.026154,0.049480,0.046012
0.078353,0.131444,0.101936,0.098028,0.060552,0.136957,0.139614,0.061898,0.102526,0.088692
0.039302,0.062722,0.053094,0.167096,0.113673,0.050770,0.157285,0.052148,0.134981,0.168930
0.067823,0.049787,0.059852,0.075690,0.233350,0.077900,0.107821,0.211690,0.047726,0.068360
0.057619,0.117101,0.122189,0.067155,0.090154,0.059796,0.339597,0.065486,0.041279,0.039624
0.138604,0.113861,0.068994,0.129392,0.076945,0.111337,0.114866,0.025804,0.109221,0.110976
0.050161,0.083653,0.107781,0.054559,0.037832,0.088941,0.325128,0.060140,0.112678,0.079126
0.058181,0.068548,0.092166,0.068373,0.034666,0.116205,0.337174,0.053608,0.109690,0.061388
0.091956,0.066269,0.025066,0.118815,0.093420,0.123093,0.325318,0.042438,0.058410,0.055214
0.078143,0.304425,0.081468,0.049287,0.017343,0.035758,0.314917,0.020010,0.033967,0.064681
0.044521,0.101462,0.036841,0.086535,0.058496,0.217324,0.161134,0.061487,0.153843,0.078357
0.037118,0.039635,0.062534,0.097033,0.364636,0.117680,0.134768,0.050260,0.027679,0.068657
0.053070,0.094929,0.033410,0.058571,0.093847,0.315946,0.188019,0.051333,0.061645,0.049231
0.035737,0.061194,0.089451,0.095405,0.056502,0.050870,0.353741,0.062540,0.156334,0.038227
0.128608,0.090997,0.083406,0.136228,0.082559,0.081583,0.110314,0.035846,0.078739,0.171722
0.024839,0.029369,0.379574,0.034607,0.217065,0.087650,0.044871,0.025170,0.079331,0.077525
0.053468,0.055868,0.102118,0.074330,0.031429,0.070872,0.329963,0.061461,0.150707,0.069785
0.020015,0.022067,0.628682,0.036648,0.053094,0.069364,0.059110,0.022128,0.060049,0.028843
0.059788,0.096923,0.103934,0.101448,0.081319,0.135842,0.123244,0.069764,0.112696,0.115043
0.102735,0.141839,0.111243,0.071992,0.098066,0.112618,0.116944,0.079455,0.070495,0.094612
0.182842,0.077003,0.068031,0.132188,0.085676,0.107322,0.103803,0.026423,0.119596,0.097116
0.024914,0.170072,0.061014,0.023579,0.470872,0.104843,0.026633,0.026814,0.051821,0.039438
0.042170,0.067961,0.384045,0.044935,0.202163,0.050747,0.082755,0.026252,0.055129,0.043843
0.064307,0.083253,0.034965,0.056176,0.073442,0.267045,0.140386,0.136255,0.061095,0.083076
0.060134,0.304683,0.140726,0.060255,0.034927,0.048222,0.251185,0.024671,0.050134,0.025063
0.038165,0.041724,0.085888,0.061161,0.378968,0.124034,0.080312,0.057788,0.062499,0.069459
0.035266,0.243877,0.097334,0.082325,0.098187,0.072286,0.156956,0.101721,0.036085,0.075962
0.049823,0.209482,0.254034,0.055008,0.029508,0.161374,0.083549,0.040093,0.032671,0.084459
0.037748,0.165415,0.292284,0.072321,0.045443,0.098556,0.100794,0.058734,0.037663,0.091041
0.065448,0.367401,0.107215,0.093852,0.034765,0.070842,0.078188,0.062049,0.040141,0.080101
0.091427,0.139205,0.054040,0.171856,0.141344,0.057708,0.149266,0.055255,0.078024,0.061875
0.060526,0.131022,0.060727,0.154863,0.070926,0.056113,0.277037,0.052324,0.069114,0.067347
0.026701,0.159836,0.077809,0.041247,0.108377,0.255167,0.114194,0.115799,0.031607,0.069264
0.069456,0.080712,0.118363,0.082341,0.104456,0.153019,0.116182,0.077565,0.108494,0.089412
0.046853,0.187119,0.059128,0.024293,0.026342,0.079907,0.059842,0.101015,0.341146,0.074354
0.054979,0.042152,0.100666,0.091576,0.058725,0.121562,0.250537,0.041910,0.139280,0.098614
0.044166,0.197878,0.043190,0.170043,0.060242,0.123384,0.131366,0.136865,0.052140,0.040726
0.051392,0.084113,0.287648,0.037481,0.068458,0.142833,0.099066,0.070256,0.078353,0.080399
0.145813,0.144087,0.226538,0.068941,0.039924,0.069514,0.075098,0.043943,0.066103,0.120037
0.024739,0.035905,0.039076,0.038637,0.466011,0.042213,0.263014,0.020431,0.042150,0.027824
0.014108,0.311315,0.049722,0.067745,0.038678,0.040478,0.385248,0.023260,0.039614,0.029832
0.110583,0.184829,0.042095,0.107250,0.134757,0.054529,0.158210,0.045420,0.087805,0.074522
0.078223,0.105015,0.115688,0.137622,0.057453,0.174883,0.115081,0.081165,0.049677,0.085193
0.070955,0.042191,0.246321,0.052950,0.136925,0.042435,0.039862,0.052488,0.260332,0.055541
0.047501,0.086110,0.047614,0.058256,0.113791,0.065746,0.135252,0.248355,0.080948,0.116426
0.058871,0.108836,0.045375,0.200777,0.102261,0.054576,0.186718,0.094619,0.062080,0.085886
0.048616,0.310470,0.064992,0.079188,0.043306,0.089040,0.063265,0.046609,0.168961,0.085553
0.065194,0.106681,0.058382,0.085931,0.034183,0.132273,0.263564,0.087512,0.064961,0.101320
0.151388,0.055732,0.194163,0.105746,0.044912,0.072074,0.226135,0.069136,0.036945,0.043768
0.052225,0.025640,0.315449,0.058876,0.276317,0.042360,0.114478,0.023234,0.044858,0.046564
0.034734,0.087045,0.071715,0.124351,0.054954,0.227090,0.173606,0.117118,0.041378,0.068010
0.029677,0.064626,0.042674,0.120888,0.041919,0.322165,0.148160,0.041397,0.131825,0.056670
0.068157,0.057058,0.321079,0.059285,0.089040,0.122015,0.096999,0.057168,0.059896,0.069303
0.043268,0.079736,0.131414,0.082230,0.061340,0.086755,0.348093,0.065195,0.049794,0.052174
0.151490,0.075926,0.097167,0.034674,0.032538,0.066178,0.297788,0.046606,0.126198,0.071436
0.025586,0.068005,0.416652,0.015661,0.071903,0.170118,0.078022,0.018373,0.082725,0.052956
0.035738,0.101373,0.075564,0.085893,0.111590,0.162011,0.123268,0.090170,0.094532,0.119861
0.027855,0.158941,0.084206,0.085565,0.046190,0.107895,0.201858,0.079605,0.029483,0.178404
0.052554,0.092895,0.069512,0.076468,0.097826,0.164235,0.112962,0.058631,0.180222,0.094695
0.071481,0.099580,0.086945,0.140413,0.071189,0.188056,0.141166,0.029056,0.086711,0.085403
0.031233,0.235005,0.085890,0.081597,0.053135,0.139370,0.120143,0.102476,0.053759,0.097391
0.030295,0.031256,0.059027,0.079763,0.457540,0.108347,0.111944,0.050938,0.026615,0.044276
0.130069,0.218104,0.197818,0.063930,0.031443,0.058899,0.100835,0.044348,0.105670,0.048885
0.088383,0.113277,0.116829,0.119268,0.050918,0.100386,0.113300,0.087795,0.097344,0.112499
0.101073,0.097175,0.097679,0.107343,0.065293,0.157017,0.181162,0.028969,0.068292,0.095996
0.070414,0.316945,0.078319,0.019019,0.035080,0.037413,0.319803,0.045123,0.049967,0.027917
0.128813,0.106528,0.103483,0.091587,0.060703,0.158736,0.121934,0.095874,0.059724,0.072618
0.070924,0.117901,0.104287,0.095821,0.044569,0.099663,0.245210,0.060690,0.089269,0.071665
0.039904,0.134477,0.073055,0.094931,0.087754,0.068775,0.209100,0.045885,0.110527,0.135592
0.034337,0.040673,0.065326,0.052060,0.459831,0.110065,0.059319,0.103102,0.028640,0.046648
0.121306,0.082198,0.227083,0.095951,0.035970,0.110189,0.108720,0.064953,0.074430,0.079200
0.045437,0.068537,0.109924,0.106107,0.055549,0.036434,0.352030,0.094896,0.041243,0.089843
0.027715,0.105879,0.101009,0.107995,0.077585,0.174579,0.253343,0.030443,0.061330,0.060123
0.062761,0.304996,0.093588,0.080201,0.036000,0.121019,0.093822,0.070043,0.045399,0.092170
0.060892,0.319341,0.067340,0.100096,0.043606,0.079333,0.063508,0.091703,0.112690,0.061491
0.087221,0.159143,0.285582,0.026574,0.041557,0.106048,0.056701,0.032650,0.139957,0.064567
0.093957,0.136072,0.193852,0.085202,0.044502,0.114167,0.081600,0.076821,0.059096,0.114730
0.056448,0.081916,0.033151,0.144933,0.081748,0.274934,0.150458,0.051675,0.056448,0.068289
0.036293,0.274921,0.076775,0.023932,0.219965,0.099300,0.069679,0.017597,0.133152,0.048386
0.036199,0.257066,0.102669,0.074442,0.182231,0.109818,0.063081,0.076480,0.047662,0.050351
0.045418,0.092594,0.131424,0.136257,0.086462,0.052770,0.122943,0.085215,0.065088,0.181829
0.027535,0.349556,0.093311,0.034898,0.023790,0.032152,0.274900,0.022641,0.100187,0.041031
0.044478,0.381404,0.051388,0.019016,0.012517,0.035217,0.308109,0.021963,0.077219,0.048689
0.028086,0.268459,0.048086,0.044319,0.330228,0.104771,0.032708,0.033100,0.054090,0.056153
0.136726,0.316752,0.081928,0.055381,0.029030,0.113203,0.071624,0.037577,0.079249,0.078530
0.068080,0.122639,0.340151,0.083563,0.034311,0.090176,0.084770,0.054673,0.051906,0.069731
0.041424,0.385029,0.040513,0.031435,0.027416,0.033107,0.327378,0.029914,0.031770,0.052013
0.078367,0.322746,0.096903,0.062628,0.088453,0.076869,0.103987,0.045717,0.065588,0.058743
0.038140,0.048908,0.072036,0.048347,0.434677,0.069888,0.082687,0.080327,0.069767,0.055222
0.022171,0.025204,0.531018,0.035233,0.181122,0.095239,0.026977,0.011984,0.047140,0.023910
0.124483,0.132473,0.075537,0.122280,0.053255,0.104262,0.116659,0.088979,0.077117,0.104956
0.027233,0.259688,0.097833,0.071274,0.282207,0.045802,0.070773,0.023183,0.099589,0.022419
0.041690,0.125397,0.130567,0.076450,0.095109,0.102779,0.184752,0.033353,0.096858,0.113044
0.016140,0.073753,0.556390,0.051649,0.049964,0.060133,0.079913,0.043347,0.034286,0.034426
0.061436,0.308153,0.076606,0.052364,0.037094,0.049191,0.305769,0.027685,0.058491,0.023211
0.058163,0.083743,0.325691,0.090617,0.051452,0.087400,0.124642,0.051617,0.068291,0.058385
0.045632,0.094444,0.095493,0.103304,0.058038,0.133566,0.256425,0.032912,0.087958,0.092229
0.010382,0.042372,0.612750,0.014795,0.164888,0.052393,0.040821,0.022911,0.024167,0.014521
0.043030,0.076121,0.057508,0.129600,0.061930,0.066426,0.169304,0.258433,0.061638,0.076010
0.115742,0.115328,0.107934,0.059035,0.056441,0.137910,0.139867,0.063804,0.096572,0.107366
0.062841,0.304718,0.098478,0.092538,0.039501,0.070388,0.079469,0.069639,0.094694,0.087733
0.074669,0.131937,0.082694,0.091962,0.092452,0.063575,0.239158,0.054569,0.081304,0.087679
0.046707,0.065346,0.290007,0.061435,0.041877,0.128603,0.092475,0.047539,0.105808,0.120204
0.050577,0.161013,0.047467,0.096275,0.060640,0.153928,0.171801,0.062391,0.070148,0.125760
0.094423,0.103615,0.105676,0.063640,0.066144,0.157984,0.088865,0.113292,0.088272,0.118089
0.119768,0.065255,0.205835,0.064481,0.035420,0.127052,0.157052,0.061335,0.091487,0.072315
0.107553,0.122382,0.245555,0.107678,0.041468,0.068709,0.121219,0.037697,0.038095,0.109644
0.089234,0.136175,0.105941,0.104749,0.054158,0.104929,0.148935,0.082598,0.053360,0.119922
0.031682,0.074610,0.348411,0.035195,0.159385,0.148096,0.102549,0.034737,0.033283,0.032050
0.034513,0.218648,0.332738,0.026070,0.019146,0.079635,0.191015,0.021406,0.042050,0.034779
0.091085,0.143190,0.094359,0.067696,0.092726,0.109678,0.152364,0.090463,0.067346,0.091093
0.077014,0.055083,0.297428,0.086808,0.054575,0.118609,0.126151,0.081182,0.034685,0.068465
0.043796,0.148865,0.049397,0.131462,0.097063,0.290034,0.075279,0.065636,0.059216,0.039254
0.084625,0.118888,0.316077,0.033068,0.056833,0.078492,0.067477,0.079901,0.078275,0.086363
0.035734,0.099896,0.154070,0.118079,0.115247,0.064036,0.154864,0.093784,0.058290,0.106001
0.155632,0.065152,0.074700,0.081342,0.050745,0.058667,0.348897,0.037209,0.072055,0.055601
0.065875,0.056031,0.301000,0.099529,0.046315,0.122797,0.090515,0.053838,0.073826,0.090275
0.062180,0.030493,0.352592,0.044316,0.090051,0.204111,0.049500,0.038129,0.095285,0.033342
0.084436,0.094791,0.087185,0.129434,0.096434,0.153839,0.082608,0.075710,0.085913,0.109650
0.040167,0.112863,0.079676,0.103537,0.054041,0.074679,0.370309,0.093452,0.031637,0.039640
0.072499,0.134310,0.110875,0.104692,0.076952,0.160865,0.103419,0.064975,0.081040,0.090374
0.070649,0.112187,0.127979,0.095350,0.118180,0.114229,0.130452,0.074465,0.054624,0.101885
0.019422,0.024770,0.344378,0.039494,0.212152,0.143236,0.049860,0.023172,0.090831,0.052684
0.051102,0.291631,0.037452,0.124421,0.135820,0.049058,0.129190,0.052058,0.065973,0.063294
0.049492,0.160689,0.128466,0.132487,0.122250,0.058030,0.124860,0.087596,0.052181,0.083949
0.102514,0.105514,0.251799,0.055393,0.055952,0.100123,0.112274,0.074897,0.073788,0.067747
0.134668,0.264394,0.178090,0.074845,0.029010,0.058600,0.093120,0.038349,0.069857,0.059068
0.047006,0.092155,0.078992,0.063216,0.060003,0.132805,0.194985,0.081039,0.052749,0.197049
0.077453,0.111942,0.264007,0.106088,0.078612,0.080570,0.091488,0.069270,0.039408,0.081161
0.030373,0.046818,0.051587,0.044174,0.442470,0.191029,0.073862,0.044237,0.036654,0.038796
0.076086,0.289668,0.034309,0.032036,0.031600,0.055371,0.315972,0.037364,0.043334,0.084259
0.058142,0.069766,0.077090,0.064453,0.217047,0.237703,0.085111,0.056209,0.077779,0.056701
0.068543,0.101934,0.115032,0.103648,0.056146,0.103509,0.116059,0.080476,0.109397,0.145257
0.123683,0.084335,0.201149,0.048501,0.063103,0.061336,0.219347,0.070869,0.052833,0.074843
0.018069,0.026155,0.460618,0.076027,0.218450,0.048248,0.055305,0.029368,0.025717,0.042042
0.062024,0.095388,0.370915,0.047838,0.037377,0.120134,0.083142,0.044975,0.046439,0.091766
0.062066,0.108976,0.112436,0.141208,0.065052,0.110719,0.117790,0.088981,0.093553,0.099220
0.088878,0.160090,0.129523,0.122548,0.084679,0.055151,0.136377,0.093949,0.052126,0.076680
0.064962,0.086263,0.112203,0.104029,0.104046,0.108683,0.150260,0.088712,0.072129,0.108712
0.098342,0.139525,0.102312,0.059326,0.065612,0.109483,0.112975,0.023803,0.174313,0.114308
0.048288,0.098435,0.378694,0.076506,0.026685,0.119599,0.118558,0.050428,0.036240,0.046567
0.076143,0.247642,0.105958,0.125130,0.046156,0.051462,0.125741,0.063184,0.081729,0.076854
0.033066,0.108029,0.067345,0.085479,0.079619,0.203072,0.160075,0.097245,0.060575,0.105495
0.060536,0.353526,0.093271,0.056368,0.074124,0.075320,0.100795,0.034786,0.085910,0.065363
0.019850,0.239569,0.118927,0.021596,0.150647,0.069738,0.250416,0.011847,0.102225,0.015185
0.061308,0.100102,0.176868,0.078389,0.032806,0.100022,0.205511,0.041658,0.115613,0.087723
0.046025,0.157291,0.053912,0.080778,0.068104,0.276960,0.124087,0.048956,0.061986,0.081901
0.072872,0.093915,0.093834,0.123353,0.092593,0.152713,0.108693,0.080762,0.107141,0.074125
0.045635,0.145310,0.041956,0.119775,0.038633,0.322802,0.110125,0.060014,0.033568,0.082181
0.042882,0.032871,0.506634,0.045817,0.113617,0.135793,0.043367,0.024064,0.020816,0.034140
0.067115,0.055398,0.185647,0.070475,0.046953,0.070362,0.189605,0.080505,0.172345,0.061596
0.031747,0.054736,0.075819,0.088120,0.253391,0.244576,0.126798,0.034817,0.036340,0.053657
0.046090,0.028946,0.043624,0.078864,0.427438,0.166705,0.060939,0.056650,0.049210,0.041533
0.056377,0.095671,0.042111,0.182545,0.055551,0.224590,0.132469,0.076134,0.062130,0.072422
0.162582,0.091030,0.103725,0.076339,0.068013,0.135018,0.077216,0.031903,0.162896,0.091278
0.031902,0.131107,0.408002,0.034335,0.025076,0.144913,0.039129,0.025413,0.085311,0.074810
0.040987,0.062169,0.065847,0.086071,0.085279,0.154043,0.273383,0.071652,0.058890,0.101677
0.038114,0.174867,0.048717,0.150064,0.046108,0.057413,0.193188,0.139116,0.097666,0.054747
0.020279,0.348087,0.065668,0.025577,0.014744,0.055704,0.245334,0.036395,0.148177,0.040033
0.031520,0.102976,0.050447,0.130833,0.137037,0.158733,0.138710,0.123094,0.055220,0.071430
0.064132,0.061416,0.090544,0.053446,0.063205,0.072856,0.379689,0.061829,0.081371,0.071512
0.032910,0.257581,0.123814,0.027846,0.202212,0.107695,0.080771,0.033252,0.113745,0.020174
0.047093,0.184880,0.053156,0.128314,0.113900,0.132811,0.085188,0.079260,0.071707,0.103691
0.103688,0.113954,0.071497,0.070635,0.144011,0.055717,0.166678,0.038973,0.137898,0.096949
0.072287,0.057999,0.098781,0.122589,0.087573,0.089234,0.283827,0.037521,0.073706,0.076482
0.038535,0.320126,0.068526,0.073961,0.041599,0.089872,0.134649,0.052901,0.095194,0.084636
0.040713,0.074926,0.031470,0.095829,0.057700,0.337715,0.166935,0.101324,0.035528,0.057860
0.094213,0.106494,0.075892,0.112270,0.055465,0.121243,0.155602,0.087841,0.085559,0.105420
0.069569,0.053725,0.052027,0.115171,0.072520,0.268022,0.211062,0.028721,0.049010,0.080173
0.039892,0.377701,0.081128,0.047123,0.038437,0.040873,0.281162,0.023011,0.021084,0.049590
0.073331,0.089246,0.282670,0.105633,0.046853,0.121022,0.064765,0.048045,0.058953,0.109481
0.035207,0.126142,0.057962,0.190540,0.060511,0.060528,0.235590,0.086068,0.097180,0.050271
0.046617,0.299940,0.045735,0.088692,0.044716,0.110838,0.099128,0.050877,0.141874,0.071583
0.024847,0.042167,0.379050,0.051286,0.026670,0.114936,0.095352,0.028469,0.196570,0.040654
0.071602,0.259968,0.110113,0.062482,0.053277,0.122616,0.104539,0.042424,0.069075,0.103904
0.063499,0.059579,0.263033,0.092816,0.078602,0.077334,0.087649,0.062812,0.144138,0.070538
0.101865,0.068131,0.248641,0.101753,0.050388,0.130676,0.105669,0.072659,0.043853,0.076364
0.100436,0.129859,0.102907,0.081141,0.049764,0.154410,0.142256,0.079154,0.059400,0.100674
0.055755,0.060141,0.301196,0.019042,0.178599,0.138181,0.092230,0.038113,0.075682,0.041059
0.090049,0.066098,0.216382,0.029534,0.034174,0.065698,0.155590,0.068249,0.183506,0.090720
0.062093,0.140544,0.470539,0.015647,0.042390,0.094216,0.087906,0.033052,0.031970,0.021644
0.100797,0.095178,0.090228,0.136473,0.113666,0.081998,0.168078,0.071381,0.041750,0.100452
0.075203,0.150034,0.047703,0.220601,0.138619,0.050413,0.126153,0.058898,0.039544,0.092831
0.039975,0.049703,0.275770,0.034006,0.089493,0.096821,0.218510,0.065951,0.047328,0.082444
0.012264,0.230920,0.045134,0.014408,0.332535,0.053195,0.186132,0.014222,0.096049,0.015141
0.121549,0.162064,0.088268,0.161519,0.077800,0.089061,0.135664,0.029742,0.087608,0.046725
0.071122,0.187553,0.248520,0.084243,0.053198,0.142508,0.053466,0.029345,0.061788,0.068257
0.042934,0.139215,0.438762,0.051032,0.096178,0.118487,0.040525,0.024493,0.014889,0.033485
0.104123,0.045460,0.156309,0.083740,0.038396,0.117102,0.233343,0.067359,0.107848,0.046321
0.032581,0.122036,0.035442,0.087920,0.167403,0.207437,0.121891,0.089323,0.044521,0.091445
0.066904,0.082297,0.323792,0.079537,0.064204,0.101240,0.086878,0.078039,0.046844,0.070264
0.123523,0.105877,0.064499,0.122811,0.093783,0.140890,0.107509,0.071569,0.075352,0.094186
0.049407,0.137663,0.329875,0.042090,0.055082,0.135684,0.076952,0.044041,0.079189,0.050018
0.117886,0.106170,0.256397,0.043643,0.086268,0.099073,0.106225,0.035587,0.073902,0.074848
0.087363,0.071675,0.104716,0.074419,0.066274,0.110275,0.354366,0.054697,0.040618,0.035597
0.038112,0.069642,0.071324,0.150131,0.096037,0.275151,0.099124,0.032311,0.072816,0.095353
0.048123,0.109075,0.085196,0.084587,0.076039,0.079008,0.197343,0.047073,0.215948,0.057608
0.118071,0.135250,0.121694,0.084431,0.088646,0.104127,0.119872,0.081645,0.086136,0.060128
0.056067,0.023520,0.261997,0.038129,0.046927,0.204969,0.065607,0.047015,0.193638,0.062131
0.110929,0.099549,0.067348,0.086950,0.048561,0.102426,0.271271,0.074921,0.081678,0.056367
0.018971,0.087005,0.523651,0.079408,0.017151,0.079232,0.103545,0.028360,0.029153,0.033525
0.083658,0.049452,0.213469,0.049051,0.063678,0.065775,0.200991,0.075908,0.083283,0.114735
0.020793,0.025563,0.577324,0.035413,0.161911,0.063019,0.030073,0.011936,0.051679,0.022288
0.027685,0.323217,0.017789,0.062005,0.028036,0.027200,0.371023,0.056513,0.027305,0.059227
0.057649,0.315413,0.047763,0.032109,0.110118,0.023836,0.266378,0.048960,0.047043,0.050731
0.045433,0.103278,0.262313,0.026737,0.059332,0.161705,0.191787,0.045498,0.032461,0.071455
0.049627,0.070143,0.306782,0.107689,0.050914,0.092337,0.102477,0.053474,0.060657,0.105899
0.028802,0.185189,0.042955,0.112394,0.117840,0.113216,0.216472,0.091074,0.035429,0.056629
0.069884,0.361427,0.087489,0.065769,0.059265,0.077848,0.097355,0.058231,0.041038,0.081696
0.031423,0.381001,0.054545,0.024267,0.018010,0.032824,0.386107,0.025992,0.019324,0.026507
0.041273,0.093586,0.040855,0.175155,0.057709,0.055652,0.257297,0.159463,0.046429,0.072580
0.100101,0.333061,0.018981,0.033053,0.024583,0.051858,0.294280,0.013094,0.100234,0.030755
0.088292,0.104709,0.112345,0.133445,0.103389,0.106095,0.105562,0.096450,0.080431,0.069283
0.024419,0.437614,0.028286,0.024924,0.014970,0.021278,0.326200,0.018467,0.070055,0.033788
0.045790,0.218339,0.134215,0.026927,0.022617,0.033584,0.061328,0.093253,0.324233,0.039714
0.041561,0.104383,0.105405,0.102528,0.063620,0.064746,0.303462,0.072545,0.089733,0.052016
0.028522,0.032070,0.366007,0.056742,0.284936,0.032157,0.114605,0.023776,0.025153,0.036032
0.098299,0.029535,0.060550,0.040751,0.278359,0.035955,0.259661,0.025144,0.105867,0.065879
0.051792,0.355281,0.097558,0.093575,0.045684,0.108677,0.092306,0.057887,0.042187,0.055052
0.058871,0.322816,0.084477,0.038460,0.053151,0.102021,0.109963,0.054080,0.064481,0.111681
0.025696,0.161849,0.065402,0.157282,0.115344,0.139555,0.167951,0.078264,0.032023,0.056635
0.040525,0.063550,0.319261,0.070933,0.085940,0.082221,0.158858,0.063117,0.035525,0.080070
0.043567,0.155590,0.297294,0.092663,0.022600,0.143194,0.106347,0.035868,0.032408,0.070470
0.057011,0.200968,0.149801,0.024870,0.037962,0.097185,0.059606,0.072658,0.253141,0.046798
0.040897,0.195745,0.101964,0.094702,0.049024,0.174933,0.166067,0.083811,0.038051,0.054807
0.087891,0.129735,0.079737,0.120046,0.105631,0.156274,0.146681,0.024844,0.049049,0.100112
0.031821,0.031439,0.049673,0.075709,0.352201,0.056137,0.236249,0.033187,0.101240,0.032344
0.147953,0.089425,0.100997,0.070169,0.050404,0.075379,0.288745,0.038756,0.040470,0.097702
0.192867,0.111246,0.087724,0.078872,0.075888,0.104016,0.115286,0.025372,0.069405,0.139324
0.102147,0.052480,0.197131,0.097576,0.040014,0.065317,0.202171,0.042596,0.119542,0.081027
0.140528,0.093273,0.211341,0.040553,0.047245,0.055341,0.193778,0.057974,0.079803,0.080163
0.039376,0.166658,0.323897,0.057535,0.257303,0.042772,0.049888,0.019562,0.018095,0.024913
0.049881,0.032950,0.197325,0.059349,0.026308,0.046513,0.094652,0.059543,0.345304,0.088175
0.054389,0.074458,0.468297,0.023897,0.030548,0.080579,0.076953,0.029194,0.083248,0.078437
0.031124,0.188882,0.044401,0.115574,0.035133,0.236046,0.181198,0.048461,0.060289,0.058893
0.078361,0.084998,0.117668,0.080546,0.085623,0.152999,0.084252,0.089163,0.113405,0.112985
0.036462,0.110125,0.087915,0.159735,0.136949,0.096377,0.142491,0.027382,0.076393,0.126172
0.119558,0.115134,0.046406,0.168472,0.112510,0.055725,0.159438,0.043980,0.097885,0.080893
0.044186,0.181504,0.044287,0.144445,0.114342,0.055650,0.112116,0.146787,0.058330,0.098354
0.077374,0.073006,0.317861,0.053655,0.053728,0.113607,0.076524,0.038634,0.077379,0.118233
0.040696,0.295660,0.039235,0.115150,0.087896,0.085175,0.106279,0.097956,0.072082,0.059870
0.059963,0.110884,0.102768,0.086671,0.124622,0.054590,0.161075,0.104349,0.053393,0.141684
0.026601,0.388609,0.066456,0.027694,0.018332,0.034826,0.313444,0.024460,0.079250,0.020327
0.069065,0.345763,0.068012,0.043832,0.090141,0.085645,0.084939,0.078075,0.054657,0.079872
0.046206,0.052879,0.360054,0.080658,0.029795,0.155642,0.045881,0.040248,0.134501,0.054135
0.063375,0.306835,0.094503,0.080206,0.043336,0.111219,0.066812,0.047739,0.113452,0.072523
0.073572,0.114466,0.080373,0.141235,0.088557,0.131429,0.132100,0.028307,0.094068,0.115894
0.064785,0.208099,0.026974,0.050159,0.092025,0.272635,0.096593,0.042883,0.041086,0.104762
0.085384,0.105130,0.115178,0.114191,0.057789,0.104393,0.090973,0.085328,0.170398,0.071235
0.036309,0.058794,0.359832,0.103001,0.028789,0.081989,0.181688,0.068167,0.038479,0.042952
0.126986,0.085460,0.223277,0.097098,0.051780,0.123222,0.058800,0.054092,0.060007,0.119279
0.047068,0.123979,0.029441,0.164735,0.068992,0.185787,0.192608,0.070159,0.056514,0.060715
0.040384,0.106316,0.051126,0.248955,0.074360,0.068336,0.229345,0.055806,0.076646,0.048725
0.085246,0.102399,0.244862,0.100262,0.085120,0.130638,0.072842,0.055697,0.040197,0.082737
0.043712,0.122078,0.040968,0.025192,0.500335,0.074124,0.052968,0.025912,0.088972,0.025739
0.032665,0.352967,0.068080,0.023959,0.018529,0.071755,0.243095,0.049485,0.119289,0.020177
0.068382,0.318030,0.110230,0.116274,0.084945,0.049591,0.061117,0.072975,0.050204,0.068252
0.036827,0.268984,0.113370,0.091389,0.114081,0.070898,0.117083,0.064574,0.074957,0.047838
0.070883,0.352375,0.085087,0.056905,0.020391,0.061446,0.263685,0.020908,0.037999,0.030322
0.040193,0.070221,0.111690,0.084512,0.266532,0.078499,0.090659,0.078544,0.107506,0.071645
0.039099,0.174577,0.033551,0.187331,0.048766,0.199932,0.150184,0.052738,0.048792,0.065029
