0.041830,0.876861,0.081309
0.004910,0.371769,0.623321
0.983971,0.016029,0.000000
0.982046,0.013030,0.004924
0.990116,0.009885,0.000000
0.087290,0.464853,0.447857
0.005740,0.037217,0.957042
0.255422,0.744576,0.000002
0.270131,0.726581,0.003288
0.292781,0.180687,0.526532
0.997006,0.002800,0.000194
0.946548,0.053439,0.000012
0.904417,0.095396,0.000187
0.011209,0.112873,0.875918
0.998214,0.001786,0.000000
0.312359,0.611056,0.076584
0.060001,0.586292,0.353707
0.994816,0.005181,0.000003
0.995069,0.004931,0.000000
0.998008,0.001992,0.000000
0.001273,0.996640,0.002087
0.997999,0.002001,0.000000
0.004513,0.145002,0.850485
0.983107,0.016893,0.000000
0.000003,0.000003,0.999994
0.949912,0.050087,0.000001
0.993807,0.006193,0.000000
0.997472,0.002528,0.000000
0.776828,0.203494,0.019678
0.017371,0.011734,0.970895
0.516486,0.483511,0.000003
0.930878,0.069112,0.000010
0.234183,0.765815,0.000002
0.997800,0.002200,0.000000
0.698871,0.301121,0.000008
0.000001,0.000002,0.999997
0.918335,0.081659,0.000006
0.753920,0.228579,0.017501
0.664656,0.335244,0.000100
0.012740,0.039399,0.947861
0.992815,0.007185,0.000000
0.676695,0.323302,0.000003
0.000019,0.000020,0.999961
0.309373,0.690620,0.000006
0.996052,0.003940,0.000009
0.997537,0.002462,0.000000
0.441512,0.537710,0.020778
0.998517,0.001483,0.000000
0.004476,0.030239,0.965285
0.001545,0.994871,0.003585
0.993528,0.006433,0.000039
0.923748,0.076252,0.000000
0.000757,0.998635,0.000607
0.006451,0.016953,0.976596
0.003521,0.289304,0.707175
0.028109,0.574394,0.397498
0.444032,0.555945,0.000023
0.030129,0.098772,0.871099
0.993701,0.006299,0.000000
0.930199,0.068438,0.001363
0.516064,0.474791,0.009145
0.053930,0.049743,0.896327
0.799330,0.127489,0.073181
0.997481,0.002519,0.000000
0.043628,0.258514,0.697858
0.336544,0.663455,0.000001
0.412165,0.580870,0.006964
0.001314,0.985955,0.012731
0.018323,0.134454,0.847223
0.436173,0.561714,0.002113
0.011948,0.805287,0.182764
0.002284,0.018366,0.979350
0.954281,0.045650,0.000070
0.530295,0.241837,0.227868
0.995672,0.004327,0.000001
0.995083,0.004917,0.000000
0.247060,0.752940,0.000000
0.987267,0.012733,0.000000
0.000782,0.996582,0.002636
0.008864,0.120419,0.870716
0.957396,0.041814,0.000790
0.850401,0.100702,0.048897
0.996239,0.003761,0.000000
0.245929,0.753377,0.000694
0.164254,0.835268,0.000477
0.001214,0.996511,0.002275
0.997057,0.002943,0.000000
0.163095,0.742430,0.094475
0.713030,0.284912,0.002058
0.001434,0.011190,0.987375
0.372861,0.627124,0.000015
0.258967,0.737607,0.003427
0.020385,0.488925,0.490690
0.000834,0.999099,0.000067
0.179139,0.816621,0.004240
0.990408,0.009592,0.000000
0.496739,0.151155,0.352106
0.501556,0.496862,0.001581
0.202218,0.797732,0.000051
0.997889,0.002111,0.000000
0.000554,0.993919,0.005527
0.277045,0.722953,0.000002
0.972715,0.027285,0.000000
0.185388,0.808162,0.006449
0.005239,0.082482,0.912279
0.996805,0.003195,0.000000
0.006008,0.346850,0.647143
0.003298,0.949971,0.046731
0.976779,0.019354,0.003867
0.008037,0.469246,0.522717
0.007878,0.011182,0.980940
0.311371,0.688448,0.000181
0.994534,0.005390,0.000076
0.002986,0.058503,0.938511
0.003730,0.008612,0.987658
0.977886,0.022114,0.000000
0.842637,0.010393,0.146970
0.987477,0.003508,0.009016
0.955589,0.015855,0.028556
0.087885,0.402556,0.509559
0.997392,0.002608,0.000000
0.985653,0.014347,0.000000
0.977674,0.022326,0.000000
0.978185,0.021815,0.000000
0.156062,0.842335,0.001603
0.454779,0.475527,0.069694
0.026911,0.521383,0.451706
0.034987,0.619334,0.345680
0.369644,0.630355,0.000001
0.024818,0.025498,0.949684
0.027217,0.494038,0.478744
0.003935,0.131116,0.864949
0.177498,0.822496,0.000006
0.000883,0.001929,0.997188
0.591358,0.392039,0.016603
0.000071,0.000076,0.999853
0.002590,0.023385,0.974024
0.001427,0.987737,0.010836
0.000406,0.996355,0.003238
0.989431,0.010569,0.000000
0.000180,0.000033,0.999788
0.000772,0.920355,0.078872
0.505360,0.018535,0.476105
0.574675,0.425316,0.000009
0.151060,0.792198,0.056742
0.968405,0.031595,0.000000
0.973043,0.014827,0.012130
0.002124,0.012094,0.985782
0.046922,0.701215,0.251862
0.995844,0.004156,0.000000
0.991192,0.008808,0.000000
0.977358,0.022642,0.000000
0.992212,0.007788,0.000000
0.105377,0.886916,0.007708
0.001790,0.992570,0.005640
0.001682,0.032041,0.966277
0.841765,0.071307,0.086928
0.005457,0.003259,0.991284
0.994349,0.005651,0.000000
0.002157,0.003644,0.994199
0.993899,0.006101,0.000000
0.207041,0.792062,0.000897
0.998281,0.001704,0.000015
0.991231,0.008769,0.000000
0.227590,0.772381,0.000029
0.009648,0.271438,0.718914
0.002972,0.968429,0.028599
0.001525,0.997721,0.000754
0.995397,0.004603,0.000000
0.993346,0.006632,0.000022
0.359959,0.572858,0.067183
0.261785,0.720014,0.018201
0.000014,0.000036,0.999950
0.992097,0.007897,0.000006
0.017586,0.047920,0.934493
0.147055,0.798191,0.054754
0.000869,0.973736,0.025395
0.365629,0.632741,0.001630
0.990740,0.006043,0.003217
0.013307,0.813972,0.172721
0.993994,0.006006,0.000000
0.012269,0.811805,0.175926
0.344034,0.655963,0.000003
0.718332,0.194750,0.086918
0.995371,0.004629,0.000000
0.983014,0.008733,0.008253
0.000133,0.000363,0.999504
0.199754,0.779211,0.021034
0.993096,0.006904,0.000000
0.316741,0.683259,0.000000
0.141148,0.858813,0.000039
0.348261,0.647716,0.004023
0.001997,0.997124,0.000879
0.997052,0.002948,0.000000
0.000302,0.000580,0.999118
0.034092,0.000370,0.965539
0.247384,0.744642,0.007974
0.671686,0.033163,0.295151
0.000047,0.000131,0.999822
0.104632,0.895196,0.000172
0.013275,0.020177,0.966548
0.994390,0.005610,0.000000
0.995629,0.004371,0.000000
0.983986,0.016011,0.000003
0.042719,0.814560,0.142721
0.000012,0.000032,0.999956
0.974881,0.023758,0.001362
0.002713,0.992613,0.004674
0.000214,0.000986,0.998800
0.459676,0.299812,0.240512
0.088687,0.633348,0.277965
0.510180,0.487727,0.002092
0.244157,0.755835,0.000008
0.528843,0.004745,0.466411
0.237373,0.004464,0.758162
0.984341,0.015659,0.000000
0.995659,0.004341,0.000000
0.004475,0.132307,0.863219
0.181947,0.778707,0.039346
0.998567,0.001433,0.000000
0.984501,0.015499,0.000000
0.598325,0.401021,0.000654
0.009002,0.543765,0.447233
0.000408,0.971955,0.027637
0.772279,0.168640,0.059082
0.990393,0.009607,0.000000
0.008071,0.065178,0.926751
0.371167,0.075999,0.552833
0.993476,0.006510,0.000013
0.300667,0.699274,0.000059
0.458346,0.541646,0.000008
0.245383,0.753090,0.001527
0.002696,0.038251,0.959052
0.983572,0.016428,0.000000
0.973915,0.014023,0.012062
0.918048,0.081950,0.000002
0.189838,0.810154,0.000008
0.374651,0.625347,0.000002
0.050692,0.223035,0.726273
0.995289,0.004711,0.000000
0.686633,0.309065,0.004302
0.996358,0.003642,0.000000
0.975606,0.024393,0.000000
0.321640,0.668796,0.009564
0.035048,0.281514,0.683438
0.316046,0.672190,0.011764
0.997196,0.002804,0.000000
0.384647,0.598506,0.016847
0.001535,0.996099,0.002366
0.993393,0.006607,0.000000
0.087618,0.178055,0.734327
0.894161,0.024784,0.081055
0.021678,0.422241,0.556082
0.982080,0.017920,0.000000
0.291861,0.706977,0.001161
0.255490,0.734869,0.009641
0.322448,0.677520,0.000032
0.137971,0.861865,0.000164
0.000446,0.001720,0.997834
0.066297,0.318739,0.614964
0.994839,0.005161,0.000000
0.021333,0.572609,0.406059
0.031206,0.543729,0.425064
0.996943,0.003056,0.000001
0.001390,0.989528,0.009082
0.000867,0.994261,0.004872
0.006984,0.289299,0.703718
0.212080,0.787900,0.000020
0.600728,0.395788,0.003484
0.000642,0.993936,0.005422
0.313738,0.686249,0.000013
0.004876,0.027531,0.967593
0.054210,0.049412,0.896379
0.993860,0.006140,0.000000
0.005941,0.219637,0.774422
0.784975,0.080610,0.134415
0.004035,0.004723,0.991242
0.001254,0.996453,0.002293
0.790773,0.066690,0.142537
0.323993,0.666512,0.009495
0.104668,0.334440,0.560892
0.443408,0.095308,0.461283
0.991931,0.008069,0.000000
0.413505,0.586473,0.000021
0.656576,0.267444,0.075980
0.694387,0.167351,0.138262
0.997166,0.002834,0.000000
0.996976,0.003024,0.000000
0.204796,0.518064,0.277140
0.879687,0.118059,0.002254
0.994359,0.005641,0.000000
0.000000,0.000001,0.999999
0.008263,0.517297,0.474440
0.995673,0.004327,0.000000
0.881489,0.117368,0.001143
0.991858,0.007840,0.000303
0.982608,0.017392,0.000000
0.989834,0.010159,0.000008
0.182109,0.817887,0.000004
0.987988,0.012012,0.000000
0.012470,0.042321,0.945209
0.997880,0.002120,0.000000
0.078299,0.767528,0.154172
0.997700,0.002300,0.000000
0.996078,0.003922,0.000000
0.000097,0.000288,0.999615
0.382544,0.550821,0.066635
0.997973,0.002026,0.000001
0.928229,0.071764,0.000007
0.356321,0.643671,0.000008
0.705020,0.294860,0.000120
0.984051,0.015949,0.000000
0.002166,0.016352,0.981482
0.003282,0.812737,0.183981
0.001128,0.002113,0.996759
0.994334,0.005666,0.000000
0.314410,0.684581,0.001009
0.000018,0.000041,0.999941
0.938266,0.061733,0.000001
0.997339,0.002661,0.000000
0.996581,0.003418,0.000001
0.995987,0.004013,0.000000
0.989322,0.010678,0.000000
0.000675,0.004813,0.994512
0.727505,0.271442,0.001053
0.989055,0.010945,0.000000
0.164383,0.834315,0.001302
0.005084,0.881875,0.113041
0.535513,0.464202,0.000284
0.172055,0.003455,0.824491
0.987138,0.012862,0.000000
0.994152,0.005819,0.000028
0.020446,0.037691,0.941862
0.578963,0.420223,0.000813
0.000126,0.000147,0.999727
0.000679,0.003844,0.995477
0.996289,0.003711,0.000000
0.971330,0.028618,0.000053
0.003125,0.018991,0.977884
0.574879,0.425120,0.000001
0.965593,0.013045,0.021362
0.001598,0.986985,0.011417
0.991250,0.008748,0.000002
0.147323,0.852657,0.000020
0.002671,0.082091,0.915237
0.316462,0.103623,0.579916
0.880144,0.095296,0.024560
0.293262,0.702147,0.004591
0.259016,0.740933,0.000050
0.988836,0.011156,0.000008
0.991993,0.008007,0.000000
0.247182,0.494580,0.258237
0.001602,0.997398,0.001000
0.938140,0.061859,0.000001
0.258955,0.176576,0.564469
0.342033,0.657958,0.000009
0.000057,0.000143,0.999799
0.180732,0.805059,0.014209
0.905291,0.090705,0.004003
0.952470,0.047529,0.000000
0.992435,0.007565,0.000000
0.000002,0.000004,0.999994
0.572598,0.417921,0.009481
0.001704,0.003372,0.994925
0.992370,0.002916,0.004713
0.989443,0.010411,0.000147
0.251257,0.745894,0.002849
0.016796,0.814283,0.168921
0.723660,0.007525,0.268815
0.157343,0.725009,0.117647
0.023234,0.143794,0.832973
0.477396,0.522570,0.000034
0.992594,0.007406,0.000000
0.978862,0.021138,0.000000
0.997455,0.002545,0.000000
0.002261,0.009857,0.987882
0.941682,0.058268,0.000049
0.252337,0.747662,0.000001
0.692086,0.063322,0.244592
0.000612,0.014609,0.984779
0.996843,0.003157,0.000000
0.014446,0.229088,0.756466
0.651563,0.348436,0.000001
0.005170,0.020359,0.974470
0.489263,0.510669,0.000068
0.029891,0.140714,0.829395
0.001985,0.950753,0.047262
0.003579,0.851415,0.145007
0.257621,0.729989,0.012390
0.987125,0.012875,0.000000
0.786887,0.185163,0.027949
0.346365,0.653634,0.000001
0.000409,0.998951,0.000640
0.984870,0.009666,0.005464
0.001856,0.996317,0.001827
0.989859,0.010141,0.000000
0.000289,0.977958,0.021753
0.004356,0.176341,0.819303
0.517853,0.463615,0.018533
0.008101,0.070657,0.921241
0.007702,0.231373,0.760926
0.135037,0.864945,0.000018
0.369577,0.630422,0.000001
0.995246,0.004754,0.000000
0.864200,0.135617,0.000183
0.394283,0.545522,0.060195
0.010994,0.444051,0.544955
0.365994,0.622555,0.011451
0.978772,0.021228,0.000000
0.004778,0.505367,0.489855
0.365251,0.634746,0.000003
0.994018,0.005982,0.000001
0.374133,0.625114,0.000753
0.481916,0.517435,0.000650
0.018742,0.247704,0.733553
0.000055,0.000331,0.999614
0.000881,0.001629,0.997490
0.628242,0.279818,0.091940
0.993243,0.006757,0.000000
0.533789,0.009368,0.456843
0.956129,0.043081,0.000790
0.829789,0.147140,0.023071
0.858381,0.139772,0.001848
0.141734,0.326093,0.532172
0.987473,0.012347,0.000180
0.000985,0.998381,0.000634
0.400782,0.599217,0.000001
0.000091,0.000117,0.999792
0.326454,0.673539,0.000007
0.970892,0.029107,0.000001
0.479857,0.507524,0.012619
0.991322,0.008678,0.000000
0.203344,0.711598,0.085058
0.991290,0.008710,0.000000
0.961824,0.038161,0.000015
0.531482,0.323190,0.145328
0.975611,0.024389,0.000000
0.015447,0.397285,0.587267
0.001221,0.987472,0.011307
0.295898,0.700326,0.003776
0.626735,0.347142,0.026123
0.003858,0.995816,0.000326
0.000024,0.000067,0.999908
0.998544,0.001456,0.000000
0.001435,0.995732,0.002833
0.420932,0.571681,0.007387
0.015652,0.599481,0.384867
0.000723,0.998340,0.000937
0.061730,0.626667,0.311603
0.990123,0.008958,0.000919
0.010067,0.265410,0.724523
0.993387,0.006613,0.000000
0.464934,0.527476,0.007590
0.000004,0.000009,0.999987
0.102075,0.644484,0.253441
0.833023,0.018428,0.148549
0.003884,0.005286,0.990830
0.322201,0.677584,0.000215
0.000008,0.000005,0.999987
0.000836,0.998862,0.000302
0.925106,0.074893,0.000001
0.009355,0.070856,0.919789
0.866896,0.017521,0.115583
0.007934,0.186970,0.805096
0.002334,0.013130,0.984536
0.972795,0.027205,0.000000
0.003976,0.008021,0.988003
0.001419,0.002726,0.995855
0.637792,0.353170,0.009038
0.994886,0.005063,0.000051
0.995625,0.004375,0.000000
0.082259,0.001947,0.915794
0.000618,0.003042,0.996339
0.841296,0.158638,0.000066
0.001677,0.820584,0.177739
0.995565,0.004435,0.000000
0.071750,0.926508,0.001742
0.996712,0.003288,0.000000
0.001227,0.002305,0.996467
0.170344,0.829654,0.000002
0.996059,0.003941,0.000000
0.493408,0.506581,0.000011
0.451893,0.548105,0.000002
0.000482,0.999147,0.000371
0.994087,0.005913,0.000000
0.895802,0.103355,0.000842
0.607686,0.358569,0.033745
0.990560,0.009440,0.000000
0.310344,0.689656,0.000000
0.996781,0.003219,0.000000
0.648896,0.350106,0.000997
0.493287,0.504266,0.002446
0.968772,0.031228,0.000000
0.000771,0.997087,0.002142
0.966068,0.032413,0.001519
0.943486,0.054917,0.001596
0.001315,0.005709,0.992976
0.751605,0.205806,0.042589
0.906586,0.093381,0.000033
0.183060,0.558940,0.257999
0.000477,0.970487,0.029036
0.925871,0.003903,0.070227
0.000280,0.000062,0.999659
0.410287,0.589705,0.000007
0.996838,0.003162,0.000000
0.804587,0.195362,0.000050
0.982662,0.015938,0.001399
0.022754,0.881911,0.095335
0.000006,0.000010,0.999984
0.004541,0.006387,0.989072
0.163669,0.836299,0.000032
0.244651,0.755347,0.000002
0.977357,0.022643,0.000000
0.997765,0.002235,0.000000
0.994951,0.005049,0.000000
0.252949,0.747045,0.000005
0.000526,0.996361,0.003113
0.000000,0.000000,0.999999
0.993032,0.006968,0.000000
0.361518,0.636801,0.001681
0.303033,0.683422,0.013545
0.003206,0.003328,0.993466
0.046137,0.204923,0.748940
0.019326,0.016667,0.964007
0.501961,0.497497,0.000542
0.000675,0.996047,0.003278
0.009815,0.117041,0.873144
0.001818,0.989747,0.008434
0.009164,0.582285,0.408551
0.986493,0.013507,0.000000
0.250139,0.006428,0.743432
0.771810,0.022546,0.205644
0.985222,0.014778,0.000000
0.005300,0.103384,0.891316
0.161773,0.412560,0.425667
0.927169,0.057209,0.015621
0.124321,0.857665,0.018014
0.028653,0.678698,0.292649
0.287223,0.712774,0.000003
0.628313,0.371686,0.000001
0.992483,0.007511,0.000006
0.574439,0.425556,0.000005
0.000007,0.000015,0.999978
0.004503,0.010114,0.985383
0.948492,0.051433,0.000075
0.295347,0.089641,0.615012
0.993930,0.006070,0.000000
0.004015,0.766863,0.229122
0.940350,0.059650,0.000000
0.043504,0.368761,0.587735
0.156826,0.529453,0.313721
0.859477,0.010775,0.129748
0.000432,0.998843,0.000725
0.004073,0.984135,0.011792
0.899343,0.100595,0.000062
0.957817,0.042183,0.000000
0.138515,0.765684,0.095801
0.991405,0.008595,0.000000
0.421168,0.578830,0.000002
0.000035,0.000044,0.999921
0.000316,0.006086,0.993598
0.000653,0.883197,0.116149
0.000480,0.001427,0.998093
0.158777,0.841205,0.000018
0.015356,0.059444,0.925200
0.813846,0.056679,0.129475
0.934201,0.054811,0.010989
0.315813,0.682059,0.002127
0.980477,0.019523,0.000000
0.996153,0.003847,0.000000
0.954047,0.045953,0.000000
0.991754,0.008246,0.000000
0.000715,0.024143,0.975142
0.990262,0.009738,0.000000
0.259259,0.721320,0.019421
0.000008,0.000014,0.999978
0.842068,0.093898,0.064035
0.000975,0.928652,0.070372
0.993354,0.006646,0.000000
0.140398,0.858410,0.001193
0.265966,0.734032,0.000002
0.744397,0.235162,0.020440
0.019016,0.031478,0.949506
0.920992,0.072378,0.006630
0.255605,0.744192,0.000203
0.292844,0.701580,0.005576
0.704110,0.248062,0.047827
0.995900,0.004100,0.000000
0.002974,0.954823,0.042204
0.941769,0.056893,0.001338
0.411904,0.541906,0.046190
0.004734,0.046565,0.948701
0.368362,0.631637,0.000001
0.195595,0.004392,0.800014
0.010328,0.008044,0.981628
0.997483,0.002517,0.000000
0.003482,0.534084,0.462433
0.002334,0.994013,0.003653
0.243347,0.756648,0.000004
0.000434,0.992865,0.006701
0.351092,0.085287,0.563621
0.967448,0.032550,0.000002
0.306917,0.693076,0.000007
0.010838,0.446001,0.543161
0.904711,0.095284,0.000005
0.082941,0.915930,0.001129
0.998336,0.001664,0.000000
0.294856,0.701951,0.003193
0.982351,0.017649,0.000000
0.951869,0.048093,0.000037
0.000015,0.000002,0.999984
0.016352,0.092368,0.891280
0.022242,0.361913,0.615845
0.003492,0.114754,0.881754
0.994309,0.005691,0.000000
0.002467,0.013926,0.983607
0.002569,0.938401,0.059030
0.219959,0.780032,0.000009
0.945997,0.028592,0.025411
0.991824,0.008173,0.000003
0.871783,0.009319,0.118897
0.000691,0.001259,0.998049
0.946682,0.052013,0.001306
0.000478,0.000479,0.999042
0.986758,0.013242,0.000000
0.505053,0.494899,0.000048
0.000002,0.000002,0.999996
0.292126,0.707873,0.000000
0.964925,0.035075,0.000000
0.000623,0.999078,0.000299
0.000119,0.000637,0.999244
0.982809,0.017191,0.000000
0.628308,0.371574,0.000118
0.917433,0.065096,0.017471
0.000035,0.000064,0.999901
0.240740,0.759184,0.000076
0.992771,0.004578,0.002651
0.740285,0.250278,0.009438
0.733865,0.054546,0.211589
0.108784,0.784638,0.106578
0.001270,0.052890,0.945841
0.980092,0.019908,0.000000
0.231853,0.768101,0.000047
0.082061,0.231523,0.686417
0.923351,0.074254,0.002394
0.009121,0.041422,0.949457
0.976244,0.013964,0.009792
0.218628,0.666910,0.114461
0.000220,0.999438,0.000341
0.996437,0.003563,0.000000
0.622746,0.332340,0.044914
0.008408,0.257232,0.734361
0.521422,0.448985,0.029593
0.984047,0.015952,0.000000
0.464105,0.535686,0.000210
0.000538,0.988920,0.010541
0.998462,0.001537,0.000001
0.018921,0.188198,0.792881
0.975965,0.024035,0.000000
0.027643,0.135354,0.837003
0.884251,0.045464,0.070284
0.000374,0.004591,0.995035
0.683639,0.223126,0.093236
0.997052,0.002948,0.000000
0.004398,0.880443,0.115159
0.526744,0.463561,0.009695
0.993046,0.006883,0.000070
0.039625,0.371295,0.589080
0.127195,0.748754,0.124050
0.959201,0.040799,0.000000
0.987683,0.012230,0.000087
0.459124,0.190170,0.350706
0.002655,0.978675,0.018670
0.594819,0.404971,0.000211
0.509812,0.490186,0.000002
0.997603,0.002397,0.000000
0.994401,0.005379,0.000220
0.000422,0.991271,0.008307
0.610979,0.389008,0.000013
0.310424,0.651157,0.038419
0.001268,0.006099,0.992633
0.996397,0.003538,0.000066
0.002172,0.091914,0.905914
0.992749,0.007206,0.000045
0.985789,0.014207,0.000003
0.995261,0.004739,0.000000
0.993763,0.006236,0.000001
0.001608,0.957299,0.041093
0.929161,0.069551,0.001288
0.000016,0.000008,0.999976
0.993386,0.006614,0.000000
0.242783,0.745865,0.011352
0.036871,0.170305,0.792824
0.000825,0.907652,0.091523
0.000041,0.000133,0.999826
0.322970,0.677024,0.000005
0.000027,0.000071,0.999903
0.019528,0.635736,0.344736
0.006012,0.032485,0.961503
0.012185,0.342361,0.645454
0.206551,0.500831,0.292617
0.993386,0.006614,0.000000
0.996671,0.003053,0.000276
0.008032,0.191241,0.800727
0.752782,0.128841,0.118378
0.065385,0.273866,0.660749
0.009943,0.233252,0.756806
0.045324,0.125829,0.828847
0.547477,0.452265,0.000259
0.007881,0.025632,0.966487
0.997428,0.002572,0.000000
0.000549,0.947010,0.052442
0.002425,0.009751,0.987824
0.080248,0.376340,0.543412
0.326187,0.673812,0.000000
0.268652,0.367311,0.364037
0.001664,0.007859,0.990477
0.820703,0.177189,0.002109
0.994989,0.005011,0.000000
0.000180,0.000124,0.999696
0.000665,0.998528,0.000807
0.341357,0.600932,0.057712
0.995769,0.004231,0.000000
0.475649,0.301342,0.223009
0.011063,0.585633,0.403304
0.367158,0.632786,0.000056
0.757733,0.238840,0.003426
0.198017,0.776160,0.025823
0.589983,0.110961,0.299056
0.993554,0.006367,0.000078
0.148696,0.851276,0.000028
0.001009,0.996973,0.002018
0.317996,0.682001,0.000003
0.394100,0.605876,0.000024
0.113476,0.256163,0.630361
0.382959,0.604593,0.012448
0.189757,0.810240,0.000004
0.232403,0.024932,0.742664
0.868119,0.029965,0.101915
0.402821,0.449802,0.147377
0.349580,0.495294,0.155125
0.005286,0.332841,0.661873
0.956213,0.043786,0.000001
0.068293,0.449752,0.481955
0.926167,0.073832,0.000001
0.997222,0.002778,0.000000
0.234597,0.765402,0.000001
0.001205,0.998658,0.000137
0.979695,0.020104,0.000201
0.225628,0.595392,0.178981
0.014190,0.574674,0.411136
0.996694,0.002780,0.000525
0.506873,0.493126,0.000000
0.354592,0.645407,0.000000
0.268199,0.724682,0.007119
0.000610,0.000057,0.999333
0.000477,0.963800,0.035724
0.848573,0.151351,0.000075
0.003815,0.631894,0.364292
0.741663,0.257992,0.000345
0.000209,0.995135,0.004656
0.792800,0.205039,0.002161
0.679399,0.320212,0.000389
0.938813,0.061120,0.000067
0.429746,0.570188,0.000066
0.046375,0.953562,0.000063
0.116690,0.883285,0.000025
0.995832,0.004168,0.000000
0.512043,0.487653,0.000304
0.009055,0.020225,0.970720
0.215890,0.784039,0.000071
0.170283,0.010828,0.818889
0.805024,0.194972,0.000004
0.995478,0.004522,0.000000
0.330907,0.669071,0.000022
0.017482,0.068413,0.914105
0.011890,0.049519,0.938592
0.000124,0.000161,0.999716
0.826455,0.148213,0.025332
0.256167,0.662045,0.081788
0.133923,0.865928,0.000149
0.311049,0.276998,0.411954
0.994867,0.005133,0.000000
0.975406,0.024593,0.000000
0.077532,0.593530,0.328938
0.000307,0.996167,0.003526
0.890323,0.109666,0.000011
0.861628,0.070629,0.067743
0.996455,0.003545,0.000000
0.000007,0.000014,0.999979
0.027031,0.853599,0.119369
0.000595,0.995943,0.003461
0.987202,0.012796,0.000002
0.001344,0.769857,0.228799
0.001217,0.010578,0.988204
0.960825,0.011392,0.027783
0.012288,0.899665,0.088047
0.052682,0.666693,0.280625
0.995723,0.004277,0.000000
0.279156,0.596525,0.124319
0.000897,0.986461,0.012642
0.460873,0.539127,0.000000
0.000222,0.008189,0.991589
0.466483,0.533011,0.000506
0.995959,0.003938,0.000102
0.747748,0.244021,0.008231
0.058161,0.202371,0.739468
0.000087,0.000303,0.999610
0.997674,0.002326,0.000000
0.998926,0.001075,0.000000
0.599795,0.340650,0.059555
0.000750,0.908646,0.090603
0.074804,0.924136,0.001060
0.994725,0.005275,0.000000
0.988864,0.011136,0.000000
0.997310,0.002690,0.000000
0.238432,0.761566,0.000002
0.762855,0.233116,0.004029
0.997872,0.002121,0.000007
0.996625,0.003375,0.000000
0.912757,0.079799,0.007444
0.000063,0.000039,0.999898
0.986425,0.013569,0.000006
0.353194,0.646783,0.000023
0.992258,0.007742,0.000000
0.406013,0.585656,0.008330
0.968890,0.031110,0.000001
0.000137,0.000630,0.999233
0.821274,0.175757,0.002969
0.609323,0.370696,0.019982
0.996420,0.003580,0.000000
0.474393,0.511155,0.014453
0.998414,0.001586,0.000000
0.356547,0.642575,0.000878
0.994950,0.005050,0.000000
0.996459,0.003541,0.000000
0.997944,0.002056,0.000000
0.989872,0.010128,0.000000
0.981801,0.018199,0.000000
0.002716,0.082461,0.914823
0.000330,0.002462,0.997207
0.990269,0.009728,0.000003
0.259710,0.740267,0.000022
0.326618,0.673382,0.000000
0.758962,0.089764,0.151273
0.000334,0.000523,0.999143
0.995488,0.004183,0.000328
0.000691,0.989655,0.009654
0.997257,0.002743,0.000000
0.415544,0.584451,0.000005
0.030296,0.836080,0.133624
0.001454,0.995394,0.003152
0.001158,0.002490,0.996351
0.000964,0.989368,0.009668
0.138911,0.085319,0.775769
0.002262,0.609542,0.388196
0.015059,0.461144,0.523798
0.003883,0.768840,0.227277
0.958310,0.020636,0.021054
0.280193,0.702316,0.017491
0.000518,0.001617,0.997865
0.996773,0.003227,0.000001
0.004013,0.046187,0.949799
0.184828,0.814019,0.001153
0.001286,0.937565,0.061149
0.995414,0.004585,0.000000
0.000022,0.000004,0.999974
0.953184,0.046700,0.000116
0.002413,0.003508,0.994079
0.995019,0.004906,0.000074
0.977986,0.016063,0.005951
0.992296,0.007696,0.000007
0.364451,0.635549,0.000000
0.001039,0.125191,0.873770
0.996750,0.003250,0.000000
0.993794,0.006206,0.000000
0.930669,0.069127,0.000204
0.118926,0.876027,0.005047
0.443483,0.553932,0.002586
0.011869,0.066412,0.921720
0.428026,0.571969,0.000005
0.048637,0.773539,0.177824
0.013655,0.132541,0.853804
0.229575,0.767233,0.003191
0.000725,0.995967,0.003308
0.003781,0.012320,0.983898
0.998558,0.001442,0.000000
0.988102,0.011898,0.000001
0.306452,0.693492,0.000056
0.188513,0.793427,0.018060
0.287324,0.712676,0.000000
0.378136,0.621854,0.000010
0.299672,0.695891,0.004437
0.000440,0.002398,0.997162
0.707697,0.060781,0.231523
0.264899,0.732971,0.002130
0.000123,0.000465,0.999412
0.994257,0.005739,0.000004
0.000986,0.889929,0.109085
0.854004,0.126198,0.019798
0.465336,0.480439,0.054225
0.461004,0.538879,0.000117
0.002465,0.004147,0.993388
0.000000,0.000000,1.000000
0.989728,0.010263,0.000009
0.365113,0.632996,0.001890
0.253671,0.138967,0.607362
0.000146,0.000018,0.999836
0.939102,0.060887,0.000010
0.409539,0.589549,0.000912
0.586356,0.409270,0.004374
0.016461,0.052160,0.931379
0.980772,0.019172,0.000055
0.001509,0.048548,0.949943
0.235221,0.740584,0.024196
0.981301,0.018699,0.000000
0.832189,0.164512,0.003299
0.989099,0.010900,0.000000
0.986986,0.010564,0.002450
0.506466,0.493534,0.000000
0.146256,0.845283,0.008461
0.341749,0.658250,0.000001
0.000664,0.999213,0.000123
0.043117,0.486190,0.470694
0.000043,0.000053,0.999904
0.919633,0.080353,0.000014
0.993709,0.006285,0.000006
0.996114,0.003885,0.000001
0.000026,0.000066,0.999909
0.989061,0.010939,0.000000
0.119120,0.880217,0.000663
0.992220,0.007780,0.000000
0.007076,0.008162,0.984762
0.000247,0.005432,0.994320
0.127760,0.634569,0.237670
0.304043,0.688671,0.007287
0.995736,0.004264,0.000000
0.013303,0.799592,0.187105
0.008757,0.017367,0.973876
0.000489,0.637260,0.362251
0.000749,0.995172,0.004079
0.017396,0.529789,0.452815
0.197971,0.003577,0.798453
0.496503,0.464062,0.039435
0.987673,0.012327,0.000000
0.000070,0.000142,0.999788
0.047557,0.157246,0.795197
0.012263,0.263219,0.724518
0.047743,0.187553,0.764704
0.000028,0.000062,0.999910
0.008195,0.033336,0.958469
0.306486,0.689648,0.003866
0.031384,0.145179,0.823437
0.997322,0.002678,0.000000
0.512746,0.487248,0.000006
0.127776,0.610159,0.262065
0.902211,0.007268,0.090521
0.614154,0.374726,0.011121
0.078698,0.700451,0.220850
0.998138,0.001862,0.000000
0.001004,0.004065,0.994931
0.995534,0.003561,0.000905
0.998550,0.001451,0.000000
0.987378,0.012622,0.000000
0.970814,0.029177,0.000009
0.998257,0.001743,0.000000
0.000001,0.000001,0.999997
0.000202,0.000682,0.999116
0.127602,0.838950,0.033448
0.001134,0.998589,0.000277
0.308905,0.290173,0.400922
0.174218,0.825780,0.000002
0.976697,0.023013,0.000289
0.000052,0.000110,0.999838
0.759756,0.149017,0.091228
0.020959,0.593612,0.385429
0.977423,0.022577,0.000000
0.993415,0.006585,0.000000
0.542410,0.457578,0.000012
0.368814,0.009581,0.621605
0.461033,0.538210,0.000758
0.000625,0.002899,0.996476
0.183243,0.157372,0.659385
0.030947,0.026676,0.942377
0.001400,0.991333,0.007267
0.912856,0.083111,0.004033
0.079451,0.767519,0.153031
0.000134,0.000040,0.999825
0.996034,0.003966,0.000000
0.996962,0.003038,0.000000
0.976566,0.023434,0.000000
0.882686,0.115298,0.002016
0.996686,0.003314,0.000000
0.049783,0.858640,0.091576
0.000906,0.746444,0.252650
0.940712,0.057897,0.001390
0.278831,0.721164,0.000004
0.565436,0.434531,0.000033
0.887960,0.110545,0.001495
0.384262,0.205475,0.410264
0.477521,0.520747,0.001732
0.995560,0.004440,0.000000
0.996284,0.003716,0.000000
0.974113,0.019699,0.006188
0.103470,0.896402,0.000128
0.463831,0.523193,0.012976
0.260392,0.731718,0.007890
0.978316,0.021684,0.000000
0.370976,0.629024,0.000000
0.981025,0.018975,0.000000
0.171168,0.828817,0.000015
0.229374,0.447468,0.323158
0.996556,0.003444,0.000000
0.000517,0.999036,0.000447
0.147258,0.388607,0.464135
0.123828,0.026046,0.850126
0.356638,0.643206,0.000156
0.178847,0.821150,0.000003
0.018219,0.522617,0.459164
0.516878,0.483023,0.000099
0.000158,0.000775,0.999067
0.025236,0.090429,0.884335
0.050589,0.000970,0.948441
0.991455,0.008543,0.000002
0.184741,0.815239,0.000019
0.000008,0.000021,0.999971
0.013836,0.374834,0.611329
0.785604,0.198988,0.015408
0.020135,0.277006,0.702860
0.400790,0.588790,0.010420
0.936860,0.008852,0.054288
0.984374,0.015626,0.000000
0.989593,0.008933,0.001474
0.009949,0.896623,0.093428
0.001499,0.001795,0.996706
0.992231,0.007769,0.000000
0.915585,0.079529,0.004886
0.548183,0.451579,0.000238
0.298329,0.646189,0.055482
0.965750,0.034156,0.000094
0.923301,0.065922,0.010777
0.086600,0.913374,0.000026
0.984810,0.015161,0.000029
0.989172,0.010827,0.000001
0.005580,0.762657,0.231763
0.003866,0.983553,0.012581
0.977588,0.021950,0.000462
0.864078,0.135822,0.000101
0.134781,0.865206,0.000014
0.974601,0.025364,0.000035
0.968168,0.012127,0.019705
0.515095,0.483723,0.001182
0.174978,0.029746,0.795276
0.997756,0.002244,0.000000
0.271836,0.728151,0.000014
0.990799,0.009201,0.000000
0.000260,0.000279,0.999461
0.010399,0.371295,0.618306
0.000031,0.000030,0.999938
0.196962,0.797825,0.005213
0.019816,0.332016,0.648168
0.044757,0.435248,0.519995
0.945629,0.054369,0.000002
0.022334,0.818021,0.159645
0.746096,0.073760,0.180145
0.000737,0.004993,0.994270
0.000185,0.000694,0.999121
0.100099,0.004619,0.895281
0.014253,0.362132,0.623614
0.042234,0.454352,0.503414
0.000395,0.996545,0.003061
0.016522,0.117513,0.865965
0.471869,0.259734,0.268397
0.990479,0.009519,0.000002
0.000129,0.001926,0.997944
0.002516,0.003252,0.994233
0.247242,0.695575,0.057183
0.000661,0.980605,0.018735
0.006911,0.139534,0.853555
0.017122,0.340214,0.642663
0.994287,0.005713,0.000000
0.000273,0.999015,0.000712
0.002620,0.996690,0.000690
0.015835,0.312330,0.671835
0.000561,0.998526,0.000913
0.735605,0.262795,0.001600
0.000019,0.000004,0.999977
0.675568,0.322691,0.001741
0.330948,0.669052,0.000000
0.987145,0.012855,0.000000
0.001229,0.991976,0.006795
0.996799,0.003201,0.000000
0.901671,0.011544,0.086786
0.000596,0.856044,0.143360
0.348976,0.651023,0.000001
0.962416,0.037584,0.000000
0.000039,0.000071,0.999890
0.629419,0.370572,0.000009
0.000780,0.006184,0.993036
0.995088,0.004912,0.000000
0.647580,0.331661,0.020760
0.012366,0.017550,0.970084
0.069040,0.928822,0.002138
0.995186,0.004814,0.000000
0.001528,0.014538,0.983933
0.111651,0.888342,0.000006
0.494136,0.505735,0.000130
0.002031,0.993982,0.003987
0.045081,0.004949,0.949970
0.004997,0.221203,0.773799
0.993704,0.006227,0.000068
0.985034,0.014937,0.000029
0.001676,0.008715,0.989609
0.184815,0.780638,0.034547
0.000270,0.000031,0.999699
0.404075,0.395320,0.200605
0.996064,0.003936,0.000000
0.007202,0.097272,0.895526
0.998362,0.001638,0.000000
0.037358,0.912389,0.050253
0.942007,0.057992,0.000001
0.992566,0.007434,0.000000
0.070993,0.759251,0.169756
0.040218,0.957734,0.002048
0.413106,0.075571,0.511323
0.946617,0.053383,0.000000
0.972823,0.027177,0.000000
0.001361,0.983763,0.014876
0.336970,0.663021,0.000009
0.169943,0.004326,0.825731
0.995823,0.004162,0.000014
0.313973,0.187126,0.498902
0.994378,0.005539,0.000083
0.000182,0.000182,0.999636
0.570497,0.382667,0.046836
0.289020,0.669034,0.041946
0.986676,0.013324,0.000000
0.138218,0.861714,0.000068
0.227579,0.772417,0.000004
0.016652,0.843059,0.140289
0.000894,0.001394,0.997712
0.991772,0.008228,0.000000
0.343045,0.652978,0.003977
0.936125,0.060473,0.003402
0.001010,0.009271,0.989719
0.000935,0.003163,0.995902
0.994941,0.004213,0.000846
0.033192,0.431186,0.535622
0.026752,0.921682,0.051566
0.002398,0.900947,0.096656
0.004937,0.415975,0.579088
0.570848,0.004698,0.424455
0.293268,0.705169,0.001564
0.001298,0.988493,0.010208
0.302049,0.697947,0.000003
0.956083,0.041995,0.001921
0.151215,0.848395,0.000391
0.000504,0.998816,0.000681
0.184987,0.522124,0.292889
0.246345,0.753631,0.000025
0.943337,0.056572,0.000091
0.943641,0.055832,0.000527
0.536872,0.085044,0.378083
0.039255,0.205251,0.755494
0.003828,0.034469,0.961703
0.000016,0.000020,0.999964
0.252806,0.747194,0.000000
0.001134,0.998628,0.000238
0.001882,0.855414,0.142704
0.970342,0.022468,0.007190
0.102347,0.808170,0.089483
0.006651,0.992248,0.001101
0.000004,0.000005,0.999992
0.921946,0.078041,0.000013
0.010832,0.524111,0.465056
0.391741,0.603764,0.004496
0.556443,0.424680,0.018877
0.000478,0.988443,0.011079
0.032942,0.000885,0.966173
0.000037,0.000003,0.999960
0.147756,0.852160,0.000084
0.283681,0.708203,0.008116
0.003464,0.134343,0.862192
0.007597,0.222363,0.770040
0.133494,0.866495,0.000011
0.008680,0.403125,0.588195
0.755675,0.032109,0.212216
0.974064,0.025934,0.000002
0.996503,0.003497,0.000000
0.602836,0.396813,0.000352
0.172848,0.827125,0.000027
0.000708,0.972333,0.026959
0.956891,0.043109,0.000000
0.484430,0.507524,0.008046
0.049499,0.740585,0.209915
0.009473,0.020231,0.970296
0.993734,0.006266,0.000000
0.000675,0.997311,0.002014
0.997654,0.002325,0.000021
0.616800,0.383162,0.000037
0.127275,0.872720,0.000005
0.166734,0.745909,0.087357
0.405422,0.594499,0.000079
0.000537,0.995317,0.004145
0.000853,0.998364,0.000783
0.248711,0.013669,0.737620
0.681863,0.075042,0.243095
0.000212,0.000037,0.999751
0.387277,0.011405,0.601318
0.801319,0.006077,0.192604
0.287815,0.680860,0.031326
0.986759,0.013241,0.000000
0.056314,0.871373,0.072313
0.155698,0.420321,0.423982
0.000151,0.000321,0.999528
0.360413,0.639586,0.000001
0.023873,0.455114,0.521013
0.000034,0.000082,0.999884
0.997920,0.002080,0.000000
0.447445,0.158405,0.394150
0.985908,0.014092,0.000000
0.880926,0.097662,0.021412
0.017246,0.027006,0.955749
0.001068,0.979834,0.019097
0.875141,0.124617,0.000241
0.006745,0.459555,0.533701
0.830182,0.169592,0.000226
0.001140,0.002276,0.996585
0.026361,0.227507,0.746132
0.000015,0.000034,0.999951
0.005465,0.022449,0.972086
0.058748,0.318442,0.622810
0.026141,0.121888,0.851970
0.256426,0.581907,0.161667
0.000792,0.985168,0.014040
0.164550,0.835427,0.000022
0.240783,0.711824,0.047393
0.001574,0.017934,0.980491
0.006737,0.246749,0.746514
0.985500,0.014500,0.000000
0.931457,0.066383,0.002160
0.000001,0.000001,0.999998
0.002904,0.990250,0.006846
0.176451,0.823543,0.000006
0.997585,0.002415,0.000000
0.038460,0.001285,0.960255
0.122703,0.877295,0.000002
0.032047,0.719046,0.248907
0.988345,0.007949,0.003705
0.000776,0.981825,0.017399
0.074875,0.260548,0.664576
0.522609,0.477322,0.000069
0.996475,0.003525,0.000000
0.494444,0.505342,0.000214
0.000014,0.000061,0.999925
0.942251,0.057747,0.000002
0.987245,0.012755,0.000000
0.272510,0.727449,0.000041
0.180181,0.757686,0.062133
0.992878,0.007122,0.000000
0.993481,0.006519,0.000000
0.952643,0.047319,0.000038
0.998147,0.001853,0.000000
0.000063,0.000011,0.999926
0.230534,0.746348,0.023119
0.002466,0.134433,0.863101
0.034250,0.102442,0.863308
0.017582,0.891746,0.090672
0.019518,0.215771,0.764711
0.285506,0.714401,0.000092
0.452061,0.547928,0.000011
0.911972,0.087984,0.000044
0.074280,0.000831,0.924889
0.145111,0.854862,0.000027
0.986094,0.013906,0.000000
0.454790,0.542794,0.002417
0.004739,0.883983,0.111278
0.203274,0.728732,0.067994
0.000161,0.000333,0.999505
0.024693,0.237008,0.738299
0.006412,0.863412,0.130176
0.123652,0.876299,0.000049
0.765539,0.215265,0.019196
0.981224,0.018768,0.000008
0.006352,0.059690,0.933958
0.993157,0.006747,0.000096
0.000007,0.000005,0.999988
0.978960,0.005122,0.015918
0.550023,0.449830,0.000147
0.989388,0.010612,0.000000
0.000095,0.000294,0.999611
0.878878,0.115555,0.005567
0.231018,0.755200,0.013781
0.037586,0.062717,0.899698
0.971308,0.028692,0.000000
0.008246,0.628389,0.363365
0.991108,0.008892,0.000000
0.916931,0.003990,0.079079
0.241543,0.758422,0.000034
0.032078,0.436466,0.531456
0.997687,0.002313,0.000000
0.993461,0.006539,0.000000
0.990192,0.009773,0.000035
0.310274,0.687171,0.002555
0.008521,0.614653,0.376826
0.231066,0.005279,0.763656
0.129362,0.345500,0.525138
0.977863,0.022137,0.000000
0.158630,0.841368,0.000002
0.949011,0.050922,0.000067
0.214315,0.785667,0.000018
0.142324,0.585803,0.271874
0.994682,0.005318,0.000000
0.411295,0.588683,0.000022
0.013171,0.027792,0.959037
0.001277,0.961993,0.036730
0.000430,0.980883,0.018687
0.695324,0.058979,0.245697
0.997093,0.002907,0.000001
0.985956,0.013166,0.000878
0.394403,0.589660,0.015937
0.192276,0.481183,0.326541
0.009250,0.167979,0.822772
0.963067,0.018990,0.017943
0.311730,0.688268,0.000002
0.217739,0.713771,0.068489
0.232008,0.005370,0.762622
0.394370,0.605458,0.000171
0.000000,0.000000,1.000000
0.284525,0.715470,0.000004
0.190441,0.809381,0.000178
0.991079,0.008921,0.000000
0.000000,0.000000,1.000000
0.169210,0.827513,0.003277
0.315445,0.684552,0.000003
0.150912,0.813406,0.035681
0.468364,0.412801,0.118836
0.394018,0.598617,0.007366
0.045071,0.390238,0.564691
0.466707,0.013084,0.520210
0.481732,0.041795,0.476472
0.995983,0.004017,0.000000
0.994111,0.003470,0.002418
0.374547,0.625452,0.000000
0.543510,0.456481,0.000009
0.991609,0.008391,0.000000
0.215616,0.714406,0.069978
0.001269,0.991907,0.006824
0.988990,0.011010,0.000001
0.850017,0.146690,0.003293
0.986844,0.013157,0.000000
0.968807,0.031193,0.000000
0.191674,0.808111,0.000214
0.888325,0.039895,0.071780
0.000918,0.026696,0.972386
0.205785,0.005063,0.789152
0.922976,0.076986,0.000038
0.473927,0.487902,0.038171
0.004149,0.125927,0.869924
0.938480,0.061472,0.000048
0.004583,0.875805,0.119611
0.011591,0.027648,0.960761
0.000425,0.999282,0.000294
0.274378,0.486714,0.238907
0.972849,0.019157,0.007994
0.002464,0.789946,0.207590
0.989028,0.010972,0.000000
0.963543,0.025699,0.010758
0.852381,0.147046,0.000572
0.461453,0.538544,0.000004
0.950327,0.049674,0.000000
0.993863,0.006137,0.000000
0.007358,0.198873,0.793769
0.996300,0.003700,0.000000
0.219419,0.780550,0.000031
0.015411,0.027995,0.956595
0.997589,0.002411,0.000000
0.994966,0.005033,0.000000
0.464118,0.532746,0.003135
0.979969,0.020023,0.000008
0.016893,0.152071,0.831037
0.000031,0.000005,0.999964
0.797806,0.202186,0.000008
0.989790,0.008314,0.001896
0.198924,0.801064,0.000011
0.000415,0.001877,0.997708
0.004473,0.981388,0.014140
0.649114,0.349490,0.001396
0.011155,0.010774,0.978071
0.878022,0.120899,0.001079
0.016486,0.072815,0.910699
0.045087,0.255775,0.699138
0.560114,0.437865,0.002022
0.977312,0.022688,0.000000
0.009853,0.616916,0.373232
0.000892,0.000782,0.998326
0.954655,0.045345,0.000000
0.210252,0.789746,0.000002
0.272354,0.608617,0.119029
0.993300,0.006698,0.000002
0.994107,0.005893,0.000000
0.951070,0.048930,0.000000
0.002089,0.014136,0.983775
0.137181,0.047476,0.815343
0.049882,0.171456,0.778662
0.074774,0.302380,0.622845
0.287125,0.702980,0.009895
0.112492,0.878514,0.008994
0.984871,0.015129,0.000000
0.993614,0.006377,0.000009
0.984686,0.015314,0.000000
0.997452,0.002548,0.000000
0.000089,0.000246,0.999665
0.990033,0.009967,0.000000
0.000036,0.000009,0.999955
0.951318,0.048682,0.000000
0.979120,0.020880,0.000000
0.685122,0.266354,0.048525
0.702253,0.204671,0.093075
0.019260,0.249621,0.731119
0.632056,0.088620,0.279324
0.960599,0.039401,0.000000
0.982257,0.017743,0.000000
0.078606,0.350264,0.571130
0.050762,0.049293,0.899945
0.959316,0.040684,0.000000
0.002722,0.060072,0.937205
0.025524,0.457679,0.516797
0.009822,0.024291,0.965887
0.985768,0.013149,0.001084
0.021627,0.675244,0.303129
0.011111,0.611145,0.377745
0.187516,0.595949,0.216535
0.980016,0.019984,0.000000
0.788691,0.169833,0.041476
0.997408,0.002592,0.000000
0.666703,0.318314,0.014983
0.215466,0.780545,0.003989
0.236740,0.763260,0.000000
0.000690,0.999083,0.000228
0.000154,0.000303,0.999543
0.000548,0.009615,0.989837
0.848043,0.004466,0.147491
0.011485,0.224487,0.764027
0.000000,0.000000,1.000000
0.006089,0.318870,0.675041
0.505679,0.487028,0.007292
0.040138,0.042479,0.917383
0.081181,0.637182,0.281637
0.008973,0.170372,0.820654
0.772425,0.206608,0.020967
0.000585,0.004046,0.995369
0.800786,0.113080,0.086133
0.000373,0.001818,0.997809
0.230000,0.631197,0.138802
0.007004,0.318184,0.674812
0.133190,0.846224,0.020586
0.209086,0.790895,0.000020
0.348316,0.651681,0.000003
0.533244,0.466718,0.000038
0.000367,0.994051,0.005582
0.212485,0.785231,0.002284
0.393521,0.606479,0.000000
0.990243,0.009757,0.000000
0.329202,0.669806,0.000993
0.001922,0.008675,0.989403
0.976304,0.019655,0.004040
0.995257,0.004743,0.000000
0.998220,0.001778,0.000002
0.000418,0.998982,0.000601
0.993900,0.006100,0.000000
0.996579,0.003421,0.000000
0.196079,0.695851,0.108070
0.994114,0.005886,0.000000
0.989687,0.010300,0.000013
0.998351,0.001649,0.000000
0.240467,0.759515,0.000017
0.676743,0.323056,0.000201
0.166870,0.833128,0.000002
0.003190,0.627986,0.368824
0.301718,0.003875,0.694407
