0.014927,0.052894,0.017569,0.040103,0.687967,0.027088,0.042300,0.061151,0.020881,0.035121
0.017335,0.105259,0.056648,0.050830,0.051656,0.069535,0.054703,0.014373,0.528695,0.050966
0.064737,0.110890,0.116354,0.119503,0.103827,0.160426,0.118316,0.028020,0.045348,0.132580
0.050596,0.130180,0.111427,0.091689,0.194372,0.073802,0.135485,0.090936,0.070891,0.050623
0.035868,0.090189,0.092993,0.098248,0.088715,0.103369,0.083785,0.079035,0.230628,0.097170
0.053741,0.103460,0.034544,0.118467,0.109665,0.191665,0.118455,0.111878,0.124543,0.033582
0.016269,0.041281,0.021319,0.042458,0.641466,0.064405,0.052473,0.061704,0.034651,0.023976
0.050123,0.104508,0.110275,0.090775,0.090128,0.128673,0.185622,0.092005,0.057575,0.090315
0.044162,0.133635,0.089946,0.081000,0.129745,0.189720,0.136349,0.068403,0.041701,0.085339
0.031193,0.099824,0.036385,0.110283,0.122094,0.128027,0.108280,0.107396,0.139273,0.117244
0.098633,0.098347,0.138413,0.107464,0.122673,0.061460,0.131618,0.117187,0.046108,0.078096
0.021558,0.061555,0.306224,0.056814,0.213024,0.079696,0.064972,0.079199,0.075593,0.041366
0.027731,0.123122,0.108674,0.130189,0.122074,0.189377,0.140332,0.035700,0.059769,0.063032
0.016921,0.086883,0.340085,0.075849,0.248750,0.037937,0.064778,0.018869,0.045457,0.064472
0.036429,0.122336,0.133009,0.107234,0.122478,0.067190,0.123103,0.116543,0.097861,0.073817
0.045017,0.150813,0.047015,0.088300,0.187010,0.076365,0.131456,0.086379,0.065931,0.121713
0.015001,0.037327,0.193048,0.061267,0.474564,0.027278,0.061417,0.016724,0.063001,0.050373
0.079694,0.115741,0.046137,0.076637,0.124289,0.189713,0.150076,0.136743,0.042373,0.038599
0.053404,0.102798,0.116867,0.089089,0.098314,0.144139,0.111160,0.092000,0.089453,0.102775
0.050317,0.105455,0.110868,0.085347,0.106537,0.137860,0.105325,0.089589,0.096762,0.111939
0.026971,0.129989,0.282098,0.077116,0.068726,0.083648,0.157909,0.066337,0.064943,0.042264
0.039986,0.121241,0.040501,0.075256,0.124366,0.245231,0.115220,0.137791,0.041445,0.058964
0.041090,0.080597,0.051931,0.041308,0.496304,0.089667,0.062729,0.072454,0.023081,0.040839
0.029573,0.068242,0.340716,0.064163,0.083607,0.123337,0.093589,0.079644,0.067119,0.050010
0.017501,0.060409,0.049531,0.059913,0.504854,0.075282,0.068970,0.072559,0.022952,0.068031
0.054471,0.068806,0.333712,0.063661,0.188499,0.076989,0.060115,0.067946,0.029768,0.056032
0.041985,0.102842,0.105789,0.093407,0.102763,0.126551,0.106951,0.095378,0.112238,0.112096
0.041909,0.112268,0.119531,0.100128,0.097027,0.149195,0.113675,0.108529,0.053144,0.104595
0.025723,0.080147,0.344510,0.061627,0.095770,0.139773,0.094304,0.075416,0.037574,0.045155
0.029750,0.127390,0.110324,0.106723,0.147588,0.060220,0.110327,0.101195,0.126537,0.079947
0.082226,0.162787,0.104347,0.092414,0.103200,0.119237,0.110098,0.087423,0.039565,0.098703
0.034437,0.083614,0.300175,0.066109,0.091788,0.120012,0.069614,0.091076,0.056548,0.086625
0.031883,0.076100,0.082307,0.079922,0.064517,0.093485,0.181287,0.060475,0.287681,0.042344
0.079144,0.109647,0.039742,0.075786,0.123136,0.242857,0.125275,0.091303,0.056590,0.056520
0.033325,0.072337,0.311576,0.075289,0.082798,0.087621,0.133132,0.061521,0.065592,0.076810
0.016484,0.049788,0.186726,0.057622,0.436383,0.097150,0.067160,0.042029,0.019412,0.027247
0.029224,0.082147,0.288647,0.055512,0.088594,0.119199,0.109315,0.090885,0.050349,0.086128
0.027349,0.074854,0.317888,0.084103,0.202023,0.087660,0.078409,0.018914,0.039026,0.069772
0.058194,0.072542,0.272215,0.051100,0.186917,0.104592,0.106238,0.066600,0.027395,0.054206
0.030139,0.069322,0.413477,0.094387,0.088592,0.047637,0.070399,0.114187,0.034599,0.037260
0.037280,0.107409,0.109546,0.110709,0.144323,0.145779,0.114846,0.099664,0.060363,0.070081
0.039102,0.081364,0.319318,0.068021,0.079354,0.098919,0.164490,0.060672,0.030964,0.057796
0.041595,0.076312,0.431813,0.075574,0.078030,0.051628,0.086341,0.021671,0.056681,0.080356
0.031731,0.091435,0.100135,0.096861,0.121364,0.103987,0.213998,0.071435,0.079606,0.089448
0.038024,0.106886,0.039092,0.068191,0.119781,0.207015,0.148048,0.140642,0.046249,0.086072
0.051558,0.106933,0.112179,0.087616,0.114670,0.129338,0.103895,0.098488,0.089093,0.106230
0.047562,0.106362,0.115162,0.080211,0.221983,0.059588,0.120178,0.099386,0.041551,0.108016
0.108929,0.114005,0.115146,0.090235,0.101767,0.107715,0.109606,0.104163,0.041815,0.106619
0.034408,0.096645,0.336704,0.083895,0.109683,0.048725,0.108669,0.096156,0.049863,0.035251
0.022018,0.119003,0.258720,0.073886,0.134029,0.101145,0.167890,0.060822,0.031137,0.031350
0.041395,0.107213,0.096243,0.118491,0.109309,0.066877,0.158249,0.138297,0.043162,0.120765
0.020854,0.084250,0.333311,0.078808,0.080802,0.101275,0.086001,0.076506,0.068700,0.069493
0.076621,0.157480,0.097593,0.090276,0.074225,0.119383,0.183036,0.077092,0.035010,0.089283
0.028262,0.100030,0.375930,0.051596,0.121656,0.046371,0.081251,0.077104,0.043245,0.074555
0.029113,0.125720,0.034510,0.132058,0.137239,0.063935,0.115679,0.033604,0.237887,0.090256
0.016232,0.065547,0.054574,0.043744,0.592998,0.034335,0.083126,0.022291,0.027403,0.059750
0.028796,0.118890,0.314479,0.074482,0.078672,0.116437,0.087238,0.079026,0.041275,0.060706
0.023071,0.058675,0.355856,0.044544,0.238786,0.042596,0.059084,0.105145,0.036634,0.035609
0.079936,0.107441,0.104118,0.108466,0.097704,0.124024,0.092220,0.093980,0.086538,0.105572
0.037446,0.089179,0.366695,0.080063,0.091865,0.112533,0.096698,0.023521,0.034509,0.067490
0.051777,0.111066,0.120096,0.083925,0.173572,0.064651,0.142414,0.096862,0.081290,0.074349
0.020218,0.050202,0.297918,0.063819,0.370723,0.031047,0.050060,0.038300,0.029598,0.048115
0.039715,0.078002,0.292712,0.056333,0.107371,0.120113,0.111650,0.055410,0.052011,0.086683
0.047246,0.121586,0.044040,0.122748,0.120592,0.167929,0.113993,0.069351,0.074833,0.117683
0.027473,0.074802,0.212033,0.066609,0.325328,0.095699,0.107486,0.021140,0.022614,0.046817
0.036395,0.230582,0.103119,0.083166,0.096077,0.108303,0.096785,0.081703,0.081355,0.082515
0.035565,0.116020,0.044308,0.137097,0.140212,0.128390,0.107125,0.127870,0.049669,0.113744
0.025946,0.146445,0.034808,0.109336,0.112393,0.198318,0.125127,0.064109,0.072276,0.111241
0.013675,0.080061,0.341591,0.045068,0.319078,0.037674,0.070505,0.016925,0.020247,0.055176
0.028468,0.109468,0.044221,0.113897,0.130002,0.161780,0.126766,0.106822,0.125583,0.052992
0.020912,0.067834,0.025757,0.036871,0.597248,0.035164,0.051606,0.080592,0.029864,0.054151
0.013367,0.037104,0.015906,0.043630,0.635076,0.096364,0.045346,0.054144,0.037548,0.021515
0.031731,0.117762,0.036622,0.136054,0.137057,0.219745,0.108767,0.125398,0.051338,0.035526
0.033342,0.119664,0.043049,0.135484,0.155450,0.067056,0.109596,0.151951,0.129174,0.055234
0.038307,0.092135,0.038012,0.148494,0.139200,0.227266,0.109803,0.110087,0.043527,0.053169
0.037295,0.089874,0.112575,0.105345,0.119010,0.135255,0.108809,0.091489,0.097830,0.102518
0.044615,0.223601,0.103419,0.092383,0.098057,0.097283,0.098912,0.098359,0.039338,0.104034
0.029748,0.094143,0.321660,0.079493,0.081333,0.101839,0.091706,0.078124,0.044395,0.077560
0.041012,0.161559,0.090252,0.073692,0.151990,0.101472,0.158118,0.080052,0.048177,0.093677
0.029997,0.075240,0.028867,0.059705,0.441822,0.097527,0.073619,0.022293,0.095436,0.075492
0.108669,0.099957,0.113079,0.095153,0.199435,0.131021,0.111103,0.027418,0.064176,0.049990
0.032926,0.081873,0.329753,0.081781,0.079887,0.111646,0.095542,0.024260,0.068647,0.093685
0.048384,0.108943,0.117126,0.104537,0.100583,0.131056,0.107702,0.104893,0.060396,0.116380
0.041067,0.229651,0.111533,0.107703,0.104857,0.099028,0.106108,0.029187,0.064622,0.106243
0.027900,0.111061,0.090968,0.114461,0.119528,0.183252,0.135777,0.105302,0.056487,0.055266
0.090785,0.154973,0.098348,0.075633,0.087782,0.065760,0.192897,0.091395,0.050639,0.091789
0.053449,0.109525,0.117713,0.115574,0.098656,0.104450,0.107286,0.093551,0.093672,0.106124
0.031925,0.110733,0.092168,0.077892,0.119639,0.120456,0.141265,0.120054,0.104761,0.081107
0.029830,0.142192,0.037594,0.098933,0.124595,0.132931,0.142598,0.072633,0.134418,0.084277
0.012929,0.042791,0.016330,0.061686,0.622582,0.093803,0.064794,0.031942,0.036554,0.016588
0.050371,0.164064,0.105953,0.092718,0.103399,0.114392,0.100611,0.087936,0.098655,0.081901
0.027070,0.086177,0.292659,0.082090,0.099737,0.141487,0.086273,0.091907,0.055822,0.036779
0.019294,0.057832,0.023283,0.071253,0.607630,0.029059,0.051728,0.078670,0.023542,0.037710
0.064336,0.195992,0.077176,0.068152,0.076040,0.103943,0.187641,0.063324,0.087124,0.076273
0.018767,0.109762,0.287189,0.076233,0.161913,0.107252,0.081908,0.069320,0.060129,0.027527
0.053776,0.112634,0.122824,0.115940,0.103602,0.139945,0.120174,0.028659,0.095085,0.107361
0.034593,0.087373,0.368950,0.096542,0.079865,0.115595,0.086017,0.024672,0.069499,0.036896
0.021889,0.140821,0.312149,0.079444,0.077397,0.090817,0.081813,0.074292,0.046445,0.074934
0.033800,0.170870,0.101297,0.105326,0.090159,0.123296,0.105479,0.084471,0.083936,0.101366
0.046666,0.107199,0.114011,0.111777,0.094214,0.149820,0.108785,0.082801,0.095353,0.089374
0.036891,0.200501,0.080726,0.083427,0.155781,0.091374,0.218225,0.020715,0.048543,0.063818
0.092025,0.162171,0.103701,0.099056,0.125039,0.116818,0.094913,0.080159,0.042734,0.083384
0.030667,0.087720,0.360261,0.088386,0.082530,0.099177,0.087320,0.075136,0.038245,0.050558
0.030906,0.140404,0.265356,0.074389,0.062174,0.098788,0.063737,0.062036,0.136090,0.066118
0.039660,0.055861,0.277754,0.052214,0.355774,0.030816,0.046554,0.053817,0.035202,0.052348
0.100283,0.105114,0.104416,0.090053,0.088045,0.133848,0.099811,0.086951,0.082471,0.109008
0.022210,0.051871,0.058932,0.078375,0.487686,0.041002,0.065346,0.097084,0.051930,0.045564
0.032280,0.138970,0.243068,0.091765,0.085724,0.099214,0.164557,0.027079,0.067775,0.049569
0.036716,0.110950,0.093987,0.140207,0.125338,0.172979,0.122684,0.077008,0.077947,0.042183
0.036844,0.062220,0.044556,0.039478,0.556821,0.073550,0.045930,0.063146,0.025404,0.052051
0.025162,0.065277,0.299584,0.064554,0.300925,0.032155,0.076796,0.064790,0.030690,0.040067
0.031362,0.127693,0.323222,0.068821,0.073957,0.089681,0.085028,0.067494,0.068768,0.063973
0.037038,0.089637,0.045299,0.089610,0.117116,0.214754,0.144403,0.125260,0.061420,0.075462
0.025322,0.048930,0.048708,0.061215,0.547082,0.094691,0.057362,0.053896,0.021418,0.041375
0.025230,0.058746,0.366569,0.067772,0.111675,0.043444,0.110659,0.108961,0.057017,0.049927
0.031588,0.084458,0.314730,0.084747,0.078463,0.095552,0.086622,0.073066,0.069121,0.081653
0.043488,0.114791,0.131312,0.104828,0.156640,0.062222,0.123069,0.076482,0.063952,0.123216
0.057513,0.104280,0.146114,0.111200,0.129179,0.069810,0.137607,0.085400,0.062073,0.096825
0.047560,0.104522,0.138531,0.124298,0.133453,0.077378,0.112343,0.031112,0.092699,0.138103
0.079050,0.192543,0.113691,0.122972,0.116243,0.077830,0.121665,0.028011,0.055529,0.092466
0.047452,0.107413,0.115293,0.108347,0.099379,0.131301,0.105316,0.100028,0.110952,0.074518
0.072730,0.087943,0.092194,0.091134,0.077205,0.120316,0.092634,0.083970,0.217790,0.064085
0.030739,0.085666,0.297925,0.070806,0.080394,0.118567,0.092061,0.081660,0.076726,0.065457
0.030360,0.092953,0.095083,0.098276,0.094648,0.111254,0.090923,0.082984,0.202809,0.100712
0.087034,0.087790,0.102077,0.109322,0.096106,0.119244,0.225778,0.026466,0.050871,0.095311
0.035532,0.120510,0.122828,0.110837,0.125791,0.073143,0.145094,0.113151,0.062680,0.090433
0.015257,0.068816,0.053117,0.041191,0.624948,0.033289,0.082181,0.019869,0.020093,0.041238
0.017640,0.045118,0.026166,0.056739,0.632454,0.033414,0.060902,0.077121,0.022400,0.028046
0.088080,0.091992,0.094844,0.076259,0.094120,0.103149,0.185632,0.081782,0.084595,0.099546
0.027457,0.067805,0.415675,0.059242,0.111239,0.045800,0.118371,0.039305,0.031524,0.083581
0.019216,0.080977,0.027082,0.094655,0.505939,0.094124,0.095206,0.026229,0.030041,0.026531
0.031298,0.079840,0.052181,0.065710,0.442529,0.083588,0.064133,0.064440,0.079764,0.036517
0.047479,0.096347,0.105111,0.087787,0.088507,0.117748,0.201239,0.082726,0.081789,0.091265
0.053687,0.070475,0.394866,0.087831,0.083779,0.043537,0.080216,0.076119,0.084248,0.025240
0.046731,0.162024,0.118170,0.114785,0.105697,0.061339,0.117538,0.107984,0.073258,0.092474
0.022974,0.091143,0.384525,0.085587,0.103251,0.054748,0.109281,0.033431,0.051575,0.063484
0.024773,0.070592,0.035566,0.050348,0.423932,0.044255,0.114265,0.114890,0.039837,0.081541
0.069872,0.159880,0.039101,0.105109,0.108567,0.135686,0.155539,0.097201,0.034541,0.094504
0.020977,0.092680,0.052571,0.047388,0.052071,0.063174,0.147993,0.044855,0.432323,0.045968
0.043789,0.107307,0.116740,0.096779,0.115353,0.145787,0.092900,0.093305,0.096116,0.091925
0.043444,0.070163,0.427370,0.062973,0.095798,0.047985,0.072660,0.097836,0.051814,0.029956
0.055226,0.146586,0.033788,0.080840,0.115200,0.145198,0.143565,0.102227,0.098660,0.078709
0.034243,0.107795,0.123025,0.112308,0.206236,0.060527,0.112273,0.103259,0.079868,0.060468
0.025576,0.076398,0.283310,0.063490,0.154126,0.092599,0.111816,0.066817,0.060336,0.065531
0.046938,0.091911,0.260227,0.081008,0.074962,0.113322,0.166916,0.024944,0.066604,0.073169
0.030431,0.075873,0.290031,0.065949,0.174589,0.088168,0.078753,0.072536,0.059004,0.064665
0.037519,0.111967,0.036789,0.127727,0.115742,0.167730,0.145899,0.129768,0.074523,0.052335
0.027187,0.083070,0.390124,0.075059,0.081497,0.051790,0.137588,0.023533,0.050324,0.079828
0.036523,0.091581,0.102813,0.129102,0.167937,0.066210,0.097435,0.156604,0.047448,0.104347
0.045333,0.117050,0.136208,0.128752,0.118967,0.065152,0.137434,0.121837,0.048024,0.081243
0.037359,0.108430,0.117364,0.089317,0.119984,0.130798,0.115592,0.104660,0.087583,0.088912
0.111073,0.105493,0.115716,0.097264,0.154735,0.119999,0.113667,0.025387,0.053509,0.103156
0.025846,0.108991,0.080092,0.115360,0.118206,0.127038,0.125727,0.100607,0.103648,0.094485
0.055578,0.090593,0.104534,0.088474,0.170984,0.117011,0.212625,0.024602,0.062299,0.073301
0.018112,0.128677,0.271229,0.071093,0.069818,0.093641,0.198150,0.060604,0.024706,0.063970
0.020415,0.061369,0.048970,0.062089,0.539070,0.107902,0.062360,0.039145,0.029421,0.029259
0.031284,0.091485,0.303731,0.063315,0.097168,0.122864,0.077634,0.081877,0.058531,0.072110
0.017497,0.062845,0.303588,0.070418,0.289481,0.035191,0.083316,0.064876,0.038179,0.034609
0.048434,0.107419,0.116013,0.111057,0.110168,0.130858,0.095629,0.091520,0.086663,0.102240
0.040852,0.076229,0.403636,0.083108,0.091990,0.042485,0.098423,0.077577,0.031008,0.054692
0.052231,0.105083,0.106744,0.108154,0.106178,0.127154,0.094773,0.097132,0.090107,0.112443
0.035489,0.091648,0.101531,0.083234,0.163877,0.115626,0.246142,0.023760,0.045656,0.093038
0.045352,0.117960,0.140954,0.128302,0.125839,0.069211,0.127331,0.114278,0.060049,0.070722
0.063199,0.107327,0.122749,0.116172,0.106545,0.131518,0.108107,0.028256,0.110451,0.105675
0.076911,0.083052,0.103461,0.086998,0.114250,0.107610,0.168759,0.072034,0.083035,0.103889
0.018113,0.060066,0.049120,0.051403,0.505249,0.105867,0.062747,0.061054,0.029063,0.057318
0.020261,0.116433,0.221900,0.067380,0.137770,0.088076,0.124089,0.044979,0.139396,0.039716
0.024651,0.130784,0.273073,0.062553,0.059073,0.097573,0.153526,0.060400,0.063969,0.074400
0.052504,0.094137,0.119968,0.120090,0.123695,0.129261,0.117010,0.104549,0.060373,0.078414
0.041857,0.122342,0.141477,0.090298,0.123287,0.064227,0.104222,0.132681,0.046302,0.133308
0.026246,0.117319,0.087923,0.111279,0.112482,0.115154,0.118185,0.114704,0.141221,0.055487
0.033530,0.102126,0.052158,0.167133,0.159373,0.070003,0.114495,0.089103,0.128196,0.083882
0.021439,0.056706,0.053977,0.048694,0.464777,0.130946,0.090854,0.067588,0.040374,0.024645
0.034446,0.113744,0.040511,0.147355,0.149524,0.179629,0.135192,0.075297,0.046859,0.077441
0.015811,0.068222,0.025828,0.065306,0.553328,0.114803,0.053419,0.018737,0.033629,0.050917
0.033666,0.104738,0.273324,0.066844,0.138992,0.097380,0.086415,0.052903,0.098225,0.047513
0.056576,0.167556,0.041200,0.127235,0.104114,0.175865,0.178691,0.029868,0.031290,0.087604
0.055292,0.107589,0.045588,0.112679,0.135579,0.169052,0.120890,0.109683,0.037931,0.105717
0.033210,0.118166,0.048999,0.077631,0.164227,0.145786,0.139095,0.141089,0.070147,0.061650
0.014305,0.067788,0.018669,0.035618,0.619259,0.030283,0.059295,0.063172,0.065839,0.025772
0.119704,0.121184,0.114629,0.114935,0.093720,0.108637,0.118168,0.027752,0.069741,0.111530
0.043674,0.109730,0.362894,0.065971,0.072317,0.043798,0.129061,0.067628,0.044801,0.060125
0.100243,0.092866,0.100227,0.096695,0.093514,0.126663,0.174910,0.077701,0.047950,0.089231
0.031115,0.087702,0.362510,0.077237,0.124117,0.119083,0.091850,0.031228,0.038203,0.036955
0.056862,0.094978,0.119538,0.111263,0.096706,0.133413,0.119273,0.093670,0.054936,0.119362
0.039224,0.105388,0.111989,0.105872,0.194161,0.074854,0.115076,0.088658,0.072766,0.092012
0.035732,0.063077,0.076207,0.069382,0.353935,0.054407,0.104055,0.144550,0.036699,0.061958
0.034243,0.095969,0.134030,0.110865,0.194535,0.061110,0.131415,0.109948,0.082554,0.045331
0.054028,0.114108,0.121348,0.121043,0.117253,0.133647,0.109084,0.029918,0.062549,0.137021
0.078103,0.102172,0.104441,0.087169,0.080812,0.119457,0.219179,0.081822,0.048833,0.078012
0.023640,0.065423,0.070431,0.066102,0.103482,0.088264,0.137163,0.056146,0.318453,0.070897
0.041670,0.141274,0.040831,0.110455,0.153722,0.183962,0.138105,0.082321,0.043083,0.064577
0.032124,0.135957,0.280560,0.066217,0.066302,0.075628,0.159468,0.067461,0.063902,0.052381
0.032578,0.122008,0.041909,0.085409,0.138605,0.201866,0.164719,0.080138,0.070679,0.062090
0.025030,0.048154,0.023605,0.037887,0.560718,0.088877,0.062643,0.043281,0.056903,0.052901
0.037524,0.113762,0.037140,0.077782,0.139266,0.190107,0.127495,0.098260,0.084946,0.093719
0.037046,0.121911,0.127638,0.111033,0.109379,0.070347,0.165499,0.106262,0.102298,0.048589
0.044030,0.112775,0.112842,0.084913,0.257075,0.070538,0.112350,0.027107,0.092297,0.086075
0.017044,0.055813,0.193862,0.040246,0.420745,0.068477,0.071891,0.060173,0.033587,0.038161
0.027224,0.078060,0.085528,0.072945,0.086281,0.087456,0.161118,0.069891,0.243417,0.088079
0.040326,0.070166,0.402894,0.133282,0.089364,0.052783,0.074812,0.057705,0.046647,0.032021
0.040192,0.106894,0.121481,0.120138,0.116043,0.151581,0.119934,0.097623,0.052773,0.073339
0.091981,0.099240,0.106565,0.081427,0.124583,0.132260,0.101325,0.083527,0.087441,0.091652
0.064434,0.111512,0.119897,0.104084,0.104504,0.160289,0.112321,0.029847,0.060501,0.132611
0.028389,0.051732,0.023221,0.035255,0.648398,0.030594,0.055938,0.069438,0.029581,0.027454
0.021795,0.060485,0.208920,0.067362,0.356799,0.109773,0.067653,0.040765,0.034653,0.031794
0.052899,0.102686,0.037694,0.114291,0.151737,0.133165,0.143055,0.130977,0.061522,0.071975
0.028098,0.109397,0.297573,0.054730,0.097970,0.113399,0.106188,0.098099,0.029633,0.064913
0.015282,0.045522,0.039089,0.034468,0.621644,0.072151,0.065776,0.055642,0.024535,0.025889
0.031780,0.146272,0.119261,0.096524,0.203823,0.056550,0.116074,0.104826,0.049811,0.075080
0.067505,0.143965,0.301670,0.081260,0.087726,0.127063,0.079035,0.030247,0.035539,0.045990
0.032226,0.118839,0.259988,0.068577,0.082621,0.089448,0.096613,0.088484,0.084479,0.078725
0.045811,0.165855,0.109820,0.097498,0.171566,0.097752,0.099542,0.090381,0.051930,0.069843
0.082962,0.129782,0.053533,0.126610,0.120000,0.068125,0.168916,0.064510,0.099689,0.085873
0.044801,0.131654,0.099460,0.096703,0.132517,0.067143,0.141703,0.071667,0.061437,0.152916
0.031593,0.109107,0.090520,0.113193,0.141109,0.183052,0.116936,0.111441,0.046661,0.056388
0.051997,0.106735,0.115805,0.096966,0.103522,0.143769,0.104479,0.099307,0.062100,0.115321
0.056387,0.115668,0.068485,0.058775,0.093418,0.084146,0.059606,0.017245,0.412136,0.034132
0.027569,0.083920,0.098081,0.085008,0.079582,0.108887,0.287513,0.025886,0.107846,0.095709
0.064059,0.122795,0.052157,0.079373,0.182756,0.155128,0.128162,0.125759,0.045577,0.044234
0.032524,0.089318,0.317354,0.075576,0.087455,0.109613,0.096028,0.059336,0.046023,0.086774
0.031238,0.113198,0.295797,0.072197,0.141375,0.087249,0.075485,0.064489,0.055164,0.063808
0.016983,0.066046,0.021417,0.044028,0.596859,0.103270,0.065524,0.041770,0.022309,0.021793
0.025301,0.147341,0.091952,0.107180,0.104181,0.159155,0.174387,0.066435,0.049201,0.074867
0.072522,0.109350,0.046873,0.155089,0.180562,0.076451,0.114799,0.049601,0.136487,0.058266
0.042555,0.102848,0.110125,0.105002,0.161300,0.137490,0.103379,0.087533,0.053908,0.095859
0.022246,0.063096,0.205107,0.049117,0.300438,0.107096,0.076119,0.020067,0.121996,0.034719
0.039168,0.139210,0.045613,0.081542,0.134995,0.069221,0.110505,0.176166,0.064428,0.139152
0.061040,0.130634,0.046687,0.143752,0.144031,0.070653,0.131339,0.165529,0.046527,0.059808
0.030363,0.160894,0.095537,0.093208,0.155122,0.104691,0.095005,0.077487,0.095823,0.091872
0.073334,0.081281,0.098671,0.082358,0.116698,0.129156,0.171571,0.092826,0.090263,0.063842
0.031255,0.076971,0.261716,0.077409,0.155166,0.086269,0.132073,0.052433,0.064447,0.062261
0.017201,0.051164,0.174814,0.041847,0.496026,0.071548,0.048511,0.052823,0.018308,0.027759
0.033260,0.110707,0.085646,0.115330,0.116805,0.136340,0.115976,0.115552,0.112516,0.057870
0.031103,0.099024,0.046497,0.095584,0.148544,0.197720,0.124180,0.136994,0.064638,0.055716
0.058892,0.075845,0.324804,0.069864,0.159135,0.092792,0.062834,0.068143,0.059977,0.027714
0.032469,0.095839,0.105612,0.099617,0.087831,0.092029,0.231653,0.089129,0.081043,0.084778
0.041760,0.082159,0.092592,0.071088,0.126536,0.082080,0.166626,0.073582,0.181665,0.081911
0.025650,0.049512,0.314275,0.056222,0.264568,0.033536,0.064816,0.066236,0.076824,0.048361
0.037540,0.118263,0.120777,0.106582,0.114806,0.144338,0.115289,0.102160,0.054385,0.085861
0.029543,0.111637,0.096680,0.124964,0.122055,0.129840,0.145811,0.113162,0.045281,0.081026
0.037888,0.107960,0.110525,0.097469,0.110766,0.131105,0.105320,0.089932,0.105092,0.103942
0.037074,0.102210,0.110022,0.097588,0.202531,0.132300,0.102599,0.026440,0.092731,0.096504
0.026204,0.140338,0.088839,0.112433,0.117525,0.136967,0.090223,0.108505,0.078442,0.100524
0.016257,0.060594,0.021604,0.043468,0.650865,0.035614,0.076469,0.021019,0.043813,0.030296
0.028908,0.108746,0.279019,0.074977,0.063201,0.070572,0.076970,0.062097,0.170803,0.064707
0.102637,0.105337,0.121544,0.121252,0.118195,0.109218,0.097154,0.098387,0.049035,0.077242
0.040324,0.127274,0.111219,0.128817,0.128708,0.161509,0.159500,0.035323,0.042263,0.065061
0.024344,0.135550,0.265160,0.065759,0.060910,0.095684,0.163139,0.064903,0.059980,0.064571
0.045081,0.108168,0.109803,0.098185,0.162099,0.129450,0.105038,0.092517,0.061446,0.088212
0.032216,0.085101,0.115641,0.080308,0.183584,0.060938,0.109972,0.070897,0.149851,0.111491
0.039539,0.114218,0.059512,0.090766,0.149264,0.080522,0.198359,0.047358,0.076172,0.144290
0.015432,0.052552,0.017555,0.053582,0.642297,0.025870,0.047797,0.069520,0.031343,0.044052
0.038296,0.086969,0.285423,0.085622,0.084652,0.112112,0.101385,0.064530,0.080279,0.060733
0.046296,0.110680,0.117369,0.118935,0.102620,0.063241,0.166288,0.105735,0.094932,0.073904
0.024501,0.109387,0.097785,0.094049,0.107305,0.175712,0.174376,0.029955,0.098122,0.088809
0.077238,0.154752,0.099928,0.101592,0.125925,0.132061,0.089880,0.083877,0.057826,0.076921
0.026972,0.101742,0.070097,0.072690,0.110167,0.092291,0.070435,0.065807,0.354011,0.035788
0.027009,0.100801,0.407234,0.082296,0.093326,0.044424,0.068661,0.084874,0.051289,0.040085
0.020612,0.128785,0.297892,0.066346,0.190451,0.106476,0.070017,0.021960,0.044218,0.053243
0.065424,0.123944,0.044644,0.085785,0.138473,0.161041,0.110715,0.083245,0.049161,0.137569
0.024398,0.070164,0.020652,0.036307,0.588155,0.093692,0.059428,0.053986,0.028936,0.024283
0.018790,0.101533,0.028784,0.071052,0.486132,0.117815,0.078470,0.022875,0.039475,0.035074
0.035755,0.119650,0.133475,0.087698,0.116663,0.064263,0.121918,0.118587,0.110851,0.091140
0.052788,0.112668,0.219262,0.059353,0.150495,0.066812,0.119588,0.052369,0.129516,0.037149
0.027788,0.141228,0.078326,0.064908,0.127754,0.088839,0.138670,0.063556,0.218686,0.050245
0.014343,0.048088,0.016467,0.036866,0.638019,0.091269,0.063221,0.045056,0.016220,0.030453
0.039801,0.133484,0.082210,0.070076,0.083995,0.101936,0.077582,0.064149,0.285155,0.061612
0.028170,0.081752,0.284358,0.089709,0.089129,0.144515,0.107504,0.088160,0.029690,0.057014
0.072240,0.176240,0.103527,0.090730,0.093511,0.061940,0.160882,0.086733,0.088251,0.065946
0.050047,0.162369,0.100276,0.089632,0.094772,0.134208,0.104982,0.082246,0.086886,0.094582
0.016709,0.051372,0.019026,0.066521,0.621181,0.066993,0.053371,0.051878,0.026413,0.026534
0.020392,0.063440,0.325168,0.047801,0.288020,0.036258,0.089625,0.065184,0.039650,0.024462
0.047964,0.105653,0.107429,0.111920,0.142556,0.140107,0.102961,0.091730,0.039199,0.110483
0.018143,0.072246,0.049906,0.063040,0.468748,0.105897,0.066766,0.061726,0.045285,0.048244
0.031485,0.117440,0.124995,0.104297,0.264332,0.077179,0.124398,0.027122,0.061615,0.067138
0.024612,0.069885,0.396925,0.083900,0.069880,0.048489,0.085802,0.113805,0.039122,0.067580
0.027572,0.130594,0.269008,0.070011,0.069513,0.091008,0.186234,0.063709,0.024996,0.067355
0.027353,0.082419,0.281458,0.094597,0.085904,0.116281,0.088549,0.087884,0.050238,0.085317
0.030541,0.094111,0.102244,0.100962,0.162362,0.120096,0.206815,0.024158,0.037864,0.120847
0.021377,0.052576,0.320386,0.036223,0.316006,0.039131,0.070264,0.056120,0.032239,0.055678
0.038640,0.080250,0.050923,0.102614,0.170915,0.068517,0.130045,0.165750,0.048730,0.143617
0.043315,0.101987,0.118569,0.089154,0.147497,0.129308,0.116749,0.092024,0.061630,0.099768
0.049430,0.156128,0.101518,0.098566,0.152998,0.125987,0.095012,0.083469,0.059574,0.077318
0.074912,0.095419,0.128184,0.124098,0.132502,0.063240,0.132657,0.104898,0.045403,0.098687
0.022446,0.078725,0.338503,0.072121,0.181935,0.099613,0.077925,0.021571,0.030733,0.076429
0.053797,0.126589,0.050727,0.084879,0.135236,0.148261,0.125763,0.079701,0.060257,0.134791
0.056095,0.109432,0.110957,0.091580,0.092663,0.132397,0.111654,0.105693,0.103499,0.086031
0.026896,0.085075,0.338425,0.088114,0.071602,0.121764,0.171962,0.024640,0.032093,0.039429
0.029118,0.066111,0.334643,0.075627,0.176031,0.082842,0.091090,0.020612,0.074695,0.049232
0.074787,0.105028,0.112845,0.100549,0.113290,0.140298,0.111206,0.089493,0.056116,0.096387
0.029104,0.045228,0.186469,0.063059,0.428032,0.087986,0.054795,0.055637,0.017739,0.031952
0.053357,0.113511,0.379573,0.067682,0.072821,0.039101,0.101233,0.073424,0.023218,0.076080
0.071810,0.088070,0.114049,0.089777,0.138818,0.107037,0.117158,0.094828,0.080191,0.098261
0.021577,0.070078,0.291735,0.075805,0.187079,0.085445,0.071000,0.064157,0.061406,0.071718
0.057392,0.110952,0.046641,0.071702,0.144845,0.225918,0.117490,0.129140,0.056285,0.039635
0.030422,0.071471,0.354639,0.076018,0.088525,0.108885,0.098752,0.084804,0.034039,0.052446
0.033621,0.124271,0.137442,0.118191,0.117536,0.067677,0.126191,0.121893,0.084862,0.068315
0.054728,0.099693,0.103905,0.105928,0.103602,0.113782,0.175577,0.088000,0.040517,0.114268
0.069620,0.088310,0.330376,0.061423,0.080180,0.102260,0.088493,0.073315,0.042894,0.063129
0.016918,0.061573,0.285828,0.068469,0.324069,0.033176,0.051750,0.059497,0.040984,0.057737
0.098921,0.108695,0.110688,0.102287,0.111468,0.130018,0.111921,0.091743,0.038877,0.095381
0.029867,0.108225,0.113714,0.120181,0.225411,0.059251,0.142797,0.105803,0.052939,0.041814
0.052239,0.089891,0.113698,0.110016,0.098395,0.128153,0.105349,0.089115,0.098993,0.114151
0.051073,0.108946,0.117461,0.097386,0.105690,0.145927,0.106564,0.091044,0.059632,0.116278
0.014173,0.050092,0.181106,0.037787,0.442113,0.089953,0.067508,0.059576,0.032301,0.025391
0.056822,0.148041,0.043255,0.137894,0.158439,0.071289,0.109075,0.080756,0.134668,0.059761
0.047665,0.116245,0.133400,0.086603,0.125544,0.061547,0.129231,0.110215,0.080417,0.109133
0.021792,0.083648,0.272615,0.066398,0.147787,0.090376,0.080597,0.078025,0.092499,0.066262
0.033010,0.130277,0.306530,0.091556,0.073298,0.082010,0.089683,0.079026,0.028688,0.085921
0.026899,0.103147,0.091003,0.104467,0.112784,0.120748,0.125082,0.120287,0.119215,0.076369
0.050757,0.080325,0.317286,0.060664,0.081530,0.115075,0.083706,0.054928,0.073620,0.082110
0.018274,0.061478,0.019649,0.076036,0.591319,0.070235,0.048613,0.066513,0.028609,0.019273
0.044861,0.164068,0.052671,0.164725,0.135104,0.078356,0.170369,0.045350,0.040538,0.103958
0.042184,0.058761,0.020425,0.062500,0.549564,0.113844,0.051482,0.018777,0.027989,0.054474
0.051405,0.110692,0.117377,0.112224,0.154705,0.124732,0.094759,0.093806,0.048898,0.091402
0.029049,0.075054,0.283412,0.071745,0.153625,0.087162,0.115716,0.073609,0.064817,0.045811
0.015757,0.053485,0.199022,0.036691,0.440125,0.065581,0.073129,0.036366,0.027590,0.052254
0.028512,0.083499,0.357874,0.078671,0.084425,0.109793,0.092853,0.079223,0.038031,0.047119
0.036708,0.105278,0.111433,0.084389,0.154746,0.140027,0.105866,0.089595,0.060243,0.111715
0.041267,0.117446,0.134140,0.123647,0.120865,0.064525,0.100795,0.112130,0.081852,0.103333
0.034694,0.087556,0.092702,0.090113,0.089100,0.100263,0.092568,0.075416,0.245255,0.092333
0.118939,0.094240,0.116959,0.101516,0.089785,0.126916,0.105327,0.026995,0.128421,0.090902
0.019339,0.063501,0.424655,0.061132,0.078642,0.057158,0.119916,0.024520,0.064822,0.086316
0.095687,0.149527,0.119176,0.102974,0.096302,0.061851,0.118899,0.095144,0.042525,0.117915
0.030114,0.104888,0.081690,0.098896,0.110568,0.147685,0.130393,0.090230,0.105990,0.099545
0.053199,0.227176,0.110955,0.096184,0.103773,0.117529,0.110934,0.028724,0.039865,0.111662
0.013947,0.088977,0.191870,0.041037,0.342372,0.078419,0.098938,0.062176,0.037211,0.045053
0.036685,0.066429,0.314009,0.086205,0.069027,0.100780,0.144355,0.075148,0.033953,0.073408
0.056912,0.091869,0.046190,0.140590,0.119833,0.186924,0.096064,0.072539,0.067528,0.121551
0.071183,0.089206,0.090148,0.091953,0.090682,0.107720,0.080882,0.076728,0.256814,0.044684
0.054499,0.089184,0.044823,0.072771,0.118387,0.216179,0.145133,0.086656,0.053717,0.118652
0.017996,0.058508,0.263362,0.035981,0.424087,0.028817,0.054501,0.061274,0.036920,0.018554
0.058017,0.068236,0.272852,0.062812,0.166391,0.064010,0.124983,0.063429,0.059385,0.059884
0.016488,0.056202,0.022635,0.052098,0.569920,0.108748,0.062452,0.062982,0.021968,0.026508
0.020424,0.055480,0.021047,0.055180,0.593281,0.071390,0.050464,0.057387,0.021245,0.054102
0.056847,0.111863,0.046501,0.110088,0.124111,0.172434,0.152020,0.093168,0.042445,0.090522
0.050900,0.105302,0.117116,0.096100,0.096762,0.143754,0.108696,0.029214,0.128363,0.123792
0.024084,0.090669,0.380596,0.077177,0.079112,0.043519,0.081607,0.070571,0.095761,0.056904
0.032862,0.094623,0.100198,0.100569,0.099419,0.132056,0.192107,0.082584,0.085388,0.080192
0.040341,0.107929,0.106313,0.142237,0.136339,0.075038,0.143314,0.119304,0.069713,0.059473
0.058589,0.146494,0.221110,0.060128,0.052777,0.070989,0.140085,0.042755,0.180007,0.027065
0.028407,0.114904,0.042412,0.112703,0.114062,0.210546,0.104388,0.121593,0.070233,0.080751
0.051617,0.103051,0.111420,0.094264,0.105519,0.115828,0.186938,0.092166,0.039107,0.100088
0.017914,0.075801,0.050865,0.067903,0.478620,0.079824,0.069904,0.064724,0.036802,0.057643
0.046133,0.125734,0.043688,0.074567,0.128520,0.163644,0.120234,0.115607,0.074851,0.107023
0.087123,0.142494,0.111304,0.146437,0.157510,0.074271,0.108170,0.045006,0.071028,0.056655
0.044253,0.087485,0.092548,0.095024,0.093175,0.108485,0.269521,0.026694,0.082541,0.100274
0.032466,0.213919,0.104073,0.092173,0.116278,0.096954,0.107696,0.084271,0.049191,0.102979
0.043476,0.096595,0.035571,0.118494,0.142482,0.183181,0.111451,0.115915,0.104101,0.048736
0.072423,0.111875,0.114727,0.114373,0.125431,0.123043,0.118432,0.096135,0.058617,0.064945
0.088944,0.118888,0.045032,0.140041,0.108501,0.155050,0.157963,0.032387,0.080031,0.073162
0.047115,0.138341,0.298177,0.057138,0.063502,0.079615,0.168942,0.059657,0.058350,0.029163
0.021398,0.075409,0.297843,0.071916,0.176154,0.100376,0.088737,0.072965,0.051044,0.044158
0.039840,0.132384,0.105059,0.079091,0.134915,0.070151,0.122821,0.152436,0.073820,0.089483
0.042772,0.185614,0.091928,0.088397,0.123072,0.121212,0.095306,0.076833,0.090003,0.084863
0.024653,0.081799,0.395986,0.068930,0.076974,0.050603,0.084900,0.020236,0.116867,0.079052
0.086473,0.189276,0.103445,0.094911,0.092556,0.115012,0.098654,0.027783,0.090531,0.101359
0.020732,0.083530,0.302274,0.061127,0.084980,0.110952,0.081160,0.072717,0.097206,0.085323
0.023488,0.070897,0.299191,0.079179,0.191877,0.086118,0.058457,0.065017,0.065929,0.059847
0.044573,0.088538,0.112755,0.093214,0.139920,0.124314,0.112167,0.090117,0.084329,0.110073
0.015346,0.045836,0.160119,0.045318,0.480252,0.079034,0.049203,0.052931,0.025224,0.046737
0.022767,0.072915,0.272583,0.063059,0.062232,0.084318,0.130814,0.052211,0.171847,0.067254
0.026152,0.088710,0.417472,0.076933,0.093690,0.047279,0.088210,0.051726,0.032967,0.076861
0.041995,0.121351,0.132779,0.139855,0.129053,0.066588,0.130266,0.079830,0.057757,0.100526
0.045897,0.133124,0.055273,0.078797,0.181848,0.070039,0.117073,0.064472,0.095629,0.157849
0.021603,0.086511,0.278614,0.079912,0.097030,0.144062,0.102267,0.084886,0.063316,0.041797
0.016503,0.057656,0.046877,0.072562,0.590507,0.029797,0.048652,0.063426,0.055403,0.018616
0.052016,0.116974,0.151516,0.134207,0.138694,0.085808,0.145550,0.036791,0.080775,0.057669
0.029639,0.123631,0.308563,0.091280,0.107874,0.125228,0.094723,0.027179,0.030409,0.061474
0.014197,0.059399,0.283971,0.033808,0.349544,0.027988,0.065833,0.054035,0.060047,0.051178
0.030424,0.084550,0.320315,0.063952,0.075973,0.101438,0.135803,0.078999,0.033742,0.074805
0.028849,0.118775,0.035569,0.073020,0.118958,0.215928,0.110034,0.130316,0.054564,0.113987
0.038949,0.091889,0.320703,0.084190,0.085618,0.106352,0.095974,0.060235,0.080949,0.035140
0.053328,0.108102,0.117456,0.091250,0.117974,0.137350,0.112502,0.098902,0.043482,0.119654
0.051193,0.099563,0.415594,0.074025,0.078862,0.040092,0.059994,0.071209,0.032742,0.076726
0.022189,0.080381,0.342862,0.082096,0.083039,0.125841,0.085044,0.021801,0.075997,0.080749
0.040273,0.092867,0.103447,0.099919,0.091095,0.114984,0.232874,0.084150,0.059817,0.080574
0.032827,0.128027,0.049786,0.103581,0.132234,0.205100,0.137573,0.039081,0.056681,0.115112
0.036458,0.066121,0.034401,0.105731,0.100534,0.109737,0.127578,0.025714,0.305440,0.088287
0.051070,0.104699,0.139849,0.115228,0.120247,0.126360,0.128397,0.112340,0.047826,0.053985
0.013192,0.062489,0.285742,0.071373,0.192519,0.040516,0.073873,0.016635,0.200418,0.043244
0.049666,0.103299,0.109208,0.109703,0.151658,0.117330,0.179713,0.080787,0.043001,0.055634
0.026541,0.076511,0.401521,0.061461,0.127961,0.054523,0.101225,0.031539,0.035246,0.083473
0.021626,0.081712,0.287506,0.071173,0.154388,0.092845,0.116498,0.075348,0.039456,0.059448
0.032409,0.054645,0.246094,0.057052,0.382016,0.029472,0.074124,0.061853,0.039167,0.023169
0.053038,0.135035,0.041869,0.135251,0.174661,0.070893,0.116764,0.145095,0.046074,0.081321
0.022933,0.121560,0.028374,0.052811,0.465302,0.074616,0.124370,0.023176,0.033776,0.053081
0.022738,0.085911,0.302939,0.085306,0.103290,0.117333,0.114652,0.089925,0.034969,0.042937
0.026235,0.092158,0.336852,0.068058,0.077400,0.102611,0.087704,0.074570,0.062024,0.072389
0.030908,0.113150,0.048009,0.127661,0.135031,0.138969,0.142381,0.125231,0.045931,0.092728
0.050923,0.183423,0.108154,0.101644,0.091279,0.114081,0.108138,0.086462,0.058535,0.097360
0.024660,0.145464,0.087061,0.073951,0.149046,0.093196,0.214485,0.074088,0.051174,0.086873
0.036469,0.124004,0.046862,0.137567,0.139823,0.074320,0.147873,0.170841,0.063853,0.058389
0.038562,0.137441,0.072605,0.071341,0.067519,0.086406,0.147273,0.060587,0.239419,0.078846
0.045213,0.085823,0.091573,0.088520,0.086980,0.096975,0.084253,0.076307,0.273761,0.070594
0.032069,0.134765,0.070920,0.073783,0.062922,0.048752,0.119621,0.050666,0.344131,0.062371
0.027290,0.131285,0.200490,0.045535,0.119426,0.048663,0.053651,0.014944,0.318443,0.040272
0.042250,0.127483,0.128109,0.116569,0.186190,0.073230,0.137225,0.085171,0.052207,0.051567
0.014045,0.048852,0.191898,0.043850,0.479178,0.061723,0.053878,0.056233,0.025342,0.025001
0.016060,0.054449,0.016151,0.033474,0.647177,0.071115,0.044982,0.055193,0.028103,0.033295
0.068057,0.206801,0.099576,0.090609,0.084158,0.123664,0.098155,0.081286,0.049606,0.098087
0.093318,0.171020,0.097339,0.080336,0.087132,0.115113,0.101255,0.081099,0.089003,0.084384
0.030945,0.091413,0.087509,0.072845,0.136321,0.206144,0.121519,0.118015,0.045940,0.089349
0.022413,0.086557,0.293082,0.099198,0.100969,0.097088,0.096585,0.092487,0.033145,0.078476
0.054485,0.106568,0.298976,0.067393,0.101550,0.106775,0.091986,0.087639,0.030439,0.054190
0.035299,0.076615,0.168995,0.043819,0.102308,0.054061,0.043718,0.011823,0.416580,0.046782
0.038933,0.133630,0.082220,0.103693,0.107904,0.139794,0.111479,0.099257,0.106086,0.077004
0.081533,0.106941,0.097686,0.116341,0.120130,0.149971,0.127375,0.032969,0.060562,0.106492
0.037104,0.062426,0.050011,0.052848,0.529541,0.032240,0.061477,0.069954,0.053177,0.051222
0.049428,0.106995,0.111910,0.106853,0.129554,0.114983,0.165919,0.086513,0.059186,0.068659
0.068998,0.114996,0.117831,0.107771,0.116337,0.135093,0.112899,0.029790,0.107302,0.088983
0.021549,0.079300,0.306740,0.071424,0.169409,0.109688,0.114760,0.066516,0.030607,0.030008
0.033888,0.068294,0.315995,0.074128,0.078468,0.115933,0.135496,0.058286,0.045064,0.074447
0.013178,0.060048,0.179824,0.041958,0.439707,0.071676,0.043226,0.058952,0.053388,0.038043
0.067669,0.067119,0.249019,0.073619,0.056559,0.077583,0.073622,0.018576,0.286109,0.030126
0.029369,0.071343,0.391017,0.099136,0.094492,0.051594,0.122881,0.032660,0.046782,0.060727
0.031037,0.134693,0.043907,0.130151,0.120813,0.177729,0.125622,0.127599,0.050939,0.057511
0.081932,0.114991,0.121416,0.100713,0.102554,0.150401,0.116218,0.079829,0.051109,0.080837
0.035675,0.138313,0.141613,0.137508,0.147828,0.077314,0.138814,0.032254,0.049552,0.101129
0.073287,0.121743,0.046022,0.139628,0.145638,0.076966,0.140842,0.044574,0.147808,0.063490
0.040660,0.100698,0.053203,0.095663,0.127748,0.073696,0.179113,0.165826,0.051125,0.112269
0.023892,0.079659,0.311342,0.067333,0.191187,0.092722,0.077682,0.065938,0.036192,0.054054
0.047804,0.128580,0.044990,0.129450,0.128146,0.132932,0.095693,0.111551,0.122349,0.058505
0.046705,0.113827,0.118449,0.093356,0.106625,0.066144,0.113845,0.110299,0.119277,0.111473
0.069893,0.135222,0.072104,0.059437,0.119871,0.073366,0.135178,0.056599,0.221896,0.056433
0.095796,0.171718,0.100885,0.083354,0.094755,0.093912,0.099102,0.086934,0.078307,0.095237
0.036384,0.094498,0.444301,0.061872,0.085193,0.057969,0.098313,0.024055,0.068940,0.028474
0.066837,0.187050,0.095765,0.089018,0.146549,0.110361,0.092141,0.074843,0.041229,0.096209
0.048154,0.103951,0.110122,0.114432,0.184269,0.124106,0.103436,0.025732,0.063611,0.122187
0.053119,0.125391,0.036992,0.117556,0.130428,0.140081,0.108220,0.067539,0.120121,0.100553
0.050343,0.106346,0.113716,0.086907,0.156752,0.101382,0.108629,0.089849,0.099470,0.086606
0.026682,0.083829,0.297683,0.058611,0.104580,0.153489,0.115297,0.093556,0.034892,0.031380
0.032808,0.080058,0.300642,0.087963,0.084632,0.105630,0.093311,0.077750,0.071322,0.065883
0.056671,0.131701,0.042357,0.082075,0.139160,0.192084,0.114798,0.127152,0.048069,0.065931
0.038756,0.191706,0.051277,0.110643,0.175201,0.092109,0.174893,0.053274,0.061115,0.051026
0.026332,0.073126,0.328831,0.087559,0.084345,0.097553,0.084187,0.068588,0.070715,0.078765
0.026629,0.048406,0.059538,0.044065,0.560920,0.039342,0.061133,0.096585,0.036890,0.026492
0.031930,0.195678,0.268894,0.065685,0.055111,0.085578,0.173590,0.021470,0.033459,0.068605
0.084031,0.152309,0.115672,0.105944,0.105614,0.055242,0.113157,0.095207,0.063300,0.109524
0.036919,0.154552,0.130267,0.107735,0.199071,0.061548,0.121947,0.079180,0.062704,0.046077
0.020738,0.135988,0.291267,0.054778,0.058278,0.089149,0.162603,0.058478,0.063771,0.064951
0.025792,0.061295,0.044116,0.060910,0.539647,0.066504,0.073686,0.067505,0.031246,0.029299
0.035015,0.108457,0.043258,0.082682,0.144806,0.213550,0.132508,0.084446,0.091561,0.063717
