0.045855,0.026153,0.165891,0.021781,0.160179,0.415220,0.009172,0.020239,0.054619,0.080890
0.070432,0.033822,0.071875,0.086029,0.088180,0.109277,0.093533,0.096720,0.267773,0.082359
0.083953,0.086164,0.071592,0.088694,0.093525,0.101660,0.091935,0.210526,0.080604,0.091348
0.062637,0.161135,0.041556,0.157307,0.077514,0.132151,0.190875,0.065896,0.064291,0.046638
0.087714,0.094267,0.078232,0.095419,0.094630,0.100645,0.093689,0.087102,0.169007,0.099294
0.085827,0.081971,0.139458,0.091867,0.080830,0.092593,0.091762,0.088435,0.166126,0.081131
0.019685,0.031107,0.259452,0.025837,0.535300,0.022498,0.033589,0.024305,0.022341,0.025885
0.064909,0.097654,0.102498,0.116552,0.108805,0.094799,0.108815,0.116379,0.070627,0.118962
0.083686,0.096145,0.158870,0.097500,0.080630,0.103602,0.096373,0.088670,0.092698,0.101825
0.068926,0.096750,0.091775,0.082556,0.089608,0.090825,0.100397,0.090625,0.193644,0.094893
0.072546,0.073464,0.060550,0.070818,0.068128,0.358488,0.074128,0.060326,0.076096,0.085456
0.047363,0.061261,0.202202,0.058755,0.361921,0.051169,0.055795,0.046069,0.051287,0.064180
0.075540,0.078552,0.228046,0.086243,0.068115,0.101027,0.082012,0.133099,0.072546,0.074822
0.002272,0.001410,0.337714,0.002287,0.058360,0.571898,0.004648,0.017523,0.001790,0.002099
0.072362,0.077449,0.070328,0.076690,0.077258,0.319842,0.076128,0.080069,0.075462,0.074411
0.061598,0.080990,0.040864,0.143381,0.134371,0.118782,0.169579,0.066257,0.062341,0.121838
0.005423,0.009382,0.393181,0.003598,0.092409,0.353766,0.003555,0.013756,0.122302,0.002627
0.083110,0.080561,0.228205,0.088211,0.072624,0.101099,0.082492,0.069409,0.092020,0.102268
0.079930,0.093174,0.088551,0.111907,0.107310,0.113809,0.101566,0.123276,0.083556,0.096922
0.094191,0.092176,0.091902,0.097723,0.103018,0.114827,0.097575,0.108008,0.095860,0.104721
0.054091,0.041826,0.210022,0.095299,0.131927,0.132053,0.037434,0.140178,0.073430,0.083741
0.104895,0.089908,0.123648,0.095512,0.087559,0.099787,0.104921,0.084986,0.101029,0.107756
0.041485,0.014831,0.133899,0.053350,0.404728,0.064867,0.072768,0.029437,0.064706,0.119928
0.076431,0.078670,0.335583,0.076467,0.053288,0.085004,0.076238,0.073224,0.074128,0.070967
0.020347,0.030250,0.060298,0.022006,0.746419,0.020433,0.029654,0.024406,0.024188,0.022001
0.018443,0.026491,0.512263,0.018395,0.308034,0.016643,0.020677,0.016858,0.033863,0.028332
0.080983,0.090335,0.102547,0.119912,0.095892,0.102564,0.102918,0.107527,0.094481,0.102842
0.095624,0.096151,0.090355,0.107425,0.099384,0.114116,0.097128,0.103722,0.094844,0.101250
0.048777,0.026689,0.726959,0.026928,0.020822,0.027861,0.028724,0.014030,0.047421,0.031788
0.060757,0.044576,0.048820,0.061223,0.085267,0.389054,0.063009,0.058556,0.129381,0.059357
0.104936,0.159905,0.078932,0.094087,0.094436,0.107756,0.094712,0.094739,0.073383,0.097115
0.037540,0.041756,0.629065,0.039141,0.040508,0.050246,0.042991,0.042661,0.037583,0.038509
0.094623,0.104914,0.086937,0.104501,0.111855,0.101310,0.055944,0.094237,0.142878,0.102801
0.101480,0.105363,0.100184,0.102691,0.091918,0.107545,0.108706,0.073481,0.099681,0.108951
0.085981,0.098104,0.196377,0.073558,0.090522,0.082373,0.086485,0.090921,0.084766,0.110913
0.004362,0.005165,0.300891,0.003567,0.663120,0.004242,0.004058,0.002209,0.004184,0.008203
0.041181,0.044557,0.661503,0.034945,0.032776,0.042471,0.035958,0.035082,0.036449,0.035079
0.026408,0.040690,0.351969,0.037946,0.280653,0.047256,0.044325,0.094823,0.029838,0.046093
0.074046,0.072633,0.149008,0.073039,0.293783,0.089671,0.051530,0.061583,0.060169,0.074538
0.004840,0.001784,0.598224,0.003525,0.002022,0.376791,0.003114,0.003342,0.003073,0.003286
0.083789,0.092641,0.079158,0.095378,0.150282,0.112025,0.095962,0.097776,0.099007,0.093981
0.074283,0.084724,0.258637,0.083973,0.089176,0.098179,0.069089,0.079168,0.079145,0.083624
0.005786,0.006447,0.134065,0.005853,0.005617,0.777253,0.006646,0.046596,0.006449,0.005287
0.071904,0.102259,0.088043,0.101124,0.144145,0.118437,0.077147,0.075086,0.123269,0.098584
0.095353,0.091755,0.209793,0.078960,0.068469,0.103955,0.082033,0.078234,0.104826,0.086622
0.092993,0.089793,0.089706,0.095066,0.142096,0.101460,0.098801,0.099629,0.090810,0.099647
0.065192,0.078685,0.067593,0.072729,0.208509,0.255479,0.052101,0.066471,0.059300,0.073942
0.100616,0.091730,0.104406,0.096376,0.108717,0.103908,0.097650,0.106594,0.091199,0.098805
0.007458,0.004730,0.436007,0.007121,0.009423,0.358432,0.010344,0.006744,0.150368,0.009373
0.075374,0.044501,0.178022,0.094603,0.190151,0.126535,0.041871,0.104614,0.064538,0.079792
0.086798,0.116277,0.048203,0.106433,0.103269,0.160373,0.113019,0.084888,0.077143,0.103596
0.080664,0.070224,0.270970,0.091650,0.079109,0.095241,0.071279,0.088854,0.070528,0.081480
0.134403,0.047489,0.073458,0.133285,0.113737,0.138411,0.060453,0.130295,0.054869,0.113602
0.006212,0.001867,0.592831,0.004031,0.002475,0.375454,0.006090,0.003585,0.003879,0.003575
0.039200,0.077058,0.083165,0.066602,0.065832,0.222878,0.044005,0.035855,0.302598,0.062806
0.018141,0.010229,0.104042,0.032149,0.250268,0.420338,0.059308,0.043540,0.027270,0.034714
0.072734,0.084827,0.213171,0.081124,0.087644,0.098937,0.088511,0.085993,0.088295,0.098765
0.001129,0.001850,0.709230,0.001051,0.104139,0.173050,0.001128,0.000835,0.002104,0.005484
0.102787,0.106517,0.098718,0.097143,0.100514,0.099877,0.091922,0.103856,0.111220,0.087448
0.052082,0.052848,0.266340,0.059711,0.050550,0.065806,0.056397,0.284087,0.056452,0.055727
0.058252,0.075849,0.055566,0.067365,0.196791,0.283874,0.066497,0.072443,0.059611,0.063752
0.000594,0.000354,0.397608,0.000289,0.207567,0.392141,0.000270,0.000303,0.000596,0.000280
0.030735,0.024800,0.384789,0.022632,0.023171,0.027264,0.023160,0.022956,0.418816,0.021678
0.098425,0.091110,0.153911,0.090621,0.089523,0.092847,0.097246,0.099690,0.092833,0.093793
0.011275,0.018901,0.442584,0.014490,0.345801,0.057477,0.006352,0.040226,0.012564,0.050331
0.075089,0.104788,0.083861,0.112587,0.094797,0.108703,0.090961,0.098173,0.115129,0.115911
0.074871,0.121917,0.118967,0.108838,0.097543,0.092355,0.099025,0.109575,0.083531,0.093378
0.076768,0.058400,0.158619,0.123374,0.108068,0.110257,0.051442,0.104283,0.098678,0.110111
0.008793,0.003292,0.228041,0.007625,0.061681,0.642967,0.007424,0.026368,0.007143,0.006667
0.070184,0.098275,0.112828,0.105850,0.093725,0.113936,0.114841,0.099188,0.105566,0.085606
0.030363,0.011784,0.226857,0.032302,0.253324,0.306351,0.033519,0.046319,0.030672,0.028508
0.022256,0.029253,0.243122,0.020609,0.402639,0.029127,0.030403,0.020487,0.178332,0.023771
0.088181,0.084174,0.164820,0.096452,0.088744,0.095832,0.090781,0.098383,0.096352,0.096282
0.054101,0.114823,0.069493,0.109913,0.091055,0.141223,0.122134,0.113365,0.098445,0.085448
0.092674,0.087043,0.213356,0.084134,0.070001,0.091342,0.087208,0.075814,0.088679,0.109751
0.078350,0.090941,0.090749,0.091079,0.163921,0.108740,0.092432,0.112050,0.081434,0.090304
0.079542,0.083993,0.082294,0.123012,0.108385,0.109655,0.109705,0.112141,0.084872,0.106400
0.088883,0.088389,0.175170,0.087455,0.084410,0.095888,0.089208,0.102702,0.097473,0.090423
0.051667,0.037952,0.067663,0.128397,0.218994,0.094781,0.046294,0.138410,0.075509,0.140334
0.008884,0.009936,0.307129,0.019503,0.087248,0.013256,0.029490,0.038823,0.475064,0.010668
0.075644,0.075901,0.063468,0.078228,0.173284,0.095836,0.079210,0.217500,0.070944,0.069984
0.047399,0.047109,0.340474,0.040688,0.036918,0.067022,0.055982,0.279232,0.040039,0.045136
0.095667,0.097826,0.089235,0.099019,0.096919,0.105358,0.102587,0.107526,0.100974,0.104888
0.072992,0.097085,0.086291,0.099706,0.106112,0.103638,0.108808,0.133882,0.084249,0.107238
0.085071,0.099549,0.115783,0.089933,0.098718,0.119461,0.091416,0.117002,0.093560,0.089507
0.112491,0.045817,0.101402,0.107809,0.110454,0.176598,0.041029,0.111502,0.082998,0.109901
0.085648,0.096646,0.091621,0.099933,0.108172,0.102997,0.099211,0.110350,0.112544,0.092879
0.058151,0.085555,0.080868,0.098350,0.082068,0.089670,0.087567,0.082250,0.225381,0.110140
0.064254,0.147199,0.080060,0.096344,0.098430,0.099280,0.101126,0.094711,0.100067,0.118530
0.026584,0.018093,0.195462,0.021200,0.498590,0.025045,0.023872,0.021752,0.139226,0.030176
0.063595,0.151914,0.095891,0.109527,0.091747,0.105296,0.093077,0.117135,0.080644,0.091174
0.041755,0.053146,0.588279,0.038390,0.046562,0.052716,0.051813,0.048858,0.037916,0.040566
0.023350,0.026317,0.188706,0.023465,0.334571,0.293828,0.032300,0.023435,0.028301,0.025727
0.135025,0.043610,0.078266,0.118107,0.120709,0.134782,0.043109,0.112949,0.086155,0.127288
0.078597,0.069126,0.225727,0.068017,0.175141,0.087316,0.081325,0.079998,0.064621,0.070131
0.068516,0.086645,0.081780,0.095360,0.087527,0.094100,0.093653,0.195945,0.107714,0.088759
0.051589,0.041875,0.244245,0.052360,0.040190,0.072525,0.061131,0.329510,0.044020,0.062556
0.075991,0.121774,0.216957,0.082692,0.084065,0.092588,0.084303,0.081896,0.074367,0.085366
0.060685,0.138707,0.076673,0.097900,0.106771,0.111044,0.099221,0.099986,0.117042,0.091972
0.089875,0.096316,0.101132,0.097194,0.102054,0.116551,0.099961,0.088675,0.109809,0.098432
0.061585,0.043186,0.111153,0.127912,0.177988,0.140921,0.047344,0.072403,0.088728,0.128780
0.104864,0.093790,0.076167,0.097501,0.138350,0.094431,0.104796,0.121269,0.072273,0.096558
0.072468,0.073591,0.299612,0.073637,0.058138,0.077370,0.084108,0.081358,0.104798,0.074920
0.048058,0.060225,0.168585,0.045287,0.040825,0.055673,0.048286,0.036380,0.449157,0.047526
0.003259,0.001970,0.284839,0.001899,0.067595,0.484611,0.003738,0.003174,0.146239,0.002677
0.094427,0.105244,0.082108,0.111996,0.099867,0.111033,0.092313,0.121954,0.079981,0.101077
0.016526,0.014862,0.060862,0.028438,0.372039,0.239815,0.068919,0.046811,0.103999,0.047729
0.046194,0.031763,0.390618,0.078925,0.080977,0.092705,0.039749,0.080381,0.082898,0.075789
0.058831,0.062814,0.112403,0.062427,0.055575,0.066372,0.069718,0.061604,0.382464,0.067792
0.067547,0.029149,0.182007,0.077093,0.328630,0.068072,0.069209,0.056880,0.063529,0.057885
0.000708,0.000811,0.471825,0.000947,0.174872,0.347626,0.000834,0.000578,0.000834,0.000964
0.066753,0.107331,0.241087,0.078841,0.069926,0.088872,0.087346,0.090904,0.087034,0.081906
0.084567,0.077220,0.311065,0.066528,0.060927,0.080497,0.072053,0.067495,0.076274,0.103374
0.043326,0.075475,0.182184,0.044225,0.308070,0.110608,0.013293,0.036508,0.049822,0.136489
0.003450,0.002608,0.575801,0.002838,0.002998,0.337123,0.003720,0.002757,0.064480,0.004225
0.090766,0.080651,0.259507,0.086550,0.082775,0.095375,0.081615,0.060771,0.082084,0.079906
0.061257,0.052798,0.046894,0.056501,0.085762,0.405177,0.061322,0.059126,0.113102,0.058061
0.074380,0.074598,0.062950,0.068907,0.069435,0.332577,0.076754,0.075547,0.090924,0.073928
0.075728,0.079409,0.072077,0.077482,0.073675,0.299070,0.075941,0.095400,0.073189,0.078030
0.084613,0.064466,0.062094,0.084634,0.084883,0.276614,0.089689,0.072710,0.087533,0.092764
0.090008,0.097822,0.091943,0.101866,0.097694,0.116973,0.099260,0.105475,0.098267,0.100692
0.103334,0.090536,0.074308,0.093244,0.090416,0.105714,0.096006,0.091921,0.157771,0.096749
0.072603,0.085155,0.172515,0.090782,0.097510,0.111033,0.095828,0.086924,0.098647,0.089003
0.097585,0.090389,0.073575,0.092353,0.093490,0.106998,0.090636,0.104833,0.154900,0.095241
0.104306,0.096805,0.074482,0.097740,0.101399,0.111693,0.142641,0.105388,0.066730,0.098816
0.074694,0.084187,0.066114,0.083232,0.085562,0.263903,0.084068,0.082080,0.084688,0.091471
0.035982,0.011364,0.126110,0.052536,0.174726,0.391785,0.059464,0.048859,0.041936,0.057238
0.020788,0.024546,0.315468,0.014318,0.185951,0.356478,0.030978,0.010669,0.024533,0.016270
0.097676,0.094338,0.098236,0.093551,0.102050,0.108994,0.098453,0.119631,0.083898,0.103174
0.003201,0.002813,0.653358,0.001923,0.001253,0.328496,0.002390,0.001156,0.003865,0.001545
0.044539,0.062844,0.183311,0.049731,0.403851,0.062371,0.025041,0.070041,0.046622,0.051649
0.059648,0.013343,0.184422,0.042923,0.281335,0.046334,0.088181,0.055723,0.140111,0.087979
0.071107,0.100821,0.075439,0.116819,0.101041,0.092668,0.107468,0.121557,0.117065,0.096015
0.010692,0.011472,0.252828,0.010150,0.010116,0.668198,0.006627,0.008171,0.007634,0.014113
0.078575,0.084750,0.072785,0.084111,0.083529,0.261221,0.082629,0.081518,0.078291,0.092592
0.015373,0.005049,0.286833,0.005891,0.006413,0.615775,0.008193,0.043398,0.005751,0.007324
0.007275,0.026612,0.120028,0.022111,0.482380,0.160414,0.022493,0.017817,0.125440,0.015430
0.111526,0.045343,0.194444,0.120741,0.099519,0.068997,0.051263,0.117865,0.089217,0.101085
0.102751,0.041968,0.093543,0.123206,0.148530,0.112323,0.044634,0.133878,0.071561,0.127604
0.073110,0.101641,0.078410,0.107549,0.161378,0.107423,0.085806,0.103102,0.104326,0.077254
0.004669,0.004417,0.240713,0.003950,0.003135,0.727155,0.003894,0.002710,0.003970,0.005385
0.091919,0.032606,0.162892,0.096983,0.073299,0.104073,0.039405,0.095132,0.187481,0.116209
0.027719,0.032404,0.020203,0.027539,0.086934,0.538006,0.031856,0.025063,0.176045,0.034230
0.072817,0.096849,0.163896,0.092011,0.149350,0.091829,0.068036,0.083587,0.084089,0.097536
0.062311,0.050875,0.397398,0.071788,0.053723,0.055708,0.055199,0.128216,0.049685,0.075096
0.062959,0.076086,0.172878,0.071897,0.219102,0.078525,0.084495,0.087294,0.066704,0.080061
0.086419,0.075833,0.124062,0.075801,0.075191,0.075486,0.078511,0.078406,0.232790,0.097501
0.005149,0.004412,0.245582,0.004755,0.003813,0.686740,0.003525,0.038249,0.003753,0.004023
0.060392,0.101695,0.085316,0.123677,0.116140,0.144671,0.064365,0.130832,0.068499,0.104413
0.083661,0.081952,0.079879,0.084775,0.080923,0.241509,0.085215,0.083416,0.084956,0.093713
0.075728,0.088394,0.082550,0.109420,0.161334,0.094950,0.095405,0.102477,0.076722,0.113020
0.085252,0.083506,0.075885,0.102487,0.138081,0.102312,0.084732,0.171840,0.070477,0.085429
0.091266,0.091256,0.156899,0.091624,0.084303,0.097722,0.093293,0.094784,0.097875,0.100979
0.073631,0.101352,0.075422,0.116730,0.136961,0.098289,0.123280,0.108748,0.080957,0.084630
0.060157,0.045448,0.245211,0.093873,0.102514,0.120707,0.043727,0.127806,0.060705,0.099854
0.038195,0.016850,0.140289,0.031579,0.552247,0.050140,0.059398,0.036026,0.039649,0.035626
0.050250,0.047114,0.385714,0.047265,0.035378,0.039492,0.044864,0.030642,0.272510,0.046771
0.000512,0.000308,0.165350,0.000195,0.663181,0.160360,0.000206,0.000144,0.008658,0.001086
0.089561,0.097334,0.090838,0.101327,0.104765,0.105123,0.097712,0.122195,0.090239,0.100907
0.005654,0.004612,0.275562,0.005237,0.004167,0.676993,0.003197,0.003485,0.015753,0.005339
0.087740,0.095951,0.085871,0.102851,0.095293,0.115710,0.094286,0.106135,0.113669,0.102494
0.070099,0.101794,0.076227,0.120837,0.129436,0.097999,0.090181,0.130820,0.074890,0.107717
0.075785,0.072699,0.065991,0.072246,0.071691,0.319202,0.076716,0.073009,0.090679,0.081982
0.075267,0.087514,0.081712,0.091845,0.094828,0.105483,0.089891,0.200333,0.083319,0.089809
0.102698,0.096048,0.082675,0.113876,0.127380,0.108848,0.120431,0.068191,0.078687,0.101167
0.047888,0.061184,0.172452,0.055757,0.396330,0.068869,0.025732,0.062711,0.057093,0.051985
0.051627,0.026986,0.178486,0.067610,0.103472,0.079021,0.028234,0.056470,0.344166,0.063929
0.062470,0.047218,0.191494,0.123415,0.105505,0.123442,0.041741,0.109717,0.073071,0.121927
0.074439,0.090448,0.091297,0.095444,0.162589,0.103418,0.092145,0.115289,0.086406,0.088527
0.083308,0.078549,0.070805,0.082266,0.077045,0.287365,0.080182,0.076895,0.082497,0.081089
0.074830,0.093762,0.101855,0.098384,0.096019,0.090157,0.088588,0.083364,0.187653,0.085389
0.052789,0.110948,0.070639,0.136346,0.106996,0.112111,0.090365,0.083403,0.113087,0.123316
0.014661,0.023583,0.074578,0.022764,0.762717,0.022033,0.022271,0.017969,0.018635,0.020787
0.090102,0.091509,0.185058,0.091511,0.085229,0.082682,0.089251,0.090728,0.105883,0.088047
0.021067,0.029663,0.470346,0.029142,0.257987,0.052282,0.026073,0.064478,0.021025,0.027938
0.059808,0.065186,0.164174,0.065716,0.132787,0.092742,0.083088,0.063971,0.198114,0.074416
0.099372,0.048154,0.171484,0.118845,0.114741,0.131551,0.046995,0.068632,0.076646,0.123582
0.098743,0.103815,0.186279,0.075238,0.092700,0.103634,0.088782,0.085058,0.078537,0.087213
0.077461,0.077139,0.183287,0.067879,0.059288,0.062514,0.072963,0.065359,0.251438,0.082672
0.038219,0.012753,0.201860,0.069376,0.133434,0.315007,0.017450,0.062972,0.055837,0.093092
0.087305,0.099821,0.073711,0.085277,0.090608,0.088805,0.092295,0.204232,0.090481,0.087464
0.011194,0.004887,0.329800,0.010718,0.009050,0.576226,0.006883,0.008503,0.009599,0.033141
0.098746,0.096095,0.083784,0.094737,0.096383,0.113827,0.133055,0.116750,0.067109,0.099514
0.040629,0.046032,0.536585,0.044495,0.026190,0.032196,0.040810,0.141505,0.040555,0.051003
0.085679,0.098498,0.091039,0.099482,0.101499,0.114706,0.102801,0.116363,0.087903,0.102030
0.041106,0.098327,0.049270,0.110479,0.114754,0.159995,0.115102,0.087539,0.099722,0.123707
0.035714,0.049479,0.040424,0.052528,0.442203,0.166240,0.070464,0.051323,0.029233,0.062392
0.070596,0.089581,0.065006,0.094616,0.122795,0.246136,0.072845,0.080265,0.079788,0.078374
0.082038,0.084323,0.081827,0.086744,0.083258,0.097812,0.084829,0.225108,0.083087,0.090974
0.111269,0.111618,0.075876,0.122775,0.108391,0.115721,0.083677,0.102289,0.068761,0.099621
0.079199,0.102335,0.087756,0.107223,0.136756,0.116764,0.073568,0.129588,0.056957,0.109854
0.082848,0.109533,0.089423,0.101383,0.094763,0.111130,0.118348,0.100068,0.086460,0.106044
0.064335,0.045560,0.183094,0.117364,0.107336,0.119947,0.057887,0.115943,0.097551,0.090984
0.089925,0.102134,0.123367,0.096288,0.083611,0.105159,0.094494,0.098192,0.096571,0.110259
0.023184,0.024676,0.203985,0.032386,0.588805,0.026024,0.035290,0.017596,0.021729,0.026325
0.072429,0.062419,0.178711,0.068286,0.055522,0.082095,0.068662,0.046777,0.298899,0.066198
0.076463,0.091534,0.076194,0.089260,0.097073,0.236894,0.070236,0.103201,0.073437,0.085710
0.049230,0.047308,0.046600,0.052835,0.203376,0.345375,0.055075,0.099016,0.048126,0.053058
0.002854,0.003229,0.184339,0.003122,0.662787,0.002686,0.003091,0.002316,0.132476,0.003101
0.079595,0.090965,0.071769,0.098639,0.111302,0.104745,0.074906,0.110083,0.156067,0.101929
0.001821,0.001712,0.644687,0.002206,0.001966,0.336479,0.002245,0.002171,0.002282,0.004431
0.091584,0.099187,0.088793,0.102606,0.104375,0.116314,0.106147,0.096415,0.092873,0.101707
0.080440,0.094115,0.078516,0.102451,0.163433,0.104770,0.076761,0.114991,0.101945,0.082577
0.081558,0.082411,0.079433,0.081234,0.089390,0.096619,0.086457,0.239846,0.076543,0.086510
0.023068,0.007365,0.316042,0.025308,0.152292,0.351524,0.032158,0.017446,0.016131,0.058667
0.004231,0.003606,0.329428,0.003108,0.593995,0.002851,0.003633,0.002791,0.051440,0.004917
0.087292,0.086550,0.116133,0.068297,0.070075,0.083970,0.080389,0.080539,0.222075,0.104681
0.048473,0.037952,0.431758,0.075853,0.085290,0.082650,0.028036,0.069184,0.053350,0.087456
0.023840,0.025295,0.085472,0.033457,0.672592,0.026843,0.032566,0.028644,0.031611,0.039681
0.054178,0.049807,0.047951,0.063848,0.102758,0.415631,0.067362,0.064691,0.067893,0.065881
0.047493,0.044657,0.409967,0.059344,0.044851,0.045348,0.052606,0.136538,0.108445,0.050752
0.047047,0.094298,0.380267,0.067526,0.065249,0.067422,0.066302,0.064990,0.076506,0.070392
0.069812,0.089054,0.076008,0.101859,0.140652,0.109568,0.104079,0.130688,0.076367,0.101913
0.085204,0.086373,0.094013,0.085373,0.082775,0.171200,0.091414,0.059934,0.157123,0.086590
0.079316,0.083921,0.062991,0.080738,0.078691,0.189764,0.093934,0.057857,0.192396,0.080392
0.079691,0.095645,0.199286,0.066822,0.073297,0.104750,0.096475,0.080273,0.105177,0.098583
0.082700,0.095121,0.089819,0.115532,0.104063,0.116008,0.097387,0.107856,0.087905,0.103609
0.021361,0.010380,0.012912,0.016723,0.025882,0.026498,0.020515,0.060331,0.786718,0.018679
0.075022,0.094345,0.069613,0.093356,0.100566,0.092565,0.120677,0.170138,0.087598,0.096120
0.098589,0.105876,0.157184,0.091271,0.075574,0.081922,0.109647,0.086946,0.096005,0.096986
0.086651,0.086952,0.196976,0.074346,0.090973,0.093163,0.090861,0.089649,0.102084,0.088346
0.043462,0.048195,0.327122,0.051044,0.269284,0.062470,0.056353,0.050937,0.039390,0.051744
0.048423,0.044339,0.276434,0.058384,0.346432,0.064927,0.011336,0.039973,0.048973,0.060779
0.069594,0.036599,0.131000,0.100870,0.118184,0.161048,0.041956,0.111897,0.097667,0.131186
0.106258,0.121886,0.048822,0.120838,0.111512,0.129948,0.109528,0.048896,0.110047,0.092264
0.077769,0.092814,0.082821,0.095499,0.155979,0.112320,0.090945,0.108803,0.087205,0.095847
0.016846,0.009023,0.416255,0.015721,0.182698,0.011788,0.011739,0.038911,0.279153,0.017866
0.058873,0.097387,0.067344,0.098842,0.093555,0.183959,0.098110,0.109251,0.094008,0.098672
0.088601,0.121831,0.043099,0.112896,0.107522,0.115970,0.132014,0.098704,0.079525,0.099839
0.075087,0.087939,0.098093,0.102166,0.130841,0.112055,0.106269,0.119622,0.083464,0.084463
0.103631,0.097990,0.088646,0.095864,0.126879,0.107485,0.106035,0.101432,0.086283,0.085754
0.059730,0.064219,0.163215,0.072106,0.262350,0.090060,0.070597,0.059124,0.077750,0.080848
0.013140,0.011459,0.482308,0.008969,0.427950,0.011612,0.004950,0.008129,0.010449,0.021033
0.095499,0.098177,0.133905,0.095460,0.083714,0.097547,0.101009,0.092762,0.086885,0.115043
0.073108,0.090868,0.263090,0.074162,0.063925,0.105536,0.093308,0.061097,0.079034,0.095872
0.057765,0.047110,0.380757,0.061544,0.155143,0.062323,0.060423,0.063758,0.052819,0.058359
0.066837,0.098541,0.076896,0.103618,0.100380,0.103475,0.106491,0.109317,0.117274,0.117172
0.076929,0.101243,0.078882,0.110192,0.126266,0.105466,0.067539,0.112832,0.117224,0.103427
0.002052,0.003375,0.389804,0.001356,0.042393,0.508523,0.001332,0.001693,0.040691,0.008782
0.098824,0.095202,0.100605,0.112152,0.101761,0.115392,0.097187,0.095475,0.086254,0.097147
0.068906,0.099238,0.154668,0.103457,0.085149,0.086060,0.144552,0.095115,0.077646,0.085210
0.088971,0.094823,0.100630,0.109893,0.100960,0.101931,0.096757,0.115813,0.093969,0.096253
0.071231,0.084097,0.085769,0.084505,0.167897,0.090277,0.087261,0.146331,0.073005,0.109627
0.058631,0.123649,0.139034,0.116091,0.083930,0.104858,0.086742,0.117651,0.075291,0.094123
0.035334,0.027788,0.183906,0.035138,0.179560,0.387027,0.047986,0.051828,0.024943,0.026491
0.065748,0.070791,0.233054,0.072780,0.059642,0.062365,0.076059,0.070870,0.221077,0.067614
0.098176,0.094134,0.088513,0.097960,0.151015,0.101013,0.093733,0.094421,0.085023,0.096013
0.086135,0.109051,0.123991,0.109152,0.087012,0.113455,0.112719,0.073699,0.088565,0.096221
0.053936,0.046576,0.235885,0.090212,0.113554,0.115608,0.061080,0.112750,0.071467,0.098930
0.073445,0.092220,0.082008,0.116837,0.154563,0.097573,0.093099,0.094318,0.082634,0.113304
0.053650,0.059970,0.040630,0.059488,0.099310,0.410846,0.042924,0.056218,0.120564,0.056401
0.037326,0.107999,0.113958,0.108619,0.091662,0.206488,0.108444,0.040791,0.084881,0.099831
0.024183,0.028008,0.175464,0.031076,0.262397,0.360669,0.043074,0.026196,0.023538,0.025395
0.086816,0.075127,0.146758,0.073465,0.067757,0.091805,0.082311,0.078666,0.220801,0.076493
0.067489,0.087210,0.075209,0.089835,0.088255,0.193895,0.123533,0.092885,0.098332,0.083357
0.063812,0.099705,0.148322,0.102315,0.091061,0.107889,0.104400,0.083108,0.100860,0.098529
0.105462,0.127615,0.074788,0.100124,0.132379,0.109744,0.089222,0.097519,0.068088,0.095059
0.083617,0.098712,0.101332,0.103753,0.128872,0.118234,0.108149,0.109742,0.066619,0.080970
0.009583,0.005190,0.278752,0.007384,0.006441,0.656202,0.009244,0.007426,0.007674,0.012104
0.064404,0.022060,0.406770,0.035222,0.156220,0.047162,0.035048,0.128664,0.067481,0.036968
0.102683,0.107925,0.094610,0.105243,0.094224,0.105498,0.098864,0.095443,0.099136,0.096374
0.072301,0.013870,0.413240,0.054944,0.191614,0.054566,0.053762,0.042508,0.033899,0.069295
0.031868,0.012479,0.447367,0.028962,0.173518,0.091427,0.067173,0.073033,0.028944,0.045228
0.074115,0.072163,0.073122,0.078872,0.075138,0.303892,0.080273,0.079976,0.083492,0.078957
0.071992,0.029056,0.201784,0.080938,0.193251,0.087284,0.033309,0.070663,0.166838,0.064887
0.062523,0.036851,0.066841,0.136389,0.166006,0.140226,0.042383,0.147405,0.124930,0.076446
0.042176,0.013382,0.290702,0.038798,0.275053,0.082147,0.049096,0.034738,0.048123,0.125785
0.071431,0.081899,0.083428,0.122916,0.137067,0.114955,0.099468,0.120544,0.068553,0.099738
0.039330,0.046445,0.648166,0.039754,0.027363,0.040161,0.035376,0.033742,0.036513,0.053149
0.110001,0.038267,0.096563,0.111196,0.106605,0.199267,0.048494,0.107723,0.091573,0.090311
0.067525,0.148242,0.078487,0.110565,0.099095,0.110802,0.091910,0.115852,0.080750,0.096772
0.025929,0.033798,0.226099,0.028996,0.504655,0.028496,0.047057,0.028172,0.036842,0.039956
0.003542,0.001015,0.295268,0.001079,0.153085,0.510392,0.000894,0.000454,0.032477,0.001793
0.082944,0.103764,0.093624,0.094006,0.153447,0.111881,0.092121,0.089169,0.080911,0.098134
0.027834,0.013867,0.165559,0.027979,0.267151,0.052194,0.062770,0.031256,0.306944,0.044448
0.058731,0.060150,0.052344,0.061662,0.201875,0.304327,0.063811,0.079386,0.057989,0.059726
0.002051,0.002667,0.726908,0.002302,0.001838,0.254856,0.002707,0.001681,0.003230,0.001760
0.060896,0.043580,0.198840,0.107167,0.110652,0.130796,0.040737,0.133270,0.061876,0.112187
0.028356,0.024425,0.343841,0.023594,0.022659,0.028527,0.029931,0.022946,0.454182,0.021537
0.077381,0.095927,0.080188,0.099115,0.128598,0.116982,0.114926,0.118382,0.074071,0.094432
0.001307,0.001468,0.738936,0.001639,0.113032,0.140200,0.001721,0.000495,0.000704,0.000498
0.055640,0.102877,0.085302,0.092600,0.082654,0.170304,0.111395,0.105350,0.095128,0.098751
0.078367,0.090578,0.083150,0.103367,0.148192,0.110100,0.097557,0.112510,0.085951,0.090229
0.067111,0.128502,0.084038,0.097527,0.129156,0.115191,0.091427,0.122176,0.069180,0.095692
0.083298,0.079671,0.058325,0.079110,0.075342,0.297595,0.088553,0.077429,0.072065,0.088611
0.028276,0.037279,0.309312,0.036657,0.206800,0.037192,0.042488,0.217297,0.036102,0.048597
0.094739,0.095349,0.122652,0.101634,0.087426,0.090331,0.110149,0.098046,0.105683,0.093991
0.083893,0.097651,0.090250,0.113883,0.104834,0.104013,0.103447,0.108325,0.094086,0.099618
0.050937,0.059903,0.303535,0.063679,0.050162,0.074380,0.060033,0.227036,0.051721,0.058614
0.036785,0.049554,0.298652,0.041913,0.245233,0.040226,0.050634,0.147742,0.042633,0.046628
0.096518,0.101920,0.076175,0.089908,0.158390,0.109132,0.094053,0.100003,0.086605,0.087295
0.006012,0.008297,0.484921,0.007157,0.459552,0.007067,0.007199,0.006266,0.005930,0.007599
0.013471,0.008065,0.326095,0.010995,0.010335,0.586885,0.008597,0.010040,0.013090,0.012426
0.096765,0.090921,0.079648,0.106545,0.157356,0.097385,0.095987,0.105287,0.078276,0.091830
0.037379,0.035612,0.304343,0.044713,0.328233,0.059711,0.050997,0.049156,0.044698,0.045158
0.080023,0.075037,0.347617,0.064044,0.057139,0.075255,0.072940,0.060225,0.080714,0.087005
0.088510,0.086878,0.266203,0.060765,0.071747,0.092475,0.084766,0.079199,0.090782,0.078676
0.084554,0.069771,0.067960,0.087239,0.080840,0.302524,0.075850,0.075724,0.073177,0.082360
0.067701,0.104971,0.082924,0.101841,0.113529,0.119376,0.103065,0.121937,0.070498,0.114159
0.077038,0.063347,0.287781,0.075868,0.059542,0.082229,0.080308,0.077222,0.095585,0.101081
0.006347,0.001533,0.369109,0.001119,0.107503,0.477729,0.001327,0.001057,0.033229,0.001048
0.101030,0.095351,0.086852,0.096550,0.100832,0.103755,0.101911,0.115463,0.097353,0.100902
0.050041,0.073002,0.041160,0.063617,0.213993,0.343580,0.039079,0.066251,0.057570,0.051707
0.091101,0.099147,0.092811,0.103221,0.095847,0.103852,0.099907,0.116597,0.095103,0.102414
0.079354,0.092913,0.088674,0.114238,0.101877,0.116375,0.094904,0.121752,0.089164,0.100749
0.005286,0.005035,0.389803,0.007165,0.365786,0.007706,0.006762,0.004872,0.195584,0.012002
0.072757,0.097949,0.043305,0.141815,0.116864,0.101399,0.126980,0.080427,0.122383,0.096122
0.075887,0.081421,0.066969,0.077751,0.073691,0.331855,0.076112,0.066302,0.075400,0.074613
0.069979,0.079121,0.147449,0.080179,0.131103,0.089295,0.086866,0.078251,0.146843,0.090914
0.079854,0.095094,0.169088,0.095605,0.091201,0.092705,0.105616,0.089137,0.083579,0.098121
0.077445,0.091600,0.106438,0.101689,0.096114,0.095647,0.144459,0.093721,0.101529,0.091358
0.076650,0.079420,0.385969,0.062617,0.058505,0.078622,0.072799,0.063567,0.058350,0.063503
0.026888,0.031539,0.208025,0.031307,0.553135,0.025661,0.030843,0.026841,0.028191,0.037571
0.095211,0.066292,0.094205,0.141694,0.139788,0.098205,0.067415,0.054342,0.072009,0.170839
0.039075,0.041697,0.234893,0.046715,0.375187,0.068232,0.041527,0.079624,0.037110,0.035941
0.082860,0.093721,0.085049,0.100497,0.148983,0.112111,0.092736,0.105128,0.084445,0.094470
0.044317,0.071827,0.211192,0.070780,0.322232,0.060991,0.056241,0.061722,0.046222,0.054477
0.004081,0.003292,0.321881,0.004426,0.644965,0.003214,0.005045,0.004460,0.004540,0.004095
0.059992,0.066638,0.463954,0.051340,0.037373,0.069276,0.056886,0.035172,0.084335,0.075033
0.082600,0.091760,0.087524,0.091161,0.155433,0.112604,0.090206,0.105723,0.085971,0.097017
0.086051,0.087893,0.076569,0.085132,0.079099,0.255498,0.082376,0.075936,0.082984,0.088463
0.090764,0.091671,0.090191,0.102686,0.101345,0.112860,0.103309,0.094286,0.112932,0.099955
0.085369,0.086984,0.077862,0.102483,0.091970,0.103699,0.089404,0.187316,0.085091,0.089822
0.029424,0.014360,0.190756,0.013426,0.008207,0.647024,0.009403,0.066274,0.010523,0.010603
0.084394,0.133321,0.073428,0.081584,0.085214,0.213808,0.084264,0.088407,0.070207,0.085373
0.088578,0.094113,0.124315,0.100621,0.095395,0.110743,0.092798,0.083654,0.101446,0.108338
0.075571,0.101406,0.085101,0.116194,0.104373,0.115120,0.097982,0.132003,0.070374,0.101877
0.022492,0.008682,0.504742,0.045809,0.267987,0.028218,0.007899,0.037363,0.022534,0.054273
0.066501,0.086098,0.239250,0.079497,0.073939,0.096586,0.122350,0.072844,0.070016,0.092919
0.055559,0.054246,0.246740,0.051443,0.045896,0.063597,0.050272,0.052768,0.334506,0.044974
0.108913,0.098492,0.087656,0.100608,0.102827,0.104428,0.098029,0.096101,0.106241,0.096705
0.093628,0.085239,0.265446,0.085434,0.070132,0.090856,0.079809,0.062611,0.090394,0.076450
0.000611,0.000258,0.416666,0.000391,0.369193,0.211123,0.000609,0.000196,0.000237,0.000716
0.070438,0.059623,0.220525,0.071195,0.212920,0.070015,0.084434,0.076988,0.061897,0.071964
0.023508,0.024895,0.377799,0.020330,0.360259,0.029685,0.028002,0.023567,0.056965,0.054992
0.032010,0.034598,0.247291,0.025254,0.515401,0.025850,0.032792,0.026611,0.032663,0.027527
0.104613,0.102851,0.143413,0.092710,0.087195,0.094718,0.097169,0.076859,0.103312,0.097160
0.061754,0.080863,0.071061,0.102926,0.080382,0.103193,0.089283,0.240789,0.080943,0.088807
0.003808,0.002928,0.363369,0.003150,0.002019,0.536962,0.003786,0.002331,0.074349,0.007299
0.087750,0.100705,0.097079,0.104465,0.103870,0.111908,0.106786,0.097478,0.091591,0.098367
0.041209,0.123561,0.044274,0.117877,0.086442,0.179637,0.127622,0.098388,0.091029,0.089961
0.059470,0.025399,0.233149,0.061840,0.046841,0.045993,0.022666,0.048285,0.400179,0.056178
0.085370,0.084295,0.206641,0.087606,0.081563,0.092707,0.096540,0.089453,0.085325,0.090500
0.072082,0.100057,0.083668,0.121144,0.106910,0.112983,0.115303,0.122547,0.065911,0.099393
0.035299,0.023542,0.175210,0.057058,0.482017,0.039363,0.056362,0.050625,0.035825,0.044699
0.062126,0.087912,0.190551,0.067110,0.060882,0.070301,0.067950,0.062805,0.270204,0.060158
0.117546,0.118122,0.058857,0.118265,0.109649,0.109219,0.116219,0.051567,0.098693,0.101864
0.073780,0.092029,0.075008,0.091580,0.096137,0.103944,0.143201,0.147883,0.082956,0.093482
0.079481,0.093785,0.094367,0.117558,0.133056,0.101716,0.102879,0.115367,0.074208,0.087584
0.094573,0.095800,0.148231,0.089041,0.080304,0.107648,0.098504,0.094390,0.086382,0.105127
0.096373,0.087586,0.090874,0.096364,0.159657,0.103385,0.095845,0.102279,0.082574,0.085063
0.085590,0.090398,0.208678,0.084317,0.083231,0.073789,0.107563,0.082831,0.074305,0.109298
0.107707,0.048586,0.244142,0.095029,0.105834,0.107114,0.041634,0.095431,0.092285,0.062238
0.091806,0.068591,0.191834,0.066313,0.219533,0.072424,0.075105,0.063195,0.064567,0.086633
0.037006,0.104545,0.055566,0.105201,0.093269,0.157216,0.050003,0.112182,0.197330,0.087685
0.077547,0.102076,0.092070,0.096191,0.140318,0.110709,0.102762,0.093976,0.083302,0.101049
0.001450,0.001585,0.076900,0.001499,0.000763,0.411100,0.001839,0.013279,0.490434,0.001151
0.102237,0.149991,0.069000,0.099591,0.089683,0.090843,0.094684,0.134911,0.079636,0.089423
0.048111,0.026643,0.149294,0.036005,0.031949,0.039936,0.032757,0.034104,0.568708,0.032494
0.045298,0.045656,0.248722,0.055861,0.310031,0.058595,0.055751,0.066752,0.056574,0.056759
0.071993,0.091927,0.085202,0.108167,0.158738,0.094189,0.096639,0.117356,0.077766,0.098023
0.008767,0.008309,0.207236,0.005662,0.580291,0.009733,0.010273,0.006319,0.156318,0.007091
0.038568,0.035267,0.147550,0.026577,0.029581,0.040677,0.033826,0.036943,0.566301,0.044710
0.005580,0.003752,0.321553,0.003051,0.003434,0.634877,0.006320,0.005242,0.012761,0.003431
0.076174,0.070955,0.056253,0.071766,0.068745,0.329009,0.078450,0.075270,0.088574,0.084804
0.095121,0.098657,0.079910,0.100246,0.097925,0.162825,0.113430,0.072978,0.080467,0.098442
0.068936,0.061846,0.421068,0.064768,0.066115,0.087173,0.051736,0.053810,0.059962,0.064586
0.025485,0.013117,0.091385,0.067502,0.260532,0.343176,0.010494,0.048721,0.105309,0.034278
0.079136,0.079890,0.061375,0.074970,0.070028,0.289794,0.076182,0.103552,0.078927,0.086147
0.039676,0.030916,0.507944,0.037992,0.042249,0.037532,0.057601,0.131884,0.042826,0.071380
0.007120,0.000882,0.377367,0.001764,0.132523,0.474676,0.001858,0.001065,0.001192,0.001554
0.073354,0.078985,0.214804,0.088574,0.077591,0.085541,0.119404,0.092031,0.078316,0.091399
0.093852,0.091102,0.142721,0.092895,0.091077,0.104347,0.096617,0.087665,0.102293,0.097431
0.084393,0.090016,0.182820,0.101329,0.072770,0.104424,0.094305,0.089233,0.084358,0.096352
0.096412,0.096497,0.096988,0.096394,0.100299,0.114213,0.097178,0.103873,0.096134,0.102012
0.005485,0.003947,0.323763,0.006152,0.004503,0.632446,0.006120,0.005302,0.007168,0.005114
0.060712,0.060183,0.265945,0.055971,0.058742,0.074476,0.070371,0.239439,0.053428,0.060734
0.069763,0.106450,0.078015,0.111442,0.113962,0.097490,0.074286,0.133401,0.086773,0.128416
0.067711,0.059875,0.274256,0.066455,0.070801,0.092341,0.078820,0.147645,0.075234,0.066862
0.037559,0.054464,0.274053,0.047607,0.046058,0.050002,0.027927,0.074543,0.343527,0.044260
0.092982,0.100433,0.090556,0.109072,0.106365,0.101463,0.098364,0.104963,0.096852,0.098950
0.004745,0.002206,0.351666,0.001748,0.035107,0.443979,0.000861,0.017537,0.127870,0.014281
0.086923,0.102743,0.097280,0.107338,0.124478,0.108559,0.081236,0.096094,0.092513,0.102836
0.008021,0.011251,0.517963,0.008976,0.005789,0.395625,0.003567,0.033299,0.008102,0.007407
0.063879,0.069020,0.177649,0.089710,0.203572,0.097901,0.056050,0.086672,0.074196,0.081352
0.001174,0.001401,0.545681,0.001617,0.141836,0.272054,0.001482,0.000594,0.032370,0.001791
0.082240,0.045267,0.075166,0.133984,0.131838,0.114882,0.048205,0.149840,0.093956,0.124621
0.054544,0.019021,0.342807,0.102948,0.158408,0.082073,0.022760,0.067032,0.058595,0.091811
0.044176,0.065382,0.527693,0.041758,0.055046,0.045642,0.051471,0.055107,0.066411,0.047312
0.082151,0.072036,0.222511,0.091738,0.075328,0.101471,0.085185,0.082782,0.080738,0.106060
0.067836,0.099688,0.171441,0.092514,0.085201,0.081527,0.137878,0.088442,0.081965,0.093510
0.080251,0.096190,0.085275,0.105912,0.111664,0.113576,0.104281,0.101122,0.096178,0.105552
0.045568,0.037558,0.085169,0.123650,0.214819,0.138885,0.038400,0.133244,0.063584,0.119124
0.056646,0.105609,0.058845,0.095875,0.089352,0.203394,0.103657,0.100184,0.093783,0.092655
0.065821,0.034783,0.093621,0.112973,0.111023,0.089884,0.037539,0.117363,0.223757,0.113237
0.080420,0.095017,0.090260,0.097950,0.100967,0.113480,0.097827,0.119632,0.091139,0.113308
0.065267,0.022288,0.064039,0.108536,0.118282,0.332559,0.025683,0.087046,0.080191,0.096109
0.004367,0.004091,0.146943,0.007438,0.024078,0.005897,0.008335,0.029563,0.762035,0.007254
0.067105,0.073888,0.056286,0.074736,0.113236,0.331778,0.063096,0.073195,0.069286,0.077395
0.009759,0.009036,0.452819,0.007181,0.488530,0.006801,0.003492,0.007464,0.007318,0.007599
0.055402,0.059704,0.324032,0.065608,0.262924,0.052530,0.025017,0.054477,0.043114,0.057191
0.111004,0.105409,0.070814,0.096998,0.096296,0.111195,0.100372,0.118108,0.085073,0.104732
0.097637,0.114589,0.075480,0.111211,0.094925,0.110613,0.099179,0.121459,0.083955,0.090952
0.086609,0.095661,0.161802,0.086973,0.080353,0.098115,0.100059,0.087046,0.106751,0.096632
0.056520,0.046924,0.555972,0.057793,0.040888,0.041874,0.050800,0.049980,0.053850,0.045399
0.032816,0.039194,0.642500,0.030151,0.021764,0.029447,0.041093,0.029470,0.069655,0.063909
0.041847,0.018338,0.323447,0.034540,0.116364,0.040041,0.043372,0.064789,0.277646,0.039616
0.066751,0.123897,0.175952,0.088414,0.072339,0.100652,0.088386,0.105469,0.092363,0.085777
0.085574,0.083020,0.171607,0.090662,0.088408,0.099911,0.085996,0.127346,0.084053,0.083421
0.039564,0.045298,0.070950,0.037886,0.322973,0.258992,0.016960,0.053454,0.115990,0.037933
0.077440,0.110360,0.074841,0.104954,0.135535,0.107177,0.089300,0.110213,0.099951,0.090229
0.081351,0.080957,0.070712,0.093778,0.080317,0.096177,0.083432,0.253884,0.074678,0.084714
0.063938,0.076175,0.261954,0.072542,0.152354,0.089954,0.077316,0.073222,0.064569,0.067976
0.055039,0.058925,0.475143,0.051116,0.052282,0.061205,0.062755,0.051547,0.059903,0.072086
0.023358,0.005107,0.493162,0.008301,0.420288,0.013226,0.009571,0.006969,0.007615,0.012404
0.002263,0.001685,0.059317,0.002299,0.001662,0.002410,0.003074,0.025017,0.899283,0.002990
0.011613,0.012994,0.411468,0.007559,0.007401,0.460417,0.011634,0.052119,0.008855,0.015939
0.076737,0.098527,0.230300,0.079232,0.073768,0.098739,0.086738,0.068678,0.085855,0.101425
0.107466,0.090820,0.088889,0.111597,0.107720,0.114487,0.103398,0.088273,0.088869,0.098481
0.076274,0.064548,0.049004,0.065200,0.066054,0.381572,0.070817,0.074255,0.068636,0.083642
0.101814,0.095022,0.056164,0.108134,0.097488,0.165605,0.111717,0.045497,0.096191,0.122368
0.048469,0.065423,0.062874,0.113861,0.112233,0.139880,0.129075,0.127560,0.091975,0.108648
0.032638,0.037030,0.360029,0.041203,0.324890,0.050531,0.037777,0.037833,0.038008,0.040062
0.078600,0.072296,0.136001,0.088966,0.089657,0.084575,0.089707,0.083252,0.175540,0.101406
0.070778,0.076243,0.077632,0.081967,0.081767,0.256660,0.076039,0.078548,0.121347,0.079019
0.106109,0.043082,0.063801,0.124894,0.173348,0.126275,0.052834,0.117637,0.083525,0.108493
0.100458,0.094699,0.099718,0.113569,0.102494,0.103557,0.096009,0.120028,0.084902,0.084565
0.007154,0.007718,0.116738,0.009342,0.005325,0.746352,0.009192,0.078536,0.008316,0.011327
0.101569,0.105544,0.080140,0.095477,0.129591,0.108606,0.099512,0.112002,0.068982,0.098578
0.066699,0.089878,0.085323,0.088538,0.156193,0.107859,0.092442,0.148748,0.070250,0.094069
0.102309,0.120894,0.107111,0.096602,0.099427,0.085410,0.105217,0.092556,0.096582,0.093893
0.070192,0.089795,0.083253,0.087845,0.153644,0.097880,0.096872,0.120598,0.087417,0.112504
0.039649,0.049431,0.576665,0.046577,0.034040,0.056306,0.040731,0.047162,0.065320,0.044119
0.101439,0.090141,0.181831,0.089318,0.085831,0.095961,0.096712,0.074301,0.088509,0.095957
0.095716,0.100534,0.089894,0.099732,0.100641,0.103192,0.117869,0.079049,0.097325,0.116048
0.049363,0.147695,0.062048,0.152230,0.140333,0.105229,0.098611,0.051605,0.122186,0.070700
0.079901,0.083484,0.226484,0.084673,0.084493,0.090071,0.090796,0.086213,0.086289,0.087597
0.010120,0.005147,0.036603,0.017015,0.482891,0.237681,0.013754,0.018526,0.169338,0.008924
0.061073,0.044240,0.314194,0.097038,0.082758,0.083490,0.050794,0.113849,0.060459,0.092104
0.085760,0.086476,0.065446,0.077939,0.082783,0.257650,0.087473,0.094461,0.075513,0.086499
0.063690,0.057046,0.056246,0.072359,0.103207,0.360046,0.072305,0.069074,0.073233,0.072794
0.063497,0.050188,0.249616,0.096991,0.093377,0.116547,0.043011,0.099868,0.083276,0.103630
0.024231,0.025232,0.108055,0.027661,0.476164,0.019735,0.026222,0.022488,0.232360,0.037853
0.087823,0.105269,0.115731,0.095385,0.084833,0.107347,0.111854,0.100123,0.094414,0.097221
