0.052952,0.015255,0.165473,0.014146,0.148258,0.489150,0.006373,0.011312,0.044257,0.052822
0.105549,0.033194,0.054801,0.070554,0.065969,0.084213,0.070360,0.084832,0.362648,0.067881
0.079484,0.086945,0.072128,0.090090,0.094904,0.097453,0.092132,0.218701,0.078294,0.089869
0.051317,0.117914,0.049530,0.116015,0.067395,0.295435,0.139851,0.054351,0.056831,0.051362
0.085667,0.094452,0.076820,0.094327,0.094190,0.102883,0.095272,0.090944,0.170567,0.094880
0.077700,0.073389,0.136142,0.080638,0.075303,0.080843,0.104929,0.076986,0.217619,0.076451
0.019733,0.016346,0.294952,0.013767,0.594981,0.010645,0.015706,0.011953,0.008644,0.013273
0.074698,0.093632,0.098154,0.114261,0.107838,0.091105,0.123703,0.108794,0.071327,0.116488
0.079413,0.131259,0.142681,0.095026,0.080835,0.106578,0.084361,0.082894,0.100652,0.096301
0.052900,0.079031,0.105256,0.068751,0.076339,0.073281,0.106045,0.075619,0.287232,0.075546
0.051836,0.055568,0.042881,0.050796,0.049223,0.533025,0.055709,0.044879,0.056141,0.059941
0.061215,0.074603,0.135454,0.068484,0.341602,0.061078,0.067209,0.056610,0.061298,0.072447
0.095878,0.083344,0.149938,0.079211,0.071389,0.102637,0.087284,0.179125,0.074122,0.077073
0.008675,0.003269,0.163282,0.003343,0.050040,0.734572,0.004411,0.026632,0.002542,0.003234
0.065413,0.070652,0.065033,0.068169,0.071090,0.386987,0.066406,0.074167,0.066142,0.065941
0.058994,0.118383,0.051617,0.119786,0.113396,0.176148,0.140963,0.060588,0.059844,0.100281
0.005353,0.008770,0.285181,0.001603,0.096913,0.434208,0.002583,0.011612,0.151946,0.001830
0.066606,0.065748,0.347850,0.072604,0.063188,0.090322,0.064656,0.055373,0.074064,0.099589
0.081679,0.089893,0.088427,0.113324,0.108874,0.115766,0.101974,0.120282,0.084795,0.094988
0.095752,0.092856,0.090762,0.097147,0.107085,0.117961,0.095781,0.105532,0.094406,0.102718
0.065541,0.063983,0.169798,0.099078,0.125418,0.124620,0.049918,0.127476,0.087228,0.086939
0.107656,0.091477,0.130409,0.097819,0.088302,0.104162,0.105363,0.087104,0.089327,0.098380
0.032418,0.017972,0.116251,0.041347,0.550121,0.039826,0.045776,0.024393,0.054479,0.077417
0.093200,0.096145,0.214071,0.087704,0.068667,0.094397,0.087379,0.083430,0.096321,0.078686
0.014047,0.013586,0.039705,0.011602,0.859242,0.010376,0.015656,0.011211,0.012642,0.011935
0.054836,0.064617,0.320579,0.062000,0.161560,0.051348,0.062167,0.049763,0.094068,0.079061
0.088285,0.090554,0.103149,0.112961,0.096748,0.101027,0.102802,0.104309,0.097153,0.103010
0.098767,0.096208,0.088112,0.107654,0.100862,0.110974,0.095255,0.102604,0.099141,0.100422
0.104179,0.030402,0.670205,0.027190,0.020809,0.025048,0.028834,0.016805,0.046120,0.030409
0.052753,0.041371,0.032049,0.041107,0.056317,0.483691,0.045515,0.040008,0.164382,0.042807
0.105843,0.174192,0.072559,0.093837,0.093666,0.104210,0.092919,0.095500,0.073573,0.093700
0.055964,0.053151,0.502773,0.056465,0.058581,0.059364,0.057527,0.059902,0.047914,0.048359
0.095106,0.103403,0.083925,0.102343,0.113678,0.098294,0.067978,0.091737,0.136279,0.107257
0.096040,0.101545,0.154374,0.098843,0.086787,0.103533,0.109748,0.071298,0.080017,0.097816
0.109710,0.098520,0.164215,0.076333,0.084957,0.078578,0.106863,0.083249,0.095087,0.102488
0.001780,0.001938,0.099510,0.001637,0.885652,0.001673,0.001617,0.001165,0.001925,0.003102
0.063566,0.057379,0.488219,0.051953,0.050101,0.058786,0.049534,0.058440,0.066899,0.055124
0.040183,0.057180,0.175169,0.051738,0.283912,0.062690,0.057476,0.162621,0.046469,0.062561
0.076567,0.077596,0.131977,0.074898,0.254023,0.086651,0.078337,0.068468,0.071392,0.080092
0.002856,0.002949,0.411040,0.002473,0.001687,0.567745,0.002698,0.002566,0.002550,0.003437
0.086213,0.093770,0.080162,0.097281,0.139470,0.108551,0.098938,0.097266,0.105007,0.093342
0.085420,0.089465,0.179915,0.089329,0.095418,0.101976,0.095191,0.085312,0.090808,0.087167
0.005579,0.007078,0.067875,0.006277,0.005328,0.840259,0.006449,0.047895,0.007889,0.005371
0.097997,0.093847,0.081886,0.094942,0.139092,0.109595,0.093305,0.079254,0.114191,0.095891
0.080002,0.069762,0.327461,0.064951,0.062975,0.092300,0.065338,0.063233,0.101887,0.072091
0.108066,0.088404,0.086785,0.093552,0.132474,0.099724,0.098117,0.096733,0.097016,0.099129
0.069748,0.079712,0.074998,0.078464,0.122728,0.281555,0.073135,0.075146,0.066358,0.078155
0.099846,0.092453,0.107409,0.096293,0.111749,0.102196,0.092742,0.105371,0.095392,0.096549
0.010456,0.008048,0.289743,0.010061,0.011073,0.476181,0.011357,0.008812,0.161407,0.012861
0.089752,0.054475,0.160602,0.098737,0.150267,0.125921,0.050455,0.112967,0.062559,0.094266
0.075836,0.100270,0.062610,0.089309,0.094887,0.265619,0.087068,0.071800,0.063654,0.088946
0.131834,0.076710,0.200201,0.083998,0.080495,0.102786,0.068879,0.082637,0.087462,0.084999
0.127165,0.060022,0.070048,0.120761,0.114673,0.124070,0.075981,0.127363,0.065879,0.114039
0.004995,0.003122,0.395803,0.004338,0.002931,0.569061,0.006118,0.004102,0.005854,0.003675
0.035144,0.053502,0.096604,0.057678,0.048100,0.267364,0.035844,0.028749,0.342303,0.034712
0.020255,0.012628,0.077759,0.030605,0.272848,0.454253,0.036429,0.044241,0.022891,0.028091
0.074167,0.135227,0.161740,0.087391,0.086315,0.102223,0.087651,0.086118,0.084014,0.095155
0.000895,0.002258,0.581642,0.000685,0.183446,0.223813,0.000808,0.000453,0.001564,0.004435
0.108153,0.101175,0.101519,0.095105,0.099491,0.098956,0.094843,0.103453,0.111102,0.086203
0.080082,0.052146,0.190015,0.060992,0.049769,0.062679,0.055961,0.334564,0.057414,0.056377
0.069653,0.078257,0.063837,0.073955,0.104267,0.284040,0.102506,0.078779,0.074205,0.070500
0.000475,0.000291,0.197406,0.000201,0.189706,0.610903,0.000237,0.000220,0.000337,0.000225
0.044455,0.038451,0.259335,0.033790,0.033826,0.037846,0.032220,0.034554,0.450697,0.034826
0.086622,0.080529,0.259069,0.079131,0.084142,0.084504,0.085713,0.082961,0.076734,0.080595
0.017127,0.024380,0.277208,0.019079,0.478844,0.042522,0.014565,0.068191,0.019729,0.038356
0.077987,0.131863,0.079181,0.109658,0.094016,0.104062,0.086262,0.097046,0.108237,0.111687
0.074978,0.180958,0.150346,0.091120,0.086223,0.080380,0.088512,0.090369,0.075906,0.081208
0.076536,0.064620,0.205522,0.115518,0.096260,0.101032,0.050245,0.093370,0.086486,0.110411
0.008796,0.003556,0.108011,0.006203,0.052411,0.778041,0.005943,0.026129,0.005534,0.005377
0.069032,0.088755,0.119734,0.108406,0.090387,0.106514,0.141355,0.096684,0.098826,0.080307
0.020885,0.009807,0.269983,0.026195,0.254069,0.316659,0.028766,0.029772,0.024674,0.019188
0.015398,0.022037,0.262359,0.014448,0.418039,0.025151,0.020225,0.014015,0.191187,0.017141
0.092462,0.080207,0.195458,0.085279,0.082680,0.086681,0.085560,0.096698,0.090207,0.104768
0.061585,0.087184,0.085732,0.086493,0.078826,0.199757,0.152145,0.090697,0.083124,0.074458
0.080325,0.080449,0.310669,0.069344,0.060097,0.083220,0.075688,0.064989,0.077612,0.097606
0.085725,0.095315,0.093092,0.088595,0.146839,0.113898,0.093892,0.109148,0.084154,0.089343
0.085439,0.109775,0.076633,0.115812,0.104014,0.105081,0.101088,0.109021,0.090320,0.102816
0.116151,0.086541,0.167389,0.090060,0.084175,0.092752,0.080689,0.101478,0.093780,0.086985
0.057100,0.055131,0.067529,0.129926,0.166797,0.092779,0.063304,0.131516,0.105207,0.130712
0.004826,0.005184,0.290999,0.008337,0.099144,0.006136,0.009297,0.030450,0.539959,0.005667
0.067584,0.068732,0.056606,0.073081,0.107590,0.087835,0.074357,0.309044,0.065027,0.090146
0.059681,0.052138,0.146593,0.051820,0.046820,0.074937,0.064493,0.394915,0.056489,0.052115
0.093923,0.098775,0.088293,0.101248,0.100747,0.103729,0.103132,0.107679,0.095610,0.106865
0.074831,0.107546,0.072255,0.089039,0.096388,0.088555,0.096917,0.203461,0.074436,0.096572
0.088405,0.095516,0.111474,0.088958,0.098856,0.111844,0.111284,0.119291,0.089630,0.084741
0.102128,0.055691,0.088880,0.095286,0.104178,0.203425,0.049693,0.103992,0.091971,0.104756
0.088325,0.096152,0.091904,0.098839,0.111128,0.101528,0.100072,0.107668,0.112427,0.091956
0.059931,0.073625,0.081658,0.085454,0.075177,0.078530,0.126712,0.071755,0.252575,0.094583
0.057463,0.173114,0.087945,0.097610,0.101574,0.097535,0.092207,0.085377,0.096336,0.110840
0.024662,0.011608,0.215444,0.013344,0.489049,0.021792,0.017226,0.014423,0.148668,0.043784
0.075974,0.160439,0.092588,0.105575,0.092133,0.101778,0.093092,0.111915,0.079494,0.087011
0.060866,0.129882,0.353588,0.059484,0.065623,0.077869,0.072737,0.065663,0.054680,0.059608
0.012714,0.014113,0.235827,0.011965,0.260258,0.396437,0.016470,0.012053,0.026813,0.013351
0.126740,0.066477,0.069740,0.108140,0.117769,0.126760,0.057012,0.109887,0.094948,0.122528
0.129227,0.100107,0.177097,0.065027,0.155850,0.083825,0.074951,0.068169,0.058988,0.086760
0.073632,0.082680,0.075934,0.088184,0.085547,0.090556,0.092975,0.230239,0.096960,0.083293
0.065414,0.037484,0.153864,0.046468,0.038484,0.064947,0.052608,0.409999,0.048367,0.082365
0.119699,0.159749,0.168253,0.081586,0.076341,0.085226,0.078249,0.074327,0.072893,0.083677
0.082287,0.141580,0.070189,0.093151,0.104388,0.107915,0.096593,0.099968,0.111180,0.092751
0.096414,0.093144,0.102176,0.098753,0.103299,0.112942,0.100133,0.091060,0.107685,0.094394
0.077010,0.056917,0.095941,0.115045,0.143832,0.130664,0.053262,0.090435,0.115650,0.121243
0.103570,0.118313,0.072815,0.093972,0.134233,0.089280,0.103474,0.116495,0.071788,0.096059
0.079085,0.082358,0.221145,0.083156,0.068439,0.085747,0.088200,0.094388,0.119547,0.077935
0.052031,0.093071,0.143556,0.053952,0.052263,0.062859,0.058052,0.047768,0.379681,0.056766
0.005592,0.007520,0.130381,0.004675,0.051920,0.652121,0.006542,0.005643,0.130344,0.005262
0.096821,0.100400,0.083032,0.112177,0.101960,0.113427,0.088023,0.120427,0.083162,0.100572
0.015033,0.011636,0.060060,0.016637,0.366869,0.323142,0.042740,0.024779,0.109029,0.030074
0.054234,0.045165,0.285756,0.083578,0.091830,0.097046,0.060597,0.107185,0.079055,0.095554
0.062176,0.067139,0.088147,0.062979,0.057329,0.068071,0.071285,0.058300,0.387257,0.077316
0.058703,0.036460,0.172433,0.068099,0.375582,0.058935,0.064121,0.053721,0.054127,0.057819
0.001257,0.001320,0.249149,0.001220,0.087810,0.653574,0.001137,0.000922,0.001883,0.001727
0.067900,0.144291,0.185328,0.084271,0.076361,0.088610,0.090476,0.092494,0.085479,0.084790
0.065514,0.061679,0.479135,0.051752,0.046289,0.062594,0.048600,0.046370,0.061133,0.076935
0.034165,0.056360,0.133326,0.035594,0.517933,0.066252,0.016256,0.031626,0.033849,0.074637
0.007751,0.002452,0.390335,0.003287,0.002704,0.484327,0.003887,0.002432,0.098468,0.004356
0.093469,0.085756,0.209336,0.087872,0.087861,0.097234,0.086800,0.071776,0.097935,0.081962
0.049197,0.042200,0.038837,0.047887,0.063920,0.483624,0.050906,0.047058,0.128338,0.048034
0.049435,0.052429,0.041077,0.048641,0.046638,0.547437,0.053850,0.048204,0.061196,0.051093
0.061161,0.061237,0.050447,0.055084,0.052650,0.472656,0.057281,0.077911,0.055602,0.055971
0.058018,0.062925,0.039356,0.057929,0.062589,0.449721,0.064554,0.075624,0.065416,0.063869
0.096437,0.098171,0.088225,0.098301,0.098768,0.120952,0.093664,0.101697,0.102699,0.101086
0.103121,0.087940,0.074327,0.090844,0.092683,0.108275,0.095986,0.091148,0.162483,0.093194
0.077510,0.087561,0.157250,0.097834,0.099165,0.104160,0.098754,0.088102,0.097375,0.092290
0.119459,0.088656,0.069832,0.088315,0.094976,0.107026,0.083258,0.096256,0.162570,0.089653
0.103065,0.096239,0.067700,0.092038,0.094205,0.104861,0.158975,0.126895,0.061857,0.094165
0.058714,0.065226,0.045822,0.065559,0.068592,0.436470,0.070399,0.061442,0.060497,0.067279
0.031238,0.012140,0.095481,0.031978,0.204057,0.449868,0.039640,0.044983,0.029250,0.061365
0.011095,0.015980,0.283632,0.009726,0.282958,0.353516,0.016644,0.006071,0.011300,0.009079
0.094587,0.091702,0.095635,0.093745,0.100917,0.104862,0.129234,0.109414,0.081611,0.098292
0.001344,0.002472,0.510350,0.001355,0.000707,0.477994,0.001417,0.000861,0.002702,0.000799
0.040612,0.050064,0.169936,0.042495,0.425359,0.048390,0.027608,0.068375,0.039982,0.087180
0.044567,0.016634,0.130313,0.036326,0.440524,0.034266,0.050805,0.040819,0.153935,0.051809
0.083087,0.096078,0.072466,0.110684,0.099204,0.087673,0.129004,0.116581,0.110803,0.094421
0.009412,0.010819,0.160441,0.009265,0.008872,0.759943,0.008233,0.008506,0.007623,0.016886
0.060525,0.084314,0.058382,0.068526,0.069216,0.381459,0.068356,0.067794,0.064429,0.076998
0.011022,0.003314,0.126922,0.004723,0.005179,0.782175,0.006209,0.048425,0.005876,0.006155
0.003578,0.009182,0.166746,0.009248,0.449837,0.237263,0.008850,0.006938,0.102451,0.005906
0.097566,0.061436,0.227186,0.104084,0.092988,0.065896,0.065655,0.099256,0.090896,0.095038
0.106779,0.046810,0.075763,0.112620,0.134600,0.103128,0.052207,0.118666,0.127378,0.122048
0.094842,0.096054,0.080969,0.105633,0.137487,0.108988,0.090910,0.097477,0.101465,0.086176
0.002119,0.002523,0.166854,0.002073,0.001751,0.814250,0.001885,0.001152,0.002468,0.004925
0.086421,0.038797,0.182997,0.095840,0.079045,0.098648,0.047849,0.089772,0.171130,0.109502
0.042808,0.046076,0.039148,0.044092,0.062096,0.475311,0.046324,0.041562,0.154163,0.048420
0.082072,0.093655,0.150644,0.091601,0.146332,0.085350,0.085408,0.083051,0.089424,0.092461
0.068685,0.059568,0.264041,0.073371,0.066609,0.064769,0.096141,0.166876,0.055715,0.084225
0.079479,0.082417,0.160227,0.084438,0.159939,0.086132,0.093597,0.088622,0.074019,0.091128
0.069599,0.062800,0.145091,0.065673,0.066373,0.062598,0.066636,0.068731,0.310514,0.081985
0.007749,0.007378,0.122318,0.007056,0.006394,0.773592,0.006922,0.053749,0.007694,0.007149
0.063262,0.082360,0.094190,0.098759,0.093443,0.224231,0.071502,0.111837,0.074583,0.085834
0.081167,0.070819,0.071770,0.074168,0.073767,0.321860,0.076016,0.074265,0.076193,0.079975
0.081500,0.090237,0.083488,0.110549,0.145128,0.095764,0.097524,0.102601,0.080255,0.112954
0.081856,0.079826,0.071264,0.094144,0.124054,0.097227,0.085645,0.206638,0.073471,0.085876
0.095493,0.090988,0.147911,0.090841,0.086346,0.098304,0.091700,0.092603,0.097004,0.108812
0.073157,0.099943,0.070267,0.107096,0.122105,0.089595,0.138798,0.136340,0.080596,0.082103
0.094035,0.053723,0.234098,0.088720,0.097804,0.108509,0.049887,0.106564,0.067231,0.099427
0.019326,0.014008,0.107767,0.018492,0.717289,0.033297,0.028245,0.019614,0.021811,0.020151
0.049503,0.046467,0.211043,0.046756,0.038710,0.040724,0.045708,0.034693,0.439997,0.046399
0.001961,0.001203,0.126690,0.001024,0.175695,0.640020,0.001237,0.000900,0.048992,0.002278
0.102767,0.095693,0.086241,0.100013,0.106566,0.101267,0.098047,0.121085,0.090950,0.097371
0.004251,0.003785,0.137482,0.003813,0.003987,0.823954,0.004511,0.003086,0.010298,0.004834
0.085485,0.094501,0.084000,0.101761,0.096770,0.117592,0.097069,0.105332,0.113332,0.104157
0.081623,0.095949,0.071317,0.106515,0.120620,0.091004,0.097444,0.162196,0.069461,0.103871
0.074387,0.062769,0.058493,0.064442,0.063278,0.398459,0.067387,0.064114,0.077896,0.068774
0.076655,0.088375,0.081006,0.093141,0.092877,0.104047,0.084622,0.210500,0.081027,0.087750
0.104818,0.095124,0.077735,0.107159,0.122131,0.102334,0.138235,0.073734,0.079713,0.099017
0.044315,0.053717,0.166679,0.056327,0.445296,0.056587,0.027042,0.049546,0.049941,0.050550
0.066113,0.044641,0.152175,0.077242,0.089549,0.091942,0.042221,0.069485,0.291509,0.075121
0.078897,0.064993,0.178656,0.117146,0.103391,0.111985,0.049481,0.103236,0.078516,0.113699
0.082717,0.093925,0.094015,0.094473,0.142392,0.103915,0.093226,0.106926,0.101440,0.086973
0.063964,0.060449,0.052646,0.063470,0.061039,0.450938,0.062131,0.058520,0.064145,0.062697
0.072523,0.079005,0.094155,0.081187,0.081247,0.076554,0.093801,0.072010,0.278221,0.071298
0.056152,0.093677,0.076228,0.120598,0.100850,0.159011,0.109877,0.076932,0.099305,0.107371
0.010446,0.016923,0.045838,0.014229,0.845238,0.011813,0.013427,0.010781,0.013843,0.017462
0.090525,0.085057,0.234617,0.081328,0.078614,0.077111,0.086046,0.079140,0.101811,0.085752
0.018426,0.023793,0.456203,0.021019,0.316020,0.034773,0.022085,0.065787,0.019969,0.021924
0.059935,0.083710,0.123091,0.061549,0.106313,0.084266,0.075012,0.060765,0.281285,0.064074
0.089243,0.060912,0.223691,0.103972,0.104444,0.110865,0.053224,0.083717,0.062272,0.107661
0.092639,0.087936,0.203414,0.073791,0.089127,0.095405,0.115554,0.086449,0.073182,0.082503
0.066299,0.055243,0.250376,0.051525,0.046760,0.049217,0.058544,0.054767,0.306152,0.061118
0.038636,0.016652,0.203822,0.061334,0.159163,0.316172,0.021789,0.053312,0.045743,0.083376
0.084163,0.092770,0.071087,0.086088,0.090429,0.084813,0.089824,0.223767,0.088477,0.088582
0.012231,0.007027,0.246512,0.013248,0.011422,0.638628,0.009447,0.010918,0.016536,0.034031
0.098191,0.093641,0.080070,0.092752,0.096736,0.106858,0.155113,0.112682,0.067352,0.096604
0.054530,0.047318,0.416040,0.040190,0.024495,0.028869,0.038888,0.187322,0.037343,0.125006
0.089147,0.100652,0.086867,0.095400,0.100981,0.117267,0.103502,0.111606,0.092350,0.102229
0.044981,0.059474,0.055164,0.077673,0.074503,0.386660,0.078375,0.060050,0.078537,0.084582
0.015040,0.018118,0.031367,0.017698,0.611709,0.233446,0.023466,0.016608,0.011272,0.021276
0.067133,0.079554,0.053985,0.080259,0.099222,0.330084,0.069616,0.069078,0.072287,0.078782
0.075547,0.075119,0.075192,0.081656,0.077203,0.090047,0.080830,0.285965,0.076815,0.081626
0.114900,0.104509,0.076384,0.114733,0.109753,0.113439,0.095951,0.104295,0.069161,0.096875
0.083879,0.098358,0.080192,0.098418,0.130591,0.108039,0.081877,0.118455,0.095071,0.105121
0.086420,0.101064,0.121811,0.097654,0.091833,0.101731,0.134711,0.089057,0.081482,0.094237
0.074982,0.055087,0.151313,0.110669,0.113835,0.113843,0.071147,0.115255,0.101367,0.092502
0.079905,0.106912,0.119362,0.099278,0.093616,0.111240,0.093769,0.089513,0.106411,0.099994
0.016732,0.015194,0.223841,0.021503,0.636509,0.017158,0.024450,0.013628,0.014212,0.016772
0.043960,0.038079,0.242479,0.046390,0.033245,0.055378,0.045064,0.029488,0.425191,0.040726
0.067221,0.077183,0.061879,0.075919,0.082322,0.339781,0.069717,0.083881,0.065863,0.076234
0.050004,0.049577,0.050748,0.055629,0.086204,0.406106,0.055877,0.141715,0.048231,0.055911
0.002802,0.001209,0.095336,0.001327,0.831106,0.001026,0.001197,0.000845,0.063786,0.001366
0.103387,0.088671,0.069042,0.097419,0.113303,0.099541,0.080847,0.099707,0.152677,0.095406
0.001627,0.001187,0.503601,0.001357,0.001970,0.475445,0.001907,0.001603,0.002967,0.008336
0.091118,0.095553,0.086592,0.100490,0.109086,0.119823,0.107357,0.099319,0.092624,0.098039
0.087453,0.093096,0.084790,0.107011,0.143086,0.103567,0.080827,0.111102,0.102739,0.086329
0.072476,0.076555,0.073085,0.076086,0.082233,0.084927,0.079663,0.305445,0.071614,0.077916
0.012181,0.006509,0.318849,0.016727,0.195132,0.368704,0.017345,0.010684,0.017704,0.036165
0.001182,0.001101,0.078054,0.001008,0.886897,0.000947,0.001430,0.000978,0.027083,0.001319
0.079181,0.078493,0.147055,0.069522,0.065026,0.074770,0.068913,0.072400,0.251483,0.093158
0.064266,0.061621,0.312051,0.087445,0.095232,0.092765,0.041089,0.083354,0.062108,0.100069
0.025468,0.018810,0.078360,0.029096,0.716474,0.021522,0.027530,0.023393,0.024625,0.034723
0.046751,0.062197,0.039896,0.052010,0.073837,0.499167,0.056014,0.052639,0.061375,0.056114
0.050623,0.087253,0.275218,0.064258,0.053570,0.052552,0.059657,0.209606,0.091192,0.056071
0.062234,0.155355,0.271504,0.073761,0.074317,0.071492,0.073065,0.068341,0.076536,0.073395
0.077729,0.111841,0.074858,0.099536,0.134770,0.101539,0.094817,0.113844,0.094379,0.096686
0.058490,0.061436,0.104035,0.062094,0.066519,0.292759,0.060980,0.040185,0.196280,0.057222
0.047805,0.050791,0.054903,0.053853,0.047441,0.356635,0.062288,0.037100,0.235126,0.054057
0.088548,0.088175,0.168186,0.078584,0.076520,0.111267,0.092428,0.083644,0.119016,0.093633
0.084475,0.096873,0.090089,0.115344,0.102803,0.118060,0.092287,0.106574,0.088171,0.105323
0.019134,0.010879,0.012237,0.015376,0.019137,0.025532,0.019434,0.058427,0.785999,0.033845
0.100290,0.085222,0.060274,0.081494,0.085852,0.079963,0.117504,0.221241,0.081707,0.086454
0.088773,0.081804,0.255661,0.075871,0.067123,0.071722,0.087248,0.075463,0.090620,0.105714
0.087690,0.091549,0.176845,0.087101,0.094422,0.095049,0.092125,0.089378,0.097605,0.088237
0.068490,0.117731,0.225511,0.071767,0.132295,0.081819,0.078259,0.069925,0.075959,0.078244
0.042089,0.033080,0.276876,0.041942,0.420276,0.034727,0.011701,0.025717,0.037240,0.076351
0.076943,0.047156,0.132152,0.104528,0.120720,0.142860,0.055745,0.105997,0.087918,0.125980
0.090365,0.104298,0.066753,0.101438,0.091227,0.226432,0.093853,0.073874,0.083060,0.068701
0.098631,0.089747,0.080185,0.093504,0.147439,0.110670,0.087743,0.097257,0.103781,0.091043
0.011548,0.010001,0.232289,0.012328,0.221392,0.009997,0.009686,0.046056,0.434753,0.011951
0.052746,0.067995,0.109848,0.070062,0.069370,0.351292,0.069662,0.080391,0.063499,0.065134
0.065706,0.112966,0.058973,0.104291,0.096667,0.210449,0.120361,0.088887,0.058910,0.082791
0.102034,0.112378,0.087740,0.092713,0.123694,0.101878,0.100101,0.107075,0.084766,0.087621
0.101399,0.094863,0.085366,0.092918,0.125009,0.103031,0.138158,0.095429,0.081199,0.082626
0.066640,0.071217,0.126607,0.077304,0.214049,0.089859,0.114627,0.068185,0.082420,0.089093
0.009292,0.009675,0.369829,0.009068,0.554803,0.008531,0.005024,0.007648,0.009024,0.017106
0.092306,0.094800,0.143985,0.090586,0.087593,0.095371,0.100796,0.100933,0.082736,0.110894
0.088725,0.058242,0.494070,0.048545,0.036860,0.068269,0.059119,0.034124,0.056283,0.055764
0.064465,0.053817,0.299430,0.070352,0.146474,0.068893,0.070589,0.075343,0.059438,0.091199
0.087507,0.093932,0.074779,0.098891,0.099031,0.096753,0.121671,0.102543,0.111184,0.113710
0.079913,0.096801,0.076225,0.108950,0.133974,0.099931,0.070055,0.105794,0.124070,0.104287
0.001233,0.002063,0.210093,0.000807,0.035120,0.702393,0.001004,0.000889,0.042671,0.003726
0.125470,0.092992,0.096873,0.108375,0.096175,0.115873,0.088947,0.093499,0.091130,0.090666
0.069587,0.086351,0.115076,0.091080,0.084935,0.079948,0.214699,0.084413,0.089684,0.084227
0.091540,0.094857,0.099525,0.109390,0.103913,0.100063,0.091083,0.114263,0.097796,0.097570
0.073468,0.083882,0.085086,0.087829,0.142645,0.089987,0.080443,0.176059,0.075910,0.104691
0.073188,0.184089,0.122564,0.099655,0.082950,0.096119,0.084384,0.100312,0.071062,0.085678
0.025163,0.018148,0.169141,0.025674,0.242810,0.403882,0.037176,0.043783,0.015130,0.019094
0.058252,0.087681,0.165522,0.064907,0.059209,0.058048,0.072693,0.070335,0.300125,0.063227
0.099608,0.092034,0.089260,0.097374,0.140913,0.100052,0.097369,0.098331,0.091221,0.093838
0.088430,0.101886,0.109401,0.095387,0.082461,0.105503,0.151844,0.090819,0.082583,0.091687
0.067576,0.052095,0.216378,0.092550,0.107827,0.111698,0.069556,0.107967,0.073677,0.100677
0.084185,0.092412,0.082894,0.108434,0.141635,0.097750,0.088768,0.096470,0.095845,0.111607
0.046436,0.052701,0.034331,0.050475,0.061495,0.481773,0.041790,0.045041,0.137069,0.048890
0.024466,0.099791,0.135558,0.087980,0.072729,0.310816,0.091184,0.028469,0.067326,0.081682
0.034709,0.022394,0.186220,0.021488,0.257500,0.393449,0.027583,0.020855,0.017093,0.018709
0.070424,0.063059,0.119398,0.067046,0.060547,0.082669,0.072454,0.064705,0.336693,0.063006
0.066768,0.080782,0.067807,0.079103,0.082515,0.237621,0.133896,0.085381,0.090650,0.075476
0.057497,0.102808,0.111385,0.101128,0.091701,0.101169,0.150702,0.093197,0.096336,0.094076
0.106932,0.141551,0.069941,0.096089,0.126042,0.103192,0.090654,0.096962,0.078557,0.090079
0.085825,0.093723,0.093752,0.097115,0.122996,0.108798,0.105148,0.103015,0.099398,0.090230
0.012035,0.011101,0.110384,0.011781,0.009743,0.793885,0.012750,0.010581,0.012946,0.014795
0.163878,0.040993,0.205218,0.044170,0.143138,0.056030,0.045879,0.196487,0.058398,0.045810
0.098593,0.098052,0.165129,0.095717,0.085106,0.097284,0.091586,0.083594,0.088404,0.096536
0.050886,0.015898,0.448243,0.042600,0.242345,0.044704,0.041266,0.035774,0.037122,0.041162
0.046050,0.015419,0.477057,0.024069,0.203677,0.059926,0.044520,0.075056,0.026436,0.027790
0.063812,0.061601,0.062595,0.068734,0.067109,0.395038,0.069080,0.069691,0.073922,0.068417
0.079184,0.041809,0.177878,0.083578,0.183761,0.087799,0.044666,0.073495,0.155507,0.072322
0.081899,0.051063,0.067658,0.133918,0.128162,0.134956,0.053528,0.131248,0.130083,0.087487
0.029382,0.015910,0.325364,0.034643,0.333496,0.071079,0.031293,0.029265,0.038428,0.091141
0.075511,0.099052,0.077260,0.108084,0.127615,0.108054,0.096049,0.110575,0.104702,0.093098
0.058164,0.118418,0.432990,0.054831,0.046738,0.055881,0.048908,0.048449,0.057214,0.078407
0.099232,0.048479,0.081400,0.102306,0.096733,0.251072,0.054138,0.102237,0.079324,0.085079
0.079306,0.148182,0.073630,0.108963,0.096902,0.106570,0.095478,0.112887,0.081150,0.096932
0.026685,0.023439,0.192792,0.019436,0.629695,0.017902,0.025835,0.018588,0.022631,0.022998
0.005153,0.000614,0.242633,0.000572,0.162835,0.547812,0.000431,0.000269,0.036349,0.003332
0.089141,0.097675,0.097046,0.092978,0.148926,0.107366,0.087694,0.092340,0.091222,0.095612
0.039654,0.016011,0.120059,0.022247,0.430248,0.028353,0.046691,0.025365,0.242377,0.028996
0.071600,0.060832,0.052506,0.062424,0.090539,0.394518,0.065895,0.082218,0.058868,0.060601
0.002667,0.002472,0.534027,0.002410,0.002828,0.445346,0.003483,0.001530,0.003365,0.001872
0.078791,0.056920,0.168586,0.107290,0.105054,0.124298,0.052447,0.119120,0.073837,0.113656
0.038912,0.030146,0.239011,0.029617,0.028211,0.032549,0.038115,0.027451,0.509555,0.026432
0.102371,0.084018,0.069949,0.087160,0.122200,0.104530,0.132560,0.133148,0.074846,0.089217
0.000433,0.001823,0.674262,0.001739,0.155892,0.163236,0.001234,0.000225,0.000961,0.000197
0.043848,0.072980,0.163141,0.061985,0.053494,0.322746,0.077556,0.075582,0.059309,0.069359
0.089119,0.089042,0.082851,0.102179,0.133710,0.112792,0.099651,0.106131,0.090563,0.093961
0.076509,0.144828,0.081198,0.093770,0.128005,0.106835,0.089691,0.108776,0.077439,0.092948
0.058511,0.059140,0.039694,0.055737,0.057255,0.486272,0.070172,0.057227,0.051959,0.064033
0.043982,0.053073,0.145898,0.054844,0.077065,0.055228,0.057557,0.390510,0.057460,0.064384
0.085013,0.088102,0.185692,0.097260,0.086526,0.087024,0.101625,0.085098,0.095771,0.087888
0.086295,0.096454,0.089124,0.116965,0.106798,0.103596,0.104146,0.107966,0.092445,0.096210
0.061388,0.061368,0.180882,0.060715,0.052826,0.072061,0.088698,0.284907,0.053248,0.083907
0.062129,0.069727,0.175809,0.060911,0.116962,0.052479,0.068897,0.278209,0.051932,0.062945
0.102563,0.096976,0.081712,0.089160,0.135408,0.105626,0.098228,0.096295,0.102453,0.091580
0.003654,0.004043,0.167983,0.003444,0.799743,0.004524,0.004564,0.003436,0.004038,0.004572
0.012348,0.013323,0.214947,0.011956,0.010593,0.689019,0.012136,0.010373,0.013228,0.012076
0.103044,0.094740,0.080484,0.108332,0.144300,0.095576,0.098653,0.100688,0.083117,0.091065
0.063703,0.037900,0.234772,0.046495,0.354535,0.064885,0.057234,0.049918,0.043002,0.047556
0.064671,0.053838,0.466803,0.049437,0.045397,0.063361,0.056502,0.054341,0.063466,0.082185
0.098112,0.097278,0.211110,0.071286,0.076517,0.093821,0.088207,0.083352,0.099071,0.081246
0.085381,0.066757,0.065542,0.080885,0.079088,0.334076,0.069383,0.073085,0.072750,0.073053
0.070962,0.098357,0.076274,0.098419,0.112094,0.113723,0.127782,0.115382,0.078467,0.108539
0.082672,0.069478,0.216423,0.082640,0.070145,0.089207,0.088684,0.092072,0.100657,0.108021
0.014675,0.002344,0.166877,0.001930,0.085124,0.661392,0.002252,0.001795,0.061942,0.001668
0.099501,0.094609,0.083434,0.097634,0.104081,0.101963,0.101608,0.116665,0.099401,0.101104
0.066683,0.067858,0.042273,0.061921,0.130635,0.376511,0.053201,0.065800,0.068957,0.066162
0.091703,0.100461,0.091127,0.102104,0.098808,0.103011,0.099665,0.117085,0.091987,0.104048
0.083586,0.093996,0.090005,0.112772,0.100832,0.111456,0.090218,0.117557,0.097308,0.102271
0.003734,0.002915,0.154975,0.004670,0.707679,0.005125,0.003672,0.002935,0.109306,0.004990
0.058815,0.140013,0.053480,0.115197,0.103162,0.157149,0.109014,0.073221,0.105284,0.084664
0.061588,0.067387,0.057894,0.066510,0.063799,0.426670,0.064393,0.059890,0.068553,0.063316
0.075611,0.073104,0.125260,0.075667,0.116059,0.080616,0.078486,0.070378,0.221364,0.083455
0.077540,0.140398,0.150141,0.088307,0.092262,0.087682,0.101843,0.085647,0.085455,0.090725
0.081041,0.086463,0.105411,0.097545,0.091678,0.087185,0.185629,0.084976,0.092221,0.087851
0.100085,0.092700,0.204042,0.083185,0.081819,0.098724,0.090343,0.081549,0.083267,0.084286
0.017234,0.022742,0.212653,0.019518,0.595923,0.018419,0.022402,0.018091,0.025550,0.047468
0.088715,0.055559,0.130940,0.125210,0.126316,0.171877,0.057164,0.056074,0.055134,0.133011
0.027966,0.029512,0.197762,0.031209,0.510068,0.040074,0.032065,0.076518,0.028732,0.026094
0.084124,0.093455,0.086194,0.099485,0.142806,0.111075,0.095786,0.102633,0.088564,0.095876
0.066083,0.085203,0.135324,0.087242,0.191189,0.082307,0.129269,0.082801,0.067005,0.073578
0.001974,0.001373,0.135063,0.001953,0.848977,0.001478,0.002286,0.001940,0.003274,0.001683
0.091860,0.061370,0.400482,0.055134,0.041303,0.077472,0.060850,0.040952,0.095064,0.075513
0.089271,0.092965,0.088992,0.093127,0.143927,0.109430,0.090219,0.101190,0.091158,0.099722
0.071488,0.071289,0.062711,0.070569,0.067074,0.372131,0.069027,0.065219,0.072593,0.077898
0.087275,0.088607,0.086086,0.098676,0.102314,0.109730,0.101714,0.094155,0.137162,0.094282
0.080402,0.087969,0.073614,0.098128,0.089991,0.098072,0.086595,0.212543,0.086432,0.086255
0.054265,0.011304,0.111845,0.009504,0.005878,0.723348,0.008303,0.062025,0.006461,0.007066
0.072184,0.111933,0.059871,0.071286,0.074504,0.325394,0.074698,0.073862,0.062417,0.073851
0.095738,0.092307,0.128060,0.105357,0.095737,0.107613,0.086037,0.083489,0.094810,0.110851
0.070560,0.119089,0.074513,0.103480,0.097391,0.104321,0.092747,0.174979,0.069844,0.093077
0.030911,0.016476,0.357168,0.053219,0.356470,0.032760,0.015273,0.044947,0.038615,0.054161
0.071100,0.090582,0.167565,0.079072,0.079082,0.098818,0.175197,0.074119,0.071917,0.092547
0.037899,0.039386,0.330974,0.032733,0.029964,0.044272,0.034009,0.033306,0.387751,0.029707
0.108130,0.094614,0.079985,0.097821,0.103589,0.098809,0.096589,0.095323,0.124060,0.101081
0.070974,0.069631,0.425244,0.063286,0.056056,0.073616,0.056371,0.048272,0.080597,0.055953
0.001176,0.000698,0.298366,0.000789,0.161340,0.532710,0.000839,0.000446,0.000522,0.003113
0.073602,0.064332,0.173944,0.072457,0.177846,0.071307,0.138453,0.078130,0.075619,0.074308
0.018579,0.010975,0.279339,0.010041,0.599243,0.014039,0.013470,0.009787,0.024334,0.020194
0.020761,0.025285,0.234964,0.018429,0.600395,0.018234,0.022877,0.019201,0.021845,0.018010
0.097776,0.096404,0.191032,0.088573,0.087426,0.092868,0.092113,0.073621,0.091528,0.088659
0.061053,0.070039,0.060286,0.082796,0.071655,0.090652,0.077127,0.336178,0.075387,0.074826
0.003312,0.004741,0.199455,0.002985,0.002392,0.692357,0.003681,0.002795,0.081990,0.006292
0.110619,0.095982,0.090708,0.097469,0.101288,0.108639,0.122844,0.093904,0.087995,0.090552
0.036142,0.097140,0.047417,0.079440,0.061269,0.381972,0.097085,0.071262,0.074181,0.054091
0.064822,0.039849,0.234853,0.064352,0.055465,0.049628,0.029209,0.051864,0.343270,0.066689
0.076812,0.071686,0.324154,0.071432,0.074195,0.077102,0.077608,0.085965,0.067208,0.073836
0.077678,0.098545,0.079972,0.110452,0.105633,0.106820,0.135693,0.109723,0.077137,0.098347
0.040213,0.023417,0.134549,0.033432,0.612927,0.025879,0.036595,0.032066,0.030411,0.030510
0.048551,0.112623,0.233314,0.052922,0.052752,0.055656,0.054183,0.056097,0.286555,0.047346
0.081244,0.083430,0.069705,0.086558,0.079517,0.266541,0.086531,0.091078,0.079382,0.076014
0.068896,0.087414,0.066498,0.086348,0.091572,0.095819,0.153494,0.184500,0.078476,0.086983
0.104887,0.113729,0.086827,0.103714,0.124008,0.093898,0.098471,0.106186,0.077024,0.091257
0.082224,0.081514,0.271024,0.077374,0.065638,0.098913,0.087995,0.082222,0.065861,0.087235
0.100047,0.089554,0.094593,0.095781,0.143079,0.104504,0.098261,0.097567,0.087288,0.089325
0.064116,0.073015,0.295807,0.065334,0.064331,0.061742,0.133463,0.100038,0.055502,0.086653
0.106835,0.061013,0.231054,0.097775,0.101175,0.101774,0.046303,0.093167,0.092243,0.068660
0.138554,0.073451,0.164502,0.078344,0.142221,0.077730,0.079464,0.065739,0.088016,0.091980
0.029870,0.085690,0.052370,0.089854,0.078643,0.231523,0.061489,0.083997,0.221352,0.065211
0.077725,0.134568,0.081708,0.093255,0.132966,0.106163,0.097622,0.088763,0.086565,0.100665
0.001213,0.001499,0.031900,0.001512,0.000858,0.410869,0.001935,0.012827,0.536316,0.001073
0.095948,0.152231,0.063763,0.090261,0.085463,0.083002,0.089191,0.174535,0.078868,0.086737
0.077423,0.034586,0.109462,0.045602,0.045533,0.048203,0.039245,0.042110,0.515233,0.042603
0.076137,0.066606,0.173324,0.077251,0.204218,0.080639,0.080524,0.085483,0.078277,0.077542
0.084613,0.094921,0.081418,0.104441,0.150669,0.092817,0.097156,0.111921,0.087974,0.094070
0.006005,0.005047,0.112866,0.003752,0.751299,0.006048,0.006610,0.003856,0.100381,0.004136
0.051374,0.046957,0.124583,0.038621,0.041525,0.050083,0.049604,0.045652,0.494567,0.057034
0.005131,0.005415,0.179065,0.003040,0.002957,0.781557,0.005698,0.004218,0.009625,0.003294
0.052529,0.049218,0.037982,0.049376,0.047670,0.539331,0.055796,0.048481,0.060893,0.058723
0.080018,0.080853,0.101165,0.084111,0.082359,0.268380,0.095701,0.061420,0.055958,0.090034
0.113271,0.069045,0.287977,0.077876,0.073550,0.086456,0.086885,0.066996,0.066015,0.071929
0.014377,0.008568,0.080003,0.023445,0.257708,0.449564,0.006087,0.021644,0.090913,0.047694
0.044513,0.048032,0.031151,0.044680,0.039248,0.544517,0.040742,0.103698,0.041837,0.061583
0.054105,0.063650,0.359326,0.048107,0.054912,0.046455,0.061420,0.185570,0.050582,0.075872
0.015608,0.002522,0.237601,0.002442,0.107815,0.626316,0.002265,0.001728,0.001715,0.001988
0.080422,0.082046,0.164518,0.088168,0.084718,0.084146,0.151428,0.092754,0.078958,0.092842
0.081581,0.087446,0.176079,0.091924,0.093159,0.098523,0.093835,0.080810,0.097978,0.098664
0.090135,0.088938,0.166291,0.094171,0.077588,0.100032,0.092657,0.088235,0.083482,0.118471
0.098297,0.093766,0.097535,0.095562,0.103868,0.118568,0.092136,0.100327,0.101303,0.098638
0.007856,0.008916,0.187128,0.008268,0.007072,0.746656,0.009046,0.007647,0.009517,0.007896
0.078249,0.066166,0.150878,0.071049,0.066927,0.077713,0.076304,0.284373,0.060020,0.068321
0.081455,0.098331,0.078356,0.102880,0.106665,0.094837,0.097013,0.119967,0.094764,0.125731
0.061282,0.041779,0.397031,0.051147,0.049113,0.067833,0.055065,0.179431,0.051191,0.046126
0.022348,0.035973,0.311531,0.028706,0.030439,0.030522,0.020283,0.073847,0.420152,0.026199
0.095122,0.101327,0.087549,0.108404,0.106246,0.098178,0.092406,0.100868,0.098206,0.111694
0.007021,0.002341,0.168214,0.001986,0.018583,0.565924,0.001208,0.019174,0.205417,0.010132
0.090733,0.096294,0.092778,0.101819,0.128299,0.104547,0.090523,0.092214,0.094648,0.108145
0.016736,0.011153,0.369701,0.006607,0.004461,0.540026,0.003794,0.035638,0.006543,0.005340
0.080445,0.075141,0.146333,0.094617,0.162241,0.096518,0.085212,0.088771,0.082478,0.088244
0.000678,0.000931,0.409286,0.000777,0.193155,0.359375,0.000878,0.000322,0.032844,0.001753
0.068188,0.059056,0.079326,0.119485,0.122981,0.149978,0.059284,0.139434,0.078725,0.123543
0.040558,0.025220,0.350504,0.073777,0.224389,0.059202,0.024677,0.072671,0.042995,0.086009
0.067469,0.072551,0.341969,0.060731,0.068041,0.060681,0.112681,0.066767,0.085723,0.063386
0.084253,0.073502,0.196177,0.092531,0.082290,0.099959,0.081392,0.091089,0.095919,0.102889
0.059195,0.077289,0.213748,0.075125,0.077657,0.069419,0.199640,0.072391,0.080026,0.075510
0.080581,0.121876,0.079257,0.098791,0.106473,0.107559,0.102935,0.098379,0.101372,0.102776
0.069041,0.044423,0.081798,0.120981,0.179785,0.128569,0.044836,0.122587,0.092051,0.115929
0.055018,0.088304,0.086302,0.078718,0.075216,0.314066,0.090404,0.081358,0.055448,0.075164
0.067133,0.052104,0.088803,0.112103,0.105188,0.089807,0.050660,0.116765,0.205480,0.111957
0.082319,0.091656,0.085089,0.096075,0.101288,0.108743,0.095832,0.108920,0.119547,0.110531
0.063785,0.026174,0.044003,0.080791,0.089939,0.423251,0.026781,0.067876,0.093927,0.083474
0.005033,0.006212,0.095439,0.006669,0.014177,0.005954,0.009388,0.032975,0.816879,0.007273
0.064277,0.077577,0.057592,0.077526,0.100866,0.332171,0.071222,0.070100,0.067172,0.081497
0.005878,0.004669,0.277674,0.004123,0.687811,0.003071,0.002268,0.003273,0.007346,0.003887
0.047013,0.045216,0.338529,0.047225,0.337268,0.034393,0.025930,0.037984,0.039847,0.046594
0.107561,0.144489,0.066395,0.092810,0.092692,0.104511,0.096742,0.103488,0.091852,0.099461
0.096166,0.142714,0.068524,0.108750,0.094403,0.107556,0.095060,0.115712,0.080804,0.090311
0.087975,0.099230,0.156035,0.082713,0.077534,0.091812,0.099806,0.092588,0.121681,0.090626
0.126673,0.059999,0.383053,0.061959,0.051426,0.051659,0.065650,0.063030,0.082548,0.054003
0.040665,0.099988,0.508043,0.043184,0.029498,0.038221,0.053283,0.042944,0.076155,0.068020
0.041431,0.023364,0.235050,0.034611,0.110566,0.039404,0.042609,0.069031,0.363821,0.040113
0.066215,0.172205,0.152301,0.083115,0.073325,0.097426,0.085031,0.102168,0.086744,0.081469
0.087200,0.084816,0.132692,0.091598,0.093424,0.103262,0.084689,0.143081,0.093394,0.085843
0.017743,0.021949,0.057496,0.021033,0.330177,0.392392,0.010216,0.025438,0.106921,0.016634
0.079584,0.102571,0.075191,0.101670,0.129574,0.104807,0.098520,0.109686,0.108163,0.090234
0.073194,0.072772,0.064330,0.086723,0.075423,0.088259,0.073460,0.317848,0.071923,0.076068
0.080912,0.083117,0.196869,0.082836,0.106157,0.089077,0.112106,0.075975,0.075618,0.097333
0.068904,0.084627,0.242052,0.076477,0.072914,0.080316,0.141198,0.067763,0.075056,0.090694
0.034464,0.006649,0.351276,0.008237,0.562336,0.008667,0.008461,0.005508,0.005202,0.009199
0.001844,0.001387,0.027350,0.001940,0.001522,0.001991,0.002720,0.021061,0.931545,0.008639
0.010850,0.011449,0.232931,0.006092,0.006531,0.641441,0.008083,0.061360,0.010044,0.011220
0.070064,0.116960,0.373797,0.055986,0.056442,0.075904,0.065308,0.048441,0.062173,0.074924
0.110125,0.091533,0.088269,0.112788,0.109498,0.115566,0.103505,0.086211,0.088249,0.094255
0.052106,0.041559,0.028832,0.041537,0.043838,0.597157,0.043738,0.057977,0.042625,0.050631
0.099151,0.085889,0.063112,0.098496,0.090231,0.211244,0.105548,0.050041,0.089954,0.106333
0.043188,0.087781,0.088449,0.096552,0.101078,0.226006,0.101373,0.103711,0.067832,0.084030
0.063067,0.044540,0.264918,0.046027,0.338260,0.060331,0.040108,0.042409,0.049919,0.050420
0.056314,0.086933,0.202993,0.061049,0.068661,0.060251,0.065001,0.063144,0.262766,0.072888
0.062421,0.068666,0.070966,0.076836,0.075219,0.286378,0.065407,0.070278,0.153710,0.070120
0.109887,0.055689,0.063899,0.120649,0.145091,0.118736,0.060349,0.119677,0.092396,0.113626
0.098119,0.127837,0.094737,0.111150,0.097371,0.097419,0.092642,0.108726,0.084924,0.087074
0.004041,0.004460,0.061350,0.005290,0.003138,0.830976,0.004820,0.061358,0.005907,0.018661
0.102944,0.133717,0.075333,0.089836,0.123786,0.105265,0.097017,0.104780,0.070326,0.096995
0.084655,0.086347,0.081400,0.083003,0.146646,0.098820,0.087878,0.171127,0.074257,0.085866
0.092233,0.169336,0.144150,0.092147,0.088175,0.076345,0.090391,0.079174,0.086566,0.081484
0.077937,0.089448,0.083183,0.092715,0.144020,0.094903,0.097413,0.116424,0.092657,0.111299
0.057633,0.053614,0.521868,0.044943,0.035271,0.048127,0.058646,0.046348,0.073779,0.059772
0.098201,0.089248,0.171637,0.092451,0.088351,0.095476,0.098147,0.081789,0.085752,0.098947
0.084430,0.096863,0.099030,0.097562,0.099554,0.103603,0.137029,0.078022,0.092584,0.111323
0.044762,0.122514,0.073414,0.132279,0.126771,0.197792,0.093728,0.064242,0.081024,0.063474
0.110389,0.082321,0.197935,0.084548,0.092549,0.089653,0.090596,0.083064,0.084647,0.084299
0.007460,0.002987,0.031787,0.007824,0.462050,0.338875,0.008676,0.004011,0.122774,0.013555
0.074634,0.061333,0.234246,0.105675,0.094925,0.088067,0.063961,0.118267,0.055708,0.103184
0.072383,0.089701,0.053236,0.065912,0.069415,0.358665,0.075202,0.076612,0.064850,0.074022
0.056472,0.071359,0.052228,0.065853,0.088080,0.404217,0.063173,0.061262,0.063442,0.073915
0.070183,0.066518,0.214501,0.094298,0.100280,0.114137,0.050546,0.101554,0.083477,0.104507
0.015227,0.015268,0.044379,0.015176,0.723252,0.012553,0.013905,0.012809,0.129047,0.018384
0.085392,0.110327,0.158015,0.091246,0.084213,0.101981,0.105634,0.088048,0.081132,0.094011
