0.072039,0.779435,0.148526
0.009118,0.653727,0.337155
0.984567,0.015433,0.000000
0.973562,0.026417,0.000021
0.992107,0.007893,0.000000
0.169672,0.740580,0.089748
0.001636,0.006460,0.991904
0.431825,0.568174,0.000001
0.417977,0.580494,0.001529
0.490367,0.494418,0.015215
0.996912,0.003088,0.000001
0.801395,0.173702,0.024903
0.886324,0.113569,0.000108
0.022133,0.252934,0.724933
0.997867,0.002133,0.000000
0.226337,0.763401,0.010262
0.060362,0.559023,0.380615
0.993360,0.006640,0.000000
0.994553,0.005447,0.000000
0.997778,0.002222,0.000000
0.001926,0.993597,0.004477
0.996936,0.003064,0.000000
0.008794,0.316307,0.674899
0.973071,0.026929,0.000000
0.000011,0.000016,0.999973
0.627183,0.196154,0.176663
0.993805,0.006195,0.000000
0.997450,0.002550,0.000000
0.642784,0.267843,0.089372
0.044909,0.045937,0.909153
0.667921,0.332077,0.000001
0.913564,0.086412,0.000024
0.264989,0.735006,0.000006
0.995866,0.004134,0.000000
0.618417,0.381551,0.000032
0.000006,0.000009,0.999985
0.896853,0.103085,0.000062
0.501751,0.345896,0.152354
0.469810,0.520933,0.009257
0.019462,0.079571,0.900967
0.989171,0.010829,0.000000
0.648058,0.351933,0.000008
0.000081,0.000076,0.999843
0.302834,0.697135,0.000030
0.992981,0.007019,0.000000
0.996899,0.003101,0.000000
0.307714,0.568102,0.124183
0.998400,0.001600,0.000000
0.008698,0.061905,0.929396
0.003694,0.983386,0.012920
0.989745,0.010255,0.000000
0.901863,0.098136,0.000001
0.001615,0.997291,0.001094
0.022306,0.093729,0.883965
0.004340,0.270811,0.724849
0.044087,0.519559,0.436354
0.432378,0.567559,0.000062
0.038879,0.203693,0.757429
0.992411,0.007589,0.000000
0.911113,0.088691,0.000196
0.486743,0.503313,0.009945
0.155026,0.296752,0.548222
0.746630,0.151585,0.101785
0.996834,0.003166,0.000000
0.050311,0.427173,0.522517
0.496983,0.503016,0.000001
0.500685,0.497631,0.001684
0.002134,0.984458,0.013408
0.038744,0.240307,0.720949
0.421978,0.577081,0.000941
0.022468,0.728775,0.248757
0.011353,0.074634,0.914014
0.958668,0.041319,0.000014
0.444551,0.530610,0.024838
0.989760,0.010239,0.000001
0.990934,0.009066,0.000000
0.255480,0.744520,0.000001
0.982788,0.017212,0.000000
0.001509,0.992158,0.006333
0.013849,0.118236,0.867915
0.948386,0.051540,0.000074
0.814498,0.175794,0.009708
0.996078,0.003922,0.000000
0.290342,0.709369,0.000288
0.219809,0.779835,0.000357
0.001931,0.995510,0.002559
0.996725,0.003275,0.000000
0.223588,0.762328,0.014084
0.599115,0.400179,0.000706
0.008880,0.073869,0.917252
0.533406,0.466585,0.000009
0.253727,0.733344,0.012929
0.024092,0.465273,0.510635
0.001105,0.998758,0.000136
0.166399,0.807835,0.025767
0.987736,0.012264,0.000000
0.838519,0.155575,0.005905
0.525724,0.473425,0.000851
0.321815,0.678145,0.000040
0.997695,0.002305,0.000000
0.000743,0.989124,0.010134
0.400083,0.599914,0.000003
0.964632,0.035368,0.000000
0.346464,0.620000,0.033536
0.028448,0.399393,0.572159
0.996436,0.003564,0.000000
0.006928,0.276432,0.716639
0.004027,0.937606,0.058366
0.972238,0.027471,0.000291
0.011449,0.563498,0.425053
0.042418,0.101737,0.855845
0.453973,0.545736,0.000291
0.991466,0.008528,0.000007
0.012405,0.264359,0.723236
0.010258,0.032911,0.956831
0.975049,0.024951,0.000000
0.921065,0.031084,0.047852
0.996010,0.003984,0.000007
0.986012,0.013937,0.000052
0.218154,0.681498,0.100348
0.997075,0.002925,0.000000
0.987719,0.012281,0.000000
0.957056,0.042944,0.000000
0.983518,0.016482,0.000000
0.284264,0.715411,0.000325
0.535027,0.463477,0.001495
0.031379,0.397536,0.571084
0.079541,0.660141,0.260318
0.433458,0.566540,0.000002
0.027377,0.044401,0.928222
0.036678,0.468451,0.494871
0.009225,0.259445,0.731330
0.245509,0.754483,0.000008
0.006448,0.017960,0.975591
0.694202,0.305300,0.000497
0.000298,0.000389,0.999313
0.000263,0.001156,0.998581
0.003462,0.973850,0.022688
0.000498,0.995980,0.003522
0.984885,0.015116,0.000000
0.003324,0.000928,0.995748
0.000911,0.923230,0.075859
0.301449,0.042685,0.655866
0.513649,0.486201,0.000151
0.134583,0.824758,0.040659
0.919868,0.080130,0.000002
0.987702,0.012272,0.000026
0.004075,0.035037,0.960888
0.055591,0.840407,0.104003
0.996059,0.003941,0.000000
0.988773,0.011227,0.000000
0.975312,0.024688,0.000000
0.988321,0.011679,0.000000
0.168795,0.826853,0.004352
0.003267,0.987630,0.009104
0.000838,0.024296,0.974866
0.876379,0.116627,0.006994
0.004202,0.008742,0.987056
0.995082,0.004918,0.000000
0.007876,0.017494,0.974631
0.994588,0.005412,0.000000
0.211802,0.786931,0.001267
0.997507,0.002493,0.000000
0.990792,0.009208,0.000000
0.341210,0.658749,0.000041
0.012792,0.456626,0.530582
0.004676,0.938893,0.056431
0.002722,0.995892,0.001386
0.990140,0.009860,0.000000
0.993695,0.006305,0.000000
0.451690,0.543971,0.004339
0.119230,0.865635,0.015135
0.000128,0.000459,0.999413
0.986817,0.013180,0.000003
0.044666,0.148420,0.806914
0.178040,0.798711,0.023250
0.001555,0.969790,0.028655
0.357183,0.641713,0.001104
0.993386,0.006602,0.000012
0.017096,0.720379,0.262524
0.992629,0.007371,0.000000
0.017662,0.776703,0.205635
0.538036,0.461963,0.000001
0.730859,0.239731,0.029410
0.995503,0.004497,0.000000
0.984526,0.015471,0.000003
0.001027,0.002308,0.996665
0.275814,0.697221,0.026965
0.992423,0.007577,0.000000
0.345176,0.654824,0.000001
0.148979,0.850854,0.000167
0.370708,0.628459,0.000833
0.004731,0.993698,0.001571
0.995968,0.004032,0.000000
0.002209,0.007449,0.990342
0.986699,0.011540,0.001761
0.276442,0.722633,0.000924
0.565436,0.060255,0.374309
0.000018,0.000048,0.999933
0.146263,0.853183,0.000555
0.015115,0.036402,0.948484
0.994670,0.005330,0.000000
0.990844,0.009156,0.000000
0.988565,0.011435,0.000000
0.092843,0.746602,0.160556
0.000013,0.000032,0.999955
0.972582,0.027365,0.000053
0.005467,0.984383,0.010150
0.003838,0.023744,0.972418
0.172627,0.328582,0.498791
0.093781,0.703612,0.202607
0.433310,0.563813,0.002877
0.346693,0.653288,0.000019
0.987905,0.011981,0.000114
0.975385,0.024411,0.000204
0.976742,0.023258,0.000000
0.993959,0.006041,0.000000
0.005631,0.109929,0.884440
0.181285,0.808924,0.009790
0.997962,0.002038,0.000000
0.965952,0.034048,0.000000
0.535166,0.459042,0.005792
0.015435,0.480038,0.504527
0.000434,0.939635,0.059930
0.720993,0.278024,0.000983
0.985023,0.014976,0.000000
0.038113,0.331648,0.630239
0.849775,0.147402,0.002823
0.994253,0.005747,0.000000
0.407097,0.592822,0.000081
0.452333,0.547634,0.000033
0.199571,0.783837,0.016591
0.010836,0.179166,0.809997
0.978252,0.021748,0.000000
0.981830,0.018158,0.000012
0.854123,0.145417,0.000461
0.277423,0.722566,0.000011
0.394314,0.605664,0.000022
0.102098,0.508688,0.389214
0.995612,0.004388,0.000000
0.644417,0.353588,0.001995
0.996143,0.003857,0.000000
0.965160,0.034839,0.000001
0.319779,0.675950,0.004271
0.038351,0.312167,0.649482
0.518485,0.479931,0.001583
0.996660,0.003340,0.000000
0.393235,0.601718,0.005046
0.003149,0.992510,0.004341
0.989294,0.010706,0.000000
0.121972,0.347248,0.530780
0.962831,0.036993,0.000175
0.037822,0.429893,0.532285
0.976856,0.023144,0.000000
0.410374,0.589150,0.000476
0.200326,0.790689,0.008986
0.390094,0.609820,0.000086
0.244737,0.754978,0.000284
0.006746,0.031325,0.961929
0.074579,0.424520,0.500901
0.991090,0.008910,0.000000
0.023742,0.696695,0.279563
0.033697,0.546646,0.419657
0.996680,0.003320,0.000000
0.003368,0.969643,0.026990
0.001780,0.990174,0.008046
0.015048,0.438220,0.546732
0.269329,0.730631,0.000039
0.544788,0.439246,0.015967
0.001448,0.994613,0.003939
0.489456,0.510536,0.000007
0.007750,0.042782,0.949468
0.161986,0.285723,0.552290
0.987635,0.012365,0.000000
0.015762,0.413437,0.570801
0.786103,0.160609,0.053288
0.008010,0.019630,0.972360
0.001921,0.994221,0.003858
0.743853,0.091281,0.164867
0.322692,0.671370,0.005939
0.086277,0.377349,0.536374
0.777504,0.210328,0.012168
0.985044,0.014956,0.000000
0.365283,0.634518,0.000199
0.759646,0.238186,0.002168
0.738199,0.233532,0.028269
0.996054,0.003946,0.000000
0.996848,0.003152,0.000000
0.255620,0.644822,0.099559
0.732774,0.240234,0.026992
0.989053,0.010947,0.000000
0.000185,0.000459,0.999355
0.012003,0.602950,0.385047
0.994346,0.005654,0.000000
0.798788,0.174040,0.027171
0.987700,0.012240,0.000059
0.977811,0.022189,0.000000
0.989879,0.010121,0.000001
0.331748,0.668250,0.000002
0.985005,0.014995,0.000000
0.092284,0.328530,0.579186
0.997749,0.002251,0.000000
0.084020,0.598041,0.317940
0.997468,0.002532,0.000000
0.994872,0.005128,0.000000
0.006294,0.024024,0.969682
0.184512,0.799325,0.016163
0.998059,0.001941,0.000000
0.903475,0.096521,0.000004
0.470322,0.529669,0.000009
0.678235,0.321654,0.000111
0.973594,0.026406,0.000000
0.003614,0.023234,0.973152
0.002910,0.738360,0.258729
0.007297,0.023057,0.969645
0.992371,0.007629,0.000000
0.288092,0.698083,0.013825
0.000032,0.000077,0.999892
0.934432,0.065565,0.000003
0.994254,0.005746,0.000000
0.996596,0.003404,0.000000
0.996036,0.003964,0.000000
0.989221,0.010779,0.000000
0.001267,0.005729,0.993004
0.802313,0.197516,0.000171
0.986052,0.013948,0.000000
0.246368,0.753236,0.000395
0.008355,0.836957,0.154688
0.646740,0.353167,0.000093
0.937848,0.028866,0.033287
0.991391,0.008609,0.000000
0.991407,0.008591,0.000002
0.065362,0.204974,0.729664
0.504431,0.490153,0.005417
0.013648,0.030234,0.956117
0.003372,0.017702,0.978925
0.994854,0.005146,0.000000
0.965297,0.034702,0.000001
0.010987,0.045748,0.943265
0.590575,0.409423,0.000002
0.980105,0.019892,0.000003
0.002738,0.979828,0.017434
0.992329,0.007671,0.000000
0.239160,0.760815,0.000025
0.002902,0.131498,0.865600
0.811641,0.156115,0.032244
0.900724,0.099256,0.000020
0.312791,0.685711,0.001498
0.364544,0.635343,0.000114
0.983805,0.016195,0.000000
0.985985,0.014015,0.000000
0.330675,0.622978,0.046347
0.003326,0.994262,0.002411
0.886083,0.113887,0.000030
0.557817,0.433858,0.008326
0.440127,0.559844,0.000028
0.000079,0.000140,0.999781
0.240796,0.756374,0.002830
0.902316,0.087955,0.009730
0.872689,0.126210,0.001101
0.986584,0.013416,0.000000
0.000041,0.000138,0.999822
0.528130,0.419706,0.052164
0.011048,0.033493,0.955459
0.995936,0.004057,0.000007
0.974670,0.025327,0.000004
0.223668,0.772893,0.003440
0.007966,0.693004,0.299030
0.990082,0.009589,0.000329
0.138764,0.787004,0.074232
0.074062,0.503531,0.422407
0.627420,0.372565,0.000015
0.990847,0.009153,0.000000
0.964965,0.035035,0.000000
0.997284,0.002716,0.000000
0.006025,0.024258,0.969717
0.915927,0.084040,0.000033
0.211111,0.788885,0.000004
0.898137,0.087757,0.014106
0.001670,0.038990,0.959340
0.996488,0.003512,0.000000
0.034072,0.469524,0.496403
0.567486,0.432504,0.000010
0.010916,0.063597,0.925486
0.389895,0.608415,0.001690
0.019014,0.134504,0.846482
0.003342,0.958641,0.038017
0.005774,0.766490,0.227736
0.257412,0.725171,0.017417
0.984396,0.015604,0.000000
0.794402,0.204516,0.001083
0.492575,0.507424,0.000001
0.000860,0.996667,0.002474
0.987994,0.011998,0.000008
0.001919,0.995308,0.002773
0.990146,0.009854,0.000000
0.000510,0.981075,0.018416
0.006608,0.178226,0.815166
0.476529,0.511393,0.012078
0.004144,0.068306,0.927550
0.016307,0.495468,0.488225
0.177537,0.822431,0.000032
0.567321,0.432679,0.000000
0.993292,0.006708,0.000000
0.785297,0.213234,0.001469
0.237918,0.613677,0.148405
0.019043,0.661128,0.319829
0.401641,0.592281,0.006078
0.970087,0.029913,0.000000
0.005365,0.392476,0.602159
0.371366,0.628586,0.000048
0.994392,0.005608,0.000000
0.435872,0.561021,0.003107
0.503918,0.494444,0.001638
0.012081,0.278248,0.709671
0.000084,0.000444,0.999472
0.005790,0.015341,0.978869
0.674728,0.319482,0.005789
0.993323,0.006677,0.000000
0.981743,0.015353,0.002904
0.950395,0.049538,0.000068
0.751852,0.247582,0.000567
0.777234,0.204574,0.018192
0.399953,0.578783,0.021264
0.989756,0.010242,0.000002
0.002704,0.995789,0.001507
0.541543,0.458456,0.000001
0.000351,0.000261,0.999388
0.436080,0.563894,0.000027
0.958226,0.041772,0.000002
0.443127,0.554187,0.002687
0.991057,0.008943,0.000000
0.159155,0.724481,0.116364
0.986114,0.013886,0.000000
0.938793,0.061202,0.000005
0.580400,0.415997,0.003603
0.969454,0.030545,0.000000
0.023623,0.365632,0.610745
0.002611,0.977779,0.019610
0.435127,0.563550,0.001323
0.344753,0.502424,0.152823
0.007488,0.991893,0.000619
0.004428,0.021727,0.973845
0.998302,0.001698,0.000000
0.002126,0.995058,0.002816
0.270890,0.697971,0.031139
0.024581,0.709010,0.266409
0.001232,0.996002,0.002766
0.093941,0.756275,0.149785
0.932465,0.049598,0.017937
0.012379,0.310731,0.676890
0.991417,0.008583,0.000000
0.408804,0.589755,0.001440
0.000016,0.000029,0.999956
0.059510,0.551557,0.388933
0.984853,0.014764,0.000383
0.006962,0.013545,0.979493
0.407646,0.591805,0.000549
0.000030,0.000011,0.999959
0.001132,0.998459,0.000409
0.731289,0.240718,0.027993
0.054466,0.576330,0.369204
0.967759,0.028417,0.003824
0.018327,0.500836,0.480836
0.010760,0.074061,0.915179
0.956070,0.043930,0.000000
0.022709,0.071263,0.906027
0.000755,0.001487,0.997759
0.563991,0.424591,0.011418
0.991261,0.008738,0.000000
0.994665,0.005335,0.000000
0.953691,0.019886,0.026423
0.005998,0.028204,0.965798
0.727599,0.270505,0.001896
0.001842,0.886901,0.111257
0.996258,0.003742,0.000000
0.114422,0.885021,0.000557
0.996341,0.003659,0.000000
0.010557,0.025200,0.964243
0.297444,0.702554,0.000002
0.994535,0.005465,0.000000
0.467632,0.532255,0.000113
0.500138,0.499853,0.000009
0.000557,0.998407,0.001035
0.993275,0.006725,0.000000
0.856486,0.141106,0.002407
0.588274,0.408551,0.003174
0.988497,0.011503,0.000000
0.435911,0.564089,0.000000
0.993348,0.006652,0.000000
0.478279,0.517977,0.003745
0.561902,0.437740,0.000357
0.943132,0.056867,0.000000
0.000963,0.995776,0.003261
0.963857,0.036083,0.000060
0.924240,0.075410,0.000350
0.001650,0.008811,0.989539
0.459291,0.218126,0.322583
0.751328,0.225159,0.023513
0.389711,0.570521,0.039769
0.000727,0.971539,0.027733
0.995799,0.004199,0.000002
0.001712,0.000493,0.997794
0.384790,0.615147,0.000063
0.996918,0.003082,0.000000
0.768501,0.231465,0.000033
0.957727,0.040075,0.002198
0.037750,0.859861,0.102389
0.000035,0.000068,0.999897
0.007552,0.018023,0.974425
0.236799,0.763157,0.000044
0.366523,0.633475,0.000001
0.949877,0.050123,0.000000
0.997546,0.002454,0.000000
0.989618,0.010382,0.000000
0.358102,0.641894,0.000003
0.000861,0.995364,0.003775
0.000041,0.000062,0.999897
0.991455,0.008545,0.000000
0.442437,0.556077,0.001487
0.248136,0.730123,0.021742
0.007272,0.010643,0.982086
0.091067,0.450701,0.458232
0.016619,0.021262,0.962119
0.535423,0.464136,0.000441
0.001241,0.994038,0.004721
0.030476,0.272509,0.697016
0.002292,0.983080,0.014628
0.011445,0.503496,0.485059
0.986284,0.013716,0.000000
0.964746,0.035135,0.000120
0.944682,0.053453,0.001865
0.983492,0.016508,0.000000
0.006271,0.116135,0.877594
0.181093,0.784198,0.034709
0.866807,0.080690,0.052503
0.148187,0.837090,0.014723
0.046828,0.577401,0.375771
0.292166,0.707824,0.000010
0.674890,0.325102,0.000007
0.991212,0.008787,0.000000
0.697868,0.302123,0.000009
0.000005,0.000007,0.999988
0.019808,0.091328,0.888864
0.950593,0.049406,0.000002
0.676461,0.309096,0.014443
0.991470,0.008530,0.000000
0.004252,0.588990,0.406758
0.911218,0.088771,0.000011
0.154192,0.582863,0.262944
0.225994,0.622460,0.151547
0.985418,0.013615,0.000967
0.000854,0.996169,0.002977
0.006599,0.968433,0.024968
0.845400,0.154001,0.000599
0.966484,0.033516,0.000000
0.169167,0.769676,0.061157
0.990922,0.009078,0.000000
0.611055,0.388944,0.000001
0.000645,0.001320,0.998035
0.001273,0.023372,0.975355
0.000977,0.922081,0.076943
0.000065,0.000119,0.999816
0.272102,0.727884,0.000013
0.016667,0.094231,0.889102
0.650929,0.138568,0.210503
0.926711,0.070097,0.003192
0.265159,0.712499,0.022342
0.987373,0.012627,0.000000
0.996098,0.003902,0.000000
0.875059,0.124923,0.000018
0.986558,0.013442,0.000000
0.000726,0.025541,0.973734
0.975952,0.024048,0.000000
0.247370,0.720152,0.032478
0.000251,0.000622,0.999127
0.775367,0.191916,0.032717
0.001358,0.910884,0.087758
0.991628,0.008372,0.000000
0.157842,0.841681,0.000477
0.287787,0.712209,0.000004
0.712697,0.277118,0.010186
0.093839,0.239073,0.667088
0.883813,0.094611,0.021576
0.384757,0.615014,0.000229
0.426846,0.572293,0.000862
0.688280,0.310948,0.000772
0.996692,0.003308,0.000000
0.003856,0.943794,0.052351
0.947164,0.052827,0.000008
0.405773,0.589113,0.005115
0.014282,0.103583,0.882135
0.432748,0.567249,0.000003
0.978556,0.017598,0.003845
0.022403,0.027503,0.950093
0.997269,0.002731,0.000000
0.007206,0.461996,0.530798
0.004304,0.979383,0.016313
0.276478,0.723515,0.000007
0.000635,0.989580,0.009785
0.811456,0.180931,0.007613
0.959932,0.040065,0.000003
0.399334,0.600654,0.000013
0.017142,0.553278,0.429580
0.787624,0.206189,0.006187
0.131712,0.866544,0.001743
0.998288,0.001712,0.000000
0.384208,0.615016,0.000776
0.978519,0.021481,0.000000
0.897909,0.101885,0.000206
0.000757,0.000153,0.999090
0.085813,0.417059,0.497128
0.054804,0.525371,0.419825
0.005589,0.127209,0.867202
0.994742,0.005258,0.000000
0.006026,0.031774,0.962200
0.003713,0.938221,0.058066
0.352614,0.647383,0.000003
0.961004,0.036019,0.002977
0.988590,0.011409,0.000000
0.991385,0.008544,0.000071
0.005175,0.017795,0.977030
0.929517,0.070184,0.000299
0.004968,0.008889,0.986142
0.977875,0.022125,0.000000
0.532756,0.467218,0.000026
0.001141,0.004675,0.994183
0.414091,0.585909,0.000000
0.977529,0.022471,0.000000
0.000768,0.998328,0.000904
0.000130,0.000337,0.999533
0.970836,0.029164,0.000000
0.574792,0.424910,0.000297
0.965845,0.034142,0.000014
0.000016,0.000021,0.999963
0.340805,0.659095,0.000100
0.995288,0.004703,0.000009
0.702819,0.276315,0.020866
0.867904,0.082250,0.049846
0.079661,0.729248,0.191092
0.002417,0.050597,0.946986
0.977970,0.022030,0.000000
0.331872,0.668061,0.000068
0.137248,0.397456,0.465297
0.905679,0.076029,0.018293
0.020519,0.089002,0.890478
0.974860,0.023713,0.001427
0.203680,0.695883,0.100436
0.000469,0.999075,0.000455
0.996427,0.003573,0.000000
0.307269,0.414352,0.278379
0.008299,0.241511,0.750190
0.377817,0.597106,0.025078
0.977377,0.022623,0.000000
0.444924,0.545375,0.009701
0.000983,0.977793,0.021224
0.997858,0.002142,0.000000
0.064428,0.703355,0.232217
0.969018,0.030982,0.000000
0.025488,0.183409,0.791103
0.936855,0.062327,0.000818
0.000557,0.006060,0.993384
0.741003,0.250441,0.008555
0.997463,0.002537,0.000000
0.005569,0.850332,0.144099
0.653656,0.345757,0.000587
0.992091,0.007909,0.000000
0.034018,0.412059,0.553924
0.148676,0.738854,0.112471
0.916344,0.083651,0.000006
0.976686,0.023313,0.000001
0.399034,0.290918,0.310048
0.004406,0.966785,0.028809
0.461647,0.535608,0.002745
0.599782,0.400216,0.000002
0.995191,0.004809,0.000000
0.988015,0.011935,0.000050
0.000781,0.984657,0.014561
0.524266,0.475626,0.000108
0.205792,0.497852,0.296356
0.004145,0.024059,0.971796
0.995456,0.004544,0.000000
0.001974,0.100550,0.897476
0.993772,0.006227,0.000000
0.986388,0.013612,0.000000
0.989150,0.010850,0.000000
0.985692,0.014308,0.000000
0.002314,0.960031,0.037655
0.897540,0.098516,0.003944
0.000069,0.000034,0.999897
0.992014,0.007986,0.000000
0.208131,0.734148,0.057721
0.078633,0.377774,0.543593
0.000808,0.893359,0.105833
0.000264,0.001077,0.998658
0.336246,0.663727,0.000026
0.000045,0.000086,0.999869
0.048995,0.668001,0.283004
0.012208,0.079742,0.908050
0.019180,0.470319,0.510501
0.266602,0.663796,0.069601
0.988170,0.011830,0.000000
0.996445,0.003555,0.000000
0.005940,0.229650,0.764410
0.619192,0.237058,0.143750
0.081142,0.348334,0.570524
0.010893,0.317923,0.671184
0.070941,0.373063,0.555996
0.357833,0.624831,0.017335
0.064712,0.237387,0.697901
0.997040,0.002960,0.000000
0.000667,0.959342,0.039991
0.012798,0.055819,0.931383
0.173650,0.672886,0.153464
0.440475,0.559524,0.000001
0.211907,0.409523,0.378570
0.008380,0.022593,0.969027
0.775536,0.224175,0.000289
0.995482,0.004518,0.000000
0.001955,0.002945,0.995100
0.001441,0.997301,0.001258
0.236795,0.596827,0.166378
0.993421,0.006579,0.000000
0.762658,0.220553,0.016789
0.016058,0.642396,0.341546
0.317304,0.682611,0.000085
0.790391,0.209313,0.000296
0.236264,0.743759,0.019977
0.699960,0.210608,0.089433
0.994464,0.005536,0.000000
0.194440,0.805451,0.000109
0.001805,0.995536,0.002659
0.292781,0.707203,0.000016
0.560692,0.439280,0.000028
0.193577,0.658907,0.147516
0.309244,0.685565,0.005191
0.403631,0.596369,0.000001
0.696723,0.124402,0.178876
0.793460,0.050276,0.156263
0.369772,0.559311,0.070916
0.605900,0.391522,0.002578
0.010148,0.504880,0.484972
0.952374,0.047625,0.000001
0.069645,0.531229,0.399127
0.935705,0.064294,0.000001
0.997114,0.002886,0.000000
0.346495,0.653502,0.000003
0.001216,0.998430,0.000354
0.959568,0.040413,0.000019
0.295379,0.638199,0.066422
0.020833,0.597273,0.381895
0.995490,0.004507,0.000003
0.428717,0.571281,0.000002
0.440921,0.559079,0.000000
0.275013,0.714596,0.010391
0.003721,0.000587,0.995692
0.000716,0.949547,0.049737
0.835070,0.164805,0.000125
0.004208,0.585861,0.409931
0.583299,0.415163,0.001538
0.000341,0.992573,0.007086
0.749017,0.250857,0.000126
0.606252,0.393409,0.000339
0.900212,0.099748,0.000040
0.371409,0.628130,0.000461
0.094448,0.905459,0.000093
0.360908,0.639090,0.000002
0.991804,0.008196,0.000000
0.417580,0.582266,0.000154
0.011505,0.027380,0.961116
0.346939,0.653005,0.000056
0.673947,0.073678,0.252374
0.704580,0.295401,0.000019
0.995396,0.004604,0.000000
0.458375,0.541578,0.000047
0.092575,0.386057,0.521368
0.031562,0.178419,0.790018
0.000781,0.000783,0.998436
0.798073,0.196390,0.005537
0.237085,0.748290,0.014625
0.228397,0.771538,0.000065
0.573104,0.383113,0.043783
0.992309,0.007691,0.000000
0.959335,0.040665,0.000000
0.052953,0.532758,0.414289
0.000581,0.995430,0.003989
0.839149,0.160541,0.000309
0.935360,0.063636,0.001004
0.996014,0.003986,0.000000
0.000027,0.000065,0.999908
0.039043,0.744275,0.216682
0.000959,0.991615,0.007426
0.986898,0.013102,0.000000
0.002563,0.659071,0.338366
0.004432,0.039528,0.956040
0.987984,0.011959,0.000056
0.032358,0.745658,0.221984
0.092642,0.771793,0.135565
0.995511,0.004489,0.000000
0.311495,0.669031,0.019474
0.001262,0.983193,0.015545
0.557201,0.442799,0.000000
0.004186,0.188993,0.806821
0.640533,0.359350,0.000117
0.995645,0.004355,0.000000
0.693615,0.305121,0.001263
0.146216,0.735106,0.118678
0.000059,0.000198,0.999743
0.996994,0.003006,0.000000
0.998345,0.001655,0.000000
0.573891,0.422122,0.003987
0.000948,0.907174,0.091878
0.081734,0.917527,0.000739
0.994457,0.005543,0.000000
0.980175,0.019825,0.000000
0.996639,0.003361,0.000000
0.458182,0.541817,0.000001
0.677349,0.321467,0.001184
0.996385,0.003614,0.000000
0.994646,0.005354,0.000000
0.868689,0.126979,0.004332
0.000080,0.000044,0.999876
0.983975,0.016024,0.000000
0.383317,0.616649,0.000035
0.984948,0.015052,0.000000
0.353473,0.641256,0.005270
0.957178,0.042797,0.000025
0.000368,0.001982,0.997650
0.834801,0.164809,0.000391
0.255519,0.537444,0.207036
0.994766,0.005234,0.000000
0.588414,0.411159,0.000427
0.998374,0.001626,0.000000
0.538319,0.461491,0.000189
0.993754,0.006246,0.000000
0.995936,0.004064,0.000000
0.997368,0.002632,0.000000
0.985018,0.014982,0.000000
0.975249,0.024751,0.000000
0.009703,0.329516,0.660781
0.002567,0.018094,0.979339
0.982613,0.017387,0.000000
0.280293,0.719642,0.000065
0.456486,0.543513,0.000000
0.838400,0.148593,0.013008
0.001687,0.003861,0.994452
0.995132,0.004866,0.000001
0.001112,0.984710,0.014179
0.995734,0.004266,0.000000
0.460905,0.539085,0.000010
0.077388,0.740398,0.182214
0.001365,0.994609,0.004026
0.030808,0.116725,0.852467
0.001278,0.988208,0.010514
0.531464,0.414037,0.054499
0.003644,0.423625,0.572731
0.015352,0.495846,0.488802
0.004609,0.809663,0.185728
0.930948,0.068964,0.000088
0.274036,0.678266,0.047698
0.000573,0.000802,0.998625
0.996440,0.003559,0.000000
0.029925,0.438247,0.531827
0.312442,0.687091,0.000467
0.001709,0.928504,0.069786
0.995561,0.004439,0.000000
0.000136,0.000017,0.999847
0.936621,0.063355,0.000024
0.005779,0.010617,0.983604
0.994111,0.005889,0.000000
0.974601,0.024832,0.000567
0.993339,0.006660,0.000000
0.255922,0.744075,0.000003
0.001299,0.226849,0.771852
0.995129,0.004871,0.000000
0.994287,0.005713,0.000000
0.876439,0.120089,0.003472
0.141825,0.855550,0.002625
0.328241,0.656321,0.015438
0.039450,0.283251,0.677299
0.367566,0.632389,0.000045
0.024924,0.708381,0.266695
0.033518,0.325707,0.640775
0.185344,0.802607,0.012049
0.002298,0.985999,0.011703
0.017088,0.070025,0.912888
0.997567,0.002433,0.000000
0.983419,0.016581,0.000000
0.304225,0.695495,0.000280
0.156487,0.805418,0.038095
0.291425,0.708574,0.000001
0.443837,0.556139,0.000024
0.223872,0.727280,0.048848
0.000372,0.001987,0.997640
0.891964,0.102449,0.005587
0.336285,0.662965,0.000750
0.001652,0.006989,0.991359
0.990741,0.009259,0.000000
0.001410,0.879575,0.119015
0.864351,0.134397,0.001253
0.521452,0.476652,0.001895
0.460892,0.539004,0.000103
0.002286,0.007009,0.990705
0.000000,0.000000,1.000000
0.988384,0.011616,0.000000
0.416096,0.557279,0.026625
0.610368,0.379955,0.009677
0.001836,0.000219,0.997945
0.937416,0.062279,0.000304
0.528490,0.470881,0.000630
0.484311,0.512993,0.002696
0.050435,0.250071,0.699495
0.978360,0.021639,0.000001
0.003465,0.095213,0.901322
0.226284,0.763111,0.010605
0.972559,0.027441,0.000000
0.781908,0.210793,0.007299
0.987423,0.012577,0.000000
0.983885,0.016076,0.000038
0.388228,0.611772,0.000001
0.203397,0.787682,0.008921
0.369023,0.630973,0.000004
0.000937,0.998785,0.000278
0.052975,0.445057,0.501968
0.005449,0.013901,0.980649
0.900290,0.099685,0.000026
0.991566,0.008434,0.000000
0.996105,0.003895,0.000000
0.005812,0.021114,0.973074
0.985246,0.014754,0.000000
0.132072,0.867189,0.000739
0.986011,0.013989,0.000000
0.012881,0.024496,0.962622
0.003368,0.113557,0.883075
0.219647,0.708536,0.071817
0.314058,0.677776,0.008166
0.995475,0.004525,0.000000
0.021217,0.601240,0.377543
0.030263,0.116098,0.853638
0.000653,0.606110,0.393238
0.000845,0.991859,0.007296
0.026179,0.443490,0.530331
0.961100,0.019197,0.019703
0.414120,0.578376,0.007503
0.980356,0.019644,0.000000
0.002801,0.003574,0.993625
0.050651,0.278763,0.670586
0.020870,0.429601,0.549529
0.037250,0.183418,0.779332
0.000105,0.000239,0.999657
0.020806,0.066762,0.912432
0.307854,0.679349,0.012797
0.092176,0.389138,0.518686
0.996983,0.003017,0.000000
0.515257,0.484731,0.000012
0.161445,0.680777,0.157778
0.989157,0.008414,0.002430
0.409958,0.588745,0.001297
0.116858,0.783982,0.099161
0.997210,0.002790,0.000000
0.000287,0.001197,0.998515
0.996136,0.003863,0.000001
0.998254,0.001746,0.000000
0.976648,0.023352,0.000000
0.977192,0.022808,0.000000
0.996868,0.003132,0.000000
0.001910,0.003411,0.994679
0.000175,0.000474,0.999351
0.213331,0.783559,0.003110
0.001937,0.996748,0.001315
0.572713,0.416080,0.011207
0.194393,0.805602,0.000005
0.972337,0.027651,0.000012
0.000016,0.000031,0.999953
0.877015,0.122127,0.000857
0.035974,0.516436,0.447590
0.960793,0.039207,0.000000
0.986621,0.013379,0.000000
0.501220,0.498736,0.000044
0.969668,0.029452,0.000880
0.333805,0.659338,0.006857
0.001798,0.009936,0.988266
0.363492,0.496298,0.140210
0.425281,0.371474,0.203245
0.002141,0.990570,0.007290
0.866074,0.115609,0.018317
0.081998,0.862034,0.055968
0.000512,0.000106,0.999382
0.994829,0.005171,0.000000
0.996009,0.003991,0.000000
0.974037,0.025963,0.000000
0.849395,0.147983,0.002621
0.996703,0.003297,0.000000
0.025663,0.653472,0.320865
0.001415,0.735266,0.263319
0.914361,0.085132,0.000507
0.378333,0.621653,0.000014
0.541154,0.458800,0.000046
0.844050,0.151449,0.004501
0.468384,0.495547,0.036069
0.472037,0.526208,0.001755
0.995497,0.004503,0.000000
0.995232,0.004768,0.000000
0.958586,0.034096,0.007319
0.205857,0.793772,0.000371
0.519756,0.479537,0.000707
0.249467,0.746326,0.004207
0.973884,0.026116,0.000000
0.393449,0.606550,0.000001
0.970726,0.029274,0.000000
0.236799,0.763134,0.000067
0.244771,0.410224,0.345005
0.991833,0.008167,0.000000
0.001000,0.998040,0.000960
0.250811,0.584795,0.164394
0.721535,0.119733,0.158732
0.408370,0.589184,0.002445
0.298570,0.701428,0.000002
0.030751,0.596437,0.372812
0.636684,0.363235,0.000080
0.000241,0.000997,0.998763
0.021920,0.120142,0.857938
0.961028,0.018874,0.020098
0.992902,0.007098,0.000000
0.285830,0.714112,0.000058
0.001313,0.006442,0.992245
0.015969,0.463711,0.520320
0.795767,0.201660,0.002573
0.049323,0.501751,0.448926
0.497579,0.495355,0.007066
0.991392,0.008591,0.000017
0.985958,0.014042,0.000000
0.988869,0.011127,0.000004
0.014788,0.866763,0.118448
0.001988,0.001590,0.996422
0.987908,0.012092,0.000000
0.891645,0.107947,0.000408
0.555108,0.444438,0.000454
0.419174,0.572593,0.008233
0.962714,0.037275,0.000011
0.912421,0.087455,0.000124
0.084624,0.915310,0.000066
0.967014,0.032983,0.000003
0.989072,0.010928,0.000000
0.008830,0.761842,0.229328
0.005158,0.967471,0.027371
0.941995,0.057052,0.000953
0.821804,0.177528,0.000668
0.183234,0.816728,0.000038
0.983217,0.016783,0.000000
0.517434,0.056263,0.426303
0.420141,0.578689,0.001170
0.292211,0.101064,0.606725
0.997839,0.002161,0.000000
0.353531,0.646372,0.000097
0.984053,0.015947,0.000000
0.001778,0.002479,0.995743
0.023007,0.501120,0.475873
0.000091,0.000101,0.999809
0.292124,0.706675,0.001200
0.036812,0.587262,0.375925
0.047976,0.442326,0.509698
0.906879,0.092957,0.000164
0.040509,0.746563,0.212928
0.921579,0.076816,0.001605
0.001560,0.009876,0.988565
0.000421,0.001243,0.998336
0.927316,0.053684,0.019000
0.013003,0.563247,0.423750
0.042890,0.510327,0.446784
0.000413,0.994215,0.005372
0.030451,0.200309,0.769240
0.679772,0.263475,0.056753
0.984698,0.015302,0.000000
0.000332,0.003032,0.996636
0.009308,0.018558,0.972134
0.393553,0.596846,0.009601
0.000686,0.932229,0.067086
0.012673,0.277641,0.709686
0.033716,0.635954,0.330330
0.993234,0.006766,0.000000
0.000469,0.998224,0.001307
0.004516,0.994141,0.001343
0.029005,0.449824,0.521171
0.001566,0.995929,0.002505
0.717823,0.281342,0.000835
0.000615,0.000192,0.999193
0.575905,0.422069,0.002026
0.322648,0.677352,0.000001
0.981780,0.018219,0.000000
0.002119,0.985946,0.011934
0.994008,0.005992,0.000000
0.986675,0.013274,0.000051
0.000667,0.881755,0.117578
0.295196,0.704800,0.000004
0.912607,0.087391,0.000002
0.008755,0.033123,0.958123
0.679981,0.320002,0.000016
0.002760,0.023756,0.973485
0.991119,0.008881,0.000000
0.601991,0.391162,0.006847
0.012001,0.022964,0.965035
0.095114,0.902625,0.002261
0.994351,0.005649,0.000000
0.002615,0.018364,0.979021
0.214294,0.785698,0.000008
0.492599,0.507130,0.000271
0.006117,0.982060,0.011823
0.368210,0.060402,0.571388
0.008342,0.271207,0.720451
0.994649,0.005351,0.000000
0.985937,0.014062,0.000000
0.009652,0.055122,0.935226
0.284514,0.702819,0.012667
0.003298,0.000400,0.996302
0.468928,0.510794,0.020278
0.992536,0.007463,0.000000
0.008155,0.214199,0.777646
0.998017,0.001983,0.000000
0.054910,0.844071,0.101019
0.830825,0.159881,0.009294
0.985596,0.014404,0.000000
0.051634,0.755579,0.192788
0.075245,0.923964,0.000791
0.767799,0.184194,0.048007
0.892247,0.107674,0.000079
0.961380,0.038620,0.000001
0.001491,0.983994,0.014514
0.366465,0.633479,0.000056
0.947471,0.026015,0.026514
0.995017,0.004983,0.000000
0.643782,0.324592,0.031625
0.991323,0.008677,0.000000
0.000267,0.000091,0.999641
0.552283,0.441357,0.006360
0.333374,0.641950,0.024676
0.979683,0.020317,0.000000
0.213393,0.786513,0.000094
0.396216,0.603782,0.000002
0.014215,0.799685,0.186100
0.011075,0.028499,0.960426
0.991136,0.008864,0.000000
0.310352,0.662667,0.026981
0.940645,0.059347,0.000008
0.005253,0.066460,0.928288
0.009790,0.047810,0.942401
0.984289,0.015272,0.000439
0.061406,0.404827,0.533768
0.053387,0.859901,0.086713
0.004392,0.835379,0.160229
0.009760,0.502392,0.487848
0.991810,0.007949,0.000241
0.393692,0.605348,0.000960
0.001597,0.984728,0.013675
0.389927,0.610067,0.000006
0.937295,0.062650,0.000056
0.310659,0.689194,0.000147
0.001033,0.997598,0.001369
0.242602,0.513951,0.243447
0.327595,0.672332,0.000073
0.826873,0.135230,0.037897
0.927378,0.072349,0.000272
0.811125,0.115388,0.073486
0.078357,0.460275,0.461368
0.031442,0.374346,0.594212
0.000083,0.000065,0.999852
0.309726,0.690274,0.000000
0.001514,0.997844,0.000642
0.003337,0.859935,0.136728
0.980568,0.019421,0.000012
0.104146,0.772785,0.123069
0.006017,0.992598,0.001385
0.000034,0.000034,0.999932
0.875649,0.124137,0.000214
0.014231,0.626250,0.359519
0.420428,0.578879,0.000692
0.692901,0.305833,0.001267
0.000787,0.974555,0.024659
0.944175,0.033939,0.021886
0.000538,0.000057,0.999405
0.263166,0.736734,0.000100
0.336874,0.657220,0.005906
0.007092,0.294367,0.698541
0.013881,0.373966,0.612154
0.303616,0.696380,0.000003
0.014744,0.557610,0.427645
0.941504,0.048190,0.010306
0.961538,0.038457,0.000005
0.994343,0.005657,0.000000
0.572188,0.426863,0.000949
0.352456,0.647537,0.000008
0.001342,0.960076,0.038582
0.939744,0.060255,0.000001
0.561026,0.437338,0.001635
0.052892,0.735269,0.211839
0.011912,0.041556,0.946532
0.990592,0.009408,0.000000
0.001129,0.994783,0.004088
0.997127,0.002873,0.000000
0.665136,0.334838,0.000026
0.211278,0.788716,0.000006
0.265155,0.722019,0.012826
0.539337,0.460623,0.000040
0.000722,0.994007,0.005271
0.001947,0.996714,0.001339
0.357685,0.063938,0.578377
0.795764,0.101279,0.102957
0.000617,0.000086,0.999297
0.961701,0.036709,0.001590
0.979692,0.012608,0.007701
0.275668,0.698945,0.025387
0.976226,0.023774,0.000000
0.055520,0.806256,0.138224
0.204382,0.728592,0.067026
0.000011,0.000009,0.999979
0.406274,0.593725,0.000001
0.027791,0.581675,0.390534
0.000778,0.006966,0.992256
0.997833,0.002167,0.000000
0.699781,0.290095,0.010123
0.977193,0.022807,0.000000
0.937455,0.062457,0.000087
0.015059,0.032337,0.952604
0.001839,0.960783,0.037378
0.831066,0.167812,0.001122
0.007415,0.351692,0.640893
0.758992,0.228006,0.013002
0.013212,0.042326,0.944462
0.025104,0.357688,0.617208
0.000043,0.000128,0.999829
0.014208,0.074896,0.910895
0.157197,0.743286,0.099517
0.065301,0.279361,0.655338
0.242300,0.640494,0.117206
0.001477,0.982338,0.016185
0.351043,0.648948,0.000009
0.151069,0.815601,0.033330
0.010455,0.123883,0.865662
0.012228,0.314065,0.673707
0.979125,0.020875,0.000000
0.903368,0.096350,0.000281
0.002478,0.004090,0.993432
0.005467,0.975618,0.018915
0.214077,0.785907,0.000016
0.997385,0.002615,0.000000
0.965555,0.033282,0.001163
0.267729,0.732270,0.000001
0.043765,0.580937,0.375298
0.990958,0.009024,0.000017
0.000938,0.979033,0.020029
0.131603,0.484832,0.383565
0.582297,0.417548,0.000155
0.996347,0.003653,0.000000
0.414142,0.581105,0.004752
0.000017,0.000052,0.999931
0.884829,0.114125,0.001046
0.987391,0.012609,0.000000
0.360701,0.639209,0.000090
0.373387,0.621577,0.005035
0.992419,0.007581,0.000000
0.990752,0.009248,0.000000
0.946638,0.053360,0.000003
0.998336,0.001664,0.000000
0.003953,0.000867,0.995180
0.393849,0.603656,0.002495
0.005070,0.220592,0.774338
0.080358,0.267397,0.652245
0.037563,0.772057,0.190380
0.000601,0.002520,0.996879
0.424180,0.575658,0.000162
0.431069,0.568881,0.000050
0.890404,0.109557,0.000039
0.984052,0.014337,0.001611
0.289933,0.710057,0.000010
0.989035,0.010965,0.000000
0.268795,0.661514,0.069691
0.003659,0.889805,0.106536
0.310993,0.651433,0.037575
0.000148,0.000278,0.999574
0.007188,0.147058,0.845755
0.010916,0.821300,0.167784
0.207156,0.792795,0.000049
0.707959,0.275047,0.016994
0.978844,0.021156,0.000000
0.011752,0.083772,0.904476
0.993964,0.006036,0.000000
0.000038,0.000012,0.999950
0.990349,0.009603,0.000048
0.416202,0.581902,0.001896
0.980069,0.019932,0.000000
0.000178,0.000134,0.999688
0.873921,0.125589,0.000490
0.259951,0.727514,0.012535
0.138669,0.247784,0.613547
0.965390,0.034610,0.000000
0.012718,0.636147,0.351136
0.989114,0.010886,0.000000
0.995669,0.004313,0.000018
0.401610,0.598353,0.000037
0.069737,0.584713,0.345550
0.997699,0.002301,0.000000
0.993998,0.006002,0.000000
0.992493,0.007507,0.000000
0.642883,0.356880,0.000237
0.012188,0.613923,0.373889
0.856296,0.033635,0.110069
0.169719,0.461073,0.369208
0.971856,0.028143,0.000000
0.315208,0.684791,0.000001
0.939669,0.060320,0.000011
0.326365,0.673612,0.000022
0.114448,0.638522,0.247030
0.992963,0.007037,0.000000
0.525944,0.474030,0.000025
0.034510,0.188376,0.777114
0.002720,0.976350,0.020930
0.000788,0.979200,0.020012
0.692348,0.100886,0.206766
0.997061,0.002939,0.000000
0.942539,0.052045,0.005416
0.417114,0.556588,0.026299
0.311181,0.560207,0.128611
0.029072,0.538166,0.432762
0.807778,0.064879,0.127343
0.368960,0.631036,0.000005
0.184991,0.675976,0.139033
0.932441,0.029728,0.037831
0.353238,0.646587,0.000175
0.000003,0.000003,0.999994
0.323771,0.676220,0.000009
0.307679,0.692252,0.000070
0.988433,0.011567,0.000000
0.000039,0.000057,0.999904
0.241892,0.756023,0.002084
0.424087,0.575908,0.000005
0.145769,0.821198,0.033033
0.519611,0.475500,0.004888
0.371305,0.628047,0.000648
0.055926,0.517124,0.426950
0.521310,0.058564,0.420126
0.924577,0.072310,0.003114
0.995180,0.004820,0.000000
0.995590,0.004400,0.000010
0.274670,0.725327,0.000002
0.635832,0.364147,0.000021
0.987971,0.012029,0.000000
0.349221,0.641523,0.009256
0.002977,0.975900,0.021123
0.987834,0.012166,0.000000
0.758605,0.211765,0.029630
0.976333,0.023667,0.000000
0.961527,0.038473,0.000000
0.286187,0.713601,0.000213
0.839580,0.098239,0.062181
0.002205,0.058796,0.938999
0.975029,0.024619,0.000351
0.826588,0.165843,0.007570
0.350591,0.598186,0.051222
0.005737,0.099240,0.895022
0.879730,0.116910,0.003360
0.008460,0.776520,0.215020
0.043656,0.125417,0.830927
0.000791,0.998768,0.000441
0.099642,0.419056,0.481301
0.953566,0.046399,0.000036
0.003870,0.825789,0.170341
0.981225,0.018775,0.000000
0.941835,0.053783,0.004383
0.775839,0.219840,0.004321
0.417298,0.582684,0.000018
0.951904,0.048096,0.000000
0.992602,0.007398,0.000000
0.009586,0.271341,0.719073
0.996408,0.003592,0.000000
0.296691,0.703157,0.000151
0.018691,0.052511,0.928798
0.997644,0.002356,0.000000
0.994052,0.005948,0.000000
0.415477,0.578734,0.005790
0.974449,0.025550,0.000001
0.006853,0.133477,0.859671
0.000297,0.000044,0.999659
0.728679,0.271305,0.000016
0.984200,0.015799,0.000001
0.401416,0.598574,0.000010
0.000488,0.001567,0.997945
0.006131,0.971933,0.021935
0.607650,0.392207,0.000143
0.023390,0.039477,0.937132
0.782205,0.200360,0.017435
0.032211,0.194857,0.772931
0.027773,0.258200,0.714027
0.403946,0.576031,0.020023
0.981012,0.018988,0.000000
0.014978,0.686728,0.298294
0.002800,0.001869,0.995330
0.879198,0.120783,0.000019
0.258049,0.741948,0.000004
0.185224,0.526728,0.288048
0.990368,0.009631,0.000000
0.993167,0.006833,0.000000
0.951924,0.048076,0.000000
0.001951,0.011222,0.986827
0.626239,0.262361,0.111400
0.117865,0.513086,0.369049
0.261201,0.585946,0.152853
0.350745,0.646806,0.002449
0.342467,0.656422,0.001111
0.971449,0.028551,0.000000
0.989499,0.010500,0.000000
0.981717,0.018283,0.000000
0.997600,0.002400,0.000000
0.000368,0.001415,0.998217
0.986743,0.013257,0.000000
0.000459,0.000110,0.999431
0.902862,0.097116,0.000021
0.981223,0.018777,0.000000
0.767229,0.230705,0.002067
0.732647,0.258838,0.008515
0.037795,0.599236,0.362969
0.564640,0.112854,0.322507
0.898644,0.101335,0.000020
0.982284,0.017717,0.000000
0.145811,0.724692,0.129497
0.474259,0.405316,0.120425
0.963202,0.036798,0.000000
0.007098,0.115996,0.876907
0.024313,0.649761,0.325926
0.035094,0.109754,0.855152
0.937718,0.054900,0.007381
0.028774,0.686287,0.284939
0.018343,0.626950,0.354706
0.133884,0.626390,0.239726
0.968130,0.031870,0.000000
0.824914,0.174390,0.000696
0.996886,0.003114,0.000000
0.567645,0.430336,0.002019
0.192971,0.782696,0.024332
0.264540,0.735459,0.000001
0.001421,0.997960,0.000619
0.002671,0.008060,0.989269
0.001871,0.029396,0.968733
0.990543,0.009358,0.000099
0.010709,0.300161,0.689130
0.000153,0.000154,0.999694
0.006471,0.252118,0.741410
0.456733,0.537219,0.006049
0.030370,0.050293,0.919337
0.093848,0.566141,0.340011
0.014687,0.356131,0.629181
0.588749,0.322334,0.088917
0.000835,0.006470,0.992695
0.833948,0.157746,0.008306
0.010880,0.061570,0.927550
0.179710,0.620211,0.200078
0.010663,0.422123,0.567214
0.200565,0.790499,0.008936
0.266199,0.733752,0.000049
0.427328,0.572669,0.000002
0.551495,0.448395,0.000109
0.000820,0.990977,0.008203
0.147368,0.840147,0.012485
0.442448,0.557552,0.000000
0.990694,0.009306,0.000000
0.440718,0.559160,0.000121
0.000321,0.000837,0.998842
0.980955,0.019016,0.000029
0.993169,0.006831,0.000000
0.997812,0.002188,0.000000
0.000519,0.998757,0.000725
0.992240,0.007760,0.000000
0.994283,0.005717,0.000000
0.201436,0.670971,0.127593
0.985965,0.014035,0.000000
0.989417,0.010583,0.000000
0.998261,0.001739,0.000000
0.342701,0.657281,0.000018
0.623921,0.375794,0.000286
0.138879,0.861113,0.000008
0.003632,0.455132,0.541236
0.964524,0.013539,0.021936
