0.044347,0.022601,0.043174,0.020110,0.469133,0.081255,0.212388,0.018861,0.035401,0.052729
0.062078,0.294189,0.037078,0.036089,0.049164,0.077371,0.049937,0.052428,0.307355,0.034310
0.167763,0.083219,0.086694,0.131801,0.089619,0.107088,0.099206,0.023105,0.101770,0.109734
0.086168,0.122443,0.054523,0.172541,0.076640,0.070065,0.196804,0.072972,0.085070,0.062774
0.073693,0.078247,0.084423,0.113490,0.096918,0.104264,0.108939,0.084093,0.149599,0.106335
0.048352,0.118110,0.031845,0.096582,0.066661,0.134243,0.285386,0.109106,0.073641,0.036074
0.035420,0.066470,0.077149,0.099118,0.380956,0.083117,0.089589,0.059193,0.042106,0.066883
0.085361,0.088728,0.072337,0.049523,0.050680,0.133794,0.311330,0.064379,0.090506,0.053362
0.045451,0.261021,0.071830,0.075475,0.041319,0.275528,0.095718,0.047997,0.031432,0.054227
0.031611,0.074441,0.028315,0.172824,0.049524,0.114021,0.230608,0.128482,0.069881,0.100293
0.093476,0.146507,0.115144,0.113399,0.081538,0.048697,0.164473,0.078853,0.070405,0.087507
0.045118,0.113688,0.345294,0.087710,0.078436,0.069027,0.089852,0.048763,0.038021,0.084091
0.034300,0.109999,0.096571,0.105110,0.064362,0.227563,0.179822,0.024488,0.058074,0.099711
0.039949,0.103139,0.331469,0.052068,0.103992,0.213192,0.047819,0.053642,0.027068,0.027663
0.048532,0.083579,0.130812,0.114511,0.118566,0.047119,0.127981,0.123742,0.081824,0.123333
0.074780,0.295523,0.039014,0.099738,0.088489,0.053137,0.123408,0.051582,0.070953,0.103377
0.024401,0.028104,0.351703,0.024286,0.244506,0.074343,0.018404,0.026641,0.188390,0.019221
0.081890,0.127420,0.040203,0.123572,0.050423,0.280714,0.129944,0.067302,0.061704,0.036828
0.069590,0.120852,0.118090,0.069405,0.096075,0.164549,0.100698,0.088412,0.081172,0.091158
0.115262,0.080692,0.103043,0.116128,0.091961,0.146109,0.096893,0.076545,0.074274,0.099093
0.064517,0.338068,0.076430,0.052812,0.024985,0.027907,0.262680,0.024303,0.076558,0.051742
0.077634,0.144472,0.031481,0.089739,0.086873,0.167823,0.138008,0.127516,0.057157,0.079298
0.037269,0.225307,0.085989,0.055452,0.348786,0.070458,0.048936,0.027908,0.032142,0.067754
0.072555,0.112136,0.272904,0.089473,0.045580,0.076759,0.076439,0.060662,0.117385,0.076108
0.032604,0.135566,0.084633,0.111072,0.285407,0.073107,0.114724,0.071419,0.045600,0.045867
0.048764,0.088114,0.376816,0.068418,0.133742,0.050124,0.072896,0.039971,0.043089,0.078066
0.079098,0.090885,0.077280,0.093188,0.083041,0.156688,0.093546,0.082500,0.149924,0.093850
0.077883,0.106209,0.116195,0.092242,0.070579,0.110844,0.113312,0.119197,0.092900,0.100639
0.036192,0.062965,0.447916,0.087394,0.044180,0.103832,0.088836,0.039493,0.033872,0.055320
0.041505,0.169587,0.056925,0.095451,0.127945,0.079662,0.118030,0.098026,0.066632,0.146238
0.067408,0.264378,0.089925,0.092514,0.063763,0.091697,0.102302,0.077247,0.085927,0.064839
0.035248,0.097126,0.308008,0.097559,0.083851,0.114400,0.092092,0.059485,0.041958,0.070274
0.051899,0.048775,0.075887,0.085007,0.033130,0.107838,0.353146,0.066262,0.131146,0.046911
0.099025,0.090432,0.032396,0.134703,0.083973,0.183578,0.173833,0.068949,0.053246,0.079866
0.069594,0.104172,0.282847,0.029862,0.057755,0.064277,0.186860,0.062984,0.056309,0.085341
0.026021,0.096417,0.407422,0.072091,0.147522,0.068296,0.062753,0.031837,0.039457,0.048184
0.047055,0.123415,0.307175,0.098387,0.051660,0.106023,0.085182,0.057650,0.076051,0.047400
0.055013,0.095924,0.302044,0.097494,0.083282,0.085908,0.093891,0.053168,0.073141,0.060135
0.055961,0.062742,0.250131,0.079731,0.060994,0.062274,0.183102,0.050395,0.079500,0.115170
0.034684,0.082549,0.566541,0.061302,0.017960,0.065225,0.048905,0.061033,0.028981,0.032821
0.063434,0.091677,0.091656,0.142675,0.095668,0.118444,0.143591,0.089065,0.043980,0.119810
0.059706,0.085209,0.173685,0.092603,0.061007,0.077057,0.219363,0.065848,0.083455,0.082067
0.046710,0.071095,0.368347,0.099318,0.050256,0.099490,0.068575,0.030876,0.108405,0.056928
0.042503,0.083927,0.092578,0.107733,0.054467,0.079691,0.321458,0.062753,0.043097,0.111794
0.050594,0.156260,0.027583,0.127932,0.039413,0.290801,0.112212,0.096886,0.032313,0.066006
0.073434,0.092730,0.116910,0.132728,0.056739,0.165102,0.108396,0.085203,0.073114,0.095644
0.056287,0.121139,0.071817,0.094605,0.094205,0.066454,0.253403,0.075930,0.067468,0.098692
0.097952,0.096674,0.083470,0.136615,0.096038,0.111428,0.125149,0.089127,0.074626,0.088922
0.031372,0.146014,0.430802,0.031762,0.065417,0.063665,0.078780,0.043223,0.055558,0.053406
0.037516,0.280141,0.116807,0.066694,0.034005,0.035737,0.298488,0.030938,0.068877,0.030797
0.071629,0.090804,0.048194,0.189192,0.135558,0.046044,0.161508,0.079189,0.059797,0.118084
0.055747,0.084899,0.256464,0.071542,0.070921,0.122616,0.089319,0.067761,0.126495,0.054236
0.029324,0.335572,0.068710,0.033582,0.020647,0.058223,0.327933,0.025694,0.046240,0.054076
0.036690,0.111139,0.520717,0.062583,0.016300,0.061763,0.048754,0.055156,0.044051,0.042846
0.042778,0.076405,0.040843,0.050761,0.060907,0.060676,0.258440,0.039603,0.314058,0.055528
0.015733,0.200668,0.070079,0.026608,0.455635,0.078054,0.037378,0.048420,0.036299,0.031125
0.047507,0.218998,0.235049,0.072826,0.047393,0.116929,0.064424,0.063969,0.062294,0.070611
0.013886,0.055432,0.561759,0.041790,0.156435,0.058108,0.030475,0.030378,0.025084,0.026654
0.082541,0.124736,0.075488,0.117513,0.104794,0.152120,0.109775,0.079882,0.062040,0.091111
0.082606,0.093209,0.252435,0.103750,0.072956,0.089514,0.094088,0.039501,0.090166,0.081775
0.052569,0.118538,0.106470,0.111789,0.079185,0.050114,0.262631,0.071407,0.052314,0.094983
0.023843,0.020349,0.529575,0.020369,0.262251,0.076124,0.023830,0.012266,0.018417,0.012977
0.031957,0.073221,0.334714,0.108614,0.074935,0.116292,0.095102,0.045075,0.066068,0.054022
0.057090,0.108832,0.040362,0.158551,0.123800,0.173638,0.107993,0.060022,0.065354,0.104359
0.025249,0.034421,0.284344,0.023372,0.238673,0.112081,0.153202,0.046955,0.034309,0.047394
0.061747,0.303116,0.113352,0.055257,0.069937,0.100975,0.090601,0.085195,0.057620,0.062201
0.065960,0.193659,0.035826,0.112093,0.101212,0.120730,0.091523,0.122104,0.053552,0.103342
0.028641,0.297027,0.020832,0.032610,0.022722,0.202334,0.310416,0.027345,0.031316,0.026757
0.041258,0.108636,0.298583,0.059121,0.114256,0.191568,0.046665,0.053176,0.052394,0.034343
0.027428,0.117554,0.027154,0.060562,0.062683,0.156642,0.272116,0.131586,0.047271,0.097004
0.035297,0.237834,0.038464,0.019560,0.469661,0.070417,0.028096,0.036193,0.035200,0.029279
0.031625,0.044083,0.072212,0.077486,0.331771,0.177610,0.040198,0.025721,0.162287,0.037007
0.036589,0.118297,0.037244,0.136916,0.119724,0.181481,0.128700,0.134470,0.065863,0.040717
0.030784,0.160269,0.030957,0.119454,0.114366,0.037656,0.238626,0.119611,0.058071,0.090206
0.054702,0.122312,0.030087,0.077745,0.087831,0.336113,0.082146,0.101328,0.053962,0.053775
0.049317,0.140726,0.078748,0.116904,0.075114,0.165488,0.118039,0.082261,0.079047,0.094357
0.084099,0.379909,0.067729,0.053821,0.069121,0.063556,0.069719,0.072379,0.072986,0.066680
0.072082,0.088895,0.267096,0.109228,0.054261,0.092074,0.101212,0.066294,0.072341,0.076517
0.081767,0.374386,0.053223,0.029023,0.019932,0.061947,0.298547,0.035437,0.014690,0.031049
0.034752,0.033946,0.101128,0.060576,0.210301,0.142625,0.060152,0.053402,0.264204,0.038914
0.108099,0.093683,0.107544,0.130731,0.074288,0.154830,0.148770,0.034705,0.094016,0.053333
0.100093,0.095699,0.255350,0.040206,0.056015,0.131759,0.130579,0.042948,0.064744,0.082608
0.129288,0.090337,0.106642,0.111387,0.070044,0.145310,0.091920,0.100644,0.072344,0.082085
0.082229,0.316984,0.092387,0.108591,0.075485,0.077450,0.064027,0.029538,0.076373,0.076935
0.035672,0.061714,0.064492,0.151908,0.050415,0.110471,0.321230,0.059190,0.043253,0.101654
0.039999,0.328076,0.043333,0.064180,0.030787,0.020609,0.363400,0.058907,0.018388,0.032322
0.088479,0.104800,0.118199,0.122171,0.092583,0.105456,0.106311,0.090277,0.069981,0.101742
0.036955,0.073913,0.071467,0.126865,0.061532,0.113908,0.294216,0.072294,0.063299,0.085551
0.035660,0.250472,0.031937,0.152675,0.058743,0.134347,0.143883,0.053926,0.053503,0.084854
0.037631,0.025861,0.061395,0.030762,0.393082,0.208131,0.041123,0.031549,0.128983,0.041483
0.068574,0.271582,0.079025,0.073361,0.067260,0.102432,0.083617,0.068839,0.073593,0.111717
0.056065,0.172126,0.234297,0.100777,0.052675,0.174993,0.052724,0.055277,0.035341,0.065725
0.052861,0.045902,0.068051,0.042538,0.464123,0.083544,0.064356,0.092011,0.043482,0.043131
0.027923,0.384901,0.041882,0.048259,0.025125,0.031786,0.312601,0.020130,0.073608,0.033786
0.067201,0.204237,0.270994,0.082057,0.079570,0.108855,0.051439,0.045606,0.043764,0.046278
0.122825,0.105088,0.112856,0.107814,0.082069,0.155254,0.135536,0.023362,0.067351,0.087846
0.085915,0.066800,0.271978,0.109354,0.058725,0.139567,0.101049,0.041137,0.068547,0.056927
0.071268,0.169849,0.174644,0.093128,0.074778,0.073053,0.081808,0.050101,0.081633,0.129737
0.042236,0.286164,0.081957,0.090892,0.069226,0.097757,0.102775,0.069738,0.045977,0.113279
0.075302,0.125291,0.083272,0.134043,0.075968,0.114554,0.115165,0.078887,0.071332,0.126186
0.051972,0.418561,0.032066,0.043047,0.022683,0.037338,0.312029,0.026355,0.015229,0.040721
0.059210,0.288036,0.093464,0.100865,0.036053,0.121093,0.066777,0.042040,0.083940,0.108521
0.056642,0.094053,0.277983,0.116884,0.058142,0.091988,0.097718,0.063942,0.048782,0.093865
0.111478,0.203823,0.189216,0.087333,0.035141,0.064478,0.077780,0.048447,0.131510,0.050792
0.031534,0.165204,0.295163,0.017801,0.094309,0.194401,0.048637,0.040355,0.092168,0.020428
0.091784,0.126285,0.088170,0.089106,0.070005,0.149151,0.113048,0.083641,0.078453,0.110357
0.020755,0.156516,0.059972,0.033554,0.376546,0.066174,0.054307,0.060720,0.088195,0.083261
0.091401,0.221316,0.163757,0.058765,0.045729,0.054506,0.238530,0.036375,0.034665,0.054957
0.043826,0.106865,0.079952,0.128575,0.095656,0.200542,0.150816,0.066493,0.077896,0.049380
0.032396,0.326800,0.119300,0.031899,0.300317,0.046338,0.047152,0.024609,0.047974,0.023215
0.022456,0.029752,0.390065,0.036484,0.225635,0.138308,0.036715,0.018778,0.023891,0.077916
0.121787,0.203454,0.175013,0.037418,0.051208,0.078393,0.111513,0.048260,0.040641,0.132312
0.057523,0.122785,0.042848,0.098178,0.035833,0.301991,0.101101,0.079717,0.092163,0.067862
0.018166,0.049004,0.089520,0.063445,0.304913,0.092936,0.274689,0.023882,0.036903,0.046542
0.021255,0.030024,0.557144,0.068800,0.049069,0.068193,0.051068,0.056832,0.060521,0.037094
0.094139,0.064550,0.259291,0.085557,0.064069,0.085386,0.086899,0.057137,0.121375,0.081598
0.094000,0.081185,0.106054,0.129953,0.141194,0.070613,0.155484,0.065830,0.053896,0.101792
0.069690,0.148541,0.120259,0.057950,0.084735,0.065100,0.153554,0.070118,0.039098,0.190956
0.053744,0.181127,0.085428,0.138520,0.101176,0.056195,0.145270,0.028290,0.085243,0.125007
0.080399,0.329745,0.074518,0.108382,0.081534,0.056832,0.117084,0.028573,0.035597,0.087335
0.090858,0.091965,0.102287,0.096487,0.071213,0.123809,0.105306,0.072059,0.138648,0.107367
0.078210,0.109681,0.080786,0.100353,0.064199,0.143570,0.090305,0.075967,0.138909,0.118020
0.057450,0.092681,0.253347,0.044416,0.078284,0.092402,0.123868,0.062443,0.048963,0.146148
0.051050,0.080274,0.082232,0.116563,0.098385,0.132466,0.111002,0.089351,0.132709,0.105969
0.072508,0.093894,0.081976,0.090935,0.083142,0.080503,0.293308,0.026193,0.120354,0.057187
0.064584,0.077965,0.084846,0.114425,0.089726,0.057677,0.304761,0.061553,0.063417,0.081046
0.017621,0.234063,0.064353,0.017767,0.453281,0.074306,0.020529,0.036396,0.029412,0.052272
0.028172,0.033993,0.061714,0.053999,0.576958,0.092919,0.044875,0.031440,0.041846,0.034083
0.066083,0.073432,0.068073,0.085882,0.078452,0.088419,0.309414,0.076555,0.065365,0.088324
0.022000,0.087291,0.629928,0.045743,0.019500,0.057534,0.045603,0.022387,0.031546,0.038470
0.029899,0.062380,0.058393,0.040863,0.370904,0.055832,0.238604,0.065542,0.044739,0.032843
0.019947,0.257938,0.109814,0.063519,0.249768,0.099163,0.029834,0.030262,0.106510,0.033245
0.078277,0.070202,0.106772,0.055900,0.052901,0.127435,0.305290,0.051230,0.041914,0.110078
0.051228,0.056422,0.446037,0.078859,0.049313,0.081482,0.137346,0.038529,0.023853,0.036931
0.059606,0.245737,0.074855,0.114575,0.088739,0.041696,0.110243,0.119059,0.057032,0.088457
0.025184,0.034725,0.378301,0.087141,0.055535,0.070911,0.118282,0.032276,0.063568,0.134078
0.030190,0.139519,0.067601,0.081043,0.264285,0.081348,0.075999,0.092532,0.093233,0.074249
0.041148,0.289334,0.020468,0.050108,0.023200,0.179000,0.276970,0.047965,0.022052,0.049756
0.027068,0.303331,0.032568,0.013211,0.023511,0.049660,0.326825,0.016382,0.192691,0.014753
0.068694,0.135829,0.111326,0.092467,0.061277,0.169016,0.115557,0.091439,0.068157,0.086237
0.024088,0.082301,0.536229,0.050421,0.047076,0.063083,0.057879,0.037967,0.070577,0.030379
0.036673,0.317080,0.020621,0.033549,0.051908,0.057433,0.338977,0.043864,0.046449,0.053446
0.056262,0.147268,0.072447,0.141525,0.108331,0.100393,0.114397,0.088891,0.074441,0.096045
0.081167,0.050530,0.229591,0.031751,0.072494,0.120515,0.176318,0.055196,0.127049,0.055389
0.057822,0.053603,0.255271,0.068940,0.042383,0.180693,0.186287,0.032103,0.050240,0.072657
0.053332,0.066105,0.302421,0.095390,0.104571,0.080388,0.114716,0.069630,0.060352,0.053095
0.067569,0.138855,0.033221,0.096577,0.133369,0.182880,0.116088,0.114602,0.051525,0.065314
0.092314,0.053762,0.346731,0.050554,0.043818,0.177277,0.095950,0.053494,0.047143,0.038958
0.036175,0.050190,0.067719,0.104221,0.084299,0.043292,0.308585,0.186873,0.034102,0.084544
0.055087,0.145940,0.091205,0.143854,0.078780,0.050391,0.125951,0.144303,0.072330,0.092158
0.066268,0.106658,0.119217,0.070146,0.062511,0.156921,0.137452,0.122300,0.079252,0.079275
0.100731,0.104558,0.109697,0.088048,0.059395,0.109276,0.132566,0.026055,0.115513,0.154162
0.028475,0.104658,0.064388,0.150403,0.070882,0.225548,0.115460,0.114454,0.047587,0.078145
0.080050,0.049304,0.107950,0.058320,0.053705,0.132897,0.297856,0.033364,0.075005,0.111548
0.067302,0.271625,0.068821,0.066840,0.023240,0.067372,0.280923,0.031406,0.056596,0.065876
0.041137,0.262570,0.081113,0.069854,0.255553,0.163595,0.033848,0.021980,0.035894,0.034457
0.066193,0.069559,0.334311,0.106157,0.044030,0.109426,0.101792,0.057085,0.046982,0.064466
0.017520,0.043681,0.522064,0.027280,0.181664,0.084584,0.026747,0.024851,0.041000,0.030610
0.078703,0.094233,0.113992,0.127451,0.094951,0.156184,0.108269,0.071637,0.078092,0.076488
0.030713,0.054968,0.426907,0.051853,0.043938,0.089926,0.121857,0.027481,0.040043,0.112313
0.130495,0.101731,0.089523,0.108523,0.083478,0.131643,0.111928,0.083044,0.066050,0.093586
0.091012,0.068945,0.103300,0.064072,0.038977,0.128327,0.287515,0.032023,0.116036,0.069793
0.054102,0.140882,0.132112,0.157599,0.096370,0.046351,0.130043,0.102141,0.039672,0.100729
0.107733,0.085064,0.122135,0.135190,0.110039,0.114490,0.122934,0.022815,0.090617,0.088982
0.066853,0.101422,0.103537,0.067346,0.048547,0.093313,0.318578,0.063744,0.064296,0.072364
0.031542,0.047937,0.117650,0.048973,0.335191,0.050983,0.257126,0.038379,0.046028,0.026190
0.050447,0.296780,0.102444,0.038904,0.023775,0.028596,0.255328,0.037996,0.105029,0.060702
0.048424,0.328881,0.100863,0.024156,0.018607,0.069199,0.257210,0.029481,0.093145,0.030033
0.053359,0.140126,0.082480,0.124668,0.074133,0.136147,0.118017,0.114333,0.033685,0.123053
0.080089,0.110981,0.131816,0.140835,0.070632,0.051131,0.134798,0.086869,0.077284,0.115565
0.040424,0.094720,0.078754,0.114444,0.091998,0.108844,0.234522,0.070284,0.054820,0.111191
0.030902,0.054198,0.030656,0.095395,0.113059,0.037572,0.378393,0.065111,0.035380,0.159334
0.027310,0.119042,0.070720,0.055355,0.373582,0.094864,0.067851,0.075780,0.078707,0.036788
0.033289,0.074400,0.033376,0.105352,0.095058,0.176591,0.197416,0.052636,0.037546,0.194337
0.037129,0.042012,0.122643,0.057211,0.308569,0.208787,0.069249,0.066335,0.047913,0.040151
0.049871,0.230610,0.219657,0.028508,0.068603,0.095776,0.090929,0.054568,0.091922,0.069556
0.058356,0.329280,0.025423,0.075628,0.031418,0.070225,0.300409,0.023669,0.052364,0.033226
0.038798,0.129105,0.026498,0.135425,0.067865,0.112847,0.263203,0.099685,0.046950,0.079623
0.039769,0.176167,0.044022,0.149049,0.067994,0.115467,0.184800,0.097429,0.046310,0.078992
0.021493,0.298223,0.033293,0.013538,0.211025,0.067312,0.297159,0.016281,0.022927,0.018748
0.105389,0.144746,0.087136,0.130758,0.074961,0.107921,0.109151,0.023188,0.051785,0.164965
0.034510,0.163176,0.252467,0.039149,0.024639,0.101291,0.226256,0.021703,0.041762,0.095048
0.067009,0.078312,0.103173,0.115361,0.060482,0.073634,0.293240,0.049160,0.097527,0.062102
0.031318,0.134380,0.387853,0.107002,0.041731,0.073289,0.101672,0.027324,0.056348,0.039086
0.077396,0.125403,0.106389,0.105019,0.067586,0.134507,0.130856,0.068041,0.090655,0.094148
0.038677,0.075424,0.049294,0.147340,0.110158,0.047315,0.132938,0.057905,0.107196,0.233753
0.077938,0.059633,0.066430,0.086436,0.181372,0.078396,0.121554,0.187679,0.055549,0.085015
0.049794,0.121703,0.114712,0.075820,0.126876,0.063745,0.288199,0.070536,0.050459,0.038156
0.110656,0.117748,0.072580,0.133979,0.083477,0.121884,0.116985,0.024940,0.108100,0.109652
0.055081,0.086568,0.104388,0.060527,0.042758,0.089796,0.318367,0.065772,0.090344,0.086399
0.060488,0.070479,0.091358,0.073073,0.041561,0.118902,0.324994,0.054743,0.099264,0.065138
0.084547,0.074466,0.023767,0.108910,0.096220,0.127137,0.312351,0.047201,0.059754,0.065646
0.071224,0.280046,0.102834,0.053631,0.021712,0.041007,0.295190,0.025643,0.041405,0.067307
0.042477,0.097742,0.033660,0.108885,0.061695,0.206408,0.159673,0.064444,0.136233,0.088783
0.037511,0.039626,0.065569,0.079474,0.407674,0.115837,0.111422,0.046492,0.027992,0.068403
0.058471,0.108654,0.030299,0.077996,0.095569,0.279888,0.167799,0.059144,0.057473,0.064708
0.037805,0.069285,0.100334,0.094458,0.063395,0.040498,0.350764,0.072418,0.137412,0.033631
0.107680,0.091685,0.079942,0.127154,0.098638,0.090855,0.117448,0.036459,0.077254,0.172885
0.024483,0.034468,0.330563,0.044504,0.186695,0.105283,0.049885,0.036343,0.081575,0.106202
0.051804,0.063007,0.101795,0.082818,0.038165,0.079886,0.321849,0.070018,0.108024,0.082633
0.024128,0.028889,0.610617,0.053805,0.049516,0.075937,0.054844,0.025839,0.047022,0.029403
0.063195,0.099569,0.105171,0.104151,0.085556,0.138968,0.116215,0.076328,0.101628,0.109218
0.097276,0.138982,0.108366,0.074149,0.104960,0.115542,0.108703,0.084330,0.073110,0.094582
0.148655,0.084973,0.073592,0.133692,0.091911,0.114626,0.111113,0.024010,0.105946,0.111482
0.019526,0.185996,0.058549,0.020771,0.499669,0.098147,0.030131,0.023908,0.031903,0.031401
0.042067,0.085765,0.384445,0.058214,0.154425,0.061861,0.082707,0.029270,0.055806,0.045439
0.059844,0.086577,0.032998,0.062392,0.080129,0.262668,0.147064,0.130859,0.051015,0.086455
0.051605,0.267354,0.167279,0.063784,0.042107,0.059729,0.241941,0.031544,0.041789,0.032870
0.037898,0.039797,0.104572,0.063928,0.406347,0.094124,0.067289,0.059656,0.059648,0.066741
0.039539,0.238810,0.088433,0.085638,0.129784,0.081197,0.132986,0.100544,0.035529,0.067539
0.053367,0.198238,0.249712,0.066369,0.033225,0.167313,0.085460,0.037928,0.031314,0.077075
0.036021,0.157327,0.294578,0.075790,0.047451,0.095607,0.093461,0.062309,0.040696,0.096760
0.066368,0.331571,0.105583,0.092952,0.046183,0.078587,0.082469,0.072826,0.031660,0.091801
0.095096,0.143511,0.051838,0.177789,0.124536,0.047624,0.152752,0.055087,0.075942,0.075823
0.064854,0.154573,0.055157,0.139652,0.078706,0.053643,0.259157,0.053871,0.064135,0.076250
0.029194,0.165627,0.072328,0.048193,0.109903,0.244918,0.111685,0.116836,0.029661,0.071655
0.072969,0.082285,0.116817,0.087283,0.107806,0.154642,0.116615,0.084035,0.082609,0.094940
0.049043,0.171571,0.057848,0.026363,0.032671,0.095218,0.064202,0.083600,0.370978,0.048505
0.059021,0.043991,0.098289,0.089343,0.059627,0.121212,0.259682,0.038910,0.123646,0.106278
0.041686,0.201162,0.039135,0.165406,0.069209,0.124980,0.133503,0.131853,0.053617,0.039449
0.054130,0.084258,0.305640,0.036177,0.067730,0.137081,0.092787,0.066618,0.069965,0.085614
0.114926,0.135561,0.218823,0.072850,0.070890,0.078549,0.073940,0.048920,0.059544,0.125996
0.025744,0.037334,0.042066,0.038060,0.463452,0.048847,0.254028,0.021756,0.041369,0.027344
0.018262,0.309257,0.048904,0.069893,0.038768,0.038391,0.395995,0.021090,0.031787,0.027653
0.097610,0.189309,0.042856,0.115115,0.128385,0.053090,0.128071,0.046021,0.098697,0.100846
0.081359,0.105564,0.113657,0.136248,0.061323,0.168468,0.111594,0.089045,0.042130,0.090612
0.046219,0.032914,0.230794,0.042501,0.208449,0.035315,0.032660,0.048077,0.284463,0.038608
0.050767,0.110964,0.045811,0.068315,0.121140,0.058858,0.121862,0.207867,0.078277,0.136139
0.064846,0.106655,0.039434,0.196277,0.104509,0.045694,0.167409,0.103479,0.061790,0.109906
0.049305,0.275821,0.071630,0.090922,0.057416,0.097213,0.076483,0.057299,0.143731,0.080182
0.065542,0.102201,0.060556,0.087063,0.046306,0.137477,0.249820,0.094315,0.064014,0.092704
0.120018,0.054188,0.220191,0.104446,0.063794,0.076337,0.217644,0.059918,0.037978,0.045488
0.044612,0.026658,0.303188,0.045150,0.298411,0.050699,0.128884,0.022644,0.037902,0.041852
0.035210,0.086845,0.066991,0.136623,0.061798,0.237709,0.154960,0.112666,0.038888,0.068311
0.034903,0.068493,0.041701,0.117485,0.054009,0.314330,0.140745,0.057320,0.102655,0.068359
0.067340,0.056926,0.317716,0.060337,0.122753,0.117878,0.092895,0.054171,0.055914,0.054070
0.041718,0.083795,0.124745,0.090478,0.065760,0.090147,0.321386,0.070796,0.053935,0.057240
0.130363,0.086260,0.102910,0.044894,0.042157,0.077643,0.300078,0.060132,0.087313,0.068249
0.024203,0.060818,0.340276,0.019229,0.131985,0.162288,0.099631,0.020502,0.087738,0.053330
0.035027,0.102660,0.080194,0.090912,0.113509,0.151561,0.121447,0.095465,0.087577,0.121649
0.029436,0.152219,0.080578,0.093407,0.047909,0.101690,0.185489,0.094944,0.027223,0.187105
0.055476,0.098417,0.074879,0.084489,0.101968,0.160520,0.115102,0.065288,0.150759,0.093104
0.072748,0.099737,0.087946,0.134619,0.080735,0.174573,0.137715,0.028052,0.092682,0.091193
0.030437,0.223001,0.082381,0.094714,0.054055,0.148351,0.106071,0.107354,0.052590,0.101046
0.033849,0.033385,0.055781,0.069444,0.477021,0.102242,0.089766,0.060275,0.029036,0.049200
0.111698,0.184033,0.214462,0.079068,0.040149,0.067020,0.105938,0.050224,0.089604,0.057803
0.091708,0.113340,0.114508,0.120264,0.054128,0.101920,0.110466,0.092070,0.086473,0.115124
0.080573,0.097970,0.091904,0.114897,0.066690,0.155748,0.185746,0.029772,0.067685,0.109015
0.055105,0.297356,0.087314,0.022434,0.040885,0.043549,0.310945,0.056587,0.052444,0.033382
0.100034,0.111651,0.098241,0.104287,0.069679,0.155612,0.124031,0.104706,0.048616,0.083143
0.060908,0.117666,0.100948,0.097755,0.060305,0.102082,0.235374,0.059854,0.084913,0.080195
0.038544,0.126714,0.066942,0.110793,0.093074,0.062560,0.219272,0.045112,0.098678,0.138310
0.035762,0.041534,0.073194,0.054437,0.468451,0.122167,0.052931,0.066788,0.031912,0.052824
0.111379,0.086529,0.238028,0.090184,0.042395,0.108678,0.103356,0.066767,0.072791,0.079892
0.046541,0.070733,0.115311,0.108834,0.059245,0.030200,0.320978,0.102033,0.044861,0.101265
0.029088,0.105850,0.094770,0.116214,0.075887,0.159283,0.250220,0.030329,0.067582,0.070777
0.067741,0.279753,0.085192,0.088191,0.047050,0.129384,0.093500,0.076806,0.032365,0.100016
0.063358,0.282475,0.074136,0.107599,0.056534,0.086788,0.075428,0.106307,0.095348,0.052028
0.070591,0.152354,0.351749,0.027378,0.040987,0.105117,0.058047,0.035000,0.097976,0.060802
0.091919,0.126632,0.217070,0.074892,0.059219,0.117599,0.080953,0.075275,0.060213,0.096228
0.050756,0.085737,0.031275,0.135659,0.085709,0.291963,0.127068,0.055894,0.065736,0.070203
0.029759,0.300026,0.071177,0.025736,0.255224,0.114686,0.054755,0.017976,0.087436,0.043226
0.028319,0.279761,0.087445,0.073190,0.225308,0.102547,0.048862,0.075148,0.038455,0.040965
0.046570,0.095512,0.128546,0.132086,0.088719,0.041843,0.122247,0.089702,0.067238,0.187537
0.031474,0.336573,0.111829,0.041576,0.036657,0.038888,0.253449,0.026022,0.079426,0.044105
0.040025,0.382373,0.055610,0.026445,0.020515,0.043270,0.298817,0.030102,0.053353,0.049491
0.033537,0.288376,0.050153,0.031885,0.329174,0.090687,0.030253,0.033349,0.051384,0.061202
0.114688,0.292417,0.087655,0.065719,0.040049,0.122745,0.074909,0.045996,0.068056,0.087766
0.055499,0.102620,0.337802,0.093289,0.037319,0.096645,0.086789,0.072277,0.050560,0.067201
0.042097,0.373528,0.046683,0.037610,0.032865,0.025094,0.307101,0.035133,0.035879,0.064010
0.077113,0.291115,0.092972,0.068579,0.096381,0.078484,0.100161,0.053956,0.076209,0.065030
0.035723,0.053843,0.059604,0.052195,0.430873,0.072687,0.081889,0.085778,0.068044,0.059364
0.020942,0.021754,0.500779,0.026755,0.234950,0.096813,0.022264,0.009949,0.047215,0.018578
0.099640,0.135301,0.076542,0.123114,0.063458,0.108258,0.115353,0.091867,0.072035,0.114433
0.023186,0.284588,0.109357,0.064485,0.305674,0.039127,0.050704,0.020632,0.079759,0.022489
0.046688,0.128519,0.133722,0.078227,0.123731,0.094600,0.162102,0.034954,0.084999,0.112457
0.018015,0.077747,0.562754,0.058499,0.036837,0.059556,0.065243,0.048613,0.032236,0.040500
0.052414,0.294319,0.091100,0.047382,0.039945,0.051564,0.311389,0.031427,0.054320,0.026140
0.052253,0.088084,0.301189,0.096751,0.055157,0.101263,0.113497,0.065796,0.064032,0.061978
0.049875,0.094774,0.097392,0.103884,0.067316,0.126920,0.249192,0.032679,0.088562,0.089406
0.013001,0.044929,0.578708,0.017401,0.192652,0.057285,0.035536,0.022151,0.018914,0.019423
0.046158,0.074425,0.057563,0.127483,0.074280,0.064291,0.164169,0.227297,0.071208,0.093126
0.088156,0.121768,0.112652,0.070343,0.069381,0.144938,0.138673,0.075909,0.077919,0.100261
0.066072,0.285299,0.100976,0.095198,0.052987,0.073488,0.080246,0.077600,0.070584,0.097550
0.068149,0.134424,0.085998,0.108681,0.100657,0.048782,0.224740,0.066518,0.077131,0.084920
0.050387,0.071184,0.283149,0.066459,0.064633,0.133311,0.094451,0.043569,0.088231,0.104624
0.059049,0.165997,0.041941,0.107842,0.067920,0.144753,0.161029,0.063996,0.062378,0.125095
0.095836,0.103367,0.099335,0.068723,0.071575,0.148391,0.092323,0.114543,0.086585,0.119321
0.093472,0.073096,0.224085,0.074315,0.040688,0.135256,0.148325,0.063222,0.093107,0.054434
0.077737,0.118886,0.287780,0.089847,0.069039,0.068607,0.112951,0.037920,0.042066,0.095167
0.090392,0.141087,0.104410,0.112367,0.064969,0.111666,0.141159,0.091868,0.039155,0.102928
0.029526,0.070655,0.328126,0.037573,0.192225,0.156987,0.078615,0.043239,0.031050,0.032004
0.036697,0.206010,0.350221,0.026036,0.019888,0.075474,0.183825,0.022063,0.043597,0.036187
0.088113,0.133590,0.089853,0.073802,0.097690,0.111492,0.141080,0.100467,0.070034,0.093880
0.063346,0.057723,0.276325,0.090612,0.075777,0.118756,0.114780,0.088342,0.040186,0.074154
0.038762,0.147362,0.045858,0.119908,0.089454,0.320758,0.088645,0.058951,0.054266,0.036036
0.070784,0.117962,0.297510,0.036876,0.063032,0.091102,0.084591,0.085708,0.070578,0.081856
0.036534,0.102142,0.147051,0.126663,0.112974,0.049286,0.151083,0.097809,0.068124,0.108334
0.125059,0.071269,0.072484,0.092349,0.060463,0.067294,0.326037,0.046246,0.070979,0.067822
0.073192,0.064227,0.269543,0.101719,0.052379,0.129558,0.093561,0.057490,0.068951,0.089378
0.055527,0.023913,0.368980,0.035505,0.122647,0.194213,0.040547,0.030295,0.098616,0.029757
0.090659,0.099464,0.084516,0.121424,0.099535,0.151220,0.092180,0.077487,0.086287,0.097229
0.046302,0.116527,0.069224,0.102607,0.092878,0.082262,0.320308,0.098150,0.034538,0.037205
0.074273,0.125050,0.111595,0.109610,0.079838,0.153488,0.103903,0.068764,0.080166,0.093312
0.070564,0.114408,0.124429,0.099850,0.120246,0.115597,0.129477,0.079453,0.039571,0.106405
0.023666,0.024323,0.308102,0.039980,0.256628,0.142294,0.045428,0.023131,0.089385,0.047063
0.054924,0.340631,0.035891,0.128852,0.124322,0.045883,0.099288,0.050916,0.057630,0.061663
0.050637,0.161408,0.130246,0.132238,0.121740,0.042188,0.123517,0.088095,0.061514,0.088416
0.081969,0.101426,0.257575,0.058432,0.068284,0.105697,0.109680,0.079178,0.063225,0.074534
0.113317,0.227070,0.209518,0.079461,0.033763,0.060988,0.093480,0.042379,0.070499,0.069524
0.035316,0.085771,0.073271,0.069807,0.066167,0.130941,0.185565,0.089931,0.055466,0.207765
0.065984,0.118368,0.263278,0.102756,0.077417,0.087438,0.091166,0.060219,0.042499,0.090875
0.032674,0.045137,0.049882,0.048520,0.436466,0.200855,0.061643,0.052116,0.036947,0.035760
0.068222,0.302101,0.030084,0.037833,0.037588,0.040838,0.321062,0.037714,0.040350,0.084208
0.050210,0.059156,0.061787,0.058005,0.292332,0.245176,0.062394,0.054550,0.061443,0.054947
0.069507,0.101014,0.109795,0.109147,0.060205,0.110456,0.113164,0.086685,0.095787,0.144242
0.095846,0.085539,0.234542,0.051455,0.093440,0.060249,0.189324,0.073493,0.047704,0.068408
0.022977,0.034135,0.442045,0.079679,0.183919,0.055213,0.061538,0.032963,0.030199,0.057333
0.054304,0.110141,0.336268,0.055724,0.043853,0.125491,0.085951,0.052713,0.046077,0.089478
0.062115,0.110180,0.114056,0.135377,0.072410,0.113727,0.115294,0.098401,0.073039,0.105401
0.072680,0.164584,0.134692,0.133184,0.087138,0.043031,0.128489,0.093652,0.059442,0.083108
0.065248,0.091129,0.114907,0.109924,0.103975,0.115692,0.137387,0.092730,0.065797,0.103210
0.099745,0.133076,0.110955,0.065395,0.075425,0.116761,0.112629,0.021516,0.147671,0.116826
0.048278,0.107704,0.355103,0.087285,0.032345,0.113558,0.111552,0.048675,0.040752,0.054748
0.082108,0.228995,0.116331,0.118422,0.054154,0.040312,0.121155,0.075071,0.076434,0.087017
0.032872,0.101882,0.062974,0.087383,0.085499,0.211709,0.158452,0.091475,0.056004,0.111751
0.068778,0.324290,0.098248,0.060527,0.078787,0.082622,0.099531,0.029748,0.085825,0.071644
0.020629,0.220421,0.128649,0.018830,0.222340,0.066619,0.241673,0.011993,0.054828,0.014018
0.059189,0.105485,0.192262,0.087607,0.039617,0.109339,0.177013,0.048435,0.092162,0.088891
0.041007,0.153246,0.050773,0.095104,0.071754,0.283127,0.111413,0.050385,0.055481,0.087710
0.077120,0.097052,0.091609,0.126596,0.096740,0.152639,0.110678,0.087461,0.097484,0.062621
0.039929,0.135525,0.040757,0.107482,0.040418,0.341876,0.112831,0.057856,0.041682,0.081645
0.033375,0.021444,0.437687,0.033303,0.261432,0.127659,0.028571,0.019336,0.014689,0.022505
0.068666,0.057563,0.188120,0.075233,0.066709,0.071624,0.183637,0.087736,0.136992,0.063719
0.030655,0.049783,0.081767,0.085465,0.303746,0.228248,0.087980,0.039696,0.044402,0.048257
0.043826,0.028316,0.044434,0.075033,0.452710,0.169701,0.049289,0.049766,0.045382,0.041542
0.049807,0.094751,0.039803,0.169102,0.062472,0.220293,0.133502,0.073334,0.068584,0.088353
0.123392,0.095768,0.104784,0.086916,0.073755,0.143217,0.091324,0.028925,0.146748,0.105171
0.033506,0.105679,0.413721,0.043594,0.027217,0.125971,0.059299,0.031161,0.078323,0.081529
0.040174,0.059619,0.067253,0.089506,0.083971,0.147568,0.263690,0.074689,0.070957,0.102574
0.040802,0.188672,0.046850,0.171770,0.051631,0.053016,0.173924,0.120638,0.083818,0.068881
0.026388,0.336700,0.077382,0.033106,0.017925,0.064077,0.246702,0.037079,0.127337,0.033303
0.032887,0.108233,0.041529,0.141771,0.128490,0.157358,0.130841,0.116049,0.059371,0.083472
0.064848,0.067045,0.096512,0.062009,0.071113,0.079062,0.348339,0.069562,0.076723,0.064789
0.023100,0.263282,0.111968,0.034623,0.248317,0.115106,0.071003,0.040771,0.068879,0.022952
0.050674,0.166639,0.048592,0.125029,0.110917,0.153950,0.098513,0.074847,0.057744,0.113096
0.110592,0.128530,0.064300,0.080684,0.148550,0.044698,0.149273,0.040099,0.115341,0.117934
0.078885,0.057439,0.089647,0.124035,0.086064,0.091527,0.277254,0.033882,0.082726,0.078540
0.038811,0.277058,0.075750,0.090543,0.060449,0.098119,0.133137,0.065232,0.082503,0.078399
0.049291,0.080216,0.031172,0.100149,0.071043,0.312596,0.152133,0.101174,0.035822,0.066405
0.089662,0.107493,0.079693,0.120714,0.070119,0.126773,0.145331,0.097078,0.064722,0.098413
0.073311,0.055708,0.045667,0.120142,0.069478,0.268951,0.204814,0.030537,0.053106,0.078286
0.045512,0.353290,0.093089,0.054133,0.043980,0.048376,0.273138,0.029480,0.024594,0.034409
0.075355,0.084247,0.297488,0.088260,0.058588,0.114565,0.074273,0.051360,0.057935,0.097928
0.038474,0.130252,0.051341,0.166062,0.059368,0.052103,0.241013,0.121481,0.080333,0.059573
0.050271,0.267012,0.052656,0.088638,0.057488,0.129106,0.101483,0.061023,0.125980,0.066344
0.028586,0.049533,0.363196,0.065179,0.029681,0.113476,0.093711,0.027987,0.176117,0.052534
0.074458,0.248933,0.107481,0.069595,0.057668,0.122831,0.101057,0.034898,0.073273,0.109806
0.058232,0.063250,0.267357,0.096270,0.078191,0.083638,0.090194,0.066954,0.119728,0.076186
0.078821,0.065522,0.260062,0.099499,0.074247,0.126379,0.101040,0.074211,0.045484,0.074735
0.076425,0.125518,0.106047,0.088241,0.060860,0.149570,0.132376,0.082874,0.066503,0.111587
0.048155,0.059482,0.292697,0.020508,0.191494,0.156777,0.079413,0.041452,0.068267,0.041755
0.075643,0.074236,0.221413,0.033958,0.040849,0.079359,0.152690,0.067907,0.165494,0.088451
0.060733,0.133315,0.473466,0.017496,0.042170,0.093721,0.082931,0.034954,0.035549,0.025666
0.093408,0.102945,0.089208,0.147186,0.114970,0.072265,0.163168,0.075715,0.041287,0.099848
0.071723,0.165871,0.049826,0.203694,0.118650,0.050377,0.155102,0.052801,0.037239,0.094717
0.037179,0.052729,0.256998,0.037217,0.089612,0.099158,0.224238,0.069667,0.046639,0.086562
0.015411,0.224925,0.046599,0.021699,0.309394,0.041926,0.224284,0.018541,0.083127,0.014093
0.107237,0.169565,0.094714,0.152106,0.089738,0.068953,0.152953,0.031280,0.088247,0.045208
0.066392,0.192946,0.235599,0.095515,0.052735,0.152343,0.055929,0.030531,0.054075,0.063935
0.031145,0.126448,0.430615,0.028157,0.206918,0.099499,0.025342,0.015303,0.012586,0.023987
0.089559,0.054116,0.161054,0.089882,0.044644,0.128489,0.205814,0.080252,0.092163,0.054027
0.033667,0.125926,0.032586,0.100592,0.148706,0.187182,0.131822,0.093908,0.052363,0.093247
0.066868,0.080056,0.328319,0.082833,0.062242,0.104132,0.095927,0.072619,0.047987,0.059018
0.106162,0.107988,0.068589,0.119696,0.096233,0.136053,0.108498,0.080075,0.074097,0.102609
0.053555,0.126896,0.340991,0.050259,0.055871,0.121890,0.080283,0.049595,0.067044,0.053616
0.091363,0.108913,0.259897,0.048111,0.088179,0.103959,0.105896,0.036945,0.075541,0.081195
0.076388,0.073390,0.101898,0.076297,0.072604,0.113497,0.355254,0.060265,0.030537,0.039870
0.034706,0.077290,0.059535,0.121818,0.091670,0.270932,0.140520,0.031762,0.065238,0.106528
0.048680,0.104466,0.070044,0.092201,0.068244,0.085743,0.209071,0.046318,0.216423,0.058809
0.091240,0.133799,0.123735,0.092741,0.094670,0.108765,0.124361,0.093710,0.085263,0.051716
0.038384,0.022599,0.284590,0.035009,0.069760,0.204503,0.051562,0.047560,0.195788,0.050244
0.090632,0.103264,0.072009,0.096883,0.058383,0.105336,0.262378,0.074895,0.084992,0.051227
0.018618,0.087456,0.500117,0.072237,0.019468,0.070208,0.123386,0.030953,0.033358,0.044198
0.064863,0.047974,0.237824,0.047775,0.082258,0.069959,0.185153,0.077594,0.070893,0.115706
0.026903,0.030372,0.517977,0.048288,0.182696,0.059558,0.035498,0.017056,0.056327,0.025324
0.029661,0.302095,0.018580,0.066892,0.031283,0.026735,0.356662,0.055447,0.032076,0.080568
0.038965,0.300618,0.041435,0.026900,0.156389,0.019509,0.278579,0.048574,0.038289,0.050742
0.032345,0.108969,0.257914,0.029544,0.062773,0.166349,0.178437,0.061903,0.029778,0.071989
0.052224,0.075057,0.277456,0.110098,0.056719,0.102615,0.105363,0.058043,0.065345,0.097080
0.030369,0.177091,0.036702,0.115744,0.107046,0.105114,0.207146,0.123810,0.033066,0.063912
0.072745,0.323099,0.096014,0.078457,0.067489,0.086548,0.100591,0.067741,0.032219,0.075098
0.031199,0.363152,0.053566,0.027274,0.029507,0.037837,0.383238,0.028688,0.017086,0.028454
0.038508,0.095506,0.038395,0.185842,0.064268,0.051827,0.228628,0.148958,0.054695,0.093373
0.083456,0.339081,0.021587,0.033570,0.029051,0.057289,0.313676,0.016725,0.073723,0.031843
0.088466,0.103895,0.113847,0.131597,0.104075,0.112351,0.105077,0.097110,0.069703,0.073880
0.026361,0.436801,0.026804,0.028765,0.017777,0.020094,0.304966,0.021175,0.074266,0.042990
0.036664,0.195151,0.149588,0.033715,0.037026,0.034904,0.060830,0.074400,0.339454,0.038267
0.048465,0.107165,0.094689,0.116055,0.077615,0.070403,0.273304,0.072994,0.089405,0.049906
0.024157,0.036529,0.352296,0.050148,0.252274,0.038402,0.143872,0.039510,0.025352,0.037459
0.092364,0.026202,0.063308,0.038129,0.274247,0.033653,0.294951,0.025951,0.074402,0.076793
0.057318,0.335431,0.097651,0.089293,0.050560,0.119625,0.091532,0.064790,0.032375,0.061425
0.067162,0.280425,0.081793,0.046609,0.061185,0.105506,0.108416,0.060256,0.067646,0.121002
0.028610,0.158557,0.058075,0.155339,0.117554,0.149616,0.148140,0.082779,0.031520,0.069810
0.036527,0.059508,0.317650,0.084357,0.083088,0.083716,0.142665,0.074049,0.031564,0.086875
0.047659,0.159594,0.298613,0.074838,0.025018,0.154366,0.096040,0.038251,0.033788,0.071833
0.047537,0.195373,0.154636,0.025141,0.047877,0.086631,0.048069,0.075230,0.276187,0.043320
0.039526,0.182884,0.090878,0.103664,0.050404,0.178956,0.151545,0.099422,0.042179,0.060542
0.085038,0.128273,0.072439,0.124409,0.096567,0.162771,0.143547,0.024228,0.055655,0.107072
0.033845,0.031585,0.051983,0.069200,0.350550,0.050506,0.241783,0.032388,0.099576,0.038585
0.122097,0.101087,0.101207,0.083932,0.061921,0.085496,0.267908,0.048338,0.034317,0.093697
0.160757,0.115565,0.088800,0.084581,0.083044,0.113807,0.119988,0.023892,0.080238,0.129329
0.082287,0.059949,0.226126,0.093794,0.067171,0.077228,0.176127,0.053820,0.098381,0.065116
0.108963,0.098132,0.250793,0.044614,0.052866,0.064761,0.163152,0.052782,0.068446,0.095489
0.031681,0.162493,0.334098,0.042628,0.266229,0.055106,0.042634,0.021009,0.018077,0.026045
0.051422,0.036848,0.232393,0.063077,0.029308,0.051847,0.088994,0.053337,0.333083,0.059690
0.051014,0.081388,0.472587,0.029012,0.037079,0.072215,0.089378,0.030310,0.061254,0.075764
0.033095,0.186784,0.041651,0.128737,0.042505,0.227541,0.165458,0.058819,0.056377,0.059032
0.080682,0.088805,0.115426,0.084408,0.088846,0.153431,0.090321,0.081995,0.100933,0.115154
0.042433,0.119231,0.090289,0.166777,0.129064,0.073160,0.137410,0.028316,0.087696,0.125625
0.097597,0.117773,0.044189,0.174237,0.112187,0.053977,0.189177,0.042014,0.086027,0.082821
0.047385,0.172910,0.044738,0.131750,0.108600,0.056100,0.120773,0.140620,0.066425,0.110701
0.066067,0.073204,0.285032,0.060568,0.073173,0.115023,0.080921,0.047402,0.071616,0.126994
0.047131,0.267074,0.034735,0.128202,0.092587,0.089894,0.101712,0.104649,0.073015,0.061002
0.059212,0.110043,0.103710,0.090497,0.124402,0.046971,0.160468,0.109840,0.045828,0.149029
0.033775,0.376627,0.068697,0.037060,0.029754,0.043704,0.298333,0.030934,0.054089,0.027026
0.073155,0.307000,0.072440,0.049463,0.096398,0.088534,0.085268,0.083612,0.067439,0.076691
0.051194,0.059721,0.350978,0.092471,0.036870,0.136830,0.074952,0.039592,0.110868,0.046524
0.071766,0.265103,0.097313,0.088547,0.055465,0.115980,0.076170,0.056266,0.093139,0.080251
0.074698,0.118210,0.079278,0.137241,0.100996,0.134867,0.126579,0.026681,0.076722,0.124728
0.054352,0.212519,0.025309,0.055159,0.089865,0.268065,0.097051,0.041865,0.045167,0.110649
0.082231,0.106322,0.112496,0.115709,0.065422,0.107470,0.099254,0.087642,0.144600,0.078855
0.032346,0.058443,0.350546,0.097053,0.031226,0.090023,0.187823,0.079943,0.037492,0.035104
0.109165,0.083275,0.236728,0.096369,0.053472,0.118505,0.066367,0.054423,0.057124,0.124571
0.054078,0.125645,0.027989,0.146751,0.071801,0.176197,0.198577,0.070366,0.065102,0.063494
0.038814,0.125851,0.045514,0.222161,0.077896,0.056858,0.240551,0.054613,0.091630,0.046114
0.067816,0.099848,0.233163,0.102437,0.083733,0.129034,0.085046,0.062107,0.043971,0.092847
0.043531,0.117069,0.038888,0.028585,0.520152,0.069700,0.038189,0.036988,0.082806,0.024091
0.040799,0.341365,0.092113,0.029717,0.023092,0.081763,0.229860,0.049018,0.086218,0.026055
0.073074,0.276780,0.109492,0.124416,0.091356,0.040620,0.070350,0.079003,0.059671,0.075239
0.043139,0.250496,0.102328,0.097216,0.139299,0.082545,0.110466,0.061679,0.067507,0.045324
0.056228,0.327535,0.093621,0.062318,0.025800,0.070694,0.258244,0.027809,0.040917,0.036834
0.032490,0.057284,0.126546,0.076217,0.337813,0.063351,0.076380,0.068127,0.100769,0.061023
0.036927,0.167745,0.030295,0.166748,0.055196,0.202477,0.138886,0.056361,0.059686,0.085680
