0.056389,0.030685,0.059225,0.027104,0.377524,0.090696,0.248868,0.022483,0.029507,0.057518
0.088562,0.379136,0.049432,0.034866,0.059750,0.048871,0.046351,0.093955,0.162724,0.036355
0.153966,0.075077,0.077845,0.124522,0.096482,0.105805,0.107175,0.022441,0.101392,0.135296
0.117842,0.132791,0.044269,0.144793,0.090668,0.056076,0.155018,0.110775,0.106194,0.041574
0.069901,0.072398,0.078968,0.107104,0.106492,0.103764,0.110549,0.086972,0.137939,0.125913
0.069697,0.122862,0.038536,0.098985,0.076057,0.141184,0.255319,0.113739,0.051033,0.032588
0.029548,0.063714,0.136123,0.051111,0.446665,0.061217,0.056688,0.044688,0.050318,0.059927
0.095005,0.096459,0.088827,0.055169,0.054735,0.115252,0.295881,0.075368,0.072470,0.050835
0.057477,0.258155,0.056833,0.102426,0.053964,0.181183,0.099797,0.067089,0.048329,0.074747
0.029346,0.110475,0.028737,0.155001,0.039652,0.108420,0.234590,0.127787,0.050247,0.115744
0.114134,0.121644,0.119158,0.119791,0.085669,0.039435,0.138248,0.081165,0.073764,0.106992
0.055560,0.105774,0.216651,0.090963,0.051759,0.106140,0.101202,0.095460,0.070994,0.105496
0.017032,0.147787,0.084044,0.127620,0.070732,0.164792,0.166282,0.022262,0.073337,0.126113
0.040211,0.130653,0.227058,0.073130,0.099705,0.195321,0.072032,0.052232,0.060156,0.049501
0.052810,0.075270,0.117125,0.121513,0.119307,0.045370,0.116420,0.126904,0.096601,0.128681
0.101634,0.198905,0.032435,0.101271,0.100200,0.036314,0.103444,0.081468,0.092609,0.151722
0.031928,0.049977,0.289332,0.041992,0.255291,0.115028,0.039551,0.035509,0.099895,0.041496
0.109364,0.137049,0.052179,0.110892,0.061254,0.165343,0.137413,0.110379,0.082719,0.033407
0.073934,0.117727,0.112005,0.073792,0.104060,0.135491,0.112595,0.087002,0.087068,0.096326
0.120696,0.081275,0.105175,0.108168,0.091010,0.118021,0.097001,0.078521,0.084952,0.115180
0.065930,0.307128,0.066661,0.054943,0.029847,0.035864,0.285612,0.036795,0.065516,0.051703
0.078746,0.134614,0.033106,0.109849,0.095396,0.166937,0.109875,0.096286,0.064191,0.110999
0.044191,0.292561,0.126368,0.035682,0.284445,0.057425,0.039325,0.040880,0.026982,0.052141
0.083677,0.102647,0.163785,0.090539,0.062077,0.097024,0.094455,0.086379,0.114695,0.104722
0.020828,0.083335,0.144662,0.093886,0.353154,0.076977,0.078616,0.056783,0.042335,0.049425
0.089907,0.106195,0.226211,0.087032,0.087695,0.090125,0.093539,0.060718,0.067048,0.091530
0.038809,0.095133,0.090740,0.096360,0.085671,0.131800,0.110115,0.105608,0.135116,0.110647
0.037277,0.124450,0.117101,0.095643,0.075192,0.116198,0.120752,0.132013,0.080611,0.100762
0.043579,0.104654,0.230762,0.088179,0.073468,0.126299,0.104680,0.070633,0.057196,0.100550
0.052058,0.255807,0.081552,0.107583,0.067302,0.043672,0.103848,0.113060,0.055434,0.119684
0.080018,0.221871,0.087095,0.092760,0.066556,0.102744,0.100904,0.089473,0.086585,0.071993
0.046993,0.108870,0.191661,0.092809,0.093258,0.123381,0.092936,0.074910,0.075954,0.099229
0.056375,0.053938,0.084075,0.087749,0.034876,0.097690,0.328391,0.067098,0.152647,0.037160
0.117772,0.085256,0.032597,0.109980,0.089622,0.152849,0.140893,0.073717,0.078021,0.119293
0.062619,0.100711,0.166730,0.040903,0.073964,0.085824,0.210095,0.074019,0.080030,0.105106
0.027653,0.067477,0.310096,0.058818,0.260287,0.083950,0.056032,0.038480,0.050094,0.047113
0.074106,0.115507,0.187595,0.094027,0.069823,0.118496,0.105813,0.078089,0.087776,0.068769
0.065168,0.124722,0.210790,0.104497,0.073904,0.102461,0.109637,0.051446,0.080950,0.076425
0.077927,0.087121,0.156988,0.089371,0.041446,0.078343,0.218825,0.072449,0.075684,0.101846
0.056827,0.121027,0.341828,0.107019,0.034112,0.067995,0.075017,0.074241,0.054913,0.067020
0.063513,0.082724,0.088550,0.136369,0.073683,0.116481,0.127724,0.113194,0.083209,0.114553
0.064003,0.089013,0.099177,0.092343,0.069650,0.083271,0.232371,0.069265,0.101030,0.099877
0.057165,0.096440,0.247335,0.104386,0.068448,0.106510,0.084843,0.039302,0.114573,0.080999
0.052144,0.085089,0.101224,0.099171,0.045705,0.079073,0.328809,0.061354,0.049415,0.098016
0.078177,0.140059,0.027710,0.122031,0.054970,0.175223,0.131756,0.125136,0.051867,0.093069
0.069909,0.095733,0.120361,0.125002,0.048091,0.135621,0.100799,0.106970,0.092035,0.105478
0.067191,0.115129,0.090160,0.086491,0.047103,0.031600,0.282775,0.088846,0.066560,0.124145
0.102093,0.093477,0.088509,0.119340,0.098630,0.109452,0.112611,0.104663,0.078964,0.092260
0.041710,0.146524,0.277634,0.048538,0.095072,0.063803,0.098123,0.087111,0.052013,0.089472
0.044667,0.279675,0.080296,0.070021,0.030104,0.044403,0.334279,0.043277,0.054011,0.019267
0.089298,0.093361,0.043479,0.163323,0.127038,0.038165,0.149428,0.103887,0.060733,0.131287
0.054853,0.107835,0.175037,0.093650,0.099877,0.101719,0.098184,0.094882,0.106021,0.067943
0.035917,0.298378,0.066529,0.046861,0.018842,0.054998,0.348023,0.026886,0.046461,0.057106
0.067302,0.149454,0.268850,0.075489,0.032281,0.062533,0.069523,0.098118,0.073162,0.103288
0.069834,0.103381,0.058344,0.042031,0.066208,0.070053,0.280923,0.043519,0.174521,0.091186
0.011756,0.300122,0.137582,0.023569,0.319557,0.077025,0.031610,0.039132,0.024392,0.035255
0.056940,0.207476,0.165014,0.077857,0.063994,0.099205,0.074807,0.101049,0.071838,0.081820
0.027880,0.065761,0.405656,0.058029,0.131765,0.081138,0.063694,0.072650,0.042907,0.050521
0.082664,0.121392,0.086190,0.104954,0.111237,0.126223,0.101530,0.097429,0.072252,0.096129
0.067401,0.105081,0.172816,0.097253,0.096486,0.098026,0.100865,0.037301,0.111892,0.112879
0.065037,0.106628,0.111171,0.098870,0.047089,0.029443,0.284699,0.070910,0.080216,0.105938
0.051806,0.058023,0.364360,0.066010,0.160144,0.115233,0.055344,0.036265,0.044284,0.048531
0.046989,0.104299,0.218654,0.100080,0.105521,0.123943,0.111786,0.063425,0.052932,0.072371
0.068442,0.107998,0.047330,0.129322,0.112980,0.131739,0.113623,0.080258,0.093495,0.114811
0.031941,0.060766,0.245530,0.045339,0.155821,0.091938,0.214327,0.038939,0.057217,0.058181
0.063960,0.264661,0.122483,0.061918,0.068881,0.101411,0.093177,0.098413,0.067687,0.057409
0.067034,0.171481,0.040152,0.108696,0.100897,0.116728,0.102260,0.124029,0.062232,0.106491
0.038079,0.307599,0.020336,0.047540,0.027586,0.136658,0.288718,0.043941,0.057237,0.032305
0.027999,0.148555,0.213928,0.062152,0.090359,0.190914,0.067056,0.057161,0.073591,0.068286
0.037505,0.123549,0.036972,0.058203,0.068474,0.146103,0.209620,0.127165,0.069457,0.122952
0.038195,0.295244,0.048991,0.019330,0.417865,0.053099,0.026397,0.034490,0.026745,0.039644
0.060296,0.060773,0.095775,0.087314,0.325277,0.099361,0.048822,0.034371,0.127127,0.060884
0.036004,0.122443,0.035784,0.136552,0.128014,0.179407,0.135486,0.113531,0.080054,0.032725
0.018621,0.142833,0.025273,0.139061,0.122459,0.031112,0.206938,0.126586,0.074818,0.112300
0.086912,0.108777,0.028086,0.100025,0.108794,0.197994,0.103926,0.117503,0.078000,0.069985
0.057123,0.117576,0.099435,0.127007,0.064677,0.127563,0.108352,0.095847,0.099208,0.103214
0.089951,0.310728,0.066123,0.058773,0.086750,0.074208,0.068867,0.088954,0.076848,0.078798
0.054963,0.103705,0.199324,0.107951,0.067329,0.106826,0.107112,0.072230,0.083901,0.096658
0.085681,0.316626,0.057336,0.034057,0.022228,0.055432,0.303765,0.047621,0.025890,0.051364
0.056889,0.064328,0.131356,0.093329,0.166125,0.142233,0.095492,0.049284,0.122234,0.078729
0.134492,0.094715,0.117639,0.123763,0.070125,0.124835,0.139035,0.029418,0.114904,0.051074
0.109745,0.113718,0.176117,0.058479,0.074748,0.107448,0.119662,0.036641,0.088199,0.115242
0.126013,0.102676,0.101772,0.103678,0.071314,0.121598,0.085945,0.107876,0.083322,0.095808
0.027066,0.329045,0.107375,0.108257,0.075941,0.084981,0.078427,0.026507,0.083899,0.078501
0.020877,0.069786,0.067488,0.131125,0.057927,0.112270,0.280097,0.068112,0.073081,0.119238
0.046233,0.291615,0.049980,0.060873,0.030935,0.018066,0.373294,0.058354,0.035939,0.034711
0.077801,0.107347,0.110723,0.114724,0.101829,0.112670,0.102761,0.090735,0.083562,0.097848
0.037668,0.077485,0.064681,0.104007,0.061611,0.104851,0.273741,0.094127,0.067848,0.113981
0.042031,0.160015,0.027421,0.131125,0.055940,0.134734,0.142176,0.085670,0.085389,0.135499
0.050410,0.041310,0.136355,0.055999,0.332385,0.105335,0.061067,0.049500,0.134558,0.033082
0.055510,0.225303,0.098288,0.079260,0.069517,0.105523,0.082723,0.076165,0.083943,0.123768
0.075688,0.137915,0.160588,0.100731,0.076738,0.134231,0.076250,0.092161,0.060548,0.085150
0.073533,0.059100,0.109352,0.037193,0.371258,0.100406,0.057005,0.077157,0.048234,0.066764
0.042820,0.343473,0.044487,0.058150,0.028626,0.037433,0.303932,0.029261,0.074039,0.037779
0.063575,0.224353,0.158293,0.108247,0.064986,0.110666,0.079321,0.084395,0.073798,0.032366
0.111732,0.105779,0.118002,0.125038,0.087990,0.131896,0.124405,0.021993,0.075637,0.097528
0.081133,0.096240,0.192144,0.120751,0.083740,0.117523,0.121079,0.042322,0.100761,0.044308
0.074394,0.177220,0.114164,0.093854,0.094840,0.083048,0.086982,0.077322,0.086800,0.111376
0.051860,0.232031,0.084414,0.094003,0.080850,0.089004,0.105329,0.089619,0.061308,0.111582
0.040805,0.124736,0.095616,0.124823,0.079389,0.114295,0.109118,0.087813,0.090557,0.132850
0.040114,0.346539,0.047583,0.041313,0.022666,0.045014,0.341531,0.023690,0.031953,0.059596
0.073269,0.284093,0.098049,0.105326,0.038930,0.110564,0.066843,0.056469,0.064264,0.102192
0.066867,0.111444,0.179535,0.120551,0.065649,0.098806,0.100960,0.066666,0.077741,0.111782
0.127420,0.202987,0.120629,0.099166,0.043898,0.076478,0.083284,0.060300,0.120406,0.065433
0.059830,0.154674,0.215432,0.028748,0.095686,0.178427,0.062845,0.096109,0.073160,0.035090
0.093813,0.124265,0.084788,0.090355,0.074170,0.130692,0.109236,0.083278,0.081796,0.127607
0.013393,0.233012,0.086768,0.022951,0.394889,0.058774,0.035148,0.055752,0.057298,0.042015
0.132219,0.228627,0.104400,0.049900,0.042157,0.051952,0.264594,0.028826,0.028053,0.069272
0.042766,0.140821,0.071530,0.132845,0.104446,0.173513,0.128481,0.095032,0.070189,0.040376
0.041122,0.321911,0.156920,0.037413,0.251590,0.046188,0.041955,0.037781,0.038482,0.026637
0.039792,0.066681,0.298542,0.085382,0.122134,0.152162,0.064702,0.044860,0.047348,0.078397
0.124835,0.212151,0.126412,0.050312,0.060652,0.091659,0.102075,0.065819,0.058904,0.107181
0.066802,0.112404,0.046806,0.106026,0.052679,0.193008,0.121682,0.091655,0.105725,0.103213
0.024261,0.050754,0.149320,0.075806,0.215347,0.071137,0.273192,0.055221,0.035991,0.048972
0.021791,0.046179,0.354865,0.094926,0.083759,0.084890,0.100843,0.095244,0.042023,0.075480
0.103172,0.067777,0.161974,0.105829,0.084970,0.091457,0.095123,0.068096,0.107095,0.114507
0.134307,0.096442,0.125935,0.123449,0.082291,0.043439,0.142681,0.088697,0.040503,0.122257
0.084792,0.128614,0.120705,0.065813,0.091351,0.055113,0.131443,0.091587,0.082303,0.148278
0.060580,0.139564,0.102718,0.137265,0.103728,0.051155,0.133095,0.022623,0.114745,0.134526
0.088056,0.321490,0.069372,0.094585,0.081205,0.040234,0.101375,0.028155,0.061787,0.113739
0.090157,0.106369,0.107684,0.108292,0.075990,0.096032,0.097940,0.094660,0.122579,0.100297
0.091644,0.110867,0.076896,0.109486,0.062083,0.123155,0.098776,0.093071,0.117803,0.116219
0.061268,0.109962,0.180800,0.057905,0.097321,0.103194,0.118147,0.092879,0.071216,0.107308
0.065756,0.077437,0.077799,0.110728,0.102951,0.106944,0.107844,0.100992,0.116557,0.132992
0.092375,0.094232,0.075779,0.083623,0.093609,0.087244,0.303390,0.023045,0.084703,0.062000
0.030906,0.099434,0.079713,0.103049,0.089666,0.044711,0.272096,0.085833,0.088011,0.106580
0.014418,0.355135,0.117359,0.020869,0.304003,0.063889,0.029722,0.035404,0.025641,0.033560
0.025359,0.056153,0.090516,0.078154,0.449576,0.100859,0.051157,0.053272,0.045565,0.049389
0.070209,0.084106,0.074376,0.076284,0.072172,0.081841,0.288846,0.078111,0.069411,0.104644
0.034102,0.086736,0.399001,0.069656,0.038128,0.079068,0.109732,0.045971,0.053574,0.084032
0.024892,0.085883,0.063904,0.062207,0.246825,0.091791,0.287305,0.049135,0.066060,0.021999
0.025592,0.324287,0.138937,0.072560,0.166549,0.077169,0.040289,0.055534,0.060565,0.038518
0.062211,0.076234,0.114149,0.061257,0.062754,0.116374,0.283526,0.058849,0.053051,0.111594
0.094200,0.090785,0.289363,0.088229,0.073491,0.084747,0.145388,0.052046,0.047566,0.034185
0.067334,0.229107,0.081396,0.111487,0.081149,0.038563,0.101973,0.113954,0.079084,0.095953
0.021875,0.055713,0.266127,0.114049,0.087409,0.088889,0.132666,0.030466,0.103461,0.099345
0.034220,0.080014,0.101544,0.055727,0.310039,0.102500,0.085651,0.081604,0.073995,0.074706
0.053869,0.306904,0.022874,0.062483,0.025530,0.101438,0.282400,0.036584,0.025997,0.081923
0.039566,0.330111,0.025365,0.014333,0.023466,0.044656,0.321851,0.019187,0.166108,0.015357
0.062713,0.132842,0.115176,0.099530,0.060415,0.144671,0.106731,0.101485,0.090313,0.086125
0.055573,0.086360,0.339180,0.077474,0.074047,0.077986,0.088335,0.063688,0.104393,0.032964
0.038648,0.296072,0.015904,0.051282,0.059697,0.055740,0.345867,0.046267,0.037947,0.052575
0.063436,0.148489,0.101061,0.146609,0.076742,0.055461,0.114444,0.105108,0.065319,0.123330
0.088687,0.051051,0.160218,0.044984,0.067356,0.109656,0.213842,0.075384,0.115096,0.073727
0.065543,0.061863,0.172930,0.080155,0.042955,0.140708,0.226798,0.033415,0.078071,0.097563
0.056355,0.069820,0.207732,0.100697,0.091277,0.104993,0.110808,0.104584,0.086225,0.067509
0.094405,0.133574,0.033918,0.104756,0.120801,0.158508,0.136107,0.111359,0.031533,0.075040
0.136246,0.077855,0.201744,0.068146,0.054896,0.157436,0.130423,0.053093,0.074772,0.045389
0.038336,0.066515,0.059022,0.142023,0.105702,0.042256,0.208083,0.144197,0.042300,0.151566
0.052769,0.136949,0.099711,0.141338,0.070043,0.052116,0.129286,0.139185,0.075008,0.103593
0.061576,0.126160,0.112735,0.078001,0.061962,0.132930,0.127949,0.136797,0.085078,0.076812
0.114753,0.113267,0.113825,0.093036,0.060720,0.116575,0.128658,0.027660,0.099313,0.132193
0.036859,0.113372,0.061358,0.138104,0.079593,0.158308,0.140166,0.105791,0.085582,0.080866
0.078298,0.049572,0.112440,0.061690,0.056040,0.118616,0.297441,0.029316,0.090004,0.106585
0.063308,0.249098,0.055238,0.065209,0.026422,0.058580,0.305121,0.045120,0.066176,0.065728
0.069046,0.225484,0.139046,0.073156,0.225471,0.099029,0.044791,0.029821,0.038688,0.055467
0.091572,0.076255,0.246862,0.091701,0.058619,0.130103,0.104261,0.074859,0.036194,0.089573
0.024657,0.070904,0.340809,0.074676,0.085223,0.141929,0.065492,0.084071,0.044656,0.067581
0.060113,0.114436,0.113014,0.125944,0.101008,0.132831,0.104484,0.074464,0.087443,0.086264
0.053107,0.077042,0.268855,0.089072,0.065097,0.095246,0.146386,0.042116,0.061079,0.101999
0.121689,0.101784,0.081929,0.116767,0.082082,0.105307,0.102864,0.101792,0.079490,0.106296
0.034092,0.077973,0.112703,0.071251,0.043480,0.120434,0.332728,0.033506,0.092530,0.081303
0.055593,0.134165,0.129243,0.141244,0.095471,0.033452,0.113009,0.097473,0.077936,0.122415
0.090734,0.079692,0.115873,0.133308,0.120383,0.116699,0.117183,0.021768,0.104033,0.100326
0.069912,0.095219,0.112284,0.066056,0.042308,0.090616,0.293554,0.066581,0.079363,0.084107
0.039451,0.052521,0.179701,0.046582,0.239585,0.063810,0.257080,0.043094,0.042755,0.035421
0.028281,0.327284,0.085677,0.044359,0.027259,0.040958,0.253194,0.040050,0.086647,0.066290
0.034617,0.313012,0.081625,0.028736,0.021229,0.064758,0.286181,0.043892,0.080023,0.045926
0.065788,0.113299,0.095549,0.125908,0.060902,0.126644,0.100947,0.118707,0.066706,0.125549
0.090748,0.127049,0.124077,0.118635,0.064306,0.043741,0.122250,0.109986,0.074667,0.124541
0.019888,0.092729,0.071681,0.122320,0.089040,0.103136,0.244537,0.094342,0.042089,0.120238
0.020066,0.080136,0.043480,0.121468,0.129213,0.034738,0.259194,0.100275,0.069320,0.142111
0.024899,0.069389,0.134104,0.060218,0.329878,0.103791,0.076681,0.102845,0.078375,0.019818
0.032545,0.086189,0.033910,0.124163,0.116207,0.158034,0.168753,0.083394,0.060512,0.136293
0.059011,0.062033,0.160932,0.092947,0.218384,0.119412,0.070602,0.070390,0.072479,0.073810
0.056026,0.254609,0.166995,0.045721,0.065861,0.087763,0.104595,0.063768,0.052182,0.102480
0.063623,0.294422,0.034015,0.065758,0.034104,0.065294,0.319658,0.024974,0.048420,0.049732
0.048171,0.115094,0.036885,0.122111,0.073533,0.117846,0.212021,0.101777,0.048255,0.124307
0.024043,0.152648,0.052794,0.139108,0.079160,0.124297,0.162445,0.101534,0.046552,0.117419
0.027996,0.366076,0.031814,0.016118,0.202320,0.056074,0.238838,0.023229,0.017728,0.019806
0.114160,0.135222,0.084517,0.120659,0.071009,0.111376,0.111737,0.021261,0.092262,0.137797
0.057568,0.198454,0.124794,0.059213,0.034633,0.094185,0.233566,0.043660,0.074662,0.079266
0.086776,0.082637,0.110514,0.114847,0.063238,0.083205,0.249625,0.062420,0.075706,0.071032
0.037774,0.121189,0.265225,0.109192,0.069117,0.118423,0.121773,0.029717,0.098268,0.029321
0.076272,0.114572,0.116136,0.117774,0.071665,0.111505,0.123610,0.081141,0.076884,0.110440
0.023203,0.098082,0.046659,0.125537,0.125237,0.044990,0.139039,0.095610,0.131223,0.170420
0.080217,0.087104,0.081728,0.079619,0.192513,0.071601,0.117790,0.114638,0.058516,0.116275
0.027586,0.110074,0.129244,0.083953,0.077961,0.040838,0.312199,0.098674,0.084047,0.035424
0.127226,0.114772,0.085763,0.120072,0.082398,0.108771,0.109639,0.021600,0.098798,0.130962
0.065427,0.095371,0.101579,0.062431,0.043409,0.073141,0.316696,0.074798,0.066766,0.100383
0.057372,0.082321,0.097671,0.086397,0.034461,0.101083,0.350237,0.054029,0.062134,0.074294
0.094651,0.086338,0.024410,0.099575,0.104589,0.118959,0.238264,0.073227,0.058069,0.101918
0.079484,0.263712,0.072100,0.056603,0.021777,0.046332,0.313938,0.031598,0.051913,0.062543
0.022610,0.096901,0.032588,0.126173,0.058227,0.163111,0.143741,0.092847,0.136488,0.127315
0.039749,0.042116,0.100925,0.060116,0.355484,0.092449,0.085466,0.067060,0.043946,0.112688
0.101633,0.127513,0.029030,0.111610,0.119847,0.155632,0.151294,0.083905,0.029968,0.089569
0.051500,0.077768,0.111453,0.094814,0.071923,0.038204,0.314846,0.084440,0.122285,0.032768
0.151045,0.102524,0.101278,0.117935,0.066722,0.058196,0.124583,0.028461,0.106653,0.142604
0.022970,0.050762,0.305735,0.054310,0.221848,0.087083,0.073741,0.050004,0.064569,0.068976
0.067504,0.059905,0.098386,0.078744,0.032105,0.076198,0.295451,0.075558,0.112313,0.103835
0.047364,0.060541,0.340675,0.106948,0.092383,0.076637,0.096045,0.061125,0.091522,0.026761
0.060685,0.109349,0.108801,0.103158,0.095138,0.126227,0.115258,0.091350,0.083047,0.106988
0.093119,0.126190,0.109685,0.080430,0.084133,0.108895,0.112475,0.093905,0.091733,0.099434
0.151888,0.077720,0.084814,0.120786,0.097843,0.109010,0.103089,0.022092,0.097320,0.135438
0.026878,0.268236,0.075911,0.027020,0.377419,0.092847,0.029697,0.030531,0.038738,0.032724
0.060037,0.078493,0.283695,0.086482,0.176658,0.095772,0.075803,0.039394,0.037354,0.066312
0.072206,0.090753,0.034825,0.069749,0.084463,0.188851,0.148621,0.131342,0.045154,0.134036
0.060911,0.263048,0.124591,0.062311,0.052130,0.068211,0.230046,0.052160,0.037902,0.048690
0.033689,0.035839,0.192142,0.055535,0.386462,0.066640,0.061684,0.042760,0.055992,0.069256
0.048653,0.267436,0.107726,0.097234,0.075761,0.043916,0.112269,0.113807,0.053109,0.080090
0.081772,0.231455,0.177699,0.084447,0.036131,0.130632,0.083370,0.029734,0.046324,0.098436
0.042193,0.135933,0.179643,0.090515,0.049558,0.106714,0.106212,0.090838,0.060597,0.137798
0.055425,0.291231,0.102119,0.089561,0.051871,0.086743,0.079458,0.088117,0.052182,0.103294
0.122198,0.131853,0.063945,0.161050,0.123096,0.042439,0.139532,0.071367,0.046312,0.098206
0.095454,0.150915,0.057690,0.120140,0.102511,0.054271,0.200062,0.075370,0.054143,0.089445
0.036044,0.144649,0.065192,0.067779,0.124645,0.170714,0.103114,0.134391,0.052832,0.100640
0.073763,0.072746,0.108556,0.086521,0.118580,0.130502,0.109495,0.104474,0.087412,0.107950
0.068040,0.228541,0.068403,0.026731,0.027964,0.073471,0.067694,0.092770,0.321599,0.024788
0.081629,0.038642,0.102556,0.092028,0.059502,0.102628,0.267874,0.033280,0.112859,0.109003
0.069341,0.166261,0.049601,0.152769,0.081768,0.128118,0.118901,0.135044,0.063156,0.035041
0.061728,0.104365,0.198657,0.049935,0.088347,0.116295,0.101337,0.073457,0.082894,0.122984
0.131592,0.173976,0.123366,0.093739,0.058111,0.093769,0.079680,0.064654,0.075628,0.105486
0.025230,0.062269,0.059208,0.049957,0.284338,0.074516,0.332416,0.040281,0.050850,0.020935
0.027462,0.298132,0.043977,0.057720,0.048875,0.039505,0.376676,0.027678,0.036089,0.043885
0.092536,0.147394,0.037199,0.115148,0.146438,0.041889,0.140266,0.029237,0.114182,0.135711
0.062588,0.108694,0.112104,0.134588,0.056112,0.140876,0.115693,0.095835,0.074128,0.099381
0.094035,0.073996,0.254421,0.061570,0.125470,0.096228,0.073215,0.041649,0.096059,0.083357
0.046921,0.128146,0.036599,0.108597,0.135322,0.038530,0.131959,0.131927,0.095479,0.146518
0.085561,0.113390,0.035359,0.175828,0.111604,0.040053,0.135149,0.114355,0.062239,0.126462
0.050470,0.302889,0.083280,0.095535,0.048771,0.089632,0.081300,0.063515,0.110437,0.074171
0.069007,0.092242,0.076406,0.081047,0.034767,0.108976,0.268323,0.101043,0.073583,0.094605
0.137277,0.066919,0.141487,0.118617,0.047823,0.095924,0.215353,0.068763,0.056817,0.051020
0.064995,0.028130,0.200882,0.034118,0.318480,0.042656,0.202231,0.027140,0.039715,0.041652
0.043368,0.083818,0.055888,0.149228,0.063016,0.179733,0.150564,0.111611,0.079431,0.083342
0.038710,0.113951,0.047940,0.112215,0.071337,0.151364,0.137690,0.099747,0.118888,0.108157
0.105317,0.082138,0.201127,0.085051,0.087366,0.120473,0.107370,0.075205,0.093218,0.042735
0.058312,0.083236,0.118407,0.106350,0.069251,0.095078,0.271423,0.088874,0.059192,0.049878
0.131844,0.086459,0.097423,0.043382,0.034468,0.080536,0.316210,0.060960,0.082543,0.066174
0.047188,0.078962,0.245042,0.037503,0.064577,0.177475,0.134448,0.062958,0.070579,0.081267
0.046115,0.116747,0.094756,0.092605,0.123909,0.111339,0.110104,0.108820,0.071468,0.124136
0.037157,0.137919,0.070808,0.104127,0.048339,0.115830,0.224113,0.092051,0.043396,0.126260
0.060203,0.116348,0.091636,0.086436,0.103278,0.130815,0.107688,0.078516,0.131070,0.094011
0.081252,0.095521,0.109732,0.122282,0.074441,0.151269,0.136933,0.028121,0.112289,0.088160
0.036417,0.209906,0.068442,0.090215,0.051566,0.127513,0.087880,0.116288,0.073637,0.138136
0.029479,0.047550,0.067363,0.072522,0.373873,0.113644,0.102831,0.060781,0.062036,0.069922
0.121094,0.208544,0.148658,0.102800,0.048392,0.085091,0.094335,0.054776,0.063718,0.072591
0.097966,0.115963,0.111996,0.112792,0.050934,0.110096,0.103484,0.100700,0.072461,0.123608
0.093521,0.114927,0.073359,0.121846,0.061667,0.122091,0.210454,0.022446,0.062645,0.117044
0.023772,0.259208,0.081543,0.031192,0.050199,0.058122,0.300188,0.084989,0.063948,0.046839
0.087125,0.111585,0.093387,0.109752,0.069799,0.132293,0.120798,0.118550,0.076587,0.080124
0.035245,0.105466,0.113814,0.095082,0.037829,0.072883,0.279323,0.076770,0.088868,0.094719
0.027620,0.157555,0.067553,0.119490,0.106461,0.047512,0.179758,0.026568,0.126043,0.141442
0.027642,0.046909,0.074880,0.061655,0.441931,0.119616,0.055321,0.059174,0.043087,0.069786
0.122081,0.102255,0.180339,0.097890,0.056843,0.097600,0.112384,0.076263,0.047337,0.107009
0.063965,0.096114,0.114514,0.096197,0.063512,0.029499,0.259349,0.109642,0.054244,0.112963
0.043652,0.121556,0.084442,0.115320,0.070945,0.130269,0.258922,0.023525,0.063420,0.087949
0.068299,0.244159,0.080683,0.100257,0.044463,0.118917,0.084621,0.087857,0.058513,0.112231
0.067155,0.265635,0.088605,0.097967,0.053215,0.089220,0.091953,0.117320,0.086734,0.042196
0.101247,0.153527,0.227548,0.040658,0.066732,0.091277,0.073313,0.061146,0.096394,0.088157
0.084682,0.185902,0.150827,0.089642,0.056451,0.107757,0.090279,0.052947,0.070109,0.111403
0.073119,0.098820,0.034137,0.119081,0.100674,0.197122,0.126380,0.090235,0.093170,0.067263
0.027236,0.402514,0.077720,0.034235,0.213115,0.064466,0.047341,0.024984,0.060297,0.048091
0.033954,0.289572,0.104346,0.095896,0.134903,0.077097,0.068133,0.057139,0.065660,0.073301
0.056990,0.103822,0.124303,0.119283,0.092843,0.040862,0.113970,0.115156,0.085534,0.147238
0.044912,0.312446,0.088942,0.056488,0.029204,0.046759,0.264796,0.038309,0.058330,0.059815
0.017979,0.349531,0.057845,0.029942,0.024389,0.036379,0.333195,0.041367,0.060684,0.048689
0.038283,0.371013,0.055164,0.029415,0.285994,0.042562,0.027216,0.054453,0.044175,0.051724
0.117105,0.298217,0.096384,0.066992,0.038512,0.104190,0.075231,0.057287,0.047807,0.098274
0.079904,0.106310,0.199195,0.117516,0.048520,0.121042,0.098398,0.076722,0.068522,0.083871
0.039522,0.372740,0.055523,0.034528,0.033484,0.020805,0.296360,0.034685,0.043015,0.069338
0.058239,0.240400,0.089495,0.075026,0.116379,0.086916,0.100493,0.073562,0.084348,0.075142
0.027261,0.048037,0.088675,0.035843,0.485274,0.056320,0.059310,0.085529,0.050896,0.062853
0.055363,0.085022,0.344107,0.073588,0.101378,0.136347,0.075764,0.050049,0.048511,0.029871
0.115680,0.122896,0.089113,0.107843,0.050248,0.100371,0.106245,0.103232,0.076485,0.127889
0.027003,0.264983,0.161834,0.086437,0.156959,0.076575,0.067411,0.054539,0.050629,0.053629
0.056687,0.142315,0.125113,0.083909,0.097371,0.106983,0.141824,0.029450,0.092134,0.124215
0.028385,0.089639,0.321220,0.101174,0.066786,0.060291,0.093655,0.091797,0.048210,0.098843
0.033877,0.270044,0.073699,0.049311,0.053824,0.040289,0.340108,0.045161,0.060064,0.033622
0.068467,0.106821,0.187245,0.106513,0.072093,0.116295,0.112457,0.076741,0.053299,0.100069
0.068027,0.092450,0.102872,0.084352,0.053269,0.079949,0.297156,0.029066,0.095996,0.096862
0.024160,0.050490,0.366156,0.032361,0.217742,0.072405,0.059446,0.068644,0.044654,0.063942
0.043432,0.117605,0.062379,0.149088,0.083409,0.041862,0.169676,0.151365,0.081603,0.099582
0.086510,0.122456,0.113241,0.079334,0.067843,0.119357,0.129069,0.092152,0.087270,0.102768
0.067531,0.240538,0.109496,0.087999,0.055281,0.078025,0.083766,0.093678,0.072837,0.110849
0.075944,0.112552,0.082664,0.115608,0.096967,0.034807,0.240470,0.069188,0.072757,0.099043
0.062454,0.081860,0.227270,0.073392,0.066738,0.113347,0.106934,0.046866,0.102190,0.118948
0.071819,0.149704,0.045654,0.121392,0.058062,0.129613,0.119358,0.087880,0.081833,0.134686
0.077222,0.104700,0.089032,0.069749,0.073242,0.130313,0.110073,0.123984,0.095260,0.126425
0.042997,0.099370,0.159112,0.101234,0.049480,0.117343,0.225508,0.051326,0.120797,0.032834
0.091099,0.099696,0.211257,0.096017,0.063215,0.098907,0.121911,0.038241,0.068060,0.111595
0.083983,0.130726,0.108388,0.118563,0.054247,0.107004,0.126398,0.091215,0.076749,0.102726
0.045562,0.066035,0.286295,0.059585,0.222084,0.098973,0.077170,0.045353,0.046204,0.052739
0.071423,0.221005,0.179945,0.030464,0.027404,0.077238,0.206739,0.043094,0.081656,0.061032
0.079321,0.115969,0.095249,0.082554,0.083799,0.124378,0.130362,0.107190,0.081145,0.100032
0.052288,0.075385,0.176077,0.100491,0.060676,0.105719,0.109444,0.140148,0.072580,0.107191
0.061583,0.140641,0.046770,0.127518,0.123132,0.197332,0.113738,0.078751,0.077091,0.033443
0.082114,0.101257,0.193929,0.050846,0.073112,0.097005,0.096031,0.119909,0.082928,0.102870
0.049619,0.100393,0.121424,0.111264,0.110528,0.048864,0.128609,0.114576,0.089030,0.125693
0.120411,0.077924,0.065585,0.090876,0.063916,0.072363,0.290571,0.055408,0.070995,0.091952
0.107629,0.080257,0.162812,0.104101,0.065553,0.116190,0.105377,0.062801,0.092301,0.102979
0.061257,0.048009,0.254837,0.055704,0.095683,0.196392,0.060230,0.086096,0.063682,0.078109
0.098889,0.112968,0.082465,0.112690,0.101128,0.129250,0.104557,0.074041,0.085417,0.098596
0.052880,0.126624,0.081281,0.108017,0.053864,0.050091,0.305541,0.125990,0.061752,0.033960
0.075312,0.113094,0.114386,0.117048,0.081380,0.130217,0.095627,0.075804,0.091864,0.105267
0.071310,0.119873,0.109923,0.092233,0.123167,0.104207,0.112967,0.084347,0.072203,0.109771
0.038071,0.045258,0.281609,0.066123,0.165013,0.124389,0.076087,0.071144,0.060137,0.072170
0.082544,0.232494,0.028425,0.142197,0.120839,0.032289,0.118934,0.083737,0.078532,0.080010
0.067273,0.140760,0.122563,0.111548,0.122499,0.037414,0.123206,0.094252,0.086849,0.093636
0.042278,0.111687,0.220467,0.074468,0.076750,0.119150,0.112489,0.111981,0.046700,0.084031
0.114175,0.217740,0.146167,0.076244,0.038510,0.075377,0.083007,0.065782,0.079223,0.103774
0.017578,0.121001,0.069034,0.073720,0.059389,0.131008,0.194522,0.121428,0.078256,0.134064
0.071146,0.116124,0.158791,0.099611,0.094330,0.099572,0.095947,0.073965,0.067095,0.123419
0.043758,0.059060,0.075546,0.066900,0.449812,0.113337,0.067284,0.048519,0.052425,0.023359
0.098182,0.248288,0.042981,0.035814,0.032682,0.044322,0.318003,0.032732,0.042446,0.104551
0.075050,0.071981,0.076037,0.095973,0.247755,0.136810,0.070324,0.056260,0.056739,0.113071
0.073772,0.104604,0.114377,0.123468,0.058869,0.121187,0.107325,0.093100,0.079354,0.123945
0.107155,0.091065,0.139040,0.062973,0.064453,0.074365,0.202759,0.104326,0.064365,0.089499
0.028903,0.037262,0.324589,0.058166,0.244279,0.069370,0.073951,0.036443,0.033342,0.093694
0.058042,0.122407,0.184070,0.078829,0.067621,0.107463,0.108834,0.079234,0.079331,0.114168
0.066126,0.109114,0.116554,0.120365,0.062638,0.108700,0.115858,0.095670,0.089356,0.115618
0.085321,0.143252,0.130867,0.133191,0.088841,0.042684,0.115740,0.101219,0.085822,0.073064
0.066753,0.090950,0.114680,0.116017,0.100102,0.112105,0.120604,0.094251,0.072009,0.112530
0.111264,0.119614,0.115253,0.065723,0.073907,0.115307,0.105825,0.021962,0.140264,0.130880
0.074963,0.093889,0.208384,0.086430,0.047938,0.112419,0.156802,0.051448,0.077828,0.089899
0.095228,0.217381,0.124611,0.109322,0.054229,0.036833,0.112345,0.078764,0.069798,0.101490
0.026568,0.084422,0.061431,0.100285,0.083352,0.173041,0.156112,0.104729,0.098998,0.111063
0.074380,0.324408,0.105678,0.056280,0.074749,0.080334,0.088907,0.025930,0.087623,0.081711
0.030332,0.259741,0.096656,0.024308,0.125154,0.054767,0.296990,0.028099,0.053029,0.030924
0.067356,0.104782,0.136892,0.093901,0.054395,0.091267,0.181740,0.081652,0.093807,0.094208
0.066791,0.124116,0.065029,0.114222,0.093577,0.160162,0.119273,0.083757,0.050635,0.122439
0.098741,0.103716,0.089997,0.127696,0.102714,0.136861,0.112292,0.094897,0.079443,0.053642
0.063434,0.121105,0.044270,0.106073,0.052602,0.208485,0.128556,0.085530,0.071026,0.118919
0.060058,0.064744,0.325468,0.057068,0.102158,0.174747,0.069874,0.063337,0.057128,0.025419
0.088979,0.061662,0.124326,0.089056,0.058106,0.087501,0.174207,0.121352,0.117408,0.077403
0.031099,0.068081,0.111948,0.099409,0.303859,0.139136,0.093869,0.053939,0.041584,0.057075
0.061626,0.036162,0.052044,0.073172,0.442998,0.097562,0.050801,0.069389,0.044381,0.071864
0.064446,0.086764,0.049356,0.152066,0.056572,0.167546,0.158056,0.082229,0.081515,0.101449
0.115179,0.098160,0.106522,0.088499,0.079885,0.119584,0.103389,0.024216,0.132957,0.131609
0.056272,0.122617,0.267220,0.061804,0.039256,0.165287,0.072904,0.042575,0.074145,0.097921
0.057766,0.047112,0.081943,0.095013,0.078366,0.109200,0.261896,0.079196,0.080982,0.108527
0.036408,0.136293,0.045726,0.161888,0.050580,0.037639,0.172581,0.131587,0.110580,0.116719
0.054385,0.296794,0.064787,0.056073,0.025809,0.065995,0.250111,0.043154,0.120308,0.022583
0.038178,0.109255,0.054812,0.137571,0.116785,0.159248,0.104935,0.093118,0.090182,0.095916
0.062233,0.088028,0.106316,0.066553,0.074924,0.084705,0.287678,0.083011,0.078494,0.068057
0.020541,0.233336,0.154551,0.054210,0.232153,0.074915,0.071569,0.064297,0.059939,0.034488
0.064418,0.223771,0.050301,0.093969,0.095836,0.122707,0.096519,0.062621,0.049575,0.140284
0.122794,0.133615,0.067682,0.065961,0.132542,0.049641,0.130780,0.027319,0.136034,0.133633
0.084535,0.045960,0.078652,0.113351,0.076780,0.089072,0.287151,0.031443,0.102919,0.090138
0.050801,0.306477,0.088289,0.079871,0.047231,0.096483,0.108434,0.068725,0.070589,0.083099
0.066410,0.083191,0.029669,0.118059,0.083772,0.178573,0.150416,0.101726,0.089700,0.098485
0.076798,0.119521,0.093546,0.125380,0.058618,0.120977,0.126172,0.096720,0.081423,0.100846
0.112014,0.064179,0.061851,0.118967,0.075181,0.168536,0.165506,0.027707,0.086320,0.119740
0.048276,0.327112,0.078864,0.055180,0.050341,0.056615,0.289408,0.040451,0.030236,0.023517
0.066222,0.108372,0.185061,0.103767,0.053683,0.119202,0.100718,0.075818,0.076405,0.110750
0.047164,0.131632,0.060196,0.137356,0.082051,0.046074,0.258438,0.092976,0.055808,0.088304
0.061122,0.271529,0.076326,0.088052,0.049080,0.107141,0.092811,0.078317,0.109609,0.066013
0.051774,0.069283,0.254196,0.073441,0.043488,0.124763,0.093800,0.043955,0.135214,0.110087
0.090319,0.225341,0.106645,0.093231,0.055587,0.109282,0.092790,0.024634,0.088446,0.113724
0.068967,0.077492,0.175163,0.093815,0.090472,0.099299,0.095485,0.086915,0.107919,0.104473
0.076420,0.078008,0.187444,0.104266,0.060830,0.115042,0.101611,0.103580,0.074095,0.098704
0.085621,0.109986,0.117484,0.090839,0.050525,0.127466,0.120286,0.084865,0.082181,0.130746
0.049889,0.053324,0.257719,0.025296,0.301229,0.086941,0.058083,0.047782,0.066435,0.053303
0.050616,0.095474,0.142159,0.043424,0.050131,0.090621,0.197307,0.079137,0.158756,0.092375
0.083231,0.172279,0.291547,0.033232,0.074985,0.093755,0.089715,0.059157,0.061479,0.040620
0.096133,0.119844,0.084894,0.124225,0.115701,0.049520,0.130031,0.088707,0.077118,0.113827
0.068770,0.152160,0.059303,0.139539,0.139082,0.040954,0.143020,0.074766,0.074857,0.107549
0.043027,0.059257,0.162855,0.049982,0.108460,0.111285,0.200066,0.089260,0.072718,0.103091
0.014684,0.278123,0.097339,0.017141,0.281630,0.057866,0.168043,0.017128,0.061180,0.006867
0.125541,0.146479,0.100502,0.140552,0.103008,0.053445,0.143832,0.025048,0.116713,0.044880
0.079242,0.217432,0.177752,0.101788,0.067523,0.117233,0.065114,0.029369,0.058992,0.085555
0.052232,0.199989,0.243673,0.056779,0.096473,0.121550,0.054861,0.050642,0.035755,0.088047
0.100320,0.062648,0.123699,0.094673,0.053023,0.109878,0.186407,0.111808,0.087296,0.070247
0.045806,0.119198,0.034196,0.119744,0.128480,0.159248,0.128481,0.114820,0.079779,0.070248
0.078196,0.087411,0.195633,0.103404,0.081571,0.117259,0.116001,0.089560,0.081936,0.049029
0.120975,0.107284,0.083610,0.110364,0.095000,0.100057,0.099013,0.083411,0.080853,0.119433
0.085600,0.117688,0.233447,0.059731,0.069131,0.138772,0.080747,0.065649,0.069724,0.079512
0.038871,0.115746,0.202512,0.059535,0.108495,0.118035,0.112550,0.039644,0.099196,0.105416
0.032454,0.083325,0.100663,0.074785,0.090476,0.102144,0.346687,0.075353,0.056819,0.037296
0.034923,0.099782,0.066676,0.117121,0.115375,0.156860,0.131043,0.025256,0.083174,0.169790
0.058311,0.076424,0.086581,0.077515,0.065798,0.065142,0.293676,0.054078,0.151397,0.071079
0.094532,0.119493,0.120570,0.096642,0.103208,0.116253,0.117302,0.100151,0.085996,0.045853
0.026487,0.041256,0.198758,0.051542,0.064070,0.231195,0.119240,0.056100,0.130864,0.080489
0.105966,0.094742,0.083331,0.095656,0.043298,0.087892,0.283536,0.072746,0.091111,0.041722
0.023112,0.084610,0.272274,0.084426,0.039645,0.079127,0.198972,0.033900,0.069185,0.114749
0.034494,0.059502,0.155747,0.059015,0.065587,0.089590,0.237551,0.117124,0.077668,0.103721
0.053253,0.058283,0.346892,0.076918,0.158660,0.088627,0.070342,0.044301,0.053410,0.049314
0.048172,0.279588,0.018096,0.078282,0.043012,0.021839,0.298316,0.069734,0.054345,0.088616
0.075882,0.371435,0.035941,0.025571,0.079206,0.030515,0.279048,0.033985,0.028464,0.039954
0.021175,0.115173,0.187843,0.049399,0.089986,0.128678,0.189811,0.073043,0.044324,0.100567
0.066142,0.090578,0.175228,0.105666,0.072638,0.111344,0.110331,0.072720,0.084494,0.110859
0.039784,0.141193,0.041765,0.128952,0.109183,0.110721,0.212735,0.082590,0.047845,0.085231
0.065433,0.267070,0.106332,0.096227,0.071916,0.087992,0.091263,0.079993,0.061244,0.072531
0.039685,0.317483,0.066718,0.029824,0.024766,0.046016,0.368763,0.040392,0.027176,0.039177
0.022228,0.106362,0.037097,0.177527,0.059239,0.040137,0.202721,0.141299,0.087737,0.125654
0.094418,0.319767,0.032899,0.036523,0.037909,0.050916,0.285610,0.021417,0.072764,0.047777
0.082195,0.106420,0.116185,0.130405,0.105933,0.118701,0.101922,0.107235,0.063523,0.067480
0.025513,0.357907,0.027947,0.030137,0.021200,0.019335,0.348540,0.027457,0.089128,0.052836
0.041708,0.236197,0.115292,0.038630,0.033612,0.045276,0.064863,0.093959,0.269216,0.061246
0.066290,0.106651,0.099112,0.126717,0.060455,0.040745,0.274026,0.089825,0.090645,0.045534
0.019382,0.055540,0.260196,0.046562,0.258859,0.056611,0.169001,0.045178,0.031982,0.056689
0.093331,0.032144,0.079083,0.034421,0.251212,0.037338,0.318172,0.042456,0.059895,0.051949
0.063236,0.280962,0.103235,0.089429,0.055871,0.107268,0.086712,0.077688,0.058250,0.077349
0.082521,0.251988,0.079787,0.054664,0.068785,0.092295,0.108407,0.068575,0.080812,0.112166
0.039794,0.119394,0.063541,0.128151,0.124453,0.155047,0.136575,0.086774,0.055685,0.090586
0.034560,0.060076,0.220240,0.105497,0.096038,0.103548,0.125154,0.088829,0.042456,0.123603
0.079252,0.163789,0.183331,0.086438,0.042838,0.131425,0.105266,0.062427,0.048160,0.097075
0.054284,0.272566,0.129141,0.030336,0.047775,0.070644,0.048186,0.090357,0.202793,0.053919
0.051433,0.169560,0.069724,0.127698,0.060682,0.135424,0.137017,0.105192,0.063237,0.080034
0.097699,0.117028,0.063141,0.128729,0.100162,0.129730,0.118467,0.020192,0.076571,0.148281
0.031780,0.029262,0.085085,0.051510,0.351207,0.055340,0.260368,0.022955,0.061840,0.050654
0.124451,0.094362,0.098797,0.087760,0.046515,0.080226,0.272278,0.053775,0.056899,0.084937
0.158668,0.118877,0.088111,0.080741,0.086441,0.111747,0.109304,0.022203,0.102007,0.121901
0.048769,0.071484,0.174746,0.108691,0.068895,0.108384,0.192895,0.077531,0.104302,0.044304
0.132618,0.096435,0.140886,0.059015,0.077434,0.084502,0.166465,0.069317,0.086964,0.086365
0.038869,0.181693,0.247214,0.045940,0.242895,0.063358,0.050079,0.047439,0.031616,0.050897
0.104078,0.057196,0.189774,0.078405,0.043016,0.068612,0.093248,0.068594,0.262629,0.034448
0.054153,0.114337,0.327176,0.046716,0.045575,0.091413,0.108669,0.027326,0.080521,0.104115
0.033713,0.190783,0.049416,0.129949,0.046928,0.139971,0.147047,0.102454,0.076216,0.083525
0.086105,0.091184,0.112351,0.085415,0.095349,0.134176,0.106402,0.083094,0.080811,0.125113
0.057839,0.136208,0.082636,0.149462,0.129921,0.061037,0.122910,0.024479,0.090396,0.145114
0.100405,0.120354,0.043459,0.167803,0.116778,0.047014,0.160173,0.027324,0.103010,0.113680
0.044561,0.171054,0.048560,0.107738,0.105597,0.034082,0.147284,0.118934,0.078936,0.143255
0.057031,0.102290,0.201745,0.087593,0.068420,0.113542,0.105985,0.078956,0.081324,0.103112
0.057896,0.265013,0.047721,0.112354,0.090798,0.085471,0.093632,0.106959,0.051000,0.089157
0.073596,0.095163,0.103890,0.084475,0.124528,0.046715,0.140825,0.127246,0.037293,0.166268
0.043306,0.347998,0.064628,0.036788,0.033348,0.044858,0.321097,0.032025,0.052477,0.023474
0.074779,0.287600,0.080250,0.047383,0.102327,0.087487,0.082640,0.087462,0.072858,0.077213
0.068763,0.091792,0.227261,0.095519,0.056212,0.166220,0.088721,0.042897,0.129122,0.033492
0.066948,0.266111,0.110514,0.100577,0.055200,0.088950,0.086854,0.068110,0.069923,0.086814
0.067843,0.133359,0.097423,0.121860,0.077133,0.123223,0.111336,0.024807,0.092050,0.150965
0.063904,0.180212,0.025528,0.054602,0.101424,0.183707,0.092600,0.073102,0.066985,0.157936
0.074526,0.109036,0.112431,0.102521,0.066453,0.120689,0.116260,0.091525,0.130287,0.076273
0.036305,0.099635,0.200084,0.104047,0.051228,0.123897,0.213897,0.090330,0.052056,0.028520
0.117984,0.095882,0.161372,0.106017,0.064440,0.110216,0.085504,0.068227,0.080011,0.110346
0.070893,0.116138,0.023303,0.125306,0.074064,0.124933,0.210847,0.087779,0.086045,0.080693
0.024795,0.157385,0.048958,0.177511,0.061236,0.063753,0.268981,0.038329,0.123912,0.035140
0.059607,0.108457,0.147124,0.101623,0.095191,0.115027,0.102284,0.070817,0.069684,0.130185
0.044375,0.178413,0.083263,0.030958,0.464635,0.070376,0.038274,0.026231,0.051264,0.012210
0.052470,0.313338,0.078860,0.031645,0.024080,0.071788,0.290378,0.044608,0.066336,0.026497
0.078191,0.273172,0.104290,0.108035,0.094754,0.031273,0.077368,0.079117,0.073365,0.080435
0.056456,0.293103,0.125045,0.111462,0.072771,0.042602,0.101651,0.075521,0.084795,0.036594
0.027695,0.313790,0.081926,0.068155,0.029788,0.057077,0.278094,0.039628,0.054797,0.049050
0.032197,0.056854,0.177191,0.085871,0.301530,0.067459,0.063836,0.093275,0.069723,0.052063
0.021698,0.135255,0.027883,0.147903,0.055830,0.165959,0.116204,0.091856,0.105900,0.131512
