0.071086,0.775309,0.153605
0.011212,0.725914,0.262874
0.984885,0.015115,0.000000
0.970550,0.029304,0.000146
0.990844,0.009156,0.000000
0.101761,0.762910,0.135329
0.040976,0.230726,0.728298
0.594141,0.405859,0.000000
0.309441,0.689449,0.001110
0.368164,0.585000,0.046836
0.996312,0.003687,0.000000
0.921893,0.078098,0.000009
0.854465,0.145382,0.000153
0.013702,0.162836,0.823462
0.997156,0.002844,0.000000
0.244682,0.720791,0.034527
0.083876,0.609280,0.306844
0.993418,0.006582,0.000000
0.994744,0.005256,0.000000
0.997333,0.002667,0.000000
0.002178,0.995828,0.001994
0.996729,0.003271,0.000000
0.014889,0.356400,0.628711
0.977849,0.022151,0.000000
0.000357,0.001220,0.998424
0.908194,0.091795,0.000011
0.993273,0.006727,0.000000
0.997260,0.002740,0.000000
0.846106,0.153043,0.000851
0.316918,0.277828,0.405253
0.705953,0.294047,0.000000
0.903897,0.096075,0.000027
0.422210,0.577789,0.000001
0.996516,0.003484,0.000000
0.628076,0.371919,0.000005
0.000026,0.000086,0.999888
0.915138,0.084856,0.000005
0.667777,0.319035,0.013187
0.538969,0.460852,0.000179
0.012614,0.055829,0.931557
0.992398,0.007602,0.000000
0.565957,0.434033,0.000010
0.000069,0.000094,0.999837
0.330797,0.669197,0.000006
0.994394,0.005606,0.000000
0.997215,0.002785,0.000000
0.481482,0.501880,0.016638
0.997839,0.002161,0.000000
0.007495,0.047728,0.944777
0.003356,0.991786,0.004858
0.987124,0.012872,0.000004
0.927118,0.072882,0.000000
0.002602,0.995738,0.001660
0.013921,0.052655,0.933424
0.004544,0.328713,0.666743
0.062132,0.494892,0.442976
0.457313,0.542679,0.000008
0.024292,0.129883,0.845825
0.992216,0.007784,0.000000
0.884391,0.115395,0.000215
0.577917,0.420011,0.002072
0.024096,0.029103,0.946800
0.820361,0.161865,0.017774
0.996449,0.003551,0.000000
0.061999,0.460830,0.477171
0.428687,0.571313,0.000001
0.451944,0.547118,0.000938
0.001431,0.990207,0.008363
0.022820,0.146493,0.830687
0.516018,0.483511,0.000471
0.038931,0.791532,0.169537
0.009795,0.119625,0.870580
0.969824,0.030173,0.000003
0.602201,0.378967,0.018832
0.991819,0.008180,0.000000
0.992985,0.007015,0.000000
0.289706,0.710294,0.000000
0.984444,0.015555,0.000000
0.002229,0.991972,0.005799
0.016166,0.151024,0.832810
0.955222,0.044750,0.000028
0.811148,0.184162,0.004690
0.995934,0.004066,0.000000
0.303041,0.696821,0.000137
0.228432,0.771212,0.000356
0.001803,0.994944,0.003253
0.996444,0.003556,0.000000
0.173641,0.789503,0.036856
0.605925,0.392650,0.001425
0.019270,0.219801,0.760929
0.551708,0.448284,0.000008
0.290577,0.705874,0.003549
0.027776,0.487369,0.484855
0.001378,0.998534,0.000088
0.236251,0.763371,0.000379
0.990048,0.009952,0.000000
0.821100,0.174122,0.004778
0.484130,0.515364,0.000506
0.406616,0.593373,0.000011
0.996747,0.003253,0.000000
0.000952,0.985413,0.013635
0.484958,0.515041,0.000001
0.969476,0.030524,0.000000
0.274447,0.721284,0.004269
0.012196,0.179006,0.808798
0.995835,0.004165,0.000000
0.011122,0.447711,0.541166
0.005335,0.940668,0.053997
0.951728,0.045320,0.002952
0.012422,0.594730,0.392848
0.008757,0.011389,0.979853
0.426220,0.573701,0.000080
0.992658,0.007341,0.000000
0.019273,0.304528,0.676199
0.006725,0.017738,0.975536
0.977369,0.022631,0.000000
0.981387,0.017605,0.001009
0.995279,0.004719,0.000001
0.982143,0.017739,0.000118
0.212448,0.678093,0.109459
0.996954,0.003046,0.000000
0.984550,0.015450,0.000000
0.962810,0.037190,0.000000
0.979293,0.020707,0.000000
0.361492,0.638276,0.000232
0.520305,0.478987,0.000708
0.031126,0.400230,0.568644
0.111632,0.569094,0.319274
0.400019,0.599979,0.000002
0.014025,0.021327,0.964648
0.032356,0.428648,0.538996
0.016007,0.339663,0.644330
0.306753,0.693242,0.000004
0.001527,0.003874,0.994599
0.692244,0.307213,0.000544
0.000323,0.000495,0.999182
0.008313,0.085347,0.906340
0.001577,0.987976,0.010447
0.001100,0.997526,0.001374
0.987177,0.012823,0.000000
0.000141,0.000034,0.999824
0.001204,0.924588,0.074208
0.891384,0.046296,0.062320
0.550808,0.449186,0.000006
0.150480,0.809859,0.039660
0.968257,0.031743,0.000000
0.985935,0.014004,0.000062
0.003655,0.031302,0.965043
0.079492,0.852899,0.067609
0.995647,0.004353,0.000000
0.990726,0.009274,0.000000
0.980691,0.019309,0.000000
0.989234,0.010766,0.000000
0.229344,0.767394,0.003263
0.003653,0.988542,0.007805
0.004363,0.102477,0.893160
0.905975,0.093749,0.000276
0.009020,0.009124,0.981856
0.995782,0.004218,0.000000
0.004055,0.010206,0.985739
0.994581,0.005419,0.000000
0.219710,0.778987,0.001303
0.996800,0.003200,0.000000
0.990837,0.009163,0.000000
0.462864,0.537127,0.000009
0.016072,0.481299,0.502629
0.005620,0.962934,0.031446
0.002476,0.996714,0.000811
0.993438,0.006562,0.000000
0.992874,0.007126,0.000000
0.303401,0.691238,0.005361
0.339068,0.654891,0.006041
0.000738,0.004270,0.994992
0.988246,0.011752,0.000002
0.053035,0.154050,0.792915
0.195810,0.803373,0.000817
0.001488,0.970677,0.027835
0.432035,0.567260,0.000706
0.988769,0.011073,0.000157
0.021676,0.784894,0.193430
0.992480,0.007520,0.000000
0.017626,0.760640,0.221734
0.636421,0.363578,0.000000
0.761268,0.221249,0.017483
0.995691,0.004309,0.000000
0.984212,0.015770,0.000017
0.000205,0.000771,0.999025
0.407182,0.591802,0.001016
0.995495,0.004505,0.000000
0.403206,0.596794,0.000000
0.193148,0.806810,0.000042
0.355594,0.643409,0.000997
0.003865,0.994918,0.001217
0.997195,0.002805,0.000000
0.009727,0.034294,0.955978
0.985414,0.011875,0.002711
0.346843,0.652953,0.000205
0.553603,0.063421,0.382975
0.000505,0.002127,0.997368
0.182361,0.817489,0.000150
0.005674,0.011233,0.983093
0.995257,0.004743,0.000000
0.992447,0.007553,0.000000
0.989676,0.010324,0.000000
0.099377,0.727000,0.173623
0.000174,0.000987,0.998839
0.975731,0.024165,0.000104
0.005644,0.989180,0.005176
0.003566,0.018434,0.978000
0.520972,0.471292,0.007736
0.086836,0.796377,0.116787
0.518386,0.480415,0.001199
0.394801,0.605193,0.000006
0.985548,0.013195,0.001257
0.966111,0.028454,0.005434
0.972120,0.027879,0.000000
0.994067,0.005933,0.000000
0.006726,0.151333,0.841941
0.152423,0.840332,0.007245
0.996837,0.003163,0.000000
0.974688,0.025312,0.000000
0.587445,0.411777,0.000778
0.018221,0.408212,0.573567
0.000585,0.955846,0.043569
0.764331,0.233637,0.002033
0.987253,0.012747,0.000000
0.033728,0.267164,0.699108
0.912821,0.085551,0.001628
0.992830,0.007169,0.000000
0.449354,0.550637,0.000009
0.435651,0.564339,0.000010
0.286298,0.712262,0.001440
0.009045,0.172378,0.818578
0.981497,0.018503,0.000000
0.988512,0.011486,0.000002
0.934572,0.065428,0.000000
0.323960,0.676035,0.000006
0.385275,0.614712,0.000013
0.046005,0.267278,0.686717
0.995404,0.004596,0.000000
0.466709,0.529831,0.003460
0.996358,0.003642,0.000000
0.972139,0.027860,0.000000
0.250796,0.743976,0.005227
0.047474,0.304562,0.647964
0.453010,0.546909,0.000082
0.996825,0.003175,0.000000
0.333533,0.656767,0.009700
0.003670,0.990951,0.005379
0.992156,0.007844,0.000000
0.232674,0.622358,0.144968
0.971145,0.027237,0.001618
0.032493,0.560676,0.406831
0.978377,0.021623,0.000000
0.433130,0.566631,0.000240
0.183513,0.803477,0.013010
0.467942,0.532029,0.000028
0.306802,0.693155,0.000042
0.003919,0.012518,0.983563
0.079850,0.502755,0.417395
0.993602,0.006397,0.000000
0.024430,0.682647,0.292924
0.035248,0.508256,0.456497
0.995803,0.004197,0.000000
0.003767,0.976917,0.019316
0.003361,0.990431,0.006209
0.012992,0.519501,0.467508
0.310201,0.689792,0.000007
0.527230,0.468443,0.004327
0.001705,0.994966,0.003328
0.540688,0.459308,0.000004
0.033641,0.163387,0.802972
0.007836,0.006321,0.985843
0.989220,0.010780,0.000000
0.019893,0.385453,0.594654
0.874905,0.110400,0.014694
0.004042,0.006924,0.989033
0.001963,0.994983,0.003055
0.872664,0.109977,0.017359
0.359726,0.638439,0.001834
0.049218,0.306433,0.644350
0.920507,0.077993,0.001500
0.989662,0.010338,0.000000
0.471640,0.528293,0.000068
0.793484,0.205563,0.000953
0.765086,0.220036,0.014878
0.995685,0.004315,0.000000
0.996495,0.003505,0.000000
0.225060,0.720289,0.054651
0.814816,0.184115,0.001068
0.989712,0.010288,0.000000
0.003747,0.010648,0.985605
0.009299,0.663726,0.326976
0.995448,0.004552,0.000000
0.877403,0.122488,0.000109
0.986805,0.013186,0.000009
0.981072,0.018928,0.000000
0.988040,0.011960,0.000001
0.515957,0.484043,0.000000
0.984507,0.015493,0.000000
0.013964,0.046565,0.939471
0.997605,0.002395,0.000000
0.172707,0.780502,0.046791
0.997305,0.002695,0.000000
0.994470,0.005530,0.000000
0.021540,0.061311,0.917149
0.227829,0.745851,0.026320
0.997342,0.002658,0.000000
0.933335,0.066665,0.000000
0.394406,0.605591,0.000004
0.613718,0.386174,0.000109
0.967560,0.032440,0.000000
0.015077,0.114145,0.870777
0.003761,0.688107,0.308132
0.012111,0.038502,0.949387
0.994197,0.005803,0.000000
0.334498,0.664883,0.000619
0.000800,0.003856,0.995343
0.949702,0.050298,0.000000
0.995188,0.004812,0.000000
0.996684,0.003316,0.000000
0.996404,0.003596,0.000000
0.988218,0.011782,0.000000
0.001831,0.013648,0.984520
0.755855,0.244040,0.000105
0.987771,0.012229,0.000000
0.267406,0.732373,0.000221
0.008108,0.886386,0.105506
0.620346,0.379598,0.000056
0.838418,0.033993,0.127589
0.995125,0.004875,0.000000
0.992299,0.007701,0.000000
0.022817,0.046083,0.931099
0.519651,0.479890,0.000459
0.032978,0.064154,0.902868
0.009797,0.051334,0.938868
0.995974,0.004026,0.000000
0.973824,0.026175,0.000000
0.009104,0.051404,0.939492
0.564942,0.435058,0.000001
0.984179,0.015798,0.000023
0.003408,0.983776,0.012815
0.992222,0.007778,0.000000
0.353133,0.646859,0.000008
0.009371,0.281318,0.709311
0.614646,0.285631,0.099724
0.875464,0.124425,0.000112
0.324504,0.674371,0.001125
0.312934,0.687038,0.000028
0.989345,0.010655,0.000000
0.989760,0.010240,0.000000
0.282786,0.643419,0.073795
0.003952,0.994431,0.001617
0.956425,0.043575,0.000000
0.435288,0.488784,0.075927
0.424966,0.575030,0.000004
0.000397,0.002078,0.997526
0.249754,0.747407,0.002839
0.869392,0.130412,0.000196
0.919435,0.080561,0.000004
0.991360,0.008640,0.000000
0.000120,0.000684,0.999196
0.443301,0.547612,0.009087
0.001681,0.004579,0.993740
0.996011,0.003988,0.000001
0.987587,0.012412,0.000001
0.276497,0.722254,0.001249
0.024482,0.662395,0.313123
0.988239,0.011420,0.000341
0.164170,0.772625,0.063205
0.019049,0.142584,0.838367
0.618438,0.381555,0.000007
0.993640,0.006360,0.000000
0.975475,0.024525,0.000000
0.996508,0.003492,0.000000
0.005856,0.027118,0.967026
0.885238,0.114726,0.000037
0.248345,0.751653,0.000002
0.915690,0.080102,0.004208
0.007290,0.311709,0.681002
0.996673,0.003327,0.000000
0.024982,0.451121,0.523898
0.567504,0.432495,0.000001
0.009490,0.058232,0.932278
0.418792,0.581148,0.000060
0.017693,0.131219,0.851088
0.003112,0.956510,0.040378
0.006239,0.753246,0.240514
0.284223,0.707204,0.008573
0.985644,0.014356,0.000000
0.706802,0.290918,0.002280
0.531164,0.468836,0.000000
0.001034,0.996244,0.002722
0.988174,0.011790,0.000036
0.004083,0.994331,0.001586
0.992171,0.007829,0.000000
0.000864,0.985590,0.013546
0.009915,0.319330,0.670754
0.627403,0.369971,0.002626
0.022503,0.288499,0.688998
0.017504,0.535475,0.447021
0.175365,0.824623,0.000011
0.553321,0.446678,0.000000
0.990140,0.009860,0.000000
0.832245,0.167678,0.000077
0.303312,0.657414,0.039274
0.018213,0.733462,0.248325
0.467814,0.529329,0.002857
0.960645,0.039354,0.000001
0.008997,0.550527,0.440476
0.372509,0.627483,0.000008
0.993940,0.006060,0.000000
0.518188,0.481601,0.000211
0.533227,0.466225,0.000547
0.032840,0.500978,0.466182
0.000610,0.007502,0.991888
0.002976,0.006717,0.990307
0.531809,0.464052,0.004139
0.993980,0.006020,0.000000
0.980715,0.016033,0.003252
0.945218,0.054555,0.000227
0.742202,0.255498,0.002299
0.856437,0.143416,0.000147
0.205374,0.759263,0.035363
0.983730,0.016267,0.000003
0.003994,0.994279,0.001727
0.552737,0.447262,0.000000
0.000380,0.000440,0.999180
0.449199,0.550797,0.000004
0.968489,0.031511,0.000000
0.480778,0.517297,0.001925
0.991544,0.008456,0.000000
0.227880,0.736136,0.035984
0.988297,0.011703,0.000000
0.926653,0.073340,0.000007
0.454336,0.517912,0.027751
0.969434,0.030566,0.000000
0.015174,0.337790,0.647036
0.002923,0.977480,0.019598
0.459896,0.539817,0.000287
0.580037,0.418350,0.001614
0.006791,0.992689,0.000520
0.020256,0.097022,0.882721
0.997934,0.002066,0.000000
0.002234,0.996261,0.001505
0.325592,0.670430,0.003978
0.029768,0.674023,0.296209
0.001674,0.996219,0.002106
0.103395,0.754277,0.142328
0.983529,0.016442,0.000029
0.023841,0.440817,0.535342
0.993182,0.006818,0.000000
0.338441,0.656838,0.004720
0.000038,0.000117,0.999845
0.156664,0.490846,0.352489
0.977912,0.021779,0.000309
0.003411,0.006670,0.989920
0.352184,0.647611,0.000205
0.000048,0.000049,0.999902
0.001568,0.998180,0.000251
0.895284,0.104715,0.000000
0.093225,0.637391,0.269384
0.954449,0.031078,0.014472
0.027556,0.618569,0.353876
0.008539,0.092347,0.899114
0.976713,0.023287,0.000000
0.005183,0.015958,0.978860
0.013431,0.038583,0.947986
0.570432,0.426689,0.002879
0.987411,0.012580,0.000009
0.994442,0.005558,0.000000
0.883712,0.021969,0.094319
0.005090,0.028711,0.966200
0.795413,0.204356,0.000231
0.002579,0.873859,0.123562
0.995983,0.004017,0.000000
0.115824,0.883682,0.000494
0.996762,0.003238,0.000000
0.015917,0.038179,0.945905
0.306778,0.693221,0.000001
0.994770,0.005230,0.000000
0.579383,0.420598,0.000020
0.491058,0.508940,0.000002
0.000935,0.997944,0.001121
0.993316,0.006684,0.000000
0.900102,0.099801,0.000097
0.560825,0.436080,0.003095
0.992006,0.007994,0.000000
0.485591,0.514409,0.000000
0.994104,0.005896,0.000000
0.522468,0.476332,0.001200
0.434557,0.565424,0.000019
0.956222,0.043778,0.000000
0.001480,0.994293,0.004227
0.962917,0.037035,0.000048
0.943691,0.056275,0.000034
0.003303,0.025776,0.970921
0.806333,0.192049,0.001618
0.922416,0.077584,0.000000
0.317842,0.642174,0.039984
0.000635,0.978343,0.021022
0.993611,0.006271,0.000118
0.000499,0.000162,0.999339
0.361866,0.638121,0.000014
0.996881,0.003119,0.000000
0.635792,0.364100,0.000108
0.977857,0.022102,0.000040
0.030532,0.873894,0.095573
0.000915,0.005507,0.993577
0.003941,0.008076,0.987983
0.285188,0.714788,0.000023
0.360961,0.639037,0.000002
0.966562,0.033438,0.000000
0.997401,0.002599,0.000000
0.992560,0.007440,0.000000
0.527849,0.472150,0.000001
0.001024,0.993246,0.005730
0.000448,0.002054,0.997498
0.991439,0.008561,0.000000
0.479033,0.520512,0.000455
0.340607,0.653043,0.006350
0.002364,0.002873,0.994763
0.038473,0.241325,0.720202
0.004904,0.004976,0.990119
0.505129,0.494639,0.000232
0.001441,0.995803,0.002756
0.026883,0.243572,0.729545
0.002050,0.984286,0.013665
0.014774,0.517516,0.467711
0.984490,0.015510,0.000000
0.957694,0.040584,0.001722
0.920704,0.053898,0.025398
0.985651,0.014349,0.000000
0.006465,0.151865,0.841670
0.216419,0.740484,0.043097
0.897332,0.097195,0.005472
0.140725,0.858849,0.000426
0.051949,0.650437,0.297613
0.265426,0.734569,0.000005
0.717012,0.282987,0.000002
0.990522,0.009478,0.000000
0.616138,0.383859,0.000003
0.000097,0.000295,0.999609
0.026503,0.080047,0.893451
0.948185,0.051814,0.000001
0.610461,0.377561,0.011978
0.992206,0.007794,0.000000
0.008001,0.722851,0.269148
0.944636,0.055364,0.000000
0.190559,0.784297,0.025144
0.225258,0.759190,0.015552
0.976399,0.019627,0.003974
0.001040,0.997227,0.001733
0.005665,0.976730,0.017606
0.888414,0.111548,0.000038
0.968909,0.031091,0.000000
0.188568,0.804094,0.007337
0.991225,0.008775,0.000000
0.684804,0.315195,0.000000
0.005625,0.023595,0.970780
0.002795,0.075483,0.921722
0.001711,0.927500,0.070790
0.005985,0.024614,0.969402
0.456350,0.543648,0.000002
0.047873,0.184787,0.767340
0.931555,0.066021,0.002424
0.923897,0.072257,0.003845
0.284704,0.712379,0.002917
0.984192,0.015808,0.000000
0.995835,0.004165,0.000000
0.932969,0.067031,0.000000
0.985469,0.014531,0.000000
0.003855,0.132251,0.863894
0.982535,0.017465,0.000000
0.263327,0.719048,0.017625
0.000402,0.001197,0.998401
0.822424,0.172177,0.005399
0.001896,0.875764,0.122341
0.991345,0.008655,0.000000
0.126337,0.872844,0.000819
0.437281,0.562718,0.000001
0.719769,0.273648,0.006583
0.029416,0.051213,0.919371
0.908922,0.091022,0.000056
0.396529,0.603434,0.000037
0.353803,0.645358,0.000839
0.662064,0.336817,0.001119
0.996159,0.003841,0.000000
0.004387,0.929643,0.065970
0.934259,0.065713,0.000028
0.507197,0.489397,0.003406
0.012880,0.098221,0.888900
0.506812,0.493187,0.000001
0.951200,0.026564,0.022236
0.014523,0.016202,0.969275
0.996890,0.003110,0.000000
0.005811,0.613866,0.380323
0.003439,0.987179,0.009382
0.285363,0.714632,0.000005
0.000893,0.992327,0.006780
0.914867,0.084113,0.001020
0.941142,0.058850,0.000007
0.498732,0.501263,0.000005
0.019990,0.511152,0.468859
0.880124,0.119871,0.000005
0.132933,0.866318,0.000749
0.998235,0.001765,0.000000
0.358704,0.639889,0.001408
0.978199,0.021801,0.000000
0.934509,0.065490,0.000000
0.000425,0.000104,0.999471
0.119400,0.367333,0.513267
0.076177,0.480002,0.443821
0.006875,0.184813,0.808312
0.995390,0.004610,0.000000
0.001932,0.012883,0.985185
0.003155,0.971788,0.025058
0.470655,0.529344,0.000001
0.945096,0.048738,0.006166
0.989813,0.010187,0.000000
0.988851,0.011135,0.000014
0.001826,0.005858,0.992316
0.908340,0.091312,0.000349
0.001455,0.002601,0.995944
0.985119,0.014881,0.000000
0.475913,0.524073,0.000014
0.012242,0.051844,0.935913
0.388622,0.611378,0.000000
0.973221,0.026779,0.000000
0.001260,0.998133,0.000607
0.000452,0.002921,0.996627
0.975998,0.024002,0.000000
0.555377,0.444433,0.000190
0.970631,0.029350,0.000018
0.001185,0.005061,0.993755
0.251101,0.748883,0.000016
0.992147,0.007840,0.000013
0.731723,0.266572,0.001705
0.913115,0.075424,0.011461
0.121372,0.691645,0.186983
0.002875,0.075892,0.921233
0.982061,0.017939,0.000000
0.296705,0.703246,0.000049
0.366369,0.585446,0.048185
0.901035,0.098735,0.000230
0.018869,0.086283,0.894848
0.983741,0.016216,0.000043
0.357564,0.630107,0.012329
0.000685,0.998904,0.000411
0.995513,0.004487,0.000000
0.533271,0.449424,0.017305
0.009376,0.267505,0.723119
0.306840,0.658053,0.035107
0.974872,0.025128,0.000000
0.508034,0.491814,0.000152
0.000871,0.984661,0.014468
0.996894,0.003106,0.000000
0.069055,0.603692,0.327253
0.970476,0.029524,0.000000
0.014239,0.090697,0.895064
0.944439,0.054965,0.000596
0.002379,0.035871,0.961750
0.718728,0.273925,0.007347
0.997176,0.002824,0.000000
0.007276,0.804260,0.188464
0.634404,0.364898,0.000699
0.989655,0.010344,0.000001
0.036849,0.484118,0.479033
0.261670,0.722701,0.015629
0.962900,0.037100,0.000000
0.981021,0.018978,0.000001
0.575327,0.340992,0.083681
0.003640,0.984665,0.011695
0.611472,0.388499,0.000029
0.636107,0.363892,0.000001
0.996401,0.003599,0.000000
0.994792,0.005207,0.000001
0.000920,0.990974,0.008106
0.485172,0.514803,0.000025
0.340837,0.625148,0.034016
0.015313,0.070180,0.914507
0.993981,0.006018,0.000002
0.005510,0.210771,0.783719
0.992406,0.007594,0.000000
0.987226,0.012774,0.000000
0.990530,0.009470,0.000000
0.986305,0.013695,0.000000
0.002070,0.957528,0.040402
0.896910,0.102314,0.000776
0.000073,0.000059,0.999868
0.992775,0.007225,0.000000
0.251142,0.736527,0.012331
0.024948,0.121517,0.853535
0.000981,0.931291,0.067727
0.005120,0.036982,0.957898
0.475154,0.524841,0.000005
0.000399,0.002477,0.997124
0.071981,0.663388,0.264631
0.009876,0.064694,0.925430
0.022805,0.606933,0.370262
0.228419,0.694696,0.076885
0.989794,0.010206,0.000000
0.995344,0.004655,0.000001
0.013101,0.290388,0.696510
0.705176,0.261914,0.032911
0.107257,0.328300,0.564443
0.018397,0.404903,0.576700
0.059982,0.370955,0.569064
0.503066,0.496803,0.000132
0.009844,0.026304,0.963852
0.996764,0.003236,0.000000
0.000956,0.951513,0.047531
0.004166,0.017153,0.978682
0.146223,0.772669,0.081108
0.411986,0.588013,0.000000
0.297690,0.613077,0.089233
0.005547,0.019292,0.975162
0.716586,0.282819,0.000595
0.996562,0.003438,0.000000
0.000551,0.001075,0.998374
0.001403,0.997708,0.000889
0.341939,0.641589,0.016472
0.993307,0.006693,0.000000
0.578140,0.383433,0.038426
0.019364,0.564918,0.415718
0.282915,0.717069,0.000016
0.697284,0.302400,0.000316
0.237208,0.744882,0.017910
0.724353,0.225332,0.050315
0.994615,0.005385,0.000000
0.263347,0.736633,0.000020
0.001960,0.996196,0.001844
0.395737,0.604260,0.000002
0.521899,0.478088,0.000013
0.194969,0.469007,0.336023
0.261272,0.735067,0.003660
0.489122,0.510878,0.000001
0.860992,0.127160,0.011848
0.964982,0.033975,0.001042
0.532714,0.463354,0.003932
0.433469,0.554670,0.011862
0.017142,0.514993,0.467866
0.959757,0.040243,0.000000
0.029988,0.190642,0.779370
0.960903,0.039097,0.000000
0.996220,0.003780,0.000000
0.343639,0.656360,0.000001
0.001888,0.997834,0.000278
0.974772,0.025216,0.000012
0.273012,0.642639,0.084348
0.024739,0.556485,0.418776
0.993879,0.006115,0.000006
0.395773,0.604226,0.000001
0.513393,0.486607,0.000000
0.275294,0.722466,0.002240
0.000566,0.000075,0.999359
0.000582,0.938148,0.061270
0.882327,0.117665,0.000008
0.006134,0.572925,0.420942
0.571100,0.428161,0.000739
0.000702,0.992534,0.006764
0.693085,0.305378,0.001537
0.550392,0.449202,0.000405
0.873244,0.126729,0.000027
0.390083,0.609869,0.000048
0.109062,0.890913,0.000025
0.748087,0.251913,0.000000
0.993317,0.006683,0.000000
0.531039,0.468877,0.000085
0.006032,0.011578,0.982390
0.285049,0.714936,0.000015
0.868474,0.075467,0.056059
0.693631,0.306365,0.000003
0.995291,0.004710,0.000000
0.516367,0.483624,0.000009
0.152485,0.619579,0.227935
0.014533,0.091747,0.893720
0.000536,0.000850,0.998615
0.791995,0.205517,0.002488
0.344004,0.645539,0.010457
0.204208,0.795744,0.000049
0.456062,0.458556,0.085382
0.993490,0.006511,0.000000
0.960190,0.039810,0.000000
0.110249,0.543003,0.346748
0.000643,0.993412,0.005945
0.890036,0.109950,0.000014
0.935941,0.063246,0.000813
0.995861,0.004139,0.000000
0.000235,0.000838,0.998927
0.043555,0.674908,0.281537
0.001149,0.989658,0.009193
0.986514,0.013486,0.000000
0.003659,0.691389,0.304951
0.002861,0.029846,0.967294
0.982242,0.017564,0.000194
0.028322,0.838294,0.133384
0.085239,0.837135,0.077626
0.996034,0.003966,0.000000
0.345229,0.648224,0.006547
0.000931,0.980756,0.018313
0.561490,0.438510,0.000000
0.005089,0.261356,0.733554
0.609747,0.390232,0.000021
0.995609,0.004391,0.000000
0.705165,0.293748,0.001088
0.070871,0.652692,0.276437
0.001373,0.006109,0.992517
0.996789,0.003211,0.000000
0.998163,0.001837,0.000000
0.516849,0.475909,0.007242
0.001467,0.905744,0.092789
0.076627,0.922901,0.000473
0.995079,0.004921,0.000000
0.985742,0.014258,0.000000
0.997014,0.002986,0.000000
0.523368,0.476631,0.000001
0.744380,0.255042,0.000578
0.996521,0.003479,0.000000
0.994638,0.005362,0.000000
0.903923,0.096067,0.000010
0.000162,0.000166,0.999672
0.981593,0.018407,0.000000
0.457258,0.542733,0.000010
0.986354,0.013646,0.000000
0.420754,0.576458,0.002788
0.945014,0.054985,0.000000
0.000676,0.006084,0.993240
0.794712,0.203889,0.001399
0.524918,0.467249,0.007833
0.996169,0.003831,0.000000
0.611406,0.387304,0.001290
0.998058,0.001942,0.000000
0.482176,0.517672,0.000152
0.994609,0.005391,0.000000
0.995859,0.004141,0.000000
0.996893,0.003107,0.000000
0.986715,0.013285,0.000000
0.978817,0.021183,0.000000
0.015297,0.355455,0.629248
0.006260,0.076099,0.917641
0.988623,0.011376,0.000000
0.280405,0.719585,0.000010
0.505449,0.494551,0.000000
0.810379,0.183566,0.006055
0.001522,0.003865,0.994613
0.995501,0.004498,0.000000
0.001379,0.990374,0.008246
0.995686,0.004314,0.000000
0.513249,0.486747,0.000004
0.090366,0.712167,0.197467
0.001782,0.994996,0.003222
0.031984,0.071963,0.896053
0.003766,0.984760,0.011474
0.319037,0.476832,0.204131
0.005086,0.612159,0.382754
0.021561,0.449924,0.528515
0.004926,0.883231,0.111843
0.970855,0.029093,0.000052
0.287854,0.696951,0.015195
0.000542,0.001151,0.998307
0.994642,0.005358,0.000000
0.070058,0.598773,0.331170
0.349616,0.650158,0.000226
0.002121,0.924914,0.072965
0.995742,0.004258,0.000000
0.000061,0.000011,0.999928
0.952711,0.047289,0.000000
0.004963,0.009537,0.985500
0.993175,0.006824,0.000000
0.988081,0.011917,0.000002
0.992847,0.007153,0.000000
0.333576,0.666423,0.000001
0.002343,0.325016,0.672641
0.996513,0.003487,0.000000
0.995946,0.004055,0.000000
0.888805,0.111155,0.000041
0.189996,0.807355,0.002649
0.437148,0.558562,0.004290
0.010610,0.067394,0.921996
0.329647,0.670345,0.000008
0.104272,0.652091,0.243637
0.040833,0.358938,0.600229
0.235239,0.762743,0.002017
0.002134,0.990069,0.007797
0.017920,0.062830,0.919250
0.997935,0.002065,0.000000
0.982304,0.017696,0.000000
0.278071,0.721824,0.000106
0.256050,0.731274,0.012675
0.345016,0.654984,0.000001
0.514740,0.485253,0.000008
0.291033,0.703981,0.004985
0.002748,0.024786,0.972466
0.905830,0.093940,0.000230
0.254619,0.745051,0.000330
0.001234,0.005380,0.993387
0.989111,0.010888,0.000000
0.001349,0.908478,0.090172
0.825114,0.173341,0.001545
0.566217,0.432500,0.001284
0.418902,0.581072,0.000025
0.023115,0.066228,0.910657
0.000000,0.000000,0.999999
0.991013,0.008987,0.000000
0.393996,0.604349,0.001655
0.638639,0.349735,0.011627
0.001204,0.000189,0.998607
0.913336,0.086657,0.000007
0.488924,0.510596,0.000480
0.449626,0.548683,0.001691
0.044761,0.166979,0.788261
0.978237,0.021762,0.000001
0.006293,0.261369,0.732338
0.160205,0.826196,0.013599
0.974426,0.025574,0.000000
0.860085,0.139618,0.000297
0.987726,0.012274,0.000000
0.989628,0.010369,0.000004
0.499439,0.500561,0.000000
0.231790,0.762198,0.006012
0.348116,0.651882,0.000002
0.001159,0.998526,0.000315
0.046740,0.428513,0.524747
0.023041,0.058606,0.918354
0.917187,0.082809,0.000005
0.994052,0.005948,0.000000
0.995390,0.004610,0.000000
0.040442,0.115682,0.843876
0.987117,0.012883,0.000000
0.130207,0.869693,0.000100
0.988394,0.011606,0.000000
0.011515,0.022586,0.965899
0.004932,0.190472,0.804596
0.229061,0.746967,0.023972
0.402839,0.594866,0.002295
0.995567,0.004433,0.000000
0.043981,0.628170,0.327849
0.034599,0.086294,0.879107
0.000829,0.709088,0.290083
0.001212,0.989638,0.009150
0.013791,0.237797,0.748412
0.921307,0.023140,0.055553
0.375147,0.589660,0.035193
0.983181,0.016819,0.000000
0.000634,0.002069,0.997297
0.020483,0.125118,0.854399
0.021801,0.402380,0.575819
0.029378,0.179738,0.790885
0.001045,0.004670,0.994285
0.026858,0.087326,0.885816
0.335791,0.662705,0.001503
0.095519,0.364079,0.540402
0.996545,0.003455,0.000000
0.451288,0.548708,0.000004
0.143310,0.731941,0.124749
0.983704,0.012776,0.003520
0.591412,0.407769,0.000819
0.168152,0.815228,0.016619
0.996542,0.003458,0.000000
0.004088,0.020393,0.975519
0.995728,0.004272,0.000000
0.997994,0.002006,0.000000
0.985308,0.014692,0.000000
0.982864,0.017135,0.000000
0.995804,0.004196,0.000000
0.013177,0.025706,0.961117
0.001622,0.011068,0.987310
0.241467,0.756591,0.001942
0.002243,0.996806,0.000951
0.443369,0.482825,0.073806
0.414357,0.585642,0.000000
0.979013,0.020966,0.000020
0.001566,0.007245,0.991189
0.913462,0.086163,0.000374
0.028627,0.665602,0.305771
0.961956,0.038044,0.000000
0.988590,0.011410,0.000000
0.475787,0.524202,0.000011
0.976002,0.022740,0.001259
0.434371,0.565364,0.000265
0.008501,0.032552,0.958946
0.363849,0.532933,0.103218
0.324452,0.440812,0.234736
0.001701,0.996446,0.001853
0.880913,0.118030,0.001058
0.088819,0.846011,0.065170
0.000268,0.000100,0.999632
0.994257,0.005743,0.000000
0.996010,0.003990,0.000000
0.968659,0.031341,0.000000
0.892577,0.107342,0.000080
0.996088,0.003912,0.000000
0.078656,0.758618,0.162726
0.001570,0.711558,0.286872
0.925846,0.074050,0.000104
0.443811,0.556187,0.000002
0.512146,0.487845,0.000010
0.884341,0.115533,0.000127
0.288529,0.494235,0.217236
0.448273,0.550572,0.001154
0.994913,0.005087,0.000000
0.995663,0.004337,0.000000
0.971852,0.027758,0.000390
0.330891,0.669046,0.000062
0.473037,0.526658,0.000305
0.258163,0.738188,0.003649
0.978648,0.021352,0.000000
0.407484,0.592515,0.000001
0.971358,0.028641,0.000000
0.302043,0.697930,0.000027
0.275535,0.544489,0.179976
0.993397,0.006603,0.000000
0.001195,0.998096,0.000709
0.266441,0.592561,0.140998
0.414111,0.202789,0.383100
0.460838,0.539045,0.000117
0.346439,0.653560,0.000001
0.026116,0.543941,0.429942
0.618057,0.381886,0.000057
0.000688,0.004710,0.994602
0.012331,0.115399,0.872269
0.960614,0.025606,0.013780
0.992029,0.007971,0.000000
0.289744,0.710238,0.000018
0.011733,0.062520,0.925747
0.020604,0.443594,0.535802
0.773716,0.222916,0.003369
0.031863,0.355631,0.612506
0.393324,0.602898,0.003778
0.991359,0.008634,0.000007
0.983339,0.016661,0.000000
0.989683,0.010317,0.000000
0.016511,0.878325,0.105164
0.001889,0.002387,0.995724
0.991311,0.008689,0.000000
0.870946,0.127959,0.001095
0.502599,0.497168,0.000233
0.281016,0.711597,0.007387
0.958254,0.041739,0.000008
0.928101,0.070834,0.001065
0.133881,0.866099,0.000021
0.986253,0.013747,0.000000
0.988786,0.011214,0.000000
0.006111,0.836159,0.157731
0.006682,0.978164,0.015154
0.957671,0.042097,0.000232
0.881989,0.117993,0.000019
0.237783,0.762201,0.000016
0.983303,0.016697,0.000000
0.971456,0.027157,0.001388
0.403785,0.595217,0.000998
0.547925,0.139945,0.312130
0.997754,0.002246,0.000000
0.268377,0.731608,0.000015
0.983589,0.016411,0.000000
0.001412,0.002572,0.996016
0.021273,0.486087,0.492641
0.002463,0.006826,0.990710
0.272671,0.727291,0.000038
0.067529,0.664977,0.267493
0.075733,0.458797,0.465470
0.923766,0.076233,0.000001
0.030389,0.777199,0.192412
0.940314,0.055804,0.003882
0.008306,0.084560,0.907133
0.000816,0.004402,0.994783
0.964333,0.032606,0.003060
0.025064,0.576124,0.398811
0.038502,0.547955,0.413544
0.000572,0.992001,0.007426
0.032479,0.199949,0.767572
0.632450,0.306772,0.060778
0.990245,0.009755,0.000000
0.000684,0.010067,0.989249
0.003324,0.008184,0.988492
0.362275,0.635358,0.002367
0.001073,0.966190,0.032737
0.017621,0.316445,0.665934
0.040170,0.553649,0.406181
0.994148,0.005852,0.000000
0.000696,0.998088,0.001216
0.004235,0.994649,0.001115
0.026980,0.393371,0.579649
0.001730,0.996646,0.001624
0.738790,0.260937,0.000273
0.000271,0.000081,0.999648
0.618616,0.380456,0.000928
0.336862,0.663138,0.000001
0.982025,0.017975,0.000000
0.001582,0.990139,0.008279
0.994916,0.005084,0.000000
0.979518,0.019789,0.000692
0.001248,0.900802,0.097950
0.318001,0.681997,0.000001
0.939355,0.060645,0.000000
0.013288,0.035715,0.950997
0.608583,0.391412,0.000005
0.001920,0.018506,0.979574
0.990687,0.009313,0.000000
0.504415,0.488660,0.006924
0.006141,0.010632,0.983227
0.113130,0.885729,0.001141
0.992900,0.007100,0.000000
0.009288,0.094777,0.895935
0.241005,0.758993,0.000002
0.458943,0.540966,0.000090
0.004310,0.986167,0.009523
0.584228,0.091176,0.324595
0.011336,0.426181,0.562483
0.994550,0.005450,0.000000
0.986234,0.013766,0.000000
0.012520,0.063682,0.923799
0.332436,0.661252,0.006312
0.001607,0.000399,0.997994
0.468122,0.522954,0.008924
0.993934,0.006066,0.000000
0.023593,0.369529,0.606879
0.997940,0.002060,0.000000
0.049724,0.860089,0.090188
0.928175,0.071824,0.000002
0.986046,0.013954,0.000000
0.096720,0.707346,0.195934
0.095318,0.904012,0.000671
0.818188,0.172631,0.009181
0.956762,0.043238,0.000000
0.969419,0.030581,0.000000
0.001812,0.976060,0.022128
0.483717,0.516276,0.000007
0.932706,0.034889,0.032405
0.994181,0.005819,0.000001
0.540970,0.447735,0.011295
0.990790,0.009204,0.000005
0.001085,0.001528,0.997388
0.577552,0.410187,0.012261
0.436755,0.557941,0.005304
0.984761,0.015239,0.000000
0.279981,0.719991,0.000028
0.523097,0.476903,0.000001
0.015767,0.815878,0.168355
0.014490,0.038115,0.947394
0.992279,0.007721,0.000000
0.380874,0.615139,0.003987
0.962015,0.037970,0.000016
0.006705,0.099087,0.894208
0.009658,0.074535,0.915807
0.994382,0.005617,0.000000
0.078344,0.406685,0.514971
0.037644,0.894406,0.067951
0.004440,0.925023,0.070536
0.012789,0.578272,0.408940
0.986144,0.012575,0.001281
0.429473,0.570034,0.000493
0.002251,0.985931,0.011818
0.418695,0.581304,0.000001
0.941928,0.058072,0.000000
0.360881,0.639080,0.000040
0.001363,0.996660,0.001977
0.271637,0.631285,0.097078
0.399169,0.600818,0.000013
0.914736,0.085241,0.000023
0.922681,0.077315,0.000004
0.881101,0.105048,0.013851
0.017733,0.106805,0.875462
0.058813,0.578540,0.362647
0.000238,0.000582,0.999180
0.342260,0.657740,0.000000
0.001719,0.997572,0.000709
0.002152,0.914223,0.083626
0.974062,0.025894,0.000044
0.098705,0.822997,0.078297
0.004559,0.994718,0.000723
0.000060,0.000140,0.999800
0.912412,0.087578,0.000010
0.016329,0.630229,0.353442
0.505520,0.494105,0.000374
0.556342,0.442347,0.001311
0.000827,0.986430,0.012743
0.831014,0.025896,0.143090
0.000069,0.000008,0.999923
0.327263,0.672667,0.000070
0.343718,0.651452,0.004831
0.011540,0.303990,0.684471
0.013485,0.519901,0.466614
0.330291,0.669707,0.000002
0.020315,0.533133,0.446552
0.938718,0.055983,0.005299
0.970105,0.029894,0.000000
0.994716,0.005284,0.000000
0.561921,0.437823,0.000255
0.430414,0.569579,0.000006
0.001222,0.961187,0.037591
0.956327,0.043673,0.000000
0.478286,0.520768,0.000946
0.061472,0.741473,0.197054
0.009754,0.031790,0.958456
0.993181,0.006820,0.000000
0.001789,0.995507,0.002704
0.995850,0.004150,0.000000
0.630218,0.369769,0.000013
0.290863,0.709135,0.000002
0.240974,0.739756,0.019270
0.528973,0.470983,0.000044
0.001248,0.995866,0.002886
0.002226,0.996613,0.001161
0.873122,0.070209,0.056669
0.812850,0.138042,0.049108
0.000407,0.000094,0.999499
0.960250,0.033241,0.006509
0.942545,0.017066,0.040388
0.276578,0.710682,0.012740
0.980452,0.019548,0.000000
0.047230,0.844625,0.108146
0.237782,0.598462,0.163756
0.007923,0.034293,0.957783
0.476600,0.523400,0.000000
0.032782,0.669390,0.297828
0.011374,0.197839,0.790788
0.997474,0.002526,0.000000
0.572544,0.348583,0.078873
0.981945,0.018055,0.000000
0.944436,0.055506,0.000058
0.005869,0.011002,0.983129
0.001406,0.979215,0.019379
0.880591,0.119334,0.000075
0.011886,0.497594,0.490520
0.806451,0.193417,0.000131
0.021617,0.076273,0.902110
0.043115,0.467737,0.489149
0.000509,0.002329,0.997162
0.015299,0.066060,0.918641
0.102071,0.665175,0.232754
0.053597,0.212065,0.734338
0.270696,0.654977,0.074326
0.002082,0.986875,0.011043
0.442015,0.557980,0.000005
0.213786,0.750710,0.035504
0.011904,0.242470,0.745626
0.014891,0.361559,0.623550
0.978360,0.021640,0.000000
0.810951,0.187631,0.001419
0.029350,0.058196,0.912454
0.006200,0.978770,0.015030
0.303495,0.696500,0.000004
0.996769,0.003231,0.000000
0.908632,0.038985,0.052383
0.329722,0.670278,0.000000
0.075104,0.604881,0.320015
0.989488,0.010501,0.000011
0.001322,0.979020,0.019658
0.140952,0.540871,0.318177
0.508714,0.491236,0.000050
0.996031,0.003969,0.000000
0.458797,0.541121,0.000083
0.000117,0.000746,0.999136
0.956267,0.043733,0.000000
0.981111,0.018889,0.000000
0.427787,0.572171,0.000042
0.333837,0.658245,0.007918
0.989148,0.010852,0.000000
0.993715,0.006285,0.000000
0.948238,0.051761,0.000001
0.998153,0.001847,0.000000
0.000869,0.000180,0.998951
0.450541,0.548409,0.001050
0.008447,0.383476,0.608077
0.083403,0.340933,0.575665
0.042728,0.815136,0.142135
0.035464,0.410714,0.553822
0.317503,0.682465,0.000032
0.497727,0.502253,0.000020
0.879782,0.120187,0.000031
0.951670,0.019957,0.028374
0.427873,0.572125,0.000002
0.984751,0.015249,0.000000
0.380711,0.616062,0.003228
0.004183,0.911343,0.084475
0.340632,0.649029,0.010339
0.010869,0.041876,0.947255
0.033010,0.398527,0.568463
0.011781,0.814253,0.173966
0.279745,0.720245,0.000010
0.685236,0.301707,0.013057
0.989215,0.010785,0.000000
0.007632,0.071634,0.920734
0.993193,0.006806,0.000001
0.000045,0.000039,0.999917
0.990475,0.009486,0.000039
0.491642,0.508296,0.000062
0.982333,0.017667,0.000000
0.000168,0.000691,0.999140
0.893605,0.106021,0.000375
0.192236,0.797724,0.010041
0.013995,0.024739,0.961266
0.967488,0.032512,0.000000
0.012966,0.585985,0.401049
0.988193,0.011807,0.000000
0.991785,0.007713,0.000502
0.495042,0.504947,0.000011
0.102817,0.541709,0.355474
0.997613,0.002387,0.000000
0.994668,0.005332,0.000000
0.992694,0.007306,0.000000
0.616864,0.383064,0.000072
0.017524,0.623731,0.358745
0.842722,0.035058,0.122220
0.059755,0.220564,0.719681
0.973982,0.026018,0.000000
0.321718,0.678282,0.000000
0.936083,0.063895,0.000021
0.412173,0.587819,0.000007
0.119602,0.640817,0.239581
0.992876,0.007124,0.000000
0.551157,0.448827,0.000016
0.043102,0.141970,0.814928
0.001568,0.979040,0.019392
0.000675,0.985744,0.013581
0.738553,0.102420,0.159027
0.996477,0.003523,0.000000
0.978303,0.021642,0.000055
0.604513,0.394582,0.000905
0.369202,0.572493,0.058305
0.047175,0.525576,0.427250
0.956097,0.041767,0.002136
0.424489,0.575510,0.000001
0.176876,0.756001,0.067124
0.910744,0.030948,0.058308
0.442927,0.556976,0.000097
0.000067,0.000167,0.999765
0.270937,0.729060,0.000003
0.275113,0.724839,0.000048
0.988276,0.011724,0.000000
0.001408,0.010143,0.988449
0.185293,0.813275,0.001432
0.477539,0.522458,0.000003
0.132433,0.838910,0.028657
0.567480,0.429983,0.002538
0.377076,0.621279,0.001645
0.052462,0.584377,0.363161
0.948108,0.045074,0.006818
0.915786,0.084191,0.000023
0.994124,0.005876,0.000000
0.993713,0.006253,0.000035
0.383382,0.616618,0.000000
0.573491,0.426502,0.000007
0.988740,0.011260,0.000000
0.315937,0.668101,0.015962
0.002771,0.982911,0.014318
0.987412,0.012588,0.000000
0.827370,0.172320,0.000310
0.976158,0.023842,0.000000
0.962397,0.037603,0.000000
0.317416,0.682494,0.000091
0.847782,0.093464,0.058754
0.003850,0.122295,0.873855
0.963860,0.030011,0.006129
0.888008,0.111961,0.000031
0.477043,0.512284,0.010673
0.009459,0.146442,0.844099
0.931128,0.068871,0.000001
0.007036,0.852977,0.139987
0.053754,0.120480,0.825766
0.001306,0.998451,0.000243
0.301787,0.622438,0.075776
0.972449,0.027348,0.000203
0.003857,0.833501,0.162642
0.980350,0.019650,0.000000
0.979336,0.020638,0.000026
0.871356,0.128561,0.000082
0.407621,0.592374,0.000006
0.954306,0.045694,0.000000
0.993984,0.006016,0.000000
0.009679,0.247437,0.742884
0.996607,0.003393,0.000000
0.337519,0.662413,0.000067
0.011467,0.028722,0.959811
0.997452,0.002548,0.000000
0.994782,0.005218,0.000000
0.488619,0.509063,0.002318
0.965308,0.034688,0.000004
0.036405,0.319199,0.644397
0.000032,0.000005,0.999963
0.699642,0.300354,0.000004
0.985182,0.014815,0.000002
0.593846,0.406153,0.000001
0.010701,0.066528,0.922772
0.004673,0.971678,0.023648
0.516629,0.482917,0.000454
0.014400,0.021072,0.964528
0.837662,0.162230,0.000108
0.016478,0.089714,0.893808
0.022833,0.181597,0.795570
0.436110,0.562068,0.001822
0.980614,0.019386,0.000000
0.018672,0.634216,0.347112
0.001450,0.001507,0.997043
0.942410,0.057590,0.000000
0.293012,0.706985,0.000003
0.453388,0.531174,0.015438
0.993152,0.006848,0.000000
0.993134,0.006866,0.000000
0.949278,0.050722,0.000000
0.003703,0.029096,0.967201
0.516798,0.455543,0.027659
0.039083,0.162079,0.798838
0.391974,0.497925,0.110101
0.358080,0.640009,0.001911
0.297537,0.701718,0.000745
0.980372,0.019627,0.000000
0.992969,0.007031,0.000000
0.978427,0.021573,0.000000
0.997564,0.002436,0.000000
0.001562,0.007328,0.991110
0.989361,0.010639,0.000000
0.000432,0.000188,0.999379
0.967093,0.032907,0.000000
0.983143,0.016857,0.000000
0.555949,0.438777,0.005274
0.721536,0.270749,0.007715
0.060872,0.630426,0.308702
0.811026,0.145270,0.043704
0.967183,0.032818,0.000000
0.984752,0.015248,0.000000
0.096182,0.645215,0.258603
0.227372,0.435249,0.337379
0.965864,0.034136,0.000000
0.009536,0.205032,0.785432
0.031515,0.560470,0.408015
0.004646,0.011768,0.983586
0.978311,0.021624,0.000065
0.037055,0.737534,0.225411
0.034773,0.613849,0.351378
0.079635,0.583063,0.337303
0.975890,0.024110,0.000000
0.806833,0.192634,0.000533
0.996518,0.003482,0.000000
0.580594,0.415895,0.003510
0.249988,0.747809,0.002204
0.374709,0.625290,0.000000
0.001648,0.997905,0.000447
0.004375,0.025075,0.970550
0.003763,0.069699,0.926538
0.992596,0.007143,0.000261
0.023161,0.401803,0.575036
0.004096,0.009698,0.986206
0.012382,0.407708,0.579910
0.480154,0.517260,0.002586
0.006556,0.007681,0.985763
0.109319,0.686384,0.204297
0.030659,0.559489,0.409852
0.672652,0.311176,0.016172
0.005693,0.041700,0.952606
0.777390,0.208440,0.014169
0.032046,0.126690,0.841264
0.225859,0.689713,0.084428
0.015017,0.449184,0.535799
0.203242,0.784522,0.012236
0.411535,0.588462,0.000003
0.537463,0.462536,0.000001
0.508364,0.491600,0.000036
0.001214,0.989808,0.008978
0.207527,0.788438,0.004035
0.459544,0.540456,0.000000
0.987511,0.012489,0.000000
0.456145,0.543808,0.000047
0.034127,0.175784,0.790089
0.980246,0.019749,0.000005
0.992376,0.007624,0.000000
0.997090,0.002910,0.000000
0.000770,0.998828,0.000402
0.992829,0.007171,0.000000
0.995568,0.004432,0.000000
0.225067,0.712452,0.062480
0.988995,0.011005,0.000000
0.989514,0.010486,0.000000
0.998133,0.001867,0.000000
0.444550,0.555442,0.000008
0.571229,0.428649,0.000122
0.218523,0.781475,0.000002
0.004316,0.542420,0.453264
0.960431,0.018819,0.020750
