0.031421,0.089971,0.035536,0.085333,0.444743,0.046017,0.065091,0.119439,0.034248,0.048201
0.020352,0.115653,0.066833,0.074955,0.071321,0.099476,0.072361,0.018224,0.396102,0.064723
0.081062,0.109392,0.109266,0.123096,0.108430,0.141528,0.115567,0.029190,0.058149,0.124318
0.075509,0.124218,0.093270,0.122085,0.130284,0.077674,0.140903,0.088382,0.078442,0.069233
0.054341,0.104517,0.103497,0.121190,0.111729,0.139881,0.099647,0.104939,0.092161,0.068098
0.053488,0.108802,0.040382,0.141270,0.107918,0.163102,0.133744,0.148929,0.061729,0.040636
0.033430,0.052137,0.038187,0.083759,0.387967,0.105090,0.090856,0.105817,0.049583,0.053174
0.046740,0.091926,0.091749,0.086068,0.088083,0.127272,0.232163,0.095268,0.050564,0.090166
0.047577,0.137525,0.070280,0.102178,0.104329,0.239322,0.117714,0.052941,0.037641,0.090492
0.044440,0.081897,0.044097,0.111612,0.139787,0.142757,0.104221,0.134567,0.073781,0.122840
0.113720,0.109948,0.115726,0.122415,0.121220,0.067386,0.134893,0.104706,0.051684,0.058303
0.026061,0.064913,0.266082,0.062496,0.263665,0.076611,0.060644,0.072877,0.070919,0.035732
0.034386,0.112121,0.073551,0.147560,0.121198,0.196254,0.139223,0.034946,0.050746,0.090014
0.023680,0.054351,0.318420,0.072080,0.290884,0.037599,0.067068,0.019689,0.038742,0.077488
0.046759,0.107295,0.109453,0.118938,0.120767,0.066625,0.119600,0.122751,0.083017,0.104795
0.059791,0.132711,0.055732,0.107468,0.163837,0.071696,0.131226,0.073343,0.062560,0.141636
0.029276,0.049738,0.288092,0.096670,0.230173,0.036466,0.072021,0.025343,0.084385,0.087838
0.092837,0.114661,0.049293,0.087891,0.133877,0.181393,0.122428,0.119839,0.052969,0.044812
0.052864,0.099502,0.101585,0.093383,0.100955,0.167825,0.103244,0.112769,0.070406,0.097468
0.053211,0.094056,0.103863,0.097781,0.102415,0.163906,0.097376,0.100434,0.076919,0.110039
0.028506,0.133976,0.245920,0.073637,0.067821,0.090982,0.178316,0.085132,0.060359,0.035351
0.050957,0.124604,0.048245,0.090972,0.120599,0.184493,0.113073,0.155673,0.050436,0.060948
0.062726,0.089544,0.052281,0.066629,0.362770,0.126826,0.078505,0.085692,0.030291,0.044735
0.034480,0.076109,0.303696,0.073606,0.084027,0.106044,0.088513,0.100842,0.060794,0.071889
0.032767,0.104568,0.053246,0.074857,0.278798,0.110344,0.079816,0.114010,0.038793,0.112800
0.059673,0.079325,0.265039,0.067973,0.259031,0.073502,0.055509,0.068984,0.023652,0.047312
0.039784,0.097692,0.100147,0.120152,0.100131,0.141194,0.103672,0.096276,0.100778,0.100173
0.044190,0.108925,0.119790,0.116329,0.112362,0.139934,0.112280,0.123250,0.057170,0.065769
0.032791,0.067438,0.352552,0.076324,0.093226,0.142399,0.100938,0.050910,0.036459,0.046964
0.034343,0.075286,0.112649,0.108619,0.261977,0.055763,0.099129,0.113156,0.045439,0.093639
0.094880,0.183329,0.092372,0.092215,0.094435,0.119484,0.094430,0.091312,0.045848,0.091694
0.037164,0.083374,0.296342,0.080429,0.087323,0.120271,0.066684,0.096298,0.049737,0.082379
0.049754,0.092219,0.097659,0.104834,0.088457,0.128084,0.224327,0.056947,0.111853,0.045867
0.104009,0.106903,0.052001,0.098565,0.129924,0.205062,0.116230,0.063783,0.058854,0.064670
0.042512,0.084860,0.313327,0.085798,0.093803,0.094788,0.133884,0.048084,0.053999,0.048944
0.030763,0.094436,0.307261,0.087111,0.152704,0.121507,0.087414,0.041196,0.039241,0.038368
0.034678,0.092587,0.283709,0.077168,0.076989,0.116002,0.086058,0.093465,0.043201,0.096145
0.028875,0.070389,0.284848,0.077553,0.233934,0.101664,0.072202,0.019073,0.033279,0.078184
0.059798,0.056895,0.235855,0.062479,0.248124,0.081587,0.113913,0.056020,0.027683,0.057645
0.038999,0.064397,0.383922,0.091710,0.107921,0.048209,0.066831,0.104146,0.043264,0.050602
0.045020,0.099012,0.098325,0.110528,0.217191,0.129479,0.099686,0.100993,0.040420,0.059347
0.037620,0.080150,0.275189,0.080448,0.082726,0.101549,0.186708,0.041879,0.036948,0.076784
0.059728,0.087978,0.376020,0.082922,0.092681,0.048453,0.088025,0.025744,0.054947,0.083503
0.027280,0.084901,0.088925,0.094404,0.162538,0.111117,0.213020,0.048378,0.078129,0.091307
0.046569,0.122439,0.043517,0.098446,0.130825,0.165525,0.114033,0.147733,0.042123,0.088789
0.055292,0.100912,0.110588,0.104763,0.143582,0.143886,0.105428,0.103245,0.070922,0.061381
0.040352,0.103838,0.094741,0.074061,0.333159,0.045788,0.102588,0.073823,0.037026,0.094626
0.104376,0.101468,0.106482,0.105219,0.107534,0.108786,0.109927,0.102791,0.050610,0.102807
0.040204,0.085144,0.346059,0.101345,0.102800,0.045659,0.094811,0.087424,0.042637,0.053917
0.024819,0.117326,0.242272,0.072740,0.174566,0.087045,0.159144,0.064441,0.030663,0.026984
0.060173,0.101914,0.074621,0.136640,0.121301,0.064636,0.138890,0.124246,0.055529,0.122051
0.023404,0.074094,0.289602,0.094057,0.083688,0.111849,0.083922,0.098108,0.063025,0.078252
0.074025,0.164047,0.077378,0.076029,0.067582,0.122493,0.220526,0.082954,0.035126,0.079841
0.038234,0.084858,0.394637,0.082485,0.065443,0.047689,0.080726,0.082525,0.043485,0.079919
0.040996,0.115282,0.045407,0.138611,0.127674,0.059660,0.105480,0.039963,0.212682,0.114244
0.031749,0.070588,0.050247,0.078592,0.480677,0.045490,0.099123,0.029452,0.037786,0.076296
0.032239,0.128739,0.286596,0.082321,0.082310,0.143365,0.078924,0.087580,0.036592,0.041333
0.037187,0.078830,0.378204,0.084328,0.091348,0.048095,0.069522,0.121295,0.045477,0.045713
0.096160,0.121298,0.098095,0.111346,0.101511,0.138378,0.089860,0.094221,0.090765,0.058367
0.045648,0.086496,0.328806,0.087863,0.090278,0.114366,0.090924,0.023955,0.044586,0.087079
0.044099,0.110186,0.101569,0.091148,0.233203,0.049707,0.145245,0.095708,0.049358,0.079777
0.029787,0.051179,0.225063,0.074981,0.389562,0.037942,0.057511,0.036630,0.033753,0.063591
0.042714,0.067177,0.293464,0.086487,0.101214,0.124704,0.095968,0.045055,0.041852,0.101366
0.053748,0.095351,0.049891,0.129555,0.125643,0.178401,0.124757,0.058850,0.069503,0.114302
0.030130,0.056930,0.231238,0.068191,0.345301,0.114273,0.070881,0.021173,0.030535,0.031350
0.043548,0.201884,0.096107,0.086054,0.091799,0.122193,0.093601,0.088106,0.084049,0.092659
0.041264,0.108483,0.045553,0.139004,0.123441,0.126472,0.115274,0.150799,0.044978,0.104731
0.031305,0.128435,0.035706,0.108810,0.111755,0.240475,0.134743,0.045708,0.055891,0.107171
0.020503,0.065183,0.274035,0.062517,0.352745,0.039231,0.074818,0.019908,0.028386,0.062674
0.033617,0.107911,0.044435,0.111536,0.106088,0.157550,0.131516,0.115672,0.118261,0.073413
0.042164,0.087750,0.046191,0.065225,0.362181,0.051080,0.074380,0.137247,0.044148,0.089633
0.028442,0.050059,0.030333,0.064408,0.370068,0.183700,0.084185,0.096981,0.040719,0.051105
0.041787,0.088756,0.042438,0.148506,0.129785,0.169751,0.119956,0.166522,0.049512,0.042988
0.041660,0.142456,0.047424,0.126129,0.115830,0.057227,0.100228,0.167705,0.128944,0.072396
0.047700,0.095196,0.042727,0.145967,0.099759,0.239642,0.115783,0.112130,0.051728,0.049369
0.040208,0.090704,0.101407,0.102420,0.165953,0.137104,0.097757,0.098132,0.071327,0.094987
0.050364,0.203985,0.097405,0.117347,0.103266,0.102414,0.102967,0.109017,0.050121,0.063113
0.040618,0.082751,0.278428,0.089031,0.085356,0.112815,0.090487,0.095967,0.041274,0.083273
0.039114,0.147259,0.072512,0.067856,0.195482,0.098616,0.199500,0.076336,0.024772,0.078553
0.033471,0.070118,0.030407,0.075842,0.413841,0.099287,0.072668,0.022799,0.093493,0.088074
0.095830,0.099271,0.102769,0.098612,0.238607,0.142767,0.097284,0.027436,0.054894,0.042531
0.035970,0.082789,0.343910,0.083763,0.085198,0.128137,0.079445,0.023863,0.055376,0.081549
0.061071,0.102427,0.105766,0.108939,0.102515,0.144033,0.103832,0.113321,0.053721,0.104375
0.041793,0.210217,0.107645,0.116395,0.108271,0.104452,0.109606,0.028622,0.060281,0.112717
0.036761,0.096087,0.072862,0.108622,0.109522,0.162144,0.151874,0.132506,0.047715,0.081907
0.091479,0.157114,0.097799,0.093826,0.096597,0.056479,0.178494,0.100967,0.032957,0.094288
0.055641,0.106190,0.109496,0.122126,0.109249,0.110783,0.108163,0.112274,0.100890,0.065189
0.044417,0.102870,0.076838,0.101145,0.116790,0.137161,0.153541,0.126477,0.068266,0.072496
0.037590,0.132834,0.042742,0.124334,0.134155,0.138795,0.130341,0.058534,0.131836,0.068838
0.032336,0.066204,0.035583,0.123315,0.326652,0.202362,0.088423,0.047224,0.041305,0.036595
0.046664,0.172286,0.094363,0.097121,0.094230,0.125644,0.094246,0.106748,0.075310,0.093388
0.032379,0.069863,0.283828,0.070156,0.090968,0.167082,0.083653,0.103074,0.046901,0.052097
0.045099,0.077477,0.046558,0.128855,0.279708,0.051321,0.098212,0.159633,0.040648,0.072489
0.076395,0.178684,0.074222,0.076568,0.075745,0.096861,0.192430,0.079742,0.076792,0.072560
0.020771,0.080180,0.248870,0.071197,0.221222,0.124558,0.073057,0.084569,0.047798,0.027778
0.059699,0.106404,0.111039,0.119065,0.101204,0.149271,0.125946,0.028138,0.097991,0.101243
0.042388,0.089631,0.327760,0.101845,0.090397,0.137495,0.091658,0.025349,0.059630,0.033847
0.022810,0.151336,0.271547,0.082957,0.081532,0.108262,0.080965,0.075004,0.038629,0.086958
0.027890,0.187610,0.089771,0.101581,0.089977,0.126171,0.107442,0.085833,0.082700,0.101025
0.044018,0.108977,0.109928,0.113758,0.105795,0.135543,0.109458,0.061189,0.103215,0.108119
0.049298,0.187743,0.074330,0.086679,0.158101,0.102602,0.204907,0.020577,0.034061,0.081703
0.086486,0.160524,0.087915,0.094702,0.143842,0.120584,0.086286,0.086846,0.043907,0.088910
0.033255,0.078076,0.314251,0.087874,0.086555,0.114097,0.084245,0.095831,0.030175,0.075640
0.043366,0.129398,0.267947,0.087934,0.080721,0.102978,0.073814,0.078931,0.055237,0.079676
0.049989,0.042892,0.220768,0.057015,0.407741,0.029879,0.045967,0.060825,0.026028,0.058896
0.093149,0.113084,0.089520,0.094752,0.090702,0.153132,0.096958,0.102812,0.061773,0.104118
0.042635,0.068621,0.060752,0.134425,0.272120,0.054415,0.088142,0.146864,0.054222,0.077804
0.034907,0.097335,0.262250,0.090968,0.083801,0.127112,0.126039,0.024228,0.083517,0.069842
0.051056,0.095178,0.076833,0.162978,0.127274,0.184644,0.123293,0.065304,0.061392,0.052048
0.058069,0.067844,0.047187,0.067753,0.396736,0.110608,0.060773,0.079462,0.031036,0.080533
0.027998,0.051479,0.237095,0.063642,0.374115,0.030371,0.065958,0.073353,0.028414,0.047575
0.035893,0.129657,0.284197,0.071622,0.076711,0.102095,0.071703,0.083816,0.070850,0.073456
0.042479,0.092466,0.045922,0.103509,0.123879,0.233905,0.111852,0.129429,0.056834,0.059725
0.034224,0.067682,0.046149,0.066152,0.465682,0.127373,0.082548,0.037478,0.031225,0.041488
0.035848,0.062218,0.375175,0.066728,0.103923,0.044534,0.085047,0.121507,0.042882,0.062138
0.038778,0.076744,0.298490,0.084003,0.087296,0.107061,0.080644,0.075296,0.062572,0.089115
0.053360,0.099078,0.118943,0.114407,0.227045,0.057845,0.121017,0.057967,0.038605,0.111733
0.062944,0.120533,0.126283,0.124792,0.131645,0.072961,0.123262,0.067838,0.051473,0.118270
0.061204,0.116110,0.128697,0.133267,0.126207,0.081182,0.113240,0.034461,0.083502,0.122130
0.112764,0.169803,0.117733,0.136254,0.126331,0.072495,0.115702,0.033495,0.048865,0.066557
0.050789,0.102719,0.110427,0.111933,0.104497,0.144374,0.108379,0.101351,0.101488,0.064044
0.098745,0.098841,0.095912,0.104929,0.094868,0.159900,0.101334,0.095365,0.085558,0.064548
0.033346,0.077440,0.288548,0.077165,0.084592,0.104799,0.095474,0.080338,0.077817,0.080482
0.033614,0.097501,0.097030,0.112930,0.104326,0.136612,0.104173,0.118654,0.082217,0.112943
0.102160,0.089319,0.090820,0.102639,0.094872,0.120115,0.233806,0.024197,0.056955,0.085118
0.042442,0.114382,0.115702,0.128987,0.133089,0.074036,0.147271,0.124725,0.058693,0.060672
0.028497,0.072160,0.050445,0.079381,0.504123,0.040981,0.090082,0.029063,0.033967,0.071301
0.031012,0.050834,0.039392,0.068487,0.503870,0.040307,0.090561,0.086634,0.035451,0.053452
0.083728,0.081632,0.086017,0.078991,0.087882,0.113790,0.201655,0.105032,0.064475,0.096797
0.038687,0.082680,0.409221,0.086525,0.069810,0.051392,0.090985,0.041407,0.042221,0.087072
0.025517,0.082782,0.029286,0.088179,0.505946,0.092086,0.079883,0.026445,0.039369,0.030507
0.035225,0.076114,0.044090,0.066975,0.441347,0.097201,0.067493,0.099622,0.039968,0.031964
0.046367,0.086526,0.091053,0.091207,0.085657,0.124062,0.200589,0.100403,0.080153,0.093982
0.069765,0.061429,0.328598,0.091078,0.090873,0.042594,0.096299,0.100673,0.087839,0.030853
0.053947,0.109761,0.125924,0.121431,0.126437,0.070628,0.114972,0.127847,0.060695,0.088358
0.031690,0.090085,0.384546,0.077301,0.086998,0.051004,0.116133,0.033119,0.050351,0.078772
0.042336,0.119644,0.053355,0.078323,0.239619,0.054136,0.103803,0.155079,0.053473,0.100232
0.074795,0.110855,0.040444,0.100814,0.096193,0.142899,0.157715,0.138886,0.032639,0.104760
0.035370,0.152247,0.071353,0.068714,0.074404,0.100023,0.194854,0.076981,0.151344,0.074710
0.046425,0.118167,0.095320,0.099248,0.146577,0.164223,0.085178,0.098976,0.092784,0.053102
0.051416,0.087813,0.317562,0.085677,0.107533,0.049966,0.078015,0.127029,0.055990,0.038998
0.058180,0.142658,0.037633,0.097176,0.114140,0.156015,0.131779,0.152236,0.055031,0.055151
0.035108,0.104445,0.096878,0.083732,0.368208,0.045593,0.088116,0.094604,0.038663,0.044653
0.028455,0.063511,0.242934,0.064589,0.202476,0.094856,0.119851,0.063563,0.054064,0.065700
0.053215,0.090923,0.288098,0.111421,0.090119,0.133406,0.107382,0.026492,0.055641,0.043302
0.031166,0.063186,0.246940,0.071277,0.231864,0.091870,0.063750,0.083843,0.046810,0.069293
0.050803,0.114156,0.044577,0.140084,0.114493,0.172961,0.108408,0.150778,0.051878,0.051862
0.038251,0.077861,0.396609,0.105677,0.082316,0.050245,0.079356,0.024384,0.043602,0.101699
0.042760,0.080154,0.069725,0.119311,0.137821,0.058179,0.107596,0.230361,0.045684,0.108409
0.056142,0.121201,0.129934,0.125999,0.128547,0.060725,0.132004,0.130704,0.054080,0.060664
0.045256,0.096190,0.099578,0.091186,0.148720,0.135394,0.114361,0.106078,0.067862,0.095375
0.097016,0.098715,0.103946,0.104462,0.167348,0.135351,0.098405,0.026462,0.058729,0.109567
0.035704,0.089067,0.064364,0.119888,0.098252,0.143762,0.105189,0.123484,0.104041,0.116251
0.052043,0.086354,0.094547,0.095142,0.190459,0.124222,0.215909,0.023750,0.049782,0.067792
0.017886,0.131408,0.231319,0.071859,0.063897,0.115116,0.188489,0.081840,0.029046,0.069143
0.034554,0.063755,0.050258,0.075346,0.384025,0.181574,0.077895,0.040765,0.035664,0.056163
0.041797,0.079923,0.311760,0.076386,0.108264,0.133531,0.077041,0.057500,0.036946,0.076851
0.026932,0.088237,0.225244,0.079595,0.325772,0.036399,0.073351,0.079880,0.029496,0.035094
0.055231,0.100780,0.104426,0.112436,0.105780,0.142599,0.093810,0.114895,0.070931,0.099112
0.043612,0.079870,0.355017,0.082201,0.088290,0.045377,0.114373,0.098292,0.027569,0.065399
0.061562,0.100577,0.099122,0.104713,0.102237,0.141433,0.094381,0.098427,0.095158,0.102390
0.034495,0.090041,0.096279,0.112746,0.167577,0.129278,0.199657,0.024083,0.051761,0.094083
0.056451,0.124396,0.134122,0.124066,0.126692,0.066149,0.124929,0.127652,0.049763,0.065779
0.066104,0.104783,0.115590,0.123882,0.111849,0.140646,0.112339,0.028399,0.095022,0.101387
0.083248,0.080968,0.089245,0.086802,0.140306,0.110840,0.221478,0.045788,0.056179,0.085147
0.026094,0.078449,0.048126,0.076842,0.376272,0.112508,0.072477,0.091106,0.033012,0.085115
0.024436,0.124561,0.218458,0.074625,0.218643,0.084982,0.133198,0.034836,0.048866,0.037395
0.027283,0.128381,0.242901,0.067790,0.062433,0.117931,0.167817,0.062921,0.057389,0.065154
0.045803,0.094371,0.105713,0.103805,0.162026,0.133697,0.101943,0.120379,0.039201,0.093062
0.051518,0.110543,0.119080,0.107632,0.128158,0.071398,0.105373,0.129046,0.053055,0.124197
0.038527,0.105343,0.075098,0.121860,0.132198,0.134755,0.106927,0.124336,0.069413,0.091542
0.047849,0.095950,0.061834,0.186263,0.126819,0.067724,0.129560,0.057120,0.123709,0.103173
0.037108,0.084690,0.055944,0.074972,0.328472,0.141878,0.093898,0.093179,0.050860,0.038998
0.044331,0.095073,0.045438,0.159924,0.140296,0.186773,0.135294,0.058879,0.043851,0.090140
0.023515,0.071182,0.030705,0.072261,0.459473,0.165183,0.061313,0.022676,0.035144,0.058547
0.035738,0.113113,0.246480,0.071458,0.196113,0.104157,0.087992,0.039638,0.034768,0.070542
0.076379,0.134487,0.045854,0.130701,0.113257,0.169750,0.155802,0.033699,0.041476,0.098595
0.051527,0.130236,0.044618,0.093433,0.122125,0.158677,0.133371,0.113828,0.040825,0.111359
0.042541,0.137978,0.052878,0.112462,0.106360,0.144553,0.132350,0.156455,0.055456,0.058967
0.023124,0.070460,0.026679,0.051953,0.499102,0.033663,0.068557,0.112441,0.083411,0.030610
0.106941,0.138398,0.109208,0.114054,0.101040,0.110856,0.115230,0.029251,0.051617,0.123406
0.054233,0.110674,0.354200,0.079777,0.076897,0.048354,0.116522,0.076491,0.032041,0.050810
0.086207,0.085129,0.090374,0.095848,0.086154,0.109503,0.230793,0.086351,0.045816,0.083824
0.038532,0.094429,0.354153,0.092069,0.096188,0.114552,0.088833,0.032313,0.048517,0.040415
0.055574,0.099674,0.110279,0.109921,0.101358,0.139685,0.121250,0.101170,0.055909,0.105181
0.052199,0.103242,0.083622,0.139552,0.168777,0.074413,0.113391,0.076122,0.077286,0.111397
0.056833,0.073668,0.072407,0.115698,0.181022,0.064006,0.109168,0.199694,0.055842,0.071661
0.035155,0.092766,0.098441,0.106688,0.280022,0.056683,0.146319,0.088622,0.054779,0.040526
0.062994,0.118590,0.120403,0.127707,0.119660,0.151229,0.111649,0.032961,0.068927,0.085878
0.084778,0.103460,0.087471,0.099613,0.080136,0.116360,0.217462,0.081416,0.044735,0.084567
0.035546,0.078345,0.083623,0.084168,0.172901,0.134767,0.193457,0.089471,0.047909,0.079814
0.050655,0.114140,0.046809,0.133696,0.135040,0.186861,0.154893,0.064571,0.051009,0.062327
0.032659,0.135087,0.259741,0.074974,0.071798,0.076452,0.186314,0.077057,0.043599,0.042319
0.044715,0.106540,0.049265,0.106600,0.154046,0.195515,0.141797,0.066134,0.071922,0.063466
0.041886,0.063137,0.040199,0.067236,0.355852,0.143592,0.078801,0.041226,0.077881,0.090190
0.052495,0.123558,0.046121,0.094958,0.118324,0.196817,0.135670,0.065415,0.057237,0.109405
0.043276,0.105848,0.116108,0.114051,0.113497,0.065077,0.176072,0.131699,0.089235,0.045135
0.054061,0.096127,0.099572,0.091021,0.320727,0.052003,0.100395,0.027477,0.068847,0.089770
0.030692,0.065643,0.266567,0.066969,0.205800,0.094715,0.076729,0.093314,0.036749,0.062819
0.027771,0.083561,0.088678,0.083741,0.123869,0.110438,0.197547,0.101470,0.087610,0.095317
0.046363,0.064516,0.406943,0.134860,0.085015,0.049876,0.072215,0.050664,0.048880,0.040669
0.049297,0.103451,0.105443,0.117209,0.108226,0.174099,0.122261,0.101374,0.054798,0.063843
0.086321,0.106931,0.093357,0.082372,0.178768,0.108254,0.086248,0.087277,0.085252,0.085220
0.072071,0.112610,0.112547,0.117719,0.112521,0.141921,0.113498,0.030931,0.061322,0.124860
0.039602,0.051449,0.036898,0.053957,0.506511,0.039014,0.083162,0.111452,0.040767,0.037189
0.038424,0.098800,0.308395,0.088233,0.144181,0.124275,0.075082,0.044713,0.035216,0.042682
0.060945,0.093142,0.046332,0.135004,0.110037,0.137427,0.129791,0.165208,0.055785,0.066329
0.030797,0.102473,0.277231,0.077683,0.090665,0.115040,0.122038,0.085762,0.032914,0.065396
0.037217,0.075307,0.056319,0.078872,0.310913,0.144790,0.094720,0.115246,0.043345,0.043271
0.038581,0.088741,0.108727,0.103665,0.294727,0.057651,0.113429,0.108629,0.037609,0.048241
0.071182,0.113458,0.302095,0.100396,0.092740,0.137651,0.077772,0.028177,0.030381,0.046147
0.033547,0.104972,0.268826,0.078884,0.088382,0.091296,0.079461,0.085037,0.085364,0.084231
0.042380,0.162999,0.088241,0.090117,0.216231,0.088487,0.089139,0.104824,0.032469,0.085113
0.102979,0.135002,0.061653,0.137497,0.125673,0.068435,0.141815,0.061158,0.065019,0.100769
0.058608,0.130691,0.074846,0.123345,0.121337,0.062001,0.141022,0.059064,0.060354,0.168732
0.039789,0.136546,0.068419,0.126311,0.112933,0.193994,0.108726,0.114907,0.042870,0.055506
0.054787,0.099434,0.104840,0.105467,0.105117,0.172056,0.104803,0.097387,0.053948,0.102161
0.075078,0.118333,0.074003,0.069391,0.118914,0.122971,0.065256,0.018910,0.306525,0.030617
0.026932,0.089897,0.100322,0.099445,0.092381,0.131807,0.219242,0.025814,0.105181,0.108979
0.063123,0.146785,0.057900,0.119274,0.108023,0.157689,0.114376,0.126862,0.053679,0.052288
0.036703,0.083180,0.309625,0.083566,0.092488,0.123582,0.087299,0.045922,0.041344,0.096291
0.032775,0.110066,0.260007,0.073298,0.191295,0.089164,0.069147,0.071193,0.035824,0.067230
0.028185,0.082782,0.031285,0.062152,0.480982,0.121552,0.086261,0.041569,0.033133,0.032098
0.035773,0.148290,0.081645,0.119683,0.126144,0.166355,0.167737,0.055697,0.047153,0.051523
0.083779,0.118613,0.049323,0.146417,0.145932,0.068639,0.107162,0.044886,0.148830,0.086418
0.047791,0.091037,0.093503,0.100783,0.192614,0.158139,0.092754,0.096496,0.036089,0.090793
0.028201,0.059748,0.201394,0.055324,0.336188,0.083862,0.067308,0.019307,0.115974,0.032694
0.045320,0.105617,0.050905,0.102179,0.130329,0.065870,0.102636,0.213167,0.058559,0.125418
0.065833,0.115103,0.053721,0.148434,0.136478,0.062280,0.129071,0.146208,0.054685,0.088185
0.027562,0.153586,0.088614,0.094873,0.206528,0.116647,0.090294,0.088455,0.082564,0.050878
0.080576,0.080347,0.085581,0.079642,0.155974,0.147267,0.163216,0.093333,0.066618,0.047447
0.034378,0.065403,0.234984,0.073742,0.206706,0.086932,0.131776,0.035347,0.063969,0.066764
0.033996,0.065546,0.282517,0.076543,0.203894,0.115668,0.059766,0.091539,0.033868,0.036665
0.041279,0.095121,0.067034,0.117895,0.132963,0.142525,0.101468,0.148028,0.101885,0.051801
0.042337,0.077127,0.054561,0.124557,0.115300,0.218505,0.110412,0.131876,0.065499,0.059825
0.065197,0.063403,0.265042,0.072215,0.230848,0.091834,0.058830,0.077237,0.047059,0.028336
0.029405,0.094142,0.100079,0.097614,0.091193,0.096412,0.216470,0.089431,0.086519,0.098734
0.050220,0.086850,0.088146,0.081365,0.170983,0.089239,0.195589,0.089904,0.066530,0.081174
0.028625,0.056928,0.272698,0.064890,0.348772,0.035853,0.053650,0.067826,0.029775,0.040985
0.034777,0.105012,0.109330,0.111492,0.112541,0.150810,0.112761,0.104086,0.053774,0.105417
0.034904,0.131002,0.066792,0.137465,0.122768,0.123544,0.131178,0.127708,0.037385,0.087254
0.046400,0.103121,0.108392,0.110071,0.112067,0.147995,0.111722,0.105597,0.094788,0.059846
0.045236,0.096957,0.096703,0.097412,0.216926,0.137842,0.101357,0.025954,0.074204,0.107408
0.031795,0.122697,0.067213,0.131770,0.097270,0.155179,0.084206,0.140473,0.062083,0.107314
0.027099,0.071945,0.030949,0.084781,0.520877,0.036207,0.095028,0.027268,0.048930,0.056917
0.041345,0.122295,0.286322,0.085418,0.083386,0.088063,0.079178,0.093892,0.039415,0.080686
0.100052,0.100652,0.100938,0.114310,0.141456,0.104604,0.091177,0.097333,0.050833,0.098645
0.046980,0.121083,0.079103,0.121444,0.119906,0.200045,0.129854,0.036788,0.047919,0.096878
0.023488,0.136951,0.247512,0.067286,0.067740,0.090791,0.185027,0.075333,0.039855,0.066016
0.045788,0.093893,0.091893,0.112425,0.198799,0.132457,0.099645,0.093357,0.039164,0.092577
0.038294,0.100467,0.105643,0.096528,0.268160,0.062068,0.115256,0.056273,0.048123,0.109188
0.054652,0.108782,0.063870,0.131344,0.143125,0.074255,0.165768,0.048582,0.078859,0.130764
0.032679,0.066794,0.033042,0.085171,0.398493,0.038106,0.075792,0.140379,0.048619,0.080925
0.051113,0.092519,0.264936,0.095369,0.092791,0.124300,0.106460,0.051149,0.033202,0.088162
0.041090,0.091982,0.105475,0.112007,0.101557,0.062017,0.192062,0.107175,0.094692,0.091941
0.032819,0.112934,0.075423,0.125790,0.110418,0.163042,0.140872,0.033025,0.115336,0.090340
0.085304,0.163251,0.083091,0.086982,0.157440,0.145890,0.078599,0.082017,0.032217,0.085209
0.043583,0.159084,0.092312,0.104868,0.192458,0.117021,0.095380,0.100831,0.053170,0.041293
0.034625,0.109640,0.364961,0.090283,0.088749,0.045074,0.068578,0.110220,0.049641,0.038228
0.019682,0.087491,0.285530,0.074740,0.240452,0.136709,0.064225,0.019872,0.026775,0.044523
0.067834,0.105574,0.051172,0.099692,0.133432,0.155828,0.104293,0.066530,0.061232,0.154413
0.032211,0.086749,0.028897,0.057758,0.398655,0.163483,0.080899,0.086271,0.034812,0.030265
0.026922,0.067018,0.032210,0.068951,0.499840,0.137666,0.068547,0.024355,0.035936,0.038555
0.045212,0.105681,0.110989,0.100761,0.117920,0.070746,0.115156,0.115673,0.112389,0.105474
0.056501,0.112548,0.204090,0.058592,0.189758,0.073068,0.151535,0.054603,0.044083,0.055222
0.027180,0.142311,0.073261,0.083413,0.185598,0.097776,0.198975,0.086558,0.062881,0.042047
0.027714,0.071901,0.029908,0.076644,0.425764,0.127231,0.084925,0.082959,0.031170,0.041785
0.050984,0.155172,0.094821,0.104720,0.137564,0.148965,0.089788,0.088887,0.040755,0.088346
0.036854,0.061248,0.303080,0.089962,0.101588,0.121786,0.093596,0.104044,0.039586,0.048256
0.086869,0.165382,0.097012,0.095993,0.094395,0.055545,0.147463,0.107035,0.066031,0.084276
0.050615,0.185480,0.093422,0.098661,0.098199,0.122274,0.095156,0.099179,0.064276,0.092737
0.029095,0.061006,0.028900,0.087783,0.486938,0.089251,0.069873,0.077282,0.033525,0.036347
0.026532,0.058116,0.239466,0.060707,0.383230,0.036779,0.082442,0.052224,0.029603,0.030901
0.045776,0.112369,0.094362,0.102261,0.205223,0.114314,0.096026,0.085738,0.042030,0.101901
0.026845,0.061144,0.044458,0.065669,0.458704,0.102663,0.063921,0.082940,0.035631,0.058025
0.037180,0.118828,0.123689,0.112348,0.274723,0.062221,0.109067,0.032218,0.060048,0.069679
0.033560,0.093304,0.380921,0.083636,0.065068,0.045255,0.070619,0.117195,0.040670,0.069772
0.028755,0.131474,0.244683,0.068649,0.067916,0.093925,0.187659,0.084011,0.029027,0.063902
0.034498,0.085591,0.282701,0.093776,0.082915,0.120056,0.076600,0.100928,0.040158,0.082777
0.029846,0.094332,0.099434,0.105850,0.195892,0.135364,0.192242,0.025453,0.051029,0.070559
0.036511,0.075328,0.375738,0.052093,0.143239,0.047307,0.073826,0.075785,0.046157,0.074016
0.049460,0.069954,0.060703,0.094361,0.105502,0.065256,0.110673,0.210552,0.064308,0.169230
0.046320,0.097698,0.098514,0.091811,0.183831,0.132374,0.113028,0.095951,0.050446,0.090027
0.040836,0.163911,0.087034,0.092477,0.201136,0.105165,0.083902,0.100082,0.042165,0.083292
0.079429,0.107557,0.108961,0.122773,0.129903,0.067235,0.121154,0.125893,0.050241,0.086855
0.029724,0.081039,0.293988,0.082565,0.218330,0.113606,0.081994,0.022886,0.034488,0.041382
0.057900,0.126880,0.054181,0.103459,0.147073,0.148269,0.118866,0.062933,0.055998,0.124442
0.055412,0.101247,0.099979,0.095805,0.098392,0.142442,0.105541,0.111912,0.086194,0.103076
0.026478,0.084159,0.326814,0.093524,0.076781,0.157962,0.137781,0.023208,0.040977,0.032315
0.035549,0.073409,0.302712,0.079455,0.186954,0.082225,0.094096,0.021789,0.075136,0.048677
0.086229,0.116315,0.095050,0.100651,0.154062,0.118365,0.110543,0.097897,0.035799,0.085089
0.042396,0.068689,0.223255,0.076575,0.257491,0.123904,0.066092,0.072489,0.027177,0.041932
0.067051,0.091008,0.351221,0.080359,0.077319,0.044480,0.098684,0.080423,0.032020,0.077433
0.083021,0.089586,0.090315,0.089223,0.189890,0.099523,0.109571,0.096817,0.059728,0.092326
0.026744,0.060605,0.249017,0.073285,0.236814,0.092529,0.061092,0.071240,0.063259,0.065414
0.051822,0.122889,0.047012,0.099220,0.098259,0.250793,0.111718,0.127999,0.048072,0.042217
0.037387,0.081268,0.291975,0.083659,0.087864,0.114032,0.093346,0.092776,0.039440,0.078254
0.037435,0.112315,0.117901,0.145372,0.128092,0.076827,0.128428,0.122232,0.068422,0.062976
0.052620,0.087810,0.085745,0.097141,0.090350,0.114620,0.239524,0.090613,0.043032,0.098546
0.079667,0.078831,0.299055,0.083557,0.086040,0.114740,0.082648,0.093860,0.038704,0.042899
0.019207,0.050894,0.207199,0.063647,0.435049,0.028872,0.047532,0.062210,0.023811,0.061580
0.100721,0.097666,0.096580,0.105589,0.105428,0.139517,0.104897,0.112418,0.047737,0.089447
0.027255,0.109473,0.082463,0.099971,0.319929,0.052207,0.145606,0.096181,0.032210,0.034705
0.051484,0.097746,0.108848,0.105606,0.103865,0.142488,0.103104,0.101379,0.081789,0.103690
0.054298,0.106399,0.109568,0.111840,0.111581,0.135612,0.111723,0.107442,0.042746,0.108791
0.021774,0.051621,0.210187,0.054865,0.349569,0.124000,0.066040,0.062743,0.029570,0.029630
0.064864,0.132267,0.053340,0.144780,0.136030,0.069164,0.110630,0.071290,0.155445,0.062191
0.049802,0.142040,0.113516,0.101429,0.124786,0.069027,0.114770,0.104493,0.064336,0.115800
0.027174,0.072533,0.248965,0.072338,0.217884,0.101159,0.076250,0.078021,0.030597,0.075078
0.039702,0.135742,0.281586,0.092360,0.080224,0.084956,0.077310,0.079712,0.036598,0.091811
0.035932,0.085376,0.071118,0.113061,0.124162,0.127677,0.111819,0.117920,0.119156,0.093780
0.057471,0.098150,0.295358,0.078882,0.084390,0.101483,0.078837,0.040110,0.078532,0.086788
0.032554,0.067138,0.034698,0.120095,0.399238,0.093119,0.066598,0.112917,0.038790,0.034851
0.058772,0.132067,0.063698,0.174795,0.164903,0.069051,0.140562,0.049262,0.055563,0.091329
0.053408,0.069476,0.025073,0.070887,0.442340,0.158742,0.059619,0.022192,0.030523,0.067740
0.050295,0.096872,0.099138,0.101420,0.186059,0.125137,0.089591,0.101823,0.050074,0.099590
0.027987,0.076522,0.232898,0.073215,0.218228,0.082600,0.124062,0.066977,0.043672,0.053838
0.028596,0.063219,0.289507,0.076772,0.214681,0.094766,0.078541,0.040569,0.035455,0.077894
0.033905,0.104744,0.338111,0.088039,0.085853,0.122805,0.082910,0.071900,0.029893,0.041841
0.042846,0.094579,0.102562,0.096799,0.201461,0.119962,0.096493,0.099159,0.048683,0.097455
0.048639,0.139134,0.127272,0.121136,0.120271,0.060793,0.099590,0.100142,0.064375,0.118649
0.054685,0.107747,0.116589,0.113766,0.116056,0.139967,0.129742,0.108199,0.044231,0.069019
0.103187,0.100901,0.109634,0.102765,0.096263,0.134910,0.105640,0.027834,0.110087,0.108777
0.027134,0.084638,0.372799,0.084977,0.094515,0.051206,0.108880,0.027683,0.060109,0.088057
0.101306,0.154206,0.111516,0.108305,0.104522,0.062774,0.099934,0.104891,0.046688,0.105857
0.041560,0.093423,0.065540,0.114385,0.123857,0.155689,0.116696,0.063189,0.106995,0.118668
0.063498,0.206545,0.103437,0.106687,0.102461,0.137156,0.100454,0.027432,0.053380,0.098950
0.017410,0.080021,0.195076,0.047571,0.333136,0.083867,0.107853,0.060034,0.030733,0.044299
0.035772,0.071967,0.273701,0.087029,0.075980,0.108603,0.168441,0.075639,0.035433,0.067433
0.059783,0.104527,0.050827,0.153021,0.116509,0.190682,0.093768,0.058911,0.055097,0.116873
0.106781,0.106100,0.104330,0.118643,0.112744,0.148988,0.100200,0.105579,0.047311,0.049323
0.055790,0.097407,0.047678,0.084296,0.129866,0.255250,0.118465,0.054491,0.048172,0.108584
0.027479,0.054387,0.225856,0.050709,0.392784,0.032119,0.063710,0.086276,0.039685,0.026994
0.058867,0.057720,0.222604,0.063886,0.239344,0.062455,0.117236,0.066581,0.052710,0.058596
0.026266,0.069149,0.030176,0.056831,0.436425,0.162335,0.076716,0.085544,0.025993,0.030565
0.035527,0.065080,0.032180,0.065674,0.447762,0.087441,0.063564,0.085390,0.033578,0.083803
0.062383,0.097787,0.053437,0.105334,0.145790,0.190660,0.120452,0.061519,0.057175,0.105463
0.051622,0.098654,0.103970,0.122274,0.094832,0.177680,0.105267,0.027274,0.104930,0.113497
0.030942,0.063493,0.372758,0.108012,0.084477,0.044344,0.094873,0.105310,0.042016,0.053774
0.029400,0.091602,0.093679,0.096336,0.098530,0.164312,0.175143,0.090369,0.065397,0.095231
0.049820,0.117072,0.076380,0.135560,0.160495,0.065686,0.116110,0.124232,0.072603,0.082041
0.071158,0.153370,0.237443,0.073074,0.070408,0.100709,0.162757,0.038216,0.061865,0.031001
0.039283,0.086786,0.049089,0.115509,0.113358,0.171498,0.101599,0.171931,0.063765,0.087183
0.042352,0.086058,0.093187,0.103548,0.090413,0.116033,0.239516,0.107317,0.041017,0.080559
0.025307,0.066799,0.044680,0.087533,0.381667,0.096330,0.082279,0.102899,0.037599,0.074907
0.050090,0.090745,0.047946,0.086751,0.124645,0.169376,0.121841,0.135393,0.054336,0.118876
0.102434,0.116584,0.081412,0.156185,0.138454,0.063812,0.118777,0.047185,0.078198,0.096958
0.054367,0.094450,0.096805,0.113317,0.103668,0.129850,0.205995,0.026838,0.078367,0.096344
0.031457,0.151362,0.102128,0.119214,0.167127,0.104206,0.117721,0.100778,0.049054,0.056953
0.051290,0.088926,0.044472,0.135703,0.098612,0.181720,0.097129,0.143153,0.105561,0.053434
0.085047,0.094595,0.102576,0.102283,0.164509,0.130428,0.115352,0.102492,0.047803,0.054914
0.090259,0.119597,0.048869,0.134275,0.127232,0.177649,0.143300,0.035891,0.070598,0.052332
0.061942,0.132332,0.252352,0.061345,0.066222,0.089734,0.173759,0.076089,0.059703,0.026522
0.022834,0.072759,0.247621,0.075181,0.250494,0.098342,0.077484,0.074259,0.041760,0.039267
0.049812,0.134552,0.076931,0.123609,0.124649,0.064181,0.114765,0.157312,0.064203,0.089984
0.037969,0.139187,0.084291,0.086682,0.178768,0.144430,0.097935,0.080725,0.075681,0.074333
0.033337,0.088887,0.346472,0.096868,0.089466,0.045876,0.080461,0.026161,0.101462,0.091011
0.105152,0.180673,0.095836,0.098815,0.082124,0.126172,0.103997,0.024178,0.077782,0.105273
0.026464,0.081956,0.281952,0.079189,0.090467,0.106528,0.090015,0.102649,0.054968,0.085812
0.027604,0.061304,0.246581,0.073919,0.233896,0.090451,0.056924,0.080960,0.065235,0.063126
0.042579,0.086577,0.097613,0.093807,0.187760,0.124024,0.105431,0.101268,0.058218,0.102723
0.030751,0.075752,0.257341,0.085967,0.134430,0.148165,0.067120,0.092542,0.035245,0.072688
0.031782,0.084145,0.280239,0.081838,0.085765,0.110613,0.138141,0.046879,0.062245,0.078353
0.035868,0.093330,0.374720,0.092654,0.097176,0.048180,0.083953,0.044755,0.033121,0.096244
0.055169,0.118052,0.121498,0.146610,0.140616,0.071257,0.123976,0.068472,0.052021,0.102328
0.054576,0.127681,0.059486,0.115938,0.141379,0.065399,0.122489,0.055082,0.090245,0.167725
0.026951,0.075842,0.298223,0.088681,0.092113,0.122320,0.122216,0.055767,0.054227,0.063659
0.035783,0.083127,0.058189,0.136316,0.316081,0.052227,0.090674,0.132614,0.055011,0.039980
0.062857,0.127645,0.133352,0.138309,0.139883,0.084931,0.145115,0.038814,0.073537,0.055555
0.036966,0.103229,0.322785,0.089477,0.099314,0.139911,0.095429,0.028934,0.038416,0.045538
0.019344,0.061364,0.238857,0.057650,0.353585,0.033225,0.065429,0.040467,0.065119,0.064962
0.033280,0.073468,0.265514,0.076678,0.078233,0.108873,0.169612,0.084092,0.035951,0.074300
0.039019,0.094942,0.042699,0.095005,0.124323,0.174667,0.126441,0.124938,0.049911,0.128054
0.041263,0.082289,0.303427,0.104761,0.090278,0.115097,0.093792,0.045640,0.087262,0.036191
0.054847,0.103797,0.106949,0.103255,0.110175,0.141161,0.109249,0.106025,0.049248,0.115293
0.064311,0.100552,0.355847,0.092273,0.078737,0.044538,0.060659,0.098084,0.029862,0.075137
0.028117,0.085184,0.337640,0.085590,0.089349,0.113865,0.088339,0.023648,0.065188,0.083080
0.036247,0.089058,0.093325,0.099828,0.091419,0.124608,0.232053,0.108332,0.036002,0.089128
0.042906,0.118609,0.049972,0.112686,0.127745,0.209180,0.133457,0.037412,0.051899,0.116133
0.046756,0.089480,0.041608,0.112609,0.104693,0.163331,0.091171,0.030790,0.227103,0.092458
0.055842,0.111113,0.116449,0.120808,0.121521,0.122563,0.123309,0.120009,0.057099,0.051287
0.020021,0.067243,0.298957,0.073107,0.266869,0.032414,0.060038,0.019691,0.129843,0.031817
0.049176,0.102274,0.103553,0.105155,0.188047,0.132223,0.167086,0.056990,0.050364,0.045131
0.034674,0.086318,0.406601,0.100053,0.075326,0.047360,0.087849,0.033239,0.045818,0.082764
0.023557,0.063910,0.243575,0.069762,0.210060,0.087992,0.131824,0.074668,0.030376,0.064277
0.063294,0.063741,0.368054,0.089148,0.114760,0.046836,0.083700,0.077517,0.041190,0.051760
0.052282,0.127405,0.046445,0.135009,0.113417,0.063550,0.136102,0.177206,0.055550,0.093034
0.032312,0.096472,0.031852,0.070410,0.466481,0.083730,0.094748,0.023903,0.031359,0.068733
0.027065,0.100302,0.286892,0.085905,0.093052,0.113113,0.113572,0.094374,0.028641,0.057083
0.036961,0.085958,0.298300,0.083192,0.090599,0.116362,0.095305,0.091729,0.053371,0.048224
0.037808,0.137066,0.048826,0.115353,0.117512,0.134302,0.129269,0.152389,0.040947,0.086528
0.049457,0.191139,0.103020,0.104678,0.098421,0.130920,0.097727,0.094924,0.037665,0.092049
0.021279,0.151625,0.078105,0.078383,0.193140,0.095714,0.211663,0.070081,0.025762,0.074248
0.045373,0.103736,0.051184,0.136029,0.156442,0.062898,0.140433,0.164331,0.058412,0.081160
0.052077,0.166511,0.082358,0.087631,0.085646,0.116376,0.183644,0.086442,0.086237,0.053078
0.055304,0.103135,0.110962,0.113980,0.109027,0.131616,0.105291,0.124445,0.044995,0.101244
0.046375,0.152826,0.092599,0.110359,0.099672,0.061634,0.225881,0.051013,0.062164,0.097476
0.030326,0.093642,0.192738,0.070533,0.181708,0.058092,0.069047,0.016246,0.230575,0.057093
0.049201,0.112995,0.109685,0.123422,0.267444,0.063129,0.112527,0.061943,0.051949,0.047704
0.024838,0.050737,0.263626,0.070600,0.278768,0.085490,0.060798,0.086553,0.030541,0.048049
0.029698,0.063962,0.028299,0.058169,0.445535,0.111271,0.062366,0.101422,0.040365,0.058914
0.086339,0.183050,0.089688,0.091235,0.086038,0.150725,0.086063,0.107011,0.032024,0.087827
0.087704,0.172331,0.085324,0.082176,0.086806,0.121204,0.103693,0.099411,0.070455,0.090896
0.041597,0.105921,0.069605,0.113789,0.114073,0.176937,0.104409,0.138113,0.044583,0.090972
0.027171,0.072230,0.292554,0.105475,0.082724,0.097191,0.097258,0.111863,0.030101,0.083432
0.066164,0.079340,0.320257,0.084791,0.076197,0.114012,0.077207,0.105035,0.030857,0.046140
0.054210,0.079692,0.201798,0.055725,0.154468,0.077647,0.056549,0.014775,0.251713,0.053423
0.040530,0.115295,0.062579,0.098367,0.091323,0.152121,0.115483,0.144251,0.103060,0.076991
0.088134,0.112535,0.073093,0.113854,0.122839,0.159926,0.127009,0.034686,0.055926,0.111998
0.074506,0.075936,0.061449,0.078901,0.264342,0.055217,0.100490,0.137498,0.056867,0.094794
0.049625,0.112118,0.092472,0.094140,0.182611,0.119321,0.170368,0.091625,0.034953,0.052767
0.082253,0.110927,0.111577,0.118592,0.110978,0.144126,0.117079,0.030760,0.091294,0.082414
0.023181,0.062500,0.240741,0.069130,0.268800,0.085673,0.124337,0.068393,0.030031,0.027214
0.037971,0.074765,0.302666,0.082513,0.084726,0.104668,0.168580,0.040750,0.035682,0.067678
0.019872,0.057574,0.221721,0.061684,0.320756,0.089638,0.050834,0.066160,0.062607,0.049153
0.071042,0.075280,0.278089,0.084154,0.071131,0.105934,0.071986,0.020983,0.191062,0.030339
0.038317,0.070692,0.384359,0.106710,0.114176,0.043493,0.104522,0.032956,0.048962,0.055811
0.042042,0.096752,0.048211,0.131840,0.132281,0.189948,0.134403,0.125911,0.049053,0.049559
0.100606,0.099192,0.103894,0.105100,0.103326,0.170018,0.105053,0.056938,0.054437,0.101435
0.044478,0.139009,0.132201,0.139886,0.146901,0.083072,0.142068,0.038146,0.061977,0.072260
0.086660,0.118920,0.049298,0.134797,0.135125,0.066090,0.155327,0.043400,0.148790,0.061594
0.049117,0.079790,0.060879,0.122872,0.124192,0.067995,0.126647,0.180988,0.064365,0.123155
0.027256,0.062161,0.257550,0.068744,0.255985,0.094732,0.071019,0.072280,0.029671,0.060601
0.055424,0.123871,0.051856,0.137674,0.135519,0.145383,0.097623,0.131654,0.066912,0.054083
0.052134,0.108791,0.122473,0.112240,0.123850,0.062020,0.123954,0.121341,0.048934,0.124262
0.065647,0.139167,0.068588,0.076909,0.162547,0.085969,0.193926,0.074659,0.067250,0.065338
0.096272,0.178213,0.098224,0.091693,0.100884,0.100198,0.097603,0.119053,0.062224,0.055637
0.047525,0.091382,0.385372,0.088442,0.098825,0.049414,0.107956,0.029353,0.065235,0.036496
0.078465,0.151061,0.086941,0.087137,0.192193,0.113551,0.084486,0.082268,0.041160,0.082737
0.052975,0.099429,0.098785,0.110003,0.221420,0.127806,0.099958,0.026605,0.052416,0.110604
0.056486,0.099736,0.041284,0.119853,0.129887,0.143957,0.106638,0.052962,0.127945,0.121251
0.047849,0.092682,0.095477,0.089455,0.192274,0.097346,0.097479,0.106459,0.089199,0.091781
0.032460,0.061071,0.314284,0.084241,0.075454,0.125274,0.117700,0.123521,0.031063,0.034930
0.041826,0.083636,0.279253,0.087847,0.084076,0.114503,0.088737,0.078471,0.061846,0.079804
0.061922,0.136443,0.050763,0.126178,0.134838,0.202208,0.095886,0.070246,0.062119,0.059397
0.052227,0.143658,0.059367,0.169500,0.183453,0.070014,0.128634,0.053405,0.079388,0.060354
0.033191,0.077863,0.284757,0.088258,0.082352,0.109136,0.082239,0.080321,0.074839,0.087045
0.057273,0.069096,0.076502,0.084813,0.285449,0.064143,0.100130,0.143152,0.063230,0.056211
0.033983,0.142367,0.279544,0.077884,0.065221,0.104554,0.152724,0.020228,0.037842,0.085653
0.098883,0.129918,0.099910,0.107115,0.109013,0.062968,0.107491,0.125476,0.055455,0.103770
0.045122,0.098178,0.119330,0.115269,0.283611,0.063560,0.118389,0.057967,0.053741,0.044833
0.023512,0.128374,0.256961,0.067532,0.066046,0.096373,0.168614,0.076186,0.050532,0.065870
0.037924,0.062509,0.045793,0.081253,0.421983,0.093292,0.084023,0.100223,0.036761,0.036240
0.044151,0.111088,0.048795,0.117322,0.150503,0.188515,0.117279,0.064556,0.075257,0.082534
