0.033952,0.088087,0.037499,0.078845,0.464885,0.044293,0.061882,0.110509,0.035851,0.044197
0.025438,0.116861,0.078633,0.082260,0.081365,0.124509,0.082802,0.022176,0.305901,0.080054
0.084801,0.111855,0.114550,0.125297,0.110023,0.133114,0.116098,0.030773,0.060801,0.112687
0.072005,0.129093,0.089122,0.121382,0.140804,0.071086,0.156431,0.084029,0.070231,0.065818
0.068547,0.106237,0.106156,0.112411,0.104213,0.130990,0.106588,0.100403,0.085958,0.078498
0.070059,0.112052,0.043510,0.134039,0.115930,0.152065,0.130508,0.147571,0.050753,0.043513
0.039497,0.058117,0.044070,0.090414,0.291803,0.129022,0.106369,0.117608,0.061570,0.061528
0.049013,0.100245,0.095473,0.089011,0.094271,0.131507,0.203938,0.093292,0.050523,0.092727
0.055197,0.116829,0.069437,0.092931,0.125979,0.238824,0.114331,0.055856,0.039209,0.091407
0.046216,0.077893,0.046799,0.102769,0.147017,0.149945,0.088036,0.145817,0.056339,0.139170
0.114111,0.116798,0.114968,0.112873,0.124066,0.057977,0.135240,0.118647,0.047223,0.058097
0.030777,0.077120,0.235216,0.076450,0.244143,0.079279,0.067678,0.075595,0.073825,0.039917
0.038257,0.118456,0.070498,0.126418,0.118392,0.200777,0.141400,0.034521,0.048488,0.102793
0.028518,0.056785,0.303722,0.085661,0.243402,0.039173,0.083869,0.023126,0.051186,0.084558
0.054944,0.114943,0.111993,0.116875,0.113744,0.056422,0.116697,0.113236,0.086936,0.114209
0.058398,0.124807,0.055392,0.109915,0.168251,0.065594,0.153740,0.071383,0.057472,0.135048
0.032915,0.058834,0.257509,0.097540,0.245646,0.036531,0.070774,0.027304,0.078805,0.094142
0.091251,0.107457,0.047279,0.091637,0.132642,0.198875,0.101934,0.132429,0.052700,0.043796
0.056960,0.102884,0.105456,0.091600,0.099320,0.164444,0.101330,0.105031,0.071263,0.101711
0.053494,0.101663,0.103052,0.104881,0.101156,0.160302,0.096234,0.094673,0.083277,0.101267
0.030489,0.127214,0.222792,0.080012,0.069659,0.096507,0.171339,0.087060,0.072802,0.042126
0.051804,0.121900,0.049332,0.077306,0.122286,0.168897,0.136504,0.157040,0.049240,0.065691
0.068537,0.088489,0.055293,0.081602,0.293673,0.126134,0.101235,0.109018,0.033156,0.042861
0.035024,0.088120,0.260153,0.087631,0.089799,0.100178,0.092669,0.098914,0.065221,0.082292
0.037317,0.114528,0.057346,0.075137,0.239653,0.120794,0.083843,0.117362,0.039369,0.114651
0.069298,0.086480,0.233695,0.075834,0.238820,0.083147,0.064556,0.077050,0.026834,0.044288
0.049314,0.101319,0.098270,0.109888,0.101282,0.138426,0.101049,0.095713,0.102319,0.102422
0.055066,0.116737,0.119311,0.110944,0.112906,0.129611,0.110953,0.116767,0.054577,0.073128
0.035712,0.064612,0.323296,0.085107,0.093865,0.136736,0.102899,0.067291,0.038291,0.052193
0.035221,0.060634,0.114781,0.118797,0.264405,0.051006,0.098158,0.117210,0.038516,0.101272
0.092447,0.178443,0.095933,0.097603,0.093009,0.114250,0.098960,0.089420,0.046431,0.093504
0.042117,0.083518,0.272406,0.076933,0.096474,0.115798,0.068521,0.096004,0.054869,0.093361
0.062890,0.095050,0.097608,0.105499,0.091330,0.129687,0.215966,0.060813,0.095066,0.046091
0.103181,0.115984,0.051306,0.103066,0.127248,0.180562,0.110690,0.085757,0.055268,0.066937
0.041085,0.101483,0.297519,0.089917,0.099398,0.100140,0.108781,0.052238,0.053721,0.055718
0.036806,0.110053,0.294305,0.095812,0.104734,0.123377,0.084307,0.060269,0.045473,0.044864
0.036780,0.101291,0.260331,0.089290,0.077905,0.112019,0.079436,0.096763,0.046437,0.099748
0.035915,0.080619,0.261509,0.084573,0.207784,0.109366,0.079295,0.021732,0.036798,0.082409
0.069195,0.064259,0.208121,0.073319,0.218383,0.079946,0.109178,0.071224,0.029160,0.077216
0.043585,0.063467,0.360011,0.115013,0.119985,0.049785,0.070071,0.076531,0.048984,0.052569
0.056769,0.107898,0.104218,0.114330,0.184214,0.119323,0.107897,0.099720,0.040140,0.065490
0.045967,0.087669,0.251207,0.091192,0.086684,0.104487,0.159296,0.045185,0.039390,0.088923
0.081448,0.099953,0.302767,0.086774,0.101932,0.047130,0.090366,0.027713,0.062214,0.099703
0.027181,0.089146,0.089566,0.096031,0.163407,0.113067,0.186088,0.048958,0.080402,0.106155
0.047716,0.124665,0.044371,0.106141,0.131557,0.184847,0.092050,0.138092,0.042889,0.087672
0.049860,0.108247,0.110467,0.111641,0.132928,0.141660,0.110148,0.103089,0.066619,0.065340
0.046511,0.103604,0.097636,0.086849,0.290271,0.044295,0.097716,0.095603,0.037059,0.100457
0.107572,0.106057,0.103139,0.109464,0.104451,0.105281,0.109150,0.100948,0.049493,0.104445
0.047274,0.081213,0.310795,0.107692,0.115239,0.044224,0.085794,0.109982,0.039915,0.057872
0.032111,0.122002,0.225006,0.080590,0.169329,0.085877,0.154851,0.069143,0.032330,0.028763
0.059878,0.110968,0.073916,0.130319,0.125164,0.059816,0.114199,0.144016,0.052347,0.129375
0.025714,0.083183,0.251611,0.090135,0.086238,0.126086,0.089234,0.098273,0.068450,0.081075
0.074529,0.167502,0.079974,0.074225,0.070552,0.122876,0.201781,0.080118,0.037120,0.091323
0.041873,0.083188,0.354034,0.096761,0.082674,0.047795,0.080076,0.088390,0.048318,0.076893
0.046247,0.136639,0.050411,0.144081,0.155899,0.058499,0.097555,0.043461,0.151632,0.115574
0.039102,0.069270,0.057757,0.085973,0.419721,0.046207,0.110429,0.034399,0.043061,0.094082
0.036720,0.112173,0.267244,0.090271,0.086858,0.150676,0.082371,0.087894,0.036945,0.048849
0.042195,0.084033,0.321678,0.095722,0.103874,0.050543,0.069684,0.135493,0.046940,0.049837
0.100023,0.110924,0.096171,0.107631,0.099165,0.136246,0.100201,0.093668,0.090841,0.065131
0.041846,0.093969,0.299167,0.098417,0.092899,0.114604,0.093638,0.025661,0.046279,0.093520
0.049990,0.109026,0.107325,0.103122,0.218891,0.047010,0.130525,0.097271,0.047045,0.089796
0.037241,0.059945,0.184004,0.105926,0.337235,0.042884,0.069809,0.046406,0.039919,0.076630
0.054116,0.068792,0.265065,0.099659,0.110003,0.119136,0.092999,0.047740,0.038564,0.103927
0.055082,0.106628,0.045867,0.123878,0.130225,0.162899,0.126868,0.055675,0.071797,0.121082
0.040183,0.077029,0.213622,0.072572,0.286603,0.130956,0.077308,0.023253,0.036338,0.042137
0.055267,0.164958,0.098432,0.086916,0.095927,0.126600,0.097345,0.092112,0.088040,0.094403
0.041751,0.094793,0.045302,0.125945,0.131314,0.131952,0.126217,0.142297,0.043331,0.117097
0.034525,0.113850,0.036514,0.105921,0.112830,0.245668,0.133115,0.046628,0.063788,0.107161
0.028051,0.071051,0.248356,0.083018,0.313276,0.039962,0.087138,0.023519,0.031902,0.073727
0.035911,0.104684,0.044447,0.112569,0.122329,0.149693,0.115840,0.120735,0.124135,0.069658
0.049316,0.098667,0.052965,0.058945,0.313912,0.056069,0.080591,0.147506,0.048799,0.093231
0.029869,0.046594,0.029692,0.057274,0.398935,0.175046,0.085150,0.092600,0.033105,0.051735
0.042087,0.100436,0.042900,0.132034,0.135204,0.151825,0.123238,0.182588,0.046549,0.043140
0.042904,0.143758,0.046147,0.141214,0.141062,0.051932,0.088165,0.149214,0.127566,0.068038
0.046704,0.097068,0.042591,0.132274,0.120647,0.234494,0.111105,0.113775,0.051681,0.049661
0.044378,0.098589,0.096028,0.100386,0.152049,0.142276,0.100994,0.097084,0.072631,0.095585
0.054927,0.168878,0.107700,0.113426,0.105920,0.104631,0.108179,0.106577,0.054088,0.075675
0.039090,0.093897,0.252109,0.094237,0.089116,0.115977,0.094843,0.090100,0.040688,0.089943
0.043358,0.141875,0.081189,0.079122,0.171082,0.108228,0.195550,0.077743,0.026233,0.075621
0.043466,0.087972,0.033440,0.088518,0.344648,0.104651,0.091743,0.025004,0.091603,0.088955
0.105156,0.100878,0.108052,0.106414,0.196068,0.153179,0.105645,0.028444,0.055197,0.040967
0.039362,0.090876,0.290815,0.081255,0.088723,0.140013,0.090054,0.025372,0.060120,0.093409
0.060752,0.107667,0.110176,0.108932,0.102177,0.141235,0.106173,0.105785,0.051442,0.105662
0.067116,0.183959,0.106874,0.117087,0.108465,0.104012,0.110008,0.029844,0.058660,0.113973
0.041901,0.107877,0.070533,0.106515,0.127755,0.147761,0.142698,0.118361,0.045887,0.090711
0.101632,0.145238,0.101050,0.105828,0.101815,0.053796,0.152920,0.102209,0.033498,0.102013
0.068580,0.108156,0.112408,0.115655,0.104214,0.105635,0.107196,0.102707,0.098364,0.077086
0.044127,0.112833,0.074300,0.116911,0.133577,0.136438,0.134328,0.131564,0.054260,0.061660
0.041373,0.119152,0.046012,0.120506,0.143857,0.147459,0.118356,0.061370,0.142760,0.059155
0.035544,0.071157,0.036507,0.113404,0.345958,0.197179,0.078696,0.047921,0.036564,0.037070
0.043493,0.166580,0.093274,0.093782,0.096220,0.127754,0.097327,0.101255,0.083452,0.096864
0.034193,0.066710,0.252908,0.070878,0.096459,0.170665,0.093522,0.100891,0.053760,0.060016
0.043835,0.083812,0.043588,0.123435,0.287826,0.046359,0.092164,0.172337,0.038953,0.067691
0.077867,0.154431,0.081211,0.081847,0.078581,0.092575,0.184604,0.083497,0.087077,0.078310
0.023302,0.069163,0.231671,0.077204,0.211054,0.133268,0.081011,0.088315,0.055484,0.029529
0.058871,0.107012,0.108744,0.113018,0.102676,0.151869,0.125045,0.029192,0.098026,0.105546
0.045475,0.095052,0.276856,0.105207,0.095760,0.153284,0.098121,0.027565,0.066455,0.036225
0.025030,0.138433,0.246768,0.088020,0.084691,0.112481,0.084182,0.079566,0.036216,0.104614
0.028436,0.184016,0.091282,0.097174,0.087043,0.131275,0.103443,0.085052,0.081836,0.110443
0.052308,0.110818,0.106823,0.113590,0.105781,0.123780,0.111692,0.061022,0.102511,0.111676
0.046996,0.168560,0.083037,0.095859,0.160863,0.113074,0.188828,0.023719,0.033028,0.086036
0.090076,0.144951,0.092178,0.096435,0.129538,0.119378,0.088362,0.089107,0.043787,0.106189
0.036965,0.087808,0.267530,0.093591,0.090569,0.118213,0.094184,0.089988,0.030927,0.090225
0.047148,0.111151,0.240581,0.097639,0.086750,0.102110,0.087563,0.087587,0.050567,0.088903
0.062458,0.043984,0.195653,0.068914,0.364454,0.031021,0.056530,0.077650,0.027640,0.071695
0.100012,0.106224,0.096826,0.092487,0.093304,0.151340,0.099754,0.097737,0.065371,0.096945
0.045422,0.066450,0.063677,0.138726,0.244442,0.053448,0.112075,0.142913,0.048827,0.084020
0.040378,0.097458,0.230932,0.091939,0.088071,0.130520,0.118875,0.025453,0.089741,0.086634
0.051370,0.092791,0.079168,0.151831,0.129401,0.174515,0.145326,0.067674,0.055067,0.052859
0.061010,0.058576,0.047141,0.058004,0.395687,0.113903,0.063841,0.088214,0.030508,0.083117
0.036696,0.070981,0.190817,0.086080,0.326666,0.032067,0.071514,0.090433,0.032815,0.061930
0.037803,0.117084,0.245876,0.071804,0.078508,0.106507,0.080269,0.092404,0.072722,0.097022
0.043972,0.100140,0.046773,0.099883,0.130135,0.233732,0.097390,0.133262,0.060281,0.054433
0.041889,0.081386,0.051014,0.068633,0.382261,0.156685,0.084116,0.059722,0.033493,0.040802
0.040101,0.071777,0.347046,0.064651,0.114281,0.045639,0.083100,0.126946,0.041420,0.065038
0.041098,0.089796,0.253697,0.091288,0.088724,0.106051,0.080933,0.087943,0.069721,0.090750
0.050710,0.104322,0.121340,0.112399,0.224019,0.051997,0.124016,0.056270,0.035570,0.119357
0.066246,0.128937,0.126488,0.120330,0.133182,0.059675,0.121319,0.064939,0.046959,0.131923
0.051060,0.131164,0.129875,0.132609,0.130606,0.063471,0.116808,0.035742,0.075904,0.132762
0.126869,0.147762,0.122964,0.130291,0.122583,0.068736,0.122391,0.033372,0.047564,0.077468
0.049838,0.106343,0.106786,0.106525,0.101953,0.149920,0.107537,0.099113,0.104774,0.067210
0.100181,0.102421,0.102395,0.101156,0.096037,0.154237,0.100030,0.095066,0.077154,0.071322
0.036634,0.085708,0.256102,0.077109,0.085049,0.098388,0.097864,0.081578,0.079148,0.102420
0.035123,0.105640,0.104038,0.110359,0.103233,0.144509,0.105465,0.115148,0.073546,0.102939
0.100575,0.099338,0.093475,0.102121,0.094522,0.118466,0.216254,0.025383,0.059213,0.090654
0.051722,0.122851,0.123084,0.133621,0.132646,0.064612,0.122772,0.124709,0.056596,0.067387
0.035400,0.072702,0.058610,0.077822,0.452149,0.043258,0.093656,0.033709,0.038224,0.094469
0.037939,0.055602,0.044156,0.070871,0.428807,0.044548,0.102217,0.117078,0.039194,0.059587
0.089471,0.087476,0.083696,0.090648,0.086534,0.114726,0.187134,0.101843,0.072175,0.086296
0.044958,0.091241,0.354582,0.083449,0.084502,0.053497,0.088916,0.053288,0.044942,0.100625
0.033062,0.096171,0.035103,0.098886,0.430428,0.112143,0.079625,0.030943,0.047572,0.036066
0.052097,0.078066,0.048387,0.072481,0.365651,0.105806,0.087200,0.119268,0.033748,0.037296
0.045048,0.089715,0.094647,0.087834,0.085318,0.124763,0.187987,0.094272,0.080776,0.109640
0.079161,0.067115,0.258956,0.102448,0.101604,0.043836,0.098936,0.118581,0.095381,0.033982
0.063841,0.089559,0.130938,0.136283,0.132921,0.063519,0.113045,0.132851,0.060838,0.076206
0.034354,0.108970,0.329391,0.075798,0.094894,0.046271,0.128620,0.033527,0.054408,0.093768
0.048201,0.133305,0.056307,0.088995,0.184046,0.056616,0.100610,0.159445,0.054309,0.118166
0.078103,0.097437,0.039842,0.114774,0.112439,0.139258,0.148318,0.129674,0.033006,0.107149
0.051085,0.156842,0.074978,0.067445,0.075392,0.103334,0.193861,0.074821,0.127214,0.075028
0.044364,0.110754,0.102097,0.096357,0.138074,0.164512,0.094950,0.094932,0.094201,0.059760
0.067773,0.104845,0.244896,0.079061,0.127973,0.051379,0.084978,0.132716,0.063329,0.043049
0.088382,0.142501,0.039747,0.084116,0.125269,0.154673,0.119573,0.148364,0.048241,0.049133
0.043766,0.112322,0.107294,0.089714,0.298544,0.046610,0.109328,0.102194,0.037934,0.052294
0.030750,0.076556,0.219058,0.068045,0.178278,0.102387,0.114706,0.074553,0.061915,0.073752
0.073600,0.097485,0.254801,0.100743,0.092837,0.139264,0.097787,0.027337,0.064502,0.051645
0.039162,0.079389,0.219394,0.080006,0.191150,0.098306,0.073276,0.087326,0.056616,0.075376
0.052644,0.111918,0.046064,0.142295,0.120243,0.165379,0.098433,0.161581,0.046747,0.054696
0.045429,0.096368,0.352517,0.101865,0.095118,0.048683,0.081002,0.026838,0.049192,0.102987
0.042826,0.082356,0.064495,0.130206,0.133270,0.050945,0.096269,0.261899,0.043275,0.094459
0.051855,0.120374,0.130302,0.134711,0.128668,0.052498,0.135499,0.132228,0.051111,0.062754
0.056781,0.102243,0.104647,0.090091,0.135117,0.134306,0.113490,0.100089,0.069186,0.094049
0.104006,0.100553,0.107389,0.099421,0.143722,0.133670,0.105117,0.027199,0.055132,0.123791
0.037645,0.103247,0.062947,0.119661,0.115192,0.136890,0.092773,0.111634,0.111616,0.108397
0.066208,0.090354,0.099672,0.094073,0.166861,0.130975,0.204772,0.025225,0.050287,0.071573
0.019419,0.133303,0.208485,0.075941,0.066823,0.119062,0.177568,0.083161,0.030748,0.085491
0.040487,0.065382,0.057777,0.081175,0.289659,0.205927,0.106076,0.047735,0.038650,0.067132
0.043280,0.091452,0.271811,0.087140,0.111268,0.126747,0.079420,0.079145,0.033917,0.075820
0.037307,0.112669,0.194291,0.112720,0.234315,0.041288,0.082635,0.105123,0.033938,0.045712
0.050486,0.103997,0.106949,0.112901,0.102785,0.140698,0.103683,0.106717,0.070009,0.101774
0.061784,0.084018,0.277518,0.097510,0.098696,0.042357,0.114833,0.112366,0.029536,0.081381
0.061814,0.101698,0.102086,0.100583,0.099965,0.144431,0.102281,0.094565,0.092112,0.100466
0.060479,0.091167,0.099626,0.105887,0.144225,0.131890,0.192842,0.025012,0.052899,0.095973
0.051724,0.124217,0.135929,0.122081,0.131796,0.060327,0.135316,0.123244,0.047003,0.068364
0.079881,0.103266,0.114224,0.118296,0.106828,0.133450,0.108845,0.028670,0.103533,0.103005
0.090549,0.091314,0.090683,0.084739,0.141147,0.113985,0.198922,0.047510,0.051885,0.089265
0.029600,0.081479,0.049956,0.076987,0.375609,0.105764,0.062247,0.094893,0.033401,0.090063
0.035957,0.122370,0.209180,0.081428,0.195238,0.087896,0.132662,0.041316,0.047346,0.046606
0.027626,0.120135,0.223072,0.069266,0.067380,0.123742,0.161716,0.067506,0.068588,0.070968
0.044921,0.103055,0.101562,0.106110,0.157671,0.129726,0.106825,0.113410,0.036797,0.099923
0.049921,0.110429,0.121205,0.119025,0.125355,0.062810,0.106707,0.123488,0.049576,0.131483
0.043416,0.121498,0.073944,0.132093,0.129845,0.130127,0.090567,0.125103,0.050681,0.102726
0.049200,0.097262,0.058680,0.163427,0.157670,0.060449,0.125610,0.074581,0.111263,0.101858
0.044767,0.104465,0.065922,0.067072,0.249191,0.151749,0.097657,0.112023,0.060320,0.046834
0.045072,0.103035,0.046285,0.142366,0.148295,0.182473,0.135929,0.059619,0.044217,0.092710
0.027470,0.087007,0.032689,0.089439,0.407603,0.170440,0.065096,0.024605,0.035702,0.059950
0.043973,0.099242,0.227837,0.074495,0.183340,0.118137,0.093357,0.043139,0.032915,0.083565
0.107019,0.118133,0.046061,0.132262,0.121345,0.149433,0.147989,0.034163,0.040519,0.103077
0.068634,0.128978,0.043457,0.086373,0.125447,0.147858,0.125841,0.121613,0.039198,0.112600
0.044257,0.134844,0.049069,0.117289,0.120790,0.143066,0.129974,0.153047,0.047624,0.060040
0.026704,0.075115,0.029115,0.059336,0.444150,0.033434,0.071083,0.122033,0.105242,0.033788
0.113844,0.124887,0.111191,0.113024,0.102256,0.108484,0.111563,0.029858,0.050007,0.134888
0.082976,0.113134,0.307839,0.089391,0.089579,0.045876,0.108036,0.084356,0.033794,0.045017
0.091274,0.089940,0.090520,0.098259,0.088241,0.104142,0.211700,0.091143,0.046130,0.088649
0.038464,0.104552,0.316208,0.098599,0.110065,0.121244,0.087626,0.032989,0.050080,0.040172
0.062172,0.107101,0.106276,0.106868,0.100531,0.144820,0.116672,0.099781,0.050766,0.105013
0.056018,0.110559,0.084463,0.127591,0.173536,0.069751,0.108656,0.076888,0.078590,0.113948
0.059339,0.076359,0.076614,0.112610,0.131851,0.064517,0.112635,0.239699,0.056505,0.069871
0.041110,0.106524,0.105274,0.109087,0.255273,0.051665,0.130982,0.107493,0.051756,0.040836
0.059974,0.121066,0.117268,0.129357,0.119635,0.145383,0.121199,0.033294,0.059538,0.093286
0.085960,0.097704,0.092686,0.094616,0.082989,0.126451,0.203223,0.083333,0.045909,0.087128
0.045513,0.085501,0.085387,0.084326,0.159179,0.137449,0.187945,0.087417,0.043607,0.083677
0.049660,0.127902,0.046882,0.127029,0.150458,0.176703,0.144425,0.063849,0.047971,0.065121
0.035465,0.134034,0.236800,0.084846,0.078228,0.080980,0.176713,0.076463,0.046275,0.050197
0.051083,0.120270,0.051881,0.086493,0.162072,0.188820,0.124791,0.068961,0.076009,0.069619
0.048394,0.072188,0.042231,0.076572,0.302352,0.145329,0.082455,0.057681,0.079023,0.093775
0.050736,0.114595,0.044689,0.070893,0.138134,0.216289,0.129293,0.085643,0.046917,0.102810
0.050253,0.116255,0.116926,0.116941,0.111882,0.056716,0.165374,0.128254,0.093880,0.043519
0.058034,0.103731,0.104677,0.108450,0.245997,0.051060,0.104543,0.029379,0.076702,0.117426
0.035291,0.084486,0.265075,0.066609,0.144198,0.101163,0.079076,0.106506,0.037492,0.080105
0.029679,0.091374,0.096857,0.095743,0.122661,0.117439,0.176437,0.105671,0.072592,0.091548
0.053045,0.072689,0.365006,0.140603,0.092545,0.050755,0.073261,0.054920,0.053049,0.044127
0.061724,0.105430,0.108734,0.111949,0.104416,0.166443,0.118254,0.099535,0.053997,0.069515
0.092831,0.100093,0.095279,0.083951,0.172479,0.102849,0.084071,0.090456,0.087583,0.090409
0.075363,0.115488,0.113942,0.121281,0.114742,0.135254,0.115885,0.032456,0.058764,0.116824
0.053563,0.053781,0.042229,0.051804,0.453894,0.043261,0.096048,0.112825,0.048518,0.044077
0.042565,0.112875,0.290393,0.109158,0.105637,0.123780,0.080734,0.049508,0.035580,0.049771
0.077948,0.106658,0.046645,0.133262,0.134045,0.125803,0.111259,0.153953,0.049712,0.060715
0.032680,0.089544,0.258284,0.092648,0.098385,0.120749,0.110973,0.095068,0.034097,0.067572
0.038749,0.082856,0.058808,0.065241,0.315589,0.142516,0.087441,0.119346,0.042916,0.046537
0.044759,0.074458,0.116397,0.105583,0.277676,0.053277,0.123571,0.113683,0.037921,0.052677
0.078550,0.102597,0.267217,0.104538,0.095144,0.146301,0.087839,0.029229,0.032753,0.055832
0.040531,0.098052,0.248136,0.074798,0.093679,0.096160,0.075641,0.092650,0.093271,0.087082
0.054903,0.150069,0.096961,0.095478,0.183971,0.091095,0.094408,0.106657,0.033800,0.092658
0.108009,0.132031,0.062030,0.135806,0.133044,0.066536,0.120312,0.083136,0.057249,0.101848
0.060546,0.125683,0.076287,0.113984,0.119580,0.059377,0.141951,0.077232,0.057035,0.168324
0.039973,0.128950,0.064414,0.114350,0.128865,0.193896,0.119680,0.114726,0.039631,0.055515
0.059893,0.104739,0.108184,0.100443,0.102784,0.166145,0.104927,0.096924,0.053054,0.102908
0.075197,0.120786,0.076555,0.066603,0.107789,0.121741,0.073500,0.020028,0.305389,0.032412
0.029212,0.091115,0.101097,0.099289,0.090577,0.133856,0.198091,0.026634,0.110526,0.119603
0.068665,0.139361,0.052349,0.120370,0.119188,0.152691,0.125906,0.124887,0.048001,0.048584
0.040598,0.093064,0.281528,0.085497,0.094703,0.129114,0.088507,0.049293,0.041042,0.096655
0.035682,0.111488,0.228748,0.078902,0.177542,0.091766,0.078069,0.070682,0.036872,0.090248
0.037653,0.096830,0.039345,0.078428,0.380889,0.140584,0.096647,0.050991,0.038956,0.039676
0.041351,0.146188,0.079527,0.127819,0.130028,0.154646,0.156422,0.060044,0.046128,0.057848
0.094476,0.129703,0.049641,0.145329,0.147084,0.060049,0.101862,0.044260,0.140842,0.086755
0.046059,0.099114,0.100221,0.106159,0.169104,0.158770,0.094810,0.091913,0.036424,0.097426
0.033452,0.066294,0.187878,0.068425,0.315476,0.081172,0.075899,0.021090,0.109260,0.041056
0.046432,0.114126,0.051238,0.074992,0.128811,0.060682,0.094618,0.246309,0.054133,0.128659
0.067526,0.120101,0.051262,0.137636,0.129904,0.056775,0.143641,0.158658,0.050046,0.084450
0.028838,0.121790,0.091857,0.097074,0.205300,0.122917,0.094599,0.096870,0.085233,0.055522
0.089704,0.090077,0.084950,0.091423,0.149706,0.146286,0.135160,0.087870,0.073173,0.051650
0.035906,0.075499,0.224169,0.081500,0.201822,0.090547,0.112637,0.038575,0.068489,0.070857
0.035995,0.076503,0.254488,0.074457,0.229356,0.110219,0.053066,0.092005,0.034138,0.039774
0.042109,0.104317,0.066237,0.129092,0.129188,0.127382,0.096855,0.152394,0.100514,0.051912
0.041682,0.066531,0.050752,0.108443,0.127257,0.238058,0.101630,0.142775,0.062899,0.059974
0.074148,0.075830,0.235494,0.075912,0.212893,0.099708,0.066364,0.075492,0.054166,0.029993
0.030908,0.097444,0.104637,0.097328,0.093138,0.095768,0.203495,0.090958,0.088617,0.097708
0.055012,0.094984,0.097759,0.084447,0.155332,0.092445,0.181625,0.088797,0.061839,0.087760
0.037768,0.074118,0.228137,0.076946,0.343727,0.036589,0.049805,0.083423,0.028814,0.040673
0.034492,0.109079,0.106580,0.103630,0.109189,0.158837,0.112734,0.106510,0.048232,0.110717
0.038709,0.130878,0.067128,0.122849,0.123497,0.127200,0.123438,0.120117,0.038292,0.107892
0.054380,0.107493,0.104233,0.101978,0.107864,0.144664,0.110851,0.105515,0.097795,0.065227
0.057113,0.099338,0.097288,0.105123,0.189618,0.139308,0.102026,0.027180,0.078099,0.104908
0.033475,0.115730,0.063790,0.117893,0.116907,0.157365,0.087251,0.132079,0.068420,0.107090
0.032456,0.085976,0.035181,0.103506,0.442798,0.038678,0.110674,0.030562,0.056841,0.063326
0.045784,0.112258,0.253285,0.094346,0.089510,0.092462,0.091267,0.092494,0.037654,0.090942
0.104946,0.103016,0.104269,0.109356,0.127065,0.101249,0.099360,0.099300,0.047970,0.103468
0.046529,0.126491,0.073996,0.133029,0.131737,0.186572,0.110057,0.036041,0.045421,0.110127
0.034897,0.139821,0.221084,0.067397,0.071599,0.089276,0.183166,0.075631,0.043552,0.073576
0.050267,0.102893,0.101192,0.107033,0.169289,0.132513,0.103489,0.097791,0.041154,0.094380
0.046050,0.116967,0.114853,0.113438,0.237654,0.055568,0.092332,0.058147,0.042063,0.122928
0.059723,0.104212,0.066879,0.112569,0.146285,0.070533,0.156749,0.051613,0.084952,0.146484
0.030202,0.068424,0.030380,0.090041,0.398189,0.033634,0.082408,0.148630,0.046360,0.071732
0.050982,0.096126,0.238440,0.098746,0.094059,0.132471,0.107422,0.052638,0.032095,0.097020
0.042454,0.097903,0.108228,0.111096,0.103947,0.054878,0.175911,0.104652,0.096333,0.104598
0.037169,0.123119,0.070713,0.127282,0.119677,0.146503,0.132673,0.034152,0.118013,0.090699
0.085689,0.166009,0.088965,0.087181,0.138289,0.143077,0.089082,0.082820,0.032149,0.086739
0.055103,0.152702,0.096207,0.107333,0.188076,0.114753,0.099123,0.099502,0.044661,0.042542
0.038140,0.118609,0.307050,0.095172,0.102637,0.042802,0.077212,0.114422,0.059120,0.044836
0.024042,0.091627,0.262330,0.083600,0.209200,0.142783,0.080615,0.022766,0.029520,0.053516
0.082009,0.112866,0.051337,0.105540,0.134675,0.134014,0.099731,0.066221,0.061791,0.151816
0.044344,0.086274,0.028684,0.048578,0.394037,0.161935,0.088424,0.076141,0.038343,0.033239
0.030182,0.065796,0.035485,0.072994,0.438038,0.168797,0.075841,0.027073,0.039064,0.046732
0.049834,0.110599,0.109855,0.109840,0.111414,0.059081,0.115340,0.107281,0.104560,0.122195
0.066041,0.105587,0.192163,0.064585,0.177691,0.078038,0.152701,0.059902,0.038795,0.064498
0.041200,0.136981,0.081144,0.082436,0.156334,0.110467,0.191399,0.089219,0.060013,0.050807
0.030399,0.060172,0.031131,0.072404,0.422107,0.153127,0.073107,0.088657,0.030858,0.038038
0.052357,0.134277,0.097239,0.100940,0.138131,0.152856,0.093018,0.095845,0.039077,0.096260
0.039776,0.054424,0.280470,0.108625,0.109592,0.117360,0.090542,0.111367,0.043002,0.044843
0.103889,0.143816,0.097936,0.094473,0.098749,0.049572,0.132901,0.102597,0.074397,0.101670
0.049365,0.182380,0.098690,0.094187,0.096820,0.112761,0.101568,0.100012,0.067890,0.096328
0.035138,0.081036,0.034960,0.104639,0.351021,0.111739,0.098368,0.098526,0.038095,0.046480
0.033145,0.065649,0.189255,0.076961,0.360752,0.039516,0.087681,0.077096,0.032981,0.036964
0.046556,0.107147,0.096414,0.104409,0.192265,0.110169,0.100653,0.097924,0.044203,0.100260
0.031826,0.059916,0.051539,0.071891,0.406164,0.110394,0.074832,0.090844,0.036663,0.065933
0.039831,0.127788,0.128514,0.112938,0.252798,0.052248,0.117898,0.034477,0.058061,0.075446
0.037465,0.101701,0.328607,0.100566,0.072786,0.046292,0.073090,0.130454,0.041746,0.067294
0.028345,0.135467,0.221269,0.072699,0.070413,0.106576,0.178072,0.085558,0.031380,0.070220
0.035987,0.086985,0.259939,0.098833,0.085642,0.115642,0.078884,0.105176,0.037276,0.095635
0.032253,0.101683,0.102008,0.107427,0.181391,0.151752,0.166274,0.027458,0.052149,0.077604
0.044728,0.086287,0.343217,0.053728,0.126987,0.053120,0.081712,0.081884,0.053957,0.074380
0.050158,0.064508,0.057530,0.081002,0.117168,0.059936,0.103645,0.241823,0.063292,0.160939
0.046425,0.102221,0.103441,0.091863,0.169757,0.141540,0.113283,0.096682,0.048161,0.086627
0.044462,0.166503,0.089341,0.094490,0.184453,0.102180,0.088053,0.102153,0.040732,0.087633
0.106137,0.119215,0.112464,0.127468,0.126713,0.059587,0.101184,0.126257,0.047848,0.073127
0.044028,0.093209,0.253525,0.087033,0.178075,0.127583,0.092646,0.025770,0.038864,0.059267
0.062544,0.120829,0.052118,0.081065,0.146593,0.151434,0.135820,0.062647,0.052288,0.134662
0.068340,0.102869,0.103936,0.091946,0.097015,0.135527,0.101220,0.102445,0.094887,0.101814
0.043689,0.089900,0.285135,0.093077,0.084056,0.158309,0.138810,0.025588,0.046236,0.035202
0.036940,0.087100,0.270832,0.086341,0.178830,0.085673,0.097301,0.023396,0.079922,0.053666
0.103835,0.109804,0.102842,0.103171,0.140193,0.113473,0.113220,0.094320,0.036303,0.082840
0.048112,0.082221,0.224607,0.085889,0.185435,0.144274,0.078971,0.072113,0.032427,0.045951
0.078423,0.081113,0.296313,0.089238,0.095934,0.043894,0.089315,0.090836,0.037719,0.097214
0.099399,0.099534,0.094818,0.088230,0.164649,0.097252,0.109364,0.091513,0.059032,0.096208
0.026361,0.070599,0.221035,0.076113,0.220685,0.106057,0.066275,0.072228,0.066469,0.074177
0.060101,0.121401,0.044725,0.104955,0.121035,0.234077,0.109728,0.118699,0.044185,0.041095
0.037750,0.093056,0.253317,0.086567,0.095585,0.111373,0.099033,0.096847,0.038496,0.087976
0.039339,0.124932,0.123078,0.131711,0.128265,0.066057,0.130501,0.123068,0.065872,0.067177
0.056653,0.093791,0.094032,0.100877,0.092035,0.117906,0.219602,0.087919,0.045716,0.091470
0.088529,0.090791,0.255837,0.094457,0.091911,0.121351,0.082645,0.087824,0.038230,0.048425
0.023663,0.066562,0.171227,0.075706,0.400671,0.030105,0.055963,0.077895,0.024862,0.073345
0.106119,0.103703,0.101597,0.106782,0.103171,0.136701,0.103197,0.104397,0.048675,0.085659
0.031607,0.113890,0.094899,0.111339,0.280790,0.049985,0.137477,0.107095,0.035277,0.037641
0.058393,0.105068,0.104451,0.103484,0.100006,0.135448,0.104031,0.100068,0.085952,0.103099
0.058129,0.112036,0.114101,0.106120,0.109639,0.125785,0.112688,0.109179,0.041795,0.110528
0.028152,0.066543,0.215450,0.055994,0.265841,0.143259,0.072069,0.084055,0.030714,0.037923
0.067112,0.122056,0.051997,0.159682,0.159343,0.061946,0.101546,0.068503,0.147470,0.060345
0.051688,0.130305,0.115825,0.112327,0.124233,0.059055,0.105818,0.120884,0.061593,0.118272
0.037512,0.088568,0.225069,0.078686,0.178278,0.107571,0.089363,0.083637,0.029894,0.081422
0.042945,0.121144,0.259563,0.095961,0.086619,0.089402,0.088843,0.084986,0.040270,0.090265
0.040501,0.086799,0.068998,0.110001,0.121138,0.124612,0.093652,0.119799,0.119492,0.115009
0.080340,0.093762,0.251982,0.088936,0.087223,0.096330,0.089558,0.042861,0.080695,0.088313
0.038786,0.086776,0.039396,0.122348,0.343088,0.090036,0.071855,0.126155,0.042155,0.039404
0.061845,0.131295,0.066626,0.166712,0.169942,0.065275,0.141813,0.051433,0.056108,0.088951
0.060506,0.077735,0.029157,0.091503,0.368462,0.173946,0.064634,0.025415,0.032595,0.076047
0.053814,0.100795,0.102125,0.099410,0.168351,0.118145,0.098421,0.093177,0.048052,0.117710
0.031054,0.077454,0.216715,0.073365,0.198619,0.090761,0.120528,0.072102,0.051741,0.067661
0.035735,0.076563,0.292318,0.097791,0.131168,0.115368,0.080132,0.047816,0.039668,0.083442
0.034751,0.102927,0.281047,0.090321,0.095851,0.139941,0.082333,0.093731,0.031560,0.047538
0.051202,0.103319,0.102902,0.104537,0.186507,0.112846,0.095765,0.094193,0.046353,0.102375
0.047197,0.129925,0.128050,0.127652,0.125966,0.050997,0.098363,0.116988,0.058771,0.116091
0.063996,0.112136,0.113983,0.112458,0.112156,0.133571,0.126312,0.108329,0.041792,0.075267
0.109134,0.111182,0.107149,0.095858,0.098359,0.129850,0.105056,0.028803,0.110236,0.104375
0.030561,0.102272,0.317428,0.099179,0.104840,0.048976,0.098981,0.029538,0.065646,0.102578
0.109377,0.139592,0.112597,0.111840,0.106419,0.055828,0.105332,0.101824,0.044212,0.112978
0.040816,0.103484,0.064897,0.111725,0.122903,0.140938,0.105877,0.088161,0.105333,0.115866
0.068082,0.178094,0.104338,0.105140,0.104354,0.142278,0.109828,0.029147,0.055130,0.103609
0.020894,0.083681,0.191213,0.063625,0.285398,0.096967,0.106479,0.067563,0.037264,0.046916
0.045246,0.085930,0.237529,0.089193,0.081039,0.121964,0.158948,0.079643,0.036560,0.063948
0.069181,0.106370,0.048503,0.135149,0.112704,0.210089,0.088202,0.057688,0.047638,0.124475
0.106072,0.107951,0.108861,0.117182,0.108053,0.142338,0.109390,0.102573,0.047870,0.049711
0.064953,0.100073,0.045734,0.088492,0.128774,0.239357,0.098524,0.072613,0.044961,0.116520
0.032059,0.075072,0.192949,0.066205,0.335476,0.034246,0.088076,0.093957,0.050607,0.031354
0.070198,0.069437,0.208714,0.071602,0.215081,0.068849,0.098382,0.069324,0.060472,0.067939
0.030204,0.075660,0.033767,0.057894,0.369821,0.180198,0.088662,0.098284,0.029713,0.035797
0.041154,0.082576,0.037724,0.066469,0.378502,0.087560,0.069385,0.103684,0.037303,0.095644
0.074874,0.107486,0.051458,0.095495,0.145278,0.176068,0.105502,0.085700,0.057542,0.100597
0.055444,0.100186,0.108512,0.115181,0.096203,0.174856,0.105170,0.028254,0.114835,0.101360
0.037900,0.062887,0.304436,0.110419,0.109829,0.043492,0.113443,0.124982,0.039185,0.053428
0.030714,0.102316,0.096899,0.100230,0.100295,0.169358,0.140558,0.095621,0.063838,0.100170
0.052285,0.119097,0.076221,0.149020,0.160211,0.064161,0.110465,0.120879,0.072403,0.075258
0.083657,0.134141,0.222669,0.081214,0.077920,0.111570,0.154207,0.044715,0.055778,0.034128
0.039429,0.096033,0.044600,0.125222,0.116702,0.141567,0.114105,0.174813,0.065021,0.082510
0.052699,0.093109,0.093132,0.098022,0.091123,0.118718,0.224404,0.106474,0.042761,0.079558
0.028974,0.064812,0.048847,0.090173,0.295142,0.105998,0.100442,0.134372,0.045976,0.085264
0.055516,0.082049,0.046855,0.099244,0.136261,0.156679,0.131947,0.122487,0.047919,0.121043
0.100038,0.130259,0.077938,0.138680,0.156229,0.054521,0.114389,0.043343,0.078801,0.105802
0.065201,0.093527,0.096492,0.109224,0.100433,0.123647,0.196888,0.027289,0.091480,0.095819
0.034017,0.114583,0.107432,0.116316,0.169879,0.109627,0.124786,0.110681,0.048063,0.064617
0.052664,0.094164,0.042533,0.128339,0.111308,0.204175,0.089747,0.123617,0.099558,0.053895
0.103519,0.100257,0.098902,0.103227,0.153344,0.128349,0.114500,0.094840,0.044890,0.058171
0.096324,0.128865,0.047006,0.132476,0.126501,0.171081,0.129772,0.034817,0.078119,0.055040
0.072067,0.123816,0.222780,0.074069,0.068441,0.095311,0.166032,0.085512,0.064029,0.027942
0.025050,0.077839,0.225930,0.081054,0.239719,0.104327,0.084726,0.076743,0.041277,0.043334
0.056963,0.136308,0.082429,0.143397,0.128696,0.064437,0.109151,0.121514,0.062391,0.094714
0.040740,0.108210,0.087421,0.092861,0.179294,0.150374,0.102291,0.087213,0.081604,0.069991
0.040131,0.108306,0.279979,0.108599,0.107830,0.045867,0.089663,0.028990,0.087856,0.102778
0.102204,0.177726,0.092652,0.094313,0.081937,0.126035,0.102850,0.024548,0.084668,0.113068
0.028306,0.092224,0.249167,0.094809,0.093804,0.103124,0.095094,0.102400,0.045862,0.095209
0.029660,0.073317,0.218210,0.078563,0.211487,0.099429,0.065976,0.083154,0.068957,0.071249
0.042352,0.099123,0.099630,0.092338,0.181676,0.127329,0.109193,0.095856,0.054160,0.098342
0.031481,0.074480,0.229346,0.087806,0.148297,0.148268,0.067012,0.099527,0.032128,0.081655
0.043626,0.097130,0.250281,0.086928,0.093078,0.115324,0.123423,0.053093,0.055883,0.081234
0.040497,0.088220,0.309493,0.103262,0.117354,0.050747,0.094563,0.051300,0.037116,0.107447
0.055617,0.123349,0.127542,0.148809,0.142897,0.063054,0.127549,0.069662,0.050662,0.090859
0.054258,0.120055,0.057998,0.123790,0.142045,0.061844,0.118269,0.071204,0.086888,0.163648
0.029116,0.083173,0.271349,0.091451,0.104331,0.113422,0.105077,0.075948,0.058840,0.067294
0.044184,0.084691,0.067137,0.144620,0.268556,0.055444,0.099057,0.136353,0.053022,0.046936
0.062359,0.142010,0.138445,0.141420,0.140258,0.071177,0.145021,0.038945,0.068799,0.051567
0.038730,0.093114,0.286844,0.093148,0.110999,0.142778,0.112137,0.030027,0.039158,0.053065
0.023682,0.054233,0.179453,0.073238,0.354986,0.033346,0.068873,0.059639,0.078105,0.074445
0.035649,0.084654,0.234731,0.087762,0.082933,0.113912,0.156160,0.084525,0.036875,0.082800
0.042537,0.109746,0.043188,0.074679,0.130646,0.155580,0.134174,0.135717,0.047859,0.125874
0.049642,0.097129,0.266899,0.099628,0.096068,0.114565,0.098907,0.049225,0.090352,0.037584
0.053118,0.105221,0.104540,0.109882,0.108621,0.150449,0.109691,0.100587,0.049162,0.108730
0.073966,0.105604,0.302046,0.091497,0.090219,0.042798,0.068886,0.102720,0.030981,0.091283
0.043039,0.093908,0.291590,0.083816,0.092500,0.108459,0.093203,0.025452,0.076298,0.091735
0.054378,0.092162,0.096359,0.097119,0.090495,0.124306,0.215550,0.105225,0.036229,0.088178
0.041570,0.125329,0.047495,0.105507,0.129285,0.221355,0.132467,0.036011,0.048004,0.112978
0.056488,0.108285,0.043015,0.117813,0.115889,0.164488,0.087733,0.031941,0.165558,0.108790
0.054989,0.123148,0.121004,0.115020,0.119863,0.120596,0.124814,0.113626,0.057512,0.049429
0.028500,0.086971,0.291697,0.088176,0.219266,0.034720,0.069010,0.023509,0.115412,0.042738
0.049189,0.111599,0.108146,0.112865,0.204875,0.138348,0.117593,0.060129,0.052260,0.044997
0.038379,0.094406,0.374612,0.117817,0.089019,0.045203,0.081218,0.035596,0.049850,0.073901
0.030200,0.075041,0.223723,0.071473,0.195596,0.089895,0.122565,0.076036,0.029974,0.085499
0.067548,0.076423,0.315065,0.105530,0.117798,0.046816,0.080343,0.097993,0.038954,0.053530
0.057065,0.116467,0.047117,0.134097,0.135417,0.059236,0.132910,0.165344,0.056672,0.095676
0.037295,0.093154,0.034873,0.090030,0.392294,0.091746,0.094720,0.026342,0.033004,0.106542
0.031957,0.103141,0.260884,0.089387,0.101195,0.116169,0.105947,0.096095,0.030308,0.064918
0.044158,0.095516,0.253263,0.098116,0.093043,0.113206,0.098528,0.097538,0.052697,0.053935
0.040155,0.134811,0.047430,0.133371,0.125646,0.138304,0.120259,0.134416,0.040637,0.084971
0.060756,0.171155,0.102954,0.101324,0.098121,0.132915,0.106340,0.096160,0.036900,0.093374
0.023299,0.154613,0.081201,0.079398,0.183202,0.098741,0.199882,0.074241,0.026173,0.079251
0.049096,0.113014,0.051909,0.131334,0.158310,0.060109,0.143570,0.156241,0.056447,0.079968
0.055442,0.156825,0.084477,0.090344,0.088223,0.121638,0.175202,0.085009,0.078722,0.064117
0.067282,0.107484,0.107610,0.115140,0.105829,0.126394,0.106447,0.119680,0.045099,0.099036
0.045407,0.133404,0.100706,0.110770,0.100780,0.061813,0.225440,0.053807,0.044534,0.123338
0.043047,0.092015,0.174134,0.071857,0.150653,0.063856,0.074982,0.018317,0.247637,0.063503
0.061457,0.133517,0.122158,0.133729,0.212212,0.064752,0.102968,0.066667,0.053401,0.049139
0.032983,0.058441,0.275627,0.079101,0.188022,0.106521,0.060095,0.105490,0.035390,0.058328
0.030093,0.075190,0.029263,0.064483,0.429239,0.111253,0.057015,0.098989,0.041919,0.062557
0.089432,0.161324,0.095602,0.093294,0.087031,0.150127,0.094927,0.105967,0.032205,0.090091
0.089432,0.154605,0.089716,0.078712,0.084372,0.126491,0.099842,0.091574,0.079129,0.106128
0.044044,0.111087,0.068748,0.123901,0.138135,0.153468,0.100351,0.131444,0.044099,0.084724
0.028524,0.080116,0.256417,0.096956,0.099231,0.101200,0.102016,0.125149,0.030474,0.079917
0.069975,0.071671,0.300608,0.084650,0.097896,0.114210,0.082134,0.102336,0.033327,0.043193
0.064352,0.085350,0.194612,0.058180,0.145309,0.089348,0.063823,0.017242,0.218108,0.063675
0.043273,0.101867,0.055913,0.103906,0.100665,0.157362,0.114610,0.152313,0.099320,0.070770
0.088812,0.111623,0.068796,0.127033,0.127922,0.149294,0.127359,0.034571,0.055378,0.109213
0.082111,0.095445,0.066618,0.076298,0.234284,0.055670,0.100033,0.141725,0.052468,0.095348
0.052578,0.108090,0.102359,0.100221,0.173381,0.124893,0.144975,0.097887,0.035694,0.059922
0.082703,0.114631,0.113414,0.111058,0.111379,0.138605,0.114952,0.031247,0.097809,0.084202
0.032695,0.080480,0.222839,0.081380,0.226178,0.089427,0.127768,0.074343,0.033786,0.031104
0.041175,0.092786,0.282675,0.087293,0.091901,0.104767,0.158459,0.045601,0.036122,0.059220
0.027050,0.055652,0.259427,0.070527,0.203797,0.107932,0.062694,0.093225,0.064513,0.055185
0.082115,0.078581,0.238456,0.085878,0.075554,0.107586,0.082412,0.022496,0.194999,0.031924
0.042118,0.081875,0.340905,0.114278,0.121751,0.043407,0.106295,0.034965,0.056327,0.058079
0.041431,0.079507,0.046427,0.131581,0.130500,0.207400,0.139197,0.127668,0.045507,0.050781
0.103357,0.103265,0.108046,0.099848,0.100838,0.165396,0.102942,0.059608,0.052895,0.103804
0.045393,0.142485,0.137019,0.140518,0.145742,0.071264,0.142933,0.038562,0.056579,0.079505
0.095675,0.125261,0.048198,0.146802,0.128880,0.057443,0.154099,0.041689,0.141362,0.060589
0.054736,0.076459,0.063138,0.118226,0.137462,0.067058,0.117333,0.174824,0.069814,0.120952
0.028467,0.076222,0.223235,0.071781,0.221317,0.109659,0.077097,0.081446,0.030221,0.080556
0.061013,0.107766,0.050269,0.139636,0.146030,0.145429,0.098975,0.140863,0.053831,0.056188
0.054766,0.121430,0.121820,0.111740,0.123489,0.057098,0.124092,0.119024,0.041157,0.125385
0.073053,0.135534,0.076994,0.078362,0.146802,0.093638,0.186244,0.076605,0.062201,0.070567
0.106077,0.150858,0.099784,0.092309,0.102543,0.101609,0.099867,0.118615,0.063618,0.064719
0.056753,0.110113,0.317456,0.106769,0.110817,0.045808,0.111134,0.030705,0.072965,0.037481
0.087694,0.128029,0.088859,0.088633,0.176823,0.126201,0.086984,0.088079,0.041429,0.087269
0.048715,0.105888,0.103991,0.113792,0.204299,0.130503,0.105875,0.029053,0.051393,0.106491
0.073959,0.085230,0.041288,0.115850,0.131458,0.127073,0.125287,0.053079,0.123083,0.123693
0.058710,0.097343,0.100139,0.100361,0.165702,0.094527,0.095421,0.099265,0.098892,0.089638
0.033726,0.057469,0.286671,0.095634,0.088810,0.115789,0.100778,0.152506,0.032488,0.036130
0.042461,0.085930,0.239051,0.090441,0.087493,0.115691,0.087588,0.084672,0.067120,0.099555
0.066551,0.129643,0.051186,0.134195,0.132307,0.189469,0.082071,0.090932,0.062958,0.060689
0.055278,0.153795,0.059004,0.182446,0.176569,0.064979,0.117853,0.051927,0.078616,0.059532
0.033659,0.084903,0.252854,0.091830,0.086540,0.117873,0.087122,0.079748,0.078873,0.086599
0.063980,0.071845,0.085878,0.082102,0.270288,0.068914,0.107476,0.119937,0.066141,0.063439
0.046877,0.139848,0.241824,0.078997,0.071662,0.113157,0.155135,0.022244,0.042415,0.087841
0.109718,0.107539,0.107412,0.112041,0.108354,0.057879,0.108834,0.123025,0.054139,0.111059
0.051695,0.078847,0.128088,0.118660,0.282762,0.058265,0.124834,0.060050,0.051640,0.045160
0.032157,0.118063,0.218401,0.075704,0.069718,0.107978,0.163205,0.082771,0.059950,0.072053
0.052997,0.083628,0.053163,0.104237,0.332391,0.106900,0.084632,0.103119,0.036503,0.042430
0.047379,0.111174,0.049129,0.122078,0.149223,0.174512,0.129978,0.063371,0.076028,0.077128
