0.036636,0.031932,0.033905,0.032588,0.490411,0.066613,0.193648,0.021880,0.030167,0.062221
0.047893,0.305616,0.041659,0.044970,0.059927,0.091259,0.058009,0.035778,0.274667,0.040223
0.183409,0.083687,0.087993,0.130682,0.088879,0.106878,0.097136,0.020709,0.092460,0.108167
0.078214,0.116654,0.057404,0.187594,0.069283,0.071290,0.205804,0.068301,0.085708,0.059749
0.072193,0.078166,0.084662,0.109993,0.099083,0.106475,0.108655,0.084714,0.150675,0.105384
0.044627,0.115997,0.030969,0.090726,0.064455,0.130730,0.298534,0.122423,0.065868,0.035673
0.036047,0.068001,0.075093,0.118423,0.359392,0.088362,0.082774,0.066604,0.040245,0.065058
0.087123,0.080272,0.065271,0.044433,0.044634,0.117150,0.368575,0.059377,0.085315,0.047849
0.039809,0.291299,0.072734,0.062379,0.036989,0.288055,0.088116,0.044559,0.028958,0.047103
0.029225,0.075881,0.027649,0.171994,0.048978,0.118760,0.221410,0.140649,0.062263,0.103192
0.093190,0.148546,0.109210,0.105182,0.078713,0.053688,0.176814,0.079556,0.070226,0.084874
0.042178,0.125805,0.303093,0.100690,0.074299,0.076463,0.100632,0.054332,0.042301,0.080206
0.036691,0.106632,0.101075,0.093275,0.057519,0.231720,0.202362,0.021593,0.059622,0.089510
0.041105,0.107778,0.305614,0.047106,0.145016,0.199871,0.057718,0.042959,0.023894,0.028940
0.048971,0.086347,0.128401,0.110048,0.122973,0.045437,0.128600,0.130075,0.076505,0.122642
0.073351,0.284821,0.036226,0.109700,0.086387,0.052142,0.129789,0.050079,0.074766,0.102739
0.023486,0.030132,0.429471,0.023095,0.208132,0.079392,0.022609,0.022279,0.140415,0.020988
0.083426,0.127667,0.040587,0.135370,0.050853,0.281012,0.121667,0.066396,0.055804,0.037218
0.061917,0.121264,0.115075,0.070523,0.095961,0.172894,0.100471,0.096513,0.073979,0.091403
0.121082,0.080295,0.101510,0.118808,0.090844,0.145159,0.096292,0.077085,0.071102,0.097822
0.058243,0.349358,0.063400,0.050264,0.024561,0.028656,0.276024,0.025853,0.076775,0.046865
0.083375,0.144622,0.031942,0.087474,0.088483,0.169043,0.143958,0.117383,0.055410,0.078310
0.040438,0.221839,0.076481,0.073320,0.318899,0.078400,0.063333,0.029078,0.028032,0.070179
0.070777,0.114428,0.271001,0.092434,0.044131,0.072983,0.069953,0.063564,0.120463,0.080265
0.034385,0.151738,0.086411,0.109690,0.254712,0.078831,0.129720,0.063018,0.046665,0.044827
0.047333,0.090180,0.357338,0.073255,0.161668,0.048664,0.074949,0.036566,0.039095,0.070952
0.082650,0.090934,0.077213,0.092748,0.082121,0.150929,0.092547,0.083050,0.154601,0.093206
0.081935,0.104512,0.114219,0.095300,0.069210,0.111295,0.112475,0.122697,0.090504,0.097853
0.033085,0.057879,0.482946,0.100321,0.042287,0.090792,0.072987,0.036810,0.030141,0.052753
0.038517,0.162133,0.055216,0.092181,0.166483,0.078410,0.120870,0.100821,0.058261,0.127109
0.065128,0.291108,0.087728,0.089230,0.060711,0.089114,0.103861,0.076281,0.074053,0.062786
0.032042,0.090897,0.326339,0.106636,0.081863,0.098789,0.097065,0.060685,0.038417,0.067266
0.048294,0.047654,0.074602,0.081824,0.032083,0.099141,0.377576,0.062943,0.128832,0.047051
0.099888,0.090082,0.031397,0.144042,0.082908,0.175546,0.182180,0.070056,0.048425,0.075476
0.065947,0.113291,0.267643,0.032007,0.060027,0.068792,0.192998,0.061938,0.052549,0.084808
0.023239,0.103715,0.420991,0.067040,0.143976,0.068464,0.056257,0.030940,0.036617,0.048761
0.046631,0.127081,0.323892,0.101740,0.048694,0.092382,0.073185,0.058174,0.084499,0.043721
0.050757,0.103477,0.285110,0.100073,0.085315,0.094863,0.096400,0.040053,0.075542,0.068410
0.060837,0.069732,0.215781,0.094510,0.055274,0.069508,0.180938,0.058913,0.079759,0.114747
0.031984,0.084272,0.589110,0.057107,0.016596,0.066917,0.055076,0.042055,0.025303,0.031581
0.063671,0.089117,0.089677,0.136874,0.112898,0.115597,0.144776,0.085441,0.050783,0.111166
0.056957,0.084048,0.175783,0.097290,0.059568,0.072543,0.226851,0.064236,0.076096,0.086629
0.050964,0.066400,0.382989,0.085396,0.048385,0.100388,0.068215,0.028293,0.113907,0.055064
0.036707,0.081364,0.090290,0.102946,0.064028,0.080656,0.338247,0.060021,0.043207,0.102535
0.050062,0.175268,0.028893,0.137512,0.040734,0.262354,0.102337,0.106823,0.032909,0.063110
0.061061,0.093524,0.117786,0.142850,0.064583,0.165058,0.113218,0.085281,0.064793,0.091845
0.056201,0.135082,0.078792,0.100285,0.084980,0.049930,0.238724,0.083440,0.067533,0.105033
0.097766,0.097104,0.083368,0.143450,0.096426,0.113364,0.123783,0.089134,0.067492,0.088112
0.027937,0.139567,0.466420,0.028453,0.060395,0.068123,0.065422,0.037733,0.058481,0.047469
0.032331,0.306658,0.089915,0.061870,0.030842,0.033836,0.314197,0.031657,0.069575,0.029118
0.069509,0.093866,0.053640,0.182743,0.142369,0.044969,0.150631,0.078186,0.058964,0.125124
0.049739,0.083342,0.257798,0.069752,0.069892,0.123127,0.085874,0.073460,0.132012,0.055004
0.024851,0.355187,0.059469,0.027733,0.017197,0.053058,0.357166,0.023223,0.036511,0.045604
0.036431,0.102055,0.506630,0.075100,0.016949,0.060653,0.041994,0.064390,0.055363,0.040436
0.040457,0.077386,0.041772,0.056087,0.064869,0.063931,0.258971,0.037176,0.305221,0.054130
0.016211,0.210805,0.065261,0.034645,0.450783,0.066597,0.038846,0.041964,0.040553,0.034336
0.041761,0.234870,0.206559,0.080846,0.048186,0.120943,0.064602,0.070744,0.062998,0.068490
0.012845,0.060483,0.596143,0.049158,0.095077,0.059675,0.037277,0.034805,0.026007,0.028529
0.083547,0.132805,0.073232,0.115290,0.105959,0.146758,0.111114,0.079434,0.063652,0.088208
0.074527,0.090883,0.270135,0.113460,0.076399,0.085617,0.092433,0.031726,0.073704,0.091115
0.049645,0.117836,0.103552,0.114160,0.067226,0.042574,0.301034,0.066339,0.048607,0.089026
0.023445,0.019799,0.486347,0.022419,0.297708,0.072984,0.029536,0.012996,0.019794,0.014971
0.034133,0.068840,0.369786,0.112036,0.070732,0.102349,0.083720,0.042501,0.065996,0.049906
0.055471,0.111045,0.038504,0.152462,0.126406,0.171249,0.108330,0.060636,0.064685,0.111212
0.022028,0.031652,0.317620,0.020327,0.254624,0.104627,0.133679,0.040690,0.029114,0.045640
0.060433,0.320715,0.108450,0.053806,0.066584,0.101512,0.087685,0.083800,0.056624,0.060390
0.067970,0.204706,0.032192,0.102589,0.097152,0.119456,0.087407,0.133826,0.054306,0.100397
0.024363,0.318027,0.019061,0.036336,0.021976,0.186080,0.312609,0.026245,0.028838,0.026464
0.040332,0.098589,0.317903,0.069052,0.092090,0.199047,0.044591,0.045661,0.052267,0.040466
0.026989,0.125691,0.028702,0.066877,0.065701,0.162803,0.251995,0.146565,0.049253,0.075423
0.039220,0.256034,0.037760,0.023062,0.419622,0.065326,0.038881,0.047298,0.039914,0.032884
0.027729,0.045910,0.057358,0.080061,0.340049,0.208509,0.039896,0.031131,0.120890,0.048466
0.034237,0.114052,0.035255,0.128709,0.118847,0.175128,0.124607,0.161171,0.068448,0.039546
0.034553,0.185681,0.030227,0.123000,0.124932,0.038213,0.190583,0.137809,0.057551,0.077451
0.052525,0.132750,0.029355,0.077513,0.098579,0.314758,0.080728,0.111902,0.048659,0.053231
0.046110,0.147335,0.074648,0.111381,0.080278,0.169841,0.119692,0.087642,0.070970,0.092101
0.086165,0.393941,0.067106,0.051554,0.067574,0.062746,0.069238,0.073105,0.063883,0.064689
0.063771,0.090040,0.260162,0.115844,0.053555,0.094221,0.099560,0.072049,0.071763,0.079035
0.081360,0.380390,0.046800,0.024306,0.021345,0.050661,0.321968,0.032241,0.013649,0.027280
0.032300,0.033418,0.109452,0.060484,0.202642,0.119019,0.073045,0.045597,0.283152,0.040892
0.104770,0.092553,0.100773,0.134757,0.079662,0.156399,0.151900,0.030186,0.095380,0.053620
0.105333,0.098290,0.239856,0.043673,0.058385,0.135691,0.137382,0.033046,0.064379,0.083965
0.128722,0.089057,0.102388,0.115613,0.068350,0.139806,0.093083,0.104453,0.077210,0.081317
0.082445,0.343030,0.088578,0.100237,0.071129,0.074767,0.059524,0.026521,0.078061,0.075708
0.041112,0.060837,0.070157,0.150711,0.048823,0.109236,0.328453,0.064218,0.037827,0.088625
0.036931,0.341820,0.040706,0.067394,0.029294,0.019366,0.358319,0.058508,0.017078,0.030584
0.085944,0.104705,0.116313,0.120866,0.092656,0.106815,0.108232,0.092264,0.071211,0.100994
0.031179,0.067962,0.074116,0.127591,0.056253,0.114020,0.307365,0.067646,0.064052,0.089816
0.033196,0.252252,0.029730,0.163345,0.056650,0.132191,0.131868,0.053317,0.052242,0.095209
0.037999,0.034251,0.049000,0.043417,0.328212,0.272817,0.061306,0.038751,0.095642,0.038604
0.051856,0.293286,0.075954,0.076168,0.064843,0.106540,0.081780,0.072284,0.067601,0.109689
0.060734,0.174761,0.250110,0.090899,0.050980,0.165137,0.050200,0.059793,0.033891,0.063495
0.059140,0.065787,0.066610,0.063470,0.332736,0.075882,0.075069,0.161879,0.044412,0.055016
0.026082,0.382107,0.041832,0.049351,0.023673,0.031125,0.316343,0.020119,0.073190,0.036177
0.057932,0.222654,0.228634,0.079413,0.110923,0.113391,0.049567,0.051302,0.042107,0.044077
0.133545,0.103374,0.108631,0.105181,0.080259,0.149715,0.144009,0.020315,0.068306,0.086664
0.084922,0.063167,0.291403,0.099242,0.055650,0.140358,0.108315,0.036612,0.065029,0.055302
0.063977,0.182705,0.172232,0.098922,0.076252,0.072787,0.079314,0.050098,0.085739,0.117974
0.037034,0.317006,0.080069,0.084112,0.065708,0.094901,0.106065,0.067788,0.043993,0.103324
0.079738,0.123841,0.079512,0.138403,0.073453,0.115646,0.115715,0.077337,0.071313,0.125043
0.041739,0.415024,0.034587,0.044892,0.026974,0.039354,0.311529,0.022641,0.016603,0.046658
0.056849,0.304138,0.091705,0.099330,0.037848,0.115132,0.066670,0.044594,0.080578,0.103155
0.049606,0.090193,0.289499,0.108572,0.055979,0.089249,0.101459,0.067209,0.049044,0.099189
0.116841,0.224801,0.177922,0.079479,0.032883,0.061023,0.077509,0.046850,0.131507,0.051186
0.024186,0.196246,0.231545,0.013924,0.150691,0.196880,0.042671,0.036267,0.092125,0.015464
0.089280,0.131244,0.087631,0.091752,0.068731,0.150787,0.110998,0.088881,0.071835,0.108860
0.023752,0.153931,0.061452,0.037262,0.355618,0.066052,0.070071,0.079499,0.078300,0.074064
0.101338,0.215803,0.175856,0.050340,0.042097,0.049593,0.242442,0.033069,0.024346,0.065117
0.040397,0.103253,0.085511,0.123389,0.092333,0.195547,0.168667,0.064390,0.077049,0.049464
0.037807,0.297878,0.100972,0.036446,0.290676,0.067512,0.064322,0.030036,0.045988,0.028363
0.020404,0.028470,0.376394,0.034329,0.276737,0.130023,0.031739,0.017403,0.021834,0.062667
0.122463,0.217237,0.169600,0.037043,0.050368,0.077923,0.112444,0.049545,0.041628,0.121749
0.058357,0.132013,0.041570,0.111182,0.036270,0.283623,0.093540,0.068797,0.105488,0.069159
0.018921,0.055810,0.107738,0.060523,0.297775,0.091332,0.257714,0.024377,0.040792,0.045018
0.021629,0.027150,0.574461,0.063269,0.046167,0.069320,0.051074,0.059310,0.051635,0.035985
0.098730,0.065704,0.245692,0.086423,0.064886,0.082135,0.087201,0.059491,0.129753,0.079985
0.091656,0.078527,0.103322,0.132115,0.158046,0.062781,0.163006,0.064470,0.050963,0.095113
0.067191,0.156635,0.117522,0.061407,0.085774,0.062884,0.161175,0.070737,0.042807,0.173867
0.044573,0.192883,0.081453,0.134084,0.099584,0.063943,0.149897,0.026563,0.080624,0.126397
0.080685,0.339699,0.075383,0.100359,0.080202,0.054952,0.118007,0.025957,0.039158,0.085597
0.101102,0.089802,0.100572,0.092925,0.069276,0.126029,0.103604,0.070366,0.143174,0.103150
0.077718,0.109701,0.080629,0.099066,0.063165,0.149390,0.089121,0.075225,0.139948,0.116036
0.051787,0.094436,0.232363,0.049373,0.080530,0.094707,0.137814,0.066147,0.054142,0.138700
0.048168,0.080604,0.083319,0.112687,0.098351,0.134414,0.109634,0.096243,0.132568,0.104011
0.067299,0.088155,0.076516,0.080209,0.077351,0.071765,0.342580,0.023449,0.122256,0.050419
0.066751,0.074631,0.083390,0.118105,0.085673,0.054108,0.317612,0.059398,0.065039,0.075294
0.016462,0.234059,0.070646,0.016584,0.455280,0.081549,0.021577,0.034077,0.030229,0.039537
0.027824,0.033615,0.068687,0.049915,0.568620,0.107142,0.036510,0.028015,0.043369,0.036303
0.063471,0.073014,0.066877,0.081252,0.076613,0.092000,0.316049,0.082215,0.061340,0.087170
0.019168,0.093446,0.617565,0.057118,0.018705,0.057285,0.048165,0.021351,0.029585,0.037612
0.024820,0.052407,0.050578,0.034670,0.399385,0.049973,0.269330,0.056616,0.035266,0.026955
0.019108,0.252172,0.120777,0.059444,0.271375,0.085604,0.033528,0.036882,0.086916,0.034193
0.062803,0.069971,0.104973,0.059667,0.052850,0.123558,0.319655,0.055937,0.042509,0.108077
0.055660,0.060051,0.429921,0.079386,0.053709,0.080900,0.130898,0.045006,0.025895,0.038575
0.056153,0.249891,0.071234,0.109830,0.085617,0.048366,0.109911,0.121716,0.053014,0.094268
0.025337,0.030802,0.385571,0.076583,0.057284,0.076659,0.129815,0.027671,0.076757,0.113522
0.027935,0.161836,0.065733,0.095151,0.228617,0.078453,0.079465,0.100058,0.090224,0.072527
0.040825,0.301282,0.019403,0.049753,0.023464,0.149331,0.298975,0.046194,0.019997,0.050775
0.025186,0.340297,0.037240,0.013566,0.024377,0.047706,0.343010,0.017686,0.135536,0.015395
0.056518,0.143365,0.106253,0.096335,0.065771,0.175485,0.117380,0.090624,0.067041,0.081229
0.024503,0.085666,0.528489,0.046493,0.046523,0.063793,0.062562,0.039440,0.073382,0.029148
0.034258,0.315250,0.021249,0.030663,0.053672,0.055866,0.328360,0.049982,0.053140,0.057561
0.053416,0.157609,0.076037,0.140707,0.125298,0.077399,0.121356,0.090353,0.063710,0.094114
0.077796,0.050004,0.204287,0.031574,0.097109,0.111922,0.184355,0.055382,0.130410,0.057160
0.058925,0.051738,0.298600,0.064844,0.039665,0.159140,0.180330,0.028210,0.045059,0.073488
0.049059,0.066026,0.262772,0.101517,0.134946,0.081338,0.118376,0.076003,0.055927,0.054035
0.064422,0.134780,0.032456,0.103617,0.130070,0.172530,0.119684,0.131097,0.047481,0.063864
0.103893,0.063271,0.332641,0.054458,0.049432,0.160253,0.099329,0.042036,0.048901,0.045786
0.033625,0.051350,0.067588,0.098444,0.081934,0.039373,0.274796,0.239598,0.032160,0.081133
0.048289,0.146748,0.091794,0.143331,0.079662,0.050574,0.125112,0.152718,0.071553,0.090220
0.063321,0.105409,0.114539,0.070806,0.067486,0.152279,0.148747,0.128017,0.069409,0.079987
0.100237,0.105230,0.106548,0.095352,0.066182,0.113642,0.136416,0.022829,0.105866,0.147697
0.027964,0.105781,0.068394,0.149370,0.071535,0.212369,0.123954,0.112885,0.048697,0.079051
0.069518,0.046060,0.101375,0.057745,0.058715,0.120969,0.344961,0.029046,0.071779,0.099832
0.057451,0.290116,0.067311,0.063229,0.022429,0.066889,0.288637,0.032867,0.050909,0.060160
0.043569,0.253668,0.081712,0.062151,0.259360,0.167079,0.039203,0.021526,0.036202,0.035528
0.064899,0.065452,0.356984,0.111016,0.040463,0.099553,0.105363,0.053114,0.044147,0.059009
0.019519,0.053768,0.492483,0.031815,0.189162,0.083284,0.031305,0.031682,0.033281,0.033699
0.063548,0.096226,0.112888,0.130198,0.098204,0.156590,0.112172,0.080858,0.070243,0.079072
0.033808,0.058516,0.404728,0.056184,0.048031,0.092005,0.135991,0.031863,0.036136,0.102740
0.134017,0.100347,0.088140,0.106779,0.081656,0.135124,0.112014,0.081803,0.066878,0.093242
0.090023,0.069126,0.101619,0.063193,0.041116,0.123209,0.294584,0.026799,0.115612,0.074719
0.046999,0.141798,0.132646,0.156108,0.097169,0.045870,0.134873,0.104109,0.043489,0.096938
0.105971,0.086882,0.120858,0.135952,0.113725,0.115843,0.123528,0.020411,0.087268,0.089560
0.059839,0.100707,0.097422,0.067773,0.046641,0.092248,0.351638,0.060172,0.055412,0.068146
0.028647,0.063331,0.106754,0.076006,0.293362,0.069946,0.234504,0.046610,0.048017,0.032824
0.050521,0.318248,0.083129,0.036893,0.026512,0.028238,0.271026,0.036805,0.090610,0.058018
0.042502,0.337610,0.088159,0.025217,0.017386,0.069494,0.264998,0.030209,0.096256,0.028168
0.047343,0.145048,0.078245,0.120788,0.078189,0.136326,0.117590,0.119536,0.037095,0.119840
0.089355,0.109548,0.124740,0.141489,0.069358,0.056420,0.137009,0.084787,0.075209,0.112083
0.046412,0.094131,0.085689,0.112992,0.091372,0.111644,0.241548,0.067395,0.049136,0.099681
0.033325,0.066176,0.031930,0.105564,0.140605,0.038113,0.323530,0.077471,0.037075,0.146210
0.027853,0.136544,0.069615,0.053554,0.313962,0.105745,0.077563,0.090080,0.088782,0.036302
0.031755,0.076697,0.032886,0.102146,0.097572,0.173977,0.224151,0.052371,0.037983,0.170463
0.030042,0.038000,0.119889,0.056063,0.337431,0.205376,0.072542,0.055873,0.044079,0.040705
0.044811,0.246823,0.193606,0.027239,0.091212,0.095130,0.098968,0.050304,0.079510,0.072396
0.062043,0.342981,0.025638,0.067701,0.029237,0.068505,0.300097,0.020618,0.053082,0.030097
0.037372,0.139788,0.027187,0.133073,0.068780,0.105753,0.248517,0.106523,0.049257,0.083750
0.042941,0.176503,0.043376,0.150646,0.062700,0.109571,0.193803,0.098537,0.045584,0.076338
0.021357,0.293197,0.034113,0.016758,0.219849,0.074556,0.278767,0.020570,0.016934,0.023898
0.102063,0.150358,0.084394,0.136083,0.072126,0.106331,0.105231,0.020351,0.066598,0.156465
0.038995,0.161995,0.267707,0.036431,0.022502,0.109338,0.212991,0.019907,0.039411,0.090723
0.058897,0.070807,0.095701,0.106778,0.054289,0.069507,0.346441,0.047378,0.093732,0.056470
0.028513,0.131045,0.427905,0.113273,0.032928,0.062999,0.100491,0.023835,0.043551,0.035460
0.076470,0.128867,0.103126,0.100817,0.065516,0.133795,0.138980,0.070713,0.089594,0.092123
0.038383,0.071615,0.055104,0.169379,0.106019,0.047831,0.144544,0.055165,0.120700,0.191260
0.076566,0.057971,0.062469,0.093949,0.141133,0.068513,0.123977,0.238717,0.053751,0.082954
0.049980,0.109287,0.101883,0.068139,0.142640,0.057548,0.327562,0.063520,0.043612,0.035827
0.129257,0.116774,0.071761,0.128982,0.081714,0.116486,0.116084,0.022664,0.106748,0.109528
0.050921,0.086987,0.099348,0.058221,0.040638,0.089631,0.335747,0.064657,0.089528,0.084322
0.056874,0.071947,0.093117,0.072923,0.044075,0.124363,0.325862,0.060524,0.084425,0.065889
0.088980,0.068077,0.022855,0.109864,0.090734,0.115085,0.339083,0.044772,0.060113,0.060436
0.061380,0.315686,0.075274,0.048951,0.017710,0.035421,0.336164,0.022045,0.032950,0.054420
0.046251,0.100681,0.032941,0.105486,0.065815,0.190812,0.151934,0.065065,0.152375,0.088640
0.037242,0.043666,0.055842,0.102575,0.348798,0.129983,0.132216,0.049129,0.025561,0.074988
0.056377,0.106327,0.031396,0.074118,0.102276,0.264596,0.192253,0.059028,0.052631,0.060998
0.038530,0.067445,0.097223,0.096437,0.062109,0.038342,0.352057,0.076855,0.135719,0.035283
0.106702,0.096898,0.082423,0.137402,0.105532,0.079460,0.119785,0.031231,0.074617,0.165950
0.025228,0.034515,0.376271,0.042182,0.181861,0.090125,0.049814,0.032136,0.078043,0.089823
0.045409,0.064010,0.100283,0.082509,0.040826,0.084273,0.326359,0.076445,0.097665,0.082220
0.022137,0.026096,0.613211,0.043980,0.052735,0.073550,0.062648,0.024810,0.053973,0.026860
0.062964,0.098729,0.101964,0.100053,0.084447,0.140391,0.126002,0.076795,0.100867,0.107788
0.095845,0.141181,0.102737,0.072209,0.122738,0.110916,0.105750,0.086070,0.071515,0.091039
0.158630,0.084013,0.070694,0.139677,0.089416,0.111143,0.113627,0.021907,0.104506,0.106386
0.020416,0.172191,0.064878,0.021783,0.494228,0.108052,0.025380,0.022937,0.035519,0.034616
0.041319,0.087822,0.399075,0.055563,0.153033,0.056529,0.086173,0.027263,0.048086,0.045136
0.057302,0.089025,0.032838,0.064273,0.079589,0.243551,0.139906,0.149795,0.052524,0.091196
0.050191,0.285362,0.172285,0.064719,0.037518,0.055129,0.235116,0.027950,0.041832,0.029897
0.038663,0.055250,0.088190,0.077380,0.263710,0.153058,0.102593,0.078643,0.067171,0.075343
0.035711,0.228606,0.083335,0.077002,0.155752,0.079573,0.142043,0.099856,0.033681,0.064440
0.050678,0.196136,0.289290,0.063324,0.030701,0.140732,0.090506,0.033623,0.030910,0.074099
0.036051,0.159422,0.300046,0.073607,0.046788,0.095273,0.094459,0.060511,0.038907,0.094936
0.061577,0.345470,0.100987,0.091657,0.049214,0.075307,0.079042,0.073220,0.035602,0.087923
0.099659,0.146937,0.050798,0.171989,0.135721,0.050587,0.144224,0.060689,0.065950,0.073448
0.059350,0.138983,0.062382,0.153095,0.073991,0.052476,0.278019,0.052252,0.062306,0.067146
0.026705,0.173085,0.076458,0.043300,0.109722,0.241309,0.114497,0.119729,0.029070,0.066124
0.063911,0.081961,0.113038,0.091059,0.108366,0.160868,0.114836,0.082638,0.089420,0.093904
0.052770,0.194690,0.056035,0.025629,0.033611,0.096626,0.066214,0.069130,0.357971,0.047323
0.052415,0.045070,0.095933,0.096671,0.059371,0.114711,0.272565,0.034643,0.127031,0.101591
0.037777,0.213713,0.040621,0.169076,0.061099,0.118342,0.132409,0.137006,0.051298,0.038658
0.050661,0.089739,0.274704,0.043146,0.073718,0.136712,0.098891,0.068261,0.073605,0.090564
0.111390,0.136438,0.232444,0.071538,0.075434,0.075102,0.078899,0.048579,0.053501,0.116675
0.022609,0.035238,0.032044,0.040186,0.459938,0.039354,0.289132,0.020089,0.038247,0.023162
0.014742,0.313466,0.050379,0.066957,0.038936,0.037224,0.396789,0.021267,0.033146,0.027093
0.094948,0.209164,0.040877,0.125916,0.125665,0.053066,0.141265,0.042581,0.089313,0.077205
0.067356,0.104894,0.110208,0.133525,0.068434,0.176148,0.111438,0.089983,0.047106,0.090909
0.047756,0.030566,0.255418,0.044829,0.233226,0.033125,0.028339,0.038418,0.251341,0.036982
0.046236,0.102251,0.041889,0.067754,0.117307,0.055352,0.125119,0.237223,0.078119,0.128750
0.062658,0.111464,0.039169,0.193274,0.107152,0.046867,0.178244,0.104581,0.062447,0.094145
0.042527,0.289856,0.070576,0.084907,0.062600,0.098194,0.071770,0.059162,0.145822,0.074587
0.067620,0.109161,0.057995,0.088202,0.050669,0.144758,0.237146,0.099380,0.059354,0.085715
0.121254,0.060941,0.195847,0.106990,0.061780,0.081648,0.215659,0.061143,0.043462,0.051275
0.048923,0.029836,0.340042,0.061945,0.241383,0.053266,0.111703,0.028108,0.039770,0.045025
0.033299,0.086497,0.072629,0.132383,0.060413,0.211558,0.164932,0.131388,0.041255,0.065644
0.031396,0.069944,0.041033,0.129232,0.049584,0.294448,0.152957,0.052953,0.113008,0.065444
0.063256,0.052941,0.307402,0.061049,0.162707,0.105361,0.093636,0.055000,0.049076,0.049573
0.036582,0.080737,0.120516,0.087261,0.064004,0.088768,0.341774,0.070388,0.053201,0.056769
0.132021,0.083957,0.098926,0.043952,0.044251,0.076001,0.306651,0.059311,0.083665,0.071266
0.028323,0.078879,0.376841,0.019912,0.090945,0.172148,0.082135,0.024671,0.067865,0.058281
0.033513,0.101756,0.077277,0.093698,0.114632,0.156939,0.119858,0.095072,0.085279,0.121976
0.027705,0.163524,0.084431,0.087185,0.046522,0.103461,0.206767,0.089848,0.026337,0.164221
0.054417,0.097341,0.074240,0.087481,0.101940,0.154923,0.114052,0.071437,0.156261,0.087909
0.068066,0.102402,0.086791,0.140428,0.089077,0.170062,0.135916,0.024011,0.087021,0.096225
0.027539,0.222511,0.084251,0.088166,0.051741,0.149071,0.108421,0.117745,0.049320,0.101235
0.033827,0.031789,0.061969,0.074505,0.434624,0.123649,0.101657,0.060860,0.027791,0.049329
0.112352,0.197835,0.211233,0.076303,0.038003,0.065530,0.107452,0.051942,0.080541,0.058809
0.090128,0.113312,0.111823,0.117444,0.059388,0.103030,0.111741,0.093032,0.084269,0.115833
0.085926,0.095456,0.095986,0.110273,0.062670,0.159661,0.200119,0.026825,0.067647,0.095437
0.053134,0.310566,0.082097,0.019561,0.036644,0.038861,0.330591,0.054141,0.043429,0.030977
0.107307,0.107553,0.098440,0.100119,0.077823,0.149040,0.120420,0.103177,0.055155,0.080966
0.065087,0.129926,0.103408,0.105543,0.063134,0.086599,0.227545,0.061721,0.074332,0.082704
0.038147,0.131182,0.068986,0.108500,0.095388,0.064578,0.198739,0.044031,0.105523,0.144927
0.032550,0.051539,0.048682,0.067737,0.441543,0.080755,0.073561,0.110600,0.031958,0.061076
0.115921,0.086618,0.215818,0.095772,0.042457,0.110677,0.114809,0.064981,0.066863,0.086083
0.042012,0.066098,0.106377,0.096933,0.054609,0.030228,0.371474,0.098683,0.041746,0.091840
0.027492,0.111651,0.097124,0.114607,0.077469,0.175258,0.239583,0.028263,0.064838,0.063714
0.065263,0.292580,0.081526,0.083910,0.047688,0.129908,0.091172,0.074156,0.036768,0.097027
0.060051,0.311068,0.071522,0.100614,0.059818,0.084029,0.071057,0.106587,0.084955,0.050301
0.074448,0.161243,0.305892,0.033796,0.049014,0.094859,0.065906,0.042497,0.111705,0.060639
0.082300,0.141202,0.199747,0.085004,0.072243,0.123490,0.087917,0.063258,0.052062,0.092778
0.049974,0.089925,0.032681,0.154874,0.087363,0.258974,0.141007,0.054714,0.057849,0.072640
0.025799,0.287752,0.057634,0.022812,0.286985,0.111920,0.066855,0.016110,0.085042,0.039091
0.028829,0.292995,0.083310,0.059025,0.259152,0.091193,0.048099,0.064963,0.035769,0.036666
0.045392,0.097256,0.125620,0.133925,0.088823,0.045072,0.127405,0.090161,0.069120,0.177226
0.029136,0.342030,0.096950,0.040353,0.033658,0.036889,0.278801,0.026165,0.068761,0.047257
0.036516,0.385825,0.049029,0.022262,0.019735,0.037961,0.333127,0.027479,0.046724,0.041343
0.028043,0.277012,0.036318,0.042172,0.349208,0.090825,0.033515,0.038309,0.047831,0.056766
0.112255,0.302311,0.085740,0.064091,0.039715,0.124172,0.073140,0.047440,0.064068,0.087067
0.057888,0.106903,0.361997,0.090060,0.035730,0.091332,0.078655,0.061449,0.046534,0.069451
0.039955,0.383441,0.045310,0.039392,0.031661,0.022730,0.306025,0.036993,0.032210,0.062285
0.061784,0.318329,0.090137,0.070640,0.093662,0.079527,0.101050,0.056057,0.066156,0.062659
0.035086,0.052521,0.055139,0.055749,0.418139,0.074474,0.091296,0.092022,0.068158,0.057416
0.019114,0.020255,0.454877,0.033147,0.301870,0.083843,0.020917,0.009491,0.039191,0.017294
0.099910,0.139400,0.078258,0.120141,0.066625,0.107333,0.114627,0.094514,0.066438,0.112754
0.024479,0.260618,0.119581,0.056089,0.323020,0.037289,0.052999,0.019573,0.082784,0.023568
0.043785,0.127731,0.127864,0.080784,0.132571,0.094496,0.169190,0.031456,0.087274,0.104849
0.016081,0.088855,0.549643,0.055766,0.040973,0.059532,0.072425,0.048474,0.032133,0.036118
0.046349,0.306101,0.083896,0.050640,0.039978,0.052149,0.314290,0.033114,0.046379,0.027104
0.053275,0.085930,0.319045,0.091171,0.053535,0.092512,0.120131,0.058220,0.062808,0.063374
0.043435,0.090621,0.093272,0.095740,0.077268,0.124099,0.291609,0.028592,0.073621,0.081743
0.011053,0.047794,0.594206,0.017536,0.167183,0.055448,0.042352,0.025486,0.021575,0.017367
0.042862,0.074867,0.052186,0.126459,0.069629,0.058153,0.164989,0.265276,0.061940,0.083638
0.096223,0.116510,0.106981,0.067523,0.073362,0.138907,0.142456,0.075893,0.080911,0.101234
0.058901,0.302209,0.098063,0.088900,0.054153,0.071615,0.077445,0.079426,0.075088,0.094199
0.069209,0.139199,0.081854,0.104271,0.098253,0.054043,0.220438,0.068818,0.076078,0.087837
0.045514,0.071416,0.294991,0.071164,0.069465,0.121622,0.103448,0.036348,0.082390,0.103643
0.054971,0.162117,0.043398,0.104078,0.066726,0.145218,0.166926,0.063210,0.065448,0.127908
0.092762,0.102976,0.099391,0.069732,0.071054,0.146782,0.093052,0.119844,0.083844,0.120564
0.093437,0.072101,0.207029,0.074049,0.040124,0.141656,0.182700,0.052611,0.084007,0.052286
0.078713,0.124202,0.263137,0.100580,0.072016,0.069879,0.125652,0.030287,0.044428,0.091106
0.088633,0.143738,0.096989,0.106050,0.065760,0.107693,0.148289,0.088667,0.044448,0.109734
0.026862,0.071805,0.342357,0.030941,0.210100,0.139061,0.086158,0.032055,0.027891,0.032770
0.039742,0.209327,0.333928,0.032516,0.021890,0.075473,0.181148,0.025059,0.041492,0.039425
0.087029,0.137114,0.084776,0.070383,0.115240,0.107390,0.148660,0.095430,0.063318,0.090659
0.060428,0.058162,0.277486,0.086309,0.069658,0.119186,0.119418,0.094606,0.041715,0.073032
0.036745,0.158666,0.046533,0.127439,0.095640,0.298877,0.081611,0.064265,0.054645,0.035579
0.072126,0.121329,0.301707,0.036802,0.060555,0.085444,0.077963,0.089771,0.067350,0.086952
0.034868,0.105633,0.147530,0.124023,0.113884,0.051909,0.150537,0.099487,0.066185,0.105944
0.129741,0.063602,0.068263,0.083010,0.052672,0.062514,0.379225,0.041876,0.058860,0.060239
0.073021,0.064095,0.270737,0.107600,0.052884,0.120414,0.092532,0.062275,0.070121,0.086320
0.049625,0.019804,0.309558,0.028490,0.225732,0.184789,0.039651,0.029516,0.089368,0.023467
0.088455,0.098704,0.084457,0.126102,0.100253,0.145894,0.091136,0.083282,0.075757,0.105960
0.038054,0.119875,0.072039,0.098132,0.070635,0.065778,0.364489,0.104700,0.030297,0.036001
0.071379,0.131356,0.110432,0.108606,0.079564,0.148090,0.105767,0.074937,0.075834,0.094034
0.061649,0.112068,0.120230,0.104460,0.120732,0.116156,0.126556,0.085351,0.047521,0.105277
0.018735,0.020368,0.330878,0.034227,0.287669,0.124712,0.036366,0.019583,0.084857,0.042607
0.053738,0.305769,0.035346,0.130852,0.135122,0.047004,0.112245,0.052673,0.061753,0.065498
0.047152,0.170345,0.120635,0.131435,0.122710,0.050981,0.124272,0.088021,0.057608,0.086841
0.080147,0.104211,0.239355,0.061660,0.077282,0.108029,0.115892,0.081291,0.055061,0.077071
0.118139,0.258834,0.178212,0.076597,0.034452,0.063439,0.094506,0.044302,0.062940,0.068579
0.041217,0.087837,0.078203,0.071874,0.066995,0.135487,0.185237,0.088190,0.054196,0.190765
0.072997,0.120175,0.267110,0.103387,0.078513,0.082177,0.093332,0.057141,0.041858,0.083311
0.032116,0.051059,0.045226,0.048571,0.453468,0.172488,0.073992,0.049554,0.038618,0.034908
0.070793,0.305767,0.029839,0.035646,0.034039,0.042186,0.316213,0.034093,0.041555,0.089868
0.050268,0.060549,0.063657,0.060971,0.292391,0.231588,0.072212,0.050548,0.065043,0.052773
0.062770,0.101728,0.109813,0.108949,0.070008,0.109809,0.114737,0.088386,0.092765,0.141036
0.091675,0.084729,0.190910,0.047425,0.119971,0.058351,0.220431,0.074732,0.041966,0.069810
0.020946,0.032937,0.442684,0.087967,0.180002,0.055942,0.063733,0.032666,0.028004,0.055121
0.054678,0.114134,0.346443,0.057537,0.041732,0.122502,0.082407,0.050633,0.044706,0.085230
0.062790,0.107255,0.112305,0.137416,0.079432,0.110686,0.113187,0.096277,0.078512,0.102140
0.079531,0.170303,0.130460,0.128339,0.085420,0.043277,0.129258,0.095076,0.056377,0.081961
0.066060,0.089551,0.113101,0.107453,0.103188,0.112004,0.148847,0.092988,0.065917,0.100891
0.097780,0.137858,0.105497,0.065017,0.071758,0.114973,0.116870,0.018923,0.152079,0.119244
0.046568,0.105502,0.368238,0.091307,0.028379,0.118107,0.113195,0.044159,0.034767,0.049778
0.077339,0.251738,0.109469,0.118112,0.052106,0.044190,0.118074,0.071689,0.077607,0.079676
0.030308,0.102730,0.067387,0.091312,0.085787,0.210487,0.150236,0.092773,0.057898,0.111081
0.060714,0.354381,0.095698,0.063730,0.076224,0.083205,0.096753,0.027285,0.074587,0.067423
0.014701,0.214044,0.136911,0.019184,0.251877,0.051096,0.229568,0.010286,0.057284,0.015049
0.057041,0.105202,0.173237,0.080407,0.037875,0.105407,0.214115,0.047495,0.094522,0.084697
0.040039,0.166443,0.050515,0.088666,0.071520,0.270109,0.120505,0.048960,0.054536,0.088706
0.076854,0.097725,0.092639,0.127223,0.097756,0.149517,0.111786,0.089622,0.093123,0.063756
0.038355,0.146553,0.040078,0.118722,0.040385,0.333538,0.103820,0.058361,0.037356,0.082831
0.027465,0.020773,0.450483,0.037091,0.272615,0.108780,0.032072,0.019060,0.012416,0.019245
0.065755,0.056167,0.178583,0.072780,0.072298,0.070138,0.186176,0.091120,0.139849,0.067134
0.036275,0.048347,0.090240,0.073312,0.307234,0.213285,0.106999,0.033418,0.040146,0.050744
0.045754,0.030590,0.038805,0.076306,0.452190,0.140154,0.060725,0.062055,0.046809,0.046613
0.049746,0.095803,0.039302,0.172415,0.062837,0.217146,0.140767,0.079547,0.061920,0.080516
0.133544,0.095415,0.102129,0.085459,0.073529,0.144026,0.088601,0.025444,0.150197,0.101657
0.032266,0.116379,0.424635,0.041362,0.028254,0.124276,0.053553,0.033484,0.066715,0.079077
0.036803,0.060064,0.064192,0.087002,0.082359,0.153007,0.276424,0.074427,0.062104,0.103618
0.038335,0.193410,0.049700,0.159527,0.048122,0.055171,0.182762,0.130978,0.087137,0.054859
0.024196,0.347463,0.076974,0.032208,0.017532,0.057364,0.249873,0.035479,0.124935,0.033975
0.031688,0.104643,0.042607,0.137564,0.128798,0.153854,0.136661,0.134017,0.054951,0.075217
0.059548,0.062138,0.089677,0.057309,0.064733,0.076941,0.390505,0.069157,0.065771,0.064219
0.023600,0.244602,0.114080,0.034715,0.237056,0.103959,0.091453,0.050992,0.075664,0.023879
0.047399,0.157021,0.048432,0.133460,0.113880,0.144564,0.098676,0.085850,0.057081,0.113636
0.108706,0.122575,0.071315,0.080106,0.153192,0.048017,0.159207,0.038303,0.122450,0.096129
0.070206,0.057538,0.090796,0.120950,0.085527,0.089230,0.301428,0.030464,0.079462,0.074398
0.035297,0.286335,0.072722,0.085864,0.058781,0.096179,0.141779,0.066990,0.080851,0.075203
0.045293,0.080780,0.028971,0.111962,0.070520,0.284923,0.158456,0.111780,0.044829,0.062485
0.089885,0.105269,0.076050,0.117156,0.071923,0.128171,0.154999,0.095983,0.068071,0.092493
0.076902,0.060083,0.047062,0.116327,0.074099,0.241694,0.224332,0.028233,0.051967,0.079302
0.051701,0.351215,0.096210,0.054188,0.043036,0.048237,0.265721,0.030171,0.023899,0.035623
0.070387,0.092408,0.256234,0.103050,0.069138,0.116068,0.075443,0.057195,0.059291,0.100786
0.034816,0.124994,0.057573,0.181807,0.057888,0.054041,0.257536,0.091503,0.085545,0.054296
0.044074,0.276471,0.047773,0.087335,0.067017,0.122392,0.105119,0.057442,0.123759,0.068616
0.024972,0.046869,0.381943,0.059788,0.027061,0.113362,0.097467,0.025377,0.178716,0.044445
0.075679,0.267283,0.102646,0.068491,0.054534,0.116220,0.106932,0.031784,0.071496,0.104935
0.052929,0.062201,0.275673,0.102014,0.079876,0.082415,0.087025,0.072255,0.111403,0.074211
0.075885,0.068111,0.251522,0.097636,0.068321,0.119462,0.106757,0.081745,0.049130,0.081431
0.083592,0.126911,0.103965,0.090259,0.061450,0.140093,0.139238,0.086710,0.060207,0.107574
0.049640,0.067544,0.311488,0.022851,0.121625,0.169304,0.094393,0.051669,0.062660,0.048826
0.076987,0.074278,0.220675,0.034687,0.040732,0.076554,0.159239,0.067048,0.154842,0.094958
0.060147,0.136513,0.450458,0.018711,0.051166,0.090347,0.095749,0.035927,0.032987,0.027994
0.100312,0.099752,0.087842,0.135957,0.117843,0.068305,0.164359,0.074304,0.044140,0.107187
0.073417,0.159884,0.046613,0.218281,0.123177,0.047626,0.144330,0.057134,0.036400,0.093138
0.035907,0.051319,0.290281,0.035841,0.091657,0.094793,0.209723,0.066878,0.043863,0.079738
0.014290,0.242840,0.048940,0.022202,0.312847,0.041471,0.214197,0.019796,0.068871,0.014547
0.124481,0.167257,0.090793,0.155668,0.084854,0.073764,0.140161,0.027855,0.089183,0.045985
0.064738,0.191360,0.274830,0.081282,0.051719,0.126949,0.062705,0.027399,0.054414,0.064604
0.034607,0.131894,0.381100,0.037753,0.211834,0.118299,0.027753,0.017745,0.012719,0.026298
0.088589,0.050358,0.153836,0.089376,0.041542,0.113107,0.240920,0.079377,0.090340,0.052556
0.033372,0.124727,0.031274,0.095840,0.150847,0.188830,0.132981,0.095700,0.049310,0.097119
0.066342,0.085252,0.302789,0.086334,0.067915,0.108018,0.097064,0.073480,0.054301,0.058506
0.109385,0.107366,0.067667,0.124824,0.095836,0.137070,0.107310,0.080273,0.068759,0.101510
0.051287,0.122314,0.339999,0.046371,0.058212,0.127109,0.083421,0.051821,0.067925,0.051541
0.086023,0.107453,0.262328,0.049014,0.093291,0.104001,0.116169,0.029123,0.069009,0.083590
0.074357,0.071951,0.097546,0.072938,0.070602,0.105101,0.369605,0.063219,0.035462,0.039220
0.033308,0.078951,0.060335,0.144150,0.094828,0.266848,0.122472,0.028668,0.067790,0.102650
0.049955,0.120106,0.071041,0.088939,0.076092,0.093225,0.210350,0.040178,0.185057,0.065058
0.104976,0.137320,0.119956,0.093756,0.092612,0.108212,0.120941,0.091832,0.076932,0.053462
0.038683,0.026452,0.256681,0.037438,0.104201,0.201529,0.070026,0.040744,0.171005,0.053243
0.098316,0.100194,0.070007,0.091684,0.063431,0.105523,0.272863,0.071820,0.074910,0.051252
0.017953,0.088337,0.534951,0.078152,0.017079,0.072524,0.099813,0.026380,0.027738,0.037074
0.061172,0.046994,0.213648,0.051068,0.119817,0.066518,0.186918,0.081472,0.067033,0.105361
0.026907,0.032203,0.576491,0.050326,0.122193,0.063085,0.039243,0.016536,0.047305,0.025710
0.030877,0.314390,0.018311,0.068001,0.034485,0.026444,0.336432,0.067340,0.030108,0.073613
0.043107,0.315077,0.046702,0.031105,0.138124,0.022017,0.269929,0.045686,0.041797,0.046456
0.035905,0.114059,0.284554,0.027297,0.058755,0.139312,0.191774,0.053279,0.027708,0.067358
0.049422,0.073926,0.288426,0.115401,0.055478,0.099172,0.101972,0.062244,0.059989,0.093970
0.029127,0.192781,0.038012,0.112249,0.105574,0.105831,0.221149,0.103762,0.032745,0.058769
0.067856,0.341323,0.090463,0.071879,0.063060,0.085567,0.097034,0.065589,0.038635,0.078594
0.024812,0.371182,0.053747,0.028380,0.025795,0.036449,0.386777,0.029026,0.015572,0.028258
0.039889,0.095757,0.036204,0.174390,0.063334,0.049857,0.245194,0.162542,0.052438,0.080396
0.091321,0.341590,0.019780,0.033232,0.027070,0.049638,0.320773,0.015764,0.070392,0.030440
0.083817,0.103537,0.112950,0.130451,0.104401,0.111226,0.106914,0.106417,0.065095,0.075191
0.020647,0.437327,0.024527,0.023141,0.014864,0.017124,0.348435,0.017358,0.063818,0.032759
0.035733,0.220093,0.143156,0.030826,0.038272,0.035007,0.066157,0.063607,0.321877,0.045272
0.047541,0.107223,0.097879,0.109198,0.081352,0.062757,0.281612,0.072989,0.088240,0.051209
0.024243,0.032103,0.370658,0.056382,0.266486,0.035576,0.126332,0.029612,0.022346,0.036262
0.086359,0.029200,0.049162,0.042909,0.299515,0.038072,0.278901,0.030679,0.076380,0.068822
0.056963,0.327305,0.091441,0.093312,0.049041,0.122669,0.093648,0.068579,0.036784,0.060258
0.061550,0.303196,0.079790,0.044617,0.057634,0.104375,0.113510,0.062160,0.061706,0.111461
0.026616,0.164926,0.065326,0.157666,0.117671,0.140439,0.155926,0.080020,0.030806,0.060603
0.035053,0.058946,0.324591,0.074995,0.086928,0.080412,0.152717,0.073562,0.029648,0.083149
0.045051,0.141293,0.332056,0.086042,0.024298,0.126666,0.103236,0.039508,0.030628,0.071222
0.064031,0.196616,0.161478,0.027607,0.052281,0.093633,0.057867,0.054464,0.241333,0.050690
0.036765,0.180933,0.098015,0.097243,0.047821,0.172706,0.164627,0.109752,0.038621,0.053517
0.086685,0.131962,0.078265,0.126432,0.100167,0.158035,0.139140,0.022918,0.051835,0.104561
0.037769,0.038489,0.054364,0.075920,0.315173,0.047816,0.272562,0.039066,0.077369,0.041471
0.120677,0.103239,0.095385,0.080552,0.074279,0.086005,0.267520,0.049022,0.036905,0.086417
0.172238,0.114094,0.087789,0.089541,0.081093,0.109914,0.116898,0.021606,0.079038,0.127789
0.085243,0.058007,0.189327,0.097991,0.063995,0.072480,0.214634,0.052218,0.101597,0.064509
0.114075,0.099660,0.231509,0.047387,0.050984,0.060624,0.188622,0.051871,0.071256,0.084014
0.028684,0.141909,0.360348,0.050478,0.261895,0.047299,0.048153,0.019310,0.015307,0.026618
0.055372,0.039790,0.218148,0.063817,0.031352,0.056725,0.101085,0.046312,0.327659,0.059739
0.048440,0.072792,0.500118,0.025266,0.030853,0.076230,0.071924,0.026224,0.068092,0.080062
0.030790,0.190875,0.041628,0.117969,0.040380,0.220110,0.186975,0.055781,0.057955,0.057538
0.078722,0.088039,0.112224,0.087900,0.088399,0.161757,0.090172,0.079183,0.096688,0.116916
0.041539,0.118229,0.089631,0.155409,0.128692,0.080430,0.150782,0.026206,0.084096,0.124986
0.103380,0.117944,0.042155,0.173761,0.116749,0.052000,0.178750,0.039807,0.094161,0.081291
0.044028,0.152592,0.042506,0.149049,0.113100,0.052547,0.125278,0.151508,0.058519,0.110873
0.063890,0.075888,0.290053,0.066736,0.068148,0.117540,0.079428,0.050495,0.069472,0.118350
0.043725,0.279293,0.035591,0.118525,0.091094,0.091600,0.107677,0.112059,0.061091,0.059345
0.056730,0.112464,0.105251,0.095109,0.124786,0.045456,0.157199,0.111163,0.043055,0.148787
0.027427,0.384124,0.061055,0.031452,0.028638,0.039344,0.331166,0.028281,0.045535,0.022978
0.068895,0.327333,0.070141,0.049234,0.093342,0.087443,0.083520,0.087871,0.060435,0.071785
0.047776,0.060257,0.358276,0.100791,0.035442,0.138102,0.065088,0.035455,0.115095,0.043719
0.069004,0.266687,0.096349,0.086408,0.061155,0.117592,0.075001,0.058874,0.089864,0.079065
0.058733,0.117407,0.078597,0.131734,0.123298,0.134041,0.134745,0.023887,0.077648,0.119912
0.055134,0.195177,0.026230,0.062769,0.097456,0.238736,0.109443,0.045046,0.048329,0.121680
0.076823,0.104107,0.109107,0.112982,0.074295,0.106333,0.096727,0.092951,0.148140,0.078534
0.031196,0.054218,0.365207,0.101725,0.028850,0.081181,0.188325,0.081507,0.033639,0.034151
0.116687,0.088903,0.211297,0.098613,0.057288,0.117805,0.068414,0.061108,0.058455,0.121429
0.051284,0.125791,0.026218,0.159584,0.073293,0.172562,0.196117,0.076825,0.056733,0.061593
0.039646,0.121353,0.045599,0.245933,0.074271,0.059117,0.236774,0.051688,0.079197,0.046423
0.067283,0.101065,0.237612,0.099204,0.086845,0.122497,0.083247,0.064128,0.047113,0.091006
0.045629,0.117792,0.042149,0.029498,0.495498,0.069808,0.051977,0.032166,0.090036,0.025447
0.031989,0.364338,0.076737,0.028650,0.020113,0.069703,0.259543,0.038298,0.086998,0.023631
0.071189,0.287243,0.105160,0.117659,0.091782,0.042482,0.069517,0.085990,0.055526,0.073452
0.039837,0.257189,0.101644,0.089050,0.160350,0.074755,0.104832,0.060141,0.067294,0.044908
0.056688,0.338067,0.087331,0.063063,0.023691,0.068005,0.261526,0.027545,0.037202,0.036883
0.030358,0.054974,0.130387,0.073663,0.353753,0.061045,0.066729,0.069972,0.099770,0.059348
0.038623,0.180944,0.029750,0.181637,0.056400,0.181530,0.143669,0.055563,0.056994,0.074890
