0.017145,0.033467,0.200619,0.032234,0.170302,0.391460,0.004466,0.026754,0.064116,0.059438
0.033989,0.022769,0.083422,0.118104,0.132320,0.134235,0.131857,0.137389,0.084545,0.121372
0.054080,0.068693,0.055483,0.081981,0.086143,0.107450,0.078965,0.326980,0.062995,0.077230
0.062750,0.114211,0.122196,0.100603,0.094509,0.146189,0.126825,0.084363,0.095001,0.053354
0.075148,0.096845,0.069550,0.097991,0.098644,0.118966,0.090332,0.083598,0.182205,0.086722
0.066550,0.063238,0.206710,0.083111,0.067651,0.093144,0.032369,0.080534,0.242258,0.064435
0.014240,0.020241,0.346559,0.023068,0.471889,0.022642,0.038859,0.025828,0.021952,0.014723
0.046364,0.093240,0.095393,0.161015,0.107877,0.095593,0.050160,0.148886,0.061488,0.139985
0.063139,0.063215,0.295368,0.044695,0.077568,0.083519,0.089435,0.074785,0.089337,0.118940
0.043716,0.066859,0.162517,0.069888,0.061826,0.073860,0.047206,0.092624,0.272865,0.108638
0.103956,0.067653,0.056641,0.048639,0.068122,0.386104,0.074429,0.054361,0.069139,0.070955
0.061926,0.071448,0.188253,0.076260,0.223870,0.078446,0.069958,0.078981,0.078927,0.071931
0.044002,0.048715,0.341113,0.081676,0.056522,0.101003,0.066954,0.162766,0.055525,0.041724
0.009591,0.004585,0.220710,0.015748,0.061715,0.561440,0.018501,0.080031,0.014699,0.012980
0.062343,0.073145,0.062544,0.048349,0.073420,0.388956,0.075424,0.083422,0.078203,0.054195
0.047310,0.043008,0.091137,0.111212,0.127563,0.174989,0.135017,0.097525,0.090091,0.082148
0.008020,0.006145,0.396940,0.010793,0.181044,0.280396,0.008151,0.020174,0.080298,0.008039
0.088784,0.052143,0.377503,0.073456,0.045450,0.097493,0.065614,0.061789,0.072483,0.065286
0.053152,0.073177,0.077061,0.163134,0.108486,0.099425,0.091357,0.148388,0.077025,0.108794
0.081156,0.094165,0.076862,0.070928,0.104255,0.112104,0.103545,0.143978,0.106345,0.106662
0.028132,0.017798,0.244245,0.104501,0.129401,0.155749,0.015503,0.152585,0.077050,0.075037
0.088679,0.066094,0.264351,0.054042,0.074808,0.116414,0.088966,0.072994,0.086784,0.086868
0.036374,0.008153,0.260657,0.044776,0.408641,0.049718,0.056678,0.053750,0.043008,0.038245
0.075045,0.069034,0.332302,0.077303,0.061330,0.101286,0.078447,0.076869,0.074162,0.054221
0.009961,0.022930,0.258973,0.023864,0.563977,0.024887,0.027609,0.028405,0.013578,0.025816
0.074864,0.064861,0.313091,0.050251,0.172978,0.063121,0.058432,0.058542,0.072020,0.071840
0.050128,0.091092,0.100804,0.138284,0.085428,0.095347,0.100959,0.118165,0.084169,0.135624
0.056874,0.086341,0.077266,0.147856,0.104884,0.149813,0.099821,0.122953,0.078223,0.075968
0.051866,0.040574,0.507849,0.065572,0.053246,0.059166,0.066053,0.026475,0.072713,0.056488
0.032263,0.023738,0.044789,0.073342,0.090641,0.359000,0.078012,0.080176,0.166589,0.051451
0.098061,0.116204,0.092945,0.086467,0.095304,0.117947,0.100910,0.112096,0.065221,0.114843
0.054108,0.044494,0.499116,0.044582,0.051910,0.055015,0.049644,0.064632,0.056789,0.079711
0.072513,0.125532,0.059206,0.122721,0.107512,0.106512,0.032426,0.126843,0.143969,0.102765
0.108849,0.082966,0.240287,0.092322,0.072902,0.116248,0.079566,0.036474,0.089598,0.080786
0.063563,0.089987,0.200387,0.112549,0.103092,0.097178,0.068203,0.089520,0.091778,0.083743
0.003916,0.007996,0.303518,0.007237,0.642010,0.010761,0.009938,0.002997,0.005221,0.006406
0.053747,0.056589,0.497795,0.040433,0.048986,0.054627,0.058014,0.064770,0.055123,0.069916
0.029572,0.050872,0.192828,0.059044,0.199721,0.072781,0.067434,0.195930,0.050114,0.081702
0.119002,0.080495,0.196957,0.060893,0.151377,0.135001,0.041225,0.075056,0.068335,0.071659
0.014050,0.007549,0.574126,0.023562,0.014340,0.304375,0.020153,0.016643,0.013353,0.011849
0.065129,0.080334,0.071704,0.096921,0.218796,0.130160,0.085817,0.104408,0.071142,0.075588
0.077677,0.097004,0.237539,0.066919,0.115712,0.113186,0.043562,0.101585,0.078408,0.068408
0.009780,0.007725,0.209592,0.011229,0.010711,0.627648,0.010282,0.087959,0.012088,0.012986
0.046967,0.101621,0.065665,0.114190,0.186149,0.146787,0.041878,0.097907,0.128096,0.070739
0.079193,0.069290,0.296795,0.058924,0.046692,0.107597,0.071899,0.069529,0.094019,0.106063
0.074864,0.091283,0.074934,0.068801,0.211724,0.094618,0.095215,0.114443,0.094232,0.079884
0.066743,0.083569,0.069904,0.089373,0.128249,0.313185,0.038340,0.076541,0.058746,0.075349
0.128094,0.083809,0.095639,0.064315,0.109640,0.104426,0.091845,0.110549,0.097469,0.114215
0.014132,0.009888,0.373198,0.019855,0.026671,0.329427,0.027094,0.021485,0.164665,0.013585
0.054477,0.019742,0.210313,0.115701,0.123744,0.168880,0.019834,0.120911,0.057246,0.109152
0.058546,0.090359,0.148752,0.082520,0.083168,0.196563,0.094141,0.071257,0.064233,0.110463
0.047380,0.051696,0.311468,0.091152,0.078940,0.104615,0.067956,0.088444,0.056308,0.102042
0.147460,0.028807,0.077978,0.109031,0.120604,0.164100,0.025157,0.199201,0.049739,0.077923
0.014699,0.008020,0.490188,0.013475,0.017225,0.364948,0.028868,0.026342,0.019291,0.016943
0.019346,0.072257,0.131997,0.054325,0.056294,0.261819,0.018849,0.042951,0.256413,0.085749
0.008890,0.002849,0.130074,0.025978,0.290252,0.368900,0.066009,0.024108,0.023633,0.059308
0.052346,0.069435,0.224067,0.077592,0.105703,0.093164,0.098492,0.116619,0.086481,0.076101
0.003676,0.005981,0.463243,0.004026,0.297383,0.198351,0.005946,0.005871,0.006275,0.009248
0.105255,0.094652,0.100581,0.095172,0.108124,0.093831,0.083445,0.117893,0.125525,0.075523
0.044433,0.051361,0.162154,0.062717,0.056777,0.065144,0.059923,0.395021,0.058890,0.043582
0.065881,0.086306,0.055474,0.057172,0.130546,0.304121,0.037969,0.113671,0.088463,0.060397
0.008414,0.004462,0.248598,0.006874,0.137450,0.560539,0.005992,0.006108,0.007008,0.014553
0.041807,0.025340,0.366405,0.026161,0.039803,0.035456,0.037905,0.031550,0.351392,0.044181
0.072523,0.058180,0.411499,0.060136,0.061445,0.064120,0.064656,0.056338,0.064634,0.086469
0.019749,0.052665,0.384173,0.042572,0.305988,0.061634,0.009092,0.072159,0.021405,0.030563
0.053571,0.064512,0.062413,0.140228,0.089900,0.126748,0.100840,0.123528,0.115043,0.123217
0.048905,0.069910,0.311653,0.091443,0.080343,0.066224,0.083067,0.086819,0.065937,0.095698
0.044561,0.030418,0.295476,0.124966,0.073743,0.104499,0.031515,0.113332,0.088749,0.092742
0.006052,0.002991,0.229302,0.015088,0.046876,0.582774,0.016917,0.060849,0.013649,0.025503
0.047519,0.073517,0.289199,0.115345,0.084662,0.086607,0.058708,0.095979,0.096295,0.052169
0.013095,0.002140,0.292699,0.012230,0.228619,0.322723,0.038160,0.043094,0.027490,0.019750
0.021886,0.026206,0.269764,0.027179,0.341791,0.031500,0.053174,0.028321,0.180077,0.020103
0.072176,0.065321,0.317732,0.079714,0.069214,0.091815,0.072269,0.077292,0.079245,0.075222
0.046069,0.089914,0.131525,0.097480,0.079604,0.191160,0.070046,0.119623,0.120108,0.054471
0.070935,0.067815,0.341744,0.085299,0.053440,0.069890,0.077661,0.076185,0.073573,0.083458
0.065845,0.070548,0.085283,0.055378,0.197515,0.132230,0.082187,0.121362,0.085963,0.103690
0.048933,0.057188,0.092446,0.143101,0.114110,0.129445,0.122858,0.139748,0.066498,0.085672
0.071310,0.077160,0.231442,0.062936,0.066859,0.089300,0.081313,0.109068,0.093072,0.117540
0.021779,0.020521,0.061814,0.154269,0.183163,0.113230,0.017157,0.187973,0.132282,0.107811
0.020916,0.029123,0.315163,0.016799,0.124538,0.025008,0.033618,0.103742,0.304155,0.026938
0.090843,0.065741,0.053183,0.063574,0.138337,0.101235,0.071433,0.305915,0.066723,0.043016
0.048464,0.051310,0.163593,0.079701,0.059887,0.087998,0.064098,0.308270,0.057645,0.079035
0.080036,0.084670,0.081744,0.083168,0.115762,0.097062,0.100446,0.123183,0.094060,0.139868
0.063873,0.046374,0.060605,0.105406,0.123062,0.118917,0.122035,0.168524,0.071841,0.119364
0.059220,0.080854,0.316928,0.075972,0.081676,0.115415,0.047029,0.106851,0.064706,0.051347
0.122332,0.019877,0.073387,0.052676,0.098764,0.270706,0.021859,0.123412,0.103462,0.113524
0.089480,0.089488,0.083049,0.091571,0.113323,0.107431,0.092189,0.141975,0.120092,0.071402
0.035883,0.074742,0.215863,0.077604,0.069200,0.066442,0.022901,0.076209,0.282465,0.078692
0.056838,0.109617,0.171768,0.079435,0.077090,0.090498,0.103603,0.083740,0.113370,0.114040
0.020591,0.027990,0.257842,0.028820,0.350608,0.026382,0.026198,0.027621,0.203389,0.030560
0.053448,0.122583,0.090224,0.127182,0.087171,0.125394,0.093781,0.143138,0.095571,0.061507
0.035367,0.036456,0.500987,0.057622,0.070718,0.059638,0.070304,0.075432,0.056240,0.037236
0.015186,0.021799,0.205158,0.015627,0.349742,0.270418,0.030646,0.017186,0.025715,0.048525
0.126730,0.022745,0.106331,0.062926,0.119876,0.167593,0.020808,0.128113,0.088991,0.155886
0.045050,0.045196,0.198310,0.089921,0.157646,0.089613,0.103967,0.113005,0.089588,0.067706
0.050432,0.072253,0.057130,0.049945,0.094657,0.072569,0.073673,0.333641,0.102869,0.092832
0.040773,0.055084,0.236577,0.058041,0.059195,0.083791,0.060271,0.310596,0.061095,0.034577
0.042204,0.076915,0.235633,0.082626,0.100621,0.116250,0.098918,0.108674,0.073619,0.064540
0.040941,0.108886,0.090492,0.100245,0.113057,0.138363,0.099729,0.126785,0.121764,0.059738
0.057126,0.087188,0.111361,0.086396,0.109522,0.159231,0.100610,0.079977,0.131173,0.077416
0.049561,0.017402,0.099215,0.200649,0.137904,0.172860,0.015510,0.078876,0.157902,0.070121
0.125868,0.056043,0.064304,0.108448,0.162913,0.093428,0.115607,0.142951,0.062872,0.067565
0.053549,0.060416,0.295969,0.087747,0.078670,0.093983,0.082411,0.111306,0.078782,0.057167
0.030919,0.025835,0.250430,0.069648,0.053019,0.094355,0.072926,0.046793,0.267008,0.089069
0.013998,0.003559,0.168614,0.011255,0.078804,0.525712,0.014335,0.016801,0.156606,0.010317
0.109722,0.085447,0.075928,0.133324,0.092800,0.098065,0.088378,0.150495,0.073415,0.092426
0.006666,0.002508,0.112050,0.016900,0.392582,0.261609,0.065314,0.044051,0.077389,0.020932
0.020155,0.013484,0.407590,0.117373,0.123182,0.129926,0.011978,0.055471,0.080702,0.040139
0.041556,0.033532,0.222761,0.058496,0.043441,0.051763,0.052959,0.043460,0.406056,0.045978
0.050523,0.008149,0.312029,0.031534,0.290479,0.079183,0.067240,0.074059,0.050332,0.036471
0.007651,0.008952,0.284685,0.009657,0.079778,0.576580,0.009006,0.006000,0.008791,0.008901
0.044705,0.066100,0.242659,0.110205,0.087067,0.103963,0.091882,0.101588,0.092465,0.059367
0.074839,0.064319,0.396439,0.055451,0.050071,0.068058,0.068320,0.061261,0.074474,0.086767
0.022927,0.045545,0.246203,0.046538,0.460132,0.078305,0.006856,0.023980,0.027901,0.041612
0.006422,0.010552,0.465355,0.009053,0.010095,0.326905,0.009795,0.009598,0.124563,0.027662
0.072426,0.073552,0.308722,0.088880,0.088090,0.082491,0.075435,0.053461,0.073078,0.083865
0.044602,0.046480,0.031896,0.040953,0.096204,0.344087,0.051802,0.044590,0.232649,0.066736
0.070730,0.057235,0.047518,0.089109,0.056552,0.437908,0.061736,0.054380,0.065042,0.059790
0.049186,0.060537,0.060510,0.041415,0.060814,0.325504,0.060144,0.171349,0.075856,0.094686
0.069761,0.036978,0.060534,0.081976,0.084090,0.306549,0.082572,0.129722,0.080234,0.067584
0.080250,0.088026,0.078092,0.069693,0.119176,0.163772,0.102387,0.123603,0.087138,0.087864
0.106087,0.084910,0.067546,0.065812,0.093512,0.105916,0.104989,0.108678,0.171091,0.091459
0.050921,0.063152,0.206355,0.127426,0.097273,0.117788,0.083512,0.090869,0.094298,0.068406
0.062747,0.085202,0.056359,0.086359,0.089754,0.128997,0.088581,0.104959,0.202575,0.094467
0.092268,0.083769,0.091767,0.116008,0.110146,0.119209,0.051342,0.160960,0.054325,0.120205
0.054871,0.066656,0.067619,0.068109,0.084014,0.352370,0.076931,0.089275,0.068875,0.071282
0.016659,0.003856,0.144546,0.018281,0.212010,0.422378,0.086167,0.027433,0.027130,0.041541
0.011914,0.023515,0.264142,0.026641,0.235945,0.320311,0.055319,0.025264,0.023433,0.013517
0.121020,0.089698,0.082794,0.092705,0.109788,0.132202,0.047607,0.130444,0.105574,0.088168
0.010129,0.014616,0.587601,0.012985,0.011069,0.310499,0.015385,0.004087,0.014484,0.019146
0.035117,0.076258,0.188561,0.073186,0.382079,0.078034,0.015345,0.056782,0.036788,0.057849
0.035834,0.008629,0.260911,0.051115,0.366011,0.043913,0.059782,0.057751,0.082375,0.033680
0.059812,0.109793,0.068980,0.135968,0.120031,0.093439,0.073045,0.148381,0.123259,0.067293
0.036838,0.022819,0.166739,0.032293,0.032686,0.601255,0.016403,0.029860,0.030609,0.030499
0.056160,0.052311,0.056500,0.081992,0.084335,0.335087,0.080587,0.091121,0.071097,0.090809
0.011026,0.013928,0.357940,0.012651,0.012907,0.482225,0.015267,0.067302,0.014501,0.012254
0.005075,0.015267,0.151237,0.016901,0.475796,0.175892,0.020116,0.016407,0.100233,0.023076
0.094345,0.017582,0.295651,0.098512,0.089161,0.074458,0.014027,0.142527,0.113658,0.060079
0.068301,0.015297,0.137229,0.126031,0.174209,0.120002,0.014225,0.176937,0.075083,0.092686
0.063168,0.081622,0.071842,0.126477,0.194928,0.094109,0.073444,0.127275,0.105654,0.061481
0.019631,0.016912,0.173274,0.009782,0.016368,0.698183,0.015716,0.013560,0.018748,0.017827
0.074713,0.010491,0.305633,0.045671,0.079829,0.102376,0.014586,0.133991,0.127235,0.105476
0.040674,0.052820,0.039717,0.054405,0.093023,0.376662,0.055186,0.056675,0.181297,0.049539
0.054405,0.085626,0.201290,0.111696,0.159303,0.078985,0.041839,0.070641,0.076142,0.120072
0.060482,0.069407,0.321963,0.088096,0.057795,0.060378,0.041046,0.171870,0.068029,0.060934
0.058759,0.069389,0.181123,0.057192,0.205160,0.085072,0.074318,0.093936,0.072624,0.102426
0.062100,0.045042,0.236707,0.061742,0.054711,0.053997,0.051804,0.060534,0.310849,0.062515
0.015011,0.019868,0.145432,0.021082,0.016538,0.633069,0.006622,0.108085,0.018502,0.015792
0.037940,0.098893,0.165671,0.089170,0.099688,0.205377,0.034812,0.112316,0.088070,0.068062
0.054448,0.054573,0.060295,0.068485,0.056720,0.445194,0.066204,0.071416,0.060148,0.062519
0.056138,0.074055,0.068448,0.151175,0.189373,0.077071,0.079541,0.104557,0.067316,0.132327
0.090076,0.068740,0.054559,0.098929,0.145584,0.095172,0.070270,0.269472,0.051100,0.056098
0.065040,0.055745,0.383649,0.056841,0.060783,0.056745,0.061222,0.083975,0.076556,0.099443
0.061225,0.097864,0.065018,0.139570,0.162185,0.098706,0.045712,0.169773,0.077777,0.082169
0.028027,0.020115,0.219037,0.133181,0.131771,0.135981,0.021837,0.187425,0.051412,0.071213
0.016024,0.006128,0.265110,0.033724,0.514075,0.037375,0.046078,0.033363,0.029033,0.019089
0.035965,0.041665,0.423315,0.042680,0.030159,0.039964,0.037114,0.018872,0.266836,0.063430
0.004650,0.006382,0.131730,0.006888,0.072078,0.584608,0.005762,0.007011,0.173419,0.007471
0.071859,0.083928,0.084415,0.107097,0.099189,0.094263,0.084225,0.164006,0.090645,0.120373
0.024127,0.019386,0.145245,0.024991,0.023141,0.685537,0.007621,0.019777,0.029376,0.020800
0.079352,0.087260,0.073852,0.101663,0.079319,0.147427,0.078447,0.111703,0.115411,0.125564
0.059876,0.117876,0.058895,0.133623,0.137463,0.090854,0.042701,0.171049,0.058344,0.129320
0.056974,0.057014,0.051352,0.069767,0.062131,0.419875,0.067121,0.085433,0.065771,0.064562
0.062935,0.068384,0.058136,0.083691,0.085396,0.089386,0.074246,0.308747,0.077683,0.091398
0.095638,0.081338,0.063498,0.126094,0.152599,0.125489,0.057134,0.079808,0.091173,0.127227
0.018589,0.044869,0.322365,0.043405,0.379456,0.062824,0.007522,0.050783,0.034140,0.036047
0.047530,0.011192,0.259497,0.123663,0.105379,0.133002,0.011719,0.113795,0.124718,0.069506
0.045263,0.020453,0.253539,0.132999,0.079986,0.109144,0.019931,0.096108,0.073121,0.169456
0.059806,0.077384,0.092961,0.097268,0.199980,0.119443,0.089277,0.121165,0.076457,0.066260
0.066313,0.056528,0.055051,0.074029,0.062700,0.374692,0.066001,0.078495,0.065768,0.100422
0.043997,0.083121,0.229252,0.080118,0.085464,0.072130,0.029555,0.082807,0.251114,0.042441
0.046171,0.112734,0.178204,0.127918,0.078011,0.184099,0.050152,0.031344,0.116007,0.075360
0.010614,0.019977,0.244573,0.010919,0.593772,0.031159,0.026973,0.029989,0.017314,0.014709
0.076159,0.078528,0.296788,0.085856,0.073189,0.072643,0.073833,0.066166,0.101912,0.074926
0.020800,0.029487,0.405092,0.036199,0.237152,0.034140,0.032421,0.118318,0.029734,0.056658
0.044805,0.028605,0.180488,0.068385,0.101433,0.090255,0.081546,0.065724,0.293960,0.044798
0.065348,0.014811,0.322091,0.111179,0.091426,0.138122,0.014763,0.064302,0.044501,0.133458
0.083692,0.074049,0.357739,0.066807,0.088211,0.081681,0.042438,0.088828,0.055621,0.060934
0.045895,0.051412,0.264349,0.041415,0.045212,0.047463,0.053508,0.057041,0.342095,0.051611
0.017515,0.004463,0.186721,0.085589,0.121314,0.351422,0.005747,0.080602,0.077473,0.069155
0.098847,0.071142,0.058081,0.058624,0.073073,0.077456,0.074952,0.366707,0.060445,0.060673
0.043293,0.010943,0.207736,0.028519,0.050444,0.474911,0.014546,0.057636,0.046358,0.065614
0.117066,0.101397,0.064993,0.107440,0.094082,0.138552,0.067439,0.132343,0.060794,0.115894
0.036200,0.048954,0.474455,0.056579,0.043981,0.046614,0.048613,0.159579,0.043382,0.041642
0.095172,0.083211,0.072500,0.065438,0.097177,0.151195,0.095816,0.134285,0.076472,0.128735
0.033481,0.100284,0.157025,0.071595,0.099154,0.207099,0.082961,0.076575,0.085578,0.086247
0.015022,0.020446,0.071313,0.022568,0.628996,0.136269,0.032516,0.029052,0.016435,0.027383
0.060257,0.081436,0.061817,0.114595,0.153429,0.231201,0.045096,0.090561,0.087623,0.073986
0.054950,0.060676,0.068128,0.076901,0.064418,0.083061,0.063437,0.411015,0.056065,0.061348
0.108234,0.107695,0.068437,0.142755,0.108827,0.156689,0.046962,0.123257,0.065487,0.071656
0.066501,0.113254,0.063414,0.077598,0.149035,0.114982,0.032146,0.152291,0.074676,0.156103
0.059894,0.107319,0.214378,0.087929,0.085574,0.130651,0.061499,0.094963,0.073782,0.084010
0.032987,0.024135,0.227577,0.066380,0.096128,0.148857,0.021908,0.175056,0.118982,0.087991
0.085212,0.093618,0.251531,0.054210,0.059870,0.100325,0.090252,0.077720,0.095304,0.091959
0.020944,0.036830,0.237111,0.033738,0.501813,0.043143,0.040139,0.015778,0.041517,0.028986
0.053166,0.048318,0.214633,0.038256,0.049346,0.090861,0.061935,0.029711,0.329543,0.084231
0.052835,0.084273,0.052265,0.071690,0.093045,0.359922,0.046462,0.100913,0.066588,0.072006
0.041855,0.056195,0.045334,0.056459,0.109253,0.346476,0.057823,0.179254,0.058035,0.049314
0.005831,0.011290,0.325398,0.005237,0.515915,0.008769,0.012585,0.009562,0.097212,0.008200
0.045358,0.112921,0.055987,0.126269,0.124350,0.142848,0.032941,0.139641,0.118606,0.101081
0.012694,0.016472,0.504552,0.017521,0.015331,0.371757,0.015035,0.014765,0.017057,0.014815
0.085892,0.091597,0.090667,0.106073,0.110233,0.119023,0.107033,0.105896,0.086843,0.096743
0.080678,0.069588,0.054715,0.135578,0.187572,0.106026,0.074095,0.109036,0.091125,0.091587
0.056120,0.067451,0.064183,0.049226,0.082276,0.106130,0.071345,0.371876,0.056119,0.075275
0.030785,0.004462,0.267638,0.017044,0.156628,0.315977,0.078530,0.040780,0.038166,0.049990
0.008084,0.010849,0.297551,0.012794,0.495771,0.013743,0.011911,0.008929,0.131578,0.008792
0.076749,0.060271,0.212111,0.075760,0.050859,0.053208,0.057651,0.059725,0.278292,0.075374
0.026872,0.016976,0.466501,0.039017,0.087321,0.096797,0.013150,0.086719,0.043092,0.123555
0.016850,0.032746,0.244592,0.017032,0.521195,0.033217,0.035422,0.030089,0.032867,0.035989
0.049788,0.046962,0.046717,0.052664,0.142194,0.320604,0.091072,0.097078,0.085672,0.067249
0.067666,0.032544,0.423601,0.035747,0.052742,0.058267,0.070824,0.130898,0.075665,0.052046
0.037639,0.068908,0.435325,0.034469,0.060296,0.073186,0.073505,0.077071,0.081174,0.058427
0.060298,0.053983,0.065549,0.095855,0.184846,0.124890,0.116630,0.144631,0.087666,0.065651
0.067928,0.054370,0.181984,0.062570,0.063819,0.161553,0.073416,0.017365,0.220753,0.096243
0.053548,0.057856,0.143365,0.055728,0.064490,0.184048,0.077242,0.025462,0.253603,0.084659
0.055073,0.066133,0.345110,0.091501,0.058037,0.101755,0.071916,0.077366,0.073097,0.060011
0.058357,0.086797,0.079769,0.141466,0.106291,0.105380,0.094638,0.115008,0.083456,0.128838
0.099436,0.018244,0.048212,0.103576,0.105234,0.110137,0.123143,0.168699,0.130814,0.092505
0.038475,0.111497,0.068221,0.073341,0.148363,0.112937,0.050097,0.215424,0.102628,0.079017
0.098170,0.080892,0.290950,0.065383,0.072647,0.072093,0.087934,0.085111,0.073276,0.073544
0.060759,0.064051,0.230851,0.122006,0.098447,0.078246,0.084370,0.071931,0.095001,0.094338
0.046880,0.064000,0.234839,0.057696,0.139315,0.102891,0.097724,0.111811,0.078632,0.066213
0.031770,0.052388,0.255258,0.060769,0.399806,0.048169,0.007616,0.054867,0.038409,0.050949
0.035087,0.014127,0.213495,0.106094,0.109742,0.196587,0.017861,0.137458,0.081107,0.088443
0.075644,0.074132,0.127640,0.097828,0.083181,0.220139,0.074391,0.105377,0.088095,0.053574
0.058386,0.081759,0.069071,0.095833,0.208979,0.096625,0.087114,0.128895,0.065435,0.107903
0.016408,0.018858,0.341747,0.021511,0.223861,0.027495,0.024720,0.081570,0.227083,0.016749
0.055820,0.090464,0.126950,0.050824,0.085268,0.209526,0.078685,0.109694,0.083506,0.109264
0.089029,0.101567,0.110599,0.096025,0.088402,0.180237,0.107632,0.088636,0.076073,0.061799
0.046584,0.052088,0.090914,0.072226,0.181261,0.142241,0.114636,0.141798,0.078973,0.079279
0.106369,0.088417,0.083345,0.098318,0.143772,0.102238,0.067168,0.121831,0.108686,0.079855
0.043096,0.085746,0.175787,0.097997,0.160739,0.103930,0.053829,0.076849,0.098054,0.103974
0.018394,0.025653,0.423476,0.027534,0.392240,0.030471,0.004367,0.029802,0.023991,0.024072
0.059458,0.074112,0.352747,0.078222,0.056243,0.068972,0.070577,0.089786,0.078005,0.071879
0.065790,0.043555,0.419055,0.051235,0.059267,0.100273,0.062994,0.063426,0.067010,0.067395
0.083502,0.057603,0.281542,0.086727,0.152114,0.065562,0.063607,0.091707,0.072081,0.045555
0.038946,0.107767,0.065225,0.110476,0.116683,0.120298,0.065990,0.128357,0.121545,0.124713
0.036248,0.105181,0.053240,0.127484,0.136288,0.122495,0.025560,0.136051,0.115913,0.141539
0.012378,0.016457,0.200138,0.013381,0.043794,0.506012,0.004799,0.014139,0.170840,0.018062
0.066165,0.084310,0.100410,0.145783,0.110114,0.153151,0.097188,0.106167,0.068580,0.068132
0.044674,0.087391,0.257929,0.121383,0.077402,0.092059,0.050362,0.120491,0.083660,0.064648
0.079084,0.082876,0.102705,0.145391,0.096989,0.093410,0.097051,0.146291,0.082349,0.073853
0.052218,0.069434,0.074530,0.061712,0.157735,0.074113,0.076623,0.243981,0.073244,0.116411
0.037097,0.070977,0.310346,0.101169,0.078362,0.100532,0.069793,0.104373,0.065806,0.061545
0.015608,0.047240,0.177344,0.023368,0.173041,0.414719,0.064321,0.039226,0.028083,0.017051
0.030801,0.025553,0.243246,0.072030,0.049708,0.063608,0.074485,0.070180,0.287170,0.083219
0.124358,0.079324,0.080668,0.091926,0.200234,0.105164,0.082271,0.093891,0.073006,0.069159
0.039155,0.093342,0.289803,0.103524,0.105501,0.138221,0.031336,0.090247,0.056582,0.052287
0.048478,0.031474,0.180377,0.109078,0.113627,0.139094,0.028068,0.141839,0.087806,0.120158
0.058007,0.079843,0.071918,0.118568,0.211229,0.079964,0.085139,0.099017,0.059953,0.136363
0.036741,0.054877,0.028415,0.063645,0.065201,0.411355,0.023057,0.060127,0.183970,0.072611
0.034003,0.053120,0.236787,0.041727,0.073011,0.223484,0.088730,0.075650,0.072164,0.101324
0.013549,0.033780,0.157281,0.032510,0.328310,0.321443,0.044831,0.027058,0.022363,0.018873
0.047493,0.040896,0.126697,0.039067,0.039157,0.068648,0.051484,0.042978,0.506589,0.036992
0.048211,0.081001,0.059156,0.092637,0.103795,0.278024,0.065496,0.107012,0.106628,0.058040
0.036313,0.072991,0.298903,0.043335,0.080907,0.115025,0.037719,0.102786,0.096347,0.115675
0.092103,0.093507,0.092346,0.106207,0.162276,0.107114,0.088643,0.117575,0.075866,0.064364
0.068223,0.046997,0.086826,0.114483,0.143654,0.136409,0.117461,0.130152,0.075102,0.080693
0.016427,0.011085,0.142341,0.025125,0.018501,0.691018,0.025064,0.024930,0.022565,0.022944
0.034589,0.037658,0.182667,0.051157,0.120853,0.091649,0.090688,0.233827,0.088523,0.068388
0.103251,0.084812,0.234094,0.092513,0.071594,0.079976,0.071759,0.072042,0.084048,0.105909
0.050759,0.008396,0.418945,0.030510,0.200959,0.054636,0.081098,0.058512,0.048822,0.047363
0.030307,0.012357,0.361448,0.051941,0.228933,0.071547,0.069322,0.084501,0.044431,0.045215
0.055130,0.062047,0.053192,0.062631,0.070601,0.429074,0.063152,0.071436,0.072264,0.060472
0.106622,0.010750,0.278736,0.108568,0.111512,0.109444,0.008618,0.130896,0.090677,0.044177
0.072218,0.015514,0.054233,0.154636,0.151295,0.175160,0.011587,0.195141,0.080388,0.089828
0.023368,0.006370,0.313588,0.046609,0.234867,0.111530,0.065513,0.072533,0.052570,0.073053
0.041308,0.037416,0.065038,0.152977,0.148165,0.120561,0.137026,0.148539,0.071120,0.077851
0.042863,0.042641,0.467939,0.070039,0.050327,0.083948,0.068097,0.063295,0.050084,0.060768
0.100574,0.016338,0.078089,0.115849,0.104366,0.265329,0.024705,0.125789,0.112977,0.055984
0.049557,0.116373,0.083502,0.123685,0.108395,0.122136,0.089401,0.125398,0.078075,0.103477
0.012478,0.024499,0.212521,0.020136,0.587965,0.017824,0.041189,0.033978,0.026996,0.022414
0.008862,0.007575,0.152276,0.012559,0.057781,0.549427,0.011211,0.003187,0.186578,0.010544
0.064685,0.086161,0.085784,0.086082,0.202099,0.130386,0.089877,0.086735,0.076823,0.091368
0.017444,0.006978,0.263627,0.041102,0.350064,0.056805,0.051561,0.042664,0.088582,0.081171
0.037062,0.048755,0.040032,0.088734,0.112186,0.355226,0.058375,0.158295,0.051841,0.049494
0.010123,0.014721,0.587975,0.017074,0.015312,0.294943,0.016799,0.015468,0.015241,0.012343
0.044853,0.018298,0.222095,0.108334,0.107512,0.144177,0.017662,0.155213,0.044122,0.137735
0.035757,0.030513,0.325594,0.035371,0.033532,0.037194,0.038834,0.031964,0.379607,0.051633
0.037208,0.102325,0.062656,0.125969,0.162744,0.150111,0.042150,0.175161,0.053446,0.088230
0.002121,0.004390,0.523353,0.001752,0.289459,0.157522,0.005455,0.007654,0.005626,0.002667
0.053877,0.046268,0.228321,0.062558,0.060903,0.250885,0.066553,0.080453,0.064121,0.086062
0.063178,0.070430,0.067468,0.134445,0.189602,0.123642,0.083485,0.112519,0.074090,0.081141
0.055623,0.089219,0.067363,0.103050,0.174488,0.134823,0.106141,0.136988,0.066284,0.066022
0.087641,0.073336,0.063917,0.083961,0.085318,0.284977,0.073041,0.093524,0.058252,0.096032
0.038095,0.050436,0.269156,0.064488,0.093489,0.049722,0.056578,0.279294,0.046297,0.052446
0.089158,0.069042,0.278892,0.047196,0.055366,0.077560,0.093766,0.072116,0.092658,0.124245
0.084904,0.089383,0.082884,0.173252,0.100883,0.090906,0.096451,0.116439,0.096607,0.068291
0.054692,0.094650,0.189466,0.064189,0.089800,0.103787,0.040926,0.223714,0.058633,0.080144
0.049752,0.056055,0.177337,0.049054,0.103314,0.059266,0.065760,0.321259,0.062774,0.055428
0.099150,0.084501,0.072942,0.057662,0.184359,0.128734,0.085602,0.119028,0.074955,0.093067
0.011079,0.013474,0.409303,0.018383,0.446956,0.014667,0.017397,0.012848,0.008856,0.047038
0.050999,0.009535,0.194154,0.042166,0.035993,0.520080,0.011153,0.047569,0.028020,0.060331
0.080972,0.065473,0.067946,0.138151,0.200517,0.091890,0.077073,0.114077,0.066715,0.097185
0.031920,0.044829,0.277993,0.051114,0.256052,0.082047,0.056874,0.069245,0.060271,0.069655
0.087381,0.062752,0.394097,0.052524,0.050787,0.062691,0.067272,0.079331,0.072671,0.070493
0.076774,0.069208,0.338128,0.083613,0.062131,0.073520,0.079304,0.086956,0.075337,0.055029
0.053746,0.057825,0.048680,0.081956,0.070604,0.431068,0.061661,0.069458,0.063722,0.061278
0.040567,0.102283,0.100338,0.116205,0.126487,0.153372,0.039791,0.159831,0.060923,0.100203
0.108470,0.066180,0.280464,0.056695,0.073958,0.073490,0.077173,0.105005,0.090592,0.067973
0.006974,0.007811,0.145693,0.007261,0.064540,0.572178,0.007453,0.008648,0.172226,0.007216
0.130520,0.078017,0.081597,0.076475,0.093507,0.090369,0.094524,0.153500,0.097961,0.103529
0.040986,0.081925,0.068637,0.091423,0.136158,0.287829,0.043793,0.102087,0.080961,0.066200
0.091977,0.080614,0.070754,0.102862,0.107225,0.090568,0.092264,0.135945,0.098023,0.129767
0.056200,0.076863,0.077898,0.135236,0.102499,0.135999,0.090526,0.134410,0.070458,0.119911
0.010847,0.018197,0.381967,0.009452,0.391267,0.021333,0.023790,0.019864,0.109164,0.014120
0.072551,0.051257,0.104580,0.101624,0.079593,0.182256,0.099989,0.091592,0.121846,0.094714
0.049588,0.068940,0.054826,0.070244,0.069112,0.397279,0.069358,0.056607,0.075510,0.088536
0.026897,0.062356,0.155954,0.084844,0.133419,0.074727,0.066275,0.068055,0.241849,0.085625
0.045760,0.052192,0.221665,0.104985,0.086872,0.105773,0.112289,0.114148,0.068255,0.088061
0.049404,0.070532,0.260030,0.126654,0.075541,0.088072,0.075977,0.097971,0.096882,0.058936
0.083783,0.076516,0.305970,0.052522,0.070413,0.107724,0.077555,0.062482,0.079923,0.083113
0.015732,0.040060,0.211072,0.044451,0.547798,0.024957,0.033309,0.033284,0.023818,0.025517
0.039359,0.013528,0.219738,0.147367,0.065143,0.262009,0.022421,0.034828,0.058031,0.137577
0.033516,0.034935,0.253786,0.043449,0.392692,0.041360,0.038755,0.098652,0.032657,0.030196
0.059316,0.087303,0.075138,0.097692,0.224305,0.103703,0.080060,0.125660,0.070945,0.075877
0.043068,0.084286,0.197586,0.110703,0.174319,0.104927,0.033217,0.114050,0.083944,0.053900
0.005862,0.009941,0.365221,0.005323,0.567164,0.009904,0.012373,0.008240,0.006960,0.009012
0.061007,0.076054,0.308618,0.094258,0.069392,0.111993,0.074886,0.051468,0.078705,0.073618
0.063609,0.082299,0.063359,0.056665,0.208597,0.126382,0.086283,0.122118,0.075718,0.114969
0.059947,0.064622,0.050324,0.071336,0.072562,0.397819,0.060045,0.057698,0.068889,0.096757
0.082089,0.097474,0.075812,0.110693,0.105473,0.115480,0.103545,0.095728,0.126783,0.086923
0.093634,0.060083,0.053408,0.129702,0.078095,0.086500,0.071784,0.313550,0.061642,0.051603
0.010085,0.018837,0.219998,0.021480,0.014876,0.571041,0.005480,0.097691,0.017601,0.022910
0.095406,0.083970,0.051884,0.068007,0.074598,0.283688,0.081495,0.104858,0.051323,0.104772
0.056595,0.061365,0.318164,0.123274,0.059815,0.073270,0.068218,0.051468,0.079336,0.108497
0.047325,0.042947,0.059129,0.136141,0.119436,0.142507,0.115302,0.147297,0.047805,0.142109
0.018143,0.006964,0.366306,0.051312,0.306859,0.039791,0.005438,0.067049,0.031933,0.106206
0.066091,0.081899,0.239498,0.093009,0.077567,0.121222,0.055643,0.099620,0.063796,0.101656
0.045900,0.036433,0.323770,0.042337,0.032818,0.053903,0.033827,0.034483,0.347624,0.048903
0.114186,0.099213,0.084992,0.107866,0.103876,0.098193,0.092024,0.096220,0.128421,0.075009
0.094401,0.068422,0.336731,0.082016,0.052834,0.076081,0.074109,0.034534,0.077884,0.102987
0.006933,0.005178,0.328638,0.005467,0.111756,0.522251,0.006289,0.004222,0.004668,0.004597
0.089553,0.073642,0.230020,0.046582,0.152733,0.084844,0.057947,0.097630,0.065218,0.101830
0.020269,0.034626,0.288514,0.034629,0.429640,0.039012,0.046135,0.037707,0.038749,0.030720
0.018321,0.026556,0.214754,0.022705,0.591267,0.019904,0.027857,0.035152,0.023087,0.020397
0.093579,0.081001,0.295973,0.077924,0.057703,0.088447,0.075154,0.041987,0.076692,0.111540
0.046165,0.070709,0.054422,0.099719,0.087489,0.083427,0.077392,0.345526,0.060515,0.074636
0.007119,0.004816,0.187762,0.013687,0.009356,0.556637,0.014822,0.009786,0.181290,0.014725
0.051240,0.104035,0.096850,0.118957,0.124575,0.115468,0.078740,0.119740,0.116608,0.073787
0.040066,0.096044,0.137719,0.111251,0.050270,0.193025,0.117015,0.111059,0.087984,0.055567
0.122544,0.013270,0.231308,0.113323,0.079867,0.082030,0.011900,0.122453,0.130973,0.092333
0.051368,0.051175,0.459484,0.057616,0.052654,0.073931,0.057496,0.058630,0.055472,0.082174
0.062595,0.100916,0.066808,0.136716,0.117881,0.143176,0.047304,0.143079,0.060615,0.120910
0.014247,0.006205,0.293502,0.044626,0.475731,0.028229,0.044424,0.041548,0.022582,0.028906
0.044094,0.027801,0.307173,0.065355,0.065648,0.056593,0.066716,0.067333,0.253973,0.045313
0.086283,0.092160,0.167608,0.110517,0.071640,0.190943,0.081862,0.078318,0.072240,0.048428
0.046678,0.088745,0.088912,0.101909,0.117861,0.115751,0.056514,0.153305,0.096320,0.134005
0.047946,0.059658,0.087407,0.135931,0.144822,0.122792,0.118911,0.136068,0.065425,0.081041
0.081685,0.069950,0.302891,0.080612,0.059758,0.100134,0.063786,0.091304,0.076827,0.073053
0.093137,0.071688,0.086894,0.092374,0.187789,0.111112,0.084325,0.121212,0.077748,0.073720
0.068533,0.056753,0.387323,0.065734,0.066810,0.051207,0.045468,0.137307,0.057194,0.063671
0.091128,0.023289,0.212806,0.109502,0.112933,0.137537,0.021811,0.109731,0.091936,0.089327
0.066879,0.070523,0.202904,0.066849,0.176016,0.077222,0.089757,0.091066,0.078945,0.079841
0.028768,0.080245,0.109215,0.055346,0.089517,0.159333,0.019820,0.092007,0.240964,0.124786
0.057503,0.061890,0.085686,0.094232,0.177345,0.104823,0.111476,0.108805,0.077349,0.120893
0.003025,0.005303,0.151823,0.002746,0.003896,0.488784,0.006021,0.063212,0.269958,0.005233
0.098402,0.093790,0.064042,0.071073,0.099081,0.093166,0.113729,0.201269,0.100378,0.065070
0.031931,0.031200,0.224914,0.041037,0.036494,0.050587,0.037691,0.038553,0.455110,0.052484
0.047251,0.049642,0.265345,0.056739,0.247241,0.055572,0.053254,0.075222,0.066150,0.083585
0.060920,0.071697,0.065536,0.124179,0.210300,0.081597,0.084780,0.138245,0.074420,0.088325
0.008638,0.007876,0.305608,0.007477,0.532136,0.009661,0.010509,0.008406,0.095167,0.014523
0.034290,0.058994,0.238498,0.066390,0.051976,0.072456,0.024862,0.069792,0.301905,0.080838
0.017346,0.011053,0.190718,0.016378,0.015144,0.662416,0.022554,0.020658,0.025601,0.018131
0.065509,0.051876,0.053484,0.066934,0.063688,0.419612,0.065755,0.058764,0.070078,0.084300
0.070646,0.058403,0.232170,0.055909,0.075402,0.223327,0.084126,0.028414,0.075481,0.096121
0.040726,0.076222,0.386706,0.098034,0.079552,0.111975,0.032529,0.055004,0.071340,0.047912
0.007422,0.002156,0.118214,0.048177,0.344342,0.362226,0.001772,0.026557,0.069547,0.019587
0.057014,0.056271,0.048187,0.050690,0.067602,0.333415,0.062023,0.210881,0.063144,0.050773
0.029882,0.024104,0.447871,0.051750,0.066883,0.044888,0.068002,0.172730,0.041575,0.052315
0.014036,0.008665,0.194852,0.014899,0.128952,0.558687,0.026734,0.009833,0.023416,0.019928
0.058072,0.087817,0.264126,0.060013,0.093298,0.082789,0.051544,0.115567,0.069175,0.117599
0.066829,0.069775,0.315164,0.045367,0.073347,0.099930,0.077289,0.069408,0.088940,0.093951
0.094119,0.080663,0.225901,0.112419,0.082665,0.093158,0.090129,0.070713,0.090265,0.059970
0.079625,0.083604,0.094281,0.069859,0.099131,0.149564,0.098198,0.126704,0.096970,0.102063
0.019698,0.010845,0.239479,0.021754,0.014994,0.612346,0.018315,0.019614,0.019591,0.023365
0.026691,0.051864,0.178173,0.087461,0.066273,0.087429,0.064738,0.291556,0.063409,0.082406
0.061378,0.099977,0.069231,0.118901,0.122124,0.098193,0.046314,0.149005,0.093011,0.141866
0.038787,0.042385,0.446094,0.033708,0.043573,0.065093,0.047090,0.195790,0.045967,0.041512
0.031411,0.052489,0.331016,0.060582,0.063741,0.065834,0.013718,0.082828,0.229288,0.069092
0.082831,0.083846,0.084328,0.135544,0.114333,0.107757,0.097114,0.128873,0.096452,0.068924
0.005605,0.007403,0.182633,0.009493,0.024235,0.565608,0.001589,0.053272,0.133221,0.016940
0.056559,0.102200,0.093830,0.117918,0.171450,0.137662,0.056733,0.101938,0.073972,0.087738
0.014201,0.027418,0.416819,0.018263,0.024751,0.390451,0.006990,0.062495,0.017777,0.020836
0.053621,0.084364,0.192398,0.107004,0.159815,0.097955,0.040403,0.113865,0.081999,0.068577
0.004889,0.008874,0.402259,0.008414,0.240060,0.231743,0.006627,0.004196,0.089180,0.003758
0.068823,0.020978,0.124358,0.130557,0.131247,0.192442,0.028838,0.158613,0.060329,0.083815
0.021411,0.006850,0.332421,0.107626,0.278752,0.087019,0.008255,0.040499,0.061901,0.055265
0.043667,0.068672,0.426982,0.086269,0.084914,0.059931,0.035216,0.087614,0.064275,0.042460
0.071117,0.070253,0.302395,0.081496,0.065326,0.086009,0.078868,0.089384,0.081452,0.073699
0.042206,0.076369,0.276591,0.082541,0.090176,0.074063,0.049116,0.099189,0.090361,0.119388
0.066211,0.060443,0.067516,0.074871,0.129313,0.147803,0.115375,0.119544,0.093037,0.125887
0.024359,0.022643,0.064137,0.134609,0.117711,0.153033,0.021504,0.172597,0.117902,0.171505
0.040286,0.105516,0.113550,0.097212,0.055054,0.215201,0.107632,0.102001,0.099576,0.063972
0.024493,0.013755,0.089883,0.157550,0.141587,0.120248,0.015647,0.204677,0.107853,0.124307
0.078853,0.093152,0.067277,0.101979,0.096829,0.107363,0.094960,0.118936,0.109165,0.131485
0.039492,0.009467,0.067964,0.121117,0.086299,0.424140,0.006493,0.118635,0.074416,0.051977
0.030681,0.012505,0.265508,0.063281,0.068350,0.059759,0.076143,0.140515,0.249632,0.033626
0.057387,0.090717,0.081195,0.064427,0.139836,0.261571,0.080712,0.081679,0.064176,0.078300
0.012701,0.027066,0.381204,0.025318,0.450380,0.032937,0.005279,0.034159,0.015801,0.015156
0.046188,0.060861,0.356592,0.076086,0.225917,0.056052,0.009485,0.054689,0.060524,0.053606
0.100380,0.064235,0.059815,0.092352,0.112445,0.102134,0.109759,0.133001,0.087615,0.138263
0.101376,0.069212,0.078543,0.139435,0.102840,0.128660,0.094649,0.135179,0.094091,0.056014
0.057731,0.064710,0.333286,0.052079,0.057975,0.097182,0.068201,0.085585,0.081597,0.101653
0.039782,0.048960,0.543127,0.064998,0.045130,0.049152,0.053024,0.059655,0.050179,0.045993
0.076965,0.053515,0.389184,0.057867,0.062291,0.058049,0.074714,0.082584,0.076068,0.068763
0.060844,0.013704,0.246405,0.066808,0.097226,0.070064,0.084522,0.116774,0.139367,0.104286
0.043437,0.079919,0.326833,0.070413,0.062598,0.096463,0.068427,0.084517,0.074447,0.092945
0.070573,0.048531,0.318166,0.065775,0.064125,0.066300,0.060966,0.197284,0.053488,0.054792
0.017231,0.050837,0.124773,0.029579,0.315730,0.329520,0.001961,0.028664,0.081359,0.020347
0.044672,0.103075,0.064644,0.113471,0.176742,0.133853,0.051814,0.131214,0.098516,0.082000
0.056705,0.061489,0.060291,0.103554,0.064895,0.085368,0.072308,0.361810,0.070245,0.063336
0.046373,0.086542,0.235224,0.082389,0.142112,0.121857,0.052815,0.105635,0.066894,0.060161
0.053894,0.079742,0.268591,0.096254,0.091920,0.112481,0.043892,0.075913,0.081798,0.095514
0.010714,0.004502,0.368266,0.020637,0.433955,0.026440,0.023988,0.027557,0.027214,0.056726
0.032372,0.024274,0.125235,0.027442,0.019639,0.028200,0.030070,0.194289,0.501563,0.016915
0.014928,0.010938,0.470500,0.011353,0.009483,0.383462,0.016436,0.054239,0.013841,0.014820
0.051888,0.066012,0.347245,0.076175,0.057465,0.106210,0.081685,0.074818,0.070524,0.067975
0.113736,0.090404,0.086905,0.142481,0.117682,0.109071,0.102079,0.080867,0.081906,0.074869
0.044312,0.043264,0.041535,0.057901,0.056810,0.374485,0.056789,0.219112,0.049862,0.055930
0.060761,0.081125,0.135546,0.073682,0.060837,0.274459,0.081230,0.077277,0.069728,0.085354
0.047039,0.051755,0.163356,0.080969,0.101508,0.191630,0.109853,0.110583,0.067099,0.076207
0.032402,0.051386,0.292890,0.064748,0.274949,0.077670,0.055157,0.059333,0.048876,0.042588
0.042690,0.023492,0.279061,0.068670,0.074513,0.055909,0.064052,0.070689,0.265057,0.055869
0.037865,0.054053,0.047035,0.076440,0.062092,0.313095,0.056225,0.060093,0.235695,0.057407
0.141603,0.015411,0.052023,0.141336,0.138790,0.189208,0.011315,0.141669,0.075059,0.093587
0.108200,0.059770,0.081350,0.147158,0.104096,0.112308,0.105196,0.130968,0.084627,0.066328
0.006410,0.006267,0.144409,0.007384,0.004669,0.740230,0.007320,0.070783,0.007272,0.005256
0.095621,0.060835,0.059828,0.065397,0.158463,0.135062,0.110137,0.125580,0.058267,0.130808
0.049705,0.066429,0.070690,0.074265,0.170037,0.089156,0.074916,0.267238,0.062144,0.075420
0.090572,0.085681,0.219162,0.113365,0.088987,0.070111,0.088143,0.077289,0.097545,0.069146
0.069665,0.079914,0.069527,0.067941,0.200625,0.096154,0.086518,0.132739,0.069819,0.127098
0.049869,0.059687,0.402643,0.047365,0.071151,0.102509,0.039772,0.089503,0.076826,0.060677
0.081449,0.075492,0.245996,0.095674,0.080292,0.083150,0.096940,0.062363,0.094848,0.083797
0.079945,0.091173,0.226700,0.069624,0.102414,0.127732,0.082741,0.057753,0.072327,0.089592
0.035656,0.195610,0.100753,0.106144,0.110074,0.181578,0.062600,0.048217,0.078355,0.081013
0.059522,0.064693,0.300404,0.074567,0.077600,0.072556,0.084529,0.093809,0.088024,0.084297
0.011732,0.001388,0.102761,0.006778,0.418952,0.311108,0.024616,0.019050,0.092996,0.010619
0.046884,0.020015,0.306639,0.145170,0.091844,0.125336,0.015542,0.084833,0.065844,0.097893
0.090882,0.045003,0.041606,0.071504,0.071025,0.323950,0.087151,0.096785,0.068625,0.103469
0.055817,0.054270,0.055252,0.061231,0.154424,0.275540,0.097346,0.085898,0.078944,0.081277
0.053446,0.025971,0.247577,0.055603,0.078342,0.145976,0.024314,0.116861,0.112843,0.139069
0.019125,0.031276,0.202227,0.031681,0.485101,0.024049,0.032977,0.032616,0.119403,0.021545
0.081848,0.088610,0.221194,0.077413,0.066887,0.111362,0.105035,0.083810,0.094845,0.068997
