0.039466,0.096167,0.043658,0.096166,0.384282,0.051619,0.069790,0.121695,0.043153,0.054004
0.028500,0.124420,0.086006,0.092566,0.094056,0.136460,0.092877,0.025217,0.231589,0.088309
0.097069,0.106018,0.113151,0.126470,0.111511,0.130836,0.109665,0.031037,0.063678,0.110566
0.071718,0.132134,0.087605,0.132813,0.134893,0.067924,0.152426,0.083668,0.073075,0.063744
0.076359,0.102075,0.105097,0.112003,0.106819,0.127141,0.106983,0.096476,0.086563,0.080484
0.076429,0.107342,0.044248,0.127940,0.123849,0.154314,0.126203,0.144160,0.051208,0.044308
0.038049,0.061351,0.042933,0.092388,0.318200,0.121594,0.112457,0.108953,0.056813,0.047261
0.058434,0.100437,0.092926,0.086396,0.090402,0.129830,0.210855,0.090724,0.049273,0.090724
0.053978,0.129834,0.074787,0.089991,0.128074,0.224112,0.111382,0.059372,0.043040,0.085430
0.045663,0.081257,0.047093,0.112625,0.141078,0.144184,0.084705,0.144782,0.055835,0.142779
0.117508,0.115824,0.112590,0.109609,0.121041,0.063354,0.137597,0.116412,0.046519,0.059545
0.040577,0.090414,0.219029,0.092191,0.171928,0.087152,0.090972,0.082642,0.079540,0.045556
0.041598,0.123140,0.073037,0.116969,0.112112,0.198583,0.150322,0.034910,0.055555,0.093775
0.032256,0.069002,0.275821,0.098252,0.208990,0.047929,0.092745,0.026599,0.055797,0.092610
0.061381,0.115439,0.113897,0.115208,0.112216,0.060315,0.115623,0.113211,0.082692,0.110017
0.058955,0.115433,0.053537,0.122761,0.166038,0.061976,0.146162,0.071777,0.060294,0.143066
0.038070,0.072077,0.249436,0.095191,0.228765,0.038385,0.075518,0.028102,0.082952,0.091504
0.097740,0.101558,0.047372,0.104304,0.129843,0.200096,0.096290,0.125646,0.053284,0.043867
0.061477,0.104088,0.109986,0.089805,0.101025,0.156250,0.098155,0.109546,0.068586,0.101081
0.057577,0.100913,0.103080,0.107755,0.104515,0.153371,0.098485,0.093465,0.081104,0.099735
0.037078,0.140958,0.181970,0.084514,0.072876,0.095379,0.169279,0.085731,0.089814,0.042401
0.055970,0.115500,0.050080,0.078622,0.127399,0.169050,0.133987,0.153090,0.049778,0.066524
0.078847,0.088344,0.058552,0.098990,0.255103,0.122693,0.105729,0.107294,0.035571,0.048878
0.041425,0.092366,0.232809,0.093772,0.087496,0.100760,0.087979,0.098034,0.082569,0.082790
0.039595,0.118249,0.060539,0.089031,0.224060,0.116350,0.091452,0.114974,0.040063,0.105688
0.085100,0.093876,0.232345,0.089552,0.156798,0.086326,0.087412,0.078899,0.032551,0.057142
0.056254,0.098430,0.096633,0.102526,0.098316,0.137458,0.097582,0.093321,0.119968,0.099512
0.059923,0.117456,0.117226,0.111203,0.108941,0.129338,0.110558,0.118530,0.052965,0.073861
0.035115,0.071491,0.291038,0.095546,0.098221,0.127341,0.111971,0.077789,0.039726,0.051762
0.039040,0.072233,0.120692,0.124829,0.194424,0.056425,0.116732,0.122444,0.043156,0.110025
0.095700,0.177819,0.095807,0.098574,0.089877,0.109567,0.105362,0.086718,0.048048,0.092527
0.040284,0.080750,0.249623,0.084762,0.101442,0.110208,0.087078,0.092768,0.053320,0.099766
0.071176,0.092287,0.098462,0.108620,0.088194,0.128788,0.207061,0.063273,0.094446,0.047693
0.106632,0.113856,0.049071,0.111395,0.127725,0.170733,0.112710,0.093588,0.050165,0.064126
0.042265,0.110753,0.262403,0.092449,0.104290,0.105516,0.113348,0.057867,0.050654,0.060456
0.039121,0.111422,0.265378,0.092725,0.125727,0.120752,0.081388,0.071970,0.045932,0.045585
0.039199,0.104790,0.243134,0.097165,0.085691,0.109234,0.078923,0.093591,0.053690,0.094582
0.046007,0.087978,0.235541,0.096079,0.166295,0.118850,0.085817,0.025080,0.048830,0.089523
0.082107,0.077712,0.193783,0.084723,0.156411,0.090585,0.119808,0.077176,0.033576,0.084119
0.044803,0.070380,0.326778,0.116674,0.120458,0.049775,0.089378,0.086321,0.049534,0.045898
0.064878,0.106867,0.107555,0.118933,0.150949,0.121781,0.118450,0.098245,0.047167,0.065176
0.044676,0.089915,0.237774,0.096467,0.088976,0.104411,0.155032,0.049208,0.042796,0.090745
0.090428,0.098590,0.282876,0.099923,0.096669,0.046038,0.089017,0.027332,0.069118,0.100008
0.029682,0.094473,0.093918,0.103937,0.134493,0.116138,0.183718,0.054161,0.082165,0.107315
0.048748,0.123670,0.043707,0.110474,0.127613,0.200003,0.085799,0.134791,0.044098,0.081096
0.047679,0.112151,0.113902,0.118524,0.116058,0.145378,0.112685,0.105713,0.060991,0.066920
0.051935,0.114872,0.105838,0.112567,0.189081,0.051652,0.119270,0.104835,0.043041,0.106909
0.108288,0.104465,0.101159,0.112321,0.103826,0.104963,0.108540,0.098700,0.052084,0.105654
0.047987,0.086045,0.300514,0.102876,0.119865,0.047177,0.089108,0.113232,0.041899,0.051298
0.042324,0.136060,0.194254,0.089697,0.126817,0.092961,0.177400,0.071791,0.035911,0.032784
0.061486,0.116014,0.074989,0.125448,0.130423,0.057328,0.109517,0.137415,0.051764,0.135616
0.027210,0.089023,0.229789,0.086505,0.086087,0.128251,0.090940,0.097750,0.084228,0.080217
0.081093,0.163812,0.083136,0.073071,0.068361,0.116222,0.205032,0.082546,0.038886,0.087842
0.041490,0.079753,0.306861,0.101357,0.082567,0.046117,0.094094,0.106554,0.051193,0.090014
0.048209,0.129731,0.053344,0.143633,0.158808,0.059899,0.104687,0.045334,0.149714,0.106643
0.040765,0.079471,0.061662,0.094734,0.372685,0.048428,0.112501,0.035567,0.049379,0.104808
0.041140,0.125717,0.224562,0.098411,0.088466,0.144987,0.085988,0.093742,0.045277,0.051710
0.043269,0.084687,0.308630,0.102440,0.090701,0.049209,0.086610,0.134392,0.049755,0.050308
0.100424,0.110939,0.094046,0.107751,0.102509,0.133972,0.102803,0.090799,0.087780,0.068976
0.039863,0.097858,0.264274,0.105597,0.100231,0.116269,0.098479,0.027843,0.050235,0.099352
0.053754,0.118486,0.116202,0.118307,0.145929,0.052611,0.148149,0.103081,0.049126,0.094355
0.040361,0.067115,0.207442,0.106907,0.281043,0.044830,0.086492,0.048317,0.044535,0.072958
0.061543,0.078180,0.247139,0.107893,0.108068,0.116448,0.091402,0.050847,0.038890,0.099589
0.053736,0.098102,0.047030,0.122512,0.133149,0.157048,0.131415,0.058756,0.070127,0.128124
0.042529,0.080359,0.213726,0.075552,0.246911,0.139493,0.086426,0.025334,0.041135,0.048536
0.064022,0.170156,0.098668,0.085183,0.092785,0.123095,0.098846,0.089526,0.085731,0.091988
0.045369,0.110074,0.045501,0.117222,0.122296,0.124044,0.126837,0.134809,0.048669,0.125179
0.037549,0.125089,0.038517,0.107071,0.112537,0.226392,0.134681,0.050490,0.061668,0.106005
0.034426,0.080667,0.262183,0.099409,0.243617,0.049288,0.090040,0.026168,0.034632,0.079571
0.037621,0.104607,0.047105,0.109959,0.126815,0.146530,0.122604,0.128837,0.120025,0.055895
0.050281,0.097410,0.051342,0.061199,0.280805,0.053654,0.103482,0.139634,0.051237,0.110956
0.036021,0.058744,0.034073,0.073265,0.328071,0.180716,0.102789,0.102666,0.037540,0.046115
0.042631,0.090839,0.043225,0.124353,0.133859,0.151017,0.132076,0.187103,0.051358,0.043537
0.045159,0.143434,0.046685,0.143307,0.145690,0.052368,0.084813,0.142527,0.141216,0.054801
0.048679,0.094649,0.042633,0.123912,0.127213,0.208630,0.122572,0.128058,0.053167,0.050486
0.051925,0.105749,0.097942,0.104528,0.118654,0.149646,0.102933,0.096972,0.073184,0.098468
0.063473,0.161868,0.107292,0.105522,0.108740,0.105338,0.106707,0.109350,0.055534,0.076175
0.037902,0.096395,0.223857,0.102202,0.089164,0.117037,0.097586,0.097134,0.048638,0.090085
0.049666,0.156920,0.084643,0.080766,0.133247,0.107198,0.198712,0.081082,0.031683,0.076084
0.046007,0.091804,0.037731,0.095224,0.286633,0.116507,0.095763,0.027012,0.110756,0.092564
0.104850,0.098993,0.113633,0.110475,0.163423,0.154372,0.115806,0.029388,0.066789,0.042272
0.051154,0.096528,0.244070,0.084938,0.091736,0.146514,0.104188,0.027321,0.056587,0.096962
0.063404,0.103852,0.111274,0.113230,0.098128,0.136748,0.102557,0.107755,0.062091,0.100962
0.078263,0.194953,0.102065,0.112553,0.105876,0.100661,0.097616,0.028457,0.069125,0.110431
0.044251,0.112239,0.074505,0.124198,0.124792,0.142970,0.144297,0.118210,0.042195,0.072344
0.104809,0.143557,0.097178,0.105432,0.097655,0.053929,0.156741,0.102645,0.037071,0.100984
0.064121,0.107370,0.116121,0.116531,0.106727,0.107741,0.106039,0.100369,0.095688,0.079293
0.042685,0.116123,0.077594,0.130428,0.128819,0.127027,0.132580,0.123812,0.052765,0.068167
0.042608,0.117763,0.047624,0.128265,0.140309,0.144899,0.113574,0.065361,0.135160,0.064438
0.042752,0.085013,0.042654,0.124886,0.256661,0.216413,0.088068,0.056910,0.043215,0.043429
0.039798,0.164714,0.093443,0.096793,0.095482,0.126763,0.097321,0.106274,0.080465,0.098949
0.038448,0.074821,0.230577,0.091502,0.093232,0.157533,0.097695,0.102390,0.056119,0.057683
0.047016,0.080234,0.045207,0.121437,0.248748,0.048235,0.109387,0.190690,0.042107,0.066938
0.078358,0.155760,0.079195,0.082969,0.074105,0.090003,0.185650,0.076821,0.097402,0.079739
0.026386,0.082604,0.216521,0.096052,0.165933,0.138402,0.084550,0.095789,0.060057,0.033708
0.070192,0.105020,0.109738,0.106975,0.099477,0.149017,0.130760,0.029705,0.095030,0.104086
0.044089,0.094768,0.268612,0.109770,0.097184,0.158088,0.101865,0.029117,0.058680,0.037827
0.026268,0.138840,0.226032,0.094582,0.089101,0.111016,0.087402,0.078642,0.046565,0.101553
0.029304,0.184667,0.091702,0.097732,0.089959,0.129513,0.108294,0.083350,0.079883,0.105596
0.057104,0.110101,0.104384,0.118747,0.102233,0.124123,0.109178,0.062901,0.099426,0.111804
0.043784,0.170931,0.088076,0.101926,0.134876,0.114003,0.183987,0.025848,0.042760,0.093810
0.089000,0.160502,0.097253,0.101566,0.107486,0.120732,0.088717,0.086407,0.043830,0.104506
0.040526,0.091924,0.249473,0.102585,0.089675,0.115932,0.093050,0.094868,0.035357,0.086611
0.054741,0.129476,0.210733,0.099486,0.081963,0.102148,0.091979,0.082461,0.058301,0.088712
0.078575,0.055684,0.212329,0.071637,0.273310,0.038449,0.079893,0.083971,0.030866,0.075286
0.097451,0.108766,0.099855,0.095527,0.091345,0.145904,0.099965,0.103419,0.061505,0.096263
0.047917,0.074209,0.068015,0.131537,0.222471,0.054937,0.118778,0.144379,0.051775,0.085980
0.053208,0.101274,0.215047,0.094018,0.090037,0.126594,0.126293,0.026303,0.079829,0.087397
0.051503,0.097296,0.080483,0.146502,0.132991,0.169073,0.143337,0.070407,0.054347,0.054061
0.072217,0.066096,0.052148,0.063114,0.344471,0.112571,0.085370,0.087601,0.035856,0.080557
0.039513,0.073370,0.229233,0.094582,0.248620,0.037602,0.077150,0.096429,0.034850,0.068651
0.042789,0.137579,0.221393,0.070829,0.077231,0.104342,0.090948,0.088327,0.071175,0.095388
0.047526,0.100838,0.047334,0.108427,0.129240,0.213245,0.095553,0.129775,0.068627,0.059435
0.043036,0.087760,0.056966,0.088400,0.299804,0.162417,0.093449,0.082665,0.036262,0.049242
0.040302,0.078045,0.319962,0.075438,0.127133,0.045763,0.083562,0.123633,0.041689,0.064473
0.045183,0.092922,0.235312,0.090083,0.088310,0.103948,0.084213,0.085833,0.085675,0.088520
0.056794,0.116596,0.124456,0.124904,0.160837,0.055412,0.136890,0.062230,0.038138,0.123743
0.063078,0.129700,0.126848,0.112175,0.129327,0.064733,0.129603,0.066872,0.052440,0.125224
0.051280,0.131784,0.125234,0.126915,0.128088,0.069109,0.131187,0.036055,0.067628,0.132720
0.126885,0.155633,0.118233,0.124364,0.120451,0.065186,0.126757,0.032827,0.053720,0.075943
0.056503,0.105042,0.105110,0.104389,0.099207,0.147984,0.106038,0.096413,0.115745,0.063569
0.099472,0.104986,0.104691,0.101485,0.094809,0.150868,0.098951,0.094773,0.079176,0.070790
0.043867,0.091923,0.215945,0.078689,0.088673,0.103621,0.108489,0.083564,0.080347,0.104882
0.035910,0.102543,0.104826,0.110674,0.106781,0.144395,0.104245,0.113448,0.076162,0.101017
0.107673,0.101338,0.092892,0.101336,0.097051,0.112334,0.218808,0.025739,0.054263,0.088566
0.054379,0.123540,0.118285,0.136055,0.128566,0.069347,0.123750,0.115703,0.063277,0.067098
0.040253,0.084550,0.064664,0.088424,0.395099,0.047275,0.102011,0.035948,0.041285,0.100490
0.045367,0.072305,0.050532,0.092825,0.327157,0.050639,0.130780,0.127850,0.045226,0.057318
0.088376,0.087897,0.083101,0.092067,0.091332,0.112313,0.187358,0.099999,0.071826,0.085733
0.046182,0.090674,0.333355,0.090298,0.085137,0.052876,0.088606,0.059184,0.044391,0.109299
0.038406,0.103452,0.039401,0.103770,0.378490,0.119408,0.088694,0.034257,0.053926,0.040196
0.063965,0.082897,0.055605,0.090320,0.291593,0.115523,0.095367,0.127648,0.035544,0.041539
0.040520,0.090767,0.099283,0.090709,0.084578,0.125613,0.182634,0.098954,0.080209,0.106735
0.088235,0.074830,0.262542,0.100191,0.095060,0.044108,0.102807,0.109727,0.088280,0.034219
0.061859,0.099714,0.125211,0.128989,0.126068,0.072740,0.114443,0.129526,0.056900,0.084550
0.035550,0.112931,0.296211,0.086755,0.101510,0.047881,0.134465,0.032722,0.059202,0.092773
0.046222,0.128145,0.051787,0.094760,0.225946,0.051917,0.093589,0.140833,0.048870,0.117931
0.092369,0.107763,0.040162,0.109335,0.106875,0.146268,0.152597,0.103975,0.033850,0.106805
0.060617,0.163472,0.076716,0.068771,0.079893,0.103374,0.196276,0.073209,0.102803,0.074869
0.043777,0.114455,0.108597,0.100163,0.113554,0.159320,0.108156,0.094851,0.093663,0.063464
0.070389,0.098023,0.252367,0.073824,0.123344,0.049178,0.100220,0.124897,0.066332,0.041425
0.104623,0.138492,0.041282,0.079675,0.125334,0.146809,0.117451,0.143201,0.050115,0.053019
0.055922,0.126579,0.116355,0.115193,0.197391,0.053317,0.122977,0.109550,0.043056,0.059660
0.037827,0.083350,0.195547,0.070329,0.143997,0.108644,0.126525,0.076728,0.079249,0.077805
0.087741,0.095568,0.243458,0.096360,0.090481,0.140821,0.096748,0.028439,0.064303,0.056083
0.040860,0.088709,0.202930,0.091740,0.150872,0.104504,0.087248,0.094184,0.059963,0.078990
0.054548,0.106928,0.046836,0.137346,0.122751,0.160088,0.097922,0.169653,0.047724,0.056205
0.053481,0.105188,0.299892,0.102316,0.102964,0.058315,0.093889,0.029596,0.047072,0.107286
0.042993,0.089473,0.063692,0.128246,0.131253,0.048272,0.099376,0.243529,0.042560,0.110605
0.052660,0.121372,0.129355,0.132913,0.126515,0.056306,0.130983,0.130342,0.052715,0.066840
0.064163,0.101307,0.109344,0.089186,0.116970,0.134782,0.121054,0.105586,0.063936,0.093673
0.104427,0.102048,0.113673,0.103096,0.126900,0.132604,0.115967,0.028772,0.051021,0.121493
0.041055,0.096892,0.067517,0.119612,0.116966,0.141910,0.094840,0.107742,0.109298,0.104167
0.062864,0.090066,0.106612,0.097218,0.140870,0.133582,0.207628,0.026626,0.062319,0.072215
0.021177,0.136145,0.193747,0.082279,0.067887,0.115835,0.179512,0.084136,0.034397,0.084886
0.040731,0.064833,0.057412,0.089169,0.324442,0.179906,0.102719,0.047874,0.041620,0.051293
0.044904,0.096150,0.239959,0.099610,0.103180,0.119854,0.097310,0.092861,0.032898,0.073274
0.040103,0.115132,0.213347,0.113358,0.196320,0.042959,0.082891,0.113891,0.034370,0.047629
0.045148,0.102181,0.110860,0.116260,0.107298,0.139275,0.106438,0.111098,0.059873,0.101567
0.071368,0.082852,0.267477,0.096666,0.097124,0.047330,0.117531,0.109432,0.032114,0.078107
0.071498,0.100610,0.102756,0.100229,0.096811,0.144051,0.104681,0.092054,0.089477,0.097834
0.070262,0.093477,0.106659,0.101014,0.125350,0.134613,0.188197,0.026519,0.049814,0.104096
0.050663,0.120777,0.133674,0.130825,0.132975,0.058534,0.133848,0.118875,0.052734,0.067096
0.073616,0.100867,0.118889,0.121761,0.111773,0.129341,0.109005,0.029741,0.101931,0.103075
0.091298,0.099467,0.093923,0.089969,0.109541,0.115202,0.209358,0.052310,0.048713,0.090220
0.033609,0.083100,0.055098,0.088077,0.343996,0.109932,0.067994,0.091410,0.039552,0.087232
0.043729,0.144650,0.186334,0.087750,0.157888,0.094600,0.137825,0.046843,0.051175,0.049207
0.027248,0.135197,0.190320,0.073166,0.067736,0.120535,0.160815,0.067939,0.085302,0.071743
0.051898,0.111200,0.103747,0.107777,0.120127,0.132767,0.108849,0.116715,0.044125,0.102795
0.054657,0.114173,0.118151,0.124538,0.114349,0.068363,0.121791,0.114231,0.048224,0.121522
0.048499,0.119246,0.082715,0.129868,0.126659,0.128008,0.097681,0.123541,0.049852,0.093930
0.047379,0.100135,0.053901,0.139668,0.152997,0.056330,0.118152,0.089395,0.149247,0.092796
0.046196,0.105454,0.069389,0.069491,0.205580,0.157596,0.099271,0.131455,0.066658,0.048908
0.046590,0.110288,0.047912,0.138681,0.148200,0.172256,0.135520,0.063624,0.047947,0.088982
0.031844,0.097171,0.036643,0.096340,0.355470,0.168127,0.088181,0.026621,0.037169,0.062434
0.043997,0.117747,0.205604,0.077296,0.150866,0.127870,0.105915,0.048367,0.035097,0.087241
0.137133,0.125407,0.045424,0.122608,0.112165,0.139977,0.150295,0.032040,0.038923,0.096029
0.082413,0.125334,0.042361,0.105734,0.112745,0.132547,0.128738,0.115783,0.038917,0.115428
0.046526,0.137857,0.049102,0.125522,0.120898,0.135735,0.135413,0.142533,0.046259,0.060155
0.032022,0.086596,0.033766,0.082184,0.401427,0.039648,0.076516,0.109426,0.098854,0.039560
0.109267,0.124974,0.111048,0.119933,0.097746,0.109734,0.106939,0.030444,0.061392,0.128523
0.096100,0.115334,0.286496,0.088825,0.086587,0.050483,0.114173,0.080203,0.030204,0.051595
0.088206,0.089497,0.091407,0.101641,0.086002,0.105005,0.217405,0.086217,0.046234,0.088385
0.038503,0.106290,0.288336,0.108666,0.111677,0.116795,0.105905,0.032716,0.051418,0.039695
0.059631,0.111698,0.106001,0.105107,0.097735,0.146896,0.123833,0.095700,0.051046,0.102353
0.054441,0.110725,0.081005,0.129794,0.170299,0.065121,0.129009,0.074031,0.080554,0.105022
0.057795,0.077430,0.071430,0.110210,0.148437,0.057391,0.110423,0.246568,0.051829,0.068487
0.047735,0.115822,0.114425,0.112108,0.184071,0.062893,0.149466,0.117406,0.051260,0.044814
0.073208,0.120910,0.114230,0.130938,0.114792,0.138883,0.121386,0.033543,0.055802,0.096308
0.089248,0.099718,0.097257,0.090058,0.081577,0.127912,0.196928,0.082742,0.046060,0.088500
0.055791,0.088899,0.091023,0.088124,0.123440,0.137848,0.190488,0.096107,0.041496,0.086784
0.055300,0.115609,0.049126,0.134076,0.150937,0.170722,0.139545,0.068250,0.049607,0.066826
0.044107,0.140868,0.199973,0.091140,0.078917,0.084708,0.189130,0.077334,0.042298,0.051526
0.054390,0.124982,0.053352,0.085527,0.162502,0.178463,0.117241,0.072489,0.080359,0.070696
0.042938,0.074474,0.038988,0.084766,0.276727,0.128888,0.083439,0.069450,0.102246,0.098084
0.051707,0.107649,0.044935,0.068788,0.140619,0.222360,0.127836,0.095170,0.047255,0.093681
0.057838,0.110473,0.109580,0.114886,0.104271,0.061541,0.168176,0.118207,0.111471,0.043557
0.068459,0.108791,0.112047,0.118793,0.182680,0.056836,0.109113,0.032781,0.084259,0.126240
0.035513,0.087400,0.250031,0.063697,0.166450,0.099887,0.078938,0.104728,0.037168,0.076187
0.031185,0.089458,0.101464,0.097930,0.108617,0.116643,0.177672,0.104747,0.080023,0.092259
0.051236,0.076744,0.340789,0.132011,0.098742,0.050060,0.092085,0.056791,0.057056,0.044486
0.068528,0.105461,0.111400,0.111749,0.107898,0.156922,0.123286,0.096111,0.051701,0.066944
0.099684,0.106631,0.098822,0.085164,0.134778,0.109042,0.091684,0.089308,0.089115,0.095771
0.087031,0.109978,0.110410,0.125417,0.115381,0.134497,0.115365,0.032569,0.056414,0.112940
0.065278,0.064029,0.048090,0.060908,0.356538,0.049143,0.124220,0.121344,0.059326,0.051122
0.043613,0.112705,0.258380,0.108417,0.136221,0.120221,0.086429,0.050386,0.034186,0.049443
0.083865,0.110833,0.048161,0.127136,0.131771,0.126390,0.104645,0.153723,0.050197,0.063279
0.037323,0.106247,0.231754,0.099854,0.093449,0.117026,0.118260,0.092229,0.035523,0.068337
0.043865,0.095457,0.067723,0.071220,0.236724,0.157415,0.097054,0.122928,0.053838,0.053775
0.056021,0.084792,0.122723,0.113357,0.192497,0.064244,0.140183,0.119738,0.046270,0.060175
0.087515,0.114134,0.242117,0.099927,0.088871,0.142361,0.102898,0.029068,0.036547,0.056561
0.040253,0.104141,0.230593,0.079961,0.091741,0.095407,0.080651,0.092558,0.087875,0.096819
0.052125,0.167564,0.102259,0.103802,0.143297,0.094345,0.095412,0.105738,0.041210,0.094248
0.116038,0.124907,0.061527,0.130570,0.137523,0.066012,0.114630,0.095544,0.056650,0.096598
0.061165,0.118884,0.077817,0.121496,0.126889,0.057816,0.141819,0.089670,0.054308,0.150136
0.042436,0.128860,0.065968,0.105626,0.125234,0.190605,0.119432,0.124258,0.042095,0.055486
0.062951,0.101272,0.110778,0.101374,0.105720,0.155756,0.103434,0.093687,0.065509,0.099520
0.083775,0.128237,0.081651,0.069411,0.095522,0.116434,0.076876,0.020954,0.292492,0.034648
0.029688,0.088223,0.104743,0.103874,0.095380,0.131445,0.186402,0.026980,0.120571,0.112694
0.071429,0.138699,0.051000,0.124764,0.113436,0.143862,0.123795,0.138369,0.046985,0.047660
0.046196,0.100359,0.240476,0.086331,0.097269,0.133131,0.093773,0.053999,0.051262,0.097205
0.042349,0.118844,0.228491,0.085458,0.136936,0.096838,0.084016,0.075254,0.036028,0.095787
0.042385,0.098856,0.042784,0.095753,0.335625,0.141464,0.100590,0.057146,0.042233,0.043163
0.044394,0.139691,0.084465,0.138678,0.124085,0.146151,0.152026,0.060985,0.051634,0.057892
0.101702,0.127493,0.048851,0.133230,0.150968,0.058992,0.122537,0.042959,0.147815,0.065452
0.043513,0.103575,0.107819,0.113985,0.136058,0.158106,0.099121,0.093135,0.042899,0.101790
0.040954,0.073401,0.188008,0.083145,0.261158,0.090384,0.082878,0.023069,0.110240,0.046762
0.044241,0.099176,0.048907,0.073785,0.127002,0.057973,0.113254,0.251007,0.055955,0.128700
0.066358,0.126675,0.052941,0.133115,0.140532,0.058398,0.145982,0.157375,0.051610,0.067014
0.030869,0.138702,0.093681,0.098871,0.159491,0.124517,0.093902,0.095821,0.104242,0.059904
0.093215,0.099226,0.087556,0.095982,0.117641,0.144614,0.138059,0.095935,0.074570,0.053203
0.043784,0.083175,0.203626,0.095107,0.156736,0.097262,0.122532,0.045798,0.074382,0.077600
0.039868,0.085899,0.246077,0.086480,0.201244,0.110569,0.056936,0.093006,0.036482,0.043441
0.043987,0.105265,0.066668,0.123531,0.118711,0.125815,0.100717,0.147475,0.116200,0.051631
0.041007,0.074224,0.050478,0.111970,0.121628,0.231634,0.107763,0.134164,0.068005,0.059128
0.083674,0.083761,0.230378,0.078351,0.159587,0.107232,0.084725,0.084035,0.055537,0.032720
0.031764,0.096428,0.108568,0.097563,0.090678,0.098780,0.204478,0.088860,0.087024,0.095857
0.063853,0.097652,0.102692,0.084084,0.122597,0.095348,0.184645,0.088831,0.068061,0.092238
0.041705,0.087126,0.262511,0.081035,0.242558,0.046793,0.062495,0.090763,0.032539,0.052475
0.035534,0.110773,0.104626,0.105161,0.111340,0.159122,0.112570,0.103112,0.047782,0.109980
0.042829,0.134503,0.073134,0.118047,0.119016,0.123816,0.125335,0.114504,0.041849,0.106968
0.058759,0.106807,0.100457,0.101035,0.109262,0.140682,0.108161,0.099174,0.110626,0.065038
0.068784,0.101214,0.101230,0.113453,0.151655,0.146879,0.107257,0.029487,0.073511,0.106530
0.033130,0.111871,0.068137,0.107703,0.113790,0.147451,0.111259,0.125449,0.066873,0.114336
0.037548,0.100848,0.039130,0.120329,0.392009,0.042980,0.119199,0.033739,0.060439,0.053779
0.049968,0.131886,0.227501,0.090666,0.084922,0.090376,0.100142,0.096247,0.038010,0.090282
0.104015,0.104416,0.109661,0.110863,0.111478,0.102768,0.106979,0.096794,0.048495,0.104532
0.053923,0.130774,0.078820,0.131253,0.130746,0.180655,0.108930,0.036560,0.044761,0.103578
0.043410,0.144665,0.195449,0.068108,0.074555,0.089645,0.191358,0.079470,0.039692,0.073648
0.060749,0.105534,0.105673,0.104105,0.139406,0.135471,0.105899,0.097631,0.050076,0.095454
0.054064,0.126802,0.124560,0.129157,0.163074,0.065555,0.103161,0.064856,0.044594,0.124178
0.058082,0.118052,0.065629,0.111048,0.149220,0.067948,0.144608,0.049713,0.086701,0.148998
0.033768,0.069513,0.034261,0.099870,0.317052,0.037509,0.090236,0.180735,0.050207,0.086849
0.054753,0.097348,0.209590,0.105089,0.093373,0.137618,0.115698,0.056061,0.033459,0.097011
0.046780,0.103030,0.105409,0.108752,0.100285,0.061164,0.176696,0.104776,0.092337,0.100772
0.040485,0.121415,0.077563,0.121794,0.122424,0.148350,0.138792,0.034248,0.109334,0.085595
0.091318,0.172062,0.091504,0.089150,0.112754,0.137805,0.093358,0.082859,0.040418,0.088771
0.066617,0.163377,0.096586,0.110750,0.147595,0.118569,0.098016,0.106285,0.045937,0.046268
0.040601,0.120219,0.273505,0.091894,0.099625,0.047275,0.097721,0.109912,0.074080,0.045168
0.027469,0.102101,0.228721,0.097129,0.181428,0.146532,0.092208,0.025615,0.039347,0.059451
0.081446,0.113019,0.049857,0.114974,0.134068,0.123647,0.119178,0.066092,0.061014,0.136704
0.055208,0.091251,0.031460,0.053472,0.344146,0.153977,0.101646,0.083084,0.049610,0.036146
0.033302,0.076401,0.039882,0.094386,0.371828,0.174881,0.089090,0.029345,0.038920,0.051965
0.056232,0.110671,0.112657,0.116060,0.107462,0.066728,0.110929,0.103173,0.099571,0.116517
0.070716,0.125418,0.172347,0.069446,0.142771,0.081640,0.160924,0.063785,0.042163,0.070789
0.048156,0.152321,0.085623,0.079230,0.123813,0.112666,0.197348,0.089044,0.061112,0.050687
0.036124,0.071224,0.034887,0.084455,0.340261,0.169132,0.075924,0.108678,0.034690,0.044625
0.058548,0.150155,0.100265,0.098778,0.112128,0.150196,0.098080,0.093212,0.038466,0.100173
0.043488,0.061931,0.257875,0.111756,0.107525,0.119565,0.092447,0.106464,0.045716,0.053232
0.106649,0.155083,0.094377,0.093805,0.094900,0.053750,0.130004,0.103488,0.069328,0.098616
0.045602,0.185197,0.098952,0.096293,0.100356,0.113026,0.108682,0.095545,0.060789,0.095557
0.035354,0.081040,0.035484,0.101440,0.346037,0.110894,0.094508,0.107478,0.041310,0.046455
0.034660,0.075458,0.226052,0.090715,0.278711,0.042591,0.087404,0.090779,0.034527,0.039105
0.055647,0.115792,0.101352,0.112188,0.131662,0.118946,0.109061,0.100912,0.050776,0.103663
0.035089,0.070214,0.059634,0.093046,0.323775,0.121493,0.089823,0.098080,0.040620,0.068226
0.043196,0.131429,0.134380,0.115886,0.190720,0.060737,0.134233,0.037577,0.071735,0.080107
0.037963,0.106397,0.306397,0.103026,0.080254,0.044678,0.079921,0.118797,0.043891,0.078676
0.028157,0.137984,0.187792,0.081807,0.076732,0.110648,0.181565,0.086817,0.034548,0.073952
0.040241,0.085272,0.241806,0.097085,0.092896,0.112456,0.086221,0.104185,0.037353,0.102484
0.034323,0.106830,0.106968,0.112444,0.152005,0.156579,0.162861,0.029400,0.057154,0.081435
0.045760,0.084750,0.323246,0.054734,0.112221,0.051242,0.087093,0.101251,0.056236,0.083468
0.050670,0.070111,0.055406,0.091091,0.112862,0.056499,0.108698,0.250434,0.062239,0.141990
0.055660,0.103570,0.108278,0.090114,0.133378,0.144034,0.120683,0.093576,0.060710,0.089998
0.051762,0.171615,0.092629,0.098579,0.137891,0.105960,0.093041,0.102436,0.055678,0.090410
0.120928,0.118956,0.108938,0.116573,0.118822,0.066487,0.110495,0.114260,0.046872,0.077668
0.052579,0.094959,0.249182,0.093696,0.145153,0.134074,0.097172,0.027659,0.040191,0.065336
0.060117,0.115481,0.052957,0.082132,0.143083,0.145559,0.136511,0.065041,0.058216,0.140902
0.063906,0.103398,0.105458,0.091156,0.095076,0.136206,0.099473,0.107608,0.094678,0.103040
0.055264,0.093851,0.246326,0.095974,0.087027,0.158938,0.144903,0.027937,0.052069,0.037711
0.049079,0.098601,0.237354,0.099434,0.143291,0.091865,0.111505,0.026020,0.083775,0.059077
0.100944,0.112508,0.108276,0.102236,0.113410,0.116015,0.121167,0.093413,0.043813,0.088218
0.060054,0.092192,0.223667,0.087003,0.135161,0.145515,0.088207,0.082490,0.036252,0.049460
0.088054,0.088059,0.277072,0.087318,0.092872,0.049667,0.093872,0.088023,0.039025,0.096039
0.100046,0.106518,0.100035,0.087660,0.138123,0.099182,0.118560,0.091671,0.058232,0.099973
0.028653,0.078978,0.220948,0.082809,0.163195,0.115689,0.079874,0.080298,0.070788,0.078767
0.065014,0.123631,0.044369,0.111523,0.125391,0.207886,0.121020,0.111953,0.048108,0.041104
0.044564,0.098765,0.240572,0.084551,0.098525,0.110681,0.096235,0.098592,0.040356,0.087158
0.040636,0.127874,0.126916,0.124565,0.124442,0.074089,0.130102,0.119870,0.063078,0.068426
0.062121,0.092660,0.092449,0.101997,0.094245,0.113024,0.223204,0.084073,0.047048,0.089179
0.092808,0.092486,0.239412,0.096818,0.090480,0.119569,0.082514,0.092298,0.044281,0.049335
0.025800,0.076196,0.199385,0.081440,0.312611,0.034590,0.075360,0.084038,0.026829,0.083751
0.102254,0.103374,0.102314,0.111189,0.105383,0.134209,0.098409,0.107591,0.049963,0.085313
0.035165,0.123614,0.104434,0.120937,0.190121,0.061873,0.161785,0.116402,0.042966,0.042704
0.055380,0.111510,0.105470,0.103417,0.099440,0.137161,0.103625,0.096912,0.085297,0.101789
0.062642,0.108574,0.116816,0.106719,0.111929,0.124895,0.110373,0.102615,0.049507,0.105931
0.034712,0.080203,0.224699,0.063906,0.194338,0.151508,0.079350,0.092770,0.034656,0.043858
0.061779,0.113437,0.050374,0.154611,0.156720,0.058732,0.125060,0.068843,0.151286,0.059158
0.056076,0.126311,0.117023,0.122966,0.118865,0.066029,0.105802,0.114180,0.058003,0.114744
0.044778,0.096382,0.210111,0.082433,0.147568,0.115214,0.095155,0.089377,0.032864,0.086118
0.047657,0.140497,0.219011,0.098264,0.085449,0.090950,0.100572,0.084786,0.043259,0.089554
0.044402,0.098762,0.075675,0.104063,0.116271,0.121272,0.098242,0.117524,0.112266,0.111523
0.091595,0.096632,0.227719,0.092855,0.089664,0.098883,0.089200,0.046893,0.079997,0.086563
0.042756,0.082180,0.041050,0.119144,0.314656,0.094365,0.095329,0.127219,0.042111,0.041190
0.067486,0.131300,0.066934,0.153067,0.152609,0.070755,0.154953,0.049546,0.054540,0.098810
0.069362,0.078959,0.030890,0.095191,0.325893,0.165276,0.083206,0.026595,0.038121,0.086507
0.060333,0.103563,0.109875,0.101299,0.138077,0.118797,0.105981,0.094437,0.049256,0.118381
0.037519,0.087754,0.196883,0.078287,0.155159,0.098374,0.134726,0.081986,0.056668,0.072644
0.036708,0.079269,0.261143,0.101138,0.158388,0.109233,0.077786,0.048147,0.037328,0.090861
0.034869,0.105043,0.270861,0.090073,0.095924,0.142842,0.083264,0.094011,0.035422,0.047693
0.060533,0.107187,0.105506,0.110820,0.139696,0.117688,0.101209,0.095307,0.059406,0.102650
0.053228,0.126530,0.122733,0.120110,0.119507,0.056077,0.119916,0.116593,0.057047,0.108260
0.070475,0.108572,0.112864,0.110018,0.115592,0.128717,0.132379,0.104314,0.040551,0.076517
0.106480,0.113126,0.107261,0.093527,0.093858,0.123795,0.105333,0.029271,0.122431,0.104919
0.030726,0.106278,0.302751,0.108864,0.099807,0.049480,0.103353,0.029375,0.064263,0.105104
0.110460,0.141469,0.108716,0.114321,0.100423,0.063214,0.114066,0.096397,0.044433,0.106502
0.040823,0.106513,0.067157,0.104782,0.118557,0.134955,0.099954,0.099319,0.118345,0.109596
0.069733,0.188668,0.103498,0.101931,0.105908,0.132583,0.112999,0.028914,0.057202,0.098563
0.023291,0.091103,0.178485,0.074746,0.242463,0.100575,0.119750,0.067343,0.053760,0.048485
0.043996,0.090376,0.212046,0.090455,0.078407,0.122372,0.171653,0.078055,0.038233,0.074407
0.074651,0.103460,0.046980,0.121583,0.117414,0.198027,0.108304,0.057626,0.045325,0.126630
0.104987,0.106396,0.108716,0.119961,0.111910,0.141013,0.110816,0.099444,0.045645,0.051111
0.071257,0.098775,0.045204,0.102772,0.122392,0.211061,0.094366,0.090987,0.042231,0.120954
0.037587,0.073955,0.217802,0.081648,0.265628,0.038549,0.096160,0.100980,0.052978,0.034713
0.075748,0.072982,0.199982,0.074939,0.166598,0.073266,0.107248,0.076854,0.079542,0.072841
0.035632,0.084451,0.040162,0.076901,0.273998,0.192611,0.104853,0.111402,0.036813,0.043178
0.042854,0.086448,0.037799,0.076903,0.322195,0.087640,0.087990,0.116231,0.037580,0.104360
0.078863,0.110068,0.050755,0.106167,0.138418,0.166207,0.101610,0.099352,0.057235,0.091326
0.070231,0.098711,0.112049,0.106403,0.093658,0.161924,0.099741,0.028572,0.127955,0.100756
0.042389,0.074526,0.302289,0.103715,0.107672,0.048751,0.106811,0.114617,0.038378,0.060852
0.032437,0.102532,0.097964,0.101434,0.107581,0.164560,0.136687,0.094956,0.058700,0.103149
0.050391,0.115137,0.075292,0.146450,0.157536,0.060815,0.116095,0.139878,0.075928,0.062478
0.080844,0.144394,0.203062,0.080648,0.076154,0.111574,0.158987,0.047920,0.060468,0.035948
0.041608,0.087913,0.045257,0.126193,0.123488,0.142187,0.116819,0.174897,0.063323,0.078316
0.049393,0.093202,0.094439,0.093054,0.096462,0.116572,0.223580,0.104786,0.045747,0.082764
0.028065,0.065401,0.049858,0.082681,0.310015,0.103613,0.103789,0.126116,0.052196,0.078264
0.051830,0.087870,0.046142,0.116988,0.129488,0.143161,0.128536,0.121436,0.047509,0.127041
0.108402,0.121500,0.079794,0.129298,0.148196,0.056163,0.138052,0.042459,0.085102,0.091035
0.068725,0.090342,0.096785,0.111243,0.105206,0.118729,0.197047,0.027710,0.089541,0.094672
0.036555,0.126830,0.109068,0.113583,0.132817,0.113380,0.136819,0.109349,0.050546,0.071053
0.049756,0.095206,0.042459,0.121807,0.101288,0.204221,0.093842,0.119018,0.119089,0.053314
0.106875,0.106088,0.099812,0.103920,0.118475,0.129156,0.124787,0.095397,0.056289,0.059201
0.106206,0.123844,0.048830,0.131707,0.122164,0.170819,0.127399,0.034761,0.075289,0.058982
0.083660,0.140183,0.197884,0.074539,0.070597,0.093144,0.166844,0.081114,0.062386,0.029650
0.028486,0.085317,0.218733,0.094728,0.194698,0.116680,0.089491,0.082059,0.042229,0.047581
0.058494,0.128208,0.083107,0.151960,0.135998,0.062223,0.108066,0.122637,0.059299,0.090008
0.045877,0.119852,0.086007,0.099151,0.137928,0.142064,0.108895,0.084065,0.100624,0.075536
0.043589,0.104918,0.270026,0.106091,0.103582,0.045857,0.095240,0.029026,0.097376,0.104296
0.107743,0.176092,0.097139,0.088594,0.080022,0.123874,0.109419,0.025118,0.085072,0.106926
0.030148,0.093816,0.229847,0.098217,0.095713,0.106641,0.097393,0.103780,0.050592,0.093853
0.038669,0.081761,0.213598,0.086515,0.143516,0.108323,0.085444,0.090244,0.073427,0.078504
0.051509,0.107197,0.103634,0.097992,0.127655,0.132556,0.121097,0.105395,0.052628,0.100337
0.036662,0.076894,0.223229,0.085721,0.124019,0.147414,0.077678,0.101566,0.033884,0.092932
0.050496,0.100124,0.233203,0.085880,0.091647,0.113254,0.124378,0.056876,0.057567,0.086574
0.044153,0.096458,0.297686,0.097871,0.115657,0.050713,0.101054,0.053353,0.040035,0.103018
0.060628,0.126135,0.121962,0.140930,0.134382,0.066207,0.133395,0.070123,0.055128,0.091111
0.054305,0.107474,0.054059,0.123402,0.146804,0.057870,0.128379,0.079031,0.108339,0.140337
0.030187,0.092000,0.250414,0.086810,0.103079,0.115441,0.108514,0.095115,0.059391,0.059050
0.043390,0.089908,0.064301,0.125801,0.312105,0.053068,0.096933,0.120426,0.049809,0.044260
0.071715,0.139160,0.135436,0.143042,0.130678,0.078877,0.135840,0.037989,0.076670,0.050593
0.043952,0.099424,0.265781,0.105817,0.111789,0.139804,0.109284,0.030316,0.038682,0.055151
0.025547,0.065983,0.210070,0.083512,0.265615,0.038683,0.070263,0.074214,0.080809,0.085304
0.042175,0.084539,0.215108,0.090570,0.081799,0.113584,0.162789,0.087979,0.037866,0.083592
0.045864,0.099142,0.044473,0.075698,0.135819,0.158899,0.138707,0.134640,0.046051,0.120706
0.049630,0.104437,0.240544,0.100222,0.099880,0.116960,0.100042,0.054406,0.092842,0.041037
0.056169,0.104079,0.102362,0.112814,0.108908,0.151454,0.109627,0.097837,0.051395,0.105355
0.084769,0.107659,0.280753,0.084005,0.087219,0.047702,0.087114,0.097504,0.035748,0.087528
0.051449,0.098789,0.250506,0.087142,0.099981,0.114904,0.097922,0.027415,0.076341,0.095551
0.061798,0.091025,0.098549,0.097255,0.093058,0.121250,0.204880,0.101460,0.045338,0.085387
0.042629,0.120268,0.049706,0.114259,0.125094,0.210795,0.122334,0.036023,0.054631,0.124260
0.055674,0.114396,0.045187,0.117642,0.115894,0.155727,0.095934,0.031818,0.153874,0.113854
0.063153,0.124937,0.123219,0.114501,0.116178,0.117410,0.121926,0.108971,0.059228,0.050478
0.037464,0.094768,0.264045,0.101194,0.178991,0.044255,0.082876,0.026843,0.118103,0.051461
0.059420,0.116858,0.111967,0.116615,0.162762,0.143502,0.116654,0.066039,0.057394,0.048790
0.038552,0.096607,0.344569,0.127739,0.091529,0.046208,0.084292,0.035094,0.051159,0.084250
0.036416,0.083658,0.203144,0.078619,0.159493,0.094933,0.130256,0.085427,0.038638,0.089415
0.076831,0.074209,0.311061,0.111478,0.107868,0.049255,0.083745,0.096278,0.040731,0.048544
0.055446,0.124194,0.048048,0.131054,0.137506,0.059708,0.131493,0.156267,0.059331,0.096952
0.044694,0.116481,0.039305,0.103174,0.313146,0.095364,0.106259,0.028323,0.040529,0.112727
0.036373,0.108020,0.243461,0.086121,0.099213,0.125464,0.113760,0.094150,0.033763,0.059675
0.051146,0.097684,0.240475,0.102194,0.091835,0.112315,0.100873,0.096034,0.050051,0.057393
0.042383,0.140581,0.047783,0.132920,0.134619,0.130107,0.125248,0.120862,0.042201,0.083297
0.055512,0.179888,0.101217,0.097676,0.098796,0.126687,0.112325,0.091905,0.043780,0.092214
0.026019,0.160663,0.087794,0.086041,0.137708,0.101680,0.205922,0.077736,0.033355,0.083083
0.052805,0.121183,0.053925,0.129164,0.161813,0.060971,0.141892,0.156622,0.055522,0.066102
0.061221,0.167766,0.080723,0.094632,0.088944,0.116860,0.167442,0.079907,0.077677,0.064827
0.062827,0.108237,0.108702,0.119747,0.111169,0.123625,0.105963,0.118527,0.042458,0.098745
0.042067,0.135284,0.101763,0.110368,0.101097,0.062209,0.228205,0.055984,0.044227,0.118797
0.043761,0.106993,0.166148,0.069964,0.122624,0.067708,0.083109,0.019429,0.251553,0.068711
0.071133,0.136590,0.126496,0.136986,0.168786,0.067676,0.112550,0.071786,0.055494,0.052504
0.034307,0.065572,0.240843,0.084687,0.238062,0.098596,0.059432,0.097100,0.033183,0.048219
0.036678,0.074271,0.033550,0.083394,0.365399,0.119176,0.062154,0.107718,0.051303,0.066357
0.091481,0.161371,0.097688,0.098770,0.083734,0.139349,0.100763,0.101975,0.038186,0.086684
0.085369,0.167667,0.089113,0.076327,0.081443,0.125110,0.103883,0.093343,0.077010,0.100737
0.045709,0.109409,0.070277,0.130011,0.138559,0.150108,0.106872,0.123067,0.045680,0.080307
0.029356,0.088172,0.236047,0.093379,0.100318,0.098793,0.111615,0.117544,0.033206,0.091570
0.079178,0.076035,0.266353,0.093381,0.099396,0.117420,0.089051,0.097311,0.034373,0.047501
0.081166,0.095222,0.181132,0.067018,0.128134,0.101518,0.074242,0.020236,0.180350,0.070983
0.042374,0.106093,0.063282,0.101911,0.099846,0.156496,0.123018,0.145925,0.090682,0.070373
0.097741,0.110810,0.071625,0.125004,0.122754,0.141757,0.125478,0.034582,0.052483,0.117767
0.091101,0.088504,0.068540,0.091107,0.209436,0.055978,0.101952,0.132355,0.052047,0.108981
0.060302,0.111970,0.108504,0.100317,0.141903,0.125457,0.150562,0.095100,0.044037,0.061847
0.093467,0.113893,0.114003,0.112829,0.107860,0.133665,0.114920,0.031739,0.094047,0.083578
0.040021,0.087383,0.216567,0.092321,0.168039,0.097066,0.149006,0.077146,0.037351,0.035100
0.046374,0.095604,0.242099,0.086714,0.088757,0.103359,0.171939,0.049073,0.044246,0.071835
0.024303,0.055663,0.208725,0.072102,0.262948,0.091100,0.074250,0.082079,0.079873,0.048957
0.086243,0.078286,0.200568,0.090025,0.075233,0.108091,0.092518,0.023759,0.211676,0.033601
0.047227,0.097637,0.315670,0.106482,0.114982,0.044947,0.106750,0.035006,0.062244,0.069054
0.041178,0.083051,0.047110,0.127989,0.123657,0.203630,0.146841,0.123398,0.050942,0.052203
0.101861,0.101382,0.112512,0.102236,0.103713,0.157978,0.100538,0.062939,0.052182,0.104659
0.045282,0.139086,0.135379,0.149461,0.143874,0.076633,0.137139,0.039005,0.054081,0.080059
0.102766,0.131552,0.047435,0.141852,0.131885,0.055941,0.144594,0.040596,0.141913,0.061466
0.055341,0.078005,0.060729,0.124027,0.139494,0.063410,0.113638,0.163301,0.068345,0.133709
0.030941,0.080787,0.229032,0.078231,0.167288,0.121956,0.083712,0.085916,0.038797,0.083340
0.057203,0.118723,0.049715,0.134494,0.139684,0.134809,0.122722,0.135558,0.050271,0.056821
0.060941,0.125792,0.119589,0.107735,0.120436,0.060346,0.124766,0.116803,0.042301,0.121292
0.072474,0.151593,0.081441,0.075522,0.117913,0.093677,0.192118,0.080785,0.063397,0.071080
0.103868,0.161808,0.097639,0.089704,0.105290,0.102225,0.101186,0.114294,0.057079,0.066906
0.055091,0.108326,0.304888,0.115943,0.105500,0.052821,0.103128,0.030562,0.086171,0.037570
0.089962,0.142889,0.094043,0.091938,0.136719,0.133158,0.088908,0.087515,0.044942,0.089926
0.048203,0.108207,0.107963,0.119819,0.170494,0.131280,0.111028,0.031431,0.062838,0.108737
0.080395,0.087194,0.042223,0.110608,0.126595,0.125215,0.125957,0.055732,0.116204,0.129878
0.056066,0.098090,0.105152,0.102205,0.134896,0.097444,0.093746,0.104867,0.117335,0.090200
0.034261,0.066367,0.264460,0.104023,0.092231,0.117629,0.101176,0.147829,0.034591,0.037434
0.047474,0.089123,0.210429,0.101040,0.089604,0.120355,0.087858,0.085553,0.068171,0.100392
0.063531,0.121575,0.051418,0.140278,0.137564,0.177729,0.080766,0.101329,0.064426,0.061384
0.058625,0.140548,0.060220,0.188780,0.167344,0.066716,0.123517,0.052355,0.081438,0.060456
0.034597,0.087586,0.237974,0.095348,0.091165,0.120513,0.086338,0.080275,0.079355,0.086849
0.066527,0.074779,0.087047,0.084414,0.236573,0.066680,0.133055,0.125767,0.062849,0.062308
0.053305,0.157571,0.198990,0.083065,0.072417,0.115765,0.165738,0.023554,0.042494,0.087101
0.108657,0.117070,0.110277,0.117253,0.106989,0.066618,0.101345,0.116912,0.050321,0.104559
0.064169,0.091151,0.134108,0.126884,0.199086,0.070644,0.130876,0.067618,0.065267,0.050196
0.036603,0.133552,0.198245,0.078205,0.067794,0.108212,0.165074,0.079488,0.059576,0.073252
0.067089,0.088738,0.064168,0.119447,0.237448,0.118083,0.093957,0.118703,0.041893,0.050474
0.051016,0.110166,0.051399,0.130994,0.151735,0.169702,0.130588,0.068011,0.073800,0.062589
