0.031400,0.032612,0.147401,0.021142,0.181230,0.426197,0.007533,0.024177,0.056310,0.071999
0.045774,0.028078,0.065010,0.092865,0.084186,0.106521,0.096974,0.091741,0.304265,0.084587
0.072028,0.091120,0.067679,0.088569,0.093835,0.103051,0.095019,0.216787,0.078443,0.093469
0.056476,0.177295,0.041624,0.156393,0.108358,0.079166,0.200398,0.072964,0.071024,0.036302
0.083912,0.098645,0.072893,0.099539,0.092742,0.102663,0.093789,0.088746,0.168114,0.098956
0.079593,0.087298,0.122097,0.101395,0.085496,0.102016,0.079743,0.093207,0.176848,0.072306
0.011954,0.032971,0.156995,0.022474,0.650547,0.024187,0.033152,0.027669,0.020537,0.019513
0.055628,0.100684,0.097831,0.125292,0.115229,0.090663,0.098968,0.122689,0.065468,0.127548
0.082111,0.094718,0.145718,0.093895,0.089659,0.111786,0.106022,0.080038,0.092871,0.103183
0.051861,0.105306,0.078716,0.082661,0.096595,0.100950,0.087490,0.092935,0.203177,0.100310
0.085064,0.083204,0.061321,0.081935,0.080217,0.300316,0.087108,0.061979,0.069437,0.089418
0.040239,0.041959,0.431804,0.040776,0.251753,0.035951,0.040719,0.030561,0.035586,0.050654
0.061087,0.098290,0.227927,0.093891,0.073479,0.104526,0.087360,0.122853,0.062034,0.068553
0.001787,0.001022,0.378726,0.002819,0.049819,0.539969,0.004700,0.016992,0.002077,0.002089
0.067283,0.087624,0.066499,0.082789,0.079011,0.295888,0.085777,0.086020,0.075837,0.073272
0.062390,0.081347,0.040878,0.125700,0.149557,0.102427,0.154379,0.078164,0.072115,0.133043
0.003491,0.029309,0.411501,0.004823,0.091711,0.318086,0.005672,0.011650,0.119120,0.004636
0.095840,0.095572,0.164212,0.093299,0.084062,0.116339,0.096624,0.079100,0.089855,0.085098
0.074093,0.096883,0.081527,0.117168,0.108151,0.111678,0.105323,0.126288,0.078491,0.100397
0.082266,0.096407,0.085846,0.095382,0.105239,0.113665,0.103531,0.113369,0.095787,0.108508
0.044449,0.038953,0.243639,0.089334,0.135454,0.126860,0.031418,0.134772,0.067536,0.087585
0.084030,0.099125,0.118016,0.094726,0.093750,0.117578,0.110860,0.095709,0.083985,0.102219
0.051673,0.012459,0.152929,0.053656,0.394851,0.061910,0.077093,0.035964,0.060162,0.099303
0.065215,0.076482,0.343400,0.074626,0.057218,0.086652,0.079473,0.073692,0.076438,0.066804
0.016001,0.030501,0.075940,0.021285,0.734182,0.023259,0.028719,0.024810,0.020281,0.025021
0.014999,0.018286,0.520151,0.012696,0.354259,0.013256,0.015420,0.011922,0.019859,0.019152
0.079054,0.093449,0.098884,0.120401,0.098519,0.100614,0.107349,0.107463,0.090936,0.103331
0.087349,0.101847,0.083466,0.116000,0.101897,0.118676,0.102115,0.104664,0.085506,0.098480
0.021649,0.027754,0.797277,0.021107,0.018889,0.020685,0.025195,0.014751,0.026623,0.026069
0.056067,0.041185,0.058305,0.075650,0.104091,0.310224,0.075720,0.072405,0.136135,0.070217
0.103118,0.138549,0.077603,0.095622,0.101828,0.108746,0.099529,0.099338,0.070986,0.104682
0.037097,0.043370,0.634351,0.035828,0.039031,0.044667,0.041392,0.045151,0.037954,0.041160
0.090262,0.115367,0.081093,0.103213,0.123888,0.100010,0.050405,0.092698,0.138490,0.104574
0.104613,0.112322,0.096356,0.100485,0.097148,0.130356,0.113540,0.063724,0.078762,0.102694
0.071476,0.090121,0.272588,0.072752,0.089320,0.082133,0.065142,0.079336,0.072360,0.104773
0.004246,0.005466,0.310434,0.004641,0.649544,0.005087,0.004436,0.003194,0.004842,0.008109
0.040521,0.052999,0.585005,0.039132,0.043588,0.049151,0.045957,0.050700,0.044583,0.048364
0.024211,0.044410,0.392417,0.039857,0.243441,0.044301,0.042661,0.097935,0.025950,0.044817
0.075638,0.077167,0.231221,0.061435,0.251293,0.084245,0.035156,0.055856,0.057624,0.070366
0.003367,0.001612,0.677230,0.004550,0.002803,0.295446,0.003926,0.003966,0.003948,0.003151
0.081680,0.098114,0.076083,0.096700,0.149320,0.115561,0.097974,0.099453,0.091492,0.093622
0.081098,0.090381,0.268794,0.078584,0.094387,0.093866,0.056849,0.076814,0.082760,0.076466
0.006300,0.009879,0.160349,0.006534,0.006542,0.734796,0.007776,0.054538,0.007269,0.006018
0.064448,0.108514,0.081434,0.099530,0.153414,0.120679,0.067913,0.078042,0.130906,0.095119
0.082335,0.104261,0.139998,0.083070,0.083726,0.115969,0.095958,0.099322,0.100420,0.094942
0.082180,0.095350,0.087126,0.095462,0.146849,0.100893,0.103309,0.105214,0.087257,0.096360
0.069707,0.083469,0.069692,0.075613,0.225961,0.221825,0.047949,0.066988,0.057877,0.080918
0.103139,0.093235,0.099907,0.094685,0.108469,0.104894,0.101973,0.105734,0.087176,0.100787
0.012245,0.007429,0.456698,0.014029,0.017344,0.298330,0.017230,0.011321,0.152839,0.012534
0.062586,0.034959,0.223089,0.081471,0.218947,0.119822,0.030609,0.092224,0.056706,0.079588
0.074231,0.114385,0.060992,0.121956,0.098659,0.165269,0.118676,0.076806,0.067832,0.101194
0.060054,0.071390,0.361995,0.079699,0.070886,0.079321,0.064320,0.076429,0.063546,0.072360
0.140766,0.039702,0.065938,0.139498,0.131037,0.130647,0.046422,0.145012,0.055175,0.105803
0.006044,0.002984,0.600525,0.005718,0.005102,0.349039,0.010144,0.006357,0.006746,0.007339
0.029709,0.081950,0.064667,0.070608,0.067696,0.175720,0.039377,0.030481,0.366474,0.073318
0.014158,0.008044,0.110065,0.030674,0.332898,0.361092,0.059544,0.030965,0.019597,0.032963
0.063611,0.074947,0.260350,0.074539,0.090524,0.091144,0.093128,0.084119,0.072415,0.095222
0.002654,0.001729,0.728218,0.001123,0.127470,0.128795,0.001519,0.001255,0.001307,0.005930
0.100326,0.105973,0.095829,0.102790,0.099148,0.097737,0.093313,0.104177,0.110772,0.089934
0.043819,0.053826,0.285177,0.053772,0.047608,0.056476,0.057473,0.293569,0.058030,0.050250
0.072003,0.091782,0.064450,0.078686,0.147029,0.224426,0.085044,0.097859,0.066156,0.072565
0.000445,0.001269,0.537002,0.000384,0.147951,0.311683,0.000339,0.000284,0.000299,0.000343
0.033473,0.034919,0.415407,0.025014,0.030359,0.030791,0.029045,0.024787,0.347182,0.029023
0.084974,0.092249,0.179740,0.097301,0.087578,0.101656,0.100668,0.081282,0.082752,0.091800
0.010752,0.019068,0.427850,0.017621,0.389099,0.045169,0.004940,0.031376,0.013041,0.041084
0.066550,0.102774,0.075745,0.119547,0.096158,0.107033,0.094370,0.099195,0.116625,0.122002
0.062739,0.101888,0.118406,0.121381,0.104155,0.099164,0.109619,0.115113,0.071674,0.095862
0.060817,0.057359,0.144971,0.144302,0.120772,0.107111,0.047638,0.097192,0.096428,0.123409
0.017684,0.003865,0.221712,0.009240,0.068473,0.615075,0.010572,0.035529,0.008510,0.009340
0.061427,0.105152,0.104284,0.123272,0.099353,0.119796,0.104622,0.099589,0.106953,0.075551
0.024475,0.010499,0.219292,0.038829,0.299966,0.245229,0.040532,0.052849,0.026391,0.041938
0.032490,0.055351,0.224539,0.019304,0.350851,0.032288,0.034226,0.021227,0.210134,0.019589
0.075491,0.090832,0.159781,0.105021,0.094324,0.106681,0.098850,0.098282,0.083849,0.086889
0.038340,0.141826,0.056341,0.129995,0.092096,0.125190,0.098428,0.142474,0.096435,0.078875
0.077019,0.089971,0.194640,0.097848,0.069149,0.101532,0.098565,0.079876,0.085734,0.105665
0.076933,0.090748,0.089458,0.091967,0.160535,0.108717,0.095046,0.110576,0.082203,0.093817
0.066968,0.070963,0.081532,0.134865,0.108548,0.118738,0.120806,0.115577,0.079279,0.102723
0.078806,0.093571,0.177966,0.086930,0.087464,0.098463,0.092849,0.105598,0.083541,0.094813
0.049420,0.035817,0.062386,0.121872,0.222454,0.095298,0.041512,0.134385,0.099192,0.137665
0.013734,0.016186,0.263116,0.020710,0.139444,0.016918,0.029824,0.045977,0.436287,0.017805
0.085966,0.086964,0.067737,0.082162,0.144129,0.100069,0.085821,0.200998,0.072479,0.073674
0.043956,0.056355,0.337918,0.051814,0.046717,0.069376,0.059999,0.238218,0.042593,0.053054
0.083911,0.106649,0.084327,0.101195,0.103517,0.103977,0.107888,0.110634,0.089159,0.108743
0.063928,0.099006,0.080045,0.101280,0.114505,0.110727,0.122338,0.113548,0.078660,0.115962
0.063534,0.103140,0.124933,0.089232,0.103574,0.133476,0.090412,0.137335,0.075621,0.078743
0.117291,0.043743,0.093806,0.095191,0.116483,0.177816,0.038391,0.106468,0.093016,0.117796
0.085271,0.098848,0.083850,0.103964,0.107703,0.103765,0.101127,0.111902,0.110479,0.093090
0.045806,0.091756,0.076464,0.099354,0.091101,0.102125,0.089738,0.086002,0.208543,0.109111
0.059258,0.133250,0.075289,0.098395,0.106912,0.109426,0.113153,0.083882,0.104498,0.115937
0.046018,0.019784,0.209785,0.022557,0.402868,0.031537,0.029915,0.020108,0.183061,0.034367
0.059910,0.134738,0.092523,0.120755,0.096947,0.107178,0.098540,0.124920,0.082090,0.082399
0.036029,0.040380,0.586067,0.040188,0.052962,0.053333,0.058008,0.054339,0.041982,0.036712
0.015325,0.022949,0.203036,0.022494,0.326401,0.312406,0.030637,0.019886,0.025747,0.021119
0.131441,0.039237,0.077282,0.103902,0.129263,0.142056,0.039515,0.127680,0.078696,0.130931
0.057501,0.041190,0.282964,0.061511,0.195955,0.075929,0.080604,0.074760,0.064413,0.065172
0.061075,0.089537,0.076291,0.094110,0.090275,0.091890,0.093292,0.204826,0.106618,0.092085
0.051922,0.053719,0.232387,0.067375,0.052103,0.078461,0.070278,0.281832,0.049045,0.062878
0.062333,0.114955,0.203043,0.086130,0.087916,0.100236,0.095567,0.092323,0.070074,0.087422
0.053911,0.132228,0.075452,0.103819,0.109442,0.112543,0.100634,0.103847,0.120991,0.087134
0.083543,0.100510,0.098945,0.098197,0.105185,0.120816,0.102717,0.083293,0.110838,0.095955
0.056857,0.039667,0.100154,0.129826,0.211926,0.136448,0.042242,0.070643,0.109389,0.102847
0.112791,0.091802,0.068755,0.093693,0.146728,0.090492,0.110991,0.125723,0.068013,0.091013
0.062841,0.075707,0.382519,0.065228,0.051899,0.068391,0.075728,0.069995,0.085792,0.061899
0.042505,0.047900,0.185558,0.048781,0.047113,0.062539,0.052904,0.043238,0.414980,0.054481
0.006054,0.002292,0.334985,0.003998,0.051894,0.439511,0.006117,0.005203,0.145049,0.004897
0.096510,0.102223,0.078433,0.119128,0.101863,0.107168,0.096265,0.123221,0.073296,0.101893
0.011671,0.009440,0.068811,0.032119,0.435026,0.187680,0.065475,0.045469,0.100927,0.043382
0.039543,0.033124,0.372429,0.093271,0.087412,0.104000,0.041937,0.068090,0.094683,0.065511
0.050879,0.085273,0.106613,0.087541,0.073262,0.086098,0.086757,0.062466,0.297017,0.064094
0.074884,0.020083,0.223936,0.072123,0.287727,0.074683,0.069482,0.059117,0.052257,0.065707
0.001042,0.001260,0.575513,0.001328,0.142202,0.274208,0.001121,0.000859,0.000966,0.001499
0.058443,0.097621,0.255899,0.083790,0.073330,0.088391,0.086224,0.088201,0.090236,0.077865
0.074763,0.084494,0.253315,0.074512,0.074478,0.094961,0.084041,0.080448,0.079657,0.099331
0.046170,0.070372,0.194813,0.046528,0.330619,0.114761,0.011299,0.031676,0.043524,0.110239
0.002688,0.003073,0.645297,0.003176,0.003741,0.257462,0.004562,0.003490,0.071859,0.004652
0.066380,0.075452,0.357770,0.075820,0.072619,0.073628,0.075663,0.054210,0.073682,0.074776
0.060986,0.066148,0.054454,0.068365,0.104548,0.312889,0.074696,0.062439,0.124048,0.071428
0.078957,0.084692,0.067198,0.085188,0.082470,0.267633,0.088091,0.073715,0.085690,0.086366
0.064802,0.084104,0.075827,0.086296,0.082199,0.272339,0.081866,0.094602,0.073717,0.084249
0.081818,0.067113,0.058369,0.090602,0.087818,0.268988,0.089550,0.082997,0.085672,0.087073
0.079409,0.105222,0.086006,0.103622,0.101831,0.117284,0.105233,0.107770,0.094544,0.099078
0.102567,0.094911,0.072185,0.094441,0.094693,0.104649,0.100295,0.095484,0.144905,0.095870
0.068038,0.088047,0.264602,0.072511,0.085587,0.097637,0.086833,0.071295,0.082242,0.083209
0.079107,0.097093,0.073336,0.099687,0.097336,0.107932,0.096656,0.108519,0.138777,0.101556
0.101049,0.096110,0.074080,0.105284,0.101781,0.111201,0.133980,0.105013,0.064454,0.107050
0.068612,0.096955,0.065883,0.086678,0.095286,0.254059,0.075937,0.091241,0.076847,0.088502
0.033592,0.009531,0.135760,0.057906,0.225532,0.320603,0.080216,0.040251,0.031393,0.065216
0.022712,0.059638,0.281785,0.016043,0.231374,0.300616,0.042752,0.011984,0.019526,0.013569
0.104399,0.100617,0.092899,0.090407,0.103163,0.108173,0.095229,0.116251,0.086381,0.102481
0.002578,0.002738,0.709483,0.001939,0.001510,0.271655,0.002966,0.001854,0.003239,0.002037
0.048166,0.066178,0.156651,0.057583,0.442183,0.059901,0.019715,0.060438,0.045406,0.043778
0.055154,0.012441,0.193290,0.044469,0.311459,0.046071,0.078665,0.061158,0.125226,0.072069
0.067775,0.103364,0.068855,0.124301,0.104719,0.088418,0.107460,0.126160,0.120083,0.088865
0.008121,0.009855,0.391907,0.007935,0.007339,0.550625,0.003440,0.005253,0.006384,0.009141
0.076282,0.078247,0.073231,0.091454,0.092075,0.242891,0.093381,0.087366,0.068521,0.096552
0.024117,0.006369,0.349732,0.006366,0.006298,0.549959,0.008845,0.033979,0.006327,0.008010
0.007542,0.038381,0.094386,0.026644,0.528869,0.109754,0.037688,0.029284,0.103425,0.024028
0.114830,0.045210,0.171742,0.116645,0.106123,0.073074,0.060525,0.123388,0.085889,0.102571
0.086100,0.034444,0.086993,0.132106,0.149022,0.106988,0.035184,0.141168,0.094073,0.133921
0.068874,0.100538,0.073358,0.116449,0.159152,0.105420,0.085594,0.106701,0.105564,0.078348
0.004903,0.004509,0.411861,0.004240,0.003595,0.553584,0.004347,0.003256,0.004590,0.005114
0.090860,0.032292,0.133616,0.099214,0.078444,0.119237,0.036809,0.114551,0.181157,0.113819
0.042776,0.048758,0.034055,0.042742,0.088302,0.398917,0.048245,0.042544,0.204555,0.049105
0.056755,0.095973,0.195210,0.087261,0.187807,0.080004,0.048333,0.078655,0.075274,0.094727
0.060035,0.056912,0.388474,0.076400,0.058346,0.058669,0.051747,0.119707,0.053816,0.075896
0.051743,0.064107,0.249962,0.054103,0.268940,0.061854,0.065519,0.066020,0.055247,0.062506
0.067204,0.075319,0.125178,0.083260,0.071717,0.078830,0.079430,0.074049,0.258524,0.086489
0.004147,0.004706,0.289040,0.004678,0.003976,0.648725,0.002687,0.034916,0.003161,0.003964
0.043931,0.101231,0.074397,0.132966,0.134681,0.125572,0.057753,0.146457,0.066172,0.116839
0.069917,0.089016,0.079932,0.090944,0.086886,0.235881,0.094142,0.089100,0.074101,0.090080
0.072129,0.093863,0.075646,0.115104,0.161029,0.093672,0.096257,0.103281,0.070732,0.118287
0.086801,0.084912,0.068017,0.106371,0.130882,0.099502,0.085349,0.187822,0.067613,0.082731
0.078038,0.090450,0.173879,0.095375,0.080813,0.091829,0.095637,0.097384,0.092676,0.103918
0.072095,0.106155,0.065464,0.121796,0.164044,0.093536,0.116132,0.105182,0.073005,0.082593
0.048992,0.044385,0.261227,0.091082,0.114149,0.112544,0.038522,0.130619,0.062804,0.095675
0.024935,0.011229,0.128611,0.029449,0.623427,0.047798,0.049740,0.029679,0.028177,0.026955
0.034591,0.043286,0.460263,0.038854,0.030860,0.037660,0.038498,0.027840,0.247261,0.040887
0.000960,0.000373,0.314831,0.000252,0.505762,0.161720,0.000318,0.000182,0.014038,0.001563
0.080609,0.105027,0.084068,0.101556,0.107772,0.102280,0.098716,0.128612,0.084829,0.106529
0.004512,0.003998,0.423807,0.004361,0.003429,0.542705,0.001983,0.002768,0.007895,0.004544
0.081058,0.099687,0.084445,0.103721,0.098172,0.115327,0.095586,0.106617,0.112544,0.102844
0.062603,0.106494,0.069705,0.123646,0.148582,0.096602,0.085421,0.126341,0.069701,0.110906
0.065568,0.081821,0.066796,0.078525,0.079983,0.290494,0.084902,0.085003,0.083400,0.083507
0.073096,0.092325,0.075293,0.091765,0.093728,0.101841,0.093523,0.202210,0.083682,0.092536
0.101929,0.096655,0.075433,0.124765,0.133178,0.110500,0.106371,0.071173,0.074027,0.105970
0.044533,0.068522,0.230273,0.054541,0.321978,0.084399,0.018319,0.067475,0.048593,0.061368
0.052239,0.023442,0.203889,0.072205,0.084774,0.081862,0.023479,0.054116,0.339303,0.064691
0.057615,0.042008,0.247687,0.128077,0.108649,0.105489,0.033604,0.093584,0.062302,0.120985
0.071739,0.091812,0.090040,0.097845,0.161364,0.105867,0.096426,0.113730,0.085205,0.085973
0.071051,0.092202,0.070545,0.089065,0.086599,0.257181,0.086051,0.084580,0.073528,0.089197
0.045845,0.103687,0.096466,0.106560,0.106330,0.101171,0.076659,0.084890,0.202521,0.075871
0.035956,0.122649,0.073126,0.213226,0.113725,0.101655,0.070942,0.039647,0.071201,0.157873
0.012230,0.024113,0.094939,0.023218,0.732835,0.027420,0.027184,0.019761,0.019784,0.018518
0.072744,0.101875,0.157843,0.102909,0.092793,0.098174,0.097558,0.081397,0.100616,0.094090
0.035603,0.038076,0.418613,0.031881,0.275772,0.053283,0.027893,0.070150,0.018854,0.029875
0.051444,0.043276,0.210620,0.054502,0.152120,0.071583,0.066684,0.049418,0.248135,0.052217
0.091199,0.046238,0.175253,0.128038,0.118927,0.137108,0.047311,0.069009,0.064937,0.121980
0.093191,0.111263,0.162129,0.076451,0.105564,0.111982,0.082939,0.088322,0.069517,0.098642
0.053937,0.093964,0.147188,0.076208,0.073074,0.082015,0.090758,0.084026,0.210812,0.088018
0.042333,0.011410,0.172865,0.065264,0.170068,0.291717,0.014752,0.075630,0.061216,0.094746
0.089331,0.096489,0.070379,0.084273,0.090441,0.089452,0.094174,0.216290,0.083489,0.085682
0.016763,0.006535,0.332892,0.016001,0.015541,0.548212,0.008775,0.013002,0.011146,0.031131
0.103991,0.099853,0.074946,0.090587,0.100991,0.117005,0.124816,0.118118,0.064413,0.105281
0.033673,0.044555,0.564374,0.043168,0.030812,0.037884,0.042709,0.115185,0.043133,0.044507
0.086838,0.098513,0.087124,0.100820,0.105289,0.114556,0.104202,0.115920,0.083506,0.103231
0.026760,0.100340,0.046856,0.120130,0.151440,0.132284,0.116674,0.077977,0.085935,0.141604
0.031742,0.066112,0.039947,0.056496,0.456365,0.116070,0.078616,0.062262,0.026632,0.065757
0.060149,0.084772,0.052981,0.102095,0.188399,0.259091,0.048566,0.070157,0.065200,0.068590
0.071285,0.091620,0.081597,0.091724,0.090074,0.100821,0.089309,0.209169,0.078288,0.096113
0.108649,0.112665,0.069499,0.127974,0.117820,0.118063,0.080570,0.108086,0.066442,0.090233
0.073654,0.106729,0.076460,0.104648,0.143852,0.107693,0.063092,0.130584,0.083828,0.109460
0.067614,0.122059,0.099219,0.102176,0.092431,0.131843,0.110947,0.093535,0.077268,0.102908
0.051748,0.041287,0.199750,0.106213,0.120487,0.126328,0.049976,0.129129,0.081017,0.094067
0.055264,0.116935,0.099476,0.102661,0.097065,0.124001,0.112068,0.088055,0.096013,0.108462
0.020872,0.023728,0.221600,0.028234,0.578319,0.028857,0.032745,0.015595,0.022397,0.027654
0.062594,0.079094,0.112201,0.074576,0.060428,0.098871,0.084635,0.049703,0.299860,0.078039
0.066525,0.100964,0.071268,0.089204,0.105902,0.235436,0.065648,0.109481,0.070525,0.085046
0.052324,0.058232,0.055100,0.060249,0.197292,0.285506,0.066512,0.105453,0.057752,0.061580
0.002816,0.004248,0.202562,0.003716,0.664506,0.003295,0.004203,0.002963,0.107718,0.003974
0.067790,0.099788,0.067758,0.100592,0.122797,0.109420,0.065893,0.113662,0.144536,0.107765
0.002828,0.002869,0.690530,0.003777,0.003037,0.282628,0.003483,0.002828,0.003591,0.004429
0.089647,0.104476,0.079904,0.109129,0.106322,0.116242,0.108523,0.097976,0.086414,0.101368
0.083090,0.091626,0.075356,0.106358,0.160755,0.105726,0.081734,0.109683,0.100153,0.085519
0.073731,0.090902,0.079594,0.082513,0.093499,0.102730,0.091779,0.218345,0.074017,0.092889
0.022411,0.006252,0.291815,0.026092,0.195641,0.308704,0.045362,0.026090,0.020133,0.057501
0.003489,0.004531,0.271141,0.004199,0.640619,0.004199,0.004357,0.003226,0.058783,0.005455
0.081638,0.090949,0.101789,0.082132,0.075660,0.086030,0.086502,0.090541,0.207068,0.097693
0.040074,0.039396,0.400886,0.072044,0.099086,0.095423,0.026403,0.080158,0.050696,0.095835
0.025092,0.030752,0.156284,0.036834,0.554759,0.034866,0.041580,0.032749,0.030250,0.056834
0.047669,0.034167,0.040500,0.062059,0.175321,0.386426,0.066067,0.062314,0.064742,0.060736
0.056180,0.049291,0.426415,0.062739,0.052562,0.052119,0.056976,0.115926,0.066943,0.060850
0.043258,0.068989,0.446315,0.059126,0.059022,0.062953,0.065310,0.057964,0.070819,0.066245
0.074031,0.088748,0.068593,0.097702,0.147531,0.112836,0.111860,0.129438,0.080533,0.088729
0.077690,0.087952,0.106090,0.095851,0.073245,0.176446,0.093594,0.034276,0.179663,0.075192
0.065273,0.110886,0.058378,0.092613,0.092595,0.142616,0.122674,0.042405,0.167831,0.104730
0.063697,0.107604,0.159059,0.086177,0.075644,0.119309,0.107062,0.088444,0.094952,0.098050
0.076263,0.100757,0.083323,0.124887,0.103451,0.114363,0.103005,0.109808,0.079856,0.104287
0.027380,0.011223,0.014827,0.023712,0.035061,0.032149,0.027203,0.066906,0.737474,0.024065
0.060184,0.108772,0.066841,0.093634,0.108253,0.095153,0.122699,0.156836,0.089793,0.097835
0.092921,0.124723,0.112184,0.097333,0.086919,0.107304,0.121404,0.098945,0.081383,0.076884
0.072235,0.089269,0.294558,0.064471,0.081714,0.077705,0.085750,0.073043,0.076841,0.084415
0.041133,0.050417,0.270369,0.058010,0.291118,0.065358,0.064571,0.062170,0.039788,0.057067
0.060299,0.062618,0.247617,0.058368,0.351033,0.062680,0.010480,0.042427,0.048007,0.056473
0.055022,0.036959,0.132091,0.106816,0.118147,0.186185,0.041911,0.108481,0.091194,0.123193
0.087463,0.123683,0.043379,0.157080,0.124873,0.135859,0.108278,0.041214,0.097949,0.080222
0.073899,0.096843,0.077846,0.097104,0.150241,0.110017,0.097361,0.112186,0.084267,0.100235
0.008611,0.011545,0.388863,0.011114,0.207590,0.014422,0.011579,0.034002,0.293237,0.019037
0.049595,0.111147,0.050426,0.102293,0.103326,0.150257,0.102806,0.134415,0.084717,0.111019
0.084824,0.126157,0.041215,0.138554,0.111950,0.115680,0.135078,0.097852,0.064880,0.083811
0.063928,0.078876,0.096791,0.104789,0.137241,0.114732,0.115589,0.125521,0.078011,0.084521
0.104011,0.098556,0.087661,0.096719,0.131779,0.104567,0.095364,0.101863,0.091421,0.088059
0.055495,0.071679,0.178459,0.074980,0.230541,0.087320,0.063947,0.061654,0.087122,0.088803
0.012149,0.017655,0.534387,0.012211,0.342498,0.015518,0.004866,0.014165,0.014189,0.032362
0.076171,0.105232,0.126119,0.101919,0.089807,0.101324,0.103442,0.101118,0.088471,0.106396
0.064072,0.108347,0.187534,0.083354,0.077799,0.123287,0.104167,0.072254,0.081907,0.097278
0.029023,0.021724,0.528512,0.031435,0.253567,0.026693,0.028694,0.028219,0.025987,0.026146
0.058127,0.101126,0.071034,0.102892,0.103852,0.104012,0.107225,0.108759,0.119523,0.123450
0.068556,0.104908,0.072299,0.120470,0.129848,0.109297,0.060098,0.119974,0.106027,0.108523
0.002915,0.003566,0.407718,0.002197,0.044397,0.466869,0.001485,0.002504,0.060877,0.007471
0.080265,0.102050,0.099776,0.123234,0.102433,0.116658,0.103866,0.098829,0.079477,0.093413
0.054135,0.104496,0.144805,0.115443,0.091494,0.094746,0.117970,0.107645,0.080960,0.088307
0.085389,0.100754,0.096648,0.118052,0.101617,0.097570,0.101589,0.114628,0.089052,0.094701
0.067664,0.085996,0.080423,0.079681,0.188651,0.086568,0.088710,0.144038,0.068852,0.109415
0.051288,0.103931,0.149197,0.123287,0.086393,0.111970,0.084232,0.117423,0.073935,0.098344
0.042026,0.035950,0.147463,0.037978,0.230782,0.336453,0.058198,0.050975,0.030960,0.029216
0.046869,0.056358,0.242097,0.063579,0.053311,0.057195,0.063969,0.063680,0.291646,0.061297
0.102234,0.098314,0.080384,0.103108,0.153032,0.102738,0.094026,0.094835,0.079955,0.091375
0.064327,0.124866,0.152648,0.108241,0.090562,0.124348,0.095085,0.083959,0.072876,0.083087
0.050432,0.039327,0.264365,0.098611,0.115677,0.119359,0.049485,0.106235,0.052467,0.104042
0.067828,0.094771,0.080854,0.116533,0.151955,0.096465,0.097783,0.097325,0.079822,0.116664
0.057395,0.070407,0.045984,0.069747,0.110015,0.328049,0.043025,0.060685,0.144330,0.070362
0.027969,0.125823,0.118461,0.103289,0.088782,0.212068,0.119243,0.040150,0.070534,0.093682
0.018734,0.027138,0.161896,0.029351,0.267753,0.377005,0.047375,0.024046,0.022839,0.023862
0.060651,0.065728,0.128846,0.059481,0.057811,0.073846,0.069360,0.060412,0.363679,0.060187
0.058324,0.093609,0.066704,0.095481,0.092549,0.211363,0.115052,0.091798,0.101788,0.073333
0.047524,0.116409,0.171811,0.101784,0.090545,0.114246,0.082431,0.082544,0.096456,0.096251
0.100589,0.118710,0.074761,0.102533,0.137523,0.106239,0.090940,0.101703,0.079150,0.087853
0.076128,0.089736,0.096027,0.107446,0.129987,0.121982,0.113556,0.108038,0.077226,0.079873
0.005781,0.002788,0.428274,0.006682,0.004503,0.522297,0.007309,0.005831,0.006454,0.010082
0.039036,0.031817,0.344897,0.044788,0.145162,0.060666,0.049759,0.172731,0.056181,0.054963
0.091377,0.116255,0.069133,0.106250,0.104555,0.118203,0.100663,0.081766,0.090641,0.121156
0.066513,0.011131,0.402572,0.049655,0.187908,0.055549,0.060044,0.048867,0.041084,0.076677
0.031298,0.013242,0.379917,0.037582,0.225087,0.086733,0.062939,0.075471,0.028046,0.059687
0.068718,0.078628,0.070886,0.084309,0.080987,0.271746,0.088420,0.083413,0.086970,0.085923
0.077979,0.024967,0.224743,0.079778,0.185309,0.081119,0.027470,0.073532,0.171317,0.053786
0.057587,0.030194,0.058678,0.145702,0.192051,0.143535,0.032833,0.149351,0.110724,0.079345
0.044886,0.012895,0.275526,0.041576,0.263359,0.090225,0.058907,0.041509,0.049547,0.121571
0.063168,0.074400,0.076662,0.129242,0.146308,0.111248,0.108026,0.127582,0.072465,0.090898
0.038185,0.040487,0.588540,0.049872,0.037751,0.054378,0.045464,0.044042,0.044516,0.056765
0.109370,0.035903,0.091284,0.127747,0.117597,0.187129,0.042908,0.123396,0.092063,0.072604
0.062885,0.133933,0.076481,0.122034,0.098201,0.116041,0.094779,0.121043,0.071204,0.103399
0.016044,0.034244,0.129566,0.031559,0.633299,0.027743,0.040897,0.027130,0.024026,0.035492
0.001483,0.001876,0.468308,0.000881,0.133329,0.356810,0.000786,0.000459,0.034695,0.001373
0.074392,0.102802,0.091019,0.099097,0.147914,0.114830,0.097091,0.091630,0.079935,0.101290
0.025355,0.012391,0.190828,0.032790,0.306135,0.062588,0.052995,0.043519,0.224361,0.049039
0.049380,0.067277,0.049933,0.067649,0.186601,0.312491,0.064950,0.087006,0.052924,0.061789
0.004698,0.003771,0.760955,0.003432,0.002650,0.212532,0.003653,0.002779,0.002713,0.002816
0.059306,0.040160,0.229870,0.095878,0.099354,0.128851,0.034401,0.129835,0.061174,0.121170
0.030117,0.033925,0.333682,0.034510,0.031766,0.034595,0.036455,0.030790,0.402556,0.031605
0.064041,0.099987,0.071084,0.105789,0.146116,0.116064,0.102983,0.123683,0.071953,0.098300
0.001569,0.001497,0.726958,0.001887,0.140396,0.122297,0.001979,0.000905,0.001471,0.001040
0.042923,0.107750,0.084549,0.092630,0.084122,0.153212,0.117489,0.117998,0.085141,0.114185
0.071627,0.095105,0.079638,0.110405,0.148726,0.109451,0.098830,0.112746,0.080045,0.093427
0.062155,0.118125,0.077361,0.104846,0.135929,0.121631,0.100209,0.123192,0.067076,0.089477
0.089207,0.088434,0.063366,0.091193,0.088725,0.237592,0.082627,0.094479,0.067620,0.096756
0.035362,0.041601,0.292598,0.043586,0.230744,0.037084,0.043921,0.186983,0.036468,0.051653
0.085400,0.113802,0.092410,0.104226,0.097406,0.110538,0.121406,0.083456,0.084820,0.106534
0.081733,0.099905,0.086670,0.118445,0.107610,0.101031,0.106926,0.108100,0.093112,0.096468
0.057532,0.062410,0.357621,0.055351,0.045339,0.062906,0.043117,0.212447,0.050820,0.052456
0.030451,0.041920,0.335445,0.037177,0.221546,0.038510,0.045384,0.162174,0.041062,0.046331
0.094820,0.100707,0.073423,0.091265,0.152378,0.111644,0.095974,0.102475,0.085689,0.091625
0.008192,0.009743,0.522256,0.009482,0.407564,0.008437,0.009153,0.007572,0.007987,0.009614
0.012332,0.004393,0.403982,0.010183,0.008863,0.523726,0.005891,0.007913,0.011797,0.010919
0.091746,0.089530,0.078385,0.111725,0.156125,0.099412,0.096078,0.108713,0.073737,0.094548
0.033189,0.035757,0.314757,0.047867,0.324805,0.055150,0.048334,0.048260,0.046793,0.045089
0.083473,0.086764,0.280639,0.068689,0.063130,0.090175,0.087755,0.083428,0.073779,0.082169
0.076749,0.087788,0.253708,0.070935,0.080793,0.088854,0.091960,0.084708,0.086198,0.078305
0.067778,0.075191,0.065468,0.095617,0.086448,0.294499,0.083970,0.080129,0.068503,0.082396
0.063430,0.109959,0.080803,0.098468,0.118190,0.121566,0.091907,0.130957,0.068835,0.115884
0.085656,0.069899,0.272135,0.072928,0.065964,0.081517,0.086901,0.082814,0.081798,0.100387
0.004660,0.003058,0.395393,0.002571,0.056684,0.469231,0.002616,0.002121,0.061104,0.002561
0.104397,0.100277,0.081922,0.095897,0.100977,0.099331,0.104877,0.117590,0.092736,0.101995
0.051094,0.083876,0.050067,0.080611,0.198293,0.271068,0.051335,0.077513,0.073698,0.062445
0.090578,0.099272,0.087619,0.104374,0.098956,0.101809,0.103098,0.115769,0.094776,0.103749
0.074902,0.098379,0.081952,0.121350,0.100061,0.119074,0.100196,0.118026,0.085394,0.100666
0.009453,0.006513,0.468597,0.008259,0.318426,0.009465,0.008406,0.006625,0.149237,0.015018
0.075494,0.089182,0.040759,0.164952,0.120198,0.085910,0.129624,0.081975,0.114852,0.097054
0.065729,0.091431,0.064563,0.083295,0.077001,0.309637,0.088060,0.066317,0.071049,0.082917
0.062258,0.069004,0.161901,0.064325,0.100961,0.073608,0.074390,0.063476,0.255665,0.074413
0.065188,0.082809,0.209654,0.097771,0.088011,0.091431,0.100378,0.085876,0.081237,0.097645
0.046405,0.106735,0.092803,0.122783,0.106522,0.109283,0.114995,0.097754,0.102240,0.100481
0.076240,0.076921,0.383073,0.058195,0.057275,0.080263,0.073674,0.059238,0.064175,0.070946
0.024712,0.037737,0.173680,0.039430,0.571447,0.028521,0.034011,0.032129,0.024621,0.033712
0.070728,0.057285,0.091883,0.178207,0.164848,0.084656,0.062488,0.045084,0.064229,0.180591
0.036088,0.039250,0.179833,0.041844,0.468293,0.057091,0.037179,0.076371,0.028143,0.035908
0.080075,0.099022,0.080469,0.102770,0.146938,0.109381,0.095307,0.109088,0.082174,0.094775
0.038884,0.070435,0.257580,0.073891,0.290066,0.063836,0.042320,0.062335,0.051529,0.049124
0.005610,0.004034,0.333583,0.004129,0.628172,0.004398,0.006207,0.004340,0.004148,0.005379
0.035300,0.043649,0.643660,0.037761,0.025273,0.043601,0.041190,0.025641,0.052214,0.051710
0.081391,0.095101,0.083555,0.090468,0.152564,0.114716,0.095647,0.109220,0.079401,0.097936
0.072456,0.095838,0.074067,0.092066,0.084762,0.244311,0.085256,0.073970,0.077308,0.099965
0.085996,0.094952,0.083319,0.104109,0.102753,0.110675,0.104625,0.095206,0.118932,0.099432
0.088644,0.084704,0.074505,0.105748,0.093540,0.099198,0.090921,0.191346,0.084898,0.086495
0.016563,0.019532,0.190627,0.018835,0.014091,0.616685,0.014052,0.075641,0.016741,0.017233
0.091298,0.112322,0.068846,0.083149,0.093304,0.211085,0.088686,0.098688,0.062408,0.090213
0.066589,0.097418,0.117890,0.113643,0.098761,0.116073,0.101041,0.073004,0.096070,0.119511
0.066809,0.098841,0.076980,0.131470,0.110794,0.121068,0.104445,0.115545,0.066039,0.108010
0.028367,0.008219,0.513788,0.042729,0.239038,0.032000,0.006811,0.040323,0.026425,0.062300
0.070647,0.082150,0.261589,0.084695,0.075267,0.092527,0.099745,0.074835,0.066491,0.092053
0.063548,0.070319,0.189216,0.076927,0.065186,0.086838,0.066000,0.057813,0.259624,0.064529
0.108304,0.103396,0.083742,0.100723,0.105383,0.102326,0.099939,0.098925,0.104843,0.092419
0.089712,0.091880,0.218316,0.089651,0.080587,0.107089,0.092248,0.064146,0.078664,0.087707
0.000546,0.000424,0.475447,0.000427,0.352502,0.168413,0.000854,0.000278,0.000383,0.000726
0.072371,0.059756,0.243958,0.066986,0.220137,0.069443,0.064742,0.072704,0.057587,0.072317
0.022051,0.030215,0.337822,0.023095,0.392680,0.032882,0.032436,0.027356,0.046300,0.055163
0.024074,0.037197,0.188012,0.024354,0.583436,0.025562,0.031605,0.026543,0.027126,0.032090
0.090713,0.108222,0.150524,0.089603,0.087711,0.111776,0.107635,0.065792,0.090593,0.097431
0.056342,0.086834,0.066061,0.105393,0.086073,0.102462,0.095551,0.225492,0.082715,0.093076
0.004022,0.002485,0.365467,0.003914,0.002428,0.498191,0.004569,0.002745,0.109822,0.006357
0.071480,0.114047,0.098213,0.110082,0.110733,0.112041,0.098179,0.105668,0.085988,0.093569
0.039788,0.125237,0.051950,0.129647,0.093190,0.150254,0.137080,0.104150,0.087549,0.081153
0.078212,0.025241,0.221275,0.074556,0.062779,0.053646,0.025498,0.054776,0.337405,0.066611
0.065575,0.090074,0.197848,0.093266,0.083947,0.106641,0.101463,0.091572,0.079306,0.090308
0.077017,0.106324,0.073838,0.123641,0.108251,0.111833,0.109192,0.119170,0.064713,0.106021
0.024337,0.015662,0.171778,0.056526,0.515113,0.036689,0.052992,0.048536,0.032062,0.046304
0.066466,0.075317,0.161559,0.073406,0.071660,0.080900,0.082306,0.084563,0.228210,0.075614
0.114777,0.125318,0.062479,0.137984,0.105000,0.116725,0.115030,0.048120,0.087247,0.087321
0.067413,0.105172,0.076968,0.094475,0.104026,0.107750,0.135943,0.125243,0.081551,0.101460
0.067402,0.079985,0.094615,0.123625,0.141298,0.107350,0.105888,0.121654,0.070488,0.087695
0.083062,0.098897,0.135998,0.104943,0.077736,0.113696,0.098203,0.106159,0.084791,0.096516
0.094677,0.094493,0.087827,0.097278,0.154696,0.103933,0.097192,0.103928,0.077748,0.088230
0.080135,0.094130,0.243125,0.086182,0.080290,0.072641,0.089469,0.090133,0.065751,0.098144
0.097007,0.043290,0.264360,0.086318,0.106702,0.103259,0.034450,0.099938,0.095235,0.069440
0.085838,0.085617,0.214156,0.077626,0.112885,0.081830,0.092017,0.078409,0.072044,0.099578
0.035435,0.120333,0.058141,0.101241,0.105179,0.124118,0.053852,0.121209,0.180085,0.100407
0.070428,0.086976,0.092051,0.095635,0.149809,0.109113,0.106548,0.101915,0.078901,0.108622
0.002089,0.002773,0.071928,0.002337,0.001427,0.373946,0.002709,0.022240,0.518251,0.002301
0.100915,0.140030,0.067057,0.105046,0.100275,0.093927,0.100755,0.121414,0.078707,0.091874
0.044330,0.035030,0.165618,0.042172,0.039621,0.049946,0.040871,0.043133,0.498067,0.041211
0.038864,0.043827,0.271874,0.056763,0.311866,0.052664,0.052625,0.061312,0.055014,0.055190
0.065403,0.092310,0.081089,0.118149,0.153965,0.092688,0.098467,0.121718,0.074361,0.101849
0.007210,0.009142,0.255606,0.007111,0.545870,0.009597,0.010058,0.006839,0.140440,0.008126
0.040978,0.041360,0.164286,0.029718,0.031398,0.038541,0.028855,0.034434,0.545955,0.044474
0.005916,0.003974,0.398024,0.004906,0.004673,0.552979,0.007930,0.006428,0.009739,0.005430
0.065670,0.084055,0.057381,0.086070,0.074507,0.304429,0.085811,0.070175,0.082923,0.088980
0.071740,0.114197,0.089897,0.099967,0.112799,0.163991,0.131447,0.043284,0.057863,0.114815
0.051332,0.063285,0.460775,0.072772,0.059932,0.090232,0.039152,0.047675,0.060287,0.054560
0.020546,0.010828,0.086481,0.091852,0.288454,0.283975,0.008908,0.073045,0.108415,0.027497
0.070003,0.086664,0.068166,0.084436,0.083625,0.257306,0.090616,0.106889,0.075488,0.076807
0.036710,0.037284,0.455246,0.048696,0.054413,0.048509,0.070537,0.129775,0.044767,0.074064
0.003038,0.000616,0.469482,0.001325,0.118875,0.400433,0.001736,0.001070,0.001561,0.001864
0.063353,0.090861,0.194231,0.087422,0.091713,0.086996,0.107436,0.098861,0.075511,0.103616
0.079916,0.094948,0.144999,0.093037,0.092228,0.113763,0.103439,0.085633,0.084825,0.107212
0.084839,0.092338,0.219025,0.095991,0.070579,0.090941,0.093101,0.080781,0.082564,0.089840
0.082979,0.100595,0.096512,0.094334,0.102585,0.114113,0.102491,0.109544,0.090584,0.106264
0.006877,0.003883,0.355358,0.007192,0.004801,0.596207,0.006917,0.006308,0.006236,0.006220
0.054149,0.050312,0.375860,0.044578,0.044627,0.058583,0.055911,0.221349,0.044869,0.049761
0.065869,0.109399,0.070481,0.116472,0.109211,0.093308,0.073166,0.131095,0.093093,0.137907
0.056471,0.067644,0.263685,0.068892,0.076760,0.096441,0.086988,0.143266,0.064044,0.075809
0.034171,0.046015,0.240948,0.047484,0.041392,0.050206,0.023468,0.063284,0.412052,0.040980
0.080722,0.101288,0.084416,0.119720,0.109855,0.105993,0.104714,0.111319,0.091924,0.090049
0.007910,0.002424,0.380577,0.002142,0.026567,0.410874,0.000559,0.015270,0.138379,0.015297
0.075649,0.109903,0.097636,0.113353,0.136052,0.115430,0.067643,0.093012,0.089328,0.101994
0.009251,0.016484,0.533425,0.012479,0.011240,0.344819,0.005135,0.039439,0.013571,0.014158
0.060234,0.065077,0.238493,0.087224,0.227157,0.080316,0.035274,0.075712,0.059335,0.071180
0.001430,0.001936,0.589523,0.001979,0.143417,0.223585,0.002216,0.000724,0.033889,0.001301
0.078085,0.043647,0.066014,0.156912,0.138253,0.101534,0.047374,0.160893,0.078919,0.128370
0.048060,0.019437,0.284973,0.097586,0.219480,0.094426,0.022918,0.061279,0.054484,0.097357
0.044742,0.065467,0.520792,0.052392,0.060823,0.047417,0.048060,0.060835,0.056991,0.042482
0.088989,0.074178,0.243903,0.086848,0.074742,0.090068,0.084200,0.078233,0.074920,0.103918
0.052686,0.108519,0.155584,0.100723,0.090101,0.093811,0.111085,0.105334,0.086661,0.095497
0.080483,0.102118,0.076657,0.105024,0.113689,0.114004,0.105114,0.103374,0.090704,0.108831
0.036488,0.035099,0.071979,0.130234,0.231228,0.130383,0.033473,0.132300,0.079611,0.119205
0.040434,0.112105,0.058688,0.115473,0.093070,0.190290,0.116579,0.116053,0.077440,0.079868
0.061746,0.034372,0.098482,0.112868,0.114439,0.095838,0.035045,0.143579,0.189849,0.113783
0.079759,0.098359,0.084922,0.098465,0.102249,0.110500,0.100455,0.118501,0.089001,0.117789
0.059315,0.020109,0.065814,0.127512,0.133317,0.297355,0.024383,0.085063,0.090273,0.096861
0.006706,0.004573,0.137091,0.011004,0.029594,0.009036,0.011370,0.035399,0.746034,0.009194
0.072781,0.097126,0.069346,0.095534,0.125530,0.237179,0.063715,0.081264,0.073681,0.083844
0.013556,0.017005,0.466289,0.007373,0.462198,0.008361,0.003098,0.008851,0.006267,0.007003
0.045901,0.065531,0.320926,0.061913,0.268932,0.054256,0.019704,0.052708,0.047585,0.062544
0.107459,0.100132,0.065862,0.094047,0.105082,0.106430,0.103922,0.118338,0.089443,0.109283
0.100630,0.117377,0.072381,0.116371,0.097208,0.108097,0.097504,0.123513,0.083910,0.083009
0.073454,0.095658,0.156567,0.084419,0.078059,0.112967,0.100175,0.105942,0.097366,0.095394
0.039412,0.048107,0.586172,0.055641,0.036980,0.043341,0.049399,0.044701,0.048808,0.047439
0.047515,0.041182,0.588297,0.038051,0.034362,0.039714,0.050753,0.047282,0.054018,0.058826
0.035630,0.014118,0.323961,0.033617,0.104600,0.035551,0.041919,0.065650,0.308429,0.036525
0.068511,0.112853,0.150559,0.094389,0.078551,0.109566,0.095645,0.105780,0.094507,0.089639
0.083926,0.085332,0.181263,0.089302,0.088955,0.096109,0.089608,0.130401,0.067941,0.087165
0.037731,0.044613,0.075545,0.032424,0.350223,0.241909,0.011452,0.052591,0.111145,0.042366
0.070369,0.111490,0.070028,0.108341,0.142482,0.110967,0.079311,0.116654,0.099222,0.091136
0.073875,0.088464,0.072232,0.106334,0.087185,0.098671,0.091688,0.216725,0.077196,0.087630
0.065739,0.080800,0.270470,0.070345,0.153714,0.091101,0.063241,0.075330,0.061768,0.067491
0.053058,0.066779,0.406935,0.071338,0.067382,0.075782,0.065620,0.056032,0.058789,0.078285
0.011370,0.003862,0.484204,0.008626,0.434549,0.012329,0.010921,0.008966,0.011089,0.014084
0.003176,0.002403,0.064067,0.003318,0.002169,0.003237,0.003569,0.028004,0.886903,0.003154
0.009910,0.022968,0.459143,0.008777,0.008071,0.413923,0.012295,0.040798,0.009859,0.014257
0.065879,0.089257,0.176652,0.101470,0.089323,0.115169,0.101790,0.081193,0.077898,0.101369
0.106642,0.095484,0.082193,0.120109,0.109968,0.113609,0.108753,0.084995,0.083698,0.094549
0.056227,0.074390,0.044937,0.067869,0.068819,0.391643,0.074289,0.083066,0.058539,0.080220
0.089193,0.099329,0.048498,0.114511,0.099435,0.176297,0.129809,0.041784,0.088828,0.112317
0.041194,0.055335,0.067682,0.107640,0.107216,0.132840,0.144619,0.142328,0.084265,0.116882
0.027613,0.036570,0.389031,0.043548,0.320787,0.044409,0.036125,0.034203,0.030291,0.037423
0.073197,0.063978,0.119753,0.107255,0.092967,0.096838,0.087574,0.084919,0.179082,0.094436
0.059268,0.076801,0.071487,0.083289,0.080583,0.243721,0.077551,0.075768,0.151778,0.079754
0.109198,0.036914,0.054507,0.126688,0.198867,0.121705,0.040237,0.123069,0.073472,0.115344
0.105869,0.097731,0.094459,0.122256,0.098227,0.105661,0.102559,0.119267,0.072999,0.080973
0.008690,0.009903,0.123089,0.009953,0.006942,0.733604,0.011220,0.075003,0.010124,0.011472
0.099972,0.089945,0.075792,0.098377,0.131699,0.109785,0.107489,0.116960,0.066746,0.103235
0.059593,0.090711,0.075832,0.088606,0.196341,0.096091,0.087886,0.151741,0.063121,0.090078
0.092900,0.099906,0.097744,0.113002,0.108070,0.090817,0.112560,0.081810,0.100157,0.103033
0.073778,0.092750,0.077751,0.086258,0.150251,0.099632,0.100344,0.120948,0.083764,0.114522
0.037564,0.061547,0.558683,0.044128,0.041286,0.063830,0.040082,0.050053,0.056775,0.046051
0.082508,0.089552,0.230002,0.082141,0.085335,0.084559,0.095945,0.068140,0.087205,0.094613
0.090031,0.115906,0.092968,0.099061,0.113531,0.129571,0.091460,0.064474,0.090698,0.112300
0.035447,0.169769,0.059532,0.166878,0.165355,0.094550,0.090974,0.041566,0.115799,0.060130
0.065894,0.081201,0.274558,0.084518,0.077537,0.079366,0.087107,0.080462,0.082478,0.086880
0.010006,0.004345,0.046205,0.018133,0.537987,0.184077,0.017465,0.023208,0.149977,0.008598
0.053939,0.039447,0.304620,0.111072,0.094257,0.087720,0.048447,0.097768,0.058249,0.104482
0.094460,0.079934,0.059304,0.076497,0.080690,0.252178,0.097996,0.099687,0.066880,0.092374
0.063102,0.048784,0.059295,0.082895,0.146302,0.301046,0.086558,0.069298,0.070240,0.072480
0.061421,0.046211,0.273702,0.081986,0.096798,0.111369,0.035841,0.103649,0.082716,0.106308
0.024455,0.028824,0.139243,0.030664,0.443828,0.024600,0.028721,0.026658,0.209909,0.043098
0.054137,0.117178,0.082054,0.104461,0.105616,0.133418,0.126234,0.092204,0.095094,0.089604
