0.068786,0.032470,0.070421,0.030798,0.295626,0.100379,0.279423,0.028754,0.032984,0.060357
0.090403,0.464491,0.064400,0.036064,0.073599,0.045015,0.040637,0.077073,0.068830,0.039489
0.127735,0.073885,0.092459,0.134646,0.101893,0.105537,0.116760,0.024344,0.083716,0.139024
0.081214,0.111936,0.044807,0.136653,0.137468,0.050835,0.158096,0.124107,0.118819,0.036064
0.081001,0.063031,0.082601,0.104403,0.114968,0.098100,0.112708,0.090005,0.126393,0.126790
0.074589,0.114592,0.041046,0.095398,0.074890,0.134328,0.272234,0.108821,0.055484,0.028619
0.029260,0.056809,0.130002,0.042639,0.452498,0.069055,0.062929,0.048437,0.056615,0.051756
0.089084,0.095465,0.100249,0.056457,0.055961,0.110853,0.276214,0.081676,0.081579,0.052461
0.061511,0.235648,0.053023,0.095717,0.068475,0.175306,0.103802,0.072777,0.046073,0.087668
0.036308,0.110413,0.030012,0.154132,0.032530,0.113146,0.229341,0.118322,0.059341,0.116455
0.109565,0.118602,0.128664,0.116216,0.086740,0.026882,0.129544,0.094037,0.077925,0.111825
0.058160,0.103105,0.182966,0.085064,0.065335,0.118842,0.102798,0.108150,0.084369,0.091210
0.018438,0.153867,0.080243,0.139574,0.074369,0.165973,0.159171,0.025163,0.087123,0.096080
0.042543,0.170690,0.203299,0.070302,0.109597,0.166436,0.061195,0.055723,0.073371,0.046845
0.052495,0.073088,0.124801,0.119838,0.135559,0.036906,0.118822,0.127185,0.104696,0.106609
0.083070,0.191239,0.032181,0.093908,0.105519,0.035556,0.099040,0.089503,0.098615,0.171368
0.037745,0.050027,0.296143,0.046127,0.269879,0.108834,0.033763,0.042693,0.077183,0.037606
0.108382,0.141357,0.051304,0.103149,0.058655,0.156052,0.149157,0.133221,0.068237,0.030485
0.073510,0.113361,0.110573,0.070119,0.103768,0.130875,0.112959,0.090596,0.094680,0.099558
0.104089,0.084603,0.113139,0.102218,0.092237,0.115962,0.096176,0.083898,0.092054,0.115626
0.070769,0.301264,0.059371,0.062495,0.032096,0.039340,0.270664,0.043869,0.068833,0.051297
0.073183,0.140759,0.032817,0.102791,0.103517,0.165606,0.112403,0.106008,0.065339,0.097576
0.046262,0.312407,0.141031,0.032051,0.250812,0.061504,0.035160,0.053340,0.024298,0.043133
0.073694,0.102079,0.158057,0.090790,0.071329,0.099619,0.104621,0.093858,0.113073,0.092878
0.016721,0.060207,0.162947,0.089823,0.384905,0.076100,0.064210,0.066974,0.036683,0.041430
0.087395,0.108422,0.195377,0.093484,0.091021,0.109222,0.096923,0.077342,0.056253,0.084561
0.051409,0.094951,0.098405,0.096181,0.085671,0.122647,0.109815,0.105890,0.127779,0.107251
0.047582,0.125448,0.122227,0.095167,0.073691,0.104738,0.112276,0.125109,0.087179,0.106584
0.048258,0.107439,0.219055,0.080200,0.073368,0.137501,0.109853,0.094713,0.048941,0.080673
0.063053,0.300184,0.086987,0.100963,0.055155,0.041663,0.087634,0.095238,0.064097,0.105026
0.079170,0.212539,0.093433,0.086064,0.070045,0.108730,0.097931,0.095900,0.078936,0.077253
0.046304,0.104520,0.173868,0.088060,0.091817,0.127883,0.094412,0.086223,0.077121,0.109792
0.060201,0.042723,0.082555,0.080316,0.025811,0.081467,0.373585,0.059235,0.163821,0.030286
0.112827,0.070121,0.032721,0.103781,0.093409,0.147886,0.142076,0.088106,0.109989,0.099083
0.073223,0.104450,0.129528,0.042697,0.078707,0.099260,0.192674,0.078537,0.097912,0.103013
0.031003,0.054697,0.286546,0.046900,0.311382,0.077499,0.047962,0.066545,0.038647,0.038819
0.057322,0.110502,0.176970,0.077467,0.074637,0.129203,0.113333,0.096120,0.088446,0.075999
0.065215,0.128376,0.177546,0.103925,0.082771,0.107101,0.116497,0.054854,0.085390,0.078324
0.083713,0.098618,0.130840,0.085232,0.046011,0.086544,0.207426,0.087854,0.074685,0.099078
0.052399,0.137241,0.333799,0.116104,0.030374,0.065624,0.072879,0.094815,0.044734,0.052031
0.064479,0.081334,0.098961,0.141576,0.073366,0.113950,0.124238,0.122000,0.077248,0.102848
0.076500,0.091251,0.101457,0.092606,0.069015,0.087700,0.226751,0.070434,0.085603,0.098683
0.061926,0.090305,0.236444,0.103469,0.070251,0.122483,0.073922,0.044550,0.106534,0.090116
0.068645,0.084009,0.107213,0.101422,0.042055,0.076485,0.305757,0.062433,0.053581,0.098400
0.060039,0.138127,0.030666,0.096717,0.053455,0.169704,0.144674,0.146059,0.052207,0.108352
0.080942,0.094899,0.123709,0.112599,0.044603,0.126363,0.099029,0.107137,0.100858,0.109860
0.067830,0.115438,0.102656,0.079155,0.053528,0.034983,0.246300,0.100397,0.070550,0.129163
0.096456,0.098855,0.099555,0.108306,0.098911,0.112427,0.111899,0.107859,0.068666,0.097067
0.042077,0.145959,0.287930,0.057337,0.093585,0.069146,0.090765,0.097872,0.055477,0.059853
0.049695,0.277909,0.070298,0.076948,0.032639,0.049321,0.309903,0.057064,0.059015,0.017210
0.068189,0.077047,0.041300,0.150578,0.130781,0.037378,0.151168,0.128470,0.061713,0.153377
0.046799,0.113240,0.149976,0.102954,0.105893,0.100846,0.101403,0.106915,0.100129,0.071843
0.036977,0.291471,0.068416,0.051756,0.019007,0.053043,0.345625,0.028595,0.045258,0.059852
0.061510,0.151154,0.255588,0.059946,0.047090,0.063415,0.080158,0.103038,0.072468,0.105631
0.083275,0.081299,0.059128,0.045388,0.063600,0.069580,0.299779,0.046622,0.143427,0.107903
0.010500,0.346396,0.140840,0.020639,0.307062,0.053195,0.023049,0.038170,0.022178,0.037972
0.064292,0.211650,0.125319,0.084316,0.069630,0.103939,0.075712,0.100865,0.082755,0.081524
0.031492,0.057800,0.401973,0.040230,0.159028,0.085367,0.056192,0.077875,0.046919,0.043123
0.079917,0.115379,0.094824,0.098601,0.113364,0.117325,0.100373,0.096873,0.077315,0.106029
0.077570,0.111742,0.141709,0.100514,0.113702,0.107502,0.100013,0.042559,0.090163,0.114527
0.067778,0.108048,0.119689,0.090710,0.050250,0.028052,0.279956,0.074637,0.088105,0.092777
0.052158,0.057354,0.293839,0.080309,0.194243,0.118201,0.053122,0.035389,0.048703,0.066683
0.047942,0.107226,0.206916,0.079971,0.114208,0.132189,0.115652,0.066557,0.053396,0.075943
0.068848,0.105499,0.045218,0.123339,0.114633,0.124219,0.116783,0.083699,0.095492,0.122269
0.034707,0.054004,0.229351,0.059753,0.181415,0.085872,0.227697,0.041226,0.042733,0.043241
0.066480,0.267013,0.126353,0.058728,0.066650,0.096706,0.087823,0.104295,0.071186,0.054765
0.063188,0.157040,0.040306,0.107858,0.100089,0.122059,0.100624,0.124725,0.066634,0.117478
0.045158,0.289385,0.024093,0.055489,0.029356,0.134449,0.258286,0.052667,0.075077,0.036038
0.019957,0.167969,0.212014,0.050458,0.112913,0.180021,0.067327,0.061071,0.054045,0.074224
0.049218,0.118722,0.041447,0.058187,0.084503,0.147980,0.193927,0.129344,0.089581,0.087090
0.040246,0.340429,0.042697,0.015025,0.385298,0.046541,0.023049,0.039370,0.023320,0.044026
0.075521,0.063778,0.106258,0.108962,0.259956,0.099911,0.067082,0.045417,0.108170,0.064945
0.041761,0.124780,0.036586,0.137060,0.129256,0.159596,0.135226,0.117362,0.087474,0.030899
0.016742,0.138651,0.024558,0.153051,0.146483,0.028255,0.190254,0.129479,0.090646,0.081882
0.067341,0.111971,0.028021,0.105317,0.132268,0.183874,0.110303,0.120640,0.067631,0.072633
0.057907,0.110395,0.107744,0.122330,0.064013,0.113849,0.110010,0.101646,0.104423,0.107683
0.092951,0.307905,0.070175,0.057437,0.091495,0.076165,0.064240,0.083709,0.070691,0.085232
0.060827,0.106561,0.145586,0.111756,0.069522,0.110680,0.110519,0.082192,0.091496,0.110862
0.085549,0.321331,0.059656,0.032233,0.019771,0.052231,0.301170,0.045053,0.027215,0.055792
0.059098,0.057215,0.135617,0.076070,0.225606,0.124548,0.083077,0.055360,0.106496,0.076912
0.125221,0.091816,0.130578,0.119845,0.075397,0.121283,0.142868,0.030546,0.117160,0.045287
0.087263,0.116208,0.150605,0.063168,0.084808,0.102554,0.122943,0.041069,0.106200,0.125181
0.098428,0.110930,0.104708,0.105311,0.076896,0.117612,0.089701,0.109242,0.086918,0.100252
0.030188,0.366576,0.107550,0.099529,0.067559,0.078759,0.070791,0.025531,0.079557,0.073960
0.022938,0.076509,0.065107,0.143837,0.071033,0.113979,0.244675,0.075476,0.095847,0.090598
0.051720,0.290627,0.060199,0.061497,0.028189,0.018683,0.360301,0.055820,0.036146,0.036818
0.069092,0.104919,0.111363,0.108469,0.100139,0.114233,0.102021,0.094719,0.091206,0.103839
0.044720,0.073101,0.060295,0.088729,0.063912,0.106743,0.289729,0.097223,0.072578,0.102971
0.054965,0.151238,0.025742,0.123374,0.049154,0.143725,0.135815,0.090162,0.101905,0.123920
0.045640,0.048678,0.152583,0.081676,0.265193,0.129473,0.067259,0.057756,0.113008,0.038733
0.070205,0.214697,0.105885,0.077307,0.070584,0.100826,0.083514,0.076219,0.090888,0.109875
0.058841,0.151814,0.160240,0.112174,0.079051,0.137480,0.075907,0.103325,0.062808,0.058362
0.078493,0.045437,0.121632,0.030118,0.355296,0.118041,0.063566,0.061122,0.045937,0.080358
0.043170,0.336527,0.043583,0.057831,0.028110,0.036415,0.316974,0.026241,0.070920,0.040230
0.064770,0.212814,0.129497,0.117906,0.070392,0.112811,0.086033,0.094818,0.084226,0.026734
0.093789,0.106134,0.126714,0.125830,0.087494,0.129697,0.121016,0.021697,0.085537,0.102091
0.081572,0.098708,0.171058,0.120984,0.093077,0.110795,0.118662,0.045576,0.119295,0.040272
0.071895,0.179332,0.102159,0.094499,0.104425,0.084334,0.083930,0.084940,0.089133,0.105354
0.068925,0.224016,0.089607,0.090228,0.078582,0.079283,0.099283,0.096569,0.067772,0.105735
0.053823,0.119860,0.105334,0.121775,0.077566,0.107001,0.108791,0.091058,0.096730,0.118061
0.037689,0.356687,0.046468,0.031457,0.019986,0.037479,0.370797,0.023606,0.023824,0.052007
0.072871,0.284700,0.101637,0.107467,0.036101,0.102752,0.066006,0.057611,0.073043,0.097811
0.066556,0.118443,0.153055,0.129426,0.081985,0.103136,0.103157,0.076771,0.068256,0.099217
0.114654,0.223365,0.116392,0.101650,0.037668,0.074692,0.081797,0.062666,0.116863,0.070255
0.067851,0.162685,0.186418,0.039683,0.085462,0.179670,0.065816,0.100280,0.071075,0.041059
0.089146,0.118093,0.092597,0.092296,0.074226,0.125000,0.107178,0.086521,0.093378,0.121565
0.012349,0.246486,0.114502,0.023127,0.379652,0.050993,0.030784,0.061953,0.048725,0.031430
0.100641,0.254941,0.093004,0.041453,0.037855,0.046281,0.312171,0.029292,0.029123,0.055240
0.047947,0.143634,0.057604,0.137684,0.106792,0.183167,0.126307,0.100340,0.062118,0.034407
0.053123,0.292907,0.197455,0.042580,0.163567,0.062598,0.049066,0.061728,0.044829,0.032147
0.045531,0.064973,0.238094,0.099704,0.140392,0.155531,0.068991,0.058677,0.059833,0.068274
0.101035,0.197888,0.122854,0.055482,0.071358,0.097236,0.105776,0.072870,0.073010,0.102491
0.060199,0.116314,0.044162,0.106222,0.047992,0.192034,0.126807,0.102823,0.103598,0.099850
0.027027,0.041498,0.174027,0.081482,0.231267,0.062604,0.222059,0.086947,0.032623,0.040466
0.023724,0.044845,0.313175,0.104661,0.091877,0.079844,0.092686,0.115590,0.041307,0.092291
0.081295,0.065969,0.134270,0.116914,0.094272,0.101047,0.097068,0.081436,0.108698,0.119030
0.102982,0.101562,0.142128,0.124078,0.080155,0.041707,0.141874,0.094666,0.035582,0.135268
0.086417,0.127917,0.129792,0.062741,0.096431,0.048052,0.133069,0.097406,0.077178,0.140997
0.065349,0.134152,0.116207,0.129474,0.100288,0.034230,0.131150,0.021596,0.133674,0.133879
0.085544,0.343341,0.072249,0.092530,0.084696,0.032618,0.095164,0.028542,0.059826,0.105490
0.083497,0.113462,0.114489,0.110675,0.079395,0.088690,0.098233,0.099794,0.119703,0.092062
0.091382,0.111203,0.079683,0.109889,0.054421,0.120323,0.101700,0.092849,0.121217,0.117333
0.064499,0.118203,0.136709,0.059350,0.103687,0.105065,0.116644,0.106593,0.086464,0.102787
0.084237,0.070026,0.082712,0.108566,0.103029,0.096392,0.102215,0.105294,0.108786,0.138743
0.074236,0.086763,0.074120,0.076741,0.095327,0.085409,0.339218,0.022297,0.085987,0.059902
0.035056,0.108200,0.086122,0.104818,0.095856,0.038579,0.229606,0.093420,0.097337,0.111006
0.009881,0.379891,0.141234,0.016755,0.285687,0.060214,0.022057,0.036915,0.019672,0.027694
0.018520,0.046029,0.085852,0.080693,0.486428,0.098477,0.055153,0.054585,0.034844,0.039418
0.074389,0.088716,0.082966,0.070245,0.071025,0.077734,0.275039,0.078926,0.075792,0.105167
0.037959,0.089757,0.336172,0.074424,0.059806,0.074610,0.101572,0.068034,0.051221,0.106445
0.018153,0.065159,0.055356,0.067145,0.255399,0.094469,0.335833,0.045960,0.044610,0.017917
0.030727,0.297851,0.160850,0.086960,0.161704,0.072554,0.041147,0.057866,0.054836,0.035506
0.078057,0.079118,0.117399,0.065460,0.062135,0.112581,0.246525,0.064447,0.063203,0.111076
0.095994,0.097299,0.240905,0.093336,0.078947,0.092793,0.148457,0.057074,0.065185,0.030009
0.070009,0.254708,0.091246,0.110576,0.074224,0.030508,0.088765,0.102663,0.091096,0.086205
0.020017,0.055303,0.267367,0.128574,0.093312,0.084316,0.121395,0.035256,0.102671,0.091789
0.040181,0.078820,0.093205,0.055368,0.298483,0.090079,0.074385,0.099426,0.071386,0.098668
0.058980,0.312068,0.021203,0.063376,0.023845,0.078535,0.299863,0.035345,0.023426,0.083359
0.056452,0.406658,0.035462,0.019840,0.030124,0.047084,0.326531,0.029692,0.030012,0.018145
0.068773,0.122188,0.115654,0.099854,0.056925,0.136707,0.105671,0.106125,0.096339,0.091765
0.064660,0.093524,0.287783,0.074670,0.086936,0.086841,0.093447,0.074715,0.106602,0.030823
0.042754,0.296566,0.016547,0.050580,0.066705,0.059279,0.316501,0.046906,0.049358,0.054803
0.063157,0.141309,0.118209,0.157579,0.077004,0.051717,0.113922,0.114037,0.058341,0.104725
0.079985,0.051852,0.135225,0.051565,0.073042,0.112480,0.195320,0.092991,0.114955,0.092584
0.069768,0.061348,0.153715,0.079697,0.040766,0.125869,0.251391,0.035964,0.090276,0.091206
0.055810,0.065849,0.158996,0.103315,0.096472,0.111748,0.115490,0.122738,0.097362,0.072219
0.072637,0.134571,0.035118,0.112298,0.125261,0.158970,0.135863,0.119132,0.030929,0.075222
0.111793,0.070943,0.182757,0.070970,0.056005,0.145068,0.162532,0.056673,0.101185,0.042074
0.044762,0.064140,0.056037,0.155801,0.108890,0.038662,0.201755,0.130742,0.046175,0.153035
0.058823,0.129816,0.110792,0.141666,0.063867,0.044336,0.129091,0.132291,0.079176,0.110141
0.059083,0.131818,0.113365,0.078451,0.065562,0.126374,0.121309,0.133704,0.092425,0.077910
0.106088,0.113778,0.122810,0.097652,0.064190,0.118977,0.124752,0.028175,0.099677,0.123901
0.036140,0.113597,0.048124,0.122313,0.103927,0.144052,0.134478,0.117268,0.098217,0.081883
0.076066,0.040705,0.113156,0.058510,0.056589,0.108062,0.342895,0.028978,0.085141,0.089899
0.065889,0.257206,0.049147,0.065196,0.027654,0.058276,0.305410,0.048393,0.056970,0.065859
0.051436,0.240301,0.160150,0.075941,0.254056,0.083489,0.035722,0.025582,0.036406,0.036917
0.068965,0.067677,0.232259,0.086017,0.056081,0.142454,0.108041,0.100449,0.036147,0.101909
0.023720,0.072804,0.270566,0.091283,0.120257,0.163846,0.063320,0.092491,0.046027,0.055684
0.069009,0.116538,0.110995,0.122699,0.097995,0.121523,0.101355,0.077182,0.094765,0.087940
0.062395,0.084099,0.212139,0.103841,0.076102,0.099669,0.159771,0.047432,0.056604,0.097947
0.095147,0.102780,0.090244,0.119534,0.084969,0.098104,0.103201,0.107452,0.090764,0.107805
0.035898,0.069297,0.114759,0.063966,0.041643,0.107313,0.371915,0.031513,0.088329,0.075368
0.059942,0.131506,0.141926,0.147377,0.097252,0.029030,0.113268,0.103672,0.070169,0.105859
0.079118,0.072790,0.118744,0.134512,0.128086,0.121194,0.113245,0.022513,0.107701,0.102096
0.072427,0.095840,0.119721,0.070038,0.041042,0.091965,0.259347,0.071525,0.087539,0.090557
0.044240,0.062854,0.215869,0.055520,0.182134,0.081474,0.183659,0.075777,0.051037,0.047434
0.024950,0.337496,0.074623,0.044903,0.023276,0.043043,0.252544,0.039716,0.093263,0.066186
0.043197,0.312873,0.064832,0.031484,0.021295,0.066112,0.273550,0.054847,0.080662,0.051147
0.070339,0.109756,0.107245,0.129571,0.059039,0.123925,0.103941,0.124458,0.065372,0.106354
0.079675,0.132916,0.130833,0.108150,0.060626,0.032280,0.124691,0.121905,0.076737,0.132186
0.019793,0.084499,0.073969,0.125290,0.080892,0.104261,0.269680,0.094767,0.060329,0.086521
0.016316,0.068318,0.036738,0.110441,0.145733,0.027295,0.251134,0.141368,0.079921,0.122737
0.029889,0.065732,0.155527,0.052500,0.328976,0.101814,0.068314,0.105960,0.071450,0.019837
0.038531,0.077600,0.031443,0.133803,0.126856,0.158873,0.159734,0.092919,0.056674,0.123567
0.064626,0.050501,0.147845,0.115367,0.173517,0.121674,0.072306,0.066210,0.086308,0.101647
0.063136,0.286968,0.144876,0.045868,0.069253,0.081643,0.100067,0.065716,0.049205,0.093268
0.058182,0.310335,0.029896,0.052607,0.029046,0.056395,0.346573,0.025637,0.047482,0.043846
0.051726,0.106774,0.035345,0.125642,0.072289,0.118094,0.211993,0.097359,0.052342,0.128436
0.023270,0.148656,0.051904,0.116215,0.103110,0.141023,0.159472,0.112456,0.044329,0.099563
0.029100,0.368275,0.031013,0.015179,0.226536,0.053317,0.205360,0.029056,0.025824,0.016339
0.105416,0.135060,0.095926,0.122775,0.066436,0.115530,0.116132,0.021462,0.086167,0.135095
0.060396,0.199753,0.116895,0.059211,0.037766,0.083093,0.226941,0.053472,0.089748,0.072725
0.084225,0.080103,0.114871,0.112731,0.064380,0.078591,0.241550,0.063279,0.087178,0.073092
0.045048,0.121126,0.247769,0.098565,0.093074,0.137716,0.120208,0.032801,0.073423,0.030270
0.071708,0.110667,0.122573,0.118106,0.072264,0.101130,0.118592,0.087450,0.087002,0.110507
0.020575,0.096468,0.044479,0.127122,0.137959,0.038656,0.148560,0.103714,0.129745,0.152723
0.079055,0.072998,0.102168,0.069137,0.245424,0.072970,0.105543,0.102930,0.049863,0.099913
0.029252,0.106409,0.133563,0.089234,0.087607,0.034630,0.283044,0.115095,0.092669,0.028498
0.114660,0.113308,0.098833,0.122400,0.081486,0.110628,0.108303,0.021218,0.104543,0.124621
0.066563,0.096127,0.105263,0.063332,0.041498,0.065005,0.301575,0.079492,0.082493,0.098651
0.073229,0.072353,0.098868,0.079400,0.023505,0.081488,0.401606,0.042581,0.059387,0.067585
0.087738,0.086238,0.022858,0.095813,0.125780,0.114395,0.245579,0.075510,0.060691,0.085398
0.082098,0.258583,0.062774,0.058555,0.021273,0.052540,0.309823,0.035456,0.058634,0.060263
0.021003,0.088817,0.028766,0.117694,0.056805,0.184614,0.155233,0.105477,0.135769,0.105823
0.037879,0.030607,0.089217,0.043359,0.391041,0.079313,0.068180,0.119817,0.044141,0.096447
0.076443,0.126567,0.031534,0.100508,0.144574,0.136273,0.144271,0.108196,0.032778,0.098857
0.054516,0.082987,0.125320,0.098581,0.075161,0.036916,0.275452,0.093566,0.127914,0.029587
0.109590,0.104111,0.116680,0.107968,0.086387,0.061982,0.133196,0.030385,0.120205,0.129497
0.024398,0.035270,0.297363,0.040069,0.300959,0.070327,0.056491,0.061233,0.063519,0.050371
0.081847,0.049646,0.092751,0.069077,0.025319,0.063965,0.316616,0.067166,0.132975,0.100636
0.052436,0.057519,0.333035,0.112876,0.091279,0.080286,0.096120,0.064349,0.084618,0.027481
0.060290,0.108441,0.112617,0.101181,0.096257,0.124131,0.110882,0.099319,0.089033,0.097848
0.087147,0.117277,0.114356,0.079003,0.080371,0.105027,0.112262,0.099563,0.101438,0.103556
0.129856,0.073781,0.100938,0.121083,0.099098,0.105138,0.104409,0.022808,0.104486,0.138402
0.027841,0.286620,0.073017,0.022855,0.363436,0.088183,0.037133,0.037123,0.037774,0.026017
0.046153,0.060905,0.279051,0.084498,0.250196,0.084164,0.067208,0.034069,0.041908,0.051849
0.071460,0.079640,0.034918,0.069111,0.115452,0.176552,0.151070,0.144718,0.039933,0.117146
0.056734,0.267180,0.126420,0.052239,0.051796,0.068191,0.222543,0.060184,0.038022,0.056691
0.045354,0.036928,0.290474,0.052389,0.264247,0.077379,0.055872,0.064188,0.061722,0.051449
0.051795,0.284995,0.120538,0.095030,0.070630,0.034926,0.102772,0.108227,0.049172,0.081914
0.081787,0.299636,0.165262,0.077560,0.032939,0.117163,0.080289,0.030815,0.038356,0.076194
0.042183,0.140947,0.168535,0.084038,0.046446,0.112525,0.101763,0.100600,0.072853,0.130109
0.056053,0.293743,0.106531,0.089282,0.047321,0.091335,0.077812,0.093007,0.051083,0.093834
0.121202,0.134563,0.058385,0.145259,0.128508,0.036807,0.131975,0.087076,0.045642,0.110581
0.071680,0.157991,0.058012,0.121485,0.109168,0.051104,0.190677,0.094437,0.053979,0.091466
0.040124,0.134805,0.060877,0.074427,0.155336,0.155485,0.106933,0.142606,0.048301,0.081105
0.074392,0.070066,0.108128,0.089890,0.123909,0.125729,0.106741,0.107821,0.086733,0.106591
0.064801,0.364260,0.083092,0.027075,0.027342,0.073820,0.065161,0.086176,0.187272,0.021001
0.087981,0.026427,0.095344,0.081984,0.043426,0.082928,0.351175,0.033062,0.099673,0.097999
0.073115,0.154164,0.046398,0.119574,0.110822,0.140835,0.120508,0.139036,0.065618,0.029931
0.065911,0.114056,0.147609,0.052783,0.097184,0.117490,0.102100,0.080423,0.092704,0.129740
0.106151,0.170432,0.115614,0.095221,0.062666,0.102244,0.082777,0.076825,0.087193,0.100878
0.017940,0.047405,0.058022,0.037933,0.310889,0.068855,0.370288,0.030397,0.041903,0.016369
0.033267,0.288912,0.047117,0.063634,0.058073,0.045452,0.338334,0.030421,0.043817,0.050973
0.094835,0.149701,0.039045,0.122225,0.151799,0.040912,0.147199,0.029701,0.130143,0.094441
0.066472,0.107173,0.111147,0.134682,0.059680,0.137284,0.112403,0.104656,0.063597,0.102906
0.076571,0.077880,0.268384,0.060647,0.141767,0.104307,0.074810,0.049131,0.072119,0.074384
0.053777,0.128730,0.032031,0.093144,0.137454,0.030790,0.135411,0.132479,0.097807,0.158378
0.091305,0.098337,0.033209,0.176412,0.125002,0.034740,0.138514,0.141620,0.066305,0.094555
0.066162,0.283434,0.091789,0.096065,0.042839,0.086025,0.081925,0.063176,0.108361,0.080225
0.071580,0.094426,0.090204,0.078047,0.034767,0.109688,0.244743,0.099590,0.085081,0.091873
0.112500,0.074179,0.126976,0.134523,0.056961,0.110196,0.175835,0.073852,0.074635,0.060343
0.071014,0.035426,0.242550,0.053292,0.189927,0.072566,0.184421,0.060095,0.049427,0.041282
0.047418,0.076615,0.046578,0.155677,0.059342,0.166842,0.145187,0.119249,0.096565,0.086527
0.045792,0.119323,0.051745,0.109163,0.092825,0.128587,0.134866,0.117336,0.113253,0.087110
0.096685,0.083696,0.176205,0.093750,0.091305,0.121895,0.109354,0.086669,0.104647,0.035792
0.075253,0.080583,0.117361,0.106725,0.062485,0.097116,0.258160,0.089763,0.063839,0.048715
0.127573,0.081998,0.096929,0.037270,0.031556,0.079018,0.328285,0.057860,0.093871,0.065641
0.050880,0.067468,0.235603,0.044068,0.094003,0.173313,0.134187,0.070742,0.063810,0.065925
0.056373,0.119875,0.101683,0.092617,0.129136,0.098217,0.105138,0.116183,0.076164,0.104614
0.039200,0.126723,0.061148,0.103945,0.044252,0.124685,0.249093,0.100389,0.040643,0.109923
0.062436,0.118836,0.100154,0.086412,0.099953,0.121511,0.102562,0.081617,0.124569,0.101949
0.074678,0.091277,0.120531,0.109483,0.078428,0.148665,0.137275,0.029130,0.119251,0.091284
0.046703,0.184188,0.066634,0.091211,0.067029,0.118921,0.092121,0.117211,0.080868,0.135115
0.020704,0.032716,0.067271,0.037904,0.482866,0.116290,0.066497,0.065644,0.058694,0.051413
0.108643,0.264373,0.130021,0.100568,0.038417,0.082856,0.086479,0.050774,0.064880,0.072989
0.094182,0.113359,0.117929,0.108425,0.049104,0.113721,0.104969,0.110765,0.079892,0.107655
0.089148,0.103878,0.076634,0.117821,0.056752,0.098636,0.287340,0.022652,0.061822,0.085317
0.024237,0.256523,0.072253,0.037350,0.050882,0.059691,0.293742,0.079142,0.072504,0.053676
0.071764,0.112912,0.101910,0.115282,0.071347,0.126956,0.120636,0.129305,0.067425,0.082463
0.036095,0.102937,0.119295,0.090399,0.041444,0.078922,0.265781,0.077199,0.089730,0.098198
0.029762,0.147005,0.060825,0.104215,0.116780,0.038617,0.170274,0.026159,0.139315,0.167048
0.031576,0.042882,0.091069,0.075698,0.367980,0.137669,0.049257,0.056801,0.060649,0.086419
0.110835,0.112053,0.156834,0.107857,0.058804,0.097436,0.118523,0.087349,0.042375,0.107933
0.069096,0.104800,0.122808,0.093393,0.063415,0.025603,0.252842,0.105500,0.063093,0.099451
0.048839,0.111611,0.076528,0.098613,0.063840,0.114207,0.308894,0.024432,0.066873,0.086164
0.067395,0.238485,0.086222,0.105683,0.044298,0.113445,0.086827,0.095314,0.058292,0.104040
0.094387,0.335317,0.099569,0.084301,0.038580,0.073545,0.081206,0.102997,0.047372,0.042725
0.081736,0.154961,0.191868,0.046833,0.084669,0.108750,0.078261,0.072546,0.097047,0.083330
0.082975,0.224904,0.127459,0.088425,0.057957,0.108729,0.091380,0.055102,0.061181,0.101889
0.079519,0.087944,0.031714,0.114252,0.112331,0.189046,0.138617,0.102324,0.076533,0.067721
0.037818,0.386789,0.089657,0.041149,0.148007,0.078862,0.055507,0.040101,0.069874,0.052236
0.038076,0.292979,0.095364,0.107255,0.117350,0.079772,0.070615,0.055308,0.080994,0.062286
0.054841,0.108199,0.125861,0.109264,0.100421,0.033406,0.115613,0.122710,0.097661,0.132024
0.045427,0.325212,0.067285,0.053852,0.024453,0.043933,0.276714,0.036738,0.070190,0.056197
0.020012,0.367037,0.055510,0.026348,0.017795,0.028719,0.324275,0.037845,0.077190,0.045269
0.048887,0.415462,0.070172,0.033472,0.195682,0.047037,0.029194,0.066086,0.043504,0.050503
0.130831,0.366951,0.096074,0.053185,0.024803,0.081675,0.059782,0.043980,0.050453,0.092265
0.064522,0.133154,0.181163,0.128814,0.045755,0.120284,0.102095,0.091525,0.055431,0.077256
0.042996,0.379991,0.064885,0.034099,0.031030,0.023020,0.273178,0.034824,0.051032,0.064946
0.074627,0.208991,0.092267,0.076481,0.120422,0.085412,0.096488,0.074398,0.090412,0.080501
0.028304,0.038670,0.087712,0.037666,0.462913,0.073349,0.056241,0.095946,0.055639,0.063559
0.055819,0.082775,0.277411,0.065293,0.144247,0.152719,0.072834,0.072140,0.049970,0.026792
0.098435,0.119722,0.102332,0.106293,0.053378,0.101682,0.107924,0.115463,0.068893,0.125878
0.026862,0.238124,0.173330,0.086669,0.179488,0.070374,0.057253,0.056364,0.050759,0.060776
0.061898,0.146471,0.135229,0.091631,0.112969,0.094547,0.135341,0.030338,0.092149,0.099427
0.030573,0.081074,0.306534,0.108750,0.061358,0.064414,0.093288,0.106068,0.053334,0.094607
0.043332,0.269883,0.062434,0.052705,0.063703,0.039241,0.321802,0.052230,0.055258,0.039411
0.059109,0.103482,0.177993,0.100386,0.071664,0.124003,0.113004,0.087666,0.052709,0.109984
0.077469,0.086594,0.108971,0.077344,0.050991,0.066021,0.342848,0.028748,0.076137,0.084877
0.024049,0.042259,0.334180,0.023332,0.283329,0.071334,0.054779,0.066461,0.041729,0.058549
0.046604,0.109390,0.056988,0.158211,0.117338,0.037965,0.159015,0.154571,0.068419,0.091500
0.075628,0.121599,0.118201,0.081821,0.070511,0.114519,0.127068,0.103336,0.088763,0.098553
0.072610,0.230541,0.116286,0.086723,0.051774,0.078286,0.084675,0.096894,0.078111,0.104100
0.082483,0.111500,0.090494,0.122295,0.103217,0.028935,0.209556,0.070689,0.081560,0.099271
0.075301,0.075834,0.200822,0.093653,0.082483,0.124068,0.111024,0.052802,0.091110,0.092904
0.070320,0.145336,0.040421,0.104702,0.049292,0.137944,0.119940,0.094325,0.088433,0.149287
0.070337,0.106468,0.098503,0.067614,0.075050,0.126890,0.114071,0.124054,0.102460,0.114552
0.037342,0.106722,0.121917,0.102332,0.047128,0.116420,0.288887,0.053537,0.096777,0.028937
0.078780,0.103308,0.175736,0.103995,0.073795,0.117370,0.119517,0.043822,0.084351,0.099326
0.082005,0.127061,0.116794,0.119823,0.052727,0.106636,0.122699,0.098602,0.073276,0.100377
0.042659,0.051974,0.284262,0.053837,0.250498,0.094444,0.062422,0.054552,0.035600,0.069752
0.077336,0.225074,0.148920,0.034962,0.032657,0.086686,0.200099,0.054476,0.069601,0.070190
0.070808,0.107269,0.100956,0.080654,0.082597,0.127358,0.123742,0.114005,0.089351,0.103260
0.050915,0.073805,0.165900,0.096400,0.070604,0.104223,0.108821,0.129727,0.085640,0.113965
0.063916,0.133253,0.046741,0.103925,0.143973,0.192336,0.118997,0.085038,0.083656,0.028165
0.073708,0.104683,0.178028,0.052915,0.080051,0.106792,0.110296,0.121252,0.078290,0.093985
0.056641,0.103739,0.122718,0.114074,0.111200,0.036456,0.124649,0.121459,0.105187,0.103875
0.112119,0.079228,0.071932,0.095201,0.066454,0.073143,0.280293,0.060706,0.065782,0.095143
0.102757,0.086678,0.136954,0.101202,0.080010,0.118142,0.105827,0.071848,0.099641,0.096940
0.058720,0.049815,0.229054,0.075166,0.070476,0.181643,0.076207,0.103575,0.050522,0.104823
0.094517,0.118245,0.091796,0.113053,0.101592,0.124893,0.108475,0.077872,0.073187,0.096369
0.063300,0.128432,0.092137,0.110516,0.063120,0.045203,0.282641,0.127175,0.058284,0.029191
0.070585,0.108064,0.116823,0.118698,0.084156,0.121810,0.096933,0.080378,0.097336,0.105217
0.072840,0.122694,0.109741,0.093740,0.127791,0.099840,0.108806,0.088809,0.067753,0.107986
0.040806,0.032585,0.293371,0.042471,0.249511,0.105195,0.055072,0.064336,0.062802,0.053851
0.079674,0.226991,0.025381,0.146751,0.132614,0.027829,0.112795,0.080508,0.087013,0.080444
0.066123,0.132237,0.124966,0.099059,0.133511,0.028001,0.115519,0.102954,0.098781,0.098849
0.043061,0.119377,0.174169,0.080602,0.077445,0.128243,0.118461,0.132154,0.039187,0.087301
0.102057,0.223477,0.120183,0.079210,0.039893,0.087077,0.087261,0.076825,0.071385,0.112633
0.018109,0.131884,0.063860,0.078132,0.056424,0.141248,0.165395,0.132556,0.095838,0.116554
0.073063,0.113452,0.138831,0.093650,0.105625,0.100393,0.095640,0.078592,0.076557,0.124198
0.045502,0.050909,0.070794,0.066644,0.456912,0.098687,0.060127,0.063613,0.065584,0.021230
0.088304,0.283267,0.031080,0.034625,0.022225,0.030796,0.360666,0.030316,0.035333,0.083387
0.076399,0.059823,0.076273,0.101895,0.279594,0.120375,0.059552,0.060350,0.053971,0.111768
0.074934,0.103037,0.116535,0.125055,0.057208,0.121892,0.106173,0.099549,0.083398,0.112219
0.091813,0.096398,0.116609,0.073348,0.065217,0.081923,0.204053,0.105540,0.079675,0.085425
0.034225,0.031477,0.302184,0.040652,0.308296,0.069328,0.055323,0.033304,0.041886,0.083325
0.062276,0.121279,0.161694,0.089345,0.085244,0.107396,0.109891,0.093638,0.069369,0.099868
0.065722,0.109339,0.122382,0.105795,0.063005,0.107489,0.114221,0.103568,0.090920,0.117559
0.074328,0.131452,0.134054,0.133549,0.094067,0.040564,0.113808,0.112391,0.096254,0.069533
0.087376,0.084670,0.127487,0.115803,0.094852,0.105552,0.110603,0.096314,0.059359,0.117984
0.101367,0.116704,0.129384,0.062891,0.072224,0.122076,0.104845,0.022896,0.140987,0.126625
0.072898,0.079961,0.201090,0.073913,0.044139,0.127005,0.176774,0.055277,0.081781,0.087161
0.095194,0.208289,0.133736,0.107245,0.051164,0.030924,0.107679,0.082660,0.077135,0.105975
0.032272,0.076027,0.050681,0.101834,0.076574,0.171272,0.152739,0.121469,0.107800,0.109331
0.075866,0.359041,0.109067,0.053112,0.071073,0.075488,0.079478,0.027520,0.071894,0.077460
0.033014,0.254324,0.114853,0.022396,0.141944,0.049030,0.257836,0.037484,0.047983,0.041136
0.076010,0.104470,0.123396,0.094820,0.053325,0.086519,0.186954,0.092515,0.089981,0.092011
0.069419,0.123383,0.062785,0.117654,0.095705,0.138712,0.121663,0.088515,0.047249,0.134915
0.104284,0.097058,0.099147,0.130679,0.099368,0.129909,0.115341,0.099134,0.067134,0.057945
0.062009,0.118867,0.042030,0.091705,0.043149,0.197266,0.126099,0.097817,0.091419,0.129637
0.051194,0.046044,0.284588,0.045319,0.188850,0.187437,0.051424,0.070542,0.053580,0.021022
0.089573,0.066021,0.115648,0.091044,0.057206,0.100757,0.155325,0.116230,0.116962,0.091234
0.030893,0.059171,0.108943,0.112689,0.328728,0.127434,0.079494,0.067049,0.038080,0.047519
0.061206,0.027687,0.054135,0.091806,0.436786,0.081943,0.046617,0.077341,0.040290,0.082188
0.064309,0.075158,0.043389,0.160543,0.054532,0.169460,0.151696,0.106120,0.065578,0.109216
0.102707,0.097599,0.111871,0.091625,0.078521,0.121878,0.105619,0.024811,0.133584,0.131785
0.058004,0.152795,0.225340,0.066135,0.047324,0.168108,0.084405,0.046591,0.065393,0.085905
0.073683,0.043839,0.090559,0.097402,0.077385,0.102447,0.244546,0.080702,0.084276,0.105161
0.043159,0.138803,0.046086,0.182323,0.039395,0.038503,0.173663,0.143650,0.113361,0.081057
0.051185,0.311625,0.055124,0.051535,0.020294,0.054054,0.280118,0.036298,0.123405,0.016362
0.041172,0.109501,0.054776,0.142444,0.116910,0.139347,0.102142,0.095541,0.095405,0.102762
0.065688,0.093000,0.111791,0.066096,0.073896,0.081270,0.283811,0.084364,0.069867,0.070218
0.025520,0.233642,0.167906,0.054678,0.232082,0.065834,0.061905,0.065583,0.056226,0.036623
0.069741,0.225991,0.048509,0.084749,0.096976,0.124572,0.096661,0.060279,0.050111,0.142412
0.124084,0.125656,0.072975,0.076051,0.170839,0.048972,0.129962,0.028401,0.132253,0.090807
0.085685,0.035978,0.072512,0.103971,0.069508,0.084397,0.334569,0.033471,0.100864,0.079045
0.068317,0.303715,0.094323,0.071714,0.038448,0.092450,0.094687,0.062432,0.083052,0.090861
0.059489,0.077578,0.032798,0.125703,0.111655,0.155012,0.142740,0.110959,0.104606,0.079461
0.070220,0.124619,0.104030,0.127603,0.059021,0.120482,0.119759,0.103785,0.082439,0.088043
0.116377,0.046545,0.053514,0.107661,0.069579,0.142136,0.223525,0.028393,0.098435,0.113835
0.053021,0.323240,0.074390,0.055632,0.050709,0.059829,0.283288,0.042124,0.037102,0.020667
0.065526,0.112843,0.148658,0.107354,0.052802,0.121623,0.112737,0.086181,0.091442,0.100833
0.050495,0.127349,0.057986,0.102407,0.080679,0.041519,0.288019,0.098160,0.055611,0.097776
0.066235,0.275438,0.085996,0.084706,0.045081,0.100495,0.085657,0.082050,0.107904,0.066438
0.053190,0.050219,0.246861,0.064947,0.047987,0.143587,0.095460,0.051524,0.132515,0.113711
0.076389,0.252749,0.108594,0.094052,0.052466,0.102308,0.083695,0.024132,0.093285,0.112331
0.064227,0.077839,0.166614,0.093851,0.094839,0.100708,0.093852,0.093519,0.101277,0.113274
0.060322,0.075544,0.174823,0.099696,0.070360,0.110182,0.097740,0.114988,0.087067,0.109278
0.078658,0.106118,0.121530,0.094960,0.051681,0.122640,0.116196,0.090320,0.091790,0.126106
0.046902,0.047428,0.273498,0.037237,0.273890,0.081955,0.057115,0.056487,0.062330,0.063159
0.043483,0.096017,0.142315,0.040774,0.043662,0.092877,0.223681,0.077019,0.152518,0.087654
0.078447,0.173495,0.255693,0.036012,0.091244,0.107990,0.096191,0.062898,0.055753,0.042277
0.085886,0.125605,0.095668,0.123165,0.130036,0.039539,0.126411,0.092323,0.071074,0.110294
0.068406,0.155917,0.061229,0.100237,0.153189,0.040201,0.148947,0.082815,0.087144,0.101917
0.047102,0.056529,0.155249,0.053608,0.123790,0.104085,0.192116,0.119620,0.075981,0.071922
0.017936,0.293234,0.113688,0.019203,0.255879,0.051838,0.168956,0.019519,0.052848,0.006899
0.106567,0.147336,0.113842,0.145864,0.111548,0.040401,0.145598,0.024300,0.124483,0.040060
0.081873,0.263744,0.151809,0.109303,0.071523,0.104541,0.057893,0.030984,0.055948,0.072380
0.048822,0.231224,0.185212,0.046438,0.118054,0.119180,0.049552,0.072829,0.042539,0.086150
0.091777,0.067380,0.116633,0.093904,0.061022,0.109603,0.178786,0.109689,0.085816,0.085390
0.047967,0.118070,0.036101,0.105528,0.128881,0.143859,0.130010,0.125108,0.102718,0.061759
0.078274,0.084518,0.153674,0.111045,0.092142,0.120850,0.126376,0.094685,0.094034,0.044403
0.104318,0.109771,0.097624,0.105193,0.098657,0.095762,0.101908,0.091760,0.072947,0.122060
0.081574,0.117533,0.212582,0.066885,0.082915,0.122888,0.077757,0.075896,0.073416,0.088553
0.034436,0.117860,0.160719,0.064069,0.124164,0.113719,0.108131,0.044583,0.111092,0.121227
0.042775,0.083289,0.103915,0.073393,0.095537,0.097931,0.330666,0.077623,0.058640,0.036230
0.042123,0.096904,0.070406,0.119422,0.116407,0.136016,0.139959,0.026731,0.093334,0.158699
0.079719,0.065144,0.073637,0.063852,0.058232,0.053929,0.360281,0.055114,0.122568,0.067524
0.081888,0.115414,0.124455,0.104436,0.108965,0.124335,0.119715,0.110083,0.071143,0.039564
0.021534,0.032620,0.181747,0.055193,0.070280,0.200700,0.211462,0.066491,0.096639,0.063334
0.105951,0.098048,0.097691,0.105364,0.043993,0.089573,0.262287,0.074993,0.084183,0.037917
0.027213,0.081527,0.254777,0.067646,0.052626,0.081137,0.223872,0.036537,0.055655,0.119011
0.032673,0.067352,0.131001,0.070449,0.069608,0.103757,0.210447,0.121980,0.087709,0.105024
0.047545,0.040702,0.309342,0.073515,0.243879,0.093407,0.042350,0.047829,0.062881,0.038552
0.057831,0.268301,0.020055,0.084134,0.050504,0.022794,0.273789,0.079460,0.053228,0.089904
0.057597,0.398198,0.035101,0.020160,0.089084,0.035728,0.270015,0.034600,0.025988,0.033529
0.020161,0.105079,0.192093,0.060363,0.094195,0.121308,0.202590,0.092066,0.040772,0.071373
0.067527,0.094776,0.146380,0.105360,0.072635,0.116428,0.111027,0.079781,0.102988,0.103098
0.040377,0.122995,0.038120,0.134472,0.105726,0.114822,0.232747,0.080174,0.044254,0.086313
0.067733,0.286819,0.111098,0.095144,0.064859,0.081435,0.081476,0.081728,0.058799,0.070908
0.051677,0.310277,0.074166,0.032294,0.025019,0.051523,0.334487,0.045090,0.030965,0.044501
0.021722,0.094214,0.036011,0.175162,0.052512,0.038978,0.204582,0.163351,0.121477,0.091991
0.100111,0.334692,0.033104,0.030407,0.032923,0.039197,0.280012,0.017526,0.091044,0.040983
0.103283,0.099468,0.133485,0.136122,0.100725,0.113158,0.094271,0.105483,0.058370,0.055635
0.033825,0.360786,0.023282,0.024314,0.016077,0.023514,0.366550,0.024198,0.077473,0.049980
0.068371,0.314445,0.104944,0.041825,0.032429,0.056681,0.059965,0.087394,0.159461,0.074485
0.070453,0.114473,0.111055,0.130377,0.068335,0.035859,0.237056,0.095315,0.097449,0.039628
0.014969,0.047664,0.252461,0.035996,0.310235,0.057897,0.155408,0.051313,0.038242,0.035817
0.094614,0.039185,0.091581,0.043733,0.181598,0.052637,0.295891,0.070639,0.073725,0.056398
0.064125,0.283598,0.105393,0.088371,0.053206,0.103099,0.081759,0.080933,0.059653,0.079863
0.082132,0.258221,0.086243,0.053720,0.068664,0.081885,0.102577,0.071909,0.088155,0.106493
0.044636,0.118753,0.055885,0.104338,0.145249,0.148021,0.135103,0.094430,0.053021,0.100563
0.037427,0.054160,0.181620,0.109738,0.125113,0.115854,0.116375,0.099217,0.040753,0.119743
0.077431,0.182440,0.163385,0.086666,0.060400,0.124679,0.104350,0.075330,0.042409,0.082911
0.060868,0.373278,0.101759,0.037896,0.051725,0.069961,0.042969,0.090703,0.105193,0.065649
0.050733,0.141609,0.071171,0.137476,0.078789,0.116412,0.126297,0.105188,0.081373,0.090952
0.095041,0.111775,0.054475,0.133138,0.097100,0.130762,0.111918,0.021506,0.100588,0.143696
0.031165,0.021961,0.111529,0.055838,0.332000,0.046870,0.275953,0.025372,0.049780,0.049531
0.116401,0.099919,0.106991,0.098934,0.047288,0.084256,0.242888,0.059568,0.059253,0.084502
0.129947,0.120502,0.098484,0.085885,0.090122,0.120047,0.110882,0.021503,0.111358,0.111269
0.041537,0.070761,0.166679,0.118011,0.071224,0.118081,0.184636,0.094954,0.095310,0.038807
0.110039,0.099691,0.126795,0.065665,0.082746,0.090740,0.169520,0.073498,0.094306,0.087000
0.039186,0.200728,0.220348,0.039410,0.248814,0.059945,0.042402,0.052925,0.035758,0.060485
0.114088,0.064740,0.181969,0.093668,0.045881,0.080450,0.107163,0.081263,0.194860,0.035918
0.057260,0.100587,0.336777,0.069029,0.042090,0.094813,0.104315,0.032606,0.077658,0.084865
0.042067,0.201094,0.048130,0.123742,0.043514,0.116690,0.136481,0.117004,0.084842,0.086436
0.081395,0.094985,0.113944,0.088374,0.095412,0.129981,0.110718,0.086351,0.087006,0.111834
0.069574,0.142205,0.097049,0.157783,0.132385,0.040007,0.116176,0.024262,0.092008,0.128552
0.102134,0.111098,0.041607,0.172973,0.112411,0.040587,0.171694,0.025567,0.110822,0.111108
0.051437,0.180077,0.042242,0.103106,0.110095,0.029709,0.136062,0.124281,0.068804,0.154188
0.057065,0.104709,0.175901,0.098696,0.079615,0.114479,0.109541,0.091139,0.079520,0.089336
0.066479,0.281732,0.044848,0.098824,0.088290,0.088308,0.091128,0.095095,0.056645,0.088651
0.079088,0.085102,0.118613,0.076717,0.121302,0.049640,0.131875,0.131845,0.042377,0.163442
0.043023,0.366587,0.059809,0.030174,0.021432,0.037243,0.322821,0.026397,0.074150,0.018365
0.072983,0.281584,0.086770,0.042854,0.103530,0.086482,0.075883,0.085603,0.078657,0.085655
0.072220,0.076302,0.237925,0.083839,0.053894,0.195757,0.092237,0.047174,0.113291,0.027362
0.068461,0.260297,0.117285,0.101851,0.048020,0.077963,0.088290,0.067175,0.081439,0.089217
0.075305,0.135420,0.108072,0.113811,0.075829,0.125875,0.106250,0.024876,0.093504,0.141057
0.065195,0.189274,0.025950,0.050483,0.100070,0.163857,0.089833,0.077123,0.085289,0.152927
0.065140,0.111191,0.115731,0.093454,0.067878,0.126922,0.119411,0.098273,0.125037,0.076963
0.043956,0.110447,0.183961,0.088035,0.070509,0.121071,0.210932,0.095584,0.047771,0.027733
0.095830,0.100397,0.130367,0.115027,0.070277,0.111001,0.097090,0.079048,0.091555,0.109407
0.078345,0.113365,0.022422,0.109421,0.073857,0.118902,0.204566,0.114237,0.076114,0.088772
0.022456,0.144590,0.042843,0.148857,0.052650,0.050548,0.366106,0.036877,0.104996,0.030077
0.059517,0.106277,0.137616,0.099284,0.097080,0.111561,0.108339,0.075674,0.079305,0.125348
0.042163,0.204743,0.115766,0.019834,0.448596,0.056630,0.030868,0.030171,0.041269,0.009960
0.055686,0.328193,0.053429,0.027873,0.018954,0.057475,0.336210,0.044916,0.055742,0.021522
0.077092,0.263330,0.104056,0.108394,0.100421,0.025290,0.078739,0.080126,0.080942,0.081610
0.058145,0.290655,0.138343,0.108647,0.076761,0.034627,0.098088,0.076209,0.088958,0.029567
0.026081,0.310724,0.076438,0.068752,0.029123,0.054390,0.271062,0.041122,0.066628,0.055680
0.032616,0.046703,0.187926,0.088593,0.317987,0.070770,0.051276,0.098282,0.064353,0.041493
0.020324,0.142847,0.026510,0.127340,0.050670,0.188609,0.122682,0.104721,0.118970,0.097327
