0.020381,0.069446,0.022001,0.056830,0.583631,0.034292,0.059573,0.073011,0.032103,0.048732
0.025404,0.104414,0.069975,0.060634,0.061119,0.079349,0.064142,0.017328,0.457649,0.059987
0.072229,0.113655,0.120880,0.119432,0.104018,0.147732,0.116321,0.028147,0.047641,0.129944
0.048405,0.128386,0.108642,0.087144,0.197687,0.068114,0.136223,0.095332,0.077347,0.052721
0.034910,0.084813,0.088884,0.092118,0.081190,0.090225,0.086216,0.073873,0.258124,0.109649
0.062942,0.108939,0.035227,0.117056,0.119458,0.174462,0.106107,0.111431,0.123856,0.040522
0.018492,0.059617,0.024314,0.052640,0.571422,0.066409,0.066908,0.064927,0.046666,0.028604
0.061263,0.109801,0.113890,0.087186,0.086927,0.131661,0.165213,0.090188,0.066069,0.087804
0.052686,0.119394,0.093416,0.067564,0.125812,0.180996,0.137839,0.078388,0.051137,0.092769
0.030586,0.112082,0.035665,0.118065,0.116177,0.117240,0.114013,0.109090,0.130299,0.116783
0.113020,0.094979,0.139591,0.090294,0.121652,0.059302,0.125339,0.108841,0.048597,0.098384
0.025395,0.070378,0.293094,0.062992,0.163626,0.085929,0.081312,0.085183,0.076811,0.055279
0.032655,0.129457,0.112289,0.126394,0.118040,0.173443,0.138783,0.035735,0.071034,0.062170
0.018632,0.105566,0.320279,0.086598,0.208067,0.041739,0.074761,0.023342,0.058127,0.062890
0.037407,0.122581,0.140312,0.096315,0.118038,0.064624,0.121915,0.118911,0.105868,0.074029
0.045729,0.134863,0.046579,0.088940,0.174455,0.073210,0.139986,0.097420,0.077744,0.121073
0.021125,0.056538,0.219865,0.076544,0.363402,0.034784,0.083273,0.023734,0.060759,0.059976
0.099515,0.116252,0.046560,0.075282,0.120457,0.177208,0.145303,0.133538,0.042271,0.043614
0.060239,0.106334,0.122010,0.084761,0.095212,0.137420,0.107452,0.089059,0.096440,0.101073
0.057198,0.104349,0.114582,0.085267,0.105849,0.131503,0.100650,0.086570,0.106067,0.107965
0.033775,0.121956,0.250628,0.081690,0.070063,0.081170,0.170894,0.068733,0.066420,0.054670
0.043873,0.124421,0.039965,0.069275,0.135697,0.215998,0.125445,0.129907,0.045617,0.069802
0.062586,0.077886,0.061195,0.046890,0.406204,0.107706,0.075980,0.081522,0.031765,0.048265
0.036265,0.074757,0.310199,0.067641,0.086506,0.119516,0.097066,0.083148,0.070253,0.054649
0.022561,0.073412,0.058898,0.078370,0.419047,0.080963,0.081972,0.080940,0.029104,0.074733
0.072438,0.079314,0.298938,0.071150,0.154818,0.078466,0.073572,0.070183,0.040684,0.060438
0.061956,0.101480,0.107766,0.091071,0.100720,0.126665,0.102200,0.093350,0.102264,0.112528
0.058643,0.106556,0.120562,0.096820,0.090174,0.132626,0.106035,0.103967,0.058557,0.126062
0.026345,0.091094,0.284454,0.061259,0.101583,0.142097,0.101350,0.096142,0.043705,0.051971
0.034126,0.144612,0.110310,0.102082,0.112447,0.057625,0.106649,0.098874,0.149866,0.083409
0.090917,0.140566,0.107042,0.097470,0.102976,0.125101,0.109468,0.087964,0.042103,0.096394
0.040002,0.086361,0.264165,0.071306,0.092042,0.126286,0.080900,0.087524,0.066248,0.085167
0.031250,0.071029,0.080078,0.073233,0.057976,0.088553,0.186474,0.062530,0.297370,0.051507
0.097637,0.108565,0.036705,0.072526,0.124220,0.199758,0.120099,0.118210,0.060285,0.061994
0.031935,0.074179,0.278629,0.071161,0.080420,0.087794,0.141645,0.067268,0.070757,0.096211
0.020324,0.059830,0.193756,0.066897,0.357668,0.102447,0.078351,0.059243,0.023075,0.038408
0.030060,0.085879,0.266499,0.053683,0.097043,0.130556,0.111244,0.090709,0.050043,0.084284
0.035681,0.083446,0.295685,0.094958,0.166185,0.090421,0.085824,0.021367,0.056080,0.070352
0.081771,0.080430,0.246909,0.057560,0.129163,0.100444,0.133273,0.069180,0.034583,0.066688
0.032618,0.071377,0.372973,0.096646,0.092649,0.051037,0.090866,0.112926,0.037603,0.041305
0.039627,0.107556,0.111798,0.111067,0.124424,0.134645,0.114335,0.099538,0.075609,0.081401
0.055683,0.084607,0.262692,0.068589,0.075923,0.100652,0.191668,0.067102,0.031866,0.061217
0.049346,0.086275,0.390123,0.088277,0.080094,0.050654,0.088521,0.023326,0.055648,0.087737
0.037533,0.093631,0.101689,0.093022,0.103160,0.094985,0.228096,0.077267,0.075857,0.094761
0.038476,0.111233,0.039072,0.065896,0.115372,0.198647,0.146830,0.137835,0.053490,0.093150
0.052230,0.103627,0.114219,0.087747,0.090735,0.127867,0.099535,0.094941,0.096933,0.132166
0.061952,0.114502,0.119291,0.082685,0.160831,0.060558,0.148821,0.095857,0.048695,0.106808
0.127280,0.112337,0.116871,0.087044,0.097490,0.106207,0.106051,0.101349,0.041458,0.103912
0.042583,0.087407,0.306265,0.083368,0.107930,0.050634,0.115345,0.102933,0.064291,0.039243
0.026274,0.105183,0.243651,0.079861,0.101702,0.099502,0.193219,0.065510,0.039871,0.045226
0.041590,0.110503,0.097347,0.118842,0.111350,0.064379,0.155011,0.137059,0.045674,0.118246
0.024278,0.091884,0.304287,0.081752,0.082846,0.103548,0.091155,0.080497,0.068770,0.070984
0.086154,0.135842,0.104098,0.095439,0.071905,0.117702,0.172730,0.076981,0.038098,0.101052
0.030641,0.089154,0.339393,0.053335,0.125693,0.049385,0.096190,0.089758,0.047916,0.078536
0.034295,0.131095,0.037722,0.124803,0.144505,0.064392,0.129246,0.036955,0.192972,0.104014
0.020071,0.067424,0.065891,0.054976,0.517041,0.039960,0.095937,0.029162,0.038488,0.071050
0.033940,0.114762,0.274856,0.079382,0.077570,0.112872,0.085601,0.083528,0.053754,0.083734
0.026241,0.070839,0.334347,0.049582,0.183118,0.046094,0.081168,0.114760,0.047559,0.046292
0.082714,0.105604,0.102715,0.103416,0.090771,0.120375,0.097666,0.088945,0.080203,0.127591
0.036557,0.098441,0.331937,0.082480,0.095205,0.124169,0.099350,0.024741,0.037119,0.070000
0.071981,0.121670,0.125185,0.088659,0.116038,0.067584,0.136317,0.094364,0.096005,0.082198
0.025134,0.067701,0.308144,0.070886,0.278284,0.035920,0.065667,0.049278,0.039699,0.059287
0.044855,0.087281,0.260173,0.054762,0.101651,0.127159,0.111335,0.063003,0.067330,0.082452
0.053863,0.114005,0.044633,0.122597,0.118430,0.146124,0.123748,0.076244,0.084568,0.115788
0.037722,0.083427,0.210007,0.066820,0.258434,0.102518,0.122724,0.026119,0.026576,0.065652
0.038015,0.252644,0.105994,0.078480,0.094371,0.100097,0.092722,0.080671,0.078462,0.078544
0.039383,0.110089,0.045866,0.131200,0.130758,0.119403,0.123280,0.124934,0.060044,0.115044
0.027013,0.133651,0.034913,0.109416,0.106460,0.185350,0.140655,0.073725,0.085882,0.102933
0.020091,0.083878,0.329950,0.051655,0.277989,0.043688,0.078222,0.019890,0.026752,0.067886
0.029929,0.111895,0.044953,0.101170,0.119702,0.166743,0.145629,0.109318,0.115535,0.055128
0.023723,0.068201,0.028653,0.037870,0.546861,0.037964,0.069034,0.085971,0.040097,0.061626
0.017488,0.059919,0.019828,0.063666,0.521617,0.109811,0.065083,0.063645,0.049792,0.029151
0.032196,0.112652,0.037564,0.136177,0.133351,0.203313,0.119538,0.123237,0.061410,0.040562
0.034580,0.123575,0.041177,0.125834,0.156603,0.061272,0.113048,0.143717,0.144805,0.055386
0.038407,0.095041,0.037321,0.140236,0.142932,0.205208,0.119139,0.113233,0.043967,0.064515
0.038099,0.092891,0.120747,0.098564,0.101865,0.132244,0.110882,0.091969,0.106731,0.106007
0.049878,0.231189,0.101053,0.086612,0.091757,0.094107,0.094042,0.093215,0.038231,0.119914
0.027422,0.095436,0.311039,0.081476,0.081841,0.095970,0.094402,0.078149,0.053149,0.081116
0.052585,0.164108,0.094559,0.079632,0.125946,0.102388,0.145193,0.078244,0.065459,0.091886
0.043789,0.094200,0.033747,0.059804,0.324644,0.118728,0.088390,0.027368,0.135822,0.073507
0.130478,0.098891,0.117233,0.094362,0.158922,0.121816,0.107274,0.029904,0.076866,0.064254
0.040862,0.090276,0.293467,0.075942,0.082666,0.110854,0.099296,0.027796,0.076865,0.101976
0.055524,0.103027,0.119597,0.105530,0.094625,0.128821,0.102369,0.100599,0.075027,0.114880
0.069896,0.205911,0.112901,0.102638,0.101759,0.097006,0.099453,0.031568,0.077651,0.101219
0.032844,0.120609,0.093415,0.119167,0.111021,0.157600,0.147175,0.098820,0.063489,0.055860
0.110455,0.125278,0.098249,0.074798,0.082700,0.063359,0.206483,0.087138,0.064838,0.086702
0.073340,0.104147,0.118277,0.110192,0.091755,0.099987,0.100421,0.086736,0.085971,0.129174
0.030806,0.120127,0.095631,0.076320,0.110839,0.110467,0.119832,0.116191,0.138716,0.081071
0.032580,0.126213,0.038638,0.103363,0.122357,0.127029,0.145250,0.084087,0.130595,0.089887
0.017665,0.060343,0.020372,0.073503,0.524916,0.107564,0.079633,0.044655,0.047773,0.023576
0.052124,0.144342,0.110817,0.094676,0.103792,0.109029,0.100858,0.088077,0.111284,0.085001
0.028794,0.092513,0.256673,0.093273,0.095549,0.136461,0.095419,0.092252,0.069156,0.039910
0.028573,0.079780,0.034123,0.099787,0.423106,0.042096,0.081607,0.109326,0.039166,0.062437
0.068318,0.212061,0.074741,0.067188,0.071771,0.090564,0.200158,0.059660,0.079989,0.075550
0.022784,0.130768,0.262975,0.085967,0.123887,0.107880,0.084339,0.072182,0.072322,0.036894
0.064868,0.111214,0.125616,0.118037,0.100343,0.139416,0.117040,0.027965,0.092141,0.103360
0.033308,0.093367,0.330816,0.101797,0.082337,0.114432,0.089805,0.028661,0.076692,0.048783
0.026824,0.119429,0.285356,0.086027,0.080721,0.090560,0.084776,0.079420,0.061880,0.085007
0.041524,0.148082,0.104831,0.106785,0.090258,0.120622,0.105943,0.085912,0.083233,0.112811
0.066464,0.109643,0.115523,0.111512,0.088558,0.136245,0.105233,0.088912,0.090670,0.087240
0.034603,0.222388,0.083553,0.083546,0.112044,0.095345,0.224625,0.021049,0.059865,0.062981
0.115158,0.156401,0.108535,0.097862,0.092857,0.117698,0.092577,0.077898,0.050120,0.090893
0.035358,0.092915,0.321850,0.096665,0.084042,0.095358,0.092745,0.076548,0.051056,0.053463
0.033919,0.152668,0.216310,0.072182,0.057428,0.087365,0.068450,0.059187,0.186356,0.066135
0.054845,0.072165,0.258521,0.052630,0.300606,0.033529,0.057470,0.059916,0.057049,0.053270
0.115754,0.108895,0.104728,0.088901,0.083855,0.127966,0.097840,0.084100,0.085268,0.102693
0.025413,0.055099,0.066269,0.082230,0.427780,0.044360,0.078849,0.107057,0.058129,0.054814
0.037432,0.121747,0.234885,0.102885,0.097569,0.099324,0.147005,0.033095,0.073059,0.052998
0.033515,0.113070,0.091154,0.127249,0.124749,0.171237,0.120762,0.080715,0.092241,0.045307
0.052732,0.072042,0.051165,0.036743,0.499295,0.072562,0.057947,0.069050,0.033696,0.054769
0.033036,0.071533,0.294263,0.070366,0.252230,0.035719,0.085425,0.070838,0.037861,0.048730
0.036507,0.123545,0.294674,0.069237,0.078220,0.089760,0.091589,0.071003,0.071175,0.074292
0.040407,0.094435,0.046594,0.096116,0.115254,0.200832,0.144797,0.119892,0.063503,0.078171
0.034327,0.058902,0.058226,0.077541,0.440308,0.102724,0.074271,0.076487,0.027425,0.049789
0.025512,0.064860,0.331661,0.075857,0.116608,0.043247,0.118154,0.109040,0.060186,0.054876
0.033897,0.088799,0.290908,0.087708,0.079960,0.104249,0.088000,0.075933,0.068269,0.082276
0.043667,0.122885,0.132205,0.104806,0.127081,0.060057,0.121369,0.082393,0.083600,0.121937
0.066904,0.101278,0.144862,0.099745,0.128332,0.065978,0.129983,0.089703,0.074664,0.098551
0.044273,0.104769,0.142454,0.109341,0.134533,0.073764,0.121655,0.030569,0.097922,0.140720
0.084378,0.172205,0.112687,0.118888,0.113806,0.070834,0.116101,0.027584,0.069218,0.114300
0.056385,0.105488,0.120010,0.104213,0.097100,0.125760,0.103821,0.099424,0.104007,0.083793
0.072775,0.084655,0.085461,0.083703,0.067537,0.106374,0.082816,0.076139,0.272964,0.067576
0.035581,0.090350,0.278494,0.070447,0.081086,0.113022,0.096638,0.084863,0.075801,0.073717
0.033144,0.088554,0.092049,0.094180,0.090809,0.101850,0.085740,0.078090,0.242777,0.092807
0.093280,0.091901,0.105243,0.109207,0.094904,0.124205,0.201589,0.026741,0.059197,0.093732
0.049797,0.106061,0.111671,0.104734,0.112682,0.068712,0.161065,0.100442,0.073196,0.111639
0.020588,0.075953,0.065665,0.041892,0.552437,0.038728,0.099144,0.024135,0.026958,0.054500
0.021252,0.068436,0.029345,0.075101,0.543926,0.035761,0.077511,0.088395,0.027107,0.033168
0.105279,0.085015,0.092304,0.075450,0.088788,0.090904,0.204479,0.076091,0.090052,0.091638
0.029065,0.072555,0.370630,0.064215,0.122433,0.046536,0.127267,0.048741,0.034017,0.084541
0.026982,0.100353,0.031931,0.097570,0.424917,0.106851,0.102717,0.033799,0.036936,0.037945
0.039161,0.074612,0.060648,0.077911,0.357658,0.101802,0.075347,0.068582,0.089907,0.054372
0.049057,0.091095,0.105148,0.083867,0.082025,0.113008,0.225425,0.077261,0.075799,0.097315
0.071919,0.081728,0.345145,0.093676,0.081101,0.044454,0.096102,0.074662,0.079867,0.031345
0.058922,0.178573,0.115991,0.108094,0.096184,0.061315,0.106096,0.103939,0.080762,0.090124
0.026134,0.096906,0.348916,0.099431,0.103786,0.054887,0.110840,0.037684,0.052315,0.069101
0.027436,0.083535,0.038886,0.054608,0.356006,0.046343,0.132359,0.122270,0.048633,0.089924
0.096183,0.167889,0.039187,0.100963,0.097969,0.141813,0.132152,0.088259,0.044544,0.091039
0.024671,0.089898,0.060917,0.050105,0.059047,0.073063,0.179056,0.049802,0.363563,0.049878
0.042097,0.113800,0.121489,0.095740,0.091946,0.138443,0.101827,0.089495,0.090231,0.114933
0.051171,0.075837,0.390067,0.056971,0.099662,0.049031,0.085811,0.099148,0.056085,0.036217
0.064444,0.117889,0.032592,0.068312,0.106083,0.147045,0.148785,0.096222,0.136635,0.081994
0.035412,0.110839,0.120331,0.115381,0.161654,0.058041,0.111837,0.092940,0.123591,0.069974
0.031452,0.082065,0.266242,0.064363,0.123448,0.102853,0.123092,0.070504,0.062251,0.073729
0.053954,0.094361,0.227711,0.080242,0.072607,0.116845,0.164499,0.025537,0.075328,0.088917
0.039763,0.084124,0.275443,0.073854,0.139978,0.086807,0.085708,0.076662,0.070730,0.066933
0.038539,0.115455,0.037539,0.124750,0.115043,0.150505,0.152469,0.126961,0.074868,0.063869
0.032272,0.090146,0.340568,0.079773,0.090701,0.054868,0.148737,0.027784,0.061377,0.073774
0.038294,0.104035,0.102697,0.122713,0.159655,0.064306,0.104032,0.148858,0.054311,0.101099
0.043436,0.117430,0.137499,0.122799,0.110850,0.061970,0.132400,0.120926,0.051678,0.101011
0.041085,0.107696,0.125637,0.087282,0.096210,0.134699,0.115655,0.105321,0.098404,0.088011
0.134251,0.107248,0.123512,0.097654,0.116206,0.112827,0.113379,0.025352,0.060577,0.108994
0.026182,0.104652,0.082256,0.114875,0.111260,0.146849,0.119683,0.095399,0.109947,0.088895
0.081309,0.092621,0.110865,0.088561,0.130028,0.119795,0.190417,0.024697,0.078403,0.083302
0.024059,0.111995,0.234784,0.074518,0.072859,0.095858,0.217544,0.063785,0.028048,0.076551
0.025866,0.082058,0.062330,0.083057,0.407232,0.122934,0.081261,0.054705,0.043209,0.037347
0.031969,0.094454,0.276484,0.063263,0.095592,0.113316,0.088543,0.094343,0.065030,0.077005
0.022929,0.076237,0.311794,0.078259,0.200664,0.039719,0.093481,0.076024,0.049920,0.050971
0.046827,0.102849,0.119759,0.108286,0.108061,0.130165,0.103765,0.087612,0.093844,0.098831
0.049249,0.083763,0.362056,0.086594,0.098700,0.045842,0.089624,0.078736,0.041900,0.063535
0.054724,0.104648,0.107868,0.108994,0.104604,0.121087,0.102507,0.096073,0.086242,0.113254
0.060632,0.091057,0.106295,0.082470,0.115434,0.116269,0.258933,0.023612,0.052723,0.092574
0.044156,0.115965,0.137056,0.128969,0.125449,0.064589,0.124928,0.103390,0.074883,0.080615
0.082751,0.104476,0.124845,0.110173,0.100686,0.131771,0.103176,0.027095,0.115465,0.099561
0.083798,0.087121,0.109724,0.088862,0.093956,0.102255,0.154931,0.080696,0.091258,0.107398
0.022472,0.069761,0.058173,0.060409,0.442800,0.104122,0.076856,0.064938,0.039679,0.060791
0.033497,0.108906,0.173986,0.062197,0.098987,0.074089,0.138607,0.048154,0.215142,0.046436
0.024939,0.122633,0.254867,0.066528,0.059876,0.099576,0.164532,0.062959,0.062352,0.081739
0.059277,0.097962,0.126084,0.119795,0.099334,0.120110,0.116566,0.103747,0.076393,0.080733
0.046909,0.128726,0.144804,0.086939,0.110994,0.063852,0.112564,0.123997,0.050019,0.131196
0.031480,0.114576,0.093425,0.108826,0.105621,0.107946,0.127996,0.112930,0.140266,0.056934
0.033605,0.104028,0.049239,0.151733,0.153573,0.062037,0.115067,0.112050,0.135366,0.083301
0.023619,0.065176,0.059669,0.043759,0.419089,0.132977,0.104984,0.076700,0.043399,0.030627
0.034366,0.115789,0.041063,0.147365,0.145133,0.161815,0.134376,0.083359,0.054775,0.081959
0.018533,0.076025,0.028866,0.071741,0.494247,0.116700,0.067223,0.020735,0.043179,0.062750
0.044018,0.102194,0.256201,0.066536,0.115266,0.097468,0.091372,0.061418,0.114778,0.050750
0.063433,0.177562,0.040354,0.123671,0.106455,0.149537,0.185163,0.028934,0.034730,0.090160
0.059400,0.109843,0.044555,0.118568,0.120386,0.168816,0.132346,0.107407,0.039811,0.098868
0.037314,0.124641,0.049782,0.076469,0.146309,0.131398,0.139103,0.128439,0.094491,0.072055
0.017681,0.075354,0.021872,0.043889,0.538659,0.034805,0.075233,0.069675,0.083737,0.039095
0.138573,0.119696,0.111743,0.111771,0.086032,0.104758,0.109044,0.026255,0.080288,0.111839
0.055103,0.098577,0.309863,0.065537,0.077165,0.049196,0.151527,0.070628,0.057006,0.065398
0.121919,0.092620,0.103856,0.094770,0.092296,0.115879,0.160157,0.076441,0.056020,0.086043
0.032090,0.093463,0.329350,0.079091,0.124945,0.115958,0.106888,0.032448,0.040811,0.044955
0.072804,0.095339,0.123606,0.102528,0.092802,0.126533,0.116911,0.091203,0.058616,0.119658
0.039323,0.115002,0.107988,0.107278,0.177467,0.071045,0.127542,0.092444,0.070344,0.091566
0.040126,0.087489,0.080586,0.081343,0.291329,0.055098,0.113215,0.140654,0.041227,0.068933
0.048329,0.100148,0.140647,0.110235,0.149967,0.065730,0.124828,0.107193,0.094666,0.058257
0.060334,0.112240,0.118025,0.112831,0.110559,0.129783,0.111939,0.031322,0.065282,0.147686
0.081029,0.101875,0.107025,0.083671,0.074868,0.111653,0.230520,0.079018,0.054442,0.075898
0.027780,0.066122,0.075784,0.069005,0.082979,0.087719,0.168255,0.057034,0.290848,0.074474
0.046633,0.138268,0.040946,0.114180,0.153236,0.164448,0.123540,0.094497,0.047868,0.076385
0.043559,0.118017,0.255295,0.072316,0.067092,0.081304,0.148386,0.070357,0.076645,0.067030
0.035128,0.122280,0.040976,0.069626,0.132090,0.214985,0.158737,0.087100,0.069373,0.069705
0.035035,0.068164,0.029233,0.046625,0.433110,0.093407,0.077793,0.072626,0.080113,0.063894
0.037941,0.115390,0.037163,0.065422,0.139758,0.183241,0.126779,0.115281,0.081904,0.097120
0.038719,0.115948,0.126550,0.110035,0.101176,0.068062,0.182751,0.099278,0.097159,0.060323
0.046953,0.119472,0.123188,0.087522,0.208107,0.067546,0.114964,0.031272,0.105908,0.095066
0.019746,0.067261,0.197632,0.039456,0.333888,0.093830,0.084559,0.067393,0.048504,0.047732
0.031809,0.070668,0.081992,0.070726,0.064638,0.075012,0.172628,0.063117,0.290231,0.079180
0.046870,0.082124,0.357813,0.127478,0.092123,0.052763,0.090715,0.065229,0.049023,0.035862
0.042626,0.108939,0.124243,0.116970,0.112890,0.141530,0.114934,0.093997,0.060448,0.083422
0.108190,0.105195,0.112792,0.078976,0.110033,0.123486,0.099448,0.082994,0.084643,0.094243
0.070352,0.113145,0.123875,0.101875,0.103433,0.146196,0.111970,0.032905,0.068177,0.128072
0.040035,0.066975,0.028556,0.037826,0.555884,0.035653,0.076514,0.079481,0.038572,0.040505
0.026290,0.074253,0.215407,0.077360,0.263468,0.116099,0.081601,0.054388,0.047192,0.043942
0.058187,0.105036,0.036199,0.102437,0.135827,0.156559,0.138135,0.122489,0.071756,0.073374
0.033213,0.101830,0.271355,0.056740,0.098224,0.108014,0.116908,0.103484,0.034713,0.075517
0.020005,0.064725,0.052262,0.037628,0.500714,0.085349,0.089535,0.071062,0.037546,0.041173
0.033819,0.162380,0.121948,0.088207,0.149451,0.058067,0.116106,0.106033,0.064646,0.099343
0.092411,0.130563,0.261457,0.067667,0.086212,0.133520,0.091828,0.033252,0.046796,0.056295
0.041759,0.105923,0.249798,0.060383,0.086473,0.091133,0.101340,0.095613,0.086103,0.081474
0.066322,0.159938,0.112738,0.100514,0.140079,0.095156,0.095378,0.086699,0.069043,0.074132
0.097653,0.124971,0.050968,0.121565,0.116245,0.063633,0.157176,0.081649,0.093729,0.092411
0.043153,0.127812,0.097160,0.100747,0.136598,0.063164,0.135588,0.094066,0.067433,0.134279
0.032019,0.111583,0.090581,0.104915,0.139002,0.171708,0.120980,0.112291,0.053514,0.063406
0.055118,0.105451,0.120140,0.095187,0.099146,0.136633,0.101646,0.097327,0.073844,0.115508
0.066278,0.105440,0.079722,0.059157,0.076806,0.090203,0.072607,0.021542,0.378385,0.049859
0.034281,0.084274,0.101389,0.083282,0.078033,0.109713,0.280900,0.028357,0.099598,0.100173
0.070314,0.128584,0.052585,0.076532,0.164822,0.140206,0.137112,0.130541,0.049127,0.050177
0.036719,0.095279,0.287297,0.073348,0.085609,0.115926,0.094061,0.067395,0.057741,0.086625
0.039447,0.101434,0.276307,0.075668,0.110456,0.100415,0.082064,0.069473,0.068001,0.076735
0.023419,0.083953,0.026621,0.055568,0.479752,0.135984,0.074226,0.058856,0.030403,0.031218
0.026069,0.119612,0.096884,0.110422,0.099278,0.139770,0.175605,0.073539,0.060503,0.098318
0.076764,0.111221,0.045568,0.146332,0.167656,0.072064,0.126655,0.052386,0.144343,0.057012
0.040720,0.105677,0.118878,0.108081,0.133931,0.136025,0.102053,0.087105,0.068384,0.099145
0.024970,0.072206,0.194951,0.052379,0.316090,0.105540,0.083831,0.023595,0.082250,0.044189
0.041586,0.131302,0.045746,0.068889,0.132970,0.069029,0.128397,0.168234,0.075367,0.138479
0.068196,0.130805,0.044168,0.139749,0.149165,0.064571,0.135881,0.160173,0.048034,0.059257
0.037911,0.156603,0.099956,0.093252,0.132947,0.098532,0.093574,0.077074,0.093473,0.116678
0.078465,0.082217,0.098791,0.083880,0.086805,0.120728,0.189062,0.088983,0.097880,0.073189
0.037189,0.080043,0.241863,0.080880,0.123754,0.093217,0.155934,0.060761,0.063584,0.062775
0.019529,0.058915,0.164945,0.049017,0.450606,0.081645,0.057832,0.055573,0.022299,0.039639
0.033908,0.107809,0.084387,0.106482,0.108981,0.152104,0.112292,0.107623,0.116222,0.070192
0.032178,0.116839,0.046706,0.100889,0.132014,0.177262,0.124939,0.134802,0.068603,0.065770
0.075063,0.088644,0.280721,0.071380,0.133178,0.102477,0.074663,0.069398,0.069248,0.035227
0.036090,0.093489,0.108417,0.098226,0.083673,0.090540,0.247447,0.086178,0.076771,0.079168
0.046431,0.077008,0.086612,0.061140,0.090696,0.073019,0.175927,0.063716,0.249593,0.075858
0.037415,0.058537,0.287365,0.059725,0.192536,0.040404,0.088854,0.073660,0.103650,0.057854
0.042690,0.116462,0.125744,0.106058,0.111664,0.137906,0.113995,0.101668,0.059421,0.084391
0.030992,0.119564,0.102022,0.123960,0.120375,0.121576,0.126688,0.110915,0.056055,0.087853
0.038943,0.104448,0.113040,0.095482,0.109736,0.130537,0.102471,0.087120,0.096390,0.121834
0.040555,0.106976,0.117752,0.102405,0.163807,0.139519,0.105414,0.027322,0.102958,0.093293
0.028293,0.119191,0.094548,0.112077,0.115805,0.126657,0.104464,0.109887,0.091164,0.097914
0.020600,0.075900,0.025302,0.048187,0.580468,0.039581,0.088831,0.024650,0.060165,0.036316
0.033010,0.106513,0.249938,0.078222,0.063940,0.074580,0.081294,0.063891,0.177103,0.071509
0.122779,0.106684,0.123447,0.117025,0.091680,0.105581,0.104782,0.093769,0.055454,0.078798
0.046071,0.137717,0.118445,0.130442,0.128129,0.147642,0.140252,0.035779,0.048235,0.067288
0.047609,0.118869,0.242171,0.066123,0.065693,0.094592,0.154727,0.070294,0.071487,0.068435
0.051945,0.109094,0.112288,0.096554,0.140960,0.131886,0.104675,0.092281,0.074540,0.085777
0.041649,0.080516,0.110874,0.075413,0.135796,0.058426,0.123624,0.072518,0.193861,0.107322
0.040288,0.131634,0.058824,0.072766,0.158810,0.077459,0.190514,0.047595,0.076590,0.145521
0.022419,0.072077,0.025514,0.072802,0.488967,0.035852,0.073020,0.096236,0.051136,0.061977
0.038744,0.090030,0.262424,0.086750,0.081532,0.106991,0.101371,0.069805,0.102025,0.060328
0.056150,0.107135,0.121825,0.117437,0.098978,0.068245,0.154664,0.104393,0.091225,0.079948
0.026457,0.113999,0.103831,0.076805,0.115660,0.159420,0.182421,0.030685,0.095444,0.095279
0.086616,0.133082,0.103259,0.104560,0.098222,0.129547,0.101969,0.085039,0.076563,0.081143
0.031026,0.095928,0.077268,0.077433,0.100350,0.090752,0.072784,0.069523,0.333488,0.051449
0.030483,0.090001,0.367678,0.084893,0.096462,0.046927,0.084025,0.088242,0.058692,0.052597
0.028287,0.121825,0.265100,0.073184,0.158173,0.111045,0.085514,0.026677,0.062726,0.067470
0.067906,0.121083,0.041341,0.080358,0.138718,0.180317,0.117548,0.086581,0.046345,0.119803
0.034048,0.069903,0.025314,0.037508,0.526807,0.102491,0.071510,0.060644,0.036607,0.035167
0.020584,0.122648,0.031521,0.085864,0.420591,0.112348,0.084192,0.026598,0.049423,0.046232
0.037291,0.128472,0.136905,0.087343,0.109513,0.066570,0.119302,0.114057,0.101555,0.098992
0.071145,0.110500,0.183198,0.059338,0.103592,0.068371,0.106395,0.051208,0.204784,0.041470
0.048594,0.129790,0.072963,0.056991,0.094151,0.075786,0.113954,0.055842,0.297200,0.054729
0.020642,0.059413,0.022125,0.053970,0.510700,0.117781,0.084354,0.064141,0.023586,0.043290
0.047758,0.132810,0.089480,0.071556,0.068661,0.102448,0.078480,0.066083,0.277817,0.064906
0.030441,0.087316,0.263798,0.092135,0.092337,0.137878,0.112138,0.090013,0.032169,0.061775
0.079144,0.160084,0.102602,0.087386,0.086769,0.062498,0.174499,0.081472,0.096621,0.068924
0.051266,0.141704,0.105723,0.093277,0.095786,0.127452,0.107860,0.083985,0.098171,0.094775
0.019623,0.062492,0.021712,0.073323,0.549278,0.070929,0.066105,0.064482,0.036054,0.036002
0.024446,0.079978,0.324503,0.054507,0.213743,0.039953,0.098572,0.083787,0.048714,0.031797
0.054130,0.116061,0.114489,0.115622,0.118360,0.132997,0.104192,0.093187,0.041093,0.109869
0.020195,0.085073,0.058353,0.076326,0.385727,0.105683,0.075375,0.066703,0.067879,0.058688
0.040951,0.125308,0.140728,0.102530,0.174818,0.079188,0.135006,0.029120,0.084575,0.087776
0.026072,0.079555,0.356570,0.085228,0.078311,0.049041,0.092519,0.115950,0.047216,0.069538
0.028325,0.106530,0.253164,0.075990,0.072759,0.093356,0.201082,0.067740,0.027533,0.073523
0.030194,0.085302,0.247754,0.096183,0.092756,0.122979,0.090658,0.084785,0.064860,0.084528
0.038826,0.102028,0.109270,0.103078,0.128586,0.117020,0.190479,0.024721,0.040926,0.145065
0.025153,0.062716,0.310847,0.036631,0.272939,0.042126,0.080428,0.070448,0.037864,0.060848
0.039595,0.103724,0.048938,0.117649,0.174686,0.062921,0.128260,0.148776,0.047924,0.127528
0.050556,0.106106,0.125002,0.085770,0.126310,0.123996,0.116547,0.090205,0.075316,0.100192
0.062607,0.136416,0.107937,0.101004,0.132777,0.118218,0.094493,0.084942,0.078210,0.083396
0.082280,0.095315,0.125671,0.118399,0.128443,0.063077,0.142663,0.097908,0.049716,0.096529
0.026002,0.086995,0.313718,0.077889,0.135287,0.110810,0.084394,0.026005,0.037800,0.101100
0.061207,0.127496,0.051169,0.071664,0.132148,0.133878,0.133461,0.088094,0.069522,0.131360
0.077059,0.106897,0.109958,0.085814,0.086775,0.131351,0.106480,0.101547,0.110793,0.083326
0.049094,0.088970,0.294889,0.091569,0.072739,0.122488,0.160603,0.028603,0.035439,0.055606
0.038161,0.076314,0.309507,0.086900,0.128660,0.092604,0.101808,0.022684,0.078949,0.064413
0.080496,0.113587,0.119940,0.095966,0.092311,0.130803,0.111210,0.087976,0.070537,0.097174
0.044778,0.056712,0.198474,0.071332,0.332411,0.101333,0.065530,0.064252,0.021689,0.043489
0.074505,0.129438,0.317675,0.069224,0.071347,0.042484,0.114945,0.074210,0.024851,0.081319
0.076371,0.090478,0.117116,0.086919,0.123081,0.108078,0.118626,0.093109,0.083915,0.102307
0.021998,0.080405,0.269613,0.083138,0.166982,0.088636,0.076660,0.071278,0.062571,0.078719
0.063373,0.115929,0.047053,0.069575,0.143306,0.201377,0.129582,0.119367,0.065144,0.045294
0.035594,0.075100,0.319689,0.074433,0.095941,0.116279,0.100473,0.089804,0.038468,0.054220
0.037118,0.129030,0.138964,0.110242,0.108979,0.069100,0.119100,0.115600,0.092038,0.079829
0.065761,0.105618,0.106086,0.104955,0.104228,0.107478,0.163673,0.086636,0.042997,0.112567
0.088930,0.090631,0.275628,0.063112,0.078308,0.105866,0.085434,0.071973,0.054916,0.085201
0.018452,0.065265,0.262718,0.072661,0.315518,0.033953,0.059844,0.062756,0.050830,0.058002
0.120582,0.102857,0.108333,0.104256,0.107763,0.128777,0.105389,0.086922,0.039452,0.095669
0.035106,0.118698,0.116260,0.121900,0.174986,0.064384,0.136176,0.107408,0.070257,0.054826
0.069645,0.089389,0.114452,0.107607,0.092533,0.125212,0.100279,0.084372,0.105014,0.111498
0.053843,0.107343,0.123238,0.096477,0.102472,0.134020,0.105348,0.088922,0.070793,0.117543
0.017238,0.066797,0.181078,0.038709,0.362224,0.098736,0.077664,0.070385,0.051528,0.035641
0.063590,0.123794,0.041447,0.126915,0.157467,0.065582,0.120073,0.087211,0.146138,0.067783
0.050937,0.120911,0.138945,0.083828,0.118597,0.061655,0.121947,0.106885,0.085046,0.111248
0.029101,0.086290,0.253652,0.064910,0.135555,0.085319,0.083422,0.079343,0.117121,0.065287
0.039428,0.131392,0.281171,0.095757,0.072473,0.085517,0.094296,0.081768,0.031078,0.087120
0.031839,0.114360,0.096088,0.094701,0.106271,0.111858,0.133652,0.119076,0.108808,0.083347
0.058071,0.089389,0.292457,0.062188,0.082528,0.110301,0.087290,0.062848,0.072776,0.082154
0.023394,0.070395,0.023512,0.087292,0.488064,0.101373,0.066863,0.074963,0.038195,0.025951
0.051182,0.150113,0.054123,0.144972,0.131859,0.076448,0.184221,0.050553,0.045911,0.110618
0.067800,0.072488,0.023990,0.072892,0.442059,0.123916,0.069273,0.022033,0.040284,0.065265
0.058201,0.108187,0.121031,0.111017,0.131583,0.125285,0.103080,0.089331,0.055328,0.096957
0.032110,0.086029,0.275263,0.075942,0.135006,0.086923,0.102071,0.081477,0.075928,0.049252
0.018635,0.067629,0.203593,0.040408,0.374459,0.069924,0.085627,0.046861,0.034224,0.058639
0.028260,0.092328,0.321607,0.080773,0.085994,0.109524,0.093369,0.081393,0.049569,0.057183
0.039568,0.106772,0.118053,0.085960,0.135503,0.130813,0.103586,0.088655,0.075862,0.115229
0.047686,0.122204,0.134180,0.119167,0.112536,0.062876,0.110593,0.105997,0.088877,0.095883
0.034838,0.083566,0.092338,0.086997,0.085403,0.098851,0.087205,0.071514,0.252736,0.106551
0.140873,0.096368,0.121772,0.091605,0.086618,0.131905,0.104686,0.026447,0.112638,0.087086
0.022623,0.069933,0.389467,0.063208,0.081711,0.056241,0.113264,0.029244,0.076961,0.097348
0.118808,0.125247,0.121526,0.104638,0.089425,0.064537,0.116377,0.090645,0.048836,0.119961
0.028849,0.101945,0.081717,0.092200,0.103903,0.158950,0.127449,0.100235,0.110099,0.094651
0.061486,0.211754,0.116537,0.095781,0.105047,0.110406,0.109666,0.032228,0.041970,0.115125
0.016569,0.082134,0.191417,0.046725,0.282447,0.095625,0.116345,0.070721,0.042087,0.055930
0.055440,0.072444,0.279867,0.091055,0.068786,0.101643,0.133181,0.078506,0.041032,0.078045
0.060073,0.091847,0.045773,0.129250,0.124062,0.170400,0.104995,0.077813,0.081350,0.114436
0.071431,0.084571,0.086737,0.086353,0.086118,0.103356,0.084445,0.072182,0.270933,0.053874
0.059087,0.091242,0.044871,0.071136,0.113877,0.196684,0.141422,0.109955,0.057686,0.114040
0.023892,0.068600,0.287374,0.044111,0.321769,0.034403,0.070108,0.071808,0.052133,0.025802
0.077426,0.072509,0.241779,0.061531,0.151978,0.067965,0.134944,0.067054,0.059332,0.065483
0.019868,0.069635,0.028043,0.071967,0.468112,0.121233,0.076574,0.071583,0.031394,0.041590
0.023510,0.066599,0.023843,0.071633,0.492567,0.098653,0.066685,0.069351,0.026114,0.061045
0.060480,0.111467,0.046309,0.117948,0.117438,0.149184,0.149373,0.111988,0.042121,0.093692
0.061307,0.106848,0.124509,0.096116,0.096266,0.139764,0.106251,0.033028,0.115755,0.120157
0.028010,0.105154,0.340435,0.079046,0.080091,0.045160,0.090412,0.071448,0.099704,0.060541
0.037741,0.091587,0.099881,0.098286,0.095787,0.122816,0.206620,0.080014,0.089728,0.077539
0.041332,0.112888,0.106338,0.133935,0.130122,0.071792,0.143691,0.128271,0.071270,0.060361
0.068162,0.151250,0.159710,0.054111,0.045898,0.064164,0.145085,0.043729,0.233207,0.034684
0.029534,0.109698,0.044093,0.109432,0.113107,0.193542,0.113071,0.118888,0.080525,0.088108
0.079682,0.099906,0.114605,0.091091,0.104206,0.107405,0.167221,0.090330,0.041851,0.103703
0.020210,0.081646,0.059405,0.076713,0.398378,0.105364,0.080421,0.072857,0.041047,0.063960
0.050865,0.138323,0.041684,0.072284,0.122329,0.152510,0.121522,0.099164,0.104473,0.096844
0.110088,0.129468,0.111615,0.127921,0.158893,0.067825,0.121159,0.048736,0.068699,0.055596
0.048796,0.086864,0.093060,0.091914,0.090810,0.110580,0.262315,0.029351,0.085626,0.100685
0.036884,0.224529,0.105056,0.087892,0.089886,0.095509,0.103822,0.080830,0.053583,0.122008
0.050514,0.102235,0.035098,0.112071,0.130259,0.171117,0.113660,0.108356,0.119326,0.057363
0.080074,0.111863,0.119768,0.114003,0.095495,0.114332,0.119083,0.093862,0.074043,0.077476
0.111771,0.109845,0.042838,0.130979,0.097203,0.149926,0.138966,0.030778,0.089465,0.098229
0.055727,0.130453,0.262836,0.060808,0.066250,0.078602,0.184761,0.061603,0.059882,0.039079
0.026789,0.084208,0.266725,0.081609,0.140466,0.110185,0.091243,0.073965,0.065787,0.059024
0.041557,0.132557,0.104634,0.076207,0.143766,0.066937,0.109778,0.140322,0.083039,0.101204
0.049292,0.202641,0.095477,0.090758,0.103562,0.116941,0.094389,0.076675,0.084585,0.085678
0.029876,0.086393,0.355046,0.063659,0.078837,0.050870,0.088861,0.021653,0.145890,0.078913
0.091358,0.154812,0.109014,0.099570,0.093426,0.118515,0.098314,0.031289,0.096173,0.107529
0.023521,0.086186,0.262040,0.061155,0.086402,0.102246,0.081025,0.072078,0.137916,0.087431
0.030107,0.084671,0.270183,0.087572,0.149759,0.098187,0.072779,0.069638,0.067081,0.070022
0.054044,0.092997,0.118415,0.093278,0.109532,0.126312,0.111422,0.088959,0.095138,0.109903
0.021049,0.059378,0.175374,0.053735,0.371728,0.093950,0.063087,0.063801,0.039720,0.058179
0.033883,0.065843,0.214656,0.055485,0.054411,0.081371,0.141714,0.054256,0.234292,0.064089
0.030926,0.089718,0.380878,0.075946,0.096657,0.048897,0.093914,0.062341,0.043765,0.076961
0.046623,0.124436,0.130208,0.138063,0.118445,0.063106,0.125186,0.085998,0.070872,0.097062
0.046141,0.128403,0.052276,0.072752,0.168118,0.065492,0.124745,0.088358,0.119018,0.134698
0.023612,0.097557,0.251656,0.077258,0.098388,0.133499,0.110593,0.090117,0.073762,0.043558
0.021638,0.064033,0.057604,0.084823,0.507287,0.036709,0.064604,0.073155,0.064596,0.025551
0.058338,0.114959,0.147284,0.130992,0.129300,0.080765,0.137960,0.038221,0.093673,0.068506
0.033338,0.113041,0.265940,0.101435,0.110556,0.136256,0.099656,0.027255,0.034290,0.078233
0.019188,0.071155,0.303701,0.042499,0.241817,0.035833,0.080268,0.070243,0.072545,0.062753
0.039155,0.089515,0.282158,0.068313,0.078418,0.108628,0.125998,0.083717,0.041565,0.082532
0.030392,0.115977,0.036234,0.063557,0.123076,0.198750,0.125299,0.133690,0.063037,0.109988
0.051951,0.093591,0.292031,0.082836,0.084229,0.111594,0.094713,0.067533,0.077171,0.044351
0.057910,0.112146,0.121635,0.090288,0.118908,0.131499,0.110860,0.096063,0.044314,0.116378
0.073067,0.089904,0.359270,0.076779,0.081361,0.044468,0.073608,0.074876,0.042952,0.083716
0.034104,0.088951,0.306335,0.076912,0.085941,0.120309,0.089403,0.023109,0.087815,0.087122
0.066738,0.091337,0.100788,0.092599,0.082289,0.108066,0.235600,0.077343,0.072455,0.072786
0.032400,0.136990,0.049856,0.105460,0.126011,0.184318,0.143254,0.042638,0.068260,0.110811
0.052251,0.074927,0.038272,0.116859,0.110554,0.106836,0.141655,0.030575,0.225528,0.102544
0.058034,0.105422,0.143825,0.111817,0.114205,0.123504,0.123994,0.106583,0.047546,0.065070
0.020086,0.073772,0.284756,0.085959,0.162531,0.045902,0.079157,0.021819,0.159826,0.066191
0.058392,0.103811,0.108054,0.106447,0.124707,0.105536,0.194028,0.085935,0.043505,0.069585
0.028787,0.085500,0.367585,0.061654,0.129408,0.055034,0.110879,0.033286,0.038649,0.089217
0.030077,0.088922,0.257485,0.072414,0.118370,0.098346,0.134024,0.080790,0.051651,0.067922
0.050402,0.064974,0.271196,0.068102,0.250021,0.037352,0.098385,0.077944,0.052287,0.029335
0.063403,0.124892,0.041004,0.139025,0.160749,0.066747,0.126393,0.140689,0.047783,0.089314
0.030065,0.131192,0.033757,0.061588,0.360200,0.085732,0.147483,0.028902,0.051057,0.070024
0.027577,0.096112,0.270301,0.082942,0.100655,0.137479,0.103265,0.089317,0.045683,0.046668
0.027077,0.095697,0.305297,0.067379,0.076238,0.109001,0.089076,0.074108,0.066802,0.089325
0.032024,0.121992,0.049108,0.124138,0.137637,0.128609,0.129257,0.119037,0.055497,0.102701
0.074814,0.174907,0.108066,0.097642,0.085925,0.101992,0.102269,0.082715,0.074352,0.097319
0.030981,0.125895,0.090437,0.074314,0.119291,0.096588,0.233560,0.073634,0.066602,0.088699
0.038260,0.128122,0.045809,0.137725,0.136771,0.070747,0.146800,0.165634,0.070234,0.059898
0.041911,0.123717,0.067755,0.066574,0.059861,0.079263,0.153982,0.053780,0.262433,0.090724
0.062062,0.081988,0.091122,0.083743,0.083261,0.095775,0.079370,0.072129,0.284444,0.066105
0.030772,0.152076,0.072771,0.074989,0.062341,0.048540,0.103539,0.056293,0.331114,0.067566
0.042639,0.154873,0.178601,0.048992,0.102872,0.053011,0.057086,0.017889,0.300326,0.043711
0.043948,0.127381,0.129580,0.109963,0.142413,0.071538,0.158167,0.093280,0.058902,0.064829
0.021109,0.072203,0.206388,0.061417,0.346059,0.073527,0.076722,0.068497,0.039020,0.035057
0.021625,0.064302,0.019426,0.041787,0.572727,0.076593,0.057653,0.065184,0.036183,0.044520
0.072336,0.228317,0.098561,0.088634,0.076810,0.111620,0.090727,0.075300,0.063484,0.094211
0.113129,0.163622,0.096050,0.075340,0.082777,0.108372,0.097131,0.077473,0.096386,0.089720
0.032315,0.095023,0.089877,0.070369,0.137595,0.185484,0.123929,0.115324,0.054969,0.095115
0.024413,0.089878,0.275621,0.100236,0.105841,0.092542,0.099681,0.094838,0.039896,0.077054
0.073998,0.111179,0.250542,0.073123,0.094370,0.123981,0.093075,0.082989,0.038590,0.058153
0.045786,0.078759,0.175108,0.048016,0.095655,0.067649,0.052252,0.014844,0.362762,0.059169
0.047305,0.110663,0.086837,0.104617,0.109039,0.136723,0.115211,0.100643,0.105590,0.083373
0.100592,0.108015,0.096916,0.110077,0.112245,0.153789,0.124688,0.032353,0.062992,0.098332
0.053494,0.067651,0.058234,0.069194,0.455358,0.037415,0.063898,0.076300,0.061308,0.057147
0.054674,0.109441,0.114349,0.105210,0.107547,0.103664,0.174178,0.082428,0.071755,0.076754
0.071645,0.116000,0.116970,0.103830,0.113017,0.134952,0.108642,0.031725,0.109867,0.093353
0.034166,0.085726,0.278021,0.080327,0.150949,0.107618,0.112185,0.069815,0.038675,0.042517
0.038913,0.074640,0.284744,0.077884,0.080529,0.111932,0.123697,0.068225,0.060242,0.079193
0.016130,0.074243,0.182725,0.051623,0.345567,0.087865,0.057641,0.068404,0.066691,0.049111
0.086663,0.070861,0.219622,0.076618,0.056826,0.074834,0.075542,0.021311,0.277205,0.040518
0.033718,0.084978,0.370545,0.093452,0.092909,0.050690,0.125091,0.037502,0.048886,0.062229
0.029726,0.140910,0.043956,0.128566,0.111498,0.163179,0.123251,0.123994,0.059446,0.075475
0.086433,0.112790,0.125728,0.099044,0.098208,0.142127,0.111215,0.086047,0.057163,0.081243
0.038897,0.130160,0.136836,0.138054,0.140914,0.074266,0.130073,0.030839,0.054442,0.125518
0.077535,0.121083,0.044075,0.129354,0.148131,0.071446,0.141249,0.042965,0.152873,0.071291
0.042159,0.106029,0.051725,0.103755,0.128214,0.068171,0.182407,0.156836,0.050897,0.109807
0.023676,0.082769,0.286643,0.070541,0.182949,0.094912,0.083286,0.069176,0.045764,0.060285
0.053728,0.118228,0.043999,0.128486,0.126471,0.115835,0.104212,0.109575,0.122219,0.077248
0.050391,0.112120,0.122116,0.087630,0.101622,0.062219,0.110786,0.107864,0.140517,0.104733
0.080512,0.126083,0.069553,0.053864,0.094060,0.063716,0.115035,0.051400,0.294993,0.050784
0.113409,0.155205,0.100611,0.077001,0.088868,0.091126,0.092294,0.082862,0.083007,0.115616
0.050283,0.101574,0.402241,0.064716,0.088572,0.058210,0.101534,0.028230,0.067278,0.037362
0.071746,0.205593,0.099718,0.084879,0.125144,0.105139,0.089654,0.073145,0.047241,0.097743
0.046477,0.106142,0.117505,0.117215,0.150207,0.132120,0.105758,0.026396,0.079725,0.118455
0.058001,0.125654,0.035358,0.101825,0.117295,0.160753,0.111624,0.073532,0.121138,0.094820
0.070964,0.105702,0.119290,0.089669,0.138663,0.101192,0.105231,0.087380,0.097735,0.084174
0.028463,0.098466,0.274446,0.061377,0.106511,0.146075,0.102364,0.096349,0.046230,0.039719
0.035574,0.084147,0.266764,0.093067,0.089918,0.110006,0.091102,0.076652,0.080104,0.072666
0.064364,0.128790,0.039819,0.079211,0.139488,0.159340,0.121542,0.133801,0.046943,0.086700
0.043484,0.183033,0.051645,0.103620,0.170886,0.086527,0.182087,0.057679,0.062547,0.058491
0.026886,0.080504,0.296509,0.093163,0.089626,0.106765,0.086287,0.070061,0.069977,0.080222
0.031471,0.059258,0.066568,0.044321,0.496365,0.042952,0.080773,0.099648,0.046305,0.032339
0.038147,0.222817,0.236261,0.067611,0.056013,0.092040,0.157577,0.025329,0.040806,0.063399
0.100347,0.161311,0.114316,0.105156,0.095103,0.054952,0.102804,0.087519,0.070663,0.107830
0.038639,0.172709,0.134053,0.098536,0.154425,0.063233,0.119003,0.086724,0.076333,0.056344
0.031151,0.128213,0.257468,0.057056,0.058619,0.089528,0.174465,0.059934,0.073724,0.069842
0.035217,0.071550,0.054727,0.071753,0.430261,0.074528,0.089835,0.080524,0.047417,0.044187
0.036324,0.106321,0.041462,0.075704,0.135565,0.220987,0.133419,0.089933,0.098951,0.061333
