0.034341,0.030720,0.162665,0.022299,0.142758,0.424517,0.007933,0.024217,0.064571,0.085980
0.048970,0.028318,0.075619,0.096486,0.093907,0.119448,0.101825,0.084284,0.263145,0.087999
0.078022,0.088861,0.066816,0.087127,0.092252,0.099656,0.095107,0.222117,0.077446,0.092596
0.065019,0.171264,0.038220,0.153791,0.094489,0.100889,0.193163,0.072145,0.068063,0.042956
0.080181,0.091631,0.068569,0.089971,0.085982,0.093740,0.086652,0.082583,0.226996,0.093695
0.080515,0.084517,0.128104,0.100477,0.083891,0.094886,0.077727,0.094246,0.179167,0.076471
0.013448,0.036000,0.304474,0.017918,0.519185,0.019009,0.035618,0.020104,0.017707,0.016537
0.057041,0.096363,0.096442,0.124419,0.111704,0.091232,0.109585,0.120316,0.065663,0.127234
0.083418,0.086362,0.174390,0.095847,0.086444,0.103289,0.095817,0.078141,0.097117,0.099176
0.060718,0.102357,0.093133,0.076985,0.092607,0.090864,0.078573,0.089191,0.223034,0.092538
0.072415,0.071375,0.056399,0.070858,0.068322,0.371611,0.074468,0.062469,0.068903,0.083179
0.050970,0.060331,0.207513,0.059808,0.330453,0.056500,0.058069,0.051196,0.056810,0.068351
0.065087,0.090357,0.241933,0.092764,0.072538,0.098021,0.082639,0.125638,0.063329,0.067695
0.002426,0.001790,0.286317,0.003739,0.060708,0.610589,0.005945,0.022195,0.002733,0.003557
0.067699,0.080898,0.065300,0.077501,0.076819,0.326169,0.077619,0.082044,0.073297,0.072654
0.069363,0.076822,0.041791,0.130866,0.134974,0.109592,0.156459,0.080337,0.072601,0.127194
0.006057,0.028982,0.375823,0.005123,0.085740,0.340959,0.005284,0.013336,0.133308,0.005388
0.087425,0.085623,0.201148,0.090285,0.079793,0.101769,0.084359,0.076995,0.093268,0.099335
0.075526,0.093690,0.081958,0.118441,0.107342,0.112420,0.104969,0.126912,0.079717,0.099025
0.088719,0.092841,0.087031,0.096715,0.105053,0.114146,0.099723,0.112749,0.094734,0.108290
0.046879,0.037158,0.215966,0.093257,0.136508,0.134469,0.030904,0.146581,0.074747,0.083531
0.099980,0.091833,0.127745,0.094163,0.088951,0.101880,0.103729,0.089980,0.094391,0.107346
0.040499,0.010317,0.160316,0.056218,0.352104,0.059682,0.077308,0.031021,0.079741,0.132796
0.078941,0.081360,0.272349,0.081423,0.063306,0.090609,0.090311,0.085732,0.082889,0.073080
0.019832,0.029669,0.093945,0.020677,0.715965,0.021299,0.027989,0.024330,0.021556,0.024739
0.024440,0.033667,0.417476,0.023062,0.351206,0.024575,0.026635,0.025601,0.039058,0.034280
0.077073,0.090555,0.099619,0.122468,0.096380,0.101035,0.107041,0.108847,0.093541,0.103440
0.090008,0.099824,0.086926,0.112282,0.101815,0.114953,0.098864,0.105628,0.089366,0.100335
0.037845,0.036329,0.689894,0.030060,0.024192,0.028895,0.037384,0.022421,0.055194,0.037787
0.054505,0.039962,0.052800,0.065434,0.091968,0.348663,0.066145,0.063878,0.154215,0.062430
0.105690,0.139477,0.076759,0.095490,0.100591,0.109129,0.097494,0.100763,0.069959,0.104648
0.053991,0.058652,0.481711,0.051925,0.058044,0.064784,0.058472,0.065915,0.051464,0.055041
0.086399,0.104670,0.078405,0.100722,0.114285,0.098809,0.052172,0.085732,0.177800,0.101005
0.102490,0.113409,0.091566,0.102087,0.093474,0.111721,0.108110,0.074546,0.093181,0.109418
0.077405,0.098912,0.168757,0.093487,0.100134,0.093644,0.085122,0.084411,0.087433,0.110695
0.004268,0.004796,0.252432,0.003605,0.712128,0.003731,0.003474,0.002899,0.004010,0.008658
0.053364,0.060759,0.518598,0.048289,0.046752,0.056380,0.048750,0.056411,0.052161,0.058534
0.026291,0.048082,0.305268,0.041566,0.306043,0.050166,0.049914,0.089160,0.027896,0.055614
0.071211,0.075606,0.171779,0.067858,0.303055,0.083473,0.040404,0.062632,0.054964,0.069017
0.006839,0.003176,0.529920,0.006342,0.004198,0.427214,0.005844,0.006092,0.005833,0.004542
0.080232,0.095320,0.075476,0.094674,0.159713,0.111239,0.094534,0.098868,0.096972,0.092972
0.083878,0.098005,0.194947,0.094616,0.105442,0.107564,0.068242,0.078306,0.081296,0.087705
0.005776,0.009363,0.130814,0.006668,0.006457,0.771295,0.007751,0.048713,0.007350,0.005813
0.060686,0.105206,0.083132,0.101537,0.158714,0.120761,0.068491,0.071601,0.134158,0.095715
0.093834,0.096109,0.173078,0.082807,0.077754,0.102402,0.083494,0.090842,0.113312,0.086366
0.084455,0.091449,0.088162,0.094752,0.148997,0.100907,0.100991,0.103951,0.089112,0.097225
0.065589,0.079097,0.066335,0.071571,0.219920,0.253614,0.045712,0.066145,0.056009,0.076008
0.101495,0.091924,0.102227,0.095123,0.109170,0.105092,0.098908,0.108605,0.086660,0.100795
0.011725,0.006825,0.389269,0.012684,0.015359,0.355396,0.014757,0.010926,0.171570,0.011489
0.063584,0.036686,0.193210,0.089666,0.205800,0.127871,0.034028,0.107921,0.059747,0.081488
0.088754,0.122644,0.051644,0.108701,0.102423,0.154342,0.107551,0.084278,0.077357,0.102304
0.064775,0.076524,0.263118,0.096994,0.080901,0.090976,0.069996,0.094726,0.070573,0.091418
0.147475,0.035603,0.064274,0.142187,0.125247,0.137425,0.044554,0.142780,0.051095,0.109360
0.006753,0.002124,0.555756,0.004944,0.003581,0.400423,0.010835,0.004817,0.005399,0.005369
0.031365,0.068985,0.088351,0.062014,0.061190,0.245981,0.032524,0.033817,0.316505,0.059267
0.016124,0.008602,0.117089,0.031314,0.275086,0.411015,0.047299,0.037479,0.021718,0.034274
0.070056,0.086227,0.193738,0.082796,0.095631,0.102674,0.096168,0.093695,0.079824,0.099192
0.002155,0.001783,0.662869,0.001439,0.124223,0.195418,0.001591,0.001388,0.001898,0.007235
0.100588,0.106602,0.097144,0.099165,0.099125,0.098891,0.091337,0.106498,0.114030,0.086621
0.052208,0.064635,0.190348,0.067477,0.061939,0.073208,0.068677,0.293786,0.065755,0.061968
0.070477,0.089551,0.064376,0.079422,0.130282,0.242343,0.088581,0.094995,0.067898,0.072075
0.000818,0.001024,0.371574,0.000382,0.142535,0.482153,0.000375,0.000321,0.000479,0.000338
0.033953,0.033942,0.303277,0.027546,0.030132,0.031701,0.027639,0.024374,0.455887,0.031550
0.094707,0.089190,0.190802,0.088405,0.086051,0.091642,0.099151,0.086421,0.085091,0.088540
0.010846,0.019282,0.420646,0.018343,0.385773,0.049277,0.005722,0.034147,0.012404,0.043560
0.066923,0.093997,0.075688,0.121945,0.096578,0.107616,0.092124,0.100395,0.119840,0.124894
0.067222,0.104224,0.137123,0.115859,0.097345,0.092815,0.106895,0.113299,0.073933,0.091285
0.065142,0.046421,0.172549,0.137345,0.117911,0.106328,0.038492,0.096011,0.096308,0.123494
0.012116,0.003971,0.199065,0.009651,0.065512,0.650204,0.012097,0.031086,0.007909,0.008389
0.065180,0.097780,0.116074,0.120554,0.095123,0.111596,0.102260,0.100898,0.113754,0.076781
0.028483,0.008180,0.274177,0.033048,0.211746,0.308358,0.034248,0.043294,0.026308,0.032158
0.023522,0.046610,0.244735,0.018881,0.323796,0.038165,0.041784,0.021163,0.222805,0.018540
0.079711,0.086237,0.163948,0.103003,0.090432,0.097590,0.097525,0.100161,0.089188,0.092206
0.051170,0.120519,0.068068,0.113096,0.088738,0.141176,0.106521,0.124836,0.106267,0.079609
0.083580,0.080032,0.244437,0.085981,0.063181,0.089802,0.091633,0.073857,0.083209,0.104289
0.075285,0.087759,0.091513,0.090948,0.167702,0.106233,0.092892,0.115086,0.080802,0.091780
0.071325,0.068800,0.078463,0.135081,0.110154,0.116645,0.116670,0.117407,0.078402,0.107054
0.078721,0.092140,0.163665,0.088402,0.092042,0.101181,0.091165,0.112366,0.087184,0.093135
0.047656,0.031064,0.057511,0.124899,0.243086,0.096430,0.036637,0.136348,0.086455,0.139914
0.010557,0.012412,0.315407,0.019110,0.096698,0.015038,0.027654,0.041396,0.447657,0.014070
0.080137,0.082405,0.065318,0.079407,0.166368,0.096536,0.081164,0.207109,0.070387,0.071169
0.055119,0.058940,0.256191,0.060420,0.049377,0.076409,0.064218,0.275448,0.047884,0.055994
0.089623,0.103627,0.084393,0.099664,0.100462,0.105346,0.105890,0.111114,0.092003,0.107877
0.066804,0.094364,0.080846,0.100268,0.112057,0.107200,0.120018,0.123664,0.077868,0.116911
0.076766,0.100985,0.127435,0.087189,0.104000,0.123328,0.085554,0.131365,0.082948,0.080428
0.118531,0.037294,0.099671,0.105191,0.116442,0.170963,0.034150,0.112268,0.088573,0.116916
0.084553,0.096493,0.085434,0.101178,0.107999,0.103663,0.100769,0.113852,0.113381,0.092678
0.051026,0.085921,0.082232,0.095158,0.084806,0.090929,0.075907,0.081540,0.241890,0.110590
0.065297,0.135964,0.083842,0.095504,0.105318,0.101790,0.101406,0.086637,0.108299,0.115943
0.038605,0.019202,0.226976,0.024553,0.372429,0.036851,0.028460,0.020329,0.192843,0.039752
0.061014,0.133107,0.094763,0.117467,0.095459,0.106662,0.097766,0.125262,0.081600,0.086900
0.047555,0.054575,0.504124,0.046957,0.059126,0.064029,0.070210,0.064589,0.046211,0.042625
0.021951,0.027989,0.201563,0.025536,0.304099,0.296661,0.041581,0.024670,0.031537,0.024414
0.135452,0.033010,0.074528,0.114985,0.127370,0.140488,0.033293,0.126329,0.084784,0.129761
0.062007,0.054606,0.214704,0.067547,0.209026,0.086056,0.089340,0.084700,0.064320,0.067693
0.064004,0.086659,0.078479,0.094519,0.088941,0.091697,0.093058,0.202233,0.109417,0.090994
0.051146,0.053269,0.209430,0.065721,0.053020,0.081184,0.071038,0.298801,0.051415,0.064975
0.062599,0.117893,0.189711,0.088050,0.090909,0.102541,0.093600,0.095648,0.070642,0.088406
0.052693,0.130599,0.073008,0.101507,0.109258,0.112194,0.100487,0.105424,0.125686,0.089143
0.083067,0.098221,0.101466,0.097963,0.106084,0.118299,0.101989,0.082124,0.113848,0.096938
0.061376,0.037922,0.108738,0.131190,0.190022,0.142933,0.042244,0.063204,0.106901,0.115470
0.108040,0.092352,0.067520,0.094902,0.147872,0.092789,0.108615,0.128064,0.068574,0.091271
0.072359,0.083895,0.268863,0.077722,0.063288,0.082028,0.085954,0.088507,0.104904,0.072480
0.043996,0.048800,0.151040,0.046063,0.044139,0.055270,0.048165,0.041814,0.472335,0.048377
0.003888,0.001641,0.280987,0.002608,0.051130,0.489856,0.004419,0.003906,0.157985,0.003581
0.094916,0.104031,0.078121,0.116713,0.101419,0.109049,0.092634,0.125246,0.074648,0.103223
0.012911,0.009578,0.076795,0.027260,0.345506,0.254975,0.072182,0.041643,0.119972,0.039177
0.044970,0.030708,0.362056,0.090302,0.092197,0.104318,0.038999,0.072587,0.097345,0.066518
0.052998,0.069552,0.120892,0.069046,0.057047,0.065992,0.069445,0.056012,0.373226,0.065790
0.073245,0.020980,0.218702,0.082698,0.258730,0.078504,0.074691,0.064727,0.058198,0.069524
0.001036,0.001226,0.456872,0.001233,0.127743,0.407556,0.001030,0.000852,0.001046,0.001406
0.062961,0.101618,0.222796,0.091590,0.073965,0.090854,0.085814,0.097215,0.094552,0.078635
0.078884,0.072567,0.330566,0.063799,0.063889,0.081089,0.068631,0.069585,0.075339,0.095651
0.047784,0.074023,0.207310,0.047038,0.264981,0.116242,0.010799,0.036464,0.047680,0.147680
0.004001,0.003782,0.477038,0.004426,0.004821,0.379522,0.005953,0.004818,0.110085,0.005554
0.083862,0.083204,0.275585,0.081667,0.080489,0.084736,0.081364,0.065429,0.080426,0.083237
0.061079,0.057730,0.050686,0.060418,0.093820,0.354297,0.066297,0.057286,0.134907,0.063481
0.073637,0.072634,0.059535,0.074184,0.070074,0.346047,0.075671,0.068087,0.086728,0.073402
0.066490,0.078081,0.073477,0.080160,0.075966,0.296529,0.076398,0.100546,0.072893,0.079462
0.084257,0.062509,0.060202,0.089249,0.090435,0.265169,0.090942,0.073786,0.091676,0.091776
0.085766,0.102515,0.088160,0.102479,0.099158,0.115294,0.100721,0.107645,0.097929,0.100332
0.098712,0.090031,0.069670,0.091266,0.090596,0.103030,0.098399,0.091845,0.171722,0.094731
0.071005,0.091085,0.171863,0.095692,0.096672,0.106972,0.094693,0.087393,0.098879,0.085747
0.081733,0.091493,0.069282,0.091679,0.092768,0.101865,0.088496,0.104485,0.181695,0.096503
0.105364,0.096067,0.072978,0.103151,0.103795,0.113178,0.134769,0.095878,0.065970,0.108851
0.070504,0.090831,0.062289,0.083144,0.089488,0.278078,0.071965,0.085357,0.078685,0.089658
0.037289,0.009529,0.136101,0.055714,0.180191,0.374821,0.070641,0.042720,0.034576,0.058418
0.022563,0.047935,0.316505,0.013103,0.169043,0.343803,0.044939,0.009881,0.020367,0.011862
0.101129,0.099037,0.095278,0.092023,0.104093,0.108521,0.090932,0.121034,0.083886,0.104067
0.003977,0.003131,0.608471,0.002097,0.001790,0.368669,0.003312,0.002522,0.003977,0.002054
0.049262,0.065759,0.183369,0.056466,0.394675,0.063872,0.021227,0.066451,0.046230,0.052689
0.054102,0.011815,0.205652,0.045892,0.254467,0.051730,0.086659,0.062408,0.140826,0.086448
0.068349,0.101744,0.068172,0.122652,0.103651,0.091479,0.099975,0.129317,0.123614,0.091048
0.007622,0.009890,0.293474,0.007678,0.007404,0.648099,0.003956,0.005818,0.005863,0.010195
0.076873,0.077189,0.071698,0.084367,0.084924,0.271045,0.085031,0.082732,0.072349,0.093791
0.022196,0.006667,0.260377,0.007771,0.008359,0.622580,0.010330,0.044601,0.007919,0.009200
0.006349,0.025294,0.140191,0.018306,0.460084,0.168905,0.022089,0.017288,0.128058,0.013436
0.110582,0.037854,0.191507,0.117707,0.103754,0.073144,0.046168,0.126410,0.086678,0.106195
0.089068,0.028026,0.081518,0.125736,0.149192,0.112578,0.032146,0.136780,0.114817,0.130141
0.068216,0.100874,0.073670,0.112310,0.163723,0.105843,0.084915,0.107539,0.106339,0.076572
0.003461,0.003441,0.272971,0.003341,0.002780,0.700029,0.003305,0.002461,0.003657,0.004554
0.087154,0.026881,0.145241,0.105723,0.078072,0.113426,0.030744,0.112231,0.177203,0.123325
0.032880,0.038813,0.026913,0.033632,0.073867,0.480804,0.037955,0.033949,0.202031,0.039156
0.061613,0.095218,0.162120,0.091603,0.207513,0.082546,0.053518,0.079778,0.076041,0.090049
0.064949,0.060389,0.343323,0.087575,0.067689,0.065546,0.057637,0.117860,0.055350,0.079682
0.053010,0.067740,0.175789,0.057816,0.305307,0.066893,0.068538,0.076156,0.054960,0.073790
0.076607,0.071573,0.126934,0.074592,0.070909,0.072830,0.075353,0.073664,0.267904,0.089632
0.006096,0.005648,0.219132,0.006168,0.004663,0.701843,0.003638,0.042958,0.004319,0.005535
0.053725,0.104547,0.080774,0.126151,0.122908,0.137882,0.057446,0.133395,0.069271,0.113902
0.071508,0.080491,0.076482,0.082688,0.080529,0.274085,0.087033,0.082692,0.075531,0.088962
0.069998,0.090247,0.075210,0.115212,0.169204,0.092357,0.093920,0.103529,0.071394,0.118929
0.084698,0.082352,0.070751,0.104359,0.143207,0.100222,0.082701,0.182496,0.068123,0.081092
0.083710,0.087753,0.181016,0.088967,0.078903,0.092094,0.091047,0.096371,0.094845,0.105294
0.070074,0.107854,0.067229,0.124383,0.156120,0.097646,0.115791,0.102947,0.074872,0.083084
0.047884,0.041427,0.241883,0.096003,0.114093,0.122932,0.038055,0.140258,0.058641,0.098825
0.030507,0.009049,0.160557,0.024137,0.604291,0.050593,0.048264,0.023710,0.026530,0.022363
0.041971,0.044715,0.365089,0.040184,0.031441,0.035689,0.038683,0.031049,0.332452,0.038728
0.001088,0.000525,0.263651,0.000340,0.397663,0.310814,0.000427,0.000279,0.023164,0.002049
0.082550,0.101877,0.084775,0.102291,0.107371,0.104224,0.097060,0.127982,0.087756,0.104115
0.004547,0.004333,0.267093,0.004684,0.004033,0.688841,0.002537,0.003305,0.015592,0.005033
0.085208,0.096490,0.084417,0.102631,0.096458,0.113886,0.093913,0.108262,0.115352,0.103383
0.065421,0.103418,0.069510,0.125586,0.131256,0.098632,0.089602,0.128419,0.072301,0.115855
0.066198,0.073367,0.063534,0.072792,0.071973,0.330646,0.077331,0.077487,0.086629,0.080044
0.071926,0.091045,0.077215,0.092615,0.095572,0.103693,0.091471,0.200110,0.083064,0.093290
0.103382,0.093933,0.076483,0.121292,0.134976,0.109359,0.114750,0.064366,0.076121,0.105336
0.051760,0.073262,0.219019,0.059837,0.301263,0.080406,0.019338,0.073037,0.055535,0.066543
0.052412,0.024099,0.169274,0.077152,0.110472,0.086689,0.023240,0.053895,0.336921,0.065847
0.055894,0.041301,0.198294,0.132257,0.112592,0.117791,0.033980,0.111149,0.070290,0.126452
0.072743,0.088417,0.091164,0.095319,0.164020,0.104117,0.093863,0.117120,0.086630,0.086607
0.076679,0.081907,0.065734,0.080773,0.078195,0.305489,0.078873,0.077308,0.074959,0.080084
0.063457,0.096119,0.104732,0.097643,0.096780,0.092294,0.070100,0.083674,0.220164,0.075035
0.045230,0.122209,0.076001,0.174850,0.108060,0.112857,0.072264,0.053097,0.094876,0.140556
0.014096,0.024636,0.123213,0.025117,0.696831,0.024284,0.026940,0.020759,0.021147,0.022978
0.078663,0.095938,0.194283,0.095312,0.084364,0.084565,0.088475,0.080166,0.111381,0.086854
0.024532,0.038564,0.470126,0.029919,0.237384,0.061736,0.027723,0.062634,0.020048,0.027334
0.055659,0.056454,0.144715,0.071165,0.137089,0.083218,0.076811,0.052702,0.259496,0.062692
0.094003,0.041783,0.163351,0.130536,0.125949,0.139873,0.042607,0.063639,0.068265,0.129995
0.095203,0.104772,0.191864,0.073799,0.098391,0.103990,0.076709,0.089676,0.069768,0.095828
0.070378,0.075729,0.190789,0.065585,0.059944,0.063953,0.072171,0.065598,0.256451,0.079401
0.037640,0.011242,0.190923,0.070610,0.142420,0.306242,0.014785,0.068245,0.060801,0.097092
0.086959,0.098788,0.070949,0.083665,0.091441,0.089290,0.095624,0.211958,0.087047,0.084279
0.016357,0.006855,0.291671,0.017742,0.015721,0.571776,0.008690,0.015035,0.013556,0.042598
0.101117,0.096404,0.075900,0.091421,0.098688,0.114776,0.130841,0.122913,0.064077,0.103863
0.045078,0.055410,0.436767,0.056208,0.039237,0.047572,0.053312,0.148523,0.054560,0.063333
0.084517,0.096534,0.089563,0.100362,0.104943,0.113250,0.103164,0.119536,0.084419,0.103711
0.039716,0.097776,0.054171,0.103828,0.117402,0.165504,0.111421,0.089731,0.100417,0.120034
0.030804,0.053429,0.038926,0.046675,0.495541,0.140563,0.065766,0.045031,0.024747,0.058518
0.064307,0.087044,0.056835,0.101306,0.135509,0.263054,0.063265,0.080926,0.073073,0.074680
0.077066,0.086748,0.082338,0.088521,0.085881,0.097599,0.085598,0.226919,0.078762,0.090567
0.111242,0.112531,0.068385,0.129188,0.116003,0.115730,0.079144,0.107702,0.065884,0.094190
0.069071,0.101540,0.074977,0.101114,0.159145,0.107361,0.059168,0.129389,0.092111,0.106124
0.076316,0.116565,0.097120,0.101509,0.094004,0.120064,0.109953,0.095871,0.081223,0.107375
0.055404,0.036543,0.200051,0.115322,0.115500,0.125411,0.046904,0.127215,0.087149,0.090502
0.086214,0.109461,0.115967,0.097729,0.090110,0.106091,0.094959,0.091781,0.097322,0.110365
0.021423,0.022177,0.317268,0.029996,0.484672,0.025562,0.033067,0.017719,0.020878,0.027238
0.068359,0.065202,0.144622,0.068518,0.054655,0.079302,0.070731,0.050809,0.332943,0.064860
0.068324,0.095572,0.070876,0.089835,0.100629,0.246516,0.062405,0.107786,0.072547,0.085509
0.049295,0.049854,0.048126,0.053210,0.202284,0.334200,0.059722,0.100528,0.049474,0.053308
0.002039,0.003261,0.174433,0.002756,0.678083,0.002452,0.002969,0.002239,0.128988,0.002781
0.065739,0.091660,0.063585,0.095797,0.118187,0.103174,0.063184,0.110094,0.185881,0.102698
0.003223,0.002781,0.576051,0.004164,0.003445,0.393230,0.003698,0.003010,0.004046,0.006352
0.089736,0.101527,0.081767,0.105392,0.107482,0.117058,0.107314,0.099904,0.088489,0.101333
0.079294,0.091072,0.074950,0.107992,0.170680,0.102671,0.075314,0.113591,0.101486,0.082949
0.078257,0.087123,0.079863,0.081346,0.091362,0.098087,0.088861,0.231047,0.073439,0.090615
0.017993,0.005466,0.318490,0.025023,0.145811,0.341731,0.049636,0.019469,0.018587,0.057794
0.003540,0.003409,0.203466,0.002889,0.718496,0.002592,0.003280,0.002219,0.054855,0.005256
0.082502,0.089749,0.114452,0.074323,0.070484,0.081723,0.077076,0.083422,0.224960,0.101309
0.045191,0.037697,0.377442,0.081664,0.099412,0.097526,0.025456,0.084837,0.052978,0.097797
0.025988,0.030773,0.139326,0.039856,0.562543,0.034485,0.042003,0.035417,0.034205,0.055404
0.050096,0.041199,0.045146,0.064679,0.119822,0.411173,0.067758,0.066323,0.069376,0.064428
0.054022,0.050548,0.369182,0.066160,0.056665,0.054515,0.058615,0.128378,0.102379,0.059535
0.046804,0.079784,0.386690,0.065307,0.066816,0.068063,0.067535,0.064954,0.080905,0.073143
0.067789,0.082987,0.067166,0.101802,0.153554,0.111993,0.107759,0.134537,0.078787,0.093626
0.078522,0.081460,0.107961,0.082552,0.077433,0.173748,0.081509,0.047678,0.192086,0.077052
0.074921,0.079383,0.072777,0.070414,0.073854,0.201248,0.087501,0.050864,0.205876,0.083160
0.075074,0.095880,0.196287,0.078800,0.072314,0.101626,0.095271,0.084169,0.104931,0.095649
0.079247,0.098341,0.084262,0.121809,0.103174,0.115796,0.099314,0.110993,0.081820,0.105245
0.019860,0.008559,0.011730,0.018037,0.025701,0.027745,0.020592,0.059432,0.789267,0.019076
0.060363,0.108032,0.066229,0.095142,0.106163,0.096050,0.118317,0.161268,0.092071,0.096366
0.092016,0.106254,0.162770,0.090362,0.079662,0.087132,0.107333,0.089110,0.089282,0.096078
0.083806,0.096245,0.188974,0.083760,0.093903,0.092306,0.093995,0.078853,0.091353,0.096805
0.050822,0.061696,0.262171,0.064351,0.236348,0.073211,0.070290,0.072276,0.046328,0.062507
0.060135,0.055244,0.311830,0.065964,0.279320,0.058513,0.009193,0.039521,0.049178,0.071101
0.058382,0.029136,0.133527,0.106520,0.124973,0.181452,0.033077,0.109231,0.091947,0.131755
0.104524,0.113910,0.048475,0.129138,0.114483,0.129224,0.107431,0.049126,0.113728,0.089961
0.072812,0.092848,0.076988,0.095506,0.162129,0.110827,0.092529,0.112961,0.085162,0.098238
0.017538,0.011989,0.389264,0.016411,0.177565,0.012231,0.010673,0.038035,0.301284,0.025009
0.058344,0.101728,0.060042,0.099677,0.098515,0.169566,0.098400,0.116442,0.094302,0.102984
0.094697,0.125440,0.043902,0.113554,0.106972,0.121070,0.124377,0.097905,0.081323,0.090761
0.062607,0.079276,0.096137,0.102674,0.141234,0.112564,0.114070,0.127990,0.080500,0.082948
0.103651,0.097091,0.090681,0.096276,0.134749,0.106988,0.091816,0.104456,0.089303,0.084989
0.058144,0.071250,0.136971,0.077547,0.252591,0.090856,0.064639,0.056842,0.092660,0.098501
0.018119,0.019799,0.462558,0.012717,0.403435,0.016456,0.005827,0.014038,0.014230,0.032819
0.088417,0.102320,0.143101,0.093796,0.085585,0.095402,0.097241,0.094674,0.089536,0.109927
0.071198,0.103148,0.227435,0.076260,0.072435,0.104005,0.094157,0.068855,0.083975,0.098531
0.055562,0.045952,0.325043,0.065122,0.224168,0.059262,0.057000,0.067065,0.049772,0.051053
0.057532,0.098972,0.069779,0.102857,0.102678,0.103717,0.102224,0.111100,0.123643,0.127499
0.069596,0.099236,0.068995,0.118037,0.132105,0.104375,0.059111,0.116403,0.126644,0.105499
0.002586,0.003156,0.348249,0.001841,0.036791,0.531028,0.001330,0.002158,0.063110,0.009750
0.085293,0.099950,0.101115,0.119692,0.102278,0.114826,0.099765,0.099579,0.081812,0.095690
0.058074,0.100364,0.167293,0.111608,0.089854,0.088822,0.118960,0.103952,0.077872,0.083202
0.085489,0.098031,0.097729,0.114309,0.101965,0.100253,0.097383,0.117730,0.092107,0.095005
0.064992,0.082734,0.080535,0.078637,0.201793,0.085301,0.084720,0.140439,0.068464,0.112384
0.051743,0.103059,0.161637,0.121651,0.083946,0.105503,0.083747,0.119769,0.071394,0.097550
0.039118,0.032369,0.169037,0.037935,0.189357,0.370544,0.053305,0.050559,0.029698,0.028079
0.053175,0.059973,0.194971,0.063647,0.055991,0.058210,0.064976,0.067139,0.321539,0.060380
0.099503,0.095404,0.082505,0.099661,0.157058,0.102300,0.092987,0.096281,0.080986,0.093315
0.075921,0.121668,0.147454,0.105916,0.089927,0.117626,0.099264,0.078946,0.077859,0.085419
0.050187,0.037069,0.245853,0.102665,0.119074,0.119599,0.046934,0.114796,0.060025,0.103798
0.068799,0.090588,0.077380,0.118328,0.162893,0.094891,0.093152,0.095102,0.080553,0.118314
0.053899,0.062157,0.040287,0.062771,0.087730,0.389739,0.038271,0.054166,0.149054,0.061925
0.037510,0.121033,0.120732,0.102475,0.090100,0.206903,0.101700,0.041226,0.081742,0.096580
0.020901,0.030458,0.179163,0.031721,0.221629,0.390423,0.044713,0.028059,0.025092,0.027842
0.071196,0.068174,0.120524,0.064007,0.064151,0.078403,0.073207,0.062102,0.333359,0.064877
0.061838,0.091980,0.068799,0.091610,0.090944,0.205085,0.114133,0.093947,0.104688,0.076975
0.052042,0.110621,0.165723,0.102191,0.091353,0.108063,0.091765,0.076735,0.106022,0.095482
0.103438,0.115718,0.071440,0.101275,0.143200,0.108403,0.090271,0.101839,0.073783,0.090632
0.074703,0.085385,0.094845,0.102572,0.132360,0.117650,0.112360,0.107187,0.094923,0.078014
0.007802,0.003529,0.265873,0.006649,0.005160,0.678329,0.007793,0.006547,0.007154,0.011163
0.041258,0.029552,0.314692,0.047045,0.172812,0.063492,0.048098,0.159958,0.070779,0.052314
0.096313,0.111023,0.108838,0.100926,0.092036,0.103426,0.095726,0.088783,0.098774,0.104154
0.055725,0.010911,0.430318,0.055903,0.155894,0.063265,0.060658,0.048124,0.040454,0.078747
0.028766,0.012213,0.425984,0.036776,0.178931,0.090375,0.069606,0.070495,0.029796,0.057061
0.070455,0.072148,0.068433,0.077952,0.075480,0.310492,0.081654,0.080717,0.084532,0.078138
0.074322,0.024454,0.199186,0.080480,0.203291,0.084913,0.026819,0.076399,0.172853,0.057282
0.056476,0.027966,0.054707,0.138005,0.195404,0.136750,0.030704,0.146283,0.140492,0.073213
0.048079,0.011964,0.295958,0.043009,0.208984,0.088795,0.058478,0.043688,0.049562,0.151484
0.065243,0.071695,0.074302,0.125240,0.141475,0.110163,0.101266,0.124284,0.095537,0.090794
0.050311,0.054134,0.524379,0.053961,0.043270,0.055659,0.048009,0.051463,0.050092,0.068720
0.112676,0.029835,0.094883,0.122126,0.115561,0.197499,0.035798,0.117971,0.093777,0.079875
0.063615,0.133470,0.074629,0.119332,0.098487,0.114746,0.092278,0.124795,0.075503,0.103144
0.019758,0.037546,0.238280,0.025329,0.508156,0.026535,0.045214,0.025148,0.028080,0.045955
0.002032,0.001517,0.351979,0.000925,0.115909,0.481536,0.000713,0.000488,0.043148,0.001753
0.077679,0.103215,0.091002,0.095230,0.159170,0.111768,0.092754,0.090816,0.077361,0.101006
0.026326,0.012532,0.198106,0.033311,0.248792,0.052492,0.062581,0.042734,0.277326,0.045801
0.053268,0.066795,0.052837,0.071322,0.133829,0.352222,0.064723,0.087332,0.056037,0.061636
0.003776,0.003684,0.687727,0.003088,0.002760,0.286702,0.003605,0.002781,0.003070,0.002807
0.058467,0.038124,0.192793,0.107192,0.111147,0.134395,0.034328,0.144184,0.057449,0.121922
0.033188,0.030656,0.256571,0.030603,0.028269,0.032908,0.034419,0.030283,0.495558,0.027545
0.064358,0.099333,0.076218,0.104232,0.142622,0.117321,0.111575,0.117095,0.070715,0.096530
0.001986,0.001366,0.689776,0.002242,0.139596,0.159797,0.002084,0.000793,0.001454,0.000905
0.050372,0.108218,0.094433,0.089176,0.083416,0.162456,0.108084,0.103290,0.091232,0.109322
0.073399,0.091406,0.078858,0.110522,0.155544,0.107558,0.096973,0.114644,0.079580,0.091516
0.063340,0.115243,0.078846,0.101225,0.141893,0.119868,0.095392,0.126824,0.065165,0.092204
0.085508,0.083244,0.061253,0.085197,0.084137,0.263969,0.082512,0.089179,0.069571,0.095428
0.034986,0.046744,0.273213,0.046083,0.190796,0.042752,0.048552,0.221893,0.039566,0.055417
0.095475,0.096283,0.135857,0.099645,0.089749,0.093968,0.107450,0.089662,0.097880,0.094032
0.081754,0.097268,0.086464,0.119520,0.106679,0.102073,0.107064,0.109788,0.092759,0.096631
0.052146,0.068824,0.288628,0.064065,0.053811,0.074646,0.055174,0.229728,0.053342,0.059637
0.046595,0.057518,0.231728,0.051734,0.196243,0.054706,0.063522,0.177887,0.059920,0.060146
0.093354,0.100711,0.073331,0.089734,0.162434,0.108253,0.093672,0.104427,0.085578,0.088507
0.008570,0.011999,0.468520,0.012110,0.448185,0.010969,0.010799,0.009844,0.008778,0.010225
0.015438,0.006674,0.303037,0.013485,0.012162,0.600650,0.007438,0.011926,0.014784,0.014406
0.091288,0.086054,0.075895,0.113006,0.168998,0.097500,0.093760,0.109137,0.072280,0.092082
0.035597,0.041193,0.229690,0.052806,0.357015,0.063878,0.053663,0.058245,0.056444,0.051470
0.072293,0.071296,0.381881,0.060099,0.052494,0.073491,0.075890,0.063051,0.069659,0.079845
0.088077,0.089054,0.207845,0.079221,0.080578,0.095690,0.099063,0.090829,0.088446,0.081196
0.071642,0.068843,0.062134,0.090345,0.080695,0.325636,0.075487,0.076474,0.068762,0.079981
0.064177,0.107257,0.076753,0.098374,0.117460,0.119880,0.103154,0.130461,0.066524,0.115960
0.084914,0.071630,0.226577,0.081543,0.070032,0.088349,0.089891,0.090843,0.091771,0.104450
0.004636,0.002725,0.350846,0.001610,0.064272,0.516824,0.001740,0.001449,0.054208,0.001691
0.101405,0.098297,0.082840,0.094797,0.101405,0.101247,0.105253,0.118206,0.094366,0.102184
0.043449,0.074571,0.040098,0.067492,0.212751,0.339604,0.037906,0.068972,0.062261,0.052897
0.088870,0.097113,0.090530,0.103240,0.097603,0.102677,0.101790,0.119931,0.094150,0.104097
0.075868,0.096175,0.083622,0.119404,0.100372,0.117001,0.096485,0.123579,0.085539,0.101955
0.008394,0.007650,0.399628,0.010268,0.305238,0.012741,0.009382,0.008047,0.220173,0.018479
0.077247,0.087408,0.042659,0.144389,0.111653,0.089561,0.129904,0.087103,0.128309,0.101766
0.068424,0.081199,0.060682,0.075252,0.071303,0.355200,0.076427,0.067277,0.071192,0.073043
0.057592,0.068239,0.130210,0.072298,0.124499,0.076305,0.074986,0.067533,0.245594,0.082743
0.074185,0.092143,0.167935,0.098111,0.095137,0.095249,0.102943,0.091639,0.079984,0.102674
0.063426,0.100257,0.103903,0.114963,0.102936,0.100549,0.117816,0.096458,0.107491,0.092202
0.082381,0.093265,0.270830,0.074058,0.072383,0.093107,0.084684,0.063962,0.079674,0.085656
0.030313,0.036215,0.235157,0.037161,0.495239,0.027590,0.033028,0.030496,0.027116,0.047685
0.081441,0.053870,0.097231,0.160423,0.153634,0.096304,0.059283,0.047995,0.068817,0.181003
0.035592,0.039572,0.198567,0.042394,0.439928,0.062934,0.038533,0.074189,0.030056,0.038234
0.081190,0.095269,0.081013,0.100798,0.154449,0.109416,0.092925,0.110179,0.081811,0.092952
0.044396,0.076974,0.186089,0.084029,0.306908,0.069554,0.057411,0.069928,0.051327,0.053383
0.003797,0.002779,0.279240,0.003692,0.691806,0.003241,0.004709,0.003112,0.003462,0.004163
0.053921,0.069850,0.431031,0.058104,0.042042,0.069074,0.063092,0.046166,0.088524,0.078197
0.079072,0.091344,0.085322,0.089534,0.163985,0.112234,0.091156,0.110150,0.079785,0.097419
0.076159,0.086106,0.068860,0.082048,0.075215,0.292248,0.078512,0.073674,0.076833,0.090344
0.088031,0.092241,0.085514,0.102519,0.103023,0.109999,0.103376,0.096232,0.119164,0.099901
0.086550,0.083639,0.077181,0.110879,0.095035,0.100993,0.090558,0.184316,0.084382,0.086467
0.019314,0.018928,0.168651,0.018790,0.013340,0.638354,0.013422,0.077732,0.015338,0.016132
0.089124,0.115884,0.071086,0.083796,0.093015,0.206292,0.086590,0.098806,0.065052,0.090354
0.074392,0.093086,0.131872,0.110017,0.095280,0.108381,0.091133,0.078485,0.100538,0.116816
0.071801,0.094842,0.079697,0.128310,0.110974,0.120619,0.100824,0.120509,0.063904,0.108519
0.025180,0.008329,0.492696,0.050970,0.248927,0.036083,0.007252,0.045929,0.029503,0.055131
0.069642,0.083657,0.227741,0.084419,0.080419,0.095705,0.115520,0.079158,0.067042,0.096696
0.060104,0.059639,0.220533,0.065275,0.054261,0.069443,0.058326,0.055022,0.303412,0.053985
0.105847,0.099062,0.082042,0.099874,0.103488,0.102285,0.097201,0.096910,0.117495,0.095796
0.086711,0.079636,0.292152,0.081479,0.071180,0.090780,0.075499,0.065564,0.082401,0.074597
0.000623,0.000274,0.476653,0.000354,0.288078,0.232365,0.000584,0.000180,0.000198,0.000692
0.072455,0.062024,0.194537,0.072124,0.243098,0.074051,0.066238,0.079581,0.060935,0.074957
0.021030,0.027946,0.396218,0.022307,0.312362,0.037210,0.031087,0.027002,0.065209,0.059627
0.034294,0.044868,0.292755,0.025530,0.444243,0.026863,0.034654,0.028818,0.034140,0.033836
0.094866,0.105846,0.170800,0.088604,0.084561,0.095417,0.097461,0.074700,0.096626,0.091120
0.058886,0.081241,0.064535,0.104748,0.081267,0.102713,0.093730,0.241738,0.080622,0.090520
0.003189,0.001907,0.316477,0.002909,0.001804,0.556403,0.003672,0.002049,0.104709,0.006881
0.073992,0.110936,0.098209,0.107334,0.109271,0.112955,0.096922,0.103919,0.091000,0.095462
0.045468,0.114355,0.051559,0.114776,0.097128,0.169314,0.122750,0.100337,0.096432,0.087881
0.075799,0.021604,0.199498,0.074186,0.062884,0.055446,0.020747,0.050665,0.372085,0.067085
0.082833,0.088616,0.194367,0.088871,0.085089,0.096822,0.097075,0.094717,0.083706,0.087905
0.071914,0.105046,0.075133,0.124952,0.108712,0.111703,0.110574,0.122522,0.062538,0.106905
0.020866,0.012791,0.193190,0.049773,0.539726,0.031362,0.045824,0.040122,0.028027,0.038319
0.062851,0.073473,0.199667,0.065493,0.061940,0.067516,0.073295,0.068071,0.263333,0.064361
0.117427,0.118905,0.059877,0.131222,0.102793,0.114497,0.114438,0.049804,0.096213,0.094822
0.069893,0.102851,0.074219,0.093375,0.102237,0.105954,0.133612,0.134453,0.084126,0.099280
0.067929,0.081706,0.094483,0.123608,0.140954,0.104997,0.103853,0.123481,0.071161,0.087828
0.094178,0.100170,0.132730,0.095206,0.081446,0.104954,0.096073,0.102528,0.090364,0.102351
0.093257,0.091157,0.089341,0.095359,0.162857,0.103029,0.095538,0.105849,0.078055,0.085557
0.080459,0.097591,0.237766,0.082816,0.080250,0.073244,0.092161,0.083827,0.068163,0.103722
0.101745,0.040961,0.235811,0.093771,0.110724,0.110705,0.033481,0.107078,0.101002,0.064722
0.086864,0.082536,0.166223,0.076490,0.156248,0.084537,0.094766,0.083670,0.072827,0.095839
0.039451,0.102548,0.061508,0.097800,0.096475,0.154196,0.048055,0.108570,0.197369,0.094028
0.071917,0.088388,0.091816,0.096272,0.150336,0.109762,0.103714,0.099433,0.081364,0.106998
0.001690,0.002153,0.068519,0.001747,0.000980,0.397645,0.002054,0.015340,0.508257,0.001616
0.105679,0.133056,0.066274,0.106522,0.099119,0.094732,0.100219,0.119540,0.084011,0.090848
0.043634,0.032476,0.125275,0.040425,0.039127,0.045497,0.037662,0.043177,0.554212,0.038515
0.041696,0.046406,0.213269,0.058216,0.338605,0.058166,0.054626,0.071386,0.060888,0.056743
0.066136,0.088813,0.081514,0.113291,0.165058,0.093269,0.095905,0.121019,0.074117,0.100878
0.009825,0.009930,0.193847,0.007558,0.558818,0.011586,0.011470,0.007667,0.180800,0.008500
0.038617,0.039980,0.129554,0.031359,0.032089,0.038995,0.030638,0.033128,0.580087,0.045553
0.005432,0.003138,0.308414,0.003321,0.003265,0.648696,0.005783,0.004403,0.013611,0.003937
0.067625,0.071538,0.050629,0.070124,0.064518,0.373556,0.073566,0.064271,0.083475,0.080700
0.083451,0.095751,0.111894,0.093540,0.093427,0.184727,0.120006,0.052356,0.062596,0.102253
0.060434,0.072947,0.357979,0.091032,0.073551,0.099538,0.050938,0.062221,0.066915,0.064447
0.021039,0.008326,0.093167,0.069092,0.258874,0.364337,0.006104,0.043191,0.105996,0.029873
0.076054,0.081204,0.065135,0.077967,0.076796,0.272751,0.081456,0.107252,0.076673,0.084713
0.045774,0.039613,0.419220,0.050502,0.057555,0.050977,0.072596,0.136206,0.047949,0.079608
0.004848,0.001146,0.351172,0.002220,0.099246,0.533110,0.002210,0.001572,0.001986,0.002489
0.067888,0.085523,0.192234,0.091202,0.086832,0.088277,0.116201,0.099016,0.074578,0.098249
0.088609,0.091152,0.146884,0.090769,0.090471,0.103732,0.101682,0.085844,0.096138,0.104719
0.087261,0.094717,0.182807,0.104242,0.073505,0.096932,0.099816,0.080512,0.086062,0.094145
0.090375,0.097706,0.096222,0.095440,0.102470,0.112286,0.098266,0.108989,0.092421,0.105825
0.007537,0.004842,0.286719,0.009567,0.006263,0.653278,0.008216,0.008307,0.008010,0.007262
0.061115,0.066864,0.221845,0.072838,0.065094,0.078787,0.074990,0.234674,0.057878,0.065915
0.065890,0.107031,0.069866,0.112915,0.111236,0.096887,0.069811,0.135345,0.089113,0.141905
0.059781,0.061473,0.277379,0.065075,0.073043,0.090007,0.085135,0.147870,0.067148,0.073089
0.035104,0.048225,0.315205,0.046731,0.044240,0.049212,0.020018,0.074471,0.325268,0.041525
0.087361,0.099172,0.085472,0.115218,0.108395,0.104239,0.100372,0.111035,0.093480,0.095257
0.007077,0.003616,0.322488,0.002234,0.029799,0.463210,0.000783,0.018764,0.133635,0.018394
0.080352,0.106992,0.099586,0.111300,0.138231,0.113133,0.068074,0.090464,0.087528,0.104341
0.010485,0.017877,0.432357,0.015811,0.012310,0.433849,0.006127,0.040924,0.014573,0.015687
0.061974,0.073704,0.161394,0.100757,0.219180,0.095437,0.049294,0.091221,0.067621,0.079418
0.001600,0.002313,0.486570,0.002081,0.152872,0.299380,0.002566,0.000936,0.050100,0.001583
0.079466,0.038404,0.073479,0.147135,0.140978,0.107236,0.041492,0.158178,0.087598,0.126034
0.053785,0.017764,0.320119,0.103646,0.178847,0.094470,0.021087,0.059938,0.053804,0.096539
0.047901,0.072244,0.457116,0.059346,0.064537,0.053691,0.057068,0.069375,0.072338,0.046384
0.086647,0.077196,0.197472,0.091721,0.083737,0.099809,0.087322,0.092001,0.080485,0.103609
0.060194,0.099952,0.182451,0.091598,0.087602,0.085204,0.120378,0.095463,0.086527,0.090632
0.077972,0.096847,0.077580,0.105793,0.112617,0.113566,0.103621,0.104017,0.096679,0.111308
0.034229,0.030370,0.075009,0.130961,0.236233,0.135928,0.031453,0.134247,0.071404,0.120166
0.051638,0.111182,0.062236,0.098979,0.091685,0.199821,0.104332,0.106140,0.090295,0.083693
0.060309,0.029457,0.091589,0.108611,0.108471,0.091068,0.030450,0.129225,0.239960,0.110861
0.078251,0.094595,0.085211,0.097169,0.101729,0.109210,0.098931,0.119778,0.097505,0.117622
0.057632,0.015903,0.060069,0.120630,0.126447,0.345473,0.018537,0.079217,0.081261,0.094832
0.005505,0.004110,0.130847,0.010203,0.029422,0.007945,0.010593,0.033112,0.760236,0.008026
0.071224,0.086983,0.063660,0.086300,0.115104,0.276738,0.065260,0.076582,0.072702,0.085447
0.010540,0.014677,0.423173,0.006136,0.516375,0.007238,0.002536,0.007533,0.006045,0.005747
0.057548,0.067370,0.334348,0.068201,0.224113,0.058216,0.018748,0.060105,0.048746,0.062604
0.109522,0.089589,0.063944,0.097893,0.103336,0.110055,0.101841,0.123130,0.090369,0.110322
0.099099,0.115823,0.070347,0.119880,0.095890,0.107838,0.097069,0.126182,0.083118,0.084754
0.083303,0.091624,0.160474,0.086477,0.079579,0.100930,0.096186,0.098681,0.111417,0.091328
0.047691,0.055269,0.506804,0.068410,0.044416,0.049578,0.056265,0.056012,0.060395,0.055159
0.046962,0.048990,0.526132,0.040589,0.036930,0.044100,0.054708,0.049086,0.082732,0.069772
0.040277,0.015043,0.319143,0.040205,0.129647,0.043227,0.048240,0.055727,0.267026,0.041464
0.067533,0.114981,0.166521,0.089034,0.076914,0.101026,0.089928,0.107578,0.100686,0.085799
0.082271,0.082646,0.186352,0.087438,0.088700,0.096355,0.084055,0.128701,0.075881,0.087602
0.030927,0.038760,0.082165,0.030452,0.286789,0.309315,0.009869,0.044963,0.128512,0.038247
0.072875,0.112106,0.068463,0.106808,0.142855,0.109755,0.073834,0.120068,0.103878,0.089360
0.077338,0.083723,0.070959,0.100341,0.083283,0.096004,0.085860,0.242648,0.075336,0.084507
0.057130,0.078310,0.256616,0.067138,0.199509,0.084645,0.061278,0.077131,0.056084,0.062160
0.065840,0.075101,0.311571,0.079860,0.076531,0.084074,0.086738,0.059895,0.068549,0.091841
0.013134,0.003893,0.429185,0.008467,0.493626,0.012156,0.010099,0.008651,0.009507,0.011281
0.002679,0.002105,0.054914,0.002928,0.002079,0.002981,0.003454,0.029610,0.895938,0.003311
0.012100,0.020836,0.398748,0.008520,0.008042,0.467438,0.010821,0.046700,0.009677,0.017119
0.069706,0.093858,0.205513,0.088777,0.085511,0.101731,0.092917,0.078567,0.081190,0.102230
0.107041,0.093097,0.083980,0.118676,0.110105,0.114745,0.109220,0.081829,0.084215,0.097092
0.060619,0.065094,0.042617,0.060712,0.062311,0.429143,0.066200,0.080719,0.057462,0.075122
0.097122,0.094332,0.054838,0.103861,0.095623,0.173528,0.117945,0.047579,0.097062,0.118109
0.047788,0.058944,0.071176,0.103317,0.112883,0.142148,0.128577,0.129312,0.093781,0.112075
0.033606,0.045693,0.277314,0.054680,0.350543,0.057485,0.044920,0.050447,0.039257,0.046054
0.073210,0.057889,0.151620,0.088447,0.086850,0.083209,0.082895,0.078321,0.204237,0.093323
0.061697,0.073011,0.069168,0.079994,0.076155,0.249955,0.071301,0.072850,0.170271,0.075598
0.103437,0.034177,0.051435,0.123195,0.204529,0.120144,0.038893,0.118236,0.094816,0.111137
0.102871,0.092092,0.096097,0.123759,0.099939,0.104339,0.098572,0.122213,0.078362,0.081755
0.007508,0.008315,0.109035,0.008873,0.005681,0.754574,0.010309,0.076449,0.008504,0.010750
0.099145,0.089158,0.075413,0.096742,0.138271,0.107440,0.106765,0.120076,0.065106,0.101884
0.061344,0.092949,0.081552,0.088652,0.173566,0.101755,0.090909,0.150632,0.064168,0.094474
0.095803,0.106183,0.122302,0.105819,0.098972,0.083670,0.104799,0.082660,0.102463,0.097329
0.069071,0.088441,0.076885,0.084829,0.160058,0.097827,0.099528,0.121649,0.085404,0.116307
0.039466,0.063829,0.513211,0.052176,0.043567,0.063398,0.044201,0.055786,0.074290,0.050078
0.096653,0.090512,0.181541,0.089522,0.085648,0.093486,0.102659,0.078861,0.086735,0.094384
0.097545,0.105955,0.096285,0.101691,0.105434,0.110961,0.096071,0.072713,0.094698,0.118648
0.041674,0.159346,0.059516,0.158832,0.158360,0.096538,0.092011,0.043407,0.122476,0.067839
0.067705,0.084000,0.214134,0.086749,0.086505,0.088004,0.096005,0.092371,0.090682,0.093844
0.012345,0.004104,0.048592,0.019804,0.437692,0.249178,0.015762,0.023058,0.179290,0.010174
0.058409,0.038843,0.282766,0.113221,0.097082,0.092587,0.047009,0.098765,0.061206,0.110111
0.090302,0.076240,0.058777,0.077195,0.083114,0.255444,0.096987,0.100005,0.070736,0.091199
0.065359,0.053921,0.061571,0.082081,0.117121,0.317593,0.082259,0.069053,0.073947,0.077095
0.059661,0.043906,0.231082,0.095873,0.103529,0.118496,0.035634,0.113387,0.085196,0.113236
0.022616,0.029382,0.156563,0.030483,0.356746,0.025172,0.027466,0.027462,0.270203,0.053906
0.089098,0.104696,0.107228,0.099120,0.095458,0.110819,0.112179,0.096790,0.095880,0.088730
