0.030411,0.087650,0.032771,0.080619,0.465828,0.041033,0.060807,0.118367,0.035122,0.047392
0.024593,0.123312,0.075521,0.086058,0.079144,0.109240,0.082592,0.019494,0.326937,0.073109
0.075533,0.109911,0.112216,0.121879,0.108208,0.150973,0.112512,0.027878,0.057329,0.123559
0.076310,0.126495,0.089369,0.124262,0.138036,0.071457,0.131372,0.091032,0.083296,0.068371
0.051970,0.106802,0.110024,0.125068,0.113105,0.141340,0.097149,0.106561,0.077057,0.070924
0.053427,0.111556,0.039126,0.138232,0.106256,0.184102,0.128749,0.143139,0.053705,0.041708
0.037828,0.058687,0.041927,0.092862,0.300856,0.123168,0.105539,0.126412,0.055632,0.057088
0.049900,0.095331,0.094444,0.086342,0.089486,0.127088,0.222125,0.095196,0.050994,0.089095
0.053259,0.123939,0.066963,0.099349,0.112030,0.232378,0.127024,0.056721,0.042308,0.086029
0.044970,0.081772,0.043081,0.117323,0.145880,0.150348,0.096885,0.135129,0.063107,0.121506
0.118365,0.111918,0.125903,0.119807,0.121195,0.059337,0.131042,0.101139,0.051770,0.059525
0.023841,0.062208,0.278701,0.059002,0.259657,0.077844,0.056302,0.073712,0.072735,0.036000
0.034369,0.110493,0.069823,0.144311,0.127596,0.203035,0.134773,0.034938,0.056266,0.084394
0.022999,0.052476,0.344195,0.077798,0.274738,0.033282,0.063476,0.018591,0.038834,0.073611
0.042498,0.109496,0.117521,0.118845,0.125762,0.053023,0.127718,0.126382,0.079633,0.099121
0.062014,0.129666,0.053119,0.111278,0.169188,0.064050,0.121757,0.076811,0.068012,0.144104
0.027885,0.050085,0.269299,0.089056,0.289475,0.032357,0.073688,0.022727,0.063234,0.082194
0.093494,0.113715,0.046631,0.085647,0.136584,0.184726,0.125889,0.116163,0.052607,0.044544
0.050682,0.101419,0.106704,0.093185,0.103051,0.162989,0.104584,0.111005,0.067096,0.099285
0.053535,0.093868,0.106675,0.098935,0.103851,0.156148,0.100909,0.098362,0.076948,0.110770
0.030384,0.124706,0.268363,0.074126,0.068851,0.092155,0.162774,0.081124,0.059381,0.038136
0.050769,0.123770,0.045952,0.084247,0.113346,0.208911,0.101788,0.159371,0.049839,0.062006
0.068658,0.091282,0.051099,0.069256,0.345383,0.129688,0.075197,0.088848,0.033118,0.047471
0.035343,0.074670,0.303093,0.072079,0.086507,0.116834,0.090424,0.095551,0.057228,0.068270
0.031790,0.102126,0.051713,0.078897,0.261844,0.113660,0.088406,0.115632,0.039355,0.116579
0.060200,0.072652,0.256080,0.064806,0.279525,0.074848,0.051693,0.069143,0.026411,0.044643
0.033454,0.100659,0.103073,0.115613,0.102572,0.140650,0.104208,0.098475,0.099207,0.102090
0.037733,0.105829,0.122911,0.117071,0.112454,0.148504,0.114882,0.121011,0.054057,0.065549
0.033424,0.063836,0.362314,0.074590,0.087635,0.141280,0.100481,0.048600,0.039414,0.048425
0.036113,0.077665,0.117956,0.108830,0.253894,0.047695,0.105209,0.116200,0.040312,0.096126
0.091017,0.172627,0.099101,0.091343,0.096834,0.118257,0.098319,0.092305,0.046405,0.093792
0.039938,0.083266,0.313236,0.076531,0.079048,0.121031,0.061995,0.100155,0.047863,0.076935
0.047869,0.098186,0.104132,0.108993,0.092603,0.131245,0.218879,0.060299,0.089483,0.048312
0.104599,0.102635,0.048086,0.096117,0.121108,0.223826,0.121565,0.060348,0.057352,0.064365
0.038567,0.082690,0.344923,0.084286,0.094956,0.096630,0.109044,0.048869,0.051505,0.048530
0.031216,0.092210,0.316315,0.093629,0.112699,0.138734,0.093736,0.041886,0.039774,0.039802
0.034935,0.088207,0.287958,0.078927,0.073216,0.114226,0.089502,0.094634,0.041094,0.097301
0.029942,0.072780,0.308188,0.082130,0.200090,0.104295,0.072383,0.018428,0.037382,0.074382
0.062403,0.057993,0.257923,0.065136,0.215488,0.092612,0.102866,0.058504,0.028343,0.058731
0.041122,0.058756,0.402148,0.090491,0.113054,0.046284,0.065363,0.088457,0.045115,0.049210
0.042344,0.099413,0.103946,0.108664,0.193414,0.138509,0.101759,0.101039,0.049240,0.061671
0.041337,0.082441,0.298229,0.083204,0.087115,0.104239,0.151097,0.043374,0.036740,0.072224
0.056465,0.088330,0.366703,0.085803,0.099113,0.042111,0.095734,0.025811,0.055743,0.084188
0.029231,0.088523,0.093687,0.095762,0.160472,0.114739,0.197482,0.050170,0.081397,0.088538
0.046781,0.116078,0.041073,0.101497,0.131385,0.173291,0.120539,0.143253,0.044096,0.082006
0.052389,0.101570,0.114012,0.106607,0.141338,0.142258,0.103704,0.104409,0.070339,0.063373
0.046633,0.106915,0.103437,0.078283,0.297007,0.040956,0.103796,0.081381,0.039072,0.102520
0.103489,0.099808,0.108209,0.105290,0.108130,0.110133,0.111164,0.103865,0.048680,0.101231
0.043201,0.085423,0.343749,0.100586,0.105046,0.040658,0.099962,0.088631,0.039922,0.052821
0.023829,0.108332,0.260438,0.072720,0.175785,0.094525,0.140195,0.065660,0.030506,0.028009
0.060447,0.103960,0.071731,0.145126,0.114588,0.058068,0.147447,0.124448,0.054760,0.119424
0.024019,0.071651,0.301159,0.089522,0.085825,0.111772,0.087502,0.093683,0.057035,0.077834
0.076581,0.156730,0.082348,0.077676,0.070334,0.120566,0.215532,0.083778,0.036223,0.080232
0.037801,0.084207,0.384380,0.085359,0.071238,0.042708,0.085282,0.083157,0.042066,0.083802
0.043513,0.131613,0.045148,0.141111,0.140204,0.056358,0.111130,0.039750,0.172032,0.119142
0.032529,0.068917,0.050735,0.081850,0.462035,0.043650,0.111096,0.029358,0.042538,0.077292
0.032023,0.115601,0.305052,0.082105,0.082126,0.133884,0.081509,0.085098,0.040099,0.042503
0.036768,0.081060,0.362701,0.088537,0.107778,0.044494,0.067612,0.115696,0.048736,0.046618
0.087894,0.118134,0.101125,0.115897,0.103812,0.137082,0.087248,0.096460,0.093049,0.059299
0.038600,0.084649,0.358032,0.082609,0.089936,0.107993,0.091672,0.022637,0.041941,0.081932
0.049416,0.108748,0.106555,0.094410,0.226739,0.042495,0.141160,0.096162,0.052538,0.081778
0.035846,0.058588,0.204710,0.086736,0.348015,0.040038,0.065157,0.045311,0.043477,0.072122
0.041150,0.063578,0.297695,0.087329,0.102173,0.122571,0.098601,0.045873,0.037968,0.103062
0.056781,0.099718,0.046937,0.132478,0.114177,0.190217,0.124208,0.060363,0.066310,0.108810
0.033963,0.063920,0.231905,0.068167,0.332297,0.114205,0.069915,0.020370,0.031234,0.034023
0.040219,0.172770,0.102257,0.088127,0.096584,0.128537,0.100747,0.091785,0.088012,0.090962
0.042386,0.100508,0.043794,0.138008,0.128530,0.132939,0.116403,0.146017,0.049450,0.101965
0.031695,0.119339,0.035372,0.116902,0.119312,0.240822,0.122270,0.049079,0.055904,0.109306
0.020398,0.067469,0.276357,0.065681,0.338234,0.036901,0.080633,0.020336,0.029363,0.064628
0.035493,0.111931,0.043458,0.116122,0.112852,0.163877,0.119958,0.117302,0.110104,0.068904
0.044444,0.089623,0.044615,0.068824,0.345978,0.047222,0.075413,0.137599,0.048912,0.097370
0.025818,0.046535,0.026962,0.063716,0.425109,0.159725,0.079663,0.092906,0.033231,0.046334
0.040672,0.093719,0.040042,0.142720,0.131207,0.188793,0.118564,0.149384,0.052505,0.042393
0.042789,0.142469,0.047823,0.129397,0.125954,0.055185,0.102486,0.169909,0.112368,0.071620
0.048715,0.096519,0.040970,0.143174,0.103618,0.234555,0.117462,0.113560,0.051524,0.049904
0.036118,0.087137,0.103338,0.099615,0.189956,0.136770,0.092189,0.096349,0.067620,0.090908
0.054017,0.186466,0.104522,0.112733,0.105779,0.105018,0.105704,0.107320,0.050862,0.067578
0.036415,0.082465,0.296889,0.086659,0.083281,0.111597,0.089656,0.090905,0.043378,0.078755
0.041115,0.142876,0.078906,0.069480,0.178265,0.100798,0.194594,0.077500,0.034471,0.081996
0.039049,0.074630,0.030043,0.079875,0.404895,0.107712,0.073405,0.022843,0.079609,0.087940
0.099189,0.102014,0.108900,0.097668,0.216262,0.142559,0.101437,0.026088,0.061283,0.044600
0.036688,0.081997,0.355931,0.079210,0.084960,0.123064,0.081559,0.022120,0.055389,0.079083
0.059281,0.102227,0.109780,0.109072,0.103897,0.140749,0.103164,0.109486,0.057556,0.104786
0.032528,0.204070,0.112233,0.118684,0.109183,0.107796,0.110336,0.027727,0.066925,0.110516
0.034903,0.095487,0.067504,0.110209,0.113844,0.185310,0.133320,0.134889,0.048540,0.075995
0.093944,0.153742,0.099525,0.096993,0.098522,0.046468,0.173127,0.101132,0.040760,0.095786
0.059097,0.107489,0.111995,0.123824,0.108702,0.110914,0.105201,0.107763,0.101056,0.063959
0.044349,0.104517,0.072424,0.101286,0.122968,0.142857,0.148299,0.128881,0.060067,0.074352
0.038387,0.126152,0.041046,0.119882,0.138111,0.143522,0.135542,0.060829,0.127303,0.069227
0.028497,0.060078,0.031402,0.110162,0.389102,0.177334,0.089136,0.045480,0.034881,0.033929
0.042451,0.162153,0.097458,0.102143,0.096625,0.129654,0.094483,0.106879,0.075684,0.092470
0.033513,0.062376,0.296002,0.071418,0.095069,0.160012,0.085659,0.100669,0.046410,0.048873
0.043108,0.079082,0.041626,0.124463,0.322821,0.045169,0.096464,0.141578,0.040962,0.064726
0.075522,0.167934,0.080877,0.080730,0.078773,0.106782,0.179868,0.075751,0.080219,0.073544
0.021687,0.073191,0.269723,0.071242,0.213359,0.118193,0.075224,0.080807,0.047818,0.028755
0.059309,0.108879,0.112287,0.118738,0.102484,0.148560,0.122567,0.027124,0.096896,0.103157
0.039536,0.092499,0.319535,0.107308,0.092964,0.137181,0.092491,0.024229,0.059190,0.035068
0.024078,0.140253,0.270693,0.084347,0.082977,0.109233,0.085137,0.076530,0.043272,0.083478
0.030490,0.176404,0.095235,0.105915,0.091729,0.125739,0.105218,0.086915,0.083628,0.098726
0.036078,0.108944,0.112058,0.113812,0.106743,0.146252,0.106685,0.060977,0.105065,0.103386
0.043776,0.172975,0.076545,0.091505,0.163195,0.101469,0.198546,0.020015,0.048519,0.083454
0.089787,0.148444,0.093592,0.096253,0.149963,0.120313,0.086830,0.085023,0.043294,0.086501
0.031973,0.075227,0.321921,0.085773,0.089431,0.117217,0.079917,0.093625,0.034755,0.070162
0.043568,0.111439,0.277299,0.088908,0.083577,0.115680,0.072834,0.081576,0.045513,0.079606
0.056553,0.044414,0.209889,0.061887,0.395812,0.027565,0.047892,0.065937,0.025846,0.064206
0.095199,0.109489,0.095640,0.096848,0.091612,0.146204,0.098512,0.100681,0.061054,0.104761
0.043248,0.068378,0.060464,0.139544,0.266468,0.051016,0.085190,0.151737,0.051000,0.082954
0.038533,0.097071,0.255189,0.096326,0.085567,0.129115,0.125230,0.022730,0.080134,0.070104
0.051579,0.093575,0.074589,0.164047,0.126103,0.190880,0.117803,0.069748,0.057453,0.054222
0.057689,0.059605,0.041752,0.061380,0.433758,0.108922,0.054501,0.074683,0.031860,0.075850
0.032968,0.059745,0.197590,0.068033,0.375079,0.028875,0.075095,0.079169,0.031235,0.052212
0.036291,0.117150,0.291000,0.071574,0.080227,0.104632,0.075310,0.079250,0.073165,0.071400
0.043365,0.093563,0.043774,0.101770,0.127673,0.220334,0.117565,0.134001,0.055783,0.062173
0.037947,0.069347,0.044803,0.069429,0.456419,0.132187,0.075826,0.038415,0.032111,0.043516
0.035536,0.058488,0.380988,0.066664,0.107341,0.040360,0.092595,0.122259,0.039840,0.055929
0.038456,0.077598,0.302838,0.082200,0.089036,0.105779,0.083734,0.073430,0.058135,0.088794
0.055045,0.100201,0.126384,0.113442,0.231600,0.048784,0.117733,0.060519,0.035816,0.110477
0.067034,0.118063,0.132598,0.127327,0.127769,0.057653,0.127243,0.069230,0.058922,0.114160
0.055463,0.117152,0.137955,0.141636,0.128967,0.068434,0.112980,0.034601,0.081356,0.121457
0.107001,0.166243,0.122519,0.139039,0.124468,0.059800,0.118368,0.031157,0.062538,0.068867
0.051566,0.101899,0.112515,0.112021,0.105852,0.141717,0.109472,0.102142,0.097133,0.065683
0.094794,0.102348,0.102900,0.106612,0.096661,0.154637,0.103194,0.097849,0.072672,0.068334
0.030711,0.071731,0.311579,0.073415,0.083245,0.110945,0.087630,0.080053,0.077913,0.072778
0.036365,0.100259,0.103426,0.116079,0.104878,0.134621,0.105372,0.113037,0.072808,0.113156
0.104131,0.088551,0.093072,0.107099,0.095969,0.117063,0.226665,0.023474,0.056448,0.087527
0.038526,0.115452,0.127106,0.130644,0.136235,0.061313,0.134407,0.126941,0.065398,0.063977
0.028805,0.070507,0.050655,0.080307,0.493574,0.038132,0.098756,0.029023,0.034665,0.075576
0.031295,0.053461,0.039043,0.075393,0.482961,0.038999,0.097298,0.091187,0.036719,0.053644
0.086663,0.082757,0.089883,0.079099,0.091377,0.117902,0.184592,0.102580,0.065607,0.099540
0.039215,0.084862,0.397922,0.084433,0.074584,0.048793,0.101549,0.041672,0.042736,0.084234
0.025990,0.086619,0.029323,0.090862,0.489287,0.099054,0.079470,0.026352,0.041250,0.031792
0.035912,0.076997,0.042880,0.071228,0.448268,0.098762,0.066415,0.091193,0.034241,0.034104
0.043086,0.092223,0.096956,0.096540,0.089245,0.125032,0.181398,0.100690,0.082743,0.092088
0.077133,0.065659,0.305843,0.100790,0.098612,0.038056,0.092159,0.097526,0.091121,0.033100
0.058301,0.098459,0.132493,0.120658,0.132117,0.060584,0.121462,0.130277,0.059602,0.086047
0.031618,0.089268,0.396909,0.079583,0.081753,0.047298,0.110696,0.032189,0.050431,0.080255
0.044422,0.122186,0.054280,0.086579,0.196749,0.053954,0.123885,0.159638,0.054095,0.104212
0.079088,0.101506,0.038492,0.099361,0.102005,0.139092,0.146883,0.153680,0.034780,0.105113
0.037914,0.158650,0.082314,0.073841,0.080752,0.109208,0.194838,0.083730,0.100075,0.078677
0.042525,0.113657,0.099916,0.101314,0.156961,0.157998,0.082014,0.097339,0.095133,0.053142
0.055257,0.094646,0.288995,0.090426,0.111111,0.045898,0.080651,0.132102,0.058629,0.042285
0.057371,0.142098,0.036142,0.100839,0.121368,0.156644,0.126656,0.146891,0.052393,0.059597
0.035429,0.104419,0.107172,0.091073,0.342668,0.040781,0.089250,0.101120,0.038808,0.049279
0.030377,0.066112,0.258838,0.064117,0.183232,0.095396,0.115291,0.065998,0.055562,0.065076
0.051532,0.093325,0.293745,0.106004,0.092366,0.135294,0.101502,0.025837,0.055570,0.044825
0.033755,0.064137,0.262379,0.069147,0.217013,0.093450,0.066423,0.079169,0.046427,0.068101
0.050948,0.114129,0.042313,0.140088,0.105845,0.186624,0.117468,0.143990,0.047071,0.051524
0.038850,0.081395,0.416675,0.099092,0.080373,0.044301,0.078370,0.022627,0.044050,0.094267
0.044858,0.078614,0.070327,0.120428,0.149167,0.055681,0.104096,0.211023,0.050029,0.115777
0.052789,0.121369,0.136732,0.124385,0.131592,0.051342,0.135770,0.132546,0.052653,0.060823
0.040806,0.096022,0.104617,0.091116,0.158931,0.135055,0.111512,0.104447,0.063397,0.094096
0.097479,0.100941,0.106694,0.106796,0.165435,0.136762,0.099643,0.025239,0.054648,0.106363
0.034416,0.095155,0.060203,0.123460,0.103344,0.138201,0.110267,0.127507,0.091786,0.115660
0.056915,0.087680,0.098636,0.099039,0.183438,0.123628,0.202162,0.022900,0.054474,0.071129
0.019293,0.126991,0.240414,0.073920,0.067235,0.112889,0.180813,0.080479,0.029768,0.068197
0.040667,0.067177,0.054388,0.088406,0.317655,0.194138,0.083422,0.048556,0.044552,0.061040
0.042771,0.082087,0.313146,0.075683,0.110281,0.138319,0.073158,0.057216,0.034166,0.073174
0.028901,0.095410,0.216702,0.089105,0.279144,0.036561,0.089828,0.091951,0.031619,0.040779
0.049762,0.102166,0.109885,0.113591,0.107595,0.142617,0.091237,0.114101,0.067376,0.101672
0.045021,0.087878,0.320329,0.088341,0.095072,0.043290,0.113432,0.101527,0.033974,0.071137
0.059614,0.103439,0.103868,0.104880,0.102650,0.138666,0.090348,0.098822,0.095659,0.102052
0.027633,0.095071,0.103210,0.110132,0.172926,0.131300,0.193238,0.023870,0.050790,0.091829
0.053123,0.125273,0.141844,0.125923,0.123503,0.054677,0.120192,0.129909,0.057327,0.068229
0.070077,0.105994,0.118710,0.121323,0.111246,0.135459,0.113296,0.027309,0.093525,0.103062
0.077330,0.080807,0.093577,0.090893,0.145063,0.114347,0.206540,0.048117,0.055293,0.088033
0.023869,0.072288,0.041891,0.069587,0.420218,0.114875,0.061942,0.084782,0.033093,0.077455
0.022135,0.118148,0.247732,0.080269,0.196562,0.096270,0.117785,0.037590,0.042382,0.041127
0.026050,0.119434,0.271395,0.070638,0.063100,0.112648,0.150901,0.064486,0.055484,0.065864
0.044268,0.091545,0.107804,0.102073,0.171552,0.136923,0.096881,0.115273,0.045231,0.088452
0.052754,0.108039,0.127204,0.105315,0.133410,0.061583,0.102091,0.134411,0.052092,0.123100
0.037228,0.114880,0.071161,0.121914,0.140051,0.142275,0.097824,0.127705,0.059398,0.087563
0.048975,0.095914,0.061439,0.190831,0.136500,0.063880,0.127217,0.058813,0.104959,0.111472
0.038443,0.087977,0.055317,0.073246,0.285312,0.165446,0.105461,0.096895,0.051039,0.040863
0.043782,0.092803,0.043560,0.153598,0.142363,0.199997,0.126604,0.061131,0.046667,0.089496
0.023218,0.072706,0.029246,0.071402,0.470429,0.159880,0.059610,0.022400,0.035756,0.055353
0.038166,0.095315,0.273248,0.070404,0.203001,0.103321,0.082558,0.039875,0.028858,0.065254
0.070539,0.125206,0.043082,0.145178,0.111303,0.192798,0.144091,0.032997,0.040856,0.093949
0.051355,0.120951,0.043979,0.096846,0.130752,0.164894,0.120049,0.115122,0.042187,0.113865
0.041467,0.131973,0.050943,0.116192,0.110538,0.149257,0.128618,0.156574,0.052240,0.062199
0.023190,0.069013,0.026104,0.055168,0.491390,0.031178,0.067155,0.129188,0.075310,0.032304
0.108125,0.130729,0.111412,0.113026,0.099965,0.110415,0.111585,0.027698,0.067934,0.119111
0.049657,0.108917,0.355341,0.083619,0.078878,0.043065,0.110726,0.082057,0.034742,0.052998
0.089262,0.088696,0.092709,0.096127,0.087504,0.118647,0.214540,0.082572,0.045112,0.084830
0.037265,0.093396,0.364634,0.087255,0.098245,0.116553,0.083265,0.031513,0.047749,0.040126
0.058839,0.097046,0.113795,0.112068,0.103390,0.139808,0.116316,0.100907,0.052011,0.105820
0.053322,0.098531,0.082057,0.134551,0.178173,0.072098,0.108251,0.082058,0.076751,0.114208
0.059283,0.079344,0.073267,0.120629,0.154742,0.060544,0.124575,0.191674,0.057918,0.078024
0.031957,0.091784,0.103788,0.109758,0.307135,0.049141,0.125774,0.085993,0.053986,0.040684
0.063059,0.120449,0.123127,0.129000,0.121997,0.148925,0.109395,0.031399,0.065587,0.087063
0.080976,0.102850,0.093230,0.097491,0.083318,0.119126,0.208673,0.084485,0.043801,0.086051
0.034992,0.083657,0.090102,0.088995,0.163191,0.135317,0.189090,0.092044,0.037659,0.084952
0.050869,0.119347,0.044220,0.127802,0.134663,0.198435,0.143262,0.066465,0.050599,0.064338
0.035259,0.127571,0.268439,0.076505,0.070827,0.076384,0.176967,0.074789,0.046399,0.046861
0.042762,0.107038,0.047297,0.097391,0.158305,0.199231,0.147613,0.068037,0.067363,0.064964
0.047616,0.063509,0.040208,0.071493,0.316740,0.161794,0.090066,0.042632,0.070067,0.095874
0.054955,0.126574,0.045347,0.090175,0.120813,0.208988,0.132817,0.063285,0.052853,0.104192
0.041559,0.113683,0.127791,0.119685,0.121477,0.054193,0.155496,0.132629,0.085933,0.047555
0.058587,0.104051,0.108141,0.094835,0.284118,0.045891,0.106385,0.027355,0.074079,0.096558
0.031449,0.071366,0.277328,0.068857,0.168725,0.097975,0.085155,0.097713,0.035153,0.066279
0.030992,0.088890,0.095435,0.085528,0.123575,0.115481,0.184585,0.100363,0.076184,0.098967
0.049979,0.064137,0.408280,0.138730,0.079842,0.045522,0.070164,0.053325,0.048912,0.041109
0.043941,0.105702,0.110063,0.122997,0.111442,0.171043,0.117754,0.103019,0.050502,0.063536
0.085374,0.101084,0.095821,0.081235,0.176164,0.117417,0.088537,0.085593,0.086421,0.082355
0.069938,0.112574,0.112138,0.116769,0.110976,0.153595,0.112001,0.028747,0.058264,0.124997
0.040759,0.052771,0.035838,0.054707,0.492010,0.036750,0.088904,0.118187,0.041254,0.038819
0.040504,0.097316,0.320799,0.088563,0.099691,0.142898,0.083302,0.047517,0.033881,0.045529
0.059924,0.096889,0.043381,0.132744,0.117827,0.137202,0.135151,0.157218,0.051730,0.067934
0.032193,0.097049,0.277729,0.081269,0.093861,0.119182,0.114448,0.087528,0.033326,0.063414
0.033250,0.066637,0.048460,0.068596,0.365028,0.137098,0.091263,0.107296,0.042444,0.039926
0.035305,0.075229,0.113237,0.097894,0.326490,0.048574,0.105420,0.107969,0.042493,0.047388
0.074276,0.102137,0.304318,0.101016,0.094515,0.137575,0.075843,0.026841,0.034471,0.049007
0.036551,0.100468,0.271416,0.076462,0.089634,0.093622,0.083369,0.085394,0.079436,0.083649
0.046980,0.149651,0.093736,0.092720,0.207526,0.091456,0.092123,0.101716,0.040099,0.083994
0.107552,0.138219,0.059740,0.144911,0.116584,0.065206,0.153046,0.059193,0.060956,0.094592
0.061528,0.135361,0.073376,0.121302,0.119527,0.058358,0.137789,0.059223,0.058422,0.175115
0.039861,0.127466,0.065210,0.132587,0.112550,0.203037,0.098896,0.114383,0.047465,0.058546
0.052725,0.101040,0.108141,0.107643,0.104891,0.162700,0.105025,0.097625,0.057603,0.102608
0.081291,0.119791,0.081620,0.069959,0.123504,0.123362,0.068831,0.019024,0.277856,0.034763
0.029983,0.091464,0.104749,0.099582,0.092072,0.130023,0.208266,0.024580,0.109847,0.109435
0.064446,0.140738,0.054976,0.124212,0.114366,0.160172,0.106651,0.128137,0.053793,0.052509
0.034535,0.078186,0.329965,0.080169,0.091256,0.116411,0.087685,0.045594,0.043585,0.092614
0.033716,0.103828,0.257029,0.074977,0.201675,0.088482,0.066964,0.070145,0.036861,0.066321
0.029715,0.091230,0.032908,0.068142,0.434748,0.135503,0.088346,0.047434,0.036441,0.035534
0.035224,0.141158,0.074675,0.119150,0.130302,0.186219,0.148600,0.058450,0.052919,0.053302
0.081523,0.124578,0.049854,0.158219,0.155786,0.065808,0.107101,0.045293,0.130323,0.081514
0.044010,0.094937,0.098872,0.101325,0.178332,0.152691,0.097356,0.095333,0.044579,0.092564
0.029487,0.060866,0.203462,0.055963,0.349694,0.093073,0.071806,0.018665,0.081510,0.035476
0.047441,0.118542,0.050624,0.100309,0.130278,0.063283,0.101615,0.198047,0.064924,0.124937
0.071032,0.118732,0.052117,0.158505,0.134810,0.058522,0.119413,0.147864,0.054717,0.084288
0.029893,0.146885,0.092197,0.097257,0.195516,0.120750,0.093232,0.086754,0.083594,0.053921
0.071758,0.082041,0.091844,0.081218,0.171807,0.147220,0.138040,0.095301,0.069028,0.051743
0.035591,0.067252,0.262887,0.075206,0.187559,0.087798,0.112802,0.037519,0.066418,0.066969
0.031360,0.061906,0.248124,0.067282,0.294175,0.100607,0.051358,0.081190,0.030263,0.033736
0.041286,0.099524,0.064241,0.115970,0.136251,0.141398,0.110637,0.140254,0.097371,0.053068
0.042622,0.073579,0.051079,0.118484,0.119277,0.223446,0.117769,0.129246,0.062741,0.061757
0.062810,0.059775,0.260822,0.071959,0.262264,0.085141,0.053247,0.073276,0.043053,0.027652
0.031695,0.099418,0.105389,0.100037,0.093818,0.098344,0.197021,0.092102,0.087440,0.094738
0.052556,0.091690,0.096366,0.083633,0.160410,0.094105,0.188175,0.091678,0.058947,0.082439
0.032848,0.060076,0.263585,0.068612,0.346038,0.033310,0.051746,0.072373,0.027884,0.043528
0.035959,0.102462,0.112180,0.113457,0.115617,0.148987,0.115201,0.104674,0.050590,0.100874
0.034842,0.120046,0.063044,0.133792,0.128177,0.129536,0.125061,0.136381,0.041080,0.088041
0.042568,0.101462,0.112309,0.113728,0.115232,0.146016,0.115286,0.105044,0.088408,0.059947
0.043094,0.101647,0.101011,0.097687,0.205004,0.140848,0.105740,0.025676,0.074305,0.104989
0.032718,0.120458,0.063548,0.127207,0.104333,0.164090,0.081344,0.135074,0.062306,0.108920
0.027443,0.075529,0.030959,0.090662,0.508790,0.034722,0.096904,0.027569,0.051276,0.056146
0.041379,0.110959,0.296102,0.085773,0.085447,0.090908,0.082975,0.093115,0.034242,0.079100
0.099098,0.100656,0.104226,0.117778,0.147756,0.106871,0.086457,0.096861,0.047036,0.093261
0.048756,0.120199,0.075159,0.119602,0.126489,0.206141,0.124678,0.035570,0.047977,0.095429
0.020689,0.130636,0.249630,0.065562,0.069510,0.101110,0.179047,0.074360,0.041509,0.067946
0.049521,0.098968,0.099146,0.108045,0.172091,0.130769,0.101647,0.096058,0.051632,0.092122
0.036087,0.104480,0.117839,0.099756,0.271142,0.053157,0.099742,0.061036,0.043804,0.112956
0.054687,0.106557,0.061401,0.127795,0.142634,0.070011,0.180228,0.048119,0.078998,0.129569
0.030914,0.069970,0.030578,0.080293,0.439762,0.034082,0.066397,0.122645,0.046467,0.078893
0.048108,0.090704,0.289396,0.093419,0.093222,0.123442,0.099531,0.050832,0.029691,0.081655
0.040660,0.091514,0.112653,0.120956,0.107461,0.053078,0.174367,0.110528,0.099449,0.089333
0.032660,0.108986,0.070592,0.126215,0.108962,0.185381,0.128138,0.032722,0.120814,0.085531
0.082285,0.155734,0.089819,0.090044,0.149399,0.140244,0.077899,0.083637,0.043897,0.087042
0.042095,0.155868,0.096173,0.110783,0.181668,0.129750,0.097507,0.100754,0.041596,0.043806
0.038468,0.110188,0.336120,0.100045,0.096783,0.041014,0.070278,0.113041,0.050503,0.043561
0.021743,0.088581,0.306204,0.077440,0.202684,0.129596,0.065280,0.019237,0.038523,0.050712
0.067203,0.106552,0.050189,0.101040,0.129131,0.151070,0.099831,0.070585,0.062319,0.162080
0.031395,0.082179,0.027813,0.052462,0.417752,0.155897,0.076529,0.090523,0.033199,0.032251
0.026308,0.063755,0.030021,0.070831,0.496656,0.138397,0.073372,0.023124,0.036467,0.041071
0.041521,0.103988,0.118023,0.096936,0.124619,0.058550,0.111005,0.123605,0.120944,0.100811
0.059323,0.108487,0.228828,0.060993,0.169783,0.073988,0.146131,0.056847,0.039697,0.055923
0.024748,0.141339,0.081263,0.084377,0.177288,0.103484,0.195416,0.087825,0.056812,0.047448
0.026013,0.064998,0.026996,0.070554,0.448775,0.130524,0.084125,0.078520,0.029364,0.040131
0.053060,0.147953,0.099957,0.102723,0.138678,0.146293,0.096766,0.089134,0.035542,0.089894
0.036563,0.054880,0.300928,0.085825,0.102079,0.133826,0.095594,0.104322,0.038402,0.047580
0.070215,0.157739,0.107063,0.108091,0.105522,0.048343,0.136697,0.114385,0.067462,0.084482
0.048528,0.174569,0.098643,0.101008,0.098423,0.130948,0.097805,0.091787,0.065084,0.093204
0.034721,0.075153,0.033934,0.108268,0.374633,0.112113,0.077708,0.093834,0.043835,0.045802
0.029249,0.060924,0.206426,0.064888,0.394088,0.034260,0.091550,0.056023,0.029157,0.033434
0.046120,0.107879,0.096845,0.107648,0.186534,0.124772,0.099674,0.086271,0.041769,0.102487
0.026608,0.057468,0.041961,0.067597,0.450469,0.115142,0.069444,0.084005,0.032431,0.054874
0.038874,0.117132,0.125432,0.108230,0.282430,0.050814,0.111207,0.030441,0.063817,0.071622
0.033308,0.090447,0.375248,0.082624,0.063740,0.042080,0.078405,0.114606,0.043627,0.075916
0.027549,0.123805,0.269798,0.070053,0.069356,0.093839,0.171329,0.080300,0.029197,0.064776
0.035039,0.085811,0.283075,0.097040,0.080521,0.117997,0.082448,0.101133,0.036702,0.080233
0.032755,0.097236,0.102358,0.111484,0.189613,0.136810,0.183014,0.024786,0.050294,0.071652
0.035773,0.077047,0.362447,0.052516,0.144234,0.042832,0.080837,0.079591,0.045538,0.079186
0.048730,0.071315,0.057213,0.100225,0.113681,0.058947,0.121521,0.192991,0.063839,0.171537
0.046640,0.098616,0.103834,0.091520,0.179990,0.133004,0.109405,0.095707,0.054202,0.087082
0.040917,0.156588,0.090075,0.096890,0.182771,0.115446,0.088743,0.097085,0.047012,0.084473
0.074159,0.109483,0.121965,0.123814,0.135533,0.060173,0.108670,0.125531,0.050651,0.090021
0.028645,0.083755,0.281534,0.088183,0.221436,0.115303,0.081748,0.021845,0.034121,0.043430
0.063101,0.128432,0.052295,0.091902,0.153660,0.154582,0.106305,0.066404,0.061381,0.121937
0.060181,0.104428,0.104573,0.093838,0.097763,0.138336,0.104670,0.107814,0.086176,0.102220
0.022590,0.086472,0.348000,0.092867,0.077221,0.146864,0.129076,0.021936,0.041106,0.033868
0.034307,0.069258,0.319735,0.076010,0.189621,0.080760,0.086984,0.020283,0.074482,0.048560
0.071572,0.111052,0.099545,0.101485,0.162268,0.129428,0.105304,0.095327,0.042333,0.081688
0.045074,0.067491,0.237104,0.080317,0.240262,0.124706,0.065448,0.071883,0.028078,0.039637
0.072715,0.086998,0.336816,0.087514,0.084499,0.040403,0.091460,0.087417,0.033654,0.078523
0.074095,0.089653,0.099440,0.090907,0.183356,0.103928,0.107675,0.098055,0.059843,0.093048
0.025257,0.059938,0.255097,0.077585,0.225857,0.092918,0.063582,0.070637,0.065321,0.063808
0.053762,0.118307,0.045086,0.104113,0.102186,0.234314,0.114388,0.132008,0.052953,0.042882
0.038026,0.079682,0.296923,0.084134,0.085354,0.113331,0.095783,0.093602,0.038410,0.074755
0.038874,0.109168,0.124522,0.139870,0.132152,0.063335,0.134390,0.127684,0.065597,0.064407
0.054165,0.090762,0.091954,0.098590,0.091337,0.116419,0.223281,0.089905,0.043913,0.099673
0.079785,0.077381,0.297566,0.083653,0.088576,0.111422,0.085368,0.090992,0.041799,0.043458
0.021326,0.056677,0.191224,0.071321,0.426058,0.027031,0.049592,0.066783,0.023326,0.066663
0.101637,0.096637,0.102997,0.105839,0.106683,0.136167,0.105781,0.109337,0.047231,0.087691
0.030646,0.112899,0.097428,0.115376,0.263013,0.048789,0.147939,0.104687,0.041102,0.038120
0.055231,0.094942,0.112762,0.106026,0.107386,0.139630,0.100578,0.100572,0.079457,0.103416
0.049639,0.101890,0.111377,0.110950,0.111885,0.143555,0.111675,0.102455,0.049989,0.106586
0.021628,0.051125,0.218758,0.052765,0.343220,0.120128,0.070141,0.063538,0.027287,0.031410
0.072017,0.132053,0.052199,0.145274,0.145308,0.063300,0.109512,0.076122,0.139377,0.064839
0.049093,0.136748,0.122350,0.099445,0.129947,0.059757,0.122362,0.102333,0.064060,0.113906
0.024259,0.075557,0.272317,0.072297,0.194782,0.104598,0.074051,0.079400,0.028047,0.074692
0.039146,0.120116,0.300977,0.093415,0.078965,0.084371,0.078463,0.078931,0.035425,0.090190
0.035041,0.084576,0.067816,0.116911,0.130767,0.135287,0.101412,0.121488,0.111295,0.095407
0.046655,0.092024,0.301157,0.078932,0.085703,0.112422,0.074684,0.040831,0.081482,0.086110
0.033731,0.077697,0.034344,0.121095,0.366831,0.100422,0.067639,0.120681,0.041483,0.036078
0.061629,0.133037,0.060352,0.171005,0.167047,0.062857,0.140480,0.047030,0.056106,0.100457
0.057632,0.073545,0.025357,0.072426,0.421703,0.160409,0.059999,0.022747,0.034667,0.071515
0.049140,0.100224,0.104794,0.102992,0.184224,0.125824,0.087554,0.101041,0.048076,0.096130
0.029048,0.073461,0.254717,0.070460,0.207965,0.085109,0.114659,0.067504,0.043992,0.053085
0.029797,0.064038,0.316041,0.083460,0.148424,0.102528,0.089570,0.044647,0.037948,0.083546
0.031714,0.096405,0.341722,0.090423,0.086805,0.124715,0.086026,0.066182,0.033564,0.042443
0.039973,0.096591,0.104840,0.097458,0.186261,0.130170,0.099413,0.096599,0.052617,0.096078
0.050128,0.133985,0.135403,0.120494,0.124782,0.051752,0.096762,0.100323,0.064850,0.121523
0.049724,0.108705,0.122166,0.115868,0.119786,0.140909,0.125758,0.110059,0.038883,0.068143
0.106059,0.099649,0.112504,0.098779,0.097819,0.131839,0.107982,0.027162,0.110474,0.107733
0.028925,0.086906,0.363459,0.088215,0.102300,0.044572,0.106826,0.027001,0.062888,0.088908
0.103294,0.144395,0.117253,0.110441,0.106604,0.055214,0.105172,0.106268,0.046124,0.105235
0.040611,0.096287,0.062255,0.115729,0.127894,0.156048,0.122404,0.061105,0.097246,0.120422
0.061037,0.196328,0.105292,0.111658,0.101192,0.140135,0.105225,0.026021,0.052359,0.100754
0.017551,0.079877,0.202063,0.048475,0.330933,0.084698,0.099898,0.062782,0.030622,0.043101
0.039923,0.071421,0.277840,0.091338,0.077675,0.109131,0.153719,0.077929,0.034827,0.066197
0.059489,0.104934,0.049717,0.153834,0.112308,0.200901,0.088921,0.062855,0.051776,0.115265
0.100415,0.111212,0.111362,0.119617,0.113820,0.147287,0.097904,0.107502,0.039734,0.051148
0.056004,0.098402,0.046260,0.085120,0.136215,0.242001,0.125478,0.052601,0.049816,0.108102
0.036051,0.075416,0.225363,0.065727,0.289023,0.036524,0.076705,0.109001,0.051150,0.035041
0.061522,0.060156,0.236161,0.067875,0.227380,0.066572,0.101500,0.067810,0.051183,0.059841
0.027544,0.073018,0.030252,0.059646,0.417533,0.158291,0.076846,0.094669,0.029545,0.032657
0.040310,0.073722,0.034297,0.075631,0.384045,0.099094,0.066965,0.094658,0.037384,0.093894
0.060747,0.097258,0.050050,0.104791,0.148063,0.200946,0.128152,0.057982,0.056371,0.095640
0.054097,0.101637,0.109475,0.116734,0.095696,0.168846,0.103998,0.025823,0.108925,0.114769
0.032683,0.065698,0.353892,0.110296,0.093386,0.040455,0.101406,0.104890,0.039581,0.057713
0.031829,0.095578,0.096410,0.099000,0.098565,0.157912,0.165451,0.091335,0.066829,0.097094
0.050641,0.118541,0.073750,0.132323,0.163054,0.060367,0.125558,0.126028,0.071264,0.078475
0.076754,0.139334,0.252907,0.078208,0.076165,0.104802,0.144069,0.041723,0.052385,0.033653
0.039210,0.093880,0.047910,0.114018,0.103964,0.199900,0.093815,0.163228,0.063349,0.080728
0.048945,0.088688,0.097521,0.100496,0.093202,0.119486,0.224629,0.104448,0.041924,0.080661
0.028334,0.069080,0.047316,0.095819,0.332533,0.106042,0.087581,0.107492,0.040140,0.085663
0.054770,0.086473,0.045589,0.087832,0.120274,0.170026,0.124239,0.138960,0.050422,0.121414
0.107011,0.127519,0.078955,0.155171,0.145817,0.057957,0.114082,0.045246,0.077360,0.090882
0.057339,0.095023,0.098301,0.111639,0.101663,0.125539,0.206821,0.025354,0.079090,0.099232
0.033755,0.135800,0.106740,0.115985,0.174760,0.108575,0.115642,0.100330,0.048778,0.059635
0.053512,0.087487,0.041860,0.134898,0.101816,0.193697,0.103645,0.145083,0.084213,0.053788
0.071008,0.092275,0.105221,0.101581,0.176925,0.133824,0.109976,0.100950,0.051632,0.056608
0.093789,0.120416,0.045249,0.145212,0.130825,0.177666,0.130799,0.034493,0.068720,0.052831
0.053298,0.126380,0.266211,0.062285,0.069896,0.094617,0.162323,0.073736,0.062705,0.028550
0.024201,0.074195,0.270232,0.075947,0.216393,0.098636,0.080517,0.075437,0.042376,0.042066
0.050232,0.138250,0.074819,0.131758,0.123357,0.058720,0.113985,0.158210,0.061153,0.089517
0.038626,0.125519,0.088858,0.090630,0.181868,0.142206,0.097056,0.084826,0.075507,0.074904
0.035368,0.094374,0.332305,0.101659,0.096544,0.041114,0.088776,0.025606,0.087813,0.096441
0.106840,0.172409,0.099522,0.099836,0.086471,0.124762,0.103177,0.023369,0.077163,0.106451
0.027380,0.081015,0.285407,0.077175,0.092787,0.117601,0.093091,0.097497,0.043783,0.084265
0.028838,0.061761,0.253558,0.079457,0.221535,0.090498,0.055827,0.078382,0.068301,0.061842
0.044439,0.086530,0.103403,0.097863,0.174783,0.124743,0.103730,0.101084,0.057716,0.105710
0.029630,0.071926,0.241724,0.081021,0.190353,0.133520,0.068784,0.085620,0.030459,0.066963
0.028287,0.085492,0.295965,0.083861,0.089815,0.113808,0.121222,0.049666,0.053231,0.078655
0.038128,0.093676,0.347447,0.095056,0.103282,0.042261,0.093356,0.048818,0.039524,0.098453
0.055372,0.113888,0.128469,0.150986,0.140003,0.057767,0.125789,0.068696,0.058329,0.100702
0.054057,0.128320,0.055949,0.120325,0.148680,0.060581,0.125806,0.054015,0.082399,0.169868
0.027615,0.074441,0.307667,0.090340,0.092187,0.139272,0.105781,0.052525,0.052512,0.057659
0.038794,0.084949,0.060898,0.144011,0.281015,0.052158,0.091679,0.149448,0.053569,0.043477
0.063752,0.124371,0.140672,0.137542,0.142689,0.073858,0.144546,0.036283,0.079655,0.056633
0.038217,0.098779,0.323672,0.093190,0.099412,0.140808,0.091865,0.027998,0.038491,0.047569
0.020206,0.057919,0.202654,0.061058,0.385993,0.029995,0.069701,0.042006,0.064046,0.066422
0.035715,0.075506,0.263534,0.079595,0.080870,0.108499,0.161160,0.083824,0.036495,0.074802
0.037009,0.101156,0.039716,0.088012,0.118939,0.192393,0.125036,0.123781,0.049191,0.124766
0.043892,0.081379,0.316410,0.097241,0.090462,0.110154,0.092655,0.045796,0.086044,0.035966
0.054325,0.103091,0.108364,0.103364,0.111394,0.140467,0.111601,0.104278,0.048220,0.114896
0.068216,0.097471,0.353520,0.091010,0.083632,0.039533,0.059766,0.097332,0.034230,0.075289
0.022737,0.081800,0.363168,0.078892,0.087631,0.120438,0.084617,0.021952,0.060727,0.078038
0.030181,0.091893,0.097410,0.104184,0.093043,0.123727,0.222672,0.104523,0.046696,0.085672
0.041647,0.117164,0.046568,0.110097,0.131014,0.211030,0.134560,0.035601,0.056250,0.116067
0.053792,0.093938,0.040576,0.128480,0.108234,0.178113,0.092125,0.030558,0.178507,0.095677
0.054883,0.106774,0.120254,0.121448,0.122724,0.124596,0.125799,0.117436,0.055189,0.050898
0.019380,0.071328,0.331384,0.083360,0.254425,0.030223,0.062073,0.019319,0.094153,0.034356
0.051830,0.106456,0.108825,0.109068,0.186200,0.138662,0.139763,0.060335,0.051361,0.047500
0.033960,0.086127,0.412269,0.101373,0.080432,0.041773,0.081522,0.032108,0.045332,0.085105
0.020972,0.063305,0.267825,0.071026,0.208411,0.086903,0.112490,0.073527,0.033286,0.062255
0.064940,0.067201,0.354042,0.084906,0.132317,0.043104,0.090900,0.075720,0.038069,0.048800
0.057259,0.122638,0.044503,0.143213,0.124015,0.057314,0.130700,0.168163,0.055407,0.096787
0.036121,0.093423,0.030783,0.074226,0.448352,0.089225,0.093423,0.023425,0.036581,0.074440
0.026012,0.092218,0.295606,0.087377,0.096574,0.110388,0.108948,0.098224,0.031051,0.053603
0.033530,0.083896,0.307330,0.080234,0.092443,0.115383,0.098768,0.090540,0.050400,0.047477
0.038076,0.126051,0.047510,0.114392,0.109988,0.141797,0.121729,0.175910,0.044667,0.079881
0.054524,0.174703,0.105380,0.104158,0.099097,0.131153,0.099685,0.095177,0.047517,0.088606
0.023057,0.146316,0.082369,0.083540,0.178792,0.095775,0.203752,0.072895,0.035456,0.078049
0.043486,0.106489,0.048696,0.145162,0.159270,0.056805,0.138191,0.165049,0.058817,0.078034
0.053825,0.163189,0.086070,0.091343,0.088519,0.117334,0.174421,0.087632,0.079037,0.058630
0.060293,0.107057,0.113887,0.114393,0.110270,0.130788,0.104849,0.119197,0.038966,0.100299
0.046823,0.146103,0.105496,0.121347,0.106105,0.051582,0.218828,0.056036,0.047100,0.100579
0.036632,0.092285,0.204927,0.071875,0.173436,0.063857,0.072346,0.016626,0.206732,0.061284
0.049549,0.120893,0.123673,0.128340,0.244916,0.054581,0.106953,0.066776,0.053810,0.050509
0.024926,0.053930,0.282628,0.073300,0.235514,0.093298,0.060376,0.093792,0.033143,0.049094
0.028224,0.065309,0.025226,0.055536,0.474780,0.112183,0.054867,0.090685,0.036937,0.056254
0.080782,0.166400,0.095702,0.094543,0.089356,0.146440,0.090556,0.104149,0.041269,0.090803
0.091529,0.158089,0.092665,0.083009,0.090789,0.122760,0.102033,0.099111,0.071576,0.088438
0.039888,0.102410,0.064030,0.113536,0.111128,0.192069,0.109659,0.137973,0.047406,0.081902
0.027639,0.073303,0.299670,0.102645,0.083278,0.100168,0.091776,0.105034,0.032459,0.084029
0.068794,0.072108,0.319864,0.081049,0.080639,0.109800,0.083256,0.105927,0.032228,0.046336
0.058061,0.084529,0.235532,0.057579,0.146267,0.083295,0.064108,0.015428,0.196486,0.058715
0.046395,0.114850,0.060485,0.100403,0.099021,0.160684,0.112172,0.138067,0.094908,0.073015
0.090651,0.112130,0.067105,0.110013,0.126608,0.160030,0.133517,0.033879,0.054413,0.111653
0.080291,0.083725,0.059734,0.082844,0.247548,0.051879,0.097630,0.144608,0.051163,0.100579
0.050488,0.110900,0.099983,0.096837,0.183975,0.124141,0.141711,0.091854,0.043850,0.056262
0.076257,0.112911,0.115179,0.122339,0.112601,0.139140,0.118389,0.029048,0.088649,0.085486
0.022301,0.068559,0.249401,0.074073,0.227178,0.100564,0.123580,0.072244,0.032082,0.030019
0.037656,0.073760,0.309226,0.084685,0.087350,0.115969,0.146129,0.042185,0.039424,0.063616
0.022112,0.058878,0.249076,0.065659,0.269021,0.098437,0.053254,0.072213,0.061219,0.050131
0.073354,0.077052,0.294535,0.087687,0.071653,0.107668,0.075423,0.019947,0.160506,0.032177
0.038236,0.072417,0.379180,0.105342,0.115350,0.039018,0.111213,0.031071,0.049360,0.058813
0.041565,0.087797,0.045717,0.136400,0.136510,0.196376,0.125852,0.126095,0.053456,0.050232
0.088613,0.100786,0.109590,0.109219,0.107289,0.166792,0.108843,0.058119,0.051259,0.099490
0.047785,0.136897,0.142765,0.140324,0.149751,0.072477,0.138934,0.036897,0.060091,0.074080
0.084910,0.123574,0.049029,0.136202,0.136685,0.063524,0.159573,0.043527,0.138849,0.064129
0.048570,0.079874,0.057504,0.121945,0.118822,0.061453,0.142209,0.177837,0.064065,0.127720
0.025526,0.063486,0.262314,0.069963,0.250211,0.095193,0.073619,0.069621,0.031692,0.058376
0.061527,0.113189,0.050514,0.146140,0.130597,0.154607,0.094546,0.133579,0.059084,0.056216
0.051216,0.110598,0.126659,0.111430,0.126471,0.051956,0.128464,0.123502,0.043153,0.126551
0.071192,0.137387,0.074797,0.076917,0.154384,0.091052,0.192132,0.076808,0.059744,0.065587
0.099184,0.161803,0.101841,0.092114,0.104459,0.103516,0.103152,0.115765,0.060858,0.057308
0.052714,0.097274,0.368293,0.090364,0.103913,0.043101,0.111364,0.028195,0.067297,0.037485
0.074724,0.142079,0.092618,0.091974,0.181777,0.116534,0.088774,0.082787,0.042060,0.086672
0.046811,0.102110,0.100421,0.114726,0.218354,0.124072,0.100351,0.025562,0.055709,0.111885
0.055459,0.094301,0.041321,0.125384,0.140348,0.142927,0.099783,0.057642,0.118815,0.124020
0.052426,0.095916,0.100428,0.087419,0.184966,0.099392,0.098961,0.104076,0.085825,0.090592
0.032079,0.060071,0.313458,0.086025,0.080155,0.139083,0.110742,0.110469,0.032914,0.035004
0.040413,0.082074,0.304551,0.084245,0.080481,0.109739,0.089315,0.075527,0.058713,0.074941
0.065505,0.135353,0.048042,0.128264,0.128249,0.217782,0.089798,0.066835,0.060927,0.059245
0.049882,0.158580,0.056468,0.171472,0.182780,0.063563,0.127809,0.050365,0.079587,0.059494
0.030581,0.076751,0.289512,0.091532,0.083287,0.106181,0.082660,0.077828,0.075601,0.086067
0.058928,0.070692,0.075070,0.088594,0.286305,0.060146,0.099406,0.143262,0.060264,0.057334
0.036448,0.137634,0.291491,0.081336,0.064824,0.101339,0.149801,0.018918,0.037780,0.080428
0.101329,0.113885,0.108336,0.108607,0.115162,0.054949,0.113923,0.124980,0.054788,0.104040
0.041069,0.083576,0.124286,0.110769,0.304875,0.053602,0.122085,0.058528,0.056729,0.044481
0.021349,0.121082,0.274375,0.071015,0.069114,0.100079,0.150887,0.074377,0.050866,0.066856
0.038939,0.068755,0.044389,0.081054,0.406852,0.097201,0.089424,0.101179,0.034498,0.037710
0.042702,0.111603,0.047352,0.122565,0.155639,0.192363,0.108272,0.067586,0.073760,0.078157
