0.031455,0.026191,0.227272,0.025112,0.120539,0.403870,0.003673,0.016927,0.069437,0.075526
0.042275,0.021171,0.061881,0.092337,0.098152,0.118891,0.109675,0.110869,0.250214,0.094534
0.057211,0.081096,0.048642,0.076552,0.084958,0.101863,0.085424,0.314203,0.067918,0.082133
0.060524,0.157634,0.083374,0.103109,0.095721,0.155086,0.142593,0.080361,0.082300,0.039296
0.072786,0.106929,0.064719,0.101674,0.087987,0.109115,0.094989,0.080545,0.189701,0.091556
0.066122,0.062943,0.213991,0.079217,0.072500,0.091885,0.041429,0.073337,0.239315,0.059261
0.009862,0.025632,0.457830,0.015694,0.390120,0.016660,0.032364,0.015023,0.022007,0.014808
0.048405,0.097305,0.090573,0.143833,0.115801,0.089716,0.068027,0.144178,0.065833,0.136330
0.071771,0.081118,0.216947,0.061191,0.088559,0.095631,0.106172,0.073014,0.098326,0.107271
0.038114,0.081815,0.147356,0.065205,0.067526,0.087675,0.054097,0.084356,0.273372,0.100483
0.099928,0.073036,0.053737,0.062326,0.080000,0.338010,0.085652,0.055188,0.071462,0.080661
0.059238,0.073725,0.185939,0.075059,0.203044,0.083877,0.078793,0.075788,0.072036,0.092501
0.051867,0.068596,0.317303,0.075143,0.056986,0.093591,0.071559,0.159723,0.054467,0.050765
0.007089,0.003404,0.253829,0.011405,0.045259,0.574348,0.014774,0.069270,0.010867,0.009755
0.054439,0.086174,0.055750,0.061275,0.068357,0.369034,0.082658,0.084601,0.075346,0.062368
0.053525,0.052717,0.081285,0.103207,0.138956,0.160238,0.139292,0.085107,0.079172,0.106500
0.006701,0.018769,0.398970,0.007762,0.121953,0.294323,0.009393,0.019440,0.109938,0.012751
0.084571,0.062594,0.372458,0.069560,0.054575,0.092844,0.071936,0.061300,0.070410,0.059752
0.065517,0.085768,0.072836,0.135789,0.111124,0.108657,0.103098,0.140045,0.074475,0.102690
0.076199,0.096728,0.073846,0.080750,0.107672,0.111880,0.106278,0.134707,0.103703,0.108236
0.031458,0.023991,0.292970,0.079445,0.149293,0.128085,0.017119,0.128614,0.062059,0.086966
0.072459,0.073079,0.259121,0.057944,0.081906,0.108717,0.093167,0.072013,0.083251,0.098343
0.048288,0.008900,0.244447,0.042701,0.358491,0.046769,0.069667,0.048909,0.060994,0.070836
0.067370,0.075124,0.286783,0.078832,0.060452,0.107046,0.085865,0.086545,0.082206,0.069778
0.014789,0.021250,0.218961,0.018512,0.609014,0.025371,0.028461,0.022270,0.018082,0.023288
0.070629,0.058028,0.394942,0.050489,0.108896,0.058273,0.061250,0.049821,0.077461,0.070211
0.075718,0.093210,0.087840,0.122761,0.095395,0.094096,0.108073,0.114289,0.089401,0.119218
0.080904,0.096016,0.069962,0.123148,0.099126,0.136994,0.101142,0.117827,0.086308,0.088573
0.044544,0.043010,0.614749,0.043195,0.042317,0.037437,0.048479,0.016867,0.055825,0.053577
0.042438,0.027992,0.044189,0.074028,0.089668,0.321282,0.075515,0.070407,0.201027,0.053455
0.099966,0.135020,0.079722,0.088991,0.101890,0.106479,0.109059,0.101193,0.068003,0.109677
0.046543,0.047686,0.535028,0.045460,0.052637,0.048065,0.052640,0.058541,0.052442,0.060958
0.070629,0.119745,0.059365,0.098065,0.113085,0.093842,0.033535,0.099995,0.207263,0.104475
0.091621,0.097251,0.284198,0.076523,0.074447,0.103413,0.084277,0.028931,0.068641,0.090698
0.067998,0.089727,0.199883,0.101024,0.109852,0.103451,0.065563,0.087079,0.078620,0.096802
0.006390,0.005444,0.403412,0.005621,0.540749,0.012552,0.006439,0.002099,0.007378,0.009916
0.044512,0.050547,0.527797,0.039574,0.053578,0.049081,0.056328,0.059681,0.052503,0.066398
0.029451,0.053337,0.273873,0.050870,0.213172,0.057716,0.057763,0.164359,0.039046,0.060413
0.108015,0.084878,0.199173,0.062242,0.205600,0.117794,0.032984,0.053020,0.068200,0.068094
0.009927,0.004913,0.622619,0.015510,0.008610,0.297853,0.012508,0.008721,0.010398,0.008941
0.069120,0.099865,0.066219,0.091380,0.158744,0.124118,0.101792,0.103096,0.092132,0.093535
0.085432,0.095762,0.215980,0.078550,0.120089,0.098713,0.044301,0.091716,0.088410,0.081048
0.006850,0.008148,0.148551,0.007968,0.007946,0.702540,0.008033,0.092453,0.009410,0.008100
0.061899,0.104861,0.070198,0.099599,0.175348,0.142161,0.040567,0.092662,0.135729,0.076975
0.069963,0.074364,0.264565,0.062687,0.060532,0.109350,0.082923,0.084396,0.099714,0.091506
0.076870,0.096169,0.074457,0.080317,0.179184,0.094688,0.105365,0.114566,0.089608,0.088776
0.076739,0.085132,0.074614,0.086430,0.119119,0.284711,0.043968,0.075751,0.066107,0.087429
0.118864,0.088689,0.088007,0.076733,0.111952,0.110707,0.101900,0.110449,0.088798,0.103900
0.013093,0.008825,0.438444,0.015809,0.023506,0.323014,0.022795,0.015582,0.124438,0.014495
0.049130,0.025152,0.229917,0.088560,0.168739,0.159883,0.019901,0.094407,0.058658,0.105653
0.057449,0.109541,0.125648,0.089997,0.083234,0.209499,0.098876,0.064180,0.066548,0.095027
0.062967,0.068565,0.300299,0.080876,0.078091,0.093353,0.069277,0.088439,0.063924,0.094209
0.153263,0.031267,0.069556,0.125808,0.129851,0.144265,0.027206,0.183809,0.056712,0.078262
0.010625,0.005361,0.550444,0.010493,0.011164,0.345102,0.019836,0.018000,0.014197,0.014778
0.023041,0.057108,0.137292,0.042311,0.044128,0.272863,0.017488,0.045125,0.308828,0.051816
0.009782,0.005017,0.156638,0.025829,0.303234,0.355419,0.055663,0.030224,0.018960,0.039235
0.059590,0.067909,0.276918,0.070836,0.095994,0.079272,0.093149,0.098978,0.077272,0.080083
0.002646,0.003860,0.544875,0.002646,0.227824,0.196468,0.004814,0.003206,0.004392,0.009269
0.103835,0.097505,0.089640,0.105440,0.097940,0.093838,0.095169,0.116767,0.113628,0.086241
0.042205,0.054380,0.169515,0.059155,0.050884,0.058012,0.062526,0.391749,0.060616,0.050958
0.072970,0.085142,0.058857,0.069547,0.124732,0.273451,0.059310,0.114108,0.072875,0.069010
0.005115,0.004315,0.345392,0.004680,0.079549,0.543771,0.004189,0.003501,0.004421,0.005067
0.040330,0.037728,0.403003,0.027740,0.040924,0.034128,0.038520,0.030030,0.303168,0.044429
0.067861,0.070705,0.369279,0.070440,0.069504,0.070959,0.074245,0.060402,0.067130,0.079477
0.016405,0.039703,0.425507,0.031599,0.319561,0.060599,0.006779,0.050298,0.020322,0.029226
0.055320,0.077102,0.064230,0.131600,0.095112,0.119054,0.103191,0.112695,0.115890,0.125805
0.048523,0.071890,0.237582,0.101281,0.096205,0.086187,0.096166,0.102080,0.064703,0.095384
0.044235,0.037465,0.238863,0.143344,0.093711,0.110104,0.031119,0.096121,0.099121,0.105917
0.016688,0.005454,0.195847,0.016331,0.052922,0.570267,0.019011,0.084605,0.020967,0.017909
0.060933,0.082043,0.233049,0.117276,0.090683,0.093014,0.070068,0.092641,0.096267,0.064025
0.016863,0.002485,0.366251,0.014431,0.163101,0.316289,0.039262,0.027305,0.025860,0.028154
0.022818,0.040915,0.327589,0.025489,0.234302,0.027698,0.046018,0.018994,0.230035,0.026142
0.062922,0.077747,0.301111,0.080994,0.078344,0.095461,0.080366,0.076966,0.076280,0.069808
0.041799,0.101238,0.107660,0.119212,0.072687,0.167329,0.075382,0.129109,0.116073,0.069510
0.066004,0.075316,0.283674,0.090572,0.056080,0.083773,0.090957,0.083746,0.077344,0.092536
0.067298,0.079192,0.084679,0.077951,0.166780,0.123238,0.093758,0.121492,0.087310,0.098304
0.053125,0.062518,0.083316,0.147352,0.099772,0.131837,0.135782,0.123916,0.073515,0.088867
0.070360,0.092584,0.198857,0.076121,0.079366,0.092944,0.091439,0.109648,0.089076,0.099605
0.035989,0.028724,0.062777,0.134070,0.196472,0.101543,0.024099,0.155887,0.134910,0.125528
0.018568,0.026119,0.340682,0.019496,0.136696,0.023368,0.033121,0.076687,0.300102,0.025161
0.092455,0.083511,0.055708,0.075585,0.109908,0.101549,0.086746,0.267986,0.071109,0.055442
0.046227,0.059359,0.198336,0.073214,0.056975,0.084994,0.071235,0.286484,0.053974,0.069202
0.077382,0.101020,0.074165,0.093165,0.104587,0.096727,0.110372,0.120305,0.094297,0.127979
0.060336,0.071178,0.062170,0.094139,0.122107,0.120618,0.125573,0.142940,0.072918,0.128020
0.070773,0.094962,0.249660,0.070728,0.089484,0.126661,0.052662,0.120066,0.062580,0.062423
0.126687,0.024050,0.071603,0.067541,0.108964,0.257449,0.021128,0.100031,0.101349,0.121198
0.081297,0.099148,0.075801,0.100248,0.113195,0.112169,0.100214,0.126177,0.108171,0.083579
0.040828,0.083210,0.161099,0.076039,0.078429,0.085034,0.052034,0.080328,0.243095,0.099904
0.064105,0.112492,0.146372,0.083081,0.083601,0.102410,0.109218,0.078250,0.100186,0.120285
0.053982,0.027324,0.345114,0.024679,0.195560,0.025101,0.030711,0.026334,0.240342,0.030853
0.056846,0.130348,0.083689,0.123191,0.095038,0.115547,0.100208,0.137262,0.088146,0.069724
0.030203,0.033921,0.583299,0.040238,0.060261,0.048861,0.060364,0.060828,0.046062,0.035963
0.015732,0.022040,0.304387,0.011010,0.225893,0.318981,0.026186,0.009301,0.036957,0.029512
0.128425,0.026543,0.083869,0.080118,0.129221,0.158422,0.027116,0.144227,0.073556,0.148505
0.062825,0.046189,0.210274,0.077276,0.135962,0.088936,0.106751,0.108435,0.089334,0.074018
0.051272,0.086742,0.061620,0.073845,0.092865,0.079804,0.089761,0.271080,0.102176,0.090835
0.047111,0.062108,0.196958,0.069749,0.062752,0.087664,0.071201,0.298840,0.060848,0.042770
0.061719,0.086606,0.215882,0.085014,0.085603,0.109132,0.105372,0.103076,0.075490,0.072106
0.050490,0.121450,0.076979,0.106777,0.115964,0.131060,0.101967,0.113024,0.117025,0.065263
0.079524,0.095353,0.093297,0.092849,0.104630,0.141413,0.104949,0.085104,0.113452,0.089429
0.057549,0.027631,0.091921,0.160717,0.147611,0.144010,0.026445,0.107009,0.149045,0.088060
0.132700,0.070185,0.061834,0.090823,0.151145,0.086527,0.123736,0.140836,0.068961,0.073253
0.068630,0.073263,0.311096,0.073436,0.059337,0.076373,0.084602,0.088485,0.098465,0.066312
0.039512,0.039025,0.205379,0.057357,0.057215,0.087738,0.064322,0.041957,0.335604,0.071891
0.013698,0.002580,0.223838,0.006919,0.044842,0.529450,0.010761,0.013988,0.146740,0.007185
0.108204,0.089715,0.073688,0.121022,0.097817,0.104170,0.098351,0.137364,0.071340,0.098329
0.006556,0.002740,0.120356,0.015434,0.324120,0.299639,0.065677,0.030445,0.108535,0.026498
0.024779,0.019080,0.427688,0.102407,0.103822,0.112788,0.017937,0.065535,0.078340,0.047624
0.042351,0.059119,0.188772,0.069691,0.062271,0.064481,0.069366,0.052028,0.344280,0.047641
0.073348,0.010767,0.331057,0.044373,0.223868,0.074561,0.070923,0.071618,0.053844,0.045640
0.005797,0.007157,0.311781,0.007715,0.054516,0.589564,0.006521,0.003662,0.006217,0.007069
0.048999,0.093885,0.219577,0.102919,0.082723,0.098387,0.096799,0.102470,0.090412,0.063829
0.062940,0.065758,0.376146,0.061630,0.057212,0.073577,0.074184,0.066523,0.071459,0.090569
0.032973,0.049910,0.243570,0.044623,0.368189,0.111438,0.007477,0.019317,0.041134,0.081369
0.004190,0.006882,0.506717,0.006297,0.007744,0.321778,0.007874,0.006947,0.119115,0.012457
0.071105,0.094024,0.266669,0.096226,0.089125,0.076647,0.082928,0.050665,0.081831,0.090782
0.048138,0.058277,0.039234,0.054347,0.091886,0.324366,0.065987,0.053137,0.195056,0.069574
0.062933,0.062536,0.046244,0.077328,0.066464,0.410510,0.074348,0.058535,0.077653,0.063449
0.048282,0.064969,0.057344,0.057626,0.069851,0.318025,0.068536,0.164706,0.069460,0.081202
0.067901,0.045905,0.048656,0.079587,0.080020,0.321633,0.082794,0.122803,0.082328,0.068372
0.070919,0.101656,0.074321,0.087120,0.106569,0.141172,0.110027,0.120180,0.089731,0.098306
0.101384,0.088940,0.064382,0.079255,0.095244,0.102062,0.104532,0.103079,0.161194,0.099929
0.068144,0.084841,0.190133,0.102179,0.097480,0.116555,0.095928,0.086758,0.082909,0.075074
0.077091,0.095021,0.055689,0.089527,0.089693,0.113828,0.090925,0.107459,0.186533,0.094234
0.095170,0.085436,0.077789,0.114830,0.099055,0.112501,0.087358,0.149521,0.062583,0.115758
0.064481,0.082509,0.061851,0.076055,0.092617,0.307763,0.077692,0.091586,0.072398,0.073048
0.025811,0.005374,0.146751,0.024968,0.192225,0.393240,0.085037,0.043907,0.037931,0.044755
0.017967,0.034169,0.305154,0.018069,0.181625,0.344672,0.041748,0.013593,0.027838,0.015165
0.126206,0.100816,0.080008,0.090178,0.114161,0.118920,0.050646,0.125476,0.099172,0.094415
0.009906,0.008564,0.593477,0.008174,0.005979,0.338385,0.010048,0.003244,0.012758,0.009464
0.043061,0.073518,0.209630,0.068685,0.332574,0.081265,0.022509,0.068531,0.046107,0.054120
0.043870,0.009248,0.240816,0.047542,0.329251,0.046017,0.079654,0.064952,0.093312,0.045338
0.064977,0.115204,0.066437,0.132309,0.113923,0.085704,0.084522,0.144205,0.120881,0.071837
0.021883,0.017264,0.195952,0.017417,0.018289,0.680278,0.006434,0.012544,0.013228,0.016711
0.064138,0.061904,0.055389,0.088029,0.089671,0.312016,0.088256,0.084280,0.061545,0.094772
0.025080,0.010555,0.326065,0.009915,0.010212,0.519834,0.012143,0.063310,0.012170,0.010716
0.004254,0.010318,0.226821,0.011506,0.363341,0.257536,0.018866,0.009031,0.085251,0.013076
0.095214,0.020886,0.294232,0.103128,0.093912,0.063057,0.022502,0.127693,0.104653,0.074725
0.064729,0.014332,0.085338,0.114401,0.170374,0.109817,0.016375,0.155711,0.169433,0.099490
0.065790,0.087946,0.070130,0.121897,0.167137,0.103684,0.083680,0.124031,0.104887,0.070818
0.009777,0.008654,0.157950,0.005708,0.008762,0.773489,0.009502,0.006909,0.010341,0.008908
0.087853,0.018524,0.233399,0.065996,0.065569,0.101196,0.020408,0.116426,0.148001,0.142627
0.045070,0.059859,0.046620,0.057438,0.087943,0.322368,0.066962,0.067360,0.180728,0.065651
0.051345,0.106906,0.225358,0.099173,0.151901,0.078232,0.038295,0.061888,0.076868,0.110034
0.055659,0.064843,0.355230,0.076800,0.056567,0.053748,0.040008,0.171425,0.061297,0.064423
0.057713,0.088229,0.205013,0.062894,0.168114,0.076647,0.083601,0.090295,0.073218,0.094276
0.057230,0.057167,0.216192,0.067717,0.063642,0.062895,0.065790,0.065646,0.272646,0.071075
0.010720,0.013291,0.175008,0.011888,0.011720,0.654866,0.004977,0.096049,0.010864,0.010618
0.037157,0.097458,0.132388,0.102774,0.111521,0.214201,0.031810,0.103147,0.087166,0.082379
0.052035,0.067644,0.057288,0.081427,0.065182,0.381854,0.078773,0.078505,0.064537,0.072756
0.062246,0.093620,0.067315,0.131642,0.156663,0.083397,0.095568,0.112126,0.067078,0.130346
0.090655,0.081345,0.054895,0.099527,0.115754,0.093989,0.085903,0.251127,0.062134,0.064671
0.062716,0.075147,0.294344,0.075525,0.068511,0.070418,0.077613,0.091278,0.077702,0.106746
0.070561,0.105027,0.062582,0.129199,0.131680,0.091890,0.077281,0.162592,0.076972,0.092216
0.053032,0.029848,0.238805,0.099462,0.138916,0.120177,0.023070,0.155508,0.065543,0.075640
0.020303,0.005842,0.241216,0.028838,0.527968,0.038874,0.056460,0.026936,0.028925,0.024636
0.031489,0.048509,0.438035,0.037478,0.030399,0.035562,0.038374,0.017646,0.276822,0.045684
0.005871,0.002616,0.252718,0.003367,0.087867,0.522221,0.002785,0.003611,0.112107,0.006838
0.075363,0.101357,0.076730,0.097770,0.108333,0.095389,0.096604,0.149066,0.086279,0.113108
0.012776,0.010979,0.223660,0.014397,0.012218,0.680416,0.004698,0.007950,0.020100,0.012806
0.074954,0.098393,0.072963,0.110558,0.091499,0.129873,0.090262,0.111099,0.106467,0.113933
0.061344,0.119641,0.061295,0.130791,0.122660,0.088137,0.054536,0.168810,0.067094,0.125692
0.055104,0.068902,0.051862,0.068644,0.074182,0.353426,0.079659,0.086645,0.082488,0.079088
0.062356,0.085242,0.061374,0.084211,0.087358,0.093328,0.087934,0.267907,0.082158,0.088131
0.101863,0.085882,0.066674,0.130749,0.138313,0.123250,0.073975,0.080946,0.077717,0.120629
0.036920,0.050748,0.326148,0.048680,0.294704,0.092728,0.008949,0.055126,0.043513,0.042485
0.054826,0.018754,0.238690,0.091932,0.096409,0.116428,0.016223,0.069554,0.223431,0.073754
0.053021,0.029194,0.270455,0.134113,0.097701,0.103985,0.021656,0.074084,0.061921,0.153871
0.067013,0.082297,0.080565,0.104685,0.167171,0.112087,0.098139,0.123056,0.088697,0.076290
0.062058,0.077128,0.055776,0.078308,0.073316,0.328981,0.077744,0.081378,0.071275,0.094036
0.048044,0.090197,0.186707,0.090041,0.092238,0.083285,0.046899,0.075291,0.232794,0.054504
0.040673,0.127516,0.140111,0.151183,0.075873,0.155315,0.055508,0.033411,0.125106,0.095305
0.015730,0.025048,0.262284,0.017889,0.529553,0.040697,0.032278,0.034189,0.023445,0.018888
0.061909,0.096396,0.274958,0.083077,0.080244,0.076350,0.084703,0.066826,0.099711,0.075825
0.021688,0.041355,0.484819,0.036285,0.167383,0.030398,0.028675,0.128492,0.024878,0.036028
0.045721,0.041907,0.161909,0.062814,0.087966,0.083919,0.071334,0.050950,0.344758,0.048723
0.059622,0.017878,0.342295,0.096817,0.095186,0.121414,0.017390,0.087876,0.049144,0.112378
0.085796,0.078611,0.313159,0.063054,0.101583,0.085460,0.045994,0.084527,0.063646,0.078170
0.057159,0.058438,0.271347,0.048355,0.052699,0.060229,0.066728,0.062129,0.253382,0.069533
0.022576,0.006176,0.214789,0.063409,0.134546,0.356328,0.007844,0.065963,0.061900,0.066470
0.094572,0.076203,0.053423,0.069978,0.076132,0.084184,0.085493,0.314325,0.079535,0.066154
0.036432,0.013456,0.217626,0.027080,0.042544,0.527385,0.015124,0.037152,0.028245,0.054957
0.116392,0.108519,0.062403,0.088657,0.100485,0.131086,0.089881,0.125767,0.067094,0.109716
0.035293,0.047809,0.453983,0.051966,0.040500,0.050300,0.052187,0.179818,0.049190,0.038954
0.081001,0.088551,0.073537,0.085624,0.103705,0.133487,0.105700,0.126853,0.082377,0.119165
0.027082,0.100956,0.114117,0.083722,0.119498,0.191315,0.098363,0.075238,0.089743,0.099966
0.013298,0.024749,0.074260,0.018332,0.553269,0.209041,0.036313,0.014296,0.016504,0.039939
0.065465,0.085835,0.062685,0.124120,0.141776,0.209750,0.056421,0.087814,0.079752,0.086380
0.056315,0.077657,0.067283,0.081235,0.082156,0.089819,0.080793,0.316551,0.069714,0.078477
0.110911,0.101177,0.067389,0.141242,0.119623,0.150040,0.046700,0.111285,0.070505,0.081127
0.061409,0.110946,0.061520,0.086414,0.128063,0.104133,0.033746,0.143488,0.140437,0.129845
0.056355,0.122672,0.177577,0.093610,0.076060,0.130130,0.075629,0.088649,0.077369,0.101950
0.035862,0.027981,0.253491,0.083105,0.104557,0.147110,0.025265,0.157699,0.070515,0.094414
0.078328,0.109723,0.223174,0.063047,0.067489,0.092693,0.095326,0.075366,0.088960,0.105896
0.020494,0.030450,0.319334,0.027822,0.463465,0.031623,0.036461,0.011599,0.028451,0.030303
0.050612,0.058175,0.213654,0.046136,0.048149,0.092651,0.070952,0.031360,0.313699,0.074613
0.050532,0.100611,0.055556,0.080255,0.104852,0.305880,0.047747,0.105083,0.065732,0.083750
0.043829,0.059399,0.046527,0.057058,0.088285,0.370520,0.063360,0.157556,0.058555,0.054911
0.004331,0.015110,0.402419,0.004865,0.446803,0.006598,0.008979,0.006608,0.096686,0.007599
0.063328,0.110167,0.059093,0.101997,0.120028,0.120759,0.044586,0.122066,0.154186,0.103791
0.008489,0.010524,0.496684,0.011030,0.011128,0.420678,0.011336,0.009144,0.011972,0.009014
0.080116,0.098579,0.077068,0.111779,0.112823,0.115947,0.113170,0.097658,0.088451,0.104409
0.088008,0.079073,0.063399,0.123543,0.157033,0.108524,0.083192,0.114023,0.094057,0.089148
0.060345,0.082446,0.058614,0.060517,0.086114,0.104309,0.081362,0.314708,0.067848,0.083738
0.024748,0.003634,0.313341,0.014604,0.132753,0.356351,0.050720,0.026197,0.028391,0.049261
0.004800,0.004792,0.332785,0.007500,0.540086,0.008875,0.006348,0.003773,0.080276,0.010766
0.069909,0.080353,0.193296,0.071716,0.056372,0.063018,0.067775,0.069277,0.245787,0.082496
0.027046,0.022270,0.512138,0.044312,0.092586,0.081215,0.014169,0.072405,0.042745,0.091114
0.022929,0.035907,0.316953,0.023455,0.396159,0.032928,0.047021,0.033237,0.037033,0.054378
0.049031,0.045332,0.051612,0.068474,0.132493,0.297853,0.094707,0.093403,0.095061,0.072035
0.061074,0.035193,0.467513,0.037738,0.044544,0.045789,0.055281,0.122396,0.070789,0.059684
0.043644,0.067799,0.420888,0.045939,0.062137,0.075777,0.074520,0.071571,0.070488,0.067236
0.067873,0.069366,0.062482,0.093127,0.162761,0.123355,0.121872,0.139507,0.086952,0.072706
0.067130,0.057318,0.210706,0.066905,0.060869,0.169685,0.075108,0.019281,0.205476,0.067523
0.049952,0.066928,0.114502,0.059995,0.072756,0.229049,0.086973,0.025932,0.200964,0.092950
0.050839,0.072191,0.280694,0.085782,0.057275,0.107451,0.086312,0.084701,0.089596,0.085158
0.068983,0.103529,0.073650,0.127049,0.099167,0.111056,0.104396,0.115647,0.080777,0.115746
0.039526,0.007847,0.017095,0.035063,0.037830,0.045740,0.044765,0.134278,0.606486,0.031369
0.054768,0.113734,0.062769,0.083520,0.131361,0.095693,0.081390,0.202589,0.092983,0.081194
0.087255,0.088390,0.250119,0.071298,0.077961,0.091161,0.103090,0.092902,0.075255,0.062569
0.077497,0.086269,0.208335,0.092117,0.096579,0.081562,0.091076,0.075619,0.092624,0.098321
0.050609,0.075367,0.214444,0.070562,0.157512,0.092293,0.102350,0.106160,0.062165,0.068538
0.053022,0.059668,0.285791,0.060712,0.315884,0.055393,0.012805,0.052726,0.050614,0.053387
0.038430,0.019978,0.201432,0.095108,0.094570,0.231717,0.021951,0.115570,0.086293,0.094951
0.075703,0.078799,0.123316,0.110670,0.090635,0.199091,0.083339,0.094074,0.080699,0.063674
0.064973,0.097479,0.069662,0.092193,0.160161,0.107701,0.097368,0.125705,0.081726,0.103033
0.014736,0.016467,0.324209,0.016911,0.125597,0.026794,0.019733,0.071175,0.356599,0.027778
0.059445,0.100209,0.120315,0.062901,0.091453,0.184414,0.089059,0.107266,0.080526,0.104412
0.073464,0.124707,0.094085,0.104522,0.097138,0.172492,0.112270,0.079972,0.072817,0.068531
0.056740,0.062077,0.087416,0.086793,0.156330,0.132290,0.125623,0.145380,0.074384,0.072969
0.108824,0.090530,0.080876,0.096526,0.138722,0.103416,0.069930,0.114143,0.104334,0.092700
0.049107,0.088279,0.162768,0.083631,0.196167,0.093160,0.057732,0.069673,0.095733,0.103749
0.017812,0.035677,0.573198,0.020478,0.248785,0.017294,0.003057,0.018446,0.031155,0.034099
0.068035,0.098829,0.248213,0.094199,0.066703,0.079882,0.093226,0.089078,0.074009,0.087826
0.062894,0.061865,0.413697,0.054112,0.052706,0.088045,0.071673,0.052293,0.064364,0.078351
0.087037,0.063019,0.304787,0.079987,0.110012,0.069158,0.073414,0.084566,0.074349,0.053670
0.054291,0.108110,0.064603,0.110220,0.109164,0.112879,0.081063,0.115070,0.117286,0.127315
0.051122,0.099984,0.061940,0.129105,0.129633,0.124442,0.033204,0.134828,0.105941,0.129802
0.009699,0.011513,0.238419,0.008914,0.042117,0.481296,0.004146,0.008911,0.177809,0.017176
0.075571,0.098753,0.090573,0.132434,0.100606,0.137119,0.107440,0.101383,0.074945,0.081177
0.043324,0.086916,0.205051,0.120579,0.085103,0.104202,0.071497,0.121396,0.090320,0.071614
0.077077,0.098387,0.089688,0.129153,0.104231,0.092305,0.107116,0.131505,0.086486,0.084051
0.057370,0.086401,0.073971,0.073776,0.138053,0.081294,0.088980,0.209164,0.073605,0.117386
0.045035,0.074119,0.245574,0.109259,0.084949,0.105922,0.073783,0.112200,0.071314,0.077846
0.031005,0.034091,0.194405,0.024407,0.145450,0.405595,0.053455,0.060194,0.028508,0.022891
0.031798,0.040802,0.213891,0.059358,0.044181,0.053516,0.058184,0.056631,0.384673,0.056965
0.118733,0.089258,0.071980,0.100903,0.170173,0.110126,0.091147,0.087925,0.079389,0.080366
0.044434,0.108406,0.234774,0.110133,0.098124,0.123082,0.052201,0.098658,0.065402,0.064786
0.053575,0.035244,0.221256,0.097089,0.124620,0.137479,0.032777,0.126094,0.053900,0.117966
0.059183,0.093764,0.074412,0.115467,0.164664,0.085274,0.099123,0.101177,0.076033,0.130904
0.044427,0.054755,0.033814,0.059292,0.067129,0.389978,0.031387,0.052872,0.197601,0.068744
0.028425,0.072879,0.269254,0.045454,0.066600,0.225009,0.080708,0.075960,0.061214,0.074496
0.011847,0.025414,0.206516,0.029373,0.192116,0.446454,0.039587,0.011213,0.020474,0.017007
0.043302,0.044707,0.106294,0.042882,0.042742,0.063356,0.054755,0.043402,0.515626,0.042933
0.050528,0.089926,0.057482,0.096098,0.099562,0.258132,0.084765,0.096033,0.103072,0.064402
0.036594,0.088015,0.277056,0.058843,0.085100,0.108404,0.047976,0.111684,0.089969,0.096358
0.096765,0.100425,0.080202,0.111809,0.143665,0.107252,0.091629,0.107459,0.085528,0.075266
0.064176,0.055823,0.076765,0.110687,0.127479,0.132594,0.117407,0.114570,0.112545,0.087955
0.009836,0.005596,0.206764,0.013036,0.008367,0.694128,0.015792,0.012293,0.014054,0.020134
0.046518,0.036060,0.226582,0.050946,0.106205,0.076141,0.070024,0.230567,0.082312,0.074644
0.084999,0.107936,0.204396,0.086019,0.085001,0.088030,0.084031,0.070676,0.080337,0.108576
0.056687,0.007536,0.455928,0.032967,0.132954,0.050228,0.078544,0.050341,0.051169,0.083646
0.028516,0.011861,0.411956,0.042583,0.176426,0.067819,0.062372,0.094119,0.034506,0.069841
0.058512,0.074524,0.058874,0.073108,0.078133,0.342218,0.081002,0.082534,0.081166,0.069930
0.096645,0.017833,0.258744,0.090465,0.182697,0.073007,0.014274,0.088027,0.133183,0.045124
0.063298,0.021832,0.051874,0.161403,0.163222,0.182687,0.016470,0.161226,0.094713,0.083276
0.038952,0.005364,0.337213,0.041466,0.156474,0.106236,0.058225,0.071829,0.064009,0.120233
0.048155,0.055689,0.063083,0.140542,0.141397,0.109323,0.127519,0.141983,0.093928,0.078383
0.035547,0.037593,0.553251,0.059209,0.041373,0.067745,0.053746,0.046685,0.045001,0.059850
0.104818,0.022106,0.073955,0.120815,0.115131,0.253589,0.028508,0.123984,0.098729,0.058366
0.054867,0.128239,0.075435,0.124287,0.094387,0.122062,0.100909,0.129229,0.066580,0.104005
0.012251,0.051816,0.280751,0.016993,0.441436,0.019157,0.051009,0.042720,0.027502,0.056365
0.010142,0.006333,0.191333,0.006550,0.022659,0.589254,0.006150,0.001869,0.160023,0.005685
0.067947,0.091127,0.082256,0.097956,0.161189,0.128627,0.103046,0.089238,0.079612,0.099002
0.019981,0.008822,0.255417,0.034865,0.325448,0.077354,0.057758,0.042160,0.113439,0.064755
0.038552,0.052165,0.032343,0.062841,0.091012,0.452338,0.055713,0.118150,0.044163,0.052724
0.006046,0.007938,0.597605,0.010542,0.008732,0.333852,0.010486,0.008245,0.008148,0.008405
0.050618,0.024028,0.246062,0.096739,0.082396,0.157552,0.018125,0.134906,0.051698,0.137876
0.032780,0.034390,0.347408,0.038218,0.038053,0.034494,0.042507,0.033568,0.356301,0.042280
0.052466,0.100784,0.061773,0.119297,0.135010,0.140737,0.067563,0.169066,0.064803,0.088502
0.004027,0.003053,0.587944,0.001499,0.205549,0.175948,0.006142,0.007386,0.005335,0.003119
0.048705,0.072238,0.222115,0.060940,0.065798,0.211001,0.082005,0.076222,0.063479,0.097497
0.062967,0.084228,0.069001,0.123299,0.155439,0.120024,0.097034,0.115541,0.076238,0.096229
0.054053,0.098168,0.065640,0.111020,0.145253,0.135393,0.113228,0.135447,0.066654,0.075144
0.086844,0.074534,0.057777,0.090403,0.089236,0.268047,0.076227,0.094909,0.063238,0.098784
0.033136,0.057968,0.263146,0.053522,0.109100,0.046714,0.054228,0.273387,0.051712,0.057088
0.079741,0.084565,0.243033,0.064877,0.067464,0.095069,0.102584,0.073832,0.083221,0.105614
0.079247,0.101109,0.077807,0.138237,0.103610,0.093435,0.107102,0.118452,0.097191,0.083810
0.054034,0.089191,0.220081,0.065317,0.076271,0.092223,0.052476,0.224979,0.061010,0.064416
0.039657,0.049336,0.214263,0.046770,0.122858,0.054033,0.059314,0.301574,0.049129,0.063066
0.092560,0.088924,0.067334,0.076192,0.155376,0.120781,0.096938,0.112079,0.089771,0.100046
0.015882,0.011416,0.490659,0.014639,0.388602,0.012726,0.016909,0.011548,0.012502,0.025116
0.039353,0.007215,0.257795,0.025357,0.022551,0.553427,0.009768,0.023542,0.026088,0.034905
0.082117,0.075790,0.071873,0.127207,0.167519,0.103418,0.092357,0.117665,0.066900,0.095155
0.038254,0.051214,0.250874,0.061474,0.245145,0.081794,0.067377,0.076328,0.059709,0.067830
0.082871,0.067554,0.362782,0.056381,0.052807,0.072741,0.079261,0.087303,0.070629,0.067671
0.071563,0.076096,0.274773,0.078747,0.078376,0.073881,0.087358,0.096931,0.090581,0.071694
0.065438,0.067836,0.051179,0.084633,0.080162,0.358842,0.075951,0.075584,0.062918,0.077458
0.051190,0.103551,0.085576,0.097518,0.132997,0.140419,0.059885,0.152869,0.068736,0.107258
0.106486,0.072180,0.245079,0.066463,0.066542,0.080060,0.085957,0.094868,0.092176,0.090189
0.012183,0.008853,0.214550,0.004616,0.033872,0.566219,0.005073,0.006149,0.143455,0.005030
0.122619,0.091600,0.072148,0.085640,0.098056,0.089712,0.102362,0.132308,0.092633,0.112923
0.050169,0.079903,0.059809,0.092504,0.144820,0.269168,0.049707,0.092844,0.087750,0.073326
0.084217,0.088842,0.072749,0.111864,0.099777,0.093531,0.102974,0.126716,0.099196,0.120134
0.067065,0.093676,0.071342,0.122774,0.095859,0.128136,0.100789,0.125067,0.084815,0.110478
0.009396,0.014116,0.444245,0.010417,0.341758,0.018283,0.019011,0.014587,0.104774,0.023412
0.078936,0.066817,0.084644,0.126408,0.077274,0.153099,0.104836,0.087053,0.120858,0.100075
0.061128,0.077848,0.058406,0.077001,0.073358,0.341403,0.084553,0.065930,0.073524,0.086849
0.044050,0.065252,0.157624,0.073551,0.089408,0.068821,0.068451,0.062344,0.288299,0.082200
0.051994,0.071112,0.211323,0.098721,0.088575,0.102299,0.110991,0.095855,0.075781,0.093348
0.054090,0.085193,0.196412,0.127034,0.083471,0.100874,0.090173,0.097103,0.095407,0.070244
0.089442,0.083242,0.240331,0.065043,0.071558,0.114542,0.091601,0.071430,0.077805,0.095007
0.026544,0.042703,0.270122,0.040816,0.473035,0.027207,0.035976,0.033084,0.024131,0.026381
0.042323,0.020114,0.196399,0.130300,0.080284,0.217854,0.024659,0.039533,0.058094,0.190439
0.039475,0.036896,0.281231,0.046089,0.324019,0.043413,0.039237,0.118785,0.032574,0.038281
0.072276,0.102182,0.070878,0.110054,0.165524,0.102659,0.092430,0.121963,0.081037,0.080997
0.046394,0.080120,0.219731,0.106551,0.154785,0.095299,0.043378,0.105002,0.085195,0.063543
0.005570,0.008221,0.432709,0.006013,0.503726,0.009949,0.010855,0.006451,0.006068,0.010438
0.064241,0.078294,0.273633,0.086402,0.062708,0.103044,0.082083,0.050328,0.100713,0.098556
0.070629,0.097091,0.068068,0.072489,0.161536,0.125203,0.096523,0.119705,0.079585,0.109171
0.060879,0.075477,0.056675,0.087349,0.078411,0.330023,0.075211,0.063563,0.071371,0.101041
0.079297,0.099110,0.071909,0.116609,0.109193,0.108228,0.109908,0.093245,0.118773,0.093727
0.094135,0.069323,0.054149,0.111452,0.081175,0.088827,0.082997,0.275884,0.073452,0.068605
0.017873,0.018292,0.143600,0.019582,0.015729,0.634345,0.010762,0.100831,0.018302,0.020686
0.097241,0.095242,0.053562,0.074104,0.081567,0.250854,0.092067,0.101912,0.057238,0.096213
0.054732,0.085076,0.244984,0.116360,0.071892,0.086107,0.083752,0.058510,0.080714,0.117873
0.051248,0.069300,0.061576,0.136328,0.119944,0.131350,0.118626,0.131360,0.057415,0.122853
0.020796,0.008644,0.427979,0.047347,0.263074,0.036409,0.006042,0.068055,0.031585,0.090070
0.068005,0.079160,0.223156,0.092760,0.081811,0.112240,0.079098,0.089578,0.072770,0.101424
0.044981,0.040655,0.352790,0.045151,0.042029,0.056950,0.043150,0.037198,0.291366,0.045731
0.110155,0.107851,0.078256,0.098551,0.108993,0.097330,0.100023,0.092776,0.120321,0.085745
0.087313,0.072913,0.325098,0.078331,0.064647,0.086732,0.084239,0.039134,0.072065,0.089528
0.005607,0.005196,0.338395,0.004973,0.072315,0.554308,0.006101,0.003919,0.005058,0.004128
0.094214,0.074560,0.228836,0.059469,0.136615,0.086451,0.066247,0.095461,0.066588,0.091558
0.018257,0.030612,0.389459,0.027947,0.324440,0.035237,0.044654,0.030270,0.053781,0.045344
0.020497,0.047606,0.293520,0.019956,0.463967,0.020296,0.029446,0.041335,0.036393,0.026982
0.084137,0.099358,0.299274,0.071330,0.062300,0.089390,0.087837,0.038882,0.075749,0.091743
0.047431,0.086074,0.057007,0.101397,0.088314,0.098768,0.092462,0.268752,0.073181,0.086614
0.006983,0.003068,0.206331,0.007074,0.004820,0.560452,0.008290,0.004759,0.187620,0.010603
0.069476,0.119071,0.088599,0.121393,0.124107,0.112701,0.082609,0.104272,0.093904,0.083869
0.039498,0.089524,0.113670,0.115128,0.053511,0.224441,0.122731,0.096693,0.081357,0.063446
0.109112,0.017340,0.201345,0.094352,0.074998,0.060871,0.017443,0.072253,0.270386,0.081899
0.043013,0.059052,0.468269,0.062134,0.056794,0.074143,0.064132,0.052857,0.054606,0.064999
0.070139,0.105187,0.063557,0.131193,0.118038,0.126014,0.070353,0.132267,0.062871,0.120381
0.017519,0.008087,0.270801,0.049727,0.463139,0.030005,0.050554,0.046427,0.026986,0.036756
0.050986,0.044339,0.292504,0.057850,0.061943,0.055621,0.067921,0.072788,0.239981,0.056066
0.087207,0.093612,0.135988,0.100010,0.060098,0.245180,0.081612,0.066557,0.072542,0.057195
0.054491,0.102860,0.077005,0.094076,0.115775,0.110332,0.087911,0.150612,0.088798,0.118140
0.059295,0.058838,0.084686,0.136010,0.137249,0.125067,0.112014,0.139303,0.068489,0.079048
0.075557,0.091492,0.266673,0.079642,0.063394,0.095430,0.079807,0.088386,0.068675,0.090942
0.088454,0.089651,0.078725,0.103101,0.159286,0.108535,0.096065,0.115356,0.076179,0.084649
0.060163,0.063837,0.444607,0.056729,0.057829,0.044122,0.043516,0.117843,0.046543,0.064810
0.093679,0.034386,0.197440,0.090415,0.128343,0.123132,0.024625,0.122199,0.098304,0.087477
0.090111,0.080203,0.191690,0.076096,0.119346,0.079935,0.097113,0.086819,0.072876,0.105811
0.031372,0.091982,0.092760,0.070453,0.104312,0.176304,0.031451,0.106985,0.190065,0.104315
0.062384,0.065504,0.084486,0.097492,0.166761,0.106866,0.110801,0.102022,0.076213,0.127473
0.003341,0.005274,0.087483,0.002387,0.002488,0.484797,0.004485,0.061173,0.344582,0.003991
0.098232,0.121878,0.061756,0.088621,0.104055,0.088902,0.112093,0.163217,0.089323,0.071923
0.047332,0.034121,0.184148,0.040667,0.040537,0.054682,0.040546,0.043952,0.467557,0.046457
0.045710,0.057203,0.248224,0.067182,0.237406,0.061648,0.063691,0.081100,0.063416,0.074420
0.060815,0.082990,0.069799,0.123303,0.163743,0.086964,0.100682,0.138680,0.073959,0.099065
0.007592,0.007599,0.391703,0.005844,0.444556,0.008353,0.012705,0.006914,0.104309,0.010424
0.044091,0.051708,0.178687,0.049745,0.044879,0.048867,0.030154,0.046295,0.442767,0.062808
0.009808,0.006839,0.259561,0.008009,0.007056,0.654923,0.013638,0.010461,0.019683,0.010023
0.056130,0.065567,0.047292,0.074130,0.059552,0.390187,0.078028,0.061652,0.081502,0.085961
0.065260,0.073084,0.223856,0.063806,0.085111,0.188249,0.091904,0.033233,0.064452,0.111044
0.049806,0.072232,0.459307,0.077177,0.056286,0.102168,0.029126,0.037008,0.065589,0.051300
0.015987,0.003046,0.135146,0.037807,0.270181,0.395582,0.002136,0.028122,0.094608,0.017385
0.056657,0.069195,0.055754,0.068729,0.077350,0.298347,0.079308,0.166194,0.068639,0.059827
0.024329,0.021212,0.519430,0.036673,0.048797,0.035162,0.060750,0.159587,0.039474,0.054586
0.020119,0.005886,0.298519,0.010564,0.119551,0.495399,0.016787,0.005354,0.012048,0.015773
0.056861,0.090483,0.239513,0.070293,0.088329,0.081746,0.078404,0.109625,0.078702,0.106044
0.060260,0.079564,0.315008,0.053553,0.076708,0.097675,0.081760,0.065476,0.076457,0.093540
0.083881,0.105481,0.189983,0.106142,0.079800,0.092684,0.100767,0.080051,0.088725,0.072486
0.075985,0.092968,0.084660,0.079264,0.104724,0.134886,0.106866,0.124701,0.090812,0.105133
0.019357,0.009101,0.263021,0.016069,0.010307,0.616850,0.016424,0.015332,0.016083,0.017454
0.047271,0.051963,0.228814,0.064005,0.052608,0.074969,0.062106,0.301276,0.055074,0.061915
0.070982,0.103892,0.066236,0.126053,0.103657,0.090935,0.043065,0.147779,0.105408,0.141993
0.033548,0.041465,0.493850,0.036667,0.044238,0.058779,0.047545,0.157750,0.041539,0.044620
0.028167,0.038254,0.369647,0.044273,0.043656,0.044106,0.010943,0.077864,0.297459,0.045631
0.074291,0.090088,0.077118,0.126522,0.116639,0.114667,0.106856,0.125940,0.088831,0.079048
0.008429,0.007420,0.202885,0.004177,0.010688,0.555114,0.000851,0.035880,0.157876,0.016680
0.061262,0.103421,0.091428,0.120326,0.156451,0.128999,0.058128,0.096170,0.080152,0.103664
0.012216,0.022676,0.398950,0.017738,0.019787,0.411552,0.005860,0.069731,0.019122,0.022368
0.073687,0.091827,0.207426,0.106675,0.136402,0.088170,0.035087,0.109830,0.078976,0.071920
0.005496,0.007188,0.454310,0.007929,0.211386,0.228072,0.005326,0.001900,0.074515,0.003877
0.085173,0.025724,0.095396,0.146555,0.151367,0.141407,0.031542,0.154100,0.071757,0.096980
0.027716,0.011001,0.348413,0.086512,0.236478,0.102118,0.011725,0.049704,0.057811,0.068522
0.043968,0.054442,0.520704,0.057995,0.070650,0.047229,0.033302,0.065250,0.064500,0.041962
0.075105,0.080557,0.215137,0.088414,0.083528,0.092372,0.094243,0.098691,0.078421,0.093533
0.039139,0.078848,0.256582,0.093216,0.088042,0.086548,0.066477,0.097850,0.094248,0.099049
0.072572,0.086072,0.065559,0.084952,0.126476,0.128993,0.115305,0.101488,0.094969,0.123614
0.033606,0.026348,0.062915,0.134458,0.173764,0.131100,0.020672,0.157540,0.106071,0.153526
0.036475,0.118507,0.117651,0.096900,0.059599,0.222772,0.106140,0.099268,0.075957,0.066730
0.039560,0.024453,0.086367,0.135497,0.108614,0.100931,0.024030,0.189267,0.186972,0.104310
0.075793,0.099597,0.067283,0.092872,0.100084,0.101560,0.100714,0.125562,0.109651,0.126885
0.042980,0.010724,0.055944,0.111594,0.110297,0.420451,0.009960,0.082719,0.100171,0.055160
0.010805,0.004318,0.165068,0.017528,0.022683,0.017445,0.020752,0.081077,0.647040,0.013284
0.058459,0.100507,0.073505,0.079083,0.125125,0.256094,0.071482,0.081161,0.069886,0.084698
0.010669,0.016599,0.508108,0.010471,0.409136,0.014227,0.001782,0.012664,0.007190,0.009154
0.049246,0.072484,0.422717,0.072552,0.150185,0.045623,0.011002,0.044679,0.066852,0.064660
0.103546,0.076414,0.060021,0.091255,0.109285,0.099879,0.112762,0.126197,0.097005,0.123634
0.106819,0.094079,0.069051,0.125801,0.098156,0.124054,0.096785,0.132871,0.088699,0.063684
0.055191,0.069506,0.298272,0.058193,0.056818,0.104080,0.085190,0.089836,0.094113,0.088799
0.044103,0.056819,0.561132,0.053467,0.035263,0.048378,0.051493,0.047529,0.054306,0.047510
0.062689,0.040091,0.517190,0.044133,0.041598,0.043263,0.060675,0.056916,0.065990,0.067455
0.035482,0.010107,0.315352,0.037513,0.085843,0.042844,0.054506,0.089309,0.271591,0.057453
0.053439,0.081127,0.264997,0.084184,0.071387,0.105131,0.080575,0.094701,0.078585,0.085875
0.075722,0.058451,0.279532,0.074532,0.070806,0.066775,0.069032,0.185582,0.052677,0.066892
0.024005,0.047880,0.115078,0.020170,0.268190,0.362430,0.002134,0.022433,0.109530,0.028152
0.053590,0.098113,0.063903,0.116202,0.160219,0.123070,0.055718,0.134005,0.104455,0.090726
0.060333,0.075970,0.060914,0.104451,0.079844,0.090407,0.087443,0.284858,0.075043,0.080738
0.064755,0.096449,0.270528,0.075292,0.104714,0.109983,0.056565,0.086339,0.072134,0.063240
0.058010,0.075727,0.270152,0.088607,0.092146,0.108862,0.059143,0.070912,0.079232,0.097208
0.017122,0.004208,0.446501,0.017086,0.399630,0.019849,0.020024,0.020500,0.019716,0.035365
0.008967,0.005894,0.065666,0.007152,0.004919,0.006641,0.008412,0.086719,0.801591,0.004037
0.011670,0.012905,0.430081,0.007178,0.007156,0.439750,0.011196,0.050351,0.011733,0.017979
0.048885,0.068781,0.336711,0.080648,0.065137,0.104364,0.083844,0.070974,0.067079,0.073575
0.104649,0.093891,0.076576,0.127442,0.118016,0.110428,0.109472,0.085785,0.087330,0.086411
0.050918,0.060316,0.037204,0.057688,0.065411,0.379042,0.065899,0.160149,0.055510,0.067861
0.061578,0.076139,0.151274,0.077115,0.066998,0.252266,0.078811,0.088426,0.061563,0.085830
0.040276,0.043045,0.165925,0.081984,0.095400,0.179879,0.125611,0.108211,0.069857,0.089813
0.036751,0.060921,0.277073,0.069294,0.255161,0.078642,0.061157,0.062459,0.049244,0.049299
0.048723,0.030848,0.269884,0.075708,0.072822,0.069108,0.064280,0.066428,0.239998,0.062201
0.044758,0.064305,0.046073,0.071157,0.064546,0.309109,0.061245,0.060674,0.215169,0.062964
0.134662,0.026024,0.050965,0.142503,0.174133,0.150788,0.019199,0.132476,0.070776,0.098472
0.117864,0.075304,0.079788,0.135957,0.090460,0.116954,0.114519,0.131183,0.068522,0.069448
0.007634,0.008687,0.076926,0.008807,0.006416,0.784128,0.009144,0.082191,0.009727,0.006340
0.094805,0.068549,0.062725,0.080325,0.142033,0.129285,0.113643,0.129479,0.063024,0.116131
0.055149,0.089709,0.070609,0.088747,0.133769,0.093575,0.087197,0.228338,0.065084,0.087822
0.090072,0.091052,0.186196,0.110885,0.099089,0.075992,0.100883,0.073366,0.088580,0.083886
0.066773,0.092594,0.068491,0.076219,0.158576,0.105810,0.098777,0.131028,0.077254,0.124477
0.041066,0.063905,0.471853,0.045372,0.055480,0.089124,0.039541,0.067482,0.075498,0.050679
0.077895,0.086380,0.215091,0.086996,0.095850,0.086444,0.105484,0.058517,0.098465,0.088878
0.088285,0.099069,0.170904,0.080506,0.117223,0.129466,0.089117,0.048744,0.079274,0.097411
0.035289,0.160260,0.105936,0.112995,0.113948,0.196740,0.066938,0.051842,0.086531,0.069520
0.063517,0.077395,0.236187,0.086861,0.086756,0.080041,0.094215,0.095939,0.083834,0.095255
0.011711,0.001426,0.103828,0.008288,0.320768,0.388917,0.025581,0.014109,0.116313,0.009061
0.042615,0.024705,0.328499,0.117642,0.094700,0.092049,0.025203,0.108875,0.065316,0.100394
0.104678,0.051551,0.046680,0.067714,0.067770,0.297785,0.099254,0.099234,0.062097,0.103238
0.056539,0.056310,0.062445,0.079566,0.144395,0.240607,0.110305,0.082453,0.078847,0.088532
0.061637,0.037222,0.225452,0.067155,0.090271,0.142519,0.026712,0.122652,0.100540,0.125841
0.020091,0.034514,0.192896,0.042989,0.448389,0.025601,0.031119,0.028324,0.144615,0.031461
0.078662,0.095320,0.181842,0.082129,0.079658,0.110920,0.114763,0.084828,0.093723,0.078155
