0.021802,0.026048,0.243543,0.025689,0.122285,0.423373,0.003517,0.017247,0.059866,0.056630
0.036006,0.024509,0.079856,0.115532,0.125506,0.139213,0.137892,0.100439,0.116866,0.124181
0.050200,0.079357,0.051137,0.079119,0.091980,0.111158,0.088776,0.308887,0.060197,0.079190
0.053967,0.124568,0.119538,0.097283,0.099338,0.181343,0.126117,0.072494,0.083668,0.041684
0.065987,0.097707,0.056674,0.094450,0.082579,0.106367,0.088172,0.075287,0.253796,0.078981
0.064144,0.064543,0.232003,0.086203,0.073056,0.093867,0.028476,0.078133,0.216444,0.063134
0.008290,0.029701,0.448174,0.016257,0.385744,0.016290,0.048220,0.016554,0.019504,0.011265
0.042545,0.095676,0.088003,0.155786,0.116278,0.091778,0.051769,0.155057,0.060674,0.142434
0.064047,0.068906,0.287284,0.048146,0.086071,0.086764,0.096270,0.066766,0.083954,0.111794
0.036545,0.075830,0.187736,0.062122,0.060839,0.075195,0.044084,0.082304,0.275077,0.100268
0.098992,0.073531,0.054227,0.057473,0.076352,0.351367,0.085916,0.056991,0.069562,0.075589
0.054834,0.067272,0.215178,0.072525,0.217492,0.077656,0.070424,0.073287,0.071343,0.079987
0.041304,0.066384,0.345463,0.077336,0.054861,0.097243,0.068261,0.156338,0.053025,0.039786
0.006185,0.003294,0.257232,0.012550,0.051233,0.572184,0.014927,0.060932,0.011037,0.010425
0.057424,0.085362,0.057129,0.056447,0.072269,0.365280,0.082494,0.088916,0.076983,0.057695
0.043325,0.044896,0.101342,0.106589,0.132224,0.183858,0.135494,0.080826,0.083216,0.088230
0.006555,0.021462,0.398640,0.009915,0.134620,0.311259,0.007960,0.017278,0.081594,0.010718
0.083362,0.059967,0.369459,0.072606,0.049196,0.101501,0.069903,0.063308,0.066761,0.063936
0.055624,0.080751,0.069376,0.150998,0.112487,0.108674,0.097511,0.144055,0.075871,0.104652
0.071266,0.092183,0.072120,0.074705,0.109078,0.118645,0.103198,0.144979,0.106480,0.107346
0.026735,0.022043,0.290062,0.087127,0.140340,0.137271,0.016861,0.136773,0.059963,0.082825
0.073993,0.070477,0.275301,0.052153,0.075755,0.111828,0.093467,0.073118,0.080411,0.093496
0.036890,0.007878,0.286466,0.050052,0.340033,0.055945,0.068643,0.056604,0.047597,0.049892
0.059879,0.064783,0.367204,0.073287,0.059749,0.097059,0.082519,0.076962,0.065913,0.052646
0.009035,0.020465,0.282010,0.020253,0.543527,0.027572,0.032263,0.026454,0.014329,0.024091
0.065293,0.054242,0.389281,0.047161,0.148236,0.058627,0.055846,0.052287,0.064846,0.064180
0.057898,0.090555,0.089355,0.133817,0.089748,0.094505,0.107802,0.119608,0.085737,0.130974
0.062323,0.095550,0.071580,0.138787,0.103071,0.150296,0.097664,0.122893,0.079027,0.078809
0.036539,0.044489,0.606769,0.048254,0.041382,0.041817,0.057928,0.016531,0.053779,0.052511
0.037397,0.027205,0.045522,0.078782,0.099418,0.345482,0.087998,0.079570,0.146074,0.052551
0.093964,0.117955,0.081327,0.091358,0.103678,0.111243,0.112283,0.107833,0.061609,0.118750
0.050384,0.047663,0.514023,0.045057,0.053989,0.051406,0.051331,0.062020,0.052982,0.071145
0.059832,0.112360,0.044516,0.091570,0.095114,0.085591,0.026489,0.096259,0.295358,0.092910
0.090480,0.089947,0.280041,0.081973,0.071515,0.106831,0.090676,0.026854,0.075243,0.086438
0.060008,0.088479,0.201583,0.112250,0.112979,0.102066,0.068789,0.084566,0.085666,0.083614
0.003078,0.006512,0.381210,0.007028,0.566314,0.012595,0.008536,0.002760,0.005194,0.006772
0.047486,0.056336,0.466982,0.042497,0.054462,0.060229,0.064225,0.073557,0.052637,0.081588
0.022565,0.058157,0.254032,0.054237,0.213639,0.063582,0.065289,0.157632,0.043714,0.067154
0.105474,0.086427,0.203514,0.060114,0.190103,0.124560,0.039122,0.058122,0.066191,0.066372
0.009929,0.006741,0.585477,0.019288,0.010696,0.320190,0.015204,0.012752,0.010468,0.009255
0.065835,0.094913,0.066450,0.093757,0.178802,0.131144,0.099536,0.109540,0.076757,0.083266
0.081616,0.090551,0.274887,0.067679,0.113965,0.095914,0.046037,0.086287,0.077080,0.065981
0.005193,0.006322,0.223334,0.005942,0.005943,0.655772,0.005629,0.078921,0.006397,0.006547
0.051641,0.104719,0.064552,0.103825,0.182253,0.147233,0.041780,0.094558,0.138288,0.071150
0.066880,0.068324,0.287481,0.059407,0.052458,0.113703,0.076997,0.082991,0.090503,0.101256
0.072156,0.091370,0.072197,0.073777,0.203089,0.093798,0.100908,0.116828,0.094654,0.081223
0.073225,0.081108,0.068437,0.088886,0.125201,0.302669,0.043707,0.071705,0.062816,0.082246
0.116268,0.085257,0.088732,0.070934,0.116061,0.112567,0.099062,0.115634,0.084773,0.110711
0.013370,0.008615,0.403839,0.017883,0.025859,0.327758,0.024719,0.018749,0.146765,0.012442
0.050288,0.022842,0.230242,0.098792,0.144186,0.165164,0.021431,0.106433,0.055807,0.104815
0.052093,0.094340,0.157882,0.079608,0.079655,0.228461,0.089453,0.061716,0.061746,0.095048
0.043421,0.065193,0.317751,0.085122,0.079049,0.098322,0.067222,0.091589,0.054404,0.097928
0.138262,0.031012,0.072388,0.122100,0.125656,0.158470,0.025844,0.201970,0.050172,0.074126
0.010639,0.005901,0.491274,0.011397,0.015182,0.390512,0.024962,0.020973,0.013450,0.015708
0.018264,0.053593,0.164286,0.041087,0.045188,0.307405,0.013732,0.047539,0.242949,0.065956
0.007921,0.003760,0.167253,0.025509,0.235896,0.410827,0.052731,0.026140,0.023089,0.046874
0.046040,0.071221,0.253710,0.073863,0.105278,0.091463,0.096067,0.106691,0.084919,0.070748
0.002976,0.003889,0.517513,0.002355,0.270788,0.182464,0.004432,0.003112,0.004939,0.007533
0.101327,0.094843,0.089401,0.103257,0.102502,0.093800,0.092513,0.120986,0.122341,0.079030
0.037885,0.055810,0.176836,0.063331,0.052508,0.062010,0.062118,0.391412,0.054644,0.043446
0.069026,0.083022,0.055751,0.063504,0.136023,0.278995,0.045401,0.124135,0.081175,0.062967
0.004831,0.004276,0.404626,0.004453,0.094001,0.467261,0.003549,0.002831,0.005013,0.009160
0.037694,0.035320,0.387242,0.024551,0.040609,0.033611,0.036488,0.026816,0.333268,0.044402
0.067109,0.059495,0.421812,0.061630,0.063199,0.063556,0.072544,0.052381,0.059820,0.078454
0.015620,0.046198,0.425618,0.038914,0.320513,0.062559,0.007195,0.043642,0.016653,0.023088
0.051997,0.064996,0.059413,0.135557,0.095148,0.125117,0.104270,0.120630,0.117910,0.124961
0.044011,0.067591,0.284387,0.096943,0.089569,0.072723,0.095116,0.092658,0.064270,0.092732
0.043236,0.034736,0.297254,0.129426,0.081125,0.106509,0.031497,0.094372,0.084972,0.096872
0.005696,0.002056,0.266024,0.011997,0.035617,0.573842,0.015292,0.059789,0.013242,0.016446
0.051356,0.075130,0.271897,0.114934,0.092090,0.086494,0.064622,0.091488,0.098802,0.053187
0.013579,0.002176,0.340330,0.013527,0.142623,0.349444,0.042918,0.036836,0.031197,0.027370
0.027190,0.049011,0.343919,0.028084,0.236289,0.035225,0.067367,0.019239,0.171532,0.022145
0.057508,0.067975,0.317586,0.082412,0.075484,0.092825,0.082004,0.077512,0.076446,0.070248
0.042181,0.090221,0.133678,0.109070,0.071535,0.193427,0.066815,0.127005,0.110445,0.055623
0.059081,0.067705,0.346339,0.086868,0.048115,0.076565,0.090465,0.077657,0.066925,0.080280
0.063095,0.073073,0.080763,0.067424,0.183178,0.131283,0.087806,0.128293,0.084937,0.100148
0.046271,0.057333,0.084453,0.155203,0.104236,0.134117,0.139950,0.133222,0.064953,0.080262
0.061250,0.084833,0.207545,0.071099,0.075646,0.097640,0.085916,0.115362,0.088816,0.111894
0.028042,0.026065,0.063691,0.153452,0.182738,0.112360,0.021294,0.175385,0.121652,0.115322
0.019314,0.028894,0.334470,0.017952,0.163424,0.024633,0.035597,0.073188,0.275203,0.027324
0.093019,0.080840,0.053340,0.074455,0.120185,0.109870,0.090528,0.256118,0.071901,0.049744
0.042496,0.056368,0.207857,0.077428,0.064029,0.088378,0.073712,0.259899,0.055885,0.073947
0.072795,0.096476,0.072857,0.087535,0.116122,0.095023,0.104433,0.123677,0.095042,0.136041
0.056886,0.050763,0.056740,0.097145,0.137985,0.123415,0.138900,0.133727,0.074224,0.130215
0.060166,0.085023,0.305247,0.069655,0.088768,0.117878,0.047583,0.111323,0.062311,0.052046
0.119979,0.021147,0.067294,0.060534,0.102950,0.268601,0.021458,0.113738,0.097933,0.126367
0.080437,0.094608,0.074451,0.096046,0.116673,0.112755,0.095873,0.141200,0.114712,0.073245
0.034995,0.079267,0.192480,0.075900,0.080274,0.075355,0.030363,0.074900,0.272340,0.084125
0.054977,0.103959,0.176568,0.079267,0.082055,0.094728,0.109745,0.075675,0.111423,0.111604
0.038354,0.026866,0.353831,0.026132,0.232628,0.031027,0.026940,0.025669,0.201945,0.036606
0.053295,0.116621,0.081041,0.130093,0.094682,0.125646,0.102485,0.144495,0.089901,0.061742
0.029182,0.030146,0.539015,0.046611,0.069500,0.057994,0.072006,0.072581,0.049675,0.033289
0.012650,0.016651,0.290071,0.007660,0.213921,0.339937,0.034759,0.007692,0.029847,0.046813
0.119318,0.024821,0.086878,0.071476,0.134561,0.169245,0.023802,0.140416,0.073404,0.156078
0.045361,0.037957,0.225613,0.076672,0.163426,0.089809,0.107893,0.108846,0.080734,0.063688
0.047295,0.082912,0.057607,0.063322,0.102697,0.076923,0.084076,0.281371,0.107678,0.096118
0.035722,0.054685,0.269261,0.064080,0.064052,0.084016,0.065747,0.268329,0.059305,0.034804
0.044456,0.075099,0.242936,0.082880,0.087010,0.115715,0.104620,0.109291,0.074735,0.063260
0.041148,0.108604,0.078816,0.107079,0.119050,0.138115,0.101689,0.124613,0.122393,0.058492
0.062874,0.093304,0.097907,0.090177,0.108912,0.157685,0.103348,0.079918,0.123616,0.082259
0.053741,0.021638,0.089069,0.189410,0.161137,0.164328,0.019566,0.088884,0.140597,0.071629
0.119032,0.060702,0.062561,0.096792,0.158631,0.090330,0.128469,0.152504,0.063691,0.067287
0.047947,0.072558,0.320093,0.078368,0.076374,0.087038,0.083998,0.097588,0.079213,0.056823
0.024899,0.021133,0.214882,0.045778,0.040810,0.068940,0.049528,0.031053,0.439415,0.063562
0.011413,0.002948,0.199304,0.008324,0.042788,0.529306,0.011479,0.013462,0.172691,0.008285
0.098454,0.084965,0.073543,0.130726,0.097789,0.106789,0.094085,0.146241,0.073382,0.094028
0.006332,0.002980,0.142252,0.017249,0.275577,0.337905,0.071652,0.042634,0.081905,0.021515
0.019416,0.014887,0.405557,0.118268,0.120588,0.128546,0.013749,0.047649,0.091411,0.039929
0.037699,0.051935,0.209271,0.066790,0.050657,0.058929,0.062499,0.045581,0.370299,0.046342
0.048027,0.010828,0.350105,0.035996,0.264895,0.070730,0.058545,0.068322,0.051030,0.041522
0.006404,0.007399,0.340605,0.008390,0.055119,0.556953,0.007220,0.004580,0.006588,0.006742
0.040778,0.074978,0.256866,0.099815,0.087201,0.098999,0.097626,0.099766,0.088505,0.055466
0.065453,0.063945,0.397488,0.059788,0.052707,0.073272,0.070924,0.066798,0.066030,0.083595
0.024134,0.042800,0.286290,0.041078,0.415985,0.087056,0.006339,0.017331,0.031071,0.047914
0.004981,0.008219,0.462367,0.008120,0.010352,0.353527,0.009721,0.009746,0.112944,0.020022
0.060643,0.083381,0.306284,0.093796,0.091335,0.079645,0.075960,0.052845,0.069821,0.086290
0.046468,0.055794,0.037747,0.053490,0.107927,0.332548,0.065804,0.052572,0.170661,0.076989
0.067713,0.060821,0.044664,0.086773,0.060959,0.421179,0.073560,0.055200,0.070569,0.058563
0.045109,0.063000,0.055821,0.049780,0.066404,0.314835,0.066301,0.175682,0.072030,0.091037
0.063236,0.036206,0.048135,0.082761,0.089059,0.320203,0.092082,0.124493,0.079498,0.064328
0.066720,0.099202,0.072282,0.078814,0.121402,0.155530,0.105728,0.123841,0.085207,0.091275
0.092698,0.082841,0.054210,0.065612,0.085129,0.098467,0.100138,0.097489,0.233693,0.089723
0.048896,0.080032,0.195688,0.116083,0.100933,0.119703,0.090656,0.092705,0.089864,0.065440
0.057127,0.086210,0.048118,0.082681,0.085528,0.114613,0.083066,0.102388,0.252942,0.087328
0.091758,0.085997,0.082944,0.126428,0.102440,0.121560,0.056654,0.143079,0.056721,0.132418
0.055811,0.075885,0.056328,0.069621,0.090476,0.356753,0.071566,0.085753,0.070598,0.067209
0.016393,0.004177,0.167916,0.015389,0.202323,0.441906,0.060485,0.035952,0.026833,0.028626
0.011329,0.034771,0.289730,0.016211,0.200609,0.353494,0.051961,0.011692,0.021144,0.009059
0.113934,0.100263,0.075305,0.094255,0.118682,0.125497,0.051111,0.130388,0.099994,0.090570
0.006829,0.010376,0.562350,0.009602,0.008822,0.361883,0.011489,0.003512,0.012200,0.012938
0.032671,0.074962,0.219546,0.071021,0.371245,0.083172,0.014631,0.051223,0.035766,0.045762
0.038358,0.009502,0.280552,0.047744,0.349256,0.043832,0.065870,0.062795,0.069083,0.033009
0.059139,0.115502,0.064841,0.137355,0.122385,0.086849,0.073434,0.150550,0.124813,0.065132
0.019625,0.016582,0.191301,0.017249,0.017870,0.685039,0.007444,0.012918,0.015360,0.016613
0.060874,0.052150,0.053145,0.084837,0.092647,0.322074,0.088166,0.086642,0.065975,0.093489
0.016053,0.010977,0.313433,0.010575,0.011467,0.541725,0.013229,0.061401,0.011086,0.010054
0.004896,0.011350,0.183020,0.015969,0.412555,0.223087,0.018450,0.012378,0.098224,0.020072
0.080247,0.018344,0.308342,0.103147,0.092658,0.069682,0.016283,0.147211,0.099861,0.064225
0.067654,0.019819,0.110523,0.125181,0.175057,0.114247,0.016883,0.176656,0.093337,0.100641
0.059391,0.081615,0.066487,0.127061,0.183684,0.103106,0.079248,0.131267,0.105941,0.062200
0.010598,0.008993,0.182653,0.005034,0.009233,0.747176,0.009538,0.007215,0.009745,0.009817
0.077227,0.014917,0.275918,0.057770,0.068414,0.109088,0.018523,0.126582,0.137212,0.114350
0.042000,0.053663,0.041656,0.054292,0.087416,0.311772,0.063033,0.066596,0.222198,0.057374
0.046630,0.094433,0.212040,0.104295,0.172744,0.076802,0.039147,0.067522,0.068953,0.117435
0.055227,0.070001,0.345090,0.087744,0.057173,0.056833,0.037393,0.171166,0.061685,0.057687
0.051549,0.075773,0.183313,0.057132,0.207000,0.082021,0.082637,0.096197,0.065958,0.098420
0.054633,0.053505,0.238114,0.068298,0.061334,0.061083,0.058375,0.067456,0.274902,0.062301
0.009549,0.014486,0.170175,0.014204,0.011974,0.661694,0.005104,0.088364,0.013118,0.011332
0.035990,0.088065,0.174615,0.089723,0.101235,0.226393,0.033303,0.102578,0.077483,0.070615
0.047868,0.061348,0.053379,0.075444,0.059736,0.429702,0.074112,0.075828,0.059172,0.063411
0.057531,0.086901,0.063073,0.143533,0.169986,0.078728,0.088020,0.111466,0.066183,0.134580
0.087031,0.081208,0.053365,0.106498,0.131957,0.102995,0.087128,0.238311,0.054472,0.057034
0.060256,0.064551,0.335532,0.066389,0.068865,0.061486,0.066906,0.092470,0.076556,0.106989
0.063845,0.102953,0.063739,0.142104,0.154307,0.098733,0.051138,0.152958,0.080411,0.089811
0.034288,0.023083,0.253258,0.109052,0.136857,0.131215,0.022482,0.166569,0.054643,0.068553
0.015786,0.004598,0.284571,0.029585,0.499924,0.041863,0.048177,0.026048,0.031239,0.018209
0.032873,0.049910,0.429654,0.044168,0.033420,0.044731,0.041527,0.021094,0.242253,0.060371
0.003748,0.003956,0.193236,0.004765,0.076168,0.595501,0.003939,0.004795,0.107498,0.006395
0.069022,0.096533,0.075746,0.100872,0.106004,0.093685,0.091871,0.159583,0.089952,0.116733
0.016470,0.013591,0.175903,0.017819,0.015977,0.709793,0.004555,0.011632,0.020518,0.013741
0.067452,0.093417,0.072197,0.108119,0.083536,0.141879,0.084268,0.114659,0.113042,0.121431
0.055406,0.127602,0.057795,0.140964,0.135054,0.088963,0.045653,0.159289,0.059444,0.129829
0.053987,0.067201,0.051290,0.071413,0.069356,0.366325,0.077269,0.092680,0.075273,0.075206
0.060012,0.082518,0.057171,0.083785,0.086779,0.093614,0.085501,0.274899,0.079783,0.095939
0.094328,0.081992,0.062611,0.135132,0.145449,0.130076,0.056350,0.079808,0.085784,0.128471
0.020619,0.047905,0.372078,0.044144,0.304041,0.065346,0.009436,0.054570,0.037591,0.044271
0.041835,0.014674,0.258477,0.096186,0.090336,0.114454,0.013030,0.073395,0.228827,0.068787
0.044485,0.025465,0.269098,0.133484,0.088787,0.111325,0.021327,0.083740,0.058423,0.163865
0.057964,0.078524,0.081319,0.102580,0.190512,0.118315,0.093403,0.132839,0.076621,0.067922
0.060751,0.071250,0.050779,0.078045,0.066156,0.356187,0.073141,0.079250,0.066542,0.097899
0.043230,0.088127,0.235305,0.083621,0.090911,0.076975,0.033116,0.075794,0.229263,0.043658
0.040025,0.125727,0.159814,0.152252,0.074960,0.170097,0.047740,0.028843,0.119526,0.081017
0.012659,0.024287,0.307250,0.015184,0.492500,0.040854,0.034035,0.037211,0.019163,0.016856
0.060429,0.087411,0.306163,0.086515,0.078789,0.078517,0.078639,0.062173,0.093929,0.067435
0.024456,0.030675,0.471152,0.036088,0.160632,0.033754,0.028491,0.133840,0.029964,0.050950
0.051334,0.037489,0.208163,0.073259,0.107718,0.102214,0.085172,0.060024,0.226118,0.048509
0.054768,0.015715,0.340192,0.101747,0.095652,0.126179,0.015680,0.076008,0.044636,0.129423
0.079821,0.070580,0.355674,0.062390,0.096341,0.081587,0.044776,0.083763,0.057615,0.067454
0.052600,0.053298,0.274133,0.044859,0.055266,0.055457,0.061383,0.063076,0.276452,0.063477
0.017478,0.004841,0.216248,0.064045,0.140846,0.388158,0.005277,0.059429,0.055174,0.048505
0.094404,0.073866,0.056517,0.067578,0.079559,0.086187,0.086244,0.325224,0.069763,0.060657
0.030661,0.008951,0.239804,0.021284,0.037197,0.537568,0.011800,0.035658,0.029682,0.047396
0.108066,0.111581,0.060762,0.094794,0.102571,0.140137,0.064109,0.137470,0.061329,0.119180
0.029567,0.044352,0.476437,0.052280,0.045122,0.046406,0.047333,0.180972,0.039619,0.037911
0.082002,0.084851,0.070797,0.075629,0.102171,0.145423,0.100417,0.137990,0.075680,0.125040
0.029487,0.093058,0.149628,0.078587,0.115129,0.205144,0.091813,0.072565,0.080257,0.084332
0.012725,0.025315,0.088686,0.018473,0.563457,0.194567,0.036102,0.016812,0.014309,0.029555
0.060488,0.082679,0.060340,0.126569,0.151786,0.221330,0.046093,0.088743,0.082198,0.079774
0.052854,0.075415,0.066053,0.082157,0.076782,0.091858,0.077347,0.341644,0.063410,0.072481
0.104495,0.098907,0.065993,0.148320,0.119642,0.160898,0.047626,0.115643,0.066159,0.072318
0.066841,0.123237,0.059727,0.087347,0.135980,0.114176,0.029527,0.159079,0.066077,0.158009
0.052190,0.118798,0.227812,0.089300,0.073618,0.127542,0.057447,0.087327,0.072029,0.093937
0.030509,0.024765,0.244245,0.073435,0.098255,0.151025,0.022234,0.172086,0.091040,0.092406
0.081792,0.101801,0.265966,0.054423,0.061920,0.090966,0.089101,0.071387,0.083426,0.099219
0.018514,0.031544,0.340139,0.031991,0.419976,0.036226,0.046594,0.009614,0.036828,0.028572
0.046957,0.055387,0.224653,0.039694,0.046465,0.098167,0.067020,0.029350,0.308068,0.084239
0.049581,0.094322,0.049507,0.074603,0.102653,0.343420,0.046019,0.103608,0.060165,0.076121
0.039699,0.060567,0.043978,0.057877,0.115664,0.359679,0.066646,0.148949,0.057088,0.049853
0.003603,0.010257,0.388973,0.004304,0.461737,0.006970,0.010055,0.008327,0.099629,0.006146
0.046811,0.107708,0.049900,0.109915,0.108145,0.118964,0.033023,0.116504,0.213979,0.095050
0.009977,0.011534,0.496123,0.013408,0.012460,0.412457,0.012302,0.009562,0.011654,0.010521
0.081145,0.097968,0.077440,0.109758,0.113567,0.122487,0.111766,0.100443,0.084428,0.100998
0.076263,0.071545,0.057897,0.133590,0.168412,0.110337,0.078243,0.117126,0.095497,0.091090
0.053783,0.081686,0.060473,0.055807,0.092183,0.115509,0.082281,0.315535,0.061255,0.081487
0.022628,0.002876,0.298052,0.011874,0.145929,0.364592,0.066848,0.026695,0.022825,0.037681
0.004694,0.006449,0.340714,0.009088,0.531808,0.010013,0.009211,0.004736,0.073222,0.010065
0.073295,0.071566,0.209932,0.076862,0.059037,0.055119,0.063292,0.068150,0.246437,0.076310
0.025164,0.019727,0.496506,0.040234,0.093468,0.087821,0.013239,0.076245,0.040701,0.106893
0.020888,0.035387,0.391108,0.021801,0.336845,0.039039,0.043400,0.038580,0.038741,0.034210
0.049378,0.043427,0.048204,0.061799,0.140462,0.311649,0.096085,0.098512,0.086577,0.063907
0.055037,0.032448,0.475399,0.036637,0.048364,0.051402,0.061619,0.114566,0.067248,0.057280
0.039866,0.063320,0.414413,0.040359,0.063896,0.078461,0.077113,0.079457,0.079967,0.063149
0.061944,0.059597,0.062862,0.094562,0.170131,0.126564,0.128784,0.150283,0.080010,0.065265
0.056629,0.051910,0.215573,0.059384,0.059724,0.188467,0.069643,0.016337,0.207473,0.074860
0.046373,0.062982,0.135997,0.057118,0.065070,0.217557,0.081413,0.024509,0.217762,0.091219
0.051347,0.064488,0.316913,0.094417,0.056456,0.109601,0.080145,0.081678,0.073206,0.071748
0.058612,0.097826,0.071496,0.137447,0.102029,0.113938,0.099062,0.117141,0.078976,0.123473
0.075221,0.012616,0.034277,0.077677,0.078852,0.095256,0.092027,0.131763,0.328812,0.073497
0.042548,0.111761,0.065972,0.083222,0.162568,0.110208,0.054609,0.197357,0.092398,0.079357
0.089553,0.076396,0.290526,0.063763,0.081849,0.078174,0.094994,0.086690,0.071307,0.066747
0.057612,0.082778,0.220832,0.107775,0.101698,0.079344,0.085363,0.070874,0.096549,0.097176
0.044131,0.064494,0.243679,0.062553,0.141121,0.097253,0.102501,0.113827,0.067988,0.062454
0.040602,0.057754,0.333630,0.068872,0.292743,0.050992,0.006175,0.048232,0.051141,0.049860
0.036902,0.016339,0.222706,0.099039,0.096505,0.216451,0.019730,0.121751,0.089203,0.081374
0.069818,0.071993,0.138666,0.106861,0.090479,0.220309,0.077029,0.094189,0.079121,0.051536
0.056975,0.092012,0.066047,0.093408,0.180978,0.109187,0.091695,0.135063,0.067323,0.107312
0.015576,0.022926,0.365924,0.024751,0.130290,0.032181,0.027601,0.079054,0.273802,0.027896
0.058179,0.087058,0.148504,0.049172,0.083193,0.222682,0.076760,0.097307,0.078272,0.098872
0.076665,0.110853,0.118387,0.096172,0.086117,0.194883,0.109698,0.078202,0.071035,0.057989
0.048199,0.058518,0.082881,0.079876,0.164922,0.140918,0.128325,0.153040,0.072449,0.070871
0.104488,0.088368,0.077444,0.100675,0.142403,0.107483,0.067743,0.118481,0.104890,0.088026
0.044042,0.085610,0.170565,0.087934,0.184046,0.097627,0.056296,0.067160,0.099520,0.107199
0.018567,0.035430,0.483453,0.032143,0.295403,0.037646,0.006667,0.037268,0.028183,0.025240
0.053798,0.086995,0.308818,0.085949,0.060466,0.071507,0.088405,0.093373,0.076946,0.073744
0.054002,0.056160,0.451435,0.049043,0.055240,0.087848,0.069004,0.051285,0.055666,0.070316
0.079127,0.054615,0.333580,0.080661,0.123867,0.062967,0.066245,0.084072,0.068830,0.046037
0.043468,0.111889,0.061880,0.108684,0.118623,0.117081,0.067550,0.122044,0.122573,0.126206
0.040670,0.097331,0.053535,0.118927,0.124028,0.116168,0.028574,0.131591,0.161877,0.127299
0.008059,0.009352,0.286947,0.007362,0.038024,0.504662,0.002790,0.007563,0.123493,0.011747
0.062297,0.096231,0.090189,0.144588,0.106349,0.150197,0.103411,0.108232,0.067227,0.071278
0.042256,0.081600,0.243970,0.125242,0.084356,0.099706,0.051613,0.129990,0.079050,0.062217
0.074866,0.094911,0.089555,0.142434,0.103074,0.091641,0.102352,0.145498,0.081474,0.074194
0.053801,0.083075,0.070261,0.068894,0.162370,0.077077,0.089348,0.199724,0.071544,0.123905
0.035455,0.063614,0.310403,0.102885,0.083827,0.101364,0.066670,0.107656,0.063607,0.064520
0.018632,0.029876,0.204392,0.017595,0.149935,0.445411,0.051626,0.047584,0.021506,0.013443
0.030940,0.031587,0.284862,0.075057,0.053351,0.067307,0.081015,0.070897,0.221891,0.083094
0.110884,0.087787,0.071751,0.098550,0.194273,0.110813,0.088792,0.092250,0.073289,0.071611
0.034341,0.103874,0.299840,0.100587,0.102891,0.123279,0.031788,0.100754,0.053893,0.048752
0.043167,0.029941,0.211332,0.101614,0.118575,0.136751,0.026793,0.135931,0.072802,0.123095
0.051445,0.088643,0.072834,0.120586,0.182139,0.082170,0.094549,0.106280,0.061241,0.140113
0.040517,0.056159,0.032217,0.064441,0.070241,0.406908,0.029837,0.054857,0.169624,0.075199
0.027611,0.070053,0.271707,0.034942,0.060143,0.248528,0.075216,0.083114,0.053071,0.075614
0.009542,0.022614,0.214168,0.028735,0.199609,0.441501,0.035751,0.012150,0.019122,0.016807
0.051043,0.056979,0.146152,0.052602,0.051762,0.086288,0.068445,0.052276,0.386122,0.048332
0.045987,0.089907,0.054681,0.096693,0.109584,0.272693,0.062617,0.101546,0.108830,0.057462
0.032840,0.084750,0.309292,0.047611,0.079523,0.104628,0.036075,0.107830,0.095576,0.101875
0.091570,0.091789,0.083958,0.112169,0.151486,0.113359,0.092500,0.119771,0.076235,0.067163
0.067986,0.048825,0.082120,0.117164,0.133805,0.138993,0.129287,0.124717,0.065905,0.091197
0.010819,0.006543,0.175737,0.016679,0.010369,0.709214,0.018097,0.016412,0.014748,0.021383
0.035879,0.034975,0.225302,0.051176,0.114099,0.091788,0.078893,0.210899,0.081676,0.075312
0.093346,0.098880,0.226313,0.089514,0.076634,0.079862,0.079505,0.068359,0.075223,0.112365
0.055862,0.009666,0.433428,0.032526,0.163296,0.054278,0.075738,0.057293,0.043855,0.074059
0.027515,0.012844,0.405381,0.046075,0.172343,0.066706,0.070285,0.091892,0.042872,0.064088
0.057364,0.066598,0.053159,0.070695,0.080481,0.380559,0.073775,0.078167,0.076076,0.063126
0.090842,0.015334,0.277007,0.098434,0.135560,0.089239,0.010916,0.108097,0.134352,0.040220
0.061976,0.017665,0.050564,0.160077,0.139261,0.181593,0.012936,0.172234,0.113377,0.090317
0.027881,0.006878,0.389550,0.046287,0.156111,0.089313,0.054248,0.075427,0.065715,0.088589
0.041285,0.041938,0.062880,0.159993,0.141589,0.119417,0.146301,0.159487,0.050689,0.076421
0.037366,0.039997,0.476908,0.070646,0.051614,0.083825,0.067828,0.066323,0.045778,0.059713
0.094412,0.018285,0.067995,0.120107,0.106478,0.284776,0.024572,0.131619,0.100126,0.051630
0.051190,0.112548,0.074635,0.127031,0.097592,0.124295,0.100030,0.132430,0.073278,0.106972
0.009056,0.031769,0.278975,0.016334,0.482909,0.016985,0.045543,0.040680,0.030418,0.047332
0.006745,0.007731,0.219563,0.008224,0.046751,0.565651,0.007348,0.002121,0.129095,0.006770
0.060815,0.086971,0.080354,0.095158,0.182223,0.136923,0.099190,0.092058,0.071481,0.094827
0.016701,0.007578,0.293499,0.036390,0.312047,0.062131,0.056397,0.042809,0.098819,0.073629
0.031651,0.053396,0.030564,0.068371,0.102622,0.444120,0.059442,0.117759,0.044582,0.047493
0.007586,0.008813,0.576816,0.012038,0.010546,0.341405,0.012841,0.010309,0.010301,0.009342
0.044634,0.020557,0.235092,0.100229,0.089385,0.156045,0.018713,0.147666,0.044050,0.143630
0.030176,0.031715,0.345289,0.035363,0.032923,0.034181,0.043476,0.032946,0.368469,0.045462
0.039697,0.106298,0.060414,0.134323,0.158429,0.160527,0.045988,0.156818,0.054275,0.083229
0.001853,0.004043,0.561510,0.001411,0.215362,0.189961,0.008888,0.008470,0.004835,0.003666
0.044766,0.064372,0.245366,0.055806,0.063173,0.241023,0.074992,0.069773,0.054879,0.085850
0.057243,0.079804,0.065097,0.134027,0.167979,0.126570,0.091499,0.119982,0.072335,0.085465
0.051985,0.089947,0.063122,0.111764,0.152757,0.139792,0.114111,0.144308,0.065886,0.066327
0.084204,0.072199,0.056144,0.086689,0.091476,0.276585,0.072868,0.102502,0.059008,0.098326
0.030838,0.051563,0.341168,0.056955,0.118409,0.044446,0.054279,0.211508,0.042128,0.048706
0.084141,0.078347,0.267629,0.051916,0.059082,0.086884,0.099818,0.069262,0.088178,0.114743
0.076727,0.095753,0.078599,0.161015,0.104263,0.090880,0.102760,0.120016,0.096723,0.073264
0.048008,0.102161,0.222715,0.064426,0.085015,0.105287,0.040872,0.204765,0.055319,0.071432
0.038768,0.049424,0.219338,0.047410,0.124846,0.056573,0.062932,0.284450,0.056306,0.059952
0.090059,0.084077,0.066267,0.067865,0.173885,0.129271,0.092727,0.123225,0.078343,0.094281
0.010149,0.010068,0.479724,0.014695,0.398771,0.013985,0.016289,0.011752,0.008012,0.036557
0.034409,0.006905,0.233649,0.026796,0.024243,0.576675,0.009598,0.027110,0.021941,0.038675
0.075259,0.069167,0.067730,0.137515,0.179197,0.101036,0.085654,0.122807,0.065203,0.096434
0.029325,0.041335,0.300420,0.054398,0.235505,0.079704,0.064678,0.070769,0.057052,0.066815
0.082050,0.061256,0.382807,0.052550,0.047342,0.069381,0.079737,0.082616,0.071968,0.070293
0.063794,0.065792,0.370013,0.073462,0.060607,0.067051,0.085498,0.086702,0.072779,0.054301
0.055969,0.062034,0.048214,0.087914,0.079456,0.385098,0.070269,0.075031,0.064765,0.071250
0.043359,0.104040,0.087444,0.103655,0.138280,0.149969,0.043450,0.167417,0.060871,0.101515
0.101154,0.060724,0.302127,0.058703,0.072595,0.071929,0.075910,0.092869,0.090397,0.073591
0.007425,0.007891,0.160928,0.006295,0.025691,0.625229,0.006619,0.007380,0.145577,0.006965
0.119568,0.089394,0.075126,0.082530,0.098830,0.089496,0.101208,0.147917,0.087736,0.108195
0.045148,0.079125,0.062542,0.095768,0.145047,0.274344,0.043503,0.100456,0.081861,0.072207
0.083244,0.083540,0.068385,0.108189,0.110171,0.089890,0.096193,0.136228,0.097807,0.126352
0.056145,0.089293,0.069571,0.131945,0.098601,0.136947,0.095473,0.134887,0.070929,0.116208
0.008473,0.011760,0.454656,0.007867,0.343710,0.019380,0.018593,0.015432,0.102439,0.017690
0.073331,0.053465,0.107831,0.116606,0.073291,0.181031,0.102453,0.084658,0.115956,0.091376
0.052235,0.073788,0.055581,0.077181,0.071352,0.359828,0.078709,0.063313,0.076347,0.091667
0.034831,0.073889,0.163682,0.096350,0.112068,0.086436,0.078246,0.078356,0.176004,0.100138
0.045275,0.062776,0.226668,0.100342,0.086291,0.101445,0.117968,0.102574,0.066338,0.090325
0.049455,0.081107,0.237537,0.127675,0.080689,0.093790,0.077216,0.093868,0.098908,0.059756
0.080966,0.074201,0.306744,0.055427,0.065663,0.110620,0.083009,0.061501,0.074703,0.087165
0.014494,0.044692,0.293193,0.043971,0.450095,0.025486,0.036911,0.038293,0.026477,0.026388
0.037096,0.015569,0.220601,0.128280,0.070299,0.266336,0.021245,0.035790,0.055891,0.148893
0.026822,0.031333,0.303913,0.047626,0.349524,0.047294,0.033924,0.096269,0.032605,0.030689
0.061481,0.096276,0.069562,0.106304,0.196963,0.104579,0.088000,0.131300,0.072685,0.072850
0.040681,0.079791,0.199026,0.116011,0.168163,0.109441,0.035025,0.112101,0.084088,0.055673
0.005208,0.007167,0.426550,0.004972,0.513711,0.010112,0.010692,0.005842,0.005729,0.010017
0.052040,0.072003,0.324519,0.087928,0.070689,0.106931,0.074100,0.048706,0.079067,0.084019
0.065506,0.091172,0.063194,0.062806,0.178198,0.130727,0.090410,0.127043,0.075957,0.114988
0.057421,0.068784,0.050657,0.081002,0.080775,0.359628,0.069320,0.060788,0.069372,0.102253
0.082977,0.100735,0.073901,0.117383,0.113091,0.115407,0.110167,0.103082,0.096302,0.086955
0.089447,0.065752,0.053342,0.131193,0.086279,0.092199,0.083267,0.274558,0.066310,0.057653
0.008893,0.012325,0.233016,0.014390,0.010416,0.610615,0.003748,0.080360,0.011628,0.014610
0.091507,0.083281,0.049821,0.071832,0.081471,0.260728,0.094422,0.110564,0.052401,0.103971
0.048357,0.071286,0.280588,0.125389,0.066242,0.080093,0.074708,0.057328,0.077437,0.118572
0.044430,0.050566,0.056007,0.142518,0.130927,0.143204,0.127169,0.119380,0.048500,0.137299
0.018990,0.007534,0.409810,0.050479,0.269255,0.039078,0.005641,0.067869,0.026883,0.104462
0.065912,0.076575,0.258602,0.092798,0.078281,0.118087,0.053534,0.093929,0.064045,0.098237
0.047475,0.038731,0.339921,0.047517,0.037967,0.059442,0.040127,0.034810,0.304188,0.049820
0.111251,0.106267,0.084871,0.102934,0.111251,0.097079,0.100212,0.102586,0.098548,0.085000
0.086195,0.067283,0.359162,0.078490,0.055085,0.080926,0.077146,0.031997,0.071012,0.092705
0.003636,0.002602,0.441737,0.003597,0.089726,0.447331,0.004060,0.002141,0.002734,0.002436
0.089135,0.073553,0.251264,0.051743,0.127172,0.088355,0.059197,0.097581,0.061453,0.100545
0.015172,0.030301,0.367333,0.028884,0.365052,0.040101,0.044955,0.033019,0.040894,0.034290
0.020176,0.039183,0.338607,0.026554,0.397330,0.022749,0.035095,0.052597,0.037006,0.030704
0.086890,0.091033,0.308741,0.071675,0.059467,0.091427,0.079092,0.039167,0.070233,0.102276
0.043233,0.083485,0.052312,0.106820,0.096753,0.098960,0.092702,0.278913,0.066185,0.080637
0.004219,0.002574,0.232190,0.007891,0.005912,0.584666,0.009649,0.005162,0.138300,0.009438
0.056635,0.115618,0.086861,0.119933,0.132950,0.117880,0.077757,0.111225,0.106324,0.074817
0.038500,0.081625,0.147808,0.105800,0.047702,0.239443,0.121104,0.094745,0.072376,0.050897
0.097086,0.012432,0.262077,0.091718,0.065700,0.061412,0.012260,0.075877,0.244171,0.077269
0.046228,0.053133,0.468099,0.059071,0.055076,0.073971,0.062362,0.055540,0.052597,0.073922
0.062731,0.108036,0.061099,0.138817,0.124426,0.135752,0.051955,0.142244,0.056578,0.118363
0.014264,0.006640,0.309825,0.050132,0.436760,0.030541,0.048649,0.047615,0.022226,0.033348
0.048094,0.033643,0.291967,0.059608,0.062566,0.054429,0.071560,0.069470,0.259845,0.048817
0.071948,0.086877,0.179511,0.097521,0.056790,0.252274,0.072388,0.077473,0.060362,0.044855
0.047281,0.096493,0.080343,0.097911,0.131589,0.118431,0.062165,0.137186,0.093084,0.135517
0.050088,0.057865,0.082153,0.142789,0.141026,0.125840,0.114683,0.147788,0.064418,0.073350
0.076427,0.081246,0.286352,0.078379,0.065166,0.096758,0.075340,0.086191,0.072765,0.081376
0.084107,0.084519,0.076055,0.099163,0.176016,0.112183,0.091903,0.124813,0.074264,0.076977
0.058079,0.059326,0.422370,0.064060,0.068366,0.046714,0.037981,0.131452,0.049799,0.061852
0.082803,0.027546,0.240553,0.099580,0.117236,0.123929,0.022617,0.111805,0.092506,0.081424
0.072475,0.078129,0.205094,0.072727,0.131080,0.076845,0.103062,0.087521,0.076503,0.096563
0.028230,0.085323,0.111988,0.060355,0.098255,0.169716,0.021783,0.103849,0.209001,0.111500
0.055945,0.060061,0.081725,0.095208,0.179029,0.111128,0.112215,0.109056,0.071993,0.123640
0.001450,0.003176,0.166519,0.001341,0.002126,0.475025,0.003645,0.051690,0.291995,0.003031
0.098291,0.102548,0.063165,0.085341,0.114768,0.095281,0.122140,0.153642,0.097386,0.067438
0.024099,0.020647,0.180424,0.029279,0.027856,0.037466,0.026510,0.029888,0.588959,0.034874
0.040516,0.045531,0.303835,0.058692,0.231599,0.053193,0.054910,0.075644,0.059920,0.076160
0.055883,0.077352,0.065174,0.128191,0.183794,0.084183,0.094933,0.141760,0.075513,0.093218
0.007296,0.009477,0.429471,0.008674,0.392653,0.013229,0.016270,0.010269,0.096390,0.016273
0.023129,0.038928,0.185863,0.036638,0.031009,0.038554,0.016516,0.034242,0.548577,0.046543
0.011289,0.007956,0.243997,0.009601,0.007727,0.664212,0.016045,0.011083,0.016878,0.011210
0.057272,0.062654,0.047378,0.072057,0.060424,0.405271,0.076743,0.058840,0.074984,0.084378
0.059210,0.063565,0.245324,0.053526,0.078966,0.214466,0.092717,0.026415,0.061622,0.104190
0.040776,0.075900,0.409798,0.094772,0.068891,0.112871,0.031411,0.049201,0.068755,0.047625
0.007969,0.002627,0.143906,0.040728,0.265476,0.422818,0.001783,0.026342,0.068964,0.019386
0.054909,0.064328,0.050496,0.061519,0.081050,0.310362,0.074015,0.178100,0.068456,0.056765
0.024923,0.023129,0.486286,0.042570,0.060443,0.038793,0.066239,0.172986,0.037825,0.046808
0.011843,0.005632,0.283190,0.010362,0.126355,0.507907,0.018088,0.005658,0.015684,0.015281
0.051882,0.084404,0.288829,0.061296,0.093735,0.077708,0.049778,0.108299,0.069309,0.114761
0.059428,0.070530,0.341766,0.044172,0.071616,0.095583,0.085001,0.063067,0.077077,0.091760
0.088019,0.095003,0.210433,0.109412,0.086967,0.090991,0.099924,0.070238,0.085852,0.063161
0.070867,0.091873,0.085241,0.073469,0.105329,0.147581,0.103802,0.132684,0.085206,0.103949
0.013416,0.005802,0.298733,0.013563,0.007636,0.607841,0.012589,0.012067,0.013760,0.014593
0.031314,0.054948,0.212256,0.078720,0.058968,0.082432,0.066828,0.280324,0.057931,0.076279
0.062784,0.104402,0.065646,0.128809,0.107103,0.094798,0.044158,0.154289,0.093583,0.144428
0.030077,0.041275,0.485494,0.034717,0.044656,0.061027,0.052557,0.164903,0.043630,0.041664
0.031443,0.046196,0.397198,0.055173,0.057352,0.056510,0.011176,0.074281,0.210401,0.060269
0.071885,0.087244,0.076620,0.137165,0.119441,0.114833,0.102909,0.135464,0.083030,0.071410
0.005424,0.006495,0.214301,0.007101,0.018130,0.583833,0.001062,0.038013,0.106546,0.019095
0.055330,0.105029,0.088453,0.120315,0.165778,0.136407,0.059378,0.098846,0.073573,0.096891
0.010036,0.020418,0.389087,0.015097,0.020274,0.435899,0.005314,0.070686,0.014496,0.018693
0.058885,0.085089,0.204925,0.109796,0.148072,0.093075,0.038745,0.112397,0.082550,0.066465
0.005273,0.006763,0.413498,0.009081,0.226998,0.257449,0.005068,0.002558,0.069906,0.003405
0.072659,0.023810,0.122229,0.135790,0.140030,0.190100,0.028033,0.142426,0.061925,0.082997
0.023250,0.008993,0.363259,0.099225,0.239142,0.089213,0.008961,0.043487,0.066691,0.057778
0.041364,0.061499,0.459978,0.077309,0.086961,0.055958,0.029960,0.087756,0.058838,0.040379
0.069695,0.069541,0.281852,0.086157,0.071115,0.087514,0.083208,0.093043,0.078249,0.079626
0.040584,0.072873,0.277372,0.086948,0.091918,0.080527,0.049162,0.104207,0.085550,0.110859
0.066225,0.067316,0.062525,0.080093,0.136146,0.140849,0.124442,0.111258,0.086771,0.124374
0.029748,0.026697,0.061274,0.140499,0.129872,0.147583,0.021914,0.170368,0.103178,0.168868
0.037247,0.107507,0.132698,0.090929,0.053408,0.236972,0.102419,0.097776,0.082924,0.058119
0.029447,0.017332,0.072975,0.137165,0.108005,0.106522,0.017503,0.195016,0.215890,0.100145
0.078122,0.099934,0.066416,0.096959,0.104009,0.106422,0.102204,0.130348,0.080307,0.135280
0.043791,0.010705,0.062842,0.130511,0.107434,0.413899,0.008401,0.103441,0.064951,0.054024
0.018737,0.007071,0.247790,0.032420,0.037820,0.031777,0.038063,0.089021,0.479156,0.018144
0.058709,0.101692,0.073228,0.071802,0.136998,0.252668,0.076343,0.080766,0.066360,0.081434
0.006420,0.020314,0.477392,0.013343,0.426056,0.020013,0.002037,0.018488,0.008097,0.007842
0.050747,0.058153,0.432395,0.078354,0.168026,0.044901,0.012105,0.046334,0.055695,0.053292
0.097672,0.063712,0.057919,0.089267,0.118683,0.104030,0.117999,0.131788,0.084319,0.134610
0.095224,0.076343,0.069409,0.135698,0.108652,0.132238,0.096496,0.139702,0.089649,0.056589
0.053972,0.064753,0.323674,0.052493,0.054378,0.103116,0.082392,0.087584,0.080558,0.097078
0.038804,0.058809,0.506198,0.068763,0.044594,0.057644,0.058052,0.064374,0.050040,0.052721
0.065375,0.042032,0.450324,0.051038,0.059055,0.050422,0.076099,0.073642,0.066545,0.065466
0.052938,0.014002,0.288640,0.059352,0.112117,0.063633,0.078678,0.095046,0.142508,0.093087
0.045233,0.070355,0.307334,0.075161,0.071046,0.101902,0.072728,0.091718,0.077528,0.086996
0.064742,0.052735,0.313547,0.068386,0.068389,0.063085,0.064581,0.194884,0.051721,0.057929
0.021452,0.050480,0.151701,0.027505,0.214005,0.391408,0.001931,0.031602,0.079237,0.030678
0.046471,0.095887,0.063686,0.114962,0.171114,0.130862,0.055260,0.141149,0.093228,0.087382
0.054735,0.074685,0.062811,0.113496,0.075459,0.093466,0.085988,0.287594,0.076994,0.074773
0.048533,0.091575,0.289715,0.076167,0.114311,0.114403,0.044509,0.098221,0.064752,0.057816
0.050021,0.075167,0.286088,0.093239,0.095590,0.112265,0.041485,0.068871,0.082166,0.095107
0.010201,0.003448,0.424638,0.017890,0.402038,0.023532,0.020515,0.023918,0.024052,0.049767
0.013092,0.009390,0.086604,0.011747,0.007655,0.011234,0.014105,0.097314,0.742182,0.006677
0.012439,0.014782,0.412598,0.009444,0.008123,0.454888,0.013220,0.049618,0.010722,0.014166
0.046625,0.063236,0.341009,0.079868,0.064050,0.112342,0.082450,0.072599,0.071861,0.065959
0.106494,0.088896,0.076874,0.137940,0.120837,0.116466,0.108481,0.081495,0.083578,0.078938
0.044237,0.056157,0.035925,0.055999,0.064529,0.372608,0.064365,0.194038,0.050961,0.061180
0.050613,0.068945,0.165012,0.068414,0.056547,0.299009,0.080390,0.079617,0.055536,0.075918
0.041800,0.044600,0.176034,0.077233,0.098728,0.197530,0.117299,0.105484,0.062806,0.078487
0.030517,0.058571,0.290385,0.070529,0.249233,0.082935,0.060830,0.065467,0.049159,0.042375
0.045015,0.025532,0.295979,0.070981,0.075595,0.060449,0.061218,0.066007,0.246172,0.053052
0.039884,0.064700,0.047053,0.081201,0.070518,0.314820,0.062936,0.065919,0.190326,0.062644
0.127341,0.019828,0.050684,0.147221,0.133655,0.170158,0.014107,0.143099,0.096482,0.097426
0.104573,0.061756,0.076520,0.147189,0.094553,0.118069,0.115515,0.140832,0.078440,0.062554
0.003343,0.003351,0.160050,0.003947,0.002668,0.762442,0.004341,0.053284,0.003809,0.002765
0.089858,0.059907,0.058513,0.072653,0.147781,0.137861,0.116767,0.134369,0.057588,0.124702
0.049365,0.087419,0.067106,0.087039,0.146098,0.094817,0.087907,0.234539,0.064222,0.081488
0.086151,0.078431,0.212749,0.111824,0.098966,0.069696,0.099067,0.070091,0.099041,0.073984
0.063288,0.087856,0.065233,0.072762,0.173295,0.104971,0.094607,0.135639,0.070770,0.131579
0.040972,0.069926,0.430504,0.045500,0.070830,0.099036,0.032368,0.084958,0.069947,0.055960
0.073007,0.085513,0.235542,0.090049,0.085244,0.084027,0.109138,0.060596,0.095988,0.080898
0.083473,0.097003,0.214988,0.073473,0.116503,0.130671,0.080866,0.044322,0.071507,0.087194
0.034572,0.165772,0.130151,0.097277,0.103349,0.221133,0.055266,0.054701,0.071627,0.066153
0.049938,0.068615,0.318070,0.076442,0.078467,0.069416,0.089708,0.087579,0.077161,0.084604
0.012869,0.001436,0.127126,0.008059,0.252461,0.412556,0.031299,0.020961,0.120721,0.012513
0.039897,0.024075,0.312673,0.134411,0.102847,0.111812,0.021457,0.085073,0.062176,0.105579
0.091360,0.044662,0.042870,0.067167,0.064550,0.316078,0.102144,0.098480,0.065157,0.107532
0.055407,0.054441,0.056545,0.069886,0.150580,0.256750,0.110612,0.081510,0.079726,0.084542
0.048074,0.029903,0.262642,0.057878,0.080012,0.145771,0.024869,0.116373,0.098712,0.135766
0.016095,0.027240,0.243117,0.036478,0.461534,0.024092,0.026949,0.029133,0.116212,0.019148
0.077421,0.091017,0.219862,0.077676,0.072160,0.108159,0.112185,0.081288,0.091314,0.068916
