0.325774,0.567517,0.106710
0.025326,0.614305,0.360369
0.980746,0.019237,0.000017
0.923093,0.075787,0.001120
0.994537,0.005463,0.000000
0.119242,0.234697,0.646060
0.264814,0.287166,0.448020
0.436686,0.563313,0.000000
0.678869,0.320738,0.000393
0.174879,0.195495,0.629627
0.997761,0.002239,0.000000
0.925584,0.074411,0.000005
0.721312,0.053395,0.225294
0.019526,0.320941,0.659532
0.997728,0.002272,0.000000
0.469012,0.515694,0.015294
0.464950,0.353188,0.181861
0.991085,0.008908,0.000007
0.995919,0.004081,0.000000
0.998106,0.001894,0.000000
0.002572,0.996988,0.000440
0.989887,0.010110,0.000003
0.012253,0.362501,0.625246
0.977839,0.022161,0.000000
0.003376,0.016178,0.980445
0.895939,0.104033,0.000028
0.997047,0.002953,0.000000
0.997604,0.002396,0.000000
0.851629,0.137999,0.010372
0.100419,0.164621,0.734960
0.877115,0.122885,0.000000
0.926294,0.073307,0.000399
0.419124,0.580876,0.000000
0.979678,0.020295,0.000028
0.663771,0.336228,0.000001
0.030499,0.081630,0.887871
0.906639,0.092712,0.000650
0.206582,0.321355,0.472063
0.330562,0.667793,0.001645
0.025176,0.182430,0.792394
0.992151,0.007849,0.000000
0.721810,0.278190,0.000000
0.000008,0.000007,0.999985
0.486990,0.513010,0.000000
0.990420,0.009577,0.000003
0.998543,0.001457,0.000000
0.589321,0.400723,0.009956
0.998457,0.001543,0.000000
0.010196,0.059934,0.929869
0.002238,0.994597,0.003165
0.952217,0.040384,0.007399
0.893897,0.106103,0.000000
0.001183,0.998757,0.000060
0.022529,0.127015,0.850455
0.002973,0.069087,0.927940
0.099834,0.475086,0.425079
0.491240,0.508752,0.000008
0.081244,0.230343,0.688414
0.997149,0.002851,0.000000
0.821123,0.084366,0.094511
0.549679,0.440995,0.009326
0.065322,0.069000,0.865678
0.789874,0.090037,0.120090
0.996529,0.003471,0.000000
0.028296,0.457045,0.514659
0.531484,0.468516,0.000000
0.653954,0.345605,0.000442
0.004941,0.992289,0.002770
0.037215,0.454825,0.507960
0.691679,0.308097,0.000224
0.086618,0.636938,0.276445
0.134912,0.184904,0.680184
0.984334,0.015647,0.000019
0.616859,0.359425,0.023716
0.991438,0.008561,0.000002
0.995701,0.004299,0.000000
0.457406,0.542594,0.000000
0.982818,0.017182,0.000000
0.002129,0.997519,0.000351
0.029226,0.055895,0.914879
0.970285,0.029623,0.000092
0.787411,0.200137,0.012452
0.998074,0.001926,0.000000
0.238563,0.761382,0.000054
0.396362,0.600623,0.003015
0.003285,0.995621,0.001094
0.997962,0.002038,0.000000
0.353048,0.614456,0.032497
0.891102,0.108829,0.000069
0.153132,0.269008,0.577860
0.783706,0.216293,0.000000
0.418428,0.542502,0.039070
0.221314,0.367695,0.410990
0.002899,0.997097,0.000004
0.239622,0.760229,0.000149
0.994194,0.005806,0.000000
0.887583,0.107399,0.005018
0.510555,0.489386,0.000059
0.658463,0.341536,0.000000
0.998730,0.001270,0.000000
0.000820,0.995200,0.003980
0.436739,0.563260,0.000001
0.966913,0.033087,0.000000
0.375596,0.621774,0.002629
0.045179,0.451702,0.503119
0.996952,0.003048,0.000000
0.031138,0.219331,0.749531
0.002283,0.973651,0.024066
0.984677,0.011853,0.003470
0.031489,0.402408,0.566102
0.022183,0.025768,0.952049
0.436976,0.562980,0.000045
0.993194,0.006800,0.000006
0.049627,0.266583,0.683790
0.004306,0.009187,0.986506
0.979433,0.020567,0.000000
0.970590,0.007018,0.022392
0.997461,0.002535,0.000003
0.991780,0.005670,0.002550
0.249249,0.453805,0.296946
0.997990,0.002010,0.000000
0.995139,0.004861,0.000000
0.958800,0.041200,0.000000
0.990688,0.009312,0.000000
0.224566,0.775196,0.000237
0.873834,0.125844,0.000322
0.087383,0.324338,0.588280
0.257691,0.305158,0.437150
0.614918,0.385081,0.000000
0.010098,0.018066,0.971837
0.022418,0.420779,0.556802
0.038864,0.345385,0.615751
0.610997,0.389003,0.000000
0.000721,0.001220,0.998058
0.731131,0.268340,0.000529
0.000710,0.001019,0.998271
0.074754,0.159875,0.765370
0.003225,0.989485,0.007290
0.002295,0.982522,0.015184
0.992406,0.007594,0.000000
0.000070,0.000008,0.999921
0.001539,0.919785,0.078676
0.929224,0.027510,0.043266
0.336521,0.663374,0.000105
0.097188,0.729223,0.173588
0.892542,0.107457,0.000001
0.950345,0.008119,0.041537
0.002745,0.033429,0.963826
0.206318,0.516740,0.276942
0.996566,0.003433,0.000001
0.987169,0.012831,0.000000
0.965527,0.034428,0.000045
0.992424,0.007575,0.000001
0.126366,0.867031,0.006603
0.003323,0.995533,0.001144
0.017486,0.166076,0.816438
0.455572,0.082482,0.461946
0.031326,0.056472,0.912202
0.997788,0.002212,0.000000
0.005127,0.009206,0.985668
0.997267,0.002734,0.000000
0.113767,0.883116,0.003117
0.998061,0.001935,0.000003
0.989643,0.010357,0.000000
0.622830,0.377170,0.000000
0.044534,0.318202,0.637264
0.003756,0.979392,0.016852
0.002301,0.997482,0.000217
0.994325,0.005675,0.000000
0.995557,0.004443,0.000000
0.291234,0.392256,0.316510
0.359813,0.631759,0.008428
0.002643,0.006355,0.991002
0.992693,0.007304,0.000003
0.115092,0.142707,0.742202
0.144607,0.623966,0.231427
0.001320,0.983660,0.015020
0.568877,0.429730,0.001393
0.985238,0.010022,0.004741
0.073896,0.768238,0.157866
0.995800,0.004199,0.000001
0.014318,0.791627,0.194055
0.706280,0.293720,0.000000
0.670903,0.162247,0.166850
0.997960,0.002040,0.000000
0.952195,0.046237,0.001568
0.002420,0.008300,0.989279
0.469662,0.529546,0.000792
0.996949,0.003051,0.000000
0.531774,0.468226,0.000000
0.232143,0.767596,0.000261
0.612895,0.386944,0.000162
0.002596,0.996919,0.000485
0.995844,0.004156,0.000000
0.013067,0.023332,0.963601
0.769384,0.007593,0.223023
0.691959,0.307929,0.000113
0.198837,0.008986,0.792177
0.040132,0.104303,0.855565
0.261221,0.738736,0.000043
0.004480,0.005152,0.990368
0.997015,0.002984,0.000000
0.988905,0.011096,0.000000
0.991530,0.008467,0.000003
0.302704,0.538901,0.158394
0.011213,0.032349,0.956437
0.970938,0.022261,0.006801
0.008253,0.980721,0.011026
0.086318,0.126504,0.787178
0.459544,0.531668,0.008787
0.054580,0.691375,0.254045
0.629672,0.368196,0.002132
0.507126,0.492873,0.000001
0.071197,0.004818,0.923985
0.416638,0.044265,0.539097
0.960532,0.039365,0.000104
0.995206,0.004794,0.000000
0.003316,0.129811,0.866873
0.205338,0.793633,0.001028
0.992060,0.007939,0.000000
0.978588,0.021412,0.000000
0.389028,0.609771,0.001201
0.017112,0.454259,0.528629
0.001002,0.981253,0.017745
0.895913,0.057959,0.046128
0.990544,0.009456,0.000000
0.010440,0.028148,0.961412
0.966678,0.032575,0.000747
0.978467,0.021476,0.000057
0.473237,0.526762,0.000001
0.693678,0.306321,0.000000
0.319492,0.679959,0.000549
0.125028,0.613151,0.261822
0.987961,0.012039,0.000001
0.987480,0.012384,0.000136
0.914170,0.085829,0.000001
0.534258,0.465741,0.000000
0.296338,0.703646,0.000016
0.042077,0.262250,0.695673
0.996382,0.003618,0.000000
0.402449,0.595262,0.002289
0.997621,0.002379,0.000000
0.963219,0.036732,0.000049
0.412332,0.579933,0.007734
0.116904,0.373753,0.509343
0.259525,0.309385,0.431090
0.996589,0.003411,0.000000
0.164360,0.747988,0.087652
0.004977,0.993166,0.001857
0.993309,0.006691,0.000000
0.146766,0.208155,0.645079
0.262226,0.006756,0.731019
0.305400,0.407579,0.287021
0.980886,0.017533,0.001581
0.710793,0.289075,0.000132
0.142006,0.738620,0.119373
0.666202,0.333796,0.000002
0.325727,0.674191,0.000081
0.006116,0.018852,0.975032
0.074028,0.598190,0.327781
0.989035,0.010965,0.000000
0.060422,0.798532,0.141047
0.041770,0.454686,0.503544
0.998025,0.001975,0.000000
0.003235,0.952620,0.044144
0.001197,0.997063,0.001740
0.089372,0.658275,0.252353
0.288949,0.711037,0.000014
0.521725,0.442066,0.036208
0.004099,0.995012,0.000888
0.704024,0.295975,0.000001
0.250877,0.235181,0.513942
0.005942,0.006335,0.987723
0.990017,0.009983,0.000000
0.045913,0.310159,0.643928
0.055721,0.010244,0.934035
0.004110,0.006311,0.989580
0.001719,0.997752,0.000529
0.772578,0.074177,0.153246
0.121192,0.871129,0.007678
0.124006,0.495827,0.380167
0.819538,0.063918,0.116544
0.989292,0.010708,0.000000
0.471996,0.527986,0.000018
0.855654,0.144183,0.000163
0.415104,0.233678,0.351218
0.995047,0.004953,0.000000
0.997699,0.002301,0.000000
0.102780,0.851706,0.045514
0.576784,0.179277,0.243938
0.994327,0.005673,0.000000
0.058085,0.083111,0.858804
0.007899,0.766393,0.225708
0.995234,0.004766,0.000000
0.851155,0.148303,0.000542
0.992498,0.007493,0.000009
0.978628,0.021372,0.000000
0.993777,0.006218,0.000005
0.466632,0.533368,0.000000
0.986275,0.013725,0.000000
0.048242,0.087566,0.864192
0.998541,0.001458,0.000000
0.339739,0.635006,0.025255
0.998543,0.001457,0.000000
0.995178,0.004822,0.000000
0.059543,0.109588,0.830870
0.511409,0.472758,0.015833
0.997982,0.002018,0.000000
0.760990,0.226792,0.012218
0.426352,0.573646,0.000001
0.756551,0.243088,0.000361
0.984723,0.015277,0.000000
0.019719,0.067108,0.913174
0.003667,0.891702,0.104631
0.016087,0.028580,0.955333
0.994108,0.005892,0.000000
0.288852,0.710925,0.000223
0.024097,0.061761,0.914142
0.966907,0.033093,0.000000
0.993348,0.006652,0.000000
0.997031,0.002969,0.000000
0.997826,0.002174,0.000000
0.988363,0.011636,0.000001
0.000566,0.004251,0.995184
0.746859,0.252471,0.000670
0.985047,0.014953,0.000001
0.148868,0.851029,0.000103
0.004635,0.880105,0.115260
0.660901,0.339093,0.000006
0.759373,0.014796,0.225831
0.998282,0.001718,0.000000
0.993487,0.006513,0.000000
0.076265,0.147814,0.775920
0.537485,0.461885,0.000630
0.141002,0.148031,0.710968
0.028242,0.076173,0.895584
0.991181,0.008818,0.000001
0.980478,0.019521,0.000001
0.002886,0.011874,0.985240
0.738524,0.261476,0.000000
0.902793,0.073279,0.023927
0.004902,0.991332,0.003766
0.982532,0.016920,0.000548
0.506177,0.493823,0.000000
0.014168,0.205835,0.779997
0.568775,0.298904,0.132321
0.232277,0.087755,0.679969
0.194875,0.804730,0.000396
0.312531,0.687464,0.000004
0.988913,0.011085,0.000002
0.991812,0.008188,0.000000
0.087212,0.147781,0.765007
0.005142,0.994664,0.000193
0.945226,0.054774,0.000000
0.125070,0.493923,0.381007
0.487135,0.512865,0.000000
0.000085,0.000156,0.999759
0.436197,0.563059,0.000743
0.928238,0.070425,0.001338
0.897144,0.102673,0.000183
0.992841,0.007159,0.000000
0.042619,0.125158,0.832223
0.410063,0.562689,0.027248
0.002176,0.008984,0.988841
0.998160,0.001839,0.000001
0.962550,0.034099,0.003351
0.246333,0.744120,0.009547
0.205734,0.360449,0.433816
0.996591,0.002907,0.000502
0.038407,0.508722,0.452871
0.027782,0.321794,0.650424
0.740909,0.259089,0.000002
0.984309,0.015677,0.000014
0.988337,0.011663,0.000000
0.996689,0.003311,0.000000
0.008537,0.023581,0.967883
0.753132,0.206143,0.040725
0.316338,0.683662,0.000000
0.123784,0.004018,0.872198
0.008503,0.151353,0.840145
0.997456,0.002544,0.000000
0.055963,0.593910,0.350127
0.741358,0.258642,0.000000
0.006245,0.077061,0.916694
0.310655,0.689271,0.000074
0.112116,0.297679,0.590205
0.008231,0.972690,0.019079
0.007892,0.804261,0.187847
0.237397,0.695125,0.067478
0.988016,0.011983,0.000000
0.569315,0.428286,0.002399
0.757955,0.242045,0.000000
0.001307,0.998034,0.000659
0.940711,0.046698,0.012590
0.003422,0.995785,0.000793
0.993836,0.006164,0.000000
0.001655,0.979357,0.018988
0.004072,0.172237,0.823691
0.818618,0.180129,0.001253
0.114030,0.466196,0.419775
0.076031,0.658123,0.265847
0.541044,0.458956,0.000000
0.640736,0.359263,0.000000
0.982829,0.017154,0.000017
0.801623,0.190200,0.008177
0.331041,0.595114,0.073845
0.033122,0.596327,0.370550
0.729952,0.267173,0.002875
0.919529,0.041282,0.039189
0.068490,0.355806,0.575704
0.569620,0.430379,0.000000
0.994922,0.005078,0.000000
0.392769,0.606401,0.000830
0.692835,0.307158,0.000007
0.035127,0.351808,0.613065
0.000514,0.001057,0.998429
0.003384,0.011687,0.984929
0.671713,0.324428,0.003859
0.998221,0.001779,0.000000
0.829552,0.006904,0.163544
0.613271,0.022912,0.363817
0.609672,0.330684,0.059644
0.750943,0.245156,0.003901
0.108122,0.241036,0.650843
0.887684,0.010876,0.101440
0.001363,0.997384,0.001253
0.494600,0.505400,0.000000
0.000023,0.000011,0.999966
0.521611,0.478388,0.000001
0.975939,0.024055,0.000006
0.807143,0.192683,0.000174
0.991535,0.008465,0.000000
0.307839,0.669851,0.022310
0.989278,0.010722,0.000000
0.846060,0.153897,0.000043
0.197590,0.608501,0.193909
0.976887,0.023113,0.000000
0.035340,0.294629,0.670032
0.000738,0.989022,0.010240
0.415286,0.583676,0.001039
0.621295,0.378344,0.000362
0.007695,0.992125,0.000181
0.071759,0.098237,0.830003
0.997324,0.002676,0.000000
0.003772,0.995103,0.001125
0.313945,0.664536,0.021519
0.110173,0.663869,0.225958
0.002585,0.997275,0.000141
0.108065,0.518845,0.373090
0.982623,0.017304,0.000073
0.037303,0.580527,0.382170
0.993378,0.006622,0.000000
0.186907,0.791343,0.021750
0.000438,0.000266,0.999296
0.289338,0.448039,0.262623
0.841526,0.012093,0.146381
0.003002,0.004597,0.992401
0.510613,0.488057,0.001330
0.000188,0.000025,0.999787
0.002561,0.997428,0.000010
0.869583,0.130416,0.000001
0.220776,0.296088,0.483136
0.570199,0.005888,0.423913
0.133201,0.587315,0.279484
0.004687,0.020418,0.974894
0.967469,0.032531,0.000000
0.006494,0.011354,0.982152
0.137694,0.154631,0.707675
0.476203,0.484660,0.039136
0.948017,0.048265,0.003718
0.997586,0.002414,0.000000
0.456349,0.004517,0.539135
0.122743,0.167021,0.710236
0.847696,0.141901,0.010403
0.001915,0.913839,0.084246
0.998293,0.001707,0.000000
0.095395,0.904412,0.000193
0.997118,0.002883,0.000000
0.025424,0.038316,0.936260
0.597664,0.402336,0.000000
0.996573,0.003427,0.000000
0.580793,0.419196,0.000011
0.621983,0.378017,0.000000
0.000840,0.999077,0.000083
0.996131,0.003865,0.000003
0.900445,0.095064,0.004490
0.699332,0.299733,0.000935
0.992888,0.007112,0.000000
0.581770,0.418230,0.000000
0.993659,0.006341,0.000000
0.511801,0.485142,0.003057
0.373949,0.446988,0.179062
0.963385,0.036615,0.000000
0.003543,0.995585,0.000872
0.023146,0.001949,0.974905
0.972529,0.027442,0.000029
0.013183,0.043255,0.943562
0.683622,0.264581,0.051797
0.931019,0.068981,0.000000
0.481716,0.485847,0.032437
0.001349,0.987745,0.010906
0.997473,0.002526,0.000001
0.000943,0.000231,0.998826
0.269413,0.730561,0.000026
0.997629,0.002371,0.000000
0.668900,0.331005,0.000095
0.990721,0.009224,0.000055
0.232622,0.670933,0.096445
0.011070,0.060413,0.928517
0.003676,0.004055,0.992269
0.533235,0.466765,0.000000
0.579475,0.420525,0.000000
0.962620,0.037380,0.000000
0.998724,0.001276,0.000000
0.994720,0.005280,0.000000
0.550894,0.449106,0.000000
0.000482,0.998498,0.001020
0.017121,0.016156,0.966722
0.995971,0.004029,0.000000
0.424262,0.572243,0.003495
0.516575,0.473030,0.010395
0.006782,0.010434,0.982785
0.115526,0.401264,0.483209
0.013326,0.024491,0.962184
0.544062,0.455878,0.000060
0.001356,0.998346,0.000298
0.180571,0.227270,0.592160
0.001191,0.990390,0.008419
0.028103,0.346333,0.625564
0.990434,0.009566,0.000000
0.905728,0.085441,0.008830
0.891915,0.034238,0.073846
0.985836,0.014162,0.000002
0.035577,0.300456,0.663967
0.114057,0.616092,0.269851
0.813570,0.074664,0.111765
0.037454,0.251631,0.710915
0.083002,0.549435,0.367563
0.509000,0.491000,0.000000
0.737179,0.262821,0.000001
0.993789,0.006206,0.000005
0.715680,0.284320,0.000001
0.006924,0.019626,0.973450
0.035759,0.080733,0.883509
0.963568,0.036432,0.000000
0.499543,0.459193,0.041265
0.994544,0.005456,0.000000
0.005710,0.802714,0.191577
0.895945,0.102796,0.001260
0.331408,0.583560,0.085033
0.054746,0.256390,0.688863
0.827071,0.011995,0.160934
0.001708,0.998114,0.000179
0.006859,0.974283,0.018858
0.811508,0.165060,0.023432
0.973701,0.026299,0.000000
0.098250,0.498898,0.402852
0.994934,0.005066,0.000000
0.783739,0.216261,0.000000
0.191807,0.253061,0.555132
0.004476,0.124730,0.870794
0.001277,0.956214,0.042509
0.078796,0.112158,0.809046
0.272268,0.727681,0.000051
0.146577,0.173668,0.679755
0.966702,0.029341,0.003957
0.973626,0.021518,0.004856
0.319770,0.678065,0.002165
0.992595,0.007405,0.000000
0.997757,0.002243,0.000000
0.890710,0.109290,0.000000
0.980510,0.019489,0.000001
0.021698,0.201249,0.777053
0.977988,0.022012,0.000000
0.323571,0.657759,0.018670
0.028517,0.047107,0.924377
0.870296,0.083853,0.045850
0.001132,0.952518,0.046350
0.993862,0.006138,0.000000
0.108425,0.891391,0.000185
0.483081,0.516919,0.000000
0.265972,0.087160,0.646869
0.144956,0.226438,0.628606
0.948805,0.051161,0.000034
0.458603,0.541379,0.000018
0.564593,0.435091,0.000316
0.352285,0.636538,0.011177
0.997724,0.002276,0.000000
0.001970,0.973746,0.024284
0.526490,0.038591,0.434919
0.273341,0.683010,0.043649
0.028722,0.087140,0.884138
0.629194,0.370806,0.000000
0.039476,0.000727,0.959797
0.014566,0.022955,0.962479
0.998142,0.001858,0.000000
0.008806,0.689365,0.301829
0.003394,0.990920,0.005686
0.381899,0.618101,0.000000
0.002387,0.961309,0.036305
0.911352,0.079360,0.009288
0.520423,0.037899,0.441678
0.669914,0.330086,0.000000
0.039222,0.573432,0.387346
0.862543,0.137441,0.000016
0.189001,0.810920,0.000078
0.999086,0.000914,0.000000
0.482622,0.503257,0.014121
0.989018,0.010981,0.000002
0.824665,0.099224,0.076110
0.000180,0.000026,0.999794
0.230853,0.231234,0.537913
0.199140,0.225876,0.574984
0.002353,0.070112,0.927534
0.996940,0.003060,0.000000
0.005314,0.023139,0.971547
0.003295,0.950755,0.045951
0.693406,0.306594,0.000000
0.896286,0.029310,0.074404
0.991797,0.008200,0.000002
0.974874,0.006244,0.018882
0.001352,0.002800,0.995848
0.798407,0.034295,0.167298
0.000563,0.000745,0.998691
0.986358,0.013642,0.000000
0.573931,0.426068,0.000001
0.039351,0.061213,0.899436
0.583384,0.416616,0.000000
0.990894,0.009106,0.000000
0.001600,0.998334,0.000066
0.000441,0.001091,0.998468
0.976801,0.023199,0.000000
0.671208,0.326530,0.002262
0.984674,0.015229,0.000097
0.027592,0.067866,0.904543
0.300663,0.699334,0.000003
0.995830,0.002735,0.001435
0.516423,0.389185,0.094391
0.084390,0.005056,0.910554
0.336184,0.536200,0.127616
0.002635,0.074084,0.923281
0.990573,0.009426,0.000001
0.417739,0.582259,0.000002
0.612571,0.346651,0.040779
0.937895,0.061284,0.000821
0.043051,0.062751,0.894199
0.988048,0.009849,0.002102
0.279836,0.709885,0.010279
0.001125,0.998865,0.000009
0.994958,0.005042,0.000000
0.644945,0.350334,0.004720
0.013020,0.381453,0.605527
0.077132,0.741642,0.181226
0.968235,0.031765,0.000000
0.409144,0.590742,0.000114
0.000970,0.996760,0.002271
0.997131,0.002866,0.000003
0.022221,0.115225,0.862554
0.981503,0.018497,0.000000
0.111579,0.324829,0.563592
0.503415,0.021550,0.475035
0.001418,0.028703,0.969880
0.712170,0.122526,0.165304
0.998761,0.001239,0.000000
0.002803,0.900055,0.097142
0.633407,0.365063,0.001530
0.982789,0.016639,0.000572
0.178738,0.669989,0.151272
0.515211,0.475347,0.009442
0.957125,0.042875,0.000000
0.949176,0.049811,0.001013
0.577801,0.222026,0.200173
0.002546,0.994577,0.002877
0.393200,0.606615,0.000185
0.829057,0.170943,0.000000
0.997520,0.002480,0.000000
0.995845,0.004154,0.000001
0.002746,0.996033,0.001221
0.411598,0.588374,0.000027
0.156388,0.747336,0.096275
0.023153,0.101331,0.875516
0.992411,0.007495,0.000093
0.016299,0.187737,0.795964
0.994460,0.005516,0.000024
0.987551,0.012448,0.000001
0.994763,0.005236,0.000000
0.970811,0.029154,0.000035
0.001245,0.979508,0.019247
0.724507,0.111743,0.163750
0.000012,0.000010,0.999978
0.996471,0.003529,0.000000
0.271922,0.726976,0.001102
0.039814,0.225023,0.735163
0.001499,0.980460,0.018041
0.010640,0.035140,0.954219
0.518422,0.481576,0.000002
0.001064,0.000548,0.998388
0.285806,0.441420,0.272774
0.007063,0.033612,0.959325
0.065828,0.524165,0.410007
0.141819,0.694387,0.163794
0.985074,0.014926,0.000000
0.997131,0.002863,0.000006
0.015193,0.232183,0.752624
0.692987,0.226453,0.080560
0.077983,0.317252,0.604765
0.035915,0.308389,0.655697
0.188278,0.508401,0.303322
0.358407,0.641502,0.000091
0.043474,0.091405,0.865120
0.997346,0.002654,0.000000
0.001907,0.972552,0.025540
0.005116,0.017694,0.977190
0.491719,0.502840,0.005440
0.505965,0.494035,0.000000
0.239541,0.388352,0.372107
0.012866,0.024114,0.963020
0.723026,0.274114,0.002860
0.998214,0.001786,0.000000
0.000130,0.000097,0.999773
0.001909,0.997860,0.000230
0.469968,0.527963,0.002069
0.997522,0.002478,0.000000
0.684005,0.287694,0.028302
0.055265,0.554669,0.390066
0.347163,0.652831,0.000006
0.644505,0.353881,0.001614
0.116344,0.879411,0.004245
0.445070,0.081080,0.473850
0.996081,0.003919,0.000000
0.586895,0.413105,0.000001
0.001386,0.998379,0.000234
0.679715,0.320285,0.000000
0.690773,0.309224,0.000003
0.095782,0.416973,0.487245
0.265826,0.733942,0.000232
0.783521,0.216479,0.000000
0.241873,0.027852,0.730275
0.950040,0.033666,0.016294
0.640362,0.357298,0.002340
0.567125,0.395868,0.037007
0.032999,0.325691,0.641311
0.949299,0.050680,0.000021
0.023727,0.301625,0.674648
0.952983,0.046837,0.000180
0.998328,0.001672,0.000000
0.487142,0.512857,0.000001
0.002595,0.997401,0.000005
0.972240,0.027081,0.000679
0.086285,0.667076,0.246639
0.028067,0.474080,0.497853
0.998333,0.001659,0.000008
0.769998,0.230002,0.000000
0.589427,0.410573,0.000000
0.259864,0.739962,0.000174
0.000904,0.000173,0.998923
0.000620,0.993693,0.005687
0.849785,0.147935,0.002280
0.005786,0.663132,0.331082
0.533311,0.461401,0.005288
0.001539,0.997407,0.001054
0.610232,0.380274,0.009494
0.459953,0.536931,0.003116
0.881418,0.094118,0.024465
0.424394,0.575577,0.000030
0.101709,0.898228,0.000063
0.225081,0.774843,0.000076
0.995053,0.004948,0.000000
0.695762,0.304163,0.000075
0.005258,0.009596,0.985146
0.224571,0.775373,0.000056
0.901455,0.035124,0.063421
0.640763,0.359236,0.000001
0.997853,0.002147,0.000000
0.445748,0.554250,0.000002
0.046308,0.217962,0.735730
0.102178,0.266085,0.631737
0.000115,0.000194,0.999691
0.788423,0.196262,0.015315
0.222260,0.734047,0.043693
0.480615,0.519385,0.000000
0.557048,0.381017,0.061935
0.995218,0.004782,0.000000
0.971744,0.028256,0.000000
0.322138,0.496832,0.181030
0.000488,0.998791,0.000721
0.887132,0.111752,0.001116
0.744714,0.043892,0.211394
0.998481,0.001519,0.000000
0.014236,0.034003,0.951761
0.193225,0.272808,0.533967
0.000787,0.991584,0.007629
0.996140,0.003860,0.000000
0.016541,0.572931,0.410528
0.001267,0.015300,0.983434
0.867736,0.006446,0.125818
0.134785,0.611531,0.253684
0.061980,0.893154,0.044866
0.998633,0.001367,0.000000
0.526450,0.468029,0.005522
0.001310,0.963695,0.034995
0.676452,0.323548,0.000000
0.007882,0.139214,0.852904
0.553753,0.446115,0.000132
0.996723,0.003272,0.000004
0.529711,0.466350,0.003939
0.026700,0.764623,0.208678
0.078612,0.184577,0.736812
0.998507,0.001493,0.000000
0.999112,0.000888,0.000000
0.304261,0.684167,0.011572
0.001056,0.921229,0.077715
0.125038,0.874604,0.000358
0.996105,0.003895,0.000000
0.988259,0.011741,0.000000
0.998412,0.001588,0.000000
0.564976,0.435024,0.000001
0.791042,0.208037,0.000921
0.997600,0.002400,0.000000
0.993927,0.006073,0.000000
0.574012,0.075706,0.350282
0.000029,0.000021,0.999950
0.989132,0.010867,0.000001
0.549002,0.450998,0.000000
0.989902,0.010098,0.000000
0.613217,0.381310,0.005473
0.956489,0.043450,0.000061
0.014839,0.070666,0.914496
0.600644,0.173457,0.225899
0.603696,0.394265,0.002039
0.996054,0.003946,0.000000
0.713428,0.286339,0.000234
0.996495,0.003505,0.000000
0.622915,0.377077,0.000008
0.994801,0.005198,0.000001
0.997703,0.002297,0.000000
0.997564,0.002436,0.000000
0.993049,0.006948,0.000002
0.976516,0.022998,0.000486
0.062200,0.218744,0.719056
0.015213,0.054991,0.929796
0.987384,0.012608,0.000008
0.378053,0.621943,0.000004
0.632344,0.367656,0.000000
0.835730,0.117016,0.047253
0.001530,0.004000,0.994470
0.997161,0.002837,0.000002
0.002186,0.987907,0.009907
0.997032,0.002968,0.000000
0.709816,0.290184,0.000000
0.212829,0.468050,0.319121
0.000777,0.997895,0.001327
0.072191,0.115074,0.812735
0.001837,0.995185,0.002979
0.049005,0.060230,0.890765
0.002436,0.556996,0.440568
0.031920,0.408919,0.559161
0.005900,0.933000,0.061100
0.946858,0.050827,0.002315
0.157633,0.526673,0.315694
0.000419,0.000133,0.999447
0.995663,0.004332,0.000006
0.173805,0.280056,0.546138
0.782782,0.216976,0.000242
0.002435,0.974003,0.023562
0.998222,0.001778,0.000000
0.000046,0.000006,0.999948
0.922708,0.038777,0.038514
0.002242,0.002485,0.995273
0.994799,0.005199,0.000002
0.981395,0.018575,0.000030
0.992801,0.007195,0.000004
0.710945,0.289055,0.000000
0.002044,0.419816,0.578140
0.996897,0.003103,0.000000
0.998493,0.001507,0.000000
0.889708,0.107473,0.002819
0.162849,0.836547,0.000604
0.364617,0.592592,0.042791
0.031784,0.365026,0.603191
0.439088,0.560911,0.000000
0.498777,0.329134,0.172089
0.035637,0.097941,0.866422
0.318490,0.676651,0.004859
0.002470,0.989054,0.008477
0.015495,0.021145,0.963361
0.998276,0.001724,0.000000
0.985643,0.014354,0.000003
0.511655,0.488343,0.000002
0.590020,0.406440,0.003540
0.468001,0.531999,0.000000
0.700598,0.299400,0.000001
0.243436,0.748016,0.008548
0.017015,0.057010,0.925975
0.148876,0.022919,0.828204
0.323704,0.676287,0.000010
0.067568,0.098322,0.834110
0.989865,0.010131,0.000004
0.003726,0.889074,0.107200
0.832647,0.152700,0.014654
0.662889,0.336572,0.000539
0.548779,0.451207,0.000014
0.025470,0.078449,0.896081
0.001664,0.003374,0.994962
0.995156,0.004844,0.000000
0.400858,0.589153,0.009989
0.263207,0.400624,0.336169
0.002345,0.000537,0.997118
0.949780,0.050198,0.000023
0.530737,0.468805,0.000458
0.498877,0.501029,0.000094
0.046786,0.110838,0.842376
0.990510,0.009488,0.000003
0.006952,0.115072,0.877976
0.079766,0.909398,0.010836
0.984901,0.015099,0.000000
0.848996,0.147585,0.003419
0.990063,0.009936,0.000001
0.990815,0.008915,0.000270
0.747352,0.252648,0.000000
0.110982,0.874191,0.014827
0.628559,0.371441,0.000000
0.001426,0.998567,0.000007
0.122707,0.611669,0.265624
0.068724,0.085360,0.845916
0.900378,0.097753,0.001869
0.992163,0.007836,0.000001
0.997899,0.002100,0.000000
0.103012,0.174561,0.722426
0.987551,0.012449,0.000000
0.249651,0.750344,0.000005
0.988861,0.011139,0.000000
0.009401,0.019987,0.970612
0.007198,0.152423,0.840379
0.212385,0.485611,0.302004
0.301082,0.688404,0.010514
0.997509,0.002491,0.000000
0.193687,0.318213,0.488100
0.059759,0.119387,0.820854
0.001525,0.907874,0.090601
0.000851,0.998271,0.000877
0.051014,0.107424,0.841562
0.777447,0.019764,0.202788
0.317585,0.630066,0.052349
0.986798,0.013202,0.000000
0.000125,0.000058,0.999817
0.118272,0.323154,0.558574
0.021953,0.429321,0.548727
0.161556,0.417542,0.420902
0.000184,0.000208,0.999608
0.091601,0.201496,0.706903
0.325279,0.672011,0.002710
0.437510,0.278515,0.283975
0.998283,0.001717,0.000000
0.634789,0.365210,0.000000
0.048477,0.757608,0.193915
0.989410,0.006079,0.004510
0.679002,0.293413,0.027585
0.245380,0.723136,0.031484
0.997462,0.002538,0.000000
0.015764,0.041150,0.943086
0.998242,0.001758,0.000000
0.998364,0.001636,0.000000
0.979662,0.020338,0.000000
0.978567,0.021428,0.000005
0.990553,0.009413,0.000034
0.043322,0.058503,0.898176
0.009242,0.039110,0.951648
0.697764,0.302159,0.000077
0.001998,0.997848,0.000154
0.354313,0.304688,0.340999
0.368315,0.631681,0.000004
0.970726,0.025883,0.003391
0.007330,0.016845,0.975824
0.929877,0.069272,0.000851
0.080128,0.685218,0.234653
0.963330,0.036671,0.000000
0.988030,0.011970,0.000000
0.471207,0.528789,0.000004
0.931249,0.047012,0.021738
0.256410,0.743158,0.000432
0.027818,0.084300,0.887882
0.363027,0.510740,0.126233
0.030995,0.055909,0.913095
0.001961,0.975311,0.022729
0.767139,0.096409,0.136453
0.072513,0.728661,0.198826
0.000031,0.000005,0.999963
0.996709,0.003291,0.000000
0.998320,0.001680,0.000000
0.974522,0.025478,0.000000
0.867015,0.126284,0.006701
0.997489,0.002511,0.000000
0.369607,0.378593,0.251800
0.003614,0.668708,0.327678
0.961234,0.038692,0.000073
0.567952,0.432047,0.000001
0.654435,0.345564,0.000001
0.868294,0.125132,0.006574
0.136484,0.373770,0.489746
0.548384,0.440762,0.010854
0.996666,0.003334,0.000000
0.996839,0.003161,0.000000
0.982567,0.016332,0.001101
0.224025,0.775880,0.000095
0.804404,0.195576,0.000020
0.467680,0.527254,0.005066
0.980813,0.019187,0.000000
0.455602,0.544398,0.000000
0.943826,0.055916,0.000258
0.373951,0.626037,0.000012
0.241610,0.436278,0.322112
0.994144,0.005856,0.000000
0.001930,0.997951,0.000120
0.173221,0.604964,0.221814
0.264608,0.122150,0.613242
0.501572,0.497985,0.000443
0.641856,0.358144,0.000000
0.017994,0.237327,0.744679
0.609539,0.390438,0.000023
0.013535,0.098532,0.887933
0.086116,0.470927,0.442957
0.337312,0.006576,0.656112
0.991387,0.008611,0.000002
0.322132,0.677861,0.000007
0.155077,0.245298,0.599625
0.029615,0.400854,0.569531
0.694542,0.145354,0.160104
0.010974,0.016383,0.972643
0.644855,0.353499,0.001646
0.997313,0.002686,0.000001
0.988885,0.011115,0.000000
0.995268,0.004730,0.000002
0.027442,0.870924,0.101634
0.004493,0.005823,0.989684
0.991969,0.008031,0.000000
0.354237,0.026381,0.619381
0.536851,0.462839,0.000310
0.520564,0.477658,0.001778
0.965316,0.034682,0.000002
0.244493,0.026269,0.729238
0.088945,0.903889,0.007167
0.977040,0.022941,0.000019
0.993211,0.006789,0.000000
0.004128,0.730455,0.265418
0.007942,0.980232,0.011826
0.978651,0.020567,0.000782
0.912402,0.085806,0.001792
0.447515,0.552484,0.000001
0.992034,0.007966,0.000000
0.920401,0.035422,0.044177
0.386648,0.612559,0.000794
0.311069,0.039452,0.649479
0.998718,0.001282,0.000000
0.557591,0.442407,0.000002
0.992082,0.007918,0.000000
0.001321,0.003005,0.995674
0.076004,0.540301,0.383694
0.008432,0.018942,0.972626
0.157246,0.555753,0.287000
0.329534,0.566913,0.103553
0.243715,0.347574,0.408711
0.908068,0.091892,0.000039
0.101122,0.683593,0.215285
0.971012,0.022909,0.006079
0.014057,0.072449,0.913494
0.006365,0.029671,0.963964
0.306112,0.017364,0.676524
0.032409,0.520263,0.447329
0.136300,0.708116,0.155585
0.000423,0.998868,0.000709
0.049873,0.126719,0.823409
0.607459,0.299136,0.093404
0.988886,0.011113,0.000000
0.001069,0.010200,0.988732
0.003269,0.008851,0.987880
0.664082,0.335695,0.000223
0.001790,0.991342,0.006867
0.020016,0.309251,0.670733
0.121387,0.542371,0.336242
0.990720,0.009280,0.000000
0.000870,0.999025,0.000105
0.003488,0.996096,0.000416
0.020363,0.267620,0.712017
0.001251,0.997867,0.000881
0.849275,0.149057,0.001668
0.000432,0.000144,0.999424
0.619638,0.375422,0.004940
0.402783,0.597217,0.000000
0.989006,0.010992,0.000002
0.000983,0.995740,0.003277
0.997136,0.002864,0.000000
0.516214,0.008822,0.474964
0.001141,0.922652,0.076207
0.522007,0.477993,0.000000
0.915611,0.084389,0.000000
0.063128,0.075718,0.861154
0.788000,0.211998,0.000002
0.006770,0.020680,0.972550
0.993162,0.006838,0.000000
0.265554,0.439705,0.294741
0.005513,0.008898,0.985588
0.176966,0.818821,0.004213
0.989200,0.010800,0.000000
0.025086,0.091695,0.883220
0.493062,0.506938,0.000000
0.473989,0.525987,0.000024
0.004560,0.984980,0.010460
0.052831,0.002390,0.944779
0.040369,0.336102,0.623529
0.998266,0.001734,0.000000
0.996534,0.003466,0.000000
0.067806,0.091343,0.840851
0.213680,0.781817,0.004503
0.000574,0.000138,0.999288
0.530151,0.451470,0.018379
0.996333,0.003667,0.000001
0.028058,0.387495,0.584447
0.998760,0.001240,0.000000
0.248773,0.673956,0.077271
0.937986,0.062013,0.000002
0.990006,0.009994,0.000000
0.193474,0.647521,0.159005
0.088115,0.911647,0.000237
0.074749,0.015763,0.909488
0.964710,0.035290,0.000000
0.963202,0.036719,0.000079
0.001247,0.981587,0.017166
0.529856,0.470140,0.000003
0.767360,0.022445,0.210195
0.988920,0.010935,0.000146
0.647198,0.344445,0.008357
0.964167,0.026248,0.009585
0.000426,0.000076,0.999498
0.572968,0.415580,0.011453
0.459015,0.536626,0.004358
0.982992,0.017008,0.000000
0.357784,0.642208,0.000008
0.677624,0.322376,0.000000
0.011005,0.864292,0.124703
0.019330,0.032398,0.948272
0.991557,0.008443,0.000000
0.247701,0.737283,0.015015
0.954893,0.029975,0.015132
0.019144,0.252700,0.728155
0.179989,0.224529,0.595482
0.994383,0.005579,0.000038
0.078838,0.338792,0.582370
0.177023,0.777745,0.045231
0.005116,0.893274,0.101609
0.015604,0.568437,0.415959
0.929841,0.002382,0.067777
0.406860,0.582339,0.010801
0.001813,0.995173,0.003013
0.348337,0.651657,0.000006
0.100079,0.006728,0.893193
0.297636,0.702274,0.000090
0.001586,0.998370,0.000044
0.273525,0.652182,0.074293
0.435165,0.564833,0.000002
0.916055,0.083138,0.000807
0.901494,0.062592,0.035915
0.112355,0.004131,0.883514
0.039671,0.290592,0.669737
0.183860,0.539192,0.276948
0.004547,0.001410,0.994044
0.667564,0.332436,0.000000
0.001396,0.998591,0.000013
0.003566,0.925907,0.070528
0.707316,0.007503,0.285181
0.043075,0.782667,0.174259
0.003665,0.995711,0.000624
0.000072,0.000025,0.999904
0.879498,0.118192,0.002310
0.031372,0.336540,0.632088
0.263713,0.735931,0.000357
0.721326,0.278418,0.000256
0.004672,0.992521,0.002806
0.890415,0.012327,0.097258
0.000025,0.000003,0.999972
0.403216,0.596781,0.000003
0.302349,0.683387,0.014264
0.015477,0.220514,0.764009
0.090276,0.668230,0.241494
0.624634,0.375366,0.000000
0.054822,0.563313,0.381865
0.658366,0.010385,0.331250
0.970892,0.029068,0.000039
0.998078,0.001922,0.000000
0.555881,0.438197,0.005922
0.474321,0.525679,0.000001
0.000708,0.993527,0.005765
0.960481,0.039519,0.000000
0.667628,0.331994,0.000379
0.030746,0.560142,0.409112
0.004249,0.007862,0.987889
0.995224,0.004776,0.000000
0.001455,0.997687,0.000858
0.997908,0.002092,0.000000
0.646778,0.353216,0.000005
0.506873,0.493127,0.000000
0.175877,0.799294,0.024828
0.678932,0.321066,0.000002
0.003431,0.995833,0.000736
0.004832,0.994805,0.000362
0.952449,0.038361,0.009190
0.546611,0.059955,0.393434
0.000771,0.000107,0.999122
0.011513,0.001353,0.987133
0.830516,0.012082,0.157402
0.323724,0.653773,0.022503
0.986223,0.013776,0.000000
0.225422,0.717487,0.057091
0.083057,0.195832,0.721111
0.023873,0.039183,0.936944
0.788214,0.211786,0.000000
0.095591,0.658719,0.245690
0.029590,0.079886,0.890525
0.998851,0.001149,0.000000
0.424159,0.371008,0.204833
0.983680,0.016320,0.000000
0.905198,0.044966,0.049836
0.005341,0.006465,0.988193
0.001576,0.993226,0.005198
0.826945,0.151410,0.021645
0.042359,0.439377,0.518264
0.780338,0.217494,0.002167
0.186974,0.142848,0.670178
0.030289,0.500450,0.469261
0.015648,0.077819,0.906533
0.021342,0.061889,0.916769
0.087298,0.175647,0.737055
0.064768,0.104050,0.831182
0.079086,0.721535,0.199379
0.001461,0.991991,0.006549
0.579549,0.420451,0.000000
0.151491,0.752141,0.096368
0.086968,0.629815,0.283218
0.024062,0.394058,0.581879
0.981487,0.018513,0.000000
0.868357,0.131422,0.000221
0.188113,0.173373,0.638514
0.006195,0.983943,0.009862
0.213265,0.786656,0.000080
0.996769,0.003231,0.000000
0.070888,0.003096,0.926016
0.662864,0.337136,0.000000
0.496426,0.182660,0.320915
0.994332,0.005633,0.000034
0.000750,0.995699,0.003551
0.046306,0.233335,0.720359
0.615335,0.384620,0.000045
0.998255,0.001745,0.000000
0.316229,0.683713,0.000057
0.000286,0.000197,0.999516
0.946437,0.053563,0.000000
0.993770,0.006230,0.000000
0.338464,0.661437,0.000099
0.208504,0.542965,0.248531
0.994571,0.005429,0.000000
0.994530,0.005470,0.000000
0.982409,0.017590,0.000001
0.998967,0.001033,0.000000
0.000393,0.000091,0.999516
0.576194,0.423181,0.000625
0.028531,0.442819,0.528650
0.039515,0.154300,0.806185
0.237070,0.683543,0.079387
0.397240,0.356928,0.245832
0.346790,0.653207,0.000003
0.440323,0.559659,0.000017
0.847945,0.126792,0.025263
0.756061,0.008199,0.235740
0.618745,0.381255,0.000000
0.995819,0.004181,0.000000
0.305390,0.689720,0.004890
0.001849,0.929010,0.069140
0.236388,0.556575,0.207037
0.049406,0.070437,0.880157
0.053897,0.393618,0.552485
0.019768,0.725557,0.254675
0.577241,0.422759,0.000000
0.589098,0.144862,0.266039
0.990905,0.009095,0.000000
0.030042,0.150028,0.819930
0.974926,0.014911,0.010163
0.000057,0.000006,0.999937
0.967885,0.019838,0.012277
0.359470,0.640299,0.000230
0.984726,0.015274,0.000000
0.003774,0.011345,0.984881
0.687876,0.096218,0.215906
0.126575,0.819043,0.054381
0.070381,0.114381,0.815238
0.974702,0.025298,0.000000
0.079843,0.454505,0.465652
0.994234,0.005766,0.000000
0.963817,0.004407,0.031777
0.656094,0.343904,0.000002
0.269553,0.265972,0.464476
0.998789,0.001211,0.000000
0.997921,0.002079,0.000000
0.996276,0.003724,0.000000
0.724741,0.275134,0.000125
0.033032,0.697659,0.269309
0.953873,0.028037,0.018090
0.011803,0.021136,0.967061
0.960390,0.039591,0.000018
0.669820,0.330180,0.000000
0.915313,0.027529,0.057158
0.544377,0.455621,0.000002
0.255678,0.576800,0.167523
0.994913,0.005087,0.000000
0.643431,0.356563,0.000006
0.061623,0.184966,0.753411
0.002482,0.984424,0.013095
0.001014,0.991918,0.007068
0.134536,0.015418,0.850046
0.997589,0.002411,0.000000
0.949110,0.038549,0.012342
0.579042,0.413832,0.007126
0.218766,0.622551,0.158683
0.108715,0.555756,0.335529
0.983586,0.016202,0.000212
0.813897,0.186103,0.000000
0.071132,0.859760,0.069109
0.439522,0.013131,0.547347
0.429639,0.570021,0.000341
0.001281,0.004962,0.993757
0.414311,0.585689,0.000000
0.205448,0.794355,0.000197
0.991755,0.008245,0.000000
0.006229,0.006553,0.987218
0.251289,0.748381,0.000330
0.778896,0.221104,0.000000
0.081070,0.481305,0.437625
0.681257,0.316458,0.002285
0.319099,0.662931,0.017970
0.079737,0.505399,0.414864
0.904578,0.030293,0.065129
0.411051,0.013806,0.575143
0.996924,0.003076,0.000000
0.998049,0.001936,0.000015
0.778835,0.221165,0.000000
0.572555,0.427443,0.000002
0.992356,0.007644,0.000000
0.170091,0.787860,0.042048
0.002516,0.990571,0.006913
0.992393,0.007592,0.000015
0.835819,0.156449,0.007731
0.979417,0.020564,0.000018
0.948911,0.051089,0.000000
0.375208,0.624790,0.000002
0.132278,0.010666,0.857057
0.006797,0.141898,0.851305
0.488274,0.022557,0.489169
0.860005,0.139872,0.000124
0.404752,0.565191,0.030056
0.001450,0.081282,0.917269
0.907052,0.092916,0.000032
0.007671,0.817285,0.175044
0.035748,0.081363,0.882890
0.001362,0.998577,0.000060
0.393176,0.579057,0.027767
0.800268,0.044475,0.155257
0.004171,0.919194,0.076635
0.982118,0.017879,0.000003
0.975462,0.024121,0.000417
0.814458,0.171459,0.014083
0.428299,0.571701,0.000001
0.957456,0.042544,0.000000
0.993898,0.006102,0.000000
0.019411,0.437521,0.543068
0.998633,0.001367,0.000000
0.446985,0.552999,0.000016
0.012114,0.027624,0.960262
0.998936,0.001064,0.000000
0.997127,0.002873,0.000000
0.352105,0.579433,0.068461
0.883642,0.053164,0.063194
0.043289,0.434250,0.522461
0.000032,0.000005,0.999963
0.705453,0.294546,0.000000
0.920245,0.079235,0.000519
0.568999,0.430999,0.000002
0.014073,0.031985,0.953941
0.001240,0.986341,0.012419
0.333555,0.666017,0.000429
0.027378,0.064594,0.908029
0.789124,0.205344,0.005532
0.015436,0.112189,0.872376
0.014473,0.137262,0.848265
0.321272,0.667781,0.010947
0.979248,0.020752,0.000000
0.055472,0.580549,0.363979
0.001162,0.001166,0.997672
0.913601,0.086398,0.000002
0.462595,0.537405,0.000000
0.699627,0.297775,0.002599
0.982646,0.017076,0.000278
0.996384,0.003616,0.000000
0.950099,0.049901,0.000000
0.037218,0.146071,0.816711
0.153817,0.136788,0.709395
0.039738,0.198009,0.762253
0.494786,0.343435,0.161779
0.581095,0.417876,0.001029
0.102924,0.203500,0.693576
0.980964,0.019036,0.000000
0.962803,0.036853,0.000344
0.984788,0.015212,0.000000
0.998907,0.001093,0.000000
0.015844,0.060237,0.923919
0.995852,0.004148,0.000000
0.000248,0.000056,0.999696
0.971453,0.028547,0.000000
0.988013,0.011987,0.000000
0.596589,0.395139,0.008272
0.689905,0.152624,0.157472
0.073506,0.580354,0.346140
0.818887,0.091377,0.089736
0.948628,0.051372,0.000000
0.989501,0.010485,0.000014
0.072282,0.521891,0.405827
0.105382,0.121254,0.773364
0.978113,0.021887,0.000000
0.009757,0.304255,0.685988
0.039290,0.559525,0.401185
0.001634,0.003594,0.994772
0.996493,0.003502,0.000005
0.082129,0.605970,0.311901
0.100801,0.335504,0.563694
0.310061,0.621204,0.068735
0.980076,0.019924,0.000000
0.791642,0.206593,0.001765
0.997878,0.002122,0.000000
0.480424,0.515904,0.003672
0.158892,0.834487,0.006621
0.754861,0.245139,0.000000
0.001484,0.998407,0.000108
0.104549,0.122862,0.772588
0.001349,0.038119,0.960532
0.984541,0.012583,0.002877
0.040189,0.490544,0.469266
0.072769,0.083765,0.843466
0.016963,0.354503,0.628534
0.379855,0.606862,0.013283
0.004431,0.005192,0.990377
0.058921,0.667500,0.273579
0.052646,0.503825,0.443530
0.522703,0.188041,0.289256
0.017603,0.055671,0.926726
0.647847,0.116485,0.235668
0.030202,0.059148,0.910650
0.110660,0.635669,0.253671
0.048049,0.501046,0.450905
0.101307,0.895471,0.003221
0.585674,0.414326,0.000000
0.732359,0.267641,0.000000
0.652744,0.347255,0.000001
0.002230,0.958886,0.038884
0.537114,0.458956,0.003930
0.727024,0.272976,0.000000
0.995351,0.004649,0.000000
0.373893,0.626082,0.000025
0.145924,0.214091,0.639985
0.903602,0.011285,0.085113
0.993628,0.006372,0.000000
0.997539,0.002457,0.000005
0.001252,0.998744,0.000004
0.995915,0.004085,0.000000
0.996911,0.003089,0.000000
0.094366,0.632775,0.272859
0.978873,0.021127,0.000000
0.996399,0.003601,0.000000
0.998562,0.001438,0.000000
0.747997,0.252003,0.000000
0.546637,0.452931,0.000432
0.275217,0.724768,0.000015
0.005987,0.712848,0.281165
0.953102,0.008141,0.038757
