0.047819,0.033782,0.042738,0.027864,0.428855,0.079428,0.227101,0.019890,0.034250,0.058273
0.059790,0.333171,0.040315,0.037852,0.050420,0.063069,0.055441,0.059955,0.265757,0.034231
0.142043,0.074216,0.078344,0.126589,0.092459,0.111260,0.097285,0.027064,0.124296,0.126443
0.096141,0.113547,0.061659,0.159470,0.084065,0.065686,0.171856,0.089282,0.102055,0.056239
0.070541,0.075848,0.083399,0.115650,0.104502,0.115067,0.109583,0.087900,0.120005,0.117505
0.051656,0.122855,0.037752,0.092510,0.065304,0.147397,0.269014,0.108568,0.069948,0.034996
0.034072,0.090519,0.088738,0.092962,0.325256,0.089721,0.087569,0.064238,0.054554,0.072371
0.093985,0.083973,0.072319,0.045517,0.046863,0.108961,0.360768,0.061825,0.080429,0.045361
0.047660,0.265991,0.072061,0.092432,0.042326,0.229086,0.089459,0.054978,0.039696,0.066310
0.034615,0.092495,0.028224,0.157457,0.046413,0.107022,0.241775,0.131285,0.062541,0.098172
0.101096,0.129738,0.117879,0.121885,0.080813,0.045066,0.146161,0.074213,0.078390,0.104759
0.053007,0.085054,0.394224,0.071178,0.071983,0.064064,0.073384,0.049157,0.039235,0.098714
0.022578,0.148216,0.100924,0.115230,0.057444,0.195469,0.162305,0.027943,0.062974,0.106917
0.029205,0.094581,0.329228,0.048791,0.121578,0.213039,0.048444,0.059771,0.033678,0.021685
0.048926,0.073191,0.128227,0.124181,0.116318,0.045058,0.116697,0.130008,0.086861,0.130534
0.084713,0.246999,0.034485,0.102185,0.100394,0.046645,0.109547,0.061308,0.085787,0.127937
0.025105,0.044792,0.347714,0.030347,0.250479,0.083505,0.029220,0.029656,0.139347,0.019836
0.099082,0.140138,0.047528,0.110251,0.054844,0.214344,0.130803,0.085694,0.080947,0.036368
0.074038,0.123204,0.115531,0.071325,0.099628,0.154318,0.102447,0.088209,0.079972,0.091328
0.109053,0.081073,0.104818,0.109703,0.089443,0.134533,0.099820,0.080613,0.078011,0.112932
0.065260,0.320622,0.096997,0.046170,0.024962,0.028640,0.255343,0.026103,0.077890,0.058015
0.082568,0.135732,0.036138,0.107124,0.079032,0.172112,0.112621,0.118874,0.061477,0.094322
0.036710,0.268478,0.095867,0.040425,0.344041,0.052215,0.038315,0.034612,0.028748,0.060588
0.072643,0.093907,0.290149,0.081146,0.043579,0.082058,0.072609,0.064192,0.114019,0.085698
0.028986,0.126743,0.100723,0.107874,0.284223,0.079106,0.101440,0.082633,0.048050,0.040223
0.052516,0.087097,0.367722,0.056812,0.170468,0.051022,0.061456,0.036542,0.047060,0.069305
0.046276,0.093917,0.086055,0.096308,0.083946,0.144200,0.099718,0.093141,0.153769,0.102670
0.046904,0.113253,0.114319,0.095664,0.071509,0.117376,0.119506,0.126843,0.092391,0.102234
0.037807,0.087400,0.419145,0.073429,0.047860,0.091262,0.076671,0.047124,0.041247,0.078055
0.044079,0.227758,0.070509,0.101414,0.111028,0.054199,0.105919,0.109984,0.057542,0.117568
0.073445,0.275612,0.080245,0.088857,0.059541,0.090374,0.095472,0.073198,0.101402,0.061855
0.037322,0.102788,0.329733,0.086166,0.069337,0.104838,0.080081,0.062712,0.050990,0.076034
0.053365,0.052228,0.081936,0.086504,0.035270,0.099103,0.379416,0.063212,0.107986,0.040980
0.107381,0.076339,0.037390,0.115584,0.082399,0.184670,0.159094,0.068104,0.067000,0.102038
0.061315,0.087506,0.293171,0.028090,0.057698,0.062582,0.193849,0.059676,0.056833,0.099280
0.031137,0.088678,0.384075,0.067593,0.150096,0.079747,0.053721,0.036773,0.052409,0.055772
0.051307,0.127941,0.303161,0.084755,0.055940,0.102084,0.086236,0.065513,0.076644,0.046421
0.066550,0.113112,0.290261,0.094748,0.076152,0.087369,0.085708,0.064599,0.067129,0.054372
0.059894,0.070390,0.279181,0.068618,0.053029,0.065827,0.179649,0.054519,0.077415,0.091479
0.036566,0.080495,0.525329,0.067308,0.018832,0.067881,0.045295,0.081775,0.039955,0.036563
0.062706,0.080184,0.085447,0.137224,0.095051,0.123505,0.129490,0.097432,0.067405,0.121556
0.053052,0.084795,0.192696,0.079023,0.061274,0.070020,0.194647,0.060258,0.111547,0.092688
0.050450,0.097434,0.360264,0.083347,0.051754,0.088200,0.077006,0.036743,0.102089,0.052714
0.051360,0.083101,0.091833,0.098696,0.053801,0.079440,0.344634,0.059592,0.043368,0.094176
0.059390,0.161580,0.029541,0.122373,0.049939,0.216609,0.121794,0.114636,0.041113,0.083025
0.077922,0.094265,0.118977,0.124648,0.059518,0.147049,0.101578,0.094629,0.080504,0.100910
0.053981,0.120725,0.076202,0.085141,0.080061,0.054179,0.263862,0.081923,0.066921,0.117004
0.102370,0.093184,0.086957,0.124274,0.097256,0.109355,0.113426,0.093978,0.090223,0.088978
0.031728,0.135986,0.414129,0.029934,0.071602,0.067407,0.074271,0.055731,0.059585,0.059627
0.048382,0.266768,0.145178,0.062117,0.040203,0.041726,0.275276,0.035574,0.060976,0.023800
0.078190,0.081742,0.060000,0.190176,0.115875,0.045515,0.152884,0.089844,0.064820,0.120954
0.050262,0.096067,0.284703,0.072765,0.076689,0.102667,0.080303,0.072143,0.115396,0.049005
0.030524,0.340920,0.056960,0.032593,0.016977,0.049145,0.354655,0.021103,0.052209,0.044913
0.042628,0.123064,0.451611,0.056224,0.019651,0.066838,0.051627,0.070112,0.052494,0.065752
0.059826,0.076921,0.047083,0.042785,0.059678,0.062239,0.284745,0.045348,0.253978,0.067397
0.014098,0.232328,0.109468,0.027481,0.399916,0.073201,0.034238,0.046277,0.029080,0.033913
0.057300,0.228182,0.239499,0.065246,0.048748,0.090735,0.064219,0.068394,0.056915,0.080762
0.022222,0.046791,0.551463,0.038680,0.140081,0.059005,0.035355,0.044194,0.026732,0.035478
0.086452,0.128537,0.080440,0.112358,0.104655,0.138866,0.102862,0.086493,0.064715,0.094622
0.067223,0.092698,0.244585,0.087384,0.069350,0.075363,0.091627,0.052085,0.126440,0.093245
0.051381,0.109255,0.100220,0.094586,0.073491,0.041317,0.303171,0.067205,0.060625,0.098748
0.025974,0.030931,0.500336,0.027174,0.278271,0.065792,0.023585,0.014688,0.016789,0.016460
0.037558,0.092497,0.340478,0.088855,0.084740,0.105430,0.090037,0.047079,0.064760,0.048567
0.063533,0.102500,0.049750,0.151396,0.108005,0.166701,0.106524,0.068890,0.076663,0.106037
0.020366,0.032893,0.291340,0.022076,0.264783,0.079254,0.147193,0.043770,0.045176,0.053150
0.058613,0.307261,0.113564,0.056989,0.066478,0.103352,0.091993,0.085416,0.058047,0.058288
0.072637,0.188029,0.040836,0.107633,0.102822,0.115316,0.089153,0.122795,0.059565,0.101215
0.034458,0.295864,0.021567,0.041549,0.027063,0.184225,0.296214,0.032392,0.038819,0.027848
0.034987,0.133442,0.288780,0.049235,0.122706,0.172338,0.044692,0.060226,0.052867,0.040726
0.039946,0.125737,0.033032,0.054567,0.059615,0.144265,0.249327,0.136328,0.054611,0.102570
0.038422,0.267253,0.044535,0.024825,0.411191,0.058578,0.031251,0.048899,0.033590,0.041456
0.050465,0.060002,0.065714,0.073869,0.356353,0.133797,0.039958,0.032157,0.136707,0.050979
0.039145,0.111592,0.038984,0.134356,0.126274,0.194067,0.124464,0.116324,0.076740,0.038054
0.027751,0.163653,0.031000,0.123362,0.100424,0.041053,0.250243,0.121555,0.050623,0.090336
0.065675,0.112458,0.033605,0.087455,0.094923,0.253548,0.089257,0.116636,0.077205,0.069240
0.051262,0.125180,0.087310,0.121776,0.087145,0.149544,0.108107,0.090061,0.083823,0.095791
0.086855,0.380565,0.061138,0.051409,0.067175,0.063209,0.060027,0.076925,0.084434,0.068263
0.069101,0.089009,0.281021,0.101962,0.053710,0.092685,0.091977,0.063507,0.078147,0.078881
0.063228,0.369237,0.048347,0.028287,0.020883,0.048823,0.327060,0.037705,0.019463,0.036967
0.037125,0.036290,0.102940,0.068770,0.256772,0.125074,0.067624,0.058630,0.206749,0.040026
0.123658,0.089226,0.113856,0.126814,0.077525,0.144010,0.141983,0.035712,0.098877,0.048340
0.101702,0.105474,0.262102,0.042966,0.055214,0.112156,0.114462,0.054294,0.066764,0.084866
0.117298,0.097407,0.107425,0.111218,0.069247,0.131666,0.087827,0.107936,0.081339,0.088636
0.034796,0.363474,0.097523,0.105299,0.070918,0.080601,0.065647,0.030110,0.073694,0.077937
0.026642,0.062969,0.076922,0.139928,0.048388,0.126415,0.291097,0.064356,0.057313,0.105971
0.039342,0.335015,0.043177,0.055981,0.027487,0.018070,0.367232,0.058003,0.025206,0.030485
0.073978,0.105711,0.114977,0.122175,0.098637,0.109803,0.104968,0.095922,0.073521,0.100307
0.038233,0.067316,0.070655,0.102918,0.051644,0.099464,0.319738,0.079495,0.067443,0.103093
0.047397,0.218201,0.029806,0.148090,0.058271,0.126162,0.128835,0.064260,0.062868,0.116110
0.046169,0.033528,0.068088,0.039319,0.404947,0.146620,0.058800,0.038729,0.127698,0.036102
0.064062,0.274098,0.082230,0.072860,0.062831,0.105447,0.077149,0.068184,0.071410,0.121729
0.055606,0.141319,0.260878,0.091796,0.061959,0.152882,0.057806,0.068012,0.042279,0.067464
0.055790,0.052240,0.080608,0.050661,0.436723,0.085047,0.063867,0.072279,0.048171,0.054614
0.033018,0.369691,0.037811,0.046126,0.023411,0.032362,0.328838,0.022056,0.074312,0.032374
0.059280,0.215353,0.270967,0.079614,0.086032,0.094371,0.051647,0.053725,0.053139,0.035870
0.122697,0.104217,0.114688,0.115498,0.082380,0.142342,0.128259,0.027067,0.073118,0.089733
0.070564,0.070747,0.297729,0.110080,0.058312,0.124020,0.107689,0.045418,0.071630,0.043811
0.070342,0.190907,0.158896,0.090986,0.078521,0.077145,0.086578,0.059040,0.076081,0.111505
0.053700,0.287550,0.077406,0.087993,0.072926,0.092795,0.098848,0.073198,0.047947,0.107636
0.044481,0.130755,0.090238,0.132722,0.076917,0.123280,0.109366,0.081153,0.077585,0.133504
0.046286,0.391107,0.035545,0.038365,0.024453,0.037059,0.320864,0.027432,0.023968,0.054921
0.064796,0.307507,0.092658,0.099112,0.042359,0.109352,0.063366,0.048840,0.075619,0.096393
0.060222,0.097292,0.315572,0.097703,0.046964,0.081536,0.089499,0.052975,0.065026,0.093210
0.098722,0.188282,0.208429,0.090550,0.038204,0.076338,0.078904,0.054802,0.108099,0.057670
0.037542,0.161949,0.291085,0.018079,0.112295,0.179830,0.044680,0.048435,0.087407,0.018697
0.097145,0.127413,0.083556,0.090245,0.071853,0.139300,0.106459,0.084076,0.076694,0.123261
0.019279,0.179642,0.080308,0.032734,0.364014,0.059430,0.050181,0.074268,0.081029,0.059116
0.077023,0.216720,0.160572,0.056687,0.042282,0.055706,0.244777,0.035116,0.033871,0.077246
0.045311,0.133623,0.086766,0.129272,0.094944,0.174313,0.134789,0.076816,0.077760,0.046407
0.035689,0.319225,0.138346,0.038961,0.286874,0.046919,0.040956,0.033984,0.037722,0.021324
0.021382,0.029286,0.374229,0.040784,0.301858,0.114295,0.029560,0.017072,0.023502,0.048031
0.105664,0.204195,0.200916,0.040082,0.049815,0.085046,0.101351,0.053173,0.046044,0.113715
0.069383,0.110933,0.046369,0.106423,0.044717,0.227302,0.105393,0.099678,0.100190,0.089612
0.018937,0.038609,0.116340,0.056317,0.314997,0.061853,0.278790,0.038575,0.033418,0.042164
0.019045,0.030426,0.522081,0.067661,0.055324,0.071467,0.070243,0.062018,0.055522,0.046213
0.079580,0.054130,0.294530,0.087823,0.065333,0.073616,0.086826,0.055472,0.111225,0.091463
0.104649,0.087143,0.117112,0.129268,0.133512,0.054367,0.144135,0.076845,0.048165,0.104804
0.076010,0.140742,0.128151,0.063706,0.090452,0.052421,0.144679,0.081676,0.061489,0.160674
0.064957,0.153635,0.097486,0.139572,0.103348,0.053219,0.133134,0.031044,0.101082,0.122524
0.086843,0.341046,0.067963,0.096395,0.072885,0.042102,0.101608,0.032536,0.053802,0.104819
0.095260,0.097299,0.103790,0.101410,0.069981,0.110462,0.096100,0.079678,0.137689,0.108331
0.093161,0.113703,0.077400,0.104398,0.063700,0.135853,0.091482,0.082899,0.114522,0.122882
0.060200,0.095541,0.314836,0.038654,0.074935,0.089989,0.105912,0.059888,0.048649,0.111396
0.062704,0.076740,0.081701,0.115247,0.098890,0.122863,0.107007,0.099341,0.109797,0.125710
0.083699,0.089642,0.070372,0.079736,0.079854,0.076211,0.336913,0.029195,0.101497,0.052880
0.037593,0.086390,0.078716,0.109745,0.081733,0.047093,0.323813,0.069484,0.071949,0.093483
0.021599,0.260069,0.101245,0.021101,0.395828,0.071374,0.028085,0.042838,0.025972,0.031889
0.030508,0.046474,0.071982,0.058329,0.544688,0.094483,0.041356,0.037663,0.038242,0.036275
0.066375,0.074549,0.068201,0.078454,0.069543,0.087107,0.319476,0.076073,0.061774,0.098448
0.027250,0.068917,0.583589,0.048480,0.021657,0.067218,0.070445,0.029128,0.036352,0.046963
0.030361,0.057798,0.053394,0.032133,0.361259,0.050722,0.283516,0.061331,0.048820,0.020666
0.021137,0.293080,0.132331,0.053899,0.245827,0.069196,0.029337,0.026250,0.092245,0.036698
0.068024,0.071896,0.107124,0.060367,0.055260,0.120035,0.309763,0.055748,0.045335,0.106448
0.056671,0.071798,0.469882,0.070023,0.048980,0.071583,0.118015,0.032545,0.027269,0.033234
0.057665,0.236596,0.075329,0.112094,0.086381,0.039918,0.113276,0.118822,0.065082,0.094836
0.026424,0.037691,0.428733,0.085071,0.048982,0.082251,0.110353,0.037132,0.061842,0.081521
0.037974,0.136075,0.080710,0.075665,0.214684,0.079255,0.111580,0.099508,0.082792,0.081759
0.047784,0.290337,0.023645,0.056459,0.024070,0.122796,0.279350,0.058470,0.026690,0.070397
0.032225,0.345997,0.033689,0.016117,0.026774,0.050787,0.358533,0.021598,0.097850,0.016431
0.065012,0.138036,0.108265,0.096503,0.072291,0.157653,0.103970,0.096825,0.074816,0.086628
0.035429,0.066488,0.534564,0.058116,0.045260,0.054661,0.056213,0.041319,0.079232,0.028718
0.036809,0.304188,0.018963,0.048007,0.050829,0.054880,0.339820,0.046573,0.040570,0.059361
0.064076,0.145274,0.075946,0.130449,0.112823,0.089534,0.106376,0.088820,0.074799,0.111904
0.083637,0.042504,0.238595,0.031404,0.076514,0.098515,0.196016,0.056827,0.121887,0.054100
0.062996,0.053065,0.259594,0.072912,0.038265,0.139298,0.184403,0.038354,0.058792,0.092322
0.051024,0.053567,0.339954,0.081777,0.120816,0.078030,0.094763,0.071214,0.065361,0.043492
0.073888,0.139072,0.038296,0.097422,0.110857,0.178097,0.135597,0.104116,0.047277,0.075378
0.078574,0.055783,0.328074,0.050670,0.041402,0.203730,0.097681,0.063986,0.048459,0.031642
0.040949,0.055565,0.071222,0.115247,0.098324,0.042438,0.275960,0.144836,0.039281,0.116180
0.060735,0.143058,0.095422,0.136232,0.073839,0.048328,0.117853,0.141457,0.081791,0.101286
0.060402,0.113813,0.115644,0.073556,0.070908,0.144793,0.131834,0.134169,0.077188,0.077693
0.110022,0.104308,0.108843,0.092141,0.065989,0.117979,0.125736,0.030708,0.107245,0.137029
0.033841,0.098951,0.069429,0.147432,0.065426,0.188445,0.138644,0.131789,0.056677,0.069365
0.066644,0.043176,0.100450,0.058511,0.060532,0.115863,0.329789,0.037138,0.071511,0.116387
0.062664,0.273267,0.068543,0.060274,0.023023,0.060398,0.281245,0.036197,0.075227,0.059161
0.046298,0.244648,0.095146,0.067076,0.272738,0.128312,0.039880,0.026174,0.033406,0.046322
0.065485,0.061877,0.358049,0.089722,0.044621,0.113105,0.089758,0.058285,0.047313,0.071785
0.015562,0.038444,0.495203,0.028191,0.208181,0.082245,0.030208,0.024333,0.041221,0.036412
0.072405,0.104036,0.116307,0.128380,0.095226,0.142563,0.103992,0.075604,0.080887,0.080600
0.036300,0.055457,0.464146,0.055677,0.037116,0.077634,0.133005,0.023689,0.041100,0.075875
0.115280,0.101832,0.085878,0.115364,0.083703,0.126571,0.106729,0.091514,0.071459,0.101671
0.049827,0.073450,0.104488,0.070101,0.049230,0.122765,0.309218,0.037157,0.104512,0.079252
0.060668,0.141739,0.127660,0.148301,0.092406,0.039575,0.114643,0.100892,0.060026,0.114091
0.093336,0.080279,0.121198,0.138311,0.113693,0.118275,0.117982,0.027615,0.097181,0.092129
0.065580,0.090126,0.096967,0.061466,0.046296,0.087335,0.356355,0.060571,0.064660,0.070643
0.042743,0.051507,0.152021,0.045812,0.290435,0.055836,0.263812,0.037109,0.037345,0.023378
0.041108,0.287911,0.133365,0.038864,0.027826,0.033907,0.243622,0.037053,0.084162,0.072182
0.039742,0.319833,0.120179,0.023233,0.016887,0.059869,0.258332,0.034536,0.094303,0.033084
0.061115,0.122406,0.086196,0.123068,0.077713,0.133945,0.103680,0.116654,0.052158,0.123066
0.092885,0.119435,0.133246,0.127493,0.068945,0.045413,0.121742,0.094921,0.083945,0.111973
0.025777,0.084858,0.079081,0.116195,0.091183,0.102723,0.249514,0.080525,0.058312,0.111831
0.032165,0.067929,0.050155,0.120996,0.110538,0.048802,0.319985,0.073257,0.038738,0.137435
0.027258,0.080663,0.099524,0.065815,0.351695,0.102376,0.081944,0.080563,0.081594,0.028567
0.037276,0.072096,0.037997,0.116305,0.113294,0.186488,0.175547,0.066403,0.051518,0.143076
0.058498,0.038841,0.115306,0.065634,0.342380,0.148178,0.055162,0.076536,0.053164,0.046299
0.042896,0.233505,0.258114,0.026398,0.082489,0.076295,0.079659,0.048439,0.075512,0.076693
0.067828,0.301995,0.032598,0.074016,0.033806,0.080050,0.285642,0.030567,0.048992,0.044505
0.038655,0.127292,0.034039,0.123394,0.071845,0.107573,0.237450,0.105671,0.048296,0.105785
0.030931,0.172762,0.051511,0.135174,0.066664,0.122521,0.168562,0.106636,0.051845,0.093394
0.029676,0.286250,0.028773,0.014710,0.247514,0.060785,0.263926,0.031819,0.017125,0.019422
0.110851,0.141869,0.083525,0.126281,0.071731,0.108218,0.104672,0.026288,0.081012,0.145553
0.048561,0.163461,0.243996,0.042706,0.025749,0.098595,0.213925,0.027322,0.048056,0.087629
0.070303,0.071064,0.098450,0.106733,0.055172,0.074282,0.325788,0.051769,0.087855,0.058584
0.033227,0.111169,0.382255,0.095397,0.043566,0.084929,0.095675,0.035421,0.087116,0.031247
0.070740,0.119349,0.112545,0.111463,0.069925,0.124349,0.124921,0.078060,0.088447,0.100202
0.034958,0.089168,0.062818,0.145716,0.133943,0.053088,0.131186,0.073354,0.105488,0.170282
0.085258,0.090294,0.083953,0.103120,0.150565,0.067904,0.138053,0.113752,0.059403,0.107697
0.031038,0.096386,0.103398,0.070006,0.147614,0.061012,0.336518,0.069180,0.053201,0.031645
0.117737,0.120034,0.079320,0.125775,0.081869,0.110959,0.109056,0.027376,0.106292,0.121581
0.060131,0.087827,0.097669,0.057574,0.040746,0.081169,0.338289,0.062650,0.077596,0.096350
0.059644,0.077052,0.094449,0.081068,0.041833,0.114622,0.339882,0.056585,0.063707,0.071158
0.102765,0.068378,0.025369,0.102208,0.086488,0.120389,0.301076,0.054188,0.059789,0.079352
0.074892,0.280395,0.101058,0.045275,0.018731,0.037888,0.309280,0.023977,0.038971,0.069533
0.032748,0.086100,0.036888,0.133947,0.063313,0.182920,0.151202,0.077653,0.128233,0.106996
0.042350,0.044986,0.077188,0.071694,0.363126,0.118197,0.100291,0.057584,0.029521,0.095065
0.070007,0.126969,0.034499,0.105159,0.099825,0.210825,0.153529,0.066551,0.055779,0.076858
0.041366,0.069845,0.104008,0.098238,0.066513,0.035503,0.339794,0.079198,0.132789,0.032747
0.107760,0.095359,0.095391,0.118229,0.111373,0.077957,0.117162,0.040488,0.092936,0.143344
0.023014,0.034523,0.336692,0.052457,0.213589,0.084148,0.065501,0.041277,0.075928,0.072871
0.061272,0.059185,0.093582,0.077530,0.037127,0.077643,0.338024,0.070994,0.093047,0.091596
0.028859,0.034822,0.582737,0.067122,0.046207,0.074358,0.056265,0.031093,0.053048,0.025489
0.057057,0.107949,0.107387,0.103958,0.086592,0.141648,0.115103,0.077770,0.090516,0.112019
0.099412,0.133832,0.104271,0.074160,0.105498,0.114639,0.109215,0.087320,0.079233,0.092421
0.131008,0.077336,0.080113,0.122796,0.096770,0.121829,0.106809,0.026769,0.104737,0.131833
0.025197,0.195924,0.067193,0.026254,0.462805,0.096083,0.030476,0.025715,0.036449,0.033904
0.041158,0.083982,0.375444,0.067444,0.144978,0.075596,0.068879,0.030696,0.050000,0.061823
0.063001,0.079489,0.036259,0.066859,0.078714,0.221238,0.145795,0.137450,0.053134,0.118060
0.057513,0.278443,0.151056,0.054633,0.043245,0.059673,0.239281,0.039193,0.039359,0.037604
0.037094,0.040511,0.139394,0.071051,0.360761,0.083757,0.077607,0.055755,0.054577,0.079492
0.043870,0.248561,0.084380,0.083771,0.147863,0.070166,0.107395,0.102367,0.039901,0.071725
0.063498,0.202123,0.246619,0.077859,0.031352,0.128578,0.076450,0.037443,0.040413,0.095665
0.033575,0.149578,0.267722,0.081860,0.042487,0.089410,0.099783,0.071352,0.046676,0.117556
0.049064,0.344795,0.096863,0.088680,0.053916,0.077019,0.070595,0.076335,0.044189,0.098543
0.104998,0.144809,0.066032,0.177841,0.102724,0.051919,0.140932,0.052445,0.070125,0.088175
0.073283,0.166532,0.067035,0.139196,0.091570,0.056061,0.219923,0.053738,0.067698,0.064963
0.033438,0.169817,0.070438,0.050523,0.103269,0.218388,0.103881,0.127784,0.040437,0.082024
0.077436,0.074369,0.114627,0.087995,0.109211,0.147373,0.108499,0.092370,0.087123,0.100997
0.069447,0.218662,0.066037,0.030638,0.039766,0.095183,0.067963,0.069506,0.312503,0.030293
0.069312,0.037382,0.094216,0.083833,0.059139,0.103993,0.293187,0.034962,0.125513,0.098463
0.053671,0.189106,0.049758,0.147041,0.068471,0.128152,0.119673,0.140932,0.063064,0.040132
0.060517,0.090512,0.334412,0.032715,0.066853,0.103191,0.089027,0.060830,0.066876,0.095068
0.097075,0.155692,0.227094,0.074034,0.086876,0.075537,0.074568,0.050675,0.057425,0.101024
0.026686,0.039730,0.036613,0.031829,0.440237,0.041365,0.307488,0.021222,0.035373,0.019458
0.025208,0.291990,0.053265,0.066235,0.043428,0.049987,0.370981,0.025726,0.033005,0.040175
0.090031,0.164642,0.041972,0.120593,0.147159,0.055580,0.131460,0.042514,0.099855,0.106193
0.074360,0.103239,0.111438,0.132394,0.060344,0.153804,0.114580,0.093470,0.064780,0.091591
0.040645,0.044449,0.270137,0.037522,0.211780,0.050838,0.036324,0.047429,0.207874,0.053001
0.055630,0.119473,0.039412,0.112575,0.113849,0.048372,0.126810,0.151897,0.091152,0.140829
0.076933,0.094676,0.038794,0.194446,0.106155,0.047604,0.148443,0.109676,0.069486,0.113787
0.053611,0.320795,0.071382,0.085644,0.051361,0.088697,0.068406,0.055027,0.127064,0.078014
0.063795,0.091140,0.063476,0.079068,0.048173,0.122298,0.274489,0.097242,0.063522,0.096796
0.109929,0.055568,0.241778,0.100052,0.055393,0.076405,0.213577,0.060944,0.043241,0.043112
0.043784,0.024379,0.266531,0.039651,0.322230,0.043106,0.150246,0.021928,0.038826,0.049320
0.042273,0.077205,0.070357,0.143255,0.063976,0.205425,0.149059,0.110864,0.056011,0.081575
0.045168,0.098735,0.047953,0.119209,0.057798,0.218055,0.140010,0.075846,0.106234,0.090992
0.065971,0.047437,0.351189,0.055553,0.167627,0.092827,0.075627,0.045802,0.058787,0.039181
0.055552,0.079248,0.116133,0.095057,0.062977,0.091305,0.318110,0.075945,0.052407,0.053265
0.113907,0.090961,0.101552,0.046703,0.041776,0.081816,0.324482,0.063928,0.065893,0.068982
0.026891,0.051408,0.357378,0.020402,0.120624,0.156518,0.102301,0.027843,0.083557,0.053078
0.046277,0.108524,0.087178,0.092498,0.113453,0.133563,0.111197,0.093458,0.087013,0.126840
0.034504,0.153751,0.084188,0.100974,0.048985,0.107496,0.192141,0.121051,0.034511,0.122398
0.055677,0.106048,0.083702,0.087374,0.100108,0.145129,0.107294,0.075477,0.145884,0.093308
0.079096,0.092851,0.099660,0.128223,0.082484,0.161655,0.134132,0.033551,0.097482,0.090866
0.040108,0.218597,0.086498,0.087441,0.046709,0.140577,0.088029,0.107860,0.057611,0.126569
0.037190,0.033050,0.056259,0.056470,0.479321,0.106902,0.077425,0.069399,0.033167,0.050816
0.094840,0.185078,0.240592,0.088828,0.039870,0.071178,0.093928,0.049420,0.074992,0.061274
0.097666,0.117695,0.110634,0.115928,0.061082,0.104290,0.101827,0.088177,0.082859,0.119845
0.098429,0.110092,0.094836,0.106085,0.052501,0.127897,0.203657,0.031162,0.069467,0.105874
0.035502,0.287423,0.096202,0.022894,0.042594,0.048842,0.314891,0.063737,0.052585,0.035329
0.098910,0.108138,0.093993,0.106179,0.074589,0.141510,0.116776,0.105924,0.072441,0.081539
0.040476,0.111195,0.106783,0.095774,0.064384,0.088013,0.266238,0.065161,0.075313,0.086664
0.032413,0.167040,0.071255,0.130103,0.095142,0.055332,0.181971,0.039013,0.099156,0.128575
0.029338,0.039436,0.060550,0.058402,0.506683,0.104510,0.058265,0.050683,0.034825,0.057308
0.099143,0.089975,0.273682,0.084448,0.041566,0.093749,0.097721,0.064335,0.064939,0.090441
0.056109,0.076820,0.106111,0.096715,0.053185,0.030530,0.327049,0.104081,0.042669,0.106731
0.036969,0.129170,0.101124,0.117387,0.066230,0.151930,0.219674,0.031614,0.066028,0.079875
0.071056,0.283409,0.074131,0.088279,0.048191,0.120997,0.083269,0.072417,0.051031,0.107220
0.064649,0.307643,0.078682,0.098555,0.058052,0.088807,0.078336,0.112748,0.067896,0.044632
0.056548,0.140848,0.414876,0.025939,0.039179,0.085474,0.047516,0.035045,0.083148,0.071428
0.073168,0.149215,0.210139,0.068712,0.056701,0.103093,0.076944,0.073090,0.063808,0.125130
0.061181,0.084024,0.035109,0.127630,0.094971,0.244099,0.124604,0.074064,0.091464,0.062855
0.030349,0.312389,0.061255,0.031311,0.290391,0.090971,0.046591,0.016396,0.071411,0.048937
0.026273,0.268681,0.086322,0.069851,0.254888,0.072327,0.046754,0.074361,0.046747,0.053797
0.047620,0.099468,0.135683,0.128234,0.087779,0.039812,0.119695,0.101302,0.073396,0.167010
0.033947,0.316349,0.127577,0.044022,0.031087,0.035561,0.264911,0.026627,0.067264,0.052655
0.022640,0.385687,0.049612,0.024022,0.023331,0.035001,0.343082,0.031667,0.038701,0.046257
0.042837,0.322799,0.045167,0.033291,0.325266,0.061158,0.026518,0.044041,0.044147,0.054774
0.101734,0.319696,0.088569,0.064504,0.042377,0.111818,0.075324,0.050807,0.048870,0.096301
0.056402,0.096968,0.303569,0.098282,0.037893,0.108412,0.079721,0.076730,0.066070,0.075954
0.038410,0.372526,0.045547,0.033765,0.027861,0.022839,0.324342,0.031432,0.034979,0.068299
0.070667,0.294152,0.085365,0.070219,0.096735,0.083603,0.095691,0.062606,0.075566,0.065396
0.030439,0.046205,0.059027,0.052828,0.440997,0.071891,0.078279,0.091235,0.058056,0.071042
0.021947,0.036444,0.458052,0.028559,0.250154,0.099304,0.023893,0.016827,0.049109,0.015712
0.096585,0.131961,0.080833,0.113475,0.061120,0.110011,0.105254,0.089398,0.085130,0.126233
0.024018,0.261607,0.160619,0.061199,0.267895,0.050484,0.046487,0.023891,0.072481,0.031319
0.056210,0.135528,0.119865,0.078062,0.121324,0.099602,0.141866,0.037781,0.085806,0.123957
0.025055,0.078617,0.528628,0.064040,0.032440,0.056693,0.066912,0.061929,0.031882,0.053803
0.042487,0.284785,0.110920,0.046037,0.039657,0.042711,0.297653,0.034600,0.074236,0.026914
0.059209,0.097204,0.288426,0.097643,0.057047,0.095264,0.101191,0.069750,0.064448,0.069816
0.053770,0.090294,0.086914,0.084845,0.059268,0.091421,0.296000,0.034907,0.111759,0.090820
0.019730,0.040304,0.515083,0.027268,0.194556,0.058216,0.044932,0.036119,0.028358,0.035434
0.046405,0.097650,0.060804,0.159987,0.078486,0.053973,0.172094,0.165175,0.083068,0.082358
0.090616,0.123784,0.112575,0.074166,0.072643,0.130755,0.129727,0.085236,0.083288,0.097210
0.069868,0.281180,0.096167,0.084829,0.054562,0.074640,0.079213,0.081553,0.071593,0.106395
0.066970,0.119519,0.081706,0.110788,0.092274,0.039677,0.250008,0.068155,0.080998,0.089905
0.056359,0.058264,0.318746,0.062734,0.078426,0.101106,0.088418,0.046012,0.079501,0.110434
0.064183,0.164536,0.047438,0.125291,0.061950,0.137369,0.128293,0.071901,0.076595,0.122445
0.077774,0.102667,0.094064,0.070602,0.072916,0.141797,0.098705,0.124504,0.087989,0.128984
0.069804,0.083585,0.223747,0.072290,0.034255,0.109275,0.169057,0.070076,0.130473,0.037437
0.076556,0.094167,0.290041,0.078942,0.072077,0.070699,0.100755,0.048449,0.049198,0.119115
0.083089,0.139117,0.101149,0.111338,0.071771,0.115112,0.129396,0.090968,0.059192,0.098868
0.035103,0.070988,0.335827,0.042001,0.211066,0.106768,0.067398,0.047392,0.043212,0.040245
0.040169,0.184733,0.350149,0.022776,0.016717,0.070687,0.187416,0.024793,0.066043,0.036517
0.081955,0.123329,0.089338,0.077911,0.102864,0.116467,0.133477,0.105431,0.074684,0.094543
0.053986,0.057097,0.292492,0.089627,0.074504,0.104971,0.099869,0.098806,0.050027,0.078620
0.050508,0.152923,0.053067,0.115616,0.098319,0.259488,0.094918,0.070481,0.068542,0.036138
0.076016,0.100448,0.292972,0.039024,0.062115,0.084261,0.080427,0.091692,0.080720,0.092326
0.046189,0.097449,0.134958,0.120250,0.113326,0.049635,0.134742,0.101474,0.078056,0.123920
0.102791,0.069034,0.061167,0.083565,0.053435,0.065361,0.363548,0.045389,0.081245,0.074466
0.082271,0.064243,0.279663,0.089165,0.050881,0.108382,0.097927,0.055148,0.070356,0.101965
0.048277,0.027392,0.347962,0.040004,0.120584,0.193621,0.041596,0.041419,0.092559,0.046586
0.096970,0.104847,0.082298,0.117726,0.096255,0.135717,0.093634,0.076775,0.099102,0.096677
0.046689,0.118530,0.066986,0.098956,0.070031,0.067215,0.346039,0.110374,0.042032,0.033148
0.069859,0.120690,0.114944,0.114680,0.078134,0.144686,0.098161,0.076613,0.083714,0.098520
0.073251,0.114984,0.116121,0.096510,0.114856,0.115857,0.115672,0.083318,0.062952,0.106479
0.034593,0.022567,0.325017,0.040765,0.274281,0.098565,0.038079,0.029922,0.080026,0.056184
0.069799,0.285520,0.035151,0.138221,0.113212,0.047319,0.115768,0.065484,0.057057,0.072469
0.058851,0.161430,0.125784,0.120241,0.116800,0.042779,0.133314,0.082810,0.070759,0.087232
0.061388,0.093721,0.306869,0.053580,0.070193,0.100968,0.103590,0.080975,0.065467,0.063248
0.093610,0.231125,0.227583,0.067531,0.029787,0.057710,0.076073,0.043793,0.093913,0.078875
0.023426,0.102137,0.076934,0.070215,0.066562,0.134385,0.201944,0.108290,0.064172,0.151936
0.062150,0.112474,0.306713,0.080680,0.069799,0.086839,0.084476,0.056098,0.044149,0.096623
0.042896,0.055920,0.053129,0.060909,0.425309,0.156333,0.065426,0.062986,0.045190,0.031901
0.095487,0.278622,0.032460,0.038284,0.034393,0.037482,0.309717,0.035800,0.038992,0.098763
0.057082,0.066484,0.062452,0.070347,0.325075,0.169900,0.057287,0.064607,0.051135,0.075632
0.072939,0.100391,0.111638,0.116173,0.066212,0.113193,0.105819,0.093262,0.091494,0.128879
0.081561,0.079931,0.244201,0.044780,0.092629,0.054780,0.208165,0.071398,0.048897,0.073656
0.030961,0.033937,0.414642,0.059433,0.192379,0.054577,0.075786,0.033122,0.031829,0.073334
0.042590,0.104534,0.373957,0.051620,0.036061,0.093907,0.084638,0.051607,0.056781,0.104305
0.064977,0.105261,0.112565,0.122716,0.071493,0.116592,0.116554,0.099035,0.083447,0.107359
0.088898,0.161080,0.132939,0.132584,0.083098,0.043515,0.116553,0.091864,0.075482,0.073987
0.064479,0.093686,0.118316,0.117621,0.103108,0.117825,0.132666,0.091967,0.051270,0.109062
0.105849,0.124174,0.109955,0.066038,0.071134,0.112991,0.105051,0.025145,0.151798,0.127866
0.058944,0.086986,0.320468,0.076849,0.037163,0.096031,0.144821,0.053784,0.059421,0.065533
0.085472,0.250569,0.114295,0.112750,0.053633,0.036388,0.107456,0.075013,0.078529,0.085894
0.035026,0.087705,0.072191,0.093829,0.089892,0.197958,0.162845,0.079167,0.075201,0.106188
0.074126,0.345637,0.092203,0.054405,0.067479,0.077356,0.084977,0.029218,0.103379,0.071219
0.027361,0.242344,0.120537,0.016673,0.228638,0.043858,0.238740,0.016352,0.047929,0.017569
0.056102,0.095693,0.208778,0.083277,0.039193,0.093794,0.190236,0.054859,0.090340,0.087729
0.052279,0.134107,0.061643,0.111287,0.080637,0.226380,0.108501,0.064718,0.058187,0.102261
0.095676,0.102098,0.091898,0.133205,0.100394,0.149392,0.111871,0.091721,0.065149,0.058595
0.051932,0.125273,0.048369,0.103356,0.046827,0.282084,0.119044,0.065738,0.059031,0.098347
0.035105,0.026398,0.456297,0.030847,0.261950,0.091703,0.035091,0.023159,0.022333,0.017118
0.073654,0.052965,0.182234,0.073660,0.069179,0.072714,0.189052,0.092417,0.131587,0.062539
0.029438,0.061584,0.085239,0.083327,0.331347,0.173488,0.081249,0.054125,0.042985,0.057216
0.049474,0.029400,0.042856,0.081517,0.437180,0.128648,0.052221,0.065295,0.045584,0.067826
0.056249,0.077133,0.051339,0.156601,0.056993,0.195515,0.154064,0.069528,0.087430,0.095149
0.117793,0.093499,0.104017,0.085921,0.071580,0.132793,0.090782,0.030056,0.151279,0.122282
0.043299,0.093672,0.424946,0.045553,0.027292,0.117289,0.056054,0.030332,0.077284,0.084279
0.054882,0.047641,0.068717,0.085308,0.071661,0.119979,0.306869,0.068576,0.071009,0.105358
0.046246,0.150492,0.057784,0.154709,0.053898,0.045498,0.169644,0.138024,0.093433,0.090271
0.037523,0.302965,0.090393,0.046423,0.021502,0.062792,0.262735,0.040938,0.107361,0.027367
0.038385,0.101310,0.053444,0.137692,0.105192,0.185385,0.114163,0.105082,0.069145,0.090203
0.052646,0.068333,0.091309,0.056869,0.062792,0.077559,0.367590,0.070221,0.091144,0.061537
0.021361,0.248220,0.127725,0.041319,0.268686,0.093021,0.068720,0.041161,0.066659,0.023127
0.056306,0.178118,0.053451,0.104784,0.098424,0.139597,0.097657,0.074592,0.056091,0.140982
0.127456,0.122847,0.077983,0.074751,0.139554,0.049150,0.134845,0.040585,0.116331,0.116499
0.086203,0.046246,0.077238,0.114367,0.076125,0.084646,0.313955,0.032570,0.087205,0.081445
0.045842,0.302120,0.078352,0.082723,0.059529,0.094267,0.111692,0.065508,0.080064,0.079904
0.055639,0.075992,0.035567,0.112500,0.070046,0.249479,0.156357,0.109528,0.052690,0.082202
0.078031,0.109854,0.082329,0.120764,0.076280,0.125858,0.131749,0.095845,0.073742,0.105548
0.088523,0.053297,0.056076,0.126261,0.076177,0.195047,0.201858,0.036510,0.068303,0.097948
0.051889,0.336091,0.106256,0.054468,0.045830,0.051593,0.270137,0.031697,0.024248,0.027792
0.067491,0.092638,0.282589,0.086212,0.054937,0.103907,0.074415,0.057134,0.061580,0.119096
0.042917,0.127246,0.065137,0.125221,0.063977,0.049228,0.237402,0.149255,0.070148,0.069469
0.057175,0.293147,0.060161,0.084934,0.060206,0.112546,0.088779,0.062177,0.118577,0.062298
0.040573,0.047367,0.356593,0.065400,0.030211,0.101169,0.082422,0.037635,0.163303,0.075327
0.088604,0.266980,0.100056,0.076190,0.052377,0.109736,0.092091,0.030765,0.079527,0.103676
0.057406,0.064761,0.276584,0.089791,0.074579,0.091514,0.083892,0.073276,0.109529,0.078667
0.072723,0.061190,0.291023,0.094140,0.074812,0.107898,0.089113,0.080411,0.053046,0.075644
0.083839,0.114075,0.109594,0.091928,0.059587,0.134746,0.122905,0.085465,0.072094,0.125765
0.051553,0.066299,0.293343,0.021453,0.225871,0.117155,0.068663,0.039161,0.070458,0.046043
0.057664,0.089487,0.244963,0.035513,0.041059,0.078034,0.158629,0.065995,0.139795,0.088861
0.067938,0.153002,0.459133,0.018272,0.046704,0.077980,0.071276,0.040690,0.042004,0.023001
0.101121,0.114238,0.083858,0.136322,0.112785,0.058425,0.142724,0.081480,0.062605,0.106443
0.076227,0.172142,0.063618,0.159865,0.144168,0.051064,0.156582,0.049933,0.043473,0.082928
0.042785,0.048160,0.264772,0.034410,0.080391,0.107554,0.207885,0.073328,0.052780,0.087935
0.021016,0.229293,0.069534,0.028089,0.287334,0.043965,0.209479,0.021997,0.076424,0.012869
0.127378,0.152951,0.097617,0.149208,0.094120,0.057492,0.140150,0.033367,0.102735,0.044980
0.075052,0.207648,0.230824,0.088159,0.049556,0.111761,0.060263,0.035376,0.057381,0.083981
0.029819,0.153244,0.398194,0.024643,0.196843,0.103477,0.022350,0.021912,0.013061,0.036459
0.095066,0.053891,0.157212,0.081908,0.043151,0.106388,0.231228,0.086865,0.089246,0.055044
0.040121,0.113244,0.034854,0.127835,0.124754,0.190843,0.124373,0.102440,0.066562,0.074975
0.067020,0.070467,0.363024,0.079771,0.057475,0.093688,0.089416,0.072874,0.053700,0.052564
0.102053,0.110380,0.076779,0.110880,0.092136,0.116679,0.099336,0.084775,0.090620,0.116363
0.059830,0.110860,0.384109,0.048705,0.053378,0.115714,0.066443,0.051199,0.053773,0.055989
0.063221,0.105986,0.297895,0.041772,0.079416,0.101585,0.099858,0.055056,0.078918,0.076294
0.041449,0.077629,0.097718,0.071497,0.073963,0.103929,0.383135,0.066248,0.047289,0.037144
0.036794,0.084203,0.063457,0.124289,0.107126,0.202214,0.124600,0.033136,0.077457,0.146725
0.052947,0.087901,0.072107,0.097491,0.067556,0.091561,0.231449,0.049232,0.182860,0.066894
0.095199,0.123408,0.120078,0.094810,0.097868,0.109862,0.112962,0.097597,0.099899,0.048316
0.031886,0.021650,0.278896,0.035757,0.081647,0.204618,0.067824,0.051086,0.166720,0.059917
0.098220,0.093873,0.070225,0.088724,0.049166,0.092669,0.296007,0.068261,0.099661,0.043193
0.020368,0.073931,0.437972,0.063542,0.023991,0.075717,0.142436,0.039751,0.053001,0.069292
0.048031,0.044906,0.264422,0.047328,0.091596,0.065546,0.200677,0.082841,0.061986,0.092666
0.030762,0.033257,0.492754,0.049698,0.171871,0.066977,0.048080,0.021842,0.056021,0.028737
0.034104,0.301882,0.018903,0.067170,0.035131,0.026482,0.340209,0.064775,0.042656,0.068689
0.036767,0.323228,0.036524,0.022738,0.160369,0.023771,0.293828,0.042757,0.028739,0.031278
0.027276,0.114052,0.272529,0.030527,0.069315,0.125288,0.182532,0.067434,0.035122,0.075925
0.060790,0.071742,0.299615,0.098205,0.052261,0.093038,0.092574,0.057371,0.065276,0.109130
0.036358,0.147509,0.042654,0.111542,0.087521,0.098634,0.218152,0.144716,0.041466,0.071449
0.059389,0.332685,0.095588,0.082048,0.065794,0.087034,0.088061,0.065917,0.052641,0.070842
0.036340,0.353626,0.056197,0.029074,0.027677,0.039632,0.368169,0.032926,0.022252,0.034107
0.032085,0.088840,0.038860,0.193287,0.068636,0.051901,0.204872,0.145057,0.070603,0.105859
0.069582,0.348280,0.025737,0.036318,0.031051,0.049192,0.327521,0.019173,0.054932,0.038214
0.076954,0.106217,0.119700,0.135852,0.105571,0.118640,0.104329,0.109730,0.048140,0.074865
0.026665,0.404979,0.026136,0.028439,0.019520,0.015164,0.364421,0.022515,0.051668,0.040494
0.037666,0.171494,0.181074,0.041719,0.049547,0.043618,0.066991,0.066760,0.278665,0.062465
0.057444,0.102239,0.089329,0.121530,0.083525,0.054039,0.278306,0.076735,0.091149,0.045706
0.022874,0.045891,0.314831,0.041554,0.292114,0.037708,0.142878,0.035019,0.025499,0.041632
0.092142,0.027225,0.056146,0.034831,0.301402,0.038563,0.297861,0.031294,0.070072,0.050463
0.061308,0.336934,0.095612,0.087072,0.047080,0.110284,0.081458,0.068101,0.048615,0.063536
0.074732,0.292247,0.078087,0.049222,0.059690,0.100852,0.103963,0.062468,0.068239,0.110501
0.036983,0.129663,0.072717,0.128902,0.107982,0.172167,0.137292,0.086378,0.044066,0.083851
0.035528,0.051060,0.321840,0.089076,0.078323,0.085899,0.122899,0.070073,0.037480,0.107823
0.064445,0.145724,0.288213,0.078545,0.030261,0.125961,0.092847,0.048555,0.040728,0.084721
0.058139,0.197647,0.178416,0.026384,0.049199,0.073167,0.056686,0.076847,0.234057,0.049457
0.042004,0.184348,0.082697,0.114484,0.047739,0.164411,0.142122,0.101151,0.048839,0.072206
0.090084,0.126334,0.079933,0.124463,0.097484,0.136516,0.120145,0.026489,0.064043,0.134508
0.039822,0.036138,0.075247,0.072215,0.297086,0.051870,0.250835,0.037333,0.084038,0.055416
0.103235,0.097583,0.094697,0.084367,0.063494,0.084682,0.278821,0.051108,0.048382,0.093629
0.141381,0.123379,0.084188,0.086319,0.085355,0.113582,0.111959,0.027101,0.088789,0.137947
0.062527,0.054561,0.231250,0.088221,0.070777,0.085662,0.204492,0.056755,0.096693,0.049062
0.096176,0.088314,0.259429,0.049076,0.060745,0.073962,0.167413,0.054599,0.064737,0.085549
0.031615,0.167104,0.292353,0.040095,0.301857,0.046524,0.038108,0.028751,0.020343,0.033249
0.069032,0.045785,0.262253,0.072036,0.032972,0.063283,0.087266,0.060522,0.265836,0.041017
0.049789,0.116554,0.438654,0.030682,0.031811,0.074571,0.083987,0.031202,0.059616,0.083134
0.034585,0.188912,0.044508,0.134433,0.045739,0.183696,0.148306,0.082215,0.067687,0.069919
0.085051,0.087341,0.113600,0.083828,0.090960,0.150790,0.093653,0.077995,0.093249,0.123532
0.058236,0.132644,0.080107,0.149403,0.114117,0.066773,0.121620,0.031204,0.099925,0.145971
0.098754,0.119710,0.047508,0.164549,0.111452,0.053311,0.170380,0.039407,0.092422,0.102506
0.048333,0.175578,0.047925,0.127065,0.088929,0.046567,0.135592,0.125984,0.074929,0.129097
0.054551,0.074090,0.324133,0.066293,0.085142,0.103568,0.075867,0.051038,0.063803,0.101514
0.050739,0.261015,0.042328,0.124560,0.085176,0.090574,0.090007,0.114262,0.067374,0.073966
0.069429,0.094338,0.105331,0.086619,0.126118,0.045330,0.146066,0.116437,0.041918,0.168416
0.034565,0.376802,0.060201,0.033257,0.031176,0.041746,0.330611,0.028185,0.040756,0.022702
0.072198,0.326810,0.073023,0.046504,0.089356,0.084192,0.082599,0.083509,0.067132,0.074678
0.055002,0.068407,0.362250,0.082556,0.040797,0.124311,0.073153,0.045331,0.112024,0.036170
0.070692,0.291764,0.098353,0.088713,0.055486,0.098809,0.073074,0.058996,0.086098,0.078016
0.073385,0.127183,0.084435,0.126219,0.096161,0.122947,0.113966,0.030705,0.081493,0.143505
0.051218,0.205227,0.028112,0.052756,0.098638,0.220955,0.091418,0.053008,0.052319,0.146349
0.071568,0.105292,0.112848,0.107332,0.073765,0.113296,0.104349,0.091323,0.142155,0.078072
0.033448,0.079951,0.314169,0.084545,0.034098,0.108057,0.207186,0.064649,0.042015,0.031883
0.091495,0.082615,0.306855,0.087513,0.049976,0.099534,0.063284,0.051311,0.062344,0.105072
0.059030,0.121932,0.030171,0.118065,0.066619,0.152176,0.213746,0.075527,0.086082,0.076652
0.035994,0.128675,0.046750,0.181739,0.069618,0.055259,0.263060,0.053278,0.124188,0.041439
0.059197,0.101305,0.253203,0.095658,0.076534,0.110527,0.082957,0.061598,0.050553,0.108467
0.057673,0.145183,0.064462,0.043697,0.423002,0.066584,0.044419,0.057179,0.075960,0.021842
0.054255,0.303203,0.102798,0.031300,0.022655,0.068810,0.265148,0.052270,0.074746,0.024815
0.075602,0.282000,0.107208,0.118305,0.089566,0.032802,0.071351,0.082678,0.064295,0.076193
0.050527,0.266819,0.105534,0.101067,0.143207,0.067199,0.096513,0.062726,0.067980,0.038428
0.039850,0.318154,0.116455,0.060620,0.025700,0.063898,0.257313,0.031462,0.046382,0.040167
0.031860,0.046815,0.146307,0.072589,0.375407,0.054915,0.056412,0.065856,0.088690,0.061149
0.030587,0.151335,0.032767,0.153579,0.061418,0.183544,0.124141,0.073772,0.082187,0.106671
