0.046319,0.033046,0.040999,0.026602,0.446672,0.079674,0.218929,0.018113,0.030040,0.059605
0.073003,0.352010,0.035533,0.030676,0.044754,0.048593,0.045894,0.080374,0.260440,0.028724
0.152209,0.076610,0.078828,0.122706,0.092646,0.107506,0.100035,0.024606,0.122372,0.122483
0.100731,0.127635,0.057809,0.151523,0.076538,0.065270,0.178786,0.095958,0.096548,0.049202
0.070759,0.076412,0.080257,0.114429,0.103686,0.110279,0.110012,0.086631,0.130531,0.117002
0.056429,0.126550,0.035237,0.093538,0.068641,0.138308,0.275509,0.104954,0.066434,0.034401
0.034000,0.073378,0.096792,0.079153,0.400497,0.070051,0.075231,0.045669,0.053128,0.072100
0.095937,0.090394,0.075102,0.048236,0.049880,0.115043,0.332103,0.064017,0.081782,0.047505
0.046372,0.265787,0.064547,0.100590,0.044569,0.200993,0.100477,0.061555,0.041988,0.073121
0.039300,0.097823,0.024049,0.145669,0.048190,0.109767,0.244453,0.132236,0.057550,0.100962
0.101190,0.128331,0.114883,0.121117,0.083050,0.047656,0.142170,0.077734,0.077963,0.105903
0.060713,0.100856,0.295503,0.079688,0.067895,0.080590,0.089039,0.063249,0.051084,0.111384
0.021526,0.137296,0.095786,0.127126,0.063464,0.177689,0.161761,0.025807,0.066826,0.122718
0.034616,0.111158,0.273736,0.058495,0.102965,0.233936,0.054001,0.064547,0.039027,0.027519
0.052985,0.074978,0.120522,0.122520,0.117035,0.044802,0.116263,0.128782,0.090765,0.131349
0.082825,0.225861,0.030104,0.104923,0.111788,0.043391,0.114188,0.067647,0.082388,0.136886
0.027365,0.029716,0.323983,0.030513,0.257089,0.103209,0.028636,0.034538,0.146360,0.018592
0.103951,0.149390,0.044397,0.111680,0.064103,0.179722,0.138551,0.093043,0.079886,0.035277
0.080005,0.124324,0.114929,0.071561,0.100900,0.139019,0.105466,0.085262,0.085857,0.092676
0.114925,0.083135,0.105399,0.111236,0.091367,0.121900,0.100522,0.080147,0.081146,0.110224
0.070052,0.312451,0.079811,0.049119,0.028480,0.031833,0.263826,0.030474,0.073011,0.060944
0.073911,0.145663,0.031993,0.111675,0.088836,0.172143,0.115351,0.103272,0.058739,0.098416
0.028386,0.277461,0.123022,0.025113,0.371298,0.040197,0.028381,0.028138,0.024891,0.053115
0.076372,0.101699,0.242693,0.083797,0.049041,0.085561,0.080779,0.068605,0.115529,0.095922
0.028470,0.097996,0.129747,0.077605,0.419321,0.057389,0.071552,0.043419,0.042966,0.031534
0.065999,0.103194,0.304999,0.076116,0.102834,0.066368,0.078921,0.047740,0.065418,0.088411
0.044268,0.094317,0.087014,0.094056,0.086009,0.143949,0.102003,0.093922,0.150921,0.103543
0.045452,0.115168,0.114664,0.093217,0.073303,0.113100,0.120699,0.126955,0.091715,0.105727
0.041803,0.078164,0.393829,0.067006,0.051729,0.107071,0.082168,0.049306,0.045333,0.083590
0.046186,0.235250,0.073821,0.104923,0.086506,0.049202,0.108998,0.115370,0.055442,0.124300
0.075467,0.258689,0.081073,0.091409,0.062978,0.093252,0.098408,0.076634,0.097396,0.064693
0.036608,0.106935,0.296231,0.090754,0.074456,0.113181,0.082325,0.059493,0.060058,0.079959
0.059437,0.057694,0.087111,0.090117,0.039774,0.108595,0.319530,0.068542,0.125776,0.043423
0.105464,0.081595,0.032386,0.111830,0.089528,0.175161,0.152618,0.075368,0.068708,0.107343
0.067104,0.095845,0.220960,0.033469,0.065519,0.072197,0.210912,0.068090,0.066304,0.099601
0.028722,0.081630,0.356082,0.063661,0.209285,0.070299,0.051347,0.033162,0.051166,0.054645
0.058604,0.125356,0.276608,0.085332,0.057794,0.108552,0.089811,0.061037,0.089021,0.047884
0.070091,0.100011,0.262263,0.101715,0.079649,0.090234,0.092326,0.070193,0.074210,0.059307
0.066413,0.074321,0.209529,0.081985,0.054498,0.072234,0.196018,0.063020,0.083449,0.098533
0.044853,0.083295,0.498205,0.072744,0.023482,0.078981,0.051792,0.057959,0.044718,0.043971
0.068292,0.082331,0.087345,0.132967,0.084355,0.116334,0.128136,0.098396,0.081369,0.120474
0.054574,0.086288,0.170869,0.083111,0.063721,0.075595,0.190999,0.065602,0.115980,0.093262
0.051119,0.077650,0.340662,0.079800,0.059231,0.095240,0.083029,0.039644,0.112322,0.061304
0.051095,0.089865,0.097670,0.100982,0.052340,0.080545,0.314028,0.065024,0.048719,0.099732
0.062896,0.173983,0.025947,0.125208,0.052876,0.188705,0.129432,0.116321,0.042799,0.081832
0.080802,0.094746,0.117557,0.124294,0.054819,0.143609,0.101440,0.095124,0.084672,0.102936
0.055500,0.122700,0.078196,0.087367,0.066129,0.048888,0.274015,0.081943,0.070330,0.114933
0.099803,0.095373,0.087339,0.124762,0.097456,0.109676,0.112995,0.095111,0.088396,0.089088
0.030129,0.135191,0.402304,0.029395,0.072182,0.071987,0.076639,0.056571,0.060894,0.064707
0.051113,0.276942,0.110023,0.064541,0.035796,0.045203,0.289137,0.038883,0.063906,0.024455
0.078272,0.086987,0.054293,0.196587,0.117141,0.042883,0.158412,0.087133,0.058188,0.120104
0.061583,0.091489,0.259032,0.078338,0.082799,0.097362,0.087998,0.073859,0.114186,0.053355
0.033676,0.326495,0.060176,0.036905,0.018557,0.048445,0.352142,0.022549,0.053133,0.047921
0.048361,0.123783,0.428185,0.057635,0.018776,0.074377,0.054265,0.074223,0.060802,0.059594
0.055138,0.080518,0.043829,0.040648,0.057838,0.064191,0.290191,0.044226,0.254654,0.068768
0.012491,0.239681,0.130049,0.025226,0.373074,0.088537,0.030169,0.047914,0.023171,0.029689
0.062059,0.220729,0.195976,0.076720,0.056708,0.089208,0.071907,0.080649,0.063947,0.082097
0.021321,0.045261,0.537645,0.038250,0.156272,0.063830,0.034856,0.038763,0.025844,0.037958
0.085996,0.126025,0.080496,0.110183,0.105097,0.138002,0.103629,0.086884,0.066664,0.097025
0.071191,0.099735,0.202431,0.086937,0.077713,0.086753,0.096892,0.046107,0.132327,0.099915
0.053008,0.114383,0.103886,0.100587,0.062430,0.038590,0.284481,0.069950,0.067160,0.105525
0.035589,0.032113,0.423480,0.031944,0.268447,0.108470,0.031752,0.021548,0.023965,0.022691
0.035393,0.084990,0.325621,0.090286,0.087103,0.114031,0.094657,0.051065,0.066615,0.050239
0.057704,0.106864,0.045584,0.148904,0.109395,0.154960,0.112545,0.073693,0.084451,0.105899
0.021295,0.035129,0.296372,0.023389,0.247799,0.067254,0.153858,0.050865,0.050780,0.053260
0.065540,0.288208,0.115007,0.057964,0.070308,0.099127,0.095289,0.088621,0.061203,0.058733
0.069567,0.192537,0.037934,0.106303,0.101941,0.115968,0.096082,0.116985,0.058478,0.104206
0.035172,0.292142,0.019356,0.047162,0.029854,0.153068,0.304415,0.038311,0.049749,0.030770
0.037651,0.122123,0.283452,0.041296,0.105889,0.208845,0.043561,0.065089,0.053933,0.038161
0.034491,0.130871,0.031709,0.054203,0.056911,0.142418,0.244696,0.135930,0.057256,0.111516
0.035674,0.265086,0.044173,0.023278,0.448011,0.059563,0.027107,0.036016,0.027319,0.033774
0.053521,0.051818,0.070471,0.066747,0.390662,0.100789,0.041998,0.025533,0.143947,0.054514
0.043466,0.119034,0.035265,0.135681,0.127272,0.184413,0.132415,0.109509,0.077197,0.035748
0.024472,0.188484,0.026358,0.132685,0.111390,0.038114,0.215176,0.121352,0.049469,0.092501
0.069271,0.113227,0.029041,0.099954,0.101048,0.224494,0.098728,0.123267,0.071764,0.069206
0.059191,0.124271,0.091843,0.123770,0.074038,0.135201,0.110947,0.090493,0.092100,0.098146
0.085946,0.345512,0.062395,0.055480,0.074516,0.069771,0.065361,0.083575,0.086325,0.071120
0.072122,0.097017,0.225200,0.110411,0.060260,0.097772,0.100706,0.066937,0.084188,0.085386
0.066892,0.343342,0.052483,0.032231,0.023187,0.055588,0.319871,0.042277,0.023544,0.040585
0.037382,0.036892,0.126151,0.060905,0.232176,0.119830,0.067501,0.065523,0.213024,0.040618
0.123304,0.093472,0.115359,0.125478,0.075042,0.131615,0.140531,0.034008,0.109724,0.051467
0.105240,0.114497,0.222544,0.048598,0.060713,0.108087,0.118170,0.049631,0.078164,0.094356
0.122864,0.097061,0.103892,0.111942,0.067645,0.131415,0.087215,0.106230,0.083223,0.088513
0.036718,0.360531,0.097027,0.101809,0.070377,0.080378,0.066854,0.028814,0.078580,0.078913
0.025493,0.067284,0.071409,0.132446,0.048406,0.119908,0.296918,0.062484,0.061933,0.113718
0.039143,0.322603,0.042251,0.056390,0.026633,0.016438,0.380222,0.056584,0.029001,0.030735
0.073047,0.107518,0.112014,0.119923,0.099085,0.110184,0.105372,0.091682,0.076977,0.104199
0.042830,0.068513,0.065125,0.098940,0.049863,0.099644,0.322880,0.079100,0.070128,0.102977
0.040305,0.199555,0.026632,0.154849,0.058886,0.131369,0.137417,0.071289,0.064352,0.115346
0.050342,0.028454,0.078066,0.037880,0.443212,0.095628,0.052359,0.039803,0.139907,0.034348
0.069793,0.249905,0.084748,0.074308,0.068397,0.102864,0.081691,0.068811,0.077998,0.121484
0.063997,0.130879,0.252235,0.091123,0.068642,0.125319,0.067539,0.071637,0.050982,0.077647
0.057763,0.053894,0.083393,0.047824,0.441027,0.094369,0.065610,0.060065,0.045277,0.050777
0.035043,0.366260,0.036711,0.047392,0.024485,0.033369,0.327172,0.022888,0.071389,0.035291
0.068678,0.226471,0.209770,0.090858,0.072516,0.097775,0.066100,0.066222,0.063410,0.038200
0.121880,0.105607,0.116647,0.116694,0.081965,0.142518,0.127584,0.024738,0.072329,0.090039
0.080051,0.075846,0.270745,0.115511,0.062250,0.114186,0.109172,0.045579,0.082332,0.044327
0.078429,0.178591,0.155635,0.094112,0.080032,0.075041,0.087444,0.059352,0.080646,0.110717
0.048838,0.263123,0.079128,0.092638,0.076418,0.091264,0.105613,0.078398,0.052014,0.112566
0.045184,0.130021,0.089933,0.132793,0.077461,0.114815,0.109643,0.086660,0.080883,0.132606
0.044912,0.381910,0.037649,0.040693,0.025381,0.040926,0.313324,0.027722,0.030999,0.056483
0.067522,0.283462,0.095330,0.099927,0.041557,0.115907,0.067779,0.052332,0.075112,0.101070
0.064631,0.092716,0.279936,0.098243,0.050310,0.085421,0.092685,0.055657,0.079529,0.100873
0.111073,0.192210,0.181749,0.084175,0.038405,0.071806,0.079395,0.052126,0.132287,0.056774
0.043226,0.183709,0.233437,0.020574,0.092471,0.193551,0.053806,0.060277,0.095922,0.023028
0.096388,0.129031,0.085852,0.088960,0.074241,0.130437,0.109283,0.081610,0.081895,0.122302
0.015344,0.199615,0.080309,0.020918,0.426708,0.057107,0.033315,0.043944,0.074687,0.048052
0.088200,0.209349,0.169750,0.057628,0.042518,0.053710,0.235794,0.037296,0.031657,0.074099
0.048848,0.126803,0.080995,0.131786,0.096101,0.178068,0.132611,0.082029,0.080238,0.042521
0.034634,0.346395,0.157597,0.034614,0.257461,0.039909,0.038788,0.033621,0.036094,0.020886
0.032884,0.046086,0.332600,0.057694,0.204542,0.142562,0.048664,0.028366,0.036541,0.070062
0.124421,0.196305,0.179026,0.041810,0.051555,0.084737,0.102810,0.054815,0.049086,0.115436
0.063232,0.114347,0.042239,0.116312,0.052023,0.191824,0.115138,0.090528,0.121294,0.093063
0.018935,0.037014,0.147427,0.047529,0.325434,0.048023,0.262304,0.033671,0.033878,0.045783
0.022069,0.035028,0.471003,0.074814,0.065439,0.078616,0.085680,0.065279,0.052045,0.050026
0.096934,0.061226,0.247140,0.089331,0.071646,0.084359,0.092104,0.058350,0.109421,0.089489
0.120759,0.092235,0.121181,0.133937,0.101809,0.046913,0.143125,0.083915,0.047150,0.108975
0.073534,0.136476,0.122108,0.065416,0.090123,0.051610,0.140531,0.085719,0.074200,0.160283
0.075600,0.149412,0.093672,0.136959,0.100737,0.060762,0.133429,0.025581,0.102408,0.121441
0.087030,0.326447,0.066271,0.099677,0.076417,0.040968,0.102779,0.030327,0.058760,0.111324
0.093007,0.099417,0.106532,0.103203,0.070760,0.103281,0.097302,0.082669,0.136341,0.107486
0.090744,0.114577,0.077525,0.104980,0.063901,0.126177,0.094140,0.083227,0.122018,0.122711
0.069825,0.100331,0.223559,0.049204,0.088780,0.097662,0.115527,0.073156,0.060561,0.121395
0.062532,0.079013,0.080188,0.116360,0.100956,0.116611,0.109439,0.096290,0.115735,0.122874
0.087680,0.092018,0.070663,0.081264,0.083215,0.079304,0.321107,0.026607,0.103070,0.055073
0.033199,0.090506,0.078330,0.115134,0.086617,0.041511,0.313842,0.073077,0.073949,0.093836
0.023151,0.251562,0.112496,0.017736,0.392751,0.077970,0.025455,0.045033,0.025135,0.028711
0.031591,0.036868,0.078220,0.049895,0.556332,0.107202,0.038531,0.033420,0.035443,0.032498
0.066623,0.078370,0.070936,0.080282,0.072146,0.083221,0.307897,0.077214,0.066114,0.097197
0.026588,0.067662,0.565724,0.049446,0.020321,0.079201,0.076333,0.030147,0.035874,0.048704
0.037559,0.068900,0.063367,0.034864,0.305924,0.056414,0.281471,0.069650,0.059734,0.022117
0.022787,0.288594,0.155296,0.049366,0.215324,0.071410,0.030806,0.025533,0.103395,0.037491
0.070721,0.074579,0.106495,0.059302,0.056051,0.122475,0.301290,0.054275,0.047744,0.107066
0.066706,0.073636,0.388627,0.083711,0.060569,0.084045,0.130785,0.039000,0.034922,0.037999
0.054677,0.240063,0.073320,0.109931,0.084621,0.045345,0.110824,0.117351,0.068026,0.095843
0.027115,0.038843,0.375312,0.083801,0.059320,0.096395,0.099307,0.035754,0.093559,0.090594
0.035404,0.141097,0.077771,0.063240,0.255367,0.081542,0.106472,0.083540,0.079820,0.075746
0.048610,0.302368,0.021041,0.057554,0.023584,0.123435,0.292416,0.038355,0.023876,0.068760
0.032293,0.333762,0.029306,0.014965,0.025009,0.050956,0.359274,0.019756,0.119712,0.014968
0.073951,0.137175,0.110561,0.094990,0.065203,0.142487,0.107370,0.096081,0.080068,0.092114
0.042189,0.076473,0.457438,0.062488,0.053913,0.066700,0.067217,0.047200,0.093543,0.032839
0.037157,0.306712,0.016375,0.045929,0.050711,0.054263,0.347864,0.044248,0.036949,0.059790
0.066391,0.152088,0.086076,0.135004,0.093367,0.071106,0.111239,0.097054,0.070529,0.117144
0.091620,0.048259,0.175348,0.037477,0.066304,0.111982,0.218629,0.064854,0.123330,0.062198
0.060759,0.050817,0.242112,0.073370,0.037197,0.137455,0.203084,0.039773,0.062989,0.092445
0.058519,0.067561,0.252287,0.102197,0.095890,0.093428,0.108707,0.085817,0.078458,0.057135
0.078715,0.144135,0.034044,0.100321,0.112674,0.169584,0.143477,0.101074,0.040356,0.075620
0.107245,0.058230,0.280648,0.057972,0.044439,0.197638,0.103357,0.060983,0.054057,0.035432
0.040985,0.065344,0.062633,0.130865,0.108842,0.039083,0.251792,0.128148,0.040800,0.131509
0.065818,0.142966,0.092465,0.134679,0.073086,0.048099,0.119566,0.139742,0.079809,0.103771
0.069587,0.114436,0.116018,0.073104,0.063533,0.142885,0.128873,0.130689,0.084607,0.076270
0.109480,0.108636,0.108441,0.090826,0.060677,0.113484,0.126720,0.029197,0.113142,0.139398
0.035149,0.109374,0.063811,0.150020,0.065060,0.184711,0.143509,0.106854,0.067759,0.073754
0.067102,0.045257,0.100213,0.057573,0.057130,0.115728,0.320621,0.037443,0.078204,0.120729
0.066715,0.259654,0.073916,0.059651,0.026319,0.056763,0.271847,0.038309,0.084786,0.062039
0.046386,0.215458,0.114104,0.049890,0.365956,0.080888,0.034799,0.023403,0.028227,0.040888
0.078479,0.067334,0.339440,0.083363,0.047737,0.111351,0.091836,0.061091,0.046840,0.072529
0.019100,0.044198,0.417990,0.029951,0.222223,0.116323,0.033760,0.031436,0.042980,0.042040
0.075243,0.105781,0.113575,0.123075,0.096962,0.142523,0.105119,0.073560,0.082767,0.081395
0.041887,0.065970,0.377559,0.063555,0.046862,0.102633,0.131492,0.028901,0.053899,0.087241
0.121047,0.103286,0.086044,0.114497,0.084871,0.116247,0.106903,0.092216,0.073474,0.101415
0.050864,0.075905,0.103500,0.069887,0.044688,0.122320,0.304939,0.037788,0.107752,0.082356
0.067177,0.140057,0.124190,0.142264,0.090574,0.035543,0.112607,0.099033,0.070432,0.118124
0.092249,0.083398,0.118347,0.134468,0.115653,0.116700,0.119591,0.024870,0.100606,0.094119
0.071329,0.094212,0.102938,0.064165,0.046327,0.088208,0.316650,0.066571,0.072202,0.077399
0.046532,0.046222,0.169836,0.043389,0.260108,0.048122,0.302113,0.025654,0.035817,0.022206
0.040777,0.286659,0.107570,0.041912,0.030523,0.036390,0.256507,0.039818,0.084343,0.075501
0.041195,0.313537,0.098986,0.027067,0.020245,0.059725,0.269302,0.040452,0.089554,0.039936
0.068521,0.119566,0.087463,0.121737,0.068737,0.126108,0.104630,0.111579,0.066102,0.125558
0.089880,0.123060,0.128841,0.123128,0.071192,0.047540,0.121370,0.097248,0.083728,0.114013
0.023847,0.088413,0.074288,0.112484,0.088036,0.101128,0.260437,0.079624,0.055862,0.115882
0.027607,0.069742,0.045338,0.125725,0.119652,0.044701,0.290783,0.072858,0.042345,0.161249
0.025311,0.056033,0.132797,0.043559,0.468820,0.065174,0.053651,0.063442,0.070067,0.021145
0.039135,0.077234,0.033221,0.121442,0.114103,0.170386,0.164099,0.071902,0.052117,0.156363
0.063579,0.043005,0.145672,0.062578,0.317424,0.114063,0.057552,0.091129,0.054899,0.050099
0.050375,0.248977,0.197966,0.034070,0.071113,0.080928,0.091215,0.060461,0.073529,0.091365
0.063012,0.317629,0.031333,0.064575,0.031931,0.071612,0.298439,0.028757,0.048624,0.044088
0.038787,0.129184,0.032026,0.115952,0.073695,0.110995,0.236291,0.108623,0.047520,0.106928
0.028927,0.181533,0.047907,0.138896,0.066525,0.123327,0.162055,0.100208,0.049728,0.100894
0.028935,0.288040,0.032017,0.012984,0.262374,0.072180,0.252081,0.016497,0.013800,0.021093
0.106739,0.138198,0.083388,0.126662,0.070939,0.107864,0.105036,0.023413,0.095971,0.141791
0.043689,0.176450,0.196554,0.040771,0.025168,0.104857,0.238188,0.027636,0.054185,0.092503
0.074533,0.078000,0.103975,0.108426,0.061641,0.078609,0.288357,0.056383,0.086127,0.063948
0.040299,0.114980,0.362782,0.090598,0.045399,0.087195,0.100409,0.035448,0.093335,0.029554
0.071693,0.118454,0.114256,0.113198,0.071621,0.117118,0.124365,0.077795,0.089044,0.102456
0.028864,0.084985,0.054827,0.138734,0.126007,0.050054,0.122072,0.074273,0.138977,0.181208
0.079134,0.086392,0.083401,0.102505,0.180310,0.069322,0.138812,0.097520,0.055992,0.106611
0.032689,0.108323,0.115711,0.079233,0.105301,0.058003,0.323757,0.079016,0.064029,0.033938
0.114734,0.121041,0.078503,0.121663,0.082067,0.111047,0.110407,0.024209,0.109013,0.127315
0.064818,0.092466,0.100067,0.060447,0.043966,0.078403,0.317741,0.067645,0.076211,0.098236
0.064934,0.082616,0.099828,0.086909,0.042644,0.108511,0.315993,0.058477,0.062729,0.077357
0.090929,0.075856,0.023211,0.108159,0.095354,0.120271,0.286433,0.059251,0.055114,0.085421
0.080169,0.279603,0.081736,0.048835,0.019581,0.040259,0.310523,0.025424,0.044060,0.069811
0.028824,0.086830,0.031450,0.126188,0.061083,0.182603,0.150467,0.080370,0.146074,0.106110
0.034382,0.032898,0.090890,0.051909,0.489400,0.075749,0.073001,0.051392,0.030012,0.070367
0.081971,0.137120,0.028915,0.110522,0.111530,0.178468,0.152593,0.072575,0.044790,0.081515
0.045227,0.068555,0.097322,0.094717,0.062708,0.034532,0.358779,0.073065,0.133741,0.031354
0.130489,0.096844,0.091688,0.116391,0.088694,0.075613,0.118937,0.035367,0.097464,0.148513
0.021023,0.031535,0.319108,0.039971,0.295176,0.071715,0.053777,0.027283,0.078817,0.061595
0.062435,0.060452,0.093471,0.079211,0.035857,0.075769,0.324285,0.071263,0.106145,0.091112
0.029672,0.036676,0.529839,0.077315,0.055856,0.079741,0.061710,0.037085,0.068084,0.024022
0.062156,0.109998,0.106199,0.104546,0.090534,0.127713,0.115139,0.082116,0.089576,0.112023
0.100506,0.134629,0.109652,0.075853,0.087184,0.108264,0.114951,0.087782,0.084814,0.096365
0.147726,0.078818,0.078382,0.123765,0.094812,0.113356,0.106155,0.024141,0.108778,0.124067
0.021339,0.190348,0.071331,0.024135,0.460505,0.106305,0.027651,0.020496,0.042744,0.035146
0.047432,0.081430,0.344244,0.060801,0.188933,0.069855,0.063997,0.032328,0.047151,0.063830
0.066053,0.084395,0.032664,0.066404,0.075988,0.219867,0.150943,0.131038,0.051063,0.121585
0.057262,0.274806,0.153045,0.054875,0.043128,0.055103,0.243827,0.040588,0.037905,0.039462
0.039594,0.032970,0.183827,0.056034,0.400425,0.063524,0.062827,0.035587,0.050648,0.074564
0.046991,0.249807,0.093474,0.091606,0.105546,0.062938,0.112306,0.110500,0.049047,0.077786
0.063617,0.206952,0.240926,0.069925,0.030466,0.129640,0.076138,0.037534,0.043897,0.100904
0.034286,0.154402,0.242958,0.087147,0.046309,0.093841,0.104045,0.074624,0.049504,0.112884
0.048810,0.320165,0.098230,0.093733,0.053944,0.081069,0.073510,0.078608,0.052102,0.099830
0.100698,0.147820,0.061690,0.183833,0.107550,0.056056,0.147297,0.053428,0.060212,0.081416
0.079674,0.175833,0.062192,0.142121,0.100169,0.052016,0.196844,0.061295,0.061105,0.068751
0.034321,0.177704,0.066634,0.054648,0.112964,0.183665,0.107642,0.134783,0.042417,0.085222
0.081183,0.076411,0.113168,0.086310,0.111936,0.133887,0.110135,0.093241,0.090656,0.103074
0.064093,0.210996,0.060616,0.028754,0.033016,0.077291,0.067078,0.098335,0.327623,0.032200
0.074539,0.038356,0.093334,0.086339,0.058225,0.103324,0.297389,0.035118,0.116825,0.096551
0.053452,0.201369,0.044063,0.147228,0.065901,0.127077,0.119855,0.143845,0.060403,0.036807
0.067181,0.092822,0.248903,0.040877,0.078826,0.120840,0.100321,0.071735,0.077504,0.100990
0.114772,0.149580,0.209742,0.075567,0.076177,0.081341,0.075137,0.050935,0.065464,0.101285
0.028505,0.034903,0.041556,0.026074,0.461906,0.040081,0.292845,0.021447,0.034380,0.018304
0.025116,0.294285,0.049486,0.060241,0.044748,0.048087,0.381168,0.027121,0.031096,0.038653
0.078024,0.168661,0.037699,0.128193,0.153440,0.059794,0.135668,0.035133,0.085733,0.117654
0.078873,0.106611,0.110722,0.128827,0.057044,0.138138,0.115784,0.092420,0.078702,0.092878
0.054992,0.048589,0.272859,0.035608,0.176707,0.055693,0.040933,0.055852,0.195044,0.063722
0.048324,0.129643,0.033414,0.119143,0.124845,0.046255,0.128877,0.138870,0.086864,0.143767
0.068437,0.100924,0.033409,0.213402,0.108990,0.045858,0.148220,0.104190,0.061982,0.114587
0.052810,0.302677,0.073968,0.089791,0.053439,0.087869,0.074071,0.058311,0.128886,0.078178
0.066591,0.090783,0.065909,0.080627,0.042531,0.107855,0.283176,0.097324,0.066963,0.098243
0.122149,0.059201,0.201704,0.101102,0.059385,0.085653,0.209111,0.066884,0.047479,0.047333
0.047383,0.021822,0.251532,0.033797,0.335653,0.038818,0.174134,0.017466,0.036169,0.043226
0.043827,0.081771,0.062781,0.140391,0.067058,0.196303,0.149266,0.103446,0.067699,0.087459
0.037684,0.102884,0.041149,0.128972,0.058544,0.174793,0.139315,0.083122,0.139169,0.094368
0.083617,0.066726,0.281594,0.073261,0.096669,0.116920,0.097048,0.062758,0.075660,0.045748
0.050943,0.081785,0.116371,0.097584,0.063568,0.093107,0.312046,0.077969,0.054066,0.052561
0.123201,0.094380,0.100320,0.047372,0.039865,0.084419,0.292452,0.064222,0.080832,0.072937
0.029771,0.054650,0.309723,0.021464,0.101387,0.187819,0.115712,0.029751,0.087748,0.061976
0.044310,0.112067,0.088975,0.091278,0.116180,0.124576,0.113018,0.096845,0.084613,0.128137
0.036828,0.155678,0.078950,0.101553,0.051378,0.110910,0.198904,0.090792,0.037499,0.137509
0.062304,0.107277,0.083685,0.083294,0.099914,0.141520,0.106095,0.073328,0.146086,0.096498
0.088046,0.094881,0.097097,0.126098,0.076381,0.158767,0.133564,0.032542,0.104998,0.087626
0.037150,0.219377,0.079038,0.090967,0.045447,0.132533,0.090340,0.108340,0.068803,0.128004
0.038130,0.027868,0.058025,0.050575,0.484413,0.122657,0.068437,0.071608,0.033493,0.044793
0.114616,0.188831,0.201379,0.088874,0.043281,0.074838,0.094396,0.050541,0.079318,0.063928
0.095479,0.118531,0.109684,0.114592,0.055247,0.105549,0.103728,0.091941,0.083991,0.121258
0.097410,0.104415,0.088228,0.107976,0.055245,0.127383,0.210055,0.028487,0.065489,0.115311
0.036118,0.269141,0.106176,0.024754,0.045665,0.053497,0.297802,0.068084,0.059602,0.039161
0.093422,0.110686,0.093002,0.104005,0.071085,0.142504,0.117335,0.106929,0.081105,0.079927
0.040725,0.110581,0.105731,0.094928,0.056033,0.084883,0.271497,0.072772,0.074045,0.088804
0.031989,0.146280,0.063436,0.126917,0.094893,0.058171,0.182042,0.030910,0.143825,0.121538
0.029180,0.041228,0.059716,0.055503,0.518973,0.112196,0.051369,0.041341,0.037653,0.052840
0.113503,0.097685,0.217461,0.094559,0.048721,0.094491,0.102969,0.071985,0.059173,0.099453
0.060682,0.082695,0.105493,0.098229,0.053326,0.032955,0.306736,0.105779,0.045533,0.108572
0.041464,0.111975,0.097120,0.113130,0.071615,0.146018,0.242725,0.028853,0.063884,0.083217
0.071945,0.265458,0.075523,0.093174,0.049930,0.114758,0.085882,0.076700,0.058030,0.108601
0.070044,0.292550,0.079437,0.099746,0.057190,0.089217,0.082725,0.112749,0.071653,0.044689
0.075557,0.142610,0.334397,0.030472,0.046442,0.095439,0.056601,0.040044,0.092591,0.085846
0.089442,0.153382,0.186760,0.072479,0.058913,0.092049,0.078601,0.075072,0.069141,0.124162
0.062691,0.090251,0.029869,0.123820,0.100893,0.233287,0.124705,0.081773,0.085795,0.066917
0.029951,0.372810,0.071008,0.029280,0.244007,0.059064,0.043288,0.017616,0.077847,0.055128
0.031330,0.294367,0.103906,0.062679,0.204021,0.063595,0.048986,0.078211,0.048296,0.064608
0.053790,0.102503,0.128500,0.124209,0.086698,0.042709,0.117847,0.101808,0.077428,0.164508
0.037219,0.301066,0.115938,0.047964,0.038682,0.042199,0.258530,0.030799,0.069773,0.057828
0.022757,0.366605,0.053346,0.027684,0.027117,0.036389,0.334692,0.035432,0.044344,0.051635
0.044109,0.329443,0.046070,0.031760,0.337272,0.043527,0.024581,0.043089,0.043243,0.056906
0.110473,0.302272,0.092237,0.066507,0.042015,0.103887,0.078913,0.053287,0.052196,0.098211
0.066837,0.095310,0.292911,0.098958,0.041015,0.106406,0.085555,0.064709,0.067574,0.080724
0.039415,0.364323,0.046397,0.034166,0.027599,0.022048,0.325921,0.031656,0.039023,0.069453
0.071861,0.271910,0.085428,0.069841,0.102400,0.085911,0.099390,0.064446,0.080051,0.068761
0.029479,0.046496,0.060117,0.048005,0.466402,0.062371,0.071409,0.088590,0.052123,0.075008
0.041939,0.049693,0.412994,0.044015,0.162040,0.130366,0.045552,0.030513,0.058254,0.024634
0.108796,0.130623,0.081947,0.113218,0.054850,0.103959,0.106547,0.092102,0.086244,0.121715
0.027503,0.261003,0.189256,0.056807,0.224930,0.051914,0.047570,0.026051,0.079976,0.034989
0.057166,0.131331,0.122319,0.078393,0.108738,0.100724,0.143700,0.035047,0.089713,0.132869
0.026898,0.099585,0.478115,0.067386,0.041324,0.061232,0.072857,0.058193,0.035237,0.059174
0.040568,0.282117,0.091181,0.051539,0.044031,0.041581,0.304895,0.037277,0.076563,0.030247
0.057235,0.101269,0.270112,0.102082,0.059252,0.104847,0.101565,0.062410,0.066711,0.074515
0.060373,0.093480,0.088716,0.085556,0.057130,0.086317,0.282120,0.034957,0.115385,0.095966
0.019666,0.038273,0.454237,0.024887,0.253219,0.063417,0.041996,0.038208,0.033479,0.032618
0.043316,0.111984,0.055199,0.169627,0.071212,0.046434,0.189635,0.151665,0.078213,0.082716
0.091991,0.125608,0.114169,0.074106,0.068511,0.121313,0.128801,0.084849,0.089903,0.100748
0.073444,0.267078,0.098443,0.086237,0.055066,0.075839,0.081778,0.082517,0.073045,0.106552
0.068489,0.116490,0.079805,0.110470,0.092744,0.040354,0.253247,0.067217,0.077060,0.094125
0.061299,0.063612,0.292290,0.061680,0.068013,0.103661,0.087994,0.049032,0.089647,0.122773
0.058120,0.166449,0.041324,0.129468,0.066303,0.134570,0.128418,0.077716,0.074140,0.123492
0.073551,0.104834,0.092207,0.068763,0.072955,0.142843,0.101902,0.123819,0.091302,0.127825
0.068474,0.080208,0.194201,0.078607,0.039921,0.104212,0.184276,0.067314,0.146741,0.036045
0.080384,0.102401,0.241874,0.091309,0.067140,0.079758,0.105271,0.047594,0.055192,0.129078
0.086479,0.135564,0.103617,0.112131,0.061731,0.106557,0.126173,0.088820,0.076416,0.102512
0.033917,0.067458,0.333706,0.043241,0.270946,0.073289,0.059730,0.030110,0.047645,0.039958
0.043706,0.205098,0.267771,0.025140,0.018593,0.086196,0.204591,0.028319,0.078394,0.042193
0.086176,0.122142,0.094154,0.077419,0.089748,0.118650,0.132351,0.102101,0.081500,0.095760
0.062918,0.064163,0.254067,0.097975,0.068652,0.099414,0.104255,0.107041,0.055912,0.085605
0.052225,0.165910,0.048181,0.125313,0.110939,0.212375,0.107115,0.074404,0.069171,0.034369
0.073729,0.102510,0.274064,0.039116,0.063421,0.090972,0.083878,0.094846,0.082023,0.095440
0.044568,0.099271,0.126988,0.117828,0.113025,0.055148,0.135320,0.101621,0.081498,0.124734
0.106813,0.076781,0.063807,0.087991,0.059761,0.068602,0.324018,0.050014,0.081603,0.080609
0.082648,0.067137,0.246733,0.095336,0.052978,0.114145,0.101456,0.056109,0.077271,0.106186
0.068886,0.034554,0.280471,0.048964,0.102840,0.213151,0.051101,0.053715,0.097188,0.049129
0.094093,0.106076,0.081996,0.119566,0.097304,0.137478,0.096500,0.072643,0.096130,0.098212
0.052488,0.121529,0.063056,0.100418,0.079902,0.087030,0.300286,0.111635,0.050905,0.032751
0.069421,0.118111,0.114765,0.114323,0.078059,0.142740,0.099314,0.075217,0.087888,0.100162
0.079272,0.114626,0.113692,0.091389,0.115000,0.106882,0.114099,0.080747,0.078195,0.106096
0.036088,0.022018,0.326317,0.036484,0.290772,0.072005,0.038622,0.030000,0.089314,0.058379
0.062891,0.268899,0.029707,0.149841,0.124177,0.041412,0.118516,0.071067,0.055171,0.078319
0.065443,0.156422,0.120152,0.115414,0.118021,0.045339,0.130094,0.085677,0.075267,0.088171
0.062609,0.104371,0.258843,0.060059,0.072577,0.108125,0.110154,0.088388,0.064036,0.070837
0.109263,0.231725,0.170328,0.075665,0.035617,0.066666,0.080840,0.051555,0.095492,0.082849
0.021658,0.110041,0.069746,0.067273,0.065052,0.129798,0.204497,0.106481,0.066300,0.159153
0.066774,0.117775,0.248481,0.092615,0.078891,0.089442,0.089927,0.067348,0.051355,0.097392
0.042245,0.043211,0.058592,0.048406,0.529919,0.123301,0.052365,0.032802,0.041333,0.027828
0.092581,0.273174,0.033332,0.035720,0.032305,0.037283,0.318546,0.033280,0.037362,0.106419
0.054640,0.069948,0.068138,0.068330,0.355074,0.132854,0.058193,0.071738,0.047442,0.073642
0.077449,0.102810,0.111203,0.115650,0.062508,0.114630,0.106923,0.090294,0.089757,0.128776
0.100163,0.089728,0.185431,0.054474,0.078049,0.063282,0.202824,0.085484,0.055803,0.084762
0.028388,0.029789,0.375753,0.053006,0.280270,0.047484,0.065657,0.031560,0.029150,0.058944
0.050477,0.108919,0.323768,0.057252,0.041346,0.089849,0.090732,0.055074,0.071022,0.111559
0.071592,0.107629,0.113801,0.124379,0.066145,0.108263,0.116544,0.094736,0.089060,0.107850
0.082580,0.163315,0.132511,0.133714,0.082559,0.042102,0.117851,0.092890,0.077460,0.075018
0.068691,0.093352,0.116829,0.115533,0.103288,0.116499,0.128351,0.093182,0.054512,0.109762
0.105124,0.124287,0.112257,0.065408,0.072421,0.111895,0.105966,0.023485,0.150478,0.128680
0.064153,0.087788,0.316196,0.073476,0.037016,0.100466,0.138014,0.053401,0.062342,0.067147
0.084261,0.248848,0.113454,0.115584,0.053133,0.039350,0.107815,0.072743,0.077786,0.087026
0.037831,0.091510,0.065202,0.088938,0.088151,0.188705,0.161556,0.091157,0.085491,0.101457
0.074912,0.346254,0.092045,0.051978,0.067188,0.073046,0.084595,0.028331,0.108916,0.072734
0.032828,0.270463,0.109847,0.018029,0.162387,0.049282,0.257699,0.020093,0.057509,0.021864
0.058507,0.099447,0.197677,0.087344,0.041936,0.086607,0.176652,0.056570,0.093449,0.101812
0.054064,0.136002,0.058372,0.121195,0.089685,0.189947,0.113178,0.073388,0.054354,0.109816
0.096362,0.102903,0.090957,0.127219,0.101222,0.149135,0.112544,0.092317,0.069910,0.057430
0.055834,0.129960,0.042772,0.107567,0.056156,0.230265,0.130971,0.076950,0.061154,0.108370
0.038310,0.032749,0.376207,0.031764,0.243230,0.159890,0.040822,0.029283,0.028238,0.019508
0.074929,0.057505,0.153479,0.078669,0.061579,0.077533,0.205855,0.098955,0.124641,0.066854
0.035192,0.067162,0.111182,0.077013,0.362094,0.122006,0.079396,0.037154,0.044537,0.064264
0.050674,0.027200,0.043118,0.061413,0.513053,0.109695,0.044600,0.058145,0.042024,0.050077
0.057438,0.083164,0.046181,0.152614,0.063490,0.179984,0.160598,0.079564,0.080805,0.096162
0.119408,0.098055,0.106901,0.086933,0.074193,0.121846,0.095753,0.028244,0.147474,0.121193
0.044599,0.102974,0.388839,0.050348,0.028578,0.120585,0.059400,0.031205,0.079414,0.094057
0.051391,0.049691,0.071288,0.089468,0.075492,0.111021,0.297989,0.072035,0.075421,0.106204
0.037705,0.141861,0.051907,0.152395,0.052633,0.039414,0.168573,0.136522,0.123418,0.095574
0.036259,0.298519,0.088488,0.045018,0.021286,0.064776,0.252535,0.041494,0.125244,0.026380
0.038980,0.107989,0.047182,0.137365,0.112268,0.170373,0.114441,0.097508,0.083689,0.090205
0.053074,0.075541,0.096850,0.060980,0.068630,0.079091,0.330267,0.074380,0.091121,0.070067
0.021592,0.249791,0.156753,0.035165,0.294819,0.074498,0.052341,0.028864,0.066215,0.019963
0.054733,0.172390,0.052280,0.103555,0.102478,0.144691,0.104727,0.071743,0.055441,0.137962
0.114567,0.123069,0.070739,0.063226,0.133684,0.043987,0.126970,0.031333,0.168060,0.124365
0.089955,0.045857,0.074639,0.109484,0.074815,0.083801,0.312436,0.031967,0.093529,0.083517
0.047804,0.301216,0.078807,0.080866,0.053345,0.095617,0.111727,0.064679,0.081931,0.084006
0.053915,0.084654,0.031592,0.120551,0.069607,0.219691,0.161016,0.106588,0.067416,0.084971
0.082183,0.112311,0.086739,0.120639,0.066444,0.119539,0.129298,0.094339,0.081634,0.106874
0.089119,0.055262,0.057455,0.122460,0.076427,0.187076,0.186533,0.033588,0.074309,0.117770
0.051844,0.323456,0.105915,0.056560,0.049026,0.053353,0.270445,0.034226,0.026628,0.028547
0.076915,0.099007,0.226385,0.095042,0.055556,0.114240,0.081972,0.060833,0.068805,0.121245
0.044177,0.145386,0.065974,0.134614,0.076931,0.047183,0.238899,0.108473,0.062927,0.075436
0.062936,0.299176,0.062737,0.088860,0.050747,0.098885,0.089596,0.064880,0.117492,0.064691
0.042177,0.052186,0.345239,0.060225,0.031332,0.108195,0.078866,0.039760,0.173478,0.068543
0.087890,0.264415,0.100777,0.079249,0.054771,0.109792,0.092436,0.027657,0.081185,0.101827
0.067586,0.066311,0.242314,0.087466,0.078081,0.088665,0.087601,0.071749,0.128259,0.081969
0.076187,0.066846,0.255844,0.100866,0.068264,0.115250,0.096336,0.082090,0.057626,0.080691
0.086308,0.114443,0.111685,0.089794,0.054811,0.135662,0.122585,0.082844,0.078562,0.123306
0.050970,0.052568,0.275431,0.019840,0.323904,0.072289,0.052648,0.028395,0.085756,0.038199
0.058238,0.078393,0.222089,0.033655,0.040207,0.079431,0.163258,0.069080,0.160902,0.094747
0.073896,0.154486,0.395759,0.022349,0.056551,0.086446,0.077593,0.050033,0.054499,0.028388
0.093515,0.115434,0.083081,0.139106,0.115769,0.051744,0.139359,0.084308,0.070935,0.106749
0.064441,0.179820,0.057790,0.158201,0.148069,0.053751,0.161792,0.048386,0.046805,0.080944
0.046106,0.051868,0.234225,0.036061,0.086048,0.103571,0.209469,0.075385,0.061592,0.095675
0.018551,0.216835,0.075295,0.019997,0.336082,0.051952,0.176289,0.013861,0.081075,0.010062
0.119440,0.153580,0.094909,0.152104,0.092295,0.064692,0.146847,0.029205,0.104181,0.042746
0.075582,0.203139,0.240026,0.078034,0.051926,0.116831,0.059914,0.036747,0.054947,0.082853
0.045450,0.153466,0.334479,0.032302,0.175121,0.146787,0.029830,0.026751,0.016808,0.039006
0.097774,0.055446,0.150130,0.086999,0.044482,0.112782,0.212042,0.090365,0.091521,0.058459
0.041381,0.119570,0.029899,0.128644,0.127023,0.180155,0.128480,0.103200,0.068009,0.073640
0.069795,0.080864,0.288084,0.090351,0.063700,0.109748,0.101598,0.081917,0.061810,0.052131
0.110634,0.111786,0.077704,0.112648,0.093618,0.108988,0.099940,0.083166,0.088028,0.113489
0.060245,0.114255,0.345115,0.052226,0.055964,0.133793,0.070786,0.050355,0.057997,0.059264
0.059399,0.117717,0.244032,0.049380,0.092211,0.108557,0.105966,0.050400,0.086635,0.085702
0.037966,0.083523,0.099289,0.074900,0.080534,0.110425,0.349932,0.069548,0.054497,0.039386
0.042097,0.092350,0.059927,0.134639,0.112793,0.177688,0.128610,0.028227,0.076849,0.146820
0.048478,0.082637,0.078450,0.092560,0.064916,0.082633,0.249992,0.050981,0.183401,0.065953
0.095134,0.122577,0.118876,0.093058,0.099553,0.111951,0.114477,0.096051,0.099141,0.049182
0.037489,0.026688,0.238588,0.040581,0.071724,0.224707,0.074227,0.057969,0.159418,0.068609
0.097637,0.093627,0.070805,0.088356,0.046378,0.085959,0.303343,0.070558,0.099823,0.043514
0.021131,0.072793,0.428610,0.063795,0.022451,0.082058,0.147360,0.040114,0.056271,0.065418
0.048422,0.051565,0.207244,0.053049,0.082192,0.078081,0.213036,0.096092,0.070905,0.099412
0.029299,0.032721,0.437418,0.044241,0.212956,0.082743,0.049051,0.022916,0.058422,0.030233
0.030293,0.296816,0.016438,0.072503,0.030198,0.025392,0.343660,0.062243,0.041395,0.081062
0.043683,0.330062,0.046292,0.022187,0.134043,0.024585,0.289885,0.047161,0.025177,0.036926
0.028008,0.117354,0.263947,0.031780,0.072744,0.129301,0.177005,0.056022,0.040389,0.083450
0.064506,0.075425,0.259996,0.097414,0.056927,0.101475,0.098977,0.059098,0.072184,0.113998
0.037669,0.166867,0.038488,0.119334,0.097444,0.106983,0.222124,0.091846,0.041843,0.077403
0.058218,0.299085,0.099905,0.087560,0.069767,0.087309,0.092382,0.070296,0.060548,0.074929
0.036195,0.337479,0.059134,0.030850,0.031756,0.044317,0.358682,0.036960,0.026552,0.038076
0.027885,0.093488,0.033807,0.208362,0.065219,0.044745,0.201020,0.147743,0.066312,0.111419
0.071501,0.330795,0.026846,0.039266,0.033719,0.053771,0.327845,0.020069,0.058382,0.037805
0.076781,0.108366,0.119268,0.131784,0.106545,0.118844,0.105337,0.105484,0.054536,0.073055
0.027924,0.399459,0.026446,0.031775,0.022146,0.015851,0.348653,0.025803,0.057660,0.044281
0.037521,0.184366,0.166613,0.038428,0.039476,0.038720,0.056040,0.087022,0.297126,0.054689
0.061343,0.106528,0.088401,0.121380,0.080618,0.052022,0.272098,0.083254,0.089845,0.044512
0.022746,0.032082,0.290172,0.034601,0.356792,0.029685,0.152519,0.020574,0.023118,0.037710
0.091093,0.026660,0.060088,0.031334,0.278085,0.033965,0.321886,0.030709,0.074962,0.051217
0.063759,0.313490,0.097932,0.093439,0.049466,0.102979,0.084952,0.071156,0.054759,0.068068
0.077036,0.267884,0.080984,0.052349,0.062370,0.096943,0.109126,0.063640,0.074519,0.115149
0.038226,0.127868,0.068804,0.131494,0.115110,0.165365,0.138849,0.082070,0.047411,0.084803
0.040477,0.057662,0.296984,0.094386,0.085035,0.088561,0.119439,0.068903,0.044375,0.104178
0.066479,0.144569,0.278780,0.080490,0.029494,0.127818,0.091109,0.045500,0.045147,0.090615
0.052097,0.238036,0.140944,0.025874,0.047425,0.069555,0.050213,0.097979,0.233189,0.044688
0.041438,0.186758,0.075020,0.123041,0.050501,0.148422,0.145473,0.097825,0.053734,0.077788
0.090487,0.130552,0.076803,0.121034,0.099755,0.139360,0.124065,0.023324,0.066877,0.127742
0.029532,0.027470,0.080751,0.049689,0.373904,0.057595,0.238466,0.021782,0.082040,0.038771
0.111754,0.096610,0.094357,0.084917,0.054998,0.080387,0.274728,0.051124,0.057605,0.093519
0.152423,0.122353,0.081881,0.081188,0.084500,0.110191,0.110955,0.024707,0.092583,0.139219
0.066022,0.060539,0.208880,0.097453,0.065219,0.088324,0.199118,0.060285,0.104800,0.049361
0.111296,0.090246,0.239563,0.049433,0.062551,0.073323,0.148291,0.060018,0.069410,0.095871
0.036157,0.166071,0.277139,0.032242,0.348344,0.040419,0.030469,0.023720,0.017171,0.028268
0.067686,0.044904,0.226425,0.073765,0.033970,0.062480,0.083355,0.069622,0.299830,0.037965
0.049734,0.092754,0.410351,0.029930,0.032359,0.083739,0.090511,0.032130,0.082996,0.095494
0.039854,0.187921,0.042369,0.138817,0.051121,0.155922,0.148881,0.087750,0.068436,0.078928
0.087513,0.089980,0.112224,0.083811,0.093158,0.137264,0.098223,0.082121,0.091560,0.124145
0.052462,0.130501,0.079312,0.144324,0.120007,0.071217,0.123995,0.026988,0.096560,0.154635
0.090004,0.114855,0.040236,0.172404,0.119808,0.059694,0.177272,0.032382,0.088798,0.104547
0.045138,0.159103,0.045229,0.127855,0.099692,0.041058,0.150607,0.124308,0.071224,0.135784
0.062969,0.083268,0.286426,0.070917,0.077180,0.098807,0.085691,0.055625,0.073287,0.105830
0.046780,0.261627,0.040788,0.121909,0.085583,0.091692,0.090175,0.114850,0.066224,0.080372
0.076864,0.097748,0.104088,0.084928,0.125009,0.043382,0.147377,0.116322,0.042538,0.161744
0.038182,0.356421,0.064156,0.037530,0.035983,0.044601,0.319141,0.030605,0.047817,0.025563
0.072495,0.307776,0.075035,0.047762,0.093520,0.087390,0.085049,0.083896,0.071199,0.075879
0.057699,0.069362,0.337671,0.078633,0.040308,0.142145,0.074314,0.044685,0.121921,0.033263
0.072806,0.277927,0.101889,0.092266,0.056659,0.093720,0.078165,0.061445,0.083841,0.081281
0.083551,0.123758,0.085423,0.126920,0.085615,0.123180,0.114185,0.029657,0.089533,0.138177
0.054197,0.176821,0.025056,0.055929,0.104041,0.216655,0.099265,0.062071,0.057633,0.148333
0.072660,0.107834,0.113894,0.108775,0.067674,0.114336,0.106505,0.087469,0.143584,0.077269
0.038320,0.079653,0.293168,0.091857,0.035834,0.108571,0.208373,0.064001,0.048635,0.031588
0.108589,0.093503,0.215066,0.094401,0.059316,0.113060,0.075498,0.060049,0.070024,0.110493
0.056182,0.129606,0.027027,0.125141,0.073197,0.152035,0.196770,0.077428,0.083351,0.079263
0.031345,0.141432,0.041642,0.190651,0.068828,0.055638,0.266300,0.045518,0.118566,0.040081
0.066372,0.106369,0.212461,0.100591,0.083233,0.116740,0.089717,0.063278,0.056005,0.105233
0.048089,0.136087,0.068045,0.032856,0.508986,0.063245,0.034479,0.026729,0.064984,0.016501
0.058361,0.312184,0.091038,0.029920,0.022649,0.070814,0.262016,0.052232,0.076012,0.024774
0.073241,0.293654,0.102457,0.109613,0.089680,0.035823,0.073108,0.079139,0.067945,0.075341
0.053863,0.268968,0.111905,0.107819,0.103902,0.063783,0.102843,0.072434,0.075713,0.038769
0.040826,0.303746,0.113939,0.066803,0.028065,0.061181,0.257009,0.034016,0.050062,0.044354
0.029864,0.043197,0.188736,0.060850,0.366025,0.047667,0.049910,0.055636,0.099504,0.058612
0.027157,0.140968,0.027983,0.148612,0.059004,0.195997,0.123379,0.076105,0.090419,0.110375
