0.109420,0.692665,0.197915
0.016263,0.769888,0.213850
0.974615,0.025384,0.000000
0.938255,0.061602,0.000144
0.989980,0.010020,0.000000
0.196074,0.695918,0.108008
0.024053,0.108130,0.867817
0.275119,0.724880,0.000001
0.573390,0.425854,0.000755
0.565076,0.425602,0.009321
0.996168,0.003832,0.000000
0.705878,0.272525,0.021597
0.917922,0.078230,0.003848
0.018933,0.258887,0.722180
0.996518,0.003482,0.000000
0.585232,0.413387,0.001381
0.143285,0.423668,0.433048
0.991482,0.008518,0.000000
0.992913,0.007087,0.000000
0.996887,0.003113,0.000000
0.002198,0.996800,0.001002
0.989778,0.010222,0.000000
0.014251,0.378439,0.607310
0.958831,0.041169,0.000000
0.000558,0.002687,0.996755
0.747708,0.229419,0.022872
0.993194,0.006806,0.000000
0.994693,0.005307,0.000000
0.718659,0.248499,0.032842
0.436390,0.358048,0.205561
0.666088,0.333911,0.000000
0.853818,0.145333,0.000849
0.493270,0.506730,0.000001
0.987155,0.012845,0.000000
0.599221,0.400770,0.000009
0.000160,0.000639,0.999201
0.854405,0.144376,0.001218
0.137203,0.260375,0.602422
0.382724,0.613023,0.004253
0.019734,0.106281,0.873984
0.982072,0.017928,0.000000
0.651984,0.348012,0.000004
0.000022,0.000017,0.999961
0.416705,0.583294,0.000001
0.991896,0.008104,0.000000
0.996233,0.003767,0.000000
0.364366,0.592628,0.043007
0.997516,0.002484,0.000000
0.008922,0.055053,0.936025
0.003918,0.990833,0.005249
0.968677,0.031180,0.000142
0.877524,0.122474,0.000001
0.000808,0.999021,0.000170
0.016640,0.083932,0.899429
0.005401,0.198411,0.796188
0.060471,0.399029,0.540499
0.387955,0.611998,0.000047
0.040373,0.192974,0.766652
0.992111,0.007889,0.000000
0.809807,0.164956,0.025237
0.424856,0.568133,0.007011
0.103819,0.236017,0.660164
0.510432,0.127021,0.362547
0.993885,0.006115,0.000000
0.056654,0.515475,0.427871
0.550318,0.449682,0.000000
0.587854,0.411983,0.000163
0.004574,0.993880,0.001547
0.032574,0.440195,0.527232
0.532011,0.467846,0.000143
0.023582,0.553238,0.423180
0.031669,0.154332,0.814000
0.976623,0.023375,0.000002
0.508744,0.485723,0.005533
0.985258,0.014741,0.000001
0.989971,0.010029,0.000000
0.272509,0.727491,0.000000
0.967861,0.032139,0.000000
0.001654,0.997668,0.000678
0.023479,0.131237,0.845284
0.965758,0.034227,0.000015
0.638070,0.302411,0.059518
0.996135,0.003865,0.000000
0.172026,0.827876,0.000098
0.262821,0.736193,0.000986
0.003131,0.996342,0.000527
0.995825,0.004175,0.000000
0.154628,0.826085,0.019287
0.815816,0.184138,0.000046
0.049902,0.257976,0.692122
0.598003,0.401995,0.000002
0.452044,0.536317,0.011639
0.056132,0.530372,0.413496
0.001291,0.998690,0.000019
0.219572,0.779718,0.000709
0.988141,0.011859,0.000000
0.879546,0.118793,0.001661
0.482288,0.517574,0.000138
0.518723,0.481275,0.000003
0.996381,0.003619,0.000000
0.001117,0.996414,0.002469
0.462677,0.537323,0.000001
0.937100,0.062900,0.000000
0.463568,0.528053,0.008379
0.028029,0.276239,0.695733
0.994341,0.005659,0.000000
0.007928,0.263526,0.728546
0.004553,0.956865,0.038582
0.975227,0.023033,0.001740
0.029765,0.442176,0.528059
0.048060,0.119583,0.832357
0.475630,0.524293,0.000077
0.990126,0.009873,0.000001
0.026271,0.323962,0.649767
0.005574,0.012346,0.982081
0.967482,0.032518,0.000000
0.986245,0.013495,0.000259
0.996363,0.003637,0.000000
0.990160,0.009831,0.000009
0.241220,0.724739,0.034041
0.996304,0.003696,0.000000
0.987687,0.012314,0.000000
0.926191,0.073809,0.000000
0.985520,0.014480,0.000000
0.122163,0.877554,0.000283
0.652283,0.347425,0.000292
0.022510,0.245008,0.732482
0.071525,0.426040,0.502435
0.443859,0.556141,0.000000
0.013725,0.034523,0.951752
0.026019,0.430171,0.543810
0.021853,0.327051,0.651096
0.383509,0.616490,0.000000
0.002835,0.004517,0.992648
0.787478,0.212427,0.000095
0.000976,0.001885,0.997139
0.001425,0.006553,0.992022
0.005686,0.990702,0.003612
0.000822,0.997139,0.002039
0.985188,0.014811,0.000000
0.003419,0.000885,0.995696
0.001302,0.944727,0.053971
0.449714,0.053789,0.496497
0.324730,0.675172,0.000098
0.106258,0.848551,0.045191
0.843199,0.156787,0.000014
0.977638,0.016436,0.005926
0.005034,0.058280,0.936687
0.281674,0.704159,0.014167
0.995395,0.004605,0.000000
0.982283,0.017717,0.000000
0.964369,0.035627,0.000004
0.985839,0.014161,0.000000
0.106106,0.891183,0.002711
0.002673,0.995410,0.001918
0.005963,0.082930,0.911107
0.705529,0.167576,0.126895
0.036539,0.102514,0.860947
0.995504,0.004496,0.000000
0.013160,0.028714,0.958125
0.996198,0.003802,0.000000
0.120264,0.877334,0.002403
0.997058,0.002942,0.000000
0.988079,0.011921,0.000000
0.318511,0.681483,0.000006
0.032128,0.441285,0.526587
0.006045,0.962984,0.030971
0.002530,0.997174,0.000296
0.984341,0.015659,0.000000
0.992009,0.007991,0.000000
0.357935,0.632101,0.009965
0.224127,0.771940,0.003933
0.000929,0.006236,0.992835
0.989016,0.010983,0.000000
0.070476,0.224317,0.705206
0.183813,0.749341,0.066846
0.002292,0.988435,0.009273
0.588939,0.410837,0.000224
0.988116,0.011546,0.000338
0.024731,0.714442,0.260827
0.993868,0.006132,0.000000
0.013860,0.823864,0.162275
0.557315,0.442685,0.000000
0.594640,0.287442,0.117917
0.996895,0.003105,0.000000
0.955455,0.044463,0.000082
0.000209,0.000642,0.999149
0.267341,0.729430,0.003229
0.992358,0.007642,0.000000
0.405689,0.594311,0.000000
0.206111,0.793718,0.000171
0.470396,0.529335,0.000269
0.002588,0.996584,0.000829
0.993979,0.006022,0.000000
0.015882,0.073678,0.910440
0.989280,0.010530,0.000190
0.485287,0.514627,0.000087
0.679565,0.076613,0.243822
0.003898,0.015267,0.980835
0.241712,0.758201,0.000087
0.009839,0.019962,0.970199
0.994092,0.005908,0.000000
0.988563,0.011437,0.000000
0.986104,0.013896,0.000000
0.100295,0.623587,0.276118
0.000093,0.000316,0.999590
0.965498,0.033634,0.000868
0.008219,0.986124,0.005656
0.039301,0.140624,0.820075
0.401740,0.540466,0.057794
0.100509,0.793636,0.105854
0.500165,0.496847,0.002988
0.326398,0.673591,0.000011
0.855043,0.026895,0.118062
0.928034,0.062453,0.009513
0.964669,0.035323,0.000008
0.992739,0.007261,0.000000
0.004898,0.110896,0.884207
0.229508,0.770135,0.000357
0.993076,0.006924,0.000000
0.950691,0.049309,0.000000
0.345795,0.641738,0.012466
0.013468,0.405991,0.580540
0.001022,0.981408,0.017570
0.818549,0.178657,0.002794
0.987083,0.012917,0.000000
0.019751,0.085525,0.894724
0.956914,0.043023,0.000063
0.986565,0.013435,0.000001
0.303305,0.696676,0.000019
0.421334,0.578663,0.000003
0.250645,0.745103,0.004252
0.061288,0.597519,0.341193
0.981503,0.018497,0.000000
0.984441,0.015558,0.000002
0.876093,0.123898,0.000009
0.410650,0.589349,0.000000
0.375138,0.624838,0.000024
0.076975,0.463234,0.459790
0.995349,0.004652,0.000000
0.546398,0.452375,0.001227
0.994064,0.005936,0.000000
0.944551,0.055410,0.000039
0.358208,0.637167,0.004625
0.028355,0.271205,0.700440
0.464133,0.508634,0.027233
0.994934,0.005066,0.000000
0.235373,0.727855,0.036771
0.002736,0.995542,0.001723
0.984656,0.015344,0.000000
0.310185,0.536896,0.152919
0.953042,0.022203,0.024755
0.082715,0.487299,0.429986
0.969111,0.030834,0.000055
0.534519,0.465350,0.000131
0.194886,0.776620,0.028494
0.432991,0.566978,0.000032
0.242041,0.757637,0.000322
0.013939,0.050990,0.935071
0.056224,0.439253,0.504523
0.985029,0.014971,0.000000
0.032845,0.782276,0.184879
0.041056,0.470263,0.488681
0.996555,0.003445,0.000000
0.003931,0.959004,0.037065
0.001462,0.996426,0.002111
0.031080,0.635678,0.333242
0.307911,0.692076,0.000014
0.550646,0.431858,0.017497
0.001628,0.997518,0.000854
0.495634,0.504361,0.000005
0.047979,0.207334,0.744687
0.043823,0.089842,0.866334
0.976614,0.023386,0.000000
0.034000,0.361200,0.604800
0.417253,0.107526,0.475221
0.007263,0.017380,0.975356
0.001960,0.996816,0.001224
0.717610,0.102129,0.180260
0.169126,0.827126,0.003748
0.045716,0.252510,0.701774
0.913680,0.083348,0.002972
0.985884,0.014116,0.000000
0.326077,0.673808,0.000115
0.725336,0.274483,0.000181
0.268352,0.275026,0.456621
0.993341,0.006659,0.000000
0.995695,0.004305,0.000000
0.088693,0.710716,0.200591
0.374013,0.287957,0.338030
0.986997,0.013003,0.000000
0.015595,0.041325,0.943079
0.012934,0.534198,0.452868
0.990729,0.009271,0.000000
0.824353,0.168030,0.007618
0.987822,0.012170,0.000009
0.963385,0.036615,0.000000
0.986322,0.013676,0.000002
0.234984,0.765015,0.000001
0.979031,0.020969,0.000000
0.053217,0.169009,0.777774
0.996883,0.003117,0.000000
0.100189,0.624072,0.275738
0.997650,0.002350,0.000000
0.992713,0.007287,0.000000
0.066553,0.185895,0.747552
0.382245,0.614330,0.003425
0.996466,0.003534,0.000000
0.695581,0.283715,0.020703
0.381714,0.618272,0.000014
0.639088,0.360828,0.000084
0.963725,0.036275,0.000000
0.016016,0.106727,0.877257
0.003691,0.909246,0.087063
0.012706,0.044038,0.943256
0.991084,0.008916,0.000000
0.224628,0.772516,0.002857
0.000968,0.004140,0.994892
0.932487,0.067512,0.000001
0.989741,0.010259,0.000000
0.995894,0.004106,0.000000
0.996491,0.003509,0.000000
0.987187,0.012813,0.000000
0.001362,0.007348,0.991290
0.777804,0.222108,0.000088
0.981598,0.018402,0.000000
0.119754,0.880039,0.000207
0.005725,0.885318,0.108957
0.573314,0.426642,0.000044
0.974383,0.024387,0.001230
0.994958,0.005042,0.000000
0.989610,0.010389,0.000000
0.049512,0.139371,0.811117
0.460818,0.537612,0.001570
0.048771,0.138065,0.813164
0.007225,0.052335,0.940440
0.990004,0.009996,0.000000
0.963646,0.036354,0.000001
0.003861,0.012011,0.984128
0.541635,0.458365,0.000000
0.955680,0.044271,0.000049
0.005596,0.989786,0.004618
0.982368,0.017631,0.000002
0.206051,0.793945,0.000004
0.015557,0.236320,0.748123
0.724739,0.226065,0.049196
0.796671,0.201256,0.002073
0.175701,0.823933,0.000366
0.404192,0.595790,0.000018
0.979587,0.020413,0.000001
0.983226,0.016774,0.000000
0.390571,0.565831,0.043598
0.003371,0.996271,0.000358
0.879075,0.120923,0.000002
0.397607,0.520103,0.082290
0.420130,0.579868,0.000002
0.000081,0.000138,0.999781
0.246452,0.753119,0.000428
0.889604,0.103440,0.006956
0.817410,0.178606,0.003984
0.981673,0.018327,0.000000
0.017043,0.077868,0.905090
0.406981,0.467351,0.125668
0.007829,0.026335,0.965836
0.996202,0.003798,0.000000
0.959886,0.039896,0.000218
0.241034,0.757219,0.001747
0.037179,0.488027,0.474794
0.991223,0.008711,0.000066
0.075186,0.742015,0.182799
0.038113,0.345658,0.616229
0.532613,0.467379,0.000008
0.975439,0.024560,0.000001
0.960019,0.039981,0.000000
0.995278,0.004722,0.000000
0.006635,0.020727,0.972638
0.685521,0.293891,0.020588
0.224385,0.775615,0.000000
0.974768,0.024822,0.000410
0.003042,0.045720,0.951238
0.994517,0.005483,0.000000
0.033427,0.474683,0.491889
0.543185,0.456813,0.000002
0.009387,0.078109,0.912503
0.262148,0.736774,0.001078
0.047677,0.247591,0.704731
0.005194,0.984022,0.010784
0.005768,0.715976,0.278256
0.251112,0.716899,0.031988
0.973097,0.026903,0.000000
0.618835,0.380442,0.000724
0.572813,0.427187,0.000000
0.001155,0.997655,0.001190
0.975359,0.024595,0.000045
0.003325,0.995615,0.001060
0.991196,0.008804,0.000000
0.001349,0.994572,0.004079
0.004299,0.084422,0.911279
0.572210,0.422761,0.005029
0.043541,0.390713,0.565746
0.030257,0.599481,0.370262
0.343632,0.656368,0.000000
0.636642,0.363358,0.000000
0.974829,0.025165,0.000006
0.778034,0.219586,0.002380
0.377371,0.569843,0.052786
0.017587,0.565147,0.417265
0.619524,0.379787,0.000689
0.958889,0.040985,0.000126
0.010149,0.374632,0.615220
0.500546,0.499452,0.000002
0.990257,0.009743,0.000000
0.305252,0.692160,0.002587
0.580493,0.419402,0.000104
0.052633,0.454992,0.492375
0.000182,0.000732,0.999086
0.002769,0.008534,0.988697
0.809607,0.190292,0.000102
0.995310,0.004690,0.000000
0.973840,0.017097,0.009063
0.957531,0.042046,0.000423
0.764458,0.233104,0.002438
0.619673,0.263514,0.116813
0.331870,0.627925,0.040204
0.985793,0.013951,0.000256
0.002349,0.997003,0.000648
0.421318,0.578682,0.000000
0.000264,0.000130,0.999606
0.501157,0.498839,0.000003
0.962014,0.037983,0.000003
0.768607,0.231332,0.000061
0.986646,0.013354,0.000000
0.251629,0.724372,0.023999
0.980088,0.019912,0.000000
0.860309,0.139650,0.000042
0.388833,0.598744,0.012423
0.962543,0.037456,0.000000
0.006592,0.160764,0.832644
0.001856,0.984333,0.013811
0.544567,0.455339,0.000094
0.583619,0.412468,0.003912
0.005470,0.994375,0.000155
0.033646,0.158960,0.807393
0.996487,0.003513,0.000000
0.003244,0.996157,0.000598
0.299441,0.688987,0.011573
0.041678,0.730171,0.228151
0.002028,0.997667,0.000305
0.143387,0.689452,0.167161
0.719200,0.090633,0.190167
0.024558,0.590671,0.384771
0.988364,0.011636,0.000000
0.280349,0.716995,0.002656
0.000128,0.000179,0.999693
0.111808,0.288716,0.599476
0.981860,0.016207,0.001934
0.002904,0.005726,0.991369
0.548072,0.451450,0.000478
0.000254,0.000035,0.999711
0.001276,0.998687,0.000037
0.705584,0.290562,0.003854
0.045034,0.428696,0.526270
0.957074,0.018983,0.023943
0.037413,0.671235,0.291352
0.005683,0.045547,0.948771
0.915130,0.084870,0.000000
0.014284,0.031208,0.954507
0.027975,0.079008,0.893017
0.615081,0.379891,0.005028
0.968967,0.030944,0.000089
0.995784,0.004216,0.000000
0.979552,0.015133,0.005315
0.054977,0.190620,0.754403
0.707790,0.275017,0.017193
0.002273,0.902999,0.094728
0.996459,0.003541,0.000000
0.082336,0.917517,0.000147
0.994731,0.005269,0.000000
0.027074,0.073628,0.899298
0.445677,0.554323,0.000000
0.989922,0.010078,0.000000
0.452644,0.547298,0.000058
0.450710,0.549289,0.000001
0.000631,0.999174,0.000194
0.992112,0.007888,0.000000
0.788095,0.192316,0.019589
0.654969,0.344274,0.000758
0.984387,0.015613,0.000000
0.469042,0.530957,0.000000
0.987471,0.012529,0.000000
0.440400,0.558480,0.001120
0.488069,0.501494,0.010437
0.923876,0.076123,0.000001
0.002512,0.996907,0.000581
0.934751,0.055011,0.010238
0.942119,0.057801,0.000080
0.003660,0.019234,0.977107
0.428037,0.224983,0.346979
0.803950,0.195975,0.000075
0.585127,0.401984,0.012889
0.001025,0.993314,0.005660
0.992448,0.007551,0.000001
0.005230,0.002335,0.992435
0.227600,0.772303,0.000097
0.995512,0.004488,0.000000
0.753774,0.246202,0.000024
0.958468,0.040660,0.000872
0.111540,0.732161,0.156299
0.002248,0.018643,0.979109
0.005636,0.013377,0.980987
0.231422,0.768572,0.000007
0.361700,0.638300,0.000000
0.913464,0.086535,0.000000
0.997140,0.002860,0.000000
0.990507,0.009493,0.000000
0.275125,0.724874,0.000001
0.000626,0.998552,0.000822
0.000573,0.000172,0.999255
0.991060,0.008940,0.000000
0.522104,0.475673,0.002222
0.355542,0.637812,0.006647
0.009553,0.025559,0.964888
0.096228,0.438762,0.465010
0.007669,0.013821,0.978510
0.507081,0.492787,0.000131
0.001901,0.997554,0.000545
0.071549,0.249355,0.679096
0.002677,0.992588,0.004735
0.008356,0.281261,0.710384
0.980567,0.019433,0.000000
0.924041,0.075409,0.000550
0.968700,0.031001,0.000298
0.983973,0.016027,0.000000
0.005047,0.107022,0.887931
0.176293,0.787989,0.035718
0.720577,0.096565,0.182858
0.172790,0.753321,0.073889
0.031007,0.394144,0.574849
0.320818,0.679181,0.000001
0.643262,0.356736,0.000002
0.992334,0.007666,0.000000
0.741684,0.258314,0.000003
0.000047,0.000109,0.999843
0.023518,0.120353,0.856129
0.961735,0.038265,0.000000
0.752165,0.247298,0.000537
0.986307,0.013693,0.000000
0.006313,0.521095,0.472592
0.869644,0.130071,0.000285
0.293505,0.647772,0.058723
0.109545,0.504788,0.385668
0.975550,0.016988,0.007462
0.001489,0.998042,0.000469
0.005082,0.984541,0.010377
0.792548,0.203271,0.004181
0.960486,0.039514,0.000000
0.142006,0.789729,0.068265
0.988420,0.011580,0.000000
0.544635,0.455365,0.000000
0.009542,0.028276,0.962182
0.003754,0.155777,0.840469
0.001686,0.973134,0.025180
0.002093,0.005329,0.992578
0.278291,0.721651,0.000058
0.051202,0.168038,0.780760
0.829076,0.111475,0.059449
0.935389,0.053844,0.010768
0.331487,0.659074,0.009439
0.987076,0.012924,0.000000
0.993879,0.006121,0.000000
0.823033,0.176911,0.000056
0.971644,0.028355,0.000000
0.003065,0.082216,0.914719
0.957110,0.042890,0.000000
0.251026,0.714725,0.034249
0.016682,0.057425,0.925893
0.696429,0.218132,0.085439
0.001338,0.976599,0.022063
0.987384,0.012616,0.000000
0.110795,0.889031,0.000175
0.358993,0.641004,0.000003
0.602749,0.261145,0.136106
0.113841,0.317441,0.568717
0.873964,0.107710,0.018325
0.358655,0.641272,0.000073
0.432208,0.567607,0.000186
0.668935,0.330592,0.000474
0.995099,0.004901,0.000000
0.003473,0.964423,0.032103
0.895013,0.101964,0.003023
0.527928,0.469618,0.002454
0.020055,0.089955,0.889989
0.410388,0.589610,0.000002
0.969929,0.017021,0.013051
0.015927,0.029365,0.954708
0.996857,0.003143,0.000000
0.008336,0.632119,0.359545
0.003664,0.986502,0.009834
0.316265,0.683735,0.000000
0.001208,0.994640,0.004152
0.881529,0.115052,0.003419
0.912362,0.077486,0.010151
0.429813,0.570183,0.000004
0.019850,0.585337,0.394813
0.761321,0.232474,0.006205
0.186065,0.813547,0.000389
0.998001,0.001999,0.000000
0.416752,0.581547,0.001701
0.980795,0.019204,0.000001
0.806899,0.173622,0.019480
0.001778,0.000553,0.997669
0.112559,0.345338,0.542103
0.050423,0.347764,0.601813
0.003470,0.073504,0.923026
0.995635,0.004365,0.000000
0.003888,0.017664,0.978448
0.004101,0.974826,0.021072
0.355320,0.644680,0.000000
0.943836,0.041195,0.014970
0.975004,0.024988,0.000008
0.991991,0.007996,0.000014
0.008923,0.039251,0.951826
0.935778,0.060988,0.003234
0.005311,0.010992,0.983697
0.959947,0.040053,0.000000
0.427119,0.572861,0.000020
0.023174,0.101253,0.875574
0.702931,0.297069,0.000000
0.981244,0.018756,0.000000
0.000933,0.998879,0.000188
0.000208,0.000402,0.999390
0.958709,0.041291,0.000000
0.605124,0.394383,0.000494
0.983723,0.016274,0.000003
0.000874,0.003233,0.995893
0.304736,0.695244,0.000020
0.995147,0.004845,0.000008
0.476068,0.343720,0.180211
0.934767,0.052782,0.012451
0.145711,0.464820,0.389469
0.004225,0.084113,0.911661
0.989915,0.010085,0.000000
0.215177,0.784777,0.000047
0.266268,0.557812,0.175920
0.740764,0.087466,0.171770
0.025844,0.085791,0.888365
0.974361,0.024883,0.000756
0.208006,0.762434,0.029560
0.000590,0.999365,0.000045
0.994074,0.005926,0.000000
0.506656,0.465899,0.027445
0.006893,0.304823,0.688284
0.199241,0.722391,0.078368
0.963092,0.036908,0.000000
0.399114,0.600479,0.000407
0.001289,0.994897,0.003814
0.995780,0.004220,0.000000
0.119846,0.544874,0.335279
0.963710,0.036290,0.000000
0.050340,0.288846,0.660814
0.951531,0.046465,0.002004
0.000809,0.008766,0.990426
0.702390,0.265982,0.031628
0.997151,0.002849,0.000000
0.004580,0.864988,0.130432
0.651492,0.347907,0.000602
0.987929,0.012070,0.000000
0.045804,0.489142,0.465053
0.220138,0.698514,0.081348
0.856081,0.143878,0.000040
0.939752,0.060186,0.000061
0.379834,0.278889,0.341278
0.005637,0.992902,0.001461
0.373822,0.625838,0.000340
0.633911,0.366089,0.000000
0.993346,0.006654,0.000000
0.993715,0.006285,0.000000
0.001105,0.997078,0.001816
0.366834,0.633097,0.000070
0.123633,0.598785,0.277582
0.010337,0.088582,0.901081
0.991803,0.008183,0.000014
0.007094,0.162414,0.830491
0.992107,0.007892,0.000001
0.979161,0.020839,0.000000
0.986470,0.013530,0.000000
0.964984,0.035010,0.000006
0.001766,0.989844,0.008390
0.778159,0.126194,0.095647
0.000025,0.000010,0.999965
0.993721,0.006279,0.000000
0.167682,0.786147,0.046171
0.050192,0.325375,0.624433
0.001087,0.964105,0.034808
0.002451,0.011379,0.986170
0.366338,0.633655,0.000007
0.000153,0.000127,0.999720
0.073506,0.498812,0.427683
0.010548,0.055731,0.933721
0.052656,0.594472,0.352872
0.228523,0.732603,0.038874
0.972165,0.027835,0.000000
0.995371,0.004629,0.000000
0.011716,0.204661,0.783623
0.515743,0.303898,0.180359
0.081173,0.365440,0.553387
0.019721,0.252896,0.727383
0.077197,0.395826,0.526977
0.338427,0.660276,0.001296
0.039296,0.115495,0.845209
0.994673,0.005327,0.000000
0.001727,0.977934,0.020339
0.008578,0.041241,0.950181
0.282790,0.709381,0.007829
0.452499,0.547501,0.000000
0.192562,0.425038,0.382400
0.019227,0.037368,0.943405
0.735730,0.263940,0.000329
0.995143,0.004857,0.000000
0.002881,0.004124,0.992995
0.002086,0.997347,0.000567
0.329564,0.615581,0.054855
0.993903,0.006097,0.000000
0.779932,0.179403,0.040664
0.025512,0.611346,0.363142
0.357380,0.642578,0.000041
0.716595,0.283274,0.000131
0.192485,0.800386,0.007129
0.542023,0.229056,0.228920
0.994248,0.005752,0.000000
0.310346,0.689637,0.000016
0.001801,0.997317,0.000882
0.453408,0.546591,0.000001
0.627377,0.372614,0.000010
0.223178,0.447199,0.329623
0.370720,0.629030,0.000250
0.391383,0.608617,0.000000
0.613607,0.132259,0.254135
0.872708,0.064647,0.062645
0.610878,0.387631,0.001491
0.476566,0.517088,0.006346
0.021554,0.506645,0.471801
0.942567,0.057427,0.000006
0.032999,0.381098,0.585903
0.951223,0.048768,0.000009
0.995887,0.004113,0.000000
0.415795,0.584202,0.000002
0.001454,0.998520,0.000026
0.958633,0.041138,0.000229
0.297912,0.668083,0.034005
0.025971,0.597859,0.376171
0.995953,0.004046,0.000000
0.468855,0.531145,0.000000
0.341563,0.658436,0.000000
0.212313,0.786415,0.001272
0.003404,0.000821,0.995775
0.000717,0.990163,0.009120
0.829685,0.169835,0.000480
0.009388,0.597974,0.392639
0.560427,0.438006,0.001568
0.000691,0.998067,0.001242
0.777988,0.221915,0.000096
0.518066,0.480745,0.001188
0.794062,0.201223,0.004714
0.350585,0.649246,0.000169
0.171922,0.828045,0.000032
0.270538,0.729460,0.000002
0.986194,0.013806,0.000000
0.529356,0.470598,0.000046
0.006676,0.015027,0.978297
0.317710,0.682183,0.000107
0.283034,0.055152,0.661814
0.600150,0.399846,0.000004
0.995994,0.004006,0.000000
0.417320,0.582669,0.000011
0.105325,0.507457,0.387218
0.034487,0.161205,0.804308
0.000383,0.000438,0.999179
0.530619,0.358520,0.110861
0.293729,0.701825,0.004447
0.259469,0.740529,0.000002
0.568822,0.396066,0.035113
0.991858,0.008142,0.000000
0.951357,0.048643,0.000000
0.101911,0.361904,0.536185
0.000575,0.998886,0.000539
0.779267,0.216591,0.004141
0.921151,0.069784,0.009066
0.996446,0.003554,0.000000
0.001785,0.009549,0.988666
0.089442,0.490341,0.420217
0.001133,0.995328,0.003539
0.989299,0.010701,0.000000
0.009146,0.630965,0.359890
0.005299,0.054732,0.939969
0.988941,0.010636,0.000423
0.036997,0.655803,0.307200
0.063498,0.881687,0.054814
0.996478,0.003522,0.000000
0.438230,0.559979,0.001791
0.003086,0.982081,0.014833
0.653505,0.346495,0.000000
0.001022,0.019073,0.979905
0.522792,0.477155,0.000052
0.996559,0.003441,0.000000
0.662438,0.337059,0.000503
0.077217,0.799091,0.123692
0.006538,0.032818,0.960643
0.996458,0.003542,0.000000
0.997761,0.002239,0.000000
0.429238,0.566928,0.003835
0.001044,0.971507,0.027449
0.141628,0.858223,0.000149
0.989326,0.010674,0.000000
0.976503,0.023497,0.000000
0.995524,0.004476,0.000000
0.453523,0.546473,0.000004
0.777299,0.222644,0.000057
0.995311,0.004689,0.000000
0.985659,0.014341,0.000000
0.733401,0.153543,0.113055
0.000109,0.000079,0.999812
0.968603,0.031391,0.000006
0.410418,0.589579,0.000003
0.973332,0.026668,0.000000
0.567521,0.431846,0.000633
0.930244,0.069416,0.000340
0.000968,0.006179,0.992854
0.724293,0.256795,0.018912
0.432635,0.536951,0.030415
0.990854,0.009146,0.000000
0.538766,0.461149,0.000085
0.994675,0.005325,0.000000
0.455225,0.544738,0.000037
0.989629,0.010371,0.000000
0.995887,0.004113,0.000000
0.996022,0.003978,0.000000
0.985210,0.014789,0.000000
0.955053,0.044850,0.000097
0.021616,0.284736,0.693648
0.009368,0.077771,0.912861
0.981519,0.018481,0.000000
0.355929,0.643993,0.000078
0.447949,0.552051,0.000000
0.706969,0.231656,0.061375
0.001934,0.006186,0.991879
0.994293,0.005706,0.000001
0.001746,0.992717,0.005537
0.993963,0.006037,0.000000
0.486846,0.513152,0.000001
0.079204,0.598466,0.322330
0.001222,0.997875,0.000902
0.040418,0.121813,0.837770
0.002212,0.989591,0.008197
0.449537,0.478713,0.071750
0.004064,0.570095,0.425841
0.026841,0.459183,0.513975
0.006564,0.961701,0.031735
0.929901,0.069928,0.000171
0.175995,0.652572,0.171433
0.001725,0.000756,0.997519
0.992527,0.007473,0.000000
0.035100,0.341894,0.623006
0.543258,0.456602,0.000140
0.003828,0.954244,0.041927
0.996094,0.003906,0.000000
0.000096,0.000014,0.999891
0.934258,0.065017,0.000724
0.004881,0.009533,0.985585
0.991216,0.008784,0.000000
0.942828,0.056137,0.001035
0.992118,0.007881,0.000000
0.437263,0.562737,0.000000
0.003850,0.553913,0.442237
0.992818,0.007182,0.000000
0.995823,0.004177,0.000000
0.741803,0.185771,0.072426
0.112058,0.887296,0.000646
0.315195,0.660642,0.024162
0.030028,0.324605,0.645367
0.371793,0.628204,0.000003
0.080942,0.504522,0.414536
0.034223,0.195619,0.770158
0.293492,0.703088,0.003420
0.002416,0.991038,0.006546
0.019762,0.053243,0.926995
0.997216,0.002784,0.000000
0.980039,0.019961,0.000000
0.336566,0.663404,0.000030
0.299416,0.683945,0.016639
0.371911,0.628089,0.000000
0.519721,0.480273,0.000007
0.195283,0.750216,0.054501
0.000494,0.001472,0.998034
0.792976,0.130492,0.076532
0.245024,0.754827,0.000149
0.021931,0.106481,0.871588
0.989048,0.010951,0.000000
0.003891,0.904248,0.091861
0.782934,0.212120,0.004946
0.586260,0.413656,0.000084
0.395862,0.604013,0.000125
0.039128,0.141471,0.819401
0.000008,0.000009,0.999983
0.986317,0.013683,0.000000
0.399406,0.571769,0.028824
0.661168,0.336759,0.002073
0.003856,0.000628,0.995516
0.920503,0.076802,0.002695
0.436540,0.563131,0.000329
0.588155,0.411804,0.000040
0.063703,0.231853,0.704444
0.983203,0.016797,0.000000
0.007306,0.100475,0.892219
0.113204,0.875393,0.011403
0.964756,0.035244,0.000000
0.688396,0.277730,0.033873
0.986737,0.013263,0.000000
0.986778,0.013211,0.000011
0.450542,0.549458,0.000000
0.131017,0.853746,0.015237
0.526579,0.473421,0.000000
0.001245,0.998727,0.000028
0.042151,0.359347,0.598501
0.028568,0.090946,0.880485
0.854206,0.144546,0.001248
0.991579,0.008421,0.000000
0.995396,0.004604,0.000000
0.085389,0.220878,0.693732
0.971706,0.028294,0.000000
0.199883,0.800061,0.000055
0.976778,0.023222,0.000000
0.014833,0.040598,0.944568
0.002094,0.040018,0.957887
0.479086,0.510252,0.010662
0.310811,0.684386,0.004803
0.994298,0.005702,0.000000
0.059669,0.496091,0.444240
0.035777,0.213022,0.751201
0.001633,0.956769,0.041598
0.000848,0.997899,0.001254
0.033914,0.258271,0.707815
0.977498,0.018276,0.004226
0.439979,0.556531,0.003490
0.969850,0.030150,0.000000
0.004111,0.001460,0.994429
0.062809,0.270333,0.666858
0.039705,0.453347,0.506948
0.035735,0.181874,0.782391
0.000044,0.000050,0.999906
0.038813,0.174874,0.786312
0.233761,0.744538,0.021702
0.155649,0.386332,0.458019
0.996772,0.003228,0.000000
0.428970,0.571025,0.000005
0.062517,0.767840,0.169643
0.987440,0.011475,0.001085
0.503066,0.480868,0.016066
0.116837,0.857254,0.025909
0.996037,0.003963,0.000000
0.011110,0.053591,0.935299
0.997030,0.002970,0.000000
0.996691,0.003308,0.000000
0.958278,0.041722,0.000000
0.976178,0.023821,0.000001
0.989879,0.010119,0.000002
0.019832,0.060956,0.919213
0.000481,0.001167,0.998352
0.307679,0.691912,0.000409
0.001899,0.997803,0.000298
0.525032,0.411663,0.063305
0.282635,0.717349,0.000016
0.975768,0.024126,0.000105
0.002219,0.011826,0.985955
0.922745,0.077121,0.000133
0.033473,0.558740,0.407787
0.931259,0.068741,0.000000
0.972172,0.027828,0.000000
0.372931,0.627031,0.000038
0.954809,0.044748,0.000443
0.205847,0.790787,0.003366
0.013210,0.077390,0.909399
0.590677,0.402050,0.007274
0.334275,0.421300,0.244425
0.002782,0.989631,0.007587
0.653868,0.129161,0.216971
0.080752,0.818111,0.101137
0.000156,0.000025,0.999819
0.993960,0.006041,0.000000
0.997012,0.002988,0.000000
0.960558,0.039442,0.000000
0.816293,0.180818,0.002889
0.995367,0.004633,0.000000
0.043610,0.430385,0.526005
0.002996,0.796421,0.200584
0.950016,0.049920,0.000064
0.385787,0.614208,0.000005
0.505966,0.494028,0.000006
0.816027,0.178301,0.005672
0.362308,0.549020,0.088672
0.475620,0.521239,0.003142
0.995407,0.004593,0.000000
0.991509,0.008491,0.000000
0.842004,0.054520,0.103476
0.211744,0.788109,0.000147
0.793374,0.206598,0.000028
0.285612,0.712866,0.001522
0.967191,0.032809,0.000000
0.350346,0.649654,0.000000
0.942203,0.057776,0.000021
0.295633,0.704350,0.000017
0.205124,0.399842,0.395034
0.988375,0.011625,0.000000
0.001287,0.998453,0.000260
0.359650,0.587559,0.052791
0.664951,0.172281,0.162769
0.443847,0.553808,0.002344
0.354509,0.645491,0.000000
0.027538,0.345677,0.626786
0.575219,0.424717,0.000064
0.001412,0.008636,0.989953
0.023035,0.170494,0.806471
0.952855,0.024879,0.022265
0.989150,0.010850,0.000000
0.411481,0.588501,0.000017
0.038279,0.150670,0.811051
0.018609,0.460657,0.520734
0.767527,0.217668,0.014805
0.044360,0.194388,0.761252
0.776614,0.222969,0.000417
0.995124,0.004876,0.000000
0.982803,0.017197,0.000000
0.992046,0.007954,0.000000
0.016540,0.910993,0.072467
0.002611,0.002243,0.995146
0.983957,0.016043,0.000000
0.880940,0.090338,0.028722
0.529610,0.469958,0.000433
0.444484,0.554058,0.001459
0.942281,0.057693,0.000027
0.929347,0.063602,0.007051
0.148769,0.851167,0.000064
0.979203,0.020796,0.000001
0.980920,0.019079,0.000001
0.008287,0.565925,0.425788
0.006567,0.982702,0.010731
0.946730,0.052116,0.001154
0.816266,0.180180,0.003554
0.256772,0.743195,0.000033
0.982794,0.017206,0.000000
0.799239,0.069297,0.131464
0.317501,0.682201,0.000298
0.273667,0.099431,0.626902
0.996709,0.003291,0.000000
0.429743,0.570243,0.000015
0.976644,0.023356,0.000000
0.002348,0.005275,0.992377
0.035214,0.550653,0.414133
0.000324,0.000520,0.999156
0.235391,0.744192,0.020416
0.371616,0.598457,0.029927
0.057661,0.281329,0.661010
0.839151,0.156401,0.004448
0.057100,0.678631,0.264269
0.978449,0.021257,0.000295
0.005430,0.057828,0.936742
0.001088,0.003994,0.994917
0.926095,0.052216,0.021689
0.024939,0.507194,0.467867
0.049666,0.535123,0.415211
0.000560,0.998238,0.001202
0.036289,0.220434,0.743277
0.664176,0.307693,0.028131
0.987067,0.012933,0.000000
0.001215,0.010748,0.988037
0.005626,0.012058,0.982315
0.704964,0.294849,0.000187
0.001338,0.985780,0.012883
0.018071,0.444903,0.537026
0.051201,0.616852,0.331948
0.986695,0.013305,0.000000
0.000528,0.999175,0.000297
0.003125,0.996578,0.000297
0.030738,0.343108,0.626153
0.001161,0.998211,0.000628
0.760171,0.239708,0.000121
0.002088,0.001168,0.996745
0.528087,0.470203,0.001710
0.368204,0.631796,0.000000
0.979735,0.020265,0.000000
0.001649,0.995401,0.002950
0.992037,0.007963,0.000000
0.965802,0.023896,0.010302
0.001528,0.952850,0.045623
0.383219,0.616781,0.000000
0.845917,0.154061,0.000022
0.029894,0.090778,0.879329
0.771202,0.228792,0.000006
0.008112,0.070793,0.921095
0.988852,0.011148,0.000000
0.253400,0.596570,0.150030
0.007912,0.018131,0.973957
0.116001,0.879599,0.004400
0.989135,0.010865,0.000000
0.007205,0.054670,0.938125
0.462238,0.537762,0.000000
0.484100,0.515850,0.000050
0.004042,0.986008,0.009950
0.752572,0.062753,0.184676
0.010484,0.364547,0.624969
0.995961,0.004039,0.000000
0.991975,0.008025,0.000000
0.041000,0.128359,0.830641
0.215407,0.779574,0.005018
0.002759,0.000466,0.996775
0.568169,0.430534,0.001297
0.991782,0.008218,0.000001
0.026752,0.472743,0.500505
0.997738,0.002262,0.000000
0.076868,0.776054,0.147078
0.860213,0.139012,0.000775
0.978970,0.021030,0.000000
0.121267,0.588400,0.290333
0.099383,0.900482,0.000135
0.340310,0.137218,0.522472
0.885308,0.114672,0.000020
0.947659,0.052330,0.000011
0.002641,0.983840,0.013520
0.333082,0.666899,0.000019
0.942686,0.027343,0.029971
0.992567,0.007431,0.000002
0.702065,0.297431,0.000504
0.982384,0.017374,0.000243
0.000477,0.000111,0.999412
0.643559,0.354381,0.002060
0.304097,0.644352,0.051551
0.966284,0.033716,0.000000
0.248460,0.751500,0.000040
0.336420,0.663578,0.000002
0.014335,0.819079,0.166587
0.024670,0.069971,0.905358
0.984474,0.015526,0.000000
0.209212,0.750574,0.040214
0.941906,0.057306,0.000789
0.016580,0.303142,0.680279
0.055172,0.231913,0.712915
0.986796,0.013197,0.000007
0.057710,0.207485,0.734805
0.084661,0.833811,0.081529
0.006512,0.910448,0.083040
0.011889,0.681328,0.306783
0.992905,0.006494,0.000601
0.441296,0.556652,0.002052
0.001770,0.995682,0.002548
0.369048,0.630942,0.000010
0.697603,0.079216,0.223182
0.244232,0.755542,0.000226
0.000840,0.998954,0.000206
0.161442,0.516214,0.322344
0.380504,0.619483,0.000013
0.768428,0.179470,0.052102
0.906498,0.081855,0.011647
0.917113,0.058682,0.024205
0.045341,0.397996,0.556662
0.093584,0.602774,0.303642
0.000839,0.000508,0.998653
0.447475,0.552525,0.000000
0.001153,0.998797,0.000050
0.004917,0.944595,0.050488
0.983256,0.016528,0.000216
0.051302,0.776952,0.171746
0.008892,0.990815,0.000293
0.000903,0.000424,0.998673
0.810654,0.186695,0.002652
0.033087,0.583519,0.383394
0.182831,0.816843,0.000325
0.789509,0.210286,0.000205
0.003536,0.994138,0.002326
0.963710,0.020769,0.015521
0.000715,0.000131,0.999154
0.217913,0.782061,0.000025
0.294264,0.698372,0.007364
0.009361,0.267561,0.723078
0.031973,0.598226,0.369800
0.426579,0.573421,0.000000
0.025249,0.582262,0.392489
0.966707,0.030972,0.002322
0.953561,0.046422,0.000017
0.993105,0.006894,0.000000
0.519789,0.479156,0.001055
0.231925,0.768071,0.000004
0.001120,0.988394,0.010486
0.944075,0.055925,0.000000
0.677638,0.322247,0.000115
0.057995,0.710737,0.231269
0.007422,0.025817,0.966761
0.989288,0.010712,0.000000
0.001154,0.997620,0.001226
0.994209,0.005791,0.000000
0.547243,0.452738,0.000020
0.349719,0.650281,0.000000
0.213168,0.783921,0.002911
0.524699,0.475287,0.000014
0.001893,0.997745,0.000362
0.002681,0.996877,0.000442
0.241091,0.070878,0.688031
0.474005,0.090371,0.435624
0.002200,0.000302,0.997498
0.749735,0.033876,0.216388
0.800870,0.021695,0.177434
0.326714,0.655824,0.017462
0.978311,0.021689,0.000000
0.061128,0.855994,0.082878
0.385014,0.536406,0.078580
0.000528,0.001184,0.998288
0.489678,0.510322,0.000000
0.061810,0.736668,0.201522
0.005252,0.071763,0.922986
0.997805,0.002195,0.000000
0.560439,0.399863,0.039698
0.961790,0.038210,0.000000
0.956272,0.043577,0.000152
0.007061,0.014610,0.978330
0.001607,0.992985,0.005408
0.790083,0.201315,0.008602
0.007031,0.211822,0.781147
0.618949,0.297769,0.083282
0.043855,0.116332,0.839813
0.045421,0.520552,0.434027
0.002022,0.013363,0.984615
0.015882,0.090129,0.893989
0.253611,0.675990,0.070399
0.059532,0.198965,0.741503
0.079940,0.655975,0.264084
0.002430,0.988774,0.008796
0.318900,0.681098,0.000001
0.237487,0.745259,0.017254
0.067352,0.597128,0.335521
0.017948,0.492050,0.490002
0.959242,0.040758,0.000000
0.846088,0.153880,0.000032
0.030292,0.107088,0.862620
0.004910,0.980764,0.014326
0.245177,0.754798,0.000025
0.995763,0.004237,0.000000
0.883682,0.038432,0.077886
0.476165,0.523834,0.000000
0.105726,0.249106,0.645168
0.989206,0.010787,0.000007
0.001202,0.993771,0.005027
0.082795,0.466758,0.450447
0.573715,0.426246,0.000039
0.995540,0.004460,0.000000
0.305132,0.694128,0.000741
0.000058,0.000097,0.999844
0.850080,0.149832,0.000088
0.989276,0.010724,0.000000
0.304447,0.695490,0.000062
0.274163,0.722826,0.003012
0.988086,0.011914,0.000000
0.987664,0.012336,0.000000
0.965767,0.034233,0.000000
0.997317,0.002683,0.000000
0.008026,0.003257,0.988717
0.405899,0.593868,0.000233
0.012492,0.367102,0.620406
0.038266,0.207822,0.753912
0.077685,0.727792,0.194524
0.057345,0.386498,0.556158
0.303740,0.696242,0.000018
0.339475,0.660462,0.000063
0.742004,0.238424,0.019572
0.987138,0.012722,0.000140
0.244343,0.755656,0.000001
0.990590,0.009410,0.000000
0.270417,0.682343,0.047239
0.004260,0.935187,0.060553
0.203914,0.682900,0.113186
0.005062,0.015769,0.979169
0.041194,0.376125,0.582681
0.021672,0.608188,0.370140
0.385829,0.614170,0.000001
0.644170,0.291926,0.063903
0.975166,0.024833,0.000001
0.020977,0.108603,0.870419
0.983531,0.015800,0.000670
0.000327,0.000035,0.999639
0.986471,0.013525,0.000004
0.279960,0.717933,0.002107
0.968319,0.031681,0.000000
0.000067,0.000092,0.999841
0.832972,0.144374,0.022655
0.267742,0.721632,0.010626
0.067112,0.114527,0.818362
0.952311,0.047689,0.000000
0.029483,0.442349,0.528168
0.983110,0.016890,0.000000
0.995611,0.004375,0.000014
0.469987,0.529959,0.000054
0.085586,0.475007,0.439407
0.997347,0.002653,0.000000
0.995687,0.004313,0.000000
0.990481,0.009519,0.000000
0.626535,0.373306,0.000158
0.017644,0.688919,0.293438
0.191086,0.029513,0.779401
0.066011,0.177695,0.756294
0.948920,0.051073,0.000007
0.397416,0.602583,0.000000
0.963087,0.036631,0.000281
0.350193,0.649788,0.000019
0.088849,0.629154,0.281997
0.990264,0.009736,0.000000
0.409691,0.590231,0.000078
0.028720,0.246226,0.725054
0.002464,0.993675,0.003861
0.000713,0.993794,0.005493
0.369313,0.071260,0.559427
0.996317,0.003683,0.000000
0.830120,0.105003,0.064877
0.325001,0.612373,0.062626
0.178561,0.680417,0.141023
0.060088,0.611000,0.328912
0.648489,0.086336,0.265175
0.609890,0.390110,0.000000
0.082698,0.682923,0.234378
0.935462,0.030185,0.034353
0.397161,0.602735,0.000104
0.000400,0.001564,0.998037
0.331779,0.668220,0.000001
0.176815,0.823141,0.000044
0.985311,0.014689,0.000000
0.000031,0.000014,0.999955
0.254271,0.745527,0.000202
0.544168,0.455831,0.000001
0.153935,0.731755,0.114310
0.617242,0.381809,0.000949
0.215352,0.781170,0.003478
0.176068,0.581483,0.242449
0.789900,0.059574,0.150526
0.902679,0.049541,0.047781
0.992712,0.007288,0.000000
0.996462,0.003537,0.000000
0.520646,0.479353,0.000000
0.425693,0.574300,0.000007
0.986089,0.013911,0.000000
0.185327,0.803524,0.011148
0.003598,0.984133,0.012269
0.990330,0.009669,0.000000
0.509080,0.250228,0.240693
0.973642,0.026352,0.000006
0.917538,0.082461,0.000000
0.216063,0.783899,0.000038
0.528799,0.116404,0.354797
0.004856,0.127743,0.867401
0.893316,0.055785,0.050898
0.710689,0.268736,0.020575
0.439028,0.549520,0.011452
0.005867,0.118580,0.875553
0.822010,0.173363,0.004627
0.011509,0.632520,0.355971
0.043236,0.101943,0.854821
0.000813,0.999122,0.000065
0.176765,0.597007,0.226228
0.955266,0.044304,0.000430
0.005033,0.963170,0.031797
0.970538,0.029460,0.000002
0.919509,0.072659,0.007833
0.649210,0.309402,0.041388
0.364600,0.635382,0.000018
0.942596,0.057404,0.000000
0.989792,0.010208,0.000000
0.011521,0.448951,0.539528
0.997218,0.002782,0.000000
0.280995,0.718891,0.000113
0.012881,0.043437,0.943682
0.997003,0.002997,0.000000
0.994272,0.005728,0.000000
0.392314,0.585068,0.022618
0.947161,0.052136,0.000703
0.038549,0.345201,0.616250
0.000425,0.000095,0.999479
0.663319,0.336680,0.000001
0.908830,0.090592,0.000577
0.242167,0.757771,0.000062
0.004711,0.024888,0.970401
0.002938,0.975334,0.021728
0.319007,0.680725,0.000269
0.023802,0.062026,0.914172
0.740692,0.242710,0.016599
0.016218,0.100688,0.883094
0.015653,0.179181,0.805166
0.223496,0.717594,0.058910
0.973406,0.026594,0.000000
0.021903,0.625273,0.352824
0.002678,0.001943,0.995379
0.797357,0.202140,0.000503
0.370902,0.629098,0.000000
0.429488,0.531685,0.038827
0.984978,0.015015,0.000007
0.992152,0.007848,0.000000
0.920768,0.079230,0.000002
0.007518,0.051107,0.941376
0.631385,0.346915,0.021701
0.046747,0.257828,0.695425
0.769363,0.225410,0.005227
0.429361,0.568843,0.001795
0.333675,0.662242,0.004083
0.958995,0.041005,0.000000
0.971415,0.028560,0.000025
0.965024,0.034976,0.000000
0.996711,0.003289,0.000000
0.002347,0.014237,0.983416
0.991372,0.008628,0.000000
0.000708,0.000178,0.999113
0.916809,0.083190,0.000001
0.979858,0.020142,0.000000
0.736513,0.262171,0.001315
0.708241,0.269247,0.022512
0.059432,0.691040,0.249528
0.456919,0.116046,0.427035
0.878325,0.121672,0.000003
0.985370,0.014630,0.000000
0.114593,0.821514,0.063893
0.511234,0.380284,0.108482
0.952532,0.047468,0.000000
0.010231,0.302496,0.687273
0.027203,0.614787,0.358010
0.011109,0.029273,0.959618
0.974956,0.024904,0.000140
0.031455,0.566978,0.401567
0.030385,0.350194,0.619421
0.151648,0.691289,0.157064
0.945202,0.054798,0.000000
0.891807,0.108123,0.000070
0.995881,0.004119,0.000000
0.464357,0.535070,0.000573
0.128620,0.837852,0.033528
0.493988,0.506012,0.000000
0.001542,0.998362,0.000096
0.036247,0.146372,0.817381
0.003173,0.046223,0.950604
0.990628,0.009318,0.000054
0.034378,0.465903,0.499719
0.014269,0.046730,0.939000
0.014160,0.499247,0.486592
0.351294,0.640176,0.008530
0.008745,0.012197,0.979058
0.057585,0.579020,0.363395
0.024046,0.489361,0.486594
0.308384,0.264596,0.427020
0.008333,0.068849,0.922818
0.673126,0.243367,0.083508
0.050645,0.134729,0.814626
0.114504,0.671483,0.214014
0.018598,0.514022,0.467380
0.096317,0.900029,0.003654
0.325583,0.674411,0.000006
0.488138,0.511862,0.000000
0.517756,0.482235,0.000009
0.001088,0.993879,0.005033
0.295133,0.701799,0.003068
0.474064,0.525936,0.000000
0.989018,0.010982,0.000000
0.251455,0.748514,0.000032
0.007805,0.032423,0.959772
0.982863,0.016965,0.000172
0.990023,0.009977,0.000000
0.996570,0.003430,0.000000
0.000935,0.999032,0.000033
0.994003,0.005997,0.000000
0.991963,0.008037,0.000000
0.097473,0.652170,0.250356
0.976688,0.023312,0.000000
0.989841,0.010159,0.000000
0.996877,0.003123,0.000000
0.448635,0.551360,0.000006
0.524630,0.475265,0.000104
0.215757,0.784235,0.000008
0.003570,0.578354,0.418076
0.981149,0.013384,0.005466
