0.022688,0.073326,0.025862,0.057680,0.566654,0.036144,0.051713,0.094027,0.028806,0.043099
0.017374,0.110531,0.060444,0.063236,0.060831,0.080109,0.067173,0.014544,0.468225,0.057532
0.090697,0.109249,0.109594,0.116361,0.104021,0.154979,0.109814,0.025222,0.055412,0.124651
0.069847,0.130614,0.090818,0.105362,0.147964,0.078093,0.141870,0.095288,0.078723,0.061421
0.043607,0.102596,0.106936,0.120904,0.106670,0.133205,0.092479,0.098300,0.117951,0.077351
0.053059,0.109875,0.035496,0.127509,0.109469,0.198107,0.138507,0.130497,0.060546,0.036936
0.024281,0.051487,0.027100,0.053767,0.535801,0.081558,0.065344,0.079747,0.039139,0.041776
0.048280,0.096077,0.097940,0.088400,0.090933,0.137439,0.212240,0.094038,0.045616,0.089036
0.047999,0.136469,0.071479,0.102398,0.116175,0.207214,0.134400,0.062134,0.041027,0.080705
0.042925,0.103650,0.039138,0.118012,0.137572,0.144864,0.110200,0.113458,0.072853,0.117329
0.105143,0.106440,0.126115,0.123788,0.123050,0.060422,0.130103,0.115795,0.047750,0.061395
0.024100,0.066956,0.280133,0.058506,0.219696,0.084399,0.061159,0.081138,0.078885,0.045028
0.031189,0.122954,0.077487,0.137067,0.130608,0.184503,0.138699,0.033414,0.054555,0.089522
0.023612,0.068608,0.328440,0.082067,0.263248,0.037899,0.064943,0.017829,0.041728,0.071626
0.038047,0.109594,0.118066,0.119868,0.124746,0.060391,0.128861,0.117876,0.084616,0.097934
0.057693,0.128016,0.051246,0.091451,0.175208,0.076650,0.127718,0.082780,0.065777,0.143461
0.021365,0.049625,0.240966,0.075336,0.367484,0.030999,0.069129,0.018317,0.057884,0.068895
0.083981,0.118008,0.046553,0.078281,0.133958,0.181281,0.139642,0.127306,0.049452,0.041539
0.049195,0.102744,0.110457,0.095328,0.105072,0.157529,0.110734,0.105506,0.065182,0.098252
0.060436,0.095404,0.104732,0.096173,0.106424,0.142908,0.106929,0.094019,0.081280,0.111695
0.029700,0.126178,0.254504,0.074360,0.072135,0.092636,0.170083,0.076896,0.061442,0.042068
0.044807,0.120327,0.040512,0.092102,0.119731,0.228316,0.107519,0.140824,0.043965,0.061898
0.042858,0.078493,0.043385,0.044162,0.487380,0.101999,0.063310,0.073373,0.024773,0.040266
0.034239,0.070884,0.310767,0.063126,0.088362,0.123998,0.086164,0.088990,0.066494,0.066977
0.024323,0.082528,0.046442,0.069536,0.368402,0.097002,0.083205,0.099173,0.030773,0.098615
0.051711,0.071604,0.302099,0.059256,0.241313,0.076715,0.050118,0.070431,0.026005,0.050748
0.030494,0.101554,0.102667,0.104890,0.102229,0.145984,0.105572,0.098616,0.103417,0.104576
0.033981,0.112413,0.121460,0.109817,0.108748,0.158308,0.122914,0.114658,0.049206,0.068497
0.028072,0.080642,0.347680,0.062905,0.093193,0.138236,0.094902,0.067803,0.037287,0.049279
0.031654,0.100555,0.119736,0.108988,0.207462,0.062711,0.117385,0.111652,0.044454,0.095403
0.084510,0.167771,0.101480,0.088336,0.099343,0.119054,0.109424,0.091820,0.045215,0.093047
0.036855,0.084458,0.320796,0.066947,0.082106,0.123458,0.060783,0.098339,0.050263,0.075997
0.039505,0.095288,0.099589,0.101257,0.086594,0.130585,0.214252,0.064042,0.125122,0.043767
0.085759,0.101041,0.041029,0.079251,0.124563,0.235852,0.130779,0.088163,0.050676,0.062888
0.041893,0.080732,0.312926,0.085233,0.095799,0.097301,0.132092,0.055099,0.047712,0.051212
0.022701,0.071716,0.249414,0.079715,0.268585,0.121946,0.079863,0.045177,0.028892,0.031991
0.032564,0.084784,0.289178,0.074468,0.077795,0.113900,0.094186,0.091213,0.047193,0.094720
0.028125,0.076065,0.300972,0.085822,0.205440,0.100036,0.075638,0.017469,0.035635,0.074800
0.062479,0.067614,0.235142,0.067748,0.179781,0.104184,0.124880,0.068764,0.027867,0.061540
0.035506,0.058368,0.404492,0.082573,0.099806,0.045447,0.060188,0.124597,0.038683,0.050340
0.038159,0.100206,0.105973,0.108543,0.165835,0.147050,0.112767,0.100836,0.051044,0.069586
0.038867,0.079401,0.294509,0.079676,0.082872,0.099389,0.171053,0.048976,0.035214,0.070043
0.044959,0.083377,0.399578,0.079040,0.089419,0.051204,0.094187,0.021653,0.060541,0.076042
0.025770,0.088178,0.095546,0.095260,0.142737,0.112931,0.209802,0.057847,0.081285,0.090644
0.043782,0.111870,0.039416,0.096287,0.126093,0.186919,0.131302,0.144544,0.043375,0.076413
0.058216,0.102473,0.111072,0.102879,0.133444,0.146225,0.104428,0.101569,0.069754,0.069940
0.045548,0.109651,0.106429,0.072177,0.252396,0.053926,0.116995,0.096091,0.037588,0.109199
0.101573,0.102329,0.109582,0.103840,0.107563,0.109677,0.113864,0.105234,0.047548,0.098790
0.037339,0.082845,0.353878,0.094623,0.101351,0.048468,0.102845,0.086633,0.040537,0.051481
0.022148,0.118837,0.237720,0.073427,0.149589,0.102264,0.174772,0.064690,0.028863,0.027689
0.054439,0.101451,0.073950,0.147283,0.105100,0.069282,0.158200,0.128006,0.050396,0.111893
0.020802,0.075841,0.320803,0.082208,0.084323,0.103751,0.088380,0.085474,0.063773,0.074645
0.072347,0.154071,0.087198,0.084677,0.074150,0.118050,0.207944,0.082015,0.036296,0.083253
0.034542,0.087502,0.396868,0.079187,0.076111,0.045431,0.079221,0.070474,0.046593,0.084071
0.036711,0.135607,0.040812,0.139005,0.141433,0.072960,0.113207,0.035994,0.178403,0.105867
0.024487,0.068785,0.045933,0.058760,0.548908,0.040004,0.096561,0.023518,0.031693,0.061352
0.030208,0.120750,0.298596,0.077520,0.085796,0.130572,0.091994,0.082086,0.038538,0.043941
0.028837,0.066288,0.400755,0.074234,0.126871,0.046644,0.058486,0.117294,0.040273,0.040318
0.080548,0.119254,0.101150,0.116066,0.102628,0.141940,0.085562,0.096943,0.091484,0.064426
0.045719,0.086799,0.337230,0.081794,0.092055,0.110853,0.099515,0.021696,0.041952,0.082386
0.046919,0.108828,0.108485,0.093810,0.207891,0.054783,0.149589,0.096423,0.051413,0.081859
0.026893,0.058226,0.253086,0.068265,0.382131,0.033742,0.050902,0.039655,0.032669,0.054431
0.038450,0.074261,0.296492,0.081937,0.099455,0.120584,0.101741,0.049093,0.038904,0.099083
0.050111,0.106497,0.044258,0.139290,0.120333,0.180968,0.116155,0.063125,0.070086,0.109177
0.029058,0.066888,0.227973,0.066319,0.339918,0.096041,0.090724,0.019638,0.027514,0.035926
0.035098,0.201066,0.100680,0.085831,0.095506,0.120825,0.102519,0.087503,0.084596,0.086376
0.041164,0.109536,0.045109,0.139864,0.131449,0.135503,0.109289,0.140853,0.047356,0.099876
0.028330,0.143381,0.033335,0.112363,0.116914,0.206963,0.133029,0.055702,0.063076,0.106907
0.016850,0.073223,0.308735,0.054343,0.325356,0.040066,0.076821,0.017708,0.025363,0.061536
0.030648,0.111269,0.042882,0.112953,0.118585,0.161726,0.130806,0.101490,0.115081,0.074560
0.035537,0.081479,0.038794,0.059130,0.427303,0.049202,0.062562,0.121499,0.040747,0.083746
0.019033,0.050420,0.021062,0.057546,0.513943,0.128885,0.062790,0.074000,0.030665,0.041656
0.040520,0.102807,0.037155,0.137027,0.131235,0.214826,0.114247,0.133326,0.050475,0.038384
0.040861,0.138850,0.047900,0.128397,0.113639,0.066372,0.099960,0.173118,0.110633,0.080270
0.047039,0.094675,0.040473,0.151532,0.102702,0.242208,0.114203,0.105803,0.050140,0.051226
0.035575,0.090130,0.106281,0.108328,0.153174,0.135115,0.100988,0.096247,0.079498,0.094663
0.049568,0.196902,0.106444,0.105130,0.106502,0.104870,0.108810,0.107259,0.047589,0.066925
0.040060,0.088543,0.285666,0.082853,0.085603,0.113975,0.094612,0.088313,0.042275,0.078100
0.043568,0.140307,0.079914,0.064591,0.189900,0.107414,0.177262,0.077467,0.033864,0.085713
0.033037,0.074262,0.029457,0.079131,0.402719,0.109457,0.073433,0.020750,0.093951,0.083802
0.103947,0.100333,0.109081,0.097565,0.215417,0.129761,0.114766,0.024639,0.060230,0.044261
0.039259,0.082687,0.335978,0.084144,0.085211,0.115110,0.094466,0.022079,0.057278,0.083788
0.061975,0.106296,0.108927,0.101837,0.102975,0.146046,0.103637,0.108051,0.053655,0.106600
0.028018,0.231768,0.107193,0.111969,0.114116,0.100354,0.103449,0.026272,0.061092,0.115770
0.030577,0.099202,0.070397,0.110976,0.115253,0.191532,0.141493,0.120349,0.043189,0.077034
0.084586,0.152834,0.097673,0.092150,0.095068,0.058764,0.190595,0.097614,0.039834,0.090884
0.055860,0.112895,0.113214,0.124252,0.105866,0.108199,0.107667,0.103276,0.097844,0.070927
0.042874,0.105512,0.074016,0.082060,0.122277,0.132864,0.164370,0.125057,0.068680,0.082290
0.033183,0.129295,0.038110,0.104716,0.135405,0.141402,0.143381,0.066515,0.128194,0.079800
0.017568,0.048375,0.020181,0.075162,0.566668,0.118355,0.070697,0.035013,0.026386,0.021594
0.049407,0.162505,0.099849,0.096024,0.098292,0.126676,0.098444,0.099269,0.079901,0.089632
0.032519,0.062772,0.309925,0.071484,0.095501,0.149876,0.080330,0.100732,0.047188,0.049673
0.033782,0.068683,0.034795,0.104221,0.437162,0.039821,0.077293,0.118765,0.033835,0.051643
0.066515,0.174968,0.076814,0.075497,0.075459,0.105155,0.205442,0.068532,0.075590,0.076028
0.020150,0.100572,0.259449,0.077009,0.182172,0.117831,0.078743,0.081451,0.053884,0.028739
0.060233,0.109949,0.112055,0.118626,0.100690,0.155148,0.124299,0.024895,0.093032,0.101074
0.050441,0.090134,0.327186,0.106936,0.087077,0.121164,0.092595,0.023244,0.064732,0.036491
0.020547,0.141185,0.292301,0.077949,0.080713,0.102453,0.086622,0.075672,0.040687,0.081872
0.026610,0.171425,0.097783,0.108296,0.093081,0.120522,0.109770,0.087633,0.084710,0.100170
0.034164,0.107127,0.110760,0.108077,0.103430,0.153690,0.109787,0.069901,0.101431,0.101633
0.046611,0.182923,0.076484,0.090547,0.154856,0.096345,0.211045,0.018735,0.046831,0.075623
0.086464,0.151487,0.095134,0.094925,0.146745,0.127342,0.089535,0.083999,0.038423,0.085946
0.029898,0.079807,0.340834,0.084168,0.088942,0.111255,0.080034,0.085127,0.033081,0.066855
0.045711,0.142354,0.268855,0.082216,0.074933,0.112038,0.066605,0.074726,0.060874,0.071686
0.040739,0.045323,0.229507,0.054346,0.427728,0.027570,0.040263,0.052329,0.025864,0.056331
0.093325,0.112849,0.099220,0.093926,0.093036,0.141657,0.102701,0.096065,0.057249,0.109972
0.035468,0.064255,0.057130,0.116004,0.340163,0.053796,0.079847,0.133920,0.048958,0.070459
0.042316,0.109382,0.254441,0.093291,0.086901,0.111872,0.145146,0.023439,0.070124,0.063088
0.049381,0.116172,0.076379,0.148104,0.126006,0.178882,0.122301,0.072909,0.062837,0.047030
0.039154,0.057960,0.038319,0.052286,0.521505,0.091582,0.043870,0.064872,0.025693,0.064760
0.028105,0.060500,0.274846,0.061921,0.322435,0.031294,0.074495,0.070324,0.027182,0.048898
0.039450,0.129102,0.296859,0.069218,0.075939,0.097914,0.081091,0.071717,0.069288,0.069421
0.041167,0.089006,0.044144,0.091670,0.124579,0.213855,0.129629,0.127654,0.067189,0.071107
0.028253,0.052603,0.039859,0.061128,0.542997,0.100512,0.063491,0.046474,0.024314,0.040370
0.031824,0.059048,0.384410,0.067501,0.104144,0.043235,0.101336,0.119446,0.040729,0.048327
0.038343,0.074712,0.308208,0.077030,0.084734,0.100724,0.088226,0.077046,0.064801,0.086177
0.056001,0.105805,0.131874,0.108510,0.192817,0.062450,0.120712,0.068831,0.038150,0.114849
0.061881,0.112236,0.131613,0.123001,0.127617,0.064262,0.136238,0.076500,0.057163,0.109490
0.062246,0.112107,0.134633,0.143673,0.129582,0.075540,0.110197,0.030883,0.078268,0.122869
0.085489,0.184877,0.112560,0.130360,0.125498,0.080961,0.122769,0.026261,0.055960,0.075266
0.050294,0.107461,0.111245,0.112191,0.102682,0.132495,0.109321,0.100929,0.101457,0.071926
0.088912,0.098232,0.102301,0.106525,0.093435,0.143595,0.103217,0.096359,0.095167,0.072257
0.030857,0.079734,0.279704,0.076057,0.086389,0.122341,0.087890,0.083294,0.080741,0.072993
0.029661,0.098012,0.103273,0.114408,0.108208,0.126623,0.105001,0.104508,0.096604,0.113702
0.098980,0.087009,0.095866,0.110861,0.094386,0.117535,0.234518,0.022745,0.048277,0.089822
0.032911,0.120349,0.122201,0.115887,0.138558,0.066974,0.158592,0.121366,0.058906,0.064257
0.021209,0.067060,0.044330,0.064939,0.568676,0.036919,0.090344,0.022243,0.025955,0.058326
0.023645,0.056641,0.032279,0.065381,0.555733,0.036885,0.073797,0.079432,0.028628,0.047579
0.081880,0.088299,0.091064,0.071283,0.096420,0.114174,0.192768,0.094557,0.067861,0.101695
0.032182,0.072531,0.442665,0.067511,0.073476,0.047173,0.109972,0.042858,0.036577,0.075055
0.021798,0.082627,0.026022,0.088810,0.513815,0.096606,0.082779,0.024189,0.035600,0.027754
0.031984,0.076752,0.041930,0.066647,0.485748,0.088989,0.063200,0.074999,0.038350,0.031401
0.046881,0.092680,0.094610,0.086554,0.085713,0.126200,0.209529,0.089356,0.079051,0.089425
0.058588,0.072504,0.351174,0.097532,0.089566,0.044503,0.089105,0.085316,0.084093,0.027619
0.052065,0.119182,0.128628,0.114720,0.127813,0.060237,0.130572,0.116796,0.053911,0.096076
0.026856,0.088548,0.390457,0.083318,0.088566,0.051967,0.107778,0.029968,0.056992,0.075550
0.032881,0.094062,0.044619,0.060691,0.324533,0.050221,0.119760,0.143165,0.046152,0.083916
0.063817,0.127974,0.038130,0.096040,0.108168,0.137779,0.169547,0.117321,0.033518,0.107708
0.027351,0.136900,0.073086,0.066562,0.076822,0.101507,0.202342,0.070487,0.177527,0.067417
0.050805,0.117453,0.104903,0.099219,0.137610,0.151497,0.084307,0.098414,0.095569,0.060223
0.046496,0.076971,0.369239,0.082375,0.099283,0.051034,0.068441,0.112235,0.060099,0.033826
0.051423,0.147742,0.033685,0.099219,0.112010,0.152173,0.146072,0.128435,0.059946,0.069295
0.034565,0.114166,0.114088,0.104092,0.257164,0.057224,0.100934,0.107660,0.051315,0.058794
0.029452,0.066743,0.246368,0.065204,0.167430,0.100085,0.131691,0.069298,0.060757,0.062974
0.046114,0.088730,0.284590,0.089447,0.085525,0.136626,0.141684,0.023358,0.056483,0.047445
0.032379,0.067749,0.257823,0.066019,0.200540,0.097493,0.076913,0.079808,0.050350,0.070926
0.046104,0.114418,0.038818,0.136007,0.108025,0.187458,0.131525,0.139200,0.048482,0.049963
0.042603,0.085452,0.400046,0.086334,0.079557,0.048661,0.103267,0.021611,0.041061,0.091408
0.041468,0.085911,0.076902,0.118613,0.154628,0.065419,0.097534,0.192249,0.049683,0.117592
0.057085,0.122200,0.136570,0.123084,0.131161,0.059063,0.131463,0.125643,0.049591,0.064141
0.036036,0.103494,0.106873,0.091992,0.149741,0.142615,0.111459,0.104119,0.060990,0.092682
0.099297,0.103743,0.107720,0.101271,0.160239,0.131227,0.113008,0.023421,0.050065,0.110009
0.028759,0.099926,0.063624,0.127172,0.106695,0.136043,0.118336,0.111532,0.101464,0.106449
0.052261,0.086676,0.096218,0.089710,0.174742,0.126804,0.219802,0.021055,0.052924,0.079808
0.016843,0.125416,0.259427,0.070528,0.066903,0.100951,0.193992,0.071320,0.028267,0.066352
0.027413,0.054058,0.041246,0.064891,0.509994,0.125286,0.063744,0.038019,0.030081,0.045270
0.040342,0.083400,0.319514,0.065115,0.105978,0.138309,0.070314,0.072411,0.035340,0.069276
0.021257,0.077512,0.262451,0.071738,0.320547,0.034702,0.082473,0.068681,0.026560,0.034079
0.054310,0.107672,0.110447,0.110188,0.114826,0.147933,0.089121,0.104730,0.063357,0.097417
0.040606,0.080238,0.373565,0.078903,0.090283,0.042128,0.111982,0.087855,0.030430,0.064009
0.065641,0.107545,0.105116,0.101838,0.102343,0.130924,0.088164,0.099168,0.093807,0.105455
0.024598,0.093188,0.099312,0.094848,0.163865,0.132760,0.226473,0.021169,0.043825,0.099962
0.055967,0.120322,0.138474,0.124555,0.121494,0.068133,0.119963,0.124264,0.054191,0.072637
0.065222,0.108177,0.119920,0.120512,0.108504,0.134381,0.116892,0.025650,0.097431,0.103310
0.072245,0.081449,0.098340,0.088748,0.145004,0.116752,0.193446,0.056364,0.053772,0.093880
0.018145,0.059006,0.037008,0.049984,0.517696,0.103403,0.062662,0.064497,0.025724,0.061875
0.019785,0.122775,0.216288,0.079364,0.171501,0.099460,0.145790,0.042393,0.057079,0.045564
0.029374,0.125246,0.250142,0.066083,0.064103,0.105134,0.168241,0.064388,0.060028,0.067260
0.043592,0.090974,0.112160,0.102971,0.160970,0.139922,0.102543,0.113682,0.045660,0.087526
0.050583,0.120177,0.128966,0.092407,0.134514,0.062989,0.098688,0.137768,0.048527,0.125382
0.032952,0.116588,0.073268,0.115743,0.135518,0.139058,0.111575,0.126464,0.064660,0.084174
0.040614,0.101327,0.056090,0.176767,0.123890,0.069776,0.119224,0.082635,0.127821,0.101856
0.028854,0.062501,0.045296,0.063803,0.429589,0.138201,0.087984,0.068328,0.047189,0.028255
0.043265,0.097550,0.041135,0.150803,0.142343,0.196822,0.126101,0.067090,0.046087,0.088804
0.017858,0.064663,0.025839,0.061607,0.554647,0.128769,0.050756,0.017995,0.028949,0.048916
0.038871,0.112766,0.260000,0.076298,0.166797,0.106618,0.087914,0.049129,0.032406,0.069201
0.060950,0.145923,0.041938,0.135431,0.106067,0.186458,0.171145,0.028476,0.034888,0.088725
0.050633,0.118574,0.045323,0.102197,0.133283,0.172388,0.121014,0.099061,0.040283,0.117244
0.036196,0.131584,0.049101,0.112904,0.126317,0.147969,0.130151,0.146333,0.054698,0.064745
0.017396,0.069974,0.020796,0.039183,0.578804,0.031245,0.060371,0.085704,0.069620,0.026908
0.108175,0.134825,0.112589,0.108651,0.099413,0.110044,0.113195,0.026001,0.064589,0.122517
0.042653,0.107943,0.366857,0.076741,0.072159,0.041499,0.127587,0.072597,0.030001,0.061963
0.088680,0.094208,0.095734,0.095497,0.090224,0.127866,0.200825,0.081990,0.040230,0.084747
0.038550,0.088874,0.373769,0.076653,0.109163,0.119417,0.081673,0.029570,0.044727,0.037604
0.055943,0.096095,0.116349,0.115705,0.103639,0.136311,0.116805,0.099579,0.048255,0.111319
0.047559,0.104437,0.085708,0.117404,0.181383,0.076175,0.105928,0.086071,0.083925,0.111411
0.047952,0.081286,0.064089,0.088601,0.250680,0.061085,0.116213,0.173747,0.046531,0.069816
0.030635,0.096261,0.112936,0.113636,0.236772,0.055156,0.146641,0.108675,0.058030,0.041259
0.063531,0.117384,0.121049,0.128578,0.121801,0.146406,0.107103,0.028783,0.059818,0.105548
0.075923,0.106853,0.096597,0.091802,0.084725,0.115872,0.219582,0.084760,0.040072,0.083813
0.029446,0.087852,0.090990,0.091455,0.157292,0.126970,0.196478,0.085091,0.047396,0.087029
0.048188,0.126666,0.041890,0.115042,0.131109,0.202543,0.144614,0.074184,0.047214,0.068550
0.034612,0.136112,0.252957,0.076252,0.070566,0.076374,0.183827,0.073487,0.044303,0.051511
0.036200,0.107309,0.041970,0.106235,0.145848,0.193813,0.151525,0.071731,0.079436,0.065935
0.029917,0.052057,0.026880,0.043861,0.484765,0.108043,0.071950,0.046812,0.064824,0.070891
0.049372,0.124070,0.040701,0.100211,0.116275,0.195769,0.129988,0.090750,0.055163,0.097701
0.036090,0.116033,0.126969,0.108730,0.118399,0.059482,0.171053,0.123224,0.096228,0.043793
0.065243,0.107450,0.108679,0.092224,0.234831,0.071828,0.110399,0.025534,0.081486,0.102326
0.024029,0.056447,0.217383,0.056182,0.348945,0.074067,0.072040,0.070950,0.029466,0.050492
0.025600,0.088799,0.094542,0.079651,0.118524,0.110972,0.195400,0.092307,0.094077,0.100130
0.043768,0.069874,0.405950,0.132873,0.082719,0.052795,0.067885,0.054766,0.053506,0.035864
0.041247,0.104677,0.112477,0.123201,0.117388,0.157562,0.118901,0.101091,0.049376,0.074079
0.084639,0.101476,0.099175,0.082859,0.149052,0.129069,0.099313,0.085437,0.087016,0.081965
0.086908,0.110779,0.108963,0.113862,0.105653,0.157300,0.110726,0.026258,0.052984,0.126566
0.031880,0.046135,0.028208,0.048225,0.589949,0.034144,0.065729,0.088210,0.036985,0.030536
0.032934,0.082480,0.267831,0.075321,0.212955,0.133116,0.080981,0.044761,0.028352,0.041268
0.057217,0.098175,0.040870,0.127508,0.123760,0.134154,0.143029,0.149202,0.052938,0.073147
0.030775,0.098105,0.299137,0.078317,0.094633,0.120078,0.106449,0.088009,0.030379,0.054117
0.024094,0.053891,0.038376,0.055579,0.522848,0.098698,0.074228,0.072911,0.029342,0.030033
0.031662,0.103358,0.118225,0.103845,0.287601,0.051899,0.108594,0.102950,0.041709,0.050157
0.060934,0.121720,0.309103,0.096090,0.092550,0.139649,0.070094,0.026933,0.033155,0.049772
0.032412,0.104449,0.274714,0.073458,0.087394,0.091437,0.090008,0.084236,0.079152,0.082739
0.043014,0.149291,0.095240,0.087210,0.218650,0.093533,0.097100,0.096918,0.040000,0.079043
0.087346,0.133950,0.057104,0.152379,0.111882,0.067316,0.163373,0.071136,0.068452,0.087063
0.055393,0.132371,0.074457,0.104725,0.127133,0.064274,0.134390,0.073862,0.058297,0.175098
0.036126,0.128781,0.072619,0.128866,0.112414,0.191557,0.112787,0.106983,0.047484,0.062382
0.050682,0.102088,0.110687,0.102257,0.106343,0.155139,0.109088,0.100445,0.055557,0.107714
0.071485,0.116951,0.070365,0.062691,0.103462,0.095898,0.059249,0.016219,0.371998,0.031682
0.025047,0.085566,0.096850,0.095335,0.083735,0.125923,0.251835,0.023131,0.106176,0.106401
0.063581,0.138044,0.053693,0.118900,0.130696,0.160804,0.119097,0.117804,0.049820,0.047560
0.033009,0.084587,0.303163,0.081757,0.093190,0.119137,0.097476,0.051677,0.041855,0.094150
0.037368,0.112417,0.276287,0.076015,0.172141,0.087092,0.069246,0.068033,0.035258,0.066143
0.020444,0.072269,0.023659,0.046700,0.563721,0.109274,0.072561,0.040246,0.026187,0.024940
0.029044,0.146484,0.074363,0.111770,0.117715,0.177526,0.180844,0.061561,0.047585,0.053107
0.072666,0.112973,0.048345,0.162112,0.166058,0.072385,0.103499,0.045290,0.129183,0.087489
0.050627,0.101078,0.101703,0.101648,0.166031,0.144103,0.105469,0.092771,0.046274,0.090296
0.028993,0.059791,0.199771,0.048181,0.353020,0.100781,0.072935,0.017192,0.082585,0.036750
0.043540,0.120829,0.049093,0.105283,0.126969,0.068844,0.100538,0.196689,0.063664,0.124551
0.063374,0.115774,0.047790,0.161757,0.137867,0.064456,0.123729,0.147534,0.049807,0.087911
0.025401,0.150963,0.092425,0.098500,0.191065,0.118447,0.095183,0.083675,0.087139,0.057201
0.070937,0.081112,0.093108,0.077568,0.141515,0.136486,0.170879,0.094419,0.074240,0.059737
0.038858,0.068993,0.239579,0.074922,0.173957,0.087978,0.141099,0.042876,0.066157,0.065580
0.024125,0.051200,0.218109,0.047479,0.404249,0.085556,0.051828,0.066789,0.022685,0.027980
0.037450,0.100941,0.067644,0.110510,0.128174,0.141057,0.121439,0.130062,0.109586,0.053137
0.034728,0.101426,0.047414,0.102491,0.126326,0.190493,0.129482,0.130899,0.074812,0.061929
0.064083,0.068983,0.297424,0.076045,0.180494,0.098054,0.057879,0.076178,0.052282,0.028578
0.026327,0.099464,0.103238,0.095686,0.092014,0.095372,0.223053,0.091418,0.084486,0.088943
0.056035,0.087912,0.094883,0.080645,0.144656,0.090408,0.195656,0.085564,0.076784,0.087458
0.027988,0.053112,0.304060,0.062378,0.304894,0.033395,0.064000,0.069343,0.032651,0.048178
0.032043,0.112667,0.113347,0.109289,0.115638,0.143785,0.118027,0.106598,0.048236,0.100370
0.030748,0.118708,0.069439,0.128099,0.124561,0.129614,0.149197,0.122594,0.040180,0.086861
0.037909,0.108327,0.107657,0.103590,0.117403,0.149382,0.111917,0.097347,0.099865,0.066602
0.038846,0.102853,0.101475,0.097220,0.198543,0.148745,0.109216,0.023786,0.076486,0.102830
0.029135,0.131957,0.068715,0.121603,0.108871,0.159977,0.077390,0.125998,0.064555,0.111800
0.021208,0.065292,0.024888,0.074349,0.574538,0.035359,0.084666,0.022029,0.045209,0.052463
0.042519,0.124327,0.307186,0.079661,0.079505,0.084768,0.086837,0.082770,0.039499,0.072928
0.098566,0.102050,0.107660,0.122252,0.135703,0.108539,0.086513,0.102289,0.044316,0.092112
0.045145,0.125770,0.078521,0.116589,0.133187,0.194323,0.137586,0.033424,0.043373,0.092082
0.017728,0.131267,0.267577,0.064265,0.066539,0.101712,0.179775,0.070479,0.036906,0.063751
0.046487,0.102483,0.100040,0.099698,0.180984,0.136921,0.102971,0.092594,0.048794,0.089028
0.033560,0.104083,0.121747,0.091965,0.219898,0.061438,0.130249,0.070702,0.048887,0.117470
0.047821,0.126875,0.057063,0.123167,0.143082,0.072364,0.183965,0.041865,0.084110,0.119688
0.025530,0.059634,0.024099,0.066250,0.526493,0.032168,0.060943,0.096510,0.040242,0.068131
0.051735,0.093518,0.271068,0.090629,0.096457,0.123053,0.101540,0.059108,0.030384,0.082508
0.039568,0.100443,0.111488,0.121232,0.105094,0.054598,0.181565,0.103205,0.095730,0.087077
0.027185,0.113022,0.073050,0.119060,0.107114,0.185696,0.156221,0.028509,0.105326,0.084817
0.074806,0.152133,0.095358,0.091592,0.153382,0.137957,0.079164,0.086763,0.044031,0.084814
0.037758,0.150010,0.096423,0.111220,0.172484,0.136840,0.099325,0.100515,0.053095,0.042331
0.034990,0.104074,0.377850,0.091880,0.086399,0.042292,0.062785,0.098998,0.056896,0.043836
0.018971,0.108144,0.283459,0.078151,0.210796,0.116249,0.064566,0.019307,0.040878,0.059479
0.067844,0.113080,0.046314,0.088355,0.139258,0.155725,0.099687,0.077005,0.057376,0.155357
0.025810,0.074480,0.022007,0.049866,0.529660,0.107852,0.061858,0.065668,0.034754,0.028046
0.025940,0.082672,0.029661,0.073253,0.502132,0.112292,0.078629,0.021427,0.032366,0.041629
0.038474,0.110191,0.120265,0.089040,0.124085,0.062634,0.115808,0.120252,0.114529,0.104722
0.053866,0.110424,0.219777,0.058704,0.184814,0.074137,0.142288,0.057957,0.047013,0.051021
0.022417,0.144566,0.083805,0.078705,0.179504,0.099668,0.182989,0.082547,0.073180,0.052618
0.021232,0.063400,0.023019,0.053934,0.521817,0.113505,0.080244,0.059550,0.024101,0.039197
0.057415,0.155086,0.101349,0.095806,0.135506,0.138668,0.103358,0.086982,0.039604,0.086226
0.034810,0.063995,0.295365,0.081920,0.095315,0.144056,0.099549,0.096074,0.035051,0.053865
0.063062,0.167730,0.103958,0.096837,0.103086,0.050814,0.159604,0.103234,0.070904,0.080772
0.053073,0.169501,0.099140,0.094146,0.097970,0.137596,0.106928,0.088417,0.061983,0.091245
0.023740,0.052670,0.022496,0.077379,0.566275,0.079277,0.058137,0.057726,0.029463,0.032838
0.024850,0.076508,0.302670,0.057537,0.270308,0.039808,0.097517,0.071088,0.029360,0.030354
0.052232,0.108927,0.098336,0.110350,0.148234,0.135976,0.102393,0.093159,0.041957,0.108437
0.023963,0.067615,0.041554,0.064149,0.471585,0.110603,0.069379,0.070542,0.032521,0.048088
0.032763,0.122217,0.124798,0.107906,0.254864,0.070445,0.122586,0.027480,0.060007,0.076933
0.027549,0.076232,0.411264,0.073982,0.056764,0.047430,0.079635,0.118405,0.037760,0.070978
0.031000,0.126538,0.254843,0.066669,0.071841,0.090372,0.192309,0.074929,0.028530,0.062969
0.032479,0.083576,0.284313,0.100480,0.082921,0.116853,0.088993,0.093436,0.039083,0.077867
0.027314,0.092623,0.099099,0.108873,0.179051,0.122100,0.208059,0.022093,0.050144,0.090644
0.028360,0.062767,0.391382,0.049092,0.171233,0.045605,0.078533,0.060354,0.041966,0.070708
0.042503,0.086929,0.054500,0.101416,0.114367,0.067438,0.127010,0.181916,0.056284,0.167639
0.046947,0.099538,0.106973,0.093140,0.168897,0.129914,0.109514,0.095074,0.053381,0.096621
0.038612,0.149529,0.092400,0.098249,0.189312,0.122597,0.093779,0.090729,0.045042,0.079752
0.070019,0.101147,0.119701,0.116365,0.136925,0.060138,0.135094,0.117783,0.044811,0.098017
0.024939,0.082330,0.306130,0.081547,0.192812,0.121125,0.082368,0.020366,0.032092,0.056290
0.056333,0.127078,0.050459,0.104851,0.144262,0.150810,0.117543,0.071030,0.057451,0.120182
0.054915,0.108324,0.105762,0.092734,0.096342,0.144448,0.106810,0.107197,0.087284,0.096182
0.021283,0.086957,0.322447,0.094977,0.075929,0.133709,0.165493,0.021942,0.042412,0.034850
0.034184,0.069011,0.313588,0.074467,0.185953,0.083309,0.090122,0.019565,0.076223,0.053578
0.070457,0.110902,0.101711,0.103325,0.140753,0.138827,0.104137,0.094838,0.044341,0.090709
0.032548,0.058587,0.221848,0.073346,0.322987,0.106403,0.058087,0.070227,0.023299,0.032670
0.054281,0.098367,0.364008,0.077100,0.081180,0.039828,0.105161,0.079007,0.028916,0.072152
0.071433,0.090191,0.104383,0.094585,0.171515,0.107571,0.109586,0.100965,0.056692,0.093079
0.030356,0.065327,0.272923,0.080862,0.183487,0.090639,0.073399,0.069228,0.065338,0.068441
0.055671,0.122476,0.045532,0.105207,0.107019,0.223992,0.116501,0.131133,0.051964,0.040506
0.035837,0.075319,0.325113,0.082775,0.085460,0.112765,0.091460,0.085771,0.034407,0.071093
0.033757,0.114000,0.126149,0.130573,0.129728,0.065113,0.137289,0.127111,0.064142,0.072136
0.058712,0.091116,0.095467,0.098349,0.099882,0.117055,0.203082,0.088417,0.042515,0.105405
0.074547,0.078383,0.305239,0.080494,0.086555,0.114141,0.091533,0.083360,0.039779,0.045970
0.016525,0.050822,0.228371,0.068154,0.426431,0.028337,0.042926,0.054950,0.022500,0.060984
0.096329,0.102040,0.103483,0.097566,0.111205,0.141109,0.107894,0.101390,0.044838,0.094146
0.026420,0.113332,0.099417,0.119623,0.260165,0.051130,0.154932,0.098525,0.040537,0.035919
0.052380,0.092388,0.112019,0.103243,0.104151,0.145290,0.103168,0.096233,0.084548,0.106580
0.048758,0.107997,0.110900,0.103285,0.109466,0.150479,0.111871,0.097614,0.050717,0.108913
0.016803,0.049847,0.194264,0.050815,0.406406,0.099300,0.066561,0.059279,0.026886,0.029840
0.066403,0.132080,0.049715,0.142875,0.135196,0.075666,0.106388,0.082463,0.145390,0.063824
0.047865,0.135905,0.121315,0.086821,0.127972,0.060821,0.133358,0.114981,0.061321,0.109643
0.021542,0.079113,0.260545,0.072578,0.200031,0.104520,0.076531,0.080107,0.031451,0.073580
0.041559,0.131174,0.274921,0.095014,0.078914,0.084222,0.087144,0.080069,0.033891,0.093092
0.030158,0.099948,0.069532,0.109793,0.123670,0.129143,0.119535,0.118126,0.111634,0.088463
0.051181,0.089140,0.293247,0.077202,0.084273,0.116270,0.077133,0.046977,0.076877,0.087700
0.023340,0.063044,0.024121,0.090085,0.529902,0.079376,0.051324,0.085016,0.029107,0.024685
0.054071,0.136726,0.057346,0.162117,0.158205,0.077175,0.152253,0.044587,0.048124,0.109397
0.043665,0.065871,0.021531,0.062948,0.504274,0.134160,0.050938,0.019055,0.029476,0.068082
0.048723,0.106855,0.107464,0.102036,0.178104,0.126501,0.087193,0.100229,0.044948,0.097947
0.031429,0.074984,0.246348,0.070294,0.194853,0.089392,0.124748,0.066382,0.047953,0.053617
0.019728,0.053660,0.237773,0.060990,0.347129,0.077016,0.074335,0.036892,0.026278,0.066200
0.034758,0.092357,0.333513,0.084276,0.089454,0.111627,0.092062,0.080252,0.033635,0.048065
0.036431,0.101892,0.103852,0.096052,0.173460,0.136885,0.106041,0.092963,0.052047,0.100377
0.047172,0.130728,0.136306,0.117252,0.128507,0.058269,0.092050,0.111224,0.059773,0.118719
0.044773,0.110796,0.118754,0.111393,0.123676,0.135540,0.125400,0.105639,0.046199,0.077831
0.108071,0.096323,0.113284,0.102385,0.095861,0.130655,0.108572,0.025262,0.117217,0.102370
0.022872,0.076425,0.381560,0.074073,0.094382,0.062872,0.117255,0.024377,0.062431,0.083753
0.095670,0.148675,0.119212,0.103500,0.105932,0.057840,0.114956,0.105706,0.041706,0.106801
0.039008,0.094709,0.064818,0.107084,0.119447,0.150820,0.126532,0.081424,0.103454,0.112704
0.053873,0.219726,0.102675,0.099381,0.107799,0.128582,0.112170,0.025185,0.050421,0.100188
0.014214,0.079629,0.188562,0.036792,0.371827,0.077628,0.101078,0.058319,0.035486,0.036464
0.036741,0.067701,0.287846,0.089606,0.073950,0.100312,0.164425,0.075271,0.031393,0.072755
0.060206,0.099755,0.048814,0.149505,0.122855,0.188703,0.089360,0.068904,0.054943,0.116956
0.095731,0.114335,0.111353,0.115775,0.119337,0.151841,0.095026,0.102422,0.045744,0.048438
0.056176,0.093070,0.045644,0.074737,0.131238,0.225511,0.136764,0.080800,0.046386,0.109674
0.024889,0.060852,0.266679,0.042889,0.370585,0.031495,0.061824,0.076871,0.040485,0.023430
0.054803,0.058494,0.249345,0.065631,0.213509,0.062699,0.124538,0.061854,0.054143,0.054983
0.022352,0.061696,0.024773,0.055728,0.523863,0.122722,0.064780,0.072935,0.023791,0.027361
0.034251,0.067068,0.030343,0.072916,0.453919,0.087871,0.060269,0.074920,0.031931,0.086510
0.057873,0.100391,0.047051,0.110768,0.135423,0.188742,0.137435,0.083845,0.049333,0.089138
0.059499,0.104489,0.111432,0.106719,0.095849,0.153509,0.103669,0.025616,0.119133,0.120086
0.028315,0.079864,0.388995,0.091533,0.089266,0.043608,0.086541,0.086613,0.042678,0.062587
0.027219,0.094316,0.096262,0.095409,0.106712,0.144643,0.190713,0.088931,0.065008,0.090787
0.044911,0.110249,0.077604,0.128915,0.155427,0.072555,0.139456,0.110470,0.076736,0.083677
0.066935,0.146905,0.246936,0.068788,0.067821,0.099345,0.163975,0.043169,0.067369,0.028757
0.032388,0.101378,0.043921,0.108230,0.112959,0.214646,0.102782,0.136214,0.066424,0.081057
0.045465,0.095694,0.101624,0.095027,0.101408,0.119935,0.211064,0.099603,0.040725,0.089455
0.022179,0.066938,0.040166,0.071321,0.474706,0.080145,0.067604,0.073097,0.039232,0.064612
0.049006,0.113962,0.043685,0.075816,0.126241,0.164064,0.117841,0.128283,0.056843,0.124259
0.089124,0.131046,0.085447,0.153148,0.134278,0.073019,0.107445,0.044231,0.088317,0.093946
0.051472,0.090852,0.092752,0.102777,0.104101,0.115375,0.247015,0.024659,0.074124,0.096873
0.029249,0.176059,0.106353,0.106994,0.155757,0.106213,0.114280,0.096282,0.044668,0.064146
0.047464,0.089436,0.037164,0.127254,0.113201,0.178794,0.116220,0.129133,0.107129,0.054204
0.074223,0.103209,0.108136,0.102532,0.147256,0.133589,0.111143,0.102216,0.052073,0.065622
0.077329,0.114977,0.045724,0.154553,0.125184,0.178640,0.143809,0.030903,0.071146,0.057735
0.045875,0.128272,0.282434,0.055699,0.068354,0.089588,0.175928,0.066067,0.061495,0.026289
0.022023,0.077559,0.262162,0.074972,0.201157,0.108586,0.084023,0.078848,0.041967,0.048703
0.042566,0.132566,0.076564,0.120007,0.129479,0.065170,0.125187,0.162095,0.060912,0.085453
0.039033,0.159024,0.089201,0.085175,0.150329,0.131660,0.096759,0.083209,0.082488,0.083121
0.029922,0.085209,0.347693,0.091818,0.090433,0.052318,0.089288,0.020862,0.096256,0.096200
0.101698,0.176478,0.097970,0.097481,0.086808,0.128254,0.102535,0.023941,0.076535,0.108300
0.023065,0.080784,0.292723,0.069072,0.092325,0.120981,0.090764,0.088773,0.057177,0.084334
0.028106,0.063971,0.277346,0.081482,0.198543,0.094090,0.054275,0.074486,0.067678,0.060022
0.044420,0.086052,0.107236,0.096508,0.164889,0.132454,0.104083,0.097909,0.055132,0.111317
0.024529,0.062826,0.220615,0.068495,0.283649,0.112702,0.066494,0.075246,0.028517,0.056926
0.023157,0.084013,0.286700,0.074969,0.078568,0.100416,0.152977,0.050787,0.069573,0.078840
0.032828,0.089271,0.383288,0.087392,0.090536,0.048949,0.093721,0.049328,0.034433,0.090252
0.050348,0.118246,0.124239,0.151189,0.131554,0.061231,0.130969,0.072519,0.053532,0.106172
0.050246,0.126293,0.054950,0.111993,0.152822,0.062941,0.114351,0.064275,0.090548,0.171581
0.023370,0.077753,0.291275,0.084059,0.085075,0.143899,0.110572,0.070241,0.054574,0.059182
0.022250,0.068305,0.043523,0.090732,0.519329,0.036583,0.064533,0.087273,0.042300,0.025171
0.061914,0.121668,0.144047,0.132644,0.141904,0.083714,0.149599,0.033790,0.076419,0.054302
0.034082,0.110491,0.329009,0.090773,0.102221,0.136228,0.091091,0.025435,0.032903,0.047766
0.016425,0.065445,0.264101,0.056029,0.318089,0.030224,0.070333,0.051598,0.063362,0.064396
0.033825,0.074696,0.284305,0.075772,0.077146,0.111094,0.162327,0.078675,0.031793,0.070365
0.032132,0.103443,0.036525,0.091270,0.115603,0.216626,0.114404,0.124056,0.045009,0.120933
0.043893,0.086392,0.294198,0.094038,0.093673,0.113592,0.096927,0.054688,0.086589,0.036011
0.061289,0.102395,0.107406,0.101823,0.114274,0.132600,0.111593,0.101864,0.047627,0.119130
0.051761,0.097278,0.410108,0.081546,0.076216,0.040204,0.054360,0.086112,0.030994,0.071420
0.021078,0.082816,0.337885,0.083328,0.088250,0.130393,0.088644,0.020792,0.067625,0.079190
0.026698,0.089842,0.098057,0.104704,0.093128,0.129851,0.232723,0.096616,0.045062,0.083319
0.042544,0.123766,0.048948,0.105603,0.135067,0.191837,0.129685,0.035271,0.053938,0.133341
0.042890,0.078612,0.038293,0.124098,0.116081,0.146429,0.117375,0.026822,0.221581,0.087818
0.054801,0.105506,0.122988,0.118603,0.122998,0.125078,0.129493,0.117835,0.053885,0.048812
0.016124,0.069204,0.307357,0.086114,0.225150,0.039632,0.073020,0.017358,0.127028,0.039013
0.051290,0.103557,0.106958,0.105041,0.162838,0.133707,0.173930,0.067370,0.049717,0.045593
0.031629,0.076354,0.405451,0.094013,0.090710,0.049251,0.094850,0.028870,0.039527,0.089344
0.019896,0.068224,0.256448,0.071975,0.186363,0.091248,0.135729,0.072376,0.033611,0.064131
0.046924,0.060675,0.355774,0.072619,0.174454,0.040308,0.093170,0.073384,0.037051,0.045640
0.053728,0.130693,0.043778,0.151717,0.130579,0.069917,0.116909,0.158788,0.051878,0.092013
0.032875,0.111340,0.029268,0.056624,0.454697,0.079589,0.114223,0.021911,0.031834,0.067639
0.023790,0.088507,0.314086,0.086209,0.096187,0.100218,0.111901,0.095799,0.030433,0.052870
0.030319,0.087243,0.320902,0.074434,0.088065,0.112462,0.097797,0.085550,0.050314,0.052912
0.033748,0.128136,0.047395,0.114627,0.120290,0.143517,0.146673,0.142081,0.043821,0.079712
0.048911,0.173204,0.105742,0.106401,0.097688,0.126811,0.107977,0.092745,0.045916,0.094606
0.019447,0.141441,0.082395,0.075755,0.187986,0.093969,0.213541,0.072967,0.033845,0.078654
0.040712,0.104087,0.047531,0.148572,0.150348,0.068626,0.132631,0.173871,0.053867,0.079755
0.055591,0.154404,0.083288,0.082819,0.084469,0.118337,0.188518,0.080464,0.094086,0.058026
0.055622,0.111664,0.114117,0.112461,0.115786,0.128545,0.106737,0.111861,0.046309,0.096898
0.049393,0.168788,0.098940,0.112314,0.096133,0.062121,0.205501,0.059048,0.054642,0.093120
0.029028,0.113669,0.193614,0.055454,0.153254,0.054044,0.063316,0.014508,0.271849,0.051265
0.042875,0.122614,0.120744,0.126332,0.213036,0.069423,0.136282,0.072878,0.048976,0.046840
0.017132,0.049620,0.224488,0.047282,0.408358,0.070274,0.054238,0.068540,0.022303,0.037764
0.022460,0.057130,0.020276,0.039716,0.554776,0.095766,0.052541,0.073912,0.037032,0.046391
0.068212,0.179603,0.097707,0.089588,0.091698,0.139005,0.100399,0.098107,0.041179,0.094501
0.088666,0.162119,0.096147,0.084614,0.092724,0.117861,0.101547,0.093103,0.074559,0.088661
0.034139,0.094010,0.068593,0.108905,0.108267,0.208434,0.122383,0.129029,0.044961,0.081280
0.024562,0.073483,0.313944,0.102817,0.076508,0.099646,0.090853,0.101381,0.031580,0.085227
0.052364,0.083350,0.333445,0.068583,0.085493,0.101451,0.092988,0.100993,0.031278,0.050054
0.044656,0.082320,0.198739,0.052530,0.132195,0.076334,0.056548,0.012789,0.292229,0.051660
0.042941,0.128245,0.066390,0.098878,0.106379,0.149145,0.111795,0.118515,0.104924,0.072788
0.076009,0.112633,0.071700,0.107245,0.128838,0.164267,0.141514,0.032386,0.047309,0.118099
0.053723,0.071432,0.054101,0.073502,0.360870,0.046432,0.092812,0.113517,0.050030,0.083582
0.054839,0.111765,0.100850,0.095151,0.154193,0.122616,0.163742,0.089596,0.045081,0.062168
0.098987,0.107616,0.110733,0.110695,0.109368,0.132304,0.116939,0.026547,0.090154,0.096657
0.020343,0.070512,0.268673,0.070716,0.192326,0.108851,0.138283,0.071441,0.030107,0.028750
0.039308,0.068790,0.304809,0.078699,0.083255,0.118014,0.151297,0.046831,0.037670,0.071326
0.015486,0.052717,0.204020,0.044457,0.419205,0.078424,0.039830,0.058161,0.052087,0.035613
0.068997,0.070282,0.245919,0.081995,0.063874,0.093788,0.079584,0.017538,0.247641,0.030381
0.033476,0.079836,0.381913,0.096936,0.105671,0.046357,0.115361,0.028733,0.052521,0.059196
0.041243,0.114618,0.044226,0.144628,0.129200,0.173141,0.124098,0.127410,0.050250,0.051187
0.084987,0.103933,0.112542,0.105304,0.108114,0.159299,0.113837,0.066716,0.047554,0.097714
0.037972,0.142964,0.138301,0.136979,0.161724,0.077749,0.138374,0.032312,0.052641,0.080983
0.077966,0.124595,0.046040,0.134002,0.145421,0.071074,0.150261,0.040753,0.147568,0.062321
0.044599,0.081837,0.057840,0.102522,0.108371,0.074275,0.163053,0.181416,0.059270,0.126818
0.031190,0.072792,0.285538,0.072328,0.194334,0.095475,0.080211,0.070840,0.033805,0.063487
0.053820,0.133734,0.047861,0.152095,0.134390,0.148177,0.090060,0.115897,0.068548,0.055418
0.046766,0.107993,0.124369,0.108947,0.123607,0.064365,0.130225,0.122543,0.044961,0.126224
0.069399,0.137120,0.076476,0.070926,0.170752,0.089321,0.177616,0.071988,0.071855,0.064545
0.094359,0.169165,0.103391,0.092064,0.104944,0.103144,0.111397,0.107637,0.054874,0.059024
0.044623,0.098637,0.382064,0.075485,0.099333,0.057343,0.102277,0.024153,0.083182,0.032903
0.065083,0.154496,0.093271,0.092732,0.186804,0.111248,0.091277,0.080425,0.036677,0.087987
0.055120,0.102848,0.100829,0.117158,0.202118,0.123449,0.102130,0.023697,0.054866,0.117785
0.053672,0.105124,0.038315,0.119767,0.135354,0.139116,0.105922,0.062444,0.117741,0.122546
0.050148,0.101984,0.103104,0.084490,0.179167,0.099092,0.102272,0.097312,0.093477,0.088955
0.031371,0.076462,0.295620,0.082356,0.085720,0.145698,0.123169,0.097001,0.031585,0.031017
0.044348,0.083565,0.269511,0.087656,0.083697,0.115907,0.090445,0.083789,0.064578,0.076505
0.057972,0.131707,0.042063,0.119612,0.131043,0.204574,0.102331,0.100254,0.053921,0.056524
0.043715,0.168138,0.051483,0.164846,0.181557,0.079387,0.138530,0.047416,0.071169,0.053759
0.035220,0.074552,0.291836,0.089625,0.084391,0.109820,0.081454,0.073975,0.071042,0.088085
0.043282,0.059381,0.062189,0.077649,0.393124,0.053463,0.077390,0.143711,0.048954,0.040856
0.032561,0.162574,0.270902,0.072457,0.060871,0.103471,0.169232,0.019206,0.032524,0.076202
0.090573,0.132227,0.109542,0.109306,0.114775,0.055895,0.114415,0.118820,0.049155,0.105291
0.038178,0.123869,0.128248,0.118846,0.237596,0.057958,0.127166,0.068058,0.056601,0.043479
0.018476,0.127888,0.276543,0.067568,0.064982,0.089998,0.172723,0.065621,0.053546,0.062656
0.030338,0.058809,0.039140,0.064833,0.502570,0.080033,0.079116,0.083328,0.030530,0.031302
0.037396,0.104296,0.043180,0.114703,0.146867,0.200442,0.117383,0.072243,0.078266,0.085225
