0.046083,0.027791,0.042691,0.023587,0.454771,0.079159,0.226666,0.018901,0.028020,0.052331
0.064221,0.364964,0.036149,0.029096,0.044694,0.043964,0.044053,0.072596,0.271902,0.028359
0.152591,0.072305,0.076371,0.122581,0.093094,0.118453,0.102767,0.023075,0.109198,0.129565
0.100289,0.111604,0.049091,0.149055,0.099330,0.053427,0.178602,0.113112,0.100933,0.044558
0.065969,0.072794,0.080229,0.111960,0.105977,0.123288,0.106664,0.086239,0.131207,0.115674
0.057980,0.122351,0.032287,0.092571,0.066911,0.160792,0.273987,0.108109,0.055986,0.029025
0.026523,0.069761,0.092487,0.062389,0.481752,0.062170,0.062072,0.042338,0.044567,0.055942
0.089834,0.090023,0.078736,0.048524,0.050634,0.120538,0.338626,0.065463,0.071208,0.046413
0.042238,0.243725,0.055764,0.097362,0.046622,0.238667,0.103676,0.064898,0.037833,0.069215
0.035696,0.106347,0.022877,0.147652,0.047166,0.111449,0.241444,0.131646,0.048410,0.107313
0.108602,0.131084,0.121218,0.125417,0.084522,0.039996,0.144396,0.076976,0.067790,0.099998
0.057344,0.097355,0.321884,0.075189,0.070131,0.077577,0.083351,0.066310,0.049426,0.101432
0.018252,0.154433,0.079843,0.132404,0.066519,0.178749,0.171760,0.023598,0.062497,0.111944
0.035941,0.114773,0.271202,0.056398,0.101287,0.217180,0.057769,0.065766,0.044526,0.035157
0.048190,0.073002,0.124061,0.127515,0.118109,0.036572,0.123375,0.130717,0.092886,0.125571
0.081073,0.213209,0.028566,0.101606,0.108531,0.038580,0.112369,0.077818,0.084022,0.154226
0.029132,0.039925,0.313519,0.031572,0.286391,0.087953,0.028972,0.033579,0.118906,0.030051
0.105363,0.148755,0.041635,0.103160,0.061019,0.185567,0.149654,0.101060,0.074683,0.029103
0.068935,0.121501,0.112705,0.073630,0.102896,0.150791,0.108531,0.085747,0.081758,0.093506
0.113410,0.080314,0.104788,0.107402,0.092101,0.128814,0.097953,0.081130,0.081144,0.112944
0.068397,0.322772,0.079572,0.045474,0.025875,0.031882,0.277263,0.028461,0.065767,0.054537
0.071170,0.139980,0.030104,0.109605,0.086542,0.195149,0.108926,0.111268,0.053959,0.093298
0.028674,0.280926,0.104913,0.025620,0.396058,0.037973,0.027901,0.032441,0.021452,0.044041
0.072601,0.101313,0.234566,0.081428,0.050528,0.097498,0.081597,0.071037,0.114864,0.094568
0.022353,0.116130,0.102542,0.087287,0.371842,0.068005,0.094821,0.059597,0.036920,0.040501
0.065457,0.109897,0.307909,0.072138,0.122691,0.067722,0.074276,0.046434,0.056999,0.076476
0.043347,0.092471,0.088101,0.095205,0.084033,0.144682,0.102941,0.099734,0.144043,0.105443
0.040689,0.117452,0.116324,0.095450,0.074888,0.128447,0.119166,0.129912,0.080317,0.097355
0.037741,0.098133,0.353438,0.075630,0.057679,0.110719,0.090829,0.051995,0.044295,0.079540
0.044691,0.221793,0.078539,0.104183,0.094772,0.046445,0.115893,0.117245,0.052275,0.124163
0.077411,0.256945,0.082378,0.090012,0.062975,0.095753,0.101431,0.079197,0.090286,0.063611
0.035206,0.109127,0.274431,0.090858,0.081159,0.113716,0.081720,0.065488,0.063796,0.084499
0.054911,0.055079,0.084093,0.086408,0.037721,0.108856,0.332032,0.066705,0.135064,0.039131
0.109833,0.069702,0.029267,0.103695,0.085394,0.199918,0.166461,0.069274,0.067398,0.099058
0.060878,0.097644,0.252415,0.033464,0.064629,0.070864,0.191494,0.067214,0.063592,0.097806
0.026765,0.087392,0.329850,0.055182,0.226550,0.089853,0.056125,0.030140,0.049761,0.048381
0.054858,0.133710,0.266233,0.086544,0.056826,0.105381,0.097438,0.065603,0.078661,0.054746
0.069044,0.109708,0.247722,0.090617,0.079535,0.098428,0.093051,0.075290,0.075030,0.061575
0.065795,0.075274,0.217338,0.076928,0.051766,0.077293,0.203518,0.058510,0.075740,0.097838
0.045538,0.085014,0.497052,0.070367,0.023674,0.066815,0.051286,0.071107,0.044885,0.044262
0.060721,0.077998,0.085259,0.134408,0.082949,0.132169,0.134225,0.107273,0.071903,0.113096
0.051132,0.087342,0.165791,0.084388,0.064607,0.075820,0.205511,0.064968,0.104234,0.096207
0.051819,0.096669,0.314551,0.090794,0.063890,0.079211,0.082827,0.035069,0.119239,0.065930
0.049514,0.085330,0.096290,0.097286,0.048282,0.084140,0.332932,0.062174,0.046273,0.097779
0.055330,0.171284,0.024139,0.125283,0.051823,0.188335,0.137988,0.123940,0.038250,0.083627
0.077022,0.093825,0.119230,0.123061,0.053491,0.149589,0.100889,0.102568,0.082925,0.097401
0.052102,0.123568,0.081015,0.081037,0.071459,0.046203,0.282470,0.081833,0.061341,0.118972
0.102888,0.091952,0.087723,0.121798,0.098665,0.111073,0.116469,0.101380,0.079296,0.088754
0.028886,0.127138,0.393919,0.034705,0.075733,0.065083,0.088466,0.067816,0.057944,0.060310
0.046535,0.280946,0.113802,0.062270,0.031829,0.046635,0.303970,0.035791,0.056655,0.021567
0.074208,0.076591,0.047693,0.180321,0.115019,0.038841,0.179647,0.102703,0.052566,0.132412
0.050080,0.098670,0.247276,0.079581,0.086426,0.097609,0.091746,0.079073,0.111219,0.058320
0.032754,0.326645,0.057275,0.036173,0.016869,0.049032,0.368263,0.020636,0.044918,0.047435
0.049997,0.127066,0.409432,0.063364,0.021503,0.063486,0.056771,0.076167,0.058401,0.073814
0.057337,0.081160,0.041388,0.045513,0.067868,0.057403,0.307463,0.041916,0.226529,0.073421
0.011238,0.241691,0.127170,0.022822,0.398203,0.068405,0.033079,0.042523,0.023166,0.031703
0.056796,0.215714,0.217005,0.071439,0.054310,0.093266,0.065794,0.081720,0.062914,0.081043
0.021036,0.050124,0.516349,0.041772,0.166035,0.060140,0.035405,0.048608,0.027127,0.033404
0.082871,0.131010,0.082691,0.106909,0.107385,0.142464,0.096946,0.093068,0.067502,0.089154
0.067395,0.097885,0.214614,0.090077,0.077725,0.082003,0.089999,0.048990,0.126583,0.104730
0.050563,0.120363,0.106223,0.098359,0.068656,0.038527,0.276818,0.071534,0.070168,0.098790
0.032540,0.036043,0.450075,0.032564,0.268949,0.083761,0.030245,0.020429,0.022147,0.023247
0.033580,0.094781,0.302421,0.092800,0.089718,0.111092,0.104532,0.053699,0.059139,0.058237
0.055529,0.096791,0.042045,0.133321,0.112835,0.184832,0.106509,0.077123,0.084198,0.106816
0.021146,0.035949,0.278932,0.026727,0.251309,0.065130,0.177899,0.046602,0.047472,0.048834
0.061041,0.287448,0.116688,0.057623,0.069442,0.105537,0.093055,0.091023,0.061505,0.056639
0.063097,0.183857,0.033692,0.112144,0.101584,0.119659,0.092309,0.128042,0.056156,0.109459
0.031624,0.295851,0.017827,0.042253,0.027414,0.157833,0.307863,0.039385,0.050607,0.029342
0.031966,0.173258,0.232388,0.048666,0.134035,0.167357,0.049584,0.065529,0.051297,0.045919
0.035023,0.130234,0.031213,0.054704,0.062398,0.147875,0.255646,0.129795,0.057904,0.095208
0.032764,0.259827,0.038213,0.018344,0.483096,0.048692,0.022327,0.037083,0.025188,0.034466
0.054497,0.055234,0.074755,0.066427,0.375263,0.107046,0.041793,0.026187,0.145084,0.053714
0.042293,0.109322,0.032573,0.135431,0.123009,0.210400,0.126432,0.115906,0.073527,0.031107
0.021076,0.182169,0.024603,0.121220,0.101609,0.030986,0.239570,0.129297,0.061674,0.087796
0.068389,0.113735,0.026507,0.098643,0.094120,0.250810,0.095180,0.116678,0.071989,0.063949
0.051577,0.122547,0.093285,0.124482,0.076175,0.138040,0.108675,0.095600,0.091673,0.097946
0.085395,0.349586,0.062890,0.056794,0.077335,0.069547,0.065922,0.085557,0.078257,0.068716
0.066748,0.091259,0.250566,0.104206,0.059049,0.102712,0.098505,0.062337,0.081694,0.082924
0.068265,0.349089,0.049562,0.030417,0.018107,0.054488,0.328324,0.040581,0.020878,0.040288
0.036983,0.035852,0.103823,0.069915,0.265607,0.138597,0.063943,0.062545,0.176145,0.046591
0.130156,0.090702,0.116272,0.124344,0.073467,0.131190,0.149700,0.032121,0.106098,0.045951
0.103302,0.109520,0.226322,0.047916,0.063357,0.099851,0.127937,0.053552,0.075267,0.092975
0.121571,0.097894,0.101338,0.108186,0.070299,0.135615,0.085574,0.107660,0.079862,0.092001
0.029075,0.364377,0.100855,0.102071,0.072018,0.079988,0.068411,0.027890,0.074787,0.080527
0.022863,0.063918,0.066644,0.128603,0.051335,0.140927,0.302442,0.063774,0.059740,0.099753
0.044073,0.308510,0.046702,0.058521,0.030367,0.016620,0.375120,0.060086,0.027053,0.032947
0.066850,0.106651,0.112465,0.119905,0.101986,0.113522,0.105413,0.097392,0.080052,0.095764
0.037993,0.067262,0.057417,0.095646,0.054198,0.100296,0.329158,0.086579,0.072781,0.098670
0.040465,0.179599,0.025168,0.141892,0.059716,0.132327,0.147660,0.080404,0.074095,0.118674
0.052447,0.028715,0.092809,0.036243,0.417014,0.104461,0.047763,0.041518,0.144010,0.035021
0.066683,0.249399,0.088214,0.072712,0.067372,0.110903,0.079501,0.068220,0.078873,0.118123
0.063346,0.117424,0.230506,0.092901,0.070736,0.153188,0.067510,0.080211,0.052968,0.071209
0.053739,0.037057,0.076714,0.036555,0.519119,0.084083,0.048234,0.061608,0.039185,0.043707
0.034976,0.370976,0.036189,0.045165,0.023638,0.033753,0.333868,0.022285,0.066904,0.032246
0.066643,0.218079,0.218781,0.091015,0.066913,0.103979,0.066745,0.067941,0.063770,0.036134
0.107717,0.104356,0.117500,0.122156,0.085949,0.146304,0.126337,0.023908,0.073424,0.092348
0.079540,0.083695,0.244692,0.116737,0.075354,0.117452,0.114996,0.040431,0.085564,0.041538
0.068620,0.179664,0.146108,0.093091,0.084492,0.085372,0.084201,0.067046,0.076958,0.114447
0.048070,0.263384,0.080474,0.090716,0.076278,0.088628,0.105080,0.081224,0.052086,0.114059
0.039550,0.128029,0.091081,0.129119,0.079033,0.129410,0.108360,0.086359,0.081882,0.127178
0.038255,0.379987,0.038946,0.037209,0.022014,0.038735,0.334549,0.026703,0.026669,0.056933
0.069489,0.293885,0.094206,0.098771,0.038193,0.118854,0.065752,0.052518,0.067332,0.100999
0.058405,0.100886,0.264081,0.101496,0.054022,0.097846,0.091272,0.055570,0.073822,0.102600
0.122607,0.182970,0.170472,0.088972,0.041355,0.084233,0.079010,0.054638,0.117111,0.058632
0.045690,0.147759,0.260020,0.022287,0.099779,0.179670,0.054639,0.067474,0.096688,0.025992
0.096027,0.130750,0.081859,0.088452,0.074639,0.138173,0.108632,0.079651,0.076263,0.125554
0.014447,0.185060,0.078932,0.027491,0.429824,0.051304,0.037389,0.061282,0.066539,0.047733
0.098268,0.214929,0.144978,0.049219,0.046529,0.059717,0.246958,0.034557,0.034916,0.069929
0.046152,0.139946,0.066128,0.136885,0.097726,0.180756,0.130365,0.091043,0.073740,0.037258
0.033214,0.296167,0.161382,0.035222,0.295826,0.048884,0.035998,0.036548,0.034477,0.022282
0.027723,0.040574,0.338518,0.053310,0.252575,0.116764,0.048030,0.028253,0.032153,0.062099
0.121682,0.192125,0.172001,0.043270,0.052862,0.092226,0.106552,0.057117,0.049662,0.112502
0.058049,0.111458,0.039926,0.104461,0.047088,0.226679,0.117111,0.100558,0.107727,0.086943
0.015846,0.034470,0.115000,0.044907,0.356346,0.038259,0.305523,0.028697,0.026508,0.034444
0.020758,0.035664,0.459192,0.082193,0.070962,0.065949,0.087223,0.080065,0.044140,0.053854
0.100262,0.056503,0.235105,0.090975,0.074504,0.084046,0.088721,0.057983,0.111894,0.100008
0.115997,0.091170,0.126691,0.130266,0.112392,0.042968,0.142274,0.085915,0.039032,0.113295
0.069077,0.136946,0.124110,0.070200,0.091385,0.044389,0.149295,0.088725,0.068527,0.157347
0.070780,0.149595,0.102523,0.144682,0.102711,0.047207,0.126270,0.024255,0.104142,0.127835
0.087011,0.330611,0.069402,0.095100,0.086298,0.036468,0.110726,0.029178,0.053943,0.101264
0.083710,0.101774,0.107118,0.107434,0.073887,0.103513,0.100073,0.088715,0.132665,0.101112
0.089179,0.111267,0.074290,0.106830,0.062915,0.131498,0.093860,0.086619,0.126346,0.117195
0.058039,0.098964,0.254341,0.046261,0.084274,0.103169,0.108266,0.075220,0.057694,0.113772
0.058474,0.075612,0.078892,0.114067,0.105638,0.116251,0.112471,0.100219,0.107644,0.130731
0.091600,0.091848,0.072070,0.078135,0.084963,0.078815,0.340637,0.025186,0.082924,0.053822
0.029310,0.096345,0.080866,0.113932,0.092746,0.035225,0.302010,0.082778,0.074703,0.092085
0.015741,0.283181,0.102033,0.017501,0.419484,0.049607,0.024470,0.038315,0.021368,0.028299
0.023505,0.041982,0.062651,0.053393,0.596662,0.069895,0.039243,0.042685,0.033130,0.036856
0.065749,0.075303,0.069636,0.074960,0.070304,0.085288,0.321614,0.074865,0.064617,0.097663
0.025920,0.079131,0.544711,0.055374,0.024806,0.069519,0.078839,0.029604,0.035917,0.056180
0.027494,0.068037,0.056446,0.037356,0.324331,0.061145,0.288507,0.062410,0.054104,0.020169
0.019189,0.314894,0.133786,0.044315,0.253795,0.069105,0.025001,0.025688,0.083864,0.030364
0.067227,0.072120,0.106862,0.056828,0.058184,0.124283,0.307260,0.052866,0.047367,0.107002
0.066642,0.077870,0.412236,0.071655,0.056811,0.077852,0.129409,0.038752,0.035095,0.033677
0.052474,0.222617,0.083025,0.113138,0.087933,0.036415,0.116341,0.122412,0.070988,0.094658
0.022807,0.040298,0.364215,0.092823,0.069181,0.081855,0.113036,0.033809,0.088775,0.093201
0.032558,0.129662,0.072834,0.053585,0.306718,0.070981,0.095268,0.089665,0.072968,0.075761
0.049765,0.285142,0.020409,0.056612,0.025499,0.135009,0.286155,0.043540,0.022175,0.075693
0.029523,0.348822,0.027141,0.013811,0.023507,0.050190,0.358053,0.018098,0.116824,0.014031
0.070629,0.140760,0.107800,0.096489,0.064014,0.153132,0.100792,0.100059,0.081878,0.084446
0.037456,0.073163,0.488904,0.061875,0.056817,0.061984,0.060930,0.043273,0.087877,0.027721
0.036749,0.305519,0.014234,0.046220,0.049126,0.049544,0.365026,0.042993,0.038618,0.051973
0.060539,0.160611,0.088471,0.134692,0.095200,0.070152,0.110644,0.100874,0.068371,0.110447
0.089401,0.044771,0.193326,0.037331,0.062390,0.112165,0.218495,0.062179,0.119569,0.060372
0.063239,0.055282,0.201916,0.073132,0.041108,0.154171,0.220493,0.036059,0.068796,0.085803
0.053502,0.059045,0.278455,0.093268,0.094941,0.097011,0.111074,0.083318,0.074205,0.055179
0.075951,0.135191,0.033396,0.097327,0.110241,0.200810,0.133608,0.106527,0.037935,0.069014
0.125978,0.056485,0.269065,0.051722,0.041414,0.190089,0.107917,0.065891,0.054629,0.036809
0.035392,0.058240,0.057945,0.115932,0.100663,0.033929,0.266440,0.158320,0.036481,0.136658
0.063806,0.146630,0.100969,0.136320,0.076681,0.039183,0.125823,0.142692,0.069959,0.097938
0.062115,0.117752,0.112005,0.075646,0.063258,0.147464,0.128621,0.135998,0.079528,0.077612
0.113550,0.107127,0.108303,0.090758,0.061517,0.124569,0.131462,0.029265,0.096305,0.137145
0.031516,0.099820,0.056057,0.142365,0.069868,0.199297,0.141184,0.117119,0.065001,0.077774
0.065128,0.045177,0.103515,0.056800,0.052798,0.122537,0.331797,0.034283,0.078552,0.109413
0.058972,0.275988,0.055993,0.056047,0.023414,0.055930,0.309745,0.036041,0.068048,0.059822
0.050448,0.196008,0.102716,0.052748,0.370753,0.103360,0.034356,0.023989,0.028099,0.037523
0.078142,0.059892,0.317245,0.082982,0.050073,0.146884,0.090100,0.059539,0.038843,0.076300
0.017994,0.051804,0.446535,0.032946,0.203992,0.094465,0.032968,0.036858,0.041927,0.040509
0.072220,0.107838,0.112267,0.122868,0.100954,0.147065,0.099667,0.073050,0.081830,0.082243
0.039474,0.060493,0.408453,0.059148,0.049556,0.090015,0.131373,0.027481,0.048930,0.085076
0.115392,0.101532,0.085129,0.114628,0.083994,0.119219,0.100475,0.099451,0.074458,0.105722
0.044463,0.073215,0.104742,0.067861,0.039943,0.127493,0.337619,0.036706,0.090153,0.077803
0.065473,0.140749,0.132128,0.141081,0.092823,0.032322,0.112952,0.106146,0.066569,0.109757
0.083678,0.080797,0.119506,0.135185,0.118827,0.119003,0.121484,0.022870,0.101590,0.097059
0.067289,0.091176,0.101970,0.060285,0.042661,0.092437,0.333123,0.063642,0.069121,0.078295
0.043324,0.045458,0.175220,0.040506,0.281356,0.058480,0.267844,0.028769,0.034400,0.024644
0.039011,0.301944,0.109089,0.037926,0.023130,0.038978,0.249301,0.039209,0.090877,0.070536
0.036535,0.328497,0.093736,0.023787,0.018851,0.059534,0.285402,0.035218,0.080387,0.038053
0.054997,0.120588,0.088881,0.120870,0.073535,0.144685,0.102745,0.118406,0.057131,0.118162
0.081023,0.128526,0.133596,0.120870,0.072446,0.042247,0.117649,0.111249,0.070322,0.122071
0.020780,0.087908,0.062557,0.117766,0.093551,0.109237,0.262268,0.093623,0.046924,0.105387
0.022478,0.070541,0.035517,0.122953,0.109223,0.031563,0.340771,0.076060,0.049198,0.141695
0.022120,0.066040,0.105228,0.051046,0.435307,0.098743,0.059697,0.071378,0.071475,0.018966
0.037051,0.067904,0.029998,0.118574,0.108666,0.215850,0.158631,0.078151,0.047328,0.137846
0.062553,0.037100,0.128844,0.064269,0.320137,0.124258,0.056933,0.088332,0.066082,0.051493
0.047157,0.231717,0.234512,0.034550,0.070734,0.076399,0.089847,0.058877,0.066131,0.090077
0.064577,0.300843,0.027929,0.063693,0.034474,0.084449,0.315377,0.026227,0.040067,0.042364
0.039349,0.140659,0.029721,0.113993,0.071593,0.114229,0.234133,0.102781,0.040314,0.113229
0.024962,0.186733,0.045051,0.138819,0.069285,0.123844,0.161166,0.112275,0.047829,0.090036
0.026186,0.321718,0.025611,0.013019,0.248160,0.046997,0.262425,0.021731,0.017399,0.016754
0.109960,0.148877,0.081722,0.123854,0.071483,0.108203,0.108954,0.022171,0.080400,0.144376
0.046654,0.195924,0.177187,0.049941,0.027297,0.083913,0.246981,0.034545,0.055975,0.081583
0.076290,0.075770,0.104962,0.107016,0.060470,0.083217,0.296555,0.056537,0.076087,0.063096
0.036642,0.123499,0.349951,0.093452,0.052179,0.097555,0.100311,0.031665,0.087938,0.026809
0.062920,0.117624,0.117934,0.117382,0.073283,0.120223,0.125270,0.082811,0.075242,0.107311
0.026543,0.089050,0.049328,0.144648,0.134720,0.045343,0.124178,0.087726,0.118915,0.179548
0.073068,0.081967,0.081175,0.084187,0.228572,0.065140,0.127718,0.116070,0.047241,0.094862
0.028219,0.110401,0.120620,0.081854,0.101741,0.046661,0.329434,0.081448,0.069770,0.029852
0.110410,0.124674,0.087604,0.126118,0.086085,0.117040,0.110300,0.023573,0.092904,0.121292
0.063803,0.093654,0.099174,0.060524,0.043003,0.073268,0.337287,0.068088,0.067043,0.094155
0.059107,0.079357,0.097066,0.085114,0.038604,0.110399,0.345357,0.053342,0.055491,0.076164
0.091338,0.073083,0.022017,0.102396,0.091014,0.147638,0.272211,0.066448,0.051798,0.082056
0.079751,0.275620,0.089299,0.047178,0.018948,0.038885,0.315777,0.024346,0.044102,0.066092
0.024429,0.081757,0.027635,0.129174,0.063417,0.180134,0.163531,0.090064,0.140308,0.099551
0.031068,0.029881,0.079078,0.047914,0.469612,0.104841,0.085572,0.044859,0.027878,0.079297
0.079123,0.142029,0.026837,0.114113,0.108853,0.177310,0.157791,0.070181,0.038505,0.085258
0.041835,0.071880,0.109035,0.098009,0.067797,0.029076,0.340829,0.082241,0.131167,0.028131
0.131279,0.094996,0.097616,0.111154,0.096846,0.071188,0.120154,0.035713,0.098338,0.142718
0.019586,0.028089,0.315360,0.045511,0.285872,0.082708,0.053699,0.031550,0.074434,0.063192
0.065331,0.058598,0.091395,0.077958,0.032478,0.079843,0.315548,0.070851,0.114241,0.093756
0.031336,0.040006,0.502233,0.081635,0.066328,0.071772,0.067078,0.043732,0.072208,0.023671
0.058028,0.109869,0.107532,0.102331,0.095038,0.139813,0.115443,0.083324,0.080855,0.107769
0.098396,0.134999,0.106592,0.077548,0.087002,0.118031,0.109852,0.090542,0.083900,0.093138
0.145930,0.075261,0.081785,0.122969,0.097078,0.126329,0.104969,0.023151,0.088616,0.133913
0.023432,0.223120,0.059090,0.023217,0.483021,0.073095,0.026917,0.024798,0.034633,0.028677
0.049731,0.085359,0.322450,0.057855,0.197218,0.087607,0.072279,0.031693,0.041406,0.054401
0.064620,0.075189,0.030740,0.068690,0.079199,0.230305,0.154980,0.133938,0.050284,0.112056
0.055605,0.260498,0.144090,0.056756,0.045405,0.072412,0.244152,0.047720,0.033977,0.039385
0.034187,0.029440,0.188078,0.056154,0.412918,0.074988,0.054600,0.036067,0.047868,0.065700
0.043912,0.236325,0.100803,0.094887,0.118086,0.057877,0.113875,0.116071,0.045099,0.073065
0.067810,0.219319,0.213614,0.082140,0.032607,0.147419,0.074671,0.034117,0.039001,0.089302
0.030378,0.142268,0.235019,0.085773,0.046147,0.096666,0.100761,0.085862,0.051884,0.125244
0.046591,0.326740,0.098749,0.091403,0.049582,0.082842,0.075702,0.082009,0.048008,0.098374
0.110595,0.150952,0.054732,0.166527,0.107211,0.044956,0.167425,0.053560,0.054188,0.089854
0.074295,0.177872,0.055284,0.139234,0.099366,0.048670,0.213739,0.053620,0.062844,0.075077
0.030376,0.192449,0.058505,0.063474,0.106003,0.194760,0.107676,0.132550,0.038388,0.075819
0.071066,0.071881,0.111205,0.085440,0.114233,0.143522,0.110359,0.100363,0.086306,0.105627
0.064357,0.229929,0.061162,0.028407,0.032505,0.080526,0.066018,0.100461,0.307303,0.029332
0.069782,0.038400,0.095888,0.086555,0.058771,0.110884,0.286580,0.033156,0.116442,0.103543
0.054220,0.211459,0.041667,0.154083,0.071435,0.130532,0.118531,0.135585,0.051543,0.030944
0.058420,0.094043,0.276759,0.039822,0.075614,0.118248,0.090130,0.069287,0.074572,0.103104
0.123002,0.160286,0.189295,0.080582,0.075237,0.079697,0.072884,0.052525,0.063650,0.102843
0.023110,0.037570,0.040975,0.026973,0.456694,0.037254,0.307022,0.022607,0.031518,0.016277
0.022788,0.287701,0.044596,0.059904,0.046199,0.057764,0.385432,0.028074,0.030631,0.036910
0.083807,0.169592,0.034378,0.135881,0.150684,0.048488,0.126291,0.034624,0.108066,0.108190
0.076078,0.104434,0.110299,0.129496,0.054657,0.149221,0.114065,0.095797,0.070761,0.095192
0.072139,0.055291,0.267484,0.042084,0.169260,0.075873,0.053670,0.051054,0.152537,0.060608
0.046870,0.117148,0.031415,0.113894,0.122924,0.039663,0.122898,0.167173,0.086059,0.151957
0.070517,0.096281,0.030879,0.194684,0.118333,0.036857,0.147842,0.129782,0.056253,0.118572
0.053148,0.311282,0.074491,0.091003,0.047510,0.093254,0.074197,0.057782,0.122741,0.074591
0.064896,0.089798,0.067075,0.077071,0.038856,0.114084,0.291624,0.098354,0.066201,0.092040
0.130346,0.056583,0.207643,0.101255,0.055110,0.081682,0.208376,0.066161,0.046724,0.046122
0.054930,0.019421,0.230313,0.032638,0.355600,0.034541,0.178914,0.019441,0.033735,0.040468
0.034228,0.072857,0.053640,0.135052,0.063404,0.224349,0.161861,0.116339,0.061645,0.076624
0.035649,0.111913,0.039904,0.118047,0.063333,0.174605,0.158425,0.090329,0.123611,0.084184
0.088427,0.067282,0.260987,0.077285,0.102614,0.122428,0.096275,0.065236,0.077436,0.042030
0.052303,0.081174,0.116828,0.098420,0.066663,0.092813,0.302899,0.083409,0.054650,0.050842
0.127196,0.089150,0.096334,0.044394,0.036144,0.080362,0.315499,0.061193,0.082476,0.067252
0.027969,0.056432,0.286841,0.023458,0.134628,0.162175,0.134871,0.035495,0.085605,0.052527
0.041115,0.114707,0.092536,0.095096,0.120127,0.127797,0.117137,0.097477,0.072045,0.121962
0.031483,0.167178,0.066275,0.105456,0.048734,0.112489,0.205165,0.106236,0.032099,0.124885
0.056480,0.109455,0.085036,0.084041,0.103464,0.146945,0.108455,0.076297,0.140626,0.089201
0.080266,0.090768,0.103674,0.121914,0.073163,0.167692,0.138255,0.031586,0.102887,0.089795
0.035252,0.206210,0.072884,0.088965,0.047085,0.155546,0.081177,0.109619,0.069473,0.133790
0.030556,0.033776,0.052216,0.060759,0.496399,0.087480,0.076125,0.067576,0.041364,0.053750
0.117752,0.187248,0.200367,0.090318,0.044427,0.077664,0.102966,0.050464,0.064758,0.064035
0.101760,0.120164,0.110805,0.116044,0.057017,0.110254,0.099560,0.092725,0.073481,0.118192
0.089195,0.114895,0.080923,0.106042,0.056498,0.154899,0.213047,0.027335,0.051831,0.105335
0.028602,0.285800,0.082282,0.024334,0.042865,0.053702,0.323085,0.067988,0.055548,0.035793
0.085546,0.109304,0.091693,0.109893,0.069625,0.146746,0.121590,0.110716,0.072664,0.082224
0.036986,0.114870,0.112221,0.095777,0.056496,0.067679,0.277400,0.076267,0.067694,0.094612
0.029952,0.159794,0.054283,0.123741,0.096309,0.045543,0.209935,0.029098,0.120618,0.130727
0.028301,0.035277,0.067768,0.049133,0.524826,0.112233,0.046056,0.045436,0.036356,0.054615
0.115604,0.092689,0.255605,0.088039,0.046138,0.087479,0.099481,0.069181,0.051437,0.094347
0.052537,0.088797,0.114947,0.098854,0.059754,0.029282,0.289429,0.110780,0.049971,0.105649
0.035685,0.118400,0.086547,0.116503,0.066094,0.159273,0.246423,0.025941,0.068534,0.076602
0.070984,0.272548,0.074831,0.092960,0.047921,0.125081,0.079492,0.078059,0.051187,0.106936
0.065544,0.294446,0.082166,0.097748,0.055443,0.097534,0.085776,0.117358,0.063614,0.040372
0.081637,0.139981,0.360894,0.028186,0.043883,0.083464,0.054941,0.040184,0.089583,0.077248
0.083750,0.160041,0.188935,0.072561,0.054146,0.096938,0.079330,0.079443,0.069244,0.115613
0.062497,0.079327,0.027089,0.113489,0.097612,0.262268,0.116103,0.088056,0.083530,0.070030
0.029323,0.366224,0.068579,0.030319,0.265467,0.068489,0.040481,0.017709,0.066216,0.047192
0.029339,0.282098,0.097926,0.072003,0.204913,0.058530,0.062721,0.077056,0.057091,0.058323
0.048736,0.100971,0.129786,0.119622,0.093061,0.038030,0.116612,0.112635,0.080342,0.160204
0.035093,0.314312,0.110587,0.044940,0.031794,0.036572,0.269881,0.029736,0.071475,0.055610
0.020960,0.374588,0.050535,0.025796,0.020524,0.031613,0.347485,0.033477,0.048054,0.046970
0.045201,0.350018,0.051200,0.029345,0.328226,0.032959,0.025697,0.045968,0.041401,0.049983
0.109748,0.307192,0.093100,0.067780,0.040438,0.113151,0.076651,0.054375,0.042076,0.095489
0.067646,0.087459,0.265621,0.097126,0.043189,0.134159,0.093904,0.073613,0.065358,0.071926
0.037558,0.385427,0.045673,0.029995,0.027740,0.017284,0.330273,0.028877,0.036659,0.060513
0.068050,0.268321,0.084374,0.068545,0.105680,0.091598,0.100105,0.065489,0.080131,0.067708
0.024563,0.032312,0.065197,0.036181,0.568576,0.049745,0.052744,0.070865,0.045182,0.054635
0.034678,0.054690,0.442717,0.043697,0.173939,0.103829,0.047984,0.026763,0.050863,0.020840
0.102906,0.133390,0.082784,0.108460,0.054085,0.114476,0.106742,0.090276,0.080045,0.126838
0.022426,0.263894,0.172615,0.054890,0.251787,0.057163,0.048996,0.025174,0.071638,0.031417
0.055348,0.138863,0.122738,0.081958,0.116540,0.093660,0.150475,0.034532,0.087844,0.118043
0.023922,0.095449,0.471106,0.063359,0.039814,0.056074,0.081796,0.067851,0.033461,0.067167
0.035671,0.286412,0.093167,0.046978,0.043204,0.035940,0.326739,0.036230,0.068176,0.027482
0.056691,0.104662,0.243000,0.098515,0.061511,0.105605,0.116440,0.072260,0.060608,0.080708
0.056991,0.096106,0.097973,0.086130,0.056834,0.084362,0.298042,0.032315,0.102070,0.089177
0.018704,0.043503,0.465277,0.026328,0.221220,0.057693,0.051782,0.041428,0.032712,0.041354
0.036609,0.115904,0.052524,0.151367,0.079625,0.042893,0.177990,0.174450,0.072068,0.096570
0.082977,0.125682,0.113099,0.079498,0.069576,0.126076,0.130163,0.091396,0.085805,0.095728
0.067247,0.272365,0.100516,0.083675,0.050847,0.081356,0.080611,0.084766,0.072629,0.105989
0.067502,0.117365,0.080641,0.109816,0.100261,0.033348,0.263874,0.071819,0.064719,0.090654
0.061502,0.060649,0.281715,0.067313,0.076944,0.116579,0.094845,0.048615,0.080250,0.111589
0.054759,0.168028,0.038096,0.124258,0.063871,0.138870,0.125019,0.086091,0.071315,0.129693
0.068129,0.102818,0.090320,0.069673,0.074835,0.146796,0.104979,0.125887,0.091960,0.124603
0.065642,0.085512,0.192736,0.082197,0.038980,0.106907,0.189702,0.071281,0.133344,0.033698
0.079474,0.101627,0.264362,0.085114,0.068832,0.078115,0.102842,0.050274,0.055000,0.114360
0.082142,0.141336,0.101927,0.114965,0.060717,0.118874,0.125476,0.091830,0.068356,0.094377
0.036554,0.080138,0.299326,0.044195,0.249949,0.098921,0.065307,0.037904,0.047534,0.040170
0.047984,0.190743,0.290813,0.024112,0.020275,0.080484,0.192696,0.031809,0.077323,0.043761
0.078854,0.120488,0.091641,0.081773,0.092021,0.123349,0.132190,0.108516,0.075422,0.095746
0.058730,0.063657,0.230863,0.093845,0.069591,0.099848,0.112130,0.120483,0.061514,0.089338
0.052395,0.165473,0.044750,0.121965,0.100496,0.249473,0.099711,0.070586,0.065869,0.029283
0.071197,0.104438,0.269455,0.043668,0.063402,0.089924,0.087875,0.101988,0.071379,0.096673
0.042698,0.097513,0.128325,0.122072,0.112864,0.046928,0.140458,0.113775,0.078552,0.116816
0.110333,0.073782,0.060895,0.085502,0.059108,0.071422,0.333931,0.048135,0.074432,0.082460
0.089343,0.069455,0.223260,0.099487,0.059456,0.123127,0.099460,0.058013,0.078143,0.100255
0.059660,0.032386,0.305742,0.044602,0.111005,0.188269,0.052322,0.059862,0.089372,0.056780
0.098181,0.107748,0.080067,0.116749,0.100805,0.142868,0.098792,0.071297,0.090295,0.093198
0.047500,0.125964,0.062828,0.092393,0.085943,0.075790,0.321546,0.115527,0.044480,0.028030
0.062854,0.116085,0.116046,0.112930,0.080497,0.147431,0.096329,0.076918,0.087852,0.103058
0.067170,0.115958,0.111114,0.092769,0.117577,0.117965,0.115967,0.083866,0.067618,0.109997
0.034692,0.023018,0.290173,0.042282,0.298855,0.091002,0.044619,0.038089,0.083113,0.054155
0.064725,0.268123,0.028248,0.139364,0.115731,0.037344,0.117037,0.082461,0.077742,0.069224
0.055497,0.167065,0.125276,0.112382,0.119836,0.038218,0.130307,0.085840,0.075733,0.089847
0.058668,0.097519,0.271503,0.060423,0.066715,0.113924,0.105031,0.094111,0.060516,0.071589
0.111188,0.211011,0.202538,0.066998,0.033450,0.063235,0.084674,0.052752,0.088941,0.085215
0.018905,0.115730,0.061762,0.072783,0.063957,0.135646,0.198057,0.118804,0.064540,0.149815
0.060278,0.124191,0.227929,0.091899,0.079978,0.102581,0.086492,0.066377,0.054472,0.105803
0.039619,0.042231,0.056613,0.048355,0.527536,0.131791,0.051195,0.037173,0.041440,0.024047
0.087286,0.282345,0.028964,0.038760,0.032392,0.030678,0.334886,0.032485,0.031807,0.100397
0.058832,0.066965,0.065343,0.065540,0.347626,0.139490,0.055772,0.068005,0.049226,0.083201
0.069804,0.103146,0.113324,0.118498,0.061724,0.120006,0.104365,0.096175,0.082053,0.130904
0.104374,0.091114,0.197899,0.050458,0.071273,0.065680,0.197797,0.086653,0.053327,0.081425
0.025963,0.028537,0.363229,0.054964,0.283094,0.051430,0.063037,0.032450,0.028352,0.068942
0.051237,0.125810,0.288659,0.064721,0.050147,0.094470,0.092508,0.059285,0.069034,0.104129
0.065544,0.104687,0.114527,0.121423,0.063572,0.119780,0.115220,0.098074,0.085372,0.111802
0.076449,0.170603,0.138571,0.131274,0.087830,0.034754,0.111029,0.092960,0.077635,0.078895
0.062830,0.094459,0.121884,0.117432,0.108984,0.120317,0.130273,0.094081,0.043785,0.105954
0.108515,0.123068,0.112915,0.065122,0.073351,0.114178,0.105472,0.022369,0.147631,0.127378
0.061458,0.099456,0.267815,0.079880,0.046582,0.085834,0.163481,0.050124,0.067572,0.077798
0.091243,0.222522,0.121956,0.115221,0.056474,0.035694,0.116882,0.077931,0.066252,0.095826
0.033450,0.082692,0.054511,0.100296,0.087928,0.196894,0.171682,0.082681,0.078382,0.111483
0.073563,0.346981,0.094682,0.050288,0.068820,0.078596,0.087707,0.029543,0.093844,0.075975
0.028068,0.263302,0.101884,0.018540,0.162910,0.054567,0.275202,0.021999,0.053126,0.020399
0.055681,0.105885,0.187223,0.086428,0.045737,0.088166,0.188468,0.068505,0.082414,0.091492
0.054809,0.137744,0.050463,0.125305,0.089579,0.188619,0.108065,0.080360,0.050328,0.114728
0.097630,0.103583,0.091530,0.129826,0.106947,0.159146,0.108681,0.093587,0.057521,0.051549
0.054375,0.124887,0.038954,0.095698,0.050434,0.270297,0.131561,0.068645,0.058101,0.107047
0.044050,0.035859,0.366016,0.035849,0.241834,0.141890,0.044752,0.037594,0.031925,0.020231
0.078378,0.056522,0.150499,0.083617,0.059178,0.080514,0.190878,0.107934,0.124398,0.068080
0.029242,0.063096,0.086077,0.079214,0.381880,0.149775,0.076433,0.041850,0.038181,0.054251
0.049041,0.022103,0.039383,0.059083,0.529810,0.112680,0.040268,0.056537,0.035173,0.055923
0.056253,0.071866,0.042479,0.147295,0.058384,0.229546,0.153854,0.069938,0.076691,0.093694
0.110636,0.096430,0.106148,0.087923,0.077924,0.127314,0.097345,0.027370,0.142351,0.126559
0.047423,0.110783,0.364320,0.054133,0.035258,0.113482,0.068452,0.037846,0.076591,0.091712
0.051784,0.045582,0.073318,0.087360,0.076086,0.116899,0.298451,0.071668,0.074746,0.104106
0.038892,0.155735,0.046178,0.149764,0.052521,0.037982,0.189864,0.135688,0.103393,0.089983
0.037993,0.311053,0.069542,0.045598,0.022521,0.066937,0.267029,0.040231,0.115321,0.023776
0.035428,0.098235,0.046044,0.125827,0.113170,0.198702,0.107130,0.103608,0.083040,0.088816
0.048739,0.074193,0.096722,0.059994,0.068131,0.083075,0.348071,0.073804,0.082530,0.064740
0.018726,0.215826,0.154071,0.036948,0.312606,0.084282,0.057113,0.037228,0.059450,0.023751
0.051098,0.183629,0.048618,0.096449,0.106864,0.138970,0.100222,0.069777,0.056943,0.147431
0.130790,0.121738,0.070731,0.078485,0.134628,0.041157,0.128536,0.033648,0.143805,0.116481
0.086447,0.043140,0.075494,0.108842,0.074217,0.081839,0.317341,0.031197,0.096904,0.084579
0.045583,0.283738,0.085640,0.087998,0.057033,0.101367,0.115549,0.071186,0.071784,0.080121
0.050643,0.077887,0.030005,0.126510,0.078192,0.210971,0.169208,0.114834,0.065192,0.076559
0.076755,0.113869,0.087990,0.118976,0.067528,0.133093,0.128167,0.097219,0.077203,0.099200
0.097050,0.048896,0.046838,0.116867,0.077986,0.211061,0.194800,0.029512,0.079548,0.097442
0.045554,0.346515,0.079002,0.051405,0.044229,0.054059,0.299974,0.032470,0.023845,0.022947
0.073331,0.098314,0.240604,0.093269,0.049081,0.115528,0.084208,0.061573,0.067960,0.116134
0.037298,0.140560,0.058040,0.137279,0.073879,0.039366,0.245720,0.133934,0.060247,0.073678
0.057796,0.292495,0.066632,0.087453,0.049085,0.110393,0.089951,0.067534,0.116007,0.062654
0.041775,0.046749,0.320100,0.075720,0.037309,0.100114,0.102931,0.039120,0.149537,0.086645
0.087823,0.263767,0.100215,0.081258,0.052954,0.113104,0.088129,0.027368,0.080419,0.104962
0.061817,0.067116,0.226630,0.088871,0.083952,0.102636,0.092121,0.077577,0.113059,0.086221
0.073963,0.066208,0.238940,0.096890,0.071459,0.120872,0.094591,0.090733,0.062817,0.083526
0.079254,0.113429,0.113210,0.090475,0.054538,0.139117,0.121351,0.082387,0.075878,0.130360
0.048259,0.050380,0.267537,0.021253,0.325451,0.082064,0.058339,0.032066,0.076774,0.037876
0.055106,0.090376,0.201153,0.039873,0.045550,0.083152,0.175283,0.073630,0.147295,0.088583
0.070371,0.143053,0.417682,0.021700,0.050447,0.084226,0.086346,0.047473,0.050355,0.028346
0.089592,0.120198,0.085822,0.134141,0.115026,0.040874,0.151504,0.088170,0.065349,0.109324
0.061782,0.179855,0.053146,0.163576,0.143840,0.044786,0.156334,0.050485,0.046556,0.099640
0.041731,0.051983,0.201337,0.041018,0.088801,0.120930,0.225294,0.072577,0.064870,0.091459
0.016716,0.225897,0.072318,0.017249,0.344861,0.042265,0.190851,0.014837,0.066662,0.008344
0.113529,0.155797,0.097730,0.151780,0.101886,0.053092,0.158822,0.028173,0.103034,0.036158
0.075444,0.219355,0.207633,0.085563,0.063783,0.132383,0.058309,0.033485,0.047777,0.076268
0.038590,0.157210,0.349363,0.035278,0.163027,0.127530,0.035023,0.025761,0.019452,0.048764
0.093990,0.055732,0.141500,0.087952,0.047965,0.119761,0.216374,0.097643,0.080439,0.058643
0.038313,0.107277,0.030095,0.123301,0.130397,0.201203,0.122655,0.105634,0.067149,0.073976
0.066999,0.074378,0.298942,0.089451,0.067328,0.103930,0.101484,0.084039,0.063519,0.049929
0.105321,0.110598,0.078504,0.110558,0.096212,0.109058,0.102158,0.087008,0.081283,0.119300
0.067671,0.127916,0.323746,0.053804,0.061593,0.110616,0.072924,0.058127,0.058564,0.065039
0.060783,0.113251,0.240254,0.050786,0.092422,0.115160,0.102193,0.052202,0.085851,0.087098
0.036871,0.080141,0.097634,0.070604,0.081264,0.110619,0.367205,0.069654,0.049395,0.036612
0.038501,0.091388,0.050430,0.127719,0.114715,0.171999,0.135782,0.026124,0.076317,0.167026
0.047027,0.086088,0.065217,0.084329,0.082937,0.097262,0.253956,0.047530,0.166141,0.069513
0.085064,0.123384,0.118561,0.097931,0.102492,0.115585,0.119853,0.103906,0.090964,0.042259
0.033558,0.024646,0.251108,0.038640,0.078647,0.194416,0.090628,0.062409,0.159576,0.066370
0.094911,0.096785,0.075648,0.092832,0.045533,0.098863,0.289812,0.071956,0.094377,0.039284
0.021054,0.083563,0.372205,0.074434,0.030073,0.063853,0.174700,0.036885,0.056226,0.087007
0.046570,0.048883,0.214556,0.049638,0.073329,0.073636,0.222484,0.099866,0.070145,0.100893
0.031472,0.031650,0.437419,0.044132,0.220502,0.071368,0.048288,0.028924,0.052875,0.033369
0.031664,0.296917,0.015576,0.064800,0.038583,0.021735,0.348594,0.067007,0.040282,0.074843
0.039575,0.354508,0.031133,0.017745,0.154868,0.020605,0.289997,0.040252,0.023234,0.028083
0.023119,0.128030,0.242586,0.035614,0.075266,0.138988,0.179223,0.064277,0.036544,0.076354
0.060499,0.077888,0.245345,0.099438,0.062247,0.103795,0.105878,0.066188,0.071645,0.107077
0.032645,0.167961,0.035222,0.109007,0.100003,0.104087,0.226300,0.113231,0.037624,0.073921
0.053454,0.311258,0.099696,0.089151,0.067286,0.093009,0.093093,0.069317,0.053435,0.070302
0.035864,0.342388,0.056665,0.026223,0.027166,0.039317,0.379196,0.034986,0.022164,0.036029
0.025889,0.089575,0.031388,0.191093,0.072749,0.041401,0.203488,0.160453,0.073713,0.110250
0.080555,0.337411,0.025768,0.035764,0.032312,0.052970,0.312607,0.018455,0.065808,0.038350
0.069184,0.107509,0.121739,0.133299,0.112281,0.123438,0.105580,0.111129,0.040980,0.074862
0.025700,0.375335,0.029703,0.032816,0.023808,0.014474,0.366318,0.027678,0.052457,0.051711
0.038945,0.196403,0.158560,0.038407,0.041073,0.042677,0.062460,0.085967,0.268741,0.066767
0.058782,0.105414,0.092705,0.127226,0.086669,0.050424,0.269722,0.087830,0.080640,0.040588
0.018795,0.039379,0.285005,0.034715,0.356202,0.033536,0.147995,0.025001,0.023172,0.036201
0.101977,0.025027,0.067424,0.031427,0.276077,0.040362,0.312998,0.032427,0.064871,0.047410
0.063115,0.314577,0.097048,0.088078,0.050757,0.109666,0.085566,0.071050,0.049665,0.070478
0.078860,0.276416,0.079132,0.052234,0.064793,0.092551,0.106130,0.062609,0.074763,0.112512
0.034152,0.124855,0.061658,0.126813,0.102191,0.199021,0.145480,0.080708,0.042339,0.082784
0.034225,0.050659,0.280113,0.097733,0.083011,0.095814,0.120968,0.082457,0.038635,0.116385
0.069692,0.137070,0.252857,0.081855,0.034275,0.145372,0.105071,0.050383,0.042124,0.081302
0.051584,0.236686,0.150164,0.026278,0.047583,0.073401,0.047899,0.088245,0.231852,0.046308
0.037603,0.181600,0.066024,0.118335,0.054270,0.151203,0.147513,0.114686,0.052526,0.076240
0.091878,0.127866,0.063372,0.116000,0.097692,0.139454,0.136602,0.021311,0.062694,0.143130
0.032007,0.026355,0.074068,0.052418,0.359835,0.046888,0.258768,0.028181,0.071056,0.050424
0.113045,0.102198,0.095196,0.085976,0.053685,0.090553,0.265246,0.053211,0.051953,0.088937
0.154397,0.121864,0.084090,0.081515,0.085230,0.113184,0.114465,0.024050,0.093276,0.127930
0.059092,0.059134,0.203237,0.100212,0.063873,0.103943,0.204770,0.065648,0.094399,0.045692
0.118466,0.093937,0.215223,0.050950,0.065808,0.086850,0.157803,0.060358,0.068790,0.081815
0.031321,0.154304,0.277001,0.034336,0.349353,0.040104,0.032228,0.030871,0.020442,0.030040
0.071547,0.044264,0.232438,0.066879,0.034718,0.069228,0.095125,0.074842,0.272676,0.038283
0.047788,0.112583,0.398863,0.038116,0.036110,0.072451,0.109057,0.029241,0.073208,0.082584
0.037355,0.171564,0.039361,0.140102,0.053285,0.161966,0.155698,0.103564,0.066916,0.070187
0.085313,0.088991,0.112056,0.085060,0.093726,0.150725,0.100943,0.082655,0.080419,0.120112
0.053543,0.142172,0.084514,0.149621,0.139253,0.058614,0.127525,0.026574,0.079456,0.138729
0.101533,0.123284,0.035989,0.157628,0.120872,0.045550,0.178318,0.031302,0.109145,0.096380
0.041798,0.163775,0.040913,0.124204,0.093114,0.037670,0.152962,0.131040,0.069339,0.145185
0.059070,0.080928,0.272395,0.073809,0.086052,0.098802,0.089867,0.062582,0.071546,0.104949
0.045235,0.266833,0.039116,0.120138,0.100474,0.092838,0.087636,0.114995,0.058964,0.073772
0.060304,0.090048,0.107505,0.089932,0.126205,0.039914,0.152234,0.128399,0.034155,0.171304
0.038824,0.360330,0.060600,0.035342,0.028727,0.045556,0.327867,0.028279,0.051601,0.022874
0.072924,0.317613,0.076325,0.046522,0.095051,0.085171,0.082098,0.084720,0.069313,0.070263
0.059834,0.078192,0.312947,0.087912,0.052870,0.112004,0.086061,0.042919,0.134042,0.033219
0.071319,0.274706,0.105724,0.096581,0.053073,0.091955,0.080900,0.064203,0.075609,0.085930
0.077057,0.130654,0.091636,0.122804,0.082287,0.122606,0.113640,0.027068,0.085731,0.146519
0.054264,0.171106,0.023516,0.054100,0.098324,0.228174,0.092939,0.067154,0.056968,0.153455
0.066789,0.107420,0.112196,0.105309,0.067625,0.119100,0.112416,0.089562,0.139834,0.079750
0.035017,0.087951,0.259811,0.093006,0.040240,0.131826,0.206494,0.073674,0.044290,0.027691
0.115832,0.088995,0.229740,0.090940,0.055502,0.112586,0.072960,0.055327,0.068113,0.110006
0.054505,0.124280,0.024561,0.121145,0.071087,0.175492,0.201745,0.074406,0.081221,0.071557
0.028128,0.135942,0.038000,0.197741,0.071458,0.047051,0.290754,0.043647,0.112867,0.034412
0.062829,0.105934,0.189095,0.096868,0.089078,0.120503,0.093136,0.067075,0.060229,0.115253
0.050487,0.146169,0.066486,0.037138,0.487222,0.053030,0.037908,0.039324,0.066403,0.015834
0.057799,0.311429,0.088030,0.027558,0.021612,0.071618,0.279284,0.055997,0.063171,0.023502
0.078210,0.268618,0.106439,0.110647,0.093357,0.030826,0.077250,0.084450,0.068754,0.081449
0.050395,0.247885,0.120877,0.112370,0.113756,0.056520,0.110957,0.076275,0.076802,0.034163
0.032990,0.331206,0.083531,0.062099,0.026952,0.052604,0.289904,0.033795,0.046963,0.039956
0.026645,0.038640,0.145545,0.058817,0.429263,0.049735,0.054063,0.062501,0.083718,0.051072
0.022865,0.144150,0.024956,0.154134,0.061423,0.185525,0.120610,0.087378,0.094410,0.104548
