0.237113,0.634041,0.128846
0.034551,0.683234,0.282215
0.983710,0.016289,0.000001
0.945044,0.054518,0.000438
0.991696,0.008304,0.000000
0.297245,0.554797,0.147958
0.136752,0.232825,0.630423
0.479157,0.520843,0.000000
0.597785,0.402128,0.000087
0.475109,0.400599,0.124292
0.996323,0.003677,0.000001
0.960248,0.039752,0.000000
0.939124,0.049871,0.011005
0.026207,0.270243,0.703550
0.996965,0.003035,0.000000
0.569426,0.426377,0.004196
0.380087,0.421844,0.198068
0.992681,0.007319,0.000000
0.996144,0.003856,0.000000
0.997684,0.002316,0.000000
0.003057,0.996787,0.000156
0.991473,0.008526,0.000000
0.016305,0.352495,0.631200
0.978615,0.021385,0.000000
0.003030,0.009632,0.987339
0.915163,0.084828,0.000009
0.996157,0.003843,0.000000
0.996701,0.003299,0.000000
0.933068,0.066878,0.000054
0.444791,0.401163,0.154046
0.859573,0.140427,0.000000
0.960575,0.039424,0.000001
0.425956,0.574043,0.000001
0.989155,0.010845,0.000000
0.680506,0.319493,0.000001
0.005924,0.014362,0.979714
0.958593,0.041406,0.000001
0.455065,0.390221,0.154715
0.548438,0.451526,0.000035
0.027827,0.090112,0.882060
0.993322,0.006678,0.000000
0.704462,0.295538,0.000000
0.000020,0.000019,0.999961
0.491076,0.508924,0.000000
0.994159,0.005841,0.000000
0.997852,0.002148,0.000000
0.650403,0.348106,0.001491
0.998255,0.001745,0.000000
0.021132,0.058542,0.920326
0.003187,0.995390,0.001423
0.972085,0.026321,0.001594
0.893232,0.106767,0.000000
0.001794,0.998136,0.000069
0.031547,0.093550,0.874903
0.003981,0.082539,0.913480
0.113211,0.552459,0.334331
0.588221,0.411777,0.000002
0.022385,0.048218,0.929397
0.995543,0.004457,0.000000
0.919010,0.072200,0.008790
0.599323,0.399503,0.001174
0.054611,0.046323,0.899066
0.929293,0.066252,0.004455
0.996280,0.003720,0.000000
0.037290,0.402640,0.560070
0.625567,0.374433,0.000000
0.706892,0.292980,0.000128
0.005638,0.992818,0.001543
0.039420,0.407818,0.552762
0.786391,0.213576,0.000033
0.052592,0.685559,0.261849
0.086692,0.156171,0.757137
0.984305,0.015691,0.000004
0.752336,0.242346,0.005318
0.989185,0.010813,0.000001
0.995631,0.004369,0.000000
0.478044,0.521956,0.000000
0.984840,0.015160,0.000000
0.003515,0.996177,0.000308
0.019266,0.032845,0.947889
0.974299,0.025682,0.000019
0.871127,0.127332,0.001540
0.997765,0.002235,0.000000
0.280092,0.719865,0.000044
0.426001,0.573754,0.000245
0.004451,0.995063,0.000487
0.996928,0.003072,0.000000
0.391169,0.601287,0.007543
0.891180,0.108785,0.000036
0.175086,0.292886,0.532027
0.795679,0.204321,0.000000
0.623791,0.375850,0.000360
0.099649,0.268384,0.631967
0.003942,0.996054,0.000004
0.317823,0.682115,0.000062
0.992759,0.007241,0.000000
0.868426,0.128025,0.003550
0.528709,0.471249,0.000042
0.694918,0.305082,0.000000
0.998133,0.001867,0.000000
0.001436,0.996479,0.002085
0.494342,0.505657,0.000001
0.972469,0.027531,0.000000
0.408241,0.590689,0.001070
0.041113,0.262470,0.696417
0.996036,0.003965,0.000000
0.021907,0.332738,0.645355
0.004211,0.983421,0.012368
0.984311,0.014380,0.001310
0.047405,0.425719,0.526877
0.016224,0.016524,0.967252
0.437859,0.562105,0.000036
0.993943,0.006056,0.000001
0.035859,0.241751,0.722391
0.004347,0.005074,0.990579
0.978408,0.021592,0.000000
0.990622,0.007673,0.001704
0.997428,0.002572,0.000000
0.991296,0.008224,0.000480
0.247684,0.594577,0.157739
0.997680,0.002320,0.000000
0.992825,0.007175,0.000000
0.976036,0.023964,0.000000
0.985580,0.014420,0.000000
0.224326,0.775520,0.000155
0.760519,0.238947,0.000535
0.054471,0.419717,0.525811
0.139154,0.355048,0.505798
0.641679,0.358321,0.000000
0.015905,0.018483,0.965612
0.031267,0.414760,0.553973
0.029882,0.375396,0.594722
0.507302,0.492698,0.000000
0.001032,0.001092,0.997876
0.816086,0.183808,0.000106
0.000493,0.000388,0.999119
0.017060,0.054355,0.928585
0.004491,0.992909,0.002600
0.003157,0.986422,0.010421
0.990092,0.009908,0.000000
0.000070,0.000007,0.999923
0.001991,0.962154,0.035854
0.948031,0.027942,0.024027
0.463136,0.536845,0.000019
0.144119,0.801689,0.054192
0.942700,0.057300,0.000000
0.988179,0.008103,0.003718
0.003151,0.021369,0.975480
0.420211,0.534991,0.044798
0.994928,0.005071,0.000001
0.987811,0.012189,0.000000
0.973345,0.026648,0.000007
0.989835,0.010165,0.000000
0.196295,0.801460,0.002245
0.004462,0.994514,0.001024
0.010597,0.096953,0.892450
0.905288,0.079471,0.015241
0.009239,0.008378,0.982383
0.997078,0.002922,0.000000
0.004916,0.005870,0.989214
0.997165,0.002835,0.000000
0.139979,0.857572,0.002448
0.997785,0.002214,0.000001
0.989676,0.010324,0.000000
0.554131,0.445868,0.000001
0.040775,0.317982,0.641243
0.005061,0.986615,0.008324
0.003029,0.996837,0.000135
0.996060,0.003940,0.000000
0.993424,0.006574,0.000001
0.521740,0.463488,0.014773
0.476258,0.517133,0.006608
0.003103,0.006575,0.990322
0.992118,0.007880,0.000001
0.133982,0.168027,0.697991
0.295557,0.700662,0.003781
0.002188,0.988674,0.009137
0.661281,0.338305,0.000414
0.990882,0.008348,0.000769
0.047608,0.791852,0.160541
0.995999,0.004001,0.000000
0.016119,0.844388,0.139494
0.700022,0.299978,0.000000
0.811325,0.155743,0.032932
0.997669,0.002331,0.000000
0.968007,0.031329,0.000664
0.000113,0.000232,0.999655
0.440008,0.559345,0.000647
0.995605,0.004394,0.000000
0.500723,0.499277,0.000000
0.247173,0.752786,0.000041
0.637536,0.362373,0.000090
0.003727,0.996084,0.000189
0.995076,0.004924,0.000000
0.011793,0.019228,0.968980
0.987692,0.006945,0.005364
0.620281,0.379650,0.000069
0.793681,0.020152,0.186167
0.011747,0.022405,0.965848
0.306632,0.693337,0.000031
0.005462,0.003122,0.991416
0.996330,0.003670,0.000000
0.990442,0.009558,0.000000
0.992139,0.007861,0.000000
0.213276,0.625504,0.161220
0.006877,0.008860,0.984264
0.980048,0.018906,0.001046
0.012553,0.984266,0.003181
0.074783,0.120108,0.805109
0.526786,0.465864,0.007350
0.147027,0.767805,0.085169
0.700164,0.299554,0.000282
0.558012,0.441987,0.000001
0.147698,0.005544,0.846758
0.791554,0.039241,0.169205
0.979327,0.020672,0.000001
0.995226,0.004774,0.000000
0.003869,0.098741,0.897390
0.297162,0.702525,0.000313
0.992975,0.007025,0.000000
0.984959,0.015041,0.000000
0.468383,0.531313,0.000305
0.018556,0.394177,0.587267
0.001106,0.991269,0.007626
0.937206,0.054286,0.008508
0.990496,0.009504,0.000000
0.003665,0.005996,0.990339
0.961022,0.038093,0.000885
0.985497,0.014447,0.000056
0.427630,0.572367,0.000003
0.658511,0.341489,0.000000
0.394477,0.605453,0.000070
0.104003,0.562433,0.333564
0.987828,0.012172,0.000000
0.991869,0.008129,0.000003
0.924685,0.075315,0.000001
0.499312,0.500688,0.000000
0.403212,0.596784,0.000004
0.027764,0.141521,0.830716
0.996349,0.003651,0.000000
0.521918,0.477721,0.000361
0.996694,0.003306,0.000000
0.967603,0.032390,0.000007
0.440171,0.558565,0.001264
0.040977,0.241589,0.717434
0.437738,0.552075,0.010187
0.996651,0.003349,0.000000
0.359723,0.627553,0.012724
0.005264,0.993201,0.001535
0.991815,0.008185,0.000000
0.335518,0.470809,0.193673
0.302852,0.007850,0.689297
0.187910,0.401906,0.410183
0.988264,0.011736,0.000000
0.682152,0.317787,0.000061
0.256972,0.726618,0.016410
0.706387,0.293613,0.000001
0.441762,0.558218,0.000019
0.008628,0.015788,0.975583
0.156710,0.697204,0.146086
0.986842,0.013158,0.000000
0.055088,0.789437,0.155475
0.050046,0.414524,0.535430
0.997327,0.002673,0.000000
0.004428,0.985202,0.010370
0.002188,0.996268,0.001544
0.061647,0.651141,0.287212
0.380267,0.619730,0.000003
0.724315,0.275093,0.000593
0.003673,0.995775,0.000553
0.693097,0.306902,0.000001
0.165411,0.242588,0.592001
0.004041,0.002374,0.993585
0.990625,0.009375,0.000000
0.035107,0.300902,0.663990
0.308127,0.040031,0.651842
0.005864,0.003819,0.990317
0.002201,0.997470,0.000329
0.942784,0.053683,0.003533
0.177607,0.818191,0.004202
0.056013,0.199069,0.744918
0.906418,0.063145,0.030437
0.991008,0.008993,0.000000
0.575843,0.424149,0.000008
0.822763,0.177150,0.000086
0.448320,0.263246,0.288434
0.994805,0.005195,0.000000
0.997394,0.002606,0.000000
0.163556,0.810079,0.026366
0.792517,0.165706,0.041777
0.994058,0.005942,0.000000
0.023260,0.033779,0.942960
0.013789,0.758191,0.228020
0.994757,0.005243,0.000000
0.875989,0.123966,0.000045
0.993483,0.006517,0.000001
0.976399,0.023601,0.000000
0.991232,0.008761,0.000007
0.491075,0.508925,0.000000
0.983003,0.016997,0.000000
0.051515,0.081575,0.866910
0.998328,0.001672,0.000000
0.349882,0.640497,0.009621
0.998454,0.001546,0.000000
0.995786,0.004214,0.000000
0.019697,0.025505,0.954798
0.509144,0.486485,0.004371
0.997728,0.002272,0.000000
0.838061,0.161624,0.000315
0.485745,0.514254,0.000001
0.759403,0.240552,0.000045
0.977852,0.022148,0.000000
0.024787,0.081795,0.893419
0.006077,0.887831,0.106093
0.019234,0.031778,0.948988
0.994634,0.005366,0.000000
0.397962,0.601996,0.000042
0.008286,0.015433,0.976280
0.968213,0.031787,0.000000
0.993432,0.006568,0.000000
0.996502,0.003498,0.000000
0.997396,0.002604,0.000000
0.989701,0.010299,0.000000
0.001026,0.006673,0.992301
0.762074,0.237739,0.000187
0.986549,0.013451,0.000000
0.229431,0.770522,0.000046
0.005239,0.898915,0.095846
0.639297,0.360694,0.000009
0.960721,0.019081,0.020198
0.997215,0.002785,0.000000
0.993346,0.006654,0.000000
0.033426,0.044271,0.922304
0.546890,0.452770,0.000340
0.089601,0.109803,0.800596
0.013608,0.040754,0.945638
0.991104,0.008896,0.000000
0.976485,0.023514,0.000000
0.004448,0.017286,0.978266
0.703792,0.296208,0.000000
0.971440,0.027878,0.000682
0.006961,0.989938,0.003102
0.987915,0.012076,0.000009
0.530831,0.469168,0.000000
0.016989,0.199291,0.783720
0.694074,0.289529,0.016397
0.788976,0.093869,0.117155
0.307165,0.692710,0.000124
0.382100,0.617895,0.000005
0.992306,0.007694,0.000000
0.992923,0.007077,0.000000
0.288684,0.341122,0.370195
0.005118,0.994561,0.000321
0.961091,0.038909,0.000000
0.302155,0.546602,0.151243
0.622580,0.377419,0.000000
0.000138,0.000257,0.999605
0.467848,0.531962,0.000190
0.916339,0.083368,0.000293
0.909040,0.090948,0.000012
0.992833,0.007167,0.000000
0.013015,0.037475,0.949510
0.382640,0.596111,0.021248
0.001667,0.004209,0.994125
0.997439,0.002560,0.000001
0.974655,0.023292,0.002053
0.443383,0.556284,0.000333
0.202254,0.506444,0.291302
0.995175,0.004674,0.000151
0.096141,0.665216,0.238642
0.025601,0.190417,0.783982
0.680905,0.319093,0.000003
0.985765,0.014234,0.000001
0.988346,0.011654,0.000000
0.996272,0.003728,0.000000
0.011278,0.030118,0.958603
0.851588,0.144635,0.003776
0.321235,0.678765,0.000000
0.904455,0.021512,0.074034
0.010124,0.131673,0.858203
0.996825,0.003175,0.000000
0.070509,0.566146,0.363345
0.729256,0.270744,0.000000
0.008549,0.058148,0.933304
0.402416,0.597547,0.000037
0.024154,0.054663,0.921183
0.009728,0.980142,0.010130
0.006606,0.797001,0.196393
0.412460,0.584554,0.002986
0.980242,0.019758,0.000000
0.713261,0.286519,0.000220
0.794367,0.205632,0.000000
0.001712,0.997869,0.000419
0.968924,0.025185,0.005891
0.005716,0.993735,0.000548
0.993043,0.006957,0.000000
0.001816,0.990095,0.008090
0.006047,0.189112,0.804841
0.766190,0.232899,0.000911
0.039526,0.247885,0.712589
0.072001,0.609494,0.318505
0.547290,0.452710,0.000000
0.712379,0.287621,0.000000
0.989983,0.010017,0.000000
0.863661,0.136048,0.000291
0.545917,0.450783,0.003300
0.038341,0.580316,0.381343
0.728920,0.270792,0.000288
0.967985,0.031441,0.000574
0.042266,0.516013,0.441721
0.603583,0.396417,0.000000
0.994964,0.005036,0.000000
0.376906,0.622283,0.000811
0.696892,0.303102,0.000006
0.035215,0.278501,0.686284
0.000381,0.000687,0.998932
0.002008,0.003205,0.994787
0.720441,0.278683,0.000876
0.997404,0.002596,0.000000
0.670331,0.010762,0.318907
0.872617,0.041461,0.085922
0.772885,0.213807,0.013308
0.825395,0.174434,0.000171
0.276109,0.515544,0.208347
0.987441,0.010314,0.002245
0.002472,0.996425,0.001103
0.539721,0.460278,0.000000
0.000112,0.000066,0.999821
0.548636,0.451363,0.000001
0.971808,0.028189,0.000003
0.803081,0.196857,0.000062
0.991459,0.008541,0.000000
0.385131,0.611965,0.002904
0.992372,0.007628,0.000000
0.868621,0.131365,0.000014
0.267856,0.466207,0.265937
0.961647,0.038353,0.000000
0.028902,0.369682,0.601416
0.001722,0.991768,0.006510
0.481345,0.518344,0.000311
0.645689,0.354046,0.000264
0.007052,0.992739,0.000209
0.041274,0.075992,0.882735
0.997571,0.002429,0.000000
0.004991,0.994529,0.000480
0.429222,0.570002,0.000776
0.077244,0.679363,0.243393
0.003236,0.996682,0.000082
0.232196,0.614964,0.152840
0.989440,0.010554,0.000006
0.043087,0.587516,0.369397
0.993377,0.006623,0.000000
0.368833,0.628412,0.002755
0.000292,0.000127,0.999581
0.233893,0.476993,0.289114
0.956940,0.015967,0.027093
0.003574,0.003075,0.993351
0.600651,0.399217,0.000132
0.000706,0.000067,0.999227
0.002963,0.997026,0.000011
0.893805,0.106195,0.000001
0.145197,0.361212,0.493591
0.652242,0.009381,0.338377
0.095716,0.598426,0.305858
0.003702,0.012048,0.984250
0.977241,0.022759,0.000000
0.003909,0.004488,0.991603
0.077958,0.106827,0.815215
0.697776,0.301847,0.000377
0.972683,0.026864,0.000453
0.996719,0.003281,0.000000
0.773533,0.008350,0.218117
0.104346,0.161403,0.734251
0.903960,0.095921,0.000119
0.003256,0.956514,0.040230
0.997755,0.002245,0.000000
0.129286,0.870594,0.000120
0.996705,0.003295,0.000000
0.033580,0.039784,0.926636
0.652265,0.347735,0.000000
0.996299,0.003701,0.000000
0.668497,0.331501,0.000003
0.637052,0.362948,0.000000
0.001515,0.998441,0.000044
0.995364,0.004635,0.000000
0.937354,0.062580,0.000066
0.671772,0.327404,0.000825
0.992502,0.007497,0.000000
0.611186,0.388814,0.000000
0.993912,0.006088,0.000000
0.630381,0.369496,0.000123
0.465253,0.533297,0.001450
0.968285,0.031715,0.000000
0.004341,0.995198,0.000461
0.517156,0.028283,0.454561
0.969077,0.030917,0.000006
0.006132,0.015998,0.977871
0.784976,0.212794,0.002230
0.951423,0.048577,0.000000
0.583844,0.410294,0.005863
0.001652,0.993877,0.004471
0.995791,0.004207,0.000002
0.000643,0.000129,0.999227
0.357338,0.642654,0.000008
0.997473,0.002527,0.000000
0.719087,0.280907,0.000007
0.989459,0.010522,0.000019
0.174063,0.720827,0.105111
0.006864,0.037235,0.955901
0.007014,0.004099,0.988886
0.572926,0.427074,0.000000
0.592417,0.407583,0.000000
0.974288,0.025712,0.000000
0.998117,0.001883,0.000000
0.994912,0.005088,0.000000
0.562597,0.437403,0.000000
0.000857,0.998505,0.000637
0.016574,0.029248,0.954178
0.994269,0.005731,0.000000
0.593432,0.406278,0.000289
0.517103,0.480997,0.001900
0.005860,0.003545,0.990595
0.044048,0.150377,0.805575
0.008764,0.006104,0.985131
0.540711,0.459255,0.000034
0.002309,0.997449,0.000242
0.174789,0.241405,0.583806
0.002172,0.992999,0.004829
0.017484,0.409556,0.572960
0.988415,0.011585,0.000000
0.943279,0.052585,0.004136
0.937010,0.033282,0.029709
0.986439,0.013560,0.000000
0.020223,0.344548,0.635229
0.208607,0.684836,0.106557
0.947459,0.049876,0.002665
0.157982,0.817053,0.024965
0.070105,0.545446,0.384450
0.457798,0.542202,0.000000
0.780612,0.219387,0.000000
0.992655,0.007342,0.000003
0.717727,0.282272,0.000001
0.002772,0.006610,0.990618
0.046672,0.054875,0.898453
0.968170,0.031830,0.000000
0.567474,0.405761,0.026765
0.993029,0.006971,0.000000
0.007504,0.728234,0.264262
0.951162,0.048837,0.000002
0.350431,0.625917,0.023652
0.182751,0.628719,0.188529
0.931198,0.014787,0.054015
0.002285,0.997614,0.000101
0.007274,0.985717,0.007009
0.915606,0.084277,0.000117
0.968241,0.031759,0.000000
0.145150,0.785649,0.069201
0.994005,0.005995,0.000000
0.765948,0.234052,0.000000
0.028459,0.040766,0.930775
0.005893,0.127892,0.866215
0.002506,0.968785,0.028709
0.030863,0.049580,0.919557
0.465895,0.534101,0.000004
0.100668,0.156854,0.742478
0.970163,0.028836,0.001000
0.982230,0.017616,0.000154
0.366241,0.632614,0.001145
0.991437,0.008563,0.000000
0.997413,0.002587,0.000000
0.934175,0.065825,0.000000
0.986693,0.013307,0.000000
0.014830,0.206814,0.778356
0.986349,0.013651,0.000000
0.425533,0.572978,0.001489
0.025244,0.040713,0.934043
0.923127,0.071156,0.005717
0.002431,0.966279,0.031289
0.994630,0.005371,0.000000
0.123145,0.876753,0.000101
0.490595,0.509405,0.000000
0.757970,0.157382,0.084648
0.068230,0.080308,0.851462
0.953097,0.046863,0.000040
0.397752,0.602213,0.000035
0.539055,0.460818,0.000127
0.497964,0.494992,0.007044
0.997495,0.002504,0.000000
0.003339,0.984160,0.012501
0.927248,0.052634,0.020118
0.441894,0.540488,0.017618
0.019604,0.046701,0.933695
0.632839,0.367161,0.000000
0.139960,0.002975,0.857066
0.014437,0.012994,0.972570
0.997502,0.002498,0.000000
0.011591,0.692530,0.295879
0.004394,0.993701,0.001904
0.367636,0.632364,0.000000
0.002923,0.988574,0.008504
0.933805,0.063468,0.002727
0.941343,0.049168,0.009489
0.694481,0.305518,0.000000
0.031754,0.560994,0.407252
0.856323,0.143656,0.000022
0.208451,0.791442,0.000107
0.998726,0.001274,0.000000
0.436902,0.558501,0.004596
0.989424,0.010575,0.000000
0.899881,0.099234,0.000885
0.000340,0.000047,0.999613
0.139690,0.167302,0.693009
0.100332,0.275671,0.623997
0.002934,0.063275,0.933791
0.996775,0.003225,0.000000
0.006048,0.025292,0.968660
0.004419,0.982687,0.012894
0.659759,0.340241,0.000000
0.975483,0.022541,0.001976
0.989774,0.010225,0.000001
0.992587,0.006674,0.000739
0.001539,0.002058,0.996403
0.962858,0.033409,0.003733
0.000646,0.000628,0.998727
0.988946,0.011054,0.000000
0.561460,0.438539,0.000001
0.024289,0.041946,0.933764
0.659672,0.340328,0.000000
0.987494,0.012506,0.000000
0.002234,0.997711,0.000055
0.000881,0.002504,0.996615
0.976694,0.023305,0.000000
0.723511,0.276378,0.000111
0.989242,0.010748,0.000009
0.011311,0.025446,0.963243
0.379906,0.620091,0.000003
0.995788,0.004152,0.000060
0.608934,0.347620,0.043446
0.715995,0.030548,0.253456
0.295206,0.552842,0.151953
0.002859,0.060173,0.936968
0.991593,0.008407,0.000000
0.406857,0.593140,0.000003
0.637699,0.356821,0.005480
0.924104,0.074778,0.001118
0.050480,0.074208,0.875312
0.988462,0.010871,0.000667
0.378725,0.618948,0.002327
0.001696,0.998293,0.000011
0.995010,0.004990,0.000000
0.611925,0.385785,0.002290
0.010359,0.338909,0.650731
0.233401,0.748494,0.018105
0.965577,0.034423,0.000000
0.478325,0.521614,0.000062
0.001323,0.997377,0.001299
0.996575,0.003424,0.000001
0.040541,0.162079,0.797379
0.974040,0.025960,0.000000
0.051282,0.122475,0.826243
0.888552,0.035657,0.075791
0.001654,0.022674,0.975672
0.855887,0.130017,0.014095
0.998437,0.001563,0.000000
0.005714,0.877282,0.117005
0.757770,0.241964,0.000266
0.985442,0.014343,0.000214
0.135393,0.648586,0.216020
0.547714,0.448572,0.003714
0.964779,0.035221,0.000000
0.974580,0.025342,0.000078
0.734844,0.212110,0.053045
0.004174,0.994321,0.001505
0.480676,0.519277,0.000048
0.847769,0.152231,0.000000
0.997426,0.002574,0.000000
0.995575,0.004425,0.000000
0.004967,0.994520,0.000513
0.519180,0.480814,0.000006
0.223390,0.753492,0.023118
0.019016,0.045882,0.935102
0.992690,0.007284,0.000026
0.015800,0.207164,0.777035
0.993069,0.006921,0.000010
0.988827,0.011172,0.000000
0.995643,0.004357,0.000000
0.976804,0.023192,0.000005
0.002503,0.988484,0.009013
0.918697,0.076966,0.004337
0.000015,0.000009,0.999976
0.995505,0.004495,0.000000
0.331396,0.668236,0.000368
0.022503,0.109795,0.867702
0.002141,0.987595,0.010264
0.004098,0.011640,0.984261
0.529813,0.470186,0.000001
0.000721,0.000799,0.998480
0.198277,0.544605,0.257118
0.010080,0.021549,0.968370
0.074857,0.475402,0.449741
0.309543,0.663220,0.027236
0.990063,0.009937,0.000000
0.996655,0.003343,0.000002
0.019600,0.252706,0.727694
0.739747,0.228130,0.032123
0.127501,0.338238,0.534261
0.038485,0.282486,0.679029
0.091023,0.219341,0.689636
0.553357,0.446630,0.000013
0.012448,0.017879,0.969673
0.997000,0.003000,0.000000
0.002376,0.977951,0.019674
0.004001,0.011605,0.984394
0.428249,0.569030,0.002721
0.608500,0.391500,0.000000
0.409821,0.538497,0.051682
0.014847,0.029537,0.955616
0.840994,0.158891,0.000114
0.998003,0.001997,0.000000
0.000112,0.000046,0.999842
0.003058,0.996826,0.000116
0.513296,0.485239,0.001465
0.996328,0.003672,0.000000
0.766817,0.228246,0.004937
0.038790,0.508911,0.452299
0.450265,0.549733,0.000001
0.770150,0.229784,0.000066
0.212575,0.786027,0.001398
0.843051,0.113945,0.043005
0.995503,0.004497,0.000000
0.553796,0.446204,0.000000
0.001720,0.998072,0.000208
0.672345,0.327655,0.000000
0.630936,0.369061,0.000003
0.280874,0.477509,0.241617
0.415692,0.584251,0.000057
0.724429,0.275571,0.000000
0.885552,0.067898,0.046550
0.942865,0.037617,0.019518
0.646658,0.352197,0.001145
0.571208,0.421434,0.007358
0.026410,0.307457,0.666133
0.948357,0.051633,0.000009
0.024487,0.187291,0.788222
0.969082,0.030914,0.000004
0.997871,0.002129,0.000000
0.501636,0.498363,0.000001
0.004201,0.995795,0.000004
0.973781,0.025603,0.000615
0.226011,0.690435,0.083554
0.028362,0.488566,0.483072
0.997268,0.002727,0.000005
0.645573,0.354427,0.000000
0.622292,0.377708,0.000000
0.333764,0.666097,0.000139
0.000671,0.000087,0.999241
0.001098,0.995168,0.003734
0.906280,0.093694,0.000026
0.005700,0.812523,0.181777
0.619253,0.380482,0.000265
0.002261,0.996968,0.000771
0.788344,0.211098,0.000558
0.566672,0.433005,0.000324
0.911434,0.086528,0.002038
0.519543,0.480453,0.000004
0.185909,0.814075,0.000016
0.398517,0.601482,0.000001
0.995475,0.004524,0.000000
0.664259,0.335695,0.000046
0.014912,0.013275,0.971813
0.314492,0.685497,0.000011
0.891787,0.047303,0.060910
0.734310,0.265690,0.000000
0.997491,0.002509,0.000000
0.442560,0.557435,0.000005
0.252489,0.632030,0.115480
0.023412,0.056420,0.920168
0.000307,0.000495,0.999198
0.832180,0.164501,0.003319
0.336182,0.651596,0.012222
0.462042,0.537958,0.000000
0.651743,0.335192,0.013065
0.994614,0.005386,0.000000
0.967589,0.032411,0.000000
0.238944,0.531265,0.229791
0.000775,0.998733,0.000492
0.933590,0.066405,0.000005
0.939243,0.042839,0.017919
0.997754,0.002246,0.000000
0.006106,0.013344,0.980550
0.073792,0.180723,0.745486
0.001288,0.996212,0.002501
0.993874,0.006126,0.000000
0.011254,0.717293,0.271453
0.001934,0.017199,0.980867
0.913126,0.009942,0.076932
0.062867,0.742052,0.195082
0.109699,0.869828,0.020473
0.998067,0.001933,0.000000
0.516615,0.481843,0.001542
0.001756,0.988353,0.009891
0.698232,0.301769,0.000000
0.008510,0.116301,0.875189
0.500202,0.499687,0.000111
0.996031,0.003968,0.000001
0.662042,0.337363,0.000595
0.051548,0.773694,0.174758
0.020820,0.053167,0.926013
0.998511,0.001489,0.000000
0.998938,0.001062,0.000000
0.422113,0.572195,0.005692
0.002133,0.957050,0.040817
0.204691,0.795207,0.000102
0.996002,0.003998,0.000000
0.987607,0.012393,0.000000
0.997947,0.002053,0.000000
0.612947,0.387052,0.000000
0.846091,0.153759,0.000150
0.997203,0.002797,0.000000
0.993820,0.006180,0.000000
0.882862,0.099868,0.017270
0.000118,0.000093,0.999789
0.987169,0.012831,0.000000
0.602304,0.397696,0.000000
0.991037,0.008963,0.000000
0.716605,0.282645,0.000750
0.940456,0.059462,0.000082
0.003605,0.017816,0.978579
0.815573,0.163217,0.021211
0.607538,0.391531,0.000931
0.996850,0.003150,0.000000
0.701580,0.298339,0.000081
0.996544,0.003456,0.000000
0.611497,0.388496,0.000007
0.994760,0.005240,0.000000
0.997534,0.002466,0.000000
0.996768,0.003232,0.000000
0.992835,0.007165,0.000000
0.985154,0.014846,0.000000
0.038498,0.252414,0.709088
0.012909,0.051117,0.935974
0.989108,0.010891,0.000001
0.467038,0.532960,0.000002
0.657247,0.342753,0.000000
0.910445,0.087361,0.002194
0.001998,0.003614,0.994388
0.996656,0.003343,0.000001
0.002474,0.993259,0.004266
0.996634,0.003366,0.000000
0.792674,0.207326,0.000000
0.152489,0.560140,0.287371
0.001555,0.997741,0.000704
0.049725,0.079780,0.870495
0.003922,0.993861,0.002217
0.269050,0.293027,0.437923
0.004154,0.653835,0.342011
0.025709,0.362868,0.611423
0.006275,0.957172,0.036553
0.959458,0.039114,0.001428
0.204229,0.634471,0.161300
0.000555,0.000181,0.999264
0.991902,0.008074,0.000024
0.081599,0.243830,0.674571
0.697859,0.301867,0.000274
0.004587,0.975777,0.019636
0.997667,0.002333,0.000000
0.000123,0.000015,0.999862
0.974100,0.025892,0.000008
0.004263,0.003325,0.992412
0.992534,0.007465,0.000001
0.983473,0.016517,0.000009
0.989809,0.010187,0.000005
0.713116,0.286884,0.000000
0.004301,0.630245,0.365454
0.996855,0.003144,0.000000
0.998210,0.001790,0.000000
0.888781,0.110024,0.001195
0.193080,0.806562,0.000357
0.554140,0.444042,0.001818
0.015368,0.107606,0.877026
0.506655,0.493345,0.000000
0.373567,0.446745,0.179688
0.018013,0.042398,0.939588
0.426307,0.573241,0.000453
0.003295,0.991794,0.004911
0.028229,0.031967,0.939804
0.998163,0.001837,0.000000
0.989433,0.010567,0.000000
0.583031,0.416968,0.000001
0.596744,0.401614,0.001642
0.501109,0.498891,0.000000
0.672596,0.327402,0.000002
0.277914,0.719585,0.002500
0.001348,0.003505,0.995148
0.866709,0.071071,0.062219
0.393423,0.606571,0.000006
0.047774,0.074735,0.877492
0.990894,0.009105,0.000001
0.003706,0.944627,0.051667
0.864318,0.133084,0.002599
0.648905,0.350921,0.000174
0.614318,0.385678,0.000004
0.019707,0.042641,0.937652
0.000215,0.000241,0.999543
0.993788,0.006212,0.000000
0.421957,0.574648,0.003395
0.534559,0.380834,0.084606
0.002082,0.000499,0.997418
0.944002,0.055995,0.000004
0.583670,0.416213,0.000116
0.688556,0.311426,0.000018
0.053107,0.127221,0.819672
0.989128,0.010872,0.000001
0.009527,0.097110,0.893363
0.096938,0.898331,0.004731
0.978214,0.021786,0.000000
0.903869,0.096055,0.000076
0.990811,0.009189,0.000000
0.992263,0.007719,0.000018
0.681552,0.318449,0.000000
0.155141,0.838572,0.006287
0.703279,0.296721,0.000000
0.002244,0.997748,0.000008
0.104470,0.578302,0.317229
0.053041,0.065978,0.880981
0.930125,0.069822,0.000053
0.990910,0.009090,0.000000
0.997076,0.002924,0.000000
0.028605,0.051170,0.920224
0.989401,0.010599,0.000000
0.337803,0.662195,0.000002
0.987533,0.012467,0.000000
0.013826,0.018350,0.967823
0.014835,0.200581,0.784584
0.410465,0.514154,0.075381
0.428932,0.569968,0.001099
0.996721,0.003279,0.000000
0.175307,0.561024,0.263668
0.059653,0.113733,0.826614
0.002304,0.934685,0.063011
0.001786,0.997545,0.000669
0.008859,0.037276,0.953865
0.975553,0.016442,0.008005
0.534535,0.455282,0.010183
0.990478,0.009522,0.000000
0.000238,0.000088,0.999674
0.039432,0.088938,0.871630
0.029528,0.408741,0.561731
0.067689,0.171110,0.761201
0.000103,0.000118,0.999779
0.093733,0.204568,0.701699
0.328259,0.670084,0.001657
0.346113,0.279314,0.374574
0.997883,0.002117,0.000000
0.624339,0.375661,0.000000
0.074697,0.803942,0.121361
0.991198,0.007363,0.001439
0.720979,0.274166,0.004855
0.212942,0.764079,0.022978
0.996740,0.003260,0.000000
0.008514,0.014501,0.976985
0.997829,0.002171,0.000000
0.997831,0.002169,0.000000
0.985704,0.014296,0.000000
0.983819,0.016180,0.000001
0.993557,0.006442,0.000000
0.012603,0.014846,0.972552
0.001737,0.005147,0.993116
0.555475,0.444427,0.000098
0.003233,0.996626,0.000141
0.553472,0.405421,0.041106
0.446959,0.553040,0.000001
0.982065,0.017391,0.000544
0.007091,0.008638,0.984271
0.938945,0.060817,0.000238
0.062628,0.658494,0.278878
0.961614,0.038386,0.000000
0.990278,0.009722,0.000000
0.463234,0.536761,0.000004
0.961224,0.035625,0.003151
0.359531,0.640365,0.000104
0.037329,0.065620,0.897051
0.488432,0.440895,0.070672
0.266834,0.292988,0.440178
0.002748,0.992651,0.004601
0.926745,0.070349,0.002905
0.158126,0.810697,0.031177
0.000072,0.000017,0.999912
0.995917,0.004083,0.000000
0.997816,0.002184,0.000000
0.972748,0.027252,0.000000
0.926293,0.073669,0.000039
0.996498,0.003502,0.000000
0.253205,0.458295,0.288500
0.005453,0.769290,0.225257
0.965671,0.034306,0.000023
0.571034,0.428966,0.000001
0.688470,0.311529,0.000000
0.907277,0.092486,0.000238
0.325066,0.347776,0.327158
0.674304,0.325395,0.000301
0.996083,0.003917,0.000000
0.995726,0.004274,0.000000
0.978775,0.020194,0.001031
0.246050,0.753891,0.000059
0.776841,0.223146,0.000013
0.494690,0.504749,0.000562
0.977663,0.022337,0.000000
0.506520,0.493480,0.000000
0.958147,0.041812,0.000041
0.450322,0.549675,0.000003
0.450480,0.517040,0.032479
0.994044,0.005957,0.000000
0.002583,0.997345,0.000073
0.310347,0.607102,0.082551
0.622870,0.232285,0.144845
0.543589,0.456248,0.000163
0.553636,0.446364,0.000000
0.029356,0.266401,0.704243
0.573260,0.426711,0.000029
0.002604,0.015669,0.981726
0.037578,0.191886,0.770536
0.898233,0.015000,0.086767
0.990977,0.009023,0.000001
0.445706,0.554291,0.000003
0.051098,0.093389,0.855512
0.026821,0.369397,0.603783
0.838875,0.140983,0.020142
0.016542,0.025745,0.957714
0.696352,0.303558,0.000090
0.995573,0.004426,0.000002
0.987177,0.012823,0.000000
0.993545,0.006454,0.000002
0.013930,0.906856,0.079214
0.004975,0.006516,0.988509
0.994139,0.005861,0.000000
0.914784,0.052507,0.032709
0.518243,0.481534,0.000223
0.466884,0.531809,0.001307
0.965274,0.034724,0.000001
0.755739,0.049021,0.195240
0.163249,0.836560,0.000192
0.985117,0.014877,0.000006
0.990738,0.009262,0.000000
0.006812,0.743901,0.249287
0.013088,0.984017,0.002895
0.980318,0.019516,0.000166
0.936393,0.063590,0.000018
0.432500,0.567498,0.000001
0.990821,0.009179,0.000000
0.983343,0.015889,0.000768
0.444266,0.555487,0.000248
0.505109,0.072757,0.422135
0.998455,0.001545,0.000000
0.606035,0.393964,0.000001
0.992560,0.007440,0.000000
0.001062,0.001134,0.997803
0.039045,0.510641,0.450314
0.004978,0.009900,0.985122
0.285577,0.706982,0.007441
0.410726,0.551246,0.038029
0.185402,0.376869,0.437730
0.951415,0.048584,0.000001
0.088586,0.703456,0.207958
0.974039,0.023790,0.002170
0.011638,0.072066,0.916295
0.000849,0.002524,0.996627
0.901721,0.028454,0.069825
0.035273,0.489877,0.474850
0.101194,0.668195,0.230611
0.000829,0.998738,0.000433
0.024969,0.049614,0.925417
0.657604,0.307738,0.034658
0.987550,0.012450,0.000000
0.002182,0.015151,0.982667
0.002223,0.003353,0.994425
0.589379,0.410437,0.000185
0.002864,0.994526,0.002610
0.024378,0.284286,0.691336
0.084168,0.498506,0.417326
0.990987,0.009013,0.000000
0.001288,0.998604,0.000108
0.004606,0.994951,0.000442
0.032602,0.316805,0.650593
0.002132,0.997304,0.000564
0.826023,0.173722,0.000254
0.000222,0.000052,0.999726
0.640780,0.358778,0.000442
0.450508,0.549492,0.000000
0.991077,0.008923,0.000000
0.001589,0.997319,0.001092
0.995988,0.004012,0.000000
0.970168,0.012376,0.017455
0.002130,0.945063,0.052807
0.523059,0.476940,0.000000
0.929914,0.070086,0.000000
0.019370,0.025665,0.954965
0.738840,0.261158,0.000002
0.000660,0.001946,0.997395
0.993333,0.006667,0.000000
0.473578,0.489587,0.036835
0.008920,0.005071,0.986009
0.242633,0.755710,0.001657
0.990189,0.009811,0.000000
0.014861,0.056112,0.929027
0.559777,0.440222,0.000000
0.459229,0.540756,0.000015
0.005505,0.985893,0.008602
0.289741,0.013319,0.696940
0.021968,0.436439,0.541593
0.996838,0.003162,0.000000
0.995830,0.004170,0.000000
0.068227,0.088967,0.842806
0.286681,0.711028,0.002290
0.001587,0.000617,0.997796
0.664024,0.333546,0.002430
0.995789,0.004211,0.000000
0.031842,0.345969,0.622189
0.998330,0.001670,0.000000
0.165551,0.757521,0.076927
0.942426,0.057573,0.000001
0.990008,0.009992,0.000000
0.196864,0.631862,0.171274
0.150996,0.848915,0.000089
0.693089,0.090664,0.216247
0.961453,0.038547,0.000000
0.965685,0.034303,0.000012
0.002491,0.987634,0.009875
0.559947,0.440050,0.000003
0.975684,0.019209,0.005107
0.991590,0.008338,0.000072
0.662374,0.335857,0.001769
0.981881,0.016757,0.001362
0.000832,0.000134,0.999034
0.724194,0.268399,0.007406
0.585377,0.413487,0.001136
0.985604,0.014396,0.000000
0.370208,0.629782,0.000010
0.676826,0.323174,0.000000
0.013798,0.882712,0.103490
0.021594,0.026023,0.952383
0.992362,0.007638,0.000000
0.277776,0.712112,0.010112
0.971770,0.026773,0.001457
0.018200,0.171718,0.810082
0.132057,0.200884,0.667059
0.992477,0.007492,0.000031
0.089829,0.381542,0.528629
0.154510,0.811663,0.033828
0.007187,0.954109,0.038704
0.021808,0.648970,0.329222
0.990177,0.003120,0.006703
0.498353,0.500692,0.000955
0.002873,0.995356,0.001771
0.463874,0.536125,0.000001
0.947085,0.043208,0.009707
0.353800,0.646123,0.000077
0.002337,0.997615,0.000048
0.395724,0.595713,0.008563
0.544499,0.455500,0.000001
0.956958,0.043027,0.000015
0.936065,0.063529,0.000406
0.785865,0.028026,0.186110
0.038409,0.208303,0.753287
0.078835,0.417293,0.503872
0.002686,0.001188,0.996126
0.655666,0.344334,0.000000
0.001857,0.998122,0.000021
0.004130,0.941670,0.054199
0.868880,0.013569,0.117550
0.087572,0.862726,0.049702
0.004927,0.994725,0.000348
0.000105,0.000025,0.999870
0.947599,0.052398,0.000004
0.046139,0.377351,0.576510
0.317648,0.682237,0.000116
0.792098,0.207847,0.000056
0.006154,0.992214,0.001632
0.940259,0.016253,0.043488
0.000026,0.000002,0.999972
0.365572,0.634421,0.000008
0.450644,0.548760,0.000597
0.015588,0.221297,0.763115
0.070630,0.630089,0.299281
0.604569,0.395431,0.000000
0.040022,0.548389,0.411589
0.945116,0.017161,0.037724
0.973026,0.026967,0.000007
0.997691,0.002310,0.000000
0.605754,0.393815,0.000430
0.557598,0.442402,0.000000
0.001093,0.994489,0.004417
0.958123,0.041877,0.000000
0.673243,0.326647,0.000110
0.035201,0.520194,0.444605
0.006456,0.006440,0.987104
0.995653,0.004347,0.000000
0.002513,0.996890,0.000597
0.997117,0.002883,0.000000
0.590037,0.409955,0.000008
0.578661,0.421339,0.000000
0.231564,0.755672,0.012764
0.708665,0.291334,0.000001
0.003388,0.996034,0.000578
0.005397,0.994234,0.000369
0.979057,0.020641,0.000302
0.881369,0.064913,0.053718
0.001379,0.000243,0.998378
0.020824,0.001675,0.977501
0.934239,0.011552,0.054208
0.405274,0.591801,0.002925
0.988807,0.011193,0.000000
0.130921,0.829993,0.039087
0.185746,0.227998,0.586255
0.008062,0.013195,0.978744
0.712549,0.287451,0.000000
0.087560,0.641033,0.271407
0.007004,0.022235,0.970761
0.998593,0.001407,0.000000
0.501957,0.427929,0.070114
0.981383,0.018617,0.000000
0.928912,0.051931,0.019158
0.010425,0.006422,0.983153
0.001708,0.996053,0.002239
0.914852,0.085005,0.000143
0.024940,0.414943,0.560116
0.825421,0.174478,0.000101
0.125797,0.108929,0.765274
0.025568,0.354953,0.619479
0.004992,0.013144,0.981864
0.024072,0.064901,0.911027
0.348408,0.424715,0.226877
0.096907,0.151177,0.751916
0.160593,0.745603,0.093803
0.002321,0.993982,0.003697
0.522630,0.477370,0.000000
0.325693,0.645905,0.028402
0.053587,0.455715,0.490697
0.024431,0.392135,0.583435
0.981361,0.018639,0.000000
0.847899,0.152057,0.000044
0.099861,0.110665,0.789475
0.006889,0.982136,0.010975
0.271322,0.728665,0.000013
0.996727,0.003273,0.000000
0.332045,0.011048,0.656908
0.619304,0.380696,0.000000
0.381367,0.262456,0.356177
0.993238,0.006755,0.000008
0.001678,0.994085,0.004238
0.125499,0.437355,0.437145
0.601627,0.398342,0.000032
0.997894,0.002106,0.000000
0.459640,0.540349,0.000012
0.000183,0.000098,0.999719
0.952360,0.047640,0.000000
0.992080,0.007920,0.000000
0.456932,0.543034,0.000034
0.303748,0.621291,0.074961
0.994657,0.005343,0.000000
0.994100,0.005900,0.000000
0.979018,0.020982,0.000000
0.998586,0.001414,0.000000
0.000471,0.000088,0.999442
0.476716,0.522779,0.000505
0.031855,0.449748,0.518396
0.095501,0.275068,0.629431
0.173032,0.740906,0.086062
0.256576,0.437247,0.306178
0.422514,0.577484,0.000002
0.547076,0.452918,0.000006
0.870177,0.122679,0.007145
0.977527,0.008079,0.014394
0.574441,0.425559,0.000000
0.994481,0.005519,0.000000
0.374045,0.624583,0.001372
0.003734,0.965091,0.031175
0.354219,0.613632,0.032149
0.021661,0.031756,0.946583
0.034366,0.239543,0.726091
0.021210,0.752578,0.226212
0.534291,0.465709,0.000000
0.854990,0.128268,0.016741
0.992779,0.007221,0.000000
0.042943,0.184848,0.772209
0.991663,0.008014,0.000322
0.000246,0.000017,0.999737
0.988936,0.010990,0.000074
0.449524,0.550409,0.000067
0.988865,0.011135,0.000000
0.000086,0.000153,0.999761
0.871006,0.091254,0.037740
0.271763,0.720675,0.007562
0.013123,0.015433,0.971444
0.971802,0.028198,0.000000
0.055013,0.500522,0.444465
0.992762,0.007238,0.000000
0.991665,0.004788,0.003548
0.693634,0.306365,0.000002
0.148439,0.364408,0.487153
0.998262,0.001738,0.000000
0.997485,0.002515,0.000000
0.995678,0.004322,0.000000
0.675678,0.324222,0.000101
0.030467,0.742688,0.226844
0.971067,0.025273,0.003660
0.009129,0.013499,0.977371
0.967985,0.032012,0.000003
0.659228,0.340772,0.000000
0.971005,0.027266,0.001729
0.559291,0.440707,0.000001
0.216287,0.603050,0.180663
0.994328,0.005672,0.000000
0.729422,0.270577,0.000002
0.050015,0.146153,0.803832
0.002984,0.992305,0.004711
0.001223,0.996089,0.002688
0.373526,0.039011,0.587463
0.997052,0.002948,0.000000
0.977782,0.021886,0.000332
0.558888,0.437397,0.003715
0.370465,0.600905,0.028629
0.063781,0.439821,0.496398
0.987596,0.012388,0.000016
0.797597,0.202403,0.000000
0.122787,0.838195,0.039018
0.943262,0.019031,0.037707
0.564927,0.435036,0.000038
0.001322,0.003751,0.994927
0.523911,0.476089,0.000000
0.311488,0.688441,0.000072
0.991676,0.008324,0.000000
0.010503,0.014982,0.974515
0.341986,0.657879,0.000134
0.800472,0.199528,0.000000
0.146380,0.745008,0.108612
0.756914,0.242403,0.000684
0.472629,0.520914,0.006457
0.183102,0.660451,0.156447
0.964253,0.022890,0.012857
0.901671,0.042957,0.055371
0.996170,0.003831,0.000000
0.997182,0.002797,0.000021
0.737058,0.262942,0.000000
0.538909,0.461089,0.000002
0.991629,0.008372,0.000000
0.247491,0.736527,0.015982
0.003532,0.990836,0.005631
0.992969,0.007031,0.000000
0.884102,0.115037,0.000861
0.987180,0.012820,0.000000
0.956198,0.043802,0.000000
0.444624,0.555375,0.000001
0.777327,0.036221,0.186452
0.008409,0.130808,0.860783
0.859532,0.031923,0.108544
0.894000,0.105989,0.000011
0.519328,0.475634,0.005037
0.003249,0.105636,0.891114
0.940623,0.059375,0.000002
0.013610,0.822522,0.163868
0.040689,0.062481,0.896831
0.001776,0.998171,0.000053
0.464985,0.525054,0.009961
0.950807,0.033123,0.016070
0.008258,0.931737,0.060005
0.983034,0.016965,0.000000
0.981315,0.018609,0.000076
0.904785,0.095128,0.000087
0.414626,0.585373,0.000001
0.953791,0.046209,0.000000
0.994530,0.005470,0.000000
0.016090,0.352640,0.631270
0.998087,0.001913,0.000000
0.457173,0.542820,0.000007
0.007367,0.007452,0.985180
0.998392,0.001608,0.000000
0.995950,0.004050,0.000000
0.514910,0.481961,0.003129
0.958007,0.040981,0.001011
0.033830,0.286443,0.679727
0.000076,0.000007,0.999918
0.761106,0.238893,0.000000
0.932946,0.066713,0.000340
0.547876,0.452123,0.000001
0.013340,0.031932,0.954727
0.002465,0.989706,0.007830
0.523368,0.476578,0.000054
0.016167,0.016078,0.967755
0.867516,0.132258,0.000226
0.016794,0.064086,0.919121
0.022787,0.123842,0.853370
0.484363,0.514733,0.000904
0.978838,0.021162,0.000000
0.041547,0.577696,0.380758
0.001390,0.001433,0.997177
0.947954,0.052046,0.000000
0.495069,0.504931,0.000000
0.711850,0.287123,0.001027
0.983067,0.016691,0.000243
0.995587,0.004413,0.000000
0.948277,0.051723,0.000000
0.009671,0.031812,0.958517
0.525725,0.324637,0.149638
0.035362,0.144804,0.819834
0.618374,0.334112,0.047514
0.498536,0.500763,0.000702
0.350936,0.518825,0.130239
0.984601,0.015399,0.000000
0.974137,0.025752,0.000111
0.987216,0.012784,0.000000
0.998634,0.001366,0.000000
0.009837,0.021840,0.968323
0.995108,0.004892,0.000000
0.000517,0.000171,0.999312
0.977287,0.022713,0.000000
0.983760,0.016240,0.000000
0.663031,0.335732,0.001237
0.863723,0.126836,0.009441
0.053358,0.512171,0.434471
0.940826,0.057314,0.001860
0.962391,0.037609,0.000000
0.990796,0.009203,0.000000
0.171174,0.634636,0.194190
0.439549,0.348273,0.212178
0.974961,0.025039,0.000000
0.012674,0.291187,0.696139
0.030547,0.472330,0.497123
0.001342,0.001636,0.997023
0.994991,0.005006,0.000004
0.065963,0.622134,0.311903
0.068067,0.456143,0.475790
0.199526,0.720325,0.080149
0.986545,0.013455,0.000000
0.882709,0.117236,0.000056
0.997168,0.002832,0.000000
0.552104,0.447008,0.000888
0.252184,0.747205,0.000611
0.693078,0.306922,0.000000
0.002297,0.997573,0.000130
0.059853,0.082768,0.857379
0.002080,0.041601,0.956319
0.989855,0.009484,0.000661
0.044021,0.471534,0.484445
0.027616,0.038134,0.934249
0.019797,0.364237,0.615966
0.488357,0.510175,0.001467
0.008109,0.003097,0.988794
0.098616,0.787641,0.113742
0.050244,0.494684,0.455072
0.782145,0.177176,0.040678
0.040549,0.065381,0.894070
0.889390,0.098757,0.011852
0.025377,0.035735,0.938888
0.163636,0.689957,0.146407
0.047165,0.495909,0.456927
0.139698,0.858574,0.001728
0.568215,0.431784,0.000000
0.735953,0.264047,0.000000
0.517903,0.482094,0.000003
0.002419,0.984796,0.012786
0.584541,0.414741,0.000718
0.703939,0.296060,0.000000
0.994030,0.005970,0.000000
0.445399,0.554585,0.000016
0.075616,0.152870,0.771514
0.976058,0.014079,0.009863
0.993935,0.006065,0.000000
0.997523,0.002477,0.000001
0.001679,0.998315,0.000006
0.995414,0.004586,0.000000
0.995660,0.004340,0.000000
0.134404,0.690896,0.174699
0.982551,0.017449,0.000000
0.994820,0.005180,0.000000
0.998319,0.001681,0.000000
0.746651,0.253348,0.000000
0.600136,0.399816,0.000048
0.297709,0.702290,0.000001
0.005072,0.665492,0.329437
0.965751,0.011345,0.022904
