0.069246,0.720957,0.209797
0.013195,0.654716,0.332089
0.972149,0.027850,0.000000
0.923664,0.076019,0.000317
0.990102,0.009898,0.000000
0.147424,0.679643,0.172933
0.000896,0.002269,0.996836
0.214476,0.785518,0.000006
0.395952,0.602733,0.001315
0.439385,0.522547,0.038068
0.994498,0.005501,0.000001
0.597153,0.301759,0.101088
0.832751,0.162727,0.004522
0.056671,0.470879,0.472449
0.994514,0.005486,0.000000
0.403213,0.589975,0.006811
0.115209,0.532533,0.352259
0.989247,0.010753,0.000000
0.991535,0.008465,0.000000
0.996683,0.003317,0.000000
0.003187,0.992476,0.004337
0.988359,0.011641,0.000000
0.012284,0.405788,0.581929
0.948502,0.051498,0.000000
0.000052,0.000108,0.999840
0.336060,0.191013,0.472927
0.991397,0.008603,0.000000
0.993497,0.006504,0.000000
0.480919,0.302783,0.216298
0.314397,0.366716,0.318887
0.607365,0.392634,0.000001
0.789496,0.198101,0.012403
0.284025,0.715971,0.000004
0.983621,0.016379,0.000000
0.520032,0.479911,0.000057
0.000058,0.000159,0.999783
0.824529,0.173055,0.002416
0.243363,0.321303,0.435334
0.405913,0.584394,0.009693
0.034099,0.155451,0.810450
0.979010,0.020991,0.000000
0.598541,0.401426,0.000033
0.000070,0.000087,0.999844
0.298640,0.701353,0.000008
0.990138,0.009862,0.000000
0.995483,0.004517,0.000000
0.345902,0.543500,0.110598
0.996824,0.003177,0.000000
0.013787,0.101426,0.884787
0.006294,0.970984,0.022721
0.968791,0.031170,0.000039
0.828571,0.171419,0.000009
0.000868,0.998338,0.000794
0.023570,0.112593,0.863837
0.005104,0.208633,0.786262
0.052574,0.447990,0.499436
0.332864,0.667043,0.000093
0.057938,0.267707,0.674354
0.990591,0.009409,0.000000
0.764485,0.203961,0.031554
0.298072,0.681230,0.020698
0.165105,0.327789,0.507106
0.399035,0.154913,0.446052
0.993163,0.006837,0.000000
0.065899,0.478156,0.455945
0.472463,0.527536,0.000001
0.500599,0.498866,0.000535
0.004276,0.988732,0.006992
0.050906,0.396155,0.552939
0.506346,0.493416,0.000238
0.016812,0.546653,0.436535
0.014454,0.081562,0.903984
0.966668,0.033329,0.000002
0.358006,0.620984,0.021010
0.982358,0.017642,0.000001
0.984183,0.015817,0.000000
0.223914,0.776085,0.000001
0.962664,0.037336,0.000000
0.001429,0.993541,0.005030
0.030693,0.161141,0.808165
0.955381,0.044573,0.000046
0.666530,0.289160,0.044309
0.996013,0.003987,0.000000
0.171998,0.827693,0.000309
0.246024,0.752732,0.001244
0.002365,0.995978,0.001657
0.994814,0.005186,0.000000
0.143597,0.829424,0.026979
0.666865,0.332835,0.000299
0.013798,0.108721,0.877480
0.468074,0.531914,0.000012
0.289920,0.663338,0.046742
0.022005,0.253430,0.724565
0.001801,0.998151,0.000049
0.161758,0.830212,0.008030
0.985427,0.014573,0.000000
0.788720,0.200655,0.010626
0.464007,0.535602,0.000391
0.368210,0.631775,0.000015
0.995221,0.004779,0.000000
0.001293,0.989200,0.009508
0.377258,0.622737,0.000005
0.927290,0.072708,0.000002
0.427289,0.551810,0.020902
0.039808,0.390949,0.569244
0.993242,0.006758,0.000000
0.006816,0.244290,0.748894
0.005171,0.938295,0.056534
0.947493,0.051007,0.001500
0.019388,0.511509,0.469102
0.127361,0.394758,0.477881
0.456884,0.542897,0.000219
0.989657,0.010343,0.000000
0.023104,0.267532,0.709364
0.017131,0.060626,0.922244
0.946422,0.053578,0.000000
0.966646,0.029406,0.003948
0.995476,0.004524,0.000000
0.985035,0.014909,0.000056
0.203589,0.741759,0.054652
0.995318,0.004682,0.000000
0.985580,0.014420,0.000000
0.893753,0.106247,0.000000
0.982099,0.017901,0.000000
0.130272,0.868524,0.001204
0.518403,0.480079,0.001517
0.034109,0.313628,0.652264
0.108915,0.444650,0.446435
0.412210,0.587789,0.000001
0.032692,0.071819,0.895488
0.041291,0.460501,0.498208
0.023108,0.335721,0.641171
0.326820,0.673176,0.000004
0.005440,0.011367,0.983193
0.725976,0.273488,0.000536
0.002325,0.005698,0.991977
0.000301,0.000912,0.998787
0.005914,0.980082,0.014004
0.000833,0.997013,0.002155
0.976635,0.023365,0.000000
0.005805,0.001835,0.992360
0.001824,0.924790,0.073386
0.123140,0.030193,0.846667
0.347917,0.651646,0.000437
0.103465,0.783401,0.113133
0.770303,0.229317,0.000379
0.980161,0.018701,0.001138
0.008777,0.095204,0.896019
0.160399,0.805392,0.034209
0.992297,0.007704,0.000000
0.976765,0.023235,0.000000
0.963137,0.036860,0.000003
0.982101,0.017899,0.000000
0.087252,0.892707,0.020041
0.004238,0.989575,0.006186
0.001294,0.024514,0.974193
0.638755,0.198260,0.162985
0.021177,0.053525,0.925297
0.994186,0.005814,0.000000
0.019706,0.051140,0.929154
0.995070,0.004930,0.000000
0.143217,0.847943,0.008839
0.995649,0.004350,0.000001
0.983302,0.016698,0.000000
0.216067,0.783864,0.000068
0.023161,0.431317,0.545522
0.007065,0.917701,0.075234
0.003414,0.994454,0.002132
0.985531,0.014469,0.000000
0.990502,0.009497,0.000000
0.315880,0.659710,0.024409
0.147452,0.834126,0.018421
0.000195,0.000769,0.999036
0.983661,0.016338,0.000001
0.078213,0.248444,0.673343
0.123369,0.747151,0.129480
0.003251,0.970197,0.026552
0.505756,0.493750,0.000493
0.985793,0.014146,0.000061
0.031249,0.676389,0.292362
0.992165,0.007835,0.000000
0.024028,0.690402,0.285570
0.363678,0.636319,0.000003
0.559757,0.295503,0.144740
0.995767,0.004233,0.000000
0.948369,0.051536,0.000095
0.000743,0.000941,0.998316
0.116078,0.816700,0.067223
0.991242,0.008758,0.000000
0.282495,0.717504,0.000001
0.182768,0.816929,0.000303
0.333882,0.665114,0.001004
0.003410,0.994467,0.002123
0.988849,0.011150,0.000000
0.001827,0.004968,0.993205
0.978188,0.018032,0.003780
0.366382,0.632644,0.000973
0.661363,0.088193,0.250444
0.000175,0.000646,0.999179
0.182208,0.817610,0.000182
0.030237,0.081391,0.888372
0.992057,0.007943,0.000000
0.984302,0.015698,0.000000
0.985445,0.014555,0.000000
0.111371,0.622649,0.265980
0.000075,0.000209,0.999716
0.963001,0.036782,0.000217
0.007466,0.982828,0.009706
0.005310,0.019213,0.975476
0.190991,0.488410,0.320600
0.104551,0.754165,0.141283
0.400306,0.588798,0.010896
0.242396,0.757538,0.000066
0.877590,0.040526,0.081884
0.926059,0.071187,0.002754
0.952769,0.047227,0.000004
0.991266,0.008734,0.000000
0.005796,0.105432,0.888772
0.177151,0.820494,0.002354
0.992504,0.007496,0.000000
0.932352,0.067648,0.000000
0.365281,0.598456,0.036263
0.014272,0.503628,0.482100
0.001188,0.960703,0.038109
0.733098,0.263237,0.003665
0.981458,0.018542,0.000000
0.057869,0.269518,0.672613
0.949433,0.050490,0.000077
0.979014,0.020984,0.000002
0.297031,0.702937,0.000031
0.417647,0.582332,0.000021
0.234987,0.758456,0.006557
0.030416,0.419951,0.549633
0.976214,0.023786,0.000000
0.976485,0.023512,0.000002
0.632439,0.320750,0.046812
0.309413,0.690582,0.000005
0.343887,0.656063,0.000050
0.118737,0.474422,0.406841
0.993347,0.006653,0.000000
0.501305,0.495075,0.003620
0.992926,0.007074,0.000000
0.940636,0.059328,0.000037
0.269278,0.725442,0.005280
0.046753,0.294229,0.659018
0.438311,0.530253,0.031436
0.993233,0.006767,0.000000
0.251648,0.727690,0.020662
0.003389,0.990721,0.005890
0.986412,0.013588,0.000000
0.148749,0.389499,0.461752
0.940810,0.051063,0.008127
0.057135,0.441723,0.501142
0.957444,0.042531,0.000025
0.323821,0.675011,0.001168
0.194789,0.778944,0.026267
0.396243,0.603703,0.000054
0.200429,0.798992,0.000579
0.012889,0.057627,0.929484
0.082022,0.447592,0.470386
0.983889,0.016111,0.000000
0.025838,0.754293,0.219869
0.053195,0.511235,0.435570
0.995411,0.004589,0.000000
0.004230,0.955870,0.039901
0.001247,0.991448,0.007304
0.017696,0.517175,0.465129
0.251781,0.748185,0.000034
0.482835,0.478812,0.038353
0.002033,0.994007,0.003961
0.418288,0.581697,0.000016
0.011967,0.056430,0.931603
0.103641,0.247364,0.648994
0.976567,0.023433,0.000000
0.032333,0.372125,0.595542
0.506733,0.136563,0.356704
0.016710,0.043422,0.939868
0.002781,0.992616,0.004603
0.631998,0.120280,0.247722
0.146655,0.838498,0.014848
0.071497,0.361735,0.566767
0.875972,0.122087,0.001941
0.984042,0.015958,0.000000
0.314700,0.685023,0.000276
0.776224,0.223476,0.000301
0.267540,0.267697,0.464763
0.990258,0.009742,0.000000
0.995081,0.004919,0.000000
0.100456,0.648960,0.250584
0.419023,0.297440,0.283537
0.980456,0.019544,0.000000
0.006162,0.017249,0.976589
0.015105,0.537435,0.447460
0.989991,0.010009,0.000000
0.720010,0.220761,0.059228
0.985863,0.014133,0.000004
0.963281,0.036719,0.000000
0.980226,0.019761,0.000013
0.174273,0.825722,0.000005
0.971685,0.028315,0.000000
0.079129,0.248884,0.671987
0.996721,0.003279,0.000000
0.112540,0.741749,0.145711
0.997319,0.002681,0.000000
0.991287,0.008713,0.000000
0.062837,0.187401,0.749762
0.303360,0.683677,0.012963
0.995483,0.004517,0.000000
0.729397,0.266041,0.004562
0.313332,0.686632,0.000036
0.540413,0.459421,0.000166
0.934463,0.065536,0.000000
0.005274,0.026898,0.967828
0.005182,0.868874,0.125944
0.011991,0.035272,0.952737
0.990064,0.009936,0.000000
0.149319,0.810599,0.040081
0.000234,0.000715,0.999051
0.873384,0.126211,0.000404
0.989683,0.010317,0.000000
0.994277,0.005723,0.000000
0.994670,0.005330,0.000000
0.984493,0.015507,0.000000
0.001934,0.011052,0.987013
0.704629,0.295174,0.000197
0.969754,0.030246,0.000000
0.155700,0.843943,0.000357
0.011582,0.853435,0.134983
0.521643,0.478045,0.000311
0.958106,0.037861,0.004032
0.993656,0.006344,0.000000
0.985362,0.014638,0.000000
0.102040,0.202455,0.695505
0.385770,0.602981,0.011249
0.025063,0.054314,0.920623
0.002726,0.012215,0.985059
0.985834,0.014166,0.000000
0.954638,0.045361,0.000002
0.011587,0.036907,0.951506
0.473437,0.526563,0.000000
0.961277,0.038704,0.000018
0.006998,0.982449,0.010553
0.977552,0.022447,0.000001
0.149333,0.850629,0.000038
0.006041,0.171148,0.822811
0.780502,0.208443,0.011055
0.803459,0.195934,0.000606
0.214387,0.784631,0.000982
0.327338,0.672618,0.000044
0.967480,0.032518,0.000002
0.979337,0.020663,0.000000
0.305645,0.621252,0.073103
0.005724,0.992058,0.002218
0.871004,0.128993,0.000003
0.368825,0.554069,0.077106
0.381146,0.618842,0.000012
0.000125,0.000285,0.999591
0.207900,0.789967,0.002133
0.871800,0.117291,0.010908
0.795533,0.194314,0.010153
0.982875,0.017125,0.000000
0.000367,0.001647,0.997986
0.373089,0.411625,0.215286
0.010655,0.037824,0.951521
0.994775,0.005224,0.000001
0.947778,0.052106,0.000116
0.180414,0.803569,0.016017
0.013175,0.677987,0.308838
0.990464,0.009514,0.000022
0.102951,0.744327,0.152722
0.069379,0.522789,0.407832
0.473761,0.526199,0.000040
0.978503,0.021497,0.000000
0.934219,0.065781,0.000000
0.995116,0.004884,0.000000
0.009189,0.028722,0.962088
0.600216,0.330670,0.069114
0.139638,0.860356,0.000006
0.943105,0.055801,0.001093
0.001609,0.023769,0.974622
0.993740,0.006259,0.000000
0.052683,0.554502,0.392815
0.527615,0.472382,0.000003
0.014219,0.109947,0.875834
0.243284,0.750142,0.006573
0.049925,0.276067,0.674008
0.004940,0.969104,0.025956
0.007926,0.692644,0.299430
0.196698,0.731020,0.072282
0.959611,0.040389,0.000000
0.615805,0.381619,0.002576
0.482245,0.517754,0.000000
0.001426,0.996229,0.002345
0.961480,0.038340,0.000180
0.002879,0.995980,0.001141
0.989086,0.010914,0.000000
0.000781,0.986095,0.013124
0.006664,0.101214,0.892122
0.513855,0.478373,0.007772
0.018502,0.260268,0.721230
0.022905,0.496341,0.480754
0.246239,0.753757,0.000004
0.545192,0.454807,0.000001
0.979630,0.020369,0.000000
0.697718,0.290394,0.011887
0.322114,0.572621,0.105264
0.016643,0.461040,0.522317
0.491089,0.506538,0.002374
0.938313,0.061654,0.000033
0.006256,0.277664,0.716080
0.395474,0.604505,0.000020
0.989111,0.010889,0.000000
0.267016,0.723028,0.009956
0.490986,0.507382,0.001632
0.025236,0.419382,0.555382
0.000096,0.000357,0.999547
0.006146,0.021164,0.972691
0.689375,0.310157,0.000468
0.992470,0.007530,0.000000
0.968584,0.022562,0.008854
0.926000,0.073040,0.000960
0.684032,0.313566,0.002402
0.523027,0.252977,0.223996
0.358118,0.611498,0.030384
0.980652,0.019043,0.000305
0.001960,0.996599,0.001441
0.390054,0.609944,0.000001
0.000290,0.000222,0.999488
0.424669,0.575323,0.000008
0.937295,0.062668,0.000037
0.593068,0.406475,0.000458
0.984317,0.015683,0.000000
0.163725,0.738039,0.098236
0.968610,0.031390,0.000000
0.817251,0.182692,0.000056
0.363222,0.627018,0.009760
0.944495,0.055505,0.000000
0.005617,0.109306,0.885077
0.003170,0.968794,0.028036
0.458794,0.540443,0.000763
0.374030,0.591417,0.034553
0.008833,0.989718,0.001449
0.022840,0.104301,0.872859
0.994643,0.005357,0.000000
0.003053,0.995440,0.001506
0.294848,0.672166,0.032986
0.038221,0.676358,0.285421
0.001894,0.996061,0.002045
0.097308,0.704462,0.198230
0.084564,0.026275,0.889161
0.014988,0.273640,0.711372
0.986177,0.013823,0.000000
0.240009,0.755506,0.004485
0.000068,0.000107,0.999825
0.116974,0.405019,0.478007
0.975497,0.021132,0.003370
0.011873,0.030884,0.957243
0.444459,0.555268,0.000273
0.000079,0.000022,0.999900
0.001420,0.998432,0.000148
0.300158,0.276607,0.423235
0.043778,0.259905,0.696317
0.928677,0.028683,0.042640
0.034024,0.512233,0.453743
0.012253,0.104071,0.883676
0.888425,0.111574,0.000001
0.021093,0.058540,0.920367
0.001951,0.003721,0.994328
0.478339,0.482830,0.038832
0.967937,0.032036,0.000026
0.993895,0.006105,0.000000
0.983581,0.015000,0.001419
0.007914,0.039268,0.952817
0.462666,0.374702,0.162632
0.003132,0.887931,0.108937
0.994944,0.005056,0.000000
0.075342,0.923860,0.000798
0.994595,0.005405,0.000000
0.029197,0.071654,0.899149
0.349954,0.650045,0.000001
0.990001,0.009999,0.000000
0.427084,0.572820,0.000096
0.450302,0.549695,0.000003
0.000708,0.998525,0.000766
0.987654,0.012346,0.000000
0.686809,0.229638,0.083554
0.495558,0.502268,0.002174
0.981904,0.018096,0.000000
0.354695,0.645305,0.000000
0.985612,0.014388,0.000000
0.403741,0.590987,0.005272
0.536784,0.426228,0.036988
0.896525,0.103455,0.000020
0.002028,0.995887,0.002084
0.926527,0.071334,0.002139
0.923670,0.076136,0.000195
0.006691,0.037777,0.955532
0.396437,0.218859,0.384704
0.724930,0.272494,0.002575
0.438918,0.534153,0.026930
0.000987,0.979587,0.019426
0.990910,0.009087,0.000003
0.005770,0.002657,0.991573
0.299499,0.700439,0.000062
0.995307,0.004693,0.000000
0.682698,0.317265,0.000038
0.915307,0.070768,0.013924
0.057717,0.741766,0.200517
0.000525,0.002420,0.997056
0.012697,0.033444,0.953859
0.146275,0.853628,0.000097
0.340482,0.659516,0.000002
0.877093,0.122902,0.000005
0.996273,0.003727,0.000000
0.986708,0.013292,0.000000
0.154676,0.845308,0.000016
0.000880,0.996336,0.002784
0.000232,0.000073,0.999696
0.987142,0.012858,0.000000
0.497313,0.502249,0.000438
0.251748,0.668802,0.079450
0.022714,0.063397,0.913889
0.166425,0.505415,0.328160
0.027534,0.046893,0.925573
0.458233,0.541346,0.000421
0.001598,0.997270,0.001131
0.031243,0.163044,0.805713
0.004134,0.981103,0.014763
0.007395,0.255966,0.736639
0.978806,0.021194,0.000000
0.924429,0.075258,0.000313
0.940399,0.058444,0.001158
0.975586,0.024414,0.000000
0.002971,0.051780,0.945249
0.111462,0.806538,0.082000
0.650819,0.115599,0.233582
0.162417,0.675634,0.161950
0.029885,0.409427,0.560688
0.281351,0.718646,0.000003
0.597548,0.402447,0.000005
0.988142,0.011856,0.000001
0.656439,0.343553,0.000008
0.000015,0.000017,0.999968
0.029385,0.118865,0.851750
0.947096,0.052904,0.000001
0.608134,0.389356,0.002510
0.983623,0.016377,0.000000
0.006992,0.532813,0.460195
0.807809,0.189616,0.002575
0.187875,0.725591,0.086534
0.172075,0.612642,0.215283
0.980079,0.018514,0.001407
0.001960,0.996481,0.001559
0.008140,0.961289,0.030571
0.775999,0.211838,0.012163
0.945799,0.054201,0.000000
0.156101,0.706517,0.137381
0.988884,0.011116,0.000000
0.396976,0.603020,0.000004
0.000205,0.000235,0.999559
0.003684,0.133645,0.862671
0.001593,0.949868,0.048539
0.000074,0.000074,0.999853
0.268819,0.731160,0.000021
0.012241,0.042893,0.944866
0.681578,0.152073,0.166348
0.912550,0.081773,0.005677
0.235135,0.686490,0.078375
0.988105,0.011895,0.000000
0.993787,0.006213,0.000000
0.820675,0.179261,0.000064
0.968610,0.031390,0.000000
0.000718,0.019805,0.979477
0.934375,0.065625,0.000000
0.195714,0.706093,0.098192
0.000943,0.002486,0.996571
0.707279,0.233876,0.058845
0.001715,0.947224,0.051060
0.985310,0.014690,0.000000
0.103907,0.895019,0.001074
0.313210,0.686788,0.000002
0.503295,0.308232,0.188473
0.167693,0.419584,0.412722
0.871597,0.121556,0.006847
0.331674,0.667869,0.000457
0.371941,0.626500,0.001559
0.477496,0.519214,0.003289
0.994518,0.005482,0.000000
0.005185,0.942671,0.052144
0.848201,0.150680,0.001120
0.409942,0.584669,0.005389
0.026990,0.117049,0.855961
0.415259,0.584739,0.000002
0.947699,0.022681,0.029620
0.023316,0.040811,0.935873
0.996211,0.003789,0.000000
0.009744,0.532995,0.457262
0.005169,0.978655,0.016176
0.216901,0.783094,0.000005
0.001252,0.991061,0.007687
0.795577,0.197548,0.006875
0.919471,0.080070,0.000459
0.391885,0.608103,0.000011
0.022572,0.513344,0.464084
0.622651,0.289431,0.087917
0.151452,0.847855,0.000693
0.997480,0.002520,0.000000
0.384744,0.612146,0.003110
0.977633,0.022367,0.000000
0.810322,0.180889,0.008789
0.001571,0.000626,0.997803
0.118968,0.355095,0.525937
0.076061,0.364888,0.559051
0.005336,0.089229,0.905436
0.994155,0.005845,0.000000
0.019902,0.074322,0.905776
0.004376,0.954403,0.041221
0.203153,0.796838,0.000008
0.950639,0.046587,0.002774
0.976590,0.023406,0.000004
0.989281,0.010670,0.000049
0.030262,0.117795,0.851943
0.888188,0.109190,0.002622
0.009179,0.020990,0.969830
0.949627,0.050373,0.000000
0.348357,0.651546,0.000097
0.009117,0.033699,0.957183
0.561344,0.438656,0.000000
0.979631,0.020368,0.000000
0.001317,0.998213,0.000470
0.000352,0.001062,0.998586
0.939827,0.060172,0.000000
0.623055,0.376496,0.000450
0.969838,0.030150,0.000011
0.000023,0.000034,0.999943
0.203729,0.796226,0.000044
0.991629,0.008345,0.000026
0.142355,0.157394,0.700251
0.921636,0.070856,0.007508
0.079389,0.580754,0.339857
0.004935,0.087077,0.907988
0.985603,0.014397,0.000000
0.158111,0.841609,0.000280
0.301000,0.542553,0.156447
0.718377,0.095816,0.185807
0.035931,0.107986,0.856083
0.783101,0.071639,0.145259
0.155318,0.750903,0.093779
0.000533,0.999129,0.000338
0.993839,0.006161,0.000000
0.414604,0.521134,0.064262
0.010650,0.271021,0.718329
0.277767,0.693022,0.029211
0.933037,0.066963,0.000000
0.314977,0.660289,0.024734
0.001477,0.987710,0.010813
0.995130,0.004869,0.000001
0.086401,0.552587,0.361013
0.954632,0.045368,0.000000
0.054978,0.346392,0.598630
0.947348,0.052298,0.000355
0.000894,0.008123,0.990983
0.636407,0.320280,0.043313
0.996527,0.003473,0.000000
0.005825,0.771824,0.222351
0.535506,0.463928,0.000566
0.978154,0.021844,0.000002
0.042223,0.514342,0.443435
0.170051,0.719901,0.110047
0.867420,0.132572,0.000008
0.930473,0.069472,0.000056
0.151512,0.169333,0.679155
0.007127,0.984887,0.007986
0.346953,0.651931,0.001116
0.528708,0.471290,0.000002
0.993132,0.006868,0.000000
0.988073,0.011927,0.000001
0.001015,0.989801,0.009184
0.379412,0.620453,0.000135
0.186804,0.594171,0.219025
0.018528,0.144418,0.837053
0.991018,0.008979,0.000003
0.003157,0.129004,0.867839
0.989567,0.010430,0.000003
0.979366,0.020634,0.000000
0.977502,0.022498,0.000000
0.968145,0.031854,0.000002
0.002930,0.978909,0.018161
0.724294,0.155113,0.120594
0.000055,0.000038,0.999907
0.990948,0.009052,0.000000
0.136104,0.769727,0.094169
0.110185,0.440085,0.449730
0.001363,0.937405,0.061232
0.000577,0.002048,0.997375
0.357636,0.642347,0.000017
0.000031,0.000018,0.999952
0.087980,0.521614,0.390406
0.017066,0.111439,0.871495
0.036378,0.563289,0.400334
0.193010,0.697151,0.109840
0.944112,0.055887,0.000000
0.993788,0.006210,0.000002
0.005429,0.163958,0.830613
0.503444,0.288752,0.207803
0.077505,0.286430,0.636066
0.011632,0.187864,0.800504
0.120308,0.555116,0.324576
0.321256,0.674058,0.004686
0.057843,0.167332,0.774825
0.993965,0.006035,0.000000
0.001491,0.964486,0.034023
0.016640,0.070862,0.912498
0.203412,0.773729,0.022859
0.374748,0.625251,0.000001
0.140166,0.325130,0.534703
0.030441,0.063703,0.905856
0.677565,0.322160,0.000275
0.994393,0.005607,0.000000
0.003340,0.007245,0.989415
0.002469,0.995086,0.002445
0.194278,0.635791,0.169932
0.991609,0.008391,0.000000
0.759989,0.229651,0.010360
0.026687,0.571839,0.401474
0.351996,0.647869,0.000135
0.665605,0.334227,0.000168
0.218938,0.764007,0.017056
0.496220,0.284192,0.219589
0.989677,0.010322,0.000001
0.251042,0.748913,0.000044
0.002620,0.994651,0.002729
0.360076,0.639919,0.000005
0.534883,0.464975,0.000142
0.229436,0.612199,0.158365
0.341422,0.657781,0.000796
0.218261,0.781735,0.000005
0.545137,0.152678,0.302185
0.754304,0.086696,0.159000
0.418964,0.553966,0.027070
0.434301,0.554158,0.011541
0.019740,0.471881,0.508379
0.927154,0.072832,0.000013
0.055139,0.517495,0.427366
0.942912,0.057088,0.000001
0.994714,0.005286,0.000000
0.311467,0.688523,0.000009
0.001414,0.998439,0.000147
0.917222,0.082028,0.000750
0.289755,0.676619,0.033626
0.030910,0.544380,0.424710
0.993261,0.006732,0.000008
0.418879,0.581118,0.000003
0.353307,0.646692,0.000001
0.142659,0.838380,0.018960
0.003933,0.001038,0.995028
0.001002,0.966915,0.032084
0.737774,0.255300,0.006925
0.008928,0.578555,0.412517
0.561013,0.438054,0.000933
0.000506,0.995245,0.004249
0.728102,0.271756,0.000143
0.520353,0.478853,0.000795
0.746671,0.242918,0.010410
0.326407,0.672991,0.000602
0.147208,0.852639,0.000153
0.173274,0.826720,0.000006
0.988520,0.011480,0.000000
0.493169,0.506582,0.000248
0.014601,0.042483,0.942916
0.308434,0.691311,0.000255
0.326251,0.070616,0.603134
0.568228,0.431762,0.000010
0.994264,0.005736,0.000000
0.369071,0.630885,0.000045
0.096957,0.465310,0.437734
0.035849,0.183130,0.781021
0.000484,0.000778,0.998738
0.525057,0.373969,0.100974
0.221225,0.762018,0.016757
0.134960,0.864984,0.000056
0.527287,0.432882,0.039831
0.989147,0.010853,0.000000
0.925029,0.074971,0.000001
0.107480,0.431763,0.460756
0.000649,0.996295,0.003056
0.690443,0.282563,0.026994
0.925349,0.073352,0.001299
0.995327,0.004673,0.000000
0.000028,0.000057,0.999915
0.053029,0.407603,0.539367
0.001554,0.987077,0.011368
0.986689,0.013311,0.000000
0.009187,0.518442,0.472371
0.005575,0.065863,0.928562
0.980445,0.017251,0.002304
0.043748,0.653686,0.302566
0.071362,0.827964,0.100673
0.995724,0.004276,0.000000
0.296482,0.693110,0.010408
0.002767,0.975806,0.021427
0.561004,0.438996,0.000000
0.000818,0.015458,0.983724
0.440157,0.559418,0.000425
0.994608,0.005392,0.000000
0.647582,0.351915,0.000503
0.088303,0.802234,0.109463
0.000896,0.004513,0.994590
0.995653,0.004347,0.000000
0.997465,0.002535,0.000000
0.458018,0.537724,0.004258
0.000984,0.921414,0.077602
0.111778,0.887846,0.000376
0.990442,0.009558,0.000000
0.973838,0.026162,0.000000
0.994387,0.005613,0.000000
0.399229,0.600767,0.000004
0.747194,0.252558,0.000248
0.994504,0.005496,0.000000
0.982953,0.017047,0.000000
0.645970,0.186685,0.167345
0.000175,0.000190,0.999636
0.970852,0.029146,0.000002
0.331704,0.668278,0.000018
0.967895,0.032105,0.000000
0.421379,0.576327,0.002294
0.928798,0.070925,0.000277
0.000361,0.001674,0.997964
0.570236,0.346817,0.082947
0.439275,0.532327,0.028398
0.993842,0.006158,0.000000
0.401900,0.596789,0.001311
0.993365,0.006635,0.000000
0.390165,0.609222,0.000613
0.987737,0.012263,0.000000
0.995260,0.004740,0.000000
0.995200,0.004800,0.000000
0.983380,0.016620,0.000000
0.951527,0.048454,0.000018
0.023131,0.276512,0.700357
0.004274,0.028652,0.967074
0.974239,0.025760,0.000001
0.298010,0.701817,0.000173
0.390481,0.609518,0.000000
0.707148,0.241939,0.050913
0.003575,0.013834,0.982591
0.991129,0.008857,0.000015
0.001756,0.984362,0.013883
0.993009,0.006991,0.000000
0.426253,0.573742,0.000005
0.087583,0.598194,0.314224
0.001954,0.995761,0.002285
0.038889,0.094692,0.866418
0.002069,0.992473,0.005458
0.461755,0.482361,0.055884
0.005674,0.522365,0.471960
0.032120,0.503504,0.464376
0.006286,0.917317,0.076397
0.921070,0.078771,0.000158
0.221888,0.651777,0.126334
0.000777,0.000571,0.998652
0.989942,0.010057,0.000000
0.035891,0.298054,0.666055
0.269574,0.728508,0.001918
0.003276,0.939809,0.056915
0.994888,0.005112,0.000000
0.000351,0.000071,0.999578
0.847494,0.121597,0.030908
0.010600,0.028138,0.961262
0.987775,0.012212,0.000013
0.932051,0.064914,0.003034
0.990352,0.009647,0.000001
0.330206,0.669793,0.000001
0.002697,0.361467,0.635836
0.992988,0.007012,0.000000
0.994090,0.005910,0.000000
0.824560,0.162436,0.013004
0.094311,0.901229,0.004460
0.311961,0.653553,0.034486
0.043434,0.321997,0.634569
0.342067,0.657928,0.000006
0.031562,0.661739,0.306699
0.039903,0.249210,0.710887
0.268857,0.721306,0.009837
0.002106,0.990402,0.007492
0.022369,0.058974,0.918656
0.996361,0.003639,0.000000
0.970945,0.029054,0.000001
0.309800,0.689876,0.000324
0.131083,0.774366,0.094551
0.256396,0.743604,0.000001
0.421618,0.578358,0.000024
0.207017,0.681246,0.111737
0.000169,0.000355,0.999476
0.690207,0.161490,0.148303
0.205075,0.794232,0.000693
0.004593,0.020946,0.974460
0.984907,0.015092,0.000001
0.003953,0.850623,0.145424
0.743515,0.248616,0.007868
0.609623,0.390062,0.000315
0.270121,0.729367,0.000512
0.028660,0.099784,0.871556
0.000001,0.000000,0.999999
0.984597,0.015403,0.000000
0.362364,0.567739,0.069897
0.592894,0.401912,0.005194
0.003451,0.000647,0.995901
0.907732,0.087825,0.004443
0.384746,0.614433,0.000821
0.612672,0.387129,0.000199
0.066050,0.264604,0.669346
0.978984,0.021015,0.000000
0.004128,0.054951,0.940921
0.135689,0.836786,0.027525
0.959706,0.040294,0.000000
0.504987,0.313161,0.181852
0.983252,0.016748,0.000000
0.980798,0.019185,0.000017
0.351475,0.648524,0.000001
0.140528,0.838571,0.020902
0.419460,0.580539,0.000001
0.000839,0.998863,0.000299
0.076766,0.395727,0.527507
0.010488,0.023704,0.965809
0.807846,0.184354,0.007799
0.992271,0.007729,0.000000
0.993287,0.006713,0.000000
0.063830,0.186310,0.749860
0.974905,0.025095,0.000000
0.167071,0.832703,0.000226
0.973788,0.026213,0.000000
0.030383,0.088213,0.881404
0.002447,0.053987,0.943567
0.385026,0.578848,0.036126
0.238168,0.737989,0.023843
0.992633,0.007367,0.000000
0.043726,0.542535,0.413739
0.047882,0.214115,0.738002
0.001819,0.875371,0.122810
0.001183,0.994876,0.003941
0.008892,0.107457,0.883652
0.970437,0.025416,0.004147
0.419517,0.574851,0.005631
0.960477,0.039523,0.000000
0.001086,0.001056,0.997858
0.080777,0.366788,0.552435
0.030764,0.513315,0.455921
0.080468,0.368865,0.550667
0.000055,0.000082,0.999863
0.041295,0.165784,0.792921
0.181013,0.747421,0.071567
0.058143,0.196062,0.745795
0.995765,0.004235,0.000000
0.431666,0.568319,0.000015
0.058538,0.600713,0.340749
0.985268,0.013112,0.001620
0.403313,0.580585,0.016102
0.047225,0.754208,0.198568
0.995168,0.004832,0.000000
0.001069,0.004763,0.994167
0.995858,0.004142,0.000000
0.996674,0.003326,0.000000
0.937327,0.062673,0.000000
0.975447,0.024553,0.000000
0.992616,0.007384,0.000000
0.010070,0.027689,0.962241
0.000194,0.000321,0.999485
0.167366,0.828659,0.003975
0.002236,0.996104,0.001660
0.494745,0.484404,0.020851
0.214788,0.785201,0.000011
0.968847,0.031075,0.000079
0.000018,0.000028,0.999954
0.886480,0.113312,0.000208
0.053674,0.453315,0.493011
0.915071,0.084927,0.000002
0.962093,0.037907,0.000000
0.365187,0.634727,0.000085
0.953907,0.045736,0.000356
0.192448,0.774827,0.032725
0.010177,0.092563,0.897260
0.410373,0.553510,0.036117
0.407149,0.422894,0.169957
0.003520,0.979199,0.017281
0.583010,0.157507,0.259483
0.074311,0.843911,0.081778
0.000704,0.000163,0.999133
0.993093,0.006907,0.000000
0.996110,0.003890,0.000000
0.961986,0.038014,0.000000
0.691067,0.246728,0.062205
0.994321,0.005678,0.000000
0.019311,0.324325,0.656365
0.002602,0.761158,0.236239
0.936492,0.063338,0.000170
0.353240,0.646753,0.000007
0.416557,0.583369,0.000074
0.794144,0.197687,0.008170
0.376772,0.571989,0.051239
0.377103,0.587155,0.035742
0.993006,0.006994,0.000000
0.989045,0.010955,0.000000
0.338406,0.053915,0.607679
0.133157,0.866289,0.000554
0.621689,0.378162,0.000149
0.234697,0.760425,0.004878
0.940882,0.059117,0.000000
0.286353,0.713646,0.000001
0.927899,0.072060,0.000041
0.265542,0.734348,0.000110
0.153517,0.395629,0.450854
0.985964,0.014036,0.000000
0.001615,0.997718,0.000667
0.307876,0.612197,0.079927
0.745495,0.228374,0.026130
0.395458,0.602074,0.002468
0.272022,0.727976,0.000002
0.035607,0.422719,0.541674
0.529141,0.470657,0.000202
0.000344,0.001172,0.998484
0.041802,0.246048,0.712151
0.948872,0.027199,0.023929
0.986619,0.013381,0.000001
0.316494,0.683458,0.000048
0.026468,0.123721,0.849811
0.021470,0.421728,0.556802
0.708589,0.268016,0.023395
0.081783,0.331226,0.586991
0.590549,0.408650,0.000801
0.991950,0.008049,0.000001
0.983788,0.016212,0.000000
0.986570,0.013425,0.000006
0.024275,0.875784,0.099940
0.004359,0.004193,0.991448
0.980250,0.019750,0.000000
0.855905,0.137705,0.006390
0.446829,0.551510,0.001661
0.346423,0.650518,0.003059
0.932652,0.067273,0.000075
0.891537,0.106020,0.002444
0.161921,0.837977,0.000102
0.948094,0.051877,0.000029
0.978427,0.021573,0.000000
0.012142,0.512392,0.475466
0.007149,0.972045,0.020806
0.874143,0.097839,0.028018
0.756905,0.230782,0.012314
0.256423,0.743551,0.000026
0.977769,0.022231,0.000000
0.692848,0.066289,0.240862
0.341401,0.657507,0.001092
0.099089,0.055506,0.845405
0.996494,0.003506,0.000000
0.346648,0.653314,0.000038
0.967849,0.032151,0.000000
0.004560,0.012058,0.983381
0.034271,0.493824,0.471906
0.000042,0.000035,0.999922
0.185950,0.758645,0.055404
0.157074,0.733613,0.109313
0.056131,0.332333,0.611536
0.785989,0.191942,0.022069
0.035721,0.688437,0.275842
0.962562,0.036830,0.000609
0.001400,0.007495,0.991105
0.001031,0.003094,0.995875
0.767165,0.102949,0.129885
0.017248,0.509777,0.472975
0.057852,0.607888,0.334261
0.000653,0.993658,0.005689
0.039574,0.191897,0.768529
0.715652,0.270706,0.013641
0.981573,0.018427,0.000000
0.000647,0.005308,0.994045
0.010959,0.020257,0.968785
0.553955,0.444400,0.001645
0.001418,0.976454,0.022128
0.016584,0.403012,0.580403
0.052126,0.566212,0.381662
0.987192,0.012808,0.000000
0.000719,0.998386,0.000894
0.004657,0.993737,0.001607
0.032883,0.351777,0.615340
0.001386,0.995885,0.002729
0.684418,0.314812,0.000769
0.001610,0.001037,0.997353
0.520782,0.476857,0.002360
0.244933,0.755066,0.000001
0.973564,0.026436,0.000000
0.001999,0.991043,0.006958
0.991745,0.008255,0.000000
0.974162,0.024919,0.000919
0.001486,0.908678,0.089835
0.278231,0.721767,0.000001
0.834176,0.165746,0.000078
0.027054,0.074944,0.898001
0.683951,0.316009,0.000039
0.000757,0.004102,0.995141
0.986919,0.013081,0.000000
0.253424,0.544133,0.202443
0.012394,0.025617,0.961990
0.100986,0.892554,0.006460
0.983344,0.016656,0.000000
0.001935,0.007876,0.990189
0.299708,0.700290,0.000002
0.455717,0.543298,0.000985
0.005743,0.971458,0.022799
0.811769,0.105049,0.083182
0.006722,0.217711,0.775568
0.993292,0.006708,0.000000
0.989042,0.010958,0.000000
0.013865,0.047330,0.938805
0.209763,0.780087,0.010150
0.005322,0.001210,0.993468
0.390631,0.598908,0.010461
0.988803,0.011197,0.000000
0.013317,0.320836,0.665847
0.997185,0.002815,0.000000
0.047742,0.753224,0.199034
0.687370,0.205709,0.106921
0.975411,0.024589,0.000000
0.083280,0.645322,0.271399
0.102245,0.897092,0.000663
0.332491,0.165718,0.501791
0.861096,0.138734,0.000170
0.943994,0.055998,0.000009
0.002660,0.968506,0.028834
0.288843,0.711077,0.000080
0.966954,0.029900,0.003146
0.989377,0.010622,0.000002
0.578125,0.419816,0.002059
0.971377,0.028159,0.000464
0.000461,0.000115,0.999424
0.502963,0.488185,0.008853
0.291186,0.669528,0.039286
0.952589,0.047411,0.000000
0.234967,0.764977,0.000057
0.228272,0.771715,0.000012
0.026158,0.823618,0.150224
0.020331,0.053382,0.926286
0.980747,0.019253,0.000000
0.186658,0.730997,0.082345
0.819568,0.174366,0.006066
0.014431,0.244836,0.740734
0.014999,0.060052,0.924948
0.968168,0.030801,0.001031
0.061280,0.262208,0.676512
0.070598,0.844861,0.084541
0.005715,0.832726,0.161559
0.010245,0.554712,0.435043
0.990571,0.008813,0.000616
0.395140,0.603735,0.001126
0.002002,0.987934,0.010064
0.339053,0.660938,0.000009
0.415328,0.078063,0.506608
0.160185,0.839616,0.000199
0.000915,0.997998,0.001087
0.106393,0.422606,0.471001
0.312645,0.687279,0.000075
0.788853,0.175066,0.036082
0.840875,0.120826,0.038299
0.851420,0.115710,0.032870
0.066461,0.513303,0.420236
0.102198,0.595965,0.301837
0.000584,0.000307,0.999108
0.321303,0.678696,0.000000
0.001383,0.998283,0.000334
0.006056,0.889473,0.104471
0.965410,0.032904,0.001686
0.062777,0.582917,0.354305
0.008087,0.991230,0.000683
0.000168,0.000161,0.999671
0.775042,0.216601,0.008356
0.022442,0.578665,0.398893
0.219849,0.778805,0.001345
0.673428,0.325363,0.001209
0.002485,0.987918,0.009597
0.964688,0.028728,0.006583
0.001087,0.000262,0.998651
0.134487,0.865162,0.000351
0.244091,0.718996,0.036913
0.009090,0.307262,0.683648
0.016355,0.440630,0.543015
0.283105,0.716893,0.000002
0.029048,0.546073,0.424879
0.947504,0.051057,0.001439
0.952213,0.047772,0.000015
0.993029,0.006971,0.000000
0.456548,0.539831,0.003620
0.162798,0.837155,0.000047
0.002071,0.977701,0.020229
0.933903,0.066097,0.000000
0.516090,0.482952,0.000958
0.059216,0.706807,0.233977
0.014190,0.057258,0.928552
0.985357,0.014643,0.000000
0.001681,0.995873,0.002446
0.992235,0.007763,0.000002
0.491952,0.507915,0.000132
0.251545,0.748452,0.000003
0.201404,0.787935,0.010661
0.385641,0.614243,0.000117
0.001504,0.996307,0.002189
0.003053,0.994562,0.002385
0.376573,0.083532,0.539895
0.373692,0.102016,0.524292
0.003355,0.000516,0.996129
0.926516,0.066105,0.007379
0.867624,0.026476,0.105900
0.244361,0.710174,0.045465
0.979002,0.020998,0.000000
0.051480,0.847396,0.101123
0.316664,0.591001,0.092335
0.000032,0.000029,0.999939
0.459478,0.540521,0.000000
0.050117,0.681953,0.267930
0.004222,0.046351,0.949427
0.997342,0.002658,0.000000
0.529726,0.439664,0.030609
0.965503,0.034497,0.000000
0.931277,0.068172,0.000551
0.014242,0.032578,0.953180
0.002394,0.984630,0.012976
0.664681,0.260753,0.074566
0.006481,0.181420,0.812100
0.637042,0.291643,0.071315
0.008008,0.019576,0.972416
0.040163,0.494484,0.465353
0.000715,0.003786,0.995500
0.019933,0.084216,0.895851
0.269618,0.658594,0.071787
0.088783,0.302528,0.608689
0.125019,0.678843,0.196138
0.002166,0.981565,0.016269
0.170321,0.829642,0.000037
0.215040,0.767826,0.017134
0.024665,0.309488,0.665847
0.018699,0.442832,0.538468
0.947633,0.052367,0.000000
0.822761,0.177174,0.000065
0.019010,0.042842,0.938148
0.007372,0.944793,0.047835
0.196054,0.803891,0.000055
0.994429,0.005571,0.000000
0.865472,0.051363,0.083165
0.285384,0.714615,0.000000
0.086679,0.463600,0.449721
0.985223,0.014729,0.000048
0.001697,0.983358,0.014945
0.059997,0.424481,0.515522
0.486690,0.513001,0.000309
0.994407,0.005593,0.000000
0.262319,0.720810,0.016871
0.000047,0.000101,0.999852
0.644706,0.276322,0.078972
0.988135,0.011865,0.000000
0.270017,0.729791,0.000192
0.266690,0.722495,0.010815
0.973872,0.026128,0.000000
0.983630,0.016370,0.000000
0.950743,0.049255,0.000001
0.996781,0.003219,0.000000
0.005583,0.002434,0.991983
0.316769,0.681600,0.001631
0.009964,0.340444,0.649593
0.025050,0.152672,0.822278
0.049875,0.725498,0.224628
0.003950,0.027784,0.968265
0.251564,0.748359,0.000077
0.281726,0.718128,0.000146
0.716248,0.268307,0.015444
0.977710,0.021609,0.000681
0.147380,0.852604,0.000016
0.990383,0.009617,0.000000
0.229312,0.661946,0.108741
0.005428,0.893177,0.101395
0.258322,0.703744,0.037934
0.000152,0.000190,0.999658
0.012280,0.211641,0.776079
0.027871,0.573957,0.398172
0.226246,0.773731,0.000023
0.592072,0.322477,0.085451
0.976412,0.023588,0.000000
0.052010,0.217748,0.730242
0.986507,0.013480,0.000013
0.000045,0.000013,0.999942
0.985057,0.014939,0.000004
0.291925,0.704888,0.003187
0.936149,0.063852,0.000000
0.000236,0.000179,0.999585
0.852485,0.145490,0.002025
0.286793,0.705258,0.007949
0.187940,0.265963,0.546097
0.943821,0.056179,0.000000
0.014850,0.432500,0.552650
0.986614,0.013386,0.000000
0.994130,0.005758,0.000112
0.433740,0.566218,0.000042
0.105863,0.469490,0.424647
0.996343,0.003657,0.000000
0.994030,0.005970,0.000000
0.988327,0.011672,0.000001
0.555254,0.444515,0.000230
0.014668,0.554522,0.430810
0.587550,0.060141,0.352309
0.232272,0.524978,0.242750
0.931578,0.068389,0.000033
0.315302,0.684697,0.000001
0.941642,0.058250,0.000108
0.291691,0.708251,0.000058
0.132168,0.636306,0.231526
0.987667,0.012333,0.000000
0.411139,0.588785,0.000076
0.039311,0.219101,0.741587
0.002559,0.983360,0.014082
0.000979,0.985771,0.013250
0.376730,0.082586,0.540684
0.995253,0.004747,0.000000
0.941783,0.055320,0.002897
0.193600,0.549774,0.256625
0.205002,0.596315,0.198682
0.062878,0.591673,0.345448
0.643373,0.079442,0.277185
0.548105,0.451895,0.000000
0.086250,0.548893,0.364857
0.957254,0.038474,0.004273
0.304806,0.694857,0.000337
0.000025,0.000036,0.999939
0.303314,0.696684,0.000001
0.175042,0.824780,0.000178
0.982977,0.017023,0.000000
0.000010,0.000006,0.999984
0.236462,0.762872,0.000667
0.394683,0.605310,0.000007
0.130440,0.801456,0.068104
0.415534,0.580313,0.004153
0.240286,0.755044,0.004670
0.095779,0.607141,0.297080
0.745525,0.066980,0.187494
0.884574,0.074916,0.040509
0.991619,0.008381,0.000000
0.995249,0.004749,0.000003
0.385524,0.614476,0.000000
0.442427,0.557546,0.000026
0.982958,0.017042,0.000000
0.154265,0.809876,0.035859
0.004296,0.955485,0.040219
0.987922,0.012078,0.000000
0.509579,0.249366,0.241055
0.966499,0.033499,0.000002
0.892151,0.107842,0.000007
0.167242,0.832475,0.000283
0.684246,0.115274,0.200480
0.003310,0.090012,0.906678
0.843646,0.091534,0.064820
0.675418,0.275144,0.049437
0.314006,0.638254,0.047740
0.008547,0.138015,0.853437
0.861639,0.137226,0.001135
0.013764,0.687666,0.298569
0.058811,0.142010,0.799179
0.001083,0.998687,0.000230
0.212358,0.577082,0.210560
0.918316,0.081195,0.000489
0.004849,0.932884,0.062267
0.966293,0.033707,0.000000
0.868586,0.102168,0.029246
0.564194,0.327200,0.108607
0.350747,0.649207,0.000046
0.918926,0.081074,0.000000
0.986848,0.013152,0.000000
0.014715,0.360286,0.624999
0.996326,0.003674,0.000000
0.256528,0.743168,0.000304
0.025160,0.078501,0.896339
0.996341,0.003659,0.000000
0.993422,0.006578,0.000000
0.361307,0.608353,0.030340
0.943206,0.056737,0.000057
0.024408,0.353222,0.622369
0.001070,0.000293,0.998637
0.589381,0.410614,0.000005
0.927836,0.071932,0.000233
0.225739,0.774208,0.000053
0.000524,0.001320,0.998156
0.005761,0.933360,0.060879
0.348203,0.651152,0.000645
0.035016,0.084578,0.880407
0.626215,0.286847,0.086938
0.028273,0.174468,0.797259
0.028206,0.251476,0.720318
0.263722,0.702449,0.033828
0.969513,0.030487,0.000000
0.024939,0.581629,0.393432
0.005075,0.004362,0.990563
0.772383,0.226613,0.001004
0.226897,0.773100,0.000003
0.366902,0.567108,0.065990
0.969039,0.030943,0.000019
0.990472,0.009528,0.000000
0.854505,0.144130,0.001366
0.014071,0.097013,0.888916
0.633249,0.343354,0.023397
0.131467,0.661106,0.207427
0.674834,0.310517,0.014649
0.324446,0.671071,0.004483
0.207958,0.785743,0.006299
0.949993,0.050007,0.000000
0.949449,0.050469,0.000082
0.974148,0.025852,0.000000
0.995995,0.004005,0.000000
0.001221,0.006634,0.992145
0.981442,0.018558,0.000000
0.001825,0.000808,0.997367
0.895168,0.104831,0.000001
0.970481,0.029519,0.000000
0.649514,0.349286,0.001201
0.580779,0.349410,0.069810
0.071640,0.645355,0.283005
0.354117,0.121477,0.524406
0.823994,0.175959,0.000047
0.985016,0.014984,0.000000
0.128154,0.802060,0.069786
0.429019,0.470750,0.100231
0.920987,0.079006,0.000007
0.008467,0.254494,0.737039
0.035314,0.566383,0.398303
0.031559,0.091184,0.877256
0.949629,0.047642,0.002729
0.039880,0.601603,0.358517
0.034053,0.412848,0.553099
0.115115,0.702130,0.182755
0.922843,0.077157,0.000000
0.810373,0.189494,0.000133
0.994415,0.005585,0.000000
0.410122,0.588326,0.001551
0.150962,0.805766,0.043272
0.276145,0.723854,0.000001
0.001636,0.997693,0.000671
0.004509,0.013309,0.982181
0.002721,0.039406,0.957873
0.981394,0.018098,0.000508
0.018764,0.424729,0.556507
0.003482,0.008168,0.988350
0.010332,0.443971,0.545698
0.339309,0.646874,0.013817
0.031668,0.047845,0.920487
0.064166,0.450925,0.484909
0.011993,0.210877,0.777130
0.343627,0.285152,0.371221
0.005677,0.065656,0.928667
0.723159,0.244903,0.031939
0.045235,0.137701,0.817064
0.128054,0.564500,0.307446
0.019500,0.418916,0.561584
0.100467,0.873250,0.026284
0.319761,0.680232,0.000007
0.264470,0.735528,0.000003
0.561497,0.438394,0.000109
0.000917,0.990202,0.008880
0.262368,0.732937,0.004695
0.382784,0.617216,0.000000
0.989368,0.010632,0.000000
0.300973,0.698957,0.000070
0.000211,0.000400,0.999389
0.964009,0.031853,0.004138
0.986934,0.013066,0.000000
0.996106,0.003893,0.000000
0.000932,0.998891,0.000177
0.990502,0.009498,0.000000
0.991202,0.008798,0.000000
0.080039,0.504317,0.415644
0.975204,0.024796,0.000000
0.987168,0.012832,0.000000
0.996391,0.003609,0.000000
0.365156,0.634823,0.000021
0.491771,0.508067,0.000162
0.161355,0.838622,0.000023
0.005203,0.510963,0.483833
0.966769,0.018186,0.015046
