0.460340,0.498457,0.041202
0.031188,0.889595,0.079216
0.988620,0.011374,0.000006
0.956711,0.041562,0.001727
0.994265,0.005735,0.000000
0.158645,0.352188,0.489167
0.408449,0.323255,0.268296
0.640422,0.359578,0.000000
0.708569,0.289204,0.002228
0.105708,0.103804,0.790488
0.998934,0.001066,0.000000
0.943898,0.056091,0.000011
0.601521,0.028331,0.370148
0.041617,0.593502,0.364880
0.998865,0.001135,0.000000
0.511714,0.468790,0.019495
0.657955,0.274606,0.067439
0.994817,0.005181,0.000002
0.998067,0.001933,0.000000
0.998821,0.001179,0.000000
0.002261,0.997646,0.000093
0.993814,0.006184,0.000002
0.010974,0.347414,0.641611
0.977940,0.022060,0.000000
0.005144,0.024325,0.970531
0.899299,0.100585,0.000116
0.998548,0.001452,0.000000
0.999090,0.000910,0.000000
0.912104,0.084297,0.003600
0.220363,0.426231,0.353405
0.892741,0.107259,0.000000
0.960930,0.038994,0.000076
0.157679,0.842296,0.000024
0.984249,0.015743,0.000007
0.783944,0.216055,0.000000
0.034098,0.099368,0.866534
0.962055,0.037928,0.000017
0.442159,0.376028,0.181813
0.504393,0.495327,0.000280
0.035696,0.199833,0.764470
0.995107,0.004893,0.000000
0.692396,0.307604,0.000001
0.000129,0.000170,0.999701
0.584058,0.415942,0.000000
0.994082,0.005915,0.000003
0.999408,0.000592,0.000000
0.674750,0.313256,0.011994
0.999160,0.000840,0.000000
0.015466,0.075327,0.909208
0.002368,0.996528,0.001104
0.954743,0.025716,0.019541
0.923096,0.076904,0.000000
0.001318,0.998674,0.000008
0.027704,0.126439,0.845857
0.008831,0.167277,0.823892
0.156016,0.540216,0.303768
0.648106,0.351893,0.000001
0.236389,0.322477,0.441134
0.998430,0.001570,0.000000
0.894987,0.046492,0.058521
0.645609,0.352121,0.002270
0.338795,0.359550,0.301654
0.711962,0.046113,0.241925
0.996983,0.003016,0.000001
0.023730,0.491578,0.484692
0.590875,0.409125,0.000000
0.734279,0.265255,0.000466
0.007771,0.986883,0.005346
0.094052,0.786645,0.119304
0.786866,0.213000,0.000134
0.114812,0.737592,0.147596
0.323346,0.198715,0.477939
0.990615,0.009370,0.000015
0.615997,0.309422,0.074582
0.993806,0.006179,0.000015
0.997528,0.002472,0.000000
0.496979,0.503021,0.000000
0.992597,0.007403,0.000000
0.002266,0.997704,0.000031
0.069391,0.116194,0.814415
0.980855,0.019101,0.000044
0.825871,0.169739,0.004390
0.998994,0.001006,0.000000
0.161790,0.838200,0.000010
0.549294,0.447338,0.003368
0.003142,0.996439,0.000418
0.998845,0.001155,0.000000
0.269612,0.624630,0.105759
0.918341,0.081625,0.000034
0.268019,0.236559,0.495422
0.838252,0.161748,0.000000
0.461908,0.528606,0.009486
0.621402,0.287488,0.091109
0.001824,0.998175,0.000001
0.281315,0.718503,0.000182
0.997370,0.002630,0.000000
0.860502,0.127774,0.011724
0.500248,0.499724,0.000028
0.742681,0.257319,0.000000
0.999451,0.000549,0.000000
0.000455,0.997649,0.001896
0.535353,0.464646,0.000000
0.976788,0.023212,0.000000
0.237094,0.696332,0.066574
0.087240,0.477297,0.435463
0.998344,0.001656,0.000000
0.061886,0.335293,0.602821
0.000984,0.991956,0.007060
0.953908,0.005323,0.040769
0.031655,0.258051,0.710294
0.105255,0.115174,0.779571
0.414353,0.585609,0.000039
0.996570,0.003429,0.000001
0.042703,0.197913,0.759383
0.006487,0.006267,0.987246
0.982075,0.017925,0.000000
0.985860,0.004406,0.009734
0.998355,0.001644,0.000001
0.995096,0.002929,0.001975
0.214580,0.621933,0.163487
0.998918,0.001082,0.000000
0.995446,0.004554,0.000000
0.980710,0.019290,0.000000
0.992235,0.007765,0.000000
0.176748,0.823213,0.000039
0.916160,0.083666,0.000173
0.176283,0.440347,0.383370
0.568539,0.281532,0.149929
0.672787,0.327213,0.000000
0.013285,0.015538,0.971176
0.024348,0.476830,0.498822
0.032128,0.327789,0.640083
0.718623,0.281377,0.000000
0.001352,0.001319,0.997330
0.710333,0.289428,0.000239
0.001032,0.000946,0.998022
0.039188,0.072490,0.888322
0.001590,0.996901,0.001510
0.001618,0.996882,0.001500
0.996501,0.003499,0.000000
0.000327,0.000026,0.999647
0.001298,0.913949,0.084753
0.887880,0.020518,0.091602
0.454099,0.545820,0.000081
0.104658,0.772288,0.123054
0.922106,0.077893,0.000001
0.920315,0.004199,0.075486
0.008921,0.085769,0.905310
0.385771,0.341634,0.272595
0.998480,0.001519,0.000000
0.993664,0.006336,0.000000
0.978230,0.021756,0.000014
0.995945,0.004053,0.000002
0.092160,0.905084,0.002756
0.002299,0.997329,0.000372
0.011508,0.149114,0.839378
0.778207,0.069086,0.152708
0.052371,0.056334,0.891295
0.999033,0.000967,0.000000
0.006894,0.008437,0.984669
0.998285,0.001715,0.000000
0.105633,0.893343,0.001024
0.999102,0.000897,0.000000
0.993161,0.006839,0.000000
0.784451,0.215549,0.000000
0.032455,0.177331,0.790214
0.002675,0.985615,0.011711
0.002198,0.997742,0.000060
0.997873,0.002127,0.000000
0.997084,0.002915,0.000000
0.151348,0.331194,0.517458
0.403128,0.589087,0.007784
0.003193,0.010558,0.986249
0.996732,0.003267,0.000001
0.234158,0.184350,0.581492
0.166620,0.785283,0.048098
0.000644,0.994915,0.004441
0.676667,0.322639,0.000694
0.989944,0.005376,0.004680
0.130483,0.770406,0.099111
0.998181,0.001819,0.000000
0.013591,0.872287,0.114122
0.789760,0.210240,0.000000
0.646081,0.128072,0.225847
0.998907,0.001093,0.000000
0.975130,0.022852,0.002017
0.001834,0.004412,0.993754
0.589109,0.410451,0.000440
0.998190,0.001809,0.000001
0.600926,0.399073,0.000000
0.213131,0.786853,0.000016
0.631309,0.368560,0.000131
0.002413,0.997482,0.000105
0.998297,0.001703,0.000000
0.052397,0.124311,0.823292
0.664970,0.004725,0.330305
0.824958,0.175008,0.000034
0.253814,0.012516,0.733670
0.052827,0.140066,0.807108
0.156760,0.843152,0.000087
0.008788,0.006585,0.984627
0.998652,0.001348,0.000000
0.991916,0.008084,0.000000
0.995179,0.004820,0.000001
0.429297,0.502796,0.067908
0.019342,0.051751,0.928907
0.982973,0.010122,0.006905
0.007929,0.986385,0.005686
0.108866,0.102118,0.789016
0.516430,0.477239,0.006330
0.047001,0.797872,0.155127
0.639620,0.359120,0.001259
0.582209,0.417790,0.000000
0.063556,0.002941,0.933504
0.387820,0.020523,0.591657
0.979094,0.020756,0.000150
0.997637,0.002363,0.000000
0.008179,0.684151,0.307670
0.087301,0.912359,0.000340
0.995311,0.004688,0.000000
0.991298,0.008702,0.000000
0.433453,0.566144,0.000403
0.025008,0.613151,0.361841
0.000807,0.988318,0.010875
0.695975,0.054463,0.249562
0.993988,0.006012,0.000000
0.023777,0.038965,0.937258
0.980641,0.017343,0.002016
0.985153,0.014723,0.000123
0.573050,0.426949,0.000000
0.737938,0.262062,0.000000
0.478233,0.521631,0.000136
0.077109,0.421231,0.501661
0.995572,0.004427,0.000000
0.992784,0.007177,0.000039
0.910658,0.089336,0.000006
0.546577,0.453423,0.000000
0.235420,0.764527,0.000053
0.117014,0.537097,0.345889
0.998073,0.001927,0.000000
0.454214,0.544445,0.001341
0.998908,0.001092,0.000000
0.977011,0.022959,0.000029
0.496170,0.486915,0.016915
0.309714,0.485361,0.204925
0.305905,0.673696,0.020399
0.998281,0.001719,0.000000
0.075025,0.763447,0.161528
0.003582,0.995846,0.000572
0.995647,0.004353,0.000000
0.277047,0.356570,0.366383
0.181404,0.003487,0.815109
0.600789,0.284463,0.114748
0.992187,0.007791,0.000022
0.807367,0.192624,0.000010
0.100275,0.712418,0.187306
0.727505,0.272495,0.000000
0.350066,0.649905,0.000029
0.015526,0.034709,0.949765
0.092475,0.738441,0.169084
0.995306,0.004694,0.000000
0.083383,0.764847,0.151771
0.056414,0.530094,0.413492
0.998868,0.001132,0.000000
0.002048,0.983581,0.014371
0.001109,0.998264,0.000627
0.142967,0.664069,0.192965
0.303849,0.696150,0.000001
0.591180,0.404727,0.004094
0.002724,0.996909,0.000367
0.806159,0.193841,0.000000
0.307250,0.231325,0.461425
0.059769,0.063105,0.877126
0.992818,0.007183,0.000000
0.037606,0.269126,0.693268
0.129073,0.018634,0.852293
0.007030,0.006918,0.986052
0.001617,0.998256,0.000127
0.673874,0.043980,0.282146
0.095168,0.902476,0.002356
0.245774,0.575121,0.179104
0.896978,0.027771,0.075251
0.992729,0.007271,0.000000
0.663358,0.336641,0.000001
0.910846,0.089106,0.000048
0.486779,0.285002,0.228219
0.996888,0.003112,0.000000
0.998603,0.001397,0.000000
0.098816,0.890399,0.010785
0.730382,0.151437,0.118181
0.997216,0.002784,0.000000
0.111965,0.130277,0.757759
0.010529,0.839345,0.150126
0.996586,0.003414,0.000000
0.856226,0.142693,0.001081
0.995080,0.004914,0.000006
0.978319,0.021681,0.000000
0.997228,0.002770,0.000002
0.597801,0.402199,0.000000
0.989967,0.010033,0.000000
0.038367,0.029070,0.932563
0.999284,0.000716,0.000000
0.486692,0.505563,0.007745
0.998957,0.001043,0.000000
0.997641,0.002359,0.000000
0.098624,0.165918,0.735458
0.441916,0.512102,0.045982
0.998908,0.001092,0.000000
0.890163,0.109650,0.000187
0.451199,0.548800,0.000001
0.824964,0.174341,0.000695
0.984824,0.015176,0.000000
0.047946,0.141218,0.810836
0.002522,0.948060,0.049418
0.041554,0.076755,0.881691
0.997184,0.002816,0.000000
0.357470,0.642461,0.000069
0.041782,0.113111,0.845107
0.969917,0.030083,0.000000
0.995498,0.004502,0.000000
0.998119,0.001881,0.000000
0.999266,0.000734,0.000000
0.995039,0.004961,0.000000
0.005693,0.063693,0.930614
0.795307,0.204517,0.000176
0.991553,0.008446,0.000002
0.111262,0.888719,0.000019
0.005056,0.873714,0.121230
0.598548,0.401447,0.000006
0.786397,0.009517,0.204086
0.999348,0.000652,0.000000
0.994823,0.005176,0.000001
0.315898,0.533659,0.150443
0.629309,0.370391,0.000300
0.205151,0.183696,0.611153
0.055960,0.125357,0.818683
0.994857,0.005143,0.000000
0.986563,0.013436,0.000001
0.018285,0.061399,0.920316
0.769942,0.230058,0.000000
0.896159,0.052638,0.051202
0.001784,0.994507,0.003710
0.991178,0.008775,0.000047
0.591613,0.408387,0.000000
0.010552,0.170580,0.818868
0.563185,0.295600,0.141215
0.094536,0.023392,0.882072
0.140101,0.859809,0.000090
0.443700,0.556300,0.000000
0.992890,0.007109,0.000002
0.995728,0.004271,0.000000
0.146843,0.412001,0.441156
0.004023,0.995865,0.000112
0.974570,0.025430,0.000000
0.120267,0.479829,0.399904
0.580201,0.419799,0.000000
0.001780,0.004376,0.993843
0.438140,0.561736,0.000124
0.772643,0.055989,0.171368
0.907829,0.091759,0.000412
0.996499,0.003501,0.000000
0.105034,0.203326,0.691640
0.142451,0.421945,0.435604
0.005897,0.019168,0.974934
0.999045,0.000955,0.000000
0.931287,0.041002,0.027710
0.316357,0.681135,0.002508
0.263435,0.493708,0.242857
0.996159,0.001887,0.001955
0.040773,0.583104,0.376123
0.049697,0.541228,0.409074
0.743461,0.256538,0.000001
0.988539,0.011435,0.000026
0.991692,0.008308,0.000000
0.997984,0.002016,0.000000
0.017572,0.042280,0.940148
0.855596,0.137443,0.006961
0.462210,0.537790,0.000000
0.370382,0.007490,0.622127
0.020323,0.522182,0.457495
0.998672,0.001328,0.000000
0.087683,0.814397,0.097920
0.750556,0.249444,0.000000
0.009926,0.125322,0.864752
0.518803,0.481182,0.000015
0.445411,0.382748,0.171841
0.009690,0.961809,0.028501
0.007612,0.893409,0.098978
0.301230,0.685912,0.012858
0.989823,0.010177,0.000000
0.602753,0.396825,0.000422
0.712547,0.287453,0.000000
0.001549,0.998367,0.000084
0.954369,0.030357,0.015274
0.001637,0.996731,0.001632
0.997542,0.002458,0.000000
0.002757,0.993197,0.004046
0.006953,0.319967,0.673080
0.881255,0.118188,0.000557
0.075524,0.429057,0.495419
0.129274,0.579968,0.290758
0.533576,0.466424,0.000000
0.646251,0.353749,0.000000
0.988259,0.011715,0.000026
0.906178,0.093466,0.000355
0.460995,0.531070,0.007935
0.038291,0.755182,0.206528
0.794123,0.199753,0.006124
0.765064,0.022999,0.211936
0.091847,0.551416,0.356737
0.670613,0.329387,0.000000
0.997645,0.002355,0.000000
0.412179,0.587370,0.000451
0.686158,0.313840,0.000002
0.032504,0.364756,0.602741
0.000718,0.000708,0.998574
0.006533,0.015280,0.978188
0.740311,0.258893,0.000796
0.999186,0.000815,0.000000
0.717451,0.002857,0.279692
0.122140,0.005933,0.871926
0.739414,0.233809,0.026777
0.812863,0.185989,0.001148
0.109750,0.269985,0.620265
0.978181,0.006699,0.015119
0.000969,0.998576,0.000455
0.571865,0.428135,0.000000
0.001254,0.001711,0.997035
0.612145,0.387855,0.000000
0.982940,0.017052,0.000008
0.807703,0.192087,0.000210
0.994284,0.005716,0.000000
0.363587,0.632380,0.004033
0.993880,0.006120,0.000000
0.806834,0.192971,0.000195
0.101159,0.629641,0.269200
0.980172,0.019828,0.000000
0.089052,0.395081,0.515867
0.000426,0.997518,0.002056
0.489535,0.509927,0.000538
0.659485,0.339985,0.000529
0.005758,0.994146,0.000095
0.101329,0.118539,0.780132
0.997789,0.002211,0.000000
0.002645,0.997004,0.000352
0.439305,0.554941,0.005754
0.135258,0.701468,0.163274
0.002314,0.997663,0.000022
0.109715,0.621233,0.269052
0.987689,0.012262,0.000049
0.056676,0.641285,0.302039
0.997027,0.002973,0.000000
0.086384,0.878260,0.035356
0.000406,0.000182,0.999412
0.408985,0.469463,0.121552
0.978830,0.006364,0.014806
0.003947,0.002923,0.993129
0.702505,0.295168,0.002326
0.000447,0.000039,0.999513
0.001591,0.998407,0.000002
0.913110,0.086888,0.000001
0.413130,0.303554,0.283316
0.827332,0.003857,0.168811
0.198146,0.553297,0.248557
0.052372,0.093400,0.854228
0.982281,0.017719,0.000000
0.009829,0.011196,0.978974
0.232082,0.180717,0.587201
0.587250,0.410123,0.002627
0.956696,0.032075,0.011228
0.998929,0.001071,0.000000
0.752337,0.003664,0.243999
0.174651,0.125992,0.699357
0.934937,0.064074,0.000989
0.001520,0.918390,0.080090
0.999283,0.000718,0.000000
0.066782,0.933158,0.000060
0.998316,0.001684,0.000000
0.017993,0.023452,0.958555
0.566390,0.433610,0.000000
0.998442,0.001558,0.000000
0.657950,0.342049,0.000001
0.725249,0.274751,0.000000
0.000810,0.999171,0.000018
0.998230,0.001765,0.000005
0.953360,0.046115,0.000525
0.703960,0.292520,0.003520
0.996513,0.003487,0.000000
0.616286,0.383714,0.000000
0.996944,0.003056,0.000000
0.609404,0.389504,0.001092
0.327946,0.664629,0.007425
0.972449,0.027551,0.000000
0.004174,0.995634,0.000192
0.125836,0.006502,0.867662
0.986112,0.013877,0.000011
0.025537,0.048108,0.926355
0.716996,0.246305,0.036700
0.948757,0.051243,0.000000
0.533579,0.440065,0.026356
0.000947,0.995103,0.003950
0.998879,0.001121,0.000000
0.000873,0.000108,0.999018
0.354914,0.645082,0.000004
0.998633,0.001367,0.000000
0.727775,0.271992,0.000233
0.993177,0.006791,0.000032
0.425300,0.539200,0.035500
0.023007,0.085848,0.891146
0.006254,0.004828,0.988918
0.690152,0.309848,0.000000
0.641367,0.358633,0.000000
0.982026,0.017974,0.000000
0.999488,0.000512,0.000000
0.997328,0.002672,0.000000
0.754139,0.245861,0.000000
0.000234,0.999339,0.000426
0.912845,0.065657,0.021498
0.998082,0.001918,0.000000
0.605523,0.391662,0.002814
0.670228,0.322756,0.007017
0.009582,0.009967,0.980451
0.197198,0.539045,0.263757
0.017003,0.017560,0.965437
0.518619,0.481334,0.000046
0.001100,0.998637,0.000263
0.325563,0.216378,0.458059
0.000652,0.994236,0.005112
0.066291,0.545221,0.388488
0.991608,0.008392,0.000000
0.929542,0.056146,0.014313
0.963240,0.015746,0.021014
0.992212,0.007787,0.000001
0.111252,0.463235,0.425514
0.150686,0.441415,0.407899
0.728337,0.041288,0.230375
0.075816,0.918568,0.005616
0.146405,0.651630,0.201965
0.660894,0.339106,0.000000
0.813166,0.186834,0.000000
0.996197,0.003797,0.000005
0.702987,0.297012,0.000001
0.009345,0.027039,0.963616
0.061538,0.127970,0.810492
0.979979,0.020021,0.000000
0.462122,0.516120,0.021758
0.997150,0.002850,0.000000
0.004067,0.926455,0.069477
0.946560,0.053324,0.000116
0.321007,0.600490,0.078503
0.121839,0.798942,0.079220
0.461059,0.004104,0.534837
0.001458,0.998490,0.000052
0.004851,0.989483,0.005666
0.906987,0.089249,0.003764
0.979062,0.020938,0.000000
0.172428,0.761231,0.066341
0.996763,0.003237,0.000000
0.863562,0.136438,0.000000
0.472544,0.272547,0.254909
0.004158,0.117070,0.878771
0.000492,0.995798,0.003710
0.197102,0.210877,0.592020
0.330452,0.669545,0.000003
0.240558,0.204297,0.555145
0.979401,0.018813,0.001786
0.973952,0.009674,0.016374
0.327953,0.670752,0.001294
0.990642,0.009358,0.000000
0.998930,0.001070,0.000000
0.952747,0.047253,0.000000
0.990944,0.009054,0.000002
0.018038,0.209643,0.772320
0.989276,0.010724,0.000000
0.395323,0.602928,0.001749
0.091875,0.066187,0.841938
0.937748,0.046920,0.015332
0.000486,0.987792,0.011721
0.997930,0.002070,0.000000
0.092815,0.907128,0.000056
0.279226,0.720773,0.000001
0.320455,0.080059,0.599486
0.332579,0.476898,0.190524
0.962507,0.031308,0.006185
0.441605,0.558372,0.000023
0.672229,0.327675,0.000097
0.347125,0.646633,0.006242
0.998874,0.001126,0.000000
0.001082,0.986191,0.012727
0.043011,0.003271,0.953717
0.247309,0.680223,0.072469
0.040110,0.113198,0.846691
0.690137,0.309863,0.000000
0.113641,0.001209,0.885149
0.020986,0.020142,0.958872
0.998989,0.001011,0.000000
0.007748,0.641930,0.350322
0.004039,0.994948,0.001013
0.482024,0.517976,0.000000
0.002914,0.989806,0.007280
0.914423,0.044139,0.041439
0.186887,0.011396,0.801717
0.733065,0.266935,0.000000
0.048020,0.582328,0.369652
0.887960,0.112012,0.000028
0.106715,0.892648,0.000637
0.999610,0.000390,0.000000
0.491625,0.439172,0.069203
0.995411,0.004586,0.000003
0.892485,0.084708,0.022807
0.000663,0.000055,0.999281
0.375597,0.285627,0.338776
0.384291,0.251672,0.364037
0.004005,0.147518,0.848477
0.998112,0.001888,0.000000
0.057233,0.248004,0.694763
0.002440,0.984957,0.012603
0.773462,0.226538,0.000000
0.614617,0.012411,0.372972
0.994182,0.005816,0.000002
0.995516,0.002911,0.001573
0.009618,0.016968,0.973414
0.641900,0.016917,0.341183
0.004000,0.003927,0.992074
0.993178,0.006822,0.000000
0.676969,0.323031,0.000000
0.059120,0.087863,0.853017
0.610610,0.389390,0.000000
0.991442,0.008558,0.000000
0.001127,0.998851,0.000023
0.013764,0.035761,0.950475
0.980152,0.019848,0.000000
0.767226,0.229275,0.003499
0.985188,0.014142,0.000669
0.016407,0.048026,0.935567
0.373252,0.626747,0.000001
0.994368,0.001807,0.003825
0.361678,0.452326,0.185997
0.293070,0.009520,0.697410
0.361094,0.594611,0.044294
0.005790,0.361677,0.632533
0.995628,0.004371,0.000001
0.618701,0.381299,0.000000
0.708791,0.273178,0.018031
0.484500,0.040979,0.474521
0.094406,0.100188,0.805407
0.991042,0.007155,0.001802
0.384941,0.611514,0.003544
0.000837,0.999162,0.000002
0.998572,0.001428,0.000000
0.727586,0.269210,0.003203
0.015681,0.482048,0.502271
0.055979,0.722102,0.221919
0.972787,0.027213,0.000000
0.427309,0.572471,0.000219
0.001194,0.997731,0.001075
0.998226,0.001773,0.000001
0.025312,0.125934,0.848754
0.984210,0.015790,0.000000
0.317440,0.349620,0.332940
0.679870,0.019537,0.300592
0.001917,0.062633,0.935450
0.753379,0.084112,0.162509
0.999278,0.000722,0.000000
0.001501,0.969142,0.029357
0.697440,0.300459,0.002100
0.984787,0.012590,0.002623
0.227791,0.688019,0.084190
0.648983,0.347519,0.003499
0.972738,0.027262,0.000000
0.930113,0.058080,0.011807
0.494585,0.255799,0.249616
0.003595,0.995443,0.000962
0.546454,0.453507,0.000039
0.831522,0.168478,0.000000
0.998913,0.001087,0.000000
0.996464,0.003514,0.000022
0.001866,0.996749,0.001385
0.583278,0.416719,0.000003
0.119637,0.684457,0.195906
0.043013,0.175300,0.781688
0.992527,0.005835,0.001637
0.009660,0.156282,0.834058
0.996625,0.003370,0.000005
0.993229,0.006771,0.000000
0.997929,0.002071,0.000000
0.983668,0.016321,0.000011
0.000473,0.993530,0.005997
0.889457,0.060915,0.049629
0.000283,0.000287,0.999430
0.998081,0.001919,0.000000
0.431678,0.568080,0.000242
0.073970,0.320850,0.605180
0.001251,0.988939,0.009810
0.023465,0.061129,0.915406
0.673048,0.326952,0.000000
0.005807,0.001229,0.992964
0.425478,0.436880,0.137641
0.011956,0.040791,0.947254
0.043239,0.362585,0.594176
0.117335,0.831402,0.051263
0.991149,0.008851,0.000000
0.998357,0.001641,0.000002
0.008764,0.186514,0.804721
0.598571,0.241988,0.159442
0.131560,0.486183,0.382257
0.059165,0.400781,0.540054
0.384160,0.497905,0.117935
0.383885,0.616047,0.000068
0.110416,0.167686,0.721898
0.998548,0.001452,0.000000
0.001274,0.988070,0.010656
0.064831,0.242261,0.692908
0.530878,0.452408,0.016714
0.602975,0.397025,0.000000
0.236780,0.278922,0.484297
0.045641,0.083750,0.870610
0.632002,0.365038,0.002961
0.999521,0.000479,0.000000
0.000672,0.000418,0.998910
0.001626,0.998326,0.000049
0.529341,0.468099,0.002560
0.998736,0.001264,0.000000
0.797603,0.194866,0.007532
0.067851,0.574770,0.357379
0.423655,0.576343,0.000001
0.663088,0.336646,0.000266
0.084157,0.914060,0.001783
0.680052,0.057726,0.262223
0.997917,0.002083,0.000000
0.766355,0.233644,0.000000
0.001550,0.998411,0.000039
0.767012,0.232988,0.000000
0.614277,0.385715,0.000008
0.056292,0.218775,0.724933
0.132547,0.867379,0.000074
0.894619,0.105382,0.000000
0.413170,0.025759,0.561071
0.904590,0.027136,0.068274
0.695963,0.301088,0.002949
0.622644,0.352696,0.024661
0.021286,0.247500,0.731214
0.967370,0.032623,0.000007
0.042193,0.475865,0.481943
0.974226,0.025655,0.000119
0.998873,0.001127,0.000000
0.625316,0.374684,0.000000
0.003044,0.996956,0.000000
0.978563,0.016998,0.004438
0.100190,0.603061,0.296748
0.031484,0.482241,0.486275
0.999088,0.000905,0.000007
0.799928,0.200072,0.000000
0.773993,0.226007,0.000000
0.346563,0.653393,0.000044
0.002217,0.000241,0.997542
0.000203,0.997904,0.001894
0.915810,0.083730,0.000460
0.004635,0.647284,0.348080
0.661966,0.328470,0.009563
0.001610,0.998242,0.000149
0.362763,0.618906,0.018331
0.639322,0.358262,0.002416
0.931967,0.058477,0.009556
0.535396,0.464595,0.000009
0.106276,0.893709,0.000015
0.603282,0.396718,0.000000
0.996971,0.003029,0.000000
0.805790,0.194180,0.000030
0.009008,0.009465,0.981528
0.252128,0.747865,0.000008
0.866307,0.029107,0.104586
0.733685,0.266315,0.000000
0.999072,0.000928,0.000000
0.533353,0.466647,0.000000
0.124197,0.483354,0.392449
0.414188,0.360244,0.225568
0.002340,0.005711,0.991949
0.892991,0.104743,0.002266
0.211658,0.712380,0.075961
0.674026,0.325974,0.000000
0.604780,0.299295,0.095924
0.997288,0.002712,0.000000
0.976528,0.023472,0.000000
0.416698,0.524052,0.059250
0.000200,0.999435,0.000365
0.936493,0.063296,0.000211
0.579538,0.031128,0.389335
0.999121,0.000879,0.000000
0.028090,0.062811,0.909100
0.566131,0.262314,0.171555
0.000498,0.995843,0.003659
0.998408,0.001592,0.000000
0.016344,0.472495,0.511161
0.005496,0.062292,0.932212
0.980414,0.002554,0.017032
0.119717,0.771972,0.108311
0.072292,0.921266,0.006442
0.999404,0.000596,0.000000
0.688200,0.311021,0.000778
0.001033,0.935026,0.063941
0.711524,0.288476,0.000000
0.027606,0.643255,0.329139
0.614905,0.385062,0.000034
0.998389,0.001610,0.000000
0.669217,0.329282,0.001501
0.014798,0.562647,0.422555
0.080684,0.189043,0.730273
0.999381,0.000619,0.000000
0.999625,0.000374,0.000000
0.332994,0.643106,0.023900
0.000356,0.980352,0.019292
0.109334,0.890529,0.000137
0.998038,0.001962,0.000000
0.993438,0.006562,0.000000
0.998935,0.001065,0.000000
0.313912,0.686085,0.000003
0.864508,0.134943,0.000549
0.998799,0.001201,0.000000
0.996527,0.003473,0.000000
0.893179,0.071030,0.035791
0.000576,0.000701,0.998723
0.993932,0.006067,0.000001
0.631956,0.368044,0.000000
0.993349,0.006651,0.000000
0.774269,0.221843,0.003888
0.886753,0.042569,0.070678
0.057394,0.160855,0.781751
0.705940,0.129705,0.164354
0.733127,0.265026,0.001847
0.998095,0.001905,0.000000
0.742102,0.257607,0.000291
0.997003,0.002997,0.000001
0.574876,0.425121,0.000003
0.997904,0.002096,0.000000
0.998607,0.001393,0.000000
0.998718,0.001282,0.000000
0.997661,0.002338,0.000000
0.987814,0.012175,0.000011
0.047035,0.188932,0.764032
0.062987,0.166627,0.770385
0.995661,0.004339,0.000000
0.487090,0.512909,0.000001
0.610960,0.389040,0.000000
0.925440,0.061166,0.013394
0.003207,0.006078,0.990714
0.998702,0.001297,0.000001
0.002771,0.995164,0.002065
0.998722,0.001277,0.000000
0.733483,0.266517,0.000000
0.303396,0.479928,0.216676
0.000331,0.999276,0.000392
0.137074,0.166590,0.696336
0.000825,0.996915,0.002261
0.040879,0.059620,0.899501
0.001500,0.567234,0.431267
0.028246,0.391310,0.580445
0.005077,0.976292,0.018631
0.942856,0.046707,0.010437
0.149455,0.352504,0.498042
0.000629,0.000139,0.999232
0.997962,0.002037,0.000001
0.354257,0.314161,0.331582
0.847127,0.152852,0.000021
0.001341,0.992588,0.006070
0.999241,0.000760,0.000000
0.000238,0.000041,0.999721
0.980800,0.019052,0.000148
0.003556,0.001774,0.994670
0.996777,0.003222,0.000000
0.987412,0.012577,0.000011
0.996555,0.003444,0.000001
0.694026,0.305974,0.000000
0.001765,0.520156,0.478079
0.998551,0.001449,0.000000
0.999209,0.000792,0.000000
0.637483,0.095708,0.266809
0.121634,0.878289,0.000077
0.439906,0.548863,0.011231
0.053262,0.442876,0.503862
0.516509,0.483491,0.000000
0.503508,0.426271,0.070220
0.053509,0.092092,0.854398
0.520593,0.477847,0.001560
0.003488,0.991653,0.004859
0.016778,0.021163,0.962059
0.998650,0.001350,0.000000
0.993887,0.006111,0.000002
0.639160,0.360839,0.000000
0.757619,0.242108,0.000273
0.514756,0.485244,0.000000
0.770970,0.229030,0.000000
0.296011,0.700674,0.003315
0.048080,0.114012,0.837908
0.546095,0.040008,0.413897
0.388543,0.611456,0.000001
0.098985,0.061382,0.839633
0.995149,0.004851,0.000000
0.003292,0.959543,0.037165
0.840901,0.144247,0.014852
0.829661,0.170277,0.000062
0.649523,0.350476,0.000001
0.025519,0.085684,0.888797
0.002650,0.005799,0.991551
0.997187,0.002813,0.000000
0.321317,0.552543,0.126141
0.405839,0.406231,0.187930
0.012781,0.003049,0.984170
0.919082,0.061262,0.019656
0.653062,0.346860,0.000078
0.254838,0.745148,0.000014
0.084673,0.175322,0.740005
0.995718,0.004281,0.000001
0.025669,0.509637,0.464694
0.066369,0.924472,0.009159
0.985242,0.014758,0.000000
0.918082,0.081208,0.000710
0.994566,0.005432,0.000003
0.994934,0.004972,0.000093
0.835307,0.164693,0.000000
0.101673,0.894358,0.003969
0.614869,0.385130,0.000000
0.001068,0.998931,0.000002
0.222431,0.665621,0.111948
0.095778,0.099280,0.804941
0.958426,0.041471,0.000103
0.996787,0.003213,0.000000
0.998759,0.001241,0.000000
0.081176,0.144488,0.774336
0.991684,0.008316,0.000000
0.363941,0.636058,0.000001
0.991577,0.008423,0.000000
0.012943,0.013859,0.973197
0.027261,0.670887,0.301852
0.204222,0.699601,0.096177
0.384352,0.611280,0.004369
0.998901,0.001099,0.000000
0.276186,0.420288,0.303527
0.131917,0.231686,0.636397
0.000900,0.957136,0.041964
0.000223,0.999515,0.000262
0.270385,0.171993,0.557621
0.823246,0.009801,0.166953
0.192538,0.764336,0.043126
0.991921,0.008079,0.000000
0.000655,0.000171,0.999174
0.371888,0.383450,0.244662
0.028769,0.338332,0.632900
0.269020,0.430570,0.300410
0.009766,0.011650,0.978584
0.137716,0.200216,0.662068
0.349314,0.648478,0.002208
0.637584,0.216612,0.145803
0.998921,0.001079,0.000000
0.723933,0.276066,0.000000
0.039486,0.855860,0.104654
0.989974,0.003348,0.006678
0.702294,0.204136,0.093570
0.320931,0.662530,0.016540
0.998715,0.001285,0.000000
0.025522,0.074496,0.899982
0.999337,0.000663,0.000000
0.999130,0.000870,0.000000
0.990620,0.009380,0.000000
0.989764,0.010235,0.000001
0.994800,0.005197,0.000003
0.067478,0.084102,0.848420
0.024100,0.068601,0.907299
0.793835,0.206154,0.000011
0.002038,0.997930,0.000032
0.230021,0.205367,0.564612
0.536110,0.463889,0.000000
0.955895,0.031666,0.012438
0.009663,0.027024,0.963313
0.946156,0.052059,0.001785
0.088375,0.783688,0.127938
0.976843,0.023157,0.000000
0.994966,0.005034,0.000000
0.632168,0.367831,0.000000
0.968217,0.022553,0.009230
0.424700,0.575230,0.000071
0.036092,0.105450,0.858458
0.492588,0.439221,0.068190
0.057368,0.114950,0.827683
0.001116,0.998248,0.000636
0.817403,0.059380,0.123217
0.035705,0.772017,0.192278
0.000338,0.000076,0.999586
0.998547,0.001452,0.000000
0.999082,0.000918,0.000000
0.979129,0.020871,0.000000
0.928848,0.069830,0.001323
0.998877,0.001123,0.000000
0.433405,0.423264,0.143331
0.002412,0.885661,0.111926
0.979602,0.020387,0.000011
0.605878,0.394121,0.000000
0.748239,0.251760,0.000000
0.938753,0.060674,0.000572
0.084356,0.408350,0.507294
0.685900,0.311572,0.002529
0.998197,0.001803,0.000000
0.998486,0.001514,0.000000
0.974460,0.014536,0.011004
0.236478,0.763477,0.000045
0.853327,0.146666,0.000007
0.529560,0.465389,0.005051
0.973902,0.026098,0.000000
0.460900,0.539100,0.000000
0.965314,0.034637,0.000048
0.463926,0.536073,0.000001
0.189734,0.335151,0.475115
0.995619,0.004381,0.000000
0.001676,0.998286,0.000037
0.142190,0.798854,0.058956
0.323920,0.161922,0.514158
0.500900,0.498881,0.000220
0.703759,0.296241,0.000000
0.027054,0.330658,0.642288
0.605239,0.394744,0.000017
0.046226,0.245007,0.708767
0.222031,0.615687,0.162282
0.382205,0.003992,0.613804
0.995545,0.004454,0.000001
0.431078,0.568921,0.000001
0.211747,0.288035,0.500218
0.026218,0.349089,0.624693
0.761624,0.107060,0.131316
0.060180,0.073009,0.866811
0.772554,0.226159,0.001287
0.998804,0.001195,0.000000
0.991881,0.008119,0.000000
0.997983,0.002017,0.000000
0.022805,0.848639,0.128555
0.011910,0.017011,0.971079
0.995415,0.004585,0.000000
0.170951,0.006963,0.822086
0.567847,0.432012,0.000141
0.569646,0.427459,0.002895
0.974971,0.025028,0.000001
0.099502,0.009962,0.890536
0.127839,0.872147,0.000014
0.958063,0.041684,0.000252
0.996436,0.003565,0.000000
0.005330,0.920473,0.074197
0.005568,0.991930,0.002502
0.984037,0.014818,0.001145
0.958721,0.041053,0.000226
0.179051,0.820929,0.000019
0.996262,0.003738,0.000000
0.977674,0.017784,0.004542
0.226154,0.773620,0.000226
0.200221,0.026456,0.773323
0.999514,0.000487,0.000000
0.663606,0.336394,0.000000
0.997036,0.002964,0.000000
0.002142,0.003436,0.994423
0.098830,0.599363,0.301807
0.031660,0.078064,0.890276
0.152176,0.844222,0.003602
0.341455,0.606233,0.052312
0.459075,0.353393,0.187532
0.942615,0.057077,0.000308
0.230457,0.659073,0.110471
0.974909,0.014009,0.011082
0.059313,0.179510,0.761178
0.022155,0.068124,0.909721
0.734544,0.023335,0.242121
0.036524,0.635215,0.328262
0.239698,0.685033,0.075269
0.000173,0.999631,0.000196
0.082208,0.219302,0.698490
0.384710,0.309140,0.306150
0.993021,0.006979,0.000001
0.000846,0.016952,0.982202
0.005463,0.012657,0.981881
0.738669,0.261287,0.000044
0.001503,0.996606,0.001891
0.022813,0.305291,0.671896
0.210381,0.551829,0.237790
0.993389,0.006611,0.000000
0.000761,0.999218,0.000021
0.002071,0.997695,0.000234
0.018333,0.236794,0.744873
0.001304,0.998513,0.000183
0.929263,0.070499,0.000238
0.000755,0.000109,0.999136
0.657233,0.335837,0.006930
0.462358,0.537642,0.000000
0.992358,0.007640,0.000001
0.000979,0.997906,0.001115
0.997840,0.002160,0.000000
0.683090,0.008145,0.308765
0.000550,0.986243,0.013207
0.583895,0.416105,0.000000
0.927786,0.072213,0.000001
0.054317,0.071541,0.874141
0.772352,0.227646,0.000002
0.337917,0.215751,0.446332
0.995998,0.004002,0.000000
0.340404,0.593518,0.066078
0.010623,0.010832,0.978545
0.178953,0.817820,0.003226
0.995658,0.004342,0.000000
0.061374,0.184286,0.754341
0.533229,0.466771,0.000000
0.512631,0.487350,0.000019
0.003473,0.991721,0.004806
0.013531,0.000463,0.986006
0.105080,0.466411,0.428508
0.999193,0.000807,0.000000
0.998610,0.001390,0.000000
0.049572,0.048402,0.902026
0.212833,0.785679,0.001488
0.002686,0.000671,0.996643
0.640778,0.357629,0.001593
0.997819,0.002179,0.000001
0.034426,0.511744,0.453831
0.999333,0.000667,0.000000
0.360992,0.605329,0.033679
0.943033,0.056964,0.000003
0.994620,0.005380,0.000000
0.315635,0.609247,0.075119
0.088760,0.911165,0.000075
0.428486,0.034434,0.537080
0.958160,0.041839,0.000001
0.978908,0.021042,0.000050
0.000571,0.994422,0.005007
0.639510,0.360489,0.000001
0.558085,0.009090,0.432826
0.986252,0.011125,0.002623
0.658496,0.338607,0.002896
0.954470,0.017197,0.028333
0.000705,0.000071,0.999224
0.733542,0.250960,0.015499
0.575610,0.422383,0.002006
0.991602,0.008398,0.000000
0.468419,0.531581,0.000000
0.781654,0.218346,0.000000
0.008096,0.911863,0.080040
0.020756,0.025499,0.953744
0.997777,0.002223,0.000000
0.372726,0.622773,0.004501
0.975748,0.013943,0.010309
0.017138,0.218070,0.764792
0.364896,0.199696,0.435408
0.996383,0.003607,0.000010
0.145537,0.352823,0.501640
0.306311,0.667819,0.025870
0.004402,0.943542,0.052056
0.023149,0.926150,0.050701
0.941461,0.001017,0.057522
0.600055,0.384188,0.015757
0.000721,0.998142,0.001136
0.297460,0.702536,0.000004
0.949284,0.031232,0.019484
0.185969,0.813885,0.000146
0.001287,0.998704,0.000009
0.259092,0.655659,0.085249
0.531812,0.468188,0.000000
0.924950,0.059064,0.015986
0.949797,0.047512,0.002691
0.209118,0.004694,0.786187
0.094261,0.556327,0.349412
0.176063,0.539816,0.284121
0.010676,0.001729,0.987595
0.723163,0.276837,0.000000
0.001140,0.998857,0.000003
0.002590,0.969199,0.028211
0.910172,0.005127,0.084701
0.053647,0.826146,0.120207
0.004583,0.995126,0.000291
0.000194,0.000056,0.999749
0.932348,0.067491,0.000160
0.031272,0.172801,0.795927
0.190153,0.809792,0.000055
0.747218,0.252736,0.000046
0.003322,0.994532,0.002146
0.549669,0.006701,0.443630
0.000063,0.000004,0.999933
0.577315,0.422685,0.000000
0.324466,0.667924,0.007609
0.020703,0.224252,0.755045
0.147680,0.643998,0.208322
0.671849,0.328151,0.000000
0.062635,0.570041,0.367324
0.129240,0.001810,0.868950
0.983353,0.016629,0.000017
0.999113,0.000887,0.000000
0.680529,0.317234,0.002237
0.721188,0.278812,0.000000
0.000390,0.997352,0.002258
0.968919,0.031081,0.000000
0.726987,0.272964,0.000049
0.022994,0.527876,0.449130
0.006592,0.004905,0.988503
0.996751,0.003249,0.000000
0.001905,0.997890,0.000205
0.999188,0.000812,0.000000
0.617118,0.382880,0.000002
0.508393,0.491607,0.000000
0.115881,0.871589,0.012530
0.796326,0.203674,0.000000
0.002802,0.997021,0.000177
0.003292,0.996494,0.000214
0.971681,0.024845,0.003474
0.354384,0.019881,0.625735
0.002985,0.000367,0.996648
0.035460,0.002286,0.962254
0.735737,0.007364,0.256899
0.466354,0.525949,0.007697
0.993241,0.006758,0.000001
0.260554,0.706971,0.032475
0.066586,0.258436,0.674978
0.065510,0.098085,0.836405
0.795651,0.204349,0.000000
0.111400,0.530834,0.357767
0.110647,0.167534,0.721820
0.999342,0.000658,0.000000
0.584340,0.225672,0.189988
0.983092,0.016908,0.000000
0.966267,0.025455,0.008278
0.010533,0.011114,0.978353
0.001847,0.994902,0.003251
0.927752,0.069915,0.002333
0.068730,0.602594,0.328676
0.797173,0.189568,0.013259
0.392579,0.158049,0.449372
0.024703,0.569079,0.406218
0.032826,0.145140,0.822033
0.039252,0.099615,0.861133
0.169714,0.186674,0.643612
0.189005,0.181351,0.629644
0.082276,0.821959,0.095765
0.001009,0.995635,0.003356
0.746353,0.253647,0.000000
0.114236,0.842002,0.043762
0.091090,0.549265,0.359645
0.039182,0.418431,0.542387
0.976739,0.023261,0.000000
0.900092,0.099785,0.000122
0.321193,0.249148,0.429660
0.008575,0.984825,0.006600
0.302783,0.697215,0.000002
0.998099,0.001901,0.000000
0.149090,0.002983,0.847927
0.717097,0.282903,0.000000
0.732749,0.127244,0.140008
0.997117,0.002875,0.000008
0.000347,0.998755,0.000898
0.073551,0.542142,0.384307
0.581487,0.418475,0.000038
0.999330,0.000670,0.000000
0.460654,0.539319,0.000027
0.000310,0.000156,0.999533
0.933352,0.066646,0.000003
0.994139,0.005861,0.000000
0.533625,0.466368,0.000007
0.185925,0.733849,0.080226
0.997140,0.002860,0.000000
0.997320,0.002680,0.000000
0.992016,0.007983,0.000000
0.999345,0.000655,0.000000
0.002247,0.000403,0.997350
0.671952,0.327591,0.000457
0.042474,0.566134,0.391392
0.102158,0.414918,0.482925
0.263606,0.709135,0.027259
0.555604,0.326493,0.117903
0.385537,0.614462,0.000000
0.553322,0.446676,0.000002
0.907592,0.081623,0.010785
0.519305,0.003884,0.476811
0.714667,0.285333,0.000000
0.995665,0.004335,0.000000
0.407994,0.590160,0.001846
0.000932,0.979857,0.019211
0.253490,0.663204,0.083306
0.093580,0.116051,0.790369
0.035932,0.298749,0.665319
0.021977,0.782464,0.195559
0.665649,0.334351,0.000000
0.628224,0.116068,0.255708
0.994713,0.005286,0.000000
0.108527,0.430859,0.460614
0.944458,0.010319,0.045224
0.000115,0.000009,0.999876
0.989143,0.010400,0.000457
0.512216,0.487752,0.000032
0.993506,0.006494,0.000000
0.001394,0.002894,0.995712
0.893292,0.082768,0.023940
0.098509,0.812322,0.089169
0.225154,0.324652,0.450194
0.979806,0.020194,0.000000
0.249897,0.453305,0.296799
0.994446,0.005554,0.000000
0.990157,0.002700,0.007143
0.342800,0.657170,0.000030
0.484957,0.280024,0.235018
0.999412,0.000588,0.000000
0.998874,0.001126,0.000000
0.997825,0.002175,0.000000
0.859406,0.140573,0.000022
0.036366,0.800388,0.163246
0.966287,0.017986,0.015727
0.073252,0.086623,0.840125
0.972321,0.027670,0.000009
0.705426,0.294574,0.000000
0.741633,0.015938,0.242429
0.627854,0.372146,0.000000
0.447044,0.461145,0.091811
0.996628,0.003372,0.000000
0.778826,0.221174,0.000001
0.108162,0.273727,0.618111
0.001548,0.991697,0.006755
0.000922,0.993721,0.005357
0.326532,0.027626,0.645842
0.998433,0.001567,0.000000
0.976320,0.021150,0.002529
0.732988,0.264144,0.002868
0.236742,0.733036,0.030222
0.088504,0.524927,0.386569
0.981703,0.017545,0.000752
0.860250,0.139750,0.000000
0.075361,0.860016,0.064623
0.426242,0.008979,0.564778
0.653614,0.346031,0.000355
0.002744,0.011088,0.986168
0.569466,0.430534,0.000000
0.183587,0.816375,0.000038
0.996030,0.003970,0.000000
0.790373,0.096672,0.112955
0.140284,0.859659,0.000058
0.860733,0.139267,0.000000
0.040420,0.318354,0.641226
0.745852,0.249958,0.004190
0.385617,0.529652,0.084731
0.103831,0.724895,0.171274
0.899548,0.021031,0.079421
0.952751,0.024658,0.022591
0.998143,0.001857,0.000000
0.999100,0.000896,0.000004
0.793710,0.206290,0.000000
0.630458,0.369541,0.000001
0.993924,0.006076,0.000000
0.111507,0.878013,0.010480
0.002841,0.995869,0.001290
0.996304,0.003683,0.000013
0.786805,0.123577,0.089617
0.985833,0.014116,0.000051
0.965209,0.034791,0.000000
0.476095,0.523904,0.000000
0.227150,0.016634,0.756216
0.006239,0.138098,0.855663
0.539733,0.012551,0.447716
0.885460,0.114389,0.000151
0.513505,0.478473,0.008022
0.005289,0.483989,0.510722
0.913072,0.082982,0.003946
0.009701,0.889302,0.100997
0.060183,0.099518,0.840299
0.001447,0.998541,0.000012
0.521588,0.472559,0.005854
0.922347,0.021820,0.055833
0.001935,0.955926,0.042139
0.991730,0.008264,0.000006
0.989752,0.010208,0.000040
0.924257,0.074683,0.001060
0.582609,0.417391,0.000000
0.966127,0.033873,0.000000
0.996261,0.003738,0.000001
0.021586,0.453866,0.524549
0.999191,0.000809,0.000000
0.490560,0.509438,0.000002
0.011865,0.014327,0.973808
0.999594,0.000406,0.000000
0.998526,0.001474,0.000000
0.401534,0.554484,0.043982
0.536391,0.021295,0.442315
0.031295,0.432736,0.535969
0.000177,0.000012,0.999811
0.797341,0.202659,0.000000
0.939879,0.054211,0.005909
0.720730,0.279270,0.000000
0.047417,0.112359,0.840224
0.000488,0.996642,0.002870
0.366526,0.633263,0.000211
0.036356,0.051681,0.911963
0.838979,0.132535,0.028486
0.018913,0.116219,0.864868
0.020123,0.119619,0.860257
0.485150,0.513460,0.001390
0.990032,0.009968,0.000000
0.056065,0.553625,0.390310
0.004116,0.005101,0.990783
0.955441,0.044559,0.000000
0.549512,0.450488,0.000000
0.831185,0.167108,0.001707
0.984870,0.013497,0.001633
0.997949,0.002051,0.000000
0.957848,0.042152,0.000000
0.074397,0.170634,0.754968
0.151168,0.105191,0.743641
0.115705,0.578535,0.305760
0.634608,0.193696,0.171696
0.706540,0.293264,0.000196
0.165621,0.701341,0.133039
0.989695,0.010305,0.000000
0.974891,0.024778,0.000331
0.989600,0.010400,0.000000
0.999611,0.000389,0.000000
0.022555,0.088158,0.889287
0.997615,0.002385,0.000000
0.001176,0.000226,0.998598
0.987577,0.012423,0.000000
0.987271,0.012729,0.000000
0.659737,0.338935,0.001328
0.742552,0.112567,0.144881
0.048744,0.493208,0.458047
0.807577,0.052903,0.139520
0.946291,0.053709,0.000000
0.993369,0.006621,0.000011
0.043438,0.568158,0.388403
0.151740,0.177609,0.670650
0.983153,0.016847,0.000000
0.021013,0.538735,0.440252
0.051162,0.641863,0.306974
0.003330,0.004528,0.992142
0.997417,0.002574,0.000009
0.096125,0.685664,0.218212
0.189825,0.375275,0.434900
0.501612,0.470408,0.027981
0.990634,0.009366,0.000000
0.836873,0.162466,0.000661
0.998872,0.001128,0.000000
0.562808,0.433200,0.003992
0.237165,0.761804,0.001031
0.810353,0.189647,0.000000
0.001569,0.998406,0.000025
0.286235,0.151818,0.561947
0.003341,0.281291,0.715368
0.990349,0.008560,0.001091
0.062624,0.575347,0.362029
0.105540,0.107237,0.787223
0.020665,0.455338,0.523997
0.449968,0.548074,0.001958
0.008834,0.006620,0.984546
0.043814,0.796531,0.159654
0.085327,0.680688,0.233985
0.667450,0.190412,0.142138
0.023616,0.089664,0.886721
0.725612,0.086405,0.187984
0.029809,0.051431,0.918760
0.071039,0.703947,0.225014
0.064606,0.444840,0.490555
0.084511,0.914534,0.000955
0.579501,0.420499,0.000000
0.820538,0.179462,0.000000
0.688081,0.311917,0.000002
0.003761,0.986821,0.009418
0.686838,0.308642,0.004519
0.799563,0.200437,0.000000
0.995368,0.004632,0.000000
0.235553,0.764440,0.000007
0.247696,0.269467,0.482837
0.988585,0.005482,0.005933
0.996019,0.003980,0.000000
0.998841,0.001159,0.000001
0.001260,0.998739,0.000001
0.998214,0.001786,0.000000
0.998333,0.001667,0.000000
0.069797,0.650191,0.280012
0.989656,0.010344,0.000000
0.997857,0.002143,0.000000
0.999303,0.000697,0.000000
0.813366,0.186634,0.000000
0.705950,0.293702,0.000348
0.252023,0.747977,0.000000
0.007127,0.759619,0.233255
0.708259,0.003905,0.287836
