0.075313,0.035930,0.053187,0.034205,0.307350,0.079165,0.286333,0.027664,0.033209,0.067643
0.113273,0.415322,0.068277,0.039388,0.070765,0.044718,0.047056,0.102966,0.052920,0.045315
0.126106,0.076973,0.098115,0.132956,0.100263,0.100228,0.117616,0.026929,0.080412,0.140402
0.081042,0.105622,0.042150,0.121253,0.138770,0.046590,0.165703,0.127543,0.130399,0.040928
0.087251,0.064439,0.085869,0.105891,0.113035,0.090664,0.112579,0.090783,0.127282,0.122207
0.078926,0.123107,0.041470,0.103009,0.084551,0.126470,0.239274,0.114237,0.055548,0.033409
0.035822,0.062841,0.126122,0.055695,0.393809,0.080370,0.063843,0.056252,0.065601,0.059645
0.097441,0.100875,0.099230,0.057362,0.055235,0.115358,0.253667,0.080728,0.087595,0.052509
0.071934,0.220983,0.051024,0.086881,0.071066,0.171592,0.105194,0.076470,0.054300,0.090556
0.034938,0.113122,0.028603,0.155131,0.034423,0.111897,0.231280,0.116250,0.058818,0.115538
0.107158,0.118903,0.127229,0.111106,0.088348,0.027976,0.125846,0.094953,0.079755,0.118725
0.063119,0.113391,0.145873,0.093126,0.057887,0.118767,0.112034,0.108204,0.087080,0.100518
0.021034,0.153349,0.076596,0.141765,0.072302,0.159023,0.159104,0.027564,0.099088,0.090175
0.048026,0.188212,0.184713,0.074698,0.093787,0.157498,0.062758,0.066909,0.081403,0.041995
0.050561,0.075142,0.129944,0.114571,0.134916,0.033688,0.122134,0.126264,0.112078,0.100702
0.085877,0.167135,0.031528,0.089704,0.109490,0.035564,0.108912,0.095224,0.116079,0.160488
0.047447,0.038397,0.316692,0.055210,0.240985,0.100319,0.042947,0.044409,0.073809,0.039786
0.113044,0.145070,0.053797,0.097707,0.056170,0.150635,0.154347,0.132180,0.063456,0.033595
0.079736,0.114886,0.113517,0.068844,0.100583,0.126553,0.112316,0.086683,0.096321,0.100561
0.105554,0.081957,0.115541,0.103912,0.093341,0.113398,0.093792,0.079466,0.097393,0.115646
0.077070,0.310857,0.050849,0.060423,0.031844,0.038222,0.269743,0.043407,0.062284,0.055300
0.074976,0.143871,0.030100,0.092653,0.109877,0.152329,0.119073,0.106211,0.067204,0.103706
0.057297,0.269490,0.133496,0.039941,0.226632,0.078723,0.045945,0.058008,0.033246,0.057222
0.083589,0.108906,0.127425,0.095385,0.076022,0.095494,0.106882,0.096627,0.113620,0.096050
0.019073,0.079506,0.139279,0.108110,0.328171,0.085928,0.073616,0.076035,0.041473,0.048810
0.095186,0.119261,0.152322,0.101830,0.077971,0.109316,0.103747,0.079159,0.069006,0.092201
0.060365,0.094424,0.097876,0.091596,0.089685,0.123794,0.110478,0.102576,0.121179,0.108027
0.057578,0.125293,0.125170,0.091521,0.072946,0.097317,0.110554,0.120674,0.089938,0.109009
0.051554,0.111474,0.176861,0.077906,0.079432,0.145995,0.113054,0.105203,0.055127,0.083394
0.075275,0.309759,0.079010,0.094164,0.043194,0.043234,0.082430,0.083093,0.082595,0.107244
0.083707,0.194526,0.094108,0.089854,0.074207,0.108277,0.103782,0.095068,0.077505,0.078966
0.052749,0.104954,0.154354,0.091176,0.091593,0.131726,0.099462,0.082558,0.084286,0.107142
0.068975,0.042787,0.089422,0.081180,0.027295,0.085266,0.360073,0.063505,0.145264,0.036234
0.110253,0.071918,0.028018,0.098114,0.100906,0.138041,0.141167,0.099090,0.107393,0.105099
0.076760,0.107734,0.109272,0.042691,0.074127,0.098347,0.202760,0.083806,0.100096,0.104407
0.038326,0.070429,0.273401,0.055701,0.270663,0.073208,0.059301,0.072567,0.041724,0.044679
0.059098,0.117109,0.171783,0.073958,0.080096,0.134843,0.114318,0.094200,0.081537,0.073058
0.083145,0.127288,0.140243,0.112555,0.070160,0.107508,0.119726,0.062030,0.103921,0.073425
0.089754,0.096252,0.095931,0.095277,0.035108,0.075464,0.236438,0.080656,0.085246,0.109874
0.059276,0.140976,0.320902,0.115601,0.031333,0.061987,0.081487,0.087490,0.046246,0.054702
0.064189,0.083286,0.103845,0.138427,0.065957,0.106014,0.125587,0.115558,0.089405,0.107732
0.092998,0.087445,0.072759,0.095846,0.059429,0.082738,0.256396,0.070284,0.086256,0.095850
0.067030,0.089492,0.206642,0.112244,0.076535,0.112734,0.083730,0.049226,0.102736,0.099630
0.086030,0.087360,0.109463,0.096703,0.039400,0.070984,0.290033,0.065248,0.051141,0.103638
0.058144,0.144301,0.031925,0.087196,0.048394,0.163447,0.147726,0.147067,0.058465,0.113335
0.085242,0.091314,0.123955,0.115161,0.045900,0.124678,0.097833,0.101014,0.102755,0.112147
0.083737,0.112390,0.093114,0.078865,0.043948,0.032128,0.270594,0.086235,0.076536,0.122454
0.101355,0.099376,0.098999,0.108117,0.098490,0.112053,0.111702,0.104557,0.065505,0.099845
0.050703,0.137767,0.271768,0.058059,0.091074,0.069290,0.093395,0.093261,0.071847,0.062837
0.052468,0.291600,0.060958,0.073608,0.027036,0.046179,0.309054,0.053305,0.065362,0.020428
0.069220,0.075619,0.039122,0.149157,0.128055,0.036981,0.158517,0.129350,0.065953,0.148027
0.054108,0.114881,0.121718,0.106153,0.108061,0.098723,0.107986,0.112324,0.102191,0.073855
0.042314,0.280883,0.070262,0.058594,0.019998,0.055797,0.326472,0.029084,0.049918,0.066676
0.068628,0.135950,0.254864,0.062022,0.053890,0.061531,0.083931,0.105584,0.069366,0.104233
0.094355,0.090650,0.053151,0.052268,0.068226,0.062540,0.292062,0.047152,0.129137,0.110459
0.012798,0.305373,0.124981,0.025295,0.330013,0.052238,0.032001,0.042052,0.029332,0.045917
0.073711,0.213523,0.098102,0.089419,0.068883,0.102304,0.076447,0.097089,0.094702,0.085821
0.033806,0.070933,0.382947,0.048632,0.125301,0.077903,0.067130,0.085097,0.056689,0.051562
0.082180,0.116855,0.094530,0.101115,0.109438,0.118089,0.102852,0.094360,0.074717,0.105864
0.079303,0.115681,0.123612,0.104151,0.112163,0.112079,0.099936,0.047035,0.091111,0.114931
0.086150,0.108783,0.118600,0.098375,0.040806,0.027713,0.265093,0.069160,0.090401,0.094918
0.064263,0.062411,0.266511,0.087261,0.145045,0.115955,0.064500,0.048450,0.061459,0.084146
0.049599,0.108788,0.187201,0.079135,0.110885,0.136830,0.115690,0.074476,0.066437,0.070959
0.075387,0.105349,0.044267,0.125035,0.115838,0.112002,0.118763,0.086061,0.102008,0.115290
0.049047,0.061155,0.198662,0.056904,0.154014,0.081358,0.246727,0.050153,0.052246,0.049736
0.071367,0.273134,0.130153,0.057915,0.068270,0.090300,0.086323,0.102292,0.067917,0.052329
0.066389,0.151166,0.043212,0.105095,0.099486,0.115190,0.107307,0.121489,0.077709,0.112956
0.044156,0.283894,0.025010,0.054241,0.029371,0.124480,0.265265,0.055601,0.082976,0.035006
0.021305,0.174646,0.189558,0.054851,0.105887,0.182112,0.063725,0.067309,0.057491,0.083115
0.057107,0.116388,0.043283,0.056298,0.077945,0.142904,0.217773,0.121101,0.080494,0.086706
0.052602,0.297522,0.048551,0.019253,0.385418,0.050702,0.026827,0.040178,0.029958,0.048989
0.067947,0.059488,0.086263,0.112827,0.281571,0.101455,0.065865,0.046717,0.111714,0.066152
0.037155,0.123759,0.036090,0.136250,0.132352,0.148553,0.139314,0.118295,0.095490,0.032743
0.019082,0.147434,0.025562,0.151278,0.147113,0.028702,0.180013,0.129764,0.091424,0.079628
0.066939,0.114685,0.027982,0.107509,0.131759,0.176364,0.113727,0.120412,0.063268,0.077355
0.056675,0.113350,0.106742,0.117000,0.064256,0.106484,0.113035,0.099778,0.111770,0.110910
0.102130,0.301297,0.070819,0.055842,0.087289,0.078313,0.063790,0.081452,0.072888,0.086180
0.057738,0.109233,0.130823,0.114578,0.067983,0.104641,0.113199,0.081607,0.101791,0.118406
0.102773,0.314060,0.058965,0.034178,0.018759,0.051678,0.288974,0.042497,0.032534,0.055582
0.080342,0.069065,0.137301,0.087420,0.148090,0.132210,0.088352,0.058393,0.132422,0.066405
0.125869,0.090290,0.133805,0.120407,0.064717,0.108677,0.140106,0.033764,0.128825,0.053540
0.100133,0.121925,0.125772,0.062150,0.085370,0.096564,0.124504,0.045307,0.111773,0.126501
0.101408,0.109682,0.106874,0.104800,0.074748,0.116290,0.088196,0.105020,0.095323,0.097661
0.041280,0.347342,0.109036,0.093705,0.068562,0.078223,0.070459,0.026083,0.088837,0.076473
0.025278,0.076116,0.065378,0.140520,0.071951,0.104125,0.255150,0.075657,0.096964,0.088862
0.056590,0.279998,0.060820,0.071087,0.031755,0.021454,0.336374,0.056675,0.045994,0.039253
0.080685,0.103463,0.115226,0.109160,0.096239,0.113007,0.101326,0.087945,0.084829,0.108121
0.042770,0.069334,0.061143,0.083437,0.058530,0.096683,0.273482,0.086217,0.127591,0.100812
0.059736,0.130765,0.027702,0.128022,0.048724,0.140805,0.141853,0.095283,0.101603,0.125507
0.034548,0.051854,0.113690,0.079580,0.325759,0.118687,0.065446,0.059392,0.116098,0.034946
0.071370,0.193863,0.104331,0.078945,0.076691,0.097620,0.089618,0.076428,0.099673,0.111463
0.065134,0.150748,0.144068,0.118075,0.077598,0.128997,0.080576,0.100217,0.072349,0.062239
0.085751,0.063170,0.101759,0.051917,0.282802,0.088714,0.078590,0.084633,0.056224,0.106440
0.044592,0.337700,0.041479,0.063263,0.027724,0.033180,0.323684,0.025133,0.062323,0.040921
0.080948,0.226872,0.104973,0.118794,0.054358,0.109902,0.086545,0.091731,0.094101,0.031777
0.099905,0.105132,0.129335,0.125489,0.085604,0.130319,0.119345,0.024244,0.081830,0.098797
0.084239,0.102873,0.142531,0.126057,0.094430,0.105189,0.121249,0.050665,0.124013,0.048755
0.082879,0.171233,0.088356,0.097261,0.102119,0.081408,0.084631,0.084582,0.098180,0.109350
0.084636,0.203584,0.089826,0.093786,0.078618,0.075697,0.100122,0.096463,0.067827,0.109441
0.062303,0.121190,0.104525,0.122318,0.076584,0.101058,0.110308,0.094792,0.092177,0.114747
0.037202,0.362464,0.042146,0.029540,0.014781,0.035597,0.371979,0.030770,0.027205,0.048318
0.077382,0.276831,0.103922,0.101325,0.033864,0.102996,0.066518,0.055387,0.079468,0.102307
0.075105,0.117695,0.117990,0.134752,0.085589,0.101172,0.106681,0.080338,0.079861,0.100817
0.139558,0.255431,0.087954,0.090698,0.032586,0.061909,0.074948,0.056866,0.136925,0.063124
0.066982,0.191458,0.157442,0.037190,0.088696,0.179257,0.064648,0.084974,0.092649,0.036703
0.093501,0.120288,0.095911,0.088946,0.072305,0.123254,0.105786,0.083500,0.095056,0.121452
0.015921,0.218294,0.108886,0.030033,0.377280,0.054059,0.040966,0.060480,0.053454,0.040628
0.108971,0.241455,0.095001,0.047949,0.043569,0.047835,0.297938,0.032865,0.030255,0.054162
0.043479,0.137431,0.055916,0.130186,0.105795,0.182799,0.124432,0.101433,0.082033,0.036496
0.049799,0.310620,0.169161,0.039062,0.210131,0.052166,0.043907,0.048625,0.047482,0.029047
0.053684,0.070551,0.226496,0.101032,0.120169,0.149510,0.075544,0.059350,0.066427,0.077238
0.108970,0.201441,0.102069,0.056708,0.072976,0.093489,0.107114,0.074056,0.074778,0.108399
0.063048,0.120236,0.044472,0.110959,0.043926,0.192111,0.130558,0.101869,0.093463,0.099359
0.035167,0.049105,0.144538,0.083756,0.204010,0.067007,0.253471,0.082939,0.035787,0.044221
0.024920,0.049084,0.301879,0.107584,0.091473,0.072622,0.095451,0.108527,0.043537,0.104923
0.084470,0.068214,0.112023,0.120604,0.094460,0.107251,0.100579,0.083608,0.108107,0.120685
0.104648,0.101545,0.140661,0.123469,0.071361,0.045515,0.138730,0.099374,0.044117,0.130581
0.095548,0.125202,0.127353,0.060682,0.095503,0.044715,0.127212,0.098174,0.087029,0.138584
0.059165,0.137582,0.114488,0.128194,0.104852,0.035320,0.134389,0.023172,0.132021,0.130818
0.082667,0.318556,0.076360,0.095893,0.087383,0.030667,0.097986,0.030717,0.069906,0.109866
0.088989,0.114460,0.118199,0.112496,0.079698,0.081446,0.096620,0.096185,0.113740,0.098167
0.095027,0.111623,0.080297,0.115400,0.050810,0.112820,0.095084,0.087831,0.129306,0.121802
0.075082,0.120516,0.109319,0.061724,0.104399,0.100590,0.121160,0.107989,0.089185,0.110036
0.101257,0.068315,0.084163,0.107263,0.102009,0.084592,0.096628,0.100642,0.117505,0.137627
0.075890,0.091677,0.075106,0.080875,0.092801,0.089205,0.318469,0.026659,0.089290,0.060029
0.043420,0.105039,0.084540,0.101910,0.092477,0.038760,0.230321,0.085371,0.106911,0.111252
0.010207,0.375046,0.120943,0.017723,0.306048,0.050763,0.025088,0.037083,0.020785,0.036314
0.020364,0.049819,0.079702,0.099258,0.452918,0.080429,0.060909,0.064461,0.041467,0.050673
0.077215,0.089514,0.081683,0.072015,0.071660,0.069890,0.275256,0.075821,0.081421,0.105524
0.040541,0.093967,0.317386,0.078831,0.064463,0.066623,0.108568,0.072495,0.051466,0.105660
0.021942,0.079258,0.051745,0.071355,0.225376,0.100928,0.324383,0.049076,0.053009,0.022928
0.034391,0.278653,0.144774,0.088729,0.160258,0.080197,0.046890,0.056411,0.066636,0.043061
0.084278,0.075581,0.118071,0.061060,0.059281,0.110434,0.259794,0.059631,0.057664,0.114208
0.098540,0.100036,0.183361,0.102674,0.082127,0.086103,0.178350,0.065071,0.068781,0.034958
0.085979,0.269680,0.086387,0.106536,0.068393,0.032782,0.082304,0.093759,0.089062,0.085117
0.020388,0.061268,0.273257,0.134430,0.092590,0.079602,0.118405,0.036625,0.084995,0.098441
0.041301,0.098359,0.091527,0.058927,0.245521,0.081357,0.085650,0.100093,0.086513,0.110753
0.056006,0.311081,0.023199,0.065162,0.025812,0.078467,0.295541,0.033815,0.029105,0.081813
0.056347,0.416352,0.034178,0.019926,0.032050,0.049077,0.313827,0.028305,0.031436,0.018501
0.069785,0.126211,0.120004,0.093783,0.056129,0.131783,0.111412,0.099442,0.091991,0.099460
0.066928,0.105405,0.239952,0.082153,0.096249,0.082592,0.101014,0.082952,0.106862,0.035894
0.042672,0.274995,0.019263,0.050960,0.053481,0.057969,0.317036,0.039528,0.091913,0.052184
0.066213,0.142488,0.109168,0.149516,0.064325,0.056511,0.109253,0.098901,0.091031,0.112593
0.094714,0.053986,0.114639,0.052134,0.061947,0.117789,0.204280,0.090516,0.113322,0.096672
0.072880,0.063068,0.139228,0.080574,0.041576,0.127299,0.241638,0.041818,0.100179,0.091739
0.068526,0.072271,0.128148,0.113980,0.079954,0.109614,0.121227,0.123089,0.110656,0.072535
0.069582,0.136802,0.036050,0.114189,0.124675,0.147524,0.138734,0.119498,0.033055,0.079890
0.132340,0.072181,0.157691,0.069318,0.058123,0.129341,0.181383,0.062054,0.098158,0.039411
0.048095,0.066417,0.053916,0.153385,0.110076,0.038207,0.211392,0.124560,0.052608,0.141345
0.053881,0.131335,0.110271,0.142021,0.063193,0.041295,0.130031,0.130697,0.080613,0.116662
0.062617,0.133210,0.119152,0.075673,0.062772,0.128712,0.120083,0.126700,0.096637,0.074445
0.109897,0.111651,0.127839,0.093240,0.056825,0.110519,0.125840,0.030797,0.103834,0.129559
0.034770,0.109418,0.047749,0.120010,0.105297,0.148786,0.135680,0.113345,0.103925,0.081020
0.093022,0.042117,0.108517,0.056489,0.044558,0.104572,0.326828,0.032731,0.096605,0.094561
0.080391,0.268981,0.039934,0.059835,0.027955,0.055358,0.294933,0.044327,0.059241,0.069044
0.067855,0.233414,0.133491,0.088558,0.204753,0.091894,0.045797,0.036691,0.050419,0.047128
0.068597,0.065602,0.232832,0.080135,0.051456,0.136008,0.112436,0.104235,0.040549,0.108149
0.026266,0.091793,0.242812,0.100398,0.094971,0.151482,0.074516,0.095085,0.056742,0.065936
0.068546,0.116939,0.112722,0.120076,0.098942,0.121359,0.103074,0.074831,0.094616,0.088895
0.064595,0.089517,0.172846,0.108293,0.082140,0.091744,0.166341,0.052132,0.064107,0.108284
0.089333,0.104028,0.093772,0.121891,0.089224,0.091995,0.107817,0.104389,0.087531,0.110020
0.047721,0.066109,0.112487,0.057356,0.033412,0.104072,0.371369,0.037960,0.092383,0.077131
0.056418,0.128991,0.140759,0.142082,0.098652,0.029620,0.113718,0.099027,0.082037,0.108698
0.088252,0.073432,0.122191,0.130123,0.121024,0.118567,0.109014,0.026036,0.112892,0.098469
0.077413,0.100937,0.123347,0.070287,0.042330,0.087706,0.237314,0.076737,0.091730,0.092198
0.047414,0.061722,0.193240,0.056759,0.199533,0.068027,0.210243,0.065564,0.056017,0.041480
0.028049,0.357425,0.051160,0.039164,0.017360,0.032973,0.267622,0.037795,0.109188,0.059264
0.049087,0.323086,0.057641,0.032922,0.021511,0.066019,0.270659,0.051037,0.073841,0.054198
0.075127,0.111645,0.105542,0.128435,0.060166,0.114057,0.105646,0.119125,0.076898,0.103359
0.085555,0.135519,0.133014,0.103857,0.059989,0.032498,0.125818,0.117273,0.079463,0.127014
0.021566,0.082271,0.075394,0.121684,0.075631,0.098301,0.283632,0.087732,0.070843,0.082944
0.019188,0.067644,0.039585,0.116408,0.149040,0.029099,0.236828,0.132103,0.083980,0.126124
0.029517,0.074390,0.135817,0.050964,0.342915,0.095879,0.077248,0.103618,0.065510,0.024140
0.032111,0.078059,0.030709,0.136965,0.133132,0.150458,0.159276,0.096012,0.061688,0.121590
0.063430,0.047404,0.143425,0.112550,0.181712,0.110625,0.075437,0.070259,0.091065,0.104094
0.080439,0.290075,0.125926,0.045326,0.058033,0.074629,0.097812,0.072313,0.061477,0.093971
0.051910,0.322180,0.029650,0.051606,0.028577,0.046455,0.357225,0.028292,0.046940,0.037166
0.050415,0.110304,0.035772,0.121234,0.067755,0.118184,0.230556,0.091824,0.054394,0.119563
0.026782,0.153111,0.054488,0.111373,0.097150,0.129187,0.150287,0.102116,0.068060,0.107446
0.026563,0.356679,0.026085,0.018348,0.226397,0.042685,0.233045,0.026704,0.022884,0.020610
0.105487,0.133331,0.096602,0.121828,0.064306,0.112712,0.113646,0.023694,0.094848,0.133546
0.060498,0.223819,0.092769,0.065316,0.038143,0.069552,0.252300,0.051587,0.079137,0.066879
0.089062,0.083465,0.118608,0.110636,0.068835,0.076216,0.219920,0.065231,0.092582,0.075444
0.043305,0.127896,0.241419,0.095768,0.093173,0.132331,0.126995,0.033158,0.071506,0.034448
0.080704,0.112073,0.125684,0.116530,0.068176,0.093023,0.117924,0.085513,0.088659,0.111713
0.022920,0.100087,0.042599,0.128693,0.144129,0.039330,0.153688,0.105866,0.111162,0.151526
0.090505,0.081405,0.085437,0.083531,0.211460,0.066237,0.108959,0.109189,0.057754,0.105523
0.037645,0.114881,0.139275,0.091150,0.073916,0.037535,0.256252,0.111719,0.102436,0.035192
0.115310,0.115486,0.097501,0.120083,0.083321,0.111238,0.108490,0.023850,0.103267,0.121454
0.071062,0.098308,0.108938,0.060334,0.040238,0.060537,0.295586,0.078296,0.087019,0.099681
0.084874,0.079954,0.105616,0.093749,0.027930,0.085415,0.351461,0.046635,0.050060,0.074305
0.088053,0.092854,0.023425,0.102494,0.126358,0.110160,0.214340,0.081135,0.064508,0.096674
0.088148,0.251266,0.057090,0.067352,0.022834,0.056167,0.297099,0.037118,0.057810,0.065117
0.022625,0.090383,0.029287,0.101260,0.051086,0.198343,0.160666,0.111774,0.120121,0.114455
0.052894,0.046547,0.085815,0.054471,0.279417,0.098461,0.087011,0.119609,0.066505,0.109270
0.075408,0.130046,0.032062,0.087870,0.147667,0.133890,0.143823,0.111685,0.033955,0.103594
0.056758,0.084652,0.128832,0.102006,0.075039,0.038864,0.268904,0.093003,0.117133,0.034809
0.113040,0.104761,0.113307,0.108963,0.078924,0.055515,0.130479,0.032869,0.125855,0.136287
0.029449,0.040040,0.270933,0.046518,0.247742,0.086885,0.070535,0.065555,0.079278,0.063064
0.102291,0.043901,0.091393,0.068879,0.024860,0.055507,0.324362,0.062279,0.129141,0.097387
0.059286,0.065098,0.312460,0.113433,0.091600,0.073299,0.102346,0.071464,0.080155,0.030859
0.061080,0.108601,0.115172,0.101300,0.096576,0.119426,0.106990,0.096331,0.092398,0.102125
0.091978,0.120654,0.116804,0.077450,0.074149,0.100686,0.114766,0.098552,0.098446,0.106514
0.129391,0.075599,0.101651,0.124036,0.096262,0.098893,0.104778,0.025061,0.105869,0.138459
0.033501,0.288636,0.065788,0.028522,0.356216,0.070302,0.043659,0.039267,0.039718,0.034390
0.059629,0.081915,0.254692,0.095329,0.196142,0.083854,0.076945,0.047764,0.048509,0.055220
0.072724,0.078526,0.034621,0.067226,0.112565,0.183054,0.145899,0.140944,0.049521,0.114922
0.063550,0.257123,0.120107,0.054091,0.050360,0.063784,0.231650,0.057461,0.041783,0.060091
0.039197,0.044424,0.193784,0.055621,0.333911,0.077467,0.062771,0.059498,0.071054,0.062273
0.053194,0.277178,0.121658,0.096517,0.056260,0.036181,0.100949,0.099986,0.063419,0.094658
0.086531,0.285915,0.147626,0.078213,0.033990,0.122252,0.085679,0.031709,0.047908,0.080176
0.051169,0.128846,0.172397,0.077604,0.047439,0.110609,0.107927,0.099813,0.076656,0.127539
0.073300,0.287618,0.107174,0.089798,0.040677,0.086419,0.073239,0.085110,0.062886,0.093779
0.118999,0.138776,0.055017,0.141073,0.125128,0.034704,0.135932,0.092463,0.046767,0.111140
0.072547,0.156311,0.053598,0.122993,0.111456,0.045130,0.179251,0.106721,0.062447,0.089548
0.038684,0.138605,0.058625,0.074857,0.157298,0.145584,0.109368,0.141396,0.053430,0.082154
0.078716,0.070953,0.111583,0.085860,0.119056,0.123801,0.104431,0.102924,0.095786,0.106890
0.070646,0.362497,0.092234,0.030169,0.026779,0.078337,0.069401,0.086959,0.153959,0.029019
0.098926,0.027629,0.091653,0.088684,0.040980,0.080763,0.348235,0.035249,0.087685,0.100195
0.069269,0.162660,0.045824,0.110265,0.110276,0.134627,0.126165,0.139997,0.067934,0.032984
0.074748,0.114087,0.114377,0.054334,0.096368,0.121722,0.103262,0.088008,0.103079,0.130015
0.119194,0.172316,0.095867,0.100037,0.051917,0.102325,0.083378,0.072991,0.092612,0.109363
0.021763,0.068056,0.057189,0.049278,0.250666,0.096712,0.333490,0.046079,0.053309,0.023458
0.033583,0.267759,0.052769,0.067289,0.058855,0.044441,0.326298,0.035233,0.056474,0.057298
0.088419,0.150261,0.037017,0.132810,0.153060,0.041061,0.153991,0.032144,0.124627,0.086610
0.063965,0.106499,0.115061,0.134884,0.053621,0.133157,0.113478,0.099127,0.075482,0.104725
0.086325,0.075413,0.255490,0.058272,0.174117,0.084829,0.073074,0.054619,0.074223,0.063636
0.057412,0.126417,0.031096,0.080064,0.133545,0.032326,0.142509,0.134584,0.111244,0.150805
0.097488,0.095209,0.030885,0.169989,0.131834,0.031832,0.145502,0.138762,0.068266,0.090232
0.083944,0.268765,0.091344,0.101662,0.040015,0.080647,0.083146,0.062463,0.103036,0.084978
0.075349,0.094757,0.086243,0.079154,0.033099,0.102470,0.254445,0.089386,0.087785,0.097313
0.133277,0.071958,0.102784,0.129194,0.050182,0.108077,0.196142,0.081865,0.071159,0.055364
0.084188,0.031260,0.208027,0.048776,0.225565,0.065030,0.202656,0.044887,0.048453,0.041156
0.047660,0.074225,0.043514,0.150831,0.054147,0.174442,0.141127,0.121316,0.102103,0.090635
0.048198,0.127367,0.047706,0.115348,0.095410,0.118254,0.132862,0.117456,0.103990,0.093409
0.106148,0.091804,0.134297,0.096809,0.078214,0.128178,0.117529,0.089687,0.115923,0.041411
0.092726,0.076269,0.118303,0.103831,0.059083,0.093960,0.271553,0.082127,0.057595,0.044554
0.155675,0.074093,0.088431,0.030375,0.024932,0.069003,0.333542,0.045826,0.116797,0.061327
0.069197,0.077218,0.181442,0.042540,0.074902,0.160290,0.176373,0.069122,0.076993,0.071925
0.065514,0.123969,0.103360,0.090769,0.125992,0.091311,0.104171,0.113771,0.078687,0.102454
0.038002,0.137380,0.060971,0.107596,0.042791,0.121963,0.224316,0.103687,0.049155,0.114140
0.063100,0.120451,0.101036,0.084254,0.102557,0.123670,0.102366,0.081664,0.117086,0.103816
0.075170,0.093469,0.120171,0.113563,0.069075,0.152520,0.134680,0.031956,0.123564,0.085832
0.049951,0.154332,0.065061,0.095195,0.072971,0.117976,0.099466,0.122187,0.090502,0.132360
0.020278,0.043158,0.058070,0.045606,0.480560,0.094785,0.068644,0.064338,0.069810,0.054751
0.121695,0.265035,0.114257,0.098757,0.037300,0.082029,0.084346,0.051457,0.071782,0.073342
0.096982,0.113426,0.120341,0.108184,0.049306,0.109291,0.106272,0.104697,0.085305,0.106196
0.085636,0.108965,0.073361,0.121257,0.060034,0.099399,0.283981,0.023672,0.062478,0.081217
0.031413,0.247846,0.066881,0.041446,0.054788,0.060095,0.281797,0.081151,0.076218,0.058365
0.077820,0.112338,0.104773,0.109811,0.065088,0.129410,0.118248,0.123137,0.079537,0.079838
0.038477,0.093949,0.107195,0.083787,0.035765,0.078776,0.290153,0.071916,0.114015,0.085966
0.028366,0.148631,0.060491,0.090968,0.130023,0.038430,0.181065,0.028819,0.121519,0.171688
0.029639,0.056356,0.063651,0.090417,0.360240,0.090760,0.064741,0.076417,0.067700,0.100079
0.115757,0.113791,0.140552,0.109360,0.057479,0.090832,0.118529,0.093116,0.053530,0.107053
0.076362,0.109645,0.125395,0.096450,0.065806,0.028049,0.234658,0.101817,0.062698,0.099118
0.047087,0.112479,0.077419,0.094155,0.067137,0.101737,0.323868,0.027003,0.063258,0.085858
0.073022,0.211482,0.088612,0.107994,0.042213,0.112093,0.091543,0.094088,0.072477,0.106474
0.097435,0.318372,0.098086,0.089537,0.039412,0.073423,0.083391,0.102087,0.050222,0.048035
0.094921,0.157501,0.157377,0.054315,0.091846,0.102899,0.083778,0.079126,0.094451,0.083785
0.097948,0.235360,0.098624,0.097678,0.046834,0.103342,0.090279,0.055987,0.073620,0.100328
0.076514,0.086799,0.030109,0.105702,0.117138,0.191140,0.144649,0.106997,0.070509,0.070444
0.037430,0.381906,0.089568,0.043583,0.174155,0.071805,0.054088,0.036658,0.060179,0.050628
0.039678,0.321787,0.091497,0.097516,0.117191,0.066657,0.062970,0.062880,0.078729,0.061094
0.055300,0.109239,0.126069,0.107795,0.098884,0.038186,0.118653,0.118246,0.095804,0.131824
0.042601,0.331270,0.049032,0.048277,0.017138,0.039087,0.294640,0.031427,0.092974,0.053555
0.027393,0.356772,0.056152,0.026125,0.016262,0.026448,0.318180,0.035767,0.086896,0.050006
0.050252,0.366972,0.055392,0.038189,0.223336,0.059746,0.038435,0.060988,0.045738,0.060952
0.142101,0.345165,0.098335,0.054011,0.028143,0.084062,0.061013,0.046109,0.045641,0.095422
0.069173,0.136322,0.178151,0.128996,0.043566,0.111761,0.104685,0.091284,0.054988,0.081074
0.047900,0.374544,0.062543,0.034608,0.032014,0.024357,0.270855,0.034303,0.054572,0.064305
0.076403,0.186214,0.094928,0.079346,0.117988,0.084241,0.105073,0.077110,0.094777,0.083919
0.032396,0.041132,0.078798,0.048726,0.437668,0.078160,0.064612,0.092479,0.066821,0.059210
0.066615,0.090683,0.248272,0.075870,0.117235,0.145326,0.086980,0.077040,0.058665,0.033315
0.101678,0.124502,0.103272,0.109379,0.050072,0.096436,0.106734,0.111387,0.068631,0.127908
0.026834,0.251666,0.150341,0.084332,0.175012,0.063328,0.055846,0.052699,0.071248,0.068695
0.077758,0.145940,0.148721,0.079739,0.086545,0.068491,0.137492,0.030574,0.112434,0.112307
0.031303,0.092518,0.286270,0.110053,0.065596,0.057586,0.093492,0.107158,0.061837,0.094186
0.048994,0.273363,0.058679,0.056742,0.062703,0.038748,0.305857,0.051996,0.060483,0.042435
0.066052,0.104484,0.160995,0.100730,0.075120,0.127686,0.109588,0.083011,0.065374,0.106960
0.095316,0.090165,0.110598,0.079078,0.042563,0.061079,0.321487,0.033857,0.079256,0.086601
0.028232,0.047819,0.354271,0.026693,0.257380,0.067719,0.051385,0.068594,0.041301,0.056605
0.049569,0.122380,0.050429,0.164160,0.120806,0.036587,0.153157,0.151512,0.061975,0.089426
0.083805,0.122913,0.121897,0.078124,0.064327,0.103654,0.126109,0.099283,0.100313,0.099577
0.081613,0.209905,0.118871,0.089977,0.048117,0.074611,0.085634,0.094770,0.090896,0.105607
0.082106,0.111260,0.090383,0.120272,0.102223,0.030664,0.212390,0.067545,0.083556,0.099602
0.082701,0.081272,0.158550,0.095570,0.067378,0.132562,0.116614,0.059733,0.101166,0.104453
0.078433,0.147707,0.041543,0.090575,0.044529,0.130497,0.127398,0.098017,0.101101,0.140200
0.079470,0.104657,0.100627,0.065245,0.071692,0.127424,0.112345,0.118471,0.107648,0.112421
0.047793,0.101569,0.098794,0.109318,0.045359,0.112180,0.300605,0.051960,0.096721,0.035700
0.093137,0.114667,0.143543,0.112393,0.059897,0.117446,0.123360,0.045229,0.084364,0.105967
0.083992,0.128562,0.120574,0.118981,0.051319,0.098480,0.120064,0.092218,0.084688,0.101122
0.046946,0.067814,0.272371,0.064346,0.188010,0.098743,0.069466,0.060802,0.039027,0.092476
0.068276,0.262282,0.110633,0.035345,0.031975,0.073468,0.230130,0.052427,0.069840,0.065624
0.071306,0.109885,0.106278,0.079285,0.074930,0.123951,0.125150,0.110263,0.092013,0.106940
0.053266,0.080556,0.142091,0.102288,0.070358,0.101357,0.112396,0.129014,0.091641,0.117032
0.062716,0.139138,0.048048,0.098464,0.140558,0.180866,0.121551,0.084512,0.093964,0.030182
0.082460,0.110881,0.143523,0.054374,0.086077,0.114059,0.110884,0.119342,0.082551,0.095848
0.064146,0.103998,0.121944,0.108395,0.108082,0.040285,0.122765,0.114452,0.107417,0.108516
0.122873,0.083414,0.072850,0.092623,0.069135,0.069180,0.264472,0.060062,0.067020,0.098370
0.107221,0.090339,0.100059,0.105475,0.082620,0.120828,0.106508,0.073593,0.110541,0.102815
0.068348,0.045109,0.203629,0.071972,0.089095,0.192797,0.072562,0.091064,0.067592,0.097832
0.097183,0.118174,0.095207,0.114213,0.102007,0.124261,0.106579,0.075433,0.070327,0.096616
0.075738,0.132332,0.093170,0.112416,0.058828,0.044741,0.258701,0.118520,0.072572,0.032983
0.079289,0.107373,0.117665,0.117004,0.081185,0.120892,0.094921,0.077089,0.101396,0.103185
0.075366,0.123546,0.112821,0.090693,0.123782,0.094864,0.107031,0.087809,0.075403,0.108687
0.043680,0.042424,0.268135,0.050195,0.212267,0.107519,0.067224,0.069011,0.085132,0.054413
0.092539,0.178699,0.026048,0.151444,0.137829,0.029674,0.122234,0.085662,0.089048,0.086822
0.067141,0.134276,0.124886,0.095052,0.130012,0.030656,0.114657,0.103721,0.097903,0.101698
0.050621,0.122856,0.156307,0.080530,0.074381,0.123311,0.121649,0.130945,0.054756,0.084645
0.114540,0.238548,0.097054,0.080799,0.038381,0.085702,0.086558,0.073986,0.072060,0.112372
0.021183,0.137885,0.066782,0.078349,0.053401,0.130208,0.182967,0.121561,0.090034,0.117631
0.075036,0.120513,0.116228,0.096040,0.107967,0.095054,0.099134,0.086720,0.078140,0.125169
0.054967,0.064278,0.067410,0.086274,0.359615,0.113491,0.075075,0.076134,0.074882,0.027874
0.090538,0.272946,0.030055,0.034512,0.021408,0.028695,0.372163,0.031509,0.037603,0.080572
0.084624,0.077964,0.064457,0.112228,0.224811,0.120136,0.074804,0.056698,0.070112,0.114167
0.081814,0.100550,0.119234,0.123837,0.051315,0.118837,0.108316,0.092335,0.088628,0.115135
0.101748,0.104130,0.105536,0.075069,0.060068,0.080002,0.194311,0.103826,0.088466,0.086844
0.036423,0.039293,0.288320,0.046692,0.275270,0.074079,0.066446,0.042380,0.048873,0.082225
0.063312,0.129491,0.130208,0.091642,0.089409,0.101797,0.113950,0.096469,0.081583,0.102140
0.067272,0.108569,0.126688,0.107397,0.057669,0.100582,0.114111,0.097976,0.102453,0.117284
0.079927,0.131846,0.134390,0.131185,0.092615,0.040603,0.114559,0.109620,0.097483,0.067772
0.092138,0.080506,0.126778,0.119804,0.097768,0.107302,0.109983,0.093595,0.055546,0.116582
0.105938,0.119131,0.133998,0.062602,0.069757,0.121403,0.105520,0.025653,0.133026,0.122972
0.083054,0.086432,0.176716,0.075187,0.043873,0.112877,0.190617,0.058909,0.083877,0.088458
0.098544,0.185704,0.134925,0.110385,0.053051,0.033978,0.112137,0.083347,0.082303,0.105625
0.028994,0.073175,0.051320,0.099835,0.067157,0.176722,0.152008,0.127372,0.115438,0.107981
0.080129,0.350891,0.110875,0.054433,0.071934,0.072352,0.082686,0.028952,0.071957,0.075790
0.035472,0.240868,0.112853,0.027509,0.125482,0.055715,0.266680,0.039293,0.045387,0.050742
0.091258,0.107298,0.101090,0.097100,0.051863,0.079438,0.192969,0.089593,0.093926,0.095466
0.066448,0.123958,0.066339,0.114514,0.097936,0.127198,0.124510,0.091399,0.062102,0.125594
0.107697,0.098076,0.096349,0.127441,0.102385,0.130340,0.115731,0.096801,0.061507,0.063673
0.060282,0.122462,0.040869,0.085026,0.040061,0.198784,0.130747,0.106299,0.090256,0.125213
0.064421,0.059747,0.271359,0.053112,0.147371,0.175927,0.061592,0.073142,0.066169,0.027161
0.095114,0.066849,0.101582,0.096106,0.055729,0.101335,0.170738,0.110619,0.111611,0.090317
0.034428,0.074126,0.097211,0.123126,0.274544,0.129876,0.088697,0.075138,0.046057,0.056798
0.075724,0.033702,0.051981,0.104131,0.361561,0.094448,0.058942,0.086130,0.047313,0.086069
0.059488,0.073729,0.041770,0.165140,0.050796,0.164753,0.158970,0.116740,0.057335,0.111279
0.107237,0.098131,0.116618,0.086824,0.078322,0.121198,0.105548,0.027680,0.126294,0.132147
0.066004,0.176530,0.189864,0.069504,0.049118,0.156394,0.082579,0.049794,0.072259,0.087953
0.088020,0.043744,0.086559,0.095542,0.075244,0.097743,0.251345,0.077075,0.082257,0.102471
0.047200,0.145720,0.043888,0.182203,0.038491,0.036681,0.171142,0.154518,0.100730,0.079426
0.045498,0.329412,0.037901,0.047660,0.018804,0.048707,0.298714,0.034771,0.121081,0.017452
0.037379,0.109837,0.054103,0.140588,0.117120,0.130458,0.106913,0.097702,0.100899,0.105001
0.083554,0.094770,0.113417,0.062631,0.075756,0.075209,0.266000,0.081856,0.072459,0.074347
0.027265,0.210829,0.154474,0.064311,0.231772,0.080713,0.069062,0.066930,0.053959,0.040686
0.081704,0.249738,0.051190,0.076536,0.085231,0.108275,0.083067,0.049817,0.091754,0.122689
0.133285,0.125059,0.068019,0.081318,0.177019,0.045335,0.140783,0.032561,0.108750,0.087870
0.090234,0.038523,0.072624,0.099374,0.071343,0.087226,0.328832,0.037622,0.095377,0.078844
0.083775,0.299782,0.090767,0.066598,0.037086,0.090821,0.091298,0.059139,0.087331,0.093403
0.062806,0.078526,0.032655,0.123071,0.115595,0.139039,0.138748,0.109042,0.116906,0.083612
0.072927,0.125896,0.103757,0.125557,0.056251,0.109759,0.117631,0.098032,0.094102,0.096088
0.106540,0.047284,0.055073,0.110094,0.070468,0.139051,0.221060,0.031232,0.105291,0.113908
0.057675,0.329869,0.063396,0.058240,0.048404,0.056375,0.285303,0.040410,0.036852,0.023476
0.079148,0.117144,0.110942,0.114107,0.049224,0.124746,0.111863,0.085561,0.099894,0.107372
0.055803,0.130744,0.056772,0.097548,0.085381,0.042154,0.258528,0.096659,0.074613,0.101798
0.072913,0.277354,0.085244,0.087612,0.040427,0.099322,0.084845,0.080353,0.100751,0.071178
0.064985,0.049907,0.207753,0.074980,0.048834,0.135249,0.090259,0.058994,0.158306,0.110733
0.076369,0.235180,0.108730,0.101229,0.055986,0.104597,0.084185,0.025514,0.089904,0.118305
0.079378,0.079647,0.135353,0.099274,0.097597,0.092314,0.094470,0.092159,0.116351,0.113457
0.070109,0.083503,0.132547,0.104858,0.064433,0.115616,0.105612,0.114106,0.091542,0.117674
0.087571,0.108242,0.123531,0.089290,0.048473,0.123663,0.114007,0.084674,0.095798,0.124751
0.059034,0.054019,0.254094,0.035964,0.250861,0.083468,0.057575,0.053734,0.082503,0.068747
0.049540,0.083122,0.100100,0.036337,0.037025,0.086127,0.274973,0.077304,0.170965,0.084508
0.090030,0.187935,0.208644,0.039522,0.096488,0.101961,0.096653,0.072517,0.062446,0.043804
0.087205,0.124805,0.099520,0.122722,0.126076,0.036023,0.123039,0.093071,0.079516,0.108022
0.069062,0.152474,0.054511,0.088874,0.155241,0.036430,0.149721,0.096018,0.099293,0.098376
0.054080,0.058773,0.142391,0.054225,0.122544,0.096219,0.203264,0.109760,0.085290,0.073455
0.019984,0.272235,0.105034,0.024754,0.263586,0.051227,0.176712,0.021778,0.055873,0.008815
0.108727,0.143650,0.114650,0.140499,0.106034,0.041811,0.140945,0.025841,0.132932,0.044911
0.085048,0.251568,0.137822,0.111152,0.075720,0.110298,0.062843,0.033795,0.059330,0.072423
0.061750,0.216085,0.168341,0.060747,0.092894,0.112767,0.063588,0.073704,0.052507,0.097618
0.101605,0.069148,0.094840,0.099233,0.062934,0.111963,0.179439,0.104385,0.090192,0.086261
0.046583,0.121907,0.035229,0.096251,0.134740,0.135651,0.136089,0.123298,0.106268,0.063983
0.089620,0.086356,0.123185,0.107764,0.093473,0.125224,0.125621,0.104719,0.093859,0.050180
0.106188,0.112724,0.098951,0.107566,0.102114,0.087733,0.100706,0.088400,0.071434,0.124183
0.083427,0.121971,0.175762,0.073724,0.090710,0.112451,0.083634,0.081595,0.082556,0.094169
0.040364,0.123997,0.133869,0.063752,0.126127,0.108243,0.111793,0.048653,0.120744,0.122458
0.057776,0.087986,0.108055,0.076974,0.089606,0.099638,0.297013,0.076689,0.069031,0.037232
0.038922,0.099528,0.071538,0.122643,0.116753,0.124993,0.140577,0.029409,0.105218,0.150419
0.095946,0.076264,0.067852,0.072188,0.065360,0.055484,0.340502,0.050488,0.102925,0.072991
0.088751,0.117562,0.128525,0.100342,0.106816,0.122431,0.117741,0.105333,0.068690,0.043809
0.024326,0.035874,0.176427,0.063485,0.060433,0.191835,0.213410,0.073654,0.091237,0.069320
0.116577,0.098416,0.093078,0.103126,0.041028,0.080788,0.263104,0.076251,0.085668,0.041964
0.028173,0.085716,0.247652,0.067193,0.051792,0.071242,0.241170,0.037652,0.056390,0.113020
0.039727,0.068829,0.105337,0.069639,0.054734,0.105313,0.222410,0.114588,0.103765,0.115656
0.054296,0.051213,0.328886,0.083770,0.173368,0.083459,0.057285,0.057223,0.064709,0.045789
0.070337,0.267406,0.018941,0.082966,0.046210,0.021340,0.274486,0.072370,0.052164,0.093780
0.075983,0.391222,0.030506,0.022020,0.063890,0.034631,0.274952,0.034605,0.032817,0.039375
0.023027,0.117158,0.169952,0.060797,0.093732,0.129998,0.191415,0.089288,0.049285,0.075348
0.068998,0.097374,0.123180,0.108023,0.072380,0.119995,0.113052,0.081283,0.108722,0.106994
0.039012,0.133792,0.039486,0.135699,0.108277,0.110499,0.214696,0.078813,0.050674,0.089052
0.082404,0.280511,0.109626,0.097194,0.060271,0.071773,0.081889,0.076810,0.067866,0.071654
0.070723,0.311338,0.071414,0.031965,0.023297,0.052344,0.311837,0.043631,0.037959,0.045493
0.024946,0.094422,0.033616,0.176828,0.048208,0.038823,0.202646,0.171606,0.120506,0.088400
0.118446,0.338222,0.032534,0.031610,0.031627,0.038884,0.268118,0.017677,0.086178,0.036704
0.119664,0.098706,0.131355,0.131526,0.101527,0.112016,0.092608,0.103432,0.053845,0.055320
0.037892,0.343323,0.024304,0.027533,0.017875,0.030018,0.356622,0.026254,0.083368,0.052812
0.088073,0.334696,0.071305,0.039821,0.027184,0.057673,0.056506,0.107777,0.142707,0.074259
0.068332,0.109185,0.108691,0.127214,0.060213,0.035869,0.246575,0.097877,0.102072,0.043971
0.019036,0.068943,0.219701,0.057314,0.226000,0.076792,0.162459,0.067625,0.050905,0.051225
0.096536,0.038119,0.074630,0.041158,0.224515,0.044715,0.307568,0.054050,0.058724,0.059985
0.068024,0.292038,0.105588,0.086793,0.050651,0.095828,0.081316,0.075694,0.068247,0.075822
0.087641,0.252043,0.087066,0.053276,0.068763,0.074961,0.101018,0.069229,0.095474,0.110527
0.041959,0.121464,0.053296,0.096524,0.149714,0.138502,0.134752,0.099353,0.059454,0.104983
0.039160,0.053154,0.183441,0.109454,0.128365,0.109505,0.116673,0.102670,0.045925,0.111653
0.084453,0.183272,0.137381,0.092171,0.063035,0.129696,0.102347,0.070672,0.050637,0.086335
0.063725,0.363275,0.094631,0.037604,0.042131,0.072884,0.047572,0.116907,0.091202,0.070070
0.057066,0.113872,0.069699,0.139416,0.083223,0.116553,0.128406,0.107855,0.085048,0.098861
0.097688,0.114708,0.051729,0.133310,0.095399,0.137350,0.111000,0.023551,0.098025,0.137241
0.036001,0.027930,0.103932,0.064660,0.323830,0.049831,0.257950,0.030022,0.054821,0.051023
0.125539,0.098787,0.107051,0.096938,0.042737,0.075302,0.240366,0.056516,0.067122,0.089641
0.125637,0.122216,0.099853,0.084835,0.091437,0.118416,0.108192,0.024789,0.109314,0.115311
0.049480,0.074563,0.133648,0.125487,0.067624,0.111671,0.194012,0.094776,0.104088,0.044652
0.117570,0.103110,0.105177,0.066931,0.079374,0.084033,0.169132,0.079535,0.103831,0.091307
0.047403,0.186389,0.201884,0.049809,0.211978,0.072459,0.051728,0.056706,0.044597,0.077045
0.118037,0.070756,0.140762,0.102148,0.050339,0.081857,0.111434,0.093981,0.182900,0.047786
0.064119,0.089267,0.357542,0.068150,0.040565,0.085147,0.108328,0.035547,0.068998,0.082337
0.039901,0.201978,0.050793,0.125851,0.041061,0.106320,0.132435,0.108417,0.098053,0.095190
0.083043,0.093550,0.116293,0.084871,0.094365,0.126627,0.110000,0.090713,0.090284,0.110253
0.076739,0.137559,0.101981,0.150749,0.128401,0.039422,0.114974,0.026426,0.093437,0.130311
0.094534,0.112214,0.039542,0.173164,0.122485,0.040825,0.167289,0.027834,0.111997,0.110114
0.056115,0.175073,0.041155,0.108928,0.114019,0.030185,0.133446,0.127339,0.066201,0.147538
0.057693,0.105777,0.158709,0.098469,0.079919,0.108743,0.111293,0.093186,0.090330,0.095880
0.080187,0.275460,0.045391,0.096526,0.086756,0.084474,0.089870,0.088743,0.057342,0.095252
0.084430,0.084992,0.117154,0.076361,0.116702,0.051486,0.130330,0.125010,0.053394,0.160141
0.044139,0.366966,0.058318,0.027980,0.018586,0.032845,0.326919,0.024067,0.082794,0.017384
0.080259,0.262985,0.087240,0.045128,0.099607,0.089054,0.077791,0.085894,0.082001,0.090041
0.086282,0.086572,0.207611,0.091892,0.057066,0.176594,0.095188,0.050968,0.113128,0.034699
0.072496,0.271343,0.118338,0.103299,0.043677,0.069152,0.084864,0.062736,0.086721,0.087375
0.073038,0.132994,0.107545,0.115827,0.065210,0.123999,0.106070,0.027691,0.106159,0.141467
0.066997,0.181503,0.027745,0.052955,0.098799,0.168075,0.093281,0.081108,0.083631,0.145903
0.079184,0.110550,0.121471,0.097484,0.060755,0.123450,0.119040,0.091941,0.122937,0.073189
0.044484,0.117476,0.173362,0.090860,0.078316,0.115233,0.193032,0.097660,0.057599,0.031978
0.100508,0.103591,0.103048,0.116680,0.074240,0.113229,0.096609,0.081170,0.098314,0.112612
0.093470,0.114030,0.023305,0.108075,0.075915,0.104501,0.203152,0.103493,0.074548,0.099512
0.026410,0.139684,0.038846,0.141854,0.048248,0.046127,0.388228,0.037321,0.098811,0.034470
0.062935,0.111160,0.107600,0.104736,0.102461,0.116546,0.109110,0.076808,0.080928,0.127717
0.046914,0.184275,0.112192,0.022762,0.433923,0.060730,0.035580,0.034487,0.055905,0.013232
0.054197,0.326315,0.044250,0.025235,0.017263,0.052729,0.357958,0.050593,0.052881,0.018581
0.080012,0.264503,0.104777,0.105499,0.094664,0.029406,0.078845,0.078951,0.081954,0.081388
0.057261,0.291291,0.135524,0.106273,0.061950,0.036317,0.094231,0.080116,0.103477,0.033560
0.028684,0.316718,0.065812,0.073865,0.028694,0.049986,0.271710,0.039896,0.069941,0.054694
0.038445,0.057780,0.145509,0.102161,0.268571,0.079672,0.067490,0.097219,0.089439,0.053713
0.021559,0.143438,0.027024,0.115905,0.044623,0.195580,0.125068,0.107131,0.127464,0.092208
