0.029111,0.032868,0.211400,0.024184,0.096797,0.437973,0.003808,0.021922,0.073628,0.068310
0.042907,0.016402,0.065464,0.098975,0.089956,0.128944,0.114963,0.111049,0.234916,0.096424
0.063855,0.081229,0.048722,0.074400,0.083675,0.093818,0.079628,0.322519,0.071204,0.080950
0.078181,0.137213,0.078648,0.101105,0.080294,0.188345,0.137050,0.078679,0.074752,0.045733
0.078074,0.107455,0.065484,0.099704,0.085597,0.102626,0.093038,0.079750,0.188523,0.099749
0.070256,0.073708,0.210032,0.088833,0.079147,0.094456,0.050107,0.085250,0.179735,0.068475
0.007659,0.019067,0.408883,0.011371,0.485006,0.011601,0.021603,0.011500,0.013419,0.009891
0.052618,0.098806,0.092810,0.141281,0.125662,0.087717,0.062707,0.129897,0.067485,0.141017
0.072720,0.077891,0.212168,0.075932,0.090324,0.090752,0.102901,0.073490,0.103717,0.100104
0.050544,0.085394,0.153622,0.072113,0.087529,0.085027,0.070804,0.085232,0.218590,0.091144
0.079948,0.067302,0.047239,0.063163,0.066329,0.408465,0.073295,0.047477,0.065767,0.081014
0.068696,0.080288,0.157422,0.077905,0.223471,0.078114,0.080604,0.075457,0.073149,0.084893
0.071350,0.068216,0.292996,0.074283,0.064158,0.081744,0.070275,0.170436,0.053519,0.053024
0.005043,0.002982,0.216100,0.008794,0.067657,0.622219,0.010186,0.050888,0.007462,0.008669
0.057627,0.083555,0.053494,0.066233,0.063281,0.392131,0.075837,0.079140,0.067982,0.060721
0.067400,0.050598,0.080503,0.098734,0.129147,0.177728,0.135066,0.082116,0.074248,0.104459
0.006965,0.015396,0.389218,0.006440,0.086863,0.351293,0.008168,0.019075,0.099787,0.016795
0.079543,0.065858,0.355880,0.069828,0.063565,0.082812,0.070719,0.061207,0.076762,0.073826
0.069735,0.091062,0.076228,0.129313,0.114034,0.108780,0.100716,0.132271,0.077260,0.100601
0.082958,0.093111,0.077442,0.085446,0.110720,0.111083,0.104478,0.125508,0.098207,0.111046
0.041736,0.022488,0.209519,0.099058,0.169650,0.132971,0.017661,0.151412,0.071210,0.084294
0.076230,0.071747,0.303239,0.067956,0.071483,0.094872,0.085254,0.063466,0.081531,0.084222
0.053479,0.004926,0.208559,0.043633,0.364895,0.053181,0.067877,0.033231,0.088183,0.082037
0.076441,0.082816,0.272117,0.081813,0.063282,0.103719,0.086766,0.088003,0.074782,0.070261
0.024377,0.026527,0.140452,0.019473,0.682544,0.020040,0.026011,0.016608,0.020231,0.023736
0.036303,0.037620,0.463285,0.028204,0.261635,0.029342,0.034463,0.023092,0.048257,0.037799
0.087632,0.088473,0.093112,0.124254,0.096492,0.098458,0.104735,0.111365,0.086621,0.108857
0.092604,0.095101,0.071608,0.117697,0.103897,0.126586,0.098116,0.109520,0.087583,0.097288
0.049055,0.046425,0.590319,0.045500,0.039227,0.044492,0.048647,0.021369,0.063740,0.051226
0.048791,0.030911,0.048912,0.069104,0.096797,0.362610,0.072787,0.071295,0.142290,0.056502
0.099634,0.126291,0.076510,0.090260,0.107161,0.114453,0.104087,0.098669,0.071461,0.111474
0.044219,0.049348,0.552580,0.043613,0.053910,0.052304,0.051566,0.051043,0.047523,0.053894
0.079487,0.116689,0.066151,0.101435,0.130715,0.096061,0.034315,0.095071,0.169323,0.110753
0.087609,0.090822,0.296522,0.076664,0.070025,0.096995,0.082486,0.040203,0.074825,0.083850
0.071567,0.096173,0.175632,0.103534,0.110178,0.095894,0.064295,0.086229,0.084505,0.111992
0.002469,0.003911,0.220683,0.003226,0.748102,0.004144,0.003302,0.001434,0.005263,0.007466
0.054506,0.061700,0.505751,0.041281,0.049200,0.056780,0.055607,0.056937,0.048720,0.069517
0.029686,0.053078,0.210730,0.052847,0.264318,0.057862,0.054217,0.169954,0.037849,0.069459
0.108019,0.095012,0.152335,0.072816,0.186797,0.117540,0.043699,0.071206,0.076059,0.076517
0.010730,0.004597,0.537273,0.010750,0.007861,0.393342,0.010628,0.005881,0.011244,0.007695
0.075634,0.100431,0.068672,0.093510,0.157987,0.120125,0.097219,0.102699,0.096571,0.087153
0.081235,0.096187,0.225496,0.078039,0.115092,0.106822,0.043901,0.084568,0.088965,0.079694
0.004915,0.005997,0.131123,0.005644,0.005722,0.749931,0.005826,0.080205,0.005535,0.005103
0.063989,0.107936,0.073006,0.101777,0.174511,0.126690,0.039815,0.087429,0.141942,0.082906
0.078425,0.084713,0.272070,0.059437,0.069244,0.091511,0.078065,0.081584,0.103191,0.081761
0.079338,0.090962,0.077554,0.084676,0.171901,0.098602,0.105075,0.110012,0.086412,0.095467
0.072811,0.089072,0.071204,0.078848,0.136165,0.285712,0.043455,0.071199,0.065776,0.085757
0.111247,0.086952,0.093510,0.083447,0.113774,0.105597,0.101452,0.108368,0.094582,0.101072
0.009868,0.006008,0.403964,0.010965,0.015626,0.377468,0.014750,0.010797,0.139994,0.010560
0.060352,0.023802,0.183545,0.099295,0.176059,0.154375,0.019684,0.110594,0.067250,0.105045
0.063516,0.092845,0.130361,0.081270,0.079714,0.273865,0.081759,0.055856,0.064364,0.076450
0.069407,0.069233,0.307098,0.082741,0.080313,0.083304,0.069716,0.085691,0.060493,0.092005
0.137215,0.023831,0.066595,0.146313,0.146062,0.133984,0.023427,0.175776,0.057067,0.089730
0.010771,0.004259,0.493743,0.007473,0.007376,0.430381,0.013691,0.012719,0.008620,0.010967
0.026807,0.068166,0.126380,0.054857,0.055896,0.281504,0.021499,0.043200,0.261936,0.059756
0.011064,0.004464,0.133018,0.025159,0.287971,0.407434,0.054552,0.031891,0.016710,0.027737
0.061461,0.071353,0.196291,0.079085,0.109698,0.090077,0.103267,0.105541,0.080524,0.102704
0.003326,0.003186,0.578466,0.001669,0.155917,0.239098,0.003079,0.002106,0.002665,0.010489
0.102091,0.106845,0.089766,0.103673,0.092617,0.096646,0.093157,0.109380,0.112320,0.093505
0.041885,0.057190,0.139235,0.058407,0.049360,0.063728,0.061631,0.412154,0.065871,0.050537
0.072014,0.093754,0.059652,0.072671,0.124899,0.274008,0.056504,0.106253,0.068684,0.071562
0.002393,0.001769,0.247995,0.001550,0.205134,0.534947,0.001660,0.001319,0.001516,0.001716
0.040223,0.036301,0.373102,0.026266,0.038513,0.035843,0.034887,0.028932,0.343910,0.042023
0.065566,0.067734,0.402503,0.067172,0.068880,0.066617,0.069731,0.059123,0.062352,0.070322
0.014786,0.028838,0.393870,0.024406,0.385098,0.040521,0.005508,0.046353,0.020538,0.040082
0.061560,0.081275,0.066261,0.132395,0.099241,0.109875,0.098830,0.100517,0.117309,0.132739
0.058113,0.078763,0.212259,0.105278,0.099803,0.087607,0.096516,0.105494,0.066170,0.089996
0.050049,0.032715,0.219337,0.146291,0.118430,0.099347,0.027571,0.093917,0.094104,0.118240
0.024433,0.003826,0.188991,0.011944,0.047390,0.618105,0.013209,0.064196,0.015537,0.012369
0.064170,0.084937,0.209603,0.115884,0.087762,0.100576,0.083771,0.090771,0.096374,0.066152
0.022614,0.003613,0.323887,0.027207,0.194236,0.300329,0.041740,0.032785,0.021832,0.031758
0.028589,0.044922,0.367124,0.027711,0.203618,0.035430,0.048582,0.026527,0.193460,0.024037
0.062260,0.075752,0.293416,0.083625,0.081710,0.093664,0.078791,0.076762,0.073067,0.080954
0.042884,0.124624,0.107488,0.106124,0.067216,0.182365,0.074074,0.126076,0.096397,0.072751
0.067305,0.070244,0.341777,0.078095,0.047972,0.072352,0.079212,0.073460,0.073677,0.095905
0.074121,0.084266,0.087560,0.085923,0.171490,0.112387,0.093446,0.113041,0.083603,0.094162
0.062270,0.057484,0.078657,0.145393,0.098826,0.124442,0.132468,0.121662,0.079429,0.099368
0.072167,0.094456,0.170969,0.081842,0.094081,0.098408,0.094044,0.112763,0.084295,0.096975
0.040902,0.022160,0.058506,0.119063,0.238903,0.092698,0.019898,0.142624,0.132406,0.132840
0.014393,0.017695,0.316211,0.020386,0.127763,0.020514,0.025274,0.069139,0.365731,0.022893
0.085319,0.082901,0.057905,0.074628,0.112524,0.093699,0.083260,0.277278,0.066461,0.066025
0.053212,0.060015,0.173831,0.067260,0.051941,0.073847,0.066527,0.342279,0.049975,0.061113
0.086653,0.102937,0.076430,0.093610,0.101932,0.102184,0.111669,0.117507,0.091032,0.116046
0.063309,0.068049,0.066172,0.099437,0.122678,0.115865,0.122073,0.146666,0.072308,0.123443
0.076898,0.091492,0.211284,0.079775,0.096961,0.122312,0.062161,0.120033,0.070273,0.068810
0.123861,0.020226,0.079568,0.077111,0.121629,0.229156,0.017852,0.100186,0.106680,0.123731
0.079895,0.098847,0.078631,0.102090,0.114151,0.105594,0.100470,0.118573,0.111116,0.090632
0.048906,0.084983,0.132065,0.080360,0.088153,0.089505,0.055198,0.084693,0.235474,0.100664
0.068334,0.117650,0.153404,0.081142,0.099351,0.095417,0.101274,0.076520,0.096314,0.110593
0.064886,0.025544,0.372718,0.027586,0.183543,0.034067,0.040018,0.026582,0.181470,0.043586
0.062949,0.126669,0.087632,0.122748,0.099315,0.109470,0.101670,0.129968,0.083726,0.075852
0.039050,0.040477,0.578558,0.043284,0.058079,0.046732,0.056519,0.056240,0.043893,0.037168
0.019996,0.024478,0.291683,0.016130,0.186391,0.354054,0.027864,0.012605,0.042708,0.024091
0.124124,0.020153,0.079685,0.092031,0.141803,0.155847,0.019938,0.144001,0.077838,0.144580
0.068125,0.051908,0.167270,0.082787,0.158618,0.090358,0.104364,0.107583,0.085787,0.083201
0.054895,0.083272,0.058826,0.078943,0.083897,0.080221,0.083689,0.295942,0.095108,0.085207
0.047317,0.056082,0.170608,0.070171,0.059279,0.080159,0.070047,0.336191,0.054922,0.055225
0.065127,0.092795,0.214703,0.084543,0.083506,0.105359,0.102121,0.101460,0.073062,0.077325
0.054771,0.123071,0.074910,0.108033,0.116949,0.120011,0.099996,0.105188,0.122951,0.074119
0.090102,0.096228,0.093898,0.091863,0.109793,0.131104,0.103126,0.083812,0.110246,0.089827
0.067678,0.021858,0.093321,0.147782,0.172038,0.149735,0.021941,0.088480,0.141583,0.095583
0.122744,0.067757,0.064411,0.095528,0.156205,0.089418,0.120045,0.130004,0.073664,0.080222
0.064524,0.077725,0.292066,0.076630,0.061000,0.078647,0.085594,0.085961,0.110271,0.067581
0.049625,0.047238,0.201316,0.059673,0.065025,0.081703,0.065325,0.045310,0.314875,0.069910
0.014193,0.003191,0.183986,0.009492,0.054197,0.531208,0.013042,0.014683,0.165651,0.010358
0.100829,0.100027,0.072596,0.119112,0.105430,0.103942,0.095854,0.128069,0.072872,0.101269
0.008538,0.004512,0.102874,0.022249,0.332160,0.304957,0.062438,0.033421,0.094956,0.033894
0.033531,0.020169,0.400732,0.098416,0.100729,0.103896,0.021450,0.080478,0.082926,0.057673
0.042556,0.056886,0.181468,0.064537,0.053547,0.063083,0.063665,0.048942,0.370281,0.055035
0.096876,0.010280,0.288230,0.065394,0.193273,0.073288,0.085872,0.069229,0.056473,0.061085
0.003087,0.003984,0.298730,0.003841,0.099717,0.577355,0.003618,0.002150,0.003655,0.003863
0.058187,0.085548,0.214840,0.106526,0.082610,0.095288,0.093738,0.097559,0.095965,0.069740
0.069885,0.068877,0.380040,0.061001,0.067321,0.072053,0.071268,0.061321,0.062950,0.085284
0.037135,0.061532,0.238742,0.050127,0.352771,0.095330,0.007060,0.025707,0.046886,0.084709
0.004000,0.004597,0.469808,0.005633,0.006405,0.388352,0.006532,0.005643,0.101410,0.007621
0.082858,0.090214,0.275407,0.083138,0.089845,0.084706,0.082158,0.051184,0.072600,0.087889
0.053104,0.052773,0.039246,0.053453,0.089889,0.385019,0.062621,0.051840,0.149396,0.062659
0.061230,0.064366,0.047641,0.074080,0.063283,0.418462,0.070023,0.058094,0.080454,0.062368
0.049296,0.065295,0.055386,0.063848,0.064706,0.347036,0.065092,0.156662,0.061006,0.071673
0.052799,0.035113,0.038131,0.068995,0.070251,0.412433,0.070077,0.114437,0.073966,0.063799
0.079766,0.102885,0.078908,0.098006,0.103913,0.127451,0.108527,0.116106,0.089807,0.094631
0.100919,0.090685,0.065016,0.087813,0.099807,0.100651,0.098693,0.098300,0.167274,0.090842
0.068262,0.087858,0.172487,0.101264,0.102347,0.114540,0.096110,0.089045,0.088229,0.079858
0.080151,0.098296,0.061638,0.093918,0.096408,0.107904,0.092823,0.109538,0.160971,0.098354
0.090945,0.094287,0.074016,0.115251,0.100286,0.119412,0.087840,0.131866,0.066032,0.120065
0.065230,0.082326,0.053776,0.070748,0.089539,0.359218,0.054293,0.083339,0.065978,0.075553
0.037472,0.004928,0.133906,0.041640,0.159126,0.410731,0.077371,0.047093,0.041358,0.046374
0.024372,0.029959,0.321086,0.016624,0.155017,0.373937,0.031133,0.010594,0.025870,0.011408
0.118178,0.104622,0.086158,0.088696,0.114246,0.109977,0.057973,0.126105,0.093300,0.100744
0.004445,0.004863,0.568014,0.004048,0.002767,0.396650,0.005024,0.002071,0.007823,0.004294
0.047366,0.063397,0.186612,0.058306,0.426484,0.063127,0.013229,0.056949,0.042291,0.042239
0.047734,0.009754,0.232638,0.051004,0.319031,0.051354,0.074138,0.062851,0.090442,0.061054
0.070851,0.113313,0.065052,0.132761,0.113315,0.086249,0.076256,0.137817,0.127505,0.076881
0.018007,0.015683,0.122174,0.015402,0.016148,0.765963,0.006250,0.010418,0.012430,0.017525
0.065864,0.066603,0.058178,0.079776,0.088345,0.319385,0.085288,0.082550,0.064616,0.089393
0.035877,0.006854,0.251621,0.008151,0.008645,0.598531,0.009643,0.064621,0.007688,0.008369
0.004573,0.017045,0.187536,0.010943,0.408835,0.232328,0.015701,0.010136,0.102583,0.010321
0.112398,0.018451,0.267169,0.100158,0.108536,0.061363,0.021162,0.123441,0.102195,0.085128
0.072670,0.016849,0.090648,0.135308,0.175037,0.110703,0.019481,0.159026,0.090891,0.129387
0.068755,0.097830,0.070676,0.116555,0.167775,0.102088,0.083169,0.111346,0.103882,0.077923
0.007214,0.006763,0.093702,0.005572,0.006571,0.854062,0.006967,0.005101,0.006060,0.007989
0.073321,0.016622,0.211277,0.085716,0.066485,0.122707,0.018578,0.119244,0.169475,0.116575
0.044256,0.057979,0.040596,0.050936,0.074813,0.380497,0.056796,0.053859,0.187127,0.053142
0.058582,0.112913,0.160551,0.112317,0.171411,0.084346,0.043800,0.075889,0.073641,0.106548
0.052866,0.058360,0.335042,0.074323,0.062336,0.057067,0.039798,0.187462,0.056283,0.076464
0.057165,0.080212,0.146686,0.062917,0.252326,0.074396,0.079167,0.086612,0.067042,0.093477
0.058770,0.055167,0.245798,0.063200,0.060463,0.056135,0.060193,0.053127,0.271532,0.075614
0.011396,0.008827,0.154289,0.008291,0.007184,0.710832,0.003963,0.079534,0.007037,0.008647
0.047454,0.090780,0.115850,0.099405,0.118788,0.195785,0.043715,0.101155,0.093668,0.093398
0.054445,0.069214,0.058445,0.071504,0.072454,0.378011,0.074942,0.076125,0.065948,0.078913
0.069488,0.090684,0.068775,0.121330,0.164627,0.088854,0.093574,0.106976,0.069613,0.126079
0.084370,0.080285,0.056179,0.096203,0.122285,0.091238,0.081302,0.257714,0.063614,0.066811
0.071218,0.076607,0.285854,0.078579,0.066348,0.077577,0.077584,0.083617,0.078025,0.104593
0.068976,0.117128,0.062837,0.134900,0.154001,0.095436,0.074895,0.136007,0.073707,0.082113
0.048925,0.026108,0.254425,0.103146,0.137888,0.112031,0.020503,0.147756,0.065727,0.083492
0.020972,0.004201,0.179630,0.020978,0.658559,0.026379,0.035757,0.018193,0.018281,0.017050
0.042509,0.049817,0.379934,0.042279,0.037165,0.038402,0.043051,0.023093,0.297206,0.046543
0.006836,0.002560,0.159876,0.002145,0.162417,0.584008,0.002241,0.002462,0.070041,0.007414
0.079098,0.101427,0.078659,0.099834,0.111011,0.100452,0.096614,0.138688,0.085001,0.109215
0.012425,0.011639,0.160528,0.012399,0.012377,0.743815,0.004691,0.007503,0.023061,0.011562
0.083692,0.100129,0.077202,0.100961,0.095182,0.121471,0.092447,0.110167,0.111621,0.107128
0.063469,0.115865,0.061022,0.127018,0.127193,0.091950,0.054538,0.166588,0.071279,0.121079
0.053982,0.066470,0.050557,0.065962,0.066939,0.397739,0.073193,0.075560,0.080832,0.068767
0.061633,0.087303,0.062981,0.083566,0.083973,0.095439,0.087659,0.275360,0.075607,0.086479
0.100508,0.093074,0.069857,0.134694,0.146412,0.117056,0.064834,0.079953,0.077125,0.116487
0.035041,0.070636,0.293228,0.058835,0.238997,0.112652,0.009800,0.068054,0.049805,0.062951
0.067245,0.020317,0.174802,0.107000,0.116742,0.125044,0.017720,0.077012,0.219843,0.074273
0.066851,0.026364,0.193163,0.147893,0.124888,0.105414,0.020894,0.100366,0.068338,0.145828
0.069019,0.086487,0.083393,0.094171,0.172479,0.103704,0.096528,0.118329,0.096490,0.079399
0.066241,0.074435,0.054353,0.074261,0.077055,0.356008,0.073375,0.073757,0.070114,0.080400
0.060225,0.097602,0.162633,0.089352,0.101465,0.089702,0.061386,0.081100,0.191364,0.065172
0.044103,0.106477,0.140302,0.145019,0.073918,0.168405,0.060479,0.047301,0.114014,0.099982
0.009358,0.016321,0.154139,0.013886,0.720627,0.022302,0.017912,0.019452,0.012329,0.013673
0.060178,0.090410,0.295364,0.081664,0.079596,0.073282,0.079829,0.065819,0.102504,0.071354
0.025678,0.040895,0.488058,0.031700,0.185814,0.041881,0.031571,0.096518,0.021843,0.036042
0.059177,0.050211,0.136153,0.088909,0.122729,0.094510,0.086023,0.063244,0.235197,0.063847
0.060375,0.018399,0.294520,0.114328,0.109129,0.123381,0.018114,0.087947,0.056587,0.117220
0.073430,0.087133,0.327185,0.063263,0.090329,0.086347,0.055882,0.078026,0.062904,0.075500
0.065962,0.064981,0.260530,0.047598,0.051133,0.055933,0.063103,0.055040,0.273093,0.062627
0.027324,0.005832,0.209161,0.061072,0.121836,0.361067,0.007276,0.061260,0.058948,0.086225
0.084902,0.084458,0.053554,0.068647,0.081122,0.077667,0.080193,0.319526,0.082839,0.067092
0.024930,0.008692,0.247872,0.025867,0.029862,0.566841,0.009892,0.026507,0.020647,0.038888
0.111196,0.108654,0.067813,0.092198,0.106731,0.126214,0.081967,0.124103,0.068840,0.112283
0.031878,0.046017,0.445968,0.046279,0.032786,0.039885,0.046392,0.214058,0.050904,0.045833
0.083256,0.093746,0.077594,0.094426,0.111250,0.121754,0.103039,0.120802,0.086471,0.107662
0.035499,0.081367,0.106731,0.084055,0.114418,0.231893,0.093137,0.075716,0.079601,0.097583
0.018369,0.030034,0.058684,0.024250,0.587876,0.177483,0.034348,0.017527,0.019120,0.032310
0.067914,0.089460,0.058986,0.121069,0.141464,0.231284,0.045094,0.085253,0.075862,0.083613
0.060899,0.074480,0.059927,0.076515,0.074209,0.086171,0.074603,0.338149,0.068726,0.086322
0.106199,0.113112,0.065918,0.138264,0.133678,0.132621,0.044829,0.108145,0.072020,0.085214
0.068620,0.114529,0.068466,0.101263,0.140224,0.104421,0.038559,0.144512,0.098509,0.120899
0.062949,0.121787,0.206467,0.090970,0.074311,0.116678,0.068560,0.087386,0.079914,0.090977
0.045138,0.025466,0.193992,0.099952,0.133792,0.148947,0.024448,0.158479,0.081614,0.088172
0.090625,0.097152,0.264095,0.071152,0.074169,0.087929,0.083142,0.070269,0.072755,0.088711
0.015743,0.018134,0.363696,0.021980,0.478437,0.021237,0.026856,0.010277,0.020046,0.023595
0.059668,0.061129,0.220206,0.056030,0.046919,0.080183,0.069261,0.035806,0.302475,0.068323
0.055939,0.101868,0.056494,0.078584,0.108524,0.298963,0.042258,0.106521,0.063556,0.087293
0.046028,0.049937,0.042701,0.051055,0.082580,0.421318,0.055213,0.151361,0.049937,0.049869
0.002933,0.005767,0.262752,0.004192,0.607199,0.004778,0.005097,0.003411,0.099473,0.004398
0.066046,0.107694,0.062921,0.099404,0.129296,0.114271,0.044478,0.122987,0.143197,0.109707
0.006402,0.006108,0.429166,0.007880,0.008601,0.511082,0.008270,0.006699,0.007331,0.008461
0.086849,0.101875,0.078289,0.111356,0.114362,0.114357,0.109893,0.094619,0.090804,0.097597
0.085178,0.090060,0.067169,0.114584,0.165470,0.108063,0.081418,0.106761,0.095056,0.086242
0.065938,0.081041,0.058044,0.061046,0.083308,0.093461,0.079424,0.330933,0.066517,0.080287
0.018971,0.003182,0.326288,0.019260,0.118995,0.380321,0.037845,0.019514,0.016431,0.059192
0.003569,0.003419,0.165062,0.003075,0.766576,0.003527,0.003341,0.002382,0.045403,0.003646
0.068785,0.073992,0.201162,0.065600,0.053246,0.065349,0.064346,0.067975,0.262402,0.077143
0.034873,0.024233,0.469754,0.056040,0.099377,0.078896,0.017150,0.076867,0.050899,0.091911
0.028162,0.040311,0.277070,0.040245,0.352986,0.040763,0.054632,0.040340,0.037955,0.087537
0.043150,0.030311,0.037777,0.059938,0.138233,0.407557,0.070655,0.071470,0.077725,0.063184
0.057368,0.037948,0.414905,0.049935,0.050144,0.047414,0.053191,0.160927,0.076899,0.051271
0.044892,0.068907,0.421934,0.055093,0.067426,0.067725,0.069010,0.066076,0.069549,0.069388
0.071023,0.060311,0.063258,0.091573,0.164232,0.119915,0.119339,0.136304,0.093215,0.080830
0.053596,0.047376,0.236233,0.053178,0.051828,0.247799,0.053678,0.021638,0.184531,0.050143
0.055849,0.062827,0.105995,0.054551,0.059269,0.259039,0.074279,0.029168,0.219612,0.079410
0.061649,0.086480,0.273205,0.081484,0.055822,0.093479,0.085772,0.083736,0.098322,0.080051
0.071818,0.107284,0.077846,0.127801,0.097319,0.112423,0.103652,0.113873,0.079668,0.108316
0.024760,0.005805,0.011686,0.022978,0.025842,0.029421,0.028064,0.097021,0.731178,0.023245
0.056075,0.121852,0.062627,0.085933,0.123966,0.097221,0.082810,0.195195,0.088748,0.085573
0.083105,0.092981,0.287350,0.064790,0.067370,0.075853,0.092833,0.084665,0.075387,0.075665
0.073042,0.089987,0.190434,0.093208,0.101387,0.092145,0.092955,0.079154,0.088952,0.098735
0.055822,0.065044,0.236709,0.073525,0.184697,0.088476,0.087303,0.085247,0.056958,0.066219
0.055051,0.050217,0.325240,0.049215,0.330957,0.054257,0.004448,0.035839,0.049508,0.045268
0.050072,0.018114,0.172761,0.113546,0.102025,0.204669,0.020218,0.115990,0.090571,0.112034
0.073930,0.088400,0.109156,0.108562,0.095551,0.210154,0.085646,0.084458,0.078426,0.065719
0.070080,0.095748,0.072502,0.093433,0.163794,0.106656,0.094337,0.115431,0.087867,0.100150
0.019501,0.016850,0.327957,0.016449,0.191899,0.022851,0.018364,0.063018,0.303389,0.019722
0.061471,0.092069,0.125852,0.074270,0.088790,0.219500,0.082330,0.091645,0.073820,0.090252
0.071300,0.106022,0.112649,0.096108,0.082773,0.217575,0.100218,0.072995,0.074494,0.065866
0.062362,0.059140,0.091794,0.098289,0.155255,0.120344,0.120343,0.134992,0.076849,0.080631
0.107334,0.097565,0.086256,0.096631,0.145695,0.102195,0.064745,0.113002,0.100067,0.086509
0.058527,0.081026,0.142097,0.083645,0.192589,0.098791,0.062768,0.069835,0.096941,0.113781
0.024283,0.030446,0.590817,0.018305,0.210875,0.021997,0.003196,0.018484,0.029032,0.052563
0.065925,0.095183,0.250447,0.081833,0.078757,0.085307,0.087627,0.081235,0.075322,0.098364
0.071720,0.069086,0.389925,0.058816,0.057251,0.084193,0.074414,0.059402,0.060142,0.075052
0.077302,0.052482,0.332137,0.074705,0.123527,0.071207,0.069568,0.073936,0.065237,0.059900
0.056774,0.107351,0.065323,0.103729,0.108417,0.109304,0.078148,0.113059,0.121910,0.135987
0.060750,0.102854,0.064789,0.135536,0.135848,0.116193,0.036677,0.125923,0.103544,0.117886
0.006349,0.008156,0.268188,0.006083,0.042426,0.545397,0.002843,0.005788,0.103970,0.010799
0.084896,0.098818,0.096128,0.129743,0.097235,0.124217,0.104899,0.095802,0.081362,0.086899
0.052008,0.097500,0.199300,0.110943,0.096695,0.094087,0.082602,0.102893,0.092148,0.071823
0.082449,0.097597,0.091472,0.124884,0.105617,0.096019,0.103279,0.121267,0.084756,0.092660
0.061636,0.085276,0.073009,0.073907,0.139874,0.084447,0.086396,0.215125,0.068079,0.112251
0.052501,0.080372,0.225762,0.111567,0.086549,0.099401,0.077568,0.110770,0.070039,0.085471
0.042445,0.029020,0.188922,0.024789,0.142838,0.414392,0.050238,0.057552,0.026524,0.023279
0.048044,0.049455,0.219738,0.066737,0.065187,0.063604,0.070710,0.071830,0.275713,0.068983
0.109761,0.093166,0.075731,0.101329,0.168586,0.103758,0.091631,0.087403,0.084070,0.084564
0.056209,0.106055,0.208190,0.097474,0.093045,0.114230,0.068567,0.112411,0.071704,0.072115
0.057428,0.027374,0.251129,0.099687,0.124968,0.129535,0.028047,0.115610,0.052047,0.114175
0.065728,0.093740,0.073024,0.115536,0.162542,0.090251,0.097032,0.091784,0.083965,0.126399
0.055907,0.065583,0.040535,0.066113,0.079268,0.381612,0.033555,0.058767,0.145934,0.072726
0.034960,0.060944,0.266809,0.051755,0.051516,0.283344,0.062064,0.085578,0.046285,0.056747
0.013417,0.028503,0.223302,0.024966,0.136983,0.478035,0.037535,0.015614,0.021276,0.020371
0.068183,0.065907,0.126911,0.060376,0.065878,0.080213,0.074039,0.061015,0.338517,0.058962
0.052133,0.092181,0.058149,0.096286,0.098302,0.253858,0.080282,0.092847,0.107940,0.068021
0.045485,0.088795,0.246564,0.078851,0.082610,0.101588,0.058899,0.116983,0.090233,0.089993
0.096493,0.101856,0.076184,0.104129,0.148432,0.104145,0.091924,0.103142,0.092086,0.081610
0.070623,0.071358,0.090498,0.112423,0.139697,0.128109,0.114361,0.115341,0.073771,0.083818
0.013340,0.006147,0.145245,0.015728,0.009616,0.748049,0.017184,0.014112,0.012522,0.018057
0.046859,0.037347,0.201907,0.054364,0.143279,0.076489,0.068606,0.225759,0.081463,0.063928
0.084824,0.101384,0.216655,0.083942,0.078215,0.093131,0.081646,0.070231,0.086329,0.103644
0.058049,0.007600,0.439249,0.056877,0.107236,0.062405,0.090189,0.068818,0.041452,0.068125
0.031891,0.012048,0.395381,0.050353,0.195865,0.071983,0.067794,0.085277,0.034212,0.055196
0.062477,0.066977,0.059275,0.072208,0.072843,0.358421,0.079572,0.078709,0.080137,0.069381
0.101728,0.018007,0.187520,0.089353,0.204855,0.096947,0.015855,0.096061,0.132307,0.057368
0.061279,0.020260,0.054968,0.163162,0.206897,0.162833,0.016524,0.159614,0.079613,0.074850
0.032502,0.005750,0.354018,0.044909,0.128419,0.099557,0.070957,0.076816,0.066004,0.121067
0.059508,0.056387,0.069729,0.139360,0.156040,0.108177,0.118254,0.137170,0.069074,0.086301
0.051068,0.055727,0.474737,0.060068,0.054896,0.071466,0.058775,0.047984,0.059007,0.066272
0.090286,0.017970,0.081746,0.131414,0.127050,0.237446,0.021552,0.130590,0.094445,0.067501
0.064601,0.127079,0.074367,0.125348,0.092782,0.120194,0.097266,0.123519,0.068675,0.106168
0.010382,0.032590,0.287801,0.015450,0.523547,0.015496,0.034425,0.030952,0.018098,0.031258
0.008172,0.006227,0.109746,0.006430,0.042696,0.700187,0.005811,0.002442,0.111715,0.006574
0.075546,0.099876,0.083170,0.096697,0.159719,0.120211,0.096933,0.083950,0.083970,0.099929
0.025367,0.010498,0.235016,0.039082,0.342634,0.064398,0.051255,0.043386,0.136181,0.052183
0.040805,0.051890,0.034652,0.060174,0.096300,0.453590,0.053748,0.118416,0.042207,0.048219
0.005836,0.005660,0.608638,0.004824,0.005229,0.350850,0.005552,0.004316,0.004510,0.004585
0.067221,0.022324,0.199681,0.098872,0.093140,0.152120,0.017646,0.144420,0.058695,0.145881
0.037990,0.038488,0.298375,0.040143,0.036189,0.041032,0.043394,0.031513,0.391536,0.041340
0.057186,0.104781,0.063424,0.115269,0.140863,0.126954,0.062380,0.162725,0.069602,0.096817
0.002257,0.002550,0.580904,0.002156,0.183778,0.217585,0.003260,0.003581,0.002028,0.001900
0.049135,0.072624,0.216294,0.062465,0.058083,0.240583,0.077631,0.064915,0.067393,0.090876
0.070875,0.089236,0.073196,0.119319,0.157091,0.111742,0.095653,0.111670,0.077335,0.093884
0.058820,0.095836,0.069473,0.110884,0.150068,0.128576,0.107703,0.130650,0.066121,0.081869
0.082781,0.078966,0.056171,0.083960,0.090713,0.291309,0.064877,0.090604,0.065843,0.094776
0.033763,0.048129,0.248800,0.046372,0.123783,0.045237,0.046834,0.299379,0.047083,0.060619
0.077557,0.083829,0.256665,0.077673,0.080078,0.084038,0.097469,0.072818,0.078634,0.091240
0.079582,0.100882,0.078704,0.131454,0.112122,0.098696,0.104065,0.113508,0.093234,0.087753
0.062025,0.078329,0.201454,0.072792,0.073016,0.082305,0.046781,0.251885,0.062728,0.068684
0.045796,0.053280,0.176615,0.047199,0.153970,0.050556,0.057998,0.308434,0.049214,0.056939
0.092524,0.098255,0.067557,0.083719,0.158366,0.114982,0.093623,0.102132,0.095486,0.093356
0.014229,0.012128,0.464828,0.011110,0.440209,0.009177,0.012186,0.007219,0.013687,0.015228
0.031899,0.007025,0.222360,0.024321,0.020554,0.611678,0.008621,0.020922,0.025130,0.027491
0.087787,0.082730,0.072219,0.120820,0.167434,0.100692,0.092415,0.110458,0.071392,0.094053
0.044363,0.049914,0.222828,0.068675,0.253536,0.078575,0.070182,0.078205,0.065328,0.068394
0.078201,0.075259,0.373977,0.054115,0.051320,0.070619,0.074369,0.078228,0.066850,0.077062
0.079556,0.081148,0.272072,0.075271,0.070967,0.082869,0.085327,0.092743,0.091109,0.068937
0.067518,0.062533,0.052727,0.084407,0.080631,0.371510,0.074410,0.072981,0.062589,0.070694
0.059033,0.109387,0.081968,0.101829,0.132676,0.127870,0.055896,0.143662,0.071599,0.116080
0.100493,0.068126,0.228994,0.069404,0.068470,0.089589,0.088423,0.092509,0.086322,0.107672
0.012956,0.008813,0.156448,0.006907,0.042966,0.643773,0.007457,0.007872,0.105527,0.007283
0.114138,0.094610,0.073395,0.087841,0.102445,0.096557,0.101113,0.124601,0.098989,0.106313
0.046885,0.082324,0.048306,0.082230,0.159607,0.316115,0.034996,0.082034,0.081570,0.065934
0.086741,0.095207,0.078682,0.103127,0.099837,0.100173,0.105332,0.123595,0.096613,0.110694
0.070461,0.094641,0.076178,0.122703,0.093995,0.125723,0.099956,0.120008,0.092416,0.103919
0.009289,0.009875,0.405287,0.011545,0.396149,0.014107,0.014277,0.011662,0.114207,0.013602
0.079564,0.061667,0.067022,0.125636,0.082124,0.145657,0.112244,0.091823,0.119675,0.114588
0.057366,0.083048,0.055717,0.074090,0.066049,0.377747,0.079427,0.058409,0.069375,0.078772
0.061702,0.073460,0.130506,0.082470,0.121254,0.078187,0.075505,0.072759,0.211311,0.092846
0.062744,0.068044,0.173316,0.102998,0.106830,0.099216,0.105797,0.099785,0.081938,0.099331
0.062900,0.088711,0.169059,0.119600,0.099218,0.095493,0.102346,0.091306,0.096236,0.075131
0.090853,0.096916,0.232462,0.067051,0.070295,0.109106,0.090267,0.071031,0.078412,0.093608
0.016877,0.037101,0.315565,0.029320,0.459383,0.031082,0.032617,0.023912,0.022546,0.031598
0.052455,0.023253,0.187199,0.124364,0.112001,0.210016,0.026385,0.046876,0.064760,0.152691
0.033478,0.033940,0.259162,0.035726,0.405280,0.043749,0.034264,0.095355,0.025784,0.033260
0.073522,0.100582,0.075239,0.100553,0.163408,0.110408,0.092629,0.115827,0.083592,0.084240
0.050212,0.091889,0.160799,0.100061,0.243173,0.084014,0.041070,0.093722,0.073337,0.061724
0.003232,0.002542,0.293889,0.002495,0.680333,0.003249,0.004165,0.002793,0.003310,0.003992
0.061356,0.087315,0.303044,0.080697,0.057392,0.088081,0.078592,0.047782,0.108292,0.087449
0.076148,0.096283,0.073666,0.078872,0.166230,0.121257,0.094561,0.114254,0.076283,0.102447
0.069103,0.083743,0.057597,0.078877,0.073728,0.327961,0.075342,0.060701,0.072424,0.100524
0.083609,0.093045,0.075869,0.104267,0.109916,0.114361,0.106187,0.091522,0.121194,0.100029
0.086116,0.073274,0.058267,0.105669,0.087783,0.091526,0.083664,0.271139,0.070922,0.071642
0.015072,0.015521,0.137690,0.015499,0.011847,0.676368,0.007233,0.092621,0.013533,0.014616
0.091739,0.099030,0.056592,0.073032,0.093093,0.253666,0.086107,0.096240,0.061100,0.089402
0.061728,0.086125,0.221066,0.108730,0.084371,0.095988,0.084337,0.061992,0.081359,0.114303
0.056781,0.068382,0.064006,0.138845,0.119584,0.124866,0.111625,0.140325,0.061522,0.114065
0.020352,0.005406,0.486058,0.042053,0.255324,0.037215,0.004303,0.053004,0.024289,0.071996
0.068265,0.084777,0.221376,0.093345,0.092033,0.102322,0.077935,0.089881,0.073699,0.096367
0.052472,0.049254,0.297788,0.052623,0.045027,0.057936,0.048546,0.042423,0.304184,0.049748
0.107969,0.104986,0.076560,0.098730,0.109282,0.100270,0.097663,0.090806,0.120113,0.093621
0.082000,0.073014,0.346508,0.074182,0.071755,0.079888,0.076968,0.043552,0.074190,0.077943
0.002502,0.001931,0.355912,0.001942,0.108241,0.521857,0.002199,0.001407,0.001776,0.002234
0.084829,0.066181,0.214081,0.069742,0.196676,0.079414,0.059808,0.087617,0.059316,0.082335
0.018878,0.029485,0.401197,0.025889,0.317048,0.029699,0.037169,0.025843,0.058425,0.056366
0.022227,0.032521,0.276406,0.016308,0.530297,0.023779,0.022252,0.026918,0.028802,0.020490
0.082779,0.091522,0.315263,0.070680,0.071904,0.080440,0.080339,0.045155,0.081091,0.080827
0.050985,0.083847,0.055801,0.098264,0.082601,0.095646,0.087003,0.288500,0.070042,0.087311
0.005477,0.003525,0.197327,0.006838,0.004479,0.627920,0.007626,0.004388,0.133213,0.009207
0.072113,0.130638,0.094430,0.112912,0.123949,0.109924,0.072550,0.104632,0.089697,0.089155
0.047782,0.087333,0.114353,0.086361,0.073121,0.266287,0.103489,0.088587,0.070328,0.062360
0.099771,0.016131,0.212267,0.082759,0.078645,0.061061,0.015212,0.065589,0.287135,0.081428
0.057365,0.063911,0.420744,0.061319,0.064793,0.078521,0.069054,0.058475,0.058482,0.067337
0.074540,0.110436,0.066929,0.133982,0.120029,0.116744,0.066152,0.131257,0.064865,0.115067
0.017940,0.007048,0.220431,0.040417,0.553435,0.028463,0.041967,0.034690,0.021593,0.034017
0.049691,0.051761,0.264940,0.055104,0.060867,0.060742,0.063104,0.065702,0.271910,0.056180
0.085485,0.088808,0.126410,0.095577,0.058362,0.255824,0.079359,0.083830,0.066436,0.059910
0.059080,0.112011,0.071986,0.095877,0.111313,0.110676,0.096346,0.152943,0.083374,0.106394
0.064952,0.059205,0.089193,0.130777,0.143754,0.116093,0.107411,0.128171,0.073902,0.086540
0.078334,0.088257,0.263378,0.085179,0.065749,0.090975,0.080315,0.091031,0.072348,0.084432
0.093617,0.091077,0.085163,0.094755,0.165764,0.103580,0.095676,0.108891,0.077960,0.083517
0.057518,0.066527,0.428906,0.055514,0.055714,0.045979,0.041461,0.129800,0.043300,0.075280
0.089302,0.027286,0.228083,0.089675,0.128110,0.112366,0.020864,0.117814,0.098961,0.087540
0.092263,0.087617,0.166716,0.079624,0.126637,0.089041,0.096393,0.087972,0.079443,0.094294
0.042528,0.086015,0.098734,0.068034,0.091087,0.188040,0.040780,0.088153,0.207408,0.089222
0.066999,0.065964,0.090438,0.094278,0.169812,0.104819,0.107794,0.101878,0.078032,0.119988
0.001671,0.003012,0.063397,0.002186,0.001480,0.494583,0.002818,0.040360,0.388016,0.002477
0.091622,0.118627,0.061360,0.103455,0.104025,0.091614,0.105948,0.161001,0.084567,0.077780
0.054264,0.037097,0.175274,0.048157,0.050516,0.061145,0.048126,0.052361,0.422179,0.050879
0.050103,0.050421,0.248338,0.067780,0.246891,0.066082,0.063599,0.076761,0.062114,0.067912
0.067905,0.087409,0.071230,0.118671,0.164286,0.089649,0.097354,0.126204,0.075688,0.101604
0.010152,0.010743,0.313867,0.008346,0.458763,0.010369,0.012384,0.007316,0.156991,0.011069
0.053866,0.052598,0.174824,0.050352,0.049777,0.054588,0.031230,0.045643,0.428805,0.058317
0.009391,0.005697,0.164946,0.007353,0.006329,0.756196,0.011541,0.009069,0.018892,0.010587
0.057396,0.062701,0.043025,0.067593,0.054238,0.434597,0.068834,0.057068,0.080199,0.074349
0.066366,0.071701,0.224829,0.059622,0.079418,0.227152,0.083826,0.035572,0.053934,0.097579
0.057689,0.070693,0.390829,0.093580,0.061907,0.103972,0.041147,0.050264,0.069298,0.060622
0.010832,0.002515,0.112318,0.032450,0.296581,0.424228,0.001905,0.023360,0.075152,0.020659
0.056663,0.065277,0.047754,0.061906,0.066015,0.343253,0.072048,0.163398,0.059189,0.064497
0.029982,0.024170,0.442175,0.040680,0.049750,0.039616,0.057214,0.202946,0.041615,0.071851
0.015759,0.005645,0.198873,0.010169,0.135419,0.586498,0.014714,0.006716,0.011283,0.014924
0.062342,0.088727,0.222772,0.076265,0.093368,0.086787,0.073811,0.108120,0.080053,0.107753
0.065826,0.073476,0.331251,0.062471,0.075019,0.089690,0.076110,0.062310,0.073686,0.090162
0.082759,0.102446,0.172251,0.107346,0.078441,0.101172,0.096876,0.081543,0.088397,0.088771
0.083661,0.095995,0.088444,0.083360,0.106239,0.120703,0.103757,0.116031,0.094779,0.107031
0.010510,0.004571,0.289333,0.009000,0.005536,0.645481,0.009617,0.008402,0.008786,0.008764
0.065850,0.058483,0.176762,0.066107,0.053319,0.074166,0.063827,0.326026,0.054711,0.060749
0.073666,0.107335,0.064410,0.124435,0.099526,0.089471,0.040158,0.140907,0.111084,0.149008
0.038348,0.043976,0.418650,0.044340,0.054579,0.064426,0.055118,0.181293,0.045525,0.053746
0.029093,0.042327,0.334555,0.044772,0.044464,0.045369,0.013568,0.089402,0.315238,0.041212
0.080961,0.094202,0.077826,0.122338,0.114654,0.105529,0.103643,0.115478,0.094699,0.090670
0.014305,0.005210,0.168943,0.003897,0.017253,0.594277,0.000837,0.031640,0.138997,0.024640
0.069236,0.108815,0.093989,0.114707,0.156509,0.118197,0.050092,0.095152,0.085285,0.108018
0.010855,0.018855,0.368288,0.013088,0.013323,0.465140,0.004370,0.070916,0.017491,0.017674
0.076392,0.082108,0.159300,0.109151,0.187059,0.100860,0.037738,0.103239,0.071741,0.072412
0.004281,0.004387,0.453132,0.003111,0.168316,0.302790,0.003608,0.001653,0.056481,0.002242
0.079675,0.025509,0.094623,0.147755,0.142138,0.160675,0.026709,0.148315,0.075972,0.098629
0.041104,0.011123,0.342982,0.087151,0.229209,0.100852,0.011727,0.052796,0.052350,0.070705
0.057446,0.061564,0.528835,0.052699,0.062353,0.046664,0.032292,0.049769,0.068226,0.040152
0.081581,0.072670,0.208718,0.088845,0.085332,0.097661,0.090636,0.086396,0.078583,0.109579
0.047782,0.092717,0.256844,0.082372,0.087621,0.082375,0.075281,0.089495,0.095439,0.090074
0.077113,0.079512,0.068857,0.097696,0.127628,0.118099,0.109528,0.099873,0.104196,0.117498
0.032063,0.018947,0.062015,0.131167,0.214447,0.138697,0.016224,0.144502,0.104341,0.137596
0.043124,0.097916,0.129470,0.085581,0.069958,0.268199,0.089521,0.085209,0.070263,0.060759
0.052215,0.022544,0.096670,0.121158,0.110504,0.100366,0.021729,0.171138,0.192428,0.111248
0.072150,0.095014,0.071101,0.092322,0.100668,0.107000,0.097066,0.121331,0.116360,0.126987
0.060005,0.010257,0.063683,0.127567,0.142943,0.364741,0.009938,0.085711,0.065620,0.069535
0.007951,0.003907,0.140029,0.013447,0.022593,0.012098,0.015223,0.061146,0.712836,0.010770
0.061421,0.093922,0.063299,0.083299,0.116754,0.297432,0.054572,0.076089,0.070017,0.083194
0.012408,0.010598,0.457415,0.006490,0.485519,0.007445,0.001359,0.006320,0.006746,0.005699
0.051199,0.085248,0.420714,0.077854,0.131352,0.054673,0.009409,0.056793,0.047929,0.064829
0.102513,0.075949,0.060392,0.089776,0.112824,0.098975,0.108192,0.126459,0.107077,0.117843
0.105439,0.094776,0.070117,0.130024,0.101445,0.115125,0.095720,0.129010,0.086372,0.071972
0.065704,0.074810,0.291281,0.060317,0.058188,0.098117,0.081371,0.086143,0.101004,0.083065
0.048682,0.057105,0.536893,0.057119,0.036224,0.047215,0.054881,0.043925,0.065163,0.052794
0.057715,0.040186,0.555102,0.039458,0.035722,0.043450,0.052739,0.045665,0.071076,0.058888
0.036962,0.010581,0.293681,0.040295,0.097314,0.047028,0.053315,0.096183,0.274523,0.050118
0.062786,0.099287,0.215854,0.082160,0.078846,0.101919,0.085946,0.096358,0.090225,0.086620
0.072564,0.062543,0.269505,0.066822,0.071672,0.071945,0.068688,0.189073,0.058414,0.068773
0.040167,0.053841,0.100084,0.030983,0.242296,0.362708,0.003586,0.032997,0.096514,0.036824
0.063661,0.112521,0.065029,0.109176,0.160301,0.113160,0.051293,0.125729,0.112989,0.086141
0.065435,0.074709,0.056485,0.096853,0.075249,0.089192,0.083029,0.319440,0.066983,0.072626
0.073761,0.099293,0.226371,0.079584,0.117393,0.108986,0.055313,0.090984,0.072861,0.075456
0.065830,0.080026,0.284134,0.089296,0.091246,0.100025,0.056551,0.069212,0.072832,0.090846
0.011229,0.002269,0.458283,0.008521,0.459295,0.011769,0.011992,0.009699,0.009519,0.017423
0.005173,0.003248,0.037975,0.004566,0.003416,0.004438,0.005175,0.065015,0.867179,0.003815
0.011458,0.012108,0.338338,0.008120,0.007899,0.527887,0.010475,0.061361,0.009065,0.013290
0.052869,0.079851,0.312593,0.081294,0.079792,0.092490,0.081496,0.071568,0.065300,0.082747
0.105871,0.091094,0.078482,0.126230,0.117872,0.110355,0.106614,0.086009,0.089022,0.088450
0.041307,0.045629,0.026078,0.044514,0.049267,0.502288,0.049220,0.138658,0.043757,0.059282
0.071191,0.074641,0.119610,0.080061,0.074248,0.241633,0.086990,0.076811,0.070939,0.103875
0.042804,0.041339,0.184025,0.073226,0.088993,0.216790,0.103331,0.096074,0.072323,0.081095
0.045713,0.067159,0.235465,0.077038,0.249445,0.078428,0.066997,0.067433,0.054230,0.058092
0.052062,0.037388,0.281096,0.075836,0.075753,0.066490,0.064580,0.067659,0.208563,0.070572
0.046500,0.066756,0.051838,0.072712,0.068895,0.331055,0.063615,0.062847,0.169979,0.065802
0.123238,0.024599,0.050898,0.138021,0.217892,0.129300,0.019987,0.129742,0.058500,0.107823
0.114380,0.072551,0.087251,0.139392,0.089527,0.111458,0.108896,0.127404,0.071146,0.077993
0.005650,0.006978,0.074857,0.007191,0.004769,0.792660,0.007202,0.086604,0.006876,0.007213
0.095700,0.068546,0.066820,0.092689,0.145674,0.118941,0.110431,0.122414,0.068322,0.110460
0.057819,0.087303,0.071720,0.088689,0.139876,0.094989,0.086806,0.219829,0.062029,0.090942
0.083762,0.091784,0.200676,0.104414,0.096665,0.078135,0.098178,0.072279,0.088116,0.085991
0.068042,0.092177,0.072411,0.078074,0.162897,0.101825,0.096165,0.125212,0.078102,0.125094
0.048327,0.074099,0.406974,0.053973,0.063480,0.091215,0.043898,0.068668,0.087023,0.062344
0.091314,0.092571,0.187835,0.090070,0.091532,0.095005,0.102569,0.066091,0.094014,0.089001
0.083623,0.095061,0.210211,0.076999,0.105310,0.105275,0.082324,0.055800,0.082130,0.103266
0.039497,0.126451,0.117876,0.099779,0.116173,0.229049,0.054770,0.063532,0.084840,0.068033
0.062620,0.082692,0.218702,0.089667,0.091465,0.087805,0.090749,0.092356,0.087256,0.096688
0.013887,0.002159,0.078312,0.017817,0.338713,0.354115,0.023538,0.013859,0.146687,0.010913
0.048614,0.025053,0.291834,0.121995,0.104266,0.095757,0.027097,0.103930,0.069050,0.112403
0.098482,0.058566,0.048984,0.071716,0.066926,0.303725,0.094729,0.098687,0.064246,0.093939
0.058684,0.045868,0.056802,0.081899,0.131325,0.300991,0.097214,0.073649,0.071693,0.081876
0.066246,0.029561,0.228374,0.076892,0.106641,0.129051,0.022590,0.121279,0.094801,0.124565
0.021302,0.029477,0.182854,0.027052,0.432490,0.021016,0.025524,0.023358,0.190939,0.045988
0.089637,0.089594,0.223444,0.073669,0.085888,0.100655,0.102998,0.078704,0.082677,0.072734
