0.031386,0.026632,0.207890,0.020767,0.135080,0.426976,0.003494,0.020315,0.052985,0.074475
0.043475,0.023400,0.071893,0.099034,0.104487,0.119386,0.114004,0.096407,0.227885,0.100030
0.061092,0.085976,0.054563,0.081914,0.089475,0.104885,0.088200,0.273258,0.070763,0.089874
0.066341,0.156701,0.069491,0.102522,0.082698,0.188831,0.143467,0.076655,0.075212,0.038081
0.070706,0.104991,0.064449,0.101423,0.084752,0.106478,0.093852,0.080390,0.198190,0.094769
0.069812,0.075234,0.186665,0.096497,0.082668,0.104403,0.047138,0.091160,0.184646,0.061776
0.011972,0.027109,0.394248,0.016401,0.453942,0.019295,0.025807,0.019123,0.017747,0.014355
0.049535,0.099096,0.093241,0.140593,0.118427,0.090196,0.061759,0.140232,0.067050,0.139872
0.069005,0.079833,0.187292,0.073032,0.094153,0.107555,0.114581,0.074899,0.092159,0.107489
0.043552,0.093104,0.138163,0.073818,0.082505,0.094075,0.055532,0.088426,0.225107,0.105717
0.092974,0.070478,0.052527,0.064093,0.073660,0.358857,0.082876,0.052150,0.070564,0.081820
0.065524,0.081491,0.177999,0.079455,0.155635,0.091508,0.086479,0.087265,0.085206,0.089438
0.054465,0.075118,0.295122,0.083021,0.065072,0.094169,0.076109,0.148492,0.053269,0.055163
0.006547,0.003340,0.200261,0.010645,0.056925,0.638422,0.012998,0.051952,0.008754,0.010158
0.054163,0.087178,0.058889,0.067554,0.070429,0.351531,0.084191,0.086027,0.073620,0.066417
0.058857,0.052068,0.075733,0.104394,0.140386,0.153389,0.143236,0.084325,0.076716,0.110897
0.005441,0.017815,0.336997,0.007930,0.134222,0.354852,0.008845,0.015014,0.104045,0.014839
0.088411,0.067775,0.335045,0.070346,0.063563,0.094900,0.076566,0.065978,0.074668,0.062747
0.064737,0.088706,0.076015,0.131520,0.112268,0.113991,0.103461,0.137573,0.070104,0.101623
0.075021,0.094495,0.077764,0.083127,0.109007,0.114345,0.104409,0.132431,0.097289,0.112113
0.034716,0.023353,0.227885,0.092847,0.160022,0.142856,0.015402,0.154474,0.065406,0.083039
0.077236,0.079040,0.222101,0.068131,0.084258,0.113122,0.098158,0.077528,0.088111,0.092315
0.045895,0.006930,0.215018,0.038484,0.425412,0.050913,0.061209,0.044105,0.044140,0.067893
0.074309,0.081648,0.240439,0.080724,0.068558,0.112747,0.090111,0.098390,0.080169,0.072905
0.014148,0.024098,0.172455,0.019857,0.648988,0.025253,0.027206,0.022537,0.018128,0.027328
0.072807,0.063351,0.377906,0.051353,0.110814,0.060179,0.064380,0.051368,0.074629,0.073212
0.075284,0.090661,0.092090,0.126347,0.094962,0.095562,0.106641,0.114513,0.087185,0.116755
0.080030,0.098494,0.073305,0.120527,0.104056,0.131030,0.100407,0.114790,0.086761,0.090599
0.061969,0.062586,0.471953,0.056282,0.056405,0.059584,0.064355,0.029588,0.071052,0.066226
0.050470,0.030999,0.055338,0.082413,0.107513,0.298960,0.082669,0.080067,0.150347,0.061223
0.096910,0.114112,0.081876,0.090437,0.105038,0.116068,0.107672,0.108179,0.068805,0.110904
0.053164,0.063814,0.399874,0.057069,0.068594,0.071164,0.067471,0.077346,0.062056,0.079449
0.072258,0.117702,0.063416,0.101429,0.118136,0.095646,0.032293,0.096784,0.201203,0.101134
0.100584,0.102568,0.238206,0.079349,0.079987,0.111135,0.088740,0.039244,0.070021,0.090165
0.073297,0.093857,0.183417,0.105551,0.113075,0.105436,0.057927,0.088882,0.075793,0.102764
0.004058,0.006688,0.294457,0.006656,0.652473,0.008850,0.007069,0.002900,0.007277,0.009571
0.054989,0.070055,0.374220,0.053180,0.065886,0.073630,0.073695,0.081282,0.061421,0.091642
0.029629,0.062591,0.222705,0.059351,0.232331,0.068128,0.062603,0.147279,0.039273,0.076110
0.114911,0.097942,0.168801,0.071364,0.160634,0.123468,0.038983,0.072283,0.078427,0.073186
0.011110,0.008166,0.512918,0.019757,0.013825,0.379664,0.016964,0.011349,0.014626,0.011620
0.068211,0.100653,0.071288,0.094476,0.166894,0.124372,0.098025,0.106779,0.082929,0.086371
0.077139,0.099927,0.205628,0.082409,0.122061,0.109824,0.041228,0.089093,0.087294,0.085397
0.006798,0.008909,0.135486,0.008168,0.007940,0.720146,0.008538,0.087532,0.008530,0.007955
0.062194,0.107409,0.073713,0.102796,0.173102,0.140610,0.038462,0.086620,0.136281,0.078813
0.069201,0.082268,0.239640,0.065538,0.071924,0.109876,0.087028,0.090730,0.094937,0.088858
0.077094,0.094507,0.078082,0.083962,0.175556,0.096740,0.105683,0.113777,0.083278,0.091320
0.073507,0.091207,0.079672,0.085323,0.122207,0.254829,0.043819,0.086201,0.069253,0.093981
0.116279,0.088240,0.092118,0.081132,0.111643,0.108102,0.102974,0.110371,0.087678,0.101465
0.018482,0.013796,0.348817,0.028501,0.035604,0.322428,0.034494,0.026960,0.148226,0.022692
0.053455,0.023569,0.197164,0.099178,0.160707,0.161973,0.018357,0.123676,0.065425,0.096496
0.056771,0.105554,0.113762,0.091419,0.083245,0.234128,0.093810,0.062540,0.068277,0.090495
0.060984,0.074501,0.265592,0.091838,0.082142,0.093870,0.073768,0.094241,0.061246,0.101819
0.128841,0.028212,0.069049,0.139182,0.137148,0.149068,0.024951,0.182809,0.056938,0.083802
0.012818,0.007140,0.455282,0.014998,0.014916,0.408292,0.025824,0.023436,0.016187,0.021107
0.024748,0.073458,0.119139,0.054277,0.057026,0.249918,0.020542,0.037764,0.300722,0.062407
0.008630,0.004473,0.126086,0.021297,0.337684,0.388940,0.047774,0.022334,0.014351,0.028431
0.059461,0.077940,0.203133,0.077823,0.106653,0.092304,0.105337,0.106750,0.080114,0.090485
0.002935,0.004774,0.451465,0.003327,0.280761,0.231787,0.005314,0.004151,0.004264,0.011222
0.099369,0.101306,0.091544,0.106914,0.096991,0.094369,0.094057,0.114452,0.114264,0.086734
0.049470,0.060518,0.152762,0.061378,0.054137,0.068385,0.068860,0.361922,0.067013,0.055555
0.070308,0.093242,0.065426,0.075180,0.126739,0.240974,0.060023,0.120589,0.068905,0.078614
0.004213,0.003824,0.245494,0.003528,0.109732,0.619416,0.003584,0.002932,0.003394,0.003883
0.048798,0.049104,0.305969,0.036005,0.052676,0.048886,0.049233,0.037622,0.312649,0.059058
0.065918,0.075138,0.342347,0.076343,0.073418,0.077887,0.073990,0.064337,0.066779,0.083842
0.017837,0.044278,0.373301,0.037365,0.358162,0.055219,0.008731,0.049888,0.023035,0.032184
0.054589,0.074619,0.067167,0.131795,0.094250,0.117928,0.099746,0.111716,0.116227,0.131963
0.051756,0.073735,0.209135,0.111034,0.099380,0.089611,0.096262,0.108994,0.063124,0.096967
0.044508,0.036089,0.196717,0.153934,0.110580,0.117062,0.027353,0.093390,0.100871,0.119496
0.017944,0.004781,0.172195,0.013752,0.039478,0.629137,0.015678,0.069981,0.021709,0.015347
0.062787,0.086563,0.200510,0.118247,0.091100,0.103879,0.072877,0.093191,0.101684,0.069162
0.014686,0.002734,0.352376,0.021234,0.172969,0.301382,0.044975,0.033710,0.024161,0.031773
0.021805,0.044063,0.319641,0.026142,0.274252,0.029400,0.039109,0.023820,0.199879,0.021888
0.066342,0.082384,0.255403,0.092514,0.084541,0.101568,0.082053,0.087878,0.075787,0.071530
0.042897,0.105306,0.102544,0.111343,0.071012,0.175747,0.072676,0.129589,0.114860,0.074025
0.064552,0.078361,0.261479,0.098812,0.055639,0.089672,0.089138,0.083459,0.080055,0.098833
0.064794,0.079127,0.087558,0.081962,0.171967,0.119875,0.092762,0.122963,0.083643,0.095350
0.058584,0.054226,0.082801,0.147488,0.101408,0.129587,0.134473,0.124425,0.076238,0.090770
0.071905,0.094017,0.184992,0.077151,0.090144,0.098645,0.092662,0.110115,0.082825,0.097544
0.042637,0.028582,0.063758,0.128619,0.190154,0.103806,0.022615,0.159844,0.117269,0.142716
0.017949,0.027448,0.302297,0.024699,0.134733,0.025706,0.035091,0.071373,0.330320,0.030385
0.094685,0.087363,0.061100,0.077398,0.121560,0.104384,0.088950,0.236320,0.069908,0.058331
0.055106,0.067211,0.163102,0.080483,0.062395,0.090868,0.075649,0.275649,0.053320,0.076217
0.077828,0.105109,0.077202,0.093925,0.101900,0.098930,0.110553,0.119490,0.090142,0.124922
0.058519,0.077037,0.068269,0.101906,0.125096,0.122223,0.124645,0.120410,0.071140,0.130754
0.068250,0.101938,0.201670,0.080239,0.098253,0.134326,0.053959,0.129092,0.060964,0.071310
0.129755,0.022375,0.079923,0.076266,0.123149,0.223844,0.018991,0.107205,0.093482,0.125010
0.073679,0.100061,0.077965,0.103875,0.112942,0.109316,0.100295,0.125614,0.112305,0.083948
0.044275,0.088317,0.134850,0.080275,0.083058,0.091313,0.053322,0.085405,0.231106,0.108079
0.063495,0.105058,0.137570,0.083576,0.092361,0.103061,0.110598,0.077388,0.103927,0.122966
0.051391,0.025311,0.330506,0.025897,0.243703,0.026532,0.034049,0.024787,0.210838,0.026987
0.055713,0.117766,0.088559,0.124653,0.095763,0.117548,0.100036,0.135692,0.085898,0.078371
0.040561,0.047919,0.417737,0.059277,0.083663,0.071738,0.079226,0.089575,0.059667,0.050637
0.011684,0.024298,0.264339,0.014824,0.267022,0.333184,0.022010,0.013082,0.026490,0.023066
0.114830,0.022934,0.085755,0.088041,0.132961,0.158923,0.023448,0.148914,0.077027,0.147168
0.064102,0.046203,0.174421,0.084494,0.148828,0.097531,0.108444,0.118607,0.087449,0.069922
0.054886,0.089720,0.065855,0.080709,0.092942,0.083838,0.092566,0.239423,0.107339,0.092723
0.050732,0.063284,0.199520,0.075190,0.062983,0.088043,0.075358,0.283471,0.055154,0.046264
0.063516,0.077199,0.208526,0.087081,0.087911,0.113805,0.107656,0.108042,0.072896,0.073368
0.050269,0.110177,0.077490,0.111376,0.115655,0.128103,0.103111,0.115569,0.120316,0.067933
0.076992,0.095619,0.096143,0.092604,0.110426,0.135637,0.103700,0.081051,0.115637,0.092191
0.061215,0.025062,0.097523,0.161061,0.145479,0.156844,0.024973,0.090403,0.131618,0.105821
0.128229,0.071127,0.062818,0.093742,0.150191,0.087683,0.120701,0.138803,0.071824,0.074881
0.063098,0.083767,0.270556,0.081081,0.065369,0.087200,0.092676,0.095331,0.091186,0.069735
0.043930,0.038309,0.203399,0.063361,0.066713,0.089821,0.069533,0.050892,0.298770,0.075272
0.014561,0.003455,0.157749,0.009303,0.052661,0.573029,0.013370,0.014679,0.150551,0.010642
0.101725,0.093885,0.074169,0.120683,0.102494,0.107953,0.098143,0.132059,0.065666,0.103224
0.007568,0.003361,0.102484,0.019694,0.348083,0.298224,0.068102,0.032708,0.090969,0.028807
0.026145,0.022063,0.361017,0.113662,0.114299,0.123998,0.021112,0.059533,0.091663,0.066510
0.043307,0.062370,0.177323,0.074120,0.059994,0.069528,0.070794,0.051878,0.343721,0.046964
0.071426,0.009346,0.289873,0.048187,0.279034,0.073687,0.067044,0.066167,0.045011,0.050223
0.004755,0.007142,0.256238,0.007031,0.052998,0.649724,0.006234,0.003873,0.005352,0.006654
0.048783,0.087876,0.212897,0.106104,0.082099,0.101766,0.092398,0.108753,0.096378,0.062947
0.067852,0.069405,0.345545,0.062774,0.065887,0.079750,0.077362,0.068595,0.068273,0.094556
0.032394,0.051474,0.205509,0.046424,0.427440,0.088633,0.008553,0.028706,0.039172,0.071696
0.006038,0.008050,0.409149,0.008157,0.009656,0.409267,0.010523,0.008880,0.118777,0.011504
0.070003,0.095313,0.249001,0.093491,0.092043,0.085561,0.086403,0.057165,0.076548,0.094473
0.052052,0.062077,0.045598,0.059167,0.100594,0.322527,0.071724,0.056897,0.153957,0.075407
0.061879,0.067796,0.053757,0.080987,0.069854,0.386708,0.075816,0.062186,0.074086,0.066932
0.051069,0.069427,0.061644,0.066337,0.073575,0.320373,0.073078,0.133360,0.067001,0.084137
0.065996,0.044132,0.050689,0.086822,0.087224,0.319778,0.086132,0.105647,0.082589,0.070991
0.073402,0.104962,0.078457,0.093236,0.103121,0.136271,0.109976,0.118901,0.089026,0.092648
0.099541,0.090828,0.066262,0.085301,0.099231,0.104186,0.101431,0.102015,0.158355,0.092850
0.061061,0.089026,0.175943,0.102950,0.100061,0.116502,0.096737,0.092864,0.091974,0.072881
0.076679,0.096516,0.059556,0.093996,0.093600,0.111753,0.093120,0.110322,0.164800,0.099659
0.089867,0.089763,0.079280,0.120252,0.103630,0.121737,0.084076,0.125838,0.068005,0.117551
0.063628,0.089383,0.060792,0.076626,0.096240,0.322401,0.054251,0.091077,0.070586,0.075015
0.024836,0.006055,0.129030,0.039102,0.178069,0.393707,0.097450,0.037160,0.045729,0.048863
0.018594,0.039180,0.287054,0.020767,0.183150,0.350873,0.034145,0.017474,0.032564,0.016200
0.119449,0.105637,0.084195,0.086397,0.114368,0.118107,0.046519,0.130574,0.094178,0.100575
0.006688,0.008462,0.526967,0.007108,0.005098,0.408958,0.010136,0.003341,0.014380,0.008860
0.039488,0.074942,0.181192,0.069923,0.384118,0.080208,0.020863,0.059080,0.046984,0.043203
0.041176,0.010434,0.207539,0.050107,0.381727,0.046486,0.075520,0.075867,0.070023,0.041121
0.065465,0.117779,0.066673,0.134542,0.115120,0.087422,0.069275,0.144162,0.125763,0.073801
0.025739,0.021910,0.141951,0.021294,0.021614,0.706225,0.007954,0.016684,0.017731,0.018898
0.062057,0.058090,0.061797,0.088294,0.091398,0.304860,0.090779,0.086345,0.059003,0.097377
0.028751,0.010989,0.226026,0.011064,0.011384,0.618240,0.013470,0.057497,0.011336,0.011242
0.003764,0.011893,0.196806,0.010624,0.401473,0.250747,0.018505,0.010159,0.084421,0.011608
0.111113,0.019218,0.241956,0.110674,0.111749,0.066636,0.022801,0.134786,0.095366,0.085701
0.067186,0.014694,0.087486,0.123550,0.165507,0.114127,0.017636,0.152425,0.147807,0.109582
0.063224,0.092178,0.070403,0.120355,0.167434,0.106763,0.082183,0.121513,0.106689,0.069259
0.011825,0.010717,0.112315,0.008355,0.010477,0.804242,0.011864,0.008399,0.011083,0.010723
0.078708,0.016657,0.191810,0.079511,0.072898,0.121392,0.018158,0.133422,0.134727,0.152717
0.043913,0.062372,0.048091,0.058713,0.091356,0.317326,0.066726,0.067322,0.183817,0.060363
0.057009,0.111622,0.177482,0.111854,0.148891,0.083591,0.041873,0.081145,0.075716,0.110817
0.057865,0.072079,0.312066,0.089905,0.070500,0.061610,0.040077,0.156746,0.064545,0.074607
0.054304,0.091466,0.166170,0.069050,0.152270,0.091812,0.085767,0.105792,0.073169,0.110202
0.057018,0.062117,0.202239,0.071662,0.067856,0.069392,0.071857,0.071359,0.248165,0.078336
0.010651,0.015254,0.135611,0.014897,0.012659,0.696961,0.005770,0.084587,0.010029,0.013582
0.039770,0.096124,0.103093,0.108436,0.121276,0.200936,0.035320,0.119136,0.082708,0.093202
0.053016,0.070481,0.060197,0.079565,0.071122,0.365098,0.078537,0.078766,0.066871,0.076349
0.060626,0.095105,0.069227,0.125390,0.163442,0.085477,0.095826,0.112036,0.062214,0.130658
0.091692,0.084527,0.058933,0.101695,0.126687,0.099000,0.084838,0.220066,0.065964,0.066598
0.061321,0.079947,0.256181,0.083352,0.068213,0.075446,0.082702,0.095200,0.085342,0.112297
0.070038,0.111922,0.066695,0.134938,0.136356,0.097321,0.082296,0.136166,0.074889,0.089381
0.049741,0.026398,0.231094,0.106554,0.136529,0.123100,0.020248,0.163609,0.064366,0.078362
0.018045,0.006865,0.201056,0.031593,0.571761,0.040522,0.049983,0.027038,0.026420,0.026718
0.040929,0.062144,0.348503,0.047002,0.045353,0.050963,0.050902,0.027904,0.268149,0.058150
0.007872,0.003972,0.146392,0.004178,0.064210,0.636849,0.004205,0.004481,0.118745,0.009096
0.075724,0.105180,0.079262,0.100516,0.111182,0.098055,0.097065,0.143048,0.079620,0.110347
0.016579,0.014600,0.147632,0.017685,0.016037,0.732235,0.006379,0.011911,0.021759,0.015183
0.074725,0.099394,0.076080,0.106317,0.091899,0.126577,0.089944,0.111475,0.110882,0.112707
0.061836,0.120062,0.062712,0.133717,0.123568,0.092256,0.052512,0.150359,0.074109,0.128870
0.057632,0.072476,0.057241,0.072795,0.074342,0.343739,0.081268,0.089519,0.075872,0.075117
0.061343,0.089741,0.066729,0.090381,0.093208,0.102307,0.093492,0.227482,0.083177,0.092140
0.097596,0.088888,0.071350,0.133856,0.141189,0.126904,0.068337,0.078645,0.071201,0.122034
0.025680,0.053216,0.269356,0.046116,0.376177,0.075862,0.008796,0.056977,0.035391,0.052428
0.059770,0.020647,0.206185,0.109983,0.111953,0.126851,0.015557,0.075932,0.195947,0.077175
0.054714,0.027750,0.227774,0.138199,0.109361,0.109713,0.019005,0.098971,0.062304,0.152210
0.064713,0.082142,0.086204,0.101208,0.170542,0.112567,0.096297,0.125602,0.079732,0.080992
0.062560,0.076099,0.054538,0.073562,0.073306,0.350877,0.074644,0.076303,0.070153,0.087958
0.053693,0.098657,0.173080,0.095057,0.099955,0.092293,0.049676,0.084947,0.187295,0.065346
0.037795,0.116425,0.139280,0.157410,0.075662,0.160907,0.052195,0.042442,0.120441,0.097443
0.013454,0.021964,0.185454,0.017729,0.635693,0.034317,0.029307,0.029265,0.018293,0.014524
0.063514,0.098280,0.259953,0.090176,0.081470,0.081634,0.087304,0.068696,0.094081,0.074892
0.019939,0.042347,0.454051,0.033596,0.218774,0.035039,0.031798,0.108182,0.021745,0.034528
0.052268,0.059132,0.148658,0.091481,0.122847,0.105288,0.090751,0.061819,0.201963,0.065793
0.057014,0.018036,0.294455,0.114174,0.107502,0.132728,0.018208,0.079264,0.059361,0.119258
0.077664,0.085567,0.284164,0.068124,0.102287,0.096987,0.048088,0.084817,0.068177,0.084124
0.058818,0.065191,0.255293,0.052134,0.055142,0.063821,0.071392,0.068512,0.242638,0.067059
0.022358,0.006720,0.194333,0.064084,0.138742,0.344836,0.007733,0.075639,0.072341,0.073212
0.097605,0.085808,0.060488,0.075077,0.086188,0.088242,0.089023,0.271417,0.076345,0.069807
0.034340,0.011281,0.213736,0.032947,0.043011,0.530557,0.012022,0.040279,0.024800,0.057025
0.113529,0.108579,0.066673,0.091420,0.101131,0.129292,0.084133,0.128017,0.068542,0.108684
0.041239,0.054807,0.416007,0.056387,0.043439,0.054830,0.059626,0.171671,0.057725,0.044268
0.075449,0.088951,0.077251,0.089684,0.108345,0.129316,0.105213,0.127877,0.083655,0.114259
0.028287,0.091063,0.095568,0.082298,0.118465,0.233470,0.097147,0.074494,0.080952,0.098256
0.016272,0.033188,0.049321,0.024673,0.596346,0.158438,0.039039,0.023759,0.019137,0.039825
0.063151,0.089422,0.065208,0.126442,0.146688,0.201511,0.052844,0.098010,0.076079,0.080646
0.063580,0.081251,0.068710,0.084842,0.082767,0.095146,0.083753,0.276059,0.076636,0.087256
0.100867,0.106697,0.066916,0.140424,0.123045,0.142905,0.042235,0.117584,0.071281,0.088046
0.063835,0.121082,0.067752,0.097546,0.134710,0.110380,0.032695,0.148036,0.093903,0.130061
0.061939,0.127750,0.163431,0.094399,0.077747,0.136168,0.071160,0.088409,0.081710,0.097287
0.040805,0.027514,0.206223,0.094424,0.121897,0.155910,0.025380,0.166915,0.068126,0.092806
0.073888,0.109418,0.223261,0.070372,0.074769,0.098236,0.095159,0.075375,0.082590,0.096933
0.016677,0.025566,0.293526,0.024056,0.511165,0.029445,0.031746,0.012016,0.026861,0.028943
0.054701,0.067016,0.192942,0.057131,0.052724,0.099284,0.079223,0.039813,0.279453,0.077713
0.052902,0.104614,0.060361,0.082815,0.108321,0.286040,0.042334,0.113448,0.067171,0.081994
0.048071,0.063429,0.053757,0.060105,0.088933,0.346071,0.067934,0.152713,0.061058,0.057930
0.006631,0.014298,0.308371,0.008204,0.514103,0.009573,0.012676,0.009116,0.108013,0.009015
0.066221,0.110163,0.062408,0.099859,0.121594,0.122554,0.040179,0.127068,0.138596,0.111358
0.010599,0.014116,0.395486,0.017101,0.015700,0.491074,0.016372,0.012772,0.014664,0.012115
0.078279,0.100013,0.078832,0.112962,0.113452,0.118222,0.112378,0.099154,0.089759,0.096949
0.083095,0.082859,0.066268,0.116136,0.163978,0.108080,0.080381,0.116348,0.096210,0.086644
0.063508,0.086571,0.065364,0.066089,0.090078,0.106282,0.086301,0.272721,0.072623,0.090464
0.023175,0.003967,0.303975,0.020862,0.123575,0.369591,0.044154,0.031218,0.023757,0.055726
0.007631,0.010733,0.265077,0.012150,0.566279,0.013607,0.011484,0.007664,0.094088,0.011287
0.074383,0.083853,0.177904,0.071803,0.058529,0.068432,0.072668,0.075162,0.228909,0.088357
0.031348,0.026531,0.428178,0.056607,0.106579,0.097610,0.016056,0.086945,0.051809,0.098337
0.020538,0.032717,0.235689,0.026329,0.483695,0.033402,0.046022,0.030833,0.030318,0.060458
0.047994,0.038965,0.053128,0.072681,0.132622,0.314881,0.093031,0.091278,0.083156,0.072264
0.070124,0.047078,0.402695,0.050657,0.058610,0.053208,0.062513,0.124329,0.071016,0.059769
0.042169,0.072369,0.356122,0.054583,0.073946,0.081852,0.081149,0.079190,0.081091,0.077528
0.063193,0.072464,0.063630,0.092498,0.163753,0.122489,0.119745,0.141953,0.077532,0.082744
0.064626,0.053813,0.218428,0.064236,0.058545,0.214777,0.066476,0.021394,0.179975,0.057730
0.050136,0.067401,0.103255,0.057500,0.068736,0.250077,0.085904,0.029051,0.198208,0.089732
0.053821,0.083630,0.245194,0.091297,0.062700,0.113753,0.094371,0.088623,0.084845,0.081766
0.067072,0.103386,0.076339,0.127371,0.100512,0.115262,0.104632,0.115776,0.075592,0.114059
0.025687,0.005048,0.012108,0.024211,0.026055,0.032457,0.032046,0.096559,0.724424,0.021403
0.059120,0.117593,0.066552,0.089034,0.128351,0.100476,0.081975,0.176695,0.095119,0.085085
0.084152,0.095717,0.241552,0.074409,0.074515,0.091014,0.107185,0.090550,0.077781,0.063125
0.070031,0.092081,0.195155,0.092874,0.099826,0.085919,0.094653,0.077787,0.089670,0.102004
0.054089,0.070235,0.206657,0.081549,0.136570,0.104942,0.105127,0.112648,0.057745,0.070438
0.046278,0.057507,0.260097,0.053219,0.374136,0.058664,0.009591,0.046022,0.051958,0.042527
0.042231,0.017200,0.169954,0.112356,0.108676,0.228531,0.018936,0.116915,0.089270,0.095931
0.074652,0.082776,0.106857,0.111289,0.097493,0.203109,0.087026,0.079197,0.090323,0.067278
0.064613,0.097395,0.071299,0.093306,0.165776,0.111074,0.095929,0.123801,0.074978,0.101830
0.014371,0.019416,0.243866,0.018137,0.148710,0.026307,0.022371,0.065706,0.420639,0.020478
0.052550,0.102709,0.108507,0.068448,0.094566,0.199733,0.088166,0.108720,0.074051,0.102550
0.066559,0.116314,0.101423,0.103751,0.089048,0.201918,0.106749,0.075425,0.072626,0.066189
0.056756,0.061467,0.089507,0.092660,0.154614,0.131678,0.123592,0.144745,0.074061,0.070919
0.105333,0.093974,0.088071,0.097068,0.140625,0.108090,0.056561,0.117005,0.103863,0.089410
0.052167,0.092352,0.156713,0.088808,0.154925,0.105754,0.057119,0.069448,0.106855,0.115859
0.014752,0.034294,0.487757,0.019877,0.324068,0.023582,0.003144,0.022187,0.033885,0.036454
0.061491,0.102302,0.215555,0.092728,0.076584,0.086400,0.092306,0.097552,0.080693,0.094389
0.070104,0.074054,0.350112,0.060920,0.060055,0.098228,0.078748,0.063029,0.065865,0.078883
0.089411,0.064221,0.279146,0.083277,0.123863,0.072418,0.075628,0.086466,0.071092,0.054478
0.053935,0.109073,0.065068,0.110933,0.108445,0.113810,0.069556,0.117062,0.120989,0.131129
0.057032,0.102317,0.064323,0.131312,0.134281,0.122073,0.032829,0.133860,0.096115,0.125858
0.008673,0.011968,0.197110,0.009148,0.028345,0.559583,0.004322,0.009547,0.155842,0.015461
0.072777,0.100188,0.094398,0.131023,0.101348,0.131457,0.106217,0.102327,0.074056,0.086209
0.044648,0.093245,0.187474,0.124753,0.095974,0.105265,0.073374,0.121710,0.081376,0.072180
0.074055,0.100762,0.092636,0.127098,0.105814,0.093176,0.106325,0.131310,0.084305,0.084518
0.059232,0.090447,0.080794,0.076384,0.134148,0.086516,0.094264,0.183281,0.070276,0.124657
0.044469,0.069267,0.209030,0.120225,0.087079,0.114270,0.076633,0.121348,0.070971,0.086709
0.034120,0.037036,0.170840,0.031059,0.164142,0.395128,0.050080,0.057419,0.031402,0.028774
0.040832,0.052303,0.221009,0.074197,0.064805,0.069685,0.071672,0.075687,0.257134,0.072676
0.113430,0.090794,0.074085,0.102461,0.167730,0.106807,0.090112,0.090109,0.080458,0.084015
0.053121,0.114699,0.195821,0.108372,0.095216,0.126333,0.060202,0.097057,0.073420,0.075758
0.049608,0.032179,0.215027,0.105395,0.128980,0.137195,0.030696,0.131673,0.049526,0.119720
0.059435,0.093812,0.074024,0.118242,0.169188,0.086692,0.099058,0.099530,0.070542,0.129479
0.050539,0.063689,0.040819,0.066659,0.075801,0.382642,0.031697,0.059618,0.149633,0.078902
0.028881,0.072746,0.256353,0.050107,0.060852,0.269456,0.076143,0.066057,0.051242,0.068162
0.012862,0.027969,0.189111,0.024674,0.219333,0.437525,0.039810,0.014521,0.017100,0.017096
0.063221,0.070142,0.145140,0.065011,0.072986,0.093150,0.082898,0.065367,0.278048,0.064036
0.051153,0.095673,0.060960,0.099947,0.098109,0.240399,0.079464,0.097382,0.105499,0.071413
0.038946,0.097662,0.236482,0.072292,0.087629,0.113388,0.052763,0.101713,0.101789,0.097336
0.090715,0.092738,0.080375,0.110756,0.146588,0.111257,0.091236,0.114285,0.077981,0.084069
0.066409,0.063449,0.089213,0.117674,0.139733,0.134621,0.119633,0.120598,0.068003,0.080666
0.014911,0.008436,0.136076,0.022609,0.014169,0.712253,0.024958,0.021907,0.019145,0.025535
0.052322,0.041224,0.198817,0.060075,0.136972,0.088823,0.078430,0.188539,0.081988,0.072810
0.083624,0.110933,0.186805,0.084913,0.086103,0.093020,0.086384,0.072163,0.083055,0.113001
0.051894,0.007737,0.417382,0.046291,0.155490,0.060457,0.085590,0.066574,0.042698,0.065887
0.032548,0.013545,0.371156,0.049874,0.222631,0.069201,0.064455,0.088392,0.033081,0.055116
0.057270,0.073019,0.062029,0.074071,0.076473,0.332856,0.083498,0.084785,0.085036,0.070963
0.108278,0.021074,0.207424,0.102602,0.167455,0.097749,0.015979,0.104733,0.113134,0.061573
0.059181,0.023537,0.055389,0.159067,0.157476,0.179370,0.016264,0.173201,0.090461,0.086053
0.030337,0.005861,0.325120,0.037482,0.184826,0.093186,0.058741,0.066067,0.072076,0.126304
0.053370,0.061152,0.068613,0.142782,0.148021,0.114477,0.122811,0.145912,0.055340,0.087521
0.045546,0.050182,0.413540,0.073365,0.061742,0.085974,0.069848,0.063101,0.058792,0.077910
0.090907,0.019726,0.080709,0.127689,0.125767,0.229652,0.022617,0.131101,0.099836,0.071996
0.054394,0.114292,0.077821,0.128537,0.099086,0.124948,0.099762,0.135291,0.060824,0.105045
0.013625,0.046605,0.258329,0.019367,0.502511,0.020146,0.045589,0.034559,0.022175,0.037092
0.011973,0.008514,0.114269,0.008078,0.022717,0.669634,0.007716,0.003130,0.147008,0.006960
0.066151,0.093297,0.085060,0.098410,0.165608,0.123894,0.100107,0.091349,0.074791,0.101333
0.025803,0.012062,0.239765,0.044758,0.339726,0.072240,0.060274,0.058366,0.084378,0.062628
0.041863,0.058510,0.037873,0.067598,0.088517,0.440946,0.059145,0.107515,0.045533,0.052499
0.009122,0.013235,0.504286,0.014855,0.013346,0.392326,0.014772,0.012926,0.011758,0.013374
0.054132,0.021852,0.204417,0.100156,0.093760,0.161660,0.016303,0.152957,0.052852,0.141911
0.042963,0.046016,0.256203,0.051165,0.047325,0.050437,0.052746,0.044851,0.352618,0.055676
0.056591,0.105888,0.066993,0.121994,0.136178,0.137925,0.067007,0.146950,0.069229,0.091245
0.002915,0.003434,0.498472,0.002453,0.265444,0.209763,0.004496,0.005689,0.003895,0.003439
0.047554,0.077348,0.206382,0.064428,0.062431,0.204361,0.084903,0.082811,0.065185,0.104596
0.064420,0.086435,0.070574,0.116855,0.161810,0.116447,0.096539,0.117081,0.072881,0.096959
0.055684,0.094091,0.069674,0.112345,0.148209,0.130122,0.107838,0.137470,0.060887,0.083681
0.085715,0.078532,0.060854,0.091926,0.094458,0.256306,0.061503,0.099562,0.068373,0.102770
0.032057,0.056019,0.271278,0.048674,0.105045,0.045824,0.053877,0.268438,0.056354,0.062435
0.073318,0.089293,0.225481,0.072175,0.077691,0.094963,0.106407,0.074044,0.080069,0.106559
0.072916,0.101417,0.080928,0.132946,0.109927,0.095451,0.106431,0.118195,0.092842,0.088947
0.058633,0.094143,0.203359,0.075738,0.083587,0.097064,0.053228,0.204709,0.066601,0.062938
0.048076,0.054848,0.191293,0.051130,0.135499,0.059313,0.066629,0.272218,0.058197,0.062796
0.089184,0.092971,0.069350,0.081284,0.160110,0.118759,0.096609,0.111604,0.080272,0.099857
0.015052,0.014329,0.414630,0.019003,0.458715,0.015588,0.017812,0.013672,0.012219,0.018982
0.045076,0.008319,0.209804,0.031253,0.028005,0.567766,0.010252,0.029516,0.029422,0.040586
0.080705,0.076738,0.074083,0.122061,0.172160,0.103361,0.093477,0.118712,0.064192,0.094511
0.042408,0.054305,0.241659,0.070535,0.206747,0.086696,0.070802,0.082902,0.069911,0.074034
0.084333,0.075541,0.321688,0.060932,0.057555,0.082209,0.081065,0.092334,0.072739,0.071604
0.077867,0.079536,0.250105,0.079023,0.077163,0.083070,0.087137,0.099153,0.096804,0.070142
0.064740,0.066778,0.053266,0.088425,0.080836,0.362564,0.077582,0.076536,0.057668,0.071605
0.055365,0.105409,0.083983,0.099965,0.131534,0.137943,0.054885,0.148772,0.067577,0.114567
0.105861,0.072486,0.240061,0.068202,0.065992,0.081633,0.088294,0.090509,0.088204,0.098758
0.013473,0.008118,0.168127,0.005264,0.044346,0.623374,0.005837,0.006154,0.119598,0.005710
0.118936,0.095206,0.075002,0.086310,0.100012,0.092068,0.101087,0.126978,0.092249,0.112152
0.053507,0.090551,0.063702,0.101485,0.113197,0.273693,0.049381,0.098682,0.083866,0.071937
0.078663,0.090576,0.078790,0.108985,0.098913,0.096590,0.103618,0.131109,0.095398,0.117359
0.064559,0.096576,0.074480,0.124353,0.097198,0.126681,0.101572,0.129344,0.075979,0.109259
0.014346,0.020268,0.332118,0.018934,0.413303,0.029766,0.028531,0.025279,0.095993,0.021462
0.078343,0.063565,0.070498,0.134548,0.084060,0.132003,0.112703,0.089454,0.132477,0.102349
0.059321,0.083811,0.062613,0.077589,0.075037,0.330567,0.086823,0.069163,0.069386,0.085691
0.048020,0.076589,0.143316,0.085152,0.113809,0.083699,0.078687,0.076200,0.195377,0.099151
0.053202,0.073979,0.186621,0.103400,0.099221,0.103371,0.103604,0.101781,0.075615,0.099206
0.051285,0.092369,0.174481,0.123518,0.093585,0.102963,0.089448,0.099311,0.100916,0.072123
0.085754,0.088193,0.231006,0.066974,0.071115,0.112193,0.093060,0.069424,0.084779,0.097503
0.018899,0.040579,0.258753,0.039629,0.511473,0.024656,0.033302,0.031377,0.019275,0.022057
0.047901,0.021056,0.180662,0.128428,0.104966,0.210137,0.025848,0.036436,0.061934,0.182632
0.039567,0.038366,0.237558,0.044520,0.388120,0.046365,0.040457,0.095946,0.030291,0.038811
0.069774,0.100847,0.073545,0.105636,0.168315,0.107823,0.091553,0.120110,0.082057,0.080339
0.047762,0.090894,0.169559,0.118981,0.152902,0.107095,0.049758,0.108775,0.083370,0.070905
0.005907,0.008139,0.330015,0.006885,0.601455,0.010734,0.012254,0.006830,0.005910,0.011870
0.068957,0.085077,0.265757,0.088674,0.064241,0.102351,0.086524,0.056537,0.092112,0.089770
0.068098,0.096279,0.072302,0.075552,0.169706,0.122670,0.094651,0.119360,0.073721,0.107661
0.065189,0.081688,0.062087,0.087675,0.078232,0.306096,0.077661,0.068056,0.068544,0.104772
0.078126,0.097549,0.077280,0.112582,0.111041,0.114966,0.110386,0.096561,0.105312,0.096197
0.094998,0.072641,0.060841,0.111711,0.089747,0.096989,0.087443,0.234080,0.075483,0.076068
0.020574,0.019804,0.139305,0.020192,0.016412,0.642803,0.010043,0.091085,0.018359,0.021422
0.097900,0.090045,0.059160,0.076276,0.088956,0.232551,0.090865,0.105832,0.060667,0.097747
0.054485,0.085831,0.215878,0.111935,0.080822,0.094963,0.085844,0.061535,0.085869,0.122839
0.058107,0.076254,0.067212,0.140009,0.121466,0.133933,0.114720,0.109038,0.057938,0.121324
0.019707,0.008267,0.360236,0.050405,0.324264,0.040581,0.006200,0.078457,0.029131,0.082754
0.061568,0.080398,0.218338,0.096576,0.088739,0.110151,0.071255,0.093166,0.076264,0.103546
0.051802,0.048183,0.314338,0.057315,0.048726,0.064852,0.050615,0.043326,0.266351,0.054494
0.107910,0.108385,0.080772,0.100694,0.110525,0.099581,0.100503,0.095731,0.110321,0.085579
0.085848,0.076392,0.295419,0.077869,0.073832,0.094137,0.087827,0.045639,0.070321,0.092718
0.005210,0.005382,0.260115,0.004892,0.053860,0.651705,0.006043,0.003869,0.004740,0.004185
0.095047,0.076945,0.217536,0.068728,0.142186,0.089058,0.056442,0.098001,0.064448,0.091607
0.021505,0.034506,0.345525,0.030360,0.363896,0.037445,0.043191,0.034457,0.042393,0.046721
0.014389,0.041952,0.260213,0.017508,0.531723,0.018630,0.026206,0.029132,0.037950,0.022296
0.080004,0.100458,0.289363,0.073293,0.068147,0.093160,0.091763,0.040795,0.077336,0.085681
0.050554,0.089913,0.060244,0.108018,0.089398,0.105766,0.094532,0.230766,0.075237,0.095571
0.005646,0.002868,0.200166,0.007488,0.004383,0.605080,0.007640,0.004811,0.151569,0.010349
0.069822,0.119740,0.093706,0.119779,0.126519,0.115307,0.064769,0.113036,0.085799,0.091523
0.046267,0.089970,0.098344,0.106825,0.071208,0.232880,0.117358,0.092115,0.076892,0.068142
0.112172,0.015885,0.203495,0.096191,0.082159,0.065217,0.015738,0.072566,0.256850,0.079727
0.048584,0.069071,0.391147,0.067949,0.065395,0.085365,0.074614,0.067025,0.058335,0.072514
0.066505,0.110959,0.067247,0.131599,0.117731,0.125251,0.066669,0.134396,0.062216,0.117425
0.016242,0.007557,0.234552,0.050940,0.503256,0.028997,0.046571,0.049038,0.022415,0.040431
0.052435,0.045455,0.263358,0.061346,0.071338,0.068364,0.073740,0.079605,0.219561,0.064798
0.091150,0.095571,0.117766,0.100047,0.059369,0.249295,0.081802,0.074098,0.068280,0.062622
0.061430,0.107147,0.079014,0.099768,0.117272,0.115678,0.089035,0.133529,0.080915,0.116214
0.061332,0.053644,0.087912,0.135583,0.139631,0.121974,0.111533,0.137869,0.071864,0.078658
0.074081,0.095218,0.224828,0.088880,0.068743,0.101943,0.082183,0.098591,0.079926,0.085607
0.086302,0.092335,0.083680,0.100063,0.164345,0.109071,0.096517,0.115098,0.073151,0.079437
0.066599,0.072195,0.409274,0.063206,0.061384,0.049858,0.041732,0.112051,0.048110,0.075591
0.081838,0.030826,0.216649,0.089478,0.131078,0.126996,0.020009,0.127198,0.098662,0.077266
0.090191,0.084734,0.175203,0.078259,0.134200,0.083879,0.096998,0.094410,0.070047,0.092079
0.040163,0.093095,0.086646,0.073919,0.101933,0.186941,0.035478,0.104464,0.179845,0.097517
0.064320,0.061034,0.088305,0.094735,0.167806,0.108767,0.108787,0.107180,0.076123,0.122942
0.002895,0.005393,0.084118,0.003142,0.002515,0.494597,0.004344,0.058067,0.340737,0.004192
0.095561,0.113018,0.065577,0.102984,0.107524,0.095573,0.116540,0.142403,0.083561,0.077261
0.054785,0.040690,0.179902,0.046120,0.048836,0.062523,0.049072,0.053759,0.408802,0.055510
0.051495,0.060464,0.248395,0.075688,0.186318,0.067706,0.069098,0.089427,0.072736,0.078673
0.061349,0.082377,0.073488,0.122171,0.168803,0.087474,0.099418,0.132974,0.068443,0.103505
0.006728,0.008179,0.289385,0.006991,0.560283,0.009214,0.009900,0.008002,0.091637,0.009680
0.046276,0.056433,0.169477,0.050310,0.050238,0.054717,0.026747,0.047315,0.432965,0.065523
0.014160,0.011128,0.167585,0.012621,0.010422,0.710602,0.018838,0.015161,0.022225,0.017258
0.059773,0.069102,0.049218,0.076332,0.059747,0.388489,0.074798,0.061578,0.074318,0.086646
0.063346,0.072182,0.215520,0.062901,0.081886,0.215868,0.084082,0.034131,0.062597,0.107486
0.055205,0.081562,0.332691,0.105204,0.069588,0.117927,0.042149,0.059197,0.072696,0.063778
0.009521,0.002946,0.119096,0.040744,0.302812,0.414184,0.001803,0.028122,0.067921,0.012850
0.061756,0.073296,0.058459,0.072241,0.078633,0.301186,0.084998,0.139753,0.068903,0.060774
0.031137,0.026751,0.452297,0.044380,0.055889,0.041284,0.066807,0.159436,0.050412,0.071608
0.019612,0.007540,0.216733,0.011196,0.121600,0.567493,0.017203,0.007206,0.013948,0.017469
0.061048,0.091682,0.235573,0.073739,0.087657,0.083446,0.068265,0.108656,0.084089,0.105846
0.062086,0.084781,0.269927,0.063595,0.082429,0.103702,0.083793,0.072436,0.073686,0.103566
0.074368,0.104926,0.178476,0.113689,0.080405,0.100817,0.098318,0.079246,0.096730,0.073026
0.074396,0.094087,0.089529,0.081487,0.105644,0.129589,0.106081,0.124555,0.086005,0.108627
0.016437,0.005831,0.249143,0.014616,0.008074,0.651203,0.014394,0.012929,0.012950,0.014423
0.054449,0.061788,0.185000,0.075270,0.060789,0.083880,0.072098,0.277409,0.059603,0.069714
0.066827,0.106422,0.067046,0.130124,0.106928,0.092481,0.039820,0.150361,0.095088,0.144901
0.042050,0.051688,0.414918,0.045686,0.056995,0.072504,0.058054,0.152467,0.048468,0.057172
0.030024,0.044410,0.329508,0.050947,0.050166,0.051539,0.012736,0.078352,0.302043,0.050275
0.075811,0.091244,0.079586,0.125787,0.115712,0.111690,0.107942,0.125489,0.088098,0.078642
0.009005,0.006345,0.157514,0.003893,0.013020,0.609011,0.000799,0.030319,0.149245,0.020849
0.065302,0.107427,0.095484,0.120263,0.155325,0.128687,0.050062,0.094512,0.081911,0.101027
0.014209,0.024492,0.355736,0.019366,0.020241,0.451713,0.006124,0.062209,0.021596,0.024313
0.071775,0.094734,0.174679,0.113686,0.147696,0.101589,0.036184,0.111622,0.075666,0.072368
0.005380,0.006351,0.352833,0.005033,0.266375,0.282042,0.005266,0.002287,0.071505,0.002929
0.079859,0.024763,0.083016,0.156723,0.156707,0.127628,0.027208,0.169934,0.073873,0.100289
0.029671,0.012746,0.291992,0.089311,0.282481,0.112208,0.012835,0.046696,0.056434,0.065626
0.052384,0.074445,0.379530,0.085168,0.089459,0.062192,0.045895,0.085910,0.068931,0.056086
0.072846,0.079483,0.213666,0.085715,0.089345,0.096975,0.093578,0.098176,0.071218,0.098999
0.044096,0.087410,0.223927,0.094465,0.096550,0.091468,0.071988,0.104208,0.088541,0.097347
0.069269,0.089074,0.069803,0.092625,0.124833,0.128499,0.110404,0.107526,0.086748,0.121219
0.032027,0.023508,0.067161,0.138474,0.167742,0.147378,0.017800,0.159371,0.094980,0.151561
0.039761,0.108772,0.126726,0.094114,0.067500,0.243246,0.099269,0.091808,0.066079,0.062724
0.049111,0.024103,0.094527,0.132146,0.114342,0.105069,0.021075,0.184348,0.170292,0.104987
0.069668,0.099984,0.072685,0.095868,0.103051,0.108775,0.100407,0.128070,0.091965,0.129528
0.052181,0.010406,0.064756,0.129832,0.128988,0.369110,0.010403,0.088247,0.079731,0.066347
0.007747,0.003497,0.145884,0.014953,0.018892,0.013979,0.017428,0.061389,0.704584,0.011648
0.059609,0.104532,0.074224,0.087137,0.127404,0.246551,0.060711,0.081828,0.074675,0.083329
0.011875,0.023890,0.391941,0.016261,0.482907,0.024205,0.003464,0.021375,0.009514,0.014567
0.050862,0.077020,0.404894,0.063905,0.173928,0.055289,0.010165,0.053930,0.051693,0.058314
0.098391,0.069876,0.062962,0.092933,0.111223,0.105792,0.110474,0.133720,0.089996,0.124635
0.106046,0.096678,0.070450,0.125189,0.098471,0.121980,0.097648,0.130959,0.086689,0.065891
0.058531,0.077227,0.250115,0.066459,0.064957,0.114951,0.088572,0.101497,0.088337,0.089355
0.050628,0.066476,0.472661,0.070335,0.041390,0.057525,0.062839,0.063090,0.055046,0.060009
0.080532,0.047751,0.409261,0.053167,0.052416,0.055694,0.072401,0.071578,0.072435,0.084765
0.037045,0.011395,0.294551,0.043309,0.086605,0.046668,0.059069,0.088259,0.276055,0.057043
0.052402,0.081511,0.217120,0.087894,0.076306,0.112576,0.087206,0.109691,0.089598,0.085696
0.081254,0.065408,0.250995,0.077476,0.076793,0.078755,0.075524,0.166814,0.052502,0.074479
0.028811,0.050466,0.094070,0.022957,0.266047,0.388826,0.002297,0.027080,0.090052,0.029393
0.057654,0.105545,0.066225,0.116454,0.164065,0.124784,0.045059,0.137604,0.095378,0.087232
0.064907,0.081796,0.067211,0.108985,0.083732,0.099306,0.093296,0.249029,0.073262,0.078479
0.064819,0.100644,0.237464,0.079755,0.112409,0.113262,0.055436,0.096186,0.076473,0.063553
0.059517,0.079982,0.249038,0.093918,0.096913,0.110712,0.056514,0.072922,0.077528,0.102956
0.015945,0.004418,0.394448,0.016370,0.455922,0.024156,0.019737,0.021550,0.020753,0.026701
0.009079,0.005957,0.050659,0.007562,0.005674,0.007167,0.008074,0.081569,0.819793,0.004466
0.011901,0.016059,0.324876,0.009797,0.010294,0.533031,0.013512,0.051720,0.011712,0.017100
0.052328,0.064163,0.300600,0.088568,0.075540,0.106627,0.088915,0.075071,0.067379,0.080811
0.101348,0.093305,0.079111,0.127222,0.116691,0.114078,0.108327,0.083224,0.086898,0.089794
0.046610,0.056727,0.031889,0.053631,0.060139,0.449000,0.060533,0.119458,0.053993,0.068022
0.064587,0.079165,0.123008,0.081286,0.073449,0.254400,0.084208,0.072436,0.071853,0.095610
0.043967,0.038895,0.162421,0.078499,0.097706,0.182459,0.124052,0.110404,0.072073,0.089525
0.044182,0.071105,0.264370,0.078371,0.201832,0.086311,0.070074,0.075845,0.053476,0.054434
0.048924,0.036475,0.266671,0.084074,0.081927,0.073659,0.069162,0.069985,0.200904,0.068218
0.046358,0.070782,0.055339,0.077445,0.072246,0.298942,0.069279,0.069345,0.168668,0.071596
0.132228,0.027804,0.052112,0.139345,0.178173,0.149798,0.019090,0.133775,0.063234,0.104441
0.116588,0.075136,0.084621,0.134107,0.092916,0.116250,0.112810,0.133597,0.064069,0.069906
0.006771,0.009687,0.073669,0.009240,0.006657,0.788440,0.009387,0.079504,0.009601,0.007045
0.087982,0.062197,0.066776,0.086733,0.146916,0.126537,0.112223,0.131485,0.064747,0.114404
0.055618,0.093668,0.074352,0.094574,0.142768,0.098770,0.090109,0.191515,0.062928,0.095698
0.084962,0.081946,0.169764,0.111252,0.103699,0.081049,0.106158,0.074459,0.096217,0.090493
0.060896,0.092561,0.070691,0.075046,0.166982,0.104439,0.098441,0.128325,0.076308,0.126312
0.049106,0.080265,0.377346,0.056903,0.067407,0.104539,0.045951,0.088398,0.074855,0.055230
0.078402,0.091391,0.196187,0.092441,0.094144,0.091144,0.103038,0.071549,0.094822,0.086881
0.084035,0.101826,0.167109,0.083345,0.115214,0.128489,0.078905,0.058370,0.082218,0.100489
0.032525,0.144743,0.109476,0.107641,0.114665,0.247095,0.052211,0.050802,0.083886,0.056957
0.060695,0.078965,0.227579,0.089439,0.087666,0.080080,0.091034,0.097027,0.089604,0.097911
0.010945,0.001337,0.078891,0.010543,0.347193,0.393072,0.022992,0.013458,0.114373,0.007197
0.053153,0.025820,0.280603,0.124954,0.103170,0.100164,0.028095,0.097294,0.074279,0.112469
0.105314,0.048438,0.050413,0.073238,0.071667,0.282003,0.099836,0.107295,0.057981,0.103815
0.057302,0.048190,0.066429,0.086920,0.148194,0.241490,0.111469,0.080152,0.077573,0.082280
0.057344,0.033377,0.225593,0.072654,0.098513,0.141211,0.021538,0.126995,0.097715,0.125062
0.019700,0.033459,0.189928,0.034755,0.481421,0.030796,0.033787,0.035042,0.112580,0.028532
0.076168,0.093002,0.188636,0.081364,0.086069,0.112629,0.112588,0.082962,0.088051,0.078532
