0.024152,0.076711,0.026140,0.062487,0.553244,0.037179,0.053936,0.096901,0.030163,0.039086
0.021108,0.118208,0.068830,0.069456,0.068035,0.081420,0.072775,0.016807,0.417208,0.066153
0.078877,0.113379,0.113706,0.117398,0.108818,0.153284,0.111699,0.026823,0.054059,0.121957
0.073985,0.128869,0.093866,0.111003,0.136135,0.072913,0.140342,0.096834,0.082261,0.063793
0.046824,0.103072,0.109833,0.117699,0.109950,0.138814,0.091148,0.103567,0.110932,0.068162
0.054977,0.116022,0.036240,0.128792,0.110714,0.192519,0.132082,0.127579,0.062737,0.038339
0.029831,0.057592,0.032273,0.068489,0.444872,0.097302,0.080666,0.093854,0.050267,0.044852
0.046268,0.100911,0.098944,0.087165,0.093177,0.133772,0.212388,0.091703,0.047819,0.087853
0.049292,0.130155,0.075525,0.090299,0.111142,0.216079,0.135581,0.062886,0.044227,0.084814
0.044139,0.099940,0.039337,0.117719,0.138973,0.144502,0.105306,0.119437,0.071178,0.119470
0.117213,0.107647,0.125609,0.117638,0.121815,0.062935,0.128329,0.109864,0.048410,0.060541
0.023711,0.061334,0.281060,0.053729,0.264476,0.078330,0.052189,0.075802,0.073554,0.035816
0.033706,0.124051,0.080820,0.141030,0.137748,0.171644,0.137262,0.035081,0.057327,0.081332
0.024862,0.060463,0.343560,0.079628,0.251765,0.040093,0.067741,0.017874,0.046176,0.067838
0.042929,0.108397,0.117872,0.115890,0.125187,0.054117,0.127935,0.120931,0.091264,0.095478
0.059787,0.126508,0.050036,0.097948,0.167995,0.068499,0.129553,0.082100,0.066904,0.150671
0.021600,0.050042,0.233391,0.076906,0.370337,0.031779,0.067893,0.018721,0.058319,0.071011
0.093171,0.122295,0.047023,0.079032,0.134658,0.172682,0.136185,0.121581,0.050723,0.042651
0.048160,0.106947,0.111590,0.093397,0.105593,0.150922,0.108755,0.102731,0.068499,0.103407
0.055359,0.097034,0.107279,0.098834,0.105851,0.140971,0.106218,0.094238,0.085540,0.108676
0.027860,0.128993,0.261467,0.072780,0.069290,0.090455,0.176631,0.070509,0.064791,0.037224
0.045868,0.127167,0.042199,0.083420,0.117361,0.220448,0.107954,0.150642,0.045772,0.059168
0.053642,0.082291,0.048104,0.049476,0.459128,0.100845,0.066692,0.074728,0.027585,0.037509
0.033343,0.075215,0.292428,0.067710,0.089641,0.124390,0.093562,0.089349,0.067809,0.066553
0.025837,0.090977,0.048435,0.069348,0.348797,0.098797,0.076484,0.105030,0.031969,0.104326
0.062740,0.079079,0.269915,0.066517,0.244220,0.080349,0.050407,0.072281,0.028988,0.045503
0.032278,0.103684,0.102373,0.103189,0.103251,0.140270,0.103228,0.097713,0.109563,0.104450
0.035180,0.112132,0.124017,0.109435,0.113325,0.152783,0.120345,0.117847,0.049526,0.065410
0.031250,0.077934,0.353660,0.066172,0.091637,0.134705,0.100310,0.057863,0.039933,0.046536
0.035454,0.083848,0.123018,0.110356,0.216961,0.055528,0.114760,0.116456,0.046424,0.097193
0.085574,0.174179,0.101721,0.089766,0.099806,0.111589,0.104002,0.092977,0.044347,0.096038
0.037409,0.089496,0.312421,0.074356,0.076143,0.117189,0.058739,0.096779,0.055975,0.081493
0.044519,0.096506,0.100424,0.100847,0.088998,0.126396,0.199027,0.063874,0.135238,0.044172
0.101133,0.101102,0.043660,0.084197,0.125200,0.234322,0.120493,0.073565,0.055388,0.060942
0.041230,0.081364,0.333836,0.082649,0.096262,0.097247,0.116719,0.053501,0.048459,0.048734
0.024929,0.083728,0.274012,0.086336,0.203451,0.131706,0.086480,0.042167,0.032532,0.034660
0.033111,0.090207,0.287978,0.075956,0.074885,0.110944,0.092947,0.090258,0.044147,0.099569
0.024311,0.074059,0.307242,0.077944,0.222641,0.101437,0.072112,0.017360,0.035595,0.067299
0.062366,0.062420,0.247709,0.064209,0.214971,0.093711,0.111339,0.061072,0.026101,0.056102
0.038346,0.059595,0.413514,0.080766,0.103503,0.048441,0.058166,0.109462,0.041174,0.047031
0.040996,0.100036,0.107588,0.109817,0.171932,0.143817,0.108145,0.103818,0.052419,0.061434
0.038163,0.086741,0.287271,0.084681,0.090884,0.099938,0.158272,0.049290,0.035951,0.068809
0.051789,0.092556,0.350411,0.086424,0.097668,0.047806,0.100088,0.024113,0.064810,0.084335
0.028498,0.092714,0.097505,0.096826,0.139410,0.116255,0.198121,0.057193,0.083943,0.089534
0.045757,0.118092,0.040315,0.096635,0.126178,0.176101,0.127694,0.144990,0.045446,0.078794
0.057462,0.104129,0.113519,0.105600,0.132631,0.143691,0.106501,0.103617,0.068280,0.064572
0.043033,0.108879,0.101810,0.071348,0.283740,0.045405,0.115634,0.088782,0.036674,0.104695
0.103637,0.101258,0.109287,0.103907,0.108173,0.109731,0.112613,0.104833,0.045951,0.100611
0.038708,0.087369,0.346978,0.096735,0.102795,0.045076,0.103234,0.086123,0.044064,0.048918
0.024507,0.116701,0.253221,0.072995,0.153531,0.096794,0.160448,0.065523,0.029120,0.027160
0.057863,0.102751,0.077324,0.148948,0.098534,0.064290,0.156163,0.123288,0.051684,0.119153
0.023434,0.079505,0.298447,0.085779,0.089921,0.099983,0.092868,0.086062,0.065306,0.078695
0.075204,0.163037,0.087393,0.083273,0.075033,0.112807,0.203950,0.080383,0.036372,0.082547
0.035959,0.088905,0.392795,0.080361,0.067470,0.046980,0.080907,0.073963,0.044213,0.088446
0.039711,0.130021,0.041533,0.134352,0.138861,0.062812,0.115096,0.037081,0.183331,0.117201
0.026934,0.066112,0.051655,0.066057,0.521108,0.042363,0.100368,0.024148,0.034921,0.066333
0.028105,0.117860,0.311750,0.080823,0.084820,0.123365,0.087622,0.083496,0.039580,0.042578
0.030892,0.067327,0.386673,0.075213,0.148705,0.042712,0.055695,0.110286,0.041889,0.040610
0.083077,0.119815,0.103161,0.111578,0.104082,0.140408,0.084575,0.098253,0.093714,0.061337
0.043355,0.088463,0.353800,0.081642,0.091283,0.102202,0.097273,0.022024,0.040358,0.079600
0.046658,0.114237,0.110682,0.096556,0.220026,0.048628,0.134698,0.095684,0.052856,0.079974
0.027843,0.058266,0.226266,0.070026,0.394945,0.036755,0.050374,0.041061,0.035491,0.058973
0.038590,0.071691,0.293989,0.084035,0.099957,0.116773,0.101052,0.048654,0.040674,0.104585
0.051249,0.095905,0.044837,0.136623,0.105577,0.194577,0.121079,0.063541,0.075679,0.110932
0.029438,0.063398,0.225606,0.066181,0.364649,0.090279,0.079634,0.019372,0.028279,0.033164
0.039969,0.182814,0.102695,0.085158,0.098104,0.124475,0.103692,0.090462,0.087101,0.085530
0.040713,0.112920,0.043808,0.134567,0.129308,0.133815,0.117127,0.133295,0.049384,0.105064
0.030831,0.136761,0.033737,0.110063,0.119880,0.204547,0.134955,0.054538,0.068473,0.106216
0.018372,0.072404,0.259878,0.058020,0.359526,0.041919,0.079550,0.018800,0.026202,0.065329
0.034402,0.119856,0.044169,0.115110,0.115035,0.158376,0.132986,0.107698,0.105021,0.067347
0.036290,0.078847,0.037182,0.056060,0.445168,0.043893,0.058927,0.114101,0.040904,0.088627
0.020785,0.047518,0.021566,0.054858,0.517099,0.127361,0.065445,0.076127,0.031923,0.037317
0.041870,0.092652,0.038496,0.140794,0.132803,0.207295,0.119413,0.133722,0.052854,0.040099
0.040947,0.152443,0.046479,0.126336,0.123725,0.058693,0.107263,0.162145,0.107802,0.074167
0.049280,0.094781,0.040871,0.151910,0.101932,0.230928,0.118974,0.108771,0.051041,0.051512
0.037322,0.089417,0.107047,0.102285,0.169862,0.123085,0.099697,0.094471,0.081020,0.095795
0.047823,0.185437,0.109353,0.106621,0.108484,0.107676,0.110116,0.109992,0.048257,0.066243
0.038190,0.082190,0.300239,0.084324,0.085175,0.113475,0.092082,0.083370,0.042133,0.078820
0.044634,0.148970,0.083640,0.069959,0.161751,0.106122,0.182351,0.079429,0.039624,0.083520
0.032791,0.073284,0.027834,0.073662,0.424462,0.107164,0.073187,0.020530,0.089209,0.077877
0.106397,0.106769,0.113029,0.099882,0.206290,0.122293,0.112066,0.025639,0.062901,0.044735
0.033210,0.085893,0.360016,0.080337,0.088159,0.103966,0.089342,0.021803,0.053778,0.083495
0.058693,0.106160,0.108909,0.106375,0.104782,0.140833,0.104747,0.107792,0.055761,0.105948
0.030822,0.225948,0.111654,0.111772,0.108885,0.104780,0.104553,0.026315,0.065725,0.109544
0.032285,0.099319,0.073970,0.110816,0.112023,0.188473,0.144485,0.120638,0.046242,0.071749
0.091854,0.152436,0.097761,0.093956,0.097355,0.050938,0.180057,0.098151,0.043211,0.094280
0.054600,0.109151,0.114543,0.119863,0.109216,0.111383,0.110407,0.102653,0.101775,0.066408
0.044391,0.107263,0.078200,0.087098,0.119861,0.138208,0.152685,0.126336,0.075751,0.070206
0.036508,0.127185,0.039241,0.113367,0.139386,0.143536,0.141792,0.066816,0.123835,0.068336
0.019978,0.048767,0.022330,0.082553,0.537601,0.126717,0.073386,0.037076,0.027760,0.023832
0.048852,0.169218,0.098181,0.092309,0.097673,0.126340,0.098227,0.096434,0.084429,0.088337
0.033662,0.062069,0.296468,0.074998,0.096555,0.147866,0.086918,0.098705,0.054145,0.048612
0.035108,0.062986,0.034901,0.105977,0.437277,0.040811,0.077741,0.116494,0.035392,0.053313
0.069224,0.165215,0.080032,0.079499,0.078809,0.104789,0.198712,0.069882,0.082383,0.071454
0.022073,0.088719,0.277341,0.078323,0.169405,0.114396,0.082215,0.078290,0.059915,0.029324
0.052729,0.112068,0.115308,0.115660,0.104957,0.151558,0.120803,0.026287,0.095170,0.105459
0.048635,0.097466,0.313007,0.106963,0.096820,0.116532,0.099492,0.024123,0.061738,0.035225
0.022718,0.140951,0.268015,0.083692,0.083725,0.108129,0.089694,0.078601,0.042479,0.081994
0.029193,0.180547,0.099110,0.103830,0.094509,0.111621,0.106556,0.089495,0.086164,0.098976
0.034134,0.110221,0.111908,0.111063,0.106423,0.146383,0.109556,0.067309,0.104085,0.098918
0.050845,0.177672,0.079095,0.086696,0.156568,0.091560,0.205048,0.019520,0.052996,0.080001
0.093115,0.154175,0.096682,0.096925,0.132206,0.124331,0.091885,0.082298,0.040973,0.087410
0.028321,0.082310,0.319054,0.087718,0.090120,0.120612,0.083857,0.087053,0.035891,0.065064
0.044456,0.117091,0.254726,0.088247,0.083245,0.115005,0.068565,0.083412,0.065891,0.079363
0.052766,0.043665,0.245856,0.058892,0.374540,0.028191,0.042585,0.060631,0.029938,0.062936
0.098144,0.113593,0.100310,0.092608,0.095561,0.138209,0.103109,0.094234,0.057645,0.106587
0.036847,0.065651,0.058837,0.115516,0.344214,0.048562,0.079626,0.130761,0.048932,0.071054
0.038396,0.108085,0.253697,0.091251,0.089006,0.128142,0.130167,0.023055,0.076667,0.061533
0.050461,0.110161,0.077275,0.154722,0.126964,0.173641,0.122531,0.072503,0.063202,0.048539
0.047212,0.051973,0.040613,0.048011,0.509152,0.099885,0.042677,0.064934,0.027383,0.068160
0.028855,0.054839,0.218475,0.062433,0.381109,0.028935,0.075046,0.072654,0.028627,0.049025
0.036862,0.122664,0.282806,0.070754,0.083195,0.106049,0.079868,0.074283,0.074779,0.068740
0.040935,0.090048,0.044483,0.097131,0.125421,0.216520,0.127018,0.135756,0.062006,0.060682
0.031529,0.059294,0.045572,0.064709,0.515031,0.104444,0.072560,0.041200,0.027494,0.038167
0.033688,0.060258,0.375501,0.068703,0.104922,0.041060,0.100244,0.119590,0.041250,0.054784
0.039135,0.077804,0.286648,0.080823,0.090898,0.099800,0.089719,0.077403,0.066070,0.091700
0.056972,0.107747,0.133474,0.114633,0.186931,0.055209,0.121183,0.068886,0.038106,0.116860
0.061912,0.114886,0.133321,0.123241,0.129102,0.058017,0.132175,0.075789,0.061597,0.109959
0.061741,0.114403,0.136192,0.140429,0.129672,0.077636,0.106590,0.031927,0.078359,0.123052
0.094363,0.177135,0.122224,0.131296,0.126600,0.067626,0.122484,0.029200,0.062632,0.066440
0.046431,0.108431,0.114718,0.112935,0.108702,0.125059,0.111746,0.103896,0.104076,0.064006
0.089607,0.101355,0.102192,0.105845,0.094482,0.138007,0.101324,0.095592,0.106786,0.064810
0.028300,0.078656,0.298859,0.073146,0.085748,0.114487,0.085881,0.082833,0.080490,0.071598
0.032817,0.099219,0.106011,0.111880,0.108434,0.119992,0.107625,0.103197,0.098842,0.111983
0.100303,0.091874,0.098491,0.107127,0.096231,0.112767,0.226328,0.023858,0.049714,0.093309
0.035032,0.121335,0.126282,0.124180,0.139337,0.060024,0.142710,0.126549,0.062296,0.062255
0.024648,0.068707,0.053029,0.066248,0.534797,0.036040,0.096562,0.025349,0.029182,0.065438
0.027166,0.061019,0.035476,0.072201,0.515122,0.037046,0.086613,0.085223,0.031936,0.048199
0.086532,0.087832,0.088569,0.074624,0.091372,0.113708,0.200590,0.088271,0.073371,0.095131
0.033697,0.074645,0.436808,0.073417,0.067732,0.049056,0.106107,0.040969,0.037826,0.079742
0.023736,0.088698,0.027189,0.087461,0.503042,0.098950,0.079328,0.024774,0.037975,0.028847
0.031760,0.075113,0.043034,0.065079,0.488777,0.090522,0.063475,0.074027,0.037605,0.030608
0.048852,0.092327,0.097501,0.086003,0.089077,0.124110,0.201040,0.089504,0.081359,0.090226
0.069002,0.072318,0.346229,0.095863,0.090702,0.039811,0.091439,0.084223,0.081841,0.028572
0.053497,0.103318,0.131865,0.116929,0.131612,0.066664,0.129418,0.123382,0.058650,0.084665
0.029172,0.091684,0.388631,0.083428,0.078737,0.054372,0.110203,0.030598,0.056095,0.077078
0.036258,0.107519,0.045400,0.066786,0.294353,0.047468,0.119183,0.143005,0.048293,0.091736
0.078294,0.111216,0.038462,0.097037,0.105073,0.146503,0.154476,0.120065,0.036004,0.112872
0.031951,0.147183,0.075799,0.066071,0.074540,0.101938,0.195189,0.069779,0.171199,0.066351
0.050231,0.121344,0.105909,0.098296,0.138325,0.148967,0.081739,0.098195,0.099114,0.057879
0.050383,0.083274,0.356064,0.079856,0.098196,0.048143,0.068993,0.116947,0.061542,0.036600
0.056450,0.150458,0.034305,0.095330,0.120425,0.144177,0.145868,0.125862,0.068527,0.058599
0.037099,0.116276,0.114550,0.101635,0.274194,0.049174,0.099992,0.104881,0.049855,0.052344
0.028244,0.066706,0.257586,0.063368,0.152376,0.099316,0.132086,0.069865,0.064123,0.066330
0.050653,0.094221,0.273858,0.092072,0.089693,0.136823,0.128080,0.023950,0.064745,0.045905
0.031985,0.067241,0.273894,0.070531,0.182882,0.099036,0.073120,0.075728,0.055326,0.070258
0.047983,0.117010,0.039890,0.138065,0.091602,0.198862,0.126946,0.139609,0.050023,0.050010
0.038409,0.081869,0.417651,0.088836,0.081856,0.051076,0.090640,0.021571,0.042023,0.086069
0.042712,0.085245,0.081161,0.114479,0.151711,0.059423,0.104555,0.185285,0.051903,0.123528
0.056992,0.124806,0.136953,0.121458,0.132566,0.052600,0.135378,0.127602,0.049499,0.062145
0.042207,0.105923,0.108943,0.091020,0.137804,0.140026,0.109936,0.107013,0.064865,0.092262
0.102578,0.106279,0.109452,0.099090,0.157289,0.134545,0.107612,0.024522,0.050284,0.108350
0.032575,0.091251,0.066809,0.127303,0.102903,0.139148,0.117933,0.117482,0.090776,0.113820
0.055031,0.092489,0.100142,0.091596,0.166126,0.127049,0.211921,0.022600,0.058698,0.074346
0.018922,0.135474,0.237393,0.074422,0.070477,0.101918,0.191755,0.071361,0.029239,0.069040
0.033466,0.054450,0.050384,0.074236,0.429276,0.152379,0.074627,0.045053,0.037454,0.048676
0.041473,0.082276,0.313596,0.067864,0.107880,0.144662,0.067406,0.065294,0.035938,0.073611
0.021808,0.079834,0.227535,0.069729,0.362272,0.031023,0.078425,0.069779,0.026692,0.032903
0.056293,0.108950,0.111247,0.111505,0.109721,0.143603,0.087992,0.101713,0.066671,0.102306
0.040898,0.085169,0.373450,0.079678,0.086366,0.045017,0.104119,0.088810,0.032363,0.064131
0.059592,0.104673,0.108080,0.104220,0.105061,0.123881,0.087448,0.102559,0.098616,0.105871
0.027515,0.097586,0.103038,0.098616,0.157842,0.134100,0.216540,0.023010,0.047704,0.094048
0.057249,0.125009,0.140033,0.125737,0.122408,0.059717,0.121778,0.122618,0.058782,0.066669
0.065392,0.110649,0.119471,0.118306,0.109148,0.126409,0.114469,0.026642,0.103424,0.106090
0.073494,0.082804,0.098150,0.086502,0.143006,0.117783,0.194769,0.055472,0.054725,0.093294
0.018756,0.064516,0.039948,0.056627,0.491661,0.104184,0.061864,0.068166,0.027779,0.066500
0.021032,0.125161,0.232127,0.076004,0.163012,0.095603,0.138302,0.042238,0.065205,0.041316
0.029344,0.125931,0.258925,0.063080,0.063575,0.098677,0.166467,0.064061,0.063135,0.066806
0.039290,0.091226,0.111119,0.101084,0.175766,0.141522,0.101949,0.107001,0.047282,0.083760
0.048266,0.119480,0.128585,0.095663,0.134650,0.066990,0.094725,0.136823,0.049270,0.125547
0.035065,0.109393,0.077021,0.117466,0.138450,0.142112,0.105976,0.127743,0.066569,0.080206
0.043854,0.103227,0.057791,0.181296,0.131922,0.064478,0.132399,0.070928,0.107325,0.106779
0.032098,0.069097,0.050074,0.060705,0.390383,0.147325,0.094171,0.076522,0.047993,0.031632
0.043814,0.093052,0.041233,0.150269,0.139866,0.209866,0.122247,0.065109,0.047761,0.086782
0.020856,0.066898,0.026729,0.064537,0.532257,0.130825,0.051367,0.019756,0.032727,0.054047
0.037159,0.105047,0.282761,0.074417,0.170683,0.097722,0.086547,0.047536,0.032012,0.066115
0.065309,0.128998,0.041611,0.136860,0.112480,0.191573,0.159367,0.030494,0.037447,0.095861
0.051293,0.126935,0.044086,0.099388,0.130511,0.157800,0.125660,0.103483,0.040316,0.120528
0.039006,0.138693,0.050505,0.113862,0.110110,0.151217,0.127642,0.151900,0.056464,0.060601
0.020458,0.073651,0.022746,0.046293,0.539573,0.030088,0.068085,0.095967,0.073433,0.029706
0.108883,0.131502,0.112671,0.111867,0.101393,0.110867,0.110923,0.026645,0.067182,0.118068
0.047015,0.115348,0.338785,0.079495,0.078142,0.048208,0.128288,0.079873,0.033734,0.051112
0.093463,0.092140,0.096017,0.096265,0.091323,0.121048,0.199137,0.080274,0.042261,0.088072
0.039602,0.092493,0.369866,0.079456,0.103463,0.121323,0.078186,0.031108,0.045943,0.038561
0.054012,0.098985,0.119672,0.113897,0.108838,0.128176,0.115940,0.100364,0.048588,0.111529
0.050329,0.101174,0.088085,0.124179,0.179375,0.077184,0.100270,0.086533,0.081185,0.111687
0.049775,0.083138,0.069715,0.099483,0.235780,0.059283,0.111034,0.175734,0.048920,0.067138
0.033218,0.100879,0.117247,0.114657,0.223481,0.060623,0.138080,0.107833,0.060980,0.043002
0.056070,0.125931,0.127590,0.130964,0.127908,0.140780,0.109404,0.030638,0.060645,0.090071
0.080554,0.107112,0.099071,0.092283,0.087477,0.107124,0.210116,0.087626,0.042599,0.086039
0.033620,0.088885,0.091369,0.091432,0.163200,0.122229,0.192670,0.083483,0.045928,0.087184
0.048166,0.117154,0.042440,0.123735,0.134135,0.210972,0.137942,0.073663,0.047839,0.063954
0.032259,0.134313,0.272177,0.077837,0.072008,0.076954,0.173313,0.070461,0.044410,0.046269
0.039893,0.107908,0.044908,0.095732,0.153767,0.189836,0.154217,0.073654,0.076202,0.063883
0.034114,0.054550,0.030653,0.050392,0.445485,0.133581,0.071832,0.040689,0.057584,0.081119
0.053038,0.133179,0.043190,0.090106,0.119742,0.189831,0.131991,0.077280,0.057217,0.104426
0.041412,0.112762,0.127803,0.115491,0.120351,0.055382,0.166485,0.116865,0.098503,0.044946
0.058221,0.104535,0.107389,0.091122,0.270950,0.054897,0.106070,0.025522,0.084781,0.096515
0.026470,0.059729,0.224437,0.055561,0.311850,0.082032,0.075607,0.077270,0.033149,0.053895
0.028979,0.089369,0.094765,0.081508,0.108660,0.110358,0.188687,0.087334,0.116106,0.094234
0.045571,0.068529,0.412589,0.139338,0.073747,0.049599,0.065221,0.055446,0.052223,0.037737
0.045574,0.110402,0.114002,0.119748,0.115925,0.156539,0.115406,0.106756,0.049360,0.066287
0.089945,0.106433,0.100255,0.081993,0.141466,0.123203,0.096923,0.084383,0.089575,0.085825
0.073777,0.113895,0.113612,0.117171,0.110389,0.154081,0.114377,0.027442,0.052102,0.123155
0.037374,0.049605,0.031477,0.049340,0.540641,0.034568,0.078496,0.103402,0.040759,0.034337
0.035980,0.093175,0.288354,0.077718,0.166811,0.140545,0.077969,0.047265,0.031410,0.040775
0.060092,0.098256,0.041625,0.128440,0.116622,0.141101,0.142195,0.148106,0.057018,0.066545
0.029915,0.100529,0.279049,0.079438,0.093166,0.122861,0.116618,0.087040,0.030733,0.060650
0.025655,0.053480,0.040739,0.050107,0.500502,0.110831,0.075802,0.080330,0.031790,0.030763
0.037007,0.084555,0.122957,0.102631,0.276506,0.056573,0.111624,0.109734,0.046948,0.051465
0.073509,0.116852,0.297632,0.095364,0.096117,0.143161,0.068800,0.026076,0.036209,0.046280
0.032950,0.106256,0.266143,0.071910,0.090532,0.093489,0.088979,0.085421,0.077107,0.087213
0.043614,0.156968,0.098510,0.094693,0.191510,0.095645,0.097935,0.094272,0.044853,0.082001
0.099965,0.139713,0.057238,0.150460,0.102399,0.068522,0.158553,0.063674,0.067701,0.091774
0.058862,0.138865,0.077718,0.112323,0.123354,0.060739,0.132587,0.065038,0.061056,0.169457
0.039528,0.136896,0.074034,0.132196,0.110843,0.180162,0.109092,0.109913,0.049535,0.057802
0.048554,0.103257,0.112750,0.100914,0.106752,0.150276,0.108805,0.101113,0.058524,0.109054
0.070271,0.116594,0.071950,0.061471,0.101764,0.097580,0.060822,0.016499,0.372654,0.030394
0.029411,0.091171,0.099657,0.097854,0.088164,0.126466,0.225212,0.023116,0.112933,0.106015
0.064504,0.146334,0.054882,0.120151,0.113023,0.163609,0.114829,0.121803,0.051367,0.049498
0.030745,0.083582,0.316560,0.078682,0.092729,0.117753,0.092829,0.050204,0.042855,0.094060
0.034838,0.110488,0.255087,0.075131,0.198616,0.084312,0.071492,0.068455,0.035942,0.065638
0.022685,0.079525,0.025467,0.051700,0.544203,0.105792,0.072356,0.042622,0.028365,0.027286
0.032953,0.144432,0.078373,0.114926,0.123907,0.181467,0.160163,0.061903,0.050135,0.051741
0.079687,0.119580,0.049464,0.160117,0.164849,0.075064,0.101131,0.045613,0.121913,0.082580
0.051278,0.097484,0.102317,0.102635,0.165364,0.139328,0.104839,0.091181,0.050249,0.095324
0.029031,0.063552,0.199820,0.049789,0.346066,0.100251,0.075891,0.017992,0.083951,0.033657
0.047457,0.116189,0.050864,0.099781,0.122050,0.071685,0.098456,0.193972,0.067178,0.132368
0.065309,0.117562,0.048681,0.163546,0.138449,0.058649,0.127424,0.147090,0.050907,0.082382
0.027614,0.151761,0.093142,0.097041,0.189638,0.120931,0.094361,0.082420,0.089766,0.053325
0.072162,0.082267,0.092428,0.079994,0.146240,0.130672,0.169069,0.094696,0.078930,0.053542
0.035182,0.067940,0.255561,0.073275,0.195541,0.080704,0.121688,0.040855,0.065951,0.063303
0.024388,0.049497,0.210847,0.051111,0.420711,0.080164,0.047623,0.065123,0.023084,0.027451
0.037743,0.100888,0.070616,0.112807,0.134888,0.144497,0.113450,0.134796,0.096758,0.053556
0.041090,0.094187,0.051651,0.113260,0.118651,0.195752,0.121356,0.132923,0.070420,0.060711
0.073398,0.072006,0.268612,0.077261,0.184364,0.101950,0.057396,0.076699,0.058487,0.029827
0.030137,0.101111,0.105316,0.098226,0.094628,0.096961,0.208576,0.092172,0.086392,0.086483
0.053909,0.091625,0.095781,0.079313,0.143676,0.091125,0.188662,0.084172,0.090137,0.081598
0.027981,0.054100,0.255695,0.062182,0.366166,0.035210,0.058564,0.068685,0.031790,0.039627
0.034501,0.111451,0.117364,0.108075,0.119490,0.135313,0.120935,0.109427,0.047186,0.096258
0.033490,0.125360,0.070991,0.129123,0.125971,0.129553,0.133780,0.124486,0.041987,0.085258
0.040581,0.107722,0.111498,0.103485,0.116495,0.148899,0.114711,0.098415,0.097986,0.060208
0.043176,0.104851,0.103545,0.097667,0.205586,0.144640,0.106697,0.024769,0.074076,0.094993
0.030697,0.129997,0.071358,0.119506,0.103394,0.167301,0.072846,0.119975,0.070620,0.114306
0.023677,0.072047,0.027057,0.083408,0.538178,0.033582,0.090858,0.024231,0.054496,0.052467
0.042110,0.120266,0.283781,0.083945,0.086622,0.091201,0.087506,0.085380,0.039437,0.079753
0.103756,0.106137,0.108324,0.116776,0.131497,0.110343,0.084134,0.102363,0.045361,0.091310
0.044729,0.127192,0.083724,0.115829,0.127906,0.211490,0.126468,0.034947,0.043986,0.083727
0.019765,0.139063,0.238383,0.064519,0.070257,0.102169,0.180846,0.073273,0.041792,0.069933
0.043162,0.098681,0.101407,0.099406,0.183000,0.134542,0.103366,0.096091,0.051690,0.088655
0.035015,0.105529,0.121779,0.094621,0.236097,0.055472,0.116399,0.069635,0.047853,0.117600
0.051016,0.123417,0.058020,0.112408,0.143068,0.075241,0.184575,0.044338,0.081413,0.126504
0.025789,0.055406,0.023657,0.063869,0.538860,0.028580,0.060190,0.089808,0.043539,0.070302
0.048373,0.095046,0.289739,0.092551,0.098058,0.112723,0.099081,0.056522,0.030357,0.077550
0.037014,0.101054,0.115123,0.116558,0.110947,0.059634,0.165564,0.108226,0.100468,0.085412
0.030363,0.113620,0.077502,0.113790,0.108665,0.182882,0.139610,0.029828,0.116921,0.086819
0.075274,0.157512,0.093775,0.090416,0.161319,0.130743,0.075717,0.086224,0.045480,0.083540
0.041709,0.158750,0.097737,0.106215,0.172119,0.130954,0.098796,0.100035,0.051196,0.042488
0.035438,0.106229,0.383037,0.091706,0.089522,0.040732,0.060399,0.097526,0.055004,0.040408
0.020675,0.093511,0.312451,0.078113,0.209374,0.115911,0.062411,0.018693,0.039906,0.048957
0.068712,0.109364,0.047609,0.090964,0.135225,0.154518,0.093639,0.076211,0.059145,0.164614
0.027411,0.076811,0.023648,0.044512,0.510969,0.117904,0.065851,0.072150,0.033689,0.027056
0.027400,0.069463,0.029431,0.074728,0.517995,0.107454,0.076143,0.022044,0.035731,0.039611
0.042184,0.108634,0.118783,0.089123,0.124641,0.065366,0.114913,0.120417,0.116981,0.098958
0.058018,0.111655,0.223261,0.057821,0.178810,0.067059,0.137201,0.055935,0.059666,0.050574
0.024406,0.151048,0.086144,0.079281,0.158966,0.091880,0.184670,0.079928,0.094252,0.049425
0.020635,0.060875,0.022245,0.056242,0.549820,0.096521,0.075966,0.060232,0.023656,0.033808
0.054578,0.153451,0.104445,0.097355,0.135555,0.136952,0.104273,0.087632,0.038251,0.087508
0.035636,0.055580,0.298901,0.082668,0.098680,0.143909,0.100614,0.101503,0.036234,0.046275
0.067914,0.170149,0.103020,0.093143,0.103269,0.048220,0.156561,0.101280,0.077390,0.079054
0.052828,0.179695,0.099946,0.092048,0.097748,0.132428,0.102338,0.087131,0.061189,0.094649
0.027021,0.058242,0.024780,0.082225,0.522241,0.086323,0.064643,0.066681,0.033457,0.034388
0.026997,0.070842,0.262343,0.057531,0.330294,0.035464,0.094354,0.061849,0.029813,0.030514
0.046991,0.110121,0.098828,0.105423,0.174061,0.128704,0.102248,0.089173,0.040188,0.104263
0.024344,0.056909,0.043035,0.063611,0.480705,0.108664,0.065491,0.070125,0.035919,0.051197
0.036379,0.121474,0.127556,0.106291,0.279277,0.054012,0.116513,0.028827,0.061600,0.068071
0.029852,0.086284,0.404069,0.073208,0.053618,0.044126,0.073747,0.116722,0.040258,0.078116
0.030965,0.130431,0.268789,0.070073,0.070159,0.080556,0.184743,0.070456,0.028163,0.065665
0.031876,0.088913,0.278143,0.100537,0.083987,0.111635,0.084245,0.096143,0.042581,0.081939
0.032901,0.104582,0.109053,0.111352,0.183509,0.120157,0.186298,0.024912,0.050563,0.076673
0.029128,0.064370,0.378568,0.046024,0.186243,0.041981,0.071504,0.064532,0.041733,0.075916
0.044492,0.086455,0.055677,0.102753,0.109226,0.063943,0.119688,0.181292,0.059440,0.177033
0.045204,0.105911,0.110059,0.094260,0.166061,0.122547,0.111025,0.096102,0.056564,0.092267
0.036840,0.163958,0.094056,0.094739,0.177353,0.119141,0.094828,0.088472,0.048047,0.082565
0.070870,0.106410,0.125060,0.120624,0.134102,0.066491,0.123435,0.122340,0.047169,0.083501
0.028325,0.083967,0.278176,0.082164,0.220766,0.122396,0.085950,0.021219,0.031800,0.045238
0.057442,0.132830,0.050866,0.091220,0.146092,0.152336,0.114946,0.070966,0.059863,0.123439
0.054034,0.105119,0.106822,0.091160,0.098430,0.141062,0.105784,0.106971,0.092889,0.097728
0.021742,0.089045,0.351902,0.093294,0.079426,0.133508,0.136933,0.021654,0.039955,0.032541
0.030250,0.069509,0.324855,0.075971,0.188582,0.082853,0.085115,0.019726,0.076615,0.046525
0.072782,0.116062,0.103879,0.103419,0.136206,0.133647,0.104888,0.094534,0.048872,0.085710
0.039429,0.064283,0.212792,0.073390,0.315443,0.103645,0.058691,0.071947,0.023912,0.036467
0.064870,0.085016,0.367952,0.076174,0.078607,0.042661,0.098977,0.081999,0.029358,0.074387
0.070821,0.092223,0.104914,0.092720,0.168374,0.108375,0.108610,0.098802,0.058177,0.096983
0.028754,0.065164,0.244105,0.077331,0.226137,0.083141,0.069881,0.070529,0.067015,0.067944
0.054770,0.127155,0.045485,0.103800,0.102210,0.226625,0.116493,0.129356,0.053068,0.041038
0.035085,0.080112,0.301331,0.085148,0.089201,0.110872,0.099457,0.092182,0.036216,0.070395
0.036918,0.113356,0.125515,0.128768,0.132129,0.069465,0.137268,0.128505,0.064473,0.063602
0.055292,0.095207,0.096383,0.099752,0.096446,0.119326,0.207695,0.086668,0.042240,0.100992
0.081559,0.080936,0.283730,0.084386,0.090430,0.116528,0.091672,0.084354,0.041754,0.044652
0.019164,0.053138,0.219260,0.070658,0.417509,0.026869,0.043141,0.060198,0.023966,0.066097
0.101628,0.102371,0.104655,0.102978,0.110298,0.140290,0.108171,0.099801,0.044429,0.085379
0.027128,0.109598,0.094187,0.107717,0.313360,0.050980,0.128191,0.094662,0.040221,0.033956
0.050270,0.093602,0.112471,0.102948,0.107155,0.141089,0.103766,0.094388,0.088864,0.105445
0.045460,0.109235,0.112628,0.102460,0.111561,0.144220,0.112944,0.097253,0.054622,0.109617
0.018749,0.049458,0.195713,0.046564,0.405728,0.100879,0.067042,0.059195,0.028908,0.027762
0.068133,0.133894,0.050093,0.142182,0.143691,0.069769,0.104056,0.083741,0.139317,0.065124
0.045446,0.138327,0.120448,0.089664,0.127706,0.064422,0.126740,0.110789,0.063325,0.113133
0.022512,0.075964,0.275396,0.071286,0.185746,0.106358,0.077249,0.081039,0.031022,0.073428
0.038846,0.120928,0.299146,0.089995,0.080566,0.084883,0.081926,0.080452,0.033337,0.089920
0.032247,0.099017,0.073224,0.111411,0.128534,0.132389,0.111044,0.119407,0.103169,0.089559
0.048324,0.094729,0.275220,0.080093,0.087736,0.115789,0.079272,0.046441,0.082676,0.089720
0.024529,0.060609,0.025702,0.095049,0.508996,0.084311,0.050989,0.090550,0.032453,0.026814
0.055853,0.144751,0.058291,0.164016,0.167706,0.067822,0.150219,0.044997,0.050190,0.096155
0.052476,0.070345,0.022175,0.064499,0.485692,0.130071,0.050716,0.019949,0.031770,0.072307
0.046677,0.105154,0.110697,0.105455,0.174545,0.123051,0.087010,0.101807,0.046706,0.098899
0.031070,0.079185,0.261286,0.068655,0.177840,0.090599,0.118223,0.068151,0.052617,0.052373
0.024675,0.058922,0.266397,0.070745,0.257287,0.088313,0.083143,0.041540,0.031521,0.077457
0.034683,0.100575,0.328407,0.087898,0.089458,0.109455,0.093519,0.076535,0.036063,0.043408
0.039324,0.097614,0.106550,0.098156,0.174116,0.132875,0.105988,0.093124,0.052717,0.099535
0.045954,0.137674,0.138100,0.117902,0.125624,0.052837,0.090161,0.108187,0.063111,0.120448
0.048840,0.113093,0.123253,0.114044,0.122601,0.131707,0.121449,0.112572,0.041969,0.070472
0.108842,0.099187,0.114544,0.096998,0.099037,0.122710,0.109861,0.026114,0.119718,0.102988
0.027001,0.085112,0.344489,0.081619,0.104340,0.053276,0.113564,0.025584,0.073386,0.091629
0.103009,0.144308,0.117864,0.107210,0.106586,0.061682,0.109090,0.101727,0.042347,0.106177
0.040809,0.094973,0.067787,0.111486,0.124896,0.147161,0.127323,0.070882,0.093695,0.120988
0.051758,0.218459,0.105035,0.099623,0.101661,0.134790,0.111409,0.024886,0.049068,0.103310
0.016117,0.084608,0.184340,0.041282,0.334008,0.083798,0.113435,0.061277,0.037433,0.043702
0.037315,0.074208,0.279399,0.091897,0.082467,0.098952,0.153508,0.082742,0.033491,0.066022
0.060577,0.101369,0.049758,0.156358,0.119471,0.182366,0.084134,0.068614,0.057099,0.120253
0.097088,0.111670,0.113680,0.117791,0.115716,0.150069,0.094579,0.105994,0.044908,0.048505
0.057101,0.095064,0.046283,0.077380,0.133215,0.229198,0.134700,0.064836,0.049120,0.113105
0.025172,0.058373,0.215742,0.046365,0.412860,0.029317,0.064577,0.077729,0.045070,0.024796
0.063246,0.063430,0.226235,0.068295,0.200071,0.067158,0.122464,0.067917,0.059960,0.061224
0.024990,0.069939,0.027082,0.057892,0.475612,0.135282,0.069269,0.083309,0.027219,0.029406
0.033217,0.062214,0.027798,0.066308,0.487966,0.082523,0.052764,0.073651,0.029885,0.083673
0.058844,0.096105,0.047945,0.106020,0.137974,0.207448,0.134964,0.066514,0.051438,0.092746
0.051153,0.106890,0.113092,0.107234,0.100115,0.152631,0.103675,0.025862,0.123835,0.115514
0.028996,0.070726,0.365553,0.101345,0.093228,0.042627,0.098858,0.094667,0.047658,0.056341
0.030479,0.095786,0.098719,0.098288,0.101975,0.142900,0.182338,0.091813,0.064447,0.093256
0.049458,0.114111,0.081352,0.127728,0.159209,0.067821,0.128568,0.117006,0.076913,0.077833
0.074199,0.139917,0.221313,0.072503,0.072436,0.100109,0.161224,0.044759,0.083149,0.030391
0.037097,0.091027,0.046259,0.109349,0.097384,0.216322,0.101725,0.143875,0.072934,0.084027
0.044900,0.098047,0.102638,0.095195,0.099158,0.123197,0.216115,0.096405,0.041220,0.083125
0.024010,0.061438,0.044348,0.075912,0.446368,0.089240,0.072100,0.075616,0.040267,0.070700
0.050566,0.096150,0.045217,0.079715,0.118279,0.161503,0.125601,0.131560,0.060950,0.130459
0.104640,0.121188,0.092942,0.153747,0.140655,0.063467,0.105416,0.044733,0.085717,0.087495
0.047981,0.096425,0.097724,0.104908,0.101600,0.113094,0.235346,0.024951,0.076955,0.101017
0.032803,0.142516,0.111838,0.110091,0.169507,0.112147,0.114337,0.098809,0.046315,0.061638
0.051902,0.093079,0.041622,0.137861,0.104499,0.179957,0.109100,0.141813,0.085321,0.054848
0.069979,0.101556,0.108500,0.101558,0.163325,0.136633,0.108973,0.099657,0.052377,0.057441
0.091309,0.115861,0.043421,0.144094,0.128370,0.180207,0.132675,0.031777,0.079571,0.052716
0.049073,0.134927,0.251624,0.060470,0.071304,0.093722,0.181228,0.066303,0.063840,0.027509
0.023354,0.078514,0.276502,0.076701,0.194934,0.105583,0.084345,0.075692,0.041768,0.042606
0.043087,0.136828,0.078816,0.120995,0.122742,0.059399,0.115209,0.173963,0.062826,0.086136
0.036991,0.146164,0.091867,0.092399,0.150194,0.130713,0.096414,0.087209,0.089060,0.078990
0.029633,0.089832,0.320041,0.095362,0.095618,0.047052,0.091087,0.023662,0.107192,0.100519
0.100159,0.183191,0.098085,0.095691,0.089362,0.125944,0.099990,0.023171,0.076928,0.107480
0.025859,0.084249,0.267672,0.073131,0.095325,0.120370,0.094478,0.088563,0.063237,0.087115
0.027167,0.065757,0.244565,0.079369,0.227783,0.096649,0.053137,0.072232,0.069433,0.063907
0.041892,0.088036,0.107148,0.094029,0.172601,0.132473,0.103380,0.094857,0.057329,0.108255
0.021256,0.058595,0.189304,0.061480,0.371219,0.097745,0.054757,0.065438,0.026738,0.053469
0.025702,0.089342,0.270945,0.079350,0.087540,0.102183,0.138167,0.053357,0.077613,0.075802
0.032478,0.090473,0.382966,0.086722,0.094586,0.044074,0.090402,0.049261,0.037324,0.091714
0.049077,0.121463,0.129086,0.150560,0.137564,0.057185,0.129775,0.073835,0.058862,0.092593
0.050598,0.132531,0.055146,0.116237,0.151281,0.064780,0.120451,0.059136,0.078387,0.171453
0.025364,0.078622,0.282631,0.084220,0.089350,0.138899,0.118709,0.065489,0.060499,0.056217
0.027545,0.077918,0.055032,0.111019,0.415904,0.045643,0.080049,0.106319,0.049304,0.031266
0.055476,0.123650,0.143811,0.135484,0.147610,0.082834,0.147944,0.035030,0.076368,0.051794
0.034524,0.109993,0.318364,0.093368,0.097772,0.143834,0.094866,0.026549,0.034617,0.046113
0.017623,0.058049,0.238496,0.055696,0.366383,0.030934,0.067695,0.043226,0.057661,0.064237
0.032796,0.079157,0.260508,0.080736,0.083519,0.113506,0.155570,0.084103,0.033698,0.076407
0.036230,0.096933,0.038286,0.084947,0.106799,0.212769,0.124127,0.125385,0.048736,0.125787
0.040643,0.082870,0.316934,0.091147,0.094148,0.104585,0.096159,0.051588,0.087607,0.034317
0.054180,0.106457,0.111371,0.103776,0.117034,0.126069,0.115188,0.102641,0.046021,0.117264
0.066611,0.104802,0.359541,0.085400,0.084045,0.045571,0.055261,0.086712,0.034254,0.077801
0.021849,0.085038,0.343676,0.077910,0.087035,0.122243,0.088308,0.021017,0.071894,0.081029
0.029617,0.095885,0.101566,0.100979,0.094291,0.127349,0.220901,0.094142,0.052244,0.083026
0.044424,0.124172,0.047427,0.112011,0.136793,0.173450,0.137713,0.035272,0.057320,0.131418
0.045933,0.086419,0.038377,0.125485,0.106955,0.169341,0.104352,0.028244,0.201406,0.093488
0.051140,0.107349,0.123066,0.116884,0.125835,0.127141,0.130367,0.116555,0.053363,0.048300
0.017452,0.068554,0.326759,0.082291,0.244108,0.032218,0.063392,0.017982,0.113555,0.033688
0.047440,0.108694,0.110127,0.106552,0.174242,0.138596,0.153962,0.066451,0.049174,0.044763
0.033808,0.080409,0.405191,0.098778,0.080908,0.044225,0.090155,0.030556,0.042102,0.093868
0.020470,0.068214,0.275387,0.069620,0.179510,0.084633,0.131253,0.073789,0.034321,0.062803
0.053502,0.056056,0.341181,0.069505,0.205051,0.040824,0.088399,0.067576,0.036040,0.041866
0.053832,0.133661,0.042923,0.150826,0.124542,0.063613,0.132916,0.149267,0.052994,0.095425
0.032681,0.100775,0.028224,0.061202,0.473281,0.083645,0.097862,0.021416,0.033901,0.067012
0.024831,0.096416,0.296937,0.086066,0.096872,0.110025,0.110140,0.094867,0.032472,0.051373
0.033818,0.089915,0.299956,0.076731,0.095732,0.111133,0.103511,0.088720,0.050285,0.050197
0.037265,0.138138,0.048145,0.113127,0.103182,0.145569,0.132488,0.151893,0.046853,0.083342
0.048043,0.176324,0.106172,0.106386,0.098437,0.129139,0.103790,0.094588,0.049780,0.087338
0.021561,0.147647,0.083026,0.073859,0.188347,0.087798,0.206181,0.072881,0.038515,0.080185
0.040998,0.107689,0.046453,0.153659,0.153323,0.061840,0.136893,0.162971,0.058659,0.077514
0.052502,0.157320,0.083007,0.086407,0.083424,0.113344,0.178826,0.076868,0.113450,0.054853
0.055040,0.109489,0.117373,0.115650,0.114877,0.124144,0.110653,0.109850,0.045024,0.097900
0.053135,0.143200,0.107688,0.114026,0.105954,0.057335,0.195741,0.062925,0.061547,0.098450
0.030734,0.096508,0.185312,0.060315,0.153490,0.060080,0.066614,0.015209,0.276113,0.055625
0.046917,0.118058,0.122518,0.122395,0.247272,0.058581,0.116568,0.071833,0.049033,0.046825
0.019237,0.053524,0.231521,0.056738,0.366494,0.076464,0.057596,0.074000,0.025922,0.038507
0.022721,0.054360,0.020538,0.042624,0.549781,0.100669,0.053227,0.071687,0.036632,0.047761
0.075316,0.169785,0.099486,0.095859,0.093221,0.133708,0.097170,0.093980,0.046185,0.095290
0.094180,0.166222,0.096269,0.082128,0.093834,0.107716,0.099786,0.091161,0.080066,0.088639
0.037988,0.095537,0.070161,0.109884,0.105965,0.209882,0.109769,0.131449,0.047480,0.081885
0.026548,0.073017,0.301677,0.103846,0.080169,0.100990,0.091046,0.099098,0.033601,0.090009
0.066718,0.076967,0.320802,0.077715,0.081595,0.111815,0.086489,0.099333,0.033112,0.045454
0.050045,0.085248,0.212896,0.052674,0.139513,0.077769,0.058191,0.013625,0.254583,0.055457
0.043983,0.127989,0.070747,0.100722,0.103369,0.143544,0.115791,0.123863,0.093513,0.076479
0.087053,0.115644,0.074264,0.104951,0.125646,0.150984,0.139462,0.032542,0.050100,0.119354
0.065073,0.068760,0.058990,0.075066,0.332023,0.049712,0.089755,0.117106,0.051269,0.092246
0.052831,0.116651,0.104142,0.098247,0.151343,0.129126,0.150458,0.091053,0.048940,0.057210
0.084318,0.116799,0.117741,0.112206,0.117431,0.130578,0.119681,0.028397,0.088164,0.084686
0.022228,0.073402,0.249400,0.077784,0.201684,0.109906,0.129301,0.074227,0.031994,0.030074
0.039342,0.074299,0.297991,0.082992,0.091849,0.122060,0.140560,0.048287,0.040465,0.062154
0.018123,0.051109,0.214725,0.053271,0.386101,0.080158,0.041355,0.062446,0.050162,0.042550
0.070397,0.072017,0.265818,0.078508,0.066546,0.097669,0.074651,0.017774,0.228355,0.028266
0.034293,0.081934,0.379640,0.099673,0.109855,0.042006,0.116799,0.029581,0.052130,0.054090
0.043332,0.094808,0.046097,0.145327,0.137000,0.168650,0.128569,0.130559,0.054045,0.051614
0.084490,0.106003,0.113391,0.103783,0.110499,0.155616,0.114071,0.066087,0.048648,0.097413
0.043160,0.142632,0.142054,0.139902,0.151991,0.079377,0.142294,0.034723,0.052820,0.071047
0.082494,0.125276,0.045957,0.130926,0.143282,0.070912,0.157510,0.041169,0.139708,0.062767
0.045333,0.081582,0.056584,0.113818,0.105922,0.067597,0.157438,0.173125,0.060655,0.137947
0.027328,0.064756,0.255687,0.068135,0.265116,0.084435,0.077995,0.067295,0.031842,0.057411
0.056554,0.126695,0.050267,0.153917,0.119982,0.155194,0.087326,0.123097,0.070745,0.056224
0.045192,0.108787,0.126212,0.107799,0.125840,0.057173,0.130583,0.123828,0.046695,0.127889
0.074140,0.142183,0.077090,0.070200,0.142257,0.089275,0.174753,0.070228,0.097272,0.062601
0.100590,0.172997,0.102440,0.089116,0.103417,0.102498,0.108661,0.102137,0.059265,0.058878
0.048685,0.099819,0.356166,0.081879,0.107570,0.048392,0.112456,0.026775,0.083354,0.034903
0.068838,0.146086,0.097188,0.095026,0.180384,0.106182,0.093677,0.081730,0.039638,0.091250
0.056401,0.105919,0.105165,0.112793,0.198769,0.117723,0.105690,0.025181,0.058579,0.113782
0.055959,0.094421,0.039006,0.118775,0.136827,0.144632,0.107525,0.062381,0.110680,0.129792
0.049634,0.099656,0.105080,0.088360,0.167861,0.101686,0.102933,0.096755,0.098673,0.089361
0.032163,0.074063,0.301935,0.084908,0.080808,0.146068,0.114332,0.099663,0.033626,0.032436
0.042011,0.084373,0.282116,0.085965,0.081782,0.112733,0.090564,0.079428,0.067467,0.073563
0.058692,0.137345,0.043815,0.122519,0.130315,0.220169,0.094374,0.080617,0.055724,0.056431
0.046364,0.159681,0.053190,0.172032,0.187216,0.068635,0.135094,0.048220,0.074758,0.054812
0.035434,0.080883,0.269072,0.088884,0.086770,0.112952,0.085205,0.075914,0.076065,0.088822
0.046602,0.060994,0.069256,0.073846,0.367103,0.053859,0.078577,0.149867,0.054744,0.045152
0.030808,0.149807,0.291847,0.074746,0.064989,0.104231,0.157455,0.018898,0.033352,0.073866
0.102265,0.122906,0.109107,0.109484,0.112890,0.060513,0.113509,0.108656,0.055323,0.105347
0.042747,0.092718,0.133328,0.114666,0.250830,0.061843,0.132689,0.067762,0.059043,0.044374
0.020325,0.132390,0.250731,0.071686,0.069295,0.085151,0.175349,0.066889,0.060003,0.068181
0.033581,0.058250,0.043271,0.068803,0.467083,0.087241,0.084424,0.089621,0.034220,0.033506
0.040070,0.106559,0.045016,0.119042,0.149338,0.188074,0.116767,0.072840,0.084494,0.077799
